[1, 9, 23, 3, 14, 4][12, 8, 19, 0, 26][24, 20, 7, 28, 25][15, 10, 27, 2, 29][5, 21, 6, 16][17, 22, 18][6, 13, 18][12, 22][11, 17][3, 11][11, 25][7, 27] 
[12, 8, 19, 0, 26][4, 14, 3, 23, 9][24, 20, 7, 28, 25][15, 10, 27, 2, 29][5, 21, 6, 16][17, 22, 18][6, 13, 18][1, 3, 11][12, 22][11, 17][4, 24][7, 27] 
[4, 14, 3, 23, 9][24, 20, 7, 28, 25][15, 10, 27, 2, 29][8, 19, 0, 26][5, 21, 6, 16][0, 22, 12][17, 22, 18][6, 13, 18][1, 3, 11][11, 17][4, 24][7, 27] 
[24, 20, 7, 28, 25][4, 14, 3, 23, 9][15, 10, 27, 2, 29][12, 8, 19, 0, 26][5, 21, 6, 16][1, 3, 11][17, 22, 18][6, 13, 18][4, 24][7, 27][11, 17][0, 22] 
[1, 9, 23, 3, 14, 4][15, 10, 27, 2, 29][24, 20, 7, 28, 25][12, 8, 19, 0, 26][5, 21, 6, 16][1, 3, 11][17, 22, 18][6, 13, 18][7, 27][11, 25][11, 17][0, 22] 
[12, 8, 19, 0, 26][4, 14, 3, 23, 9][24, 20, 7, 28, 25][15, 10, 27, 2, 29][5, 21, 6, 16][6, 13, 18][17, 22, 18][1, 3, 11][12, 22][11, 17][4, 24][7, 27] 
[4, 14, 3, 23, 9][24, 20, 7, 28, 25][15, 10, 27, 2, 29][5, 21, 6, 16][8, 19, 0, 26][17, 22, 18][6, 13, 18][0, 22, 12][1, 3, 11][11, 17][4, 24][7, 27] 
[4, 14, 3, 23, 9][24, 20, 7, 28, 25][12, 8, 19, 0, 26][15, 10, 27, 2, 29][5, 21, 6, 16][17, 22, 18][1, 3, 11][6, 13, 18][11, 17][11, 25][12, 22][7, 27] 
[4, 14, 3, 23, 9][12, 8, 19, 0, 26][24, 20, 7, 28, 25][15, 10, 27, 2, 29][5, 21, 6, 16][17, 22, 18][6, 13, 18][1, 3, 11][11, 17][12, 22][4, 24][7, 27] 
[12, 8, 19, 0, 26][4, 14, 3, 23, 9][24, 20, 7, 28, 25][15, 10, 27, 2, 29][5, 21, 6, 16][17, 22, 18][6, 13, 18][1, 3, 11][12, 22][11, 17][4, 24][7, 27] 
[1, 9, 23, 3, 14, 4][12, 8, 19, 0, 26][24, 20, 7, 28, 25][15, 10, 27, 2, 29][5, 21, 6, 16][6, 13, 18][17, 22, 18][12, 22][11, 17][3, 11][11, 25][7, 27] 
[12, 8, 19, 0, 26][4, 14, 3, 23, 9][24, 20, 7, 28, 25][15, 10, 27, 2, 29][5, 21, 6, 16][17, 22, 18][6, 13, 18][1, 3, 11][12, 22][11, 17][4, 24][7, 27] 
[4, 14, 3, 23, 9][24, 20, 7, 28, 25][15, 10, 27, 2, 29][5, 21, 6, 16][8, 19, 0, 26][6, 13, 18][17, 22, 18][0, 22, 12][1, 3, 11][11, 17][4, 24][7, 27] 
[4, 14, 3, 23, 9][12, 8, 19, 0, 26][24, 20, 7, 28, 25][15, 10, 27, 2, 29][5, 21, 6, 16][17, 22, 18][1, 3, 11][6, 13, 18][11, 17][12, 22][11, 25][7, 27] 
[24, 20, 7, 28, 25][15, 10, 27, 2, 29][4, 14, 3, 23, 9][12, 8, 19, 0, 26][5, 21, 6, 16][1, 3, 11][17, 22, 18][6, 13, 18][7, 27][4, 24][11, 17][12, 22] 
[1, 9, 23, 3, 14, 4][12, 8, 19, 0, 26][24, 20, 7, 28, 25][15, 10, 27, 2, 29][5, 21, 6, 16][1, 3, 11][17, 22, 18][6, 13, 18][11, 17][0, 22][11, 25][7, 27] 
[1, 9, 23, 3, 14, 4][24, 20, 7, 28, 25][15, 10, 27, 2, 29][12, 8, 19, 0, 26][5, 21, 6, 16][17, 22, 18][6, 13, 18][3, 11][11, 25][7, 27][11, 17][12, 22] 
[24, 20, 7, 28, 25][4, 14, 3, 23, 9][12, 8, 19, 0, 26][15, 10, 27, 2, 29][5, 21, 6, 16][1, 3, 11][17, 22, 18][6, 13, 18][4, 24][11, 17][12, 22][7, 27] 
[24, 20, 7, 28, 25][4, 14, 3, 23, 9][12, 8, 19, 0, 26][15, 10, 27, 2, 29][5, 21, 6, 16][1, 3, 11][17, 22, 18][6, 13, 18][11, 25][12, 22][7, 27][11, 17] 
[1, 9, 23, 3, 14, 4][12, 8, 19, 0, 26][24, 20, 7, 28, 25][15, 10, 27, 2, 29][5, 21, 6, 16][6, 13, 18][17, 22, 18][12, 22][11, 17][11, 25][3, 11][7, 27] 
[1, 9, 23, 3, 14, 4][12, 8, 19, 0, 26][24, 20, 7, 28, 25][15, 10, 27, 2, 29][5, 21, 6, 16][17, 22, 18][6, 13, 18][12, 22][11, 17][3, 11][11, 25][7, 27] 
[4, 14, 3, 23, 9][12, 8, 19, 0, 26][24, 20, 7, 28, 25][15, 10, 27, 2, 29][5, 21, 6, 16][1, 3, 11][17, 22, 18][6, 13, 18][11, 17][12, 22][4, 24][7, 27] 
[4, 14, 3, 23, 9][24, 20, 7, 28, 25][15, 10, 27, 2, 29][5, 21, 6, 16][8, 19, 0, 26][6, 13, 18][17, 22, 18][0, 22, 12][1, 3, 11][11, 17][4, 24][7, 27] 
[1, 9, 23, 3, 14, 4][15, 10, 27, 2, 29][24, 20, 7, 28, 25][12, 8, 19, 0, 26][5, 21, 6, 16][1, 3, 11][17, 22, 18][6, 13, 18][7, 27][11, 25][11, 17][0, 22] 
[12, 8, 19, 0, 26][4, 14, 3, 23, 9][24, 20, 7, 28, 25][15, 10, 27, 2, 29][5, 21, 6, 16][6, 13, 18][17, 22, 18][1, 3, 11][12, 22][11, 17][4, 24][7, 27] 
[1, 9, 23, 3, 14, 4][12, 8, 19, 0, 26][24, 20, 7, 28, 25][15, 10, 27, 2, 29][5, 21, 6, 16][1, 3, 11][17, 22, 18][6, 13, 18][11, 17][0, 22][11, 25][7, 27] 
[1, 9, 23, 3, 14, 4][12, 8, 19, 0, 26][24, 20, 7, 28, 25][15, 10, 27, 2, 29][5, 21, 6, 16][17, 22, 18][6, 13, 18][12, 22][11, 17][11, 25][7, 27][3, 11] 
[4, 14, 3, 23, 9][24, 20, 7, 28, 25][15, 10, 27, 2, 29][12, 8, 19, 0, 26][5, 21, 6, 16][6, 13, 18][17, 22, 18][1, 3, 11][11, 17][4, 24][7, 27][12, 22] 
[24, 20, 7, 28, 25][4, 14, 3, 23, 9][12, 8, 19, 0, 26][15, 10, 27, 2, 29][5, 21, 6, 16][1, 3, 11][17, 22, 18][6, 13, 18][11, 25][12, 22][7, 27][11, 17] 
[1, 9, 23, 3, 14, 4][24, 20, 7, 28, 25][15, 10, 27, 2, 29][12, 8, 19, 0, 26][5, 21, 6, 16][4, 3, 11][17, 22, 18][6, 13, 18][7, 27][11, 25][11, 17][12, 22] 
[1, 9, 23, 3, 14, 4][24, 20, 7, 28, 25][15, 10, 27, 2, 29][12, 8, 19, 0, 26][5, 21, 6, 16][17, 22, 18][6, 13, 18][7, 27][11, 25][3, 11][11, 17][12, 22] 
[4, 14, 3, 23, 9][24, 20, 7, 28, 25][15, 10, 27, 2, 29][12, 8, 19, 0, 26][5, 21, 6, 16][6, 13, 18][17, 22, 18][1, 3, 11][11, 17][4, 24][7, 27][12, 22] 
[12, 8, 19, 0, 26][4, 14, 3, 23, 9][24, 20, 7, 28, 25][15, 10, 27, 2, 29][5, 21, 6, 16][6, 13, 18][17, 22, 18][1, 3, 11][12, 22][11, 17][11, 25][7, 27] 
[1, 9, 23, 3, 14, 4][15, 10, 27, 2, 29][24, 20, 7, 28, 25][12, 8, 19, 0, 26][5, 21, 6, 16][17, 22, 18][6, 13, 18][7, 27][11, 25][3, 11][11, 17][12, 22] 
[1, 9, 23, 3, 14, 4][12, 8, 19, 0, 26][24, 20, 7, 28, 25][15, 10, 27, 2, 29][5, 21, 6, 16][17, 22, 18][6, 13, 18][12, 22][11, 17][3, 11][11, 25][7, 27] 
[17, 28, 7, 25, 0, 22, 12, 18, 13, 6, 5, 21][9, 14, 23, 1, 3, 11, 25, 7, 24, 4, 20][8, 26, 0, 13, 6, 10, 15, 29, 2, 16, 27][0, 26, 8][3, 11][17, 28][8, 19][4, 24][3, 11][3, 11][6, 13][7, 24] 
[17, 28, 7, 25, 0, 22, 12, 18, 13, 6, 5, 21][9, 14, 23, 1, 3, 11, 25, 7, 24, 4, 20][26, 0, 13, 6, 10, 15, 29, 2, 16, 27][4, 24][0, 19][3, 11][7, 28][6, 13][3, 11][3, 11][8, 19][3, 11] 
[17, 28, 7, 25, 0, 22, 12, 18, 13, 6, 5, 21][9, 14, 23, 1, 3, 11, 25, 7, 24, 4, 20][26, 0, 13, 6, 10, 15, 29, 2, 16, 27][8, 19][6, 13][10, 15][3, 11][4, 24][6, 13][10, 15][3, 11][8, 26] 
[9, 14, 23, 1, 3, 11, 25, 7, 24, 4, 20][21, 5, 6, 13, 18, 12, 22, 0, 25, 7, 28][6, 10, 15, 29, 2, 16, 27][0, 26, 8][17, 28][8, 19][3, 11][3, 11][3, 11][3, 11][7, 24][3, 11] 
[17, 28, 7, 25, 0, 22, 12, 18, 13, 6, 5, 21][9, 14, 23, 1, 3, 11, 25, 7, 24, 4, 20][6, 10, 15, 29, 2, 16, 27][19, 0, 26][3, 11][8, 19][10, 15][7, 24][10, 15][3, 11][10, 15][6, 13] 
[9, 14, 23, 1, 3, 11, 25, 7, 24, 4, 20][2, 29, 15, 10, 6, 13, 0, 26][17, 28, 7, 25, 0, 22, 12, 18][5, 21, 6, 16][0, 19, 8][0, 22][0, 22][3, 11][7, 27][7, 28][10, 15][3, 11] 
[17, 28, 7, 25, 0, 22, 12, 18, 13, 6, 5, 21][9, 14, 23, 1, 3, 11, 25, 7, 24, 4, 20][8, 26, 0, 13, 6, 10, 15, 29, 2, 16, 27][0, 26, 8][3, 11][17, 28][8, 19][4, 24][3, 11][3, 11][6, 13][7, 24] 
[17, 28, 7, 25, 0, 22, 12, 18, 13, 6, 5, 21][9, 14, 23, 1, 3, 11, 25, 7, 24, 4, 20][26, 0, 13, 6, 10, 15, 29, 2, 16, 27][6, 13, 18, 12, 22, 0, 25, 7, 28][0, 19, 8][8, 19][4, 20][4, 24][17, 28][7, 28][4, 24][3, 11] 
[17, 28, 7, 25, 0, 22, 12, 18, 13, 6, 5, 21][9, 14, 23, 1, 3, 11, 25, 7, 24, 4, 20][17, 28, 7, 25, 0, 22, 12, 18][6, 10, 15, 29, 2, 16, 27][0, 26, 8][3, 11][0, 26][8, 26][8, 19][7, 24][4, 24][4, 24] 
[17, 28, 7, 25, 0, 22, 12, 18, 13, 6, 5, 21][9, 14, 23, 1, 3, 11, 25, 7, 24, 4, 20][26, 0, 13, 6, 10, 15, 29, 2, 16, 27][6, 13, 18, 12, 22, 0, 25, 7, 28][0, 19, 8][8, 19][4, 20][4, 24][17, 28][7, 28][4, 24][3, 11] 
[17, 28, 7, 25, 0, 22, 12, 18, 13, 6, 5, 21][9, 14, 23, 1, 3, 11, 25, 7, 24, 4, 20][26, 0, 13, 6, 10, 15, 29, 2, 16, 27][0, 19, 8][6, 13][4, 24][10, 15][7, 28][6, 13][6, 13][3, 11][3, 11] 
[17, 28, 7, 25, 0, 22, 12, 18, 13, 6, 5, 21][9, 14, 23, 1, 3, 11, 25, 7, 24, 4, 20][16, 2, 29, 15, 10, 6, 13, 0, 26][12, 8, 19][7, 28][7, 27][3, 11][10, 15][10, 15][6, 13][12, 22][3, 11] 
[17, 28, 7, 25, 0, 22, 12, 18, 13, 6, 5, 21][9, 14, 23, 1, 3, 11, 25, 7, 24, 4, 20][6, 10, 15, 29, 2, 16, 27][20, 4, 24, 7, 25][4, 24][0, 19][0, 26][8, 19][3, 11][3, 11][10, 15][17, 28] 
[17, 28, 7, 25, 0, 22, 12, 18, 13, 6, 5, 21][9, 14, 23, 1, 3, 11, 25, 7, 24, 4, 20][26, 0, 13, 6, 10, 15, 29, 2, 16, 27][10, 15][8, 19][6, 13][10, 15][4, 24][10, 15][4, 24][3, 11][0, 19] 
[17, 28, 7, 25, 0, 22, 12, 18, 13, 6, 5, 21][9, 14, 23, 1, 3, 11, 25, 7, 24, 4, 20][26, 0, 13, 6, 10, 15, 29, 2, 16, 27][0, 19, 8][6, 13][4, 24][10, 15][7, 28][6, 13][6, 13][3, 11][3, 11] 
[17, 28, 7, 25, 0, 22, 12, 18, 13, 6, 5, 21][8, 26, 0, 13, 6, 10, 15, 29, 2, 16, 27][9, 14, 23, 1, 3, 11, 25, 7, 24, 4, 20][17, 28, 7, 25, 0, 22][8, 19, 0, 26][10, 15][6, 13][10, 15][6, 13][3, 11][12, 22][6, 13] 
[17, 28, 7, 25, 0, 22, 12, 18, 13, 6, 5, 21][9, 14, 23, 1, 3, 11, 25, 7, 24, 4, 20][26, 0, 13, 6, 10, 15, 29, 2, 16, 27][3, 11][8, 19][8, 26][3, 11][10, 15][10, 15][10, 15][3, 11][7, 28] 
[17, 28, 7, 25, 0, 22, 12, 18, 13, 6, 5, 21][26, 0, 13, 6, 10, 15, 29, 2, 16, 27][4, 24, 7, 25, 11, 3, 1, 23, 14, 9][12, 8, 19][10, 15][7, 20][7, 28][10, 15][3, 11][3, 11][7, 28][6, 13] 
[17, 28, 7, 25, 0, 22, 12, 18, 13, 6, 5, 21][9, 14, 23, 1, 3, 11, 25, 7, 24, 4, 20][26, 0, 13, 6, 10, 15, 29, 2, 16, 27][8, 19][6, 13][10, 15][3, 11][4, 24][6, 13][10, 15][3, 11][8, 26] 
[17, 28, 7, 25, 0, 22, 12, 18, 13, 6, 5, 21][26, 0, 13, 6, 10, 15, 29, 2, 16, 27][4, 24, 7, 25, 11, 3, 1, 23, 14, 9][0, 19, 8][10, 15][4, 20][6, 13][6, 13][6, 13][3, 11][10, 15][3, 11] 
[17, 28, 7, 25, 0, 22, 12, 18, 13, 6, 5, 21][26, 0, 13, 6, 10, 15, 29, 2, 16, 27][4, 24, 7, 25, 11, 3, 1, 23, 14, 9][12, 8, 19][10, 15][7, 20][7, 28][10, 15][3, 11][3, 11][7, 28][6, 13] 
[24, 20, 7, 28, 25][4, 14, 3, 23, 9][15, 10, 27, 2, 29][5, 21, 6, 16][8, 19, 0, 26][1, 3, 11][17, 22, 18][6, 13, 18][12, 0, 22][11, 25][11, 17][7, 27] 
[15, 10, 27, 2, 29][24, 20, 7, 28, 25][4, 14, 3, 23, 9][8, 19, 0, 26][5, 21, 6, 16][1, 3, 11][17, 22, 18][12, 0, 22][6, 13, 18][7, 27][11, 25][11, 17] 
[15, 10, 27, 2, 29][24, 20, 7, 28, 25][4, 14, 3, 23, 9][5, 21, 6, 16][8, 19, 0, 26][1, 3, 11][17, 22, 18][6, 13, 18][12, 0, 22][7, 27][11, 25][11, 17] 
[4, 14, 3, 23, 9][24, 20, 7, 28, 25][15, 10, 27, 2, 29][12, 8, 19, 0, 26][5, 21, 6, 16][6, 13, 18][17, 22, 18][1, 3, 11][0, 22, 12][11, 17][11, 25][7, 27] 
[15, 10, 27, 2, 29][24, 20, 7, 28, 25][4, 14, 3, 23, 9][5, 21, 6, 16][8, 19, 0, 26][1, 3, 11][17, 22, 18][6, 13, 18][12, 0, 22][7, 27][11, 25][11, 17] 
[4, 14, 3, 23, 9][24, 20, 7, 28, 25][15, 10, 27, 2, 29][5, 21, 6, 16][8, 19, 0, 26][17, 22, 18][12, 0, 22][6, 13, 18][1, 3, 11][11, 17][11, 25][7, 27] 
[15, 10, 27, 2, 29][24, 20, 7, 28, 25][4, 14, 3, 23, 9][5, 21, 6, 16][8, 19, 0, 26][1, 3, 11][17, 22, 18][12, 0, 22][6, 13, 18][7, 27][11, 25][11, 17] 
[15, 10, 27, 2, 29][24, 20, 7, 28, 25][4, 14, 3, 23, 9][8, 19, 0, 26][5, 21, 6, 16][1, 3, 11][17, 22, 18][12, 0, 22][6, 13, 18][7, 27][11, 25][11, 17] 
[4, 14, 3, 23, 9][24, 20, 7, 28, 25][15, 10, 27, 2, 29][5, 21, 6, 16][8, 19, 0, 26][1, 3, 11][17, 22, 18][6, 13, 18][12, 0, 22][11, 17][11, 25][7, 27] 
[4, 14, 3, 23, 9][24, 20, 7, 28, 25][15, 10, 27, 2, 29][8, 19, 0, 26][5, 21, 6, 16][12, 0, 22][17, 22, 18][6, 13, 18][1, 3, 11][11, 17][11, 25][7, 27] 
[4, 14, 3, 23, 9][24, 20, 7, 28, 25][15, 10, 27, 2, 29][5, 21, 6, 16][8, 19, 0, 26][1, 3, 11][17, 22, 18][6, 13, 18][12, 0, 22][11, 17][11, 25][7, 27] 
[4, 14, 3, 23, 9][24, 20, 7, 28, 25][15, 10, 27, 2, 29][12, 8, 19, 0, 26][5, 21, 6, 16][6, 13, 18][17, 22, 18][1, 3, 11][0, 22, 12][11, 17][11, 25][7, 27] 
[4, 14, 3, 23, 9][24, 20, 7, 28, 25][15, 10, 27, 2, 29][5, 21, 6, 16][8, 19, 0, 26][1, 3, 11][17, 22, 18][6, 13, 18][12, 0, 22][11, 25][7, 27][11, 17] 
[15, 10, 27, 2, 29][24, 20, 7, 28, 25][4, 14, 3, 23, 9][5, 21, 6, 16][8, 19, 0, 26][1, 3, 11][17, 22, 18][6, 13, 18][12, 0, 22][7, 27][11, 25][11, 17] 
[15, 10, 27, 2, 29][24, 20, 7, 28, 25][4, 14, 3, 23, 9][5, 21, 6, 16][8, 19, 0, 26][1, 3, 11][17, 22, 18][6, 13, 18][12, 0, 22][7, 27][11, 25][11, 17] 
[1, 9, 23, 3, 14, 4][24, 20, 7, 28, 25][15, 10, 27, 2, 29][12, 8, 19, 0, 26][5, 21, 6, 16][17, 22, 18][6, 13, 18][3, 11][11, 25][11, 17][7, 27][12, 22] 
[1, 9, 23, 3, 14, 4][12, 8, 19, 0, 26][24, 20, 7, 28, 25][15, 10, 27, 2, 29][5, 21, 6, 16][17, 22, 18][6, 13, 18][12, 22][11, 17][11, 25][3, 11][7, 27] 
[1, 9, 23, 3, 14, 4][12, 8, 19, 0, 26][24, 20, 7, 28, 25][15, 10, 27, 2, 29][5, 21, 6, 16][17, 22, 18][6, 13, 18][12, 22][11, 17][11, 25][3, 11][7, 27] 
[1, 9, 23, 3, 14, 4][24, 20, 7, 28, 25][15, 10, 27, 2, 29][12, 8, 19, 0, 26][5, 21, 6, 16][17, 22, 18][6, 13, 18][3, 11][11, 25][7, 27][11, 17][12, 22] 
[1, 9, 23, 3, 14, 4][24, 20, 7, 28, 25][12, 8, 19, 0, 26][15, 10, 27, 2, 29][5, 21, 6, 16][17, 22, 18][6, 13, 18][11, 17][11, 25][12, 22][7, 27][3, 11] 
[1, 9, 23, 3, 14, 4][12, 8, 19, 0, 26][24, 20, 7, 28, 25][15, 10, 27, 2, 29][5, 21, 6, 16][6, 13, 18][17, 22, 18][12, 22][11, 17][3, 11][11, 25][7, 27] 
[24, 20, 7, 28, 25][4, 14, 3, 23, 9][15, 10, 27, 2, 29][5, 21, 6, 16][8, 19, 0, 26][1, 3, 11][17, 22, 18][6, 13, 18][12, 0, 22][11, 25][11, 17][7, 27] 
[4, 14, 3, 23, 9][24, 20, 7, 28, 25][15, 10, 27, 2, 29][8, 19, 0, 26][5, 21, 6, 16][12, 0, 22][17, 22, 18][6, 13, 18][1, 3, 11][11, 17][11, 25][7, 27] 
[4, 14, 3, 23, 9][24, 20, 7, 28, 25][15, 10, 27, 2, 29][5, 21, 6, 16][8, 19, 0, 26][1, 3, 11][17, 22, 18][6, 13, 18][12, 0, 22][11, 25][7, 27][11, 17] 
[15, 10, 27, 2, 29][24, 20, 7, 28, 25][4, 14, 3, 23, 9][5, 21, 6, 16][8, 19, 0, 26][1, 3, 11][17, 22, 18][12, 0, 22][6, 13, 18][7, 27][11, 25][11, 17] 
[4, 14, 3, 23, 9][24, 20, 7, 28, 25][15, 10, 27, 2, 29][8, 19, 0, 26][5, 21, 6, 16][1, 3, 11][17, 22, 18][12, 0, 22][6, 13, 18][11, 17][11, 25][7, 27] 
[1, 9, 23, 3, 14, 4][24, 20, 7, 28, 25][15, 10, 27, 2, 29][12, 8, 19, 0, 26][5, 21, 6, 16][17, 22, 18][6, 13, 18][11, 25][3, 11][11, 17][7, 27][12, 22] 
[4, 14, 3, 23, 9][24, 20, 7, 28, 25][15, 10, 27, 2, 29][8, 19, 0, 26][5, 21, 6, 16][1, 3, 11][17, 22, 18][12, 0, 22][6, 13, 18][11, 17][11, 25][7, 27] 
[1, 9, 23, 3, 14, 4][15, 10, 27, 2, 29][24, 20, 7, 28, 25][12, 8, 19, 0, 26][5, 21, 6, 16][17, 22, 18][6, 13, 18][7, 27][11, 25][11, 17][3, 11][12, 22] 
[1, 9, 23, 3, 14, 4][12, 8, 19, 0, 26][24, 20, 7, 28, 25][15, 10, 27, 2, 29][5, 21, 6, 16][17, 22, 18][6, 13, 18][12, 22][11, 17][11, 25][7, 27][3, 11] 
[1, 9, 23, 3, 14, 4][24, 20, 7, 28, 25][15, 10, 27, 2, 29][12, 8, 19, 0, 26][5, 21, 6, 16][17, 22, 18][6, 13, 18][11, 25][7, 27][3, 11][11, 17][12, 22] 
[1, 9, 23, 3, 14, 4][12, 8, 19, 0, 26][24, 20, 7, 28, 25][15, 10, 27, 2, 29][5, 21, 6, 16][17, 22, 18][6, 13, 18][3, 11][11, 17][12, 22][11, 25][7, 27] 
[1, 9, 23, 3, 14, 4][12, 8, 19, 0, 26][24, 20, 7, 28, 25][15, 10, 27, 2, 29][5, 21, 6, 16][6, 13, 18][17, 22, 18][11, 17][12, 22][3, 11][11, 25][7, 27] 
[1, 9, 23, 3, 14, 4][12, 8, 19, 0, 26][24, 20, 7, 28, 25][15, 10, 27, 2, 29][5, 21, 6, 16][6, 13, 18][17, 22, 18][11, 17][12, 22][3, 11][11, 25][7, 27] 
[1, 9, 23, 3, 14, 4][24, 20, 7, 28, 25][12, 8, 19, 0, 26][15, 10, 27, 2, 29][5, 21, 6, 16][17, 22, 18][6, 13, 18][3, 11][11, 17][11, 25][12, 22][7, 27] 
[1, 9, 23, 3, 14, 4][12, 8, 19, 0, 26][24, 20, 7, 28, 25][15, 10, 27, 2, 29][5, 21, 6, 16][17, 22, 18][6, 13, 18][12, 22][11, 17][3, 11][11, 25][7, 27] 
[1, 9, 23, 3, 14, 4][12, 8, 19, 0, 26][24, 20, 7, 28, 25][15, 10, 27, 2, 29][5, 21, 6, 16][17, 22, 18][6, 13, 18][12, 22][11, 17][3, 11][11, 25][7, 27] 
[1, 9, 23, 3, 14, 4][15, 10, 27, 2, 29][24, 20, 7, 28, 25][12, 8, 19, 0, 26][5, 21, 6, 16][17, 22, 18][6, 13, 18][7, 27][11, 25][11, 17][3, 11][12, 22] 
[1, 9, 23, 3, 14, 4][24, 20, 7, 28, 25][12, 8, 19, 0, 26][15, 10, 27, 2, 29][5, 21, 6, 16][17, 22, 18][6, 13, 18][3, 11][11, 25][11, 17][12, 22][7, 27] 
[1, 9, 23, 3, 14, 4][24, 20, 7, 28, 25][12, 8, 19, 0, 26][15, 10, 27, 2, 29][5, 21, 6, 16][17, 22, 18][6, 13, 18][11, 25][3, 11][11, 17][12, 22][7, 27] 
[1, 9, 23, 3, 14, 4][24, 20, 7, 28, 25][12, 8, 19, 0, 26][15, 10, 27, 2, 29][5, 21, 6, 16][6, 13, 18][17, 22, 18][11, 17][11, 25][12, 22][7, 27][3, 11] 
[1, 9, 23, 3, 14, 4][24, 20, 7, 28, 25][12, 8, 19, 0, 26][15, 10, 27, 2, 29][5, 21, 6, 16][17, 22, 18][6, 13, 18][3, 11][11, 17][11, 25][12, 22][7, 27] 
[1, 9, 23, 3, 14, 4][24, 20, 7, 28, 25][15, 10, 27, 2, 29][12, 8, 19, 0, 26][5, 21, 6, 16][4, 3, 11][17, 22, 18][6, 13, 18][7, 27][11, 25][11, 17][12, 22] 
[1, 9, 23, 3, 14, 4][24, 20, 7, 28, 25][12, 8, 19, 0, 26][15, 10, 27, 2, 29][5, 21, 6, 16][17, 11, 25][17, 22, 18][6, 13, 18][3, 11][4, 14][12, 22][7, 27] 
[1, 9, 23, 3, 14, 4][24, 20, 7, 28, 25][15, 10, 27, 2, 29][12, 8, 19, 0, 26][5, 21, 6, 16][17, 11, 25][17, 22, 18][6, 13, 18][7, 28][7, 27][12, 22][3, 11] 
[1, 9, 23, 3, 14, 4][24, 20, 7, 28, 25][15, 10, 27, 2, 29][12, 8, 19, 0, 26][5, 21, 6, 16][6, 13, 18][17, 22, 18][17, 11, 25][3, 11][7, 27][12, 22][7, 28] 
[1, 9, 23, 3, 14, 4][24, 20, 7, 28, 25][15, 10, 27, 2, 29][12, 8, 19, 0, 26][5, 21, 6, 16][17, 11, 25][17, 22, 18][6, 13, 18][7, 28][7, 27][12, 22][3, 11] 
[1, 9, 23, 3, 14, 4][24, 20, 7, 28, 25][15, 10, 27, 2, 29][12, 8, 19, 0, 26][5, 21, 6, 16][6, 13, 18][17, 22, 18][17, 11, 25][3, 11][7, 27][12, 22][7, 28] 
[1, 9, 23, 3, 14, 4][24, 20, 7, 28, 25][12, 8, 19, 0, 26][15, 10, 27, 2, 29][5, 21, 6, 16][17, 11, 25][17, 22, 18][6, 13, 18][3, 11][4, 14][12, 22][7, 27] 
[1, 9, 23, 3, 14, 4][24, 20, 7, 28, 25][12, 8, 19, 0, 26][15, 10, 27, 2, 29][5, 21, 6, 16][17, 22, 18][6, 13, 18][0, 22, 12][11, 25][3, 11][11, 17][7, 27] 
[12, 8, 19, 0, 26][4, 14, 3, 23, 9][24, 20, 7, 28, 25][15, 10, 27, 2, 29][5, 21, 6, 16][6, 13, 18][17, 22, 18][1, 3, 11][12, 22][11, 17][11, 25][7, 27] 
[12, 8, 19, 0, 26][4, 14, 3, 23, 9][24, 20, 7, 28, 25][15, 10, 27, 2, 29][5, 21, 6, 16][6, 13, 18][17, 22, 18][1, 3, 11][12, 22][11, 17][11, 25][7, 27] 
[12, 8, 19, 0, 26][4, 14, 3, 23, 9][24, 20, 7, 28, 25][15, 10, 27, 2, 29][5, 21, 6, 16][6, 13, 18][17, 22, 18][1, 3, 11][12, 22][11, 17][11, 25][7, 27] 
[12, 8, 19, 0, 26][4, 14, 3, 23, 9][24, 20, 7, 28, 25][15, 10, 27, 2, 29][5, 21, 6, 16][17, 22, 18][6, 13, 18][1, 3, 11][12, 22][11, 17][11, 25][7, 27] 
[1, 9, 23, 3, 14, 4][24, 20, 7, 28, 25][15, 10, 27, 2, 29][12, 8, 19, 0, 26][5, 21, 6, 16][17, 22, 18][6, 13, 18][3, 11][11, 25][7, 27][11, 17][12, 22] 
[4, 14, 3, 23, 9][24, 20, 7, 28, 25][15, 10, 27, 2, 29][8, 19, 0, 26][5, 21, 6, 16][12, 0, 22][17, 22, 18][6, 13, 18][1, 3, 11][11, 17][11, 25][7, 27] 
