[5, 21, 15, 27, 7][11, 14, 9, 1, 23][22, 19, 12, 8, 26][6, 15, 10, 29][13, 18, 0, 17][2, 16, 28, 25][3, 4, 24, 20][6, 13][2, 29][11, 25][0, 22][3, 23] 
[5, 21, 15, 27, 7][22, 19, 12, 8, 26][11, 14, 9, 1, 23][13, 18, 0, 17][6, 15, 10, 29][2, 16, 28, 25][3, 4, 24, 20][6, 13][2, 29][0, 22][11, 25][3, 23] 
[5, 21, 15, 27, 7][11, 14, 9, 1, 23][22, 19, 12, 8, 26][6, 15, 10, 29][2, 16, 28, 25][3, 4, 24, 20][13, 18, 0, 17][2, 29][11, 25][1, 3][6, 13][0, 22] 
[5, 21, 15, 27, 7][11, 14, 9, 1, 23][22, 19, 12, 8, 26][6, 15, 10, 29][2, 16, 28, 25][13, 18, 0, 17][3, 4, 24, 20][2, 29][11, 25][6, 13][0, 22][1, 3] 
[5, 21, 15, 27, 7][22, 19, 12, 8, 26][11, 14, 9, 1, 23][13, 18, 0, 17][6, 15, 10, 29][2, 16, 28, 25][3, 4, 24, 20][6, 13][0, 22][2, 29][11, 25][3, 9] 
[5, 21, 15, 27, 7][11, 14, 9, 1, 23][22, 19, 12, 8, 26][6, 15, 10, 29][13, 18, 0, 17][2, 16, 28, 25][3, 4, 24, 20][6, 13][2, 29][11, 25][0, 22][3, 9] 
[11, 14, 9, 1, 23][5, 21, 15, 27, 7][22, 19, 12, 8, 26][3, 4, 24, 20][2, 16, 28, 25][6, 15, 10, 29][13, 18, 0, 17][3, 9][11, 25][2, 29][6, 13][0, 22] 
[22, 19, 12, 8, 26][5, 21, 15, 27, 7][11, 14, 9, 1, 23][13, 18, 0, 17][6, 15, 10, 29][2, 16, 28, 25][3, 4, 24, 20][0, 22][6, 13][2, 29][11, 25][3, 9] 
[22, 19, 12, 8, 26][5, 21, 15, 27, 7][11, 14, 9, 1, 23][13, 18, 0, 17][6, 15, 10, 29][2, 16, 28, 25][3, 4, 24, 20][0, 22][6, 13][2, 29][11, 25][3, 9] 
[5, 21, 15, 27, 7][22, 19, 12, 8, 26][11, 14, 9, 1, 23][6, 15, 10, 29][2, 16, 28, 25][13, 18, 0, 17][3, 4, 24, 20][2, 29][6, 13][0, 22][11, 25][3, 9] 
[11, 14, 9, 1, 23][5, 21, 15, 27, 7][22, 19, 12, 8, 26][2, 16, 28, 25][6, 15, 10, 29][13, 18, 0, 17][3, 4, 24, 20][11, 25][2, 29][6, 13][3, 23][0, 22] 
[5, 21, 15, 27, 7][11, 14, 9, 1, 23][22, 19, 12, 8, 26][2, 16, 28, 25][6, 15, 10, 29][3, 4, 24, 20][13, 18, 0, 17][2, 29][11, 25][3, 23][6, 13][0, 22] 
[11, 14, 9, 1, 23][5, 21, 15, 27, 7][22, 19, 12, 8, 26][3, 4, 24, 20][2, 16, 28, 25][6, 15, 10, 29][13, 18, 0, 17][1, 3][11, 25][2, 29][6, 13][0, 22] 
[5, 21, 15, 27, 7][22, 19, 12, 8, 26][11, 14, 9, 1, 23][13, 18, 0, 17][6, 15, 10, 29][2, 16, 28, 25][3, 4, 24, 20][6, 13][0, 22][2, 29][11, 25][3, 9] 
[5, 21, 15, 27, 7][22, 19, 12, 8, 26][11, 14, 9, 1, 23][13, 18, 0, 17][6, 15, 10, 29][2, 16, 28, 25][3, 4, 24, 20][6, 13][0, 22][2, 29][11, 25][3, 9] 
[5, 21, 15, 27, 7][22, 19, 12, 8, 26][11, 14, 9, 1, 23][6, 15, 10, 29][2, 16, 28, 25][13, 18, 0, 17][3, 4, 24, 20][2, 29][6, 13][0, 22][11, 25][3, 9] 
[22, 19, 12, 8, 26][5, 21, 15, 27, 7][11, 14, 9, 1, 23][13, 18, 0, 17][6, 15, 10, 29][2, 16, 28, 25][3, 4, 24, 20][0, 22][6, 13][2, 29][11, 25][3, 23] 
[5, 21, 15, 27, 7][11, 14, 9, 1, 23][22, 19, 12, 8, 26][2, 16, 28, 25][6, 15, 10, 29][3, 4, 24, 20][13, 18, 0, 17][2, 29][11, 25][3, 23][6, 13][0, 22] 
[5, 21, 15, 27, 7][22, 19, 12, 8, 26][11, 14, 9, 1, 23][6, 15, 10, 29][2, 16, 28, 25][13, 18, 0, 17][3, 4, 24, 20][2, 29][6, 13][0, 22][11, 25][3, 9] 
[11, 14, 9, 1, 23][5, 21, 15, 27, 7][22, 19, 12, 8, 26][2, 16, 28, 25][6, 15, 10, 29][3, 4, 24, 20][13, 18, 0, 17][11, 25][2, 29][3, 23][6, 13][0, 22] 
[11, 14, 9, 1, 23][5, 21, 15, 27, 7][22, 19, 12, 8, 26][2, 16, 28, 25][6, 15, 10, 29][13, 18, 0, 17][3, 4, 24, 20][11, 25][2, 29][6, 13][3, 23][0, 22] 
[11, 14, 9, 1, 23][5, 21, 15, 27, 7][22, 19, 12, 8, 26][3, 4, 24, 20][2, 16, 28, 25][6, 15, 10, 29][13, 18, 0, 17][3, 23][11, 25][2, 29][6, 13][0, 22] 
[5, 21, 15, 27, 7][22, 19, 12, 8, 26][11, 14, 9, 1, 23][2, 16, 28, 25][6, 15, 10, 29][13, 18, 0, 17][3, 4, 24, 20][2, 29][6, 13][0, 22][11, 25][1, 3] 
[5, 21, 15, 27, 7][11, 14, 9, 1, 23][22, 19, 12, 8, 26][6, 15, 10, 29][13, 18, 0, 17][2, 16, 28, 25][3, 4, 24, 20][6, 13][2, 29][11, 25][0, 22][3, 9] 
[22, 19, 12, 8, 26][5, 21, 15, 27, 7][11, 14, 9, 1, 23][13, 18, 0, 17][6, 15, 10, 29][2, 16, 28, 25][3, 4, 24, 20][0, 22][6, 13][2, 29][11, 25][3, 9] 
[5, 21, 15, 27, 7][22, 19, 12, 8, 26][11, 14, 9, 1, 23][6, 15, 10, 29][2, 16, 28, 25][13, 18, 0, 17][3, 4, 24, 20][2, 29][6, 13][0, 22][11, 25][3, 9] 
[5, 21, 15, 27, 7][22, 19, 12, 8, 26][11, 14, 9, 1, 23][6, 15, 10, 29][2, 16, 28, 25][13, 18, 0, 17][3, 4, 24, 20][2, 29][6, 13][0, 22][11, 25][3, 23] 
[11, 14, 9, 1, 23][5, 21, 15, 27, 7][22, 19, 12, 8, 26][3, 4, 24, 20][2, 16, 28, 25][6, 15, 10, 29][13, 18, 0, 17][3, 23][11, 25][2, 29][6, 13][0, 22] 
[22, 19, 12, 8, 26][5, 21, 15, 27, 7][11, 14, 9, 1, 23][13, 18, 0, 17][6, 15, 10, 29][2, 16, 28, 25][3, 4, 24, 20][0, 22][6, 13][2, 29][11, 25][3, 9] 
[22, 19, 12, 8, 26][5, 21, 15, 27, 7][11, 14, 9, 1, 23][13, 18, 0, 17][6, 15, 10, 29][2, 16, 28, 25][3, 4, 24, 20][0, 22][6, 13][2, 29][11, 25][3, 23] 
[5, 21, 15, 27, 7][22, 19, 12, 8, 26][11, 14, 9, 1, 23][6, 15, 10, 29][2, 16, 28, 25][13, 18, 0, 17][3, 4, 24, 20][2, 29][6, 13][0, 22][11, 25][3, 23] 
[11, 14, 9, 1, 23][5, 21, 15, 27, 7][22, 19, 12, 8, 26][2, 16, 28, 25][6, 15, 10, 29][3, 4, 24, 20][13, 18, 0, 17][11, 25][2, 29][3, 23][6, 13][0, 22] 
[5, 21, 15, 27, 7][22, 19, 12, 8, 26][11, 14, 9, 1, 23][6, 15, 10, 29][13, 18, 0, 17][2, 16, 28, 25][3, 4, 24, 20][6, 13][0, 22][2, 29][11, 25][3, 9] 
[11, 14, 9, 1, 23][5, 21, 15, 27, 7][22, 19, 12, 8, 26][2, 16, 28, 25][3, 4, 24, 20][6, 15, 10, 29][13, 18, 0, 17][11, 25][3, 23][2, 29][6, 13][0, 22] 
[22, 19, 12, 8, 26][5, 21, 15, 27, 7][11, 14, 9, 1, 23][13, 18, 0, 17][6, 15, 10, 29][2, 16, 28, 25][3, 4, 24, 20][0, 22][6, 13][2, 29][11, 25][3, 23] 
[1, 4, 24, 20, 7, 28, 25, 22, 18, 12, 0, 17, 19, 8, 26][15, 5, 21, 2, 29, 10, 27, 16, 6, 13, 18][11, 14, 9, 1, 23][5, 21][3, 23][6, 13][5, 21][6, 13][6, 13][6, 13][2, 29][6, 13] 
[1, 4, 24, 20, 7, 28, 25, 22, 18, 12, 0, 17, 19, 8, 26][15, 5, 21, 2, 29, 10, 27, 16, 6, 13, 18][11, 14, 9, 1, 23][17, 19][6, 13][3, 23][4, 24][17, 19][4, 24][0, 17][2, 29][5, 21] 
[1, 4, 24, 20, 7, 28, 25, 22, 18, 12, 0, 17, 19, 8, 26][15, 5, 21, 2, 29, 10, 27, 16, 6, 13, 18][11, 14, 9, 1, 23][17, 19][6, 13][3, 23][4, 24][17, 19][4, 24][0, 17][2, 29][5, 21] 
[1, 4, 24, 20, 7, 28, 25, 22, 18, 12, 0, 17, 19, 8, 26][13, 6, 16, 27, 10, 29, 2, 21, 5, 15][3, 23, 1, 9, 14, 11][0, 17][5, 21][25, 28][25, 28][25, 28][13, 18][25, 28][25, 28][25, 28] 
[1, 4, 24, 20, 7, 28, 25, 22, 18, 12, 0, 17, 19, 8, 26][13, 6, 16, 27, 10, 29, 2, 21, 5, 15][3, 23, 1, 9, 14, 11][13, 18][4, 24][4, 24][4, 24][0, 17][2, 29][0, 17][4, 24][0, 17] 
[1, 4, 24, 20, 7, 28, 25, 22, 18, 12, 0, 17, 19, 8, 26][13, 6, 16, 27, 10, 29, 2, 21, 5, 15][11, 14, 9, 1, 23][5, 21][13, 18][4, 24][0, 17][0, 17][3, 23][4, 24][0, 17][0, 17] 
[1, 4, 24, 20, 7, 28, 25, 22, 18, 12, 0, 17, 19, 8, 26][15, 5, 21, 2, 29, 10, 27, 16, 6, 13, 18][11, 14, 9, 1, 23][6, 13][3, 23][5, 21][25, 28][25, 28][25, 28][25, 28][5, 21][6, 13] 
[1, 4, 24, 20, 7, 28, 25, 22, 18, 12, 0, 17, 19, 8, 26][15, 5, 21, 2, 29, 10, 27, 16, 6, 13, 18][11, 14, 9, 1, 23][25, 28][3, 23][25, 28][6, 13][6, 13][6, 13][6, 13][25, 28][6, 13] 
[1, 4, 24, 20, 7, 28, 25, 22, 18, 12, 0, 17, 19, 8, 26][13, 6, 16, 27, 10, 29, 2, 21, 5, 15][3, 23, 1, 9, 14, 11][25, 28][13, 18][4, 24][5, 21][0, 17][25, 28][0, 17][0, 17][4, 24] 
[1, 4, 24, 20, 7, 28, 25, 22, 18, 12, 0, 17, 19, 8, 26][15, 5, 21, 2, 29, 10, 27, 16, 6, 13, 18][11, 14, 9, 1, 23][4, 24][3, 23][2, 29][5, 21][5, 21][6, 13][5, 21][6, 13][2, 29] 
[1, 4, 24, 20, 7, 28, 25, 22, 18, 12, 0, 17, 19, 8, 26][15, 5, 21, 2, 29, 10, 27, 16, 6, 13, 18][11, 14, 9, 1, 23][3, 23][6, 13][6, 13][6, 13][4, 24][6, 13][5, 21][25, 28][4, 24] 
[1, 4, 24, 20, 7, 28, 25, 22, 18, 12, 0, 17, 19, 8, 26][15, 5, 21, 2, 29, 10, 27, 16, 6, 13, 18][11, 14, 9, 1, 23][5, 21][5, 21][3, 23][25, 28][6, 13][6, 13][6, 13][4, 24][25, 28] 
[1, 4, 24, 20, 7, 28, 25, 22, 18, 12, 0, 17, 19, 8, 26][13, 6, 16, 27, 10, 29, 2, 21, 5, 15][3, 23, 1, 9, 14, 11][25, 28][13, 18][4, 24][5, 21][0, 17][25, 28][0, 17][0, 17][4, 24] 
[1, 4, 24, 20, 7, 28, 25, 22, 18, 12, 0, 17, 19, 8, 26][15, 5, 21, 2, 29, 10, 27, 16, 6, 13, 18][11, 14, 9, 1, 23][25, 28][3, 23][25, 28][6, 13][6, 13][6, 13][6, 13][25, 28][6, 13] 
[1, 4, 24, 20, 7, 28, 25, 22, 18, 12, 0, 17, 19, 8, 26][15, 5, 21, 2, 29, 10, 27, 16, 6, 13, 18][11, 14, 9, 1, 23][3, 23][6, 13][6, 13][6, 13][4, 24][6, 13][5, 21][25, 28][4, 24] 
[1, 4, 24, 20, 7, 28, 25, 22, 18, 12, 0, 17, 19, 8, 26][15, 5, 21, 2, 29, 10, 27, 16, 6, 13, 18][3, 23, 1, 9, 14, 11][5, 21][25, 28][1, 9][2, 29][4, 24][25, 28][4, 24][2, 29][5, 21] 
[1, 4, 24, 20, 7, 28, 25, 22, 18, 12, 0, 17, 19, 8, 26][15, 5, 21, 2, 29, 10, 27, 16, 6, 13, 18][3, 23, 1, 9, 14, 11][1, 9][6, 13][4, 24][2, 29][4, 24][2, 29][5, 21][6, 13][4, 24] 
[1, 4, 24, 20, 7, 28, 25, 22, 18, 12, 0, 17, 19, 8, 26][13, 6, 16, 27, 10, 29, 2, 21, 5, 15][3, 23, 1, 9, 14, 11][13, 18][4, 24][4, 24][4, 24][0, 17][2, 29][0, 17][4, 24][0, 17] 
[1, 4, 24, 20, 7, 28, 25, 22, 18, 12, 0, 17, 19, 8, 26][15, 5, 21, 2, 29, 10, 27, 16, 6, 13, 18][3, 23, 1, 9, 14, 11][6, 13][2, 29][4, 24][4, 24][5, 21][1, 9][4, 24][2, 29][5, 21] 
[1, 4, 24, 20, 7, 28, 25, 22, 18, 12, 0, 17, 19, 8, 26][15, 5, 21, 2, 29, 10, 27, 16, 6, 13, 18][3, 23, 1, 9, 14, 11][6, 13][5, 21][6, 13][2, 29][5, 21][5, 21][1, 23][6, 13][6, 13] 
[1, 4, 24, 20, 7, 28, 25, 22, 18, 12, 0, 17, 19, 8, 26][15, 5, 21, 2, 29, 10, 27, 16, 6, 13, 18][3, 23, 1, 9, 14, 11][5, 21][5, 21][6, 13][5, 21][2, 29][2, 29][4, 24][4, 24][2, 29] 
[11, 14, 9, 1, 23][5, 21, 15, 27, 7][22, 19, 12, 8, 26][3, 4, 24, 20][2, 16, 28, 25][6, 15, 10, 29][13, 18, 0, 17][3, 9][11, 25][2, 29][6, 13][0, 22] 
[5, 21, 15, 27, 7][22, 19, 12, 8, 26][11, 14, 9, 1, 23][6, 15, 10, 29][13, 18, 0, 17][2, 16, 28, 25][3, 4, 24, 20][6, 13][0, 22][2, 29][11, 25][3, 9] 
[5, 21, 15, 27, 7][11, 14, 9, 1, 23][22, 19, 12, 8, 26][6, 15, 10, 29][2, 16, 28, 25][3, 4, 24, 20][13, 18, 0, 17][2, 29][11, 25][3, 9][6, 13][0, 22] 
[11, 14, 9, 1, 23][5, 21, 15, 27, 7][22, 19, 12, 8, 26][2, 16, 28, 25][3, 4, 24, 20][6, 15, 10, 29][13, 18, 0, 17][11, 25][3, 9][2, 29][6, 13][0, 22] 
[5, 21, 15, 27, 7][11, 14, 9, 1, 23][22, 19, 12, 8, 26][6, 15, 10, 29][2, 16, 28, 25][13, 18, 0, 17][3, 4, 24, 20][2, 29][11, 25][6, 13][3, 9][0, 22] 
[5, 21, 15, 27, 7][22, 19, 12, 8, 26][11, 14, 9, 1, 23][2, 16, 28, 25][6, 15, 10, 29][13, 18, 0, 17][3, 4, 24, 20][2, 29][6, 13][0, 22][11, 25][3, 9] 
[11, 14, 9, 1, 23][5, 21, 15, 27, 7][22, 19, 12, 8, 26][2, 16, 28, 25][3, 4, 24, 20][6, 15, 10, 29][13, 18, 0, 17][11, 25][3, 9][2, 29][6, 13][0, 22] 
[22, 19, 12, 8, 26][5, 21, 15, 27, 7][11, 14, 9, 1, 23][13, 18, 0, 17][6, 15, 10, 29][2, 16, 28, 25][3, 4, 24, 20][0, 22][6, 13][2, 29][11, 25][3, 9] 
[5, 21, 15, 27, 7][11, 14, 9, 1, 23][22, 19, 12, 8, 26][6, 15, 10, 29][2, 16, 28, 25][13, 18, 0, 17][3, 4, 24, 20][2, 29][11, 25][6, 13][3, 9][0, 22] 
[11, 14, 9, 1, 23][5, 21, 15, 27, 7][22, 19, 12, 8, 26][2, 16, 28, 25][3, 4, 24, 20][6, 15, 10, 29][13, 18, 0, 17][11, 25][3, 9][2, 29][6, 13][0, 22] 
[22, 19, 12, 8, 26][5, 21, 15, 27, 7][11, 14, 9, 1, 23][13, 18, 0, 17][6, 15, 10, 29][2, 16, 28, 25][3, 4, 24, 20][0, 22][6, 13][2, 29][11, 25][3, 9] 
[5, 21, 15, 27, 7][22, 19, 12, 8, 26][11, 14, 9, 1, 23][13, 18, 0, 17][6, 15, 10, 29][2, 16, 28, 25][3, 4, 24, 20][6, 13][0, 22][2, 29][11, 25][3, 9] 
[5, 21, 15, 27, 7][22, 19, 12, 8, 26][11, 14, 9, 1, 23][13, 18, 0, 17][6, 15, 10, 29][2, 16, 28, 25][3, 4, 24, 20][6, 13][0, 22][2, 29][11, 25][3, 9] 
[5, 21, 15, 27, 7][22, 19, 12, 8, 26][11, 14, 9, 1, 23][13, 18, 0, 17][6, 15, 10, 29][2, 16, 28, 25][3, 4, 24, 20][6, 13][0, 22][2, 29][11, 25][3, 9] 
[5, 21, 15, 27, 7][22, 19, 12, 8, 26][11, 14, 9, 1, 23][6, 15, 10, 29][13, 18, 0, 17][2, 16, 28, 25][3, 4, 24, 20][6, 13][0, 22][2, 29][11, 25][3, 9] 
[5, 21, 15, 27, 7][22, 19, 12, 8, 26][11, 14, 9, 1, 23][13, 18, 0, 17][6, 15, 10, 29][2, 16, 28, 25][3, 4, 24, 20][6, 13][2, 29][0, 22][11, 25][3, 23] 
[11, 14, 9, 1, 23][5, 21, 15, 27, 7][22, 19, 12, 8, 26][2, 16, 28, 25][6, 15, 10, 29][3, 4, 24, 20][13, 18, 0, 17][11, 25][2, 29][3, 23][6, 13][0, 22] 
[5, 21, 15, 27, 7][22, 19, 12, 8, 26][11, 14, 9, 1, 23][6, 15, 10, 29][13, 18, 0, 17][2, 16, 28, 25][3, 4, 24, 20][6, 13][2, 29][0, 22][11, 25][3, 23] 
[5, 21, 15, 27, 7][22, 19, 12, 8, 26][11, 14, 9, 1, 23][6, 15, 10, 29][2, 16, 28, 25][13, 18, 0, 17][3, 4, 24, 20][2, 29][6, 13][0, 22][11, 25][3, 23] 
[5, 21, 15, 27, 7][22, 19, 12, 8, 26][11, 14, 9, 1, 23][6, 15, 10, 29][2, 16, 28, 25][13, 18, 0, 17][3, 4, 24, 20][2, 29][6, 13][0, 22][11, 25][3, 23] 
[5, 21, 15, 27, 7][0, 22, 12, 18, 13][2, 16, 28, 25, 11][1, 3, 9, 14][20, 24, 4, 23][6, 15, 10, 29][17, 19, 8, 26][1, 4][7, 24][6, 13][12, 19][2, 29] 
[5, 21, 15, 27, 7][22, 19, 12, 8, 26][11, 14, 9, 1, 23][6, 15, 10, 29][13, 18, 0, 17][2, 16, 28, 25][3, 4, 24, 20][6, 13][0, 22][2, 29][11, 25][3, 9] 
[11, 14, 9, 1, 23][5, 21, 15, 27, 7][22, 19, 12, 8, 26][3, 4, 24, 20][2, 16, 28, 25][6, 15, 10, 29][13, 18, 0, 17][3, 9][11, 25][2, 29][6, 13][0, 22] 
[5, 21, 15, 27, 7][22, 19, 12, 8, 26][11, 14, 9, 1, 23][2, 16, 28, 25][6, 15, 10, 29][13, 18, 0, 17][3, 4, 24, 20][2, 29][6, 13][0, 22][11, 25][3, 9] 
[5, 21, 15, 27, 7][22, 19, 12, 8, 26][11, 14, 9, 1, 23][6, 15, 10, 29][13, 18, 0, 17][2, 16, 28, 25][3, 4, 24, 20][6, 13][0, 22][2, 29][11, 25][3, 9] 
[11, 14, 9, 1, 23][5, 21, 15, 27, 7][22, 19, 12, 8, 26][2, 16, 28, 25][3, 4, 24, 20][6, 15, 10, 29][13, 18, 0, 17][11, 25][3, 9][2, 29][6, 13][0, 22] 
[22, 19, 12, 8, 26][5, 21, 15, 27, 7][11, 14, 9, 1, 23][13, 18, 0, 17][6, 15, 10, 29][2, 16, 28, 25][3, 4, 24, 20][0, 22][6, 13][2, 29][11, 25][3, 9] 
[11, 14, 9, 1, 23][5, 21, 15, 27, 7][22, 19, 12, 8, 26][3, 4, 24, 20][2, 16, 28, 25][6, 15, 10, 29][13, 18, 0, 17][3, 9][11, 25][2, 29][6, 13][0, 22] 
[5, 21, 15, 27, 7][22, 19, 12, 8, 26][11, 14, 9, 1, 23][6, 15, 10, 29][2, 16, 28, 25][13, 18, 0, 17][3, 4, 24, 20][2, 29][6, 13][0, 22][11, 25][3, 23] 
[22, 19, 12, 8, 26][5, 21, 15, 27, 7][11, 14, 9, 1, 23][13, 18, 0, 17][6, 15, 10, 29][2, 16, 28, 25][3, 4, 24, 20][0, 22][6, 13][2, 29][11, 25][3, 23] 
[11, 14, 9, 1, 23][5, 21, 15, 27, 7][22, 19, 12, 8, 26][2, 16, 28, 25][6, 15, 10, 29][13, 18, 0, 17][3, 4, 24, 20][11, 25][2, 29][6, 13][0, 22][3, 23] 
[5, 21, 15, 27, 7][11, 14, 9, 1, 23][22, 19, 12, 8, 26][6, 15, 10, 29][13, 18, 0, 17][2, 16, 28, 25][3, 4, 24, 20][6, 13][2, 29][11, 25][0, 22][3, 23] 
[11, 14, 9, 1, 23][5, 21, 15, 27, 7][22, 19, 12, 8, 26][3, 4, 24, 20][2, 16, 28, 25][6, 15, 10, 29][13, 18, 0, 17][3, 23][11, 25][2, 29][6, 13][0, 22] 
[11, 14, 9, 1, 23][5, 21, 15, 27, 7][22, 19, 12, 8, 26][3, 4, 24, 20][2, 16, 28, 25][6, 15, 10, 29][13, 18, 0, 17][3, 23][11, 25][2, 29][6, 13][0, 22] 
[22, 19, 12, 8, 26][5, 21, 15, 27, 7][11, 14, 9, 1, 23][13, 18, 0, 17][6, 15, 10, 29][2, 16, 28, 25][3, 4, 24, 20][0, 22][6, 13][2, 29][11, 25][3, 23] 
[22, 19, 12, 8, 26][5, 21, 15, 27, 7][11, 14, 9, 1, 23][13, 18, 0, 17][6, 15, 10, 29][2, 16, 28, 25][3, 4, 24, 20][0, 22][6, 13][2, 29][11, 25][3, 23] 
[11, 14, 9, 1, 23][5, 21, 15, 27, 7][22, 19, 12, 8, 26][3, 4, 24, 20][2, 16, 28, 25][6, 15, 10, 29][13, 18, 0, 17][3, 23][11, 25][2, 29][6, 13][0, 22] 
[5, 21, 15, 27, 7][22, 19, 12, 8, 26][11, 14, 9, 1, 23][6, 15, 10, 29][2, 16, 28, 25][13, 18, 0, 17][3, 4, 24, 20][2, 29][6, 13][0, 22][11, 25][3, 23] 
[22, 19, 12, 8, 26][5, 21, 15, 27, 7][11, 14, 9, 1, 23][13, 18, 0, 17][6, 15, 10, 29][2, 16, 28, 25][3, 4, 24, 20][0, 22][6, 13][2, 29][11, 25][3, 23] 
[11, 14, 9, 1, 23][5, 21, 15, 27, 7][22, 19, 12, 8, 26][2, 16, 28, 25][6, 15, 10, 29][13, 18, 0, 17][3, 4, 24, 20][11, 25][2, 29][6, 13][0, 22][3, 23] 
[11, 14, 9, 1, 23][5, 21, 15, 27, 7][22, 19, 12, 8, 26][3, 4, 24, 20][2, 16, 28, 25][6, 15, 10, 29][13, 18, 0, 17][3, 23][11, 25][2, 29][6, 13][0, 22] 
[22, 19, 12, 8, 26][5, 21, 15, 27, 7][11, 14, 9, 1, 23][13, 18, 0, 17][6, 15, 10, 29][2, 16, 28, 25][3, 4, 24, 20][0, 22][6, 13][2, 29][11, 25][3, 23] 
[11, 14, 9, 1, 23][5, 21, 15, 27, 7][22, 19, 12, 8, 26][2, 16, 28, 25][3, 4, 24, 20][6, 15, 10, 29][13, 18, 0, 17][11, 25][3, 23][2, 29][6, 13][0, 22] 
[2, 16, 28, 25, 11][5, 21, 15, 27, 7][4, 1, 3, 9, 14][0, 22, 12, 18, 13][20, 24, 4, 23][17, 19, 8, 26][15, 10, 29][2, 29][7, 24][6, 15][6, 13][12, 19] 
[0, 22, 12, 18, 13][5, 21, 15, 27, 7][4, 1, 3, 9, 14][2, 16, 28, 25, 11][17, 19, 8, 26][20, 24, 4, 23][15, 10, 29][12, 19][6, 13][6, 15][7, 24][2, 29] 
[0, 22, 12, 18, 13][5, 21, 15, 27, 7][4, 1, 3, 9, 14][2, 16, 28, 25, 11][17, 19, 8, 26][20, 24, 4, 23][15, 10, 29][12, 19][6, 13][6, 15][7, 24][2, 29] 
[2, 16, 28, 25, 11][5, 21, 15, 27, 7][4, 1, 3, 9, 14][0, 22, 12, 18, 13][20, 24, 4, 23][17, 19, 8, 26][15, 10, 29][2, 29][7, 24][6, 15][6, 13][12, 19] 
[2, 16, 28, 25, 11][5, 21, 15, 27, 7][4, 1, 3, 9, 14][0, 22, 12, 18, 13][20, 24, 4, 23][17, 19, 8, 26][15, 10, 29][2, 29][7, 24][6, 15][6, 13][12, 19] 
[4, 1, 3, 9, 14, 23][2, 16, 28, 25, 11][5, 21, 15, 27, 7][0, 22, 12, 18, 13][6, 15, 10, 29][17, 19, 8, 26][4, 24, 20][2, 29][6, 13][7, 24][12, 19][9, 14] 
[11, 14, 9, 1, 23][5, 21, 15, 27, 7][22, 19, 12, 8, 26][2, 16, 28, 25][3, 4, 24, 20][6, 15, 10, 29][13, 18, 0, 17][11, 25][3, 9][2, 29][6, 13][0, 22] 
[22, 19, 12, 8, 26][5, 21, 15, 27, 7][11, 14, 9, 1, 23][13, 18, 0, 17][6, 15, 10, 29][2, 16, 28, 25][3, 4, 24, 20][0, 22][6, 13][2, 29][11, 25][3, 9] 
[22, 19, 12, 8, 26][5, 21, 15, 27, 7][11, 14, 9, 1, 23][13, 18, 0, 17][6, 15, 10, 29][2, 16, 28, 25][3, 4, 24, 20][0, 22][6, 13][2, 29][11, 25][3, 9] 
[5, 21, 15, 27, 7][22, 19, 12, 8, 26][11, 14, 9, 1, 23][13, 18, 0, 17][6, 15, 10, 29][2, 16, 28, 25][3, 4, 24, 20][6, 13][0, 22][2, 29][11, 25][3, 9] 
[22, 19, 12, 8, 26][5, 21, 15, 27, 7][11, 14, 9, 1, 23][13, 18, 0, 17][6, 15, 10, 29][2, 16, 28, 25][3, 4, 24, 20][0, 22][6, 13][2, 29][11, 25][3, 9] 
[5, 21, 15, 27, 7][22, 19, 12, 8, 26][11, 14, 9, 1, 23][6, 15, 10, 29][13, 18, 0, 17][2, 16, 28, 25][3, 4, 24, 20][6, 13][2, 29][0, 22][11, 25][3, 23] 
[11, 14, 9, 1, 23][5, 21, 15, 27, 7][22, 19, 12, 8, 26][2, 16, 28, 25][3, 4, 24, 20][6, 15, 10, 29][13, 18, 0, 17][11, 25][3, 9][2, 29][6, 13][0, 22] 
