[17, 0, 19, 22, 12, 8, 26][4, 23, 3, 1, 9, 14, 20][5, 6, 13, 18][10, 29, 27, 16][24, 7, 25, 28][2, 21, 15][18, 22][6, 10][10, 15][7, 27][11, 25][11, 14] 
[17, 0, 19, 22, 12, 8, 26][4, 23, 3, 1, 9, 14, 20][5, 6, 13, 18][10, 29, 27, 16][2, 15, 21][24, 7, 25][11, 25, 28][18, 22][5, 21][10, 15][7, 27][11, 14] 
[4, 23, 3, 1, 9, 14, 20][17, 0, 19, 22, 12, 8, 26][10, 29, 27, 16][5, 6, 13, 18][11, 25, 28][24, 7, 25][2, 15, 21][11, 14][7, 27][10, 15][5, 21][18, 22] 
[17, 0, 19, 22, 12, 8, 26][4, 23, 3, 1, 9, 14, 20][2, 10, 29, 27, 16][5, 6, 13, 18][11, 25, 28][24, 7, 25][7, 27][10, 15][6, 10][18, 22][11, 14][5, 21] 
[17, 0, 19, 22, 12, 8, 26][4, 23, 3, 1, 9, 14, 20][5, 6, 13, 18][10, 29, 27, 16][24, 7, 25, 28][2, 15, 21][18, 22][6, 16][7, 27][10, 15][11, 25][11, 14] 
[4, 23, 3, 1, 9, 14, 20][17, 0, 19, 22, 12, 8, 26][10, 29, 27, 16][5, 6, 13, 18][24, 7, 25][11, 25, 28][2, 15, 21][7, 27][10, 15][6, 10][11, 14][18, 22] 
[4, 23, 3, 1, 9, 14, 20][17, 0, 19, 22, 12, 8, 26][10, 29, 27, 16][5, 6, 13, 18][2, 15, 21][24, 7, 25][11, 25, 28][10, 15][7, 27][5, 21][11, 14][18, 22] 
[4, 23, 3, 1, 9, 14, 20][17, 0, 19, 22, 12, 8, 26][10, 29, 27, 16][5, 6, 13, 18][2, 15, 21][24, 7, 25][11, 25, 28][10, 15][6, 16][7, 27][11, 14][18, 22] 
[17, 0, 19, 22, 12, 8, 26][4, 23, 3, 1, 9, 14, 20][10, 29, 27, 16][5, 6, 13, 18][2, 15, 21][24, 7, 25][11, 25, 28][10, 15][6, 16][18, 22][7, 27][11, 14] 
[4, 23, 3, 1, 9, 14, 20][17, 0, 19, 22, 12, 8, 26][10, 29, 27, 16][5, 6, 13, 18][24, 7, 25][11, 25, 28][2, 15, 21][7, 27][11, 14][10, 15][6, 16][18, 22] 
[4, 23, 3, 1, 9, 14, 20][17, 0, 19, 22, 12, 8, 26][10, 29, 27, 16][24, 7, 25, 28][5, 6, 13, 18][2, 21, 15][10, 15][7, 27][11, 25][6, 10][11, 14][18, 22] 
[4, 23, 3, 1, 9, 14, 20][17, 0, 19, 22, 12, 8, 26][10, 29, 27, 16][5, 6, 13, 18][2, 15, 21][24, 7, 25][11, 25, 28][10, 15][7, 27][5, 21][11, 14][18, 22] 
[4, 23, 3, 1, 9, 14, 20][17, 0, 19, 22, 12, 8, 26][10, 29, 27, 16][5, 6, 13, 18][11, 25, 28][24, 7, 25][2, 15, 21][11, 14][7, 27][10, 15][5, 21][18, 22] 
[17, 0, 19, 22, 12, 8, 26][4, 23, 3, 1, 9, 14, 20][24, 7, 25, 28][10, 29, 27, 16][5, 6, 13, 18][2, 15, 21][7, 27][6, 16][10, 15][18, 22][11, 25][11, 14] 
[17, 0, 19, 22, 12, 8, 26][4, 23, 3, 1, 9, 14, 20][5, 6, 13, 18][10, 29, 27, 16][2, 15, 21][24, 7, 25][11, 25, 28][6, 10][10, 15][7, 27][18, 22][11, 14] 
[4, 23, 3, 1, 9, 14, 20][17, 0, 19, 22, 12, 8, 26][10, 29, 27, 16][5, 6, 13, 18][24, 7, 25][11, 25, 28][2, 15, 21][7, 27][6, 16][11, 14][18, 22][10, 15] 
[17, 0, 19, 22, 12, 8, 26][4, 23, 3, 1, 9, 14, 20][5, 6, 13, 18][10, 29, 27, 16][24, 7, 25, 28][2, 21, 15][6, 10][18, 22][10, 15][7, 27][11, 25][11, 14] 
[4, 23, 3, 1, 9, 14, 20][17, 0, 19, 22, 12, 8, 26][10, 29, 27, 16][5, 6, 13, 18][11, 25, 28][24, 7, 25][2, 15, 21][11, 14][7, 27][10, 15][5, 21][18, 22] 
[4, 23, 3, 1, 9, 14, 20][17, 0, 19, 22, 12, 8, 26][24, 7, 25, 28][10, 29, 27, 16][5, 6, 13, 18][2, 15, 21][7, 27][10, 15][11, 25][11, 14][6, 16][18, 22] 
[4, 23, 3, 1, 9, 14, 20][17, 0, 19, 22, 12, 8, 26][24, 7, 25, 28][10, 29, 27, 16][5, 6, 13, 18][2, 21, 15][11, 14][11, 25][7, 27][6, 10][10, 15][18, 22] 
[4, 23, 3, 1, 9, 14, 20][17, 0, 19, 22, 12, 8, 26][24, 7, 25, 28][10, 29, 27, 16][5, 6, 13, 18][2, 21, 15][7, 27][11, 25][11, 14][6, 10][10, 15][18, 22] 
[17, 0, 19, 22, 12, 8, 26][4, 23, 3, 1, 9, 14, 20][10, 29, 27, 16][5, 6, 13, 18][2, 15, 21][24, 7, 25][11, 25, 28][10, 15][5, 21][18, 22][7, 27][11, 14] 
[4, 23, 3, 1, 9, 14, 20][17, 0, 19, 22, 12, 8, 26][10, 29, 27, 16][5, 6, 13, 18][2, 15, 21][24, 7, 25][11, 25, 28][10, 15][7, 27][11, 14][5, 21][18, 22] 
[17, 0, 19, 22, 12, 8, 26][4, 23, 3, 1, 9, 14, 20][5, 6, 13, 18][10, 29, 27, 16][24, 7, 25, 28][2, 15, 21][18, 22][6, 16][7, 27][10, 15][11, 25][11, 14] 
[17, 0, 19, 22, 12, 8, 26][4, 23, 3, 1, 9, 14, 20][5, 6, 13, 18][10, 29, 27, 16][2, 15, 21][24, 7, 25][11, 25, 28][18, 22][6, 10][10, 15][7, 27][11, 14] 
[4, 23, 3, 1, 9, 14, 20][17, 0, 19, 22, 12, 8, 26][10, 29, 27, 16][5, 6, 13, 18][11, 25, 28][24, 7, 25][2, 15, 21][11, 14][7, 27][6, 16][18, 22][10, 15] 
[17, 0, 19, 22, 12, 8, 26][4, 23, 3, 1, 9, 14, 20][10, 29, 27, 16][24, 7, 25, 28][5, 6, 13, 18][2, 21, 15][7, 27][11, 25][10, 15][6, 10][18, 22][11, 14] 
[17, 0, 19, 22, 12, 8, 26][4, 23, 3, 1, 9, 14, 20][10, 29, 27, 16][5, 6, 13, 18][2, 15, 21][24, 7, 25][11, 25, 28][10, 15][5, 21][18, 22][7, 27][11, 14] 
[17, 0, 19, 22, 12, 8, 26][4, 23, 3, 1, 9, 14, 20][24, 7, 25, 28][10, 29, 27, 16][5, 6, 13, 18][2, 15, 21][7, 27][6, 16][10, 15][18, 22][11, 25][11, 14] 
[17, 0, 19, 22, 12, 8, 26][4, 23, 3, 1, 9, 14, 20][10, 29, 27, 16][24, 7, 25, 28][5, 6, 13, 18][2, 21, 15][7, 27][11, 25][10, 15][6, 10][18, 22][11, 14] 
[17, 0, 19, 22, 12, 8, 26][4, 23, 3, 1, 9, 14, 20][10, 29, 27, 16][24, 7, 25, 28][5, 6, 13, 18][2, 21, 15][7, 27][6, 10][10, 15][18, 22][11, 25][11, 14] 
[4, 23, 3, 1, 9, 14, 20][17, 0, 19, 22, 12, 8, 26][10, 29, 27, 16][5, 6, 13, 18][24, 7, 25][11, 25, 28][2, 15, 21][11, 14][7, 27][10, 15][5, 21][18, 22] 
[4, 23, 3, 1, 9, 14, 20][17, 0, 19, 22, 12, 8, 26][24, 7, 25, 28][10, 29, 27, 16][5, 6, 13, 18][2, 15, 21][7, 27][10, 15][11, 25][11, 14][6, 16][18, 22] 
[17, 0, 19, 22, 12, 8, 26][4, 23, 3, 1, 9, 14, 20][5, 6, 13, 18][10, 29, 27, 16][24, 7, 25, 28][2, 21, 15][18, 22][6, 10][10, 15][7, 27][11, 25][11, 14] 
[4, 23, 3, 1, 9, 14, 20][17, 0, 19, 22, 12, 8, 26][5, 6, 13, 18][10, 29, 27, 16][24, 7, 25, 28][2, 21, 15][6, 10][7, 27][10, 15][11, 25][11, 14][18, 22] 
[7, 28, 17, 22, 25, 0, 26, 8, 19, 12, 18, 13][2, 7, 20, 14, 9, 1, 3, 23, 4, 24][2, 6, 16, 27, 29, 10, 15, 21, 5][14, 20][14, 20][15, 21][11, 14][15, 21][12, 18][10, 29][0, 26][14, 20] 
[7, 28, 17, 22, 25, 0, 26, 8, 19, 12, 18, 13][2, 7, 20, 14, 9, 1, 3, 23, 4, 24][2, 6, 16, 27, 29, 10, 15, 21, 5][5, 21, 15, 10][11, 14][14, 20][27, 29][10, 29][0, 26][14, 20][15, 21][0, 26] 
[7, 28, 17, 22, 25, 0, 26, 8, 19, 12, 18, 13][2, 7, 20, 14, 9, 1, 3, 23, 4, 24][2, 6, 16, 27, 29, 10, 15, 21, 5][2, 7, 20, 14][27, 29][11, 17][27, 29][14, 20][27, 29][15, 21][14, 20][27, 29] 
[7, 28, 17, 22, 25, 0, 26, 8, 19, 12, 18, 13][2, 6, 16, 27, 29, 10, 15, 21, 5][7, 20, 14, 9, 1, 3, 23, 4, 24][2, 7][11, 17][14, 20][0, 26][14, 20][14, 20][0, 26][15, 21][0, 26] 
[2, 7, 20, 14, 9, 1, 3, 23, 4, 24][7, 28, 17, 22, 25, 0, 26, 8, 19][2, 6, 16, 27, 29, 10, 15, 21, 5][13, 18, 12, 19][14, 20][11, 17][12, 18][27, 29][12, 18][14, 20][15, 21][14, 20] 
[13, 18, 12, 19, 8, 26, 0, 25, 22, 17, 28][2, 7, 20, 14, 9, 1, 3, 23, 4, 24][2, 6, 16, 27, 29, 10, 15, 21, 5][0, 26][11, 17][11, 14][12, 18][12, 18][14, 20][14, 20][27, 29][12, 18] 
[7, 28, 17, 22, 25, 0, 26, 8, 19, 12, 18, 13][2, 7, 20, 14, 9, 1, 3, 23, 4, 24][2, 6, 16, 27, 29, 10, 15, 21, 5][13, 18, 12, 19, 8, 26][14, 20][11, 14][0, 26][27, 29][0, 26][27, 29][13, 18][12, 18] 
[7, 28, 17, 22, 25, 0, 26, 8, 19, 12, 18, 13][2, 7, 20, 14, 9, 1, 3, 23, 4, 24][2, 6, 16, 27, 29, 10, 15, 21, 5][13, 18, 12, 19][27, 29][13, 18][11, 17][27, 29][14, 20][27, 29][15, 21][14, 20] 
[7, 28, 17, 22, 25, 0, 26, 8, 19, 12, 18, 13][2, 6, 16, 27, 29, 10, 15, 21, 5][7, 20, 14, 9, 1, 3, 23, 4, 24][12, 18][2, 7][11, 17][0, 26][14, 20][12, 18][27, 29][14, 20][12, 18] 
[7, 28, 17, 22, 25, 0, 26, 8, 19, 12, 18, 13][2, 7, 20, 14, 9, 1, 3, 23, 4, 24][2, 6, 16, 27, 29, 10, 15, 21, 5][11, 17][27, 29][14, 20][0, 26][14, 20][15, 21][27, 29][27, 29][12, 18] 
[7, 28, 17, 22, 25, 0, 26, 8, 19, 12, 18, 13][2, 7, 20, 14, 9, 1, 3, 23, 4, 24][2, 6, 16, 27, 29, 10, 15, 21, 5][14, 20][14, 20][15, 21][11, 14][15, 21][12, 18][10, 29][0, 26][14, 20] 
[7, 28, 17, 22, 25, 0, 26, 8, 19, 12, 18, 13][2, 7, 20, 14, 9, 1, 3, 23, 4, 24][2, 6, 16, 27, 29, 10, 15, 21, 5][8, 19, 12, 18, 13][14, 20][2, 7][13, 18][5, 21][11, 14][13, 18][12, 18][14, 20] 
[2, 7, 20, 14, 9, 1, 3, 23, 4, 24][7, 28, 17, 22, 25, 0, 26, 8, 19][2, 6, 16, 27, 29, 10, 15, 21, 5][13, 18, 12, 19][14, 20][11, 17][12, 18][27, 29][12, 18][14, 20][15, 21][14, 20] 
[7, 28, 17, 22, 25, 0, 26, 8, 19, 12, 18, 13][2, 7, 20, 14, 9, 1, 3, 23, 4, 24][2, 6, 16, 27, 29, 10, 15, 21, 5][0, 26, 8, 19, 12, 18, 13][11, 17][0, 26][14, 20][14, 20][13, 18][12, 18][15, 21][14, 20] 
[7, 28, 17, 22, 25, 0, 26, 8, 19, 12, 18, 13][2, 7, 20, 14, 9, 1, 3, 23, 4, 24][2, 6, 16, 27, 29, 10, 15, 21, 5][8, 19, 12, 18, 13][14, 20][2, 7][13, 18][5, 21][11, 14][13, 18][12, 18][14, 20] 
[7, 28, 17, 22, 25, 0, 26, 8, 19, 12, 18, 13][2, 7, 20, 14, 9, 1, 3, 23, 4, 24][2, 6, 16, 27, 29, 10, 15, 21, 5][0, 26][11, 17][27, 29][0, 26][14, 20][0, 26][0, 26][0, 26][0, 26] 
[7, 28, 17, 22, 25, 0, 26, 8, 19, 12, 18, 13][2, 7, 20, 14, 9, 1, 3, 23, 4, 24][2, 6, 16, 27, 29, 10, 15, 21, 5][0, 26][11, 17][27, 29][15, 21][27, 29][0, 26][15, 21][15, 21][27, 29] 
[7, 28, 17, 22, 25, 0, 26, 8, 19, 12, 18, 13][2, 7, 20, 14, 9, 1, 3, 23, 4, 24][2, 6, 16, 27, 29, 10, 15, 21, 5][13, 18, 12, 19, 8, 26][14, 20][11, 14][0, 26][27, 29][0, 26][27, 29][13, 18][12, 18] 
[7, 28, 17, 22, 25, 0, 26, 8, 19, 12, 18, 13][2, 7, 20, 14, 9, 1, 3, 23, 4, 24][2, 6, 16, 27, 29, 10, 15, 21, 5][13, 18][13, 18][11, 17][12, 18][0, 26][5, 21][14, 20][12, 18][0, 26] 
[7, 28, 17, 22, 25, 0, 26, 8, 19, 12, 18, 13][2, 7, 20, 14, 9, 1, 3, 23, 4, 24][2, 6, 16, 27, 29, 10, 15, 21, 5][13, 18][13, 18][11, 17][12, 18][0, 26][5, 21][14, 20][12, 18][0, 26] 
[7, 28, 17, 22, 25, 0, 26, 8, 19, 12, 18, 13][5, 21, 15, 10, 29, 27, 16, 6, 2, 7][7, 20, 14, 9, 1, 3, 23, 4, 24][0, 26][11, 17][27, 29][27, 29][7, 20][0, 26][14, 20][0, 26][14, 20] 
[17, 0, 19, 22, 12, 8, 26][4, 23, 3, 1, 9, 14, 20][10, 29, 27, 16][5, 6, 13, 18][24, 7, 25][11, 25, 28][2, 15, 21][6, 16][18, 22][7, 27][10, 15][11, 14] 
[4, 23, 3, 1, 9, 14, 20][17, 0, 19, 22, 12, 8, 26][10, 29, 27, 16][5, 6, 13, 18][11, 25, 28][24, 7, 25][2, 15, 21][11, 14][7, 27][10, 15][6, 16][18, 22] 
[17, 0, 19, 22, 12, 8, 26][4, 23, 3, 1, 9, 14, 20][10, 29, 27, 16][5, 6, 13, 18][2, 15, 21][24, 7, 25][11, 25, 28][10, 15][6, 16][7, 27][18, 22][11, 14] 
[17, 0, 19, 22, 12, 8, 26][4, 23, 3, 1, 9, 14, 20][5, 6, 13, 18][10, 29, 27, 16][24, 7, 25][11, 25, 28][2, 15, 21][18, 22][6, 16][7, 27][10, 15][11, 14] 
[17, 0, 19, 22, 12, 8, 26][4, 23, 3, 1, 9, 14, 20][10, 29, 27, 16][5, 6, 13, 18][2, 15, 21][24, 7, 25][11, 25, 28][10, 15][6, 16][18, 22][7, 27][11, 14] 
[4, 23, 3, 1, 9, 14, 20][17, 0, 19, 22, 12, 8, 26][10, 29, 27, 16][5, 6, 13, 18][2, 15, 21][24, 7, 25][11, 25, 28][10, 15][7, 27][6, 16][11, 14][18, 22] 
[17, 0, 19, 22, 12, 8, 26][4, 23, 3, 1, 9, 14, 20][10, 29, 27, 16][5, 6, 13, 18][24, 7, 25][2, 15, 21][11, 25, 28][7, 27][6, 16][10, 15][18, 22][11, 14] 
[17, 0, 19, 22, 12, 8, 26][4, 23, 3, 1, 9, 14, 20][10, 29, 27, 16][5, 6, 13, 18][24, 7, 25][2, 15, 21][11, 25, 28][7, 27][6, 16][10, 15][18, 22][11, 14] 
[4, 23, 3, 1, 9, 14, 20][17, 0, 19, 22, 12, 8, 26][10, 29, 27, 16][5, 6, 13, 18][2, 15, 21][24, 7, 25][11, 25, 28][10, 15][7, 27][6, 16][11, 14][18, 22] 
[4, 23, 3, 1, 9, 14, 20][17, 0, 19, 22, 12, 8, 26][10, 29, 27, 16][5, 6, 13, 18][2, 15, 21][24, 7, 25][11, 25, 28][10, 15][7, 27][11, 14][6, 16][18, 22] 
[4, 23, 3, 1, 9, 14, 20][17, 0, 19, 22, 12, 8, 26][10, 29, 27, 16][5, 6, 13, 18][24, 7, 25][11, 25, 28][2, 15, 21][7, 27][10, 15][6, 16][11, 14][18, 22] 
[4, 23, 3, 1, 9, 14, 20][17, 0, 19, 22, 12, 8, 26][10, 29, 27, 16][5, 6, 13, 18][2, 15, 21][24, 7, 25][11, 25, 28][10, 15][7, 27][6, 16][11, 14][18, 22] 
[4, 23, 3, 1, 9, 14, 20][17, 0, 19, 22, 12, 8, 26][10, 29, 27, 16][5, 6, 13, 18][2, 15, 21][24, 7, 25][11, 25, 28][10, 15][7, 27][6, 16][11, 14][18, 22] 
[17, 0, 19, 22, 12, 8, 26][4, 23, 3, 1, 9, 14, 20][10, 29, 27, 16][5, 6, 13, 18][24, 7, 25][11, 25, 28][2, 15, 21][6, 16][18, 22][7, 27][11, 14][10, 15] 
[4, 23, 3, 1, 9, 14, 20][17, 0, 19, 22, 12, 8, 26][10, 29, 27, 16][5, 6, 13, 18][11, 25, 28][24, 7, 25][2, 15, 21][11, 14][7, 27][6, 16][18, 22][10, 15] 
[4, 23, 3, 1, 9, 14, 20][17, 0, 19, 22, 12, 8, 26][24, 7, 25, 28][10, 29, 27, 16][5, 6, 13, 18][2, 21, 15][7, 27][11, 25][11, 14][6, 10][10, 15][18, 22] 
[17, 0, 19, 22, 12, 8, 26][4, 23, 3, 1, 9, 14, 20][5, 6, 13, 18][10, 29, 27, 16][24, 7, 25, 28][2, 21, 15][18, 22][6, 10][7, 27][10, 15][11, 25][11, 14] 
[17, 0, 19, 22, 12, 8, 26][4, 23, 3, 1, 9, 14, 20][5, 6, 13, 18][10, 29, 27, 16][24, 7, 25, 28][2, 21, 15][18, 22][6, 10][7, 27][10, 15][11, 25][11, 14] 
[4, 23, 3, 1, 9, 14, 20][17, 0, 19, 22, 12, 8, 26][24, 7, 25, 28][10, 29, 27, 16][5, 6, 13, 18][2, 21, 15][11, 14][11, 25][7, 27][6, 10][18, 22][10, 15] 
[17, 0, 19, 22, 12, 8, 26][4, 23, 3, 1, 9, 14, 20][5, 6, 13, 18][10, 29, 27, 16][24, 7, 25, 28][2, 21, 15][18, 22][6, 10][7, 27][11, 25][10, 15][11, 14] 
[17, 0, 19, 22, 12, 8, 26][4, 23, 3, 1, 9, 14, 20][5, 6, 13, 18][28, 16, 27, 29][11, 25, 7, 24][2, 15, 21][18, 22][6, 10][10, 29][2, 27][25, 28][11, 14] 
[17, 0, 19, 22, 12, 8, 26][4, 23, 3, 1, 9, 14, 20][10, 29, 27, 16][5, 6, 13, 18][24, 7, 25][11, 25, 28][2, 15, 21][7, 27][10, 15][6, 16][18, 22][11, 14] 
[17, 0, 19, 22, 12, 8, 26][4, 23, 3, 1, 9, 14, 20][10, 29, 27, 16][5, 6, 13, 18][2, 15, 21][24, 7, 25][11, 25, 28][10, 15][6, 16][7, 27][18, 22][11, 14] 
[4, 23, 3, 1, 9, 14, 20][17, 0, 19, 22, 12, 8, 26][10, 29, 27, 16][5, 6, 13, 18][24, 7, 25][11, 25, 28][2, 15, 21][7, 27][6, 16][11, 14][18, 22][10, 15] 
[17, 0, 19, 22, 12, 8, 26][4, 23, 3, 1, 9, 14, 20][5, 6, 13, 18][10, 29, 27, 16][2, 15, 21][24, 7, 25][11, 25, 28][6, 16][18, 22][10, 15][7, 27][11, 14] 
[17, 0, 19, 22, 12, 8, 26][4, 23, 3, 1, 9, 14, 20][5, 6, 13, 18][10, 29, 27, 16][2, 15, 21][24, 7, 25][11, 25, 28][18, 22][6, 16][10, 15][7, 27][11, 14] 
[17, 0, 19, 22, 12, 8, 26][4, 23, 3, 1, 9, 14, 20][10, 29, 27, 16][24, 7, 25, 28][5, 6, 13, 18][2, 15, 21][10, 15][7, 27][6, 10][11, 25][18, 22][11, 14] 
[17, 0, 19, 22, 12, 8, 26][4, 23, 3, 1, 9, 14, 20][5, 6, 13, 18][10, 29, 27, 16][2, 15, 21][24, 7, 25][11, 25, 28][18, 22][6, 16][10, 15][7, 27][11, 14] 
[17, 0, 19, 22, 12, 8, 26][4, 23, 3, 1, 9, 14, 20][5, 6, 13, 18][10, 29, 27, 16][24, 7, 25, 28][2, 21, 15][18, 22][6, 10][10, 15][7, 27][11, 25][11, 14] 
[4, 23, 3, 1, 9, 14, 20][17, 0, 19, 22, 12, 8, 26][10, 29, 27, 16][24, 7, 25, 28][5, 6, 13, 18][2, 21, 15][10, 15][7, 27][11, 25][6, 10][11, 14][18, 22] 
[4, 23, 3, 1, 9, 14, 20][17, 0, 19, 22, 12, 8, 26][24, 7, 25, 28][10, 29, 27, 16][5, 6, 13, 18][2, 21, 15][11, 25][7, 27][6, 10][11, 14][18, 22][10, 15] 
[4, 23, 3, 1, 9, 14, 20][17, 0, 19, 22, 12, 8, 26][24, 7, 25, 28][10, 29, 27, 16][5, 6, 13, 18][2, 21, 15][11, 25][7, 27][11, 14][10, 15][6, 10][18, 22] 
[4, 23, 3, 1, 9, 14, 20][17, 0, 19, 22, 12, 8, 26][24, 7, 25, 28][10, 29, 27, 16][5, 6, 13, 18][2, 21, 15][11, 25][7, 27][6, 10][11, 14][18, 22][10, 15] 
[4, 23, 3, 1, 9, 14, 20][17, 0, 19, 22, 12, 8, 26][10, 29, 27, 16][24, 7, 25, 28][5, 6, 13, 18][2, 21, 15][10, 15][7, 27][6, 10][11, 25][11, 14][18, 22] 
[4, 23, 3, 1, 9, 14, 20][17, 0, 19, 22, 12, 8, 26][10, 29, 27, 16][24, 7, 25, 28][5, 6, 13, 18][2, 21, 15][7, 27][10, 15][11, 25][6, 10][11, 14][18, 22] 
[4, 23, 3, 1, 9, 14, 20][17, 0, 19, 22, 12, 8, 26][10, 29, 27, 16][24, 7, 25, 28][5, 6, 13, 18][2, 21, 15][7, 27][10, 15][11, 25][6, 10][11, 14][18, 22] 
[17, 0, 19, 22, 12, 8, 26][4, 23, 3, 1, 9, 14, 20][5, 6, 13, 18][10, 29, 27, 16][24, 7, 25, 28][2, 21, 15][18, 22][6, 10][7, 27][10, 15][11, 25][11, 14] 
[17, 0, 19, 22, 12, 8, 26][4, 23, 3, 1, 9, 14, 20][5, 6, 13, 18][10, 29, 27, 16][24, 7, 25, 28][2, 21, 15][18, 22][6, 10][7, 27][10, 15][11, 25][11, 14] 
[4, 23, 3, 1, 9, 14, 20][17, 0, 19, 22, 12, 8, 26][24, 7, 25, 28][10, 29, 27, 16][5, 6, 13, 18][2, 21, 15][11, 25][7, 27][11, 14][10, 15][6, 10][18, 22] 
[17, 0, 19, 22, 12, 8, 26][4, 23, 3, 1, 9, 14, 20][10, 29, 27, 16][24, 7, 25, 28][5, 6, 13, 18][2, 21, 15][7, 27][6, 10][10, 15][18, 22][11, 25][11, 14] 
[4, 23, 3, 1, 9, 14, 20][17, 0, 19, 22, 12, 8, 26][10, 29, 27, 16][24, 7, 25, 28][5, 6, 13, 18][2, 21, 15][10, 15][7, 27][6, 10][11, 25][11, 14][18, 22] 
[17, 0, 19, 22, 12, 8, 26][4, 23, 3, 1, 9, 14, 20][5, 6, 13, 18][10, 29, 27, 16][24, 7, 25, 28][2, 21, 15][6, 10][18, 22][10, 15][7, 27][11, 25][11, 14] 
[17, 0, 19, 22, 12, 8, 26][4, 23, 3, 1, 9, 14, 20][5, 6, 13, 18][10, 29, 27, 16][24, 7, 25, 28][2, 21, 15][18, 22][6, 10][10, 15][7, 27][11, 25][11, 14] 
[4, 23, 3, 1, 9, 14, 20][17, 0, 19, 22, 12, 8, 26][10, 29, 27, 16, 28][11, 25, 7, 24][5, 6, 13, 18][2, 15, 21][11, 14][25, 28][27, 29][2, 27][6, 10][18, 22] 
[4, 23, 3, 1, 9, 14, 20][17, 0, 19, 22, 12, 8, 26][10, 29, 27, 16, 28][11, 25, 7, 24][5, 6, 13, 18][2, 15, 21][11, 14][25, 28][27, 29][2, 27][6, 10][18, 22] 
[17, 0, 19, 22, 12, 8, 26][4, 23, 3, 1, 9, 14, 20][10, 29, 27, 16, 28][5, 6, 13, 18][11, 25, 7, 24][2, 15, 21][18, 22][6, 10][25, 28][2, 27][11, 14][27, 29] 
[17, 0, 19, 22, 12, 8, 26][4, 23, 3, 1, 9, 14, 20][10, 29, 27, 16, 28][5, 6, 13, 18][11, 25, 7, 24][2, 21, 15][6, 10][25, 28][18, 22][2, 27][11, 14][27, 29] 
[17, 0, 19, 22, 12, 8, 26][4, 23, 3, 1, 9, 14, 20][10, 29, 27, 16, 28][5, 6, 13, 18][11, 25, 7, 24][2, 15, 21][18, 22][6, 10][25, 28][2, 27][11, 14][27, 29] 
[17, 0, 19, 22, 12, 8, 26][4, 23, 3, 1, 9, 14, 20][10, 29, 27, 16, 28][5, 6, 13, 18][24, 7, 25, 28][2, 15, 21][6, 10][18, 22][2, 27][11, 25][11, 14][27, 29] 
[4, 23, 3, 1, 9, 14, 20][17, 0, 19, 22, 12, 8, 26][10, 29, 27, 16][24, 7, 25, 28][5, 6, 13, 18][2, 15, 21][7, 27][6, 16][11, 25][11, 14][10, 15][18, 22] 
[4, 23, 3, 1, 9, 14, 20][17, 0, 19, 22, 12, 8, 26][10, 29, 27, 16][24, 7, 25, 28][5, 6, 13, 18][2, 15, 21][10, 15][7, 27][6, 16][11, 25][11, 14][18, 22] 
[4, 23, 3, 1, 9, 14, 20][17, 0, 19, 22, 12, 8, 26][10, 29, 27, 16][24, 7, 25, 28][5, 6, 13, 18][2, 15, 21][7, 27][6, 16][11, 25][11, 14][10, 15][18, 22] 
[4, 23, 3, 1, 9, 14, 20][17, 0, 19, 22, 12, 8, 26][10, 29, 27, 16][24, 7, 25, 28][5, 6, 13, 18][2, 15, 21][10, 15][7, 27][6, 16][11, 25][11, 14][18, 22] 
[17, 0, 19, 22, 12, 8, 26][4, 23, 3, 1, 9, 14, 20][5, 6, 13, 18][10, 29, 27, 16][24, 7, 25, 28][2, 15, 21][18, 22][6, 16][10, 15][7, 27][11, 25][11, 14] 
[17, 0, 19, 22, 12, 8, 26][4, 23, 3, 1, 9, 14, 20][5, 6, 13, 18][10, 29, 27, 16][24, 7, 25, 28][2, 21, 15][18, 22][6, 10][7, 27][11, 25][10, 15][11, 14] 
[4, 23, 3, 1, 9, 14, 20][17, 0, 19, 22, 12, 8, 26][10, 29, 27, 16][5, 6, 13, 18][11, 25, 28][24, 7, 25][2, 15, 21][11, 14][7, 27][10, 15][6, 16][18, 22] 
