[1, 24, 4, 7, 16, 27][2, 29, 10, 15, 5, 21][14, 11, 25, 28][3, 9, 23, 20][22, 19, 8, 26][0, 22, 17][12, 18, 17][6, 13, 18][3, 14][3, 24][0, 25][5, 6] 
[1, 24, 4, 7, 16, 27][2, 29, 10, 15, 5, 21][3, 9, 23, 20][14, 11, 25, 28][22, 19, 8, 26][0, 22, 17][12, 18, 17][6, 13, 18][3, 24][3, 14][0, 25][5, 6] 
[2, 29, 10, 15, 5, 21][1, 24, 4, 7, 16, 27][3, 9, 23, 20][14, 11, 25, 28][0, 22, 17, 19][19, 8, 26][12, 18, 17][6, 13, 18][3, 14][0, 25][5, 6][20, 24] 
[2, 29, 10, 15, 5, 21][1, 24, 4, 7, 16, 27][0, 22, 17, 19][14, 11, 25, 28][19, 8, 26][12, 18, 17][6, 13, 18][9, 3, 14][9, 23, 20][5, 6][0, 25][20, 24] 
[2, 29, 10, 15, 5, 21][1, 24, 4, 7, 16, 27][14, 11, 25, 28][22, 19, 8, 26][3, 9, 23, 20][0, 22, 17][12, 18, 17][6, 13, 18][0, 25][5, 6][3, 14][20, 24] 
[2, 29, 10, 15, 5, 21][1, 24, 4, 7, 16, 27][22, 19, 8, 26][14, 11, 25, 28][3, 9, 23, 20][0, 22, 17][12, 18, 17][6, 13, 18][5, 6][0, 25][3, 14][20, 24] 
[1, 24, 4, 7, 16, 27][2, 29, 10, 15, 5, 21][14, 11, 25, 28][3, 9, 23, 20][22, 19, 8, 26][0, 22, 17][12, 18, 17][6, 13, 18][0, 25][3, 14][20, 24][5, 6] 
[2, 29, 10, 15, 5, 21][1, 24, 4, 7, 16, 27][14, 11, 25, 28][22, 19, 8, 26][3, 9, 23, 20][0, 22, 17][12, 18, 17][6, 13, 18][0, 25][5, 6][3, 14][20, 24] 
[2, 29, 10, 15, 5, 21][1, 24, 4, 7, 16, 27][22, 19, 8, 26][14, 11, 25, 28][3, 9, 23, 20][6, 13, 18][12, 18, 17][0, 22, 17][5, 6][0, 25][3, 14][20, 24] 
[2, 29, 10, 15, 5, 21][1, 24, 4, 7, 16, 27][22, 19, 8, 26][14, 11, 25, 28][3, 9, 23, 20][6, 13, 18][12, 18, 17][0, 22, 17][5, 6][0, 25][3, 14][20, 24] 
[2, 29, 10, 15, 5, 21][1, 24, 4, 7, 16, 27][22, 19, 8, 26][14, 11, 25, 28][3, 9, 23, 20][0, 22, 17][12, 18, 17][6, 13, 18][5, 6][0, 25][3, 14][3, 24] 
[1, 24, 4, 7, 16, 27][2, 29, 10, 15, 5, 21][3, 9, 23, 20][14, 11, 25, 28][22, 19, 8, 26][0, 22, 17][12, 18, 17][6, 13, 18][3, 24][3, 14][0, 25][5, 6] 
[2, 29, 10, 15, 5, 21][1, 24, 4, 7, 16, 27][0, 22, 17, 19][14, 11, 25, 28][3, 9, 23, 20][19, 8, 26][12, 18, 17][6, 13, 18][5, 6][0, 25][3, 14][20, 24] 
[2, 29, 10, 15, 5, 21][1, 24, 4, 7, 16, 27][14, 11, 25, 28][22, 19, 8, 26][3, 9, 23, 20][6, 13, 18][12, 18, 17][0, 22, 17][5, 6][0, 25][3, 14][20, 24] 
[1, 24, 4, 7, 16, 27][2, 29, 10, 15, 5, 21][14, 11, 25, 28][3, 9, 23, 20][22, 19, 8, 26][0, 22, 17][12, 18, 17][6, 13, 18][3, 14][0, 25][20, 24][5, 6] 
[2, 29, 10, 15, 5, 21][1, 24, 4, 7, 16, 27][22, 19, 8, 26][14, 11, 25, 28][3, 9, 23, 20][6, 13, 18][12, 18, 17][0, 22, 17][5, 6][0, 25][3, 14][20, 24] 
[2, 29, 10, 15, 5, 21][1, 24, 4, 7, 16, 27][22, 19, 8, 26][14, 11, 25, 28][3, 9, 23, 20][0, 22, 17][12, 18, 17][6, 13, 18][5, 6][0, 25][3, 14][3, 24] 
[2, 29, 10, 15, 5, 21][1, 24, 4, 7, 16, 27][22, 19, 8, 26][14, 11, 25, 28][3, 9, 23, 20][12, 18, 17][0, 22, 17][6, 13, 18][5, 6][0, 25][3, 14][3, 24] 
[2, 29, 10, 15, 5, 21][1, 24, 4, 7, 16, 27][14, 11, 25, 28][22, 19, 8, 26][3, 9, 23, 20][6, 13, 18][12, 18, 17][0, 22, 17][5, 6][0, 25][3, 14][20, 24] 
[1, 24, 4, 7, 16, 27][2, 29, 10, 15, 5, 21][14, 11, 25, 28][3, 9, 23, 20][22, 19, 8, 26][0, 22, 17][12, 18, 17][6, 13, 18][3, 14][3, 24][0, 25][5, 6] 
[2, 29, 10, 15, 5, 21][1, 24, 4, 7, 16, 27][22, 19, 8, 26][14, 11, 25, 28][3, 9, 23, 20][0, 22, 17][12, 18, 17][6, 13, 18][0, 25][5, 6][3, 14][3, 24] 
[2, 29, 10, 15, 5, 21][1, 24, 4, 7, 16, 27][22, 19, 8, 26][14, 11, 25, 28][3, 9, 23, 20][0, 22, 17][12, 18, 17][6, 13, 18][0, 25][5, 6][3, 14][3, 24] 
[2, 29, 10, 15, 5, 21][1, 24, 4, 7, 16, 27][0, 22, 17, 19][14, 11, 25, 28][3, 9, 23, 20][6, 13, 18][12, 18, 17][19, 8, 26][5, 6][0, 25][3, 14][20, 24] 
[2, 29, 10, 15, 5, 21][1, 24, 4, 7, 16, 27][22, 19, 8, 26][14, 11, 25, 28][3, 9, 23, 20][0, 22, 17][12, 18, 17][6, 13, 18][5, 6][0, 25][3, 14][20, 24] 
[1, 24, 4, 7, 16, 27][2, 29, 10, 15, 5, 21][14, 11, 25, 28][3, 9, 23, 20][22, 19, 8, 26][0, 22, 17][12, 18, 17][6, 13, 18][0, 25][3, 14][20, 24][5, 6] 
[2, 29, 10, 15, 5, 21][1, 24, 4, 7, 16, 27][22, 19, 8, 26][14, 11, 25, 28][3, 9, 23, 20][0, 22, 17][12, 18, 17][6, 13, 18][5, 6][0, 25][3, 14][20, 24] 
[2, 29, 10, 15, 5, 21][1, 24, 4, 7, 16, 27][22, 19, 8, 26][14, 11, 25, 28][3, 9, 23, 20][0, 22, 17][12, 18, 17][6, 13, 18][5, 6][0, 25][3, 14][3, 24] 
[2, 29, 10, 15, 5, 21][1, 24, 4, 7, 16, 27][22, 19, 8, 26][14, 11, 25, 28][3, 9, 23, 20][12, 18, 17][0, 22, 17][6, 13, 18][5, 6][0, 25][3, 14][3, 24] 
[2, 29, 10, 15, 5, 21][1, 24, 4, 7, 16, 27][14, 11, 25, 28][22, 19, 8, 26][3, 9, 23, 20][6, 13, 18][12, 18, 17][0, 22, 17][5, 6][0, 25][3, 14][20, 24] 
[2, 29, 10, 15, 5, 21][1, 24, 4, 7, 16, 27][22, 19, 8, 26][14, 11, 25, 28][3, 9, 23, 20][0, 22, 17][12, 18, 17][6, 13, 18][5, 6][0, 25][3, 14][3, 24] 
[2, 29, 10, 15, 5, 21][1, 24, 4, 7, 16, 27][14, 11, 25, 28][3, 9, 23, 20][22, 19, 8, 26][0, 22, 17][12, 18, 17][6, 13, 18][3, 14][0, 25][5, 6][3, 24] 
[1, 24, 4, 7, 16, 27][2, 29, 10, 15, 5, 21][3, 9, 23, 20][14, 11, 25, 28][22, 19, 8, 26][0, 22, 17][12, 18, 17][6, 13, 18][3, 24][3, 14][0, 25][5, 6] 
[2, 29, 10, 15, 5, 21][1, 24, 4, 7, 16, 27][22, 19, 8, 26][14, 11, 25, 28][3, 9, 23, 20][0, 22, 17][12, 18, 17][6, 13, 18][5, 6][0, 25][3, 14][20, 24] 
[2, 29, 10, 15, 5, 21][1, 24, 4, 7, 16, 27][14, 11, 25, 28][22, 19, 8, 26][3, 9, 23, 20][0, 22, 17][12, 18, 17][6, 13, 18][0, 25][5, 6][3, 14][3, 24] 
[2, 29, 10, 15, 5, 21][1, 24, 4, 7, 16, 27][14, 11, 25, 28][22, 19, 8, 26][3, 9, 23, 20][0, 22, 17][12, 18, 17][6, 13, 18][0, 25][5, 6][3, 14][3, 24] 
[0, 22, 12, 17, 18, 13, 6, 10, 15, 5, 21, 2, 29, 27][0, 28, 25, 11, 14, 1, 23, 20, 24, 3, 9][16, 7, 4, 24][17, 19, 8, 26][20, 24][17, 18][11, 25][13, 18][17, 18][13, 18][11, 25][13, 18] 
[0, 22, 12, 17, 18, 13, 6, 10, 15, 5, 21, 2, 29][0, 28, 25, 11, 14, 1, 23, 20, 24, 3, 9][24, 4, 7, 16, 27][17, 19, 8, 26][9, 3, 24][17, 18][0, 22][17, 18][5, 21][13, 18][13, 18][13, 18] 
[0, 22, 12, 17, 18, 13, 6, 10, 15, 5, 21, 2, 29][0, 28, 25, 11, 14, 1, 23, 20, 24, 3, 9][24, 4, 7, 16, 27][17, 19, 8, 26][12, 17][13, 18][3, 24][13, 18][3, 24][13, 18][13, 18][20, 24] 
[22, 12, 17, 18, 13, 6, 10, 15, 5, 21, 2, 29, 27][0, 28, 25, 11, 14, 1, 23, 20, 24, 3, 9][24, 4, 7, 16, 27][22, 19, 8, 26][20, 24][20, 24][13, 18][11, 14][13, 18][5, 21][13, 18][13, 18] 
[22, 12, 17, 18, 13, 6, 10, 15, 5, 21, 2, 29, 27][0, 28, 25, 11, 14, 1, 23, 20, 24, 3, 9][24, 4, 7, 16, 27][22, 19, 8, 26][20, 24][20, 24][13, 18][11, 14][13, 18][5, 21][13, 18][13, 18] 
[22, 12, 17, 18, 13, 6, 10, 15, 5, 21, 2, 29][0, 28, 25, 11, 14, 1, 23, 20, 24, 3, 9][24, 4, 7, 16, 27][17, 19, 8, 26][17, 18][20, 24][5, 21][0, 22][20, 23][17, 18][20, 24][17, 18] 
[0, 22, 12, 17, 18, 13, 6, 10, 15, 5, 21, 2, 29][0, 28, 25, 11, 14, 1, 23, 20, 24, 3, 9][24, 4, 7, 16, 27][17, 19, 8, 26][12, 22][20, 24][3, 24][20, 24][8, 19][20, 24][13, 18][13, 18] 
[0, 22, 12, 17, 18, 13, 6, 10, 15, 5, 21, 2, 29][0, 28, 25, 11, 14, 1, 23, 20, 24, 3, 9][24, 4, 7, 16, 27][17, 19, 8, 26][13, 18][13, 18][17, 18][20, 24][3, 24][5, 21][13, 18][5, 21] 
[22, 12, 17, 18, 13, 6, 10, 15, 5, 21, 2, 29, 27][0, 28, 25, 11, 14, 1, 23, 20, 24, 3, 9][24, 4, 7, 16, 27][22, 19, 8, 26][13, 18][5, 21][13, 18][13, 18][13, 18][5, 21][20, 24][12, 17] 
[0, 22, 12, 17, 18, 13, 6, 10, 15, 5, 21, 2, 29][0, 28, 25, 11, 14, 1, 23, 20, 24, 3, 9][24, 4, 7, 16, 27][17, 19, 8, 26][12, 17][5, 21][5, 21][13, 18][12, 17][20, 24][13, 18][20, 24] 
[0, 22, 12, 17, 18, 13, 6, 10, 15, 5, 21, 2, 29][0, 28, 25, 11, 14, 1, 23, 20, 24, 3, 9][24, 4, 7, 16, 27][22, 19, 8, 26][20, 24][13, 18][17, 18][5, 21][5, 21][12, 17][13, 18][13, 18] 
[0, 22, 12, 17, 18, 13, 6, 10, 15, 5, 21, 2, 29][0, 28, 25, 11, 14, 1, 23, 20, 24, 3, 9][24, 4, 7, 16, 27][17, 19, 8, 26][12, 17][13, 18][3, 24][13, 18][3, 24][13, 18][13, 18][20, 24] 
[22, 12, 17, 18, 13, 6, 10, 15, 5, 21, 2, 29, 27][0, 28, 25, 11, 14, 1, 23, 20, 24, 3, 9][24, 4, 7, 16, 27][22, 19, 8, 26][13, 18][17, 18][13, 18][11, 14][5, 21][3, 24][12, 17][17, 18] 
[0, 22, 12, 17, 18, 13, 6, 10, 15, 5, 21, 2, 29][0, 28, 25, 11, 14, 1, 23, 20, 24, 3, 9][24, 4, 7, 16, 27][17, 19, 8, 26][12, 22][20, 24][3, 24][20, 24][8, 19][20, 24][13, 18][13, 18] 
[0, 22, 12, 17, 18, 13, 6, 10, 15, 5, 21, 2, 29, 27][0, 28, 25, 11, 14, 1, 23, 20, 24, 3, 9][16, 7, 4, 24][17, 19, 8, 26][13, 18][3, 24][25, 28][12, 22][13, 18][20, 24][17, 18][8, 19] 
[0, 22, 12, 17, 18, 13, 6, 10, 15, 5, 21, 2, 29][0, 28, 25, 11, 14, 1, 23, 20, 24, 3, 9][24, 4, 7, 16, 27][17, 19, 8, 26][12, 17][5, 21][5, 21][13, 18][12, 17][20, 24][13, 18][20, 24] 
[0, 22, 12, 17, 18, 13, 6, 10, 15, 5, 21, 2, 29, 27][0, 28, 25, 11, 14, 1, 23, 20, 24, 3, 9][5, 15, 10, 6, 13, 18, 17, 12, 22][4, 7, 16, 27][17, 19, 8, 26][0, 22][8, 26][13, 18][11, 14][11, 25][11, 25][8, 26] 
[22, 12, 17, 18, 13, 6, 10, 15, 5, 21, 2, 29, 27][0, 28, 25, 11, 14, 1, 23, 20, 24, 3, 9][24, 4, 7, 16, 27][22, 19, 8, 26][13, 18][17, 18][13, 18][11, 14][5, 21][3, 24][12, 17][17, 18] 
[0, 22, 12, 17, 18, 13, 6, 10, 15, 5, 21, 2, 29][0, 28, 25, 11, 14, 1, 23, 20, 24, 3, 9][24, 4, 7, 16, 27][17, 19, 8, 26][20, 24][13, 18][5, 21][12, 17][13, 18][20, 24][3, 24][20, 24] 
[0, 22, 12, 17, 18, 13, 6, 10, 15, 5, 21, 2, 29][0, 28, 25, 11, 14, 1, 23, 20, 24, 3, 9][24, 4, 7, 16, 27][17, 19, 8, 26][9, 3, 24][17, 18][0, 22][17, 18][5, 21][13, 18][13, 18][13, 18] 
[0, 22, 12, 17, 18, 13, 6, 10, 15, 5, 21, 2, 29, 27][0, 28, 25, 11, 14, 1, 23, 20, 24, 3, 9][17, 19, 8, 26][4, 7, 16, 27][11, 14][20, 24][11, 25][20, 24][11, 25][13, 18][11, 25][20, 24] 
[1, 24, 4, 7, 16, 27][2, 29, 10, 15, 5, 21][3, 9, 23, 20][14, 11, 25, 28][22, 19, 8, 26][0, 22, 17][12, 18, 17][6, 13, 18][3, 14][0, 25][20, 24][5, 6] 
[1, 24, 4, 7, 16, 27][2, 29, 10, 15, 5, 21][3, 9, 23, 20][14, 11, 25, 28][22, 19, 8, 26][0, 22, 17][12, 18, 17][6, 13, 18][3, 14][0, 25][20, 24][5, 6] 
[1, 24, 4, 7, 16, 27][2, 29, 10, 15, 5, 21][14, 11, 25, 28][3, 9, 23, 20][22, 19, 8, 26][0, 22, 17][12, 18, 17][6, 13, 18][3, 14][20, 24][0, 25][5, 6] 
[2, 29, 10, 15, 5, 21][1, 24, 4, 7, 16, 27][14, 11, 25, 28][22, 19, 8, 26][3, 9, 23, 20][6, 13, 18][12, 18, 17][0, 22, 17][5, 6][0, 25][3, 14][20, 24] 
[2, 29, 10, 15, 5, 21][1, 24, 4, 7, 16, 27][22, 19, 8, 26][14, 11, 25, 28][3, 9, 23, 20][6, 13, 18][12, 18, 17][0, 22, 17][5, 6][0, 25][3, 14][20, 24] 
[2, 29, 10, 15, 5, 21][1, 24, 4, 7, 16, 27][22, 19, 8, 26][14, 11, 25, 28][3, 9, 23, 20][0, 22, 17][12, 18, 17][6, 13, 18][0, 25][3, 14][5, 6][20, 24] 
[1, 24, 4, 7, 16, 27][2, 29, 10, 15, 5, 21][14, 11, 25, 28][3, 9, 23, 20][22, 19, 8, 26][0, 22, 17][12, 18, 17][6, 13, 18][3, 14][20, 24][0, 25][5, 6] 
[1, 24, 4, 7, 16, 27][2, 29, 10, 15, 5, 21][14, 11, 25, 28][3, 9, 23, 20][22, 19, 8, 26][0, 22, 17][12, 18, 17][6, 13, 18][3, 14][20, 24][0, 25][5, 6] 
[1, 24, 4, 7, 16, 27][2, 29, 10, 15, 5, 21][14, 11, 25, 28][3, 9, 23, 20][22, 19, 8, 26][0, 22, 17][12, 18, 17][6, 13, 18][3, 14][20, 24][0, 25][5, 6] 
[2, 29, 10, 15, 5, 21][1, 24, 4, 7, 16, 27][22, 19, 8, 26][14, 11, 25, 28][3, 9, 23, 20][6, 13, 18][12, 18, 17][0, 22, 17][5, 6][0, 25][3, 14][20, 24] 
[2, 29, 10, 15, 5, 21][1, 24, 4, 7, 16, 27][22, 19, 8, 26][14, 11, 25, 28][3, 9, 23, 20][0, 22, 17][12, 18, 17][6, 13, 18][5, 6][0, 25][3, 14][20, 24] 
[2, 29, 10, 15, 5, 21][1, 24, 4, 7, 16, 27][3, 9, 23, 20][14, 11, 25, 28][22, 19, 8, 26][0, 22, 17][12, 18, 17][6, 13, 18][3, 14][0, 25][5, 6][20, 24] 
[2, 29, 10, 15, 5, 21][1, 24, 4, 7, 16, 27][22, 19, 8, 26][14, 11, 25, 28][3, 9, 23, 20][0, 22, 17][12, 18, 17][6, 13, 18][5, 6][0, 25][3, 14][20, 24] 
[2, 29, 10, 15, 5, 21][1, 24, 4, 7, 16, 27][22, 19, 8, 26][14, 11, 25, 28][3, 9, 23, 20][0, 22, 17][12, 18, 17][6, 13, 18][0, 25][5, 6][3, 14][20, 24] 
[2, 29, 10, 15, 5, 21][1, 24, 4, 7, 16, 27][22, 19, 8, 26][14, 11, 25, 28][3, 9, 23, 20][6, 13, 18][12, 18, 17][0, 22, 17][5, 6][0, 25][3, 14][20, 24] 
[2, 29, 10, 15, 5, 21][1, 24, 4, 7, 16, 27][22, 19, 8, 26][14, 11, 25, 28][3, 9, 23, 20][0, 22, 17][12, 18, 17][6, 13, 18][5, 6][0, 25][3, 14][3, 24] 
[1, 24, 4, 7, 16, 27][2, 29, 10, 15, 5, 21][3, 9, 23, 20][14, 11, 25, 28][22, 19, 8, 26][0, 22, 17][12, 18, 17][6, 13, 18][3, 14][3, 24][0, 25][5, 6] 
[2, 29, 10, 15, 5, 21][1, 24, 4, 7, 16, 27][14, 11, 25, 28][3, 9, 23, 20][22, 19, 8, 26][0, 22, 17][12, 18, 17][6, 13, 18][3, 14][0, 25][5, 6][3, 24] 
[2, 29, 10, 15, 5, 21][1, 24, 4, 7, 16, 27][22, 19, 8, 26][14, 11, 25, 28][3, 9, 23, 20][0, 22, 17][12, 18, 17][6, 13, 18][0, 25][3, 14][5, 6][3, 24] 
[2, 29, 10, 15, 5, 21][1, 24, 4, 7, 16, 27][22, 19, 8, 26][14, 11, 25, 28][3, 9, 23, 20][6, 13, 18][12, 18, 17][0, 22, 17][5, 6][0, 25][3, 14][3, 24] 
[2, 29, 10, 15, 5, 21][1, 24, 4, 7, 16, 27][0, 22, 17, 19][14, 11, 25, 28][3, 9, 23, 20][6, 13, 18][12, 18, 17][19, 8, 26][0, 25][3, 14][5, 6][3, 24] 
[1, 24, 4, 7, 16, 27][2, 29, 10, 15, 5, 21][3, 9, 23, 20][14, 11, 25, 28][22, 19, 8, 26][0, 22, 17][12, 18, 17][6, 13, 18][20, 24][3, 14][0, 25][5, 6] 
[1, 24, 4, 7, 16, 27][2, 29, 10, 15, 5, 21][3, 9, 23, 20][14, 11, 25, 28][22, 19, 8, 26][0, 22, 17][12, 18, 17][6, 13, 18][20, 24][3, 14][0, 25][5, 6] 
[2, 29, 10, 15, 5, 21][1, 24, 4, 7, 16, 27][22, 19, 8, 26][14, 11, 25, 28][3, 9, 23, 20][6, 13, 18][12, 18, 17][0, 22, 17][5, 6][0, 25][3, 14][20, 24] 
[2, 29, 10, 15, 5, 21][1, 24, 4, 7, 16, 27][22, 19, 8, 26][14, 11, 25, 28][3, 9, 23, 20][0, 22, 17][12, 18, 17][6, 13, 18][0, 25][5, 6][3, 14][20, 24] 
[1, 24, 4, 7, 16, 27][2, 29, 10, 15, 5, 21][3, 9, 23, 20][14, 11, 25, 28][22, 19, 8, 26][0, 22, 17][12, 18, 17][6, 13, 18][20, 24][3, 14][0, 25][5, 6] 
[1, 24, 4, 7, 16, 27][2, 29, 10, 15, 5, 21][3, 9, 23, 20][14, 11, 25, 28][22, 19, 8, 26][0, 22, 17][12, 18, 17][6, 13, 18][20, 24][3, 14][0, 25][5, 6] 
[2, 29, 10, 15, 5, 21][1, 24, 4, 7, 16, 27][22, 19, 8, 26][14, 11, 25, 28][3, 9, 23, 20][6, 13, 18][12, 18, 17][0, 22, 17][5, 6][0, 25][3, 14][20, 24] 
[1, 24, 4, 7, 16, 27][2, 29, 10, 15, 5, 21][3, 9, 23, 20][14, 11, 25, 28][22, 19, 8, 26][0, 22, 17][12, 18, 17][6, 13, 18][3, 14][3, 24][0, 25][5, 6] 
[1, 24, 4, 7, 16, 27][2, 29, 10, 15, 5, 21][3, 9, 23, 20][14, 11, 25, 28][22, 19, 8, 26][0, 22, 17][12, 18, 17][6, 13, 18][3, 14][3, 24][0, 25][5, 6] 
[1, 24, 4, 7, 16, 27][2, 29, 10, 15, 5, 21][14, 11, 25, 28][3, 9, 23, 20][22, 19, 8, 26][0, 22, 17][12, 18, 17][6, 13, 18][3, 14][0, 25][3, 24][5, 6] 
[2, 29, 10, 15, 5, 21][1, 24, 4, 7, 16, 27][22, 19, 8, 26][14, 11, 25, 28][3, 9, 23, 20][6, 13, 18][12, 18, 17][0, 22, 17][5, 6][0, 25][3, 14][3, 24] 
[2, 29, 10, 15, 5, 21][1, 24, 4, 7, 16, 27][22, 19, 8, 26][14, 11, 25, 28][3, 9, 23, 20][6, 13, 18][12, 18, 17][0, 22, 17][5, 6][0, 25][3, 14][3, 24] 
[1, 24, 4, 7, 16, 27][2, 29, 10, 15, 5, 21][3, 9, 23, 20][14, 11, 25, 28][22, 19, 8, 26][0, 22, 17][12, 18, 17][6, 13, 18][3, 24][3, 14][0, 25][5, 6] 
[1, 24, 4, 7, 16, 27][2, 29, 10, 15, 5, 21][3, 9, 23, 20][14, 11, 25, 28][22, 19, 8, 26][0, 22, 17][12, 18, 17][6, 13, 18][3, 24][3, 14][0, 25][5, 6] 
[2, 29, 10, 15, 5, 21][1, 24, 4, 7, 16, 27][22, 19, 8, 26][14, 11, 25, 28][3, 9, 23, 20][0, 22, 17][12, 18, 17][6, 13, 18][5, 6][0, 25][3, 14][3, 24] 
[1, 24, 4, 7, 16, 27][2, 29, 10, 15, 5, 21][3, 9, 23, 20][14, 11, 25, 28][22, 19, 8, 26][0, 22, 17][12, 18, 17][6, 13, 18][3, 24][3, 14][0, 25][5, 6] 
[2, 29, 10, 15, 5, 21][1, 24, 4, 7, 16, 27][22, 19, 8, 26][14, 11, 25, 28][3, 9, 23, 20][0, 22, 17][12, 18, 17][6, 13, 18][0, 25][3, 14][5, 6][3, 24] 
[2, 29, 10, 15, 5, 21][1, 24, 4, 7, 16, 27][14, 11, 25, 28][3, 9, 23, 20][22, 19, 8, 26][0, 22, 17][12, 18, 17][6, 13, 18][3, 14][0, 25][5, 6][3, 24] 
[2, 29, 10, 15, 5, 21][1, 24, 4, 7, 16, 27][22, 19, 8, 26][14, 11, 25, 28][3, 9, 23, 20][0, 22, 17][12, 18, 17][6, 13, 18][0, 25][5, 6][3, 14][3, 24] 
[2, 29, 10, 15, 5, 21][1, 24, 4, 7, 16, 27][14, 11, 25, 28][3, 9, 23, 20][22, 19, 8, 26][0, 22, 17][12, 18, 17][6, 13, 18][3, 14][0, 25][5, 6][3, 24] 
[1, 24, 4, 7, 16, 27][2, 29, 10, 15, 5, 21][3, 9, 23, 20][14, 11, 25, 28][22, 19, 8, 26][0, 22, 17][12, 18, 17][6, 13, 18][3, 24][3, 14][0, 25][5, 6] 
[1, 24, 4, 7, 16, 27][2, 29, 10, 15, 5, 21][3, 9, 23, 20][14, 11, 25, 28][22, 19, 8, 26][0, 22, 17][12, 18, 17][6, 13, 18][3, 14][3, 24][0, 25][5, 6] 
[2, 29, 10, 15, 5, 21][8, 26, 0, 22, 17, 19][1, 24, 4, 7, 16, 27][14, 11, 25, 28][3, 9, 23, 20][6, 13, 18][12, 18, 17][5, 6][0, 22][0, 25][3, 14][20, 24] 
[8, 26, 0, 22, 17, 19][1, 24, 4, 7, 16, 27][2, 29, 10, 15, 5, 21][14, 11, 25, 28][3, 9, 23, 20][12, 18, 17][6, 13, 18][0, 25][3, 14][20, 24][5, 6][0, 22] 
[2, 29, 10, 15, 5, 21][8, 26, 0, 22, 17, 19][1, 24, 4, 7, 16, 27][14, 11, 25, 28][3, 9, 23, 20][6, 13, 18][12, 18, 17][5, 6][0, 22][0, 25][3, 14][20, 24] 
[8, 26, 0, 22, 17, 19][2, 29, 10, 15, 5, 21][1, 24, 4, 7, 16, 27][14, 11, 25, 28][3, 9, 23, 20][12, 18, 17][6, 13, 18][5, 6][0, 25][3, 14][20, 24][0, 22] 
[8, 26, 0, 22, 17, 19][1, 24, 4, 7, 16, 27][2, 29, 10, 15, 5, 21][14, 11, 25, 28][3, 9, 23, 20][12, 18, 17][6, 13, 18][0, 25][3, 14][20, 24][5, 6][0, 22] 
[2, 29, 10, 15, 5, 21][0, 28, 25, 11, 14, 1][6, 13, 18, 17, 12][24, 4, 7, 16, 27][22, 19, 8, 26][3, 9, 23, 20][17, 22][0, 22][5, 6][13, 18][1, 24][3, 24] 
[2, 29, 10, 15, 5, 21][1, 24, 4, 7, 16, 27][22, 19, 8, 26][14, 11, 25, 28][3, 9, 23, 20][6, 13, 18][12, 18, 17][0, 22, 17][5, 6][0, 25][3, 14][20, 24] 
[2, 29, 10, 15, 5, 21][1, 24, 4, 7, 16, 27][22, 19, 8, 26][14, 11, 25, 28][3, 9, 23, 20][6, 13, 18][12, 18, 17][0, 22, 17][5, 6][0, 25][3, 14][20, 24] 
[2, 29, 10, 15, 5, 21][1, 24, 4, 7, 16, 27][22, 19, 8, 26][14, 11, 25, 28][3, 9, 23, 20][0, 22, 17][12, 18, 17][6, 13, 18][0, 25][3, 14][5, 6][20, 24] 
[2, 29, 10, 15, 5, 21][1, 24, 4, 7, 16, 27][22, 19, 8, 26][14, 11, 25, 28][3, 9, 23, 20][6, 13, 18][12, 18, 17][0, 22, 17][5, 6][0, 25][3, 14][20, 24] 
[1, 24, 4, 7, 16, 27][2, 29, 10, 15, 5, 21][3, 9, 23, 20][14, 11, 25, 28][22, 19, 8, 26][0, 22, 17][12, 18, 17][6, 13, 18][20, 24][3, 14][0, 25][5, 6] 
[1, 24, 4, 7, 16, 27][2, 29, 10, 15, 5, 21][3, 9, 23, 20][14, 11, 25, 28][22, 19, 8, 26][0, 22, 17][12, 18, 17][6, 13, 18][3, 14][3, 24][0, 25][5, 6] 
[2, 29, 10, 15, 5, 21][1, 24, 4, 7, 16, 27][3, 9, 23, 20][14, 11, 25, 28][22, 19, 8, 26][0, 22, 17][12, 18, 17][6, 13, 18][3, 14][0, 25][5, 6][20, 24] 
