[4, 20, 7, 24, 14, 9][0, 12, 17, 19, 8, 26][23, 1, 3, 11, 25][15, 10, 27, 16][6, 5, 21][21, 2, 29][13, 18, 22][22, 25, 28][7, 27][6, 10][6, 13][17, 22] 
[16, 27, 10, 15, 2, 29][4, 20, 7, 24, 14, 9][0, 12, 17, 19, 8, 26][11, 3, 1, 23][6, 5, 21][13, 18, 22][22, 25, 28][6, 10][7, 27][6, 13][11, 25][17, 22] 
[0, 12, 17, 19, 8, 26][4, 20, 7, 24, 14, 9][6, 10, 2, 29][15, 10, 27, 16][11, 3, 1, 23][22, 25, 28][13, 18, 22][5, 6, 13][11, 25][17, 22][7, 27][5, 21] 
[16, 27, 10, 15, 2, 29][4, 20, 7, 24, 14, 9][23, 1, 3, 11, 25][8, 26, 0, 19, 12][13, 18, 22, 17][22, 25, 28][6, 13][5, 6][17, 19][6, 10][7, 27][5, 21] 
[4, 20, 7, 24, 14, 9][23, 1, 3, 11, 25][8, 26, 0, 19, 12][13, 18, 22, 17][15, 10, 27, 16][5, 21, 2, 29][22, 25, 28][6, 13][6, 10][5, 6][7, 27][17, 19] 
[4, 20, 7, 24, 14, 9][23, 1, 3, 11, 25][8, 26, 0, 19, 12][13, 18, 22, 17][5, 21, 2, 29][15, 10, 27, 16][22, 25, 28][5, 6][6, 13][17, 19][6, 10][7, 27] 
[4, 20, 7, 24, 14, 9][23, 1, 3, 11, 25][8, 26, 0, 19, 12][15, 10, 27, 16][13, 18, 22, 17][6, 5, 21][21, 2, 29][22, 25, 28][6, 10][7, 27][6, 13][17, 19] 
[4, 20, 7, 24, 14, 9][23, 1, 3, 11, 25][8, 26, 0, 19, 12][15, 10, 27, 16][5, 21, 2, 29][13, 18, 22, 17][22, 25, 28][7, 27][6, 10][5, 6][6, 13][17, 19] 
[4, 20, 7, 24, 14, 9][23, 1, 3, 11, 25][8, 26, 0, 19, 12][5, 21, 2, 29][13, 18, 22, 17][15, 10, 27, 16][22, 25, 28][5, 6][6, 13][17, 19][6, 10][7, 27] 
[4, 20, 7, 24, 14, 9][23, 1, 3, 11, 25][8, 26, 0, 19, 12][15, 10, 27, 16][5, 21, 2, 29][13, 18, 22, 17][22, 25, 28][7, 27][6, 10][5, 6][6, 13][17, 19] 
[4, 20, 7, 24, 14, 9][0, 12, 17, 19, 8, 26][23, 1, 3, 11, 25][15, 10, 27, 16][6, 5, 21][21, 2, 29][13, 18, 22][22, 25, 28][7, 27][6, 10][6, 13][17, 22] 
[0, 12, 17, 19, 8, 26][16, 27, 10, 15, 2, 29][4, 20, 7, 24, 14, 9][11, 3, 1, 23][22, 25, 28][13, 18, 22][6, 5, 21][11, 25][6, 13][17, 22][6, 10][7, 27] 
[0, 12, 17, 19, 8, 26][4, 20, 7, 24, 14, 9][23, 1, 3, 11, 25][15, 10, 27, 16][22, 25, 28][13, 18, 22][6, 5, 21][10, 2, 29][6, 13][17, 22][6, 10][7, 27] 
[4, 20, 7, 24, 14, 9][23, 1, 3, 11, 25][8, 26, 0, 19, 12][13, 18, 22, 17][15, 10, 27, 16][5, 21, 2, 29][22, 25, 28][17, 19][6, 13][5, 6][6, 10][7, 27] 
[4, 20, 7, 24, 14, 9][23, 1, 3, 11, 25][8, 26, 0, 19, 12][15, 10, 27, 16][5, 21, 2, 29][13, 18, 22, 17][22, 25, 28][7, 27][6, 10][5, 6][6, 13][17, 19] 
[4, 20, 7, 24, 14, 9][23, 1, 3, 11, 25][8, 26, 0, 19, 12][13, 18, 22, 17][15, 10, 27, 16][5, 21, 2, 29][22, 25, 28][17, 19][6, 13][5, 6][6, 10][7, 27] 
[4, 20, 7, 24, 14, 9][0, 12, 17, 19, 8, 26][23, 1, 3, 11, 25][15, 10, 27, 16][6, 5, 21][13, 18, 22][22, 25, 28][21, 2, 29][6, 10][6, 13][7, 27][17, 22] 
[0, 12, 17, 19, 8, 26][16, 27, 10, 15, 2, 29][4, 20, 7, 24, 14, 9][11, 3, 1, 23][22, 25, 28][13, 18, 22][6, 5, 21][11, 25][6, 13][17, 22][6, 10][7, 27] 
[4, 20, 7, 24, 14, 9][23, 1, 3, 11, 25][8, 26, 0, 19, 12][15, 10, 27, 16][13, 18, 22, 17][5, 21, 2, 29][22, 25, 28][6, 10][6, 13][7, 27][17, 19][5, 6] 
[4, 20, 7, 24, 14, 9][0, 12, 17, 19, 8, 26][23, 1, 3, 11, 25][15, 10, 27, 16][6, 5, 21][21, 2, 29][13, 18, 22][22, 25, 28][6, 10][7, 27][6, 13][17, 22] 
[4, 20, 7, 24, 14, 9][0, 12, 17, 19, 8, 26][23, 1, 3, 11, 25][15, 10, 27, 16][6, 5, 21][21, 2, 29][13, 18, 22][22, 25, 28][7, 27][6, 10][6, 13][17, 22] 
[4, 20, 7, 24, 14, 9][16, 27, 10, 15, 2, 29][0, 12, 17, 19, 8, 26][11, 3, 1, 23][6, 5, 21][13, 18, 22][22, 25, 28][7, 27][6, 10][6, 13][11, 25][17, 22] 
[0, 12, 17, 19, 8, 26][4, 20, 7, 24, 14, 9][23, 1, 3, 11, 25][15, 10, 27, 16][22, 25, 28][13, 18, 22][6, 5, 21][10, 2, 29][6, 13][17, 22][6, 10][7, 27] 
[4, 20, 7, 24, 14, 9][23, 1, 3, 11, 25][8, 26, 0, 19, 12][13, 18, 22, 17][15, 10, 27, 16][5, 21, 2, 29][22, 25, 28][17, 19][6, 13][6, 10][5, 6][7, 27] 
[4, 20, 7, 24, 14, 9][23, 1, 3, 11, 25][8, 26, 0, 19, 12][13, 18, 22, 17][5, 21, 2, 29][15, 10, 27, 16][22, 25, 28][5, 6][6, 13][17, 19][6, 10][7, 27] 
[4, 20, 7, 24, 14, 9][23, 1, 3, 11, 25][8, 26, 0, 19, 12][15, 10, 27, 16][5, 21, 2, 29][13, 18, 22, 17][22, 25, 28][7, 27][6, 10][5, 6][6, 13][17, 19] 
[4, 20, 7, 24, 14, 9][0, 12, 17, 19, 8, 26][23, 1, 3, 11, 25][15, 10, 27, 16][6, 5, 21][13, 18, 22][22, 25, 28][21, 2, 29][6, 10][6, 13][7, 27][17, 22] 
[0, 12, 17, 19, 8, 26][16, 27, 10, 15, 2, 29][4, 20, 7, 24, 14, 9][11, 3, 1, 23][22, 25, 28][13, 18, 22][6, 5, 21][11, 25][6, 13][17, 22][6, 10][7, 27] 
[4, 20, 7, 24, 14, 9][23, 1, 3, 11, 25][8, 26, 0, 19, 12][13, 18, 22, 17][5, 21, 2, 29][15, 10, 27, 16][22, 25, 28][6, 13][5, 6][17, 19][6, 10][7, 27] 
[4, 20, 7, 24, 14, 9][0, 12, 17, 19, 8, 26][23, 1, 3, 11, 25][15, 10, 27, 16][6, 5, 21][13, 18, 22][21, 2, 29][22, 25, 28][6, 10][7, 27][6, 13][17, 22] 
[4, 20, 7, 24, 14, 9][0, 12, 17, 19, 8, 26][23, 1, 3, 11, 25][15, 10, 27, 16][6, 5, 21][13, 18, 22][22, 25, 28][21, 2, 29][7, 27][6, 10][6, 13][17, 22] 
[4, 20, 7, 24, 14, 9][16, 27, 10, 15, 2, 29][0, 12, 17, 19, 8, 26][11, 3, 1, 23][6, 5, 21][13, 18, 22][22, 25, 28][7, 27][6, 10][6, 13][11, 25][17, 22] 
[4, 20, 7, 24, 14, 9][23, 1, 3, 11, 25][8, 26, 0, 19, 12][15, 10, 27, 16][13, 18, 22, 17][5, 21, 2, 29][22, 25, 28][7, 27][6, 10][5, 6][6, 13][17, 19] 
[0, 12, 17, 19, 8, 26][4, 20, 7, 24, 14, 9][23, 1, 3, 11, 25][15, 10, 27, 16][13, 18, 22][6, 5, 21][22, 25, 28][21, 2, 29][6, 13][17, 22][6, 10][7, 27] 
[4, 20, 7, 24, 14, 9][0, 12, 17, 19, 8, 26][23, 1, 3, 11, 25][15, 10, 27, 16][6, 5, 21][13, 18, 22][22, 25, 28][21, 2, 29][7, 27][6, 10][6, 13][17, 22] 
[2, 7, 28, 25, 22, 18, 13, 6, 16, 27, 10, 21, 5, 15, 29][4, 1, 3, 11, 17, 22, 0, 12, 19, 8, 26][9, 14, 24, 7, 20][23, 24][16, 27][25, 28][16, 27][18, 22][6, 13][6, 13][6, 13][6, 13] 
[2, 7, 28, 25, 22, 18, 13, 6, 16, 27, 10, 21, 5, 15, 29][4, 1, 3, 11, 17, 22, 0, 12, 19, 8, 26][9, 14, 24, 7, 20][6, 13][23, 24][6, 13][6, 13][25, 28][6, 13][6, 13][16, 27][18, 22] 
[2, 7, 28, 25, 22, 18, 13, 6, 16, 27, 10, 21, 5, 15, 29][4, 1, 3, 11, 17, 22, 0, 12, 19, 8, 26][9, 14, 24, 7, 20][23, 24][16, 27][25, 28][16, 27][18, 22][6, 13][6, 13][6, 13][6, 13] 
[28, 25, 22, 18, 13, 6, 16, 27, 10, 21, 5, 15, 29][24, 4, 1, 3, 11, 17, 22, 0, 12, 19, 8, 26][9, 14, 24, 7, 20][23, 24][6, 13][6, 13][16, 27][6, 13][16, 27][2, 7][18, 22][18, 22] 
[28, 25, 22, 18, 13, 6, 16, 27, 10, 21, 5, 15, 29][4, 1, 3, 11, 17, 22, 0, 12, 19, 8, 26][17, 11, 3, 1, 4, 24, 23][9, 14, 24, 7, 20][23, 24][2, 7][9, 14][16, 27][23, 24][23, 24][6, 13][5, 21] 
[23, 24, 4, 1, 3, 11, 17, 22, 0, 12, 19, 8, 26][15, 5, 21, 10, 27, 16, 6, 13, 18][9, 14, 24, 7, 20][21, 2, 29][22, 25, 28][19, 8, 26][16, 27][7, 27][25, 28][6, 13][17, 22][6, 13] 
[2, 7, 28, 25, 22, 18, 13, 6, 16, 27, 10, 21, 5, 15, 29][4, 1, 3, 11, 17, 22, 0, 12, 19, 8, 26][9, 14, 24, 7, 20][23, 24][6, 13][16, 27][16, 27][16, 27][6, 13][16, 27][16, 27][6, 13] 
[2, 7, 28, 25, 22, 18, 13, 6, 16, 27, 10, 21, 5, 15, 29][4, 1, 3, 11, 17, 22, 0, 12, 19, 8, 26][9, 14, 24, 7, 20][18, 22][23, 24][16, 27][9, 14][6, 13][2, 7][16, 27][2, 7][16, 27] 
[23, 24, 4, 1, 3, 11, 17, 22, 0, 12, 19, 8, 26][2, 7, 28, 25, 22, 18, 13, 6, 16][16, 27, 10, 21, 5, 15, 29][9, 14, 24, 7, 20][17, 22][6, 13][6, 13][6, 13][6, 13][6, 13][17, 22][6, 13] 
[2, 7, 28, 25, 22, 18, 13, 6, 16, 27, 10, 21, 5, 15, 29][23, 24, 4, 1, 3, 11, 17, 22, 0, 12, 19, 8, 26][9, 14, 24, 7, 20][6, 13][17, 22][16, 27][6, 13][16, 27][6, 13][6, 13][6, 13][6, 13] 
[2, 7, 28, 25, 22, 18, 13, 6, 16, 27, 10, 21, 5, 15, 29][17, 22, 0, 12, 19, 8, 26][4, 20, 7, 24, 14, 9][23, 1, 3, 11, 25][6, 13][18, 22][18, 22][6, 13][18, 22][6, 13][6, 13][6, 13] 
[2, 7, 28, 25, 22, 18, 13, 6, 16, 27, 10, 21, 5, 15, 29][4, 1, 3, 11, 17, 22, 0, 12, 19, 8, 26][9, 14, 24, 7, 20][23, 24][6, 13][16, 27][16, 27][16, 27][6, 13][16, 27][16, 27][6, 13] 
[28, 25, 22, 18, 13, 6, 16, 27, 10, 21, 5, 15, 29][4, 1, 3, 11, 17, 22, 0, 12, 19, 8, 26][4, 20, 7, 24, 14, 9][1, 23][17, 22][2, 7][18, 22][17, 22][18, 22][16, 27][18, 22][16, 27] 
[2, 7, 28, 25, 22, 18, 13, 6, 16, 27, 10, 21, 5, 15, 29][17, 22, 0, 12, 19, 8, 26][4, 20, 7, 24, 14, 9][23, 1, 3, 11, 25][6, 13][18, 22][18, 22][6, 13][18, 22][6, 13][6, 13][6, 13] 
[2, 7, 28, 25, 22, 18, 13, 6, 16, 27, 10, 21, 5, 15, 29][17, 22, 0, 12, 19, 8, 26][4, 20, 7, 24, 14, 9][23, 1, 3, 11, 25][6, 13][18, 22][18, 22][6, 13][6, 13][18, 22][18, 22][18, 22] 
[2, 7, 28, 25, 22, 18, 13, 6, 16, 27, 10, 21, 5, 15, 29][23, 24, 4, 1, 3, 11, 17, 22, 0, 12, 19, 8, 26][9, 14, 24, 7, 20][2, 7, 28, 25][6, 13][6, 13][25, 28][16, 27][16, 27][17, 22][18, 22][2, 7] 
[2, 7, 28, 25, 22, 18, 13, 6, 16, 27, 10, 21, 5, 15, 29][23, 24, 4, 1, 3, 11, 17, 22, 0, 12, 19, 8, 26][3, 1, 4, 24, 23][9, 14, 24, 7, 20][6, 13][2, 7][18, 22][18, 22][6, 13][18, 22][6, 13][25, 28] 
[28, 25, 22, 18, 13, 6, 16, 27, 10, 21, 5, 15, 29][23, 24, 4, 1, 3, 11, 17, 22, 0, 12, 19, 8, 26][9, 14, 24, 7, 20][16, 27][16, 27][18, 22][16, 27][1, 4][2, 7][18, 22][16, 27][16, 27] 
[2, 7, 28, 25, 22, 18, 13, 6, 16, 27, 10, 21, 5, 15, 29][23, 24, 4, 1, 3, 11, 17, 22, 0, 12, 19, 8, 26][9, 14, 24, 7, 20][6, 13][17, 22][16, 27][6, 13][16, 27][6, 13][6, 13][6, 13][6, 13] 
[2, 7, 28, 25, 22, 18, 13, 6, 16, 27, 10, 21, 5, 15, 29][23, 24, 4, 1, 3, 11, 17, 22, 0, 12, 19, 8, 26][9, 14, 24, 7, 20][2, 7, 28][23, 24][9, 14][6, 13][6, 13][25, 28][3, 11][18, 22][9, 14] 
[2, 7, 28, 25, 22, 18, 13, 6, 16, 27, 10, 21, 5, 15, 29][23, 24, 4, 1, 3, 11, 17, 22, 0, 12, 19, 8, 26][9, 14, 24, 7, 20][2, 7, 28][23, 24][9, 14][6, 13][6, 13][25, 28][3, 11][18, 22][9, 14] 
[4, 20, 7, 24, 14, 9][23, 1, 3, 11, 25][8, 26, 0, 19, 12][5, 21, 2, 29][13, 18, 22, 17][15, 10, 27, 16][22, 25, 28][5, 6][6, 13][17, 19][6, 10][7, 27] 
[4, 20, 7, 24, 14, 9][23, 1, 3, 11, 25][8, 26, 0, 19, 12][13, 18, 22, 17][5, 21, 2, 29][15, 10, 27, 16][22, 25, 28][6, 13][17, 19][5, 6][6, 10][7, 27] 
[4, 20, 7, 24, 14, 9][23, 1, 3, 11, 25][8, 26, 0, 19, 12][13, 18, 22, 17][5, 21, 2, 29][15, 10, 27, 16][22, 25, 28][6, 13][5, 6][6, 10][17, 19][7, 27] 
[4, 20, 7, 24, 14, 9][8, 26, 0, 19, 12][23, 1, 3, 11, 25][13, 18, 22, 17][15, 10, 27, 16][5, 21, 2, 29][22, 25, 28][17, 19][6, 13][5, 6][6, 10][7, 27] 
[4, 20, 7, 24, 14, 9][23, 1, 3, 11, 25][8, 26, 0, 19, 12][15, 10, 27, 16][13, 18, 22, 17][5, 21, 2, 29][22, 25, 28][6, 10][6, 13][17, 19][7, 27][5, 6] 
[4, 20, 7, 24, 14, 9][23, 1, 3, 11, 25][8, 26, 0, 19, 12][5, 21, 2, 29][13, 18, 22, 17][15, 10, 27, 16][22, 25, 28][5, 6][6, 13][17, 19][6, 10][7, 27] 
[4, 20, 7, 24, 14, 9][23, 1, 3, 11, 25][8, 26, 0, 19, 12][5, 21, 2, 29][13, 18, 22, 17][15, 10, 27, 16][22, 25, 28][5, 6][6, 13][17, 19][6, 10][7, 27] 
[4, 20, 7, 24, 14, 9][23, 1, 3, 11, 25][8, 26, 0, 19, 12][13, 18, 22, 17][15, 10, 27, 16][5, 21, 2, 29][22, 25, 28][6, 13][6, 10][7, 27][17, 19][5, 6] 
[4, 20, 7, 24, 14, 9][23, 1, 3, 11, 25][8, 26, 0, 19, 12][13, 18, 22, 17][5, 21, 2, 29][15, 10, 27, 16][22, 25, 28][6, 13][5, 6][6, 10][7, 27][17, 19] 
[4, 20, 7, 24, 14, 9][8, 26, 0, 19, 12][23, 1, 3, 11, 25][13, 18, 22, 17][15, 10, 27, 16][5, 21, 2, 29][22, 25, 28][17, 19][6, 13][6, 10][5, 6][7, 27] 
[4, 20, 7, 24, 14, 9][8, 26, 0, 19, 12][23, 1, 3, 11, 25][13, 18, 22, 17][15, 10, 27, 16][5, 21, 2, 29][22, 25, 28][17, 19][6, 13][5, 6][6, 10][7, 27] 
[4, 20, 7, 24, 14, 9][23, 1, 3, 11, 25][8, 26, 0, 19, 12][5, 21, 2, 29][15, 10, 27, 16][13, 18, 22, 17][22, 25, 28][5, 6][6, 10][7, 27][6, 13][17, 19] 
[4, 20, 7, 24, 14, 9][23, 1, 3, 11, 25][8, 26, 0, 19, 12][15, 10, 27, 16][13, 18, 22, 17][5, 21, 2, 29][22, 25, 28][7, 27][6, 10][5, 6][6, 13][17, 19] 
[4, 20, 7, 24, 14, 9][23, 1, 3, 11, 25][8, 26, 0, 19, 12][15, 10, 27, 16][13, 18, 22, 17][5, 21, 2, 29][22, 25, 28][7, 27][6, 10][6, 13][17, 19][5, 6] 
[4, 20, 7, 24, 14, 9][23, 1, 3, 11, 25][8, 26, 0, 19, 12][13, 18, 22, 17][5, 21, 2, 29][15, 10, 27, 16][22, 25, 28][6, 13][5, 6][17, 19][6, 10][7, 27] 
[4, 20, 7, 24, 14, 9][0, 12, 17, 19, 8, 26][23, 1, 3, 11, 25][15, 10, 27, 16][6, 5, 21][21, 2, 29][13, 18, 22][22, 25, 28][6, 10][7, 27][6, 13][17, 22] 
[4, 20, 7, 24, 14, 9][0, 12, 17, 19, 8, 26][23, 1, 3, 11, 25][15, 10, 27, 16][5, 21, 2, 29][6, 5, 21][13, 18, 22][22, 25, 28][6, 10][7, 27][6, 13][17, 22] 
[4, 20, 7, 24, 14, 9][0, 12, 17, 19, 8, 26][23, 1, 3, 11, 25][5, 21, 2, 29][15, 10, 27, 16][13, 18, 22][22, 25, 28][2, 15][6, 10][7, 27][6, 13][17, 22] 
[4, 20, 7, 24, 14, 9][0, 12, 17, 19, 8, 26][23, 1, 3, 11, 25][15, 10, 27, 16][6, 5, 21][13, 18, 22][22, 25, 28][21, 2, 29][6, 13][6, 10][7, 27][17, 22] 
[4, 20, 7, 24, 14, 9][0, 12, 17, 19, 8, 26][23, 1, 3, 11, 25][15, 10, 27, 16][5, 21, 2, 29][6, 5, 21][13, 18, 22][22, 25, 28][6, 10][7, 27][6, 13][17, 22] 
[4, 20, 7, 24, 14, 9][16, 27, 10, 15, 2, 29][0, 12, 17, 19, 8, 26][11, 3, 1, 23][6, 5, 21][13, 18, 22][22, 25, 28][7, 27][6, 10][6, 13][17, 22][11, 25] 
[4, 20, 7, 24, 14, 9][23, 1, 3, 11, 25][8, 26, 0, 19, 12][13, 18, 22, 17][5, 21, 2, 29][15, 10, 27, 16][22, 25, 28][6, 13][17, 19][5, 6][6, 10][7, 27] 
[4, 20, 7, 24, 14, 9][23, 1, 3, 11, 25][8, 26, 0, 19, 12][5, 21, 2, 29][13, 18, 22, 17][15, 10, 27, 16][22, 25, 28][5, 6][6, 13][17, 19][6, 10][7, 27] 
[4, 20, 7, 24, 14, 9][23, 1, 3, 11, 25][8, 26, 0, 19, 12][13, 18, 22, 17][5, 21, 2, 29][15, 10, 27, 16][22, 25, 28][6, 13][5, 6][6, 10][7, 27][17, 19] 
[4, 20, 7, 24, 14, 9][23, 1, 3, 11, 25][8, 26, 0, 19, 12][13, 18, 22, 17][15, 10, 27, 16][5, 21, 2, 29][22, 25, 28][6, 13][6, 10][7, 27][17, 19][5, 6] 
[4, 20, 7, 24, 14, 9][23, 1, 3, 11, 25][8, 26, 0, 19, 12][15, 10, 27, 16][13, 18, 22, 17][5, 21, 2, 29][22, 25, 28][7, 27][6, 10][6, 13][17, 19][5, 6] 
[4, 20, 7, 24, 14, 9][0, 12, 17, 19, 8, 26][23, 1, 3, 11, 25][15, 10, 27, 16][5, 21, 2, 29][13, 18, 22][22, 25, 28][7, 27][6, 10][5, 6][6, 13][17, 22] 
[4, 20, 7, 24, 14, 9][8, 26, 0, 19, 12][23, 1, 3, 11, 25][13, 18, 22, 17][15, 10, 27, 16][5, 21, 2, 29][22, 25, 28][17, 19][6, 13][6, 10][5, 6][7, 27] 
[4, 20, 7, 24, 14, 9][0, 12, 17, 19, 8, 26][23, 1, 3, 11, 25][15, 10, 27, 16][6, 5, 21][21, 2, 29][13, 18, 22][22, 25, 28][7, 27][6, 10][6, 13][17, 22] 
[4, 20, 7, 24, 14, 9][0, 12, 17, 19, 8, 26][23, 1, 3, 11, 25][15, 10, 27, 16][6, 5, 21][21, 2, 29][13, 18, 22][22, 25, 28][7, 27][6, 10][6, 13][17, 22] 
[4, 20, 7, 24, 14, 9][0, 12, 17, 19, 8, 26][23, 1, 3, 11, 25][5, 21, 2, 29][15, 10, 27, 16][13, 18, 22][22, 25, 28][2, 15][6, 10][7, 27][6, 13][17, 22] 
[0, 12, 17, 19, 8, 26][4, 20, 7, 24, 14, 9][23, 1, 3, 11, 25][15, 10, 27, 16][22, 25, 28][13, 18, 22][6, 5, 21][21, 2, 29][17, 22][6, 13][6, 10][7, 27] 
[0, 12, 17, 19, 8, 26][4, 20, 7, 24, 14, 9][23, 1, 3, 11, 25][15, 10, 27, 16][22, 25, 28][13, 18, 22][6, 5, 21][21, 2, 29][6, 13][6, 10][17, 22][7, 27] 
[4, 20, 7, 24, 14, 9][0, 12, 17, 19, 8, 26][23, 1, 3, 11, 25][15, 10, 27, 16][5, 21, 2, 29][6, 5, 21][13, 18, 22][22, 25, 28][7, 27][6, 10][6, 13][17, 22] 
[4, 20, 7, 24, 14, 9][0, 12, 17, 19, 8, 26][23, 1, 3, 11, 25][15, 10, 27, 16][6, 5, 21][21, 2, 29][13, 18, 22][22, 25, 28][7, 27][6, 10][6, 13][17, 22] 
[0, 12, 17, 19, 8, 26][4, 20, 7, 24, 14, 9][23, 1, 3, 11, 25][15, 10, 27, 16][21, 2, 29][6, 5, 21][13, 18, 22][22, 25, 28][6, 10][6, 13][17, 22][7, 27] 
[4, 20, 7, 24, 14, 9][0, 12, 17, 19, 8, 26][23, 1, 3, 11, 25][15, 10, 27, 16][6, 5, 21][21, 2, 29][13, 18, 22][22, 25, 28][7, 27][6, 10][6, 13][17, 22] 
[4, 20, 7, 24, 14, 9][0, 12, 17, 19, 8, 26][23, 1, 3, 11, 25][15, 10, 27, 16][6, 5, 21][13, 18, 22][21, 2, 29][22, 25, 28][7, 27][6, 10][6, 13][17, 22] 
[0, 12, 17, 19, 8, 26][4, 20, 7, 24, 14, 9][23, 1, 3, 11, 25][15, 10, 27, 16][13, 18, 22][22, 25, 28][6, 5, 21][21, 2, 29][17, 22][6, 13][6, 10][7, 27] 
[4, 20, 7, 24, 14, 9][0, 12, 17, 19, 8, 26][23, 1, 3, 11, 25][15, 10, 27, 16][6, 5, 21][21, 2, 29][13, 18, 22][22, 25, 28][6, 10][7, 27][6, 13][17, 22] 
[4, 20, 7, 24, 14, 9][0, 12, 17, 19, 8, 26][23, 1, 3, 11, 25][15, 10, 27, 16][5, 21, 2, 29][6, 5, 21][13, 18, 22][22, 25, 28][7, 27][6, 10][6, 13][17, 22] 
[4, 20, 7, 24, 14, 9][0, 12, 17, 19, 8, 26][23, 1, 3, 11, 25][15, 10, 27, 16][6, 5, 21][21, 2, 29][13, 18, 22][22, 25, 28][6, 10][7, 27][6, 13][17, 22] 
[0, 12, 17, 19, 8, 26][4, 20, 7, 24, 14, 9][23, 1, 3, 11, 25][15, 10, 27, 16][13, 18, 22][22, 25, 28][6, 5, 21][21, 2, 29][17, 22][6, 13][6, 10][7, 27] 
[16, 27, 10, 15, 2, 29][4, 20, 7, 24, 14, 9][0, 12, 17, 19, 8, 26][23, 1, 3, 11, 25][6, 5, 21][13, 18, 22][22, 25, 28][7, 27][6, 10][6, 13][17, 22][3, 11] 
[16, 27, 10, 15, 2, 29][4, 20, 7, 24, 14, 9][0, 12, 17, 19, 8, 26][23, 1, 3, 11, 25][6, 5, 21][13, 18, 22][22, 25, 28][6, 10][7, 27][6, 13][17, 22][3, 11] 
[0, 12, 17, 19, 8, 26][16, 27, 10, 15, 2, 29][4, 20, 7, 24, 14, 9][23, 1, 3, 11, 25][22, 25, 28][13, 18, 22][6, 5, 21][3, 11][17, 22][6, 13][6, 10][7, 27] 
[0, 12, 17, 19, 8, 26][16, 27, 10, 15, 2, 29][4, 20, 7, 24, 14, 9][23, 1, 3, 11, 25][22, 25, 28][13, 18, 22][6, 5, 21][3, 11][17, 22][6, 13][6, 10][7, 27] 
[16, 27, 10, 15, 2, 29][4, 20, 7, 24, 14, 9][0, 12, 17, 19, 8, 26][23, 1, 3, 11, 25][6, 5, 21][13, 18, 22][22, 25, 28][7, 27][6, 10][6, 13][17, 22][3, 11] 
[0, 12, 17, 19, 8, 26][16, 27, 10, 15, 2, 29][4, 20, 7, 24, 14, 9][23, 1, 3, 11, 25][13, 18, 22, 17][22, 25, 28][6, 5, 21][3, 11][6, 13][6, 10][7, 27][17, 19] 
[4, 20, 7, 24, 14, 9][0, 12, 17, 19, 8, 26][23, 1, 3, 11, 25][5, 21, 2, 29][15, 10, 27, 16][13, 18, 22][22, 25, 28][6, 13][6, 10][7, 27][17, 22][5, 6] 
[0, 12, 17, 19, 8, 26][4, 20, 7, 24, 14, 9][23, 1, 3, 11, 25][15, 10, 27, 16][5, 21, 2, 29][22, 25, 28][13, 18, 22][17, 22][6, 13][6, 10][7, 27][5, 6] 
[0, 12, 17, 19, 8, 26][4, 20, 7, 24, 14, 9][23, 1, 3, 11, 25][5, 21, 2, 29][15, 10, 27, 16][13, 18, 22][22, 25, 28][5, 6][6, 13][17, 22][6, 10][7, 27] 
[0, 12, 17, 19, 8, 26][4, 20, 7, 24, 14, 9][23, 1, 3, 11, 25][5, 21, 2, 29][15, 10, 27, 16][13, 18, 22][22, 25, 28][5, 6][6, 13][17, 22][6, 10][7, 27] 
[0, 12, 17, 19, 8, 26][4, 20, 7, 24, 14, 9][23, 1, 3, 11, 25][15, 10, 27, 16][5, 21, 2, 29][22, 25, 28][13, 18, 22][17, 22][6, 13][6, 10][7, 27][5, 6] 
[4, 20, 7, 24, 14, 9][0, 12, 17, 19, 8, 26][23, 1, 3, 11, 25][15, 10, 27, 16][6, 5, 21][13, 18, 22][21, 2, 29][22, 25, 28][7, 27][6, 10][6, 13][17, 22] 
[4, 20, 7, 24, 14, 9][23, 1, 3, 11, 25][8, 26, 0, 19, 12][13, 18, 22, 17][15, 10, 27, 16][5, 21, 2, 29][22, 25, 28][6, 13][6, 10][5, 6][7, 27][17, 19] 
