[16, 6, 13, 18, 22, 17][5, 21, 10, 29, 2, 15][14, 9, 3, 1, 23][24, 4, 7, 28][11, 25, 0, 26][20, 7, 27][12, 8, 19][20, 23][25, 28][0, 19][12, 22][27, 29] 
[5, 21, 10, 29, 2, 15][16, 6, 13, 18, 22, 17][14, 9, 3, 1, 23][11, 25, 0, 26][24, 4, 7, 28][20, 7, 27][12, 8, 19][25, 28][27, 29][0, 19][20, 23][12, 22] 
[5, 21, 10, 29, 2, 15][14, 9, 3, 1, 23][16, 6, 13, 18, 22][24, 4, 7, 28][11, 25, 0, 26][12, 8, 19, 17][20, 7, 27][20, 23][27, 29][25, 28][0, 19][17, 22] 
[5, 21, 10, 29, 2, 15][16, 6, 13, 18, 22][14, 9, 3, 1, 23][12, 8, 19, 17][11, 25, 0, 26][24, 4, 7, 28][20, 7, 27][17, 22][0, 19][25, 28][27, 29][20, 23] 
[5, 21, 10, 29, 2, 15][16, 6, 13, 18, 22][14, 9, 3, 1, 23][12, 8, 19, 17][11, 25, 0, 26][24, 4, 7, 28][20, 7, 27][17, 22][0, 19][25, 28][27, 29][20, 23] 
[5, 21, 10, 29, 2, 15][16, 6, 13, 18, 22][14, 9, 3, 1, 23][12, 8, 19, 17][11, 25, 0, 26][24, 4, 7, 28][20, 7, 27][0, 19][17, 22][25, 28][27, 29][20, 23] 
[5, 21, 10, 29, 2, 15][16, 6, 13, 18, 22][14, 9, 3, 1, 23][12, 8, 19, 17][11, 25, 0, 26][24, 4, 7, 28][20, 7, 27][0, 19][17, 22][25, 28][20, 23][27, 29] 
[5, 21, 10, 29, 2, 15][16, 6, 13, 18, 22][14, 9, 3, 1, 23][12, 8, 19, 17][11, 25, 0, 26][24, 4, 7, 28][20, 7, 27][17, 22][0, 19][25, 28][27, 29][20, 23] 
[5, 21, 10, 29, 2, 15][14, 9, 3, 1, 23][16, 6, 13, 18, 22][24, 4, 7, 28][11, 25, 0, 26][12, 8, 19, 17][20, 7, 27][20, 23][25, 28][27, 29][0, 19][17, 22] 
[5, 21, 10, 29, 2, 15][14, 9, 3, 1, 23][16, 6, 13, 18, 22][24, 4, 7, 28][11, 25, 0, 26][12, 8, 19, 17][20, 7, 27][20, 23][25, 28][27, 29][0, 19][17, 22] 
[5, 21, 10, 29, 2, 15][16, 6, 13, 18, 22, 17][14, 9, 3, 1, 23][11, 25, 0, 26][24, 4, 7, 28][12, 8, 19][20, 7, 27][0, 19][25, 28][27, 29][20, 23][12, 22] 
[16, 6, 13, 18, 22, 17][5, 21, 10, 29, 2, 15][14, 9, 3, 1, 23][11, 25, 0, 26][24, 4, 7, 28][12, 8, 19][20, 7, 27][12, 22][0, 19][25, 28][27, 29][20, 23] 
[5, 21, 10, 29, 2, 15][14, 9, 3, 1, 23][16, 6, 13, 18, 22][24, 4, 7, 28][11, 25, 0, 26][12, 8, 19, 17][20, 7, 27][27, 29][25, 28][0, 19][20, 23][17, 22] 
[5, 21, 10, 29, 2, 15][14, 9, 3, 1, 23][16, 6, 13, 18, 22][24, 4, 7, 28][11, 25, 0, 26][12, 8, 19, 17][20, 7, 27][27, 29][20, 23][25, 28][0, 19][17, 22] 
[5, 21, 10, 29, 2, 15][16, 6, 13, 18, 22][14, 9, 3, 1, 23][24, 4, 7, 28][11, 25, 0, 26][12, 8, 19, 17][20, 7, 27][27, 29][25, 28][0, 19][17, 22][20, 23] 
[5, 21, 10, 29, 2, 15][16, 6, 13, 18, 22][14, 9, 3, 1, 23][12, 8, 19, 17][11, 25, 0, 26][24, 4, 7, 28][20, 7, 27][0, 19][17, 22][25, 28][27, 29][20, 23] 
[5, 21, 10, 29, 2, 15][16, 6, 13, 18, 22, 17][14, 9, 3, 1, 23][24, 4, 7, 28][11, 25, 0, 26][20, 7, 27][12, 8, 19][27, 29][25, 28][0, 19][12, 22][20, 23] 
[16, 6, 13, 18, 22, 17][5, 21, 10, 29, 2, 15][14, 9, 3, 1, 23][11, 25, 0, 26][24, 4, 7, 28][12, 8, 19][20, 7, 27][0, 19][12, 22][25, 28][20, 23][27, 29] 
[5, 21, 10, 29, 2, 15][16, 6, 13, 18, 22][14, 9, 3, 1, 23][12, 8, 19, 17][11, 25, 0, 26][24, 4, 7, 28][20, 7, 27][0, 19][17, 22][25, 28][20, 23][27, 29] 
[16, 6, 13, 18, 22, 17][5, 21, 10, 29, 2, 15][14, 9, 3, 1, 23][11, 25, 0, 26][24, 4, 7, 28][12, 8, 19][20, 7, 27][0, 19][25, 28][20, 23][12, 22][27, 29] 
[5, 21, 10, 29, 2, 15][16, 6, 13, 18, 22, 17][14, 9, 3, 1, 23][11, 25, 0, 26][24, 4, 7, 28][12, 8, 19][20, 7, 27][0, 19][25, 28][20, 23][27, 29][12, 22] 
[16, 6, 13, 18, 22, 17][5, 21, 10, 29, 2, 15][14, 9, 3, 1, 23][24, 4, 7, 28][11, 25, 0, 26][20, 7, 27][12, 8, 19][20, 23][25, 28][0, 19][12, 22][27, 29] 
[5, 21, 10, 29, 2, 15][14, 9, 3, 1, 23][16, 6, 13, 18, 22][24, 4, 7, 28][11, 25, 0, 26][12, 8, 19, 17][20, 7, 27][20, 23][25, 28][0, 19][17, 22][27, 29] 
[5, 21, 10, 29, 2, 15][16, 6, 13, 18, 22][14, 9, 3, 1, 23][12, 8, 19, 17][11, 25, 0, 26][24, 4, 7, 28][20, 7, 27][17, 22][0, 19][25, 28][27, 29][20, 23] 
[5, 21, 10, 29, 2, 15][14, 9, 3, 1, 23][16, 6, 13, 18, 22][24, 4, 7, 28][11, 25, 0, 26][12, 8, 19, 17][20, 7, 27][20, 23][25, 28][27, 29][0, 19][17, 22] 
[5, 21, 10, 29, 2, 15][14, 9, 3, 1, 23][16, 6, 13, 18, 22][24, 4, 7, 28][11, 25, 0, 26][12, 8, 19, 17][20, 7, 27][25, 28][27, 29][0, 19][20, 23][17, 22] 
[16, 6, 13, 18, 22, 17][5, 21, 10, 29, 2, 15][14, 9, 3, 1, 23][11, 25, 0, 26][24, 4, 7, 28][12, 8, 19][20, 7, 27][0, 19][12, 22][25, 28][20, 23][27, 29] 
[16, 6, 13, 18, 22, 17][5, 21, 10, 29, 2, 15][14, 9, 3, 1, 23][11, 25, 0, 26][24, 4, 7, 28][12, 8, 19][20, 7, 27][0, 19][12, 22][25, 28][20, 23][27, 29] 
[5, 21, 10, 29, 2, 15][14, 9, 3, 1, 23][16, 6, 13, 18, 22][24, 4, 7, 28][11, 25, 0, 26][12, 8, 19, 17][20, 7, 27][27, 29][20, 23][25, 28][0, 19][17, 22] 
[16, 6, 13, 18, 22, 17][5, 21, 10, 29, 2, 15][14, 9, 3, 1, 23][11, 25, 0, 26][24, 4, 7, 28][12, 8, 19][20, 7, 27][12, 22][0, 19][25, 28][20, 23][27, 29] 
[5, 21, 10, 29, 2, 15][16, 6, 13, 18, 22, 17][14, 9, 3, 1, 23][11, 25, 0, 26][24, 4, 7, 28][12, 8, 19][20, 7, 27][0, 19][25, 28][20, 23][27, 29][12, 22] 
[16, 6, 13, 18, 22, 17][5, 21, 10, 29, 2, 15][14, 9, 3, 1, 23][11, 25, 0, 26][24, 4, 7, 28][12, 8, 19][20, 7, 27][12, 22][0, 19][25, 28][27, 29][20, 23] 
[5, 21, 10, 29, 2, 15][16, 6, 13, 18, 22][14, 9, 3, 1, 23][24, 4, 7, 28][11, 25, 0, 26][12, 8, 19, 17][20, 7, 27][27, 29][25, 28][0, 19][17, 22][20, 23] 
[5, 21, 10, 29, 2, 15][16, 6, 13, 18, 22, 17][14, 9, 3, 1, 23][11, 25, 0, 26][24, 4, 7, 28][12, 8, 19][20, 7, 27][0, 19][25, 28][20, 23][27, 29][12, 22] 
[5, 21, 10, 29, 2, 15][16, 6, 13, 18, 22, 17][14, 9, 3, 1, 23][11, 25, 0, 26][24, 4, 7, 28][20, 7, 27][12, 8, 19][25, 28][27, 29][0, 19][20, 23][12, 22] 
[19, 18, 13, 6, 21, 5, 15, 16, 2, 27, 10, 29][4, 24, 3, 1, 14, 11, 25, 28, 7, 20, 23, 9][8, 26, 0, 22, 12, 18, 17, 11][6, 13][25, 28][0, 26][25, 28][0, 26][25, 28][6, 13][25, 28][0, 26] 
[19, 18, 13, 6, 21, 5, 15, 16, 2, 27, 10, 29][4, 24, 3, 1, 14, 11, 25, 28, 7, 20, 23, 9][8, 26, 0, 22, 12, 18, 17, 11][6, 13][25, 28][0, 26][25, 28][0, 26][25, 28][6, 13][25, 28][0, 26] 
[19, 18, 13, 6, 21, 5, 15, 16, 2, 27, 10, 29][4, 24, 3, 1, 14, 11, 25, 28, 7, 20, 23, 9][8, 26, 0, 22, 12, 18, 17, 11][25, 28][0, 26][25, 28][25, 28][25, 28][6, 13][25, 28][6, 13][6, 13] 
[19, 18, 13, 6, 21, 5, 15, 16, 2, 27, 10, 29][4, 24, 3, 1, 14, 11, 25, 28, 7, 20, 23, 9][8, 26, 0, 22, 12, 18, 17][7, 20][7, 28][12, 22][0, 26][0, 25][0, 26][7, 28][6, 13][20, 23] 
[4, 24, 3, 1, 14, 11, 25, 28, 7, 20, 23, 9][18, 13, 6, 21, 5, 15, 16, 2, 27, 10, 29][17, 18, 12, 22, 0, 26, 8, 19][0, 26][11, 17][0, 26][8, 26][8, 26][0, 26][6, 13][0, 26][8, 26] 
[4, 24, 3, 1, 14, 11, 25, 28, 7, 20, 23, 9][18, 13, 6, 21, 5, 15, 16, 2, 27, 10, 29][8, 26, 0, 22, 12, 18, 17][7, 20][7, 28][25, 28][0, 19][6, 13][12, 22][0, 26][5, 21][11, 17] 
[19, 18, 13, 6, 21, 5, 15, 16, 2, 27, 10, 29][4, 24, 3, 1, 14, 11, 25, 28, 7, 20, 23, 9][8, 26, 0, 22, 12, 18, 17, 11][25, 28][6, 13][0, 26][25, 28][25, 28][6, 13][0, 26][25, 28][6, 13] 
[19, 18, 13, 6, 21, 5, 15, 16, 2, 27, 10, 29][4, 24, 3, 1, 14, 11, 25, 28, 7, 20, 23, 9][8, 26, 0, 22, 12, 18, 17, 11][6, 13][6, 13][0, 26][25, 28][25, 28][25, 28][0, 26][25, 28][0, 26] 
[19, 18, 13, 6, 21, 5, 15, 16, 2, 27, 10, 29][4, 24, 3, 1, 14, 11, 25, 28, 7, 20, 23, 9][8, 26, 0, 22, 12, 18, 17][0, 26][11, 17][0, 26][6, 13][0, 26][0, 26][0, 26][6, 13][0, 26] 
[19, 18, 13, 6, 21, 5, 15, 16, 2, 27, 10, 29][4, 24, 3, 1, 14, 11, 25, 28, 7, 20, 23, 9][8, 26, 0, 22, 12, 18, 17, 11][6, 13][6, 13][6, 13][25, 28][6, 13][25, 28][25, 28][0, 26][6, 13] 
[4, 24, 3, 1, 14, 11, 25, 28, 7, 20, 23, 9][19, 18, 13, 6, 21, 5, 15, 16, 2, 27, 10, 29][8, 26, 0, 22, 12, 18, 17, 11][25, 28][25, 28][6, 13][6, 13][6, 13][13, 18][6, 13][13, 18][0, 26] 
[4, 24, 3, 1, 14, 11, 25, 28, 7, 20, 23, 9][19, 18, 13, 6, 21, 5, 15, 16, 2, 27, 10, 29][8, 26, 0, 22, 12, 18, 17, 11][25, 28][25, 28][6, 13][6, 13][6, 13][13, 18][6, 13][13, 18][0, 26] 
[19, 18, 13, 6, 21, 5, 15, 16, 2, 27, 10, 29][4, 24, 3, 1, 14, 11, 25, 28, 7, 20, 23, 9][8, 26, 0, 22, 12, 18, 17][0, 26][11, 17][0, 26][6, 13][0, 26][0, 26][0, 26][6, 13][0, 26] 
[19, 18, 13, 6, 21, 5, 15, 16, 2, 27, 10, 29][4, 24, 3, 1, 14, 11, 25, 28, 7, 20, 23, 9][8, 26, 0, 22, 12, 18, 17, 11][6, 13][6, 13][6, 13][25, 28][6, 13][25, 28][25, 28][0, 26][6, 13] 
[19, 18, 13, 6, 21, 5, 15, 16, 2, 27, 10, 29][4, 24, 3, 1, 14, 11, 25, 28, 7, 20, 23, 9][8, 26, 0, 22, 12, 18, 17, 11][6, 13][25, 28][6, 13][25, 28][0, 26][25, 28][6, 13][25, 28][6, 13] 
[19, 18, 13, 6, 21, 5, 15, 16, 2, 27, 10, 29][4, 24, 3, 1, 14, 11, 25, 28, 7, 20, 23, 9][8, 26, 0, 22, 12, 18, 17, 11][6, 13][6, 13][0, 26][25, 28][25, 28][25, 28][0, 26][25, 28][0, 26] 
[19, 18, 13, 6, 21, 5, 15, 16, 2, 27, 10, 29][4, 24, 3, 1, 14, 11, 25, 28, 7, 20, 23, 9][8, 26, 0, 22, 12, 18, 17, 11][0, 26][25, 28][6, 13][6, 13][25, 28][25, 28][6, 13][25, 28][0, 26] 
[4, 24, 3, 1, 14, 11, 25, 28, 7, 20, 23, 9][18, 13, 6, 21, 5, 15, 16, 2, 27, 10, 29][17, 18, 12, 22, 0, 26, 8, 19][0, 26][11, 17][8, 26][25, 28][8, 26][6, 13][8, 26][0, 26][8, 26] 
[19, 18, 13, 6, 21, 5, 15, 16, 2, 27, 10, 29][4, 24, 3, 1, 14, 11, 25, 28, 7, 20, 23, 9][8, 26, 0, 22, 12, 18, 17, 11][0, 26][25, 28][6, 13][6, 13][25, 28][25, 28][6, 13][25, 28][0, 26] 
[19, 18, 13, 6, 21, 5, 15, 16, 2, 27, 10, 29][4, 24, 3, 1, 14, 11, 25, 28, 7, 20, 23, 9][8, 26, 0, 22, 12, 18, 17, 11][25, 28][6, 13][0, 26][25, 28][25, 28][6, 13][0, 26][25, 28][6, 13] 
[4, 24, 3, 1, 14, 11, 25, 28, 7, 20, 23, 9][19, 18, 13, 6, 21, 5, 15, 16, 2, 27, 10, 29][8, 26, 0, 22, 12, 18, 17, 11][6, 13][0, 26][0, 26][25, 28][0, 26][25, 28][0, 26][0, 26][0, 26] 
[5, 21, 10, 29, 2, 15][16, 6, 13, 18, 22][14, 9, 3, 1, 23][12, 8, 19, 17][11, 25, 0, 26][24, 4, 7, 28][20, 7, 27][17, 18][0, 19][25, 28][27, 29][20, 23] 
[5, 21, 10, 29, 2, 15][16, 6, 13, 18, 22][14, 9, 3, 1, 23][11, 25, 0, 26][12, 8, 19, 17][24, 4, 7, 28][20, 7, 27][0, 19][17, 18][25, 28][20, 23][27, 29] 
[5, 21, 10, 29, 2, 15][14, 9, 3, 1, 23][16, 6, 13, 18, 22][24, 4, 7, 28][11, 25, 0, 26][12, 8, 19, 17][20, 7, 27][20, 23][27, 29][25, 28][0, 19][17, 18] 
[5, 21, 10, 29, 2, 15][16, 6, 13, 18, 22][14, 9, 3, 1, 23][12, 8, 19, 17][11, 25, 0, 26][24, 4, 7, 28][20, 7, 27][17, 18][0, 19][25, 28][27, 29][20, 23] 
[5, 21, 10, 29, 2, 15][16, 6, 13, 18, 22][14, 9, 3, 1, 23][11, 25, 0, 26][12, 8, 19, 17][24, 4, 7, 28][20, 7, 27][0, 19][17, 18][25, 28][27, 29][20, 23] 
[5, 21, 10, 29, 2, 15][14, 9, 3, 1, 23][16, 6, 13, 18, 22][24, 4, 7, 28][11, 25, 0, 26][12, 8, 19, 17][20, 7, 27][25, 28][27, 29][20, 23][0, 19][17, 18] 
[5, 21, 10, 29, 2, 15][16, 6, 13, 18, 22][14, 9, 3, 1, 23][24, 4, 7, 28][11, 25, 0, 26][12, 8, 19, 17][20, 7, 27][27, 29][25, 28][0, 19][17, 18][20, 23] 
[5, 21, 10, 29, 2, 15][14, 9, 3, 1, 23][16, 6, 13, 18, 22][24, 4, 7, 28][11, 25, 0, 26][12, 8, 19, 17][20, 7, 27][20, 23][27, 29][25, 28][0, 19][17, 18] 
[5, 21, 10, 29, 2, 15][14, 9, 3, 1, 23][16, 6, 13, 18, 22][24, 4, 7, 28][11, 25, 0, 26][12, 8, 19, 17][20, 7, 27][25, 28][27, 29][20, 23][0, 19][17, 18] 
[5, 21, 10, 29, 2, 15][16, 6, 13, 18, 22][14, 9, 3, 1, 23][24, 4, 7, 28][11, 25, 0, 26][12, 8, 19, 17][20, 7, 27][27, 29][25, 28][0, 19][17, 18][20, 23] 
[5, 21, 10, 29, 2, 15][16, 6, 13, 18, 22][14, 9, 3, 1, 23][24, 4, 7, 28][11, 25, 0, 26][12, 8, 19, 17][20, 7, 27][27, 29][25, 28][0, 19][17, 18][20, 23] 
[5, 21, 10, 29, 2, 15][14, 9, 3, 1, 23][16, 6, 13, 18, 22][24, 4, 7, 28][11, 25, 0, 26][12, 8, 19, 17][20, 7, 27][25, 28][0, 19][17, 18][27, 29][20, 23] 
[5, 21, 10, 29, 2, 15][16, 6, 13, 18, 22][14, 9, 3, 1, 23][11, 25, 0, 26][12, 8, 19, 17][24, 4, 7, 28][20, 7, 27][0, 19][25, 28][17, 18][27, 29][20, 23] 
[5, 21, 10, 29, 2, 15][14, 9, 3, 1, 23][16, 6, 13, 18, 22][24, 4, 7, 28][11, 25, 0, 26][12, 8, 19, 17][20, 7, 27][20, 23][25, 28][27, 29][0, 19][17, 18] 
[5, 21, 10, 29, 2, 15][14, 9, 3, 1, 23][16, 6, 13, 18, 22][24, 4, 7, 28][11, 25, 0, 26][12, 8, 19, 17][20, 7, 27][20, 23][27, 29][25, 28][0, 19][17, 18] 
[16, 6, 13, 18, 22, 17][5, 21, 10, 29, 2, 15][14, 9, 3, 1, 23][11, 25, 0, 26][24, 4, 7, 28][12, 8, 19][20, 7, 27][12, 22][0, 19][25, 28][20, 23][27, 29] 
[5, 21, 10, 29, 2, 15][16, 6, 13, 18, 22, 17][14, 9, 3, 1, 23][24, 4, 7, 28][11, 25, 0, 26][20, 7, 27][12, 8, 19][27, 29][20, 23][25, 28][0, 19][12, 22] 
[16, 6, 13, 18, 22, 17][5, 21, 10, 29, 2, 15][14, 9, 3, 1, 23][11, 25, 0, 26][24, 4, 7, 28][12, 8, 19][20, 7, 27][12, 22][0, 19][25, 28][20, 23][27, 29] 
[16, 6, 13, 18, 22, 17][5, 21, 10, 29, 2, 15][14, 9, 3, 1, 23][11, 25, 0, 26][24, 4, 7, 28][12, 8, 19][20, 7, 27][12, 22][0, 19][25, 28][20, 23][27, 29] 
[16, 6, 13, 18, 22, 17][5, 21, 10, 29, 2, 15][14, 9, 3, 1, 23][11, 25, 0, 26][24, 4, 7, 28][12, 8, 19][20, 7, 27][0, 19][12, 22][25, 28][27, 29][20, 23] 
[5, 21, 10, 29, 2, 15][16, 6, 13, 18, 17, 22][14, 9, 3, 1, 23][24, 4, 7, 28][11, 25, 0, 26][20, 7, 27][12, 8, 19][20, 23][27, 29][25, 28][0, 19][12, 22] 
[5, 21, 10, 29, 2, 15][16, 6, 13, 18, 22][14, 9, 3, 1, 23][12, 8, 19, 17][11, 25, 0, 26][24, 4, 7, 28][20, 7, 27][17, 18][0, 19][25, 28][20, 23][27, 29] 
[5, 21, 10, 29, 2, 15][16, 6, 13, 18, 22][14, 9, 3, 1, 23][11, 25, 0, 26][12, 8, 19, 17][24, 4, 7, 28][20, 7, 27][0, 19][17, 18][25, 28][27, 29][20, 23] 
[5, 21, 10, 29, 2, 15][14, 9, 3, 1, 23][16, 6, 13, 18, 22][24, 4, 7, 28][11, 25, 0, 26][12, 8, 19, 17][20, 7, 27][20, 23][27, 29][25, 28][0, 19][17, 18] 
[5, 21, 10, 29, 2, 15][14, 9, 3, 1, 23][16, 6, 13, 18, 22][24, 4, 7, 28][11, 25, 0, 26][12, 8, 19, 17][20, 7, 27][20, 23][27, 29][25, 28][0, 19][17, 18] 
[5, 21, 10, 29, 2, 15][14, 9, 3, 1, 23][16, 6, 13, 18, 22][24, 4, 7, 28][11, 25, 0, 26][12, 8, 19, 17][20, 7, 27][20, 23][27, 29][25, 28][0, 19][17, 18] 
[5, 21, 10, 29, 2, 15][16, 6, 13, 18, 22][14, 9, 3, 1, 23][11, 25, 0, 26][12, 8, 19, 17][24, 4, 7, 28][20, 7, 27][0, 19][17, 22][25, 28][20, 23][27, 29] 
[5, 21, 10, 29, 2, 15][14, 9, 3, 1, 23][16, 6, 13, 18, 22][24, 4, 7, 28][11, 25, 0, 26][12, 8, 19, 17][20, 7, 27][27, 29][20, 23][25, 28][0, 19][17, 18] 
[5, 21, 10, 29, 2, 15][16, 6, 13, 18, 22, 17][14, 9, 3, 1, 23][24, 4, 7, 28][11, 25, 0, 26][20, 7, 27][12, 8, 19][27, 29][25, 28][0, 19][12, 22][20, 23] 
[5, 21, 10, 29, 2, 15][16, 6, 13, 18, 22, 17][14, 9, 3, 1, 23][11, 25, 0, 26][24, 4, 7, 28][12, 8, 19][20, 7, 27][0, 19][25, 28][20, 23][27, 29][12, 22] 
[16, 6, 13, 18, 22, 17][5, 21, 10, 29, 2, 15][14, 9, 3, 1, 23][11, 25, 0, 26][24, 4, 7, 28][12, 8, 19][20, 7, 27][12, 22][0, 19][25, 28][20, 23][27, 29] 
[5, 21, 10, 29, 2, 15][16, 6, 13, 18, 22, 17][14, 9, 3, 1, 23][11, 25, 0, 26][24, 4, 7, 28][12, 8, 19][20, 7, 27][0, 19][25, 28][27, 29][20, 23][12, 22] 
[16, 6, 13, 18, 22, 17][5, 21, 10, 29, 2, 15][14, 9, 3, 1, 23][11, 25, 0, 26][24, 4, 7, 28][12, 8, 19][20, 7, 27][0, 19][25, 28][20, 23][12, 22][27, 29] 
[16, 6, 13, 18, 22, 17][5, 21, 10, 29, 2, 15][14, 9, 3, 1, 23][11, 25, 0, 26][24, 4, 7, 28][12, 8, 19][20, 7, 27][0, 19][12, 22][25, 28][27, 29][20, 23] 
[5, 21, 10, 29, 2, 15][16, 6, 13, 18, 22, 17][14, 9, 3, 1, 23][11, 25, 0, 26][24, 4, 7, 28][12, 8, 19][20, 7, 27][0, 19][25, 28][20, 23][27, 29][12, 22] 
[5, 21, 10, 29, 2, 15][16, 6, 13, 18, 22, 17][14, 9, 3, 1, 23][11, 25, 0, 26][24, 4, 7, 28][20, 7, 27][12, 8, 19][25, 28][27, 29][0, 19][20, 23][12, 22] 
[5, 21, 10, 29, 2, 15][16, 6, 13, 18, 22, 17][14, 9, 3, 1, 23][11, 25, 0, 26][24, 4, 7, 28][12, 8, 19][20, 7, 27][0, 19][25, 28][27, 29][20, 23][12, 22] 
[16, 6, 13, 18, 22, 17][5, 21, 10, 29, 2, 15][14, 9, 3, 1, 23][11, 25, 0, 26][24, 4, 7, 28][12, 8, 19][20, 7, 27][12, 22][0, 19][25, 28][27, 29][20, 23] 
[5, 21, 10, 29, 2, 15][16, 6, 13, 18, 22, 17][14, 9, 3, 1, 23][11, 25, 0, 26][24, 4, 7, 28][20, 7, 27][12, 8, 19][25, 28][20, 23][0, 19][27, 29][12, 22] 
[5, 21, 10, 29, 2, 15][16, 6, 13, 18, 22, 17][14, 9, 3, 1, 23][24, 4, 7, 28][11, 25, 0, 26][20, 7, 27][12, 8, 19][20, 23][25, 28][27, 29][0, 19][12, 22] 
[5, 21, 10, 29, 2, 15][16, 6, 13, 18, 22, 17][14, 9, 3, 1, 23][11, 25, 0, 26][24, 4, 7, 28][20, 7, 27][12, 8, 19][25, 28][20, 23][0, 19][27, 29][12, 22] 
[5, 21, 10, 29, 2, 15][16, 6, 13, 18, 22, 17][14, 9, 3, 1, 23][11, 25, 0, 26][24, 4, 7, 28][12, 8, 19][20, 7, 27][0, 19][25, 28][20, 23][27, 29][12, 22] 
[5, 21, 10, 29, 2, 15][16, 6, 13, 18, 22, 17][14, 9, 3, 1, 23][24, 4, 7, 28][11, 25, 0, 26][20, 7, 27][12, 8, 19][20, 23][25, 28][0, 19][27, 29][12, 22] 
[14, 9, 3, 1, 23, 4, 24][16, 6, 13, 18, 17, 22][5, 21, 10, 29, 2, 15][11, 25, 0, 26][12, 8, 19][20, 7, 27][0, 19][12, 22][25, 28][7, 28][20, 23][27, 29] 
[14, 9, 3, 1, 23, 4, 24][16, 6, 13, 18, 17, 22][5, 21, 10, 29, 2, 15][11, 25, 0, 26][12, 8, 19][20, 7, 27][0, 19][12, 22][25, 28][7, 28][20, 23][27, 29] 
[14, 9, 3, 1, 23, 4, 24][16, 6, 13, 18, 22, 17][5, 21, 10, 29, 2, 15][11, 25, 0, 26][12, 8, 19][20, 7, 27][12, 22][0, 19][25, 28][7, 28][27, 29][20, 23] 
[14, 9, 3, 1, 23, 4, 24][5, 21, 10, 29, 2, 15][16, 6, 13, 18, 22, 17][11, 25, 0, 26][20, 7, 27][12, 8, 19][27, 29][20, 23][7, 28][25, 28][0, 19][12, 22] 
[14, 9, 3, 1, 23, 4, 24][16, 6, 13, 18, 22, 17][5, 21, 10, 29, 2, 15][11, 25, 0, 26][12, 8, 19][20, 7, 27][12, 22][0, 19][25, 28][7, 28][27, 29][20, 23] 
[14, 9, 3, 1, 23, 4, 24][5, 21, 10, 29, 2, 15][16, 6, 13, 18, 17, 22][11, 25, 0, 26][20, 7, 27][4, 7, 28][12, 8, 19][10, 21][27, 29][25, 28][0, 19][12, 22] 
[5, 21, 10, 29, 2, 15][16, 6, 13, 18, 22][14, 9, 3, 1, 23][11, 25, 0, 26][12, 8, 19, 17][24, 4, 7, 28][20, 7, 27][0, 19][17, 22][25, 28][20, 23][27, 29] 
[5, 21, 10, 29, 2, 15][16, 6, 13, 18, 22][14, 9, 3, 1, 23][11, 25, 0, 26][12, 8, 19, 17][24, 4, 7, 28][20, 7, 27][0, 19][17, 22][25, 28][27, 29][20, 23] 
[5, 21, 10, 29, 2, 15][16, 6, 13, 18, 22][14, 9, 3, 1, 23][12, 8, 19, 17][11, 25, 0, 26][24, 4, 7, 28][20, 7, 27][0, 19][17, 22][25, 28][20, 23][27, 29] 
[5, 21, 10, 29, 2, 15][14, 9, 3, 1, 23][16, 6, 13, 18, 22][24, 4, 7, 28][11, 25, 0, 26][12, 8, 19, 17][20, 7, 27][25, 28][0, 19][20, 23][27, 29][17, 22] 
[5, 21, 10, 29, 2, 15][14, 9, 3, 1, 23][16, 6, 13, 18, 22][24, 4, 7, 28][11, 25, 0, 26][12, 8, 19, 17][20, 7, 27][27, 29][20, 23][25, 28][0, 19][17, 22] 
[5, 21, 10, 29, 2, 15][16, 6, 13, 18, 22, 17][14, 9, 3, 1, 23][24, 4, 7, 28][11, 25, 0, 26][20, 7, 27][12, 8, 19][27, 29][20, 23][25, 28][0, 19][12, 22] 
[5, 21, 10, 29, 2, 15][14, 9, 3, 1, 23][16, 6, 13, 18, 22][24, 4, 7, 28][11, 25, 0, 26][12, 8, 19, 17][20, 7, 27][20, 23][27, 29][25, 28][0, 19][17, 18] 
