[5, 15, 10, 16, 2, 29][1, 9, 3, 14, 23][20, 24, 4, 7, 27][17, 11, 25, 28][12, 19, 8, 26][0, 22, 18, 13][0, 17, 19][3, 11][6, 13][6, 10][20, 23][6, 21] 
[5, 15, 10, 16, 2, 29][20, 24, 4, 7, 27][1, 9, 3, 14, 23][0, 22, 18, 13][11, 17, 28, 25][12, 19, 8, 26][0, 17, 19][16, 27][6, 10][20, 23][6, 21][6, 13] 
[5, 15, 10, 16, 2, 29][20, 24, 4, 7, 27][1, 9, 3, 14, 23][12, 19, 8, 26][0, 22, 18, 13][11, 17, 28, 25][0, 17, 19][6, 13][6, 21][6, 10][16, 27][20, 23] 
[5, 15, 10, 16, 2, 29][1, 9, 3, 14, 23][20, 24, 4, 7, 27][0, 22, 18, 13][12, 19, 8, 26][11, 17, 28, 25][0, 17, 19][20, 23][16, 27][6, 10][6, 13][6, 21] 
[5, 15, 10, 16, 2, 29][20, 24, 4, 7, 27][1, 9, 3, 14, 23][0, 22, 18, 13][12, 19, 8, 26][13, 6, 21][0, 17, 19][11, 25, 28][6, 10][17, 28][7, 25][3, 11] 
[5, 15, 10, 16, 2, 29][1, 9, 3, 14, 23][20, 24, 4, 7, 27][12, 19, 8, 26][0, 22, 18, 13][11, 25, 28][0, 17, 19][13, 6, 21][3, 11][11, 17][6, 10][7, 25] 
[5, 15, 10, 16, 2, 29][1, 9, 3, 14, 23][20, 24, 4, 7, 27][11, 17, 28, 25][12, 19, 8, 26][13, 6, 21][13, 18, 22][0, 17, 19][6, 10][3, 11][16, 27][0, 22] 
[5, 15, 10, 16, 2, 29][20, 24, 4, 7, 27][1, 9, 3, 14, 23][0, 22, 18, 13][12, 19, 8, 26][11, 25, 28][0, 17, 19][13, 6, 21][7, 25][3, 11][17, 28][6, 10] 
[5, 15, 10, 16, 2, 29][1, 9, 3, 14, 23][20, 24, 4, 7, 27][0, 22, 18, 13][12, 19, 8, 26][13, 6, 21][0, 17, 19][11, 25, 28][17, 28][3, 11][7, 25][6, 10] 
[5, 15, 10, 16, 2, 29][20, 24, 4, 7, 27][1, 9, 3, 14, 23][0, 22, 18, 13][12, 19, 8, 26][11, 25, 28][0, 17, 19][13, 6, 21][7, 25][3, 11][17, 28][6, 10] 
[5, 15, 10, 16, 2, 29][1, 9, 3, 14, 23][20, 24, 4, 7, 27][0, 22, 18, 13][12, 19, 8, 26][17, 11, 25, 28][0, 17, 19][6, 13][6, 10][6, 21][3, 11][20, 23] 
[5, 15, 10, 16, 2, 29][20, 24, 4, 7, 27][1, 9, 3, 14, 23][0, 22, 18, 13][11, 17, 28, 25][12, 19, 8, 26][0, 17, 19][6, 10][6, 13][6, 21][16, 27][20, 23] 
[5, 15, 10, 16, 2, 29][20, 24, 4, 7, 27][1, 9, 3, 14, 23][0, 22, 18, 13][11, 17, 28, 25][12, 19, 8, 26][0, 17, 19][6, 10][16, 27][6, 21][6, 13][20, 23] 
[5, 15, 10, 16, 2, 29][1, 9, 3, 14, 23][20, 24, 4, 7, 27][12, 19, 8, 26][0, 22, 18, 13][11, 25, 28][0, 17, 19][13, 6, 21][3, 11][17, 28][7, 25][6, 10] 
[5, 15, 10, 16, 2, 29][20, 24, 4, 7, 27][1, 9, 3, 14, 23][0, 22, 18, 13][12, 19, 8, 26][11, 25, 28][0, 17, 19][13, 6, 21][7, 25][3, 11][11, 17][6, 10] 
[5, 15, 10, 16, 2, 29][20, 24, 4, 7, 27][1, 9, 3, 14, 23][12, 19, 8, 26][0, 22, 18, 13][0, 17, 19][13, 6, 21][11, 25, 28][6, 10][17, 28][7, 25][3, 11] 
[5, 15, 10, 16, 2, 29][1, 9, 3, 14, 23][20, 24, 4, 7, 27][0, 22, 18, 13][17, 11, 25, 28][12, 19, 8, 26][0, 17, 19][6, 21][6, 10][6, 13][3, 11][20, 23] 
[5, 15, 10, 16, 2, 29][20, 24, 4, 7, 27][1, 9, 3, 14, 23][0, 22, 18, 13][11, 17, 28, 25][12, 19, 8, 26][0, 17, 19][6, 10][6, 13][6, 21][16, 27][20, 23] 
[5, 15, 10, 16, 2, 29][20, 24, 4, 7, 27][1, 9, 3, 14, 23][0, 22, 18, 13][12, 19, 8, 26][11, 25, 28][0, 17, 19][13, 6, 21][7, 25][3, 11][17, 28][6, 10] 
[5, 15, 10, 16, 2, 29][1, 9, 3, 14, 23][20, 24, 4, 7, 27][12, 19, 8, 26][17, 11, 25, 28][0, 22, 18, 13][0, 17, 19][3, 11][20, 23][6, 13][6, 10][6, 21] 
[5, 15, 10, 16, 2, 29][1, 9, 3, 14, 23][20, 24, 4, 7, 27][0, 22, 18, 13][17, 11, 25, 28][12, 19, 8, 26][0, 17, 19][6, 13][6, 10][3, 11][20, 23][6, 21] 
[5, 15, 10, 16, 2, 29][20, 24, 4, 7, 27][1, 9, 3, 14, 23][0, 22, 18, 13][11, 17, 28, 25][12, 19, 8, 26][0, 17, 19][6, 10][16, 27][6, 21][6, 13][20, 23] 
[5, 15, 10, 16, 2, 29][20, 24, 4, 7, 27][1, 9, 3, 14, 23][12, 19, 8, 26][0, 22, 18, 13][11, 17, 28, 25][0, 17, 19][6, 13][6, 21][6, 10][16, 27][20, 23] 
[5, 15, 10, 16, 2, 29][20, 24, 4, 7, 27][1, 9, 3, 14, 23][0, 22, 18, 13][12, 19, 8, 26][13, 6, 21][0, 17, 19][11, 25, 28][6, 10][17, 28][7, 25][3, 11] 
[5, 15, 10, 16, 2, 29][20, 24, 4, 7, 27][1, 9, 3, 14, 23][0, 22, 18, 13][12, 19, 8, 26][0, 17, 19][13, 6, 21][11, 25, 28][11, 17][7, 25][3, 11][6, 10] 
[5, 15, 10, 16, 2, 29][1, 9, 3, 14, 23][20, 24, 4, 7, 27][0, 22, 18, 13][12, 19, 8, 26][13, 6, 21][0, 17, 19][11, 25, 28][17, 28][3, 11][7, 25][6, 10] 
[5, 15, 10, 16, 2, 29][1, 9, 3, 14, 23][20, 24, 4, 7, 27][17, 11, 25, 28][12, 19, 8, 26][0, 22, 18, 13][0, 17, 19][3, 11][6, 13][6, 10][20, 23][6, 21] 
[5, 15, 10, 16, 2, 29][1, 9, 3, 14, 23][20, 24, 4, 7, 27][0, 22, 18, 13][11, 17, 28, 25][12, 19, 8, 26][0, 17, 19][20, 23][16, 27][6, 10][6, 13][6, 21] 
[5, 15, 10, 16, 2, 29][20, 24, 4, 7, 27][1, 9, 3, 14, 23][0, 22, 18, 13][12, 19, 8, 26][11, 25, 28][0, 17, 19][13, 6, 21][7, 25][3, 11][17, 28][6, 10] 
[5, 15, 10, 16, 2, 29][1, 9, 3, 14, 23][20, 24, 4, 7, 27][12, 19, 8, 26][17, 11, 25, 28][0, 22, 18, 13][0, 17, 19][3, 11][20, 23][6, 13][6, 10][6, 21] 
[5, 15, 10, 16, 2, 29][1, 9, 3, 14, 23][20, 24, 4, 7, 27][17, 11, 25, 28][12, 19, 8, 26][0, 22, 18, 13][0, 17, 19][3, 11][6, 13][6, 10][20, 23][6, 21] 
[5, 15, 10, 16, 2, 29][1, 9, 3, 14, 23][20, 24, 4, 7, 27][0, 22, 18, 13][11, 17, 28, 25][12, 19, 8, 26][0, 17, 19][20, 23][16, 27][6, 10][6, 13][6, 21] 
[5, 15, 10, 16, 2, 29][20, 24, 4, 7, 27][1, 9, 3, 14, 23][0, 22, 18, 13][12, 19, 8, 26][11, 25, 28][0, 17, 19][13, 6, 21][7, 25][17, 28][3, 11][6, 10] 
[5, 15, 10, 16, 2, 29][1, 9, 3, 14, 23][20, 24, 4, 7, 27][0, 22, 18, 13][12, 19, 8, 26][17, 11, 25, 28][0, 17, 19][6, 21][6, 13][3, 11][20, 23][6, 10] 
[5, 15, 10, 16, 2, 29][1, 9, 3, 14, 23][20, 24, 4, 7, 27][0, 22, 18, 13][12, 19, 8, 26][17, 11, 25, 28][0, 17, 19][6, 21][6, 13][3, 11][20, 23][6, 10] 
[5, 21, 6, 10, 29, 2, 15, 27, 16, 28, 0, 13, 18][7, 20, 23, 9, 1, 14, 4, 3, 11, 25, 0, 22, 19][12, 19, 8, 26][0, 22][17, 28][4, 24][0, 22][6, 10][6, 10][2, 29][0, 22][2, 29] 
[7, 20, 23, 9, 1, 14, 4, 3, 11, 25, 0, 22, 19][5, 21, 6, 10, 29, 2, 15, 27, 16, 28, 0, 13, 18][12, 19, 8, 26][11, 25][3, 11][11, 17][4, 24][6, 10][2, 29][6, 21][11, 25][20, 23] 
[5, 21, 6, 10, 29, 2, 15, 27, 16, 28, 0, 13, 18][23, 9, 1, 14, 4, 3, 11, 25, 0, 22, 19, 8, 26][4, 14, 1, 9, 23][7, 4, 24, 20][0, 22][9, 23][12, 19][17, 19][11, 25][11, 25][2, 29][11, 25] 
[7, 20, 23, 9, 1, 14, 4, 3, 11, 25, 0, 22, 19, 8, 26][5, 21, 6, 10, 29, 2, 15, 27, 16, 28][13, 18, 22][4, 24][17, 28][12, 19][0, 22][11, 25][11, 25][17, 19][2, 29][11, 25] 
[20, 23, 9, 1, 14, 4, 3, 11, 25, 0, 22, 19, 8, 26][5, 21, 6, 10, 29, 2, 15, 27, 16, 28][24, 4, 7, 27][13, 18, 22][12, 19][0, 22][11, 25][17, 28][6, 10][0, 22][3, 11][11, 25] 
[23, 9, 1, 14, 4, 3, 11, 25, 0, 22, 19, 8, 26][5, 21, 6, 10, 29, 2, 15, 27, 16, 28][20, 24, 4, 7, 27][13, 18, 22][4, 7][0, 22][17, 28][12, 19][11, 25][2, 29][11, 25][6, 10] 
[7, 20, 23, 9, 1, 14, 4, 3, 11, 25, 0, 22, 19][5, 21, 6, 10, 29, 2, 15, 27, 16, 28, 0, 13, 18][19, 8, 26][11, 25][3, 11][12, 19][17, 28][4, 24][6, 21][6, 10][6, 21][6, 10] 
[0, 28, 16, 27, 15, 2, 29, 10, 6, 21, 5][0, 25, 11, 3, 4, 14, 1, 9, 23, 20, 7][1, 9, 23, 20, 7][12, 19, 8, 26][0, 22, 18, 13][0, 17, 19][4, 24][3, 11][3, 11][11, 25][11, 25][20, 23] 
[5, 21, 6, 10, 29, 2, 15, 27, 16, 28, 0, 13, 18][9, 1, 14, 4, 3, 11, 25, 0, 22][12, 19, 8, 26][0, 17, 19][4, 24, 20][11, 25][7, 27][3, 11][11, 25][14, 23][11, 25][2, 29] 
[23, 9, 1, 14, 4, 3, 11, 25, 0, 22, 19, 8, 26][5, 21, 6, 10, 29, 2, 15, 27, 16, 28, 0, 13, 18][7, 4, 24, 20][11, 25][3, 11][0, 22][17, 28][12, 19][3, 11][11, 25][2, 29][6, 10] 
[5, 21, 6, 10, 29, 2, 15, 27, 16, 28, 0, 13, 18][23, 9, 1, 14, 4, 3, 11, 25, 0, 22, 19, 8, 26][7, 4, 24, 20][2, 29][17, 19][12, 19][11, 25][11, 25][2, 29][2, 29][11, 25][11, 25] 
[5, 21, 6, 10, 29, 2, 15, 27, 16, 28, 0, 13, 18][23, 9, 1, 14, 4, 3, 11, 25, 0, 22, 19, 8, 26][7, 4, 24, 20][2, 29][17, 19][12, 19][11, 25][11, 25][2, 29][2, 29][11, 25][11, 25] 
[20, 23, 9, 1, 14, 4, 3, 11, 25, 0, 22, 19, 8, 26][5, 21, 6, 10, 29, 2, 15, 27, 16, 28][24, 4, 7, 27][13, 18, 22][12, 19][0, 22][11, 25][17, 28][6, 10][0, 22][3, 11][11, 25] 
[0, 25, 11, 3, 4, 14, 1, 9, 23, 20, 7][0, 28, 16, 27, 15, 2, 29, 10, 6, 21, 5][0, 22, 18, 13][12, 19, 8, 26][0, 17, 19][4, 24][6, 10][6, 10][3, 11][2, 29][20, 23][6, 10] 
[23, 9, 1, 14, 4, 3, 11, 25, 0, 22, 19, 8, 26][5, 21, 6, 10, 29, 2, 15, 27, 16, 28, 0, 13, 18][7, 4, 24, 20][11, 25][17, 19][12, 19][2, 29][11, 25][2, 29][11, 25][11, 25][11, 25] 
[23, 9, 1, 14, 4, 3, 11, 25, 0, 22, 19, 8, 26][5, 21, 6, 10, 29, 2, 15, 27, 16, 28, 0, 13, 18][7, 4, 24, 20][11, 25][12, 19][17, 19][11, 25][11, 25][11, 25][11, 25][11, 25][11, 25] 
[5, 21, 6, 10, 29, 2, 15, 27, 16, 28, 0, 13, 18][23, 9, 1, 14, 4, 3, 11, 25, 0, 22, 19, 8, 26][7, 4, 24, 20][0, 22][12, 19][17, 28][11, 25][2, 29][11, 25][2, 29][11, 25][11, 25] 
[23, 9, 1, 14, 4, 3, 11, 25, 0, 22, 19, 8, 26][0, 28, 16, 27, 15, 2, 29, 10, 6, 21, 5][7, 4, 24, 20][13, 18, 22][17, 19][12, 19][11, 25][3, 11][11, 25][2, 29][2, 29][2, 29] 
[23, 9, 1, 14, 4, 3, 11, 25, 0, 22, 19, 8, 26][5, 21, 6, 10, 29, 2, 15, 27, 16, 28, 0, 13, 18][7, 4, 24, 20][17, 19][12, 19][11, 25][11, 25][2, 29][11, 25][11, 25][11, 25][2, 29] 
[23, 9, 1, 14, 4, 3, 11, 25, 0, 22, 19, 8, 26][5, 21, 6, 10, 29, 2, 15, 27, 16, 28, 0, 13, 18][7, 4, 24, 20][11, 25][12, 19][17, 19][11, 25][11, 25][11, 25][11, 25][11, 25][11, 25] 
[23, 9, 1, 14, 4, 3, 11, 25, 0, 22, 19, 8, 26][5, 21, 6, 10, 29, 2, 15, 27, 16, 28, 0, 13, 18][7, 4, 24, 20][17, 19][12, 19][11, 25][11, 25][2, 29][11, 25][11, 25][11, 25][2, 29] 
[5, 15, 10, 16, 2, 29][1, 9, 3, 14, 23][20, 24, 4, 7, 27][0, 22, 18, 13][12, 19, 8, 26][13, 6, 21][0, 17, 19][11, 25, 28][6, 10][17, 28][3, 11][7, 25] 
[5, 15, 10, 16, 2, 29][1, 9, 3, 14, 23][20, 24, 4, 7, 27][12, 19, 8, 26][0, 22, 18, 13][11, 25, 28][0, 17, 19][13, 6, 21][3, 11][7, 25][17, 28][6, 10] 
[5, 15, 10, 16, 2, 29][20, 24, 4, 7, 27][1, 9, 3, 14, 23][12, 19, 8, 26][0, 22, 18, 13][11, 25, 28][0, 17, 19][13, 6, 21][7, 25][17, 28][6, 10][3, 11] 
[5, 15, 10, 16, 2, 29][1, 9, 3, 14, 23][20, 24, 4, 7, 27][0, 22, 18, 13][12, 19, 8, 26][11, 25, 28][0, 17, 19][13, 6, 21][3, 11][7, 25][17, 28][6, 10] 
[5, 15, 10, 16, 2, 29][20, 24, 4, 7, 27][1, 9, 3, 14, 23][0, 22, 18, 13][12, 19, 8, 26][11, 25, 28][0, 17, 19][13, 6, 21][7, 25][3, 11][17, 28][6, 10] 
[5, 15, 10, 16, 2, 29][1, 9, 3, 14, 23][20, 24, 4, 7, 27][0, 22, 18, 13][12, 19, 8, 26][11, 25, 28][0, 17, 19][13, 6, 21][3, 11][7, 25][17, 28][6, 10] 
[5, 15, 10, 16, 2, 29][20, 24, 4, 7, 27][1, 9, 3, 14, 23][12, 19, 8, 26][0, 22, 18, 13][0, 17, 19][13, 6, 21][11, 25, 28][17, 28][7, 25][3, 11][6, 10] 
[5, 15, 10, 16, 2, 29][1, 9, 3, 14, 23][20, 24, 4, 7, 27][0, 22, 18, 13][12, 19, 8, 26][13, 6, 21][0, 17, 19][11, 25, 28][6, 10][17, 28][3, 11][7, 25] 
[5, 15, 10, 16, 2, 29][20, 24, 4, 7, 27][1, 9, 3, 14, 23][0, 22, 18, 13][12, 19, 8, 26][13, 6, 21][0, 17, 19][11, 25, 28][6, 10][17, 28][7, 25][3, 11] 
[5, 15, 10, 16, 2, 29][1, 9, 3, 14, 23][20, 24, 4, 7, 27][0, 22, 18, 13][12, 19, 8, 26][11, 25, 28][0, 17, 19][13, 6, 21][3, 11][17, 28][7, 25][6, 10] 
[5, 15, 10, 16, 2, 29][1, 9, 3, 14, 23][20, 24, 4, 7, 27][0, 22, 18, 13][12, 19, 8, 26][13, 6, 21][0, 17, 19][11, 25, 28][6, 10][17, 28][3, 11][7, 25] 
[5, 15, 10, 16, 2, 29][20, 24, 4, 7, 27][1, 9, 3, 14, 23][0, 22, 18, 13][12, 19, 8, 26][11, 25, 28][0, 17, 19][13, 6, 21][7, 25][3, 11][17, 28][6, 10] 
[5, 15, 10, 16, 2, 29][20, 24, 4, 7, 27][1, 9, 3, 14, 23][0, 22, 18, 13][12, 19, 8, 26][11, 25, 28][0, 17, 19][13, 6, 21][7, 25][17, 28][3, 11][6, 10] 
[5, 15, 10, 16, 2, 29][1, 9, 3, 14, 23][20, 24, 4, 7, 27][0, 22, 18, 13][12, 19, 8, 26][11, 25, 28][0, 17, 19][13, 6, 21][3, 11][17, 28][7, 25][6, 10] 
[5, 15, 10, 16, 2, 29][20, 24, 4, 7, 27][1, 9, 3, 14, 23][12, 19, 8, 26][0, 22, 18, 13][0, 17, 19][13, 6, 21][11, 25, 28][17, 28][7, 25][3, 11][6, 10] 
[5, 15, 10, 16, 2, 29][1, 9, 3, 14, 23][20, 24, 4, 7, 27][0, 22, 18, 13][12, 19, 8, 26][17, 11, 25, 28][0, 17, 19][6, 10][6, 13][3, 11][20, 23][6, 21] 
[5, 15, 10, 16, 2, 29][1, 9, 3, 14, 23][20, 24, 4, 7, 27][0, 22, 18, 13][12, 19, 8, 26][17, 11, 25, 28][0, 17, 19][6, 10][6, 13][3, 11][20, 23][6, 21] 
[5, 15, 10, 16, 2, 29][1, 9, 3, 14, 23][20, 24, 4, 7, 27][0, 22, 18, 13][12, 19, 8, 26][17, 11, 25, 28][0, 17, 19][6, 10][6, 13][3, 11][20, 23][6, 21] 
[5, 15, 10, 16, 2, 29][1, 9, 3, 14, 23][20, 24, 4, 7, 27][0, 22, 18, 13][12, 19, 8, 26][17, 11, 25, 28][0, 17, 19][6, 10][6, 13][3, 11][20, 23][6, 21] 
[5, 15, 10, 16, 2, 29][1, 9, 3, 14, 23][20, 24, 4, 7, 27][0, 22, 18, 13][17, 11, 25, 28][12, 19, 8, 26][0, 17, 19][6, 13][6, 10][3, 11][20, 23][6, 21] 
[5, 15, 10, 16, 2, 29][20, 24, 4, 7, 27][1, 9, 3, 14, 23][0, 22, 18, 13][12, 19, 8, 26][17, 11, 25, 28][0, 17, 19][6, 10][16, 27][6, 21][6, 13][20, 23] 
[5, 15, 10, 16, 2, 29][1, 9, 3, 14, 23][20, 24, 4, 7, 27][12, 19, 8, 26][0, 22, 18, 13][11, 25, 28][0, 17, 19][13, 6, 21][3, 11][7, 25][17, 28][6, 10] 
[5, 15, 10, 16, 2, 29][1, 9, 3, 14, 23][20, 24, 4, 7, 27][12, 19, 8, 26][0, 22, 18, 13][0, 17, 19][13, 6, 21][11, 25, 28][17, 28][6, 10][3, 11][7, 25] 
[5, 15, 10, 16, 2, 29][1, 9, 3, 14, 23][20, 24, 4, 7, 27][12, 19, 8, 26][0, 22, 18, 13][0, 17, 19][13, 6, 21][11, 25, 28][17, 28][6, 10][3, 11][7, 25] 
[5, 15, 10, 16, 2, 29][20, 24, 4, 7, 27][1, 9, 3, 14, 23][0, 22, 18, 13][12, 19, 8, 26][13, 6, 21][0, 17, 19][11, 25, 28][6, 10][17, 28][7, 25][3, 11] 
[5, 15, 10, 16, 2, 29][1, 9, 3, 14, 23][20, 24, 4, 7, 27][0, 22, 18, 13][12, 19, 8, 26][11, 25, 28][0, 17, 19][13, 6, 21][3, 11][7, 25][17, 28][6, 10] 
[5, 15, 10, 16, 2, 29][20, 24, 4, 7, 27][1, 9, 3, 14, 23][11, 17, 28, 25][0, 22, 18, 13][12, 19, 8, 26][0, 17, 19][20, 23][3, 11][6, 13][6, 10][6, 21] 
[5, 15, 10, 16, 2, 29][1, 9, 3, 14, 23][20, 24, 4, 7, 27][0, 22, 18, 13][12, 19, 8, 26][11, 25, 28][0, 17, 19][13, 6, 21][3, 11][17, 28][6, 10][7, 25] 
[5, 15, 10, 16, 2, 29][1, 9, 3, 14, 23][20, 24, 4, 7, 27][17, 11, 25, 28][12, 19, 8, 26][0, 22, 18, 13][0, 17, 19][3, 11][6, 13][6, 10][20, 23][6, 21] 
[5, 15, 10, 16, 2, 29][1, 9, 3, 14, 23][20, 24, 4, 7, 27][0, 22, 18, 13][12, 19, 8, 26][17, 11, 25, 28][0, 17, 19][6, 10][6, 13][3, 11][6, 21][20, 23] 
[5, 15, 10, 16, 2, 29][1, 9, 3, 14, 23][20, 24, 4, 7, 27][0, 22, 18, 13][17, 11, 25, 28][12, 19, 8, 26][0, 17, 19][6, 21][6, 10][6, 13][3, 11][20, 23] 
[5, 15, 10, 16, 2, 29][1, 9, 3, 14, 23][20, 24, 4, 7, 27][0, 22, 18, 13][12, 19, 8, 26][17, 11, 25, 28][0, 17, 19][6, 10][6, 13][3, 11][6, 21][20, 23] 
[5, 15, 10, 16, 2, 29][1, 9, 3, 14, 23][20, 24, 4, 7, 27][17, 11, 25, 28][0, 22, 18, 13][12, 19, 8, 26][0, 17, 19][3, 11][20, 23][6, 13][6, 10][6, 21] 
[5, 15, 10, 16, 2, 29][1, 9, 3, 14, 23][20, 24, 4, 7, 27][17, 11, 25, 28][12, 19, 8, 26][0, 22, 18, 13][0, 17, 19][3, 11][20, 23][6, 13][6, 10][6, 21] 
[5, 15, 10, 16, 2, 29][1, 9, 3, 14, 23][20, 24, 4, 7, 27][0, 22, 18, 13][12, 19, 8, 26][17, 11, 25, 28][0, 17, 19][6, 10][6, 13][3, 11][20, 23][6, 21] 
[5, 15, 10, 16, 2, 29][1, 9, 3, 14, 23][20, 24, 4, 7, 27][17, 11, 25, 28][0, 22, 18, 13][12, 19, 8, 26][0, 17, 19][20, 23][3, 11][6, 13][6, 10][6, 21] 
[5, 15, 10, 16, 2, 29][1, 9, 3, 14, 23][20, 24, 4, 7, 27][17, 11, 25, 28][12, 19, 8, 26][0, 22, 18, 13][0, 17, 19][3, 11][20, 23][6, 13][6, 10][6, 21] 
[5, 15, 10, 16, 2, 29][1, 9, 3, 14, 23][20, 24, 4, 7, 27][17, 11, 25, 28][0, 22, 18, 13][12, 19, 8, 26][0, 17, 19][20, 23][3, 11][6, 13][6, 10][6, 21] 
[5, 15, 10, 16, 2, 29][20, 24, 4, 7, 27][1, 9, 3, 14, 23][17, 11, 25, 28][12, 19, 8, 26][0, 22, 18, 13][0, 17, 19][20, 23][3, 11][6, 13][6, 21][6, 10] 
[5, 15, 10, 16, 2, 29][1, 9, 3, 14, 23][20, 24, 4, 7, 27][17, 11, 25, 28][12, 19, 8, 26][0, 22, 18, 13][0, 17, 19][6, 13][6, 10][6, 21][3, 11][20, 23] 
[5, 15, 10, 16, 2, 29][1, 9, 3, 14, 23][20, 24, 4, 7, 27][17, 11, 25, 28][0, 22, 18, 13][12, 19, 8, 26][0, 17, 19][3, 11][20, 23][6, 13][6, 10][6, 21] 
[5, 15, 10, 16, 2, 29][1, 9, 3, 14, 23][20, 24, 4, 7, 27][0, 22, 18, 13][12, 19, 8, 26][17, 11, 25, 28][0, 17, 19][6, 13][6, 10][6, 21][3, 11][20, 23] 
[5, 15, 10, 16, 2, 29][20, 24, 4, 7, 27][1, 9, 3, 14, 23][17, 11, 25, 28][12, 19, 8, 26][0, 22, 18, 13][0, 17, 19][20, 23][3, 11][6, 13][6, 21][6, 10] 
[21, 5, 15, 10, 16, 2, 29][20, 24, 4, 7, 27][1, 9, 3, 14, 23][17, 11, 25, 28][0, 22, 18, 13][12, 19, 8, 26][0, 17][6, 13][6, 10][17, 19][7, 25][20, 23] 
[21, 5, 15, 10, 16, 2, 29][1, 9, 3, 14, 23][20, 24, 4, 7, 27][17, 11, 25, 28][0, 22, 18, 13][12, 19, 8, 26][20, 23][7, 25][0, 17][6, 13][6, 10][17, 19] 
[21, 5, 15, 10, 16, 2, 29][20, 24, 4, 7, 27][1, 9, 3, 14, 23][17, 11, 25, 28][12, 19, 8, 26][0, 22, 18, 13][17, 19][7, 25][20, 23][0, 17][6, 13][6, 10] 
[21, 5, 15, 10, 16, 2, 29][20, 24, 4, 7, 27][1, 9, 3, 14, 23][17, 11, 25, 28][12, 19, 8, 26][0, 22, 18, 13][17, 19][7, 25][20, 23][0, 17][6, 13][6, 10] 
[21, 5, 15, 10, 16, 2, 29][20, 24, 4, 7, 27][1, 9, 3, 14, 23][17, 11, 25, 28][0, 22, 18, 13][12, 19, 8, 26][0, 17][6, 13][6, 10][17, 19][7, 25][20, 23] 
[21, 5, 15, 10, 16, 2, 29][20, 24, 4, 7, 27][1, 9, 3, 14, 23][17, 11, 25, 28][0, 22, 18, 13][12, 19, 8, 26][0, 17, 19][7, 25][11, 25][20, 23][6, 13][6, 10] 
[5, 15, 10, 16, 2, 29][20, 24, 4, 7, 27][1, 9, 3, 14, 23][0, 22, 18, 13][12, 19, 8, 26][13, 6, 21][0, 17, 19][11, 25, 28][17, 28][7, 25][3, 11][6, 10] 
[5, 15, 10, 16, 2, 29][1, 9, 3, 14, 23][20, 24, 4, 7, 27][0, 22, 18, 13][12, 19, 8, 26][13, 6, 21][0, 17, 19][11, 25, 28][17, 28][3, 11][6, 10][7, 25] 
[5, 15, 10, 16, 2, 29][1, 9, 3, 14, 23][20, 24, 4, 7, 27][12, 19, 8, 26][0, 22, 18, 13][11, 25, 28][0, 17, 19][13, 6, 21][3, 11][17, 28][7, 25][6, 10] 
[5, 15, 10, 16, 2, 29][20, 24, 4, 7, 27][1, 9, 3, 14, 23][12, 19, 8, 26][0, 22, 18, 13][0, 17, 19][13, 6, 21][11, 25, 28][6, 10][17, 28][7, 25][3, 11] 
[5, 15, 10, 16, 2, 29][20, 24, 4, 7, 27][1, 9, 3, 14, 23][12, 19, 8, 26][0, 22, 18, 13][0, 17, 19][13, 6, 21][11, 25, 28][17, 28][7, 25][3, 11][6, 10] 
[5, 15, 10, 16, 2, 29][1, 9, 3, 14, 23][20, 24, 4, 7, 27][0, 22, 18, 13][12, 19, 8, 26][17, 11, 25, 28][0, 17, 19][6, 10][6, 13][3, 11][20, 23][6, 21] 
[5, 15, 10, 16, 2, 29][1, 9, 3, 14, 23][20, 24, 4, 7, 27][0, 22, 18, 13][12, 19, 8, 26][13, 6, 21][0, 17, 19][11, 25, 28][17, 28][3, 11][6, 10][7, 25] 
