[20, 4, 24, 1, 3, 9, 23][19, 22, 18, 12, 8, 26][5, 21, 15, 16, 7][14, 11, 25, 28][10, 2, 29, 27][13, 0, 17][14, 24][17, 28][0, 18][6, 13][6, 10][5, 6] 
[20, 4, 24, 1, 3, 9, 23][19, 22, 18, 12, 8, 26][5, 21, 15, 16, 7][14, 11, 25, 28][10, 2, 29, 27][13, 0, 17][14, 24][17, 28][0, 18][6, 13][6, 10][5, 6] 
[5, 21, 15, 16, 7, 20][4, 24, 1, 3, 9, 23][19, 22, 18, 12, 8, 26][14, 11, 25, 28][10, 2, 29, 27][13, 0, 17][14, 20][17, 28][6, 13][0, 18][6, 10][14, 24] 
[5, 21, 15, 16, 7, 20][4, 24, 1, 3, 9, 23][19, 22, 18, 12, 8, 26][14, 11, 25, 28][10, 2, 29, 27][13, 0, 17][14, 20][17, 28][6, 13][0, 18][6, 10][14, 24] 
[4, 24, 1, 3, 9, 23][19, 22, 18, 12, 8, 26][20, 14, 11, 25, 28][5, 21, 15, 16, 7][10, 2, 29, 27][13, 0, 17][14, 24][17, 28][6, 13][0, 18][5, 6][6, 10] 
[19, 22, 18, 12, 8, 26][4, 24, 1, 3, 9, 23][20, 14, 11, 25, 28][5, 21, 15, 16, 7][10, 2, 29, 27][13, 0, 17][0, 18][17, 28][6, 13][14, 24][5, 6][6, 10] 
[19, 22, 18, 12, 8, 26][4, 24, 1, 3, 9, 23][5, 21, 15, 16, 7][20, 14, 11, 25, 28][10, 2, 29, 27][13, 0, 17][5, 6][6, 10][6, 13][17, 28][0, 18][14, 24] 
[5, 21, 15, 16, 7, 20][4, 24, 1, 3, 9, 23][19, 22, 18, 12, 8, 26][14, 11, 25, 28][10, 2, 29, 27][13, 0, 17][6, 13][17, 28][5, 6][6, 10][14, 24][0, 18] 
[4, 24, 1, 3, 9, 23][19, 22, 18, 12, 8, 26][5, 21, 15, 16, 7, 20][14, 11, 25, 28][10, 2, 29, 27][13, 0, 17][17, 28][14, 24][0, 18][6, 13][5, 6][6, 10] 
[5, 21, 15, 16, 7, 20][19, 22, 18, 12, 8, 26][4, 24, 1, 3, 9, 23][14, 11, 25, 28][10, 2, 29, 27][13, 0, 17][6, 13][5, 6][0, 18][17, 28][6, 10][14, 24] 
[20, 4, 24, 1, 3, 9, 23][19, 22, 18, 12, 8, 26][5, 21, 15, 16, 7][14, 11, 25, 28][10, 2, 29, 27][13, 0, 17][0, 18][6, 13][5, 6][17, 28][6, 10][14, 24] 
[20, 4, 24, 1, 3, 9, 23][19, 22, 18, 12, 8, 26][5, 21, 15, 16, 7][14, 11, 25, 28][10, 2, 29, 27][13, 0, 17][5, 6][6, 13][17, 28][14, 24][0, 18][6, 10] 
[5, 21, 15, 16, 7, 20][4, 24, 1, 3, 9, 23][19, 22, 18, 12, 8, 26][14, 11, 25, 28][10, 2, 29, 27][13, 0, 17][17, 28][14, 20][14, 24][6, 13][0, 18][6, 10] 
[19, 22, 18, 12, 8, 26][4, 24, 1, 3, 9, 23][5, 21, 15, 16, 7][20, 14, 11, 25, 28][10, 2, 29, 27][13, 0, 17][0, 18][6, 13][6, 10][5, 6][17, 28][14, 24] 
[19, 22, 18, 12, 8, 26][4, 24, 1, 3, 9, 23][20, 14, 11, 25, 28][5, 21, 15, 16, 7][10, 2, 29, 27][13, 0, 17][0, 18][17, 28][14, 24][6, 13][5, 6][6, 10] 
[19, 22, 18, 12, 8, 26][5, 21, 15, 16, 7, 20][4, 24, 1, 3, 9, 23][14, 11, 25, 28][10, 2, 29, 27][13, 0, 17][0, 18][17, 28][6, 13][5, 6][14, 24][6, 10] 
[20, 4, 24, 1, 3, 9, 23][19, 22, 18, 12, 8, 26][5, 21, 15, 16, 7][14, 11, 25, 28][10, 2, 29, 27][13, 0, 17][17, 28][0, 18][14, 24][6, 13][6, 10][5, 6] 
[20, 4, 24, 1, 3, 9, 23][19, 22, 18, 12, 8, 26][5, 21, 15, 16, 7][10, 2, 29, 27][14, 11, 25, 28][13, 0, 17][6, 13][0, 18][6, 10][5, 6][17, 28][14, 24] 
[4, 24, 1, 3, 9, 23][19, 22, 18, 12, 8, 26][5, 21, 15, 16, 7][20, 14, 11, 25, 28][10, 2, 29, 27][13, 0, 17][6, 10][5, 6][6, 13][17, 28][14, 24][0, 18] 
[20, 4, 24, 1, 3, 9, 23][19, 22, 18, 12, 8, 26][5, 21, 15, 16, 7][10, 2, 29, 27][14, 11, 25, 28][13, 0, 17][6, 10][6, 13][5, 6][0, 18][17, 28][14, 24] 
[20, 4, 24, 1, 3, 9, 23][19, 22, 18, 12, 8, 26][5, 21, 15, 16, 7][10, 2, 29, 27][14, 11, 25, 28][13, 0, 17][6, 10][5, 6][6, 13][17, 28][0, 18][14, 24] 
[20, 4, 24, 1, 3, 9, 23][19, 22, 18, 12, 8, 26][5, 21, 15, 16, 7][14, 11, 25, 28][10, 2, 29, 27][13, 0, 17][17, 28][6, 13][5, 6][6, 10][0, 18][14, 24] 
[5, 21, 15, 16, 7, 20][4, 24, 1, 3, 9, 23][19, 22, 18, 12, 8, 26][14, 11, 25, 28][10, 2, 29, 27][13, 0, 17][17, 28][14, 20][14, 24][6, 13][0, 18][6, 10] 
[19, 22, 18, 12, 8, 26][4, 24, 1, 3, 9, 23][5, 21, 15, 16, 7][20, 14, 11, 25, 28][10, 2, 29, 27][13, 0, 17][6, 10][6, 13][17, 28][0, 18][14, 24][5, 6] 
[19, 22, 18, 12, 8, 26][4, 24, 1, 3, 9, 23][20, 14, 11, 25, 28][5, 21, 15, 16, 7][10, 2, 29, 27][13, 0, 17][0, 18][17, 28][6, 13][5, 6][6, 10][14, 24] 
[5, 21, 15, 16, 7, 20][4, 24, 1, 3, 9, 23][19, 22, 18, 12, 8, 26][10, 2, 29, 27][14, 11, 25, 28][13, 0, 17][5, 6][6, 10][6, 13][17, 28][14, 24][0, 18] 
[20, 4, 24, 1, 3, 9, 23][19, 22, 18, 12, 8, 26][5, 21, 15, 16, 7][10, 2, 29, 27][14, 11, 25, 28][13, 0, 17][6, 13][6, 10][5, 6][0, 18][17, 28][14, 24] 
[20, 4, 24, 1, 3, 9, 23][19, 22, 18, 12, 8, 26][5, 21, 15, 16, 7][14, 11, 25, 28][10, 2, 29, 27][13, 0, 17][14, 24][17, 28][6, 13][6, 10][0, 18][5, 6] 
[19, 22, 18, 12, 8, 26][4, 24, 1, 3, 9, 23][5, 21, 15, 16, 7][20, 14, 11, 25, 28][10, 2, 29, 27][13, 0, 17][5, 6][6, 10][6, 13][17, 28][0, 18][14, 24] 
[20, 4, 24, 1, 3, 9, 23][19, 22, 18, 12, 8, 26][5, 21, 15, 16, 7][14, 11, 25, 28][10, 2, 29, 27][13, 0, 17][17, 28][0, 18][14, 24][6, 13][6, 10][5, 6] 
[20, 4, 24, 1, 3, 9, 23][19, 22, 18, 12, 8, 26][5, 21, 15, 16, 7][10, 2, 29, 27][14, 11, 25, 28][13, 0, 17][6, 13][6, 10][5, 6][0, 18][17, 28][14, 24] 
[20, 4, 24, 1, 3, 9, 23][19, 22, 18, 12, 8, 26][5, 21, 15, 16, 7][14, 11, 25, 28][10, 2, 29, 27][13, 0, 17][14, 24][17, 28][0, 18][6, 13][5, 6][6, 10] 
[19, 22, 18, 12, 8, 26][4, 24, 1, 3, 9, 23][5, 21, 15, 16, 7][20, 14, 11, 25, 28][10, 2, 29, 27][13, 0, 17][6, 10][5, 6][6, 13][0, 18][17, 28][14, 24] 
[20, 4, 24, 1, 3, 9, 23][19, 22, 18, 12, 8, 26][5, 21, 15, 16, 7][10, 2, 29, 27][14, 11, 25, 28][13, 0, 17][6, 13][0, 18][6, 10][5, 6][17, 28][14, 24] 
[20, 4, 24, 1, 3, 9, 23][19, 22, 18, 12, 8, 26][5, 21, 15, 16, 7][10, 2, 29, 27][14, 11, 25, 28][13, 0, 17][6, 10][5, 6][6, 13][0, 18][17, 28][14, 24] 
[16, 15, 5, 21, 10, 29, 2, 6, 13, 0, 17, 12, 18, 22, 25][11, 14, 23, 9, 3, 1, 4, 20, 24, 7, 28][22, 19, 8, 26][16, 7, 27][0, 13][5, 21][5, 15][5, 21][5, 21][0, 13][5, 15][5, 15] 
[16, 15, 5, 21, 10, 29, 2, 6, 13, 0, 17, 12, 18, 22, 25][11, 14, 23, 9, 3, 1, 4, 20, 24, 7, 28][22, 19, 8, 26][16, 7, 27][5, 15][8, 19][0, 13][0, 13][7, 24][5, 15][0, 13][5, 21] 
[16, 15, 5, 21, 10, 29, 2, 6, 13, 0, 17, 12, 18, 22, 25][11, 14, 23, 9, 3, 1, 4, 20, 24, 7, 28][22, 19, 8, 26][16, 7, 27][5, 15][8, 19][0, 13][0, 13][7, 24][5, 15][0, 13][5, 21] 
[16, 15, 5, 21, 10, 29, 2, 6, 13, 0, 17, 12, 18, 22, 25][11, 14, 23, 9, 3, 1, 4, 20, 24, 7, 28][16, 7, 27][19, 8, 26][19, 22][0, 13][5, 15][0, 13][7, 24][5, 21][5, 15][20, 24] 
[16, 15, 5, 21, 10, 29, 2, 6, 13, 0, 17, 12, 18, 22, 25][11, 14, 23, 9, 3, 1, 4, 20, 24, 7, 28][16, 7, 27][19, 8, 26][7, 24][0, 13][18, 22][7, 24][5, 21][5, 21][18, 22][19, 22] 
[16, 15, 5, 21, 10, 29, 2, 6, 13, 0, 17, 12, 18, 22, 25][11, 14, 23, 9, 3, 1, 4, 20, 24, 7, 28][19, 8, 26][20, 24][7, 27][19, 22][12, 18][5, 21][10, 29][1, 4][5, 21][7, 16] 
[16, 15, 5, 21, 10, 29, 2, 6, 13, 0, 17, 12, 18, 22, 25][11, 14, 23, 9, 3, 1, 4, 20, 24, 7, 28][22, 19, 8, 26][16, 7, 27][7, 24][5, 15][5, 21][0, 13][5, 21][0, 13][5, 21][0, 13] 
[16, 15, 5, 21, 10, 29, 2, 6, 13, 0, 17, 12, 18, 22, 25][11, 14, 23, 9, 3, 1, 4, 20, 24, 7, 28][22, 19, 8, 26][16, 7, 27][5, 21][5, 15][0, 13][18, 22][7, 24][5, 21][0, 13][0, 13] 
[16, 15, 5, 21, 10, 29, 2, 6, 13, 0, 17, 12, 18, 22, 25][11, 14, 23, 9, 3, 1, 4, 20, 24, 7, 28][16, 7, 27][19, 8, 26][19, 22][0, 13][5, 15][0, 13][7, 24][5, 21][5, 15][20, 24] 
[16, 15, 5, 21, 10, 29, 2, 6, 13, 0, 17, 12, 18, 22, 25][11, 14, 23, 9, 3, 1, 4, 20, 24, 7, 28][22, 19, 8, 26][16, 7, 27][7, 24][5, 15][5, 21][0, 13][5, 21][0, 13][5, 21][0, 13] 
[16, 15, 5, 21, 10, 29, 2, 6, 13, 0, 17, 12, 18, 22, 25][11, 14, 23, 9, 3, 1, 4, 20, 24, 7, 28][22, 19, 8, 26][16, 7, 27][7, 24][5, 21][18, 22][0, 13][18, 22][18, 22][7, 24][5, 15] 
[16, 15, 5, 21, 10, 29, 2, 6, 13, 0, 17, 12, 18, 22, 25][11, 14, 23, 9, 3, 1, 4, 20, 24, 7, 28][22, 19, 8, 26][16, 7, 27][7, 24][5, 21][18, 22][0, 13][18, 22][18, 22][7, 24][5, 15] 
[16, 15, 5, 21, 10, 29, 2, 6, 13, 0, 17, 12, 18, 22, 25][11, 14, 23, 9, 3, 1, 4, 20, 24, 7, 28][16, 7, 27][19, 8, 26][18, 22][19, 22][18, 22][5, 15][18, 22][5, 15][1, 4][18, 22] 
[16, 15, 5, 21, 10, 29, 2, 6, 13, 0, 17, 12, 18, 22, 25][11, 14, 23, 9, 3, 1, 4, 20, 24, 7, 28][22, 19, 8, 26][16, 7, 27][19, 22][0, 13][5, 15][7, 24][5, 15][18, 22][1, 4][5, 15] 
[16, 15, 5, 21, 10, 29, 2, 6, 13, 0, 17, 12, 18, 22, 25][11, 14, 23, 9, 3, 1, 4, 20, 24, 7, 28][22, 19, 8, 26][16, 7, 27][19, 22][0, 13][5, 15][7, 24][5, 15][18, 22][1, 4][5, 15] 
[16, 15, 5, 21, 10, 29, 2, 6, 13, 0, 17, 12, 18, 22, 25][11, 14, 23, 9, 3, 1, 4, 20, 24, 7, 28][22, 19, 8, 26][16, 7, 27][0, 13][18, 22][5, 21][5, 15][20, 24][7, 24][5, 21][5, 15] 
[16, 15, 5, 21, 10, 29, 2, 6, 13, 0, 17, 12, 18, 22, 25][11, 14, 23, 9, 3, 1, 4, 20, 24, 7, 28][22, 19, 8, 26][16, 7, 27][5, 21][5, 15][0, 13][18, 22][7, 24][5, 21][0, 13][0, 13] 
[16, 15, 5, 21, 10, 29, 2, 6, 13, 0, 17, 12, 18, 22, 25][11, 14, 23, 9, 3, 1, 4, 20, 24, 7, 28][13, 0, 17, 12, 18, 22, 25][22, 19, 8, 26][16, 7, 27][0, 13][7, 28][5, 21][5, 15][15, 16][20, 24][10, 29] 
[16, 15, 5, 21, 10, 29, 2, 6, 13, 0, 17, 12, 18, 22, 25][11, 14, 23, 9, 3, 1, 4, 20, 24, 7, 28][22, 19, 8, 26][16, 7, 27][0, 13][18, 22][5, 21][5, 15][20, 24][7, 24][5, 21][5, 15] 
[16, 15, 5, 21, 10, 29, 2, 6, 13, 0, 17, 12, 18, 22, 25][11, 14, 23, 9, 3, 1, 4, 20, 24, 7, 28][22, 19, 8, 26][16, 7, 27][5, 21][5, 21][5, 15][5, 21][0, 13][5, 21][0, 13][0, 13] 
[16, 15, 5, 21, 10, 29, 2, 6, 13, 0, 17, 12, 18, 22, 25][11, 14, 23, 9, 3, 1, 4, 20, 24, 7, 28][22, 19, 8, 26][16, 7, 27][0, 13][5, 21][5, 15][5, 21][5, 21][0, 13][5, 15][5, 15] 
[5, 21, 15, 16, 7, 20][4, 24, 1, 3, 9, 23][19, 22, 18, 12, 8, 26][14, 11, 25, 28][10, 2, 29, 27][13, 0, 17][6, 13][17, 28][5, 6][6, 10][14, 24][0, 18] 
[4, 24, 1, 3, 9, 23][19, 22, 18, 12, 8, 26][5, 21, 15, 16, 7, 20][14, 11, 25, 28][10, 2, 29, 27][13, 0, 17][14, 24][17, 28][0, 18][6, 13][5, 6][6, 10] 
[4, 24, 1, 3, 9, 23][19, 22, 18, 12, 8, 26][5, 21, 15, 16, 7, 20][14, 11, 25, 28][10, 2, 29, 27][13, 0, 17][17, 28][14, 24][0, 18][6, 13][5, 6][6, 10] 
[5, 21, 15, 16, 7, 20][19, 22, 18, 12, 8, 26][4, 24, 1, 3, 9, 23][10, 2, 29, 27][14, 11, 25, 28][13, 0, 17][5, 6][6, 13][0, 18][6, 10][17, 28][14, 24] 
[4, 24, 1, 3, 9, 23][19, 22, 18, 12, 8, 26][5, 21, 15, 16, 7, 20][14, 11, 25, 28][10, 2, 29, 27][13, 0, 17][14, 24][17, 28][0, 18][6, 13][5, 6][6, 10] 
[5, 21, 15, 16, 7, 20][19, 22, 18, 12, 8, 26][4, 24, 1, 3, 9, 23][10, 2, 29, 27][14, 11, 25, 28][13, 0, 17][6, 13][5, 6][6, 10][17, 28][0, 18][14, 24] 
[19, 22, 18, 12, 8, 26][5, 21, 15, 16, 7, 20][4, 24, 1, 3, 9, 23][10, 2, 29, 27][14, 11, 25, 28][13, 0, 17][0, 18][6, 13][5, 6][6, 10][17, 28][14, 24] 
[4, 24, 1, 3, 9, 23][19, 22, 18, 12, 8, 26][5, 21, 15, 16, 7, 20][14, 11, 25, 28][10, 2, 29, 27][13, 0, 17][17, 28][6, 13][14, 24][0, 18][6, 10][5, 6] 
[19, 22, 18, 12, 8, 26][5, 21, 15, 16, 7, 20][4, 24, 1, 3, 9, 23][14, 11, 25, 28][10, 2, 29, 27][13, 0, 17][17, 28][0, 18][6, 13][6, 10][5, 6][14, 24] 
[5, 21, 15, 16, 7, 20][19, 22, 18, 12, 8, 26][4, 24, 1, 3, 9, 23][14, 11, 25, 28][10, 2, 29, 27][13, 0, 17][6, 13][5, 6][0, 18][17, 28][6, 10][14, 24] 
[5, 21, 15, 16, 7, 20][19, 22, 18, 12, 8, 26][4, 24, 1, 3, 9, 23][10, 2, 29, 27][14, 11, 25, 28][13, 0, 17][5, 6][6, 13][6, 10][0, 18][17, 28][14, 24] 
[5, 21, 15, 16, 7, 20][19, 22, 18, 12, 8, 26][4, 24, 1, 3, 9, 23][10, 2, 29, 27][14, 11, 25, 28][13, 0, 17][6, 13][5, 6][6, 10][17, 28][0, 18][14, 24] 
[5, 21, 15, 16, 7, 20][19, 22, 18, 12, 8, 26][4, 24, 1, 3, 9, 23][10, 2, 29, 27][14, 11, 25, 28][13, 0, 17][5, 6][6, 10][6, 13][0, 18][17, 28][14, 24] 
[19, 22, 18, 12, 8, 26][4, 24, 1, 3, 9, 23][5, 21, 15, 16, 7, 20][14, 11, 25, 28][10, 2, 29, 27][13, 0, 17][17, 28][0, 18][6, 13][14, 24][5, 6][6, 10] 
[19, 22, 18, 12, 8, 26][4, 24, 1, 3, 9, 23][5, 21, 15, 16, 7, 20][14, 11, 25, 28][10, 2, 29, 27][13, 0, 17][17, 28][0, 18][6, 13][14, 24][5, 6][6, 10] 
[20, 4, 24, 1, 3, 9, 23][19, 22, 18, 12, 8, 26][5, 21, 15, 16, 7][10, 2, 29, 27][14, 11, 25, 28][13, 0, 17][5, 6][6, 13][6, 10][17, 28][14, 24][0, 18] 
[20, 4, 24, 1, 3, 9, 23][19, 22, 18, 12, 8, 26][5, 21, 15, 16, 7][10, 2, 29, 27][14, 11, 25, 28][13, 0, 17][6, 13][6, 10][5, 6][0, 18][17, 28][14, 24] 
[20, 4, 24, 1, 3, 9, 23][19, 22, 18, 12, 8, 26][5, 21, 15, 16, 7][14, 11, 25, 28][10, 2, 29, 27][13, 0, 17][17, 28][0, 18][14, 24][6, 13][6, 10][5, 6] 
[20, 4, 24, 1, 3, 9, 23][19, 22, 18, 12, 8, 26][5, 21, 15, 16, 7][14, 11, 25, 28][10, 2, 29, 27][13, 0, 17][17, 28][14, 24][0, 18][6, 13][6, 10][5, 6] 
[20, 4, 24, 1, 3, 9, 23][19, 22, 18, 12, 8, 26][5, 21, 15, 16, 7][10, 2, 29, 27][14, 11, 25, 28][13, 0, 17][6, 10][5, 6][6, 13][17, 28][0, 18][14, 24] 
[4, 24, 1, 3, 9, 23][5, 21, 15, 16, 7, 20][19, 22, 18, 12, 8, 26][14, 11, 25, 28][10, 2, 29, 27][13, 0, 17][4, 7][1, 14][17, 28][6, 13][6, 10][0, 18] 
[4, 24, 1, 3, 9, 23][19, 22, 18, 12, 8, 26][5, 21, 15, 16, 7, 20][14, 11, 25, 28][10, 2, 29, 27][13, 0, 17][14, 24][17, 28][0, 18][6, 13][5, 6][6, 10] 
[4, 24, 1, 3, 9, 23][19, 22, 18, 12, 8, 26][5, 21, 15, 16, 7, 20][14, 11, 25, 28][10, 2, 29, 27][13, 0, 17][17, 28][6, 13][14, 24][0, 18][6, 10][5, 6] 
[19, 22, 18, 12, 8, 26][5, 21, 15, 16, 7, 20][4, 24, 1, 3, 9, 23][14, 11, 25, 28][10, 2, 29, 27][13, 0, 17][0, 18][17, 28][6, 13][5, 6][6, 10][14, 24] 
[19, 22, 18, 12, 8, 26][5, 21, 15, 16, 7, 20][4, 24, 1, 3, 9, 23][14, 11, 25, 28][10, 2, 29, 27][13, 0, 17][0, 18][17, 28][6, 13][5, 6][6, 10][14, 24] 
[5, 21, 15, 16, 7, 20][19, 22, 18, 12, 8, 26][4, 24, 1, 3, 9, 23][10, 2, 29, 27][14, 11, 25, 28][13, 0, 17][5, 6][6, 13][6, 10][0, 18][17, 28][14, 24] 
[4, 24, 1, 3, 9, 23][19, 22, 18, 12, 8, 26][20, 14, 11, 25, 28][5, 21, 15, 16, 7][10, 2, 29, 27][13, 0, 17][17, 28][14, 24][6, 13][6, 10][5, 6][0, 18] 
[5, 21, 15, 16, 7, 20][4, 24, 1, 3, 9, 23][19, 22, 18, 12, 8, 26][14, 11, 25, 28][10, 2, 29, 27][13, 0, 17][17, 28][6, 13][5, 6][14, 24][6, 10][0, 18] 
[20, 4, 24, 1, 3, 9, 23][19, 22, 18, 12, 8, 26][5, 21, 15, 16, 7][14, 11, 25, 28][10, 2, 29, 27][13, 0, 17][0, 18][6, 13][5, 6][17, 28][6, 10][14, 24] 
[20, 4, 24, 1, 3, 9, 23][19, 22, 18, 12, 8, 26][5, 21, 15, 16, 7][14, 11, 25, 28][10, 2, 29, 27][13, 0, 17][14, 24][5, 6][6, 10][6, 13][0, 18][17, 28] 
[20, 4, 24, 1, 3, 9, 23][19, 22, 18, 12, 8, 26][5, 21, 15, 16, 7][14, 11, 25, 28][10, 2, 29, 27][13, 0, 17][5, 6][6, 13][17, 28][0, 18][6, 10][14, 24] 
[20, 4, 24, 1, 3, 9, 23][19, 22, 18, 12, 8, 26][5, 21, 15, 16, 7][10, 2, 29, 27][14, 11, 25, 28][13, 0, 17][5, 6][6, 10][6, 13][17, 28][14, 24][0, 18] 
[20, 4, 24, 1, 3, 9, 23][19, 22, 18, 12, 8, 26][5, 21, 15, 16, 7][10, 2, 29, 27][14, 11, 25, 28][13, 0, 17][5, 6][6, 10][6, 13][0, 18][17, 28][14, 24] 
[20, 4, 24, 1, 3, 9, 23][19, 22, 18, 12, 8, 26][5, 21, 15, 16, 7][14, 11, 25, 28][10, 2, 29, 27][13, 0, 17][17, 28][14, 24][6, 13][5, 6][6, 10][0, 18] 
[20, 4, 24, 1, 3, 9, 23][19, 22, 18, 12, 8, 26][5, 21, 15, 16, 7][10, 2, 29, 27][14, 11, 25, 28][13, 0, 17][5, 6][6, 13][6, 10][17, 28][14, 24][0, 18] 
[20, 4, 24, 1, 3, 9, 23][19, 22, 18, 12, 8, 26][5, 21, 15, 16, 7][14, 11, 25, 28][10, 2, 29, 27][13, 0, 17][14, 24][17, 28][6, 13][6, 10][0, 18][5, 6] 
[20, 4, 24, 1, 3, 9, 23][19, 22, 18, 12, 8, 26][5, 21, 15, 16, 7][10, 2, 29, 27][14, 11, 25, 28][13, 0, 17][5, 6][6, 10][6, 13][0, 18][17, 28][14, 24] 
[20, 4, 24, 1, 3, 9, 23][19, 22, 18, 12, 8, 26][5, 21, 15, 16, 7][14, 11, 25, 28][10, 2, 29, 27][13, 0, 17][17, 28][14, 24][0, 18][6, 13][6, 10][5, 6] 
[20, 4, 24, 1, 3, 9, 23][19, 22, 18, 12, 8, 26][5, 21, 15, 16, 7][14, 11, 25, 28][10, 2, 29, 27][13, 0, 17][17, 28][14, 24][6, 13][5, 6][6, 10][0, 18] 
[20, 4, 24, 1, 3, 9, 23][19, 22, 18, 12, 8, 26][5, 21, 15, 16, 7][14, 11, 25, 28][10, 2, 29, 27][13, 0, 17][17, 28][6, 13][5, 6][6, 10][0, 18][14, 24] 
[20, 4, 24, 1, 3, 9, 23][19, 22, 18, 12, 8, 26][5, 21, 15, 16, 7][10, 2, 29, 27][14, 11, 25, 28][13, 0, 17][5, 6][6, 10][6, 13][17, 28][14, 24][0, 18] 
[20, 4, 24, 1, 3, 9, 23][19, 22, 18, 12, 8, 26][5, 21, 15, 16, 7][14, 11, 25, 28][10, 2, 29, 27][13, 0, 17][5, 6][6, 13][17, 28][14, 24][0, 18][6, 10] 
[20, 4, 24, 1, 3, 9, 23][19, 22, 18, 12, 8, 26][5, 21, 15, 16, 7][10, 2, 29, 27][14, 11, 25, 28][13, 0, 17][6, 13][6, 10][5, 6][0, 18][17, 28][14, 24] 
[20, 4, 24, 1, 3, 9, 23][19, 22, 18, 12, 8, 26][5, 21, 15, 16, 7, 27][14, 11, 25, 28][6, 10, 2, 29][13, 0, 17][0, 18][17, 28][14, 24][6, 13][5, 6][8, 26] 
[20, 4, 24, 1, 3, 9, 23][5, 21, 15, 16, 7, 27][19, 22, 18, 12, 8, 26][6, 10, 2, 29][14, 11, 25, 28][13, 0, 17][2, 10][5, 6][6, 13][17, 28][0, 18][14, 24] 
[20, 4, 24, 1, 3, 9, 23][19, 22, 18, 12, 8, 26][5, 21, 15, 16, 7, 27][6, 10, 2, 29][14, 11, 25, 28][13, 0, 17][6, 13][17, 28][0, 18][5, 6][14, 24][2, 10] 
[20, 4, 24, 1, 3, 9, 23][19, 22, 18, 12, 8, 26][5, 21, 15, 16, 7, 27][14, 11, 25, 28][6, 10, 2, 29][13, 0, 17][0, 18][17, 28][14, 24][6, 13][5, 6][8, 26] 
[20, 4, 24, 1, 3, 9, 23][5, 21, 15, 16, 7, 27][19, 22, 18, 12, 8, 26][6, 10, 2, 29][14, 11, 25, 28][13, 0, 17][2, 10][5, 6][6, 13][0, 18][17, 28][14, 24] 
[20, 4, 24, 1, 3, 9, 23][19, 22, 18, 12, 8, 26][5, 21, 15, 16, 7, 27][14, 11, 25, 28][6, 10, 2, 29][13, 0, 17][1, 14][17, 28][0, 18][4, 7][15, 21][6, 13] 
[4, 24, 1, 3, 9, 23][19, 22, 18, 12, 8, 26][5, 21, 15, 16, 7, 20][14, 11, 25, 28][10, 2, 29, 27][13, 0, 17][14, 24][17, 28][0, 18][6, 13][5, 6][6, 10] 
[19, 22, 18, 12, 8, 26][5, 21, 15, 16, 7, 20][4, 24, 1, 3, 9, 23][14, 11, 25, 28][10, 2, 29, 27][13, 0, 17][17, 28][0, 18][6, 13][6, 10][5, 6][14, 24] 
[19, 22, 18, 12, 8, 26][4, 24, 1, 3, 9, 23][5, 21, 15, 16, 7, 20][14, 11, 25, 28][10, 2, 29, 27][13, 0, 17][0, 18][17, 28][14, 24][6, 13][6, 10][5, 6] 
[5, 21, 15, 16, 7, 20][19, 22, 18, 12, 8, 26][4, 24, 1, 3, 9, 23][10, 2, 29, 27][14, 11, 25, 28][13, 0, 17][5, 6][6, 10][6, 13][0, 18][17, 28][14, 24] 
[5, 21, 15, 16, 7, 20][4, 24, 1, 3, 9, 23][19, 22, 18, 12, 8, 26][14, 11, 25, 28][10, 2, 29, 27][13, 0, 17][17, 28][6, 13][5, 6][14, 24][6, 10][0, 18] 
[20, 4, 24, 1, 3, 9, 23][19, 22, 18, 12, 8, 26][5, 21, 15, 16, 7][14, 11, 25, 28][10, 2, 29, 27][13, 0, 17][14, 24][5, 6][6, 10][6, 13][0, 18][17, 28] 
[5, 21, 15, 16, 7, 20][19, 22, 18, 12, 8, 26][4, 24, 1, 3, 9, 23][10, 2, 29, 27][14, 11, 25, 28][13, 0, 17][5, 6][6, 13][0, 18][6, 10][17, 28][14, 24] 
