[2, 29, 27, 16, 10, 15, 21][7, 20, 23, 24, 4, 14][1, 9, 3, 11, 25][19, 12, 8, 26][0, 28, 17][13, 18, 22][5, 6, 13][9, 14][25, 28][17, 22][5, 21][18, 19] 
[2, 29, 27, 16, 10, 15, 21][7, 20, 23, 24, 4, 14][1, 9, 3, 11, 25][19, 12, 8, 26][13, 18, 22][5, 6, 13][0, 28, 17][17, 22][5, 21][25, 28][18, 19][9, 14] 
[2, 29, 27, 16, 10, 15, 21][7, 20, 23, 24, 4, 14][1, 9, 3, 11, 25][19, 12, 8, 26][0, 28, 17][13, 18, 22][5, 6, 13][17, 22][18, 19][25, 28][5, 21][9, 14] 
[2, 29, 27, 16, 10, 15, 21][7, 20, 23, 24, 4, 14][1, 9, 3, 11, 25][19, 12, 8, 26][13, 18, 22][5, 6, 13][0, 28, 17][18, 19][17, 22][5, 21][25, 28][9, 14] 
[2, 29, 27, 16, 10, 15, 21][7, 20, 23, 24, 4, 14][1, 9, 3, 11, 25][19, 18, 17, 22][0, 26, 8, 12][5, 6, 13][5, 21][13, 18][12, 19][0, 28][25, 28][9, 14] 
[2, 29, 27, 16, 10, 15, 21][7, 20, 23, 24, 4, 14][1, 9, 3, 11, 25][19, 18, 17, 22][0, 26, 8, 12][5, 6, 13][12, 19][0, 28][25, 28][13, 18][5, 21][9, 14] 
[2, 29, 27, 16, 10, 15, 21][7, 20, 23, 24, 4, 14][1, 9, 3, 11, 25][19, 12, 8, 26][0, 28, 17][13, 18, 22][5, 6, 13][0, 26][17, 22][5, 21][25, 28][9, 14] 
[2, 29, 27, 16, 10, 15, 21][7, 20, 23, 24, 4, 14][1, 9, 3, 11, 25][0, 26, 8, 12][19, 18, 17, 22][5, 6, 13][0, 28][25, 28][12, 19][13, 18][5, 21][9, 14] 
[2, 29, 27, 16, 10, 15, 21][7, 20, 23, 24, 4, 14][1, 9, 3, 11, 25][19, 18, 17, 22][0, 26, 8, 12][5, 6, 13][5, 21][13, 18][12, 19][0, 28][25, 28][9, 14] 
[2, 29, 27, 16, 10, 15, 21][7, 20, 23, 24, 4, 14][1, 9, 3, 11, 25][19, 18, 17, 22][0, 26, 8, 12][5, 6, 13][13, 18][12, 19][5, 21][0, 28][25, 28][9, 14] 
[2, 29, 27, 16, 10, 15, 21][7, 20, 23, 24, 4, 14][1, 9, 3, 11, 25][19, 12, 8, 26][13, 18, 22][5, 6, 13][0, 28, 17][17, 22][25, 28][5, 21][18, 19][9, 14] 
[2, 29, 27, 16, 10, 15, 21][7, 20, 23, 24, 4, 14][1, 9, 3, 11, 25][19, 12, 8, 26][0, 28, 17][13, 18, 22][5, 6, 13][17, 22][25, 28][18, 19][5, 21][9, 14] 
[2, 29, 27, 16, 10, 15, 21][7, 20, 23, 24, 4, 14][1, 9, 3, 11, 25][19, 12, 8, 26][13, 18, 22][5, 6, 13][0, 28, 17][18, 19][17, 22][5, 21][25, 28][9, 14] 
[2, 29, 27, 16, 10, 15, 21][7, 20, 23, 24, 4, 14][1, 9, 3, 11, 25][19, 18, 17, 22][0, 26, 8, 12][5, 6, 13][13, 18][5, 21][12, 19][0, 28][25, 28][9, 14] 
[2, 29, 27, 16, 10, 15, 21][7, 20, 23, 24, 4, 14][1, 9, 3, 11, 25][0, 26, 8, 12][17, 18, 19][13, 18, 22][5, 6, 13][25, 28][0, 28][9, 14][12, 19][5, 21] 
[2, 29, 27, 16, 10, 15, 21][7, 20, 23, 24, 4, 14][1, 9, 3, 11, 25][19, 18, 17, 22][0, 26, 8, 12][5, 6, 13][13, 18][12, 19][5, 21][0, 28][25, 28][9, 14] 
[2, 29, 27, 16, 10, 15, 21][7, 20, 23, 24, 4, 14][1, 9, 3, 11, 25][19, 12, 8, 26][13, 18, 22][5, 6, 13][0, 28, 17][18, 19][5, 21][17, 22][25, 28][9, 14] 
[2, 29, 27, 16, 10, 15, 21][7, 20, 23, 24, 4, 14][1, 9, 3, 11, 25][19, 12, 8, 26][13, 18, 22][5, 6, 13][0, 28, 17][18, 19][5, 21][17, 22][25, 28][9, 14] 
[2, 29, 27, 16, 10, 15, 21][7, 20, 23, 24, 4, 14][1, 9, 3, 11, 25][19, 18, 17, 22][0, 26, 8, 12][5, 6, 13][12, 19][0, 28][25, 28][9, 14][13, 18][5, 21] 
[2, 29, 27, 16, 10, 15, 21][7, 20, 23, 24, 4, 14][1, 9, 3, 11, 25][19, 12, 8, 26][0, 28, 17][13, 18, 22][5, 6, 13][25, 28][17, 22][9, 14][5, 21][18, 19] 
[2, 29, 27, 16, 10, 15, 21][7, 20, 23, 24, 4, 14][1, 9, 3, 11, 25][19, 12, 8, 26][13, 18, 22][5, 6, 13][0, 28, 17][18, 19][17, 22][5, 21][25, 28][9, 14] 
[2, 29, 27, 16, 10, 15, 21][7, 20, 23, 24, 4, 14][1, 9, 3, 11, 25][19, 12, 8, 26][5, 6, 13][13, 18, 22][0, 28, 17][5, 21][18, 19][17, 22][25, 28][9, 14] 
[2, 29, 27, 16, 10, 15, 21][7, 20, 23, 24, 4, 14][1, 9, 3, 11, 25][19, 12, 8, 26][0, 28, 17][13, 18, 22][5, 6, 13][17, 22][25, 28][18, 19][5, 21][9, 14] 
[2, 29, 27, 16, 10, 15, 21][7, 20, 23, 24, 4, 14][1, 9, 3, 11, 25][19, 18, 17, 22][0, 26, 8, 12][5, 6, 13][5, 21][13, 18][12, 19][0, 28][25, 28][9, 14] 
[2, 29, 27, 16, 10, 15, 21][7, 20, 23, 24, 4, 14][1, 9, 3, 11, 25][19, 18, 17, 22][0, 26, 8, 12][5, 6, 13][12, 19][0, 28][25, 28][13, 18][5, 21][9, 14] 
[2, 29, 27, 16, 10, 15, 21][7, 20, 23, 24, 4, 14][1, 9, 3, 11, 25][0, 26, 8, 12][19, 18, 17, 22][5, 6, 13][0, 28][25, 28][12, 19][13, 18][5, 21][9, 14] 
[2, 29, 27, 16, 10, 15, 21][7, 20, 23, 24, 4, 14][1, 9, 3, 11, 25][19, 12, 8, 26][13, 18, 22][5, 6, 13][0, 28, 17][18, 19][5, 21][17, 22][25, 28][9, 14] 
[2, 29, 27, 16, 10, 15, 21][7, 20, 23, 24, 4, 14][1, 9, 3, 11, 25][19, 12, 8, 26][13, 18, 22][5, 6, 13][0, 28, 17][18, 19][17, 22][5, 21][25, 28][9, 14] 
[2, 29, 27, 16, 10, 15, 21][7, 20, 23, 24, 4, 14][1, 9, 3, 11, 25][19, 18, 17, 22][0, 26, 8, 12][5, 6, 13][12, 19][0, 28][25, 28][9, 14][13, 18][5, 21] 
[2, 29, 27, 16, 10, 15, 21][7, 20, 23, 24, 4, 14][1, 9, 3, 11, 25][19, 12, 8, 26][0, 28, 17][13, 18, 22][5, 6, 13][25, 28][17, 22][9, 14][5, 21][18, 19] 
[2, 29, 27, 16, 10, 15, 21][7, 20, 23, 24, 4, 14][1, 9, 3, 11, 25][19, 12, 8, 26][13, 18, 22][5, 6, 13][0, 28, 17][18, 19][17, 22][5, 21][25, 28][9, 14] 
[2, 29, 27, 16, 10, 15, 21][7, 20, 23, 24, 4, 14][1, 9, 3, 11, 25][19, 12, 8, 26][5, 6, 13][13, 18, 22][0, 28, 17][5, 21][18, 19][17, 22][25, 28][9, 14] 
[2, 29, 27, 16, 10, 15, 21][7, 20, 23, 24, 4, 14][1, 9, 3, 11, 25][19, 18, 17, 22][0, 26, 8, 12][5, 6, 13][12, 19][0, 28][25, 28][9, 14][13, 18][5, 21] 
[2, 29, 27, 16, 10, 15, 21][7, 20, 23, 24, 4, 14][1, 9, 3, 11, 25][19, 12, 8, 26][13, 18, 22][5, 6, 13][0, 28, 17][17, 22][25, 28][5, 21][18, 19][9, 14] 
[2, 29, 27, 16, 10, 15, 21][7, 20, 23, 24, 4, 14][1, 9, 3, 11, 25][19, 12, 8, 26][0, 28, 17][13, 18, 22][5, 6, 13][25, 28][17, 22][5, 21][9, 14][18, 19] 
[23, 4, 24, 1, 14, 9, 3, 11, 17, 18, 13, 0, 25, 28][26, 8, 12, 22, 25, 7, 10, 16, 6, 2, 29, 27][6, 5, 21][18, 19][20, 23][15, 21][2, 29][2, 29][2, 29][11, 17][13, 18][11, 17] 
[23, 4, 24, 1, 14, 9, 3, 11, 17, 18, 13, 0, 25][26, 8, 12, 22, 25, 7, 10, 16, 6, 2, 29, 27][6, 5, 21, 15][2, 29][25, 28][20, 23][18, 19][13, 18][2, 29][2, 29][13, 18][13, 18] 
[23, 4, 24, 1, 14, 9, 3, 11, 17, 18, 13, 0, 25, 28][26, 8, 12, 22, 25, 7, 10, 16, 6, 2, 29, 27][6, 5, 21, 15][0, 25, 28][5, 21][5, 6][27, 29][25, 28][7, 20][12, 19][5, 21][27, 29] 
[15, 5, 21, 6, 13, 18, 22, 0, 26, 8, 12, 19, 17, 28, 25][2, 29, 27, 16, 10, 15][7, 20, 23, 24, 4, 14][1, 9, 3, 11, 25][17, 18][9, 14][5, 21][0, 26][5, 21][6, 13][5, 21][13, 18] 
[15, 5, 21, 6, 13, 18, 22, 0, 26, 8, 12, 19, 17, 28, 25][2, 29, 27, 16, 10, 15][7, 20, 23, 24, 4, 14][1, 9, 3, 11, 25][17, 18][9, 14][5, 21][0, 26][5, 21][6, 13][5, 21][13, 18] 
[26, 8, 12, 22, 25, 7, 10, 16, 6, 2, 29, 27][0, 13, 18, 17, 11, 3, 9, 14, 1, 24, 4, 23][6, 5, 21, 15][7, 10][20, 23][3, 11][25, 28][12, 19][11, 17][5, 21][0, 25][11, 17] 
[15, 5, 21, 6, 13, 18, 22, 0, 26, 8, 12, 19, 17, 28, 25][2, 29, 27, 16, 10, 15, 21][7, 20, 23, 24, 4, 14][1, 9, 3, 11, 25][14, 4, 24][25, 28][9, 14][4, 14][25, 28][25, 28][5, 21][4, 14] 
[23, 4, 24, 1, 14, 9, 3, 11, 17, 18, 13, 0, 25][26, 8, 12, 22, 25, 7, 10, 16, 6, 2, 29, 27][6, 5, 21, 15][2, 29][25, 28][20, 23][18, 19][13, 18][2, 29][2, 29][13, 18][13, 18] 
[15, 5, 21, 6, 13, 18, 22, 0, 26, 8, 12, 19, 17, 28, 25][2, 29, 27, 16, 10, 15][1, 9, 3, 11, 25][4, 24, 23, 20, 7][5, 21][9, 14][13, 18][4, 14][6, 13][6, 13][12, 19][13, 18] 
[26, 8, 12, 22, 25, 7, 10, 16, 6, 2, 29, 27][7, 20, 23, 24, 4, 14][17, 18, 13, 0, 25, 28][1, 9, 3, 11, 25][6, 5, 21, 15][1, 9, 3][13, 18][18, 19][20, 23][1, 9][20, 23][13, 18] 
[23, 4, 24, 1, 14, 9, 3, 11, 17, 18, 13, 0, 25, 28][26, 8, 12, 22, 25, 7, 10, 16, 6, 2, 29, 27][5, 21, 15][12, 19][0, 25][7, 20][13, 18][2, 29][5, 6][2, 29][13, 18][13, 18] 
[23, 4, 24, 1, 14, 9, 3, 11, 17, 18, 13, 0, 25][26, 8, 12, 22, 25, 7, 10, 16, 6, 2, 29, 27][6, 5, 21, 15][22, 25][7, 20][12, 19][7, 10][5, 21][25, 28][7, 10][7, 10][13, 18] 
[15, 5, 21, 6, 13, 18, 22, 0, 26, 8, 12, 19, 17, 28, 25][2, 29, 27, 16, 10, 15][1, 9, 3, 11, 25][4, 24, 23, 20, 7][5, 21][9, 14][13, 18][4, 14][6, 13][6, 13][12, 19][13, 18] 
[23, 4, 24, 1, 14, 9, 3, 11, 17, 18, 13, 0, 25][26, 8, 12, 22, 25, 7, 10, 16, 6, 2, 29, 27][6, 5, 21, 15][22, 25][7, 20][12, 19][7, 10][5, 21][25, 28][7, 10][7, 10][13, 18] 
[23, 4, 24, 1, 14, 9, 3, 11, 17, 18, 13, 0, 25, 28][26, 8, 12, 22, 25, 7, 10, 16, 6, 2, 29, 27][5, 21, 15][12, 19][0, 25][7, 20][13, 18][2, 29][5, 6][2, 29][13, 18][13, 18] 
[15, 5, 21, 6, 13, 18, 22, 0, 26, 8, 12, 19, 17, 28, 25][2, 29, 27, 16, 10, 15, 21][7, 20, 23, 24, 4, 14][1, 9, 3, 11, 25][14, 4, 24][25, 28][9, 14][4, 14][25, 28][25, 28][5, 21][4, 14] 
[23, 4, 24, 1, 14, 9, 3, 11, 17, 18, 13, 0, 25, 28][26, 8, 12, 22, 25, 7, 10, 16, 6, 2, 29, 27][6, 5, 21, 15][0, 25, 28][5, 21][5, 6][27, 29][25, 28][7, 20][12, 19][5, 21][27, 29] 
[15, 5, 21, 6, 13, 18, 22, 0, 26, 8, 12, 19, 17, 28, 25][1, 14, 9, 3, 11, 17][7, 20, 23, 24, 4, 14][16, 6, 2, 29, 27][20, 23][2, 6][6, 13][13, 18][5, 21][13, 18][2, 29][7, 10] 
[23, 4, 24, 1, 14, 9, 3, 11, 17, 18, 13, 0, 25, 28][26, 8, 12, 22, 25, 7, 10, 16, 6, 2, 29, 27][14, 4, 23, 24, 3, 11, 25, 22, 19, 18][6, 5, 21, 15][2, 29][20, 23][2, 29][13, 18][2, 29][13, 18][2, 29][2, 6] 
[23, 4, 24, 1, 14, 9, 3, 11, 17, 18, 13, 0, 25, 28][26, 8, 12, 22, 25, 7, 10, 16, 6, 2, 29, 27][14, 4, 23, 24, 3, 11, 25, 22, 19, 18][6, 5, 21, 15][2, 29][20, 23][2, 29][13, 18][2, 29][13, 18][2, 29][2, 6] 
[23, 4, 24, 1, 14, 9, 3, 11, 17, 18, 13, 0, 25, 28][26, 8, 12, 22, 25, 7, 10, 16, 6, 2, 29, 27][6, 5, 21, 15][9, 14][7, 20][12, 19][7, 10][5, 21][5, 21][1, 14][7, 10][5, 21] 
[2, 29, 27, 16, 10, 15, 21][7, 20, 23, 24, 4, 14][1, 9, 3, 11, 25][19, 18, 17, 22][0, 26, 8, 12][5, 6, 13][5, 21][13, 18][12, 19][0, 28][25, 28][9, 14] 
[2, 29, 27, 16, 10, 15, 21][7, 20, 23, 24, 4, 14][1, 9, 3, 11, 25][19, 18, 17, 22][0, 26, 8, 12][5, 6, 13][12, 19][13, 18][5, 21][0, 28][25, 28][9, 14] 
[2, 29, 27, 16, 10, 15, 21][7, 20, 23, 24, 4, 14][1, 9, 3, 11, 25][0, 26, 8, 12][19, 18, 17, 22][5, 6, 13][25, 28][0, 28][12, 19][9, 14][13, 18][5, 21] 
[2, 29, 27, 16, 10, 15, 21][7, 20, 23, 24, 4, 14][1, 9, 3, 11, 25][19, 18, 17, 22][0, 26, 8, 12][5, 6, 13][5, 21][13, 18][12, 19][0, 28][25, 28][9, 14] 
[2, 29, 27, 16, 10, 15, 21][7, 20, 23, 24, 4, 14][1, 9, 3, 11, 25][0, 26, 8, 12][19, 18, 17, 22][5, 6, 13][12, 19][13, 18][0, 28][5, 21][25, 28][9, 14] 
[2, 29, 27, 16, 10, 15, 21][7, 20, 23, 24, 4, 14][1, 9, 3, 11, 25][19, 18, 17, 22][0, 26, 8, 12][5, 6, 13][5, 21][13, 18][12, 19][0, 28][25, 28][9, 14] 
[2, 29, 27, 16, 10, 15, 21][7, 20, 23, 24, 4, 14][1, 9, 3, 11, 25][0, 26, 8, 12][19, 18, 17, 22][5, 6, 13][12, 19][0, 28][25, 28][9, 14][13, 18][5, 21] 
[2, 29, 27, 16, 10, 15, 21][7, 20, 23, 24, 4, 14][1, 9, 3, 11, 25][0, 26, 8, 12][19, 18, 17, 22][5, 6, 13][25, 28][0, 28][12, 19][9, 14][13, 18][5, 21] 
[2, 29, 27, 16, 10, 15, 21][7, 20, 23, 24, 4, 14][1, 9, 3, 11, 25][0, 26, 8, 12][19, 18, 17, 22][5, 6, 13][12, 19][13, 18][0, 28][5, 21][25, 28][9, 14] 
[2, 29, 27, 16, 10, 15, 21][7, 20, 23, 24, 4, 14][1, 9, 3, 11, 25][19, 18, 17, 22][0, 26, 8, 12][5, 6, 13][12, 19][13, 18][5, 21][0, 28][25, 28][9, 14] 
[2, 29, 27, 16, 10, 15, 21][7, 20, 23, 24, 4, 14][1, 9, 3, 11, 25][19, 18, 17, 22][0, 26, 8, 12][5, 6, 13][5, 21][13, 18][12, 19][0, 28][25, 28][9, 14] 
[2, 29, 27, 16, 10, 15, 21][7, 20, 23, 24, 4, 14][1, 9, 3, 11, 25][19, 18, 17, 22][0, 26, 8, 12][5, 6, 13][5, 21][13, 18][12, 19][0, 28][25, 28][9, 14] 
[2, 29, 27, 16, 10, 15, 21][7, 20, 23, 24, 4, 14][1, 9, 3, 11, 25][19, 18, 17, 22][0, 26, 8, 12][5, 6, 13][5, 21][13, 18][12, 19][0, 28][25, 28][9, 14] 
[2, 29, 27, 16, 10, 15, 21][7, 20, 23, 24, 4, 14][1, 9, 3, 11, 25][19, 18, 17, 22][0, 26, 8, 12][5, 6, 13][13, 18][5, 21][12, 19][0, 28][25, 28][9, 14] 
[2, 29, 27, 16, 10, 15, 21][7, 20, 23, 24, 4, 14][1, 9, 3, 11, 25][19, 18, 17, 22][0, 26, 8, 12][5, 6, 13][12, 19][0, 28][25, 28][9, 14][13, 18][5, 21] 
[2, 29, 27, 16, 10, 15, 21][7, 20, 23, 24, 4, 14][1, 9, 3, 11, 25][19, 12, 8, 26][13, 18, 22][5, 6, 13][0, 28, 17][18, 19][5, 21][17, 22][25, 28][9, 14] 
[2, 29, 27, 16, 10, 15, 21][7, 20, 23, 24, 4, 14][1, 9, 3, 11, 25][19, 12, 8, 26][5, 6, 13][13, 18, 22][0, 28, 17][18, 19][17, 22][5, 21][25, 28][9, 14] 
[2, 29, 27, 16, 10, 15, 21][7, 20, 23, 24, 4, 14][1, 9, 3, 11, 25][19, 12, 8, 26][0, 28, 17][13, 18, 22][5, 6, 13][17, 22][18, 19][5, 21][25, 28][9, 14] 
[2, 29, 27, 16, 10, 15, 21][7, 20, 23, 24, 4, 14][1, 9, 3, 11, 25][19, 12, 8, 26][5, 6, 13][13, 18, 22][0, 28, 17][5, 21][18, 19][17, 22][25, 28][9, 14] 
[2, 29, 27, 16, 10, 15, 21][7, 20, 23, 24, 4, 14][1, 9, 3, 11, 25][19, 12, 8, 26][5, 6, 13][13, 18, 22][0, 28, 17][5, 21][17, 22][18, 19][25, 28][9, 14] 
[2, 29, 27, 16, 10, 15, 21][7, 20, 23, 24, 4, 14][1, 9, 3, 11, 25][19, 18, 17, 22][0, 28, 17][12, 8, 26][5, 6, 13][25, 28][13, 18][9, 14][5, 21][12, 19] 
[2, 29, 27, 16, 10, 15, 21][7, 20, 23, 24, 4, 14][1, 9, 3, 11, 25][19, 18, 17, 22][0, 26, 8, 12][5, 6, 13][5, 21][13, 18][12, 19][0, 28][25, 28][9, 14] 
[2, 29, 27, 16, 10, 15, 21][7, 20, 23, 24, 4, 14][1, 9, 3, 11, 25][19, 18, 17, 22][0, 26, 8, 12][5, 6, 13][5, 21][13, 18][12, 19][0, 28][25, 28][9, 14] 
[2, 29, 27, 16, 10, 15, 21][7, 20, 23, 24, 4, 14][1, 9, 3, 11, 25][19, 18, 17, 22][0, 26, 8, 12][5, 6, 13][13, 18][5, 21][12, 19][0, 28][25, 28][9, 14] 
[2, 29, 27, 16, 10, 15, 21][7, 20, 23, 24, 4, 14][1, 9, 3, 11, 25][0, 26, 8, 12][19, 18, 17, 22][5, 6, 13][9, 14][25, 28][0, 28][12, 19][13, 18][5, 21] 
[2, 29, 27, 16, 10, 15, 21][7, 20, 23, 24, 4, 14][1, 9, 3, 11, 25][19, 18, 17, 22][0, 26, 8, 12][5, 6, 13][5, 21][13, 18][12, 19][0, 28][25, 28][9, 14] 
[2, 29, 27, 16, 10, 15, 21][7, 20, 23, 24, 4, 14][1, 9, 3, 11, 25][19, 18, 17, 22][0, 26, 8, 12][5, 6, 13][12, 19][0, 28][25, 28][9, 14][13, 18][5, 21] 
[2, 29, 27, 16, 10, 15, 21][7, 20, 23, 24, 4, 14][1, 9, 3, 11, 25][0, 26, 8, 12][19, 18, 17, 22][5, 6, 13][12, 19][0, 28][25, 28][9, 14][13, 18][5, 21] 
[2, 29, 27, 16, 10, 15, 21][7, 20, 23, 24, 4, 14][1, 9, 3, 11, 25][19, 12, 8, 26][13, 18, 22][5, 6, 13][0, 28, 17][18, 19][5, 21][17, 22][25, 28][9, 14] 
[2, 29, 27, 16, 10, 15, 21][7, 20, 23, 24, 4, 14][1, 9, 3, 11, 25][19, 12, 8, 26][5, 6, 13][13, 18, 22][0, 28, 17][5, 21][17, 22][18, 19][25, 28][9, 14] 
[2, 29, 27, 16, 10, 15, 21][7, 20, 23, 24, 4, 14][1, 9, 3, 11, 25][19, 12, 8, 26][5, 6, 13][13, 18, 22][0, 28, 17][5, 21][17, 22][18, 19][25, 28][9, 14] 
[2, 29, 27, 16, 10, 15, 21][7, 20, 23, 24, 4, 14][1, 9, 3, 11, 25][19, 12, 8, 26][0, 28, 17][13, 18, 22][5, 6, 13][17, 22][18, 19][5, 21][25, 28][9, 14] 
[2, 29, 27, 16, 10, 15, 21][7, 20, 23, 24, 4, 14][1, 9, 3, 11, 25][19, 12, 8, 26][13, 18, 22][5, 6, 13][0, 28, 17][18, 19][5, 21][17, 22][25, 28][9, 14] 
[2, 29, 27, 16, 10, 15, 21][7, 20, 23, 24, 4, 14][1, 9, 3, 11, 25][19, 12, 8, 26][13, 18, 22][5, 6, 13][0, 28, 17][18, 19][5, 21][17, 22][25, 28][9, 14] 
[2, 29, 27, 16, 10, 15, 21][7, 20, 23, 24, 4, 14][1, 9, 3, 11, 25][19, 12, 8, 26][0, 28, 17][13, 18, 22][5, 6, 13][17, 22][5, 21][25, 28][18, 19][9, 14] 
[2, 29, 27, 16, 10, 15, 21][7, 20, 23, 24, 4, 14][1, 9, 3, 11, 25][19, 12, 8, 26][0, 28, 17][13, 18, 22][5, 6, 13][17, 22][25, 28][5, 21][18, 19][9, 14] 
[2, 29, 27, 16, 10, 15, 21][7, 20, 23, 24, 4, 14][1, 9, 3, 11, 25][19, 12, 8, 26][5, 6, 13][13, 18, 22][0, 28, 17][18, 19][17, 22][5, 21][25, 28][9, 14] 
[2, 29, 27, 16, 10, 15, 21][7, 20, 23, 24, 4, 14][1, 9, 3, 11, 25][19, 12, 8, 26][0, 28, 17][13, 18, 22][5, 6, 13][17, 22][25, 28][5, 21][18, 19][9, 14] 
[2, 29, 27, 16, 10, 15, 21][7, 20, 23, 24, 4, 14][1, 9, 3, 11, 25][19, 12, 8, 26][13, 18, 22][5, 6, 13][0, 28, 17][5, 21][18, 19][17, 22][25, 28][9, 14] 
[2, 29, 27, 16, 10, 15, 21][7, 20, 23, 24, 4, 14][1, 9, 3, 11, 25][19, 12, 8, 26][5, 6, 13][13, 18, 22][0, 28, 17][5, 21][17, 22][18, 19][25, 28][9, 14] 
[2, 29, 27, 16, 10, 15, 21][7, 20, 23, 24, 4, 14][1, 9, 3, 11, 25][19, 12, 8, 26][0, 28, 17][13, 18, 22][5, 6, 13][9, 14][25, 28][17, 22][18, 19][5, 21] 
[2, 29, 27, 16, 10, 15, 21][7, 20, 23, 24, 4, 14][1, 9, 3, 11, 25][19, 12, 8, 26][13, 18, 22][5, 6, 13][0, 28, 17][5, 21][18, 19][17, 22][25, 28][9, 14] 
[2, 29, 27, 16, 10, 15, 21][7, 20, 23, 24, 4, 14][1, 9, 3, 11, 25][19, 12, 8, 26][0, 28, 17][13, 18, 22][5, 6, 13][25, 28][17, 22][5, 21][9, 14][18, 19] 
[2, 29, 27, 16, 10, 15, 21][7, 20, 23, 24, 4, 14][1, 9, 3, 11, 25][0, 26, 8, 12][19, 18, 17, 22][0, 28, 17][5, 6, 13][8, 26][25, 28][9, 14][13, 18][5, 21] 
[2, 29, 27, 16, 10, 15, 21][7, 20, 23, 24, 4, 14][1, 9, 3, 11, 25][19, 12, 8, 26][0, 28, 17][17, 18, 19][13, 18, 22][5, 6, 13][9, 14][25, 28][5, 21][4, 14] 
[2, 29, 27, 16, 10, 15, 21][7, 20, 23, 24, 4, 14][1, 9, 3, 11, 25][19, 12, 8, 26][5, 6, 13][13, 18, 22][17, 18, 19][0, 28, 17][5, 21][25, 28][9, 14][4, 14] 
[2, 29, 27, 16, 10, 15, 21][7, 20, 23, 24, 4, 14][1, 9, 3, 11, 25][19, 12, 8, 26][0, 28, 17][17, 18, 19][13, 18, 22][5, 6, 13][9, 14][25, 28][5, 21][4, 14] 
[2, 29, 27, 16, 10, 15, 21][7, 20, 23, 24, 4, 14][1, 9, 3, 11, 25][19, 12, 8, 26][5, 6, 13][13, 18, 22][17, 18, 19][0, 28, 17][5, 21][25, 28][9, 14][4, 14] 
[2, 29, 27, 16, 10, 15, 21][7, 20, 23, 24, 4, 14][1, 9, 3, 11, 25][19, 12, 8, 26][19, 18, 17, 22][0, 28, 17][5, 6, 13][13, 18][5, 21][25, 28][9, 14][4, 14] 
[2, 29, 27, 16, 10, 15, 21][7, 20, 23, 24, 4, 14][1, 9, 3, 11, 25][0, 26, 8, 12][19, 18, 17, 22][5, 6, 13][9, 14][25, 28][0, 28][12, 19][13, 18][5, 21] 
[2, 29, 27, 16, 10, 15, 21][7, 20, 23, 24, 4, 14][1, 9, 3, 11, 25][19, 18, 17, 22][0, 26, 8, 12][5, 6, 13][13, 18][5, 21][12, 19][0, 28][25, 28][9, 14] 
[2, 29, 27, 16, 10, 15, 21][7, 20, 23, 24, 4, 14][1, 9, 3, 11, 25][19, 18, 17, 22][0, 26, 8, 12][5, 6, 13][5, 21][13, 18][12, 19][0, 28][25, 28][9, 14] 
[2, 29, 27, 16, 10, 15, 21][7, 20, 23, 24, 4, 14][1, 9, 3, 11, 25][19, 18, 17, 22][0, 26, 8, 12][5, 6, 13][5, 21][13, 18][12, 19][0, 28][25, 28][9, 14] 
[2, 29, 27, 16, 10, 15, 21][7, 20, 23, 24, 4, 14][1, 9, 3, 11, 25][0, 26, 8, 12][19, 18, 17, 22][5, 6, 13][0, 28][25, 28][9, 14][12, 19][13, 18][5, 21] 
[2, 29, 27, 16, 10, 15, 21][7, 20, 23, 24, 4, 14][1, 9, 3, 11, 25][19, 12, 8, 26][0, 28, 17][13, 18, 22][5, 6, 13][25, 28][9, 14][17, 22][18, 19][5, 21] 
[2, 29, 27, 16, 10, 15, 21][7, 20, 23, 24, 4, 14][1, 9, 3, 11, 25][19, 18, 17, 22][0, 26, 8, 12][5, 6, 13][5, 21][13, 18][12, 19][0, 28][25, 28][9, 14] 
