[23, 14, 9, 1, 4, 20, 24][0, 26, 8, 19, 22][5, 6, 21, 15, 10][12, 17, 18, 13][3, 11, 25, 28][27, 16, 2, 29][12, 19][17, 28][7, 28][7, 24][7, 16][6, 16] 
[23, 14, 9, 1, 4, 20, 24][5, 6, 21, 15, 10][0, 25, 11, 3][22, 19, 8, 26][27, 16, 2, 29][7, 28, 25][12, 19, 17][13, 18, 17][7, 24][0, 22][7, 16][6, 16] 
[23, 14, 9, 1, 4, 20, 24][13, 18, 22, 19, 8, 26][5, 6, 21, 15, 10][0, 25, 11, 3][27, 16, 2, 29][12, 19, 17][25, 28][7, 28][0, 22][7, 24][7, 16][6, 16] 
[23, 14, 9, 1, 4, 20, 24][13, 18, 22, 19, 8, 26][5, 6, 21, 15, 10][0, 25, 11, 3][27, 16, 2, 29][12, 19, 17][25, 28][7, 28][0, 22][7, 24][7, 16][6, 16] 
[23, 14, 9, 1, 4, 20, 24][5, 6, 21, 15, 10][0, 22, 19, 8, 26][12, 17, 18, 13][27, 16, 2, 29][7, 28, 25][3, 11, 25][7, 24][17, 28][7, 16][6, 16][12, 19] 
[23, 14, 9, 1, 4, 20, 24][5, 6, 21, 15, 10][0, 22, 19, 8, 26][12, 17, 18, 13][27, 16, 2, 29][7, 28, 25][3, 11, 25][7, 24][17, 28][7, 16][6, 16][12, 19] 
[23, 14, 9, 1, 4, 20, 24][5, 6, 21, 15, 10][22, 19, 8, 26][0, 25, 11, 3][27, 16, 2, 29][12, 17, 18, 13][7, 28, 25][0, 22][7, 16][6, 16][7, 24][12, 19] 
[23, 14, 9, 1, 4, 20, 24][0, 22, 19, 8, 26][5, 6, 21, 15, 10][12, 17, 18, 13][27, 16, 2, 29][7, 28, 25][3, 11, 25][12, 19][17, 28][7, 24][7, 16][6, 16] 
[23, 14, 9, 1, 4, 20, 24][0, 22, 19, 8, 26][5, 6, 21, 15, 10][12, 17, 18, 13][27, 16, 2, 29][7, 28, 25][3, 11, 25][12, 19][17, 28][7, 24][7, 16][6, 16] 
[23, 14, 9, 1, 4, 20, 24][5, 6, 21, 15, 10][0, 22, 19, 8, 26][27, 16, 2, 29][12, 17, 18, 13][7, 28, 25][3, 11, 25][6, 16][7, 16][7, 24][17, 28][12, 19] 
[23, 14, 9, 1, 4, 20, 24][5, 6, 21, 15, 10][0, 26, 8, 19, 22][27, 16, 2, 29][3, 11, 25, 28][12, 17, 18, 13][7, 24][7, 16][7, 28][6, 16][17, 28][12, 19] 
[23, 14, 9, 1, 4, 20, 24][5, 6, 21, 15, 10][0, 25, 11, 3][22, 19, 8, 26][27, 16, 2, 29][12, 19, 17][7, 28, 25][13, 18, 17][0, 22][7, 24][7, 16][6, 16] 
[23, 14, 9, 1, 4, 20, 24][13, 18, 22, 19, 8, 26][5, 6, 21, 15, 10][0, 25, 11, 3][27, 16, 2, 29][12, 19, 17][0, 22][25, 28][7, 28][7, 16][6, 16][7, 24] 
[23, 14, 9, 1, 4, 20, 24][5, 6, 21, 15, 10][0, 22, 19, 8, 26][27, 16, 2, 29][12, 17, 18, 13][7, 28, 25][3, 11, 25][6, 16][7, 16][7, 24][17, 28][12, 19] 
[23, 14, 9, 1, 4, 20, 24][5, 6, 21, 15, 10][0, 22, 19, 8, 26][27, 16, 2, 29][12, 17, 18, 13][7, 28, 25][3, 11, 25][7, 16][17, 28][6, 16][12, 19][7, 24] 
[23, 14, 9, 1, 4, 20, 24][0, 22, 19, 8, 26][5, 6, 21, 15, 10][12, 17, 18, 13][27, 16, 2, 29][7, 28, 25][3, 11, 25][12, 19][17, 28][7, 24][7, 16][6, 16] 
[23, 14, 9, 1, 4, 20, 24][5, 6, 21, 15, 10][0, 26, 8, 19, 22][27, 16, 2, 29][3, 11, 25, 28][12, 17, 18, 13][6, 16][7, 16][7, 24][7, 28][17, 28][12, 19] 
[23, 14, 9, 1, 4, 20, 24][5, 6, 21, 15, 10][0, 25, 11, 3][22, 19, 8, 26][27, 16, 2, 29][12, 19, 17][7, 28, 25][13, 18, 17][0, 22][7, 24][7, 16][6, 16] 
[23, 14, 9, 1, 4, 20, 24][5, 6, 21, 15, 10][0, 22, 19, 8, 26][27, 16, 2, 29][12, 17, 18, 13][7, 28, 25][3, 11, 25][6, 16][7, 16][7, 24][17, 28][12, 19] 
[23, 14, 9, 1, 4, 20, 24][5, 6, 21, 15, 10][0, 26, 8, 19, 22][27, 16, 2, 29][3, 11, 25, 28][12, 17, 18, 13][6, 16][7, 16][7, 24][7, 28][17, 28][12, 19] 
[23, 14, 9, 1, 4, 20, 24][5, 6, 21, 15, 10][0, 26, 8, 19, 22][27, 16, 2, 29][3, 11, 25, 28][12, 17, 18, 13][7, 24][7, 16][7, 28][6, 16][17, 28][12, 19] 
[23, 14, 9, 1, 4, 20, 24][5, 6, 21, 15, 10][22, 19, 8, 26][0, 25, 11, 3][27, 16, 2, 29][12, 19, 17][7, 28, 25][13, 18, 17][0, 22][7, 16][7, 24][6, 16] 
[23, 14, 9, 1, 4, 20, 24][13, 18, 22, 19, 8, 26][5, 6, 21, 15, 10][0, 25, 11, 3][27, 16, 2, 29][12, 19, 17][0, 22][25, 28][7, 28][7, 16][6, 16][7, 24] 
[23, 14, 9, 1, 4, 20, 24][5, 6, 21, 15, 10][0, 22, 19, 8, 26][12, 17, 18, 13][27, 16, 2, 29][7, 28, 25][3, 11, 25][7, 24][17, 28][7, 16][6, 16][12, 19] 
[23, 14, 9, 1, 4, 20, 24][5, 6, 21, 15, 10][12, 17, 18, 13][22, 19, 8, 26][0, 25, 11, 3][27, 16, 2, 29][7, 28, 25][12, 19][7, 24][7, 16][6, 16][0, 22] 
[23, 14, 9, 1, 4, 20, 24][0, 22, 19, 8, 26][5, 6, 21, 15, 10][12, 17, 18, 13][27, 16, 2, 29][7, 28, 25][3, 11, 25][7, 24][17, 28][7, 16][12, 19][6, 16] 
[23, 14, 9, 1, 4, 20, 24][0, 26, 8, 19, 22][5, 6, 21, 15, 10][12, 17, 18, 13][3, 11, 25, 28][27, 16, 2, 29][12, 19][17, 28][7, 28][7, 16][7, 24][6, 16] 
[23, 14, 9, 1, 4, 20, 24][5, 6, 21, 15, 10][22, 19, 8, 26][0, 25, 11, 3][27, 16, 2, 29][12, 19, 17][7, 28, 25][13, 18, 17][0, 22][7, 16][7, 24][6, 16] 
[23, 14, 9, 1, 4, 20, 24][5, 6, 21, 15, 10][0, 22, 19, 8, 26][27, 16, 2, 29][12, 17, 18, 13][7, 28, 25][3, 11, 25][7, 16][17, 28][6, 16][12, 19][7, 24] 
[23, 14, 9, 1, 4, 20, 24][0, 26, 8, 19, 22][5, 6, 21, 15, 10][27, 16, 2, 29][3, 11, 25, 28][12, 17, 18, 13][7, 16][7, 28][7, 24][17, 28][12, 19][6, 16] 
[23, 14, 9, 1, 4, 20, 24][5, 6, 21, 15, 10][0, 26, 8, 19, 22][27, 16, 2, 29][3, 11, 25, 28][12, 17, 18, 13][7, 24][7, 16][6, 16][7, 28][17, 28][12, 19] 
[23, 14, 9, 1, 4, 20, 24][5, 6, 21, 15, 10][0, 25, 11, 3][22, 19, 8, 26][27, 16, 2, 29][12, 19, 17][13, 18, 17][7, 28, 25][0, 22][7, 24][7, 16][6, 16] 
[23, 14, 9, 1, 4, 20, 24][0, 22, 19, 8, 26][5, 6, 21, 15, 10][12, 17, 18, 13][27, 16, 2, 29][7, 28, 25][3, 11, 25][12, 19][17, 28][7, 24][7, 16][6, 16] 
[23, 14, 9, 1, 4, 20, 24][0, 26, 8, 19, 22][5, 6, 21, 15, 10][12, 17, 18, 13][3, 11, 25, 28][27, 16, 2, 29][17, 28][12, 19][7, 28][7, 24][7, 16][6, 16] 
[23, 14, 9, 1, 4, 20, 24][0, 26, 8, 19, 22][5, 6, 21, 15, 10][12, 17, 18, 13][3, 11, 25, 28][27, 16, 2, 29][12, 19][17, 28][7, 28][7, 24][7, 16][6, 16] 
[8, 26, 0, 13, 6, 5, 15, 27, 16, 10, 29, 2, 21][11, 3, 9, 23, 4, 20, 7, 24, 1, 14][11, 25, 22, 19, 8, 12, 18, 17, 28][0, 26, 8][17, 28][0, 26][8, 26][3, 9][8, 26][9, 23][9, 23][4, 20] 
[8, 26, 0, 13, 6, 5, 15, 27, 16, 10, 29, 2, 21][11, 3, 9, 23, 4, 20, 7, 24, 1, 14][11, 25, 22, 19, 8, 12, 18, 17, 28][9, 23][3, 9][9, 23][0, 26][9, 23][4, 20][9, 23][9, 23][9, 23] 
[8, 26, 0, 13, 6, 5, 15, 27, 16, 10, 29, 2, 21][11, 3, 9, 23, 4, 20, 7, 24, 1, 14][11, 25, 22, 19, 8, 12, 18, 17, 28][9, 23][3, 9][9, 23][0, 26][9, 23][4, 20][9, 23][9, 23][9, 23] 
[21, 2, 29, 10, 16, 27, 15, 5, 6, 13, 0, 26][11, 3, 9, 23, 4, 20, 7, 24, 1, 14][11, 25, 22, 19, 8, 12, 18, 17, 28][8, 26][9, 23][9, 23][9, 23][9, 23][9, 23][9, 23][9, 23][3, 9] 
[21, 2, 29, 10, 16, 27, 15, 5, 6, 13, 0, 26][11, 3, 9, 23, 4, 20, 7, 24, 1, 14][11, 25, 22, 19, 8, 12, 18, 17, 28][9, 23][8, 26][3, 9][9, 23][9, 23][4, 20][9, 23][9, 23][9, 23] 
[21, 2, 29, 10, 16, 27, 15, 5, 6, 13, 0, 26][11, 3, 9, 23, 4, 20, 7, 24, 1, 14][11, 25, 22, 19, 8, 12, 18, 17][17, 28][8, 26][9, 23][9, 23][9, 23][9, 23][9, 23][9, 23][9, 23] 
[8, 26, 0, 13, 6, 5, 15, 27, 16, 10, 29, 2, 21][11, 3, 9, 23, 4, 20, 7, 24, 1, 14][11, 25, 22, 19, 8, 12, 18, 17, 28][9, 23][8, 26][8, 26][3, 9][12, 18][9, 23][8, 26][4, 20][0, 26] 
[8, 26, 0, 13, 6, 5, 15, 27, 16, 10, 29, 2, 21][11, 3, 9, 23, 4, 20, 7, 24, 1, 14][11, 25, 22, 19, 8, 12, 18, 17, 28][9, 23][3, 9][8, 26][9, 23][0, 26][9, 23][12, 18][9, 23][9, 23] 
[21, 2, 29, 10, 16, 27, 15, 5, 6, 13, 0, 26][11, 3, 9, 23, 4, 20, 7, 24, 1, 14][11, 25, 22, 19, 8, 12, 18, 17, 28][8, 26][9, 23][9, 23][9, 23][9, 23][9, 23][9, 23][9, 23][3, 9] 
[8, 26, 0, 13, 6, 5, 15, 27, 16, 10, 29, 2, 21][11, 3, 9, 23, 4, 20, 7, 24, 1, 14][11, 25, 22, 19, 8, 12, 18, 17, 28][13, 0, 26][9, 23][9, 23][9, 23][0, 26][3, 11][9, 23][9, 23][3, 9] 
[8, 26, 0, 13, 6, 5, 15, 27, 16, 10, 29, 2, 21][11, 3, 9, 23, 4, 20, 7, 24, 1, 14][11, 25, 22, 19, 8, 12, 18, 17, 28][0, 26, 8][17, 28][0, 26][8, 26][3, 9][8, 26][9, 23][9, 23][4, 20] 
[8, 26, 0, 13, 6, 5, 15, 27, 16, 10, 29, 2, 21][11, 3, 9, 23, 4, 20, 7, 24, 1, 14][11, 25, 22, 19, 8, 12, 18, 17, 28][9, 23][9, 23][9, 23][4, 20][0, 26][4, 20][3, 9][17, 18][3, 9] 
[21, 2, 29, 10, 16, 27, 15, 5, 6, 13, 0, 26][11, 3, 9, 23, 4, 20, 7, 24, 1, 14][11, 25, 22, 19, 8, 12, 18, 17, 28][8, 26][9, 23][9, 23][9, 23][9, 23][3, 9][9, 23][9, 23][9, 23] 
[8, 26, 0, 13, 6, 5, 15, 27, 16, 10, 29, 2, 21][11, 3, 9, 23, 4, 20, 7, 24, 1, 14][11, 25, 22, 19, 8, 12, 18, 17, 28][8, 26, 0, 13][9, 23][8, 26][4, 20][9, 23][9, 23][4, 20][9, 23][9, 23] 
[8, 26, 0, 13, 6, 5, 15, 27, 16, 10, 29, 2, 21][11, 3, 9, 23, 4, 20, 7, 24, 1, 14][11, 25, 22, 19, 8, 12, 18, 17, 28][9, 23][8, 26][8, 26][3, 9][12, 18][9, 23][8, 26][4, 20][0, 26] 
[8, 26, 0, 13, 6, 5, 15, 27, 16, 10, 29, 2, 21][11, 3, 9, 23, 4, 20, 7, 24, 1, 14][11, 25, 22, 19, 8, 12, 18, 17, 28][9, 23][9, 23][3, 9][9, 23][0, 26][9, 23][9, 23][3, 9][9, 23] 
[8, 26, 0, 13, 6, 5, 15, 27, 16, 10, 29, 2, 21][11, 3, 9, 23, 4, 20, 7, 24, 1, 14][11, 25, 22, 19, 8, 12, 18, 17, 28][0, 26][0, 26][3, 9][9, 23][9, 23][9, 23][12, 18][0, 26][3, 9] 
[8, 26, 0, 13, 6, 5, 15, 27, 16, 10, 29, 2, 21][11, 3, 9, 23, 4, 20, 7, 24, 1, 14][11, 25, 22, 19, 8, 12, 18, 17, 28][6, 13, 0, 26, 8][4, 20][4, 20][3, 9][9, 23][9, 23][4, 20][0, 26][9, 23] 
[8, 26, 0, 13, 6, 5, 15, 27, 16, 10, 29, 2, 21][11, 3, 9, 23, 4, 20, 7, 24, 1, 14][11, 25, 22, 19, 8, 12, 18, 17, 28][9, 23][9, 23][3, 9][9, 23][0, 26][9, 23][9, 23][3, 9][9, 23] 
[8, 26, 0, 13, 6, 5, 15, 27, 16, 10, 29, 2, 21][11, 3, 9, 23, 4, 20, 7, 24, 1, 14][11, 25, 22, 19, 8, 12, 18, 17, 28][9, 23][3, 9][8, 26][9, 23][0, 26][9, 23][12, 18][9, 23][9, 23] 
[8, 26, 0, 13, 6, 5, 15, 27, 16, 10, 29, 2, 21][11, 3, 9, 23, 4, 20, 7, 24, 1, 14][11, 25, 22, 19, 8, 12, 18, 17, 28][9, 23][9, 23][9, 23][9, 23][9, 23][3, 9][9, 23][0, 26][9, 23] 
[9, 1, 4, 20, 23, 14][5, 6, 21, 15, 10][0, 26, 8, 19, 22][27, 16, 2, 29][3, 11, 25, 28][12, 17, 18, 13][7, 24, 20][7, 16][6, 16][7, 28][17, 28][12, 19] 
[9, 1, 4, 20, 23, 14][5, 6, 21, 15, 10][0, 26, 8, 19, 22][27, 16, 2, 29][3, 11, 25, 28][12, 17, 18, 13][7, 24, 20][6, 16][7, 16][7, 28][17, 28][12, 19] 
[9, 1, 4, 20, 23, 14][5, 6, 21, 15, 10][0, 26, 8, 19, 22][3, 11, 25, 28][27, 16, 2, 29][12, 17, 18, 13][7, 24, 20][7, 28][7, 16][6, 16][17, 28][12, 19] 
[9, 1, 4, 20, 23, 14][0, 26, 8, 19, 22][5, 6, 21, 15, 10][12, 17, 18, 13][3, 11, 25, 28][27, 16, 2, 29][7, 24, 20][17, 28][7, 28][7, 16][12, 19][6, 16] 
[9, 1, 4, 20, 23, 14][5, 6, 21, 15, 10][0, 26, 8, 19, 22][27, 16, 2, 29][3, 11, 25, 28][12, 17, 18, 13][7, 24, 20][7, 16][6, 16][7, 28][17, 28][12, 19] 
[9, 1, 4, 20, 23, 14][0, 26, 8, 19, 22][5, 6, 21, 15, 10][3, 11, 25, 28][12, 17, 18, 13][27, 16, 2, 29][7, 24, 20][7, 28][17, 28][7, 16][12, 19][6, 16] 
[9, 1, 4, 20, 23, 14][0, 26, 8, 19, 22][5, 6, 21, 15, 10][3, 11, 25, 28][12, 17, 18, 13][27, 16, 2, 29][7, 24, 20][7, 28][17, 28][12, 19][7, 16][6, 16] 
[9, 1, 4, 20, 23, 14][5, 6, 21, 15, 10][0, 26, 8, 19, 22][27, 16, 2, 29][3, 11, 25, 28][12, 17, 18, 13][7, 24, 20][6, 16][7, 16][7, 28][17, 28][12, 19] 
[9, 1, 4, 20, 23, 14][5, 6, 21, 15, 10][0, 26, 8, 19, 22][27, 16, 2, 29][3, 11, 25, 28][12, 17, 18, 13][7, 24, 20][7, 16][7, 28][6, 16][17, 28][12, 19] 
[9, 1, 4, 20, 23, 14][5, 6, 21, 15, 10][0, 26, 8, 19, 22][27, 16, 2, 29][3, 11, 25, 28][12, 17, 18, 13][7, 24, 20][6, 16][7, 16][7, 28][17, 28][12, 19] 
[9, 1, 4, 20, 23, 14][0, 26, 8, 19, 22][5, 6, 21, 15, 10][12, 17, 18, 13][3, 11, 25, 28][27, 16, 2, 29][7, 24, 20][12, 19][17, 28][7, 28][7, 16][6, 16] 
[9, 1, 4, 20, 23, 14][0, 26, 8, 19, 22][5, 6, 21, 15, 10][3, 11, 25, 28][12, 17, 18, 13][27, 16, 2, 29][7, 24, 20][17, 28][7, 28][7, 16][12, 19][6, 16] 
[9, 1, 4, 20, 23, 14][0, 26, 8, 19, 22][5, 6, 21, 15, 10][12, 17, 18, 13][3, 11, 25, 28][27, 16, 2, 29][7, 24, 20][12, 19][17, 28][7, 28][7, 16][6, 16] 
[9, 1, 4, 20, 23, 14][0, 26, 8, 19, 22][5, 6, 21, 15, 10][12, 17, 18, 13][3, 11, 25, 28][27, 16, 2, 29][7, 24, 20][17, 28][7, 28][12, 19][7, 16][6, 16] 
[9, 1, 4, 20, 23, 14][0, 26, 8, 19, 22][5, 6, 21, 15, 10][12, 17, 18, 13][3, 11, 25, 28][27, 16, 2, 29][7, 24, 20][17, 28][7, 28][7, 16][6, 16][12, 19] 
[23, 14, 9, 1, 4, 20, 24][0, 26, 8, 19, 22][5, 6, 21, 15, 10][12, 17, 18, 13][3, 11, 25, 28][27, 16, 2, 29][12, 19][17, 28][7, 28][7, 16][7, 24][6, 16] 
[23, 14, 9, 1, 4, 20, 24][0, 26, 8, 19, 22][5, 6, 21, 15, 10][12, 17, 18, 13][3, 11, 25, 28][27, 16, 2, 29][17, 28][12, 19][7, 28][7, 24][7, 16][6, 16] 
[23, 14, 9, 1, 4, 20, 24][5, 6, 21, 15, 10][0, 26, 8, 19, 22][27, 16, 2, 29][3, 11, 25, 28][12, 17, 18, 13][6, 16][7, 16][7, 24][7, 28][17, 28][12, 19] 
[23, 14, 9, 1, 4, 20, 24][0, 26, 8, 19, 22][5, 6, 21, 15, 10][3, 11, 25, 28][12, 17, 18, 13][27, 16, 2, 29][17, 28][12, 19][7, 28][7, 16][7, 24][6, 16] 
[23, 14, 9, 1, 4, 20, 24][0, 26, 8, 19, 22][5, 6, 21, 15, 10][3, 11, 25, 28][12, 17, 18, 13][27, 16, 2, 29][7, 24][7, 28][17, 28][7, 16][12, 19][6, 16] 
[9, 1, 4, 20, 23, 14][0, 26, 8, 19, 22, 12][5, 6, 21, 15, 10][3, 11, 25, 28][27, 16, 2, 29][7, 24, 20][13, 18, 17][7, 28][7, 16][6, 16][17, 28][17, 22] 
[9, 1, 4, 20, 23, 14][0, 26, 8, 19, 22][5, 6, 21, 15, 10][3, 11, 25, 28][12, 17, 18, 13][27, 16, 2, 29][7, 24, 20][17, 28][7, 28][12, 19][7, 16][6, 16] 
[9, 1, 4, 20, 23, 14][0, 26, 8, 19, 22][5, 6, 21, 15, 10][3, 11, 25, 28][12, 17, 18, 13][27, 16, 2, 29][7, 24, 20][7, 28][17, 28][12, 19][7, 16][6, 16] 
[9, 1, 4, 20, 23, 14][5, 6, 21, 15, 10][0, 26, 8, 19, 22][27, 16, 2, 29][3, 11, 25, 28][12, 17, 18, 13][7, 24, 20][7, 16][7, 28][17, 28][6, 16][12, 19] 
[9, 1, 4, 20, 23, 14][5, 6, 21, 15, 10][0, 26, 8, 19, 22][27, 16, 2, 29][3, 11, 25, 28][12, 17, 18, 13][7, 24, 20][7, 16][7, 28][6, 16][17, 28][12, 19] 
[9, 1, 4, 20, 23, 14][5, 6, 21, 15, 10][0, 26, 8, 19, 22][3, 11, 25, 28][27, 16, 2, 29][12, 17, 18, 13][7, 24, 20][7, 28][7, 16][6, 16][17, 28][12, 19] 
[9, 1, 4, 20, 23, 14][5, 6, 21, 15, 10][0, 26, 8, 19, 22][3, 11, 25, 28][27, 16, 2, 29][12, 17, 18, 13][7, 24, 20][7, 28][7, 16][6, 16][17, 28][12, 19] 
[9, 1, 4, 20, 23, 14][0, 26, 8, 19, 22][5, 6, 21, 15, 10][3, 11, 25, 28][12, 17, 18, 13][27, 16, 2, 29][7, 24, 20][17, 28][7, 28][12, 19][7, 16][6, 16] 
[23, 14, 9, 1, 4, 20, 24][0, 26, 8, 19, 22][5, 6, 21, 15, 10][3, 11, 25, 28][12, 17, 18, 13][27, 16, 2, 29][17, 28][12, 19][7, 28][7, 24][7, 16][6, 16] 
[23, 14, 9, 1, 4, 20, 24][5, 6, 21, 15, 10][0, 26, 8, 19, 22][27, 16, 2, 29][3, 11, 25, 28][12, 17, 18, 13][7, 24][7, 16][6, 16][7, 28][17, 28][12, 19] 
[23, 14, 9, 1, 4, 20, 24][0, 26, 8, 19, 22][5, 6, 21, 15, 10][12, 17, 18, 13][3, 11, 25, 28][27, 16, 2, 29][12, 19][17, 28][7, 28][7, 16][7, 24][6, 16] 
[23, 14, 9, 1, 4, 20, 24][0, 26, 8, 19, 22][5, 6, 21, 15, 10][12, 17, 18, 13][3, 11, 25, 28][27, 16, 2, 29][12, 19][17, 28][7, 28][7, 16][7, 24][6, 16] 
[23, 14, 9, 1, 4, 20, 24][0, 26, 8, 19, 22][5, 6, 21, 15, 10][12, 17, 18, 13][3, 11, 25, 28][27, 16, 2, 29][17, 28][12, 19][7, 28][7, 24][7, 16][6, 16] 
[23, 14, 9, 1, 4, 20, 24][0, 26, 8, 19, 22][5, 6, 21, 15, 10][3, 11, 25, 28][12, 17, 18, 13][27, 16, 2, 29][17, 28][12, 19][7, 28][7, 24][7, 16][6, 16] 
[23, 14, 9, 1, 4, 20, 24][5, 6, 21, 15, 10][0, 26, 8, 19, 22][27, 16, 2, 29][3, 11, 25, 28][12, 17, 18, 13][6, 16][7, 16][7, 24][7, 28][17, 28][12, 19] 
[23, 14, 9, 1, 4, 20, 24][5, 6, 21, 15, 10][0, 26, 8, 19, 22][27, 16, 2, 29][3, 11, 25, 28][12, 17, 18, 13][6, 16][7, 16][7, 24][7, 28][17, 28][12, 19] 
[23, 14, 9, 1, 4, 20, 24][0, 26, 8, 19, 22][5, 6, 21, 15, 10][12, 17, 18, 13][3, 11, 25, 28][27, 16, 2, 29][17, 28][12, 19][7, 28][7, 24][7, 16][6, 16] 
[23, 14, 9, 1, 4, 20, 24][0, 26, 8, 19, 22][5, 6, 21, 15, 10][27, 16, 2, 29][3, 11, 25, 28][12, 17, 18, 13][7, 16][7, 28][7, 24][17, 28][12, 19][6, 16] 
[23, 14, 9, 1, 4, 20, 24][0, 26, 8, 19, 22][5, 6, 21, 15, 10][12, 17, 18, 13][3, 11, 25, 28][27, 16, 2, 29][12, 19][17, 28][7, 28][7, 24][7, 16][6, 16] 
[23, 14, 9, 1, 4, 20, 24][5, 6, 21, 15, 10][0, 26, 8, 19, 22][27, 16, 2, 29][3, 11, 25, 28][12, 17, 18, 13][7, 16][7, 24][6, 16][7, 28][17, 28][12, 19] 
[23, 14, 9, 1, 4, 20, 24][5, 6, 21, 15, 10][0, 26, 8, 19, 22][27, 16, 2, 29][3, 11, 25, 28][12, 17, 18, 13][7, 16][7, 24][6, 16][7, 28][17, 28][12, 19] 
[23, 14, 9, 1, 4, 20, 24][5, 6, 21, 15, 10][0, 26, 8, 19, 22][27, 16, 2, 29][3, 11, 25, 28][12, 17, 18, 13][6, 16][7, 16][7, 24][7, 28][17, 28][12, 19] 
[23, 14, 9, 1, 4, 20, 24][5, 6, 21, 15, 10][0, 26, 8, 19, 22][27, 16, 2, 29][3, 11, 25, 28][12, 17, 18, 13][6, 16][7, 16][7, 24][7, 28][17, 28][12, 19] 
[13, 18, 17, 12, 8, 26][3, 11, 25, 0, 22, 19][20, 4, 1, 9, 14, 23][5, 6, 21, 15, 10][27, 16, 2, 29][7, 24, 20][12, 17][17, 28][25, 28][7, 28][7, 16][6, 16] 
[20, 4, 1, 9, 14, 23][3, 11, 25, 0, 22, 19][13, 18, 17, 12, 8, 26][5, 6, 21, 15, 10][27, 16, 2, 29][7, 24, 20][7, 16][7, 28][6, 16][25, 28][17, 28][12, 17] 
[13, 18, 17, 12, 8, 26][3, 11, 25, 0, 22, 19][20, 4, 1, 9, 14, 23][5, 6, 21, 15, 10][27, 16, 2, 29][7, 24, 20][12, 17][17, 28][25, 28][7, 28][7, 16][6, 16] 
[20, 4, 1, 9, 14, 23][3, 11, 25, 0, 22, 19][13, 18, 17, 12, 8, 26][5, 6, 21, 15, 10][27, 16, 2, 29][7, 24, 20][7, 16][7, 28][6, 16][25, 28][17, 28][12, 17] 
[20, 4, 1, 9, 14, 23][3, 11, 25, 0, 22, 19][13, 18, 17, 12, 8, 26][5, 6, 21, 15, 10][27, 16, 2, 29][7, 24, 20][7, 16][7, 28][25, 28][6, 16][17, 28][12, 17] 
[23, 14, 9, 1, 4, 20, 24][3, 11, 25, 0, 22, 19][13, 18, 17, 12, 8, 26][5, 6, 21, 15, 10][27, 16, 2, 29][7, 28, 25][0, 22][17, 28][17, 18][7, 16][7, 24][6, 16] 
[9, 1, 4, 20, 23, 14][0, 26, 8, 19, 22][5, 6, 21, 15, 10][3, 11, 25, 28][12, 17, 18, 13][27, 16, 2, 29][7, 24, 20][17, 28][7, 28][7, 16][12, 19][6, 16] 
[9, 1, 4, 20, 23, 14][5, 6, 21, 15, 10][0, 26, 8, 19, 22][27, 16, 2, 29][3, 11, 25, 28][12, 17, 18, 13][7, 24, 20][7, 16][6, 16][7, 28][17, 28][12, 19] 
[9, 1, 4, 20, 23, 14][5, 6, 21, 15, 10][0, 26, 8, 19, 22][27, 16, 2, 29][3, 11, 25, 28][12, 17, 18, 13][7, 24, 20][7, 16][6, 16][7, 28][17, 28][12, 19] 
[9, 1, 4, 20, 23, 14][0, 26, 8, 19, 22][5, 6, 21, 15, 10][3, 11, 25, 28][12, 17, 18, 13][27, 16, 2, 29][7, 24, 20][7, 28][17, 28][7, 16][12, 19][6, 16] 
[9, 1, 4, 20, 23, 14][5, 6, 21, 15, 10][0, 26, 8, 19, 22][27, 16, 2, 29][3, 11, 25, 28][12, 17, 18, 13][7, 24, 20][7, 16][7, 28][6, 16][17, 28][12, 19] 
[23, 14, 9, 1, 4, 20, 24][5, 6, 21, 15, 10][0, 26, 8, 19, 22][27, 16, 2, 29][3, 11, 25, 28][12, 17, 18, 13][6, 16][7, 16][7, 24][7, 28][17, 28][12, 19] 
[9, 1, 4, 20, 23, 14][0, 26, 8, 19, 22][5, 6, 21, 15, 10][12, 17, 18, 13][3, 11, 25, 28][27, 16, 2, 29][7, 24, 20][12, 19][17, 28][7, 28][7, 16][6, 16] 
