[13, 0, 19, 17, 22, 18, 12, 8, 26][23, 4, 20, 14, 24][7, 27, 10, 15][2, 21, 5, 6][16, 27, 29][3, 11, 25][1, 3, 9][2, 29][16, 28][25, 28][9, 14][17, 28] 
[13, 0, 19, 17, 22, 18, 12, 8, 26][23, 4, 20, 14, 24][7, 27, 10, 15][2, 21, 5, 6][16, 27, 29][3, 11, 25][1, 3, 9][2, 29][16, 28][25, 28][9, 14][17, 28] 
[0, 19, 17, 22, 18, 12, 8, 26][23, 4, 20, 14, 24][2, 21, 5, 6, 13][7, 27, 10, 15][1, 3, 9][3, 11, 25][16, 27, 29][9, 14][25, 28][17, 28][16, 28][2, 29] 
[0, 19, 17, 22, 18, 12, 8, 26][2, 21, 5, 6, 13][23, 4, 20, 14, 24][7, 27, 10, 15][16, 27, 29][3, 11, 25][1, 3, 9][17, 28][16, 28][25, 28][9, 14][2, 29] 
[0, 19, 17, 22, 18, 12, 8, 26][23, 4, 20, 14, 24][2, 21, 5, 6, 13][7, 27, 10, 15][1, 3, 9][3, 11, 25][16, 27, 29][25, 28][9, 14][17, 28][16, 28][2, 29] 
[0, 19, 17, 22, 18, 12, 8, 26][23, 4, 20, 14, 24][2, 21, 5, 6, 13][7, 27, 10, 15][1, 3, 9][3, 11, 25][16, 27, 29][25, 28][9, 14][17, 28][16, 28][2, 29] 
[0, 19, 17, 22, 18, 12, 8, 26][23, 4, 20, 14, 24][2, 21, 5, 6, 13][7, 27, 10, 15][1, 3, 9][3, 11, 25][16, 27, 29][9, 14][25, 28][17, 28][16, 28][2, 29] 
[0, 19, 17, 22, 18, 12, 8, 26][2, 21, 5, 6, 13][23, 4, 20, 14, 24][7, 27, 10, 15][16, 27, 29][3, 11, 25][1, 3, 9][17, 28][16, 28][25, 28][2, 29][9, 14] 
[0, 19, 17, 22, 18, 12, 8, 26][2, 21, 5, 6, 13][23, 4, 20, 14, 24][7, 27, 10, 15][16, 27, 29][3, 11, 25][1, 3, 9][17, 28][16, 28][25, 28][2, 29][9, 14] 
[0, 19, 17, 22, 18, 12, 8, 26][2, 21, 5, 6, 13][23, 4, 20, 14, 24][7, 27, 10, 15][16, 27, 29][3, 11, 25][1, 3, 9][17, 28][16, 28][25, 28][9, 14][2, 29] 
[13, 0, 19, 17, 22, 18, 12, 8, 26][23, 4, 20, 14, 24][7, 27, 10, 15][2, 21, 5, 6][3, 11, 25][1, 3, 9][16, 27, 29][9, 14][25, 28][16, 28][2, 29][17, 28] 
[13, 0, 19, 17, 22, 18, 12, 8, 26][23, 4, 20, 14, 24][7, 27, 10, 15][2, 21, 5, 6][3, 11, 25][1, 3, 9][16, 27, 29][16, 28][25, 28][2, 29][9, 14][17, 28] 
[0, 19, 17, 22, 18, 12, 8, 26][2, 21, 5, 6, 13][23, 4, 20, 14, 24][7, 27, 10, 15][16, 27, 29][3, 11, 25][1, 3, 9][16, 28][25, 28][17, 28][2, 29][9, 14] 
[0, 19, 17, 22, 18, 12, 8, 26][23, 4, 20, 14, 24][2, 21, 5, 6, 13][7, 27, 10, 15][16, 27, 29][3, 11, 25][1, 3, 9][17, 28][16, 28][25, 28][9, 14][2, 29] 
[0, 19, 17, 22, 18, 12, 8, 26][2, 21, 5, 6, 13][23, 4, 20, 14, 24][7, 27, 10, 15][16, 27, 29][3, 11, 25][1, 3, 9][17, 28][16, 28][25, 28][2, 29][9, 14] 
[0, 19, 17, 22, 18, 12, 8, 26][2, 21, 5, 6, 13][23, 4, 20, 14, 24][7, 27, 10, 15][16, 27, 29][3, 11, 25][1, 3, 9][17, 28][16, 28][25, 28][2, 29][9, 14] 
[13, 0, 19, 17, 22, 18, 12, 8, 26][23, 4, 20, 14, 24][7, 27, 10, 15][2, 21, 5, 6][1, 3, 9][3, 11, 25][16, 27, 29][9, 14][25, 28][17, 28][16, 28][2, 29] 
[13, 0, 19, 17, 22, 18, 12, 8, 26][23, 4, 20, 14, 24][7, 27, 10, 15][2, 21, 5, 6][16, 27, 29][3, 11, 25][1, 3, 9][17, 28][16, 28][25, 28][9, 14][2, 29] 
[0, 19, 17, 22, 18, 12, 8, 26][23, 4, 20, 14, 24][2, 21, 5, 6, 13][7, 27, 10, 15][3, 11, 25][1, 3, 9][16, 27, 29][17, 28][25, 28][16, 28][9, 14][2, 29] 
[13, 0, 19, 17, 22, 18, 12, 8, 26][23, 4, 20, 14, 24][2, 21, 5, 6][7, 27, 10, 15][16, 27, 29][3, 11, 25][1, 3, 9][2, 29][16, 28][25, 28][17, 28][9, 14] 
[13, 0, 19, 17, 22, 18, 12, 8, 26][23, 4, 20, 14, 24][7, 27, 10, 15][2, 21, 5, 6][3, 11, 25][1, 3, 9][16, 27, 29][9, 14][25, 28][16, 28][2, 29][17, 28] 
[13, 0, 19, 17, 22, 18, 12, 8, 26][23, 4, 20, 14, 24][7, 27, 10, 15][2, 21, 5, 6][1, 3, 9][3, 11, 25][16, 27, 29][9, 14][25, 28][17, 28][16, 28][2, 29] 
[0, 19, 17, 22, 18, 12, 8, 26][2, 21, 5, 6, 13][23, 4, 20, 14, 24][7, 27, 10, 15][16, 27, 29][3, 11, 25][1, 3, 9][2, 29][16, 28][25, 28][9, 14][17, 28] 
[0, 19, 17, 22, 18, 12, 8, 26][2, 21, 5, 6, 13][23, 4, 20, 14, 24][7, 27, 10, 15][16, 27, 29][3, 11, 25][1, 3, 9][17, 28][16, 28][25, 28][9, 14][2, 29] 
[0, 19, 17, 22, 18, 12, 8, 26][2, 21, 5, 6, 13][23, 4, 20, 14, 24][7, 27, 10, 15][16, 27, 29][3, 11, 25][1, 3, 9][17, 28][16, 28][25, 28][2, 29][9, 14] 
[0, 19, 17, 22, 18, 12, 8, 26][23, 4, 20, 14, 24][2, 21, 5, 6, 13][7, 27, 10, 15][1, 3, 9][3, 11, 25][16, 27, 29][9, 14][25, 28][16, 28][17, 28][2, 29] 
[13, 0, 19, 17, 22, 18, 12, 8, 26][23, 4, 20, 14, 24][7, 27, 10, 15][2, 21, 5, 6][16, 27, 29][3, 11, 25][1, 3, 9][16, 28][25, 28][2, 29][9, 14][17, 28] 
[13, 0, 19, 17, 22, 18, 12, 8, 26][23, 4, 20, 14, 24][7, 27, 10, 15][2, 21, 5, 6][16, 27, 29][3, 11, 25][1, 3, 9][17, 28][16, 28][25, 28][9, 14][2, 29] 
[0, 19, 17, 22, 18, 12, 8, 26][2, 21, 5, 6, 13][23, 4, 20, 14, 24][7, 27, 10, 15][3, 11, 25][1, 3, 9][16, 27, 29][17, 28][25, 28][16, 28][2, 29][9, 14] 
[13, 0, 19, 17, 22, 18, 12, 8, 26][23, 4, 20, 14, 24][7, 27, 10, 15][2, 21, 5, 6][3, 11, 25][1, 3, 9][16, 27, 29][16, 28][25, 28][2, 29][9, 14][17, 28] 
[13, 0, 19, 17, 22, 18, 12, 8, 26][23, 4, 20, 14, 24][7, 27, 10, 15][2, 21, 5, 6][3, 11, 25][1, 3, 9][16, 27, 29][17, 28][25, 28][9, 14][16, 28][2, 29] 
[13, 0, 19, 17, 22, 18, 12, 8, 26][23, 4, 20, 14, 24][7, 27, 10, 15][2, 21, 5, 6][3, 11, 25][1, 3, 9][16, 27, 29][25, 28][17, 28][16, 28][9, 14][2, 29] 
[0, 19, 17, 22, 18, 12, 8, 26][23, 4, 20, 14, 24][2, 21, 5, 6, 13][7, 27, 10, 15][1, 3, 9][3, 11, 25][16, 27, 29][9, 14][25, 28][17, 28][16, 28][2, 29] 
[13, 0, 19, 17, 22, 18, 12, 8, 26][23, 4, 20, 14, 24][7, 27, 10, 15][2, 21, 5, 6][3, 11, 25][1, 3, 9][16, 27, 29][17, 28][25, 28][9, 14][16, 28][2, 29] 
[13, 0, 19, 17, 22, 18, 12, 8, 26][23, 4, 20, 14, 24][7, 27, 10, 15][2, 21, 5, 6][3, 11, 25][1, 3, 9][16, 27, 29][17, 28][25, 28][9, 14][16, 28][2, 29] 
[20, 4, 24, 1, 9, 14, 7, 25, 11, 3, 23][6, 13, 18, 17, 22, 0, 26, 8, 12, 19][7, 10, 29, 2, 27, 15, 16, 28][6, 5, 21, 15][8, 12][13, 18][13, 18][3, 11][13, 18][13, 18][3, 11][3, 11] 
[20, 4, 24, 1, 9, 14, 7, 25, 11, 3, 23][6, 13, 18, 17, 22, 0, 26, 8, 12, 19][7, 10, 29, 2, 27, 15, 16, 28][6, 5, 21, 15][8, 12][13, 18][13, 18][3, 11][13, 18][13, 18][3, 11][3, 11] 
[20, 4, 24, 1, 9, 14, 7, 25, 11, 3, 23][6, 13, 18, 17, 22, 0, 26, 8, 12, 19][7, 10, 29, 2, 27, 15, 16, 28][6, 5, 21, 15][8, 12][13, 18][13, 18][3, 11][13, 18][13, 18][3, 11][3, 11] 
[20, 4, 24, 1, 9, 14, 7, 25, 11, 3, 23][6, 13, 18, 17, 22, 0, 26, 8, 12, 19][7, 10, 29, 2, 27, 15, 16, 28][6, 5, 21, 15][17, 18][8, 12][8, 12][3, 11][13, 18][3, 11][17, 18][3, 11] 
[20, 4, 24, 1, 9, 14, 7, 25, 11, 3, 23][6, 13, 18, 17, 22, 0, 26, 8, 12, 19][7, 10, 29, 2, 27, 15, 16, 28][6, 5, 21, 15][17, 18][8, 12][8, 12][3, 11][13, 18][3, 11][17, 18][3, 11] 
[20, 4, 24, 1, 9, 14, 7, 25, 11, 3, 23][6, 13, 18, 17, 22, 0, 26, 8, 12, 19][7, 10, 29, 2, 27, 15, 16][6, 5, 21, 15][3, 11][16, 28][3, 11][17, 18][3, 11][3, 11][17, 18][17, 18] 
[20, 4, 24, 1, 9, 14, 7, 25, 11, 3, 23][6, 13, 18, 17, 22, 0, 26, 8, 12, 19][7, 10, 29, 2, 27, 15, 16, 28][6, 5, 21, 15][8, 12][13, 18][13, 18][3, 11][13, 18][13, 18][3, 11][3, 11] 
[20, 4, 24, 1, 9, 14, 7, 25, 11, 3, 23][6, 13, 18, 17, 22, 0, 26, 8, 12, 19][7, 10, 29, 2, 27, 15, 16, 28][6, 5, 21, 15][8, 12][13, 18][13, 18][3, 11][13, 18][13, 18][3, 11][3, 11] 
[20, 4, 24, 1, 9, 14, 7, 25, 11, 3, 23][6, 13, 18, 17, 22, 0, 26, 8, 12, 19][7, 10, 29, 2, 27, 15, 16, 28][6, 5, 21, 15][17, 18][8, 12][8, 12][3, 11][13, 18][3, 11][17, 18][3, 11] 
[20, 4, 24, 1, 9, 14, 7, 25, 11, 3, 23][6, 13, 18, 17, 22, 0, 26, 8, 12, 19][7, 10, 29, 2, 27, 15, 16, 28][2, 10, 16, 6, 5, 21, 15][3, 11][13, 18][13, 18][13, 18][3, 11][17, 18][8, 12][13, 18] 
[20, 4, 24, 1, 9, 14, 7, 25, 11, 3, 23][6, 13, 18, 17, 22, 0, 26, 8, 12, 19][7, 10, 29, 2, 27, 15, 16, 28][15, 21, 5, 6, 13, 18][8, 12][13, 18][13, 18][3, 11][13, 18][13, 18][3, 11][3, 11] 
[20, 4, 24, 1, 9, 14, 7, 25, 11, 3, 23][6, 13, 18, 17, 22, 0, 26, 8, 12, 19][7, 10, 29, 2, 27, 15, 16, 28][6, 5, 21, 15][8, 12][13, 18][13, 18][3, 11][13, 18][13, 18][3, 11][3, 11] 
[20, 4, 24, 1, 9, 14, 7, 25, 11, 3, 23][6, 13, 18, 17, 22, 0, 26, 8, 12, 19][7, 10, 29, 2, 27, 15, 16, 28][6, 5, 21, 15][17, 18][8, 12][8, 12][3, 11][13, 18][3, 11][17, 18][3, 11] 
[20, 4, 24, 1, 9, 14, 7, 25, 11, 3, 23][6, 13, 18, 17, 22, 0, 26, 8, 12, 19][7, 10, 29, 2, 27, 15, 16, 28][15, 21, 5, 6, 13, 18][8, 12][13, 18][13, 18][3, 11][13, 18][13, 18][3, 11][3, 11] 
[20, 4, 24, 1, 9, 14, 7, 25, 11, 3, 23][6, 13, 18, 17, 22, 0, 26, 8, 12, 19][7, 10, 29, 2, 27, 15, 16, 28][6, 5, 21, 15][8, 12][13, 18][13, 18][3, 11][13, 18][13, 18][3, 11][3, 11] 
[20, 4, 24, 1, 9, 14, 7, 25, 11, 3, 23][6, 13, 18, 17, 22, 0, 26, 8, 12, 19][7, 10, 29, 27, 2, 6, 5, 21, 15, 16][15, 21][16, 28][13, 18][3, 11][15, 21][13, 18][3, 11][17, 18][8, 12] 
[20, 4, 24, 1, 9, 14, 7, 25, 11, 3, 23][6, 13, 18, 17, 22, 0, 26, 8, 12, 19][7, 10, 29, 27, 2, 6, 5, 21, 15, 16][16, 28][17, 18][15, 21][15, 21][15, 21][15, 21][8, 12][3, 11][15, 21] 
[20, 4, 24, 1, 9, 14, 7, 25, 11, 3, 23][6, 13, 18, 17, 22, 0, 26, 8, 12, 19][7, 10, 29, 2, 27, 15, 16, 28][6, 5, 21, 15][8, 12][13, 18][13, 18][3, 11][13, 18][13, 18][3, 11][3, 11] 
[20, 4, 24, 1, 9, 14, 7, 25, 11, 3, 23][6, 13, 18, 17, 22, 0, 26, 8, 12, 19][7, 10, 29, 27, 2, 6, 5, 21, 15, 16][16, 28][17, 18][15, 21][15, 21][15, 21][15, 21][8, 12][3, 11][15, 21] 
[20, 4, 24, 1, 9, 14, 7, 25, 11, 3, 23][7, 10, 29, 27, 2, 6, 5, 21, 15, 16][6, 13, 18, 17, 22, 0, 26, 8, 12, 19][3, 11][16, 28][8, 12][8, 12][15, 21][3, 11][15, 21][3, 11][17, 18] 
[20, 4, 24, 1, 9, 14, 7, 25, 11, 3, 23][6, 13, 18, 17, 22, 0, 26, 8, 12, 19][7, 10, 29, 27, 2, 6, 5, 21, 15, 16][17, 18][15, 21][16, 28][17, 18][15, 21][13, 18][15, 21][15, 21][13, 18] 
[0, 19, 17, 22, 18, 12, 8, 26][2, 21, 5, 6, 13][23, 4, 20, 14, 24][7, 27, 10, 15][16, 27, 29][3, 11, 25][1, 3, 9][17, 28][16, 28][25, 28][9, 14][2, 29] 
[0, 19, 17, 22, 18, 12, 8, 26][2, 21, 5, 6, 13][23, 4, 20, 14, 24][7, 27, 10, 15][16, 27, 29][3, 11, 25][1, 3, 9][17, 28][16, 28][25, 28][9, 14][2, 29] 
[0, 19, 17, 22, 18, 12, 8, 26][2, 21, 5, 6, 13][23, 4, 20, 14, 24][7, 27, 10, 15][16, 27, 29][3, 11, 25][1, 3, 9][17, 28][16, 28][25, 28][9, 14][2, 29] 
[0, 19, 17, 22, 18, 12, 8, 26][2, 21, 5, 6, 13][23, 4, 20, 14, 24][7, 27, 10, 15][16, 27, 29][3, 11, 25][1, 3, 9][17, 28][16, 28][25, 28][9, 14][2, 29] 
[0, 19, 17, 22, 18, 12, 8, 26][23, 4, 20, 14, 24][2, 21, 5, 6, 13][7, 27, 10, 15][3, 11, 25][1, 3, 9][16, 27, 29][25, 28][17, 28][9, 14][16, 28][2, 29] 
[0, 19, 17, 22, 18, 12, 8, 26][2, 21, 5, 6, 13][23, 4, 20, 14, 24][7, 27, 10, 15][16, 27, 29][3, 11, 25][1, 3, 9][17, 28][16, 28][25, 28][2, 29][9, 14] 
[0, 19, 17, 22, 18, 12, 8, 26][23, 4, 20, 14, 24][2, 21, 5, 6, 13][7, 27, 10, 15][1, 3, 9][3, 11, 25][16, 27, 29][9, 14][25, 28][16, 28][17, 28][2, 29] 
[0, 19, 17, 22, 18, 12, 8, 26][23, 4, 20, 14, 24][2, 21, 5, 6, 13][7, 27, 10, 15][1, 3, 9][3, 11, 25][16, 27, 29][9, 14][25, 28][17, 28][16, 28][2, 29] 
[0, 19, 17, 22, 18, 12, 8, 26][23, 4, 20, 14, 24][2, 21, 5, 6, 13][7, 27, 10, 15][1, 3, 9][3, 11, 25][16, 27, 29][9, 14][25, 28][16, 28][17, 28][2, 29] 
[0, 19, 17, 22, 18, 12, 8, 26][2, 21, 5, 6, 13][23, 4, 20, 14, 24][7, 27, 10, 15][16, 27, 29][3, 11, 25][1, 3, 9][16, 28][2, 29][17, 28][25, 28][9, 14] 
[0, 19, 17, 22, 18, 12, 8, 26][2, 21, 5, 6, 13][23, 4, 20, 14, 24][7, 27, 10, 15][16, 27, 29][3, 11, 25][1, 3, 9][17, 28][16, 28][25, 28][9, 14][2, 29] 
[0, 19, 17, 22, 18, 12, 8, 26][2, 21, 5, 6, 13][23, 4, 20, 14, 24][7, 27, 10, 15][16, 27, 29][3, 11, 25][1, 3, 9][2, 29][16, 28][25, 28][9, 14][17, 28] 
[0, 19, 17, 22, 18, 12, 8, 26][23, 4, 20, 14, 24][2, 21, 5, 6, 13][7, 27, 10, 15][1, 3, 9][3, 11, 25][16, 27, 29][9, 14][25, 28][17, 28][16, 28][2, 29] 
[0, 19, 17, 22, 18, 12, 8, 26][23, 4, 20, 14, 24][2, 21, 5, 6, 13][7, 27, 10, 15][3, 11, 25][1, 3, 9][16, 27, 29][9, 14][25, 28][17, 28][16, 28][2, 29] 
[0, 19, 17, 22, 18, 12, 8, 26][2, 21, 5, 6, 13][23, 4, 20, 14, 24][7, 27, 10, 15][16, 27, 29][3, 11, 25][1, 3, 9][16, 28][17, 28][25, 28][2, 29][9, 14] 
[13, 0, 19, 17, 22, 18, 12, 8, 26][23, 4, 20, 14, 24][2, 21, 5, 6][7, 27, 10, 15][16, 27, 29][3, 11, 25][1, 3, 9][2, 29][16, 28][17, 28][25, 28][9, 14] 
[13, 0, 19, 17, 22, 18, 12, 8, 26][23, 4, 20, 14, 24][2, 21, 5, 6][7, 27, 10, 15][16, 27, 29][3, 11, 25][1, 3, 9][2, 29][17, 28][25, 28][9, 14][16, 28] 
[13, 0, 19, 17, 22, 18, 12, 8, 26][23, 4, 20, 14, 24][2, 21, 5, 6][7, 27, 10, 15][16, 27, 29][3, 11, 25][1, 3, 9][2, 29][17, 28][25, 28][9, 14][16, 28] 
[13, 0, 19, 17, 22, 18, 12, 8, 26][23, 4, 20, 14, 24][7, 27, 10, 15][2, 21, 5, 6][1, 3, 9][3, 11, 25][16, 27, 29][9, 14][25, 28][16, 28][2, 29][17, 28] 
[13, 0, 19, 17, 22, 18, 12, 8, 26][23, 4, 20, 14, 24][2, 21, 5, 6][7, 27, 10, 15][16, 27, 29][3, 11, 25][1, 3, 9][2, 29][17, 28][25, 28][9, 14][16, 28] 
[13, 0, 19, 17, 22, 18, 12, 8, 26][23, 4, 20, 14, 24][7, 27, 10, 15][2, 6, 5, 21][16, 27, 29][3, 11, 25][1, 3, 9][2, 29][16, 28][17, 28][25, 28][9, 14] 
[0, 19, 17, 22, 18, 12, 8, 26][23, 4, 20, 14, 24][2, 21, 5, 6, 13][7, 27, 10, 15][1, 3, 9][3, 11, 25][16, 27, 29][9, 14][25, 28][16, 28][17, 28][2, 29] 
[0, 19, 17, 22, 18, 12, 8, 26][2, 21, 5, 6, 13][23, 4, 20, 14, 24][7, 27, 10, 15][16, 27, 29][3, 11, 25][1, 3, 9][17, 28][16, 28][25, 28][9, 14][2, 29] 
[0, 19, 17, 22, 18, 12, 8, 26][2, 21, 5, 6, 13][23, 4, 20, 14, 24][7, 27, 10, 15][16, 27, 29][3, 11, 25][1, 3, 9][16, 28][17, 28][2, 29][25, 28][9, 14] 
[0, 19, 17, 22, 18, 12, 8, 26][23, 4, 20, 14, 24][2, 21, 5, 6, 13][7, 27, 10, 15][3, 11, 25][1, 3, 9][16, 27, 29][9, 14][25, 28][17, 28][16, 28][2, 29] 
[0, 19, 17, 22, 18, 12, 8, 26][2, 21, 5, 6, 13][23, 4, 20, 14, 24][7, 27, 10, 15][16, 27, 29][3, 11, 25][1, 3, 9][16, 28][17, 28][2, 29][25, 28][9, 14] 
[0, 19, 17, 22, 18, 12, 8, 26][2, 21, 5, 6, 13][23, 4, 20, 14, 24][7, 27, 10, 15][1, 3, 9][3, 11, 25][16, 27, 29][25, 28][16, 28][17, 28][2, 10][9, 14] 
[0, 19, 17, 22, 18, 12, 8, 26][23, 4, 20, 14, 24][2, 21, 5, 6, 13][7, 27, 10, 15][1, 3, 9][3, 11, 25][16, 27, 29][25, 28][17, 28][16, 28][9, 14][2, 29] 
[13, 0, 19, 17, 22, 18, 12, 8, 26][23, 4, 20, 14, 24][7, 27, 10, 15][2, 21, 5, 6][3, 11, 25][1, 3, 9][16, 27, 29][17, 28][25, 28][9, 14][16, 28][2, 29] 
[13, 0, 19, 17, 22, 18, 12, 8, 26][23, 4, 20, 14, 24][7, 27, 10, 15][2, 21, 5, 6][3, 11, 25][1, 3, 9][16, 27, 29][16, 28][25, 28][2, 29][9, 14][17, 28] 
[13, 0, 19, 17, 22, 18, 12, 8, 26][23, 4, 20, 14, 24][2, 21, 5, 6][7, 27, 10, 15][16, 27, 29][3, 11, 25][1, 3, 9][2, 29][16, 28][25, 28][17, 28][9, 14] 
[13, 0, 19, 17, 22, 18, 12, 8, 26][23, 4, 20, 14, 24][7, 27, 10, 15][2, 21, 5, 6][3, 11, 25][1, 3, 9][16, 27, 29][16, 28][25, 28][2, 29][9, 14][17, 28] 
[13, 0, 19, 17, 22, 18, 12, 8, 26][23, 4, 20, 14, 24][2, 21, 5, 6][7, 27, 10, 15][16, 27, 29][3, 11, 25][1, 3, 9][2, 29][17, 28][25, 28][9, 14][16, 28] 
[13, 0, 19, 17, 22, 18, 12, 8, 26][23, 4, 20, 14, 24][2, 21, 5, 6][7, 27, 10, 15][16, 27, 29][3, 11, 25][1, 3, 9][2, 29][17, 28][25, 28][9, 14][16, 28] 
[13, 0, 19, 17, 22, 18, 12, 8, 26][23, 4, 20, 14, 24][2, 21, 5, 6][7, 27, 10, 15][16, 27, 29][3, 11, 25][1, 3, 9][2, 29][17, 28][25, 28][9, 14][16, 28] 
[13, 0, 19, 17, 22, 18, 12, 8, 26][23, 4, 20, 14, 24][2, 21, 5, 6][7, 27, 10, 15][16, 27, 29][3, 11, 25][1, 3, 9][2, 29][16, 28][25, 28][17, 28][9, 14] 
[13, 0, 19, 17, 22, 18, 12, 8, 26][23, 4, 20, 14, 24][7, 27, 10, 15][2, 21, 5, 6][3, 11, 25][1, 3, 9][16, 27, 29][16, 28][25, 28][2, 29][9, 14][17, 28] 
[13, 0, 19, 17, 22, 18, 12, 8, 26][23, 4, 20, 14, 24][7, 27, 10, 15][2, 21, 5, 6][1, 3, 9][3, 11, 25][16, 27, 29][9, 14][25, 28][16, 28][2, 29][17, 28] 
[13, 0, 19, 17, 22, 18, 12, 8, 26][23, 4, 20, 14, 24][7, 27, 10, 15][2, 21, 5, 6][3, 11, 25][1, 3, 9][16, 27, 29][17, 28][25, 28][9, 14][16, 28][2, 29] 
[13, 0, 19, 17, 22, 18, 12, 8, 26][23, 4, 20, 14, 24][7, 27, 10, 15][2, 21, 5, 6][3, 11, 25][1, 3, 9][16, 27, 29][17, 28][25, 28][9, 14][16, 28][2, 29] 
[13, 0, 19, 17, 22, 18, 12, 8, 26][23, 4, 20, 14, 24][7, 27, 10, 15][2, 21, 5, 6][3, 11, 25][1, 3, 9][16, 27, 29][16, 28][25, 28][2, 29][9, 14][17, 28] 
[13, 0, 19, 17, 22, 18, 12, 8, 26][23, 4, 20, 14, 24][7, 27, 10, 15][2, 21, 5, 6][3, 11, 25][1, 3, 9][16, 27, 29][17, 28][25, 28][9, 14][16, 28][2, 29] 
[13, 0, 19, 17, 22, 18, 12, 8, 26][23, 4, 20, 14, 24][7, 27, 10, 15][2, 21, 5, 6][3, 11, 25][1, 3, 9][16, 27, 29][17, 28][25, 28][9, 14][16, 28][2, 29] 
[13, 0, 19, 17, 22, 18, 12, 8, 26][23, 4, 20, 14, 24][28, 16, 27, 29][7, 27, 10, 15][2, 21, 5, 6][3, 11, 25][1, 3, 9][0, 19][17, 28][2, 10][25, 28][9, 14] 
[13, 0, 19, 17, 22, 18, 12, 8, 26][23, 4, 20, 14, 24][28, 16, 27, 29][7, 27, 10, 15][2, 21, 5, 6][3, 11, 25][1, 3, 9][0, 19][17, 28][2, 10][25, 28][9, 14] 
[13, 0, 19, 17, 22, 18, 12, 8, 26][23, 4, 20, 14, 24][28, 16, 27, 29][7, 27, 10, 15][2, 21, 5, 6][3, 11, 25][1, 3, 9][0, 19][17, 28][2, 10][25, 28][9, 14] 
[13, 0, 19, 17, 22, 18, 12, 8, 26][23, 4, 20, 14, 24][28, 16, 27, 29][7, 27, 10, 15][2, 21, 5, 6][3, 11, 25][1, 3, 9][0, 19][17, 28][2, 10][25, 28][9, 14] 
[13, 0, 19, 17, 22, 18, 12, 8, 26][23, 4, 20, 14, 24][28, 16, 27, 29][7, 27, 10, 15][2, 21, 5, 6][3, 11, 25][1, 3, 9][0, 19][17, 28][2, 10][25, 28][9, 14] 
[13, 0, 19, 17, 22, 18, 12, 8, 26][23, 4, 20, 14, 24][21, 5, 6, 2, 29][7, 27, 10, 15][16, 27, 29][3, 11, 25][1, 3, 9][0, 19][17, 28][16, 28][25, 28][9, 14] 
[0, 19, 17, 22, 18, 12, 8, 26][2, 21, 5, 6, 13][23, 4, 20, 14, 24][7, 27, 10, 15][3, 11, 25][1, 3, 9][16, 27, 29][25, 28][16, 28][17, 28][2, 10][9, 14] 
[0, 19, 17, 22, 18, 12, 8, 26][23, 4, 20, 14, 24][2, 21, 5, 6, 13][7, 27, 10, 15][3, 11, 25][1, 3, 9][16, 27, 29][17, 28][25, 28][16, 28][9, 14][2, 10] 
[0, 19, 17, 22, 18, 12, 8, 26][23, 4, 20, 14, 24][2, 21, 5, 6, 13][7, 27, 10, 15][1, 3, 9][3, 11, 25][16, 27, 29][25, 28][9, 14][16, 28][17, 28][2, 10] 
[0, 19, 17, 22, 18, 12, 8, 26][23, 4, 20, 14, 24][2, 21, 5, 6, 13][7, 27, 10, 15][3, 11, 25][1, 3, 9][16, 27, 29][25, 28][16, 28][9, 14][17, 28][2, 10] 
[0, 19, 17, 22, 18, 12, 8, 26][23, 4, 20, 14, 24][2, 21, 5, 6, 13][7, 27, 10, 15][3, 11, 25][1, 3, 9][16, 27, 29][17, 28][25, 28][16, 28][9, 14][2, 10] 
[13, 0, 19, 17, 22, 18, 12, 8, 26][23, 4, 20, 14, 24][2, 21, 5, 6][7, 27, 10, 15][16, 27, 29][3, 11, 25][1, 3, 9][2, 29][17, 28][25, 28][9, 14][16, 28] 
[0, 19, 17, 22, 18, 12, 8, 26][23, 4, 20, 14, 24][2, 21, 5, 6, 13][7, 27, 10, 15][1, 3, 9][3, 11, 25][16, 27, 29][25, 28][9, 14][16, 28][17, 28][2, 10] 
