[18, 13, 6, 5, 21][10, 29, 2, 15, 27][16, 28, 25, 22, 17][0, 19, 12, 8, 26][4, 24, 3, 9][1, 23, 14, 11][7, 20, 24][6, 10][7, 27][1, 3][7, 28][17, 19] 
[18, 13, 6, 5, 21][10, 29, 2, 15, 27][0, 19, 12, 8, 26][16, 7, 20, 24][4, 24, 3, 9][17, 22, 25, 28][1, 23, 14, 11][6, 10][16, 27][16, 28][17, 19][1, 3] 
[10, 29, 2, 15, 27, 16][18, 13, 6, 5, 21][0, 19, 12, 8, 26][4, 24, 3, 9][17, 22, 25, 28][1, 23, 14, 11][7, 20, 24][6, 10][7, 16][7, 28][17, 19][1, 3] 
[10, 29, 2, 15, 27, 16][0, 19, 12, 8, 26][18, 13, 6, 5, 21][4, 24, 3, 9][17, 22, 25, 28][1, 23, 14, 11][7, 20, 24][7, 27][17, 19][6, 10][1, 3][7, 28] 
[0, 19, 12, 8, 26][10, 29, 2, 15, 27][18, 13, 6, 5, 21][17, 22, 25, 28][16, 7, 20, 24][4, 24, 3, 9][1, 23, 14, 11][16, 28][17, 19][1, 3][7, 27][6, 10] 
[0, 19, 12, 8, 26][10, 29, 2, 15, 27][18, 13, 6, 5, 21][17, 22, 25, 28][16, 7, 20, 24][4, 24, 3, 9][1, 23, 14, 11][17, 19][16, 28][7, 27][6, 10][1, 3] 
[18, 13, 6, 5, 21][10, 29, 2, 15, 27][0, 19, 12, 8, 26][16, 7, 20, 24][4, 24, 3, 9][17, 22, 25, 28][1, 23, 14, 11][6, 10][16, 27][16, 28][17, 19][1, 3] 
[0, 19, 12, 8, 26][10, 29, 2, 15, 27][18, 13, 6, 5, 21][17, 22, 25, 28][16, 7, 20, 24][4, 24, 3, 9][1, 23, 14, 11][17, 19][16, 28][7, 27][6, 10][1, 3] 
[10, 29, 2, 15, 27][18, 13, 6, 5, 21][0, 19, 12, 8, 26][4, 24, 3, 9][16, 7, 20, 24][1, 23, 14, 11][17, 22, 25, 28][1, 3][7, 27][6, 10][16, 28][17, 19] 
[0, 19, 12, 8, 26][10, 29, 2, 15, 27][18, 13, 6, 5, 21][1, 23, 14, 11][4, 24, 3, 9][16, 7, 20, 24][17, 22, 25, 28][1, 3][16, 28][17, 19][7, 27][6, 10] 
[10, 29, 2, 15, 27][18, 13, 6, 5, 21][16, 28, 25, 22, 17][0, 19, 12, 8, 26][4, 24, 3, 9][1, 23, 14, 11][7, 20, 24][6, 10][7, 27][1, 3][7, 28][17, 19] 
[18, 13, 6, 5, 21][10, 29, 2, 15, 27][0, 19, 12, 8, 26][16, 7, 20, 24][4, 24, 3, 9][17, 22, 25, 28][1, 23, 14, 11][6, 10][16, 27][16, 28][1, 3][17, 19] 
[10, 29, 2, 15, 27, 16][0, 19, 12, 8, 26][18, 13, 6, 5, 21][17, 22, 25, 28][4, 24, 3, 9][1, 23, 14, 11][7, 20, 24][17, 19][7, 28][7, 27][6, 10][1, 3] 
[0, 19, 12, 8, 26][10, 29, 2, 15, 27][18, 13, 6, 5, 21][17, 22, 25, 28][16, 7, 20, 24][4, 24, 3, 9][1, 23, 14, 11][17, 19][16, 28][7, 27][6, 10][1, 3] 
[0, 19, 12, 8, 26][10, 29, 2, 15, 27][18, 13, 6, 5, 21][17, 22, 25, 28][16, 7, 20, 24][4, 24, 3, 9][1, 23, 14, 11][16, 28][17, 19][7, 27][6, 10][1, 3] 
[0, 19, 12, 8, 26][10, 29, 2, 15, 27][18, 13, 6, 5, 21][17, 22, 25, 28][16, 7, 20, 24][4, 24, 3, 9][1, 23, 14, 11][16, 28][17, 19][7, 27][6, 10][1, 3] 
[16, 28, 25, 22, 17][0, 19, 12, 8, 26][10, 29, 2, 15, 27][18, 13, 6, 5, 21][4, 24, 3, 9][1, 23, 14, 11][7, 20, 24][17, 19][7, 28][1, 3][7, 27][6, 10] 
[18, 13, 6, 5, 21][10, 29, 2, 15, 27][0, 19, 12, 8, 26][16, 7, 20, 24][4, 24, 3, 9][17, 22, 25, 28][1, 23, 14, 11][6, 10][16, 27][16, 28][1, 3][17, 19] 
[0, 19, 12, 8, 26][10, 29, 2, 15, 27][18, 13, 6, 5, 21][1, 23, 14, 11][4, 24, 3, 9][16, 7, 20, 24][17, 22, 25, 28][1, 3][16, 28][17, 19][7, 27][6, 10] 
[0, 19, 12, 8, 26][16, 28, 25, 22, 17][10, 29, 2, 15, 27][18, 13, 6, 5, 21][4, 24, 3, 9][1, 23, 14, 11][7, 20, 24][17, 19][7, 28][7, 27][1, 3][6, 10] 
[10, 29, 2, 15, 27][18, 13, 6, 5, 21][16, 28, 25, 22, 17][0, 19, 12, 8, 26][4, 24, 3, 9][1, 23, 14, 11][7, 20, 24][6, 10][7, 27][1, 3][7, 28][17, 19] 
[18, 13, 6, 5, 21][10, 29, 2, 15, 27][0, 19, 12, 8, 26][16, 7, 20, 24][4, 24, 3, 9][17, 22, 25, 28][1, 23, 14, 11][6, 10][16, 27][16, 28][1, 3][17, 19] 
[10, 29, 2, 15, 27, 16][0, 19, 12, 8, 26][18, 13, 6, 5, 21][17, 22, 25, 28][4, 24, 3, 9][1, 23, 14, 11][7, 20, 24][17, 19][7, 28][7, 27][1, 3][6, 10] 
[0, 19, 12, 8, 26][10, 29, 2, 15, 27][18, 13, 6, 5, 21][17, 22, 25, 28][16, 7, 20, 24][4, 24, 3, 9][1, 23, 14, 11][16, 28][17, 19][1, 3][7, 27][6, 10] 
[0, 19, 12, 8, 26][10, 29, 2, 15, 27][18, 13, 6, 5, 21][17, 22, 25, 28][16, 7, 20, 24][4, 24, 3, 9][1, 23, 14, 11][16, 28][17, 19][1, 3][7, 27][6, 10] 
[0, 19, 12, 8, 26][10, 29, 2, 15, 27][18, 13, 6, 5, 21][17, 22, 25, 28][16, 7, 20, 24][4, 24, 3, 9][1, 23, 14, 11][16, 28][17, 19][7, 27][6, 10][1, 3] 
[16, 28, 25, 22, 17][10, 29, 2, 15, 27][18, 13, 6, 5, 21][0, 19, 12, 8, 26][4, 24, 3, 9][1, 23, 14, 11][7, 20, 24][1, 3][7, 28][7, 27][6, 10][17, 19] 
[18, 13, 6, 5, 21][10, 29, 2, 15, 27][0, 19, 12, 8, 26][16, 7, 20, 24][4, 24, 3, 9][17, 22, 25, 28][1, 23, 14, 11][6, 10][16, 27][16, 28][1, 3][17, 19] 
[0, 19, 12, 8, 26][10, 29, 2, 15, 27][18, 13, 6, 5, 21][17, 22, 25, 28][16, 7, 20, 24][4, 24, 3, 9][1, 23, 14, 11][16, 28][17, 19][7, 27][6, 10][1, 3] 
[0, 19, 12, 8, 26][16, 28, 25, 22, 17][10, 29, 2, 15, 27][18, 13, 6, 5, 21][4, 24, 3, 9][1, 23, 14, 11][7, 20, 24][17, 19][7, 28][7, 27][6, 10][1, 3] 
[10, 29, 2, 15, 27][16, 28, 25, 22, 17][18, 13, 6, 5, 21][0, 19, 12, 8, 26][4, 24, 3, 9][1, 23, 14, 11][7, 20, 24][7, 27][7, 28][1, 3][6, 10][17, 19] 
[18, 13, 6, 5, 21][10, 29, 2, 15, 27][0, 19, 12, 8, 26][16, 7, 20, 24][4, 24, 3, 9][17, 22, 25, 28][1, 23, 14, 11][6, 10][16, 27][16, 28][1, 3][17, 19] 
[0, 19, 12, 8, 26][10, 29, 2, 15, 27][18, 13, 6, 5, 21][17, 22, 25, 28][16, 7, 20, 24][4, 24, 3, 9][1, 23, 14, 11][16, 28][17, 19][7, 27][6, 10][1, 3] 
[10, 29, 2, 15, 27][16, 28, 25, 22, 17][18, 13, 6, 5, 21][0, 19, 12, 8, 26][4, 24, 3, 9][1, 23, 14, 11][7, 20, 24][7, 27][7, 28][1, 3][6, 10][17, 19] 
[16, 28, 25, 22, 17][0, 19, 12, 8, 26][10, 29, 2, 15, 27][18, 13, 6, 5, 21][4, 24, 3, 9][1, 23, 14, 11][7, 20, 24][7, 28][17, 19][7, 27][1, 3][6, 10] 
[14, 4, 20, 24, 7, 2, 27, 29, 10, 21, 15][8, 26, 0, 12, 22, 25, 28, 7, 16][11, 17, 18, 13, 6, 5, 21][1, 9, 3, 23, 4][5, 6][8, 19][17, 18][5, 6][17, 18][3, 23][17, 18][3, 23] 
[14, 4, 20, 24, 7, 2, 27, 29, 10, 21, 15][8, 26, 0, 12, 22, 25, 28, 7, 16][11, 17, 18, 13, 6, 5, 21][1, 9, 3, 23, 4][8, 19][17, 18][5, 6][3, 23][5, 6][3, 23][17, 18][3, 23] 
[14, 4, 20, 24, 7, 2, 27, 29, 10, 21, 15][8, 26, 0, 12, 22, 25, 28, 7, 16][11, 17, 18, 13, 6, 5, 21][1, 9, 3, 23, 4][5, 6][8, 19][17, 18][5, 6][17, 18][3, 23][17, 18][3, 23] 
[14, 4, 20, 24, 7, 2, 27, 29, 10, 21, 15][8, 26, 0, 12, 22, 25, 28, 7, 16][5, 6, 13, 18, 17, 11][1, 9, 3, 23, 4][8, 19][17, 18][3, 23][17, 18][17, 18][17, 18][3, 23][5, 21] 
[14, 4, 20, 24, 7, 2, 27, 29, 10, 21, 15][8, 26, 0, 12, 22, 25, 28, 7, 16][5, 6, 13, 18, 17, 11][1, 9, 3, 23, 4][8, 19][17, 18][3, 23][17, 18][17, 18][17, 18][3, 23][5, 21] 
[15, 21, 10, 29, 27, 2, 7, 24, 20][8, 26, 0, 12, 22, 25, 28, 7, 16][11, 17, 18, 13, 6, 5, 21][1, 9, 3, 23, 4][3, 23][8, 19][4, 14][17, 18][17, 18][17, 18][4, 20][5, 6] 
[14, 4, 20, 24, 7, 2, 27, 29, 10, 21, 15][8, 26, 0, 12, 22, 25, 28, 7, 16][11, 17, 18, 13, 6, 5, 21][1, 9, 3, 23, 4][5, 6][8, 19][17, 18][5, 6][17, 18][3, 23][17, 18][3, 23] 
[14, 4, 20, 24, 7, 2, 27, 29, 10, 21, 15][8, 26, 0, 12, 22, 25, 28, 7, 16][11, 17, 18, 13, 6, 5, 21][1, 9, 3, 23, 4][5, 6][8, 19][17, 18][5, 6][17, 18][3, 23][17, 18][3, 23] 
[14, 4, 20, 24, 7, 2, 27, 29, 10, 21, 15][8, 26, 0, 12, 22, 25, 28, 7, 16][5, 6, 13, 18, 17, 11][1, 9, 3, 23, 4][8, 19][17, 18][3, 23][17, 18][17, 18][17, 18][3, 23][5, 21] 
[14, 4, 20, 24, 7, 2, 27, 29, 10, 21, 15][8, 26, 0, 12, 22, 25, 28, 7, 16][11, 17, 18, 13, 6, 5, 21][1, 9, 3, 23, 4][5, 6][8, 19][17, 18][5, 6][17, 18][3, 23][17, 18][3, 23] 
[14, 4, 20, 24, 7, 2, 27, 29, 10, 21, 15][8, 26, 0, 12, 22, 25, 28, 7, 16][11, 17, 18, 13, 6, 5, 21][1, 9, 3, 23, 4][5, 6][8, 19][17, 18][5, 6][17, 18][3, 23][17, 18][3, 23] 
[14, 4, 20, 24, 7, 2, 27, 29, 10, 21, 15][8, 26, 0, 12, 22, 25, 28, 7, 16][11, 17, 18, 13, 6, 5, 21][1, 9, 3, 23, 4][5, 6][8, 19][17, 18][5, 6][17, 18][3, 23][17, 18][3, 23] 
[14, 4, 20, 24, 7, 2, 27, 29, 10, 21, 15][8, 26, 0, 12, 22, 25, 28, 7, 16][5, 6, 13, 18, 17, 11][1, 9, 3, 23, 4][8, 19][17, 18][3, 23][17, 18][17, 18][17, 18][3, 23][5, 21] 
[14, 4, 20, 24, 7, 2, 27, 29, 10, 21, 15][8, 26, 0, 12, 22, 25, 28, 7, 16][11, 17, 18, 13, 6, 5, 21][1, 9, 3, 23, 4][5, 6][8, 19][17, 18][5, 6][17, 18][3, 23][17, 18][3, 23] 
[14, 4, 20, 24, 7, 2, 27, 29, 10, 21, 15][8, 26, 0, 12, 22, 25, 28, 7, 16][11, 17, 18, 13, 6, 5, 21][1, 9, 3, 23, 4][5, 6][8, 19][17, 18][5, 6][17, 18][3, 23][17, 18][3, 23] 
[14, 4, 20, 24, 7, 2, 27, 29, 10, 21, 15][8, 26, 0, 12, 22, 25, 28, 7, 16][11, 17, 18, 13, 6, 5, 21][1, 9, 3, 23, 4][5, 6][8, 19][17, 18][5, 6][17, 18][3, 23][17, 18][3, 23] 
[14, 4, 20, 24, 7, 2, 27, 29, 10, 21, 15][8, 26, 0, 12, 22, 25, 28, 7, 16][11, 17, 18, 13, 6, 5, 21][1, 9, 3, 23, 4][5, 6][8, 19][17, 18][5, 6][17, 18][3, 23][17, 18][3, 23] 
[14, 4, 20, 24, 7, 2, 27, 29, 10, 21, 15][8, 26, 0, 12, 22, 25, 28, 7, 16][11, 17, 18, 13, 6, 5, 21][1, 9, 3, 23, 4][5, 6][8, 19][5, 6][17, 18][17, 18][17, 18][17, 18][17, 18] 
[14, 4, 20, 24, 7, 2, 27, 29, 10, 21, 15][8, 26, 0, 12, 22, 25, 28, 7, 16][11, 17, 18, 13, 6, 5, 21][1, 9, 3, 23, 4][5, 6][8, 19][17, 18][5, 6][17, 18][3, 23][17, 18][3, 23] 
[14, 4, 20, 24, 7, 2, 27, 29, 10, 21, 15][8, 26, 0, 12, 22, 25, 28, 7, 16][11, 17, 18, 13, 6, 5, 21][1, 9, 3, 23, 4][5, 6][8, 19][17, 18][5, 6][17, 18][3, 23][17, 18][3, 23] 
[14, 4, 20, 24, 7, 2, 27, 29, 10, 21, 15][8, 26, 0, 12, 22, 25, 28, 7, 16][11, 17, 18, 13, 6, 5, 21][1, 9, 3, 23, 4][5, 6][8, 19][17, 18][5, 6][17, 18][3, 23][17, 18][3, 23] 
[10, 29, 2, 15, 27][18, 13, 6, 5, 21][0, 19, 12, 8, 26][16, 7, 20, 24][4, 24, 3, 9][1, 23, 14, 11][17, 22, 25, 28][16, 28][7, 27][6, 10][1, 3][17, 19] 
[0, 19, 12, 8, 26][10, 29, 2, 15, 27][18, 13, 6, 5, 21][1, 23, 14, 11][4, 24, 3, 9][16, 7, 20, 24][17, 22, 25, 28][1, 3][16, 28][17, 19][7, 27][6, 10] 
[0, 19, 12, 8, 26][10, 29, 2, 15, 27][18, 13, 6, 5, 21][1, 23, 14, 11][4, 24, 3, 9][16, 7, 20, 24][17, 22, 25, 28][1, 3][16, 28][17, 19][7, 27][6, 10] 
[0, 19, 12, 8, 26][10, 29, 2, 15, 27][18, 13, 6, 5, 21][17, 22, 25, 28][16, 7, 20, 24][4, 24, 3, 9][1, 23, 14, 11][16, 28][17, 19][7, 27][1, 3][6, 10] 
[0, 19, 12, 8, 26][10, 29, 2, 15, 27][18, 13, 6, 5, 21][1, 23, 14, 11][4, 24, 3, 9][16, 7, 20, 24][17, 22, 25, 28][1, 3][16, 28][17, 19][7, 27][6, 10] 
[0, 19, 12, 8, 26][10, 29, 2, 15, 27][18, 13, 6, 5, 21][17, 22, 25, 28][16, 7, 20, 24][4, 24, 3, 9][1, 23, 14, 11][16, 28][17, 19][7, 27][1, 3][6, 10] 
[0, 19, 12, 8, 26][10, 29, 2, 15, 27][18, 13, 6, 5, 21][17, 22, 25, 28][16, 7, 20, 24][4, 24, 3, 9][1, 23, 14, 11][16, 28][17, 19][7, 27][6, 10][1, 3] 
[18, 13, 6, 5, 21][10, 29, 2, 15, 27][0, 19, 12, 8, 26][16, 7, 20, 24][4, 24, 3, 9][17, 22, 25, 28][1, 23, 14, 11][6, 10][7, 27][16, 28][17, 19][1, 3] 
[0, 19, 12, 8, 26][10, 29, 2, 15, 27][18, 13, 6, 5, 21][1, 23, 14, 11][4, 24, 3, 9][16, 7, 20, 24][17, 22, 25, 28][1, 3][16, 28][17, 19][7, 27][6, 10] 
[10, 29, 2, 15, 27][18, 13, 6, 5, 21][0, 19, 12, 8, 26][17, 22, 25, 28][16, 7, 20, 24][4, 24, 3, 9][1, 23, 14, 11][16, 28][7, 27][6, 10][1, 3][17, 19] 
[10, 29, 2, 15, 27][18, 13, 6, 5, 21][0, 19, 12, 8, 26][17, 22, 25, 28][16, 7, 20, 24][4, 24, 3, 9][1, 23, 14, 11][16, 28][7, 27][6, 10][1, 3][17, 19] 
[18, 13, 6, 5, 21][10, 29, 2, 15, 27][0, 19, 12, 8, 26][16, 7, 20, 24][4, 24, 3, 9][17, 22, 25, 28][1, 23, 14, 11][6, 10][7, 27][16, 28][17, 19][1, 3] 
[0, 19, 12, 8, 26][10, 29, 2, 15, 27][18, 13, 6, 5, 21][17, 22, 25, 28][16, 7, 20, 24][4, 24, 3, 9][1, 23, 14, 11][16, 28][17, 19][1, 3][7, 27][6, 10] 
[10, 29, 2, 15, 27][18, 13, 6, 5, 21][0, 19, 12, 8, 26][17, 22, 25, 28][16, 7, 20, 24][4, 24, 3, 9][1, 23, 14, 11][16, 28][7, 27][6, 10][1, 3][17, 19] 
[18, 13, 6, 5, 21][10, 29, 2, 15, 27][0, 19, 12, 8, 26][16, 7, 20, 24][4, 24, 3, 9][17, 22, 25, 28][1, 23, 14, 11][6, 10][7, 27][16, 28][17, 19][1, 3] 
[10, 29, 2, 15, 27][16, 28, 25, 22, 17][18, 13, 6, 5, 21][0, 19, 12, 8, 26][4, 24, 3, 9][1, 23, 14, 11][7, 20, 24][7, 27][7, 28][1, 3][6, 10][17, 19] 
[10, 29, 2, 15, 27][16, 28, 25, 22, 17][0, 19, 12, 8, 26][18, 13, 6, 5, 21][1, 23, 14, 11][4, 24, 3, 9][7, 20, 24][1, 3][7, 27][7, 28][17, 19][6, 10] 
[10, 29, 2, 15, 27][16, 28, 25, 22, 17][0, 19, 12, 8, 26][18, 13, 6, 5, 21][1, 23, 14, 11][4, 24, 3, 9][7, 20, 24][1, 3][7, 27][7, 28][17, 19][6, 10] 
[10, 29, 2, 15, 27][16, 28, 25, 22, 17][18, 13, 6, 5, 21][0, 19, 12, 8, 26][4, 24, 3, 9][1, 23, 14, 11][7, 20, 24][7, 27][7, 28][6, 10][17, 19][1, 3] 
[10, 29, 2, 15, 27][16, 28, 25, 22, 17][0, 19, 12, 8, 26][18, 13, 6, 5, 21][1, 23, 14, 11][4, 24, 3, 9][7, 20, 24][1, 3][7, 27][7, 28][17, 19][6, 10] 
[18, 13, 6, 5, 21][10, 29, 2, 15, 27][3, 1, 23, 14, 11][0, 19, 12, 8, 26][4, 24, 3, 9][17, 22, 25, 28][7, 20, 24][6, 10][7, 27][16, 28][17, 19][7, 16] 
[0, 19, 12, 8, 26][10, 29, 2, 15, 27][18, 13, 6, 5, 21][1, 23, 14, 11][4, 24, 3, 9][16, 7, 20, 24][17, 22, 25, 28][1, 3][16, 28][17, 19][7, 27][6, 10] 
[0, 19, 12, 8, 26][10, 29, 2, 15, 27][18, 13, 6, 5, 21][17, 22, 25, 28][16, 7, 20, 24][4, 24, 3, 9][1, 23, 14, 11][16, 28][17, 19][1, 3][7, 27][6, 10] 
[0, 19, 12, 8, 26][10, 29, 2, 15, 27][18, 13, 6, 5, 21][17, 22, 25, 28][16, 7, 20, 24][4, 24, 3, 9][1, 23, 14, 11][16, 28][17, 19][7, 27][1, 3][6, 10] 
[0, 19, 12, 8, 26][10, 29, 2, 15, 27][18, 13, 6, 5, 21][17, 22, 25, 28][16, 7, 20, 24][4, 24, 3, 9][1, 23, 14, 11][16, 28][17, 19][1, 3][7, 27][6, 10] 
[10, 29, 2, 15, 27][18, 13, 6, 5, 21][0, 19, 12, 8, 26][17, 22, 25, 28][16, 7, 20, 24][4, 24, 3, 9][1, 23, 14, 11][16, 28][7, 27][6, 10][1, 3][17, 19] 
[18, 13, 6, 5, 21][10, 29, 2, 15, 27][0, 19, 12, 8, 26][16, 7, 20, 24][4, 24, 3, 9][17, 22, 25, 28][1, 23, 14, 11][6, 10][7, 27][16, 28][17, 19][1, 3] 
[10, 29, 2, 15, 27][18, 13, 6, 5, 21][0, 19, 12, 8, 26][17, 22, 25, 28][16, 7, 20, 24][4, 24, 3, 9][1, 23, 14, 11][16, 28][7, 27][6, 10][1, 3][17, 19] 
[10, 29, 2, 15, 27][16, 28, 25, 22, 17][18, 13, 6, 5, 21][0, 19, 12, 8, 26][4, 24, 3, 9][1, 23, 14, 11][7, 20, 24][7, 27][7, 28][1, 3][6, 10][17, 19] 
[10, 29, 2, 15, 27][16, 28, 25, 22, 17][0, 19, 12, 8, 26][18, 13, 6, 5, 21][1, 23, 14, 11][4, 24, 3, 9][7, 20, 24][1, 3][7, 27][7, 28][17, 19][6, 10] 
[10, 29, 2, 15, 27][16, 28, 25, 22, 17][0, 19, 12, 8, 26][18, 13, 6, 5, 21][1, 23, 14, 11][4, 24, 3, 9][7, 20, 24][1, 3][7, 27][7, 28][17, 19][6, 10] 
[10, 29, 2, 15, 27][18, 13, 6, 5, 21][16, 28, 25, 22, 17][0, 19, 12, 8, 26][4, 24, 3, 9][1, 23, 14, 11][7, 20, 24][7, 27][6, 10][1, 3][7, 28][17, 19] 
[0, 19, 12, 8, 26][16, 28, 25, 22, 17][10, 29, 2, 15, 27][18, 13, 6, 5, 21][4, 24, 3, 9][1, 23, 14, 11][7, 20, 24][17, 19][7, 28][1, 3][7, 27][6, 10] 
[16, 28, 25, 22, 17][0, 19, 12, 8, 26][10, 29, 2, 15, 27][18, 13, 6, 5, 21][4, 24, 3, 9][1, 23, 14, 11][7, 20, 24][17, 19][7, 28][1, 3][7, 27][6, 10] 
[10, 29, 2, 15, 27][18, 13, 6, 5, 21][16, 28, 25, 22, 17][0, 19, 12, 8, 26][4, 24, 3, 9][1, 23, 14, 11][7, 20, 24][7, 27][6, 10][1, 3][7, 28][17, 19] 
[16, 28, 25, 22, 17][0, 19, 12, 8, 26][10, 29, 2, 15, 27][18, 13, 6, 5, 21][4, 24, 3, 9][1, 23, 14, 11][7, 20, 24][17, 19][7, 28][1, 3][7, 27][6, 10] 
[0, 19, 12, 8, 26][16, 28, 25, 22, 17][10, 29, 2, 15, 27][18, 13, 6, 5, 21][4, 24, 3, 9][1, 23, 14, 11][7, 20, 24][17, 19][7, 28][7, 27][1, 3][6, 10] 
[10, 29, 2, 15, 27][16, 28, 25, 22, 17][18, 13, 6, 5, 21][0, 19, 12, 8, 26][4, 24, 3, 9][1, 23, 14, 11][7, 20, 24][7, 27][7, 28][6, 10][17, 19][1, 3] 
[16, 28, 25, 22, 17][10, 29, 2, 15, 27][18, 13, 6, 5, 21][0, 19, 12, 8, 26][4, 24, 3, 9][1, 23, 14, 11][7, 20, 24][1, 3][7, 28][7, 27][6, 10][17, 19] 
[10, 29, 2, 15, 27][16, 28, 25, 22, 17][0, 19, 12, 8, 26][18, 13, 6, 5, 21][1, 23, 14, 11][4, 24, 3, 9][7, 20, 24][1, 3][7, 27][7, 28][17, 19][6, 10] 
[16, 28, 25, 22, 17][0, 19, 12, 8, 26][10, 29, 2, 15, 27][18, 13, 6, 5, 21][4, 24, 3, 9][1, 23, 14, 11][7, 20, 24][17, 19][7, 28][1, 3][7, 27][6, 10] 
[0, 19, 12, 8, 26][16, 28, 25, 22, 17][10, 29, 2, 15, 27][18, 13, 6, 5, 21][4, 24, 3, 9][1, 23, 14, 11][7, 20, 24][17, 19][7, 28][7, 27][6, 10][1, 3] 
[16, 28, 25, 22, 17][0, 19, 12, 8, 26][10, 29, 2, 15, 27][18, 13, 6, 5, 21][4, 24, 3, 9][1, 23, 14, 11][7, 20, 24][17, 19][7, 28][1, 3][7, 27][6, 10] 
[10, 29, 2, 15, 27][3, 1, 23, 14, 11][16, 28, 25, 22, 17][18, 13, 6, 5, 21][0, 19, 12, 8, 26][4, 24, 3, 9][7, 20, 24][7, 27][7, 28][6, 10][17, 19][1, 23] 
[10, 29, 2, 15, 27][3, 1, 23, 14, 11][16, 28, 25, 22, 17][18, 13, 6, 5, 21][0, 19, 12, 8, 26][4, 24, 3, 9][7, 20, 24][7, 27][7, 28][6, 10][17, 19][1, 23] 
[10, 29, 2, 15, 27][3, 1, 23, 14, 11][16, 28, 25, 22, 17][18, 13, 6, 5, 21][0, 19, 12, 8, 26][4, 24, 3, 9][7, 20, 24][7, 27][7, 28][6, 10][17, 19][1, 23] 
[10, 29, 2, 15, 27][3, 1, 23, 14, 11][16, 28, 25, 22, 17][18, 13, 6, 5, 21][0, 19, 12, 8, 26][4, 24, 3, 9][7, 20, 24][7, 27][7, 28][6, 10][17, 19][1, 23] 
[10, 29, 2, 15, 27][3, 1, 23, 14, 11][16, 28, 25, 22, 17][18, 13, 6, 5, 21][0, 19, 12, 8, 26][4, 24, 3, 9][7, 20, 24][7, 27][7, 28][6, 10][17, 19][1, 23] 
[10, 29, 2, 15, 27, 16][18, 13, 6, 5, 21][3, 1, 23, 14, 11][0, 19, 12, 8, 26][4, 24, 3, 9][17, 22, 25, 28][7, 20, 24][6, 10][7, 27][7, 28][17, 19][1, 23] 
[10, 29, 2, 15, 27][18, 13, 6, 5, 21][0, 19, 12, 8, 26][16, 7, 20, 24][4, 24, 3, 9][1, 23, 14, 11][17, 22, 25, 28][16, 28][7, 27][6, 10][1, 3][17, 19] 
[10, 29, 2, 15, 27][18, 13, 6, 5, 21][0, 19, 12, 8, 26][17, 22, 25, 28][16, 7, 20, 24][4, 24, 3, 9][1, 23, 14, 11][16, 28][7, 27][6, 10][1, 3][17, 19] 
[0, 19, 12, 8, 26][10, 29, 2, 15, 27][18, 13, 6, 5, 21][17, 22, 25, 28][16, 7, 20, 24][4, 24, 3, 9][1, 23, 14, 11][16, 28][17, 19][7, 27][1, 3][6, 10] 
[0, 19, 12, 8, 26][10, 29, 2, 15, 27][18, 13, 6, 5, 21][17, 22, 25, 28][16, 7, 20, 24][4, 24, 3, 9][1, 23, 14, 11][16, 28][17, 19][7, 27][6, 10][1, 3] 
[18, 13, 6, 5, 21][10, 29, 2, 15, 27][0, 19, 12, 8, 26][16, 7, 20, 24][4, 24, 3, 9][17, 22, 25, 28][1, 23, 14, 11][6, 10][7, 27][16, 28][17, 19][1, 3] 
[16, 28, 25, 22, 17][0, 19, 12, 8, 26][10, 29, 2, 15, 27][18, 13, 6, 5, 21][4, 24, 3, 9][1, 23, 14, 11][7, 20, 24][17, 19][7, 28][1, 3][7, 27][6, 10] 
[0, 19, 12, 8, 26][10, 29, 2, 15, 27][18, 13, 6, 5, 21][17, 22, 25, 28][16, 7, 20, 24][4, 24, 3, 9][1, 23, 14, 11][16, 28][17, 19][7, 27][6, 10][1, 3] 
