[0, 17, 28, 7, 10, 21][4, 24, 23, 1, 3, 9][5, 6, 2, 27, 16][25, 22, 19, 8, 26][2, 29, 15][14, 20, 24][12, 18, 13][6, 10][7, 20][11, 14][11, 25][12, 19] 
[0, 17, 28, 7, 10, 21][4, 24, 23, 1, 3, 9][5, 6, 2, 27, 16][25, 22, 19, 8, 26][14, 20, 24][15, 2, 29][12, 18, 13][7, 20][6, 10][11, 14][11, 25][12, 19] 
[11, 25, 22, 19, 8, 26][0, 17, 28, 7, 10, 21][9, 3, 1, 23, 24][5, 6, 2, 27, 16][12, 18, 13][14, 20, 24][15, 2, 29][12, 19][11, 14][7, 20][6, 10][4, 24] 
[11, 25, 22, 19, 8, 26][0, 17, 28, 7, 10, 21][9, 3, 1, 23, 24][5, 6, 2, 27, 16][14, 20, 24][12, 18, 13][15, 2, 29][4, 24][11, 14][7, 20][12, 19][6, 10] 
[9, 3, 1, 23, 24, 20][0, 17, 28, 7, 10, 21][5, 6, 2, 27, 16][22, 19, 8, 26][4, 14, 11, 25][12, 18, 13][15, 2, 29][12, 19][22, 25][4, 24][6, 13][6, 10] 
[9, 3, 1, 23, 24, 20][0, 17, 28, 7, 10, 21][5, 6, 2, 27, 16][22, 19, 8, 26][4, 14, 11, 25][12, 18, 13][15, 2, 29][6, 13][12, 19][22, 25][4, 24][7, 20] 
[9, 3, 1, 23, 24, 20][0, 17, 28, 7, 10, 21][5, 6, 2, 27, 16][22, 19, 8, 26][4, 14, 11, 25][12, 18, 13][15, 2, 29][6, 13][12, 19][22, 25][4, 24][7, 20] 
[9, 3, 1, 23, 24, 20][0, 17, 28, 7, 10, 21][5, 6, 2, 27, 16][22, 19, 8, 26][4, 14, 11, 25][12, 18, 13][15, 2, 29][12, 19][22, 25][4, 24][6, 13][6, 10] 
[9, 3, 1, 23, 24, 20][0, 17, 28, 7, 10, 21][5, 6, 2, 27, 16][22, 19, 8, 26][4, 14, 11, 25][12, 18, 13][15, 2, 29][12, 19][22, 25][4, 24][6, 13][6, 10] 
[9, 3, 1, 23, 24, 20][0, 17, 28, 7, 10, 21][5, 6, 2, 27, 16][4, 14, 11, 25][22, 19, 8, 26][12, 18, 13][15, 2, 29][4, 24][22, 25][12, 19][6, 13][6, 10] 
[0, 17, 28, 7, 10, 21][4, 24, 23, 1, 3, 9][5, 6, 2, 27, 16][25, 22, 19, 8, 26][2, 29, 15][14, 20, 24][12, 18, 13][6, 10][7, 20][11, 14][11, 25][12, 19] 
[4, 24, 23, 1, 3, 9][0, 17, 28, 7, 10, 21][25, 22, 19, 8, 26][5, 6, 2, 27, 16][12, 18, 13][14, 20, 24][15, 2, 29][12, 19][11, 25][11, 14][7, 20][6, 10] 
[0, 17, 28, 7, 10, 21][4, 24, 23, 1, 3, 9][11, 25, 22, 19, 8, 26][5, 6, 2, 27, 16][14, 20, 24][12, 18, 13][7, 20][6, 10][2, 15][11, 14][12, 19][2, 29] 
[9, 3, 1, 23, 24, 20][0, 17, 28, 7, 10, 21][5, 6, 2, 27, 16][22, 19, 8, 26][4, 14, 11, 25][15, 2, 29][12, 18, 13][6, 13][12, 19][22, 25][4, 24][6, 10] 
[9, 3, 1, 23, 24, 20][0, 17, 28, 7, 10, 21][5, 6, 2, 27, 16][22, 19, 8, 26][4, 14, 11, 25][12, 18, 13][15, 2, 29][6, 13][12, 19][22, 25][4, 24][7, 20] 
[9, 3, 1, 23, 24, 20][0, 17, 28, 7, 10, 21][5, 6, 2, 27, 16][22, 19, 8, 26][4, 14, 11, 25][12, 18, 13][15, 2, 29][12, 19][22, 25][4, 24][6, 13][6, 10] 
[4, 24, 23, 1, 3, 9][0, 17, 28, 7, 10, 21][25, 22, 19, 8, 26][5, 6, 2, 27, 16][12, 18, 13][14, 20, 24][2, 29, 15][12, 19][11, 25][11, 14][7, 20][6, 10] 
[0, 17, 28, 7, 10, 21][4, 24, 23, 1, 3, 9][11, 25, 22, 19, 8, 26][5, 6, 2, 27][15, 2, 29][14, 20, 24][12, 18, 13][6, 10][7, 20][11, 14][12, 19][16, 27] 
[9, 3, 1, 23, 24, 20][0, 17, 28, 7, 10, 21][5, 6, 2, 27, 16][22, 19, 8, 26][4, 14, 11, 25][15, 2, 29][12, 18, 13][6, 13][12, 19][22, 25][4, 24][6, 10] 
[0, 17, 28, 7, 10, 21][4, 24, 23, 1, 3, 9][5, 6, 2, 27, 16][25, 22, 19, 8, 26][2, 29, 15][14, 20, 24][12, 18, 13][6, 10][7, 20][11, 14][11, 25][12, 19] 
[0, 17, 28, 7, 10, 21][4, 24, 23, 1, 3, 9][5, 6, 2, 27, 16][25, 22, 19, 8, 26][2, 29, 15][14, 20, 24][12, 18, 13][6, 10][7, 20][11, 14][11, 25][12, 19] 
[4, 24, 23, 1, 3, 9][0, 17, 28, 7, 10, 21][25, 22, 19, 8, 26][5, 6, 2, 27, 16][12, 18, 13][14, 20, 24][15, 2, 29][12, 19][11, 25][11, 14][7, 20][6, 10] 
[11, 25, 22, 19, 8, 26][0, 17, 28, 7, 10, 21][9, 3, 1, 23, 24][5, 6, 2, 27, 16][12, 18, 13][14, 20, 24][15, 2, 29][12, 19][11, 14][7, 20][6, 10][4, 24] 
[9, 3, 1, 23, 24, 20][0, 17, 28, 7, 10, 21][5, 6, 2, 27, 16][22, 19, 8, 26][4, 14, 11, 25][12, 18, 13][15, 2, 29][12, 19][22, 25][4, 24][6, 13][6, 10] 
[9, 3, 1, 23, 24, 20][0, 17, 28, 7, 10, 21][5, 6, 2, 27, 16][22, 19, 8, 26][4, 14, 11, 25][12, 18, 13][15, 2, 29][6, 13][12, 19][22, 25][4, 24][7, 20] 
[0, 17, 28, 7, 10, 21][9, 3, 1, 23, 24, 20][5, 6, 2, 27, 16][22, 19, 8, 26][4, 14, 11, 25][15, 2, 29][12, 18, 13][6, 10][6, 13][12, 19][22, 25][4, 24] 
[0, 17, 28, 7, 10, 21][4, 24, 23, 1, 3, 9][5, 6, 2, 27, 16][25, 22, 19, 8, 26][2, 29, 15][14, 20, 24][12, 18, 13][6, 10][7, 20][11, 14][11, 25][12, 19] 
[0, 17, 28, 7, 10, 21][4, 24, 23, 1, 3, 9][5, 6, 2, 27, 16][25, 22, 19, 8, 26][15, 2, 29][14, 20, 24][12, 18, 13][6, 10][7, 20][11, 14][11, 25][12, 19] 
[9, 3, 1, 23, 24, 20][0, 17, 28, 7, 10, 21][5, 6, 2, 27, 16][22, 19, 8, 26][4, 14, 11, 25][12, 18, 13][15, 2, 29][12, 19][22, 25][4, 24][6, 13][6, 10] 
[4, 24, 23, 1, 3, 9][0, 17, 28, 7, 10, 21][25, 22, 19, 8, 26][5, 6, 2, 27, 16][12, 18, 13][14, 20, 24][2, 29, 15][11, 25][12, 19][11, 14][7, 20][6, 10] 
[0, 17, 28, 7, 10, 21][4, 24, 23, 1, 3, 9][5, 6, 2, 27, 16][25, 22, 19, 8, 26][2, 29, 15][14, 20, 24][12, 18, 13][6, 10][7, 20][11, 14][11, 25][12, 19] 
[4, 24, 23, 1, 3, 9][0, 17, 28, 7, 10, 21][25, 22, 19, 8, 26][5, 6, 2, 27, 16][12, 18, 13][14, 20, 24][15, 2, 29][12, 19][11, 25][11, 14][7, 20][6, 10] 
[9, 3, 1, 23, 24, 20][0, 17, 28, 7, 10, 21][5, 6, 2, 27, 16][4, 14, 11, 25][22, 19, 8, 26][12, 18, 13][15, 2, 29][4, 24][22, 25][12, 19][6, 13][6, 10] 
[0, 17, 28, 7, 10, 21][4, 24, 23, 1, 3, 9][5, 6, 2, 27, 16][25, 22, 19, 8, 26][2, 29, 15][14, 20, 24][12, 18, 13][6, 10][7, 20][11, 14][11, 25][12, 19] 
[0, 17, 28, 7, 10, 21][4, 24, 23, 1, 3, 9][5, 6, 2, 27, 16][25, 22, 19, 8, 26][2, 29, 15][14, 20, 24][12, 18, 13][6, 10][7, 20][11, 14][11, 25][12, 19] 
[24, 23, 4, 1, 9, 14, 20, 7, 25, 22, 12, 0, 19, 8, 26][17, 12, 8, 19, 22, 25, 0, 28, 16, 7, 27, 2, 29][18, 13, 6, 5, 21, 15, 10, 27][3, 11, 17][6, 13][1, 4][6, 13][4, 23][0, 25][1, 4][4, 23][1, 4] 
[24, 23, 4, 1, 9, 14, 20, 7, 25, 22, 12, 0, 19, 8, 26][17, 12, 8, 19, 22, 25, 0, 28, 16, 7, 27, 2, 29][18, 13, 6, 5, 21, 15, 10, 27][3, 11, 17][6, 13][1, 4][6, 13][4, 23][0, 25][1, 4][4, 23][1, 4] 
[24, 23, 4, 1, 9, 14, 20, 7, 25, 22, 12, 0, 19, 8, 26][17, 12, 8, 19, 22, 25, 0, 28, 16, 7, 27, 2, 29][18, 13, 6, 5, 21, 15, 10, 27][3, 11, 17][6, 13][1, 4][6, 13][4, 23][0, 25][1, 4][4, 23][1, 4] 
[24, 23, 4, 1, 9, 14, 20, 7, 25, 22, 12, 0, 19, 8, 26][17, 12, 8, 19, 22, 25, 0, 28, 16, 7, 27, 2, 29][10, 15, 21, 5, 6, 13, 18][3, 11, 17][4, 23][10, 27][1, 4][4, 23][1, 4][15, 21][15, 21][1, 4] 
[24, 23, 4, 1, 9, 14, 20, 7, 25, 22, 12, 0, 19, 8, 26][17, 12, 8, 19, 22, 25, 0, 28, 16, 7, 27, 2, 29][10, 15, 21, 5, 6, 13, 18][3, 11, 17][4, 23][10, 27][1, 4][4, 23][1, 4][15, 21][15, 21][1, 4] 
[24, 23, 4, 1, 9, 14, 20, 7, 25, 22, 12, 0, 19, 8, 26][2, 27, 7, 16, 28, 0, 25, 22, 19, 8, 12, 17][10, 15, 21, 5, 6, 13, 18][3, 11, 17][2, 29][15, 21][1, 4][10, 27][1, 4][4, 23][0, 25][1, 4] 
[24, 23, 4, 1, 9, 14, 20, 7, 25, 22, 12, 0, 19, 8, 26][17, 12, 8, 19, 22, 25, 0, 28, 16, 7, 27, 2, 29][18, 13, 6, 5, 21, 15, 10, 27][3, 11, 17][6, 13][1, 4][6, 13][4, 23][0, 25][1, 4][4, 23][1, 4] 
[24, 23, 4, 1, 9, 14, 20, 7, 25, 22, 12, 0, 19, 8, 26][17, 12, 8, 19, 22, 25, 0, 28, 16, 7, 27, 2, 29][18, 13, 6, 5, 21, 15, 10, 27][3, 11, 17][6, 13][1, 4][6, 13][4, 23][0, 25][1, 4][4, 23][1, 4] 
[24, 23, 4, 1, 9, 14, 20, 7, 25, 22, 12, 0, 19, 8, 26][17, 12, 8, 19, 22, 25, 0, 28, 16, 7, 27, 2, 29][10, 15, 21, 5, 6, 13, 18][3, 11, 17][4, 23][10, 27][1, 4][4, 23][1, 4][15, 21][15, 21][1, 4] 
[24, 23, 4, 1, 9, 14, 20, 7, 25, 22, 12, 0, 19, 8, 26][17, 12, 8, 19, 22, 25, 0, 28, 16, 7, 27, 2, 29][18, 13, 6, 5, 21, 15, 10, 27][3, 11, 17][4, 23][4, 23][1, 4][4, 23][1, 4][1, 4][0, 25][0, 25] 
[24, 23, 4, 1, 9, 14, 20, 7, 25, 22, 12, 0, 19, 8, 26][17, 12, 8, 19, 22, 25, 0, 28, 16, 7, 27, 2, 29][18, 13, 6, 5, 21, 15, 10, 27][3, 11, 17][6, 13][1, 4][6, 13][4, 23][0, 25][1, 4][4, 23][1, 4] 
[24, 23, 4, 1, 9, 14, 20, 7, 25, 22, 12, 0, 19, 8, 26][17, 12, 8, 19, 22, 25, 0, 28, 16, 7, 27, 2, 29][18, 13, 6, 5, 21, 15, 10, 27][3, 11, 17][6, 13][1, 4][6, 13][4, 23][0, 25][1, 4][4, 23][1, 4] 
[24, 23, 4, 1, 9, 14, 20, 7, 25, 22, 12, 0, 19, 8, 26][17, 12, 8, 19, 22, 25, 0, 28, 16, 7, 27, 2, 29][10, 15, 21, 5, 6, 13, 18][3, 11, 17][4, 23][10, 27][1, 4][4, 23][1, 4][15, 21][15, 21][1, 4] 
[24, 23, 4, 1, 9, 14, 20, 7, 25, 22, 12, 0, 19, 8, 26][17, 12, 8, 19, 22, 25, 0, 28, 16, 7, 27, 2, 29][18, 13, 6, 5, 21, 15, 10, 27][3, 11, 17][6, 13][1, 4][6, 13][4, 23][0, 25][1, 4][4, 23][1, 4] 
[24, 23, 4, 1, 9, 14, 20, 7, 25, 22, 12, 0, 19, 8, 26][17, 12, 8, 19, 22, 25, 0, 28, 16, 7, 27, 2, 29][18, 13, 6, 5, 21, 15, 10, 27][3, 11, 17][6, 13][1, 4][6, 13][4, 23][0, 25][1, 4][4, 23][1, 4] 
[24, 23, 4, 1, 9, 14, 20, 7, 25, 22, 12, 0, 19, 8, 26][17, 12, 8, 19, 22, 25, 0, 28, 16, 7, 27, 2, 29][18, 13, 6, 5, 21, 15, 10, 27][3, 11, 17][6, 13][1, 4][6, 13][4, 23][0, 25][1, 4][4, 23][1, 4] 
[24, 23, 4, 1, 9, 14, 20, 7, 25, 22, 12, 0, 19, 8, 26][17, 12, 8, 19, 22, 25, 0, 28, 16, 7, 27, 2, 29][18, 13, 6, 5, 21, 15, 10, 27][3, 11, 17][6, 13][1, 4][6, 13][4, 23][0, 25][1, 4][4, 23][1, 4] 
[24, 23, 4, 1, 9, 14, 20, 7, 25, 22, 12, 0, 19, 8, 26][2, 27, 7, 16, 28, 0, 25, 22, 19, 8, 12, 17][18, 13, 6, 5, 21, 15, 10, 27][3, 11, 17][1, 4][1, 4][6, 13][15, 21][4, 23][0, 25][2, 29][4, 23] 
[24, 23, 4, 1, 9, 14, 20, 7, 25, 22, 12, 0, 19, 8, 26][17, 12, 8, 19, 22, 25, 0, 28, 16, 7, 27, 2, 29][18, 13, 6, 5, 21, 15, 10, 27][3, 11, 17][6, 13][1, 4][6, 13][4, 23][0, 25][1, 4][4, 23][1, 4] 
[24, 23, 4, 1, 9, 14, 20, 7, 25, 22, 12, 0, 19, 8, 26][17, 12, 8, 19, 22, 25, 0, 28, 16, 7, 27, 2, 29][18, 13, 6, 5, 21, 15, 10, 27][3, 11, 17][6, 13][1, 4][6, 13][4, 23][0, 25][1, 4][4, 23][1, 4] 
[24, 23, 4, 1, 9, 14, 20, 7, 25, 22, 12, 0, 19, 8, 26][17, 12, 8, 19, 22, 25, 0, 28, 16, 7, 27, 2, 29][18, 13, 6, 5, 21, 15, 10, 27][3, 11, 17][6, 13][1, 4][6, 13][4, 23][0, 25][1, 4][4, 23][1, 4] 
[0, 17, 28, 7, 10, 21][25, 22, 19, 8, 26][9, 3, 1, 23, 24][5, 6, 2, 27, 16][12, 18, 13][4, 14, 11][14, 20, 24][15, 2, 29][12, 19][11, 25][7, 20][6, 10] 
[0, 17, 28, 7, 10, 21][25, 22, 19, 8, 26][9, 3, 1, 23, 24][5, 6, 2, 27, 16][14, 20, 24][12, 18, 13][15, 2, 29][4, 14, 11][11, 25][12, 19][7, 20][6, 10] 
[0, 17, 28, 7, 10, 21][25, 22, 19, 8, 26][9, 3, 1, 23, 24][5, 6, 2, 27, 16][14, 20, 24][12, 18, 13][15, 2, 29][4, 14, 11][11, 25][12, 19][7, 20][6, 10] 
[0, 17, 28, 7, 10, 21][25, 22, 19, 8, 26][9, 3, 1, 23, 24][5, 6, 2, 27, 16][12, 18, 13][4, 14, 11][14, 20, 24][15, 2, 29][12, 19][11, 25][7, 20][6, 10] 
[0, 17, 28, 7, 10, 21][25, 22, 19, 8, 26][9, 3, 1, 23, 24][5, 6, 2, 27, 16][14, 20, 24][12, 18, 13][15, 2, 29][4, 14, 11][11, 25][12, 19][7, 20][6, 10] 
[0, 17, 28, 7, 10, 21][25, 22, 19, 8, 26][9, 3, 1, 23, 24][5, 6, 2, 27, 16][12, 18, 13][4, 14, 11][14, 20, 24][15, 2, 29][12, 19][11, 25][7, 20][6, 10] 
[0, 17, 28, 7, 10, 21][5, 6, 2, 27, 16][9, 3, 1, 23, 24][25, 22, 19, 8, 26][15, 2, 29][14, 20, 24][4, 14, 11][12, 18, 13][6, 10][7, 20][11, 25][12, 19] 
[0, 17, 28, 7, 10, 21][25, 22, 19, 8, 26][9, 3, 1, 23, 24][5, 6, 2, 27, 16][14, 20, 24][12, 18, 13][15, 2, 29][4, 14, 11][11, 25][12, 19][7, 20][6, 10] 
[0, 17, 28, 7, 10, 21][9, 3, 1, 23, 24][25, 22, 19, 8, 26][5, 6, 2, 27, 16][14, 20, 24][4, 14, 11][12, 18, 13][15, 2, 29][11, 25][12, 19][7, 20][6, 10] 
[0, 17, 28, 7, 10, 21][9, 3, 1, 23, 24][25, 22, 19, 8, 26][5, 6, 2, 27, 16][14, 20, 24][4, 14, 11][12, 18, 13][15, 2, 29][11, 25][12, 19][7, 20][6, 10] 
[0, 17, 28, 7, 10, 21][5, 6, 2, 27, 16][9, 3, 1, 23, 24][25, 22, 19, 8, 26][15, 2, 29][14, 20, 24][4, 14, 11][12, 18, 13][6, 10][7, 20][11, 25][12, 19] 
[0, 17, 28, 7, 10, 21][25, 22, 19, 8, 26][9, 3, 1, 23, 24][5, 6, 2, 27, 16][14, 20, 24][12, 18, 13][15, 2, 29][4, 14, 11][11, 25][12, 19][7, 20][6, 10] 
[0, 17, 28, 7, 10, 21][25, 22, 19, 8, 26][9, 3, 1, 23, 24][5, 6, 2, 27, 16][12, 18, 13][4, 14, 11][14, 20, 24][15, 2, 29][12, 19][11, 25][7, 20][6, 10] 
[0, 17, 28, 7, 10, 21][25, 22, 19, 8, 26][9, 3, 1, 23, 24][5, 6, 2, 27, 16][14, 20, 24][12, 18, 13][15, 2, 29][4, 14, 11][11, 25][12, 19][7, 20][6, 10] 
[0, 17, 28, 7, 10, 21][25, 22, 19, 8, 26][9, 3, 1, 23, 24][5, 6, 2, 27, 16][14, 20, 24][12, 18, 13][15, 2, 29][4, 14, 11][11, 25][12, 19][7, 20][6, 10] 
[4, 24, 23, 1, 3, 9][0, 17, 28, 7, 10, 21][25, 22, 19, 8, 26][5, 6, 2, 27, 16][14, 20, 24][12, 18, 13][2, 29, 15][11, 14][11, 25][7, 20][12, 19][6, 10] 
[0, 17, 28, 7, 10, 21][4, 24, 23, 1, 3, 9][5, 6, 2, 27, 16][25, 22, 19, 8, 26][2, 29, 15][14, 20, 24][12, 18, 13][6, 10][7, 20][11, 14][11, 25][12, 19] 
[0, 17, 28, 7, 10, 21][4, 24, 23, 1, 3, 9][5, 6, 2, 27, 16][25, 22, 19, 8, 26][2, 29, 15][14, 20, 24][12, 18, 13][6, 10][7, 20][11, 14][11, 25][12, 19] 
[4, 24, 23, 1, 3, 9][0, 17, 28, 7, 10, 21][25, 22, 19, 8, 26][5, 6, 2, 27, 16][12, 18, 13][14, 20, 24][2, 29, 15][12, 19][11, 25][11, 14][7, 20][6, 10] 
[4, 24, 23, 1, 3, 9][0, 17, 28, 7, 10, 21][25, 22, 19, 8, 26][5, 6, 2, 27, 16][14, 20, 24][2, 29, 15][12, 18, 13][11, 25][11, 14][7, 20][6, 10][12, 19] 
[0, 17, 28, 7, 10, 21][4, 24, 23, 1, 3, 9][11, 25, 22, 19, 8, 26][5, 6, 2, 27, 16][14, 20, 24][12, 18, 13][6, 10][7, 20][11, 14][2, 29][12, 19][15, 29] 
[0, 17, 28, 7, 10, 21][25, 22, 19, 8, 26][9, 3, 1, 23, 24][5, 6, 2, 27, 16][12, 18, 13][4, 14, 11][14, 20, 24][15, 2, 29][12, 19][11, 25][7, 20][6, 10] 
[0, 17, 28, 7, 10, 21][25, 22, 19, 8, 26][9, 3, 1, 23, 24][5, 6, 2, 27, 16][14, 20, 24][12, 18, 13][15, 2, 29][4, 14, 11][11, 25][12, 19][7, 20][6, 10] 
[0, 17, 28, 7, 10, 21][25, 22, 19, 8, 26][9, 3, 1, 23, 24][5, 6, 2, 27, 16][14, 20, 24][12, 18, 13][15, 2, 29][4, 14, 11][11, 25][12, 19][7, 20][6, 10] 
[0, 17, 28, 7, 10, 21][25, 22, 19, 8, 26][9, 3, 1, 23, 24][5, 6, 2, 27, 16][12, 18, 13][4, 14, 11][14, 20, 24][15, 2, 29][12, 19][11, 25][7, 20][6, 10] 
[0, 17, 28, 7, 10, 21][5, 6, 2, 27, 16][9, 3, 1, 23, 24][25, 22, 19, 8, 26][15, 2, 29][14, 20, 24][4, 14, 11][12, 18, 13][6, 10][7, 20][11, 25][12, 19] 
[4, 24, 23, 1, 3, 9][0, 17, 28, 7, 10, 21][25, 22, 19, 8, 26][5, 6, 2, 27, 16][12, 18, 13][14, 20, 24][15, 2, 29][12, 19][11, 25][11, 14][7, 20][6, 10] 
[0, 17, 28, 7, 10, 21][25, 22, 19, 8, 26][9, 3, 1, 23, 24][5, 6, 2, 27, 16][14, 20, 24][12, 18, 13][15, 2, 29][4, 14, 11][11, 25][12, 19][7, 20][6, 10] 
[0, 17, 28, 7, 10, 21][4, 24, 23, 1, 3, 9][5, 6, 2, 27, 16][25, 22, 19, 8, 26][2, 29, 15][14, 20, 24][12, 18, 13][6, 10][7, 20][11, 14][11, 25][12, 19] 
[4, 24, 23, 1, 3, 9][0, 17, 28, 7, 10, 21][25, 22, 19, 8, 26][5, 6, 2, 27, 16][12, 18, 13][14, 20, 24][2, 29, 15][12, 19][11, 25][11, 14][7, 20][6, 10] 
[4, 24, 23, 1, 3, 9][0, 17, 28, 7, 10, 21][25, 22, 19, 8, 26][5, 6, 2, 27, 16][12, 18, 13][14, 20, 24][2, 29, 15][12, 19][11, 25][11, 14][7, 20][6, 10] 
[0, 17, 28, 7, 10, 21][4, 24, 23, 1, 3, 9][5, 6, 2, 27, 16][25, 22, 19, 8, 26][2, 29, 15][14, 20, 24][12, 18, 13][6, 10][7, 20][11, 14][11, 25][12, 19] 
[4, 24, 23, 1, 3, 9][0, 17, 28, 7, 10, 21][25, 22, 19, 8, 26][5, 6, 2, 27, 16][12, 18, 13][14, 20, 24][2, 29, 15][12, 19][11, 25][11, 14][7, 20][6, 10] 
[4, 24, 23, 1, 3, 9][0, 17, 28, 7, 10, 21][25, 22, 19, 8, 26][5, 6, 2, 27, 16][14, 20, 24][12, 18, 13][2, 29, 15][11, 14][11, 25][12, 19][7, 20][6, 10] 
[0, 17, 28, 7, 10, 21][4, 24, 23, 1, 3, 9][5, 6, 2, 27, 16][25, 22, 19, 8, 26][2, 29, 15][14, 20, 24][12, 18, 13][6, 10][7, 20][11, 14][11, 25][12, 19] 
[0, 17, 28, 7, 10, 21][4, 24, 23, 1, 3, 9][5, 6, 2, 27, 16][25, 22, 19, 8, 26][2, 29, 15][14, 20, 24][12, 18, 13][6, 10][7, 20][11, 14][11, 25][12, 19] 
[0, 17, 28, 7, 10, 21][4, 24, 23, 1, 3, 9][5, 6, 2, 27, 16][25, 22, 19, 8, 26][2, 29, 15][14, 20, 24][12, 18, 13][6, 10][7, 20][11, 14][11, 25][12, 19] 
[0, 17, 28, 7, 10, 21][4, 24, 23, 1, 3, 9][5, 6, 2, 27, 16][25, 22, 19, 8, 26][2, 29, 15][14, 20, 24][12, 18, 13][6, 10][7, 20][11, 14][11, 25][12, 19] 
[0, 17, 28, 7, 10, 21][4, 24, 23, 1, 3, 9][5, 6, 2, 27, 16][25, 22, 19, 8, 26][2, 29, 15][14, 20, 24][12, 18, 13][6, 10][7, 20][11, 14][11, 25][12, 19] 
[0, 17, 28, 7, 10, 21][4, 24, 23, 1, 3, 9][5, 6, 2, 27, 16][25, 22, 19, 8, 26][2, 29, 15][14, 20, 24][12, 18, 13][6, 10][7, 20][11, 14][11, 25][12, 19] 
[4, 24, 23, 1, 3, 9][0, 17, 28, 7, 10, 21][25, 22, 19, 8, 26][5, 6, 2, 27, 16][14, 20, 24][12, 18, 13][2, 29, 15][11, 14][11, 25][12, 19][7, 20][6, 10] 
[4, 24, 23, 1, 3, 9][0, 17, 28, 7, 10, 21][25, 22, 19, 8, 26][5, 6, 2, 27, 16][12, 18, 13][14, 20, 24][2, 29, 15][11, 25][12, 19][11, 14][7, 20][6, 10] 
[0, 17, 28, 7, 10, 21][4, 24, 23, 1, 3, 9][5, 6, 2, 27, 16][25, 22, 19, 8, 26][2, 29, 15][14, 20, 24][12, 18, 13][6, 10][7, 20][11, 14][11, 25][12, 19] 
[0, 17, 28, 7, 10, 21][4, 24, 23, 1, 3, 9][11, 25, 22, 19, 8, 26][5, 6, 2, 27, 16][14, 20, 24][2, 29, 15][12, 18, 13][7, 10][7, 20][6, 10][6, 13][11, 14] 
[0, 17, 28, 7, 10, 21][4, 24, 23, 1, 3, 9][11, 25, 22, 19, 8, 26][5, 6, 2, 27, 16][14, 20, 24][2, 29, 15][12, 18, 13][7, 10][7, 20][6, 10][6, 13][11, 14] 
[0, 17, 28, 7, 10, 21][4, 24, 23, 1, 3, 9][11, 25, 22, 19, 8, 26][5, 6, 2, 27, 16][14, 20, 24][2, 29, 15][12, 18, 13][7, 10][7, 20][6, 10][6, 13][11, 14] 
[0, 17, 28, 7, 10, 21][4, 24, 23, 1, 3, 9][11, 25, 22, 19, 8, 26][5, 6, 2, 27, 16][14, 20, 24][2, 29, 15][12, 18, 13][7, 10][7, 20][6, 10][6, 13][11, 14] 
[0, 17, 28, 7, 10, 21][4, 24, 23, 1, 3, 9][11, 25, 22, 19, 8, 26][5, 6, 2, 27, 16][14, 20, 24][2, 29, 15][12, 18, 13][7, 10][7, 20][6, 10][6, 13][11, 14] 
[0, 17, 28, 7, 10, 21][4, 24, 23, 1, 3, 9][11, 25, 22, 19, 8, 26][5, 6, 2, 27, 16, 15][14, 20, 24][12, 18, 13][7, 10][7, 20][11, 14][6, 10][2, 29][6, 13] 
[0, 17, 28, 7, 10, 21][4, 24, 23, 1, 3, 9][5, 6, 2, 27, 16][25, 22, 19, 8, 26][15, 2, 29][14, 20, 24][12, 18, 13][6, 10][7, 20][11, 14][11, 25][12, 19] 
[4, 24, 23, 1, 3, 9][0, 17, 28, 7, 10, 21][25, 22, 19, 8, 26][5, 6, 2, 27, 16][12, 18, 13][14, 20, 24][15, 2, 29][12, 19][11, 25][11, 14][7, 20][6, 10] 
[4, 24, 23, 1, 3, 9][0, 17, 28, 7, 10, 21][25, 22, 19, 8, 26][5, 6, 2, 27, 16][12, 18, 13][14, 20, 24][15, 2, 29][12, 19][11, 25][11, 14][7, 20][6, 10] 
[0, 17, 28, 7, 10, 21][4, 24, 23, 1, 3, 9][5, 6, 2, 27, 16][25, 22, 19, 8, 26][15, 2, 29][14, 20, 24][12, 18, 13][6, 10][7, 20][11, 14][11, 25][12, 19] 
[4, 24, 23, 1, 3, 9][0, 17, 28, 7, 10, 21][25, 22, 19, 8, 26][5, 6, 2, 27, 16][12, 18, 13][14, 20, 24][15, 2, 29][12, 19][11, 25][11, 14][7, 20][6, 10] 
[4, 24, 23, 1, 3, 9][0, 17, 28, 7, 10, 21][25, 22, 19, 8, 26][5, 6, 2, 27, 16][14, 20, 24][2, 29, 15][12, 18, 13][11, 25][11, 14][7, 20][6, 10][12, 19] 
[0, 17, 28, 7, 10, 21][9, 3, 1, 23, 24, 20][5, 6, 2, 27, 16][22, 19, 8, 26][4, 14, 11, 25][15, 2, 29][12, 18, 13][6, 13][12, 19][6, 10][22, 25][4, 24] 
