[13, 0, 26, 8, 19, 12, 18][3, 23, 9, 1, 4, 24][14, 20, 7, 16][11, 17, 28, 25][6, 10, 27, 29][2, 15, 21, 5][14, 24][7, 25][22, 25][16, 27][2, 29][19, 22] 
[13, 0, 26, 8, 19, 12, 18][3, 23, 9, 1, 4, 24][11, 17, 28, 25][14, 20, 7, 16][6, 10, 27, 29][2, 15, 21, 5][7, 25][22, 25][19, 22][16, 27][14, 24][2, 29] 
[13, 0, 26, 8, 19, 12, 18][3, 23, 9, 1, 4, 24][11, 17, 28, 25][14, 20, 7, 16][6, 10, 27, 29][2, 15, 21, 5][19, 22][22, 25][7, 25][14, 24][16, 27][2, 29] 
[13, 0, 26, 8, 19, 12, 18][3, 23, 9, 1, 4, 24][11, 17, 28, 25][6, 10, 27, 29][2, 15, 21, 5][7, 16, 27][7, 20, 14][7, 25][2, 29][22, 25][19, 22][14, 24] 
[13, 0, 26, 8, 19, 12, 18][3, 23, 9, 1, 4, 24][2, 15, 21, 5][6, 10, 27, 29][14, 20, 7, 16][17, 22, 25][11, 17, 28][2, 29][16, 27][14, 24][7, 25][19, 22] 
[13, 0, 26, 8, 19, 12, 18][3, 23, 9, 1, 4, 24][6, 10, 27, 29][2, 15, 21, 5][14, 20, 7, 16][11, 17, 28][17, 22, 25][2, 29][16, 27][14, 24][7, 25][19, 22] 
[13, 0, 26, 8, 19, 12, 18][3, 23, 9, 1, 4, 24][14, 20, 7, 16][6, 10, 27, 29][2, 15, 21, 5][11, 17, 28][17, 22, 25][7, 25][14, 24][16, 27][2, 29][19, 22] 
[13, 0, 26, 8, 19, 12, 18][3, 23, 9, 1, 4, 24][14, 20, 7, 16][6, 10, 27, 29][2, 15, 21, 5][11, 17, 28][17, 22, 25][7, 25][14, 24][16, 27][2, 29][19, 22] 
[13, 0, 26, 8, 19, 12, 18][3, 23, 9, 1, 4, 24][14, 20, 7, 16][6, 10, 27, 29][2, 15, 21, 5][11, 17, 28][17, 22, 25][14, 24][7, 25][16, 27][2, 29][19, 22] 
[13, 0, 26, 8, 19, 12, 18][3, 23, 9, 1, 4, 24][14, 20, 7, 16][6, 10, 27, 29][2, 15, 21, 5][11, 17, 28][17, 22, 25][14, 24][7, 25][16, 27][2, 29][19, 22] 
[13, 0, 26, 8, 19, 12, 18][3, 23, 9, 1, 4, 24][6, 10, 27, 29][2, 15, 21, 5][14, 20, 7, 16][11, 17, 28, 25][2, 29][16, 27][14, 24][7, 25][22, 25][19, 22] 
[13, 0, 26, 8, 19, 12, 18][3, 23, 9, 1, 4, 24][6, 10, 27, 29][14, 20, 7, 16][2, 15, 21, 5][11, 17, 28, 25][16, 27][14, 24][2, 29][7, 25][22, 25][19, 22] 
[13, 0, 26, 8, 19, 12, 18][3, 23, 9, 1, 4, 24][6, 10, 27, 29][14, 20, 7, 16][11, 17, 28, 25][2, 15, 21, 5][16, 27][7, 25][22, 25][2, 29][14, 24][19, 22] 
[13, 0, 26, 8, 19, 12, 18][3, 23, 9, 1, 4, 24][14, 20, 7, 16][6, 10, 27, 29][2, 15, 21, 5][17, 22, 25][11, 17, 28][19, 22][7, 25][14, 24][16, 27][2, 29] 
[13, 0, 26, 8, 19, 12, 18][3, 23, 9, 1, 4, 24][14, 20, 7, 16][6, 10, 27, 29][2, 15, 21, 5][11, 17, 28][17, 22, 25][7, 25][14, 24][16, 27][2, 29][19, 22] 
[13, 0, 26, 8, 19, 12, 18][3, 23, 9, 1, 4, 24][14, 20, 7, 16][6, 10, 27, 29][2, 15, 21, 5][17, 22, 25][11, 17, 28][16, 27][2, 29][7, 25][19, 22][14, 24] 
[13, 0, 26, 8, 19, 12, 18][3, 23, 9, 1, 4, 24][6, 10, 27, 29][2, 15, 21, 5][14, 20, 7, 16][11, 17, 28, 25][2, 29][16, 27][14, 24][7, 25][22, 25][19, 22] 
[13, 0, 26, 8, 19, 12, 18][3, 23, 9, 1, 4, 24][11, 17, 28, 25][14, 20, 7, 16][6, 10, 27, 29][2, 15, 21, 5][19, 22][22, 25][7, 25][16, 27][2, 29][14, 24] 
[13, 0, 26, 8, 19, 12, 18][3, 23, 9, 1, 4, 24][14, 20, 7, 16][6, 10, 27, 29][2, 15, 21, 5][17, 22, 25][11, 17, 28][7, 25][14, 24][16, 27][2, 29][19, 22] 
[13, 0, 26, 8, 19, 12, 18][3, 23, 9, 1, 4, 24][14, 20, 7, 16][11, 17, 28, 25][6, 10, 27, 29][2, 15, 21, 5][7, 25][16, 27][14, 24][2, 29][22, 25][19, 22] 
[13, 0, 26, 8, 19, 12, 18][3, 23, 9, 1, 4, 24][6, 10, 27, 29][14, 20, 7, 16][2, 15, 21, 5][11, 17, 28, 25][16, 27][14, 24][2, 29][7, 25][22, 25][19, 22] 
[13, 0, 26, 8, 19, 12, 18][3, 23, 9, 1, 4, 24][14, 20, 7, 16][6, 10, 27, 29][11, 17, 28, 25][2, 15, 21, 5][16, 27][14, 24][7, 25][22, 25][2, 29][19, 22] 
[13, 0, 26, 8, 19, 12, 18][3, 23, 9, 1, 4, 24][6, 10, 27, 29][14, 20, 7, 16][11, 17, 28, 25][2, 15, 21, 5][16, 27][7, 25][22, 25][2, 29][14, 24][19, 22] 
[13, 0, 26, 8, 19, 12, 18][3, 23, 9, 1, 4, 24][14, 20, 7, 16][6, 10, 27, 29][2, 15, 21, 5][11, 17, 28][17, 22, 25][7, 25][14, 24][16, 27][2, 29][19, 22] 
[13, 0, 26, 8, 19, 12, 18][3, 23, 9, 1, 4, 24][14, 20, 7, 16][6, 10, 27, 29][2, 15, 21, 5][11, 17, 28][17, 22, 25][7, 25][14, 24][16, 27][2, 29][19, 22] 
[13, 0, 26, 8, 19, 12, 18][3, 23, 9, 1, 4, 24][14, 20, 7, 16][6, 10, 27, 29][2, 15, 21, 5][11, 17, 28][17, 22, 25][7, 25][14, 24][16, 27][2, 29][19, 22] 
[13, 0, 26, 8, 19, 12, 18][3, 23, 9, 1, 4, 24][2, 15, 21, 5][6, 10, 27, 29][14, 20, 7, 16][11, 17, 28, 25][2, 29][16, 27][14, 24][7, 25][22, 25][19, 22] 
[13, 0, 26, 8, 19, 12, 18][3, 23, 9, 1, 4, 24][6, 10, 27, 29][14, 20, 7, 16][2, 15, 21, 5][11, 17, 28, 25][16, 27][2, 29][7, 25][14, 24][22, 25][19, 22] 
[13, 0, 26, 8, 19, 12, 18][3, 23, 9, 1, 4, 24][14, 20, 7, 16][6, 10, 27, 29][2, 15, 21, 5][17, 22, 25][11, 17, 28][7, 25][14, 24][19, 22][16, 27][2, 29] 
[13, 0, 26, 8, 19, 12, 18][3, 23, 9, 1, 4, 24][6, 10, 27, 29][14, 20, 7, 16][11, 17, 28, 25][2, 15, 21, 5][16, 27][14, 24][7, 25][2, 29][22, 25][19, 22] 
[13, 0, 26, 8, 19, 12, 18][3, 23, 9, 1, 4, 24][14, 20, 7, 16][11, 17, 28, 25][6, 10, 27, 29][2, 15, 21, 5][14, 24][7, 25][22, 25][16, 27][2, 29][19, 22] 
[13, 0, 26, 8, 19, 12, 18][3, 23, 9, 1, 4, 24][6, 10, 27, 29][14, 20, 7, 16][2, 15, 21, 5][11, 17, 28, 25][16, 27][2, 29][7, 25][14, 24][22, 25][19, 22] 
[13, 0, 26, 8, 19, 12, 18][3, 23, 9, 1, 4, 24][14, 20, 7, 16][6, 10, 27, 29][2, 15, 21, 5][11, 17, 28][17, 22, 25][7, 25][14, 24][16, 27][2, 29][19, 22] 
[13, 0, 26, 8, 19, 12, 18][3, 23, 9, 1, 4, 24][14, 20, 7, 16][6, 10, 27, 29][2, 15, 21, 5][11, 17, 28, 25][14, 24][16, 27][2, 29][7, 25][22, 25][19, 22] 
[13, 0, 26, 8, 19, 12, 18][3, 23, 9, 1, 4, 24][6, 10, 27, 29][14, 20, 7, 16][2, 15, 21, 5][11, 17, 28, 25][16, 27][14, 24][2, 29][7, 25][22, 25][19, 22] 
[15, 27, 29, 10, 2, 21, 5, 6, 16, 28, 7, 25][1, 4, 3, 9, 23, 24, 14, 20, 7][13, 0, 26, 8, 19, 12, 18][3, 11, 17, 19][22, 25][14, 20][11, 17][11, 17][10, 29][10, 29][14, 24][27, 29] 
[15, 27, 29, 10, 2, 21, 5, 6, 16, 28, 7, 25][1, 4, 3, 9, 23, 24, 14, 20, 7][13, 0, 26, 8, 19, 12, 18][3, 11, 17, 19][22, 25][14, 20][11, 17][11, 17][10, 29][10, 29][14, 24][27, 29] 
[15, 27, 29, 10, 2, 21, 5, 6, 16, 28, 7, 25][1, 4, 3, 9, 23, 24, 14, 20, 7][13, 0, 26, 8, 19, 12, 18][3, 11, 17, 19][22, 25][14, 20][11, 17][11, 17][10, 29][10, 29][14, 24][27, 29] 
[12, 8, 26, 0, 19, 17, 11, 3, 23, 9, 1, 4, 24][15, 27, 29, 10, 2, 21, 5, 6, 16, 28, 7, 25][13, 18, 17][20, 14, 24][27, 29][7, 20][19, 22][27, 29][11, 17][27, 29][11, 17][27, 29] 
[12, 8, 26, 0, 19, 17, 11, 3, 23, 9, 1, 4, 24][15, 27, 29, 10, 2, 21, 5, 6, 16, 28, 7, 25][13, 18, 17][20, 14, 24][27, 29][7, 20][19, 22][27, 29][11, 17][27, 29][11, 17][27, 29] 
[12, 8, 26, 0, 19, 17, 11, 3, 23, 9, 1, 4, 24][15, 27, 29, 10, 2, 21, 5, 6, 16, 28, 7, 25][13, 18, 17][20, 14, 24][27, 29][7, 20][19, 22][27, 29][11, 17][27, 29][11, 17][27, 29] 
[12, 8, 26, 0, 19, 17, 11, 3, 23, 9, 1, 4, 24][15, 27, 29, 10, 2, 21, 5, 6, 16, 28, 7, 25][7, 20, 14, 24, 23][3, 11, 17, 19][13, 18, 17][15, 27][22, 25][11, 17][11, 17][27, 29][11, 17][11, 17] 
[12, 8, 26, 0, 19, 17, 11, 3, 23, 9, 1, 4, 24][15, 27, 29, 10, 2, 21, 5, 6, 16, 28, 7, 25][7, 20, 14, 24, 23][3, 11, 17, 19][13, 18, 17][15, 27][22, 25][11, 17][11, 17][27, 29][11, 17][11, 17] 
[12, 8, 26, 0, 19, 17, 11, 3, 23, 9, 1, 4, 24][15, 27, 29, 10, 2, 21, 5, 6, 16, 28, 7, 25][13, 18, 17][20, 14, 24][27, 29][7, 20][19, 22][27, 29][11, 17][27, 29][11, 17][27, 29] 
[15, 27, 29, 10, 2, 21, 5, 6, 16, 28, 7, 25][1, 4, 3, 9, 23, 24, 14, 20, 7][13, 0, 26, 8, 19, 12, 18][3, 11, 17, 19][22, 25][14, 20][11, 17][11, 17][10, 29][10, 29][14, 24][27, 29] 
[15, 27, 29, 10, 2, 21, 5, 6, 16, 28, 7, 25][1, 4, 3, 9, 23, 24, 14, 20, 7][13, 0, 26, 8, 19, 12, 18][3, 11, 17, 19][22, 25][14, 20][11, 17][11, 17][10, 29][10, 29][14, 24][27, 29] 
[15, 27, 29, 10, 2, 21, 5, 6, 16, 28, 7, 25][1, 4, 3, 9, 23, 24, 14, 20, 7][13, 0, 26, 8, 19, 12, 18][3, 11, 17, 19][22, 25][14, 20][11, 17][11, 17][10, 29][10, 29][14, 24][27, 29] 
[12, 8, 26, 0, 19, 17, 11, 3, 23, 9, 1, 4, 24][15, 27, 29, 10, 2, 21, 5, 6, 16, 28, 7, 25][13, 18, 17][20, 14, 24][27, 29][7, 20][19, 22][27, 29][11, 17][27, 29][11, 17][27, 29] 
[18, 12, 8, 26, 0, 19, 17, 11, 3, 23, 9, 1, 4, 24][15, 27, 29, 10, 2, 21, 5, 6, 16, 28, 7, 25][7, 20, 14, 24, 23][3, 11, 17, 19][13, 18, 17][15, 27][22, 25][11, 17][11, 17][27, 29][11, 17][11, 17] 
[15, 27, 29, 10, 2, 21, 5, 6, 16, 28, 7, 25][1, 4, 3, 9, 23, 24, 14, 20, 7][13, 0, 26, 8, 19, 12, 18][3, 11, 17, 19][22, 25][14, 20][11, 17][11, 17][10, 29][10, 29][14, 24][27, 29] 
[15, 27, 29, 10, 2, 21, 5, 6, 16, 28, 7, 25][1, 4, 3, 9, 23, 24, 14, 20, 7][3, 11, 17, 19, 0, 26, 8, 12][13, 18, 17][19, 22][27, 29][27, 29][14, 24][27, 29][14, 20][11, 17][11, 17] 
[15, 27, 29, 10, 2, 21, 5, 6, 16, 28, 7, 25][1, 4, 3, 9, 23, 24, 14, 20, 7, 28, 17, 11][13, 0, 26, 8, 19, 12, 18][3, 11, 17, 19][22, 25][14, 20][11, 17][11, 17][10, 29][10, 29][14, 24][27, 29] 
[4, 1, 9, 23, 3, 11, 17, 19, 0, 26, 8, 12][15, 27, 29, 10, 2, 21, 5, 6, 16, 28, 7, 25][7, 20, 14, 24, 23][3, 11, 17][13, 18, 17][15, 27][22, 25][11, 17][11, 17][27, 29][11, 17][11, 17] 
[15, 27, 29, 10, 2, 21, 5, 6, 16, 28, 7, 25][1, 4, 3, 9, 23, 24, 14, 20, 7][3, 11, 17, 19, 0, 26, 8, 12][13, 18, 17][19, 22][27, 29][27, 29][14, 24][27, 29][14, 20][11, 17][11, 17] 
[15, 27, 29, 10, 2, 21, 5, 6, 16, 28, 7, 25][1, 4, 3, 9, 23, 24, 14, 20, 7][3, 11, 17, 19, 0, 26, 8, 12][13, 18, 17][19, 22][27, 29][27, 29][14, 24][27, 29][14, 20][11, 17][11, 17] 
[15, 27, 29, 10, 2, 21, 5, 6, 16, 28, 7, 25][1, 4, 3, 9, 23, 24, 14, 20, 7][3, 11, 17, 19, 0, 26, 8, 12][13, 18, 17][19, 22][27, 29][27, 29][14, 24][27, 29][14, 20][11, 17][11, 17] 
[13, 0, 26, 8, 19, 12, 18][3, 23, 9, 1, 4, 24][14, 20, 7, 16][6, 10, 27, 29][2, 15, 21, 5][11, 17, 28][17, 22, 25][14, 24][7, 25][16, 27][2, 29][19, 22] 
[13, 0, 26, 8, 19, 12, 18][3, 23, 9, 1, 4, 24][6, 10, 27, 29][2, 15, 21, 5][14, 20, 7, 16][11, 17, 28][17, 22, 25][2, 29][16, 27][14, 24][7, 25][19, 22] 
[13, 0, 26, 8, 19, 12, 18][3, 23, 9, 1, 4, 24][14, 20, 7, 16][6, 10, 27, 29][2, 15, 21, 5][17, 22, 25][11, 17, 28][19, 22][7, 25][14, 24][16, 27][2, 29] 
[13, 0, 26, 8, 19, 12, 18][3, 23, 9, 1, 4, 24][14, 20, 7, 16][6, 10, 27, 29][2, 15, 21, 5][11, 17, 28][17, 22, 25][14, 24][7, 25][16, 27][2, 29][19, 22] 
[13, 0, 26, 8, 19, 12, 18][3, 23, 9, 1, 4, 24][14, 20, 7, 16][6, 10, 27, 29][2, 15, 21, 5][11, 17, 28][17, 22, 25][7, 25][14, 24][16, 27][2, 29][19, 22] 
[13, 0, 26, 8, 19, 12, 18][3, 23, 9, 1, 4, 24][14, 20, 7, 16][6, 10, 27, 29][2, 15, 21, 5][11, 17, 28][17, 22, 25][7, 25][14, 24][16, 27][2, 29][19, 22] 
[13, 0, 26, 8, 19, 12, 18][3, 23, 9, 1, 4, 24][14, 20, 7, 16][6, 10, 27, 29][2, 15, 21, 5][17, 22, 25][11, 17, 28][19, 22][7, 25][16, 27][2, 29][14, 24] 
[13, 0, 26, 8, 19, 12, 18][3, 23, 9, 1, 4, 24][6, 10, 27, 29][14, 20, 7, 16][2, 15, 21, 5][11, 17, 28][17, 22, 25][16, 27][14, 24][7, 25][2, 29][19, 22] 
[13, 0, 26, 8, 19, 12, 18][3, 23, 9, 1, 4, 24][14, 20, 7, 16][6, 10, 27, 29][2, 15, 21, 5][17, 22, 25][11, 17, 28][19, 22][7, 25][14, 24][16, 27][2, 29] 
[13, 0, 26, 8, 19, 12, 18][3, 23, 9, 1, 4, 24][14, 20, 7, 16][6, 10, 27, 29][2, 15, 21, 5][17, 22, 25][11, 17, 28][19, 22][7, 25][16, 27][2, 29][14, 24] 
[13, 0, 26, 8, 19, 12, 18][3, 23, 9, 1, 4, 24][2, 15, 21, 5][6, 10, 27, 29][14, 20, 7, 16][17, 22, 25][11, 17, 28][2, 29][16, 27][7, 25][14, 24][19, 22] 
[13, 0, 26, 8, 19, 12, 18][3, 23, 9, 1, 4, 24][6, 10, 27, 29][2, 15, 21, 5][14, 20, 7, 16][11, 17, 28][17, 22, 25][2, 29][16, 27][14, 24][7, 25][19, 22] 
[13, 0, 26, 8, 19, 12, 18][3, 23, 9, 1, 4, 24][14, 20, 7, 16][6, 10, 27, 29][2, 15, 21, 5][11, 17, 28][17, 22, 25][14, 24][7, 25][16, 27][2, 29][19, 22] 
[13, 0, 26, 8, 19, 12, 18][3, 23, 9, 1, 4, 24][14, 20, 7, 16][6, 10, 27, 29][2, 15, 21, 5][11, 17, 28][17, 22, 25][7, 25][14, 24][16, 27][2, 29][19, 22] 
[13, 0, 26, 8, 19, 12, 18][3, 23, 9, 1, 4, 24][14, 20, 7, 16][6, 10, 27, 29][2, 15, 21, 5][11, 17, 28][17, 22, 25][7, 25][14, 24][16, 27][2, 29][19, 22] 
[13, 0, 26, 8, 19, 12, 18][3, 23, 9, 1, 4, 24][14, 20, 7, 16][11, 17, 28, 25][6, 10, 27, 29][2, 15, 21, 5][14, 24][7, 25][22, 25][16, 27][19, 22][2, 29] 
[13, 0, 26, 8, 19, 12, 18][3, 23, 9, 1, 4, 24][11, 17, 28, 25][14, 20, 7, 16][6, 10, 27, 29][2, 15, 21, 5][19, 22][22, 25][7, 25][14, 24][16, 27][2, 29] 
[13, 0, 26, 8, 19, 12, 18][3, 23, 9, 1, 4, 24][6, 10, 27, 29][2, 15, 21, 5][14, 20, 7, 16][11, 17, 28, 25][2, 29][16, 27][7, 25][14, 24][22, 25][19, 22] 
[13, 0, 26, 8, 19, 12, 18][3, 23, 9, 1, 4, 24][11, 17, 28, 25][14, 20, 7, 16][6, 10, 27, 29][2, 15, 21, 5][19, 22][22, 25][7, 25][16, 27][2, 29][14, 24] 
[13, 0, 26, 8, 19, 12, 18][3, 23, 9, 1, 4, 24][11, 17, 28, 25][14, 20, 7, 16][6, 10, 27, 29][2, 15, 21, 5][19, 22][22, 25][7, 25][14, 24][16, 27][2, 29] 
[13, 0, 26, 8, 19, 12, 18][3, 23, 9, 1, 4, 24][11, 17, 28, 25][14, 20, 7, 16][6, 10, 27, 29][2, 15, 21, 5][7, 25][14, 24][22, 25][16, 27][19, 22][2, 29] 
[13, 0, 26, 8, 19, 12, 18][3, 23, 9, 1, 4, 24][2, 15, 21, 5][6, 10, 27, 29][14, 20, 7, 16][11, 17, 28][17, 22, 25][2, 29][16, 27][14, 24][7, 25][19, 22] 
[13, 0, 26, 8, 19, 12, 18][3, 23, 9, 1, 4, 24][2, 15, 21, 5][6, 10, 27, 29][14, 20, 7, 16][11, 17, 28][17, 22, 25][2, 29][16, 27][14, 24][7, 25][19, 22] 
[13, 0, 26, 8, 19, 12, 18][3, 23, 9, 1, 4, 24][14, 20, 7, 16][6, 10, 27, 29][2, 15, 21, 5][11, 17, 28][17, 22, 25][7, 25][14, 24][16, 27][2, 29][19, 22] 
[13, 0, 26, 8, 19, 12, 18][3, 23, 9, 1, 4, 24][14, 20, 7, 16][6, 10, 27, 29][2, 15, 21, 5][11, 17, 28][17, 22, 25][7, 25][14, 24][16, 27][2, 29][19, 22] 
[13, 0, 26, 8, 19, 12, 18][3, 23, 9, 1, 4, 24][14, 20, 7, 16][6, 10, 27, 29][2, 15, 21, 5][17, 22, 25][11, 17, 28][14, 24][7, 25][16, 27][2, 29][19, 22] 
[13, 0, 26, 8, 19, 12, 18][3, 23, 9, 1, 4, 24][2, 15, 21, 5][6, 10, 27, 29][14, 20, 7, 16][17, 22, 25][11, 17, 28][2, 29][16, 27][7, 25][14, 24][19, 22] 
[13, 0, 26, 8, 19, 12, 18][3, 23, 9, 1, 4, 24][14, 20, 7, 16][6, 10, 27, 29][2, 15, 21, 5][17, 22, 25][11, 17, 28][16, 27][7, 25][2, 29][14, 24][19, 22] 
[13, 0, 26, 8, 19, 12, 18][3, 23, 9, 1, 4, 24][14, 20, 7, 16][11, 17, 28, 25][6, 10, 27, 29][2, 15, 21, 5][14, 24][7, 25][22, 25][16, 27][2, 29][19, 22] 
[13, 0, 26, 8, 19, 12, 18][3, 23, 9, 1, 4, 24][6, 10, 27, 29][14, 20, 7, 16][2, 15, 21, 5][11, 17, 28, 25][16, 27][14, 24][2, 29][7, 25][22, 25][19, 22] 
[13, 0, 26, 8, 19, 12, 18][3, 23, 9, 1, 4, 24][14, 20, 7, 16][6, 10, 27, 29][11, 17, 28, 25][2, 15, 21, 5][16, 27][7, 25][14, 24][2, 29][22, 25][19, 22] 
[13, 0, 26, 8, 19, 12, 18][3, 23, 9, 1, 4, 24][14, 20, 7, 16][11, 17, 28, 25][6, 10, 27, 29][2, 15, 21, 5][7, 25][22, 25][19, 22][14, 24][16, 27][2, 29] 
[13, 0, 26, 8, 19, 12, 18][3, 23, 9, 1, 4, 24][6, 10, 27, 29][14, 20, 7, 16][2, 15, 21, 5][11, 17, 28, 25][16, 27][14, 24][2, 29][7, 25][22, 25][19, 22] 
[13, 0, 26, 8, 19, 12, 18][3, 23, 9, 1, 4, 24][14, 20, 7, 16][11, 17, 28, 25][6, 10, 27, 29][2, 15, 21, 5][7, 25][22, 25][19, 22][14, 24][16, 27][2, 29] 
[13, 0, 26, 8, 19, 12, 18][3, 23, 9, 1, 4, 24][6, 10, 27, 29][2, 15, 21, 5][14, 20, 7, 16][11, 17, 28, 25][2, 29][16, 27][14, 24][7, 25][22, 25][19, 22] 
[13, 0, 26, 8, 19, 12, 18][3, 23, 9, 1, 4, 24][11, 17, 28, 25][14, 20, 7, 16][6, 10, 27, 29][2, 15, 21, 5][19, 22][22, 25][7, 25][16, 27][2, 29][14, 24] 
[13, 0, 26, 8, 19, 12, 18][3, 23, 9, 1, 4, 24][14, 20, 7, 16][6, 10, 27, 29][11, 17, 28, 25][2, 15, 21, 5][16, 27][7, 25][14, 24][2, 29][22, 25][19, 22] 
[13, 0, 26, 8, 19, 12, 18][3, 23, 9, 1, 4, 24][11, 17, 28, 25][14, 20, 7, 16][6, 10, 27, 29][2, 15, 21, 5][19, 22][22, 25][7, 25][16, 27][2, 29][14, 24] 
[13, 0, 26, 8, 19, 12, 18][3, 23, 9, 1, 4, 24][14, 20, 7, 16][11, 17, 28, 25][6, 10, 27, 29][2, 15, 21, 5][14, 24][7, 25][22, 25][16, 27][2, 29][19, 22] 
[13, 0, 26, 8, 19, 12, 18][3, 23, 9, 1, 4, 24][11, 17, 28, 25][14, 20, 7, 16][6, 10, 27, 29][2, 15, 21, 5][7, 25][22, 25][19, 22][16, 27][14, 24][2, 29] 
[13, 0, 26, 8, 19, 12, 18][3, 23, 9, 1, 4, 24][6, 10, 27, 29][2, 15, 21, 5][14, 20, 7, 16][11, 17, 28, 25][2, 29][16, 27][7, 25][14, 24][22, 25][19, 22] 
[13, 0, 26, 8, 19, 12, 18][3, 23, 9, 1, 4, 24][2, 15, 21, 5][6, 10, 27, 29][11, 17, 28, 25][14, 20, 7, 16][2, 29][16, 27][7, 25][14, 24][22, 25][19, 22] 
[13, 0, 26, 8, 19, 12, 18][3, 23, 9, 1, 4, 24][11, 17, 28, 25][14, 20, 7, 16][6, 10, 27, 29][2, 15, 21, 5][19, 22][22, 25][7, 25][16, 27][2, 29][14, 24] 
[13, 0, 26, 8, 19, 12, 18][3, 23, 9, 1, 4, 24][2, 15, 21, 5, 6, 10][11, 17, 28, 25][7, 20, 14][7, 16, 27][19, 22][22, 25][7, 25][14, 24][27, 29][10, 29] 
[13, 0, 26, 8, 19, 12, 18][3, 23, 9, 1, 4, 24][2, 15, 21, 5, 6, 10][11, 17, 28, 25][7, 20, 14][7, 16, 27][19, 22][22, 25][7, 25][14, 24][27, 29][10, 29] 
[13, 0, 26, 8, 19, 12, 18][2, 15, 21, 5, 6, 10][3, 23, 9, 1, 4, 24][11, 17, 28, 25][7, 20, 14][7, 16, 27][7, 25][27, 29][10, 29][22, 25][19, 22][14, 24] 
[13, 0, 26, 8, 19, 12, 18][2, 15, 21, 5, 6, 10][3, 23, 9, 1, 4, 24][11, 17, 28, 25][7, 16, 27][7, 20, 14][27, 29][7, 25][10, 29][14, 24][22, 25][19, 22] 
[13, 0, 26, 8, 19, 12, 18][3, 23, 9, 1, 4, 24][2, 15, 21, 5, 6, 10][11, 17, 28, 25][7, 20, 14][7, 16, 27][19, 22][22, 25][7, 25][14, 24][27, 29][10, 29] 
[13, 0, 26, 8, 19, 12, 18][2, 15, 21, 5, 6, 10][3, 23, 9, 1, 4, 24][11, 17, 28, 25][10, 27, 29][7, 20, 14][16, 27][7, 16][14, 24][7, 25][22, 25][19, 22] 
[13, 0, 26, 8, 19, 12, 18][3, 23, 9, 1, 4, 24][14, 20, 7, 16][6, 10, 27, 29][2, 15, 21, 5][17, 22, 25][11, 17, 28][16, 27][7, 25][2, 29][14, 24][19, 22] 
[13, 0, 26, 8, 19, 12, 18][3, 23, 9, 1, 4, 24][6, 10, 27, 29][2, 15, 21, 5][14, 20, 7, 16][11, 17, 28][17, 22, 25][2, 29][16, 27][14, 24][7, 25][19, 22] 
[13, 0, 26, 8, 19, 12, 18][3, 23, 9, 1, 4, 24][14, 20, 7, 16][6, 10, 27, 29][2, 15, 21, 5][11, 17, 28][17, 22, 25][14, 24][7, 25][16, 27][2, 29][19, 22] 
[13, 0, 26, 8, 19, 12, 18][3, 23, 9, 1, 4, 24][14, 20, 7, 16][6, 10, 27, 29][2, 15, 21, 5][17, 22, 25][11, 17, 28][7, 25][14, 24][16, 27][2, 29][19, 22] 
[13, 0, 26, 8, 19, 12, 18][3, 23, 9, 1, 4, 24][14, 20, 7, 16][6, 10, 27, 29][2, 15, 21, 5][11, 17, 28][17, 22, 25][14, 24][7, 25][16, 27][2, 29][19, 22] 
[13, 0, 26, 8, 19, 12, 18][3, 23, 9, 1, 4, 24][11, 17, 28, 25][14, 20, 7, 16][6, 10, 27, 29][2, 15, 21, 5][7, 25][14, 24][22, 25][19, 22][16, 27][2, 29] 
[13, 0, 26, 8, 19, 12, 18][3, 23, 9, 1, 4, 24][2, 15, 21, 5][6, 10, 27, 29][14, 20, 7, 16][17, 22, 25][11, 17, 28][2, 29][16, 27][7, 25][14, 24][19, 22] 
