[12, 8, 26, 0, 18, 19, 22, 17][23, 24, 7, 16, 28][9, 1, 4, 14, 20][15, 27, 2, 29][13, 6, 5, 21][3, 11, 25][10, 29][6, 10][7, 10][25, 28][0, 13][1, 3] 
[12, 8, 26, 0, 18, 19, 22, 17][9, 1, 4, 14, 20][23, 3, 11, 25][24, 7, 16, 28][15, 27, 2, 29][13, 6, 5, 21][1, 3][25, 28][16, 27][10, 29][6, 10][0, 13] 
[12, 8, 26, 0, 18, 19, 22, 17][9, 1, 4, 14, 20][24, 7, 16, 28][23, 3, 11, 25][15, 27, 2, 29][13, 6, 5, 21][25, 28][16, 27][10, 29][6, 10][1, 3][0, 13] 
[12, 8, 26, 0, 18, 19, 22, 17][9, 1, 4, 14, 20][23, 3, 11, 25][24, 7, 16, 28][15, 27, 2, 29][13, 6, 5, 21][1, 3][25, 28][16, 27][10, 29][6, 10][0, 13] 
[12, 8, 26, 0, 18, 19, 22, 17][9, 1, 4, 14, 20][15, 27, 2, 29][24, 7, 16, 28][23, 3, 11, 25][13, 6, 5, 21][10, 29][7, 10][25, 28][1, 3][6, 10][0, 13] 
[12, 8, 26, 0, 18, 19, 22, 17][9, 1, 4, 14, 20][23, 3, 11, 25][24, 7, 16, 28][15, 27, 2, 29][13, 6, 5, 21][25, 28][7, 10][16, 27][6, 10][1, 3][0, 13] 
[12, 8, 26, 0, 18, 19, 22, 17][9, 1, 4, 14, 20][23, 3, 11, 25][24, 7, 16, 28][15, 27, 2, 29][13, 6, 5, 21][25, 28][7, 10][16, 27][6, 10][1, 3][0, 13] 
[12, 8, 26, 0, 18, 19, 22, 17][9, 1, 4, 14, 20][13, 6, 5, 21][15, 27, 2, 29][24, 7, 16, 28][23, 3, 11, 25][0, 13][6, 10][10, 29][7, 10][25, 28][1, 3] 
[12, 8, 26, 0, 18, 19, 22, 17][9, 1, 4, 14, 20][13, 6, 5, 21][15, 27, 2, 29][24, 7, 16, 28][23, 3, 11, 25][0, 13][6, 10][10, 29][7, 10][25, 28][1, 3] 
[12, 8, 26, 0, 18, 19, 22, 17][9, 1, 4, 14, 20][13, 6, 5, 21][24, 7, 16, 28][23, 3, 11, 25][15, 27, 2, 29][6, 10][7, 10][0, 13][25, 28][1, 3][10, 29] 
[12, 8, 26, 0, 18, 19, 22, 17][23, 24, 7, 16, 28][9, 1, 4, 14, 20][15, 27, 2, 29][13, 6, 5, 21][3, 11, 25][10, 29][7, 10][25, 28][6, 10][1, 3][0, 13] 
[12, 8, 26, 0, 18, 19, 22, 17][9, 1, 4, 14, 20][23, 3, 11, 25][24, 7, 16, 28][15, 27, 2, 29][13, 6, 5, 21][1, 3][25, 28][16, 27][10, 29][6, 10][0, 13] 
[12, 8, 26, 0, 18, 19, 22, 17][9, 1, 4, 14, 20][23, 3, 11, 25][24, 7, 16, 28][15, 27, 2, 29][13, 6, 5, 21][1, 3][25, 28][16, 27][10, 29][6, 10][0, 13] 
[12, 8, 26, 0, 18, 19, 22, 17][9, 1, 4, 14, 20][13, 6, 5, 21][15, 27, 2, 29][24, 7, 16, 28][23, 3, 11, 25][0, 13][6, 10][10, 29][7, 10][25, 28][1, 3] 
[12, 8, 26, 0, 18, 19, 22, 17][9, 1, 4, 14, 20][23, 3, 11, 25][24, 7, 16, 28][15, 27, 2, 29][13, 6, 5, 21][1, 3][25, 28][7, 10][16, 27][6, 10][0, 13] 
[12, 8, 26, 0, 18, 19, 22, 17][9, 1, 4, 14, 20][13, 6, 5, 21][15, 27, 2, 29][24, 7, 16, 28][23, 3, 11, 25][0, 13][6, 10][10, 29][7, 10][25, 28][1, 3] 
[12, 8, 26, 0, 18, 19, 22, 17][9, 1, 4, 14, 20][23, 24, 7, 16, 28][15, 27, 2, 29][13, 6, 5, 21][3, 11, 25][1, 3][25, 28][7, 10][10, 29][6, 10][0, 13] 
[12, 8, 26, 0, 18, 19, 22, 17][9, 1, 4, 14, 20][23, 3, 11, 25][24, 7, 16, 28][15, 27, 2, 29][13, 6, 5, 21][1, 3][25, 28][16, 27][10, 29][6, 10][0, 13] 
[12, 8, 26, 0, 18, 19, 22, 17][9, 1, 4, 14, 20][15, 27, 2, 29][13, 6, 5, 21][24, 7, 16, 28][23, 3, 11, 25][10, 29][6, 10][7, 10][0, 13][25, 28][1, 3] 
[12, 8, 26, 0, 18, 19, 22, 17][23, 24, 7, 16, 28][9, 1, 4, 14, 20][15, 27, 2, 29][13, 6, 5, 21][3, 11, 25][10, 29][6, 10][7, 10][25, 28][0, 13][1, 3] 
[12, 8, 26, 0, 18, 19, 22, 17][23, 24, 7, 16, 28][9, 1, 4, 14, 20][13, 6, 5, 21][15, 27, 2, 29][3, 11, 25][0, 13][6, 10][10, 29][7, 10][25, 28][1, 3] 
[12, 8, 26, 0, 18, 19, 22, 17][9, 1, 4, 14, 20][23, 3, 11, 25][24, 7, 16, 28][15, 27, 2, 29][13, 6, 5, 21][1, 3][25, 28][16, 27][10, 29][6, 10][0, 13] 
[12, 8, 26, 0, 18, 19, 22, 17][9, 1, 4, 14, 20][23, 3, 11, 25][24, 7, 16, 28][15, 27, 2, 29][13, 6, 5, 21][1, 3][25, 28][16, 27][10, 29][6, 10][0, 13] 
[12, 8, 26, 0, 18, 19, 22, 17][9, 1, 4, 14, 20][13, 6, 5, 21][24, 7, 16, 28][23, 3, 11, 25][15, 27, 2, 29][0, 13][6, 10][7, 10][25, 28][1, 3][10, 29] 
[12, 8, 26, 0, 18, 19, 22, 17][9, 1, 4, 14, 20][23, 3, 11, 25][24, 7, 16, 28][15, 27, 2, 29][13, 6, 5, 21][25, 28][7, 10][16, 27][6, 10][1, 3][0, 13] 
[12, 8, 26, 0, 18, 19, 22, 17][9, 1, 4, 14, 20][13, 6, 5, 21][15, 27, 2, 29][24, 7, 16, 28][23, 3, 11, 25][0, 13][6, 10][10, 29][7, 10][25, 28][1, 3] 
[12, 8, 26, 0, 18, 19, 22, 17][23, 24, 7, 16, 28][9, 1, 4, 14, 20][13, 6, 5, 21][15, 27, 2, 29][3, 11, 25][0, 13][6, 10][7, 10][25, 28][10, 29][1, 3] 
[12, 8, 26, 0, 18, 19, 22, 17][9, 1, 4, 14, 20][23, 3, 11, 25][24, 7, 16, 28][15, 27, 2, 29][13, 6, 5, 21][1, 3][25, 28][16, 27][10, 29][6, 10][0, 13] 
[12, 8, 26, 0, 18, 19, 22, 17][9, 1, 4, 14, 20][13, 6, 5, 21][15, 27, 2, 29][24, 7, 16, 28][23, 3, 11, 25][0, 13][6, 10][10, 29][7, 10][25, 28][1, 3] 
[12, 8, 26, 0, 18, 19, 22, 17][23, 24, 7, 16, 28][9, 1, 4, 14, 20][13, 6, 5, 21][15, 27, 2, 29][3, 11, 25][6, 10][7, 10][10, 29][25, 28][1, 3][0, 13] 
[12, 8, 26, 0, 18, 19, 22, 17][23, 24, 7, 16, 28][9, 1, 4, 14, 20][13, 6, 5, 21][15, 27, 2, 29][3, 11, 25][0, 13][6, 10][10, 29][7, 10][25, 28][1, 3] 
[12, 8, 26, 0, 18, 19, 22, 17][9, 1, 4, 14, 20][13, 6, 5, 21][15, 27, 2, 29][24, 7, 16, 28][23, 3, 11, 25][6, 10][10, 29][16, 27][0, 13][25, 28][1, 3] 
[12, 8, 26, 0, 18, 19, 22, 17][9, 1, 4, 14, 20][13, 6, 5, 21][24, 7, 16, 28][23, 3, 11, 25][15, 27, 2, 29][6, 10][7, 10][0, 13][25, 28][1, 3][10, 29] 
[12, 8, 26, 0, 18, 19, 22, 17][23, 24, 7, 16, 28][9, 1, 4, 14, 20][15, 27, 2, 29][13, 6, 5, 21][3, 11, 25][10, 29][7, 10][25, 28][6, 10][1, 3][0, 13] 
[12, 8, 26, 0, 18, 19, 22, 17][23, 24, 7, 16, 28][9, 1, 4, 14, 20][13, 6, 5, 21][15, 27, 2, 29][3, 11, 25][0, 13][6, 10][10, 29][7, 10][25, 28][1, 3] 
[9, 14, 23, 20, 24, 1, 4, 3, 11, 17, 28][12, 8, 26, 0, 13, 18, 22, 25, 28][16, 10, 6, 15, 5, 21, 2, 7, 25][15, 29, 27][12, 19][5, 21][20, 24][13, 18][5, 21][5, 21][5, 21][5, 21] 
[9, 14, 23, 20, 24, 1, 4, 3, 11, 17, 28][12, 8, 26, 0, 13, 18, 22, 25, 28][16, 10, 6, 15, 5, 21, 2, 7, 25][15, 29, 27][12, 19][5, 21][20, 24][13, 18][5, 21][5, 21][5, 21][5, 21] 
[9, 14, 23, 20, 24, 1, 4, 3, 11, 17, 28][12, 8, 26, 0, 13, 18, 22, 25, 28][16, 10, 6, 15, 5, 21, 2, 7, 25][15, 29, 27][12, 19][5, 21][20, 24][13, 18][5, 21][5, 21][5, 21][5, 21] 
[9, 14, 23, 20, 24, 1, 4, 3, 11, 17, 28][16, 10, 6, 15, 5, 21, 2, 7, 25][8, 26, 0, 13, 18, 22, 25, 28][15, 29, 27][8, 12][12, 19][5, 21][20, 24][5, 21][5, 21][20, 24][5, 21] 
[9, 14, 23, 20, 24, 1, 4, 3, 11, 17, 28][16, 10, 6, 15, 5, 21, 2, 7, 25][8, 26, 0, 13, 18, 22, 25, 28][15, 29, 27][8, 12][12, 19][5, 21][20, 24][5, 21][5, 21][20, 24][5, 21] 
[7, 16, 28, 25, 22, 18, 13, 0, 26, 8, 12][9, 14, 23, 20, 24, 1, 4, 3, 11, 17][2, 21, 5, 15, 6, 10, 16][15, 29, 27][17, 28][12, 19][5, 21][0, 26][5, 21][5, 21][13, 18][13, 18] 
[9, 14, 23, 20, 24, 1, 4, 3, 11, 17, 28][12, 8, 26, 0, 13, 18, 22, 25, 28][16, 10, 6, 15, 5, 21, 2, 7, 25][15, 29, 27][12, 19][5, 21][20, 24][13, 18][5, 21][5, 21][5, 21][5, 21] 
[9, 14, 23, 20, 24, 1, 4, 3, 11, 17, 28][12, 8, 26, 0, 13, 18, 22, 25, 28][16, 10, 6, 15, 5, 21, 2, 7, 25][15, 29, 27][12, 19][5, 21][20, 24][13, 18][5, 21][5, 21][5, 21][5, 21] 
[9, 14, 23, 20, 24, 1, 4, 3, 11, 17, 28][16, 10, 6, 15, 5, 21, 2, 7, 25][8, 26, 0, 13, 18, 22, 25, 28][15, 29, 27][8, 12][12, 19][5, 21][20, 24][5, 21][5, 21][20, 24][5, 21] 
[9, 14, 23, 20, 24, 1, 4, 3, 11, 17, 28][12, 8, 26, 0, 13, 18, 22, 25, 28][16, 10, 6, 15, 5, 21, 2, 7, 25][15, 29, 27][12, 19][5, 21][20, 24][13, 18][5, 21][5, 21][5, 21][5, 21] 
[9, 14, 23, 20, 24, 1, 4, 3, 11, 17, 28][12, 8, 26, 0, 13, 18, 22, 25, 28][16, 10, 6, 15, 5, 21, 2, 7, 25][15, 29, 27][12, 19][5, 21][20, 24][13, 18][5, 21][5, 21][5, 21][5, 21] 
[9, 14, 23, 20, 24, 1, 4, 3, 11, 17, 28][12, 8, 26, 0, 13, 18, 22, 25, 28][16, 10, 6, 15, 5, 21, 2, 7, 25][15, 29, 27][12, 19][5, 21][20, 24][13, 18][5, 21][5, 21][5, 21][5, 21] 
[9, 14, 23, 20, 24, 1, 4, 3, 11, 17, 28][16, 10, 6, 15, 5, 21, 2, 7, 25][8, 26, 0, 13, 18, 22, 25, 28][15, 29, 27][8, 12][12, 19][5, 21][20, 24][5, 21][5, 21][20, 24][5, 21] 
[9, 14, 23, 20, 24, 1, 4, 3, 11, 17, 28][12, 8, 26, 0, 13, 18, 22, 25, 28][16, 10, 6, 15, 5, 21, 2, 7, 25][15, 29, 27][12, 19][5, 21][20, 24][13, 18][5, 21][5, 21][5, 21][5, 21] 
[9, 14, 23, 20, 24, 1, 4, 3, 11, 17, 28][12, 8, 26, 0, 13, 18, 22, 25, 28][16, 10, 6, 15, 5, 21, 2, 7, 25][15, 29, 27][12, 19][5, 21][20, 24][13, 18][5, 21][5, 21][5, 21][5, 21] 
[7, 16, 28, 25, 22, 18, 13, 0, 26, 8, 12][9, 14, 23, 20, 24, 1, 4, 3, 11, 17, 28][2, 21, 5, 15, 6, 10, 16][15, 29, 27][5, 21][12, 19][5, 21][13, 18][5, 21][0, 26][13, 18][20, 24] 
[7, 16, 28, 25, 22, 18, 13, 0, 26, 8, 12][9, 14, 23, 20, 24, 1, 4, 3, 11, 17, 28][2, 21, 5, 15, 6, 10, 16][15, 29, 27][5, 21][12, 19][5, 21][13, 18][5, 21][0, 26][13, 18][20, 24] 
[9, 14, 23, 20, 24, 1, 4, 3, 11, 17, 28][12, 8, 26, 0, 13, 18, 22, 25, 28][16, 10, 6, 15, 5, 21, 2, 7, 25][15, 29, 27][12, 19][13, 18][5, 21][5, 21][5, 21][20, 24][13, 18][5, 21] 
[7, 16, 28, 25, 22, 18, 13, 0, 26, 8, 12][9, 14, 23, 20, 24, 1, 4, 3, 11, 17, 28][2, 21, 5, 15, 6, 10, 16][15, 29, 27][5, 21][12, 19][5, 21][13, 18][5, 21][0, 26][13, 18][20, 24] 
[7, 16, 28, 25, 22, 18, 13, 0, 26, 8, 12][9, 14, 23, 20, 24, 1, 4, 3, 11, 17, 28][2, 21, 5, 15, 6, 10, 16][15, 29, 27][5, 21][12, 19][5, 21][13, 18][5, 21][0, 26][13, 18][20, 24] 
[9, 14, 23, 20, 24, 1, 4, 3, 11, 17, 28][7, 16, 28, 25, 22, 18, 13, 0, 26, 8, 12][16, 10, 6, 15, 5, 21, 2, 29][20, 24][3, 11][27, 29][5, 21][11, 17][12, 19][3, 11][0, 26][5, 21] 
[12, 8, 26, 0, 18, 19, 22, 17][9, 1, 4, 14, 20][13, 6, 5, 21][15, 27, 2, 29][24, 7, 16, 28][23, 3, 11, 25][0, 13][6, 10][10, 29][7, 10][25, 28][1, 3] 
[12, 8, 26, 0, 18, 19, 22, 17][9, 1, 4, 14, 20][13, 6, 5, 21][15, 27, 2, 29][24, 7, 16, 28][23, 3, 11, 25][0, 13][6, 10][10, 29][7, 10][25, 28][1, 3] 
[12, 8, 26, 0, 18, 19, 22, 17][9, 1, 4, 14, 20][13, 6, 5, 21][24, 7, 16, 28][15, 27, 2, 29][23, 3, 11, 25][6, 10][7, 10][0, 13][10, 29][25, 28][1, 3] 
[12, 8, 26, 0, 18, 19, 22, 17][9, 1, 4, 14, 20][13, 6, 5, 21][15, 27, 2, 29][24, 7, 16, 28][23, 3, 11, 25][0, 13][6, 10][10, 29][7, 10][25, 28][1, 3] 
[12, 8, 26, 0, 18, 19, 22, 17][9, 1, 4, 14, 20][13, 6, 5, 21][24, 7, 16, 28][23, 3, 11, 25][15, 27, 2, 29][0, 13][6, 10][7, 10][25, 28][1, 3][10, 29] 
[12, 8, 26, 0, 18, 19, 22, 17][9, 1, 4, 14, 20][13, 6, 5, 21][24, 7, 16, 28][23, 3, 11, 25][15, 27, 2, 29][0, 13][6, 10][7, 10][25, 28][1, 3][10, 29] 
[12, 8, 26, 0, 18, 19, 22, 17][9, 1, 4, 14, 20][13, 6, 5, 21][15, 27, 2, 29][24, 7, 16, 28][23, 3, 11, 25][0, 13][6, 10][10, 29][7, 10][25, 28][1, 3] 
[12, 8, 26, 0, 18, 19, 22, 17][9, 1, 4, 14, 20][13, 6, 5, 21][24, 7, 16, 28][15, 27, 2, 29][23, 3, 11, 25][6, 10][7, 10][0, 13][10, 29][25, 28][1, 3] 
[12, 8, 26, 0, 18, 19, 22, 17][9, 1, 4, 14, 20][13, 6, 5, 21][15, 27, 2, 29][24, 7, 16, 28][23, 3, 11, 25][0, 13][6, 10][10, 29][7, 10][25, 28][1, 3] 
[12, 8, 26, 0, 18, 19, 22, 17][9, 1, 4, 14, 20][13, 6, 5, 21][15, 27, 2, 29][24, 7, 16, 28][23, 3, 11, 25][0, 13][6, 10][10, 29][7, 10][25, 28][1, 3] 
[12, 8, 26, 0, 18, 19, 22, 17][9, 1, 4, 14, 20][13, 6, 5, 21][15, 27, 2, 29][24, 7, 16, 28][23, 3, 11, 25][0, 13][6, 10][10, 29][7, 10][25, 28][1, 3] 
[12, 8, 26, 0, 18, 19, 22, 17][9, 1, 4, 14, 20][13, 6, 5, 21][24, 7, 16, 28][23, 3, 11, 25][15, 27, 2, 29][0, 13][6, 10][7, 10][25, 28][1, 3][10, 29] 
[12, 8, 26, 0, 18, 19, 22, 17][9, 1, 4, 14, 20][13, 6, 5, 21][24, 7, 16, 28][23, 3, 11, 25][15, 27, 2, 29][0, 13][6, 10][7, 10][25, 28][1, 3][10, 29] 
[12, 8, 26, 0, 18, 19, 22, 17][9, 1, 4, 14, 20][13, 6, 5, 21][15, 27, 2, 29][24, 7, 16, 28][23, 3, 11, 25][0, 13][6, 10][10, 29][7, 10][25, 28][1, 3] 
[12, 8, 26, 0, 18, 19, 22, 17][9, 1, 4, 14, 20][23, 3, 11, 25][24, 7, 16, 28][13, 6, 5, 21][15, 27, 2, 29][1, 3][25, 28][7, 10][6, 10][0, 13][10, 29] 
[12, 8, 26, 0, 18, 19, 22, 17][9, 1, 4, 14, 20][23, 24, 7, 16, 28][15, 27, 2, 29][13, 6, 5, 21][3, 11, 25][1, 3][25, 28][7, 10][10, 29][6, 10][0, 13] 
[12, 8, 26, 0, 18, 19, 22, 17][9, 1, 4, 14, 20][23, 24, 7, 16, 28][13, 6, 5, 21][15, 27, 2, 29][3, 11, 25][1, 3][25, 28][7, 10][6, 10][10, 29][0, 13] 
[12, 8, 26, 0, 18, 19, 22, 17][23, 24, 7, 16, 28][9, 1, 4, 14, 20][13, 6, 5, 21][15, 27, 2, 29][3, 11, 25][0, 13][6, 10][10, 29][7, 10][25, 28][1, 3] 
[12, 8, 26, 0, 18, 19, 22, 17][23, 24, 7, 16, 28][9, 1, 4, 14, 20][13, 6, 5, 21][15, 27, 2, 29][3, 11, 25][0, 13][6, 10][7, 10][25, 28][1, 3][10, 29] 
[12, 8, 26, 0, 18, 19, 22, 17][23, 24, 7, 16, 28][9, 1, 4, 14, 20][13, 6, 5, 21][15, 27, 2, 29][3, 11, 25][0, 13][6, 10][7, 10][25, 28][1, 3][10, 29] 
[12, 8, 26, 0, 18, 19, 22, 17][23, 24, 7, 16, 28][9, 1, 4, 14, 20][15, 27, 2, 29][13, 6, 5, 21][3, 11, 25][16, 27][25, 28][1, 3][10, 29][6, 10][0, 13] 
[12, 8, 26, 0, 18, 19, 22, 17][9, 1, 4, 14, 20][13, 6, 5, 21][15, 27, 2, 29][24, 7, 16, 28][23, 3, 11, 25][0, 13][6, 10][10, 29][7, 10][25, 28][1, 3] 
[12, 8, 26, 0, 18, 19, 22, 17][9, 1, 4, 14, 20][23, 3, 11, 25][24, 7, 16, 28][13, 6, 5, 21][15, 27, 2, 29][1, 3][25, 28][7, 10][6, 10][0, 13][10, 29] 
[12, 8, 26, 0, 18, 19, 22, 17][9, 1, 4, 14, 20][23, 3, 11, 25][24, 7, 16, 28][13, 6, 5, 21][15, 27, 2, 29][1, 3][25, 28][7, 10][6, 10][10, 29][0, 13] 
[12, 8, 26, 0, 18, 19, 22, 17][9, 1, 4, 14, 20][13, 6, 5, 21][15, 27, 2, 29][24, 7, 16, 28][23, 3, 11, 25][0, 13][6, 10][10, 29][7, 10][25, 28][1, 3] 
[12, 8, 26, 0, 18, 19, 22, 17][9, 1, 4, 14, 20][13, 6, 5, 21][24, 7, 16, 28][15, 27, 2, 29][23, 3, 11, 25][6, 10][7, 10][0, 13][10, 29][25, 28][1, 3] 
[12, 8, 26, 0, 18, 19, 22, 17][9, 1, 4, 14, 20][23, 3, 11, 25][24, 7, 16, 28][15, 27, 2, 29][13, 6, 5, 21][1, 3][25, 28][16, 27][7, 10][6, 10][0, 13] 
[12, 8, 26, 0, 18, 19, 22, 17][9, 1, 4, 14, 20][13, 6, 5, 21][15, 27, 2, 29][24, 7, 16, 28][23, 3, 11, 25][0, 13][6, 10][10, 29][7, 10][25, 28][1, 3] 
[12, 8, 26, 0, 18, 19, 22, 17][23, 24, 7, 16, 28][9, 1, 4, 14, 20][13, 6, 5, 21][15, 27, 2, 29][3, 11, 25][0, 13][6, 10][10, 29][7, 10][25, 28][1, 3] 
[12, 8, 26, 0, 18, 19, 22, 17][23, 24, 7, 16, 28][9, 1, 4, 14, 20][15, 27, 2, 29][13, 6, 5, 21][3, 11, 25][7, 10][10, 29][6, 10][25, 28][0, 13][1, 3] 
[12, 8, 26, 0, 18, 19, 22, 17][23, 24, 7, 16, 28][9, 1, 4, 14, 20][15, 27, 2, 29][13, 6, 5, 21][3, 11, 25][7, 10][10, 29][6, 10][25, 28][0, 13][1, 3] 
[12, 8, 26, 0, 18, 19, 22, 17][23, 24, 7, 16, 28][9, 1, 4, 14, 20][13, 6, 5, 21][15, 27, 2, 29][3, 11, 25][7, 10][25, 28][1, 3][6, 10][0, 13][10, 29] 
[12, 8, 26, 0, 18, 19, 22, 17][23, 24, 7, 16, 28][9, 1, 4, 14, 20][15, 27, 2, 29][13, 6, 5, 21][3, 11, 25][10, 29][7, 10][6, 10][25, 28][1, 3][0, 13] 
[12, 8, 26, 0, 18, 19, 22, 17][23, 24, 7, 16, 28][9, 1, 4, 14, 20][13, 6, 5, 21][15, 27, 2, 29][3, 11, 25][0, 13][6, 10][10, 29][7, 10][25, 28][1, 3] 
[12, 8, 26, 0, 18, 19, 22, 17][9, 1, 4, 14, 20][23, 24, 7, 16, 28][15, 27, 2, 29][13, 6, 5, 21][3, 11, 25][1, 3][25, 28][7, 10][10, 29][6, 10][0, 13] 
[12, 8, 26, 0, 18, 19, 22, 17][9, 1, 4, 14, 20][23, 24, 7, 16, 28][13, 6, 5, 21][15, 27, 2, 29][3, 11, 25][1, 3][25, 28][7, 10][6, 10][10, 29][0, 13] 
[12, 8, 26, 0, 18, 19, 22, 17][23, 24, 7, 16, 28][9, 1, 4, 14, 20][15, 27, 2, 29][13, 6, 5, 21][3, 11, 25][10, 29][6, 10][0, 13][7, 10][25, 28][1, 3] 
[12, 8, 26, 0, 18, 19, 22, 17][9, 1, 4, 14, 20][23, 24, 7, 16, 28][15, 27, 2, 29][13, 6, 5, 21][3, 11, 25][1, 3][25, 28][7, 10][10, 29][6, 10][0, 13] 
[12, 8, 26, 0, 18, 19, 22, 17][23, 24, 7, 16, 28][9, 1, 4, 14, 20][15, 27, 2, 29][13, 6, 5, 21][3, 11, 25][10, 29][6, 10][0, 13][7, 10][25, 28][1, 3] 
[12, 8, 26, 0, 18, 19, 22, 17][23, 24, 7, 16, 28][9, 1, 4, 14, 20][13, 6, 5, 21][15, 27, 2, 29][3, 11, 25][0, 13][6, 10][7, 10][25, 28][1, 3][10, 29] 
[12, 8, 26, 0, 18, 19, 22, 17][9, 1, 4, 14, 20][23, 24, 7, 16, 28][15, 27, 2, 29][13, 6, 5, 21][3, 11, 25][1, 3][25, 28][7, 10][6, 10][0, 13][10, 29] 
[12, 8, 26, 0, 18, 19, 22, 17][23, 24, 7, 16, 28][9, 1, 4, 14, 20][13, 6, 5, 21][15, 27, 2, 29][3, 11, 25][0, 13][6, 10][10, 29][7, 10][25, 28][1, 3] 
[12, 8, 26, 0, 18, 19, 22, 17][23, 24, 7, 16, 28][9, 1, 4, 14, 20][13, 6, 5, 21][15, 27, 2, 29][3, 11, 25][0, 13][6, 10][10, 29][7, 10][25, 28][1, 3] 
[12, 8, 26, 0, 18, 19, 22, 17][23, 24, 7, 16, 28][9, 1, 4, 14, 20][10, 29, 2, 27, 15][13, 6, 5, 21][3, 11, 25][16, 27][15, 27][25, 28][1, 3][6, 10][0, 13] 
[12, 8, 26, 0, 18, 19, 22, 17][23, 24, 7, 16, 28][9, 1, 4, 14, 20][10, 29, 2, 27, 15][13, 6, 5, 21][3, 11, 25][15, 27][16, 27][25, 28][1, 3][6, 10][0, 13] 
[12, 8, 26, 0, 18, 19, 22, 17][23, 24, 7, 16, 28][9, 1, 4, 14, 20][10, 29, 2, 27, 15][13, 6, 5, 21][3, 11, 25][15, 27][16, 27][25, 28][1, 3][6, 10][0, 13] 
[12, 8, 26, 0, 18, 19, 22, 17][10, 29, 2, 27, 15][23, 24, 7, 16, 28][9, 1, 4, 14, 20][13, 6, 5, 21][3, 11, 25][6, 10][16, 27][25, 28][1, 3][0, 13][5, 6] 
[12, 8, 26, 0, 18, 19, 22, 17][23, 24, 7, 16, 28][9, 1, 4, 14, 20][10, 29, 2, 27, 15][13, 6, 5, 21][3, 11, 25][16, 27][15, 27][25, 28][1, 3][6, 10][0, 13] 
[12, 8, 26, 0, 18, 19, 22, 17][23, 24, 7, 16, 28][9, 1, 4, 14, 20][23, 3, 11, 25][15, 27, 2, 29][13, 6, 5, 21][7, 10][10, 29][6, 10][0, 13][1, 3][14, 20] 
[12, 8, 26, 0, 18, 19, 22, 17][9, 1, 4, 14, 20][23, 3, 11, 25][24, 7, 16, 28][15, 27, 2, 29][13, 6, 5, 21][25, 28][7, 10][16, 27][6, 10][1, 3][0, 13] 
[12, 8, 26, 0, 18, 19, 22, 17][9, 1, 4, 14, 20][23, 3, 11, 25][24, 7, 16, 28][15, 27, 2, 29][13, 6, 5, 21][25, 28][7, 10][16, 27][6, 10][1, 3][0, 13] 
[12, 8, 26, 0, 18, 19, 22, 17][9, 1, 4, 14, 20][23, 3, 11, 25][24, 7, 16, 28][15, 27, 2, 29][13, 6, 5, 21][25, 28][7, 10][16, 27][6, 10][1, 3][0, 13] 
[12, 8, 26, 0, 18, 19, 22, 17][9, 1, 4, 14, 20][24, 7, 16, 28][23, 3, 11, 25][15, 27, 2, 29][13, 6, 5, 21][25, 28][1, 3][16, 27][7, 10][6, 10][0, 13] 
[12, 8, 26, 0, 18, 19, 22, 17][9, 1, 4, 14, 20][13, 6, 5, 21][24, 7, 16, 28][15, 27, 2, 29][23, 3, 11, 25][6, 10][7, 10][16, 27][0, 13][25, 28][1, 3] 
[12, 8, 26, 0, 18, 19, 22, 17][23, 24, 7, 16, 28][9, 1, 4, 14, 20][13, 6, 5, 21][15, 27, 2, 29][3, 11, 25][0, 13][6, 10][7, 10][25, 28][10, 29][1, 3] 
[12, 8, 26, 0, 18, 19, 22, 17][9, 1, 4, 14, 20][23, 3, 11, 25][24, 7, 16, 28][13, 6, 5, 21][15, 27, 2, 29][1, 3][25, 28][7, 10][6, 10][0, 13][10, 29] 
