[23, 9, 14, 20, 4, 24][13, 18, 19, 12, 8, 26][1, 3, 11, 17, 22][10, 16, 28, 25][7, 27, 2, 29][15, 6, 5, 21][11, 25][7, 28][7, 24][10, 15][0, 28][0, 18] 
[13, 18, 0, 12, 8, 26][23, 9, 14, 20, 4, 24][1, 3, 11, 17][10, 16, 28, 25][15, 6, 5, 21][7, 27, 2, 29][17, 22, 19][11, 25][0, 22][10, 15][7, 28][7, 24] 
[13, 18, 19, 12, 8, 26][23, 9, 14, 20, 4, 24][1, 3, 11, 17][10, 16, 28, 25][7, 27, 2, 29][15, 6, 5, 21][18, 0, 22][17, 22][0, 28][7, 28][10, 15][7, 24] 
[13, 18, 19, 12, 8, 26][23, 9, 14, 20, 4, 24][15, 6, 5, 21][10, 16, 28, 25][1, 3, 11, 17][7, 27, 2, 29][18, 0, 22][10, 15][0, 28][17, 22][7, 28][7, 24] 
[23, 9, 14, 20, 4, 24][13, 18, 19, 12, 8, 26][7, 27, 2, 29][10, 16, 28, 25][15, 6, 5, 21][1, 3, 11, 17][18, 0, 22][7, 24][7, 28][11, 25][17, 22][10, 15] 
[23, 9, 14, 20, 4, 24][13, 18, 19, 12, 8, 26][15, 6, 5, 21][10, 16, 28, 25][7, 27, 2, 29][1, 3, 11, 17][18, 0, 22][10, 15][7, 28][11, 25][7, 24][17, 22] 
[23, 9, 14, 20, 4, 24][13, 18, 19, 12, 8, 26][10, 16, 28, 25][1, 3, 11, 17][7, 27, 2, 29][15, 6, 5, 21][18, 0, 22][11, 25][7, 28][7, 24][10, 15][17, 22] 
[23, 9, 14, 20, 4, 24][13, 18, 19, 12, 8, 26][15, 6, 5, 21][10, 16, 28, 25][7, 27, 2, 29][1, 3, 11, 17][18, 0, 22][10, 15][7, 28][11, 25][7, 24][17, 22] 
[23, 9, 14, 20, 4, 24][13, 18, 19, 12, 8, 26][7, 27, 2, 29][10, 16, 28, 25][1, 3, 11, 17][15, 6, 5, 21][18, 0, 22][7, 24][7, 28][11, 25][17, 22][10, 15] 
[23, 9, 14, 20, 4, 24][13, 18, 19, 12, 8, 26][15, 6, 5, 21][10, 16, 28, 25][7, 27, 2, 29][1, 3, 11, 17][18, 0, 22][10, 15][7, 28][7, 24][11, 25][17, 22] 
[23, 9, 14, 20, 4, 24][13, 18, 19, 12, 8, 26][1, 3, 11, 17, 22][7, 27, 2, 29][10, 16, 28, 25][15, 6, 5, 21][7, 28][10, 15][7, 24][0, 28][11, 25][0, 18] 
[13, 18, 0, 12, 8, 26][23, 9, 14, 20, 4, 24][1, 3, 11, 17][10, 16, 28, 25][15, 6, 5, 21][7, 27, 2, 29][17, 22, 19][11, 25][0, 22][10, 15][7, 28][7, 24] 
[13, 18, 19, 12, 8, 26][23, 9, 14, 20, 4, 24][15, 6, 5, 21][10, 16, 28, 25][1, 3, 11, 17][7, 27, 2, 29][18, 0, 22][10, 15][0, 28][17, 22][7, 28][7, 24] 
[13, 18, 19, 12, 8, 26][23, 9, 14, 20, 4, 24][1, 3, 11, 17][10, 16, 28, 25][7, 27, 2, 29][15, 6, 5, 21][18, 0, 22][11, 25][7, 28][7, 24][10, 15][17, 22] 
[13, 18, 19, 12, 8, 26][23, 9, 14, 20, 4, 24][1, 3, 11, 17][10, 16, 28, 25][15, 6, 5, 21][7, 27, 2, 29][18, 0, 22][17, 22][11, 25][10, 15][7, 28][7, 24] 
[23, 9, 14, 20, 4, 24][13, 18, 19, 12, 8, 26][7, 27, 2, 29][10, 16, 28, 25][1, 3, 11, 17][15, 6, 5, 21][18, 0, 22][7, 24][7, 28][11, 25][17, 22][10, 15] 
[23, 9, 14, 20, 4, 24][13, 18, 19, 12, 8, 26][1, 3, 11, 17, 22][7, 27, 2, 29][10, 16, 28, 25][15, 6, 5, 21][7, 24][7, 28][11, 25][10, 15][0, 28][0, 18] 
[13, 18, 0, 12, 8, 26][23, 9, 14, 20, 4, 24][1, 3, 11, 17][10, 16, 28, 25][15, 6, 5, 21][7, 27, 2, 29][17, 22, 19][11, 25][0, 22][10, 15][7, 28][7, 24] 
[23, 9, 14, 20, 4, 24][13, 18, 19, 12, 8, 26][7, 27, 2, 29][10, 16, 28, 25][15, 6, 5, 21][1, 3, 11, 17][18, 0, 22][7, 24][7, 28][11, 25][17, 22][10, 15] 
[23, 9, 14, 20, 4, 24][13, 18, 19, 12, 8, 26][1, 3, 11, 17, 22][7, 27, 2, 29][10, 16, 28, 25][15, 6, 5, 21][7, 24][7, 28][11, 25][10, 15][0, 28][0, 18] 
[13, 18, 19, 12, 8, 26][23, 9, 14, 20, 4, 24][1, 3, 11, 17, 22][15, 6, 5, 21][10, 16, 28, 25][7, 27, 2, 29][10, 15][0, 28][0, 18][11, 25][7, 28][7, 24] 
[13, 18, 0, 12, 8, 26][23, 9, 14, 20, 4, 24][1, 3, 11, 17][10, 16, 28, 25][15, 6, 5, 21][7, 27, 2, 29][17, 22, 19][11, 25][0, 22][10, 15][7, 28][7, 24] 
[23, 9, 14, 20, 4, 24][13, 18, 19, 12, 8, 26][7, 27, 2, 29][10, 16, 28, 25][1, 3, 11, 17][15, 6, 5, 21][18, 0, 22][7, 24][7, 28][0, 28][17, 22][10, 15] 
[13, 18, 19, 12, 8, 26][23, 9, 14, 20, 4, 24][10, 16, 28, 25][15, 6, 5, 21][1, 3, 11, 17][7, 27, 2, 29][18, 0, 22][10, 15][11, 25][7, 28][17, 22][7, 24] 
[23, 9, 14, 20, 4, 24][13, 18, 19, 12, 8, 26][15, 6, 5, 21][10, 16, 28, 25][7, 27, 2, 29][1, 3, 11, 17][18, 0, 22][10, 15][7, 28][11, 25][7, 24][17, 22] 
[23, 9, 14, 20, 4, 24][13, 18, 19, 12, 8, 26][15, 6, 5, 21][10, 16, 28, 25][7, 27, 2, 29][1, 3, 11, 17][18, 0, 22][10, 15][7, 28][7, 24][11, 25][17, 22] 
[23, 9, 14, 20, 4, 24][13, 18, 19, 12, 8, 26][1, 3, 11, 17, 22][7, 27, 2, 29][10, 16, 28, 25][15, 6, 5, 21][7, 24][7, 28][11, 25][10, 15][0, 28][0, 18] 
[13, 18, 0, 12, 8, 26][23, 9, 14, 20, 4, 24][1, 3, 11, 17][10, 16, 28, 25][15, 6, 5, 21][7, 27, 2, 29][17, 22, 19][11, 25][0, 22][10, 15][7, 28][7, 24] 
[13, 18, 19, 12, 8, 26][23, 9, 14, 20, 4, 24][1, 3, 11, 17][10, 16, 28, 25][7, 27, 2, 29][15, 6, 5, 21][18, 0, 22][11, 25][7, 28][7, 24][10, 15][17, 22] 
[23, 9, 14, 20, 4, 24][13, 18, 19, 12, 8, 26][1, 3, 11, 17, 22][10, 16, 28, 25][7, 27, 2, 29][15, 6, 5, 21][7, 28][0, 28][11, 25][7, 24][0, 18][10, 15] 
[23, 9, 14, 20, 4, 24][13, 18, 19, 12, 8, 26][1, 3, 11, 17, 22][7, 27, 2, 29][10, 16, 28, 25][15, 6, 5, 21][7, 24][7, 28][11, 25][0, 28][0, 18][10, 15] 
[13, 18, 0, 12, 8, 26][23, 9, 14, 20, 4, 24][1, 3, 11, 17][10, 16, 28, 25][15, 6, 5, 21][7, 27, 2, 29][17, 22, 19][11, 25][0, 22][10, 15][7, 28][7, 24] 
[13, 18, 19, 12, 8, 26][23, 9, 14, 20, 4, 24][1, 3, 11, 17][10, 16, 28, 25][15, 6, 5, 21][7, 27, 2, 29][18, 0, 22][11, 25][10, 15][7, 28][17, 22][7, 24] 
[23, 9, 14, 20, 4, 24][13, 18, 19, 12, 8, 26][1, 3, 11, 17, 22][10, 16, 28, 25][15, 6, 5, 21][7, 27, 2, 29][11, 25][10, 15][7, 28][0, 28][7, 24][0, 18] 
[23, 9, 14, 20, 4, 24][13, 18, 19, 12, 8, 26][1, 3, 11, 17, 22][10, 16, 28, 25][7, 27, 2, 29][15, 6, 5, 21][11, 25][7, 28][7, 24][10, 15][0, 28][0, 18] 
[13, 6, 2, 10, 7, 28, 25, 22, 12, 18, 0, 26, 8, 19, 17][16, 2, 15, 6, 5, 21][17, 11, 3, 1, 9, 23][9, 14, 20, 4, 24][25, 28][10, 29][2, 27][7, 28][7, 28][7, 28][3, 11][2, 15] 
[13, 6, 2, 10, 7, 28, 25, 22, 12, 18, 0, 26, 8, 19, 17][16, 2, 15, 6, 5, 21][17, 11, 3, 1, 9, 23][9, 14, 20, 4, 24][25, 28][10, 29][2, 27][7, 28][7, 28][7, 28][3, 11][2, 15] 
[13, 6, 2, 10, 7, 28, 25, 22, 12, 18, 0, 26, 8, 19, 17][16, 2, 15, 6, 5, 21][17, 11, 3, 1, 9, 23][9, 14, 20, 4, 24][25, 28][10, 29][2, 27][7, 28][7, 28][7, 28][3, 11][2, 15] 
[13, 6, 2, 10, 7, 28, 25, 22, 12, 18, 0, 26, 8, 19][17, 11, 3, 1, 9, 23][16, 2, 15, 6, 5, 21][9, 14, 20, 4, 24][7, 28][2, 27][10, 29][7, 28][7, 28][7, 28][17, 19][7, 28] 
[13, 6, 2, 10, 7, 28, 25, 22, 12, 18, 0, 26, 8, 19][17, 11, 3, 1, 9, 23][16, 2, 15, 6, 5, 21][9, 14, 20, 4, 24][10, 29][2, 27][17, 19][25, 28][7, 28][7, 28][7, 28][3, 11] 
[10, 7, 28, 25, 22, 12, 18, 0, 26, 8, 19, 17][16, 2, 15, 6, 5, 21][23, 9, 14, 20, 4, 24][7, 27, 2, 29][1, 3, 11, 17][13, 18, 17, 19][7, 28][7, 24][9, 14][3, 11][6, 15][2, 27] 
[13, 6, 2, 10, 7, 28, 25, 22, 12, 18, 0, 26, 8, 19, 17][16, 2, 15, 6, 5, 21][17, 11, 3, 1, 9, 23][9, 14, 20, 4, 24][17, 19, 8, 26][7, 28][11, 17][10, 29][2, 27][7, 28][7, 28][11, 17] 
[13, 6, 2, 10, 7, 28, 25, 22, 12, 18, 0, 26, 8, 19, 17][16, 2, 15, 6, 5, 21][17, 11, 3, 1, 9, 23][9, 14, 20, 4, 24][25, 28][10, 29][2, 27][7, 28][7, 28][7, 28][3, 11][2, 15] 
[13, 6, 2, 10, 7, 28, 25, 22, 12, 18, 0, 26, 8, 19][17, 11, 3, 1, 9, 23][16, 2, 15, 6, 5, 21][9, 14, 20, 4, 24][17, 19][10, 29][2, 27][3, 11][7, 28][7, 28][2, 15][7, 28] 
[13, 6, 2, 10, 7, 28, 25, 22, 12, 18, 0, 26, 8, 19, 17][16, 2, 15, 6, 5, 21][17, 11, 3, 1, 9, 23][9, 14, 20, 4, 24][25, 28][10, 29][2, 27][7, 28][7, 28][7, 28][3, 11][2, 15] 
[13, 6, 2, 10, 7, 28, 25, 22, 12, 18, 0, 26, 8, 19, 17][16, 2, 15, 6, 5, 21][17, 11, 3, 1, 9, 23][9, 14, 20, 4, 24][17, 19, 8, 26][7, 28][11, 17][10, 29][2, 27][7, 28][7, 28][11, 17] 
[13, 6, 2, 10, 7, 28, 25, 22, 12, 18, 0, 26, 8, 19, 17][16, 2, 15, 6, 5, 21][17, 11, 3, 1, 9, 23][9, 14, 20, 4, 24][25, 28][10, 29][2, 27][7, 28][7, 28][7, 28][3, 11][2, 15] 
[13, 6, 2, 10, 7, 28, 25, 22, 12, 18, 0, 26, 8, 19][17, 11, 3, 1, 9, 23][16, 2, 15, 6, 5, 21][9, 14, 20, 4, 24][10, 29][17, 19][2, 27][3, 11][7, 28][7, 28][2, 15][7, 28] 
[13, 6, 2, 10, 7, 28, 25, 22, 12, 18, 0, 26, 8, 19, 17][16, 2, 15, 6, 5, 21][17, 11, 3, 1, 9, 23][9, 14, 20, 4, 24][25, 28][10, 29][2, 27][7, 28][7, 28][7, 28][3, 11][2, 15] 
[13, 6, 2, 10, 7, 28, 25, 22, 12, 18, 0, 26, 8, 19, 17][16, 2, 15, 6, 5, 21][17, 11, 3, 1, 9, 23][9, 14, 20, 4, 24][25, 28][10, 29][2, 27][7, 28][7, 28][7, 28][3, 11][2, 15] 
[13, 6, 2, 10, 7, 28, 25, 22, 12, 18, 0, 26, 8, 19, 17][16, 2, 15, 6, 5, 21][17, 11, 3, 1, 9, 23][9, 14, 20, 4, 24][25, 28][10, 29][2, 27][7, 28][7, 28][7, 28][3, 11][2, 15] 
[13, 6, 2, 10, 7, 28, 25, 22, 12, 18, 0, 26, 8, 19, 17][16, 2, 15, 6, 5, 21][17, 11, 3, 1, 9, 23][9, 14, 20, 4, 24][25, 28][10, 29][2, 27][7, 28][7, 28][7, 28][3, 11][2, 15] 
[13, 6, 2, 10, 7, 28, 25, 22, 12, 18, 0, 26, 8, 19, 17][16, 2, 15, 6, 5, 21][11, 3, 1, 9, 23][9, 14, 20, 4, 24][11, 17][10, 29][2, 27][7, 28][7, 28][25, 28][7, 28][7, 28] 
[13, 6, 2, 10, 7, 28, 25, 22, 12, 18, 0, 26, 8, 19, 17][16, 2, 15, 6, 5, 21][17, 11, 3, 1, 9, 23][9, 14, 20, 4, 24][25, 28][10, 29][2, 27][7, 28][7, 28][7, 28][3, 11][2, 15] 
[13, 6, 2, 10, 7, 28, 25, 22, 12, 18, 0, 26, 8, 19, 17][16, 2, 15, 6, 5, 21][17, 11, 3, 1, 9, 23][9, 14, 20, 4, 24][25, 28][10, 29][2, 27][7, 28][7, 28][7, 28][3, 11][2, 15] 
[13, 6, 2, 10, 7, 28, 25, 22, 12, 18, 0, 26, 8, 19, 17][17, 11, 3, 1, 9, 23][16, 2, 15, 6, 5, 21][9, 14, 20, 4, 24][3, 11][10, 29][2, 27][3, 11][7, 28][3, 11][7, 28][7, 28] 
[23, 9, 14, 20, 4, 24][13, 18, 19, 12, 8, 26][7, 27, 2, 29][10, 16, 28, 25][15, 6, 5, 21][1, 3, 11, 17][18, 0, 22][7, 24][7, 28][11, 25][17, 22][10, 15] 
[23, 9, 14, 20, 4, 24][13, 18, 19, 12, 8, 26][10, 16, 28, 25][7, 27, 2, 29][1, 3, 11, 17][15, 6, 5, 21][18, 0, 22][7, 28][7, 24][11, 25][10, 15][17, 22] 
[23, 9, 14, 20, 4, 24][13, 18, 19, 12, 8, 26][10, 16, 28, 25][7, 27, 2, 29][1, 3, 11, 17][15, 6, 5, 21][18, 0, 22][7, 28][7, 24][11, 25][10, 15][17, 22] 
[13, 18, 19, 12, 8, 26][23, 9, 14, 20, 4, 24][10, 16, 28, 25][1, 3, 11, 17][7, 27, 2, 29][15, 6, 5, 21][18, 0, 22][11, 25][17, 22][7, 28][10, 15][7, 24] 
[13, 18, 19, 12, 8, 26][23, 9, 14, 20, 4, 24][1, 3, 11, 17][10, 16, 28, 25][7, 27, 2, 29][15, 6, 5, 21][18, 0, 22][11, 25][7, 28][7, 24][10, 15][17, 22] 
[23, 9, 14, 20, 4, 24][13, 18, 19, 12, 8, 26][15, 6, 5, 21][10, 16, 28, 25][7, 27, 2, 29][1, 3, 11, 17][18, 0, 22][10, 15][7, 28][7, 24][11, 25][17, 22] 
[23, 9, 14, 20, 4, 24][13, 18, 19, 12, 8, 26][7, 27, 2, 29][10, 16, 28, 25][15, 6, 5, 21][1, 3, 11, 17][18, 0, 22][7, 24][7, 28][11, 25][17, 22][10, 15] 
[13, 18, 19, 12, 8, 26][23, 9, 14, 20, 4, 24][1, 3, 11, 17][10, 16, 28, 25][15, 6, 5, 21][7, 27, 2, 29][18, 0, 22][17, 22][11, 25][10, 15][7, 28][7, 24] 
[13, 18, 19, 12, 8, 26][23, 9, 14, 20, 4, 24][1, 3, 11, 17][10, 16, 28, 25][7, 27, 2, 29][15, 6, 5, 21][18, 0, 22][11, 25][7, 28][7, 24][10, 15][17, 22] 
[23, 9, 14, 20, 4, 24][13, 18, 19, 12, 8, 26][7, 27, 2, 29][10, 16, 28, 25][15, 6, 5, 21][1, 3, 11, 17][18, 0, 22][7, 24][7, 28][10, 15][11, 25][17, 22] 
[23, 9, 14, 20, 4, 24][13, 18, 19, 12, 8, 26][10, 16, 28, 25][7, 27, 2, 29][1, 3, 11, 17][15, 6, 5, 21][20, 7, 24][18, 0, 22][7, 28][11, 25][17, 22][10, 15] 
[23, 9, 14, 20, 4, 24][13, 18, 19, 12, 8, 26][10, 16, 28, 25][7, 27, 2, 29][1, 3, 11, 17][15, 6, 5, 21][20, 7, 24][18, 0, 22][7, 28][11, 25][17, 22][10, 15] 
[13, 18, 19, 12, 8, 26][23, 9, 14, 20, 4, 24][1, 3, 11, 17][10, 16, 28, 25][7, 27, 2, 29][15, 6, 5, 21][18, 0, 22][17, 22][11, 25][7, 28][10, 15][7, 24] 
[13, 18, 19, 12, 8, 26][23, 9, 14, 20, 4, 24][1, 3, 11, 17][10, 16, 28, 25][7, 27, 2, 29][15, 6, 5, 21][18, 0, 22][11, 25][7, 28][7, 24][10, 15][17, 22] 
[13, 18, 19, 12, 8, 26][23, 9, 14, 20, 4, 24][1, 3, 11, 17][10, 16, 28, 25][7, 27, 2, 29][15, 6, 5, 21][18, 0, 22][11, 25][7, 28][7, 24][10, 15][17, 22] 
[13, 18, 19, 12, 8, 26][23, 9, 14, 20, 4, 24][1, 3, 11, 17, 22][10, 16, 28, 25][15, 6, 5, 21][7, 27, 2, 29][0, 18][0, 28][10, 15][7, 28][11, 25][7, 24] 
[23, 9, 14, 20, 4, 24][13, 18, 19, 12, 8, 26][1, 3, 11, 17, 22][10, 16, 28, 25][7, 27, 2, 29][15, 6, 5, 21][11, 25][7, 28][10, 15][7, 24][0, 28][0, 18] 
[23, 9, 14, 20, 4, 24][13, 18, 19, 12, 8, 26][1, 3, 11, 17, 22][7, 27, 2, 29][10, 16, 28, 25][15, 6, 5, 21][7, 24][7, 28][11, 25][10, 15][0, 28][0, 18] 
[13, 18, 19, 12, 8, 26][23, 9, 14, 20, 4, 24][1, 3, 11, 17, 22][10, 16, 28, 25][7, 27, 2, 29][15, 6, 5, 21][11, 25][7, 28][10, 15][0, 28][0, 18][7, 24] 
[23, 9, 14, 20, 4, 24][13, 18, 19, 12, 8, 26][1, 3, 11, 17, 22][10, 16, 28, 25][15, 6, 5, 21][7, 27, 2, 29][11, 25][10, 15][0, 28][7, 28][7, 24][0, 18] 
[13, 18, 19, 12, 8, 26][23, 9, 14, 20, 4, 24][1, 3, 11, 17, 22][15, 6, 5, 21][10, 16, 28, 25][7, 27, 2, 29][10, 15][0, 28][0, 22][7, 28][7, 24][0, 18] 
[13, 18, 19, 12, 8, 26][23, 9, 14, 20, 4, 24][1, 3, 11, 17][10, 16, 28, 25][15, 6, 5, 21][7, 27, 2, 29][18, 0, 22][17, 22][11, 25][10, 15][7, 28][7, 24] 
[13, 18, 19, 12, 8, 26][23, 9, 14, 20, 4, 24][1, 3, 11, 17][10, 16, 28, 25][7, 27, 2, 29][15, 6, 5, 21][18, 0, 22][11, 25][7, 28][7, 24][10, 15][17, 22] 
[13, 18, 19, 12, 8, 26][23, 9, 14, 20, 4, 24][1, 3, 11, 17][10, 16, 28, 25][7, 27, 2, 29][15, 6, 5, 21][18, 0, 22][11, 25][7, 28][7, 24][10, 15][17, 22] 
[23, 9, 14, 20, 4, 24][13, 18, 19, 12, 8, 26][7, 27, 2, 29][10, 16, 28, 25][15, 6, 5, 21][1, 3, 11, 17][18, 0, 22][7, 24][7, 28][10, 15][11, 25][17, 22] 
[13, 18, 19, 12, 8, 26][23, 9, 14, 20, 4, 24][12, 18, 0, 22][1, 3, 11, 17][10, 16, 28, 25][15, 6, 5, 21][7, 27, 2, 29][17, 22][11, 25][10, 15][7, 28][7, 24] 
[23, 9, 14, 20, 4, 24][13, 18, 19, 12, 8, 26][7, 27, 2, 29][10, 16, 28, 25][15, 6, 5, 21][1, 3, 11, 17][18, 0, 22][7, 24][7, 28][10, 15][11, 25][17, 22] 
[23, 9, 14, 20, 4, 24][13, 18, 19, 12, 8, 26][15, 6, 5, 21][10, 16, 28, 25][7, 27, 2, 29][1, 3, 11, 17][18, 0, 22][10, 15][7, 28][7, 24][11, 25][17, 22] 
[23, 9, 14, 20, 4, 24][13, 18, 19, 12, 8, 26][1, 3, 11, 17, 22][10, 16, 28, 25][7, 27, 2, 29][15, 6, 5, 21][11, 25][0, 28][7, 28][10, 15][7, 24][0, 18] 
[13, 18, 19, 12, 8, 26][23, 9, 14, 20, 4, 24][1, 3, 11, 17, 22][10, 16, 28, 25][7, 27, 2, 29][15, 6, 5, 21][0, 18][0, 28][7, 28][11, 25][10, 15][7, 24] 
[23, 9, 14, 20, 4, 24][13, 18, 19, 12, 8, 26][1, 3, 11, 17, 22][10, 16, 28, 25][7, 27, 2, 29][15, 6, 5, 21][7, 28][0, 28][11, 25][7, 24][0, 18][10, 15] 
[13, 18, 19, 12, 8, 26][23, 9, 14, 20, 4, 24][1, 3, 11, 17, 22][10, 16, 28, 25][15, 6, 5, 21][7, 27, 2, 29][0, 18][0, 28][11, 25][10, 15][7, 28][7, 24] 
[13, 18, 19, 12, 8, 26][23, 9, 14, 20, 4, 24][1, 3, 11, 17, 22][10, 16, 28, 25][15, 6, 5, 21][7, 27, 2, 29][11, 25][0, 28][0, 18][10, 15][7, 28][7, 24] 
[13, 18, 19, 12, 8, 26][23, 9, 14, 20, 4, 24][1, 3, 11, 17, 22][10, 16, 28, 25][7, 27, 2, 29][15, 6, 5, 21][0, 28][7, 28][0, 18][11, 25][7, 24][10, 15] 
[13, 18, 19, 12, 8, 26][23, 9, 14, 20, 4, 24][1, 3, 11, 17, 22][15, 6, 5, 21][10, 16, 28, 25][7, 27, 2, 29][10, 15][0, 28][0, 18][11, 25][7, 28][7, 24] 
[23, 9, 14, 20, 4, 24][13, 18, 19, 12, 8, 26][1, 3, 11, 17, 22][10, 16, 28, 25][7, 27, 2, 29][15, 6, 5, 21][7, 28][0, 28][11, 25][7, 24][0, 18][10, 15] 
[23, 9, 14, 20, 4, 24][13, 18, 19, 12, 8, 26][1, 3, 11, 17, 22][7, 27, 2, 29][10, 16, 28, 25][15, 6, 5, 21][7, 24][7, 28][11, 25][10, 15][0, 28][0, 18] 
[23, 9, 14, 20, 4, 24][13, 18, 19, 12, 8, 26][1, 3, 11, 17, 22][7, 27, 2, 29][10, 16, 28, 25][15, 6, 5, 21][7, 24][7, 28][11, 25][10, 15][0, 28][0, 18] 
[23, 9, 14, 20, 4, 24][13, 18, 19, 12, 8, 26][1, 3, 11, 17, 22][10, 16, 28, 25][7, 27, 2, 29][15, 6, 5, 21][11, 25][7, 28][10, 15][7, 24][0, 28][0, 18] 
[23, 9, 14, 20, 4, 24][13, 18, 19, 12, 8, 26][1, 3, 11, 17, 22][10, 16, 28, 25][7, 27, 2, 29][15, 6, 5, 21][11, 25][7, 28][7, 24][10, 15][0, 28][0, 18] 
[23, 9, 14, 20, 4, 24][13, 18, 19, 12, 8, 26][1, 3, 11, 17, 22][10, 16, 28, 25][15, 6, 5, 21][7, 27, 2, 29][0, 28][10, 15][11, 25][7, 28][7, 24][0, 18] 
[23, 9, 14, 20, 4, 24][13, 18, 19, 12, 8, 26][1, 3, 11, 17, 22][7, 27, 2, 29][10, 16, 28, 25][15, 6, 5, 21][7, 24][7, 28][11, 25][0, 28][0, 18][10, 15] 
[13, 18, 19, 12, 8, 26][23, 9, 14, 20, 4, 24][1, 3, 11, 17, 22][10, 16, 28, 25][7, 27, 2, 29][15, 6, 5, 21][0, 18][0, 28][7, 28][11, 25][7, 24][10, 15] 
[13, 18, 0, 12, 8, 26][1, 3, 11, 17, 19, 22][23, 9, 14, 20, 4, 24][10, 16, 28, 25][7, 27, 2, 29][15, 6, 5, 21][0, 18][0, 28][11, 25][7, 28][7, 24][10, 15] 
[1, 3, 11, 17, 12, 8, 26][23, 9, 14, 20, 4, 24][13, 18, 0, 22, 19][10, 16, 28, 25][7, 27, 2, 29][15, 6, 5, 21][7, 28][11, 25][10, 15][17, 22][7, 24][11, 17] 
[13, 18, 0, 12, 8, 26][1, 3, 11, 17, 19, 22][23, 9, 14, 20, 4, 24][10, 16, 28, 25][7, 27, 2, 29][15, 6, 5, 21][0, 18][0, 28][11, 25][7, 28][7, 24][10, 15] 
[1, 3, 11, 17, 12, 8, 26][23, 9, 14, 20, 4, 24][13, 18, 0, 22, 19][10, 16, 28, 25][15, 6, 5, 21][7, 27, 2, 29][10, 15][7, 28][7, 24][11, 25][17, 22][0, 22] 
[1, 3, 11, 17, 12, 8, 26][23, 9, 14, 20, 4, 24][13, 18, 0, 22, 19][10, 16, 28, 25][15, 6, 5, 21][7, 27, 2, 29][10, 15][7, 28][7, 24][11, 25][17, 22][0, 22] 
[1, 3, 11, 17, 22, 12][13, 0, 18, 19, 8, 26][23, 9, 14, 20, 4, 24][10, 16, 28, 25][7, 27, 2, 29][15, 6, 5, 21][17, 22][11, 25][0, 28][7, 28][10, 15][7, 24] 
[13, 18, 19, 12, 8, 26][23, 9, 14, 20, 4, 24][12, 18, 0, 22][1, 3, 11, 17][10, 16, 28, 25][15, 6, 5, 21][7, 27, 2, 29][17, 22][11, 25][10, 15][7, 28][7, 24] 
[13, 18, 19, 12, 8, 26][23, 9, 14, 20, 4, 24][1, 3, 11, 17][10, 16, 28, 25][7, 27, 2, 29][15, 6, 5, 21][18, 0, 22][11, 25][7, 28][7, 24][10, 15][17, 22] 
[13, 18, 19, 12, 8, 26][23, 9, 14, 20, 4, 24][1, 3, 11, 17][10, 16, 28, 25][7, 27, 2, 29][15, 6, 5, 21][18, 0, 22][11, 25][7, 28][7, 24][10, 15][17, 22] 
[13, 18, 19, 12, 8, 26][23, 9, 14, 20, 4, 24][1, 3, 11, 17][10, 16, 28, 25][7, 27, 2, 29][15, 6, 5, 21][18, 0, 22][11, 25][7, 28][7, 24][10, 15][17, 22] 
[13, 18, 19, 12, 8, 26][23, 9, 14, 20, 4, 24][1, 3, 11, 17][10, 16, 28, 25][7, 27, 2, 29][15, 6, 5, 21][18, 0, 22][17, 22][11, 25][7, 28][10, 15][7, 24] 
[13, 18, 19, 12, 8, 26][23, 9, 14, 20, 4, 24][1, 3, 11, 17, 22][10, 16, 28, 25][15, 6, 5, 21][7, 27, 2, 29][0, 28][10, 15][7, 28][0, 18][7, 24][11, 25] 
[13, 18, 19, 12, 8, 26][23, 9, 14, 20, 4, 24][1, 3, 11, 17][10, 16, 28, 25][15, 6, 5, 21][7, 27, 2, 29][18, 0, 22][17, 22][11, 25][10, 15][7, 28][7, 24] 
