[9, 1, 4, 24, 3, 23, 20, 14][10, 15, 5, 21][27, 7, 25, 28][2, 16, 6, 13][18, 22, 0, 26][11, 17, 19, 12][10, 27, 29][2, 29][0, 25][8, 26][8, 12][3, 11] 
[9, 1, 4, 24, 3, 23, 20, 14][21, 5, 15, 10, 29][11, 17, 19, 12][18, 22, 0, 26][27, 7, 25, 28][2, 16, 6, 13][8, 12][3, 11][8, 26][0, 25][7, 16][2, 29] 
[9, 1, 4, 24, 3, 23, 20, 14][21, 5, 15, 10, 29][11, 17, 19, 12][18, 22, 0, 26][27, 7, 25, 28][2, 29, 27][13, 6, 16][3, 11][8, 12][8, 26][0, 25][7, 16] 
[9, 1, 4, 24, 3, 23, 20, 14][21, 5, 15, 10, 29][27, 7, 25, 28][18, 22, 0, 26][11, 17, 19, 12][2, 29, 27][13, 6, 16][0, 25][7, 16][8, 26][8, 12][3, 11] 
[9, 1, 4, 24, 3, 23, 20, 14][10, 15, 5, 21][27, 7, 25, 28][18, 22, 0, 26][11, 17, 19, 12][2, 16, 6, 13][10, 27, 29][0, 25][8, 26][8, 12][2, 29][3, 11] 
[9, 1, 4, 24, 3, 23, 20, 14][10, 15, 5, 21][2, 16, 6, 13][27, 7, 25, 28][18, 22, 0, 26][11, 17, 19, 12][10, 27, 29][2, 29][0, 25][8, 26][8, 12][3, 11] 
[9, 1, 4, 24, 3, 23, 20, 14][21, 5, 15, 10, 29][27, 7, 25, 28][2, 16, 6, 13][18, 22, 0, 26][11, 17, 19, 12][7, 16][0, 25][8, 26][2, 29][8, 12][3, 11] 
[9, 1, 4, 24, 3, 23, 20, 14][21, 5, 15, 10, 29][18, 22, 0, 26][27, 7, 25, 28][2, 16, 6, 13][11, 17, 19, 12][0, 25][7, 16][27, 29][8, 26][8, 12][3, 11] 
[9, 1, 4, 24, 3, 23, 20, 14][21, 5, 15, 10, 29][11, 17, 19, 12][18, 22, 0, 26][27, 7, 25, 28][2, 16, 6, 13][3, 11][8, 12][8, 26][0, 25][7, 16][27, 29] 
[9, 1, 4, 24, 3, 23, 20, 14][21, 5, 15, 10, 29][11, 17, 19, 12][18, 22, 0, 26][27, 7, 25, 28][2, 16, 6, 13][3, 11][8, 12][8, 26][0, 25][7, 16][27, 29] 
[9, 1, 4, 24, 3, 23, 20, 14][11, 17, 19, 12][18, 22, 0, 26][27, 7, 25, 28][10, 15, 5, 21][2, 16, 6, 13][10, 27, 29][3, 11][8, 12][8, 26][0, 25][2, 29] 
[9, 1, 4, 24, 3, 23, 20, 14][21, 5, 15, 10, 29][18, 22, 0, 26][27, 7, 25, 28][11, 17, 19, 12][2, 16, 6, 13][8, 26][0, 25][8, 12][7, 16][3, 11][2, 29] 
[9, 1, 4, 24, 3, 23, 20, 14][21, 5, 15, 10, 29][18, 22, 0, 26][27, 7, 25, 28][11, 17, 19, 12][13, 6, 16][2, 29, 27][0, 25][7, 16][8, 26][8, 12][3, 11] 
[9, 1, 4, 24, 3, 23, 20, 14][10, 15, 5, 21][27, 7, 25, 28][18, 22, 0, 26][11, 17, 19, 12][2, 16, 6, 13][10, 27, 29][0, 25][8, 26][8, 12][2, 29][3, 11] 
[9, 1, 4, 24, 3, 23, 20, 14][11, 17, 19, 12][18, 22, 0, 26][27, 7, 25, 28][10, 15, 5, 21][2, 16, 6, 13][10, 27, 29][3, 11][8, 12][8, 26][0, 25][2, 29] 
[9, 1, 4, 24, 3, 23, 20, 14][21, 5, 15, 10, 29][11, 17, 19, 12][18, 22, 0, 26][27, 7, 25, 28][2, 16, 6, 13][3, 11][8, 12][8, 26][0, 25][27, 29][7, 16] 
[9, 1, 4, 24, 3, 23, 20, 14][2, 16, 6, 13][10, 15, 5, 21][27, 7, 25, 28][18, 22, 0, 26][11, 17, 19, 12][10, 27, 29][2, 29][0, 25][8, 26][8, 12][3, 11] 
[9, 1, 4, 24, 3, 23, 20, 14][21, 5, 15, 10, 29][11, 17, 19, 12][18, 22, 0, 26][27, 7, 25, 28][2, 16, 6, 13][3, 11][8, 12][8, 26][0, 25][7, 16][2, 29] 
[9, 1, 4, 24, 3, 23, 20, 14][11, 17, 19, 12][18, 22, 0, 26][27, 7, 25, 28][10, 15, 5, 21][2, 16, 6, 13][10, 27, 29][3, 11][8, 12][8, 26][0, 25][2, 29] 
[9, 1, 4, 24, 3, 23, 20, 14][10, 15, 5, 21][27, 7, 25, 28][18, 22, 0, 26][11, 17, 19, 12][2, 16, 6, 13][10, 27, 29][0, 25][8, 26][8, 12][2, 29][3, 11] 
[9, 1, 4, 24, 3, 23, 20, 14][10, 15, 5, 21][27, 7, 25, 28][2, 16, 6, 13][18, 22, 0, 26][11, 17, 19, 12][10, 27, 29][2, 29][0, 25][8, 26][8, 12][3, 11] 
[9, 1, 4, 24, 3, 23, 20, 14][21, 5, 15, 10, 29][2, 16, 6, 13][27, 7, 25, 28][18, 22, 0, 26][11, 17, 19, 12][2, 29][7, 16][0, 25][8, 26][8, 12][3, 11] 
[9, 1, 4, 24, 3, 23, 20, 14][21, 5, 15, 10, 29][11, 17, 19, 12][18, 22, 0, 26][27, 7, 25, 28][2, 29, 27][13, 6, 16][3, 11][8, 12][8, 26][0, 25][7, 16] 
[9, 1, 4, 24, 3, 23, 20, 14][11, 17, 19, 12][18, 22, 0, 26][27, 7, 25, 28][10, 15, 5, 21][2, 16, 6, 13][10, 27, 29][3, 11][8, 12][8, 26][0, 25][2, 29] 
[9, 1, 4, 24, 3, 23, 20, 14][10, 15, 5, 21][27, 7, 25, 28][18, 22, 0, 26][11, 17, 19, 12][2, 16, 6, 13][10, 27, 29][0, 25][8, 26][8, 12][2, 29][3, 11] 
[9, 1, 4, 24, 3, 23, 20, 14][21, 5, 15, 10, 29][18, 22, 0, 26][27, 7, 25, 28][11, 17, 19, 12][2, 16, 6, 13][0, 25][27, 29][8, 26][8, 12][3, 11][7, 16] 
[9, 1, 4, 24, 3, 23, 20, 14][2, 16, 6, 13][27, 7, 25, 28][10, 15, 5, 21][18, 22, 0, 26][11, 17, 19, 12][10, 27, 29][2, 29][0, 25][8, 26][8, 12][3, 11] 
[9, 1, 4, 24, 3, 23, 20, 14][21, 5, 15, 10, 29][2, 16, 6, 13][27, 7, 25, 28][18, 22, 0, 26][11, 17, 19, 12][2, 29][7, 16][0, 25][8, 26][8, 12][3, 11] 
[9, 1, 4, 24, 3, 23, 20, 14][10, 15, 5, 21][27, 7, 25, 28][18, 22, 0, 26][11, 17, 19, 12][2, 16, 6, 13][10, 27, 29][0, 25][8, 26][8, 12][2, 29][3, 11] 
[9, 1, 4, 24, 3, 23, 20, 14][10, 15, 5, 21][27, 7, 25, 28][18, 22, 0, 26][11, 17, 19, 12][2, 16, 6, 13][10, 27, 29][0, 25][8, 26][8, 12][2, 29][3, 11] 
[9, 1, 4, 24, 3, 23, 20, 14][10, 15, 5, 21][27, 7, 25, 28][18, 22, 0, 26][2, 16, 6, 13][11, 17, 19, 12][10, 27, 29][0, 25][2, 29][8, 26][8, 12][3, 11] 
[9, 1, 4, 24, 3, 23, 20, 14][21, 5, 15, 10, 29][11, 17, 19, 12][18, 22, 0, 26][27, 7, 25, 28][2, 16, 6, 13][3, 11][8, 12][8, 26][0, 25][7, 16][2, 29] 
[9, 1, 4, 24, 3, 23, 20, 14][2, 16, 6, 13][27, 7, 25, 28][10, 15, 5, 21][18, 22, 0, 26][11, 17, 19, 12][10, 27, 29][2, 29][0, 25][8, 26][8, 12][3, 11] 
[9, 1, 4, 24, 3, 23, 20, 14][10, 15, 5, 21][27, 7, 25, 28][18, 22, 0, 26][11, 17, 19, 12][2, 16, 6, 13][10, 27, 29][0, 25][8, 26][8, 12][2, 29][3, 11] 
[9, 1, 4, 24, 3, 23, 20, 14][11, 17, 19, 12][18, 22, 0, 26][27, 7, 25, 28][10, 15, 5, 21][2, 16, 6, 13][10, 27, 29][3, 11][8, 12][8, 26][0, 25][2, 29] 
[2, 29, 15, 27, 7, 4, 1, 9, 3, 14, 20, 24, 23][21, 15, 5, 6, 10, 16, 28, 25, 22][13, 18, 0, 26, 8, 12, 17, 22][11, 17][0, 26][8, 12][4, 7][0, 26][0, 26][0, 26][4, 7][17, 19] 
[2, 29, 15, 27, 7, 4, 1, 9, 3, 14, 20, 24, 23][21, 15, 5, 6, 10, 16, 28, 25, 22][13, 18, 0, 26, 8, 12, 17, 22][11, 17][0, 26][8, 12][4, 7][0, 26][0, 26][0, 26][4, 7][17, 19] 
[2, 29, 15, 27, 7, 4, 1, 9, 3, 14, 20, 24, 23][21, 15, 5, 6, 10, 16, 28, 25, 22][13, 18, 0, 26, 8, 12, 17, 22][11, 17][0, 26][8, 12][4, 7][0, 26][0, 26][0, 26][4, 7][17, 19] 
[22, 25, 28, 16, 10, 6, 5, 15, 21, 2, 29][23, 24, 20, 14, 3, 9, 1, 4, 7, 27][13, 18, 0, 26, 8, 12, 17, 22][11, 17, 19][15, 21][4, 7][15, 27][4, 7][0, 26][15, 21][0, 26][0, 26] 
[22, 25, 28, 16, 10, 6, 5, 15, 21, 2, 29][23, 24, 20, 14, 3, 9, 1, 4, 7, 27][13, 18, 0, 26, 8, 12, 17, 22][11, 17, 19][15, 21][4, 7][15, 27][4, 7][0, 26][15, 21][0, 26][0, 26] 
[22, 25, 28, 16, 10, 6, 5, 15, 21, 2, 29][7, 4, 3, 1, 24, 14, 20, 23, 9][13, 18, 0, 26, 8, 12, 17, 22][11, 17, 19][8, 26][0, 26][27, 29][7, 27][8, 12][8, 12][8, 26][0, 26] 
[2, 29, 15, 27, 7, 4, 1, 9, 3, 14, 20, 24, 23][21, 15, 5, 6, 10, 16, 28, 25, 22][13, 18, 0, 26, 8, 12, 17, 22][11, 17][0, 26][8, 12][4, 7][0, 26][0, 26][0, 26][4, 7][17, 19] 
[2, 29, 15, 27, 7, 4, 1, 9, 3, 14, 20, 24, 23][21, 15, 5, 6, 10, 16, 28, 25, 22][13, 18, 0, 26, 8, 12, 17, 22][11, 17][0, 26][8, 12][4, 7][0, 26][0, 26][0, 26][4, 7][17, 19] 
[22, 25, 28, 16, 10, 6, 5, 15, 21, 2, 29][23, 24, 20, 14, 3, 9, 1, 4, 7, 27][13, 18, 0, 26, 8, 12, 17, 22][11, 17, 19][15, 21][4, 7][15, 27][4, 7][0, 26][15, 21][0, 26][0, 26] 
[2, 29, 15, 27, 7, 4, 1, 9, 3, 14, 20, 24, 23][21, 15, 5, 6, 10, 16, 28, 25, 22][13, 18, 0, 26, 8, 12, 17, 22][11, 17][0, 26][8, 12][4, 7][0, 26][0, 26][0, 26][4, 7][17, 19] 
[2, 29, 15, 27, 7, 4, 1, 9, 3, 14, 20, 24, 23][21, 15, 5, 6, 10, 16, 28, 25, 22][13, 18, 0, 26, 8, 12, 17, 22][11, 17][0, 26][8, 12][4, 7][0, 26][0, 26][0, 26][4, 7][17, 19] 
[2, 29, 15, 27, 7, 4, 1, 9, 3, 14, 20, 24, 23][21, 15, 5, 6, 10, 16, 28, 25, 22][13, 18, 0, 26, 8, 12, 17, 22][11, 17][0, 26][8, 12][4, 7][0, 26][0, 26][0, 26][4, 7][17, 19] 
[22, 25, 28, 16, 10, 6, 5, 15, 21, 2, 29][23, 24, 20, 14, 3, 9, 1, 4, 7, 27][13, 18, 0, 26, 8, 12, 17, 22][11, 17, 19][15, 21][4, 7][15, 27][4, 7][0, 26][15, 21][0, 26][0, 26] 
[2, 29, 15, 27, 7, 4, 1, 9, 3, 14, 20, 24, 23][21, 15, 5, 6, 10, 16, 28, 25, 22][13, 18, 0, 26, 8, 12, 17, 22][11, 17][0, 26][8, 12][4, 7][0, 26][0, 26][0, 26][4, 7][17, 19] 
[2, 29, 15, 27, 7, 4, 1, 9, 3, 14, 20, 24, 23][21, 15, 5, 6, 10, 16, 28, 25, 22][13, 18, 0, 26, 8, 12, 17, 22][11, 17][0, 26][8, 12][4, 7][0, 26][0, 26][0, 26][4, 7][17, 19] 
[15, 27, 7, 4, 1, 9, 3, 14, 20, 24, 23][22, 25, 28, 16, 10, 6, 5, 15, 21, 2, 29][13, 18, 0, 26, 8, 12, 17, 22][11, 17, 19][4, 7][4, 7][0, 26][0, 26][15, 21][7, 27][8, 12][0, 26] 
[15, 27, 7, 4, 1, 9, 3, 14, 20, 24, 23][22, 25, 28, 16, 10, 6, 5, 15, 21, 2, 29][13, 18, 0, 26, 8, 12, 17, 22][11, 17, 19][4, 7][4, 7][0, 26][0, 26][15, 21][7, 27][8, 12][0, 26] 
[2, 29, 15, 27, 7, 4, 1, 9, 3, 14, 20, 24, 23][21, 15, 5, 6, 10, 16, 28, 25, 22][13, 18, 0, 26, 8, 12, 17, 22][11, 17][0, 26][8, 12][4, 7][0, 26][0, 26][0, 26][4, 7][17, 19] 
[15, 27, 7, 4, 1, 9, 3, 14, 20, 24, 23][22, 25, 28, 16, 10, 6, 5, 15, 21, 2, 29][13, 18, 0, 26, 8, 12, 17, 22][11, 17, 19][4, 7][4, 7][0, 26][0, 26][15, 21][7, 27][8, 12][0, 26] 
[15, 27, 7, 4, 1, 9, 3, 14, 20, 24, 23][22, 25, 28, 16, 10, 6, 5, 15, 21, 2, 29][13, 18, 0, 26, 8, 12, 17, 22][11, 17, 19][4, 7][4, 7][0, 26][0, 26][15, 21][7, 27][8, 12][0, 26] 
[15, 27, 7, 4, 1, 9, 3, 14, 20, 24, 23][22, 25, 28, 16, 10, 6, 5, 15, 21, 2, 29][13, 18, 0, 26, 8, 12, 17, 22][11, 17, 19][4, 7][4, 7][0, 26][0, 26][15, 21][7, 27][8, 12][0, 26] 
[9, 1, 4, 24, 3, 23, 20, 14][21, 5, 15, 10, 29][18, 22, 0, 26][27, 7, 25, 28][11, 17, 19, 12][2, 16, 6, 13][0, 25][27, 29][8, 26][8, 12][3, 11][7, 16] 
[9, 1, 4, 24, 3, 23, 20, 14][21, 5, 15, 10, 29][18, 22, 0, 26][27, 7, 25, 28][11, 17, 19, 12][2, 16, 6, 13][10, 27, 29][0, 25][8, 26][8, 12][3, 11][7, 16] 
[9, 1, 4, 24, 3, 23, 20, 14][21, 5, 15, 10, 29][2, 16, 6, 13][27, 7, 25, 28][18, 22, 0, 26][11, 17, 19, 12][7, 16][0, 25][8, 26][27, 29][8, 12][3, 11] 
[9, 1, 4, 24, 3, 23, 20, 14][21, 5, 15, 10, 29][27, 7, 25, 28][2, 16, 6, 13][18, 22, 0, 26][11, 17, 19, 12][27, 29][7, 16][0, 25][8, 26][8, 12][3, 11] 
[9, 1, 4, 24, 3, 23, 20, 14][21, 5, 15, 10, 29][27, 7, 25, 28][2, 16, 6, 13][18, 22, 0, 26][11, 17, 19, 12][27, 29][7, 16][0, 25][8, 26][8, 12][3, 11] 
[9, 1, 4, 24, 3, 23, 20, 14][21, 5, 15, 10, 29][27, 7, 25, 28][2, 16, 6, 13][18, 22, 0, 26][11, 17, 19, 12][27, 29][7, 16][0, 25][8, 26][8, 12][3, 11] 
[9, 1, 4, 24, 3, 23, 20, 14][21, 5, 15, 10, 29][27, 7, 25, 28][2, 16, 6, 13][18, 22, 0, 26][11, 17, 19, 12][27, 29][7, 16][0, 25][8, 26][8, 12][3, 11] 
[9, 1, 4, 24, 3, 23, 20, 14][21, 5, 15, 10, 29][27, 7, 25, 28][18, 22, 0, 26][2, 16, 6, 13][11, 17, 19, 12][0, 25][7, 16][8, 26][8, 12][27, 29][3, 11] 
[9, 1, 4, 24, 3, 23, 20, 14][21, 5, 15, 10, 29][11, 17, 19, 12][18, 22, 0, 26][27, 7, 25, 28][2, 16, 6, 13][3, 11][8, 12][8, 26][0, 25][27, 29][7, 16] 
[9, 1, 4, 24, 3, 23, 20, 14][21, 5, 15, 10, 29][18, 22, 0, 26][27, 7, 25, 28][11, 17, 19, 12][2, 16, 6, 13][0, 25][8, 26][8, 12][7, 16][3, 11][27, 29] 
[9, 1, 4, 24, 3, 23, 20, 14][21, 5, 15, 10, 29][27, 7, 25, 28][2, 16, 6, 13][18, 22, 0, 26][11, 17, 19, 12][27, 29][7, 16][0, 25][8, 26][8, 12][3, 11] 
[9, 1, 4, 24, 3, 23, 20, 14][21, 5, 15, 10, 29][2, 16, 6, 13][27, 7, 25, 28][18, 22, 0, 26][11, 17, 19, 12][7, 16][27, 29][0, 25][8, 26][8, 12][3, 11] 
[9, 1, 4, 24, 3, 23, 20, 14][21, 5, 15, 10, 29][18, 22, 0, 26][27, 7, 25, 28][2, 16, 6, 13][11, 17, 19, 12][8, 26][0, 25][7, 16][27, 29][8, 12][3, 11] 
[9, 1, 4, 24, 3, 23, 20, 14][21, 5, 15, 10, 29][18, 22, 0, 26][27, 7, 25, 28][2, 16, 6, 13][11, 17, 19, 12][0, 25][8, 26][7, 16][27, 29][8, 12][3, 11] 
[9, 1, 4, 24, 3, 23, 20, 14][21, 5, 15, 10, 29][2, 16, 6, 13][27, 7, 25, 28][18, 22, 0, 26][11, 17, 19, 12][7, 16][0, 25][8, 26][27, 29][8, 12][3, 11] 
[9, 1, 4, 24, 3, 23, 20, 14][11, 17, 19, 12][18, 22, 0, 26][27, 7, 25, 28][10, 15, 5, 21][2, 16, 6, 13][10, 27, 29][8, 12][8, 26][0, 25][2, 29][3, 11] 
[9, 1, 4, 24, 3, 23, 20, 14][11, 17, 19, 12][18, 22, 0, 26][27, 7, 25, 28][10, 15, 5, 21][2, 16, 6, 13][10, 27, 29][3, 11][8, 12][8, 26][0, 25][2, 29] 
[9, 1, 4, 24, 3, 23, 20, 14][11, 17, 19, 12][18, 22, 0, 26][27, 7, 25, 28][10, 15, 5, 21][2, 16, 6, 13][10, 27, 29][3, 11][8, 12][8, 26][0, 25][2, 29] 
[9, 1, 4, 24, 3, 23, 20, 14][11, 17, 19, 12][18, 22, 0, 26][27, 7, 25, 28][10, 15, 5, 21][2, 16, 6, 13][10, 27, 29][8, 12][8, 26][0, 25][2, 29][3, 11] 
[9, 1, 4, 24, 3, 23, 20, 14][11, 17, 19, 12][18, 22, 0, 26][27, 7, 25, 28][10, 15, 5, 21][2, 16, 6, 13][10, 27, 29][3, 11][8, 12][8, 26][0, 25][2, 29] 
[9, 1, 4, 24, 3, 23, 20, 14][21, 5, 15, 10, 29][2, 16, 6, 13][27, 7, 25, 28][18, 22, 0, 26][11, 17, 19, 12][2, 29][27, 29][0, 25][8, 26][8, 12][3, 11] 
[9, 1, 4, 24, 3, 23, 20, 14][21, 5, 15, 10, 29][27, 7, 25, 28][2, 16, 6, 13][18, 22, 0, 26][11, 17, 19, 12][27, 29][7, 16][0, 25][8, 26][8, 12][3, 11] 
[9, 1, 4, 24, 3, 23, 20, 14][21, 5, 15, 10, 29][27, 7, 25, 28][2, 16, 6, 13][18, 22, 0, 26][11, 17, 19, 12][27, 29][7, 16][0, 25][8, 26][8, 12][3, 11] 
[9, 1, 4, 24, 3, 23, 20, 14][21, 5, 15, 10, 29][18, 22, 0, 26][27, 7, 25, 28][11, 17, 19, 12][2, 16, 6, 13][10, 27, 29][0, 25][8, 26][8, 12][3, 11][7, 16] 
[9, 1, 4, 24, 3, 23, 20, 14][21, 5, 15, 10, 29][27, 7, 25, 28][2, 16, 6, 13][18, 22, 0, 26][11, 17, 19, 12][27, 29][7, 16][0, 25][8, 26][8, 12][3, 11] 
[9, 1, 4, 24, 3, 23, 20, 14][21, 5, 15, 10, 29][2, 16, 6, 13][27, 7, 25, 28][18, 22, 0, 26][11, 17, 19, 12][7, 16][27, 29][0, 25][8, 26][8, 12][3, 11] 
[9, 1, 4, 24, 3, 23, 20, 14][27, 7, 25, 28][10, 15, 5, 21][2, 16, 6, 13][18, 22, 0, 26][11, 17, 19, 12][10, 27, 29][2, 29][0, 25][8, 26][8, 12][3, 11] 
[9, 1, 4, 24, 3, 23, 20, 14][21, 5, 15, 10, 29][18, 22, 0, 26][27, 7, 25, 28][2, 16, 6, 13][11, 17, 19, 12][0, 25][7, 16][27, 29][8, 26][8, 12][3, 11] 
[9, 1, 4, 24, 3, 23, 20, 14][11, 17, 19, 12][18, 22, 0, 26][27, 7, 25, 28][10, 15, 5, 21][2, 16, 6, 13][10, 27, 29][3, 11][8, 12][8, 26][0, 25][2, 29] 
[9, 1, 4, 24, 3, 23, 20, 14][2, 16, 6, 13][27, 7, 25, 28][10, 15, 5, 21][18, 22, 0, 26][11, 17, 19, 12][10, 27, 29][2, 29][0, 25][8, 26][8, 12][3, 11] 
[9, 1, 4, 24, 3, 23, 20, 14][18, 22, 0, 26][27, 7, 25, 28][10, 15, 5, 21][2, 16, 6, 13][11, 17, 19, 12][10, 27, 29][8, 26][0, 25][2, 29][8, 12][3, 11] 
[9, 1, 4, 24, 3, 23, 20, 14][10, 15, 5, 21][27, 7, 25, 28][18, 22, 0, 26][11, 17, 19, 12][2, 16, 6, 13][10, 27, 29][0, 25][8, 26][8, 12][2, 29][3, 11] 
[9, 1, 4, 24, 3, 23, 20, 14][11, 17, 19, 12][18, 22, 0, 26][27, 7, 25, 28][10, 15, 5, 21][2, 16, 6, 13][10, 27, 29][3, 11][8, 12][8, 26][0, 25][2, 29] 
[9, 1, 4, 24, 3, 23, 20, 14][11, 17, 19, 12][18, 22, 0, 26][27, 7, 25, 28][10, 15, 5, 21][2, 16, 6, 13][10, 27, 29][3, 11][8, 12][8, 26][0, 25][2, 29] 
[9, 1, 4, 24, 3, 23, 20, 14][10, 15, 5, 21][27, 7, 25, 28][2, 16, 6, 13][18, 22, 0, 26][11, 17, 19, 12][10, 27, 29][2, 29][0, 25][8, 26][8, 12][3, 11] 
[9, 1, 4, 24, 3, 23, 20, 14][18, 22, 0, 26][27, 7, 25, 28][10, 15, 5, 21][2, 16, 6, 13][11, 17, 19, 12][10, 27, 29][8, 26][0, 25][2, 29][8, 12][3, 11] 
[9, 1, 4, 24, 3, 23, 20, 14][10, 15, 5, 21][27, 7, 25, 28][2, 16, 6, 13][18, 22, 0, 26][11, 17, 19, 12][10, 27, 29][2, 29][0, 25][8, 26][8, 12][3, 11] 
[9, 1, 4, 24, 3, 23, 20, 14][10, 15, 5, 21][27, 7, 25, 28][18, 22, 0, 26][11, 17, 19, 12][2, 16, 6, 13][10, 27, 29][0, 25][8, 26][8, 12][2, 29][3, 11] 
[9, 1, 4, 24, 3, 23, 20, 14][10, 15, 5, 21][27, 7, 25, 28][18, 22, 0, 26][11, 17, 19, 12][2, 16, 6, 13][10, 27, 29][0, 25][8, 26][8, 12][2, 29][3, 11] 
[9, 1, 4, 24, 3, 23, 20, 14][11, 17, 19, 12][18, 22, 0, 26][27, 7, 25, 28][10, 15, 5, 21][2, 16, 6, 13][10, 27, 29][3, 11][8, 12][8, 26][0, 25][2, 29] 
[9, 1, 4, 24, 3, 23, 20, 14][11, 17, 19, 12][18, 22, 0, 26][27, 7, 25, 28][10, 15, 5, 21][2, 16, 6, 13][10, 27, 29][3, 11][8, 12][8, 26][0, 25][2, 29] 
[9, 1, 4, 24, 3, 23, 20, 14][11, 17, 19, 12][18, 22, 0, 26][27, 7, 25, 28][10, 15, 5, 21][2, 16, 6, 13][10, 27, 29][3, 11][8, 12][8, 26][0, 25][2, 29] 
[9, 1, 4, 24, 3, 23, 20, 14][10, 15, 5, 21][27, 7, 25, 28][18, 22, 0, 26][11, 17, 19, 12][2, 16, 6, 13][10, 27, 29][0, 25][8, 26][8, 12][2, 29][3, 11] 
[9, 1, 4, 24, 3, 23, 20, 14][2, 29, 10, 15, 5, 21][27, 7, 25, 28][7, 16, 6, 13][18, 22, 0, 26][11, 17, 19, 12][27, 29][0, 25][8, 26][8, 12][3, 11][17, 19] 
[9, 1, 4, 24, 3, 23, 20, 14][2, 29, 10, 15, 5, 21][7, 16, 6, 13][27, 7, 25, 28][18, 22, 0, 26][11, 17, 19, 12][0, 25][8, 26][8, 12][17, 19][27, 29][3, 11] 
[9, 1, 4, 24, 3, 23, 20, 14][2, 29, 10, 15, 5, 21][7, 16, 6, 13][27, 7, 25, 28][18, 22, 0, 26][11, 17, 19, 12][0, 25][8, 26][8, 12][17, 19][27, 29][3, 11] 
[9, 1, 4, 24, 3, 23, 20, 14][2, 29, 10, 15, 5, 21][27, 7, 25, 28][7, 16, 6, 13][18, 22, 0, 26][11, 17, 19, 12][27, 29][0, 25][8, 26][8, 12][3, 11][17, 19] 
[9, 1, 4, 24, 3, 23, 20, 14][2, 29, 10, 15, 5, 21][27, 7, 25, 28][7, 16, 6, 13][18, 22, 0, 26][11, 17, 19, 12][27, 29][0, 25][8, 26][8, 12][3, 11][17, 19] 
[9, 1, 4, 24, 3, 23, 20, 14][2, 29, 10, 15, 5, 21][7, 16, 6, 13][27, 7, 25, 28][18, 22, 0, 26][11, 17, 19, 12][0, 25][8, 26][8, 12][17, 19][27, 29][3, 11] 
[9, 1, 4, 24, 3, 23, 20, 14][27, 7, 25, 28][10, 15, 5, 21][2, 16, 6, 13][18, 22, 0, 26][11, 17, 19, 12][10, 27, 29][2, 29][0, 25][8, 26][8, 12][3, 11] 
[9, 1, 4, 24, 3, 23, 20, 14][2, 16, 6, 13][27, 7, 25, 28][10, 15, 5, 21][18, 22, 0, 26][11, 17, 19, 12][10, 27, 29][2, 29][0, 25][8, 26][8, 12][3, 11] 
[9, 1, 4, 24, 3, 23, 20, 14][10, 15, 5, 21][27, 7, 25, 28][18, 22, 0, 26][11, 17, 19, 12][2, 16, 6, 13][10, 27, 29][0, 25][8, 26][8, 12][2, 29][3, 11] 
[9, 1, 4, 24, 3, 23, 20, 14][11, 17, 19, 12][18, 22, 0, 26][27, 7, 25, 28][10, 15, 5, 21][2, 16, 6, 13][10, 27, 29][3, 11][8, 12][8, 26][0, 25][2, 29] 
[9, 1, 4, 24, 3, 23, 20, 14][11, 17, 19, 12][18, 22, 0, 26][27, 7, 25, 28][10, 15, 5, 21][2, 16, 6, 13][10, 27, 29][3, 11][8, 12][8, 26][0, 25][2, 29] 
[9, 1, 4, 24, 3, 23, 20, 14][10, 15, 5, 21][27, 7, 25, 28][18, 22, 0, 26][11, 17, 19, 12][2, 16, 6, 13][10, 27, 29][0, 25][8, 26][8, 12][2, 29][3, 11] 
[9, 1, 4, 24, 3, 23, 20, 14][21, 5, 15, 10, 29][18, 22, 0, 26][27, 7, 25, 28][2, 16, 6, 13][11, 17, 19, 12][8, 26][0, 25][7, 16][27, 29][8, 12][3, 11] 
