[0, 25, 28, 16, 15, 10][21, 5, 6, 2, 29, 27][9, 1, 3, 4, 20][13, 18, 22, 19][17, 12, 8, 26][9, 14, 11][23, 14, 24][12, 18][0, 18][7, 25][7, 27][11, 17] 
[21, 5, 6, 2, 29, 27][9, 1, 3, 4, 20][10, 15, 16, 28, 25][17, 12, 8, 26][12, 18, 22, 19][9, 14, 11][23, 14, 24][13, 0, 18][11, 17][17, 28][7, 16][7, 27] 
[21, 5, 6, 2, 29, 27][9, 1, 3, 4, 20][10, 15, 16, 28, 25][17, 12, 8, 26][12, 18, 22, 19][9, 14, 11][23, 14, 24][13, 0, 18][11, 17][17, 28][7, 16][7, 27] 
[9, 1, 3, 4, 20, 23][21, 5, 6, 2, 29, 27][10, 15, 16, 28, 25][17, 12, 8, 26][12, 18, 22, 19][13, 0, 18][23, 14, 24][11, 17][11, 14][17, 28][7, 16][7, 27] 
[21, 5, 6, 2, 29, 27][10, 15, 16, 28, 25][9, 1, 3, 4, 20][13, 18, 22, 19][17, 12, 8, 26][0, 25, 7][9, 14, 11][14, 24, 23][7, 27][0, 18][12, 18][11, 17] 
[0, 25, 28, 16, 15, 10][21, 5, 6, 2, 29, 27][9, 1, 3, 4, 20][17, 12, 8, 26][13, 18, 22, 19][9, 14, 11][23, 14, 24][11, 17][12, 18][0, 18][7, 16][7, 27] 
[21, 5, 6, 2, 29, 27][9, 1, 3, 4, 20][10, 15, 16, 28, 25][17, 12, 8, 26][12, 18, 22, 19][9, 14, 11][23, 14, 24][13, 0, 18][11, 17][17, 28][7, 16][7, 27] 
[21, 5, 6, 2, 29, 27][10, 15, 16, 28, 25][9, 1, 3, 4, 20][13, 18, 22, 19][17, 12, 8, 26][0, 25, 7][9, 14, 11][23, 14, 24][0, 18][7, 27][12, 18][11, 17] 
[21, 5, 6, 2, 29, 27][9, 1, 3, 4, 20][10, 15, 16, 28, 25][17, 12, 8, 26][13, 18, 22, 19][9, 14, 11][23, 14, 24][0, 25, 7][11, 17][12, 18][0, 18][7, 27] 
[21, 5, 6, 2, 29, 27][10, 15, 16, 28, 25][9, 1, 3, 4, 20][13, 18, 22, 19][17, 12, 8, 26][0, 25, 7][9, 14, 11][23, 14, 24][0, 18][7, 27][12, 18][11, 17] 
[0, 25, 28, 16, 15, 10][21, 5, 6, 2, 29, 27][9, 1, 3, 4, 20][17, 12, 8, 26][13, 18, 22, 19][9, 14, 11][23, 14, 24][12, 18][11, 17][0, 18][7, 25][7, 27] 
[21, 5, 6, 2, 29, 27][10, 15, 16, 28, 25][9, 1, 3, 4, 20][17, 12, 8, 26][12, 18, 22, 19][13, 0, 18][9, 14, 11][23, 14, 24][7, 16][7, 27][17, 28][11, 17] 
[21, 5, 6, 2, 29, 27][0, 25, 28, 16, 15, 10][9, 1, 3, 4, 20][17, 12, 8, 26][13, 0, 18][18, 22, 19][9, 14, 11][23, 14, 24][7, 27][7, 16][12, 18][11, 17] 
[21, 5, 6, 2, 29, 27][9, 1, 3, 4, 20][10, 15, 16, 28, 25][13, 18, 22, 19][17, 12, 8, 26][9, 14, 11][0, 25, 7][14, 24, 23][12, 18][11, 17][0, 18][7, 27] 
[0, 25, 28, 16, 15, 10][21, 5, 6, 2, 29, 27][9, 1, 3, 4, 20][13, 18, 22, 19][17, 12, 8, 26][9, 14, 11][23, 14, 24][0, 18][7, 16][12, 18][7, 27][11, 17] 
[21, 5, 6, 2, 29, 27][9, 1, 3, 4, 20][10, 15, 16, 28, 25][17, 12, 8, 26][13, 18, 22, 19][9, 14, 11][23, 14, 24][0, 25, 7][11, 17][12, 18][0, 18][7, 27] 
[0, 25, 28, 16, 15, 10][21, 5, 6, 2, 29, 27][9, 1, 3, 4, 20][17, 12, 8, 26][13, 18, 22, 19][9, 14, 11][23, 14, 24][11, 17][12, 18][0, 18][7, 25][7, 27] 
[21, 5, 6, 2, 29, 27][10, 15, 16, 28, 25][9, 1, 3, 4, 20][17, 12, 8, 26][12, 18, 22, 19][13, 0, 18][9, 14, 11][23, 14, 24][7, 27][7, 16][17, 28][11, 17] 
[21, 5, 6, 2, 29, 27][9, 1, 3, 4, 20][10, 15, 16, 28, 25][13, 18, 22, 19][17, 12, 8, 26][9, 14, 11][14, 24, 23][0, 25, 7][12, 18][11, 17][0, 18][7, 27] 
[0, 25, 28, 16, 15, 10][21, 5, 6, 2, 29, 27][9, 1, 3, 4, 20][17, 12, 8, 26][13, 18, 22, 19][9, 14, 11][23, 14, 24][12, 18][0, 18][11, 17][7, 25][7, 27] 
[0, 25, 28, 16, 15, 10][21, 5, 6, 2, 29, 27][9, 1, 3, 4, 20][17, 12, 8, 26][13, 18, 22, 19][9, 14, 11][23, 14, 24][12, 18][11, 17][0, 18][7, 25][7, 27] 
[21, 5, 6, 2, 29, 27][9, 1, 3, 4, 20][10, 15, 16, 28, 25][17, 12, 8, 26][12, 18, 22, 19][9, 14, 11][23, 14, 24][13, 0, 18][11, 17][17, 28][7, 16][7, 27] 
[21, 5, 6, 2, 29, 27][9, 1, 3, 4, 20][10, 15, 16, 28, 25][17, 12, 8, 26][12, 18, 22, 19][9, 14, 11][23, 14, 24][13, 0, 18][11, 17][17, 28][7, 16][7, 27] 
[21, 5, 6, 2, 29, 27][10, 15, 16, 28, 25][9, 1, 3, 4, 20][13, 18, 22, 19][17, 12, 8, 26][0, 25, 7][9, 14, 11][14, 24, 23][7, 27][0, 18][12, 18][11, 17] 
[0, 25, 28, 16, 15, 10][21, 5, 6, 2, 29, 27][9, 1, 3, 4, 20][13, 18, 22, 19][17, 12, 8, 26][9, 14, 11][23, 14, 24][0, 18][7, 16][12, 18][7, 27][11, 17] 
[21, 5, 6, 2, 29, 27][9, 1, 3, 4, 20][10, 15, 16, 28, 25][13, 18, 22, 19][17, 12, 8, 26][9, 14, 11][23, 14, 24][0, 25, 7][12, 18][11, 17][0, 18][7, 27] 
[0, 25, 28, 16, 15, 10][21, 5, 6, 2, 29, 27][9, 1, 3, 4, 20][17, 12, 8, 26][13, 18, 22, 19][9, 14, 11][23, 14, 24][12, 18][0, 18][7, 25][11, 17][7, 27] 
[21, 5, 6, 2, 29, 27][10, 15, 16, 28, 25][9, 1, 3, 4, 20][17, 12, 8, 26][12, 18, 22, 19][13, 0, 18][9, 14, 11][23, 14, 24][7, 16][7, 27][17, 28][11, 17] 
[21, 5, 6, 2, 29, 27][10, 15, 16, 28, 25][9, 1, 3, 4, 20][13, 18, 22, 19][17, 12, 8, 26][0, 25, 7][9, 14, 11][14, 24, 23][0, 18][7, 27][12, 18][11, 17] 
[0, 25, 28, 16, 15, 10][21, 5, 6, 2, 29, 27][9, 1, 3, 4, 20][17, 12, 8, 26][13, 18, 22, 19][9, 14, 11][23, 14, 24][11, 17][12, 18][0, 18][7, 25][7, 27] 
[0, 25, 28, 16, 15, 10][21, 5, 6, 2, 29, 27][9, 1, 3, 4, 20][13, 18, 22, 19][17, 12, 8, 26][9, 14, 11][23, 14, 24][7, 25][7, 27][0, 18][12, 18][11, 17] 
[21, 5, 6, 2, 29, 27][10, 15, 16, 28, 25][9, 1, 3, 4, 20][17, 12, 8, 26][12, 18, 22, 19][13, 0, 18][9, 14, 11][23, 14, 24][7, 27][7, 16][17, 28][11, 17] 
[21, 5, 6, 2, 29, 27][10, 15, 16, 28, 25][9, 1, 3, 4, 20][13, 18, 22, 19][17, 12, 8, 26][0, 25, 7][9, 14, 11][14, 24, 23][0, 18][7, 27][12, 18][11, 17] 
[0, 25, 28, 16, 15, 10][21, 5, 6, 2, 29, 27][9, 1, 3, 4, 20][13, 18, 22, 19][17, 12, 8, 26][9, 14, 11][23, 14, 24][12, 18][0, 18][7, 25][7, 27][11, 17] 
[0, 25, 28, 16, 15, 10][21, 5, 6, 2, 29, 27][9, 1, 3, 4, 20][17, 12, 8, 26][13, 18, 22, 19][9, 14, 11][23, 14, 24][11, 17][12, 18][0, 18][7, 25][7, 27] 
[9, 3, 11, 17, 0, 22, 25, 28, 16, 27, 10, 21, 5, 15][1, 9, 23, 14, 20, 7, 2, 29][18, 0, 12, 19, 8, 26][23, 4, 24][6, 13, 18][11, 17][12, 19][11, 17][12, 19][8, 19][12, 19][12, 19] 
[9, 3, 11, 17, 0, 22, 25, 28, 16, 27, 10, 21, 5, 15][1, 9, 23, 14, 20, 7, 2, 29][18, 0, 12, 19, 8, 26][6, 13, 18][23, 4, 24][12, 19][8, 19][12, 19][12, 19][12, 19][12, 19][12, 19] 
[9, 3, 11, 17, 0, 22, 25, 28, 16, 27, 10, 21, 5, 15][1, 9, 23, 14, 20, 7, 2, 29][18, 0, 12, 19, 8, 26][6, 13, 18][23, 4, 24][12, 19][8, 19][12, 19][12, 19][12, 19][12, 19][12, 19] 
[24, 4, 23, 20, 7, 14, 3, 11, 17, 0, 12, 19, 8, 26][15, 5, 21, 10, 27, 16, 28, 25, 22][1, 9, 23, 14, 20, 7, 2, 29][18, 13, 6, 21][12, 19][7, 10][8, 19][12, 19][12, 19][12, 19][11, 17][11, 17] 
[24, 4, 23, 20, 7, 14, 3, 11, 17, 0, 12, 19, 8, 26][15, 5, 21, 10, 27, 16, 28, 25, 22][1, 9, 23, 14, 20, 7, 2, 29][18, 13, 6, 21][12, 19][7, 10][8, 19][12, 19][12, 19][12, 19][11, 17][11, 17] 
[24, 4, 23, 20, 7, 14, 3, 11, 17, 0, 12, 19, 8, 26][15, 5, 21, 10, 27, 16, 28, 25, 22][1, 9, 23, 14, 20, 7, 2, 29][6, 13, 18][12, 19][6, 21][8, 19][12, 19][12, 19][12, 19][12, 19][0, 22] 
[9, 3, 11, 17, 0, 22, 25, 28, 16, 27, 10, 21, 5, 15][1, 9, 23, 14, 20, 7, 2, 29][18, 0, 12, 19, 8, 26][23, 4, 24][6, 13, 18][11, 17][12, 19][11, 17][12, 19][8, 19][12, 19][12, 19] 
[9, 3, 11, 17, 0, 22, 25, 28, 16, 27, 10, 21, 5, 15][1, 9, 23, 14, 20, 7, 2, 29][18, 0, 12, 19, 8, 26][23, 4, 24][6, 13, 18][11, 17][12, 19][11, 17][12, 19][8, 19][12, 19][12, 19] 
[24, 4, 23, 20, 7, 14, 3, 11, 17, 0, 12, 19, 8, 26][15, 5, 21, 10, 27, 16, 28, 25, 22][1, 9, 23, 14, 20, 7, 2, 29][18, 13, 6, 21][12, 19][7, 10][8, 19][12, 19][12, 19][12, 19][11, 17][11, 17] 
[9, 3, 11, 17, 0, 22, 25, 28, 16, 27, 10, 21, 5, 15][1, 9, 23, 14, 20, 7, 2, 29][18, 0, 12, 19, 8, 26][6, 13, 18][23, 4, 24][12, 19][8, 19][12, 19][12, 19][12, 19][12, 19][12, 19] 
[9, 3, 11, 17, 0, 22, 25, 28, 16, 27, 10, 21, 5, 15][1, 9, 23, 14, 20, 7, 2, 29][18, 0, 12, 19, 8, 26][6, 13, 18][23, 4, 24][12, 19][8, 19][12, 19][12, 19][12, 19][12, 19][12, 19] 
[9, 3, 11, 17, 0, 22, 25, 28, 16, 27, 10, 21, 5, 15][1, 9, 23, 14, 20, 7, 2, 29][18, 0, 12, 19, 8, 26][6, 13, 18][23, 4, 24][12, 19][8, 19][12, 19][12, 19][12, 19][12, 19][12, 19] 
[24, 4, 23, 20, 7, 14, 3, 11, 17, 0, 12, 19, 8, 26][15, 5, 21, 10, 27, 16, 28, 25, 22][1, 9, 23, 14, 20, 7, 2, 29][18, 13, 6, 21][12, 19][7, 10][8, 19][12, 19][12, 19][12, 19][11, 17][11, 17] 
[9, 3, 11, 17, 0, 22, 25, 28, 16, 27, 10, 21, 5, 15][1, 9, 23, 14, 20, 7, 2, 29][18, 0, 12, 19, 8, 26][6, 13, 18][23, 4, 24][12, 19][8, 19][12, 19][12, 19][12, 19][12, 19][12, 19] 
[9, 3, 11, 17, 0, 22, 25, 28, 16, 27, 10, 21, 5, 15][1, 9, 23, 14, 20, 7, 2, 29][18, 0, 12, 19, 8, 26][6, 13, 18][23, 4, 24][12, 19][8, 19][12, 19][12, 19][12, 19][12, 19][12, 19] 
[9, 3, 11, 17, 0, 22, 25, 28, 16, 27, 10, 21, 5, 15][1, 9, 23, 14, 20, 7, 2, 29][0, 12, 19, 8, 26][18, 13, 6, 21][23, 4, 24][11, 17][12, 19][8, 19][12, 19][11, 17][8, 19][11, 17] 
[9, 3, 11, 17, 0, 22, 25, 28, 16, 27, 10, 21, 5, 15][1, 9, 23, 14, 20, 7, 2, 29][0, 12, 19, 8, 26][18, 13, 6, 21][23, 4, 24][11, 17][12, 19][8, 19][12, 19][11, 17][8, 19][11, 17] 
[9, 3, 11, 17, 0, 22, 25, 28, 16, 27, 10, 21, 5, 15][1, 9, 23, 14, 20, 7, 2, 29][18, 0, 12, 19, 8, 26][6, 13, 18][23, 4, 24][12, 19][8, 19][12, 19][12, 19][12, 19][12, 19][12, 19] 
[9, 3, 11, 17, 0, 22, 25, 28, 16, 27, 10, 21, 5, 15][1, 9, 23, 14, 20, 7, 2, 29][0, 12, 19, 8, 26][18, 13, 6, 21][23, 4, 24][11, 17][12, 19][8, 19][12, 19][11, 17][8, 19][11, 17] 
[9, 3, 11, 17, 0, 22, 25, 28, 16, 27, 10, 21, 5, 15][1, 9, 23, 14, 20, 7, 2, 29][0, 12, 19, 8, 26][18, 13, 6, 21][23, 4, 24][11, 17][12, 19][8, 19][12, 19][11, 17][8, 19][11, 17] 
[9, 3, 11, 17, 0, 22, 25, 28, 16, 27, 10, 21, 5, 15][1, 9, 23, 14, 20, 7, 2, 29][0, 12, 19, 8, 26][18, 13, 6, 21][23, 4, 24][11, 17][12, 19][8, 19][12, 19][11, 17][8, 19][11, 17] 
[21, 5, 6, 2, 29, 27][10, 15, 16, 28, 25][9, 1, 3, 4, 20][13, 18, 22, 19][17, 12, 8, 26][0, 25, 7][9, 14, 11][23, 14, 24][0, 18][12, 18][11, 17][7, 27] 
[21, 5, 6, 2, 29, 27][10, 15, 16, 28, 25][9, 1, 3, 4, 20][13, 18, 22, 19][17, 12, 8, 26][0, 25, 7][9, 14, 11][23, 14, 24][0, 18][7, 27][12, 18][11, 17] 
[21, 5, 6, 2, 29, 27][10, 15, 16, 28, 25][9, 1, 3, 4, 20][13, 18, 22, 19][17, 12, 8, 26][0, 25, 7][9, 14, 11][23, 14, 24][0, 18][7, 27][12, 18][11, 17] 
[21, 5, 6, 2, 29, 27][10, 15, 16, 28, 25][9, 1, 3, 4, 20][13, 18, 22, 19][17, 12, 8, 26][0, 25, 7][9, 14, 11][23, 14, 24][0, 18][12, 18][11, 17][7, 27] 
[21, 5, 6, 2, 29, 27][10, 15, 16, 28, 25][9, 1, 3, 4, 20][13, 18, 22, 19][17, 12, 8, 26][0, 25, 7][9, 14, 11][23, 14, 24][7, 27][0, 18][12, 18][11, 17] 
[21, 5, 6, 2, 29, 27][10, 15, 16, 28, 25][9, 1, 3, 4, 20][13, 18, 22, 19][17, 12, 8, 26][0, 25, 7][9, 14, 11][23, 14, 24][0, 18][12, 18][11, 17][7, 27] 
[21, 5, 6, 2, 29, 27][9, 1, 3, 4, 20][10, 15, 16, 28, 25][17, 12, 8, 26][13, 18, 22, 19][9, 14, 11][23, 14, 24][0, 25, 7][11, 17][12, 18][0, 18][7, 27] 
[21, 5, 6, 2, 29, 27][10, 15, 16, 28, 25][9, 1, 3, 4, 20][13, 18, 22, 19][17, 12, 8, 26][0, 25, 7][9, 14, 11][23, 14, 24][0, 18][7, 27][12, 18][11, 17] 
[21, 5, 6, 2, 29, 27][9, 1, 3, 4, 20][10, 15, 16, 28, 25][17, 12, 8, 26][13, 18, 22, 19][9, 14, 11][23, 14, 24][0, 25, 7][11, 17][12, 18][0, 18][7, 27] 
[21, 5, 6, 2, 29, 27][10, 15, 16, 28, 25][9, 1, 3, 4, 20][13, 18, 22, 19][17, 12, 8, 26][0, 25, 7][9, 14, 11][23, 14, 24][0, 18][12, 18][7, 27][11, 17] 
[21, 5, 6, 2, 29, 27][9, 1, 3, 4, 20][10, 15, 16, 28, 25][17, 12, 8, 26][13, 18, 22, 19][9, 14, 11][23, 14, 24][0, 25, 7][12, 18][11, 17][0, 18][7, 27] 
[21, 5, 6, 2, 29, 27][10, 15, 16, 28, 25][9, 1, 3, 4, 20][13, 18, 22, 19][17, 12, 8, 26][0, 25, 7][9, 14, 11][23, 14, 24][7, 27][0, 18][12, 18][11, 17] 
[21, 5, 6, 2, 29, 27][10, 15, 16, 28, 25][9, 1, 3, 4, 20][13, 18, 22, 19][17, 12, 8, 26][0, 25, 7][9, 14, 11][23, 14, 24][0, 18][12, 18][11, 17][7, 27] 
[21, 5, 6, 2, 29, 27][9, 1, 3, 4, 20][10, 15, 16, 28, 25][17, 12, 8, 26][13, 18, 22, 19][9, 14, 11][23, 14, 24][0, 25, 7][11, 17][12, 18][0, 18][7, 27] 
[21, 5, 6, 2, 29, 27][10, 15, 16, 28, 25][9, 1, 3, 4, 20][13, 18, 22, 19][17, 12, 8, 26][0, 25, 7][9, 14, 11][23, 14, 24][0, 18][12, 18][7, 27][11, 17] 
[0, 25, 28, 16, 15, 10][21, 5, 6, 2, 29, 27][9, 1, 3, 4, 20][17, 12, 8, 26][13, 18, 22, 19][9, 14, 11][23, 14, 24][12, 18][0, 18][11, 17][7, 25][7, 27] 
[0, 25, 28, 16, 15, 10][21, 5, 6, 2, 29, 27][9, 1, 3, 4, 20][13, 18, 22, 19][17, 12, 8, 26][9, 14, 11][23, 14, 24][12, 18][11, 17][0, 18][7, 25][7, 27] 
[0, 25, 28, 16, 15, 10][21, 5, 6, 2, 29, 27][9, 1, 3, 4, 20][13, 18, 22, 19][17, 12, 8, 26][9, 14, 11][23, 14, 24][12, 18][11, 17][0, 18][7, 25][7, 27] 
[0, 25, 28, 16, 15, 10][21, 5, 6, 2, 29, 27][9, 1, 3, 4, 20][17, 12, 8, 26][13, 18, 22, 19][9, 14, 11][23, 14, 24][12, 18][0, 18][7, 25][11, 17][7, 27] 
[0, 25, 28, 16, 15, 10][21, 5, 6, 2, 29, 27][9, 1, 3, 4, 20][17, 12, 8, 26][13, 18, 22, 19][9, 14, 11][23, 14, 24][12, 18][0, 18][7, 25][11, 17][7, 27] 
[0, 25, 28, 16, 15, 10][21, 5, 6, 2, 29, 27][9, 1, 3, 4, 20][13, 18, 22, 19][17, 12, 8, 26][9, 14, 11][14, 24, 23][0, 18][7, 25][12, 18][7, 27][11, 17] 
[21, 5, 6, 2, 29, 27][10, 15, 16, 28, 25][9, 1, 3, 4, 20][13, 18, 22, 19][17, 12, 8, 26][0, 25, 7][9, 14, 11][23, 14, 24][0, 18][12, 18][11, 17][7, 27] 
[21, 5, 6, 2, 29, 27][9, 1, 3, 4, 20][10, 15, 16, 28, 25][17, 12, 8, 26][13, 18, 22, 19][9, 14, 11][23, 14, 24][0, 25, 7][11, 17][12, 18][0, 18][7, 27] 
[21, 5, 6, 2, 29, 27][10, 15, 16, 28, 25][9, 1, 3, 4, 20][13, 18, 22, 19][17, 12, 8, 26][0, 25, 7][9, 14, 11][23, 14, 24][0, 18][7, 27][12, 18][11, 17] 
[21, 5, 6, 2, 29, 27][10, 15, 16, 28, 25][9, 1, 3, 4, 20][13, 18, 22, 19][17, 12, 8, 26][0, 25, 7][9, 14, 11][23, 14, 24][0, 18][7, 27][12, 18][11, 17] 
[21, 5, 6, 2, 29, 27][9, 1, 3, 4, 20][10, 15, 16, 28, 25][17, 12, 8, 26][13, 18, 22, 19][9, 14, 11][23, 14, 24][0, 25, 7][11, 17][12, 18][0, 18][7, 27] 
[21, 5, 6, 2, 29, 27][9, 1, 3, 4, 20][10, 15, 16, 28, 25][13, 18, 22, 19][17, 12, 8, 26][9, 14, 11][0, 25, 7][14, 24, 23][12, 18][11, 17][0, 18][7, 27] 
[21, 5, 6, 2, 29, 27][10, 15, 16, 28, 25][9, 1, 3, 4, 20][13, 18, 22, 19][17, 12, 8, 26][0, 25, 7][9, 14, 11][23, 14, 24][0, 18][12, 18][11, 17][7, 27] 
[0, 25, 28, 16, 15, 10][21, 5, 6, 2, 29, 27][9, 1, 3, 4, 20][17, 12, 8, 26][13, 18, 22, 19][9, 14, 11][23, 14, 24][11, 17][12, 18][0, 18][7, 25][7, 27] 
[0, 25, 28, 16, 15, 10][21, 5, 6, 2, 29, 27][9, 1, 3, 4, 20][13, 18, 22, 19][17, 12, 8, 26][9, 14, 11][23, 14, 24][7, 25][0, 18][12, 18][7, 27][11, 17] 
[0, 25, 28, 16, 15, 10][21, 5, 6, 2, 29, 27][9, 1, 3, 4, 20][17, 12, 8, 26][13, 18, 22, 19][9, 14, 11][23, 14, 24][12, 18][0, 18][11, 17][7, 25][7, 27] 
[0, 25, 28, 16, 15, 10][21, 5, 6, 2, 29, 27][9, 1, 3, 4, 20][13, 18, 22, 19][17, 12, 8, 26][9, 14, 11][23, 14, 24][0, 18][12, 18][11, 17][7, 25][7, 27] 
[0, 25, 28, 16, 15, 10][21, 5, 6, 2, 29, 27][9, 1, 3, 4, 20][13, 18, 22, 19][17, 12, 8, 26][9, 14, 11][23, 14, 24][0, 18][7, 25][12, 18][11, 17][7, 27] 
[0, 25, 28, 16, 15, 10][21, 5, 6, 2, 29, 27][9, 1, 3, 4, 20][17, 12, 8, 26][13, 18, 22, 19][9, 14, 11][23, 14, 24][11, 17][12, 18][0, 18][7, 25][7, 27] 
[0, 25, 28, 16, 15, 10][21, 5, 6, 2, 29, 27][9, 1, 3, 4, 20][17, 12, 8, 26][13, 18, 22, 19][9, 14, 11][23, 14, 24][11, 17][12, 18][0, 18][7, 25][7, 27] 
[0, 25, 28, 16, 15, 10][21, 5, 6, 2, 29, 27][9, 1, 3, 4, 20][17, 12, 8, 26][13, 18, 22, 19][9, 14, 11][23, 14, 24][11, 17][12, 18][0, 18][7, 25][7, 27] 
[0, 25, 28, 16, 15, 10][21, 5, 6, 2, 29, 27][9, 1, 3, 4, 20][17, 12, 8, 26][13, 18, 22, 19][9, 14, 11][23, 14, 24][11, 17][12, 18][0, 18][7, 25][7, 27] 
[0, 25, 28, 16, 15, 10][21, 5, 6, 2, 29, 27][9, 1, 3, 4, 20][17, 12, 8, 26][13, 18, 22, 19][9, 14, 11][23, 14, 24][12, 18][0, 18][7, 25][11, 17][7, 27] 
[0, 25, 28, 16, 15, 10][21, 5, 6, 2, 29, 27][9, 1, 3, 4, 20][13, 18, 22, 19][17, 12, 8, 26][9, 14, 11][23, 14, 24][0, 18][12, 18][11, 17][7, 25][7, 27] 
[0, 25, 28, 16, 15, 10][21, 5, 6, 2, 29, 27][9, 1, 3, 4, 20][17, 12, 8, 26][13, 18, 22, 19][9, 14, 11][23, 14, 24][11, 17][12, 18][0, 18][7, 25][7, 27] 
[21, 5, 6, 2, 29, 27][0, 25, 28, 16, 15, 10][9, 1, 3, 4, 20][13, 18, 22, 19][17, 12, 8, 26][9, 14, 11][23, 14, 24][7, 27][7, 25][0, 18][12, 18][11, 17] 
[0, 25, 28, 16, 15, 10][21, 5, 6, 2, 29, 27][9, 1, 3, 4, 20][13, 18, 22, 19][17, 12, 8, 26][9, 14, 11][23, 14, 24][12, 18][0, 18][7, 25][7, 27][11, 17] 
[0, 25, 28, 16, 15, 10][21, 5, 6, 2, 29, 27][9, 1, 3, 4, 20][13, 18, 22, 19][17, 12, 8, 26][9, 14, 11][23, 14, 24][0, 18][7, 25][12, 18][11, 17][7, 27] 
[20, 4, 23, 3, 1, 24][0, 25, 28, 16, 15, 10][21, 5, 6, 2, 29, 27][17, 12, 8, 26][13, 18, 22, 19][9, 14, 11][14, 24][11, 17][12, 18][0, 18][7, 25][7, 27] 
[0, 25, 28, 16, 15, 10][21, 5, 6, 2, 29, 27][20, 4, 23, 3, 1, 24][17, 12, 8, 26][13, 18, 22, 19][9, 14, 11][12, 18][0, 18][7, 25][11, 17][7, 27][14, 24] 
[20, 4, 23, 3, 1, 24][0, 25, 28, 16, 15, 10][21, 5, 6, 2, 29, 27][17, 12, 8, 26][13, 18, 22, 19][9, 14, 11][14, 24][11, 17][12, 18][0, 18][7, 25][7, 27] 
[20, 4, 23, 3, 1, 24][0, 25, 28, 16, 15, 10][21, 5, 6, 2, 29, 27][17, 12, 8, 26][13, 18, 22, 19][9, 14, 11][14, 24][11, 17][12, 18][0, 18][7, 25][7, 27] 
[0, 25, 28, 16, 15, 10][21, 5, 6, 2, 29, 27][20, 4, 23, 3, 1, 24][17, 12, 8, 26][13, 18, 22, 19][9, 14, 11][12, 18][0, 18][7, 25][11, 17][7, 27][14, 24] 
[21, 5, 6, 2, 29, 27][0, 25, 28, 16, 15, 10][11, 14, 9, 23, 24][9, 1, 3, 4, 20][13, 18, 22, 19][17, 12, 8, 26][10, 15, 16][7, 27][7, 25][0, 18][12, 18][11, 17] 
[21, 5, 6, 2, 29, 27][9, 1, 3, 4, 20][10, 15, 16, 28, 25][13, 18, 22, 19][17, 12, 8, 26][9, 14, 11][23, 14, 24][0, 25, 7][12, 18][11, 17][0, 18][7, 27] 
[21, 5, 6, 2, 29, 27][10, 15, 16, 28, 25][9, 1, 3, 4, 20][13, 18, 22, 19][17, 12, 8, 26][0, 25, 7][9, 14, 11][23, 14, 24][7, 27][0, 18][12, 18][11, 17] 
[21, 5, 6, 2, 29, 27][10, 15, 16, 28, 25][9, 1, 3, 4, 20][13, 18, 22, 19][17, 12, 8, 26][0, 25, 7][9, 14, 11][23, 14, 24][0, 18][12, 18][11, 17][7, 27] 
[21, 5, 6, 2, 29, 27][10, 15, 16, 28, 25][9, 1, 3, 4, 20][13, 18, 22, 19][17, 12, 8, 26][0, 25, 7][9, 14, 11][23, 14, 24][7, 27][0, 18][12, 18][11, 17] 
[21, 5, 6, 2, 29, 27][9, 1, 3, 4, 20][10, 15, 16, 28, 25][17, 12, 8, 26][13, 18, 22, 19][9, 14, 11][23, 14, 24][0, 25, 7][11, 17][12, 18][0, 18][7, 27] 
[0, 25, 28, 16, 15, 10][21, 5, 6, 2, 29, 27][9, 1, 3, 4, 20][17, 12, 8, 26][13, 18, 22, 19][9, 14, 11][23, 14, 24][12, 18][0, 18][7, 25][11, 17][7, 27] 
[21, 5, 6, 2, 29, 27][10, 15, 16, 28, 25][9, 1, 3, 4, 20][13, 18, 22, 19][17, 12, 8, 26][0, 25, 7][9, 14, 11][23, 14, 24][0, 18][12, 18][7, 27][11, 17] 
