[9, 3, 1, 23, 20, 24, 14][11, 17, 22, 0, 13][18, 12, 19, 8, 26][4, 7, 28, 16][6, 5, 21, 10][15, 2, 27, 29][4, 24][25, 28][0, 25][18, 22][6, 13][6, 15] 
[9, 3, 1, 23, 20, 24, 14][11, 17, 22, 0, 13][18, 12, 19, 8, 26][6, 5, 21, 10][15, 2, 27, 29][4, 7, 28, 16][18, 22][6, 13][6, 15][0, 25][25, 28][4, 24] 
[9, 3, 1, 23, 20, 24, 14][10, 21, 5, 6, 13][18, 12, 19, 8, 26][0, 22, 17, 11][15, 2, 27, 29][4, 7, 28][16, 28, 25][17, 28][4, 24][6, 16][18, 22][6, 15] 
[9, 3, 1, 23, 20, 24, 14][18, 12, 19, 8, 26][0, 22, 17, 11][6, 5, 21, 10][15, 2, 27, 29][13, 0, 25][16, 28, 25][4, 7, 28][18, 22][6, 13][6, 15][4, 24] 
[9, 3, 1, 23, 20, 24, 14][18, 12, 19, 8, 26][0, 22, 17, 11][4, 7, 28, 16][6, 5, 21, 10][15, 2, 27, 29][13, 0, 25][25, 28][4, 24][18, 22][6, 13][6, 15] 
[9, 3, 1, 23, 20, 24, 14][18, 12, 19, 8, 26][4, 7, 28, 16][0, 22, 17, 11][6, 5, 21, 10][15, 2, 27, 29][13, 0, 25][4, 24][25, 28][6, 13][6, 15][18, 22] 
[9, 3, 1, 23, 20, 24, 14][18, 12, 19, 8, 26][4, 7, 28, 16][0, 22, 17, 11][6, 5, 21, 10][15, 2, 27, 29][13, 0, 25][25, 28][6, 13][18, 22][6, 15][4, 24] 
[9, 3, 1, 23, 20, 24, 14][18, 12, 19, 8, 26][4, 7, 28, 16][0, 22, 17, 11][6, 5, 21, 10][15, 2, 27, 29][13, 0, 25][4, 24][25, 28][18, 22][6, 13][6, 15] 
[9, 3, 1, 23, 20, 24, 14][18, 12, 19, 8, 26][4, 7, 28, 16][0, 22, 17, 11][6, 5, 21, 10][15, 2, 27, 29][13, 0, 25][4, 24][25, 28][18, 22][6, 13][6, 15] 
[9, 3, 1, 23, 20, 24, 14][18, 12, 19, 8, 26][6, 5, 21, 10][0, 22, 17, 11][15, 2, 27, 29][4, 7, 28, 16][13, 0, 25][6, 13][6, 15][18, 22][25, 28][4, 24] 
[9, 3, 1, 23, 20, 24, 14][11, 17, 22, 0, 13][18, 12, 19, 8, 26][4, 7, 28, 16][6, 5, 21, 10][15, 2, 27, 29][4, 24][25, 28][0, 25][18, 22][6, 13][6, 15] 
[9, 3, 1, 23, 20, 24, 14][11, 17, 22, 0, 13][18, 12, 19, 8, 26][4, 7, 28, 16][6, 5, 21, 10][15, 2, 27, 29][4, 24][25, 28][0, 25][18, 22][6, 13][6, 15] 
[9, 3, 1, 23, 20, 24, 14][10, 21, 5, 6, 13][18, 12, 19, 8, 26][0, 22, 17, 11][15, 2, 27, 29][4, 7, 28][16, 28, 25][4, 24][17, 28][6, 16][18, 22][6, 15] 
[9, 3, 1, 23, 20, 24, 14][18, 12, 19, 8, 26][6, 5, 21, 10][0, 22, 17, 11][15, 2, 27, 29][4, 7, 28, 16][13, 0, 25][6, 13][6, 15][18, 22][25, 28][4, 24] 
[9, 3, 1, 23, 20, 24, 14][18, 12, 19, 8, 26][4, 7, 28, 16][0, 22, 17, 11][6, 5, 21, 10][15, 2, 27, 29][13, 0, 25][4, 24][25, 28][18, 22][6, 13][6, 15] 
[9, 3, 1, 23, 20, 24, 14][18, 12, 19, 8, 26][4, 7, 28, 16][0, 22, 17, 11][6, 5, 21, 10][15, 2, 27, 29][13, 0, 25][4, 24][25, 28][6, 13][18, 22][6, 15] 
[9, 3, 1, 23, 20, 24, 14][11, 17, 22, 0, 13][18, 12, 19, 8, 26][4, 7, 28, 16][6, 5, 21, 10][15, 2, 27, 29][4, 24][25, 28][0, 25][18, 22][6, 13][6, 15] 
[9, 3, 1, 23, 20, 24, 14][11, 17, 22, 0, 13][18, 12, 19, 8, 26][6, 5, 21, 10][15, 2, 27, 29][4, 7, 28, 16][6, 13][18, 22][6, 15][0, 25][25, 28][4, 24] 
[9, 3, 1, 23, 20, 24, 14][18, 12, 19, 8, 26][4, 7, 28, 16][0, 22, 17, 11][6, 5, 21, 10][15, 2, 27, 29][13, 0, 25][4, 24][25, 28][18, 22][6, 13][6, 15] 
[9, 3, 1, 23, 20, 24, 14][11, 17, 22, 0, 13][18, 12, 19, 8, 26][4, 7, 28, 16][6, 5, 21, 10][15, 2, 27, 29][0, 25][25, 28][6, 13][4, 24][18, 22][6, 15] 
[9, 3, 1, 23, 20, 24, 14][18, 12, 19, 8, 26][11, 17, 22, 0, 13][6, 5, 21, 10][15, 2, 27, 29][4, 7, 28, 16][18, 22][6, 13][6, 15][0, 25][25, 28][4, 24] 
[9, 3, 1, 23, 20, 24, 14][11, 17, 22, 0, 13][18, 12, 19, 8, 26][4, 7, 28, 16][15, 2, 27, 29][6, 5, 21, 10][25, 28][6, 15][6, 13][4, 24][0, 25][18, 22] 
[9, 3, 1, 23, 20, 24, 14][10, 21, 5, 6, 13][18, 12, 19, 8, 26][0, 22, 17, 11][15, 2, 27, 29][4, 7, 28][16, 28, 25][17, 28][4, 24][6, 16][18, 22][6, 15] 
[9, 3, 1, 23, 20, 24, 14][18, 12, 19, 8, 26][15, 2, 27, 29][6, 5, 21, 10][0, 22, 17, 11][4, 7, 28, 16][13, 0, 25][6, 15][6, 13][25, 28][18, 22][4, 24] 
[9, 3, 1, 23, 20, 24, 14][18, 12, 19, 8, 26][4, 7, 28, 16][0, 22, 17, 11][6, 5, 21, 10][15, 2, 27, 29][13, 0, 25][4, 24][25, 28][6, 13][18, 22][6, 15] 
[9, 3, 1, 23, 20, 24, 14][18, 12, 19, 8, 26][4, 7, 28, 16][0, 22, 17, 11][6, 5, 21, 10][15, 2, 27, 29][13, 0, 25][4, 24][25, 28][6, 13][18, 22][6, 15] 
[9, 3, 1, 23, 20, 24, 14][11, 17, 22, 0, 13][18, 12, 19, 8, 26][4, 7, 28, 16][6, 5, 21, 10][15, 2, 27, 29][4, 24][25, 28][0, 25][18, 22][6, 13][6, 15] 
[9, 3, 1, 23, 20, 24, 14][11, 17, 22, 0, 13][18, 12, 19, 8, 26][4, 7, 28, 16][6, 5, 21, 10][15, 2, 27, 29][4, 24][25, 28][0, 25][18, 22][6, 13][6, 15] 
[9, 3, 1, 23, 20, 24, 14][18, 12, 19, 8, 26][4, 7, 28, 16][0, 22, 17, 11][6, 5, 21, 10][15, 2, 27, 29][13, 0, 25][4, 24][25, 28][6, 13][18, 22][6, 15] 
[9, 3, 1, 23, 20, 24, 14][11, 17, 22, 0, 13][18, 12, 19, 8, 26][4, 7, 28, 16][6, 5, 21, 10][15, 2, 27, 29][0, 25][25, 28][6, 13][4, 24][18, 22][6, 15] 
[9, 3, 1, 23, 20, 24, 14][11, 17, 22, 0, 13][18, 12, 19, 8, 26][6, 5, 21, 10][15, 2, 27, 29][4, 7, 28, 16][6, 13][6, 15][18, 22][0, 25][25, 28][4, 24] 
[9, 3, 1, 23, 20, 24, 14][11, 17, 22, 0, 13][18, 12, 19, 8, 26][6, 5, 21, 10][15, 2, 27, 29][4, 7, 28, 16][18, 22][6, 13][0, 25][6, 15][25, 28][4, 24] 
[9, 3, 1, 23, 20, 24, 14][18, 12, 19, 8, 26][4, 7, 28, 16][0, 22, 17, 11][6, 5, 21, 10][15, 2, 27, 29][13, 0, 25][4, 24][25, 28][6, 13][18, 22][6, 15] 
[9, 3, 1, 23, 20, 24, 14][11, 17, 22, 0, 13][18, 12, 19, 8, 26][6, 5, 21, 10][15, 2, 27, 29][4, 7, 28, 16][18, 22][6, 13][0, 25][6, 15][25, 28][4, 24] 
[9, 3, 1, 23, 20, 24, 14][11, 17, 22, 0, 13][18, 12, 19, 8, 26][15, 2, 27, 29][6, 5, 21, 10][4, 7, 28, 16][6, 15][6, 13][18, 22][0, 25][25, 28][4, 24] 
[17, 19, 18, 13, 6, 2, 21, 5, 15, 16, 10, 27][14, 9, 1, 4, 20, 23, 3, 11, 25][12, 0, 19, 22, 25, 28, 7, 24][19, 8, 26][10, 29][25, 28][1, 4][25, 28][7, 28][25, 28][7, 28][25, 28] 
[17, 19, 18, 13, 6, 2, 21, 5, 15, 16, 10, 27][14, 9, 1, 4, 20, 23, 3, 11, 25][12, 0, 19, 22, 25, 28, 7, 24][19, 8, 26][10, 29][25, 28][1, 4][25, 28][7, 28][25, 28][7, 28][25, 28] 
[17, 19, 18, 13, 6, 2, 21, 5, 15, 16, 10, 27][14, 9, 1, 4, 20, 23, 3, 11, 25][12, 0, 19, 22, 25, 28, 7, 24][19, 8, 26][10, 29][25, 28][1, 4][25, 28][7, 28][25, 28][7, 28][25, 28] 
[17, 19, 18, 13, 6, 2, 21, 5, 15, 16, 10, 27][11, 3, 23, 20, 4, 1, 9, 14][12, 0, 19, 22, 25, 28, 7, 24][19, 8, 26][15, 16][11, 25][25, 28][7, 28][7, 28][10, 29][7, 28][1, 4] 
[17, 19, 18, 13, 6, 2, 21, 5, 15, 16, 10, 27][12, 0, 19, 22, 25, 28, 7, 24][11, 3, 23, 20, 4, 1, 9, 14][19, 8, 26][10, 29][11, 25][7, 28][25, 28][1, 4][25, 28][7, 28][25, 28] 
[13, 6, 2, 21, 5, 15, 16, 10, 27][11, 3, 23, 20, 4, 1, 9, 14][6, 13, 0, 26, 8, 19, 12, 18][19, 22, 25, 28, 7, 24][18, 12, 19, 8, 26][11, 17, 22, 0, 13][0, 22, 17, 11][15, 2, 27, 29][6, 13][25, 28][25, 28][25, 28] 
[17, 19, 18, 13, 6, 2, 21, 5, 15, 16, 10, 27][14, 9, 1, 4, 20, 23, 3, 11, 25][12, 0, 19, 22, 25, 28, 7, 24][19, 8, 26][10, 29][25, 28][1, 4][25, 28][7, 28][25, 28][7, 28][25, 28] 
[17, 19, 18, 13, 6, 2, 21, 5, 15, 16, 10, 27][14, 9, 1, 4, 20, 23, 3, 11, 25][12, 0, 19, 22, 25, 28, 7, 24][19, 8, 26][10, 29][25, 28][1, 4][25, 28][7, 28][25, 28][7, 28][25, 28] 
[17, 19, 18, 13, 6, 2, 21, 5, 15, 16, 10, 27][12, 0, 19, 22, 25, 28, 7, 24][11, 3, 23, 20, 4, 1, 9, 14][19, 8, 26][10, 29][11, 25][7, 28][25, 28][1, 4][25, 28][7, 28][25, 28] 
[17, 19, 18, 13, 6, 2, 21, 5, 15, 16, 10, 27][14, 9, 1, 4, 20, 23, 3, 11, 25][12, 0, 19, 22, 25, 28, 7, 24][19, 8, 26][10, 29][25, 28][1, 4][25, 28][7, 28][25, 28][7, 28][25, 28] 
[17, 19, 18, 13, 6, 2, 21, 5, 15, 16, 10, 27][14, 9, 1, 4, 20, 23, 3, 11, 25][12, 0, 19, 22, 25, 28, 7, 24][19, 8, 26][0, 12][10, 29][25, 28][25, 28][25, 28][25, 28][8, 19][0, 12] 
[17, 19, 18, 13, 6, 2, 21, 5, 15, 16, 10, 27][14, 9, 1, 4, 20, 23, 3, 11, 25][12, 0, 19, 22, 25, 28, 7, 24][19, 8, 26][10, 29][25, 28][1, 4][25, 28][7, 28][25, 28][7, 28][25, 28] 
[17, 19, 18, 13, 6, 2, 21, 5, 15, 16, 10, 27][11, 3, 23, 20, 4, 1, 9, 14][12, 0, 19, 22, 25, 28, 7, 24][19, 8, 26][15, 16][11, 25][25, 28][7, 28][7, 28][10, 29][7, 28][1, 4] 
[17, 19, 18, 13, 6, 2, 21, 5, 15, 16, 10, 27][14, 9, 1, 4, 20, 23, 3, 11, 25][12, 0, 19, 22, 25, 28, 7, 24][19, 8, 26][10, 29][25, 28][1, 4][25, 28][7, 28][25, 28][7, 28][25, 28] 
[17, 19, 18, 13, 6, 2, 21, 5, 15, 16, 10, 27][14, 9, 1, 4, 20, 23, 3, 11, 25][12, 0, 19, 22, 25, 28, 7, 24][19, 8, 26][0, 12][10, 29][25, 28][25, 28][25, 28][25, 28][8, 19][0, 12] 
[17, 19, 18, 13, 6, 2, 21, 5, 15, 16, 10, 27][14, 9, 1, 4, 20, 23, 3, 11, 25][12, 0, 19, 22, 25, 28, 7, 24][19, 8, 26][10, 29][25, 28][1, 4][25, 28][7, 28][25, 28][7, 28][25, 28] 
[17, 19, 18, 13, 6, 2, 21, 5, 15, 16, 10, 27][14, 9, 1, 4, 20, 23, 3, 11, 25][12, 0, 19, 22, 25, 28, 7, 24][19, 8, 26][10, 29][25, 28][1, 4][25, 28][7, 28][25, 28][7, 28][25, 28] 
[17, 19, 18, 13, 6, 2, 21, 5, 15, 16, 10, 27][14, 9, 1, 4, 20, 23, 3, 11, 25][19, 22, 25, 28, 7, 24][8, 26, 0, 17, 12][10, 29][25, 28][1, 4][25, 28][7, 28][25, 28][7, 28][25, 28] 
[17, 19, 18, 13, 6, 2, 21, 5, 15, 16, 10, 27][14, 9, 1, 4, 20, 23, 3, 11, 25][12, 0, 19, 22, 25, 28, 7, 24][19, 8, 26][10, 29][25, 28][1, 4][25, 28][7, 28][25, 28][7, 28][25, 28] 
[17, 19, 18, 13, 6, 2, 21, 5, 15, 16, 10, 27][14, 9, 1, 4, 20, 23, 3, 11, 25][12, 0, 19, 22, 25, 28, 7, 24][19, 8, 26][10, 29][25, 28][1, 4][25, 28][7, 28][25, 28][7, 28][25, 28] 
[17, 19, 18, 13, 6, 2, 21, 5, 15, 16, 10, 27][14, 9, 1, 4, 20, 23, 3, 11, 25][12, 0, 19, 22, 25, 28, 7, 24][19, 8, 26][10, 29][25, 28][1, 4][25, 28][7, 28][25, 28][7, 28][25, 28] 
[9, 3, 1, 23, 20, 24, 14][18, 12, 19, 8, 26][4, 7, 28, 16][0, 22, 17, 11][6, 5, 21, 10][15, 2, 27, 29][13, 0, 25][4, 24][25, 28][18, 22][6, 13][6, 15] 
[9, 3, 1, 23, 20, 24, 14][18, 12, 19, 8, 26][4, 7, 28, 16][0, 22, 17, 11][6, 5, 21, 10][15, 2, 27, 29][13, 0, 25][25, 28][18, 22][4, 24][6, 13][6, 15] 
[9, 3, 1, 23, 20, 24, 14][18, 12, 19, 8, 26][15, 2, 27, 29][6, 5, 21, 10][0, 22, 17, 11][4, 7, 28, 16][13, 0, 25][6, 15][6, 13][25, 28][18, 22][4, 24] 
[9, 3, 1, 23, 20, 24, 14][18, 12, 19, 8, 26][0, 22, 17, 11][4, 7, 28, 16][6, 5, 21, 10][15, 2, 27, 29][13, 0, 25][25, 28][4, 24][18, 22][6, 13][6, 15] 
[9, 3, 1, 23, 20, 24, 14][18, 12, 19, 8, 26][4, 7, 28, 16][0, 22, 17, 11][6, 5, 21, 10][15, 2, 27, 29][13, 0, 25][4, 24][25, 28][6, 13][18, 22][6, 15] 
[9, 3, 1, 23, 20, 24, 14][18, 12, 19, 8, 26][4, 7, 28, 16][0, 22, 17, 11][6, 5, 21, 10][15, 2, 27, 29][13, 0, 25][4, 24][25, 28][6, 13][18, 22][6, 15] 
[9, 3, 1, 23, 20, 24, 14][18, 12, 19, 8, 26][4, 7, 28, 16][0, 22, 17, 11][6, 5, 21, 10][15, 2, 27, 29][13, 0, 25][4, 24][25, 28][18, 22][6, 13][6, 15] 
[9, 3, 1, 23, 20, 24, 14][18, 12, 19, 8, 26][6, 5, 21, 10][0, 22, 17, 11][15, 2, 27, 29][4, 7, 28, 16][13, 0, 25][6, 13][6, 15][18, 22][25, 28][4, 24] 
[9, 3, 1, 23, 20, 24, 14][18, 12, 19, 8, 26][6, 5, 21, 10][0, 22, 17, 11][15, 2, 27, 29][4, 7, 28, 16][13, 0, 25][6, 13][6, 15][18, 22][25, 28][4, 24] 
[9, 3, 1, 23, 20, 24, 14][18, 12, 19, 8, 26][4, 7, 28, 16][0, 22, 17, 11][6, 5, 21, 10][15, 2, 27, 29][13, 0, 25][4, 24][25, 28][6, 13][18, 22][6, 15] 
[9, 3, 1, 23, 20, 24, 14][18, 12, 19, 8, 26][6, 5, 21, 10][0, 22, 17, 11][15, 2, 27, 29][4, 7, 28, 16][13, 0, 25][6, 13][18, 22][6, 15][25, 28][4, 24] 
[9, 3, 1, 23, 20, 24, 14][18, 12, 19, 8, 26][15, 2, 27, 29][6, 5, 21, 10][0, 22, 17, 11][4, 7, 28, 16][13, 0, 25][6, 15][6, 13][25, 28][18, 22][4, 24] 
[9, 3, 1, 23, 20, 24, 14][18, 12, 19, 8, 26][4, 7, 28, 16][0, 22, 17, 11][6, 5, 21, 10][15, 2, 27, 29][13, 0, 25][4, 24][25, 28][6, 13][18, 22][6, 15] 
[9, 3, 1, 23, 20, 24, 14][18, 12, 19, 8, 26][6, 5, 21, 10][0, 22, 17, 11][15, 2, 27, 29][4, 7, 28, 16][13, 0, 25][6, 13][18, 22][6, 15][25, 28][4, 24] 
[9, 3, 1, 23, 20, 24, 14][18, 12, 19, 8, 26][4, 7, 28, 16][0, 22, 17, 11][6, 5, 21, 10][15, 2, 27, 29][13, 0, 25][4, 24][25, 28][18, 22][6, 13][6, 15] 
[9, 3, 1, 23, 20, 24, 14][11, 17, 22, 0, 13][18, 12, 19, 8, 26][15, 2, 27, 29][6, 5, 21, 10][4, 7, 28, 16][6, 15][6, 13][18, 22][0, 25][25, 28][4, 24] 
[9, 3, 1, 23, 20, 24, 14][11, 17, 22, 0, 13][18, 12, 19, 8, 26][15, 2, 27, 29][6, 5, 21, 10][4, 7, 28, 16][6, 15][6, 13][18, 22][0, 25][25, 28][4, 24] 
[9, 3, 1, 23, 20, 24, 14][11, 17, 22, 0, 13][18, 12, 19, 8, 26][15, 2, 27, 29][6, 5, 21, 10][4, 7, 28, 16][6, 15][6, 13][18, 22][0, 25][25, 28][4, 24] 
[9, 3, 1, 23, 20, 24, 14][11, 17, 22, 0, 13][18, 12, 19, 8, 26][15, 2, 27, 29][6, 5, 21, 10][4, 7, 28, 16][6, 15][6, 13][18, 22][0, 25][25, 28][4, 24] 
[9, 3, 1, 23, 20, 24, 14][11, 17, 22, 0, 13][18, 12, 19, 8, 26][4, 7, 28, 16][6, 5, 21, 10][15, 2, 27, 29][25, 28][0, 25][18, 22][6, 13][4, 24][6, 15] 
[9, 3, 1, 23, 20, 24, 14][11, 17, 22, 0, 13][18, 12, 19, 8, 26][16, 15, 2, 27, 29][6, 5, 21, 10][4, 7, 28][0, 25][18, 22][6, 13][25, 28][4, 24][6, 15] 
[9, 3, 1, 23, 20, 24, 14][18, 12, 19, 8, 26][4, 7, 28, 16][0, 22, 17, 11][6, 5, 21, 10][15, 2, 27, 29][13, 0, 25][4, 24][25, 28][18, 22][6, 13][6, 15] 
[9, 3, 1, 23, 20, 24, 14][18, 12, 19, 8, 26][4, 7, 28, 16][0, 22, 17, 11][6, 5, 21, 10][15, 2, 27, 29][13, 0, 25][4, 24][25, 28][18, 22][6, 13][6, 15] 
[9, 3, 1, 23, 20, 24, 14][18, 12, 19, 8, 26][0, 22, 17, 11][6, 5, 21, 10][15, 2, 27, 29][4, 7, 28, 16][13, 0, 25][18, 22][6, 13][6, 15][25, 28][4, 24] 
[9, 3, 1, 23, 20, 24, 14][18, 12, 19, 8, 26][4, 7, 28, 16][0, 22, 17, 11][6, 5, 21, 10][15, 2, 27, 29][13, 0, 25][4, 24][25, 28][6, 13][18, 22][6, 15] 
[9, 3, 1, 23, 20, 24, 14][18, 12, 19, 8, 26][15, 2, 27, 29][6, 5, 21, 10][0, 22, 17, 11][4, 7, 28, 16][13, 0, 25][6, 15][6, 13][25, 28][4, 24][18, 22] 
[9, 3, 1, 23, 20, 24, 14][18, 12, 19, 8, 26][0, 22, 17, 11][4, 7, 28, 16][6, 5, 21, 10][15, 2, 27, 29][13, 0, 25][25, 28][6, 13][4, 24][18, 22][6, 15] 
[9, 3, 1, 23, 20, 24, 14][18, 12, 19, 8, 26][0, 22, 17, 11][4, 7, 28, 16][6, 5, 21, 10][15, 2, 27, 29][13, 0, 25][25, 28][6, 13][4, 24][18, 22][6, 15] 
[9, 3, 1, 23, 20, 24, 14][11, 17, 22, 0, 13][18, 12, 19, 8, 26][6, 5, 21, 10][15, 2, 27, 29][4, 7, 28, 16][18, 22][6, 13][6, 15][0, 25][25, 28][4, 24] 
[9, 3, 1, 23, 20, 24, 14][11, 17, 22, 0, 13][18, 12, 19, 8, 26][4, 7, 28, 16][15, 2, 27, 29][6, 5, 21, 10][25, 28][6, 15][6, 13][4, 24][0, 25][18, 22] 
[9, 3, 1, 23, 20, 24, 14][11, 17, 22, 0, 13][18, 12, 19, 8, 26][6, 5, 21, 10][15, 2, 27, 29][4, 7, 28, 16][6, 13][18, 22][6, 15][0, 25][25, 28][4, 24] 
[9, 3, 1, 23, 20, 24, 14][18, 12, 19, 8, 26][11, 17, 22, 0, 13][6, 5, 21, 10][15, 2, 27, 29][4, 7, 28, 16][18, 22][6, 13][6, 15][0, 25][25, 28][4, 24] 
[9, 3, 1, 23, 20, 24, 14][11, 17, 22, 0, 13][18, 12, 19, 8, 26][15, 2, 27, 29][6, 5, 21, 10][4, 7, 28, 16][6, 15][6, 13][18, 22][0, 25][25, 28][4, 24] 
[9, 3, 1, 23, 20, 24, 14][11, 17, 22, 0, 13][18, 12, 19, 8, 26][15, 2, 27, 29][6, 5, 21, 10][4, 7, 28, 16][6, 15][6, 13][18, 22][0, 25][25, 28][4, 24] 
[9, 3, 1, 23, 20, 24, 14][11, 17, 22, 0, 13][18, 12, 19, 8, 26][4, 7, 28, 16][6, 5, 21, 10][15, 2, 27, 29][4, 24][25, 28][0, 25][18, 22][6, 13][6, 15] 
[9, 3, 1, 23, 20, 24, 14][11, 17, 22, 0, 13][18, 12, 19, 8, 26][4, 7, 28, 16][6, 5, 21, 10][15, 2, 27, 29][4, 24][25, 28][0, 25][18, 22][6, 13][6, 15] 
[9, 3, 1, 23, 20, 24, 14][11, 17, 22, 0, 13][18, 12, 19, 8, 26][4, 7, 28, 16][6, 5, 21, 10][15, 2, 27, 29][4, 24][25, 28][0, 25][18, 22][6, 13][6, 15] 
[9, 3, 1, 23, 20, 24, 14][11, 17, 22, 0, 13][18, 12, 19, 8, 26][4, 7, 28, 16][6, 5, 21, 10][15, 2, 27, 29][4, 24][25, 28][0, 25][18, 22][6, 13][6, 15] 
[9, 3, 1, 23, 20, 24, 14][11, 17, 22, 0, 13][18, 12, 19, 8, 26][4, 7, 28, 16][15, 2, 27, 29][6, 5, 21, 10][25, 28][6, 15][6, 13][4, 24][0, 25][18, 22] 
[9, 3, 1, 23, 20, 24, 14][11, 17, 22, 0, 13][18, 12, 19, 8, 26][4, 7, 28, 16][15, 2, 27, 29][6, 5, 21, 10][25, 28][6, 15][6, 13][4, 24][0, 25][18, 22] 
[9, 3, 1, 23, 20, 24, 14][11, 17, 22, 0, 13][18, 12, 19, 8, 26][4, 7, 28, 16][6, 5, 21, 10][15, 2, 27, 29][25, 28][0, 25][18, 22][6, 13][4, 24][6, 15] 
[9, 3, 1, 23, 20, 24, 14][11, 17, 22, 0, 13][18, 12, 19, 8, 26][4, 7, 28, 16][6, 5, 21, 10][15, 2, 27, 29][4, 24][25, 28][0, 25][18, 22][6, 13][6, 15] 
[9, 3, 1, 23, 20, 24, 14][11, 17, 22, 0, 13][18, 12, 19, 8, 26][15, 2, 27, 29][6, 5, 21, 10][4, 7, 28, 16][6, 15][6, 13][18, 22][0, 25][25, 28][4, 24] 
[9, 3, 1, 23, 20, 24, 14][13, 0, 22, 17, 11, 25][16, 15, 2, 27, 29][18, 12, 19, 8, 26][6, 5, 21, 10][6, 15][16, 28][25, 28][18, 22][7, 28][4, 7][4, 24] 
[9, 3, 1, 23, 20, 24, 14][13, 0, 22, 17, 11, 25][18, 12, 19, 8, 26][16, 15, 2, 27, 29][6, 5, 21, 10][4, 24][7, 28][25, 28][18, 22][16, 28][6, 15][4, 7] 
[9, 3, 1, 23, 20, 24, 14][13, 0, 22, 17, 11, 25][18, 12, 19, 8, 26][16, 15, 2, 27, 29][6, 5, 21, 10][4, 24][7, 28][25, 28][18, 22][16, 28][6, 15][4, 7] 
[9, 3, 1, 23, 20, 24, 14][13, 0, 22, 17, 11, 25][16, 15, 2, 27, 29][18, 12, 19, 8, 26][6, 5, 21, 10][6, 15][16, 28][25, 28][18, 22][7, 28][4, 7][4, 24] 
[9, 3, 1, 23, 20, 24, 14][13, 0, 22, 17, 11, 25][16, 15, 2, 27, 29][18, 12, 19, 8, 26][6, 5, 21, 10][6, 15][16, 28][25, 28][18, 22][7, 28][4, 7][4, 24] 
[9, 3, 1, 23, 20, 24, 14][13, 0, 22, 17, 11, 25][18, 12, 19, 8, 26][16, 15, 2, 27, 29][6, 5, 21, 10][4, 7, 28][11, 17][18, 22][25, 28][16, 28][4, 24][6, 13] 
[9, 3, 1, 23, 20, 24, 14][18, 12, 19, 8, 26][4, 7, 28, 16][0, 22, 17, 11][6, 5, 21, 10][15, 2, 27, 29][13, 0, 25][4, 24][25, 28][18, 22][6, 13][6, 15] 
[9, 3, 1, 23, 20, 24, 14][18, 12, 19, 8, 26][15, 2, 27, 29][6, 5, 21, 10][0, 22, 17, 11][4, 7, 28, 16][13, 0, 25][6, 15][6, 13][25, 28][4, 24][18, 22] 
[9, 3, 1, 23, 20, 24, 14][18, 12, 19, 8, 26][0, 22, 17, 11][6, 5, 21, 10][15, 2, 27, 29][4, 7, 28, 16][13, 0, 25][18, 22][6, 13][6, 15][25, 28][4, 24] 
[9, 3, 1, 23, 20, 24, 14][18, 12, 19, 8, 26][0, 22, 17, 11][6, 5, 21, 10][4, 7, 28, 16][15, 2, 27, 29][13, 0, 25][18, 22][6, 13][25, 28][4, 24][6, 15] 
[9, 3, 1, 23, 20, 24, 14][18, 12, 19, 8, 26][15, 2, 27, 29][6, 5, 21, 10][0, 22, 17, 11][4, 7, 28, 16][13, 0, 25][6, 15][6, 13][25, 28][18, 22][4, 24] 
[9, 3, 1, 23, 20, 24, 14][11, 17, 22, 0, 13][18, 12, 19, 8, 26][15, 2, 27, 29][6, 5, 21, 10][4, 7, 28, 16][6, 15][6, 13][18, 22][0, 25][25, 28][4, 24] 
[9, 3, 1, 23, 20, 24, 14][18, 12, 19, 8, 26][0, 22, 17, 11][6, 5, 21, 10][4, 7, 28, 16][15, 2, 27, 29][13, 0, 25][18, 22][6, 13][25, 28][4, 24][6, 15] 
