[3, 11, 17, 19, 12, 8, 26][14, 1, 9, 23, 20][6, 5, 21, 2, 29][13, 0, 25, 22, 18][24, 4, 7, 27][10, 15, 16][14, 24][10, 27][10, 29][16, 28][25, 28][18, 19] 
[3, 11, 17, 19, 12, 8, 26][13, 0, 25, 22, 18][6, 5, 21, 2, 29][1, 9, 23, 20, 14][24, 4, 7, 27][10, 15, 16][18, 19][25, 28][16, 28][10, 29][10, 27][14, 24] 
[3, 11, 17, 19, 12, 8, 26][13, 0, 25, 22, 18][6, 5, 21, 2, 29][1, 9, 23, 20, 14][24, 4, 7, 27][15, 16, 28][18, 19][25, 28][10, 15][10, 27][10, 29][14, 24] 
[3, 11, 17, 19, 12, 8, 26][13, 0, 25, 22, 18][6, 5, 21, 2, 29][1, 9, 23, 20, 14][15, 16, 28][4, 7, 27][4, 24, 14][18, 19][25, 28][10, 15][10, 29][10, 27] 
[13, 0, 25, 22, 18][6, 5, 21, 2, 29][1, 9, 23, 20, 14][17, 19, 12, 8, 26][15, 16, 28][27, 10, 29][4, 7, 27][4, 24, 14][11, 3, 24][25, 28][10, 15][11, 17] 
[1, 9, 23, 20, 14][17, 19, 12, 8, 26][6, 5, 21, 2, 29][13, 0, 25, 22, 18][4, 24, 14][4, 7, 27][27, 10, 29][15, 16, 28][11, 3, 24][11, 17][10, 15][25, 28] 
[17, 19, 12, 8, 26][1, 9, 23, 20, 14][6, 5, 21, 2, 29][13, 0, 25, 22, 18][11, 3, 24][4, 24, 14][4, 7, 27][27, 10, 29][15, 16, 28][11, 17][10, 15][25, 28] 
[13, 0, 25, 22, 18][6, 5, 21, 2, 29][1, 9, 23, 20, 14][17, 19, 12, 8, 26][15, 16, 28][27, 10, 29][4, 7, 27][4, 24, 14][11, 3, 24][25, 28][10, 15][11, 17] 
[1, 9, 23, 20, 14][17, 19, 12, 8, 26][6, 5, 21, 2, 29][13, 0, 25, 22, 18][4, 24, 14][4, 7, 27][27, 10, 29][15, 16, 28][11, 3, 24][11, 17][10, 15][25, 28] 
[13, 0, 25, 22, 18][6, 5, 21, 2, 29][1, 9, 23, 20, 14][17, 19, 12, 8, 26][15, 16, 28][27, 10, 29][4, 7, 27][4, 24, 14][11, 3, 24][25, 28][10, 15][11, 17] 
[3, 11, 17, 19, 12, 8, 26][6, 5, 21, 2, 29][14, 1, 9, 23, 20][13, 0, 25, 22, 18][24, 4, 7, 27][10, 15, 16][10, 27][16, 28][10, 29][14, 24][25, 28][18, 19] 
[3, 11, 17, 19, 12, 8, 26][1, 9, 23, 20, 14][6, 5, 21, 2, 29][13, 0, 25, 22, 18][24, 4, 7, 27][10, 15, 16][14, 24][10, 27][10, 29][16, 28][25, 28][18, 19] 
[3, 11, 17, 19, 12, 8, 26][1, 9, 23, 20, 14][6, 5, 21, 2, 29][13, 0, 25, 22, 18][24, 4, 7, 27][15, 16, 28][14, 24][10, 27][10, 29][10, 15][25, 28][18, 19] 
[13, 0, 25, 22, 18][6, 5, 21, 2, 29][1, 9, 23, 20, 14][17, 19, 12, 8, 26][15, 16, 28][27, 10, 29][4, 7, 27][4, 24, 14][11, 3, 24][25, 28][10, 15][11, 17] 
[6, 5, 21, 2, 29][1, 9, 23, 20, 14][13, 0, 25, 22, 18][17, 19, 12, 8, 26][15, 16, 28][27, 10, 29][4, 7, 27][4, 24, 14][11, 3, 24][10, 15][25, 28][11, 17] 
[1, 9, 23, 20, 14][17, 19, 12, 8, 26][6, 5, 21, 2, 29][13, 0, 25, 22, 18][4, 24, 14][4, 7, 27][27, 10, 29][15, 16, 28][11, 3, 24][11, 17][10, 15][25, 28] 
[3, 11, 17, 19, 12, 8, 26][14, 1, 9, 23, 20][6, 5, 21, 2, 29][13, 0, 25, 22, 18][24, 4, 7, 27][10, 15, 16][14, 24][10, 27][10, 29][16, 28][25, 28][18, 19] 
[3, 11, 17, 19, 12, 8, 26][1, 9, 23, 20, 14][6, 5, 21, 2, 29][13, 0, 25, 22, 18][24, 4, 7, 27][10, 15, 16][14, 24][10, 27][10, 29][16, 28][25, 28][18, 19] 
[6, 5, 21, 2, 29][1, 9, 23, 20, 14][13, 0, 25, 22, 18][17, 19, 12, 8, 26][15, 16, 28][27, 10, 29][4, 7, 27][4, 24, 14][11, 3, 24][10, 15][25, 28][11, 17] 
[3, 11, 17, 19, 12, 8, 26][14, 1, 9, 23, 20][6, 5, 21, 2, 29][13, 0, 25, 22, 18][24, 4, 7, 27][10, 15, 16][10, 27][14, 24][10, 29][16, 28][25, 28][18, 19] 
[3, 11, 17, 19, 12, 8, 26][13, 0, 25, 22, 18][14, 1, 9, 23, 20][6, 5, 21, 2, 29][24, 4, 7, 27][10, 15, 16][18, 19][25, 28][16, 28][10, 27][14, 24][10, 29] 
[3, 11, 17, 19, 12, 8, 26][1, 9, 23, 20, 14][6, 5, 21, 2, 29][13, 0, 25, 22, 18][24, 4, 7, 27][10, 15, 16][14, 24][10, 27][10, 29][16, 28][25, 28][18, 19] 
[3, 11, 17, 19, 12, 8, 26][1, 9, 23, 20, 14][6, 5, 21, 2, 29][13, 0, 25, 22, 18][24, 4, 7, 27][15, 16, 28][14, 24][10, 27][10, 29][10, 15][25, 28][18, 19] 
[6, 5, 21, 2, 29][1, 9, 23, 20, 14][13, 0, 25, 22, 18][17, 19, 12, 8, 26][15, 16, 28][27, 10, 29][4, 7, 27][4, 24, 14][11, 3, 24][10, 15][25, 28][11, 17] 
[17, 19, 12, 8, 26][1, 9, 23, 20, 14][6, 5, 21, 2, 29][13, 0, 25, 22, 18][11, 3, 24][4, 24, 14][4, 7, 27][27, 10, 29][15, 16, 28][11, 17][10, 15][25, 28] 
[1, 9, 23, 20, 14][17, 19, 12, 8, 26][6, 5, 21, 2, 29][13, 0, 25, 22, 18][4, 24, 14][4, 7, 27][27, 10, 29][15, 16, 28][11, 3, 24][11, 17][10, 15][25, 28] 
[3, 11, 17, 19, 12, 8, 26][14, 1, 9, 23, 20][6, 5, 21, 2, 29][13, 0, 25, 22, 18][24, 4, 7, 27][10, 15, 16][14, 24][10, 27][10, 29][16, 28][25, 28][18, 19] 
[3, 11, 17, 19, 12, 8, 26][1, 9, 23, 20, 14][6, 5, 21, 2, 29][13, 0, 25, 22, 18][24, 4, 7, 27][10, 15, 16][14, 24][10, 27][10, 29][16, 28][25, 28][18, 19] 
[17, 19, 12, 8, 26][1, 9, 23, 20, 14][6, 5, 21, 2, 29][13, 0, 25, 22, 18][11, 3, 24][4, 24, 14][4, 7, 27][27, 10, 29][15, 16, 28][11, 17][10, 15][25, 28] 
[3, 11, 17, 19, 12, 8, 26][14, 1, 9, 23, 20][6, 5, 21, 2, 29][13, 0, 25, 22, 18][24, 4, 7, 27][10, 15, 16][14, 24][10, 27][10, 29][16, 28][25, 28][18, 19] 
[3, 11, 17, 19, 12, 8, 26][14, 1, 9, 23, 20][6, 5, 21, 2, 29][13, 0, 25, 22, 18][24, 4, 7, 27][10, 15, 16][14, 24][10, 27][10, 29][16, 28][25, 28][18, 19] 
[3, 11, 17, 19, 12, 8, 26][1, 9, 23, 20, 14][6, 5, 21, 2, 29][13, 0, 25, 22, 18][24, 4, 7, 27][10, 15, 16][14, 24][10, 27][10, 29][16, 28][25, 28][18, 19] 
[17, 19, 12, 8, 26][1, 9, 23, 20, 14][6, 5, 21, 2, 29][13, 0, 25, 22, 18][11, 3, 24][4, 24, 14][4, 7, 27][27, 10, 29][15, 16, 28][11, 17][10, 15][25, 28] 
[3, 11, 17, 19, 12, 8, 26][13, 0, 25, 22, 18][6, 5, 21, 2, 29][14, 1, 9, 23, 20][24, 4, 7, 27][10, 15, 16][25, 28][16, 28][18, 19][10, 29][10, 27][14, 24] 
[3, 11, 17, 19, 12, 8, 26][6, 5, 21, 2, 29][14, 1, 9, 23, 20][13, 0, 25, 22, 18][24, 4, 7, 27][10, 15, 16][10, 29][10, 27][14, 24][16, 28][25, 28][18, 19] 
[0, 26, 8, 19, 12, 22, 25, 11, 14, 1, 9, 23, 3, 24][5, 6, 2, 21, 15, 29, 10, 27, 16, 28, 7, 20, 23][8, 26][3, 4][11, 17][18, 19][0, 13][8, 26][8, 26][8, 26][1, 14][1, 14] 
[0, 26, 8, 19, 12, 22, 25, 11, 14, 1, 9, 23, 3, 24][5, 6, 2, 21, 15, 29, 10, 27, 16, 28, 7, 20, 23][8, 26][3, 4][11, 17][18, 19][0, 13][8, 26][8, 26][8, 26][1, 14][1, 14] 
[0, 26, 8, 19, 12, 22, 25, 11, 14, 1, 9, 23, 3, 24][5, 6, 2, 21, 15, 29, 10, 27, 16, 28, 7, 20, 23][8, 26][3, 4][11, 17][18, 19][0, 13][8, 26][8, 26][8, 26][1, 14][1, 14] 
[13, 0, 26, 8, 19, 12, 22, 25, 11, 14, 1, 9, 23, 3, 24][5, 6, 2, 21, 15, 29, 10, 27, 16, 28, 7, 20][10, 27][11, 17][4, 7][18, 19][8, 26][8, 26][8, 26][8, 26][25, 28][8, 26] 
[5, 6, 2, 21, 15, 29, 10, 27, 16, 28, 7, 20][11, 25, 22, 12, 19, 8, 26, 0, 13][3, 9, 14, 1, 24, 23, 4, 7][10, 27][11, 17][18, 19][8, 26][8, 26][8, 26][8, 26][25, 28][8, 26] 
[13, 0, 26, 8, 19, 12, 22, 25, 11, 14, 1, 9, 23, 3, 24][5, 6, 2, 21, 15, 29, 10, 27, 16, 28, 7, 20][8, 26][4, 24][18, 19][8, 26][16, 28][1, 14][16, 28][11, 17][10, 27][4, 7] 
[0, 26, 8, 19, 12, 22, 25, 11, 14, 1, 9, 23, 3, 24][5, 6, 2, 21, 15, 29, 10, 27, 16, 28, 7, 20, 23][8, 26][3, 4][11, 17][18, 19][0, 13][8, 26][8, 26][8, 26][1, 14][1, 14] 
[0, 26, 8, 19, 12, 22, 25, 11, 14, 1, 9, 23, 3, 24][5, 6, 2, 21, 15, 29, 10, 27, 16, 28, 7, 20, 23][8, 26][3, 4][11, 17][18, 19][0, 13][8, 26][8, 26][8, 26][1, 14][1, 14] 
[5, 6, 2, 21, 15, 29, 10, 27, 16, 28, 7, 20][11, 25, 22, 12, 19, 8, 26, 0, 13][3, 9, 14, 1, 24, 23, 4, 7][10, 27][11, 17][18, 19][8, 26][8, 26][8, 26][8, 26][25, 28][8, 26] 
[0, 26, 8, 19, 12, 22, 25, 11, 14, 1, 9, 23, 3, 24][5, 6, 2, 21, 15, 29, 10, 27, 16, 28, 7, 20, 23][8, 26][3, 4][11, 17][18, 19][0, 13][8, 26][8, 26][8, 26][1, 14][1, 14] 
[0, 26, 8, 19, 12, 22, 25, 11, 14, 1, 9, 23, 3, 24][5, 6, 2, 21, 15, 29, 10, 27, 16, 28, 7, 20, 23][8, 26][3, 4][11, 17][18, 19][0, 13][8, 26][8, 26][8, 26][1, 14][1, 14] 
[0, 26, 8, 19, 12, 22, 25, 11, 14, 1, 9, 23, 3, 24][5, 6, 2, 21, 15, 29, 10, 27, 16, 28, 7, 20, 23][8, 26][3, 4][11, 17][18, 19][0, 13][8, 26][8, 26][8, 26][1, 14][1, 14] 
[13, 0, 26, 8, 19, 12, 22, 25, 11, 14, 1, 9, 23, 3, 24][5, 6, 2, 21, 15, 29, 10, 27, 16, 28, 7, 20][10, 27][11, 17][4, 7][18, 19][8, 26][8, 26][8, 26][8, 26][25, 28][8, 26] 
[0, 26, 8, 19, 12, 22, 25, 11, 14, 1, 9, 23, 3, 24][5, 6, 2, 21, 15, 29, 10, 27, 16, 28, 7, 20, 23][8, 26][3, 4][11, 17][18, 19][0, 13][8, 26][8, 26][8, 26][1, 14][1, 14] 
[0, 26, 8, 19, 12, 22, 25, 11, 14, 1, 9, 23, 3, 24][5, 6, 2, 21, 15, 29, 10, 27, 16, 28, 7, 20, 23][8, 26][3, 4][11, 17][18, 19][0, 13][8, 26][8, 26][8, 26][1, 14][1, 14] 
[13, 0, 26, 8, 19, 12, 22, 25, 11, 14, 1, 9, 23, 3, 24][5, 6, 2, 21, 15, 29, 10, 27, 16, 28, 7, 20, 23][1, 14][3, 4][18, 19][11, 17][15, 29][8, 26][1, 14][1, 14][8, 26][15, 29] 
[13, 0, 26, 8, 19, 12, 22, 25, 11, 14, 1, 9, 23, 3, 24][5, 6, 2, 21, 15, 29, 10, 27, 16, 28, 7, 20, 23][1, 14][3, 4][18, 19][11, 17][15, 29][8, 26][1, 14][1, 14][8, 26][15, 29] 
[13, 0, 26, 8, 19, 12, 22, 25, 11, 14, 1, 9, 23, 3, 24][5, 6, 2, 21, 15, 29, 10, 27, 16, 28, 7, 20][3, 9, 14, 1, 24, 23, 4, 7][10, 27][11, 17][18, 19][8, 26][8, 26][8, 26][8, 26][25, 28][8, 26] 
[13, 0, 26, 8, 19, 12, 22, 25, 11, 14, 1, 9, 23, 3, 24][5, 6, 2, 21, 15, 29, 10, 27, 16, 28, 7, 20, 23][1, 14][3, 4][18, 19][11, 17][15, 29][8, 26][1, 14][1, 14][8, 26][15, 29] 
[13, 0, 26, 8, 19, 12, 22, 25, 11, 14, 1, 9, 23, 3, 24][5, 6, 2, 21, 15, 29, 10, 27, 16, 28, 7, 20, 23][1, 14][3, 4][18, 19][11, 17][15, 29][8, 26][1, 14][1, 14][8, 26][15, 29] 
[13, 0, 26, 8, 19, 12, 22, 25, 11, 14, 1, 9, 23, 3, 24][5, 6, 2, 21, 15, 29, 10, 27, 16, 28, 7, 20, 23][1, 14][3, 4][18, 19][11, 17][15, 29][8, 26][1, 14][1, 14][8, 26][15, 29] 
[3, 11, 17, 19, 12, 8, 26][13, 0, 25, 22, 18][6, 5, 21, 2, 29][1, 9, 23, 20, 14][24, 4, 7, 27][15, 16, 28][18, 19][25, 28][10, 15][10, 29][10, 27][14, 24] 
[3, 11, 17, 19, 12, 8, 26][6, 5, 21, 2, 29][1, 9, 23, 20, 14][13, 0, 25, 22, 18][24, 4, 7, 27][15, 16, 28][10, 15][10, 29][10, 27][14, 24][25, 28][18, 19] 
[3, 11, 17, 19, 12, 8, 26][13, 0, 25, 22, 18][6, 5, 21, 2, 29][1, 9, 23, 20, 14][24, 4, 7, 27][15, 16, 28][25, 28][10, 15][18, 19][10, 29][10, 27][14, 24] 
[3, 11, 17, 19, 12, 8, 26][6, 5, 21, 2, 29][13, 0, 25, 22, 18][1, 9, 23, 20, 14][24, 4, 7, 27][15, 16, 28][10, 29][10, 15][10, 27][25, 28][18, 19][14, 24] 
[3, 11, 17, 19, 12, 8, 26][1, 9, 23, 20, 14][13, 0, 25, 22, 18][6, 5, 21, 2, 29][24, 4, 7, 27][15, 16, 28][14, 24][10, 27][10, 15][25, 28][10, 29][18, 19] 
[3, 11, 17, 19, 12, 8, 26][13, 0, 25, 22, 18][6, 5, 21, 2, 29][1, 9, 23, 20, 14][24, 4, 7, 27][15, 16, 28][18, 19][25, 28][10, 15][10, 29][10, 27][14, 24] 
[3, 11, 17, 19, 12, 8, 26][13, 0, 25, 22, 18][6, 5, 21, 2, 29][1, 9, 23, 20, 14][24, 4, 7, 27][15, 16, 28][18, 19][25, 28][10, 15][10, 29][10, 27][14, 24] 
[3, 11, 17, 19, 12, 8, 26][13, 0, 25, 22, 18][6, 5, 21, 2, 29][1, 9, 23, 20, 14][24, 4, 7, 27][15, 16, 28][18, 19][25, 28][10, 15][10, 29][10, 27][14, 24] 
[3, 11, 17, 19, 12, 8, 26][6, 5, 21, 2, 29][13, 0, 25, 22, 18][1, 9, 23, 20, 14][24, 4, 7, 27][15, 16, 28][10, 29][10, 15][10, 27][25, 28][18, 19][14, 24] 
[3, 11, 17, 19, 12, 8, 26][13, 0, 25, 22, 18][6, 5, 21, 2, 29][1, 9, 23, 20, 14][24, 4, 7, 27][15, 16, 28][18, 19][25, 28][10, 15][10, 29][10, 27][14, 24] 
[3, 11, 17, 19, 12, 8, 26][13, 0, 25, 22, 18][6, 5, 21, 2, 29][1, 9, 23, 20, 14][24, 4, 7, 27][15, 16, 28][25, 28][10, 15][18, 19][10, 29][10, 27][14, 24] 
[3, 11, 17, 19, 12, 8, 26][13, 0, 25, 22, 18][6, 5, 21, 2, 29][1, 9, 23, 20, 14][24, 4, 7, 27][15, 16, 28][25, 28][10, 15][18, 19][10, 29][10, 27][14, 24] 
[3, 11, 17, 19, 12, 8, 26][6, 5, 21, 2, 29][13, 0, 25, 22, 18][1, 9, 23, 20, 14][24, 4, 7, 27][15, 16, 28][10, 27][10, 29][10, 15][25, 28][18, 19][14, 24] 
[3, 11, 17, 19, 12, 8, 26][13, 0, 25, 22, 18][6, 5, 21, 2, 29][1, 9, 23, 20, 14][24, 4, 7, 27][15, 16, 28][18, 19][25, 28][10, 15][10, 29][10, 27][14, 24] 
[3, 11, 17, 19, 12, 8, 26][6, 5, 21, 2, 29][13, 0, 25, 22, 18][1, 9, 23, 20, 14][24, 4, 7, 27][15, 16, 28][10, 29][10, 15][10, 27][25, 28][18, 19][14, 24] 
[3, 11, 17, 19, 12, 8, 26][13, 0, 25, 22, 18][14, 1, 9, 23, 20][6, 5, 21, 2, 29][24, 4, 7, 27][10, 15, 16][16, 28][25, 28][18, 19][10, 27][14, 24][10, 29] 
[3, 11, 17, 19, 12, 8, 26][6, 5, 21, 2, 29][14, 1, 9, 23, 20][13, 0, 25, 22, 18][24, 4, 7, 27][10, 15, 16][10, 29][10, 27][14, 24][16, 28][25, 28][18, 19] 
[3, 11, 17, 19, 12, 8, 26][13, 0, 25, 22, 18][14, 1, 9, 23, 20][6, 5, 21, 2, 29][24, 4, 7, 27][10, 15, 16][16, 28][25, 28][18, 19][10, 27][14, 24][10, 29] 
[3, 11, 17, 19, 12, 8, 26][6, 5, 21, 2, 29][14, 1, 9, 23, 20][13, 0, 25, 22, 18][24, 4, 7, 27][10, 15, 16][10, 29][10, 27][14, 24][16, 28][25, 28][18, 19] 
[3, 11, 17, 19, 12, 8, 26][6, 5, 21, 2, 29][14, 1, 9, 23, 20][13, 0, 25, 22, 18][24, 4, 7, 27][10, 15, 16][10, 29][16, 28][10, 27][14, 24][25, 28][18, 19] 
[3, 11, 17, 19, 12, 8, 26][4, 24, 14, 1, 9, 23, 20][6, 5, 21, 2, 29][13, 0, 25, 22, 18][15, 16, 28][10, 29][10, 15][25, 28][18, 19][10, 27][4, 7][7, 27] 
[3, 11, 17, 19, 12, 8, 26][6, 5, 21, 2, 29][13, 0, 25, 22, 18][1, 9, 23, 20, 14][24, 4, 7, 27][15, 16, 28][10, 29][10, 27][10, 15][25, 28][18, 19][14, 24] 
[3, 11, 17, 19, 12, 8, 26][13, 0, 25, 22, 18][6, 5, 21, 2, 29][1, 9, 23, 20, 14][24, 4, 7, 27][15, 16, 28][10, 15][25, 28][18, 19][10, 29][10, 27][14, 24] 
[3, 11, 17, 19, 12, 8, 26][13, 0, 25, 22, 18][6, 5, 21, 2, 29][1, 9, 23, 20, 14][24, 4, 7, 27][15, 16, 28][10, 15][25, 28][18, 19][10, 29][10, 27][14, 24] 
[3, 11, 17, 19, 12, 8, 26][13, 0, 25, 22, 18][6, 5, 21, 2, 29][1, 9, 23, 20, 14][24, 4, 7, 27][15, 16, 28][18, 19][25, 28][10, 15][10, 27][10, 29][14, 24] 
[3, 11, 17, 19, 12, 8, 26][6, 5, 21, 2, 29][13, 0, 25, 22, 18][1, 9, 23, 20, 14][24, 4, 7, 27][15, 16, 28][10, 29][10, 27][10, 15][25, 28][18, 19][14, 24] 
[3, 11, 17, 19, 12, 8, 26][13, 0, 25, 22, 18][14, 1, 9, 23, 20][6, 5, 21, 2, 29][24, 4, 7, 27][15, 16, 28][25, 28][18, 19][10, 15][10, 27][1, 24][10, 29] 
[3, 11, 17, 19, 12, 8, 26][13, 0, 25, 22, 18][1, 9, 23, 20, 14][6, 5, 21, 2, 29][24, 4, 7, 27][15, 16, 28][18, 19][25, 28][10, 15][10, 27][14, 24][10, 29] 
[3, 11, 17, 19, 12, 8, 26][6, 5, 21, 2, 29][14, 1, 9, 23, 20][13, 0, 25, 22, 18][24, 4, 7, 27][10, 15, 16][10, 29][10, 27][14, 24][16, 28][25, 28][18, 19] 
[3, 11, 17, 19, 12, 8, 26][14, 1, 9, 23, 20][6, 5, 21, 2, 29][13, 0, 25, 22, 18][24, 4, 7, 27][10, 15, 16][14, 24][10, 27][10, 29][16, 28][25, 28][18, 19] 
[3, 11, 17, 19, 12, 8, 26][14, 1, 9, 23, 20][6, 5, 21, 2, 29][13, 0, 25, 22, 18][24, 4, 7, 27][10, 15, 16][15, 16, 28][10, 27][14, 24][10, 29][25, 28][18, 19] 
[3, 11, 17, 19, 12, 8, 26][6, 5, 21, 2, 29][14, 1, 9, 23, 20][13, 0, 25, 22, 18][24, 4, 7, 27][10, 15, 16][10, 29][10, 27][14, 24][16, 28][25, 28][18, 19] 
[3, 11, 17, 19, 12, 8, 26][14, 1, 9, 23, 20][13, 0, 25, 22, 18][6, 5, 21, 2, 29][24, 4, 7, 27][10, 15, 16][14, 24][10, 27][16, 28][25, 28][18, 19][10, 29] 
[3, 11, 17, 19, 12, 8, 26][6, 5, 21, 2, 29][14, 1, 9, 23, 20][13, 0, 25, 22, 18][24, 4, 7, 27][10, 15, 16][10, 27][10, 29][14, 24][16, 28][25, 28][18, 19] 
[3, 11, 17, 19, 12, 8, 26][6, 5, 21, 2, 29][14, 1, 9, 23, 20][13, 0, 25, 22, 18][24, 4, 7, 27][10, 15, 16][10, 29][10, 27][14, 24][16, 28][25, 28][18, 19] 
[3, 11, 17, 19, 12, 8, 26][14, 1, 9, 23, 20][6, 5, 21, 2, 29][13, 0, 25, 22, 18][24, 4, 7, 27][10, 15, 16][15, 16, 28][10, 27][14, 24][10, 29][25, 28][18, 19] 
[3, 11, 17, 19, 12, 8, 26][6, 5, 21, 2, 29][14, 1, 9, 23, 20][13, 0, 25, 22, 18][24, 4, 7, 27][10, 15, 16][10, 29][10, 27][14, 24][16, 28][25, 28][18, 19] 
[3, 11, 17, 19, 12, 8, 26][13, 0, 25, 22, 18][6, 5, 21, 2, 29][14, 1, 9, 23, 20][24, 4, 7, 27][10, 15, 16][25, 28][16, 28][18, 19][10, 29][10, 27][14, 24] 
[3, 11, 17, 19, 12, 8, 26][14, 1, 9, 23, 20][6, 5, 21, 2, 29][13, 0, 25, 22, 18][24, 4, 7, 27][10, 15, 16][14, 24][10, 27][10, 29][16, 28][25, 28][18, 19] 
[3, 11, 17, 19, 12, 8, 26][13, 0, 25, 22, 18][14, 1, 9, 23, 20][6, 5, 21, 2, 29][24, 4, 7, 27][10, 15, 16][18, 19][25, 28][16, 28][10, 27][14, 24][10, 29] 
[3, 11, 17, 19, 12, 8, 26][14, 1, 9, 23, 20][6, 5, 21, 2, 29][13, 0, 25, 22, 18][24, 4, 7, 27][10, 15, 16][14, 24][10, 27][10, 29][16, 28][25, 28][18, 19] 
[3, 11, 17, 19, 12, 8, 26][13, 0, 25, 22, 18][6, 5, 21, 2, 29][14, 1, 9, 23, 20][24, 4, 7, 27][10, 15, 16][25, 28][16, 28][18, 19][10, 29][10, 27][14, 24] 
[3, 11, 17, 19, 12, 8, 26][14, 1, 9, 23, 20][6, 5, 21, 2, 29][13, 0, 25, 22, 18][24, 4, 7, 27][10, 15, 16][14, 24][10, 27][10, 29][16, 28][25, 28][18, 19] 
[3, 11, 17, 19, 12, 8, 26][13, 0, 25, 22, 18][6, 5, 21, 2, 29][14, 1, 9, 23, 20][16, 15, 10, 27][24, 4, 7, 27][18, 19][25, 28][16, 28][10, 29][14, 24][10, 15] 
[3, 11, 17, 19, 12, 8, 26][13, 0, 25, 22, 18][6, 5, 21, 2, 29][14, 1, 9, 23, 20][16, 15, 10, 27][24, 4, 7, 27][18, 19][25, 28][16, 28][10, 29][14, 24][10, 15] 
[3, 11, 17, 19, 12, 8, 26][13, 0, 25, 22, 18][6, 5, 21, 2, 29][14, 1, 9, 23, 20][16, 15, 10, 27][24, 4, 7, 27][18, 19][25, 28][16, 28][10, 29][14, 24][10, 15] 
[3, 11, 17, 19, 12, 8, 26][13, 0, 25, 22, 18][6, 5, 21, 2, 29][14, 1, 9, 23, 20][16, 15, 10, 27][24, 4, 7, 27][18, 19][25, 28][16, 28][10, 29][14, 24][10, 15] 
[3, 11, 17, 19, 12, 8, 26][13, 0, 25, 22, 18][6, 5, 21, 2, 29][14, 1, 9, 23, 20][16, 15, 10, 27][24, 4, 7, 27][18, 19][25, 28][16, 28][10, 29][14, 24][10, 15] 
[3, 11, 17, 19, 12, 8, 26][4, 24, 14, 1, 9, 23, 20][13, 0, 25, 22, 18][6, 5, 21, 2, 29][24, 4, 7, 27][15, 16, 28][10, 15, 16][25, 28][18, 19][10, 29][10, 27][7, 27] 
[3, 11, 17, 19, 12, 8, 26][6, 5, 21, 2, 29][14, 1, 9, 23, 20][13, 0, 25, 22, 18][24, 4, 7, 27][15, 16, 28][10, 29][10, 27][10, 15][14, 24][25, 28][18, 19] 
[3, 11, 17, 19, 12, 8, 26][14, 1, 9, 23, 20][6, 5, 21, 2, 29][13, 0, 25, 22, 18][24, 4, 7, 27][15, 16, 28][14, 24][10, 27][10, 29][10, 15][25, 28][18, 19] 
[3, 11, 17, 19, 12, 8, 26][14, 1, 9, 23, 20][13, 0, 25, 22, 18][6, 5, 21, 2, 29][24, 4, 7, 27][15, 16, 28][14, 24][10, 27][10, 15][25, 28][18, 19][10, 29] 
[3, 11, 17, 19, 12, 8, 26][14, 1, 9, 23, 20][13, 0, 25, 22, 18][6, 5, 21, 2, 29][24, 4, 7, 27][15, 16, 28][14, 24][10, 27][10, 15][25, 28][18, 19][10, 29] 
[3, 11, 17, 19, 12, 8, 26][6, 5, 21, 2, 29][14, 1, 9, 23, 20][13, 0, 25, 22, 18][24, 4, 7, 27][15, 16, 28][10, 29][10, 27][10, 15][14, 24][25, 28][18, 19] 
[3, 11, 17, 19, 12, 8, 26][6, 5, 21, 2, 29][14, 1, 9, 23, 20][13, 0, 25, 22, 18][24, 4, 7, 27][10, 15, 16][10, 29][16, 28][10, 27][14, 24][25, 28][18, 19] 
[3, 11, 17, 19, 12, 8, 26][13, 0, 25, 22, 18][6, 5, 21, 2, 29][14, 1, 9, 23, 20][24, 4, 7, 27][15, 16, 28][25, 28][18, 19][10, 15][10, 27][10, 29][14, 24] 
