[17, 18, 19, 12, 8, 26][21, 5, 15, 10, 27][11, 25, 28, 0, 22][20, 24, 4, 23][6, 16, 2, 29][3, 1, 9, 14][16, 7, 20][9, 23][7, 27][6, 13][0, 13][0, 18] 
[17, 18, 19, 12, 8, 26][21, 5, 15, 10, 27][11, 25, 28, 0, 22][20, 24, 4, 23][6, 16, 2, 29][3, 1, 9, 14][16, 7, 20][9, 23][7, 27][6, 13][0, 13][0, 18] 
[17, 18, 19, 12, 8, 26][11, 25, 28, 0, 22][21, 5, 15, 10, 27][6, 16, 2, 29][20, 24, 4, 23][3, 1, 9, 14][16, 7, 20][6, 13][0, 13][0, 18][7, 27][9, 23] 
[17, 18, 19, 12, 8, 26][11, 25, 28, 0, 22][21, 5, 15, 10, 27][3, 1, 9, 14][20, 24, 4, 23][6, 16, 2, 29][16, 7, 20][9, 23][6, 13][0, 13][7, 27][0, 18] 
[17, 18, 19, 12, 8, 26][3, 1, 9, 14, 11][21, 5, 15, 10, 27][6, 16, 2, 29][20, 24, 4, 23][22, 0, 28, 25][16, 7, 20][9, 23][6, 13][7, 27][0, 18][0, 13] 
[17, 18, 19, 12, 8, 26][3, 1, 9, 14, 11][21, 5, 15, 10, 27][20, 24, 4, 23][6, 16, 2, 29][22, 0, 28, 25][16, 7, 20][9, 23][7, 27][6, 13][0, 13][0, 18] 
[17, 18, 19, 12, 8, 26][3, 1, 9, 14, 11][21, 5, 15, 10, 27][6, 16, 2, 29][20, 24, 4, 23][22, 0, 28, 25][16, 7, 20][9, 23][6, 13][7, 27][0, 18][0, 13] 
[17, 18, 19, 12, 8, 26][21, 5, 15, 10, 27][3, 1, 9, 14, 11][20, 24, 4, 23][6, 16, 2, 29][22, 0, 28, 25][16, 7, 20][7, 27][6, 13][0, 13][9, 23][0, 18] 
[17, 18, 19, 12, 8, 26][21, 5, 15, 10, 27][3, 1, 9, 14, 11][22, 0, 28, 25][6, 16, 2, 29][20, 24, 4, 23][16, 7, 20][0, 13][0, 18][6, 13][7, 27][9, 23] 
[17, 18, 19, 12, 8, 26][21, 5, 15, 10, 27][3, 1, 9, 14, 11][22, 0, 28, 25][6, 16, 2, 29][20, 24, 4, 23][16, 7, 20][0, 18][0, 13][6, 13][7, 27][9, 23] 
[17, 18, 19, 12, 8, 26][21, 5, 15, 10, 27][11, 25, 28, 0, 22][20, 24, 4, 23][6, 16, 2, 29][3, 1, 9, 14][16, 7, 20][7, 27][9, 23][6, 13][0, 13][0, 18] 
[17, 18, 19, 12, 8, 26][21, 5, 15, 10, 27][11, 25, 28, 0, 22][3, 1, 9, 14][20, 24, 4, 23][6, 16, 2, 29][16, 7, 20][9, 23][7, 27][6, 13][0, 13][0, 18] 
[17, 18, 19, 12, 8, 26][11, 25, 28, 0, 22][21, 5, 15, 10, 27][6, 16, 2, 29][20, 24, 4, 23][3, 1, 9, 14][16, 7, 20][6, 13][0, 13][0, 18][7, 27][9, 23] 
[17, 18, 19, 12, 8, 26][3, 1, 9, 14, 11][21, 5, 15, 10, 27][6, 16, 2, 29][20, 24, 4, 23][22, 0, 28, 25][16, 7, 20][9, 23][6, 13][7, 27][0, 18][0, 13] 
[17, 18, 19, 12, 8, 26][21, 5, 15, 10, 27][3, 1, 9, 14, 11][20, 24, 4, 23][6, 16, 2, 29][22, 0, 28, 25][16, 7, 20][7, 27][9, 23][6, 13][0, 13][0, 18] 
[17, 18, 19, 12, 8, 26][21, 5, 15, 10, 27][3, 1, 9, 14, 11][20, 24, 4, 23][6, 16, 2, 29][22, 0, 28, 25][16, 7, 20][7, 27][6, 13][0, 13][9, 23][0, 18] 
[17, 18, 19, 12, 8, 26][21, 5, 15, 10, 27][11, 25, 28, 0, 22][3, 1, 9, 14][20, 24, 4, 23][6, 16, 2, 29][16, 7, 20][9, 23][7, 27][6, 13][0, 13][0, 18] 
[17, 18, 19, 12, 8, 26][11, 25, 28, 0, 22][21, 5, 15, 10, 27][6, 16, 2, 29][20, 24, 4, 23][3, 1, 9, 14][16, 7, 20][0, 13][0, 18][6, 13][9, 23][7, 27] 
[17, 18, 19, 12, 8, 26][21, 5, 15, 10, 27][3, 1, 9, 14, 11][6, 16, 2, 29][20, 24, 4, 23][22, 0, 28, 25][16, 7, 20][7, 27][9, 23][6, 13][0, 13][0, 18] 
[17, 18, 19, 12, 8, 26][21, 5, 15, 10, 27][11, 25, 28, 0, 22][6, 16, 2, 29][20, 24, 4, 23][3, 1, 9, 14][16, 7, 20][7, 27][6, 13][9, 23][0, 13][0, 18] 
[17, 18, 19, 12, 8, 26][21, 5, 15, 10, 27][11, 25, 28, 0, 22][20, 24, 4, 23][6, 16, 2, 29][3, 1, 9, 14][16, 7, 20][9, 23][7, 27][6, 13][0, 13][0, 18] 
[17, 18, 19, 12, 8, 26][21, 5, 15, 10, 27][11, 25, 28, 0, 22][20, 24, 4, 23][6, 16, 2, 29][3, 1, 9, 14][16, 7, 20][7, 27][9, 23][6, 13][0, 13][0, 18] 
[17, 18, 19, 12, 8, 26][11, 25, 28, 0, 22][21, 5, 15, 10, 27][3, 1, 9, 14][20, 24, 4, 23][6, 16, 2, 29][16, 7, 20][9, 23][6, 13][0, 13][7, 27][0, 18] 
[17, 18, 19, 12, 8, 26][21, 5, 15, 10, 27][3, 1, 9, 14, 11][6, 16, 2, 29][20, 24, 4, 23][22, 0, 28, 25][16, 7, 20][7, 27][6, 13][9, 23][0, 13][0, 18] 
[17, 18, 19, 12, 8, 26][21, 5, 15, 10, 27][3, 1, 9, 14, 11][6, 16, 2, 29][20, 24, 4, 23][22, 0, 28, 25][16, 7, 20][7, 27][6, 13][9, 23][0, 13][0, 18] 
[17, 18, 19, 12, 8, 26][21, 5, 15, 10, 27][3, 1, 9, 14, 11][22, 0, 28, 25][6, 16, 2, 29][20, 24, 4, 23][16, 7, 20][0, 13][0, 18][6, 13][7, 27][9, 23] 
[17, 18, 19, 12, 8, 26][21, 5, 15, 10, 27][11, 25, 28, 0, 22][3, 1, 9, 14][20, 24, 4, 23][6, 16, 2, 29][16, 7, 20][9, 23][7, 27][6, 13][0, 13][0, 18] 
[17, 18, 19, 12, 8, 26][21, 5, 15, 10, 27][11, 25, 28, 0, 22][6, 16, 2, 29][20, 24, 4, 23][3, 1, 9, 14][16, 7, 20][6, 13][7, 27][0, 13][0, 18][9, 23] 
[17, 18, 19, 12, 8, 26][21, 5, 15, 10, 27][3, 1, 9, 14, 11][20, 24, 4, 23][6, 16, 2, 29][22, 0, 28, 25][16, 7, 20][7, 27][9, 23][6, 13][0, 13][0, 18] 
[17, 18, 19, 12, 8, 26][21, 5, 15, 10, 27][11, 25, 28, 0, 22][6, 16, 2, 29][20, 24, 4, 23][3, 1, 9, 14][16, 7, 20][7, 27][6, 13][9, 23][0, 13][0, 18] 
[17, 18, 19, 12, 8, 26][11, 25, 28, 0, 22][21, 5, 15, 10, 27][6, 16, 2, 29][20, 24, 4, 23][3, 1, 9, 14][16, 7, 20][0, 13][6, 13][7, 27][9, 23][0, 18] 
[17, 18, 19, 12, 8, 26][11, 25, 28, 0, 22][21, 5, 15, 10, 27][6, 16, 2, 29][20, 24, 4, 23][3, 1, 9, 14][16, 7, 20][0, 13][6, 13][7, 27][9, 23][0, 18] 
[17, 18, 19, 12, 8, 26][21, 5, 15, 10, 27][3, 1, 9, 14, 11][6, 16, 2, 29][20, 24, 4, 23][22, 0, 28, 25][16, 7, 20][7, 27][6, 13][0, 13][0, 18][9, 23] 
[17, 18, 19, 12, 8, 26][11, 25, 28, 0, 22][21, 5, 15, 10, 27][3, 1, 9, 14][20, 24, 4, 23][6, 16, 2, 29][16, 7, 20][9, 23][6, 13][0, 13][7, 27][0, 18] 
[17, 18, 19, 12, 8, 26][11, 25, 28, 0, 22][21, 5, 15, 10, 27][3, 1, 9, 14][20, 24, 4, 23][6, 16, 2, 29][16, 7, 20][9, 23][6, 13][0, 13][7, 27][0, 18] 
[10, 27, 29, 2, 16, 15, 5, 6, 13, 18, 0, 22, 19, 17][3, 9, 1, 4, 23, 14, 20, 7, 10][11, 25, 28, 0, 12][12, 8, 26][0, 22][5, 21][4, 24][0, 18][14, 20][0, 22][14, 20][14, 20] 
[10, 27, 29, 2, 16, 15, 5, 6, 13, 18, 0, 22, 19, 17][3, 9, 1, 4, 23, 14, 20, 7, 10][11, 25, 28, 0, 12][12, 8, 26][0, 22][5, 21][4, 24][0, 18][14, 20][0, 22][14, 20][14, 20] 
[10, 27, 29, 2, 16, 15, 5, 6, 13, 18, 0, 22, 19, 17][3, 9, 1, 4, 23, 14, 20, 7, 10][11, 25, 28, 0, 12][12, 8, 26][0, 22][5, 21][4, 24][0, 18][14, 20][0, 22][14, 20][14, 20] 
[22, 0, 18, 13, 6, 5, 15, 16, 2, 29][3, 9, 1, 4, 23, 14, 20, 7, 10][17, 18, 19, 12, 8, 26][21, 5, 15, 10, 27][0, 28, 25, 11][4, 24][4, 23][4, 23][0, 18][4, 23][0, 18][4, 23] 
[22, 0, 18, 13, 6, 5, 15, 16, 2, 29][3, 9, 1, 4, 23, 14, 20, 7, 10][17, 18, 19, 12, 8, 26][21, 5, 15, 10, 27][0, 28, 25, 11][4, 24][4, 23][4, 23][0, 18][4, 23][0, 18][4, 23] 
[3, 9, 1, 4, 23, 14, 20, 7, 10][11, 25, 28, 0, 18, 12, 17, 22, 19][18, 13, 6, 5, 15, 16, 2, 29][21, 5, 15, 10, 27][12, 8, 26][4, 24][4, 23][4, 23][0, 18][4, 23][0, 18][4, 23] 
[10, 27, 29, 2, 16, 15, 5, 6, 13, 18, 0, 22, 19, 17][3, 9, 1, 4, 23, 14, 20, 7, 10][11, 25, 28, 0, 12][12, 8, 26][0, 22][5, 21][4, 24][0, 18][14, 20][0, 22][14, 20][14, 20] 
[10, 27, 29, 2, 16, 15, 5, 6, 13, 18, 0, 22, 19, 17][3, 9, 1, 4, 23, 14, 20, 7, 10][11, 25, 28, 0, 12][12, 8, 26][0, 22][5, 21][4, 24][0, 18][14, 20][0, 22][14, 20][14, 20] 
[22, 0, 18, 13, 6, 5, 15, 16, 2, 29][3, 9, 1, 4, 23, 14, 20, 7, 10][11, 25, 28, 0, 18, 12, 17, 22, 19][17, 18, 19, 12, 8, 26][21, 5, 15, 10, 27][4, 24][4, 23][4, 23][0, 18][4, 23][0, 18][4, 23] 
[10, 27, 29, 2, 16, 15, 5, 6, 13, 18, 0, 22, 19, 17][3, 9, 1, 4, 23, 14, 20, 7, 10][11, 25, 28, 0, 12][12, 8, 26][0, 22][5, 21][4, 24][0, 18][14, 20][0, 22][14, 20][14, 20] 
[10, 27, 29, 2, 16, 15, 5, 6, 13, 18, 0, 22, 19, 17][3, 9, 1, 4, 23, 14, 20, 7, 10][11, 25, 28, 0, 12][6, 15, 5, 21][0, 22, 19, 17][12, 8, 26][0, 22][7, 10][4, 24][14, 20][0, 18][14, 20] 
[10, 27, 29, 2, 16, 15, 5, 6, 13, 18, 0, 22, 19, 17][3, 9, 1, 4, 23, 14, 20, 7, 10][11, 25, 28, 0, 12][12, 8, 26][0, 22][5, 21][4, 24][0, 18][14, 20][0, 22][14, 20][14, 20] 
[22, 0, 18, 13, 6, 5, 15, 16, 2, 29][3, 9, 1, 4, 23, 14, 20, 7, 10][11, 25, 28, 0, 18, 12, 17, 22, 19][17, 18, 19, 12, 8, 26][21, 5, 15, 10, 27][4, 24][4, 23][4, 23][0, 18][4, 23][0, 18][4, 23] 
[10, 27, 29, 2, 16, 15, 5, 6, 13, 18, 0, 22, 19, 17][3, 9, 1, 4, 23, 14, 20, 7, 10][11, 25, 28, 0, 12][6, 15, 5, 21][0, 22, 19, 17][12, 8, 26][0, 22][7, 10][4, 24][14, 20][0, 18][14, 20] 
[10, 27, 29, 2, 16, 15, 5, 6, 13, 18, 0, 22, 19, 17][3, 9, 1, 4, 23, 14, 20, 7, 10][11, 25, 28, 0, 12][6, 15, 5, 21][12, 8, 26][15, 16][4, 24][0, 22][14, 20][0, 22][14, 20][0, 18] 
[10, 27, 29, 2, 16, 15, 5, 6, 13, 18, 0, 22, 19, 17][3, 9, 1, 4, 23, 14, 20, 7, 10][11, 25, 28, 0, 12][12, 8, 26][0, 22][5, 21][4, 24][0, 18][14, 20][0, 22][14, 20][14, 20] 
[10, 27, 29, 2, 16, 15, 5, 6, 13, 18, 0, 22, 19, 17][3, 9, 1, 4, 23, 14, 20, 7, 10][11, 25, 28, 0, 12][6, 15, 5, 21][12, 8, 26][15, 16][4, 24][0, 22][14, 20][0, 22][14, 20][0, 18] 
[7, 10, 27, 29, 2, 16, 15, 5, 6, 13, 18, 0, 22, 19, 17][3, 9, 1, 4, 23, 14, 20][7, 14, 4, 23, 1, 24][11, 25, 28, 0, 12][12, 8, 26][6, 21][0, 22][4, 23][0, 18][4, 23][15, 16][0, 22] 
[10, 27, 29, 2, 16, 15, 5, 6, 13, 18, 0, 22, 19, 17][3, 9, 1, 4, 23, 14, 20, 7, 10][11, 25, 28, 0, 12][12, 8, 26][0, 22][5, 21][4, 24][0, 18][14, 20][0, 22][14, 20][14, 20] 
[10, 27, 29, 2, 16, 15, 5, 6, 13, 18, 0, 22, 19, 17][3, 9, 1, 4, 23, 14, 20, 7, 10][11, 25, 28, 0, 12][12, 8, 26][0, 22][5, 21][4, 24][0, 18][14, 20][0, 22][14, 20][14, 20] 
[10, 27, 29, 2, 16, 15, 5, 6, 13, 18, 0, 22, 19, 17][3, 9, 1, 4, 23, 14, 20, 7, 10][11, 25, 28, 0, 12][12, 8, 26][0, 22][5, 21][4, 24][0, 18][14, 20][0, 22][14, 20][14, 20] 
[17, 18, 19, 12, 8, 26][21, 5, 15, 10, 27][3, 1, 9, 14, 11][20, 24, 4, 23][6, 16, 2, 29][22, 0, 28, 25][16, 7, 20][7, 27][9, 23][6, 13][0, 13][0, 18] 
[17, 18, 19, 12, 8, 26][3, 1, 9, 14, 11][21, 5, 15, 10, 27][22, 0, 28, 25][6, 16, 2, 29][20, 24, 4, 23][16, 7, 20][0, 18][0, 13][6, 13][9, 23][7, 27] 
[17, 18, 19, 12, 8, 26][3, 1, 9, 14, 11][21, 5, 15, 10, 27][6, 16, 2, 29][20, 24, 4, 23][22, 0, 28, 25][16, 7, 20][9, 23][6, 13][7, 27][0, 18][0, 13] 
[17, 18, 19, 12, 8, 26][21, 5, 15, 10, 27][3, 1, 9, 14, 11][20, 24, 4, 23][6, 16, 2, 29][22, 0, 28, 25][16, 7, 20][7, 27][6, 13][9, 23][0, 13][0, 18] 
[17, 18, 19, 12, 8, 26][3, 1, 9, 14, 11][21, 5, 15, 10, 27][6, 16, 2, 29][20, 24, 4, 23][22, 0, 28, 25][16, 7, 20][6, 13][9, 23][7, 27][0, 13][0, 18] 
[17, 18, 19, 12, 8, 26][3, 1, 9, 14, 11][21, 5, 15, 10, 27][20, 24, 4, 23][6, 16, 2, 29][22, 0, 28, 25][16, 7, 20][9, 23][6, 13][0, 13][0, 18][7, 27] 
[17, 18, 19, 12, 8, 26][21, 5, 15, 10, 27][3, 1, 9, 14, 11][20, 24, 4, 23][6, 16, 2, 29][22, 0, 28, 25][16, 7, 20][7, 27][6, 13][9, 23][0, 13][0, 18] 
[17, 18, 19, 12, 8, 26][3, 1, 9, 14, 11][21, 5, 15, 10, 27][6, 16, 2, 29][20, 24, 4, 23][22, 0, 28, 25][16, 7, 20][9, 23][6, 13][7, 27][0, 18][0, 13] 
[17, 18, 19, 12, 8, 26][21, 5, 15, 10, 27][3, 1, 9, 14, 11][6, 16, 2, 29][20, 24, 4, 23][22, 0, 28, 25][16, 7, 20][7, 27][9, 23][6, 13][0, 13][0, 18] 
[17, 18, 19, 12, 8, 26][21, 5, 15, 10, 27][3, 1, 9, 14, 11][20, 24, 4, 23][6, 16, 2, 29][22, 0, 28, 25][16, 7, 20][7, 27][6, 13][0, 13][0, 18][9, 23] 
[17, 18, 19, 12, 8, 26][3, 1, 9, 14, 11][21, 5, 15, 10, 27][22, 0, 28, 25][6, 16, 2, 29][20, 24, 4, 23][16, 7, 20][0, 18][0, 13][6, 13][9, 23][7, 27] 
[17, 18, 19, 12, 8, 26][3, 1, 9, 14, 11][21, 5, 15, 10, 27][20, 24, 4, 23][6, 16, 2, 29][22, 0, 28, 25][16, 7, 20][9, 23][7, 27][6, 13][0, 13][0, 18] 
[17, 18, 19, 12, 8, 26][3, 1, 9, 14, 11][21, 5, 15, 10, 27][22, 0, 28, 25][6, 16, 2, 29][20, 24, 4, 23][16, 7, 20][0, 18][0, 13][6, 13][9, 23][7, 27] 
[17, 18, 19, 12, 8, 26][21, 5, 15, 10, 27][3, 1, 9, 14, 11][20, 24, 4, 23][6, 16, 2, 29][22, 0, 28, 25][16, 7, 20][7, 27][9, 23][6, 13][0, 13][0, 18] 
[17, 18, 19, 12, 8, 26][21, 5, 15, 10, 27][3, 1, 9, 14, 11][22, 0, 28, 25][6, 16, 2, 29][20, 24, 4, 23][16, 7, 20][0, 13][0, 18][6, 13][7, 27][9, 23] 
[17, 18, 19, 12, 8, 26][11, 25, 28, 0, 22][21, 5, 15, 10, 27][6, 16, 2, 29][20, 24, 4, 23][3, 1, 9, 14][16, 7, 20][0, 18][6, 13][7, 27][9, 23][0, 13] 
[17, 18, 19, 12, 8, 26][11, 25, 28, 0, 22][21, 5, 15, 10, 27][6, 16, 2, 29][20, 24, 4, 23][3, 1, 9, 14][16, 7, 20][0, 18][6, 13][7, 27][9, 23][0, 13] 
[17, 18, 19, 12, 8, 26][11, 25, 28, 0, 22][21, 5, 15, 10, 27][6, 16, 2, 29][20, 24, 4, 23][3, 1, 9, 14][16, 7, 20][0, 18][6, 13][7, 27][9, 23][0, 13] 
[17, 18, 19, 12, 8, 26][21, 5, 15, 10, 27][11, 25, 28, 0, 22][3, 1, 9, 14][20, 24, 4, 23][6, 16, 2, 29][16, 7, 20][9, 23][7, 27][6, 13][0, 13][0, 18] 
[17, 18, 19, 12, 8, 26][21, 5, 15, 10, 27][11, 25, 28, 0, 22][3, 1, 9, 14][20, 24, 4, 23][6, 16, 2, 29][16, 7, 20][9, 23][7, 27][6, 13][0, 13][0, 18] 
[17, 18, 19, 12, 8, 26][11, 25, 28, 0, 22][21, 5, 15, 10, 27][3, 1, 9, 14][20, 24, 4, 23][6, 16, 2, 29][16, 7, 20][9, 23][6, 13][0, 13][7, 27][0, 18] 
[17, 18, 19, 12, 8, 26][3, 1, 9, 14, 11][21, 5, 15, 10, 27][6, 16, 2, 29][20, 24, 4, 23][22, 0, 28, 25][16, 7, 20][9, 23][6, 13][7, 27][0, 18][0, 13] 
[17, 18, 19, 12, 8, 26][3, 1, 9, 14, 11][21, 5, 15, 10, 27][6, 16, 2, 29][20, 24, 4, 23][22, 0, 28, 25][16, 7, 20][9, 23][6, 13][7, 27][0, 18][0, 13] 
[17, 18, 19, 12, 8, 26][3, 1, 9, 14, 11][21, 5, 15, 10, 27][20, 24, 4, 23][6, 16, 2, 29][22, 0, 28, 25][16, 7, 20][9, 23][6, 13][0, 13][0, 18][7, 27] 
[17, 18, 19, 12, 8, 26][3, 1, 9, 14, 11][21, 5, 15, 10, 27][6, 16, 2, 29][20, 24, 4, 23][22, 0, 28, 25][16, 7, 20][9, 23][6, 13][7, 27][0, 18][0, 13] 
[17, 18, 19, 12, 8, 26][3, 1, 9, 14, 11][21, 5, 15, 10, 27][6, 16, 2, 29][20, 24, 4, 23][22, 0, 28, 25][16, 7, 20][9, 23][6, 13][7, 27][0, 18][0, 13] 
[17, 18, 19, 12, 8, 26][21, 5, 15, 10, 27][3, 1, 9, 14, 11][20, 24, 4, 23][6, 16, 2, 29][22, 0, 28, 25][16, 7, 20][7, 27][6, 13][0, 13][0, 18][9, 23] 
[17, 18, 19, 12, 8, 26][21, 5, 15, 10, 27][3, 1, 9, 14, 11][6, 16, 2, 29][20, 24, 4, 23][22, 0, 28, 25][16, 7, 20][7, 27][6, 13][9, 23][0, 13][0, 18] 
[17, 18, 19, 12, 8, 26][21, 5, 15, 10, 27][11, 25, 28, 0, 22][20, 24, 4, 23][6, 16, 2, 29][3, 1, 9, 14][16, 7, 20][9, 23][7, 27][6, 13][0, 13][0, 18] 
[17, 18, 19, 12, 8, 26][21, 5, 15, 10, 27][11, 25, 28, 0, 22][6, 16, 2, 29][20, 24, 4, 23][3, 1, 9, 14][16, 7, 20][6, 13][7, 27][0, 13][0, 18][9, 23] 
[17, 18, 19, 12, 8, 26][21, 5, 15, 10, 27][11, 25, 28, 0, 22][6, 16, 2, 29][20, 24, 4, 23][3, 1, 9, 14][16, 7, 20][6, 13][7, 27][0, 13][0, 18][9, 23] 
[17, 18, 19, 12, 8, 26][21, 5, 15, 10, 27][11, 25, 28, 0, 22][20, 24, 4, 23][6, 16, 2, 29][3, 1, 9, 14][16, 7, 20][9, 23][7, 27][6, 13][0, 13][0, 18] 
[17, 18, 19, 12, 8, 26][21, 5, 15, 10, 27][11, 25, 28, 0, 22][3, 1, 9, 14][20, 24, 4, 23][6, 16, 2, 29][16, 7, 20][9, 23][7, 27][6, 13][0, 13][0, 18] 
[17, 18, 19, 12, 8, 26][21, 5, 15, 10, 27][11, 25, 28, 0, 22][20, 24, 4, 23][6, 16, 2, 29][3, 1, 9, 14][16, 7, 20][9, 23][7, 27][6, 13][0, 13][0, 18] 
[17, 18, 19, 12, 8, 26][21, 5, 15, 10, 27][11, 25, 28, 0, 22][3, 1, 9, 14][20, 24, 4, 23][6, 16, 2, 29][16, 7, 20][9, 23][7, 27][6, 13][0, 13][0, 18] 
[17, 18, 19, 12, 8, 26][21, 5, 15, 10, 27][11, 25, 28, 0, 22][3, 1, 9, 14][20, 24, 4, 23][6, 16, 2, 29][16, 7, 20][9, 23][7, 27][6, 13][0, 13][0, 18] 
[17, 18, 19, 12, 8, 26][21, 5, 15, 10, 27][11, 25, 28, 0, 22][3, 1, 9, 14][20, 24, 4, 23][6, 16, 2, 29][16, 7, 20][9, 23][7, 27][6, 13][0, 13][0, 18] 
[17, 18, 19, 12, 8, 26][21, 5, 15, 10, 27][11, 25, 28, 0, 22][3, 1, 9, 14][20, 24, 4, 23][6, 16, 2, 29][16, 7, 20][9, 23][7, 27][6, 13][0, 13][0, 18] 
[17, 18, 19, 12, 8, 26][11, 25, 28, 0, 22][21, 5, 15, 10, 27][6, 16, 2, 29][20, 24, 4, 23][3, 1, 9, 14][16, 7, 20][0, 13][6, 13][7, 27][9, 23][0, 18] 
[17, 18, 19, 12, 8, 26][11, 25, 28, 0, 22][21, 5, 15, 10, 27][3, 1, 9, 14][20, 24, 4, 23][6, 16, 2, 29][16, 7, 20][9, 23][6, 13][0, 13][7, 27][0, 18] 
[17, 18, 19, 12, 8, 26][21, 5, 15, 10, 27][11, 25, 28, 0, 22][6, 16, 2, 29][20, 24, 4, 23][3, 1, 9, 14][16, 7, 20][6, 13][7, 27][0, 13][0, 18][9, 23] 
[17, 18, 19, 12, 8, 26][21, 5, 15, 10, 27][11, 25, 28, 0, 22][3, 1, 9, 14][20, 24, 4, 23][6, 16, 2, 29][16, 7, 20][9, 23][7, 27][6, 13][0, 13][0, 18] 
[17, 18, 19, 12, 8, 26][11, 25, 28, 0, 22][21, 5, 15, 10, 27][6, 16, 2, 29][20, 24, 4, 23][3, 1, 9, 14][16, 7, 20][0, 18][6, 13][7, 27][9, 23][0, 13] 
[17, 18, 19, 12, 8, 26][21, 5, 15, 10, 27][11, 25, 28, 0, 22][20, 24, 4, 23][6, 16, 2, 29][3, 1, 9, 14][16, 7, 20][13, 0, 18][7, 27][9, 23][6, 13][25, 28] 
[17, 18, 19, 12, 8, 26][11, 25, 28, 0, 22][21, 5, 15, 10, 27][20, 24, 4, 23][6, 16, 2, 29][3, 1, 9, 14][16, 7, 20][13, 0, 18][9, 23][6, 13][7, 27][8, 26] 
[17, 18, 19, 12, 8, 26][21, 5, 15, 10, 27][11, 25, 28, 0, 22][20, 24, 4, 23][6, 16, 2, 29][3, 1, 9, 14][16, 7, 20][13, 0, 18][7, 27][9, 23][6, 13][25, 28] 
[17, 18, 19, 12, 8, 26][11, 25, 28, 0, 22][21, 5, 15, 10, 27][20, 24, 4, 23][6, 16, 2, 29][3, 1, 9, 14][16, 7, 20][13, 0, 18][9, 23][6, 13][7, 27][8, 26] 
[17, 18, 19, 12, 8, 26][21, 5, 15, 10, 27][11, 25, 28, 0, 22][6, 16, 2, 29][20, 24, 4, 23][3, 1, 9, 14][16, 7, 20][13, 0, 18][9, 23][7, 27][6, 13][2, 29] 
[7, 27, 10, 15, 5, 21][17, 18, 19, 12, 8, 26][11, 25, 28, 0, 22][3, 1, 9, 14][20, 24, 4, 23][6, 16, 2, 29][13, 0, 18][9, 23][7, 20][7, 16][6, 13][0, 28] 
[17, 18, 19, 12, 8, 26][3, 1, 9, 14, 11][21, 5, 15, 10, 27][6, 16, 2, 29][20, 24, 4, 23][22, 0, 28, 25][16, 7, 20][9, 23][6, 13][7, 27][0, 18][0, 13] 
[17, 18, 19, 12, 8, 26][3, 1, 9, 14, 11][21, 5, 15, 10, 27][6, 16, 2, 29][20, 24, 4, 23][22, 0, 28, 25][16, 7, 20][9, 23][6, 13][7, 27][0, 18][0, 13] 
[17, 18, 19, 12, 8, 26][21, 5, 15, 10, 27][3, 1, 9, 14, 11][20, 24, 4, 23][6, 16, 2, 29][22, 0, 28, 25][16, 7, 20][13, 0, 22][7, 27][6, 13][9, 23][0, 18] 
[17, 18, 19, 12, 8, 26][3, 1, 9, 14, 11][21, 5, 15, 10, 27][6, 16, 2, 29][20, 24, 4, 23][22, 0, 28, 25][16, 7, 20][6, 13][0, 13][7, 27][0, 18][9, 23] 
[17, 18, 19, 12, 8, 26][3, 1, 9, 14, 11][21, 5, 15, 10, 27][6, 16, 2, 29][20, 24, 4, 23][22, 0, 28, 25][16, 7, 20][6, 13][9, 23][7, 27][0, 13][0, 18] 
[17, 18, 19, 12, 8, 26][11, 25, 28, 0, 22][21, 5, 15, 10, 27][6, 16, 2, 29][20, 24, 4, 23][3, 1, 9, 14][16, 7, 20][0, 18][6, 13][7, 27][9, 23][0, 13] 
[17, 18, 19, 12, 8, 26][21, 5, 15, 10, 27][3, 1, 9, 14, 11][22, 0, 28, 25][6, 16, 2, 29][20, 24, 4, 23][16, 7, 20][0, 13][0, 18][6, 13][7, 27][9, 23] 
