[13, 18, 22, 19, 8, 26][12, 0, 25, 28, 16][6, 5, 21, 15, 29][1, 3, 9, 14][23, 20, 4, 24][2, 10, 27, 7][3, 11, 17][17, 22][0, 22][15, 16][9, 23][7, 20] 
[13, 18, 22, 19, 8, 26][6, 5, 21, 15, 29][12, 0, 25, 28, 16][1, 3, 9, 14, 11][23, 20, 4, 24][2, 10, 27, 7][15, 16][11, 17][9, 23][0, 22][7, 20][17, 22] 
[13, 18, 22, 19, 8, 26][6, 5, 21, 15, 29][1, 3, 9, 14, 11][12, 0, 25, 28, 16][2, 10, 27, 7][23, 20, 4, 24][10, 29][7, 20][9, 23][11, 17][17, 22][0, 22] 
[13, 18, 22, 19, 8, 26][1, 3, 9, 14, 11][12, 0, 25, 28, 16][6, 5, 21, 15, 29][23, 20, 4, 24][2, 10, 27, 7][7, 20][9, 23][17, 22][0, 22][10, 29][11, 17] 
[13, 18, 22, 19, 8, 26][6, 5, 21, 15, 29][1, 3, 9, 14, 11][12, 0, 25, 28, 16][2, 10, 27, 7][23, 20, 4, 24][10, 29][7, 20][9, 23][11, 17][12, 17][17, 22] 
[13, 18, 22, 19, 8, 26][1, 3, 9, 14, 11][12, 0, 25, 28, 16][6, 5, 21, 15, 29][23, 20, 4, 24][2, 10, 27, 7][7, 20][9, 23][17, 22][0, 22][10, 29][11, 17] 
[13, 18, 22, 19, 8, 26][6, 5, 21, 15, 29][1, 3, 9, 14, 11][12, 0, 25, 28, 16][2, 10, 27, 7][23, 20, 4, 24][10, 29][7, 20][9, 23][11, 17][17, 22][0, 22] 
[13, 18, 22, 19, 8, 26][1, 3, 9, 14, 11][6, 5, 21, 15, 29][12, 0, 25, 28, 16][23, 20, 4, 24][2, 10, 27, 7][9, 23][7, 20][11, 17][10, 29][12, 17][17, 22] 
[13, 18, 22, 19, 8, 26][12, 0, 25, 28, 16][1, 3, 9, 14, 11][6, 5, 21, 15, 29][23, 20, 4, 24][2, 10, 27, 7][17, 22][0, 22][11, 17][9, 23][7, 20][10, 29] 
[13, 18, 22, 19, 8, 26][1, 3, 9, 14, 11][12, 0, 25, 28, 16][6, 5, 21, 15, 29][23, 20, 4, 24][2, 10, 27, 7][7, 20][9, 23][17, 22][0, 22][10, 29][11, 17] 
[13, 18, 22, 19, 8, 26][12, 0, 25, 28, 16][6, 5, 21, 15, 29][1, 3, 9, 14][23, 20, 4, 24][2, 10, 27, 7][3, 11, 17][17, 22][9, 23][7, 20][0, 22][15, 16] 
[13, 18, 22, 19, 8, 26][1, 3, 9, 14, 11][12, 0, 25, 28, 16][6, 5, 21, 15, 29][23, 20, 4, 24][2, 10, 27, 7][9, 23][11, 17][7, 20][17, 22][0, 22][15, 16] 
[13, 18, 22, 19, 8, 26][1, 3, 9, 14, 11][12, 0, 25, 28, 16][6, 5, 21, 15, 29][23, 20, 4, 24][2, 10, 27, 7][17, 22][11, 17][9, 23][7, 20][0, 22][10, 29] 
[13, 18, 22, 19, 8, 26][6, 5, 21, 15, 29][1, 3, 9, 14, 11][12, 0, 25, 28, 16][2, 10, 27, 7][23, 20, 4, 24][10, 29][7, 20][9, 23][11, 17][12, 17][17, 22] 
[13, 18, 22, 19, 8, 26][12, 0, 25, 28, 16][1, 3, 9, 14, 11][6, 5, 21, 15, 29][23, 20, 4, 24][2, 10, 27, 7][0, 22][17, 22][11, 17][9, 23][7, 20][10, 29] 
[13, 18, 22, 19, 8, 26][12, 0, 25, 28, 16][1, 3, 9, 14, 11][6, 5, 21, 15, 29][23, 20, 4, 24][2, 10, 27, 7][12, 17][17, 22][11, 17][9, 23][7, 20][10, 29] 
[13, 18, 22, 19, 8, 26][12, 0, 25, 28, 16][6, 5, 21, 15, 29][2, 10, 27, 7][23, 20, 4, 24][1, 3, 9, 14][3, 11, 17][7, 20][9, 23][17, 22][0, 22][15, 16] 
[13, 18, 22, 19, 8, 26][6, 5, 21, 15, 29][12, 0, 25, 28, 16][1, 3, 9, 14, 11][23, 20, 4, 24][2, 10, 27, 7][15, 16][11, 17][0, 22][9, 23][7, 20][17, 22] 
[13, 18, 22, 19, 8, 26][12, 0, 25, 28, 16][1, 3, 9, 14, 11][6, 5, 21, 15, 29][23, 20, 4, 24][2, 10, 27, 7][12, 17][17, 22][11, 17][9, 23][7, 20][10, 29] 
[13, 18, 22, 19, 8, 26][12, 0, 25, 28, 16][6, 5, 21, 15, 29][1, 3, 9, 14][23, 20, 4, 24][2, 10, 27, 7][3, 11, 17][17, 22][0, 22][15, 16][9, 23][7, 20] 
[13, 18, 22, 19, 8, 26][12, 0, 25, 28, 16][6, 5, 21, 15, 29][1, 3, 9, 14][23, 20, 4, 24][2, 10, 27, 7][3, 11, 17][0, 22][17, 22][15, 16][9, 23][7, 20] 
[13, 18, 22, 19, 8, 26][1, 3, 9, 14, 11][12, 0, 25, 28, 16][6, 5, 21, 15, 29][23, 20, 4, 24][2, 10, 27, 7][9, 23][11, 17][7, 20][17, 22][0, 22][15, 16] 
[13, 18, 22, 19, 8, 26][6, 5, 21, 15, 29][1, 3, 9, 14, 11][12, 0, 25, 28, 16][2, 10, 27, 7][23, 20, 4, 24][10, 29][7, 20][9, 23][11, 17][17, 22][0, 22] 
[13, 18, 22, 19, 8, 26][12, 0, 25, 28, 16][1, 3, 9, 14, 11][6, 5, 21, 15, 29][23, 20, 4, 24][2, 10, 27, 7][12, 17][17, 22][11, 17][9, 23][7, 20][10, 29] 
[13, 18, 22, 19, 8, 26][1, 3, 9, 14, 11][12, 0, 25, 28, 16][6, 5, 21, 15, 29][23, 20, 4, 24][2, 10, 27, 7][9, 23][11, 17][17, 22][0, 22][7, 20][10, 29] 
[13, 18, 22, 19, 8, 26][12, 0, 25, 28, 16][1, 3, 9, 14, 11][6, 5, 21, 15, 29][23, 20, 4, 24][2, 10, 27, 7][12, 17][17, 22][11, 17][9, 23][7, 20][10, 29] 
[13, 18, 22, 19, 8, 26][12, 0, 25, 28, 16][6, 5, 21, 15, 29][1, 3, 9, 14][23, 20, 4, 24][2, 10, 27, 7][3, 11, 17][0, 22][17, 22][15, 16][9, 23][7, 20] 
[13, 18, 22, 19, 8, 26][1, 3, 9, 14, 11][12, 0, 25, 28, 16][6, 5, 21, 15, 29][23, 20, 4, 24][2, 10, 27, 7][9, 23][11, 17][7, 20][17, 22][0, 22][15, 16] 
[13, 18, 22, 19, 8, 26][1, 3, 9, 14, 11][6, 5, 21, 15, 29][12, 0, 25, 28, 16][23, 20, 4, 24][2, 10, 27, 7][9, 23][7, 20][11, 17][10, 29][12, 17][17, 22] 
[13, 18, 22, 19, 8, 26][12, 0, 25, 28, 16][6, 5, 21, 15, 29][1, 3, 9, 14][23, 20, 4, 24][2, 10, 27, 7][3, 11, 17][17, 22][0, 22][15, 16][9, 23][7, 20] 
[13, 18, 22, 19, 8, 26][12, 0, 25, 28, 16][6, 5, 21, 15, 29][1, 3, 9, 14][23, 20, 4, 24][2, 10, 27, 7][3, 11, 17][9, 23][7, 20][17, 22][0, 22][15, 16] 
[13, 18, 22, 19, 8, 26][1, 3, 9, 14, 11][12, 0, 25, 28, 16][6, 5, 21, 15, 29][23, 20, 4, 24][2, 10, 27, 7][9, 23][11, 17][7, 20][17, 22][0, 22][15, 16] 
[13, 18, 22, 19, 8, 26][12, 0, 25, 28, 16][1, 3, 9, 14, 11][6, 5, 21, 15, 29][23, 20, 4, 24][2, 10, 27, 7][17, 22][12, 17][11, 17][9, 23][7, 20][10, 29] 
[13, 18, 22, 19, 8, 26][12, 0, 25, 28, 16][6, 5, 21, 15, 29][2, 10, 27, 7][23, 20, 4, 24][1, 3, 9, 14][3, 11, 17][7, 20][9, 23][17, 22][0, 22][15, 16] 
[13, 18, 22, 19, 8, 26][12, 0, 25, 28, 16][6, 5, 21, 15, 29][1, 3, 9, 14][23, 20, 4, 24][2, 10, 27, 7][3, 11, 17][0, 22][17, 22][9, 23][15, 16][7, 20] 
[15, 10, 27, 29, 2, 7, 20, 4, 3, 9, 23, 14, 1, 24][13, 18, 19, 8, 26, 0, 12, 22][11, 17, 28, 16, 15][6, 5, 21, 15][0, 25, 28][7, 20][10, 27][8, 26][9, 23][3, 4][8, 26][10, 27] 
[15, 10, 27, 29, 2, 7, 20, 4, 3, 9, 23, 14, 1, 24][13, 18, 19, 8, 26, 0, 12, 22][11, 17, 28, 16, 15][6, 5, 21, 15][0, 25, 28][7, 20][10, 27][8, 26][9, 23][3, 4][8, 26][10, 27] 
[15, 10, 27, 29, 2, 7, 20, 4, 3, 9, 23, 14, 1, 24][13, 18, 19, 8, 26, 0, 12, 22][11, 17, 28, 16, 15][6, 5, 21, 15][0, 25, 28][7, 20][10, 27][8, 26][9, 23][3, 4][8, 26][10, 27] 
[15, 10, 27, 29, 2, 7, 20, 4, 3, 9, 23, 14, 1, 24][13, 18, 19, 8, 26, 0, 12, 22][6, 5, 21, 15][0, 25, 28, 16][3, 11, 17][17, 22][10, 27][9, 23][10, 27][7, 20][3, 4][9, 23] 
[15, 10, 27, 29, 2, 7, 20, 4, 3, 9, 23, 14, 1, 24][13, 18, 19, 8, 26, 0, 12, 22][6, 5, 21, 15][0, 25, 28, 16][3, 11, 17][17, 22][10, 27][9, 23][10, 27][7, 20][3, 4][9, 23] 
[10, 27, 29, 2, 7, 20, 4, 3, 9, 23, 14, 1, 24][13, 18, 19, 8, 26, 0, 12, 22][11, 17, 28, 16, 15][6, 5, 21, 15][0, 25, 28][15, 29][12, 22][8, 26][8, 26][7, 20][10, 27][10, 27] 
[15, 10, 27, 29, 2, 7, 20, 4, 3, 9, 23, 14, 1, 24][13, 18, 19, 8, 26, 0, 12, 22][11, 17, 28, 16, 15][6, 5, 21, 15, 29][0, 25, 28][0, 12][15, 29][0, 12][8, 26][0, 12][7, 20][0, 12] 
[15, 10, 27, 29, 2, 7, 20, 4, 3, 9, 23, 14, 1, 24][13, 18, 19, 8, 26, 0, 12, 22][11, 17, 28, 16, 15][6, 5, 21, 15][0, 25, 28][7, 20][10, 27][8, 26][9, 23][3, 4][8, 26][10, 27] 
[15, 10, 27, 29, 2, 7, 20, 4, 3, 9, 23, 14, 1, 24][13, 18, 19, 8, 26, 0, 12, 22][6, 5, 21, 15][0, 25, 28, 16][3, 11, 17][17, 22][10, 27][9, 23][10, 27][7, 20][3, 4][9, 23] 
[15, 10, 27, 29, 2, 7, 20, 4, 3, 9, 23, 14, 1, 24][13, 18, 19, 8, 26, 0, 12, 22][11, 17, 28, 16, 15][6, 5, 21, 15, 29][0, 25, 28][0, 12][15, 29][0, 12][8, 26][0, 12][7, 20][0, 12] 
[15, 10, 27, 29, 2, 7, 20, 4, 3, 9, 23, 14, 1, 24][13, 18, 19, 8, 26, 0, 12, 22][11, 17, 28, 16, 15][6, 5, 21, 15][0, 25, 28][7, 20][10, 27][8, 26][9, 23][3, 4][8, 26][10, 27] 
[15, 10, 27, 29, 2, 7, 20, 4, 3, 9, 23, 14, 1, 24][13, 18, 19, 8, 26, 0, 12, 22][11, 17, 28, 16, 15][22, 12, 0, 26][6, 5, 21, 15][0, 25, 28][9, 23][3, 4][12, 22][7, 20][7, 20][7, 20] 
[15, 10, 27, 29, 2, 7, 20, 4, 3, 9, 23, 14, 1, 24][13, 18, 19, 8, 26, 0, 12, 22][6, 5, 21, 15][0, 25, 28, 16][3, 11, 17][9, 23][17, 22][10, 27][10, 27][3, 4][3, 4][10, 27] 
[15, 10, 27, 29, 2, 7, 20, 4, 3, 9, 23, 14, 1, 24][13, 18, 19, 8, 26, 0, 12, 22][11, 17, 28, 16, 15][6, 5, 21, 15][0, 25, 28][7, 20][10, 27][8, 26][9, 23][3, 4][8, 26][10, 27] 
[15, 10, 27, 29, 2, 7, 20, 4, 3, 9, 23, 14, 1, 24][13, 18, 19, 8, 26, 0, 12, 22][11, 17, 28, 16, 15][6, 5, 21, 15][0, 25, 28][7, 20][10, 27][8, 26][9, 23][3, 4][8, 26][10, 27] 
[15, 10, 27, 29, 2, 7, 20, 4, 3, 9, 23, 14, 1, 24][13, 18, 19, 8, 26, 0, 12, 22][11, 17, 28, 16, 15][6, 5, 21, 15][0, 25, 28][7, 20][10, 27][8, 26][9, 23][3, 4][8, 26][10, 27] 
[15, 10, 27, 29, 2, 7, 20, 4, 3, 9, 23, 14, 1, 24][13, 18, 19, 8, 26, 0, 12, 22][11, 17, 28, 16, 15][6, 5, 21, 15][0, 25, 28][7, 20][10, 27][8, 26][9, 23][3, 4][8, 26][10, 27] 
[15, 10, 27, 29, 2, 7, 20, 4, 3, 9, 23, 14, 1, 24][13, 18, 19, 8, 26, 0, 12, 22][11, 17, 28, 16, 15][6, 5, 21, 15][0, 25, 28][7, 20][10, 27][8, 26][9, 23][3, 4][8, 26][10, 27] 
[15, 10, 27, 29, 2, 7, 20, 4, 3, 9, 23, 14, 1, 24][13, 18, 19, 8, 26, 0, 12, 22][11, 17, 28, 16, 15][6, 5, 21, 15][0, 25, 28][7, 20][10, 27][8, 26][9, 23][3, 4][8, 26][10, 27] 
[15, 10, 27, 29, 2, 7, 20, 4, 3, 9, 23, 14, 1, 24][13, 18, 19, 8, 26, 0, 12, 22][11, 17, 28, 16, 15][6, 5, 21, 15][0, 25, 28][7, 20][10, 27][8, 26][9, 23][3, 4][8, 26][10, 27] 
[15, 10, 27, 29, 2, 7, 20, 4, 3, 9, 23, 14, 1, 24][13, 18, 19, 8, 26, 0, 12, 22][11, 17, 28, 16, 15][6, 5, 21, 15][0, 25, 28][7, 20][10, 27][8, 26][9, 23][3, 4][8, 26][10, 27] 
[13, 18, 22, 19, 8, 26][1, 3, 9, 14, 11][6, 5, 21, 15, 29][12, 0, 25, 28, 16][2, 10, 27, 7][23, 20, 4, 24][7, 20][9, 23][11, 17][10, 29][17, 22][0, 22] 
[13, 18, 22, 19, 8, 26][1, 3, 9, 14, 11][6, 5, 21, 15, 29][12, 0, 25, 28, 16][2, 10, 27, 7][23, 20, 4, 24][7, 20][9, 23][10, 29][11, 17][17, 22][0, 22] 
[13, 18, 22, 19, 8, 26][6, 5, 21, 15, 29][1, 3, 9, 14, 11][12, 0, 25, 28, 16][2, 10, 27, 7][23, 20, 4, 24][10, 29][7, 20][9, 23][11, 17][17, 22][0, 22] 
[13, 18, 22, 19, 8, 26][1, 3, 9, 14, 11][6, 5, 21, 15, 29][12, 0, 25, 28, 16][2, 10, 27, 7][23, 20, 4, 24][7, 20][9, 23][10, 29][11, 17][17, 22][0, 22] 
[13, 18, 22, 19, 8, 26][1, 3, 9, 14, 11][12, 0, 25, 28, 16][6, 5, 21, 15, 29][23, 20, 4, 24][2, 10, 27, 7][7, 20][9, 23][17, 22][0, 22][10, 29][11, 17] 
[13, 18, 22, 19, 8, 26][6, 5, 21, 15, 29][1, 3, 9, 14, 11][12, 0, 25, 28, 16][2, 10, 27, 7][23, 20, 4, 24][10, 29][7, 20][9, 23][11, 17][17, 22][0, 22] 
[13, 18, 22, 19, 8, 26][12, 0, 25, 28, 16][1, 3, 9, 14, 11][6, 5, 21, 15, 29][23, 20, 4, 24][2, 10, 27, 7][0, 22][17, 22][11, 17][9, 23][7, 20][10, 29] 
[13, 18, 22, 19, 8, 26][1, 3, 9, 14, 11][12, 0, 25, 28, 16][6, 5, 21, 15, 29][23, 20, 4, 24][2, 10, 27, 7][7, 20][9, 23][17, 22][0, 22][10, 29][11, 17] 
[13, 18, 22, 19, 8, 26][1, 3, 9, 14, 11][12, 0, 25, 28, 16][6, 5, 21, 15, 29][23, 20, 4, 24][2, 10, 27, 7][7, 20][9, 23][17, 22][0, 22][10, 29][11, 17] 
[13, 18, 22, 19, 8, 26][1, 3, 9, 14, 11][12, 0, 25, 28, 16][6, 5, 21, 15, 29][23, 20, 4, 24][2, 10, 27, 7][7, 20][9, 23][17, 22][0, 22][10, 29][11, 17] 
[13, 18, 22, 19, 8, 26][6, 5, 21, 15, 29][1, 3, 9, 14, 11][12, 0, 25, 28, 16][2, 10, 27, 7][23, 20, 4, 24][10, 29][7, 20][9, 23][11, 17][17, 22][0, 22] 
[13, 18, 22, 19, 8, 26][1, 3, 9, 14, 11][12, 0, 25, 28, 16][6, 5, 21, 15, 29][23, 20, 4, 24][2, 10, 27, 7][9, 23][11, 17][17, 22][0, 22][7, 20][10, 29] 
[13, 18, 22, 19, 8, 26][1, 3, 9, 14, 11][12, 0, 25, 28, 16][6, 5, 21, 15, 29][23, 20, 4, 24][2, 10, 27, 7][7, 20][9, 23][17, 22][0, 22][10, 29][11, 17] 
[13, 18, 22, 19, 8, 26][1, 3, 9, 14, 11][12, 0, 25, 28, 16][6, 5, 21, 15, 29][23, 20, 4, 24][2, 10, 27, 7][9, 23][11, 17][17, 22][0, 22][7, 20][10, 29] 
[13, 18, 22, 19, 8, 26][1, 3, 9, 14, 11][12, 0, 25, 28, 16][6, 5, 21, 15, 29][23, 20, 4, 24][2, 10, 27, 7][9, 23][11, 17][17, 22][0, 22][7, 20][10, 29] 
[13, 18, 22, 19, 8, 26][12, 0, 25, 28, 16][6, 5, 21, 15, 29][1, 3, 9, 14][23, 20, 4, 24][2, 10, 27, 7][3, 11, 17][0, 22][17, 22][9, 23][15, 16][7, 20] 
[13, 18, 22, 19, 8, 26][12, 0, 25, 28, 16][6, 5, 21, 15, 29][23, 20, 4, 24][1, 3, 9, 14][2, 10, 27, 7][3, 11, 17][9, 23][7, 20][17, 22][0, 22][15, 16] 
[13, 18, 22, 19, 8, 26][12, 0, 25, 28, 16][6, 5, 21, 15, 29][1, 3, 9, 14][23, 20, 4, 24][2, 10, 27, 7][3, 11, 17][9, 23][17, 22][7, 20][0, 22][15, 16] 
[13, 18, 22, 19, 8, 26][12, 0, 25, 28, 16][6, 5, 21, 15, 29][1, 3, 9, 14][23, 20, 4, 24][2, 10, 27, 7][3, 11, 17][0, 22][17, 22][15, 16][9, 23][7, 20] 
[13, 18, 22, 19, 8, 26][12, 0, 25, 28, 16][6, 5, 21, 15, 29][1, 3, 9, 14][23, 20, 4, 24][2, 10, 27, 7][3, 11, 17][0, 22][17, 22][15, 16][9, 23][7, 20] 
[13, 18, 22, 19, 8, 26][12, 0, 25, 28, 16][6, 5, 21, 15, 29][1, 3, 9, 14][23, 20, 4, 24][2, 10, 27, 7][3, 11, 17][17, 22][0, 22][15, 16][9, 23][7, 20] 
[13, 18, 22, 19, 8, 26][1, 3, 9, 14, 11][12, 0, 25, 28, 16][6, 5, 21, 15, 29][23, 20, 4, 24][2, 10, 27, 7][9, 23][11, 17][17, 22][0, 22][7, 20][10, 29] 
[13, 18, 22, 19, 8, 26][6, 5, 21, 15, 29][1, 3, 9, 14, 11][12, 0, 25, 28, 16][2, 10, 27, 7][23, 20, 4, 24][10, 29][7, 20][9, 23][11, 17][17, 22][0, 22] 
[13, 18, 22, 19, 8, 26][1, 3, 9, 14, 11][12, 0, 25, 28, 16][6, 5, 21, 15, 29][23, 20, 4, 24][2, 10, 27, 7][7, 20][9, 23][17, 22][0, 22][10, 29][11, 17] 
[13, 18, 22, 19, 8, 26][1, 3, 9, 14, 11][12, 0, 25, 28, 16][6, 5, 21, 15, 29][23, 20, 4, 24][2, 10, 27, 7][7, 20][9, 23][17, 22][0, 22][10, 29][11, 17] 
[13, 18, 22, 19, 8, 26][1, 3, 9, 14, 11][6, 5, 21, 15, 29][12, 0, 25, 28, 16][23, 20, 4, 24][2, 10, 27, 7][11, 17][9, 23][7, 20][10, 29][17, 22][0, 22] 
[13, 18, 22, 19, 8, 26][6, 5, 21, 15, 29][12, 0, 25, 28, 16][2, 10, 27, 7][23, 20, 4, 24][1, 3, 9, 14][3, 11, 17][10, 29][7, 20][9, 23][17, 22][0, 22] 
[13, 18, 22, 19, 8, 26][6, 5, 21, 15, 29][1, 3, 9, 14, 11][12, 0, 25, 28, 16][2, 10, 27, 7][23, 20, 4, 24][10, 29][7, 20][9, 23][11, 17][17, 22][0, 22] 
[13, 18, 22, 19, 8, 26][12, 0, 25, 28, 16][6, 5, 21, 15, 29][1, 3, 9, 14][23, 20, 4, 24][2, 10, 27, 7][3, 11, 17][17, 22][0, 22][15, 16][9, 23][7, 20] 
[13, 18, 22, 19, 8, 26][12, 0, 25, 28, 16][6, 5, 21, 15, 29][1, 3, 9, 14][23, 20, 4, 24][2, 10, 27, 7][3, 11, 17][0, 22][17, 22][15, 16][9, 23][7, 20] 
[13, 18, 22, 19, 8, 26][12, 0, 25, 28, 16][6, 5, 21, 15, 29][23, 20, 4, 24][1, 3, 9, 14][2, 10, 27, 7][3, 11, 17][9, 23][7, 20][17, 22][0, 22][15, 16] 
[13, 18, 22, 19, 8, 26][12, 0, 25, 28, 16][6, 5, 21, 15, 29][1, 3, 9, 14][23, 20, 4, 24][2, 10, 27, 7][3, 11, 17][0, 22][17, 22][9, 23][15, 16][7, 20] 
[13, 18, 22, 19, 8, 26][12, 0, 25, 28, 16][6, 5, 21, 15, 29][1, 3, 9, 14][23, 20, 4, 24][2, 10, 27, 7][3, 11, 17][17, 22][0, 22][15, 16][9, 23][7, 20] 
[13, 18, 22, 19, 8, 26][12, 0, 25, 28, 16][6, 5, 21, 15, 29][1, 3, 9, 14][23, 20, 4, 24][2, 10, 27, 7][3, 11, 17][17, 22][0, 22][15, 16][9, 23][7, 20] 
[13, 18, 22, 19, 8, 26][12, 0, 25, 28, 16][6, 5, 21, 15, 29][1, 3, 9, 14][23, 20, 4, 24][2, 10, 27, 7][3, 11, 17][0, 22][17, 22][15, 16][9, 23][7, 20] 
[13, 18, 22, 19, 8, 26][12, 0, 25, 28, 16][6, 5, 21, 15, 29][2, 10, 27, 7][23, 20, 4, 24][1, 3, 9, 14][3, 11, 17][7, 20][9, 23][17, 22][0, 22][15, 16] 
[13, 18, 22, 19, 8, 26][12, 0, 25, 28, 16][6, 5, 21, 15, 29][1, 3, 9, 14][23, 20, 4, 24][2, 10, 27, 7][3, 11, 17][17, 22][0, 22][15, 16][9, 23][7, 20] 
[13, 18, 22, 19, 8, 26][12, 0, 25, 28, 16][6, 5, 21, 15, 29][2, 10, 27, 7][23, 20, 4, 24][1, 3, 9, 14][3, 11, 17][7, 20][9, 23][17, 22][0, 22][15, 16] 
[13, 18, 22, 19, 8, 26][12, 0, 25, 28, 16][6, 5, 21, 15, 29][1, 3, 9, 14][23, 20, 4, 24][2, 10, 27, 7][3, 11, 17][9, 23][17, 22][7, 20][0, 22][15, 16] 
[13, 18, 22, 19, 8, 26][12, 0, 25, 28, 16][6, 5, 21, 15, 29][1, 3, 9, 14][23, 20, 4, 24][2, 10, 27, 7][3, 11, 17][9, 23][17, 22][7, 20][0, 22][15, 16] 
[13, 18, 22, 19, 8, 26][12, 0, 25, 28, 16][6, 5, 21, 15, 29][1, 3, 9, 14][23, 20, 4, 24][2, 10, 27, 7][3, 11, 17][9, 23][7, 20][17, 22][0, 22][15, 16] 
[13, 18, 22, 19, 8, 26][12, 0, 25, 28, 16][6, 5, 21, 15, 29][1, 3, 9, 14][23, 20, 4, 24][2, 10, 27, 7][3, 11, 17][15, 16][0, 22][17, 22][9, 23][7, 20] 
[13, 18, 22, 19, 8, 26][12, 0, 25, 28, 16][6, 5, 21, 15, 29][1, 3, 9, 14][23, 20, 4, 24][2, 10, 27, 7][3, 11, 17][0, 22][17, 22][9, 23][15, 16][7, 20] 
[16, 28, 25, 0, 12, 17][13, 18, 22, 19, 8, 26][6, 5, 21, 15, 29][1, 3, 9, 14, 11][23, 20, 4, 24][2, 10, 27, 7][9, 23][1, 3][7, 20][10, 29][15, 16][0, 22] 
[16, 28, 25, 0, 12, 17][13, 18, 22, 19, 8, 26][6, 5, 21, 15, 29][1, 3, 9, 14, 11][23, 20, 4, 24][2, 10, 27, 7][9, 23][1, 3][7, 20][10, 29][15, 16][0, 22] 
[16, 28, 25, 0, 12, 17][13, 18, 22, 19, 8, 26][6, 5, 21, 15, 29][1, 3, 9, 14, 11][2, 10, 27, 7][23, 20, 4, 24][10, 29][7, 20][9, 23][1, 3][15, 16][0, 22] 
[16, 28, 25, 0, 12, 17][13, 18, 22, 19, 8, 26][6, 5, 21, 15, 29][1, 3, 9, 14, 11][2, 10, 27, 7][23, 20, 4, 24][10, 29][15, 16][0, 22][7, 20][9, 23][13, 18] 
[16, 28, 25, 0, 12, 17][13, 18, 22, 19, 8, 26][6, 5, 21, 15, 29][1, 3, 9, 14, 11][2, 10, 27, 7][23, 20, 4, 24][0, 12][15, 16][0, 22][10, 29][7, 20][9, 23] 
[16, 28, 25, 0, 12, 17][13, 18, 22, 19, 8, 26][6, 5, 21, 15, 29][1, 3, 9, 14, 11][2, 10, 27, 7][23, 20, 4, 24][0, 12][17, 22][15, 16][11, 17][10, 29][7, 20] 
[13, 18, 22, 19, 8, 26][12, 0, 25, 28, 16][6, 5, 21, 15, 29][1, 3, 9, 14][23, 20, 4, 24][2, 10, 27, 7][3, 11, 17][17, 22][0, 22][9, 23][7, 20][10, 29] 
[13, 18, 22, 19, 8, 26][12, 0, 25, 28, 16][6, 5, 21, 15, 29][1, 3, 9, 14][23, 20, 4, 24][2, 10, 27, 7][3, 11, 17][9, 23][17, 22][7, 20][0, 22][10, 29] 
[13, 18, 22, 19, 8, 26][12, 0, 25, 28, 16][6, 5, 21, 15, 29][1, 3, 9, 14][23, 20, 4, 24][2, 10, 27, 7][3, 11, 17][17, 22][9, 23][0, 22][7, 20][10, 29] 
[13, 18, 22, 19, 8, 26][6, 5, 21, 15, 29][12, 0, 25, 28, 16][2, 10, 27, 7][23, 20, 4, 24][1, 3, 9, 14][3, 11, 17][7, 20][10, 29][9, 23][17, 22][0, 22] 
[13, 18, 22, 19, 8, 26][12, 0, 25, 28, 16][6, 5, 21, 15, 29][1, 3, 9, 14][23, 20, 4, 24][2, 10, 27, 7][3, 11, 17][0, 22][17, 22][9, 23][7, 20][10, 29] 
[13, 18, 22, 19, 8, 26][12, 0, 25, 28, 16][6, 5, 21, 15, 29][23, 20, 4, 24][1, 3, 9, 14][2, 10, 27, 7][3, 11, 17][9, 23][7, 20][17, 22][0, 22][15, 16] 
[13, 18, 22, 19, 8, 26][12, 0, 25, 28, 16][6, 5, 21, 15, 29][1, 3, 9, 14][23, 20, 4, 24][2, 10, 27, 7][3, 11, 17][17, 22][0, 22][9, 23][7, 20][10, 29] 
