[9, 1, 3, 23, 14, 11][5, 21, 6, 13, 18][12, 17, 22, 0, 26][16, 15, 10, 29][7, 4, 24, 20][15, 2, 27][16, 28, 25][8, 19, 17][6, 10][7, 28][0, 25][14, 20] 
[9, 1, 3, 23, 14, 11][18, 17, 22, 0, 26][16, 15, 10, 29][5, 21, 6, 13][8, 19, 17, 12][7, 4, 24, 20][15, 2, 27][16, 28, 25][6, 10][0, 25][7, 28][14, 20] 
[9, 1, 3, 23, 14, 11][5, 21, 6, 13, 18][8, 19, 17, 12][17, 22, 0, 26][16, 15, 10, 29][7, 4, 24, 20][16, 28, 25][15, 2, 27][0, 18][0, 25][7, 28][14, 20] 
[9, 1, 3, 23, 14, 11][5, 21, 6, 13, 18][17, 22, 0, 26][8, 19, 17, 12][16, 15, 10, 29][7, 4, 24, 20][16, 28, 25][15, 2, 27][0, 18][0, 25][7, 28][14, 20] 
[9, 1, 3, 23, 14, 11][7, 4, 24, 20][16, 15, 10, 29][17, 22, 0, 26][8, 19, 17, 12][5, 21, 6, 13][16, 28, 25][18, 0, 25][15, 2, 27][7, 28][14, 20][6, 10] 
[9, 1, 3, 23, 14, 11][8, 19, 17, 12][17, 22, 0, 26][16, 15, 10, 29][7, 4, 24, 20][5, 21, 6, 13][18, 0, 25][16, 28, 25][15, 2, 27][7, 28][6, 10][14, 20] 
[9, 1, 3, 23, 14, 11][5, 21, 6, 13][16, 15, 10, 29][17, 22, 0, 26][8, 19, 17, 12][7, 4, 24, 20][16, 28, 25][15, 2, 27][18, 0, 25][6, 10][7, 28][14, 20] 
[9, 1, 3, 23, 14, 11][5, 21, 6, 13][17, 22, 0, 26][8, 19, 17, 12][16, 15, 10, 29][7, 4, 24, 20][18, 0, 25][16, 28, 25][15, 2, 27][13, 18][7, 28][14, 20] 
[9, 1, 3, 23, 14, 11][5, 21, 6, 13][17, 22, 0, 26][8, 19, 17, 12][16, 15, 10, 29][7, 4, 24, 20][18, 0, 25][16, 28, 25][15, 2, 27][13, 18][7, 28][14, 20] 
[9, 1, 3, 23, 14, 11][17, 22, 0, 26][8, 19, 17, 12][16, 15, 10, 29][5, 21, 6, 13][7, 4, 24, 20][18, 0, 25][16, 28, 25][15, 2, 27][13, 18][7, 28][14, 20] 
[9, 1, 3, 23, 14, 11][5, 21, 6, 13, 18][12, 17, 22, 0, 26][16, 15, 10, 29][7, 4, 24, 20][15, 2, 27][16, 28, 25][8, 19, 17][6, 10][0, 25][7, 28][14, 20] 
[9, 1, 3, 23, 14, 11][18, 17, 22, 0, 26][8, 19, 17, 12][16, 15, 10, 29][5, 21, 6, 13][7, 4, 24, 20][16, 28, 25][15, 2, 27][0, 25][6, 10][7, 28][14, 20] 
[9, 1, 3, 23, 14, 11][5, 21, 6, 13, 18][17, 22, 0, 26][8, 19, 17, 12][16, 15, 10, 29][7, 4, 24, 20][16, 28, 25][15, 2, 27][0, 18][0, 25][7, 28][14, 20] 
[9, 1, 3, 23, 14, 11][17, 22, 0, 26][8, 19, 17, 12][16, 15, 10, 29][7, 4, 24, 20][5, 21, 6, 13][18, 0, 25][16, 28, 25][15, 2, 27][7, 28][14, 20][6, 10] 
[9, 1, 3, 23, 14, 11][7, 4, 24, 20][16, 15, 10, 29][17, 22, 0, 26][8, 19, 17, 12][5, 21, 6, 13][16, 28, 25][15, 2, 27][18, 0, 25][14, 20][7, 28][6, 10] 
[9, 1, 3, 23, 14, 11][5, 21, 6, 13][17, 22, 0, 26][8, 19, 17, 12][16, 15, 10, 29][7, 4, 24, 20][18, 0, 25][16, 28, 25][15, 2, 27][13, 18][7, 28][14, 20] 
[9, 1, 3, 23, 14, 11][5, 21, 6, 13, 18][12, 17, 22, 0, 26][7, 4, 24, 20][16, 15, 10, 29][16, 28, 25][15, 2, 27][8, 19, 17][14, 20][7, 28][6, 10][0, 25] 
[9, 1, 3, 23, 14, 11][18, 17, 22, 0, 26][5, 21, 6, 13][16, 15, 10, 29][7, 4, 24, 20][8, 19, 17, 12][16, 28, 25][15, 2, 27][6, 10][7, 28][14, 20][0, 25] 
[9, 1, 3, 23, 14, 11][17, 22, 0, 26][8, 19, 17, 12][16, 15, 10, 29][5, 21, 6, 13][7, 4, 24, 20][18, 0, 25][16, 28, 25][15, 2, 27][6, 10][7, 28][14, 20] 
[9, 1, 3, 23, 14, 11][5, 21, 6, 13, 18][12, 17, 22, 0, 26][7, 4, 24, 20][16, 15, 10, 29][16, 28, 25][15, 2, 27][8, 19, 17][14, 20][7, 28][6, 10][0, 25] 
[9, 1, 3, 23, 14, 11][5, 21, 6, 13, 18][12, 17, 22, 0, 26][7, 4, 24, 20][16, 15, 10, 29][16, 28, 25][15, 2, 27][8, 19, 17][14, 20][7, 28][6, 10][0, 25] 
[9, 1, 3, 23, 14, 11][18, 17, 22, 0, 26][5, 21, 6, 13][16, 15, 10, 29][8, 19, 17, 12][7, 4, 24, 20][15, 2, 27][16, 28, 25][6, 10][0, 25][7, 28][14, 20] 
[9, 1, 3, 23, 14, 11][5, 21, 6, 13, 18][17, 22, 0, 26][8, 19, 17, 12][16, 15, 10, 29][7, 4, 24, 20][16, 28, 25][15, 2, 27][0, 18][0, 25][7, 28][14, 20] 
[9, 1, 3, 23, 14, 11][16, 15, 10, 29][17, 22, 0, 26][8, 19, 17, 12][7, 4, 24, 20][5, 21, 6, 13][16, 28, 25][15, 2, 27][18, 0, 25][7, 28][14, 20][6, 10] 
[9, 1, 3, 23, 14, 11][7, 4, 24, 20][16, 15, 10, 29][17, 22, 0, 26][8, 19, 17, 12][5, 21, 6, 13][16, 28, 25][18, 0, 25][15, 2, 27][7, 28][14, 20][6, 10] 
[9, 1, 3, 23, 14, 11][5, 21, 6, 13][17, 22, 0, 26][8, 19, 17, 12][16, 15, 10, 29][7, 4, 24, 20][18, 0, 25][16, 28, 25][15, 2, 27][13, 18][7, 28][14, 20] 
[9, 1, 3, 23, 14, 11][12, 17, 22, 0, 26][5, 21, 6, 13, 18][16, 15, 10, 29][7, 4, 24, 20][16, 28, 25][15, 2, 27][8, 19, 17][0, 25][7, 28][6, 10][14, 20] 
[9, 1, 3, 23, 14, 11][18, 17, 22, 0, 26][7, 4, 24, 20][16, 15, 10, 29][5, 21, 6, 13][8, 19, 17, 12][16, 28, 25][15, 2, 27][14, 20][7, 28][6, 10][0, 25] 
[9, 1, 3, 23, 14, 11][17, 22, 0, 26][8, 19, 17, 12][16, 15, 10, 29][7, 4, 24, 20][5, 21, 6, 13][18, 0, 25][16, 28, 25][15, 2, 27][7, 28][14, 20][6, 10] 
[9, 1, 3, 23, 14, 11][5, 21, 6, 13, 18][12, 17, 22, 0, 26][16, 15, 10, 29][7, 4, 24, 20][16, 28, 25][15, 2, 27][8, 19, 17][6, 10][7, 28][0, 25][14, 20] 
[9, 1, 3, 23, 14, 11][5, 21, 6, 13, 18][12, 17, 22, 0, 26][7, 4, 24, 20][16, 15, 10, 29][16, 28, 25][15, 2, 27][8, 19, 17][14, 20][7, 28][6, 10][0, 25] 
[9, 1, 3, 23, 14, 11][18, 17, 22, 0, 26][16, 15, 10, 29][5, 21, 6, 13][8, 19, 17, 12][7, 4, 24, 20][15, 2, 27][16, 28, 25][6, 10][0, 25][7, 28][14, 20] 
[9, 1, 3, 23, 14, 11][5, 21, 6, 13][16, 15, 10, 29][17, 22, 0, 26][8, 19, 17, 12][7, 4, 24, 20][15, 2, 27][16, 28, 25][18, 0, 25][6, 10][7, 28][14, 20] 
[9, 1, 3, 23, 14, 11][5, 21, 6, 13, 18][12, 17, 22, 0, 26][16, 15, 10, 29][7, 4, 24, 20][15, 2, 27][16, 28, 25][8, 19, 17][6, 10][7, 28][0, 25][14, 20] 
[9, 1, 3, 23, 14, 11][5, 21, 6, 13, 18][12, 17, 22, 0, 26][7, 4, 24, 20][16, 15, 10, 29][16, 28, 25][15, 2, 27][8, 19, 17][14, 20][7, 28][6, 10][0, 25] 
[1, 3, 23, 14, 4, 7, 28, 25, 11, 17][6, 2, 10, 21, 5, 15, 29, 27, 16, 28][13, 0, 26, 8, 19, 12, 18, 17][9, 14, 20, 23, 24][12, 18][22, 25][0, 26][0, 26][11, 25][12, 18][15, 29][12, 18] 
[1, 3, 23, 14, 4, 7, 28, 25, 11, 17][6, 2, 10, 21, 5, 15, 29, 27, 16, 28][13, 0, 26, 8, 19, 12, 18, 17][9, 14, 20, 23, 24][12, 18][22, 25][0, 26][0, 26][11, 25][12, 18][15, 29][12, 18] 
[1, 3, 23, 14, 4, 7, 28, 25, 11, 17][6, 2, 10, 21, 5, 15, 29, 27, 16, 28][13, 0, 26, 8, 19, 12, 18, 17][9, 14, 20, 23, 24][12, 18][22, 25][0, 26][0, 26][11, 25][12, 18][15, 29][12, 18] 
[13, 0, 26, 8, 19, 12, 18, 17, 11, 25][6, 2, 10, 21, 5, 15, 29, 27, 16, 28][20, 24, 1, 3, 23, 14, 4, 7, 28][12, 18][22, 25][7, 25][9, 14][12, 18][12, 18][15, 29][12, 18][12, 18] 
[13, 0, 26, 8, 19, 12, 18, 17, 11, 25][6, 2, 10, 21, 5, 15, 29, 27, 16, 28][20, 24, 1, 3, 23, 14, 4, 7, 28][12, 18][22, 25][7, 25][9, 14][12, 18][12, 18][15, 29][12, 18][12, 18] 
[7, 25, 11, 17, 18, 12, 19, 8, 26, 0, 13][6, 2, 10, 21, 5, 15, 29, 27, 16, 28][1, 24, 23, 20, 14, 9][3, 23, 14, 4, 7][7, 28][22, 25][0, 26][0, 26][0, 26][15, 29][0, 26][10, 21] 
[1, 3, 23, 14, 4, 7, 28, 25, 11, 17][6, 2, 10, 21, 5, 15, 29, 27, 16, 28][13, 0, 26, 8, 19, 12, 18, 17][9, 14, 20, 23, 24][12, 18][22, 25][0, 26][0, 26][11, 25][12, 18][15, 29][12, 18] 
[1, 3, 23, 14, 4, 7, 28, 25, 11, 17][6, 2, 10, 21, 5, 15, 29, 27, 16, 28][13, 0, 26, 8, 19, 12, 18, 17][9, 14, 20, 23, 24][12, 18][22, 25][0, 26][0, 26][11, 25][12, 18][15, 29][12, 18] 
[13, 0, 26, 8, 19, 12, 18, 17, 11, 25][6, 2, 10, 21, 5, 15, 29, 27, 16, 28][20, 24, 1, 3, 23, 14, 4, 7, 28][12, 18][22, 25][7, 25][9, 14][12, 18][12, 18][15, 29][12, 18][12, 18] 
[1, 3, 23, 14, 4, 7, 28, 25, 11, 17][6, 2, 10, 21, 5, 15, 29, 27, 16, 28][13, 0, 26, 8, 19, 12, 18, 17][9, 14, 20, 23, 24][12, 18][22, 25][0, 26][0, 26][11, 25][12, 18][15, 29][12, 18] 
[1, 3, 23, 14, 4, 7, 28, 25, 11, 17][6, 2, 10, 21, 5, 15, 29, 27, 16, 28][13, 0, 26, 8, 19, 12, 18, 17][9, 14, 20, 23, 24][12, 18][11, 25][22, 25][11, 25][15, 29][0, 26][12, 18][12, 18] 
[1, 3, 23, 14, 4, 7, 28, 25, 11, 17][6, 2, 10, 21, 5, 15, 29, 27, 16, 28][13, 0, 26, 8, 19, 12, 18, 17][9, 14, 20, 23, 24][12, 18][22, 25][0, 26][0, 26][11, 25][12, 18][15, 29][12, 18] 
[13, 0, 26, 8, 19, 12, 18, 17, 11, 25][6, 2, 10, 21, 5, 15, 29, 27, 16, 28][20, 24, 1, 3, 23, 14, 4, 7, 28][12, 18][22, 25][7, 25][9, 14][12, 18][12, 18][15, 29][12, 18][12, 18] 
[1, 3, 23, 14, 4, 7, 28, 25, 11, 17][6, 2, 10, 21, 5, 15, 29, 27, 16, 28][13, 0, 26, 8, 19, 12, 18, 17][9, 14, 20, 23, 24][12, 18][11, 25][22, 25][11, 25][15, 29][0, 26][12, 18][12, 18] 
[1, 3, 23, 14, 4, 7, 28, 25, 11, 17][6, 2, 10, 21, 5, 15, 29, 27, 16, 28][13, 0, 26, 8, 19, 12, 18, 17][9, 14, 20, 23, 24][12, 18][22, 25][0, 26][0, 26][11, 25][12, 18][15, 29][12, 18] 
[7, 25, 11, 17, 18, 12, 19, 8, 26, 0, 13][6, 2, 10, 21, 5, 15, 29, 27, 16, 28][20, 24, 1, 3, 23, 14, 4, 7, 28][11, 17][9, 14][22, 25][11, 25][15, 29][15, 29][12, 18][0, 26][12, 18] 
[7, 25, 11, 17, 18, 12, 19, 8, 26, 0, 13][6, 2, 10, 21, 5, 15, 29, 27, 16, 28][20, 24, 1, 3, 23, 14, 4, 7, 28][6, 2, 10, 21, 5, 15, 29][15, 29][22, 25][9, 14][15, 29][0, 26][0, 26][12, 18][15, 29] 
[7, 25, 11, 17, 18, 12, 19, 8, 26, 0, 13][6, 2, 10, 21, 5, 15, 29, 27, 16, 28][1, 3, 23, 14, 4, 7, 28][9, 14, 20, 23, 24][0, 26][22, 25][12, 18][12, 18][0, 26][15, 29][15, 29][0, 26] 
[7, 25, 11, 17, 18, 12, 19, 8, 26, 0, 13][6, 2, 10, 21, 5, 15, 29, 27, 16, 28][20, 24, 1, 3, 23, 14, 4, 7, 28][22, 25][9, 14][15, 29][15, 29][12, 18][12, 18][0, 26][10, 21][0, 26] 
[7, 25, 11, 17, 18, 12, 19, 8, 26, 0, 13][6, 2, 10, 21, 5, 15, 29, 27, 16, 28][20, 24, 1, 3, 23, 14, 4, 7, 28][6, 2, 10, 21, 5, 15, 29][15, 29][22, 25][9, 14][15, 29][0, 26][0, 26][12, 18][15, 29] 
[7, 25, 11, 17, 18, 12, 19, 8, 26, 0, 13][6, 2, 10, 21, 5, 15, 29, 27, 16, 28][20, 24, 1, 3, 23, 14, 4, 7, 28][22, 25][9, 14][15, 29][15, 29][12, 18][12, 18][0, 26][10, 21][0, 26] 
[9, 1, 3, 23, 14, 11][7, 4, 24, 20][16, 15, 10, 29][17, 22, 0, 26][8, 19, 17, 12][5, 21, 6, 13][16, 28, 25][15, 2, 27][18, 0, 25][14, 20][7, 28][6, 10] 
[9, 1, 3, 23, 14, 11][7, 4, 24, 20][16, 15, 10, 29][17, 22, 0, 26][8, 19, 17, 12][5, 21, 6, 13][16, 28, 25][15, 2, 27][18, 0, 25][14, 20][7, 28][6, 10] 
[9, 1, 3, 23, 14, 11][16, 15, 10, 29][5, 21, 6, 13][17, 22, 0, 26][8, 19, 17, 12][7, 4, 24, 20][16, 28, 25][18, 0, 25][15, 2, 27][6, 10][7, 28][14, 20] 
[9, 1, 3, 23, 14, 11][16, 15, 10, 29][17, 22, 0, 26][8, 19, 17, 12][7, 4, 24, 20][5, 21, 6, 13][15, 2, 27][16, 28, 25][18, 0, 25][7, 28][14, 20][6, 10] 
[9, 1, 3, 23, 14, 11][5, 21, 6, 13][16, 15, 10, 29][17, 22, 0, 26][8, 19, 17, 12][7, 4, 24, 20][16, 28, 25][15, 2, 27][18, 0, 25][6, 10][7, 28][14, 20] 
[9, 1, 3, 23, 14, 11][17, 22, 0, 26][8, 19, 17, 12][16, 15, 10, 29][5, 21, 6, 13][7, 4, 24, 20][18, 0, 25][16, 28, 25][15, 2, 27][6, 10][7, 28][14, 20] 
[9, 1, 3, 23, 14, 11][16, 15, 10, 29][17, 22, 0, 26][8, 19, 17, 12][5, 21, 6, 13][7, 4, 24, 20][16, 28, 25][15, 2, 27][18, 0, 25][6, 10][7, 28][14, 20] 
[9, 1, 3, 23, 14, 11][16, 15, 10, 29][17, 22, 0, 26][8, 19, 17, 12][7, 4, 24, 20][5, 21, 6, 13][16, 28, 25][18, 0, 25][15, 2, 27][7, 28][6, 10][14, 20] 
[9, 1, 3, 23, 14, 11][16, 15, 10, 29][17, 22, 0, 26][8, 19, 17, 12][7, 4, 24, 20][5, 21, 6, 13][16, 28, 25][18, 0, 25][15, 2, 27][7, 28][6, 10][14, 20] 
[9, 1, 3, 23, 14, 11][16, 15, 10, 29][17, 22, 0, 26][8, 19, 17, 12][5, 21, 6, 13][7, 4, 24, 20][15, 2, 27][16, 28, 25][18, 0, 25][6, 10][7, 28][14, 20] 
[9, 1, 3, 23, 14, 11][17, 22, 0, 26][8, 19, 17, 12][16, 15, 10, 29][7, 4, 24, 20][5, 21, 6, 13][18, 0, 25][16, 28, 25][15, 2, 27][7, 28][14, 20][6, 10] 
[9, 1, 3, 23, 14, 11][7, 4, 24, 20][16, 15, 10, 29][17, 22, 0, 26][8, 19, 17, 12][5, 21, 6, 13][16, 28, 25][18, 0, 25][15, 2, 27][7, 28][14, 20][6, 10] 
[9, 1, 3, 23, 14, 11][7, 4, 24, 20][16, 15, 10, 29][17, 22, 0, 26][8, 19, 17, 12][5, 21, 6, 13][16, 28, 25][15, 2, 27][18, 0, 25][14, 20][7, 28][6, 10] 
[9, 1, 3, 23, 14, 11][7, 4, 24, 20][16, 15, 10, 29][17, 22, 0, 26][8, 19, 17, 12][5, 21, 6, 13][16, 28, 25][15, 2, 27][18, 0, 25][14, 20][7, 28][6, 10] 
[9, 1, 3, 23, 14, 11][17, 22, 0, 26][8, 19, 17, 12][16, 15, 10, 29][5, 21, 6, 13][7, 4, 24, 20][18, 0, 25][16, 28, 25][15, 2, 27][6, 10][7, 28][14, 20] 
[9, 1, 3, 23, 14, 11][12, 17, 22, 0, 26][5, 21, 6, 13, 18][7, 4, 24, 20][16, 15, 10, 29][16, 28, 25][15, 2, 27][8, 19, 17][14, 20][7, 28][0, 25][6, 10] 
[9, 1, 3, 23, 14, 11][5, 21, 6, 13, 18][12, 17, 22, 0, 26][16, 15, 10, 29][7, 4, 24, 20][15, 2, 27][16, 28, 25][8, 19, 17][7, 28][14, 20][6, 10][0, 25] 
[9, 1, 3, 23, 14, 11][12, 17, 22, 0, 26][5, 21, 6, 13, 18][16, 15, 10, 29][7, 4, 24, 20][16, 28, 25][15, 2, 27][8, 19, 17][0, 25][7, 28][6, 10][14, 20] 
[9, 1, 3, 23, 14, 11][5, 21, 6, 13, 18][12, 17, 22, 0, 26][16, 15, 10, 29][7, 4, 24, 20][16, 28, 25][15, 2, 27][8, 19, 17][6, 10][0, 25][7, 28][14, 20] 
[9, 1, 3, 23, 14, 11][12, 17, 22, 0, 26][5, 21, 6, 13, 18][7, 4, 24, 20][16, 15, 10, 29][16, 28, 25][15, 2, 27][8, 19, 17][14, 20][7, 28][0, 25][6, 10] 
[9, 1, 3, 23, 14, 11][19, 12, 17, 22, 0, 26][5, 21, 6, 13, 18][7, 4, 24, 20][16, 15, 10, 29][16, 28, 25][15, 2, 27][8, 19, 17][14, 20][7, 28][6, 10][0, 25] 
[9, 1, 3, 23, 14, 11][7, 4, 24, 20][16, 15, 10, 29][17, 22, 0, 26][8, 19, 17, 12][5, 21, 6, 13][16, 28, 25][15, 2, 27][18, 0, 25][14, 20][7, 28][6, 10] 
[9, 1, 3, 23, 14, 11][16, 15, 10, 29][17, 22, 0, 26][8, 19, 17, 12][5, 21, 6, 13][7, 4, 24, 20][15, 2, 27][16, 28, 25][18, 0, 25][6, 10][7, 28][14, 20] 
[9, 1, 3, 23, 14, 11][8, 19, 17, 12][17, 22, 0, 26][16, 15, 10, 29][7, 4, 24, 20][5, 21, 6, 13][18, 0, 25][16, 28, 25][15, 2, 27][7, 28][6, 10][14, 20] 
[9, 1, 3, 23, 14, 11][8, 19, 17, 12][17, 22, 0, 26][16, 15, 10, 29][7, 4, 24, 20][5, 21, 6, 13][18, 0, 25][16, 28, 25][15, 2, 27][7, 28][6, 10][14, 20] 
[9, 1, 3, 23, 14, 11][5, 21, 6, 13][16, 15, 10, 29][17, 22, 0, 26][8, 19, 17, 12][7, 4, 24, 20][15, 2, 27][16, 28, 25][18, 0, 25][6, 10][7, 28][14, 20] 
[9, 1, 3, 23, 14, 11][5, 21, 6, 13, 18][8, 19, 17, 12][17, 22, 0, 26][16, 15, 10, 29][7, 4, 24, 20][16, 28, 25][15, 2, 27][0, 25][7, 28][14, 20][6, 10] 
[9, 1, 3, 23, 14, 11][7, 4, 24, 20][16, 15, 10, 29][17, 22, 0, 26][8, 19, 17, 12][5, 21, 6, 13][16, 28, 25][18, 0, 25][15, 2, 27][14, 20][7, 28][6, 10] 
[9, 1, 3, 23, 14, 11][5, 21, 6, 13, 18][12, 17, 22, 0, 26][7, 4, 24, 20][16, 15, 10, 29][16, 28, 25][15, 2, 27][8, 19, 17][14, 20][7, 28][6, 10][0, 25] 
[9, 1, 3, 23, 14, 11][12, 17, 22, 0, 26][5, 21, 6, 13, 18][16, 15, 10, 29][7, 4, 24, 20][16, 28, 25][15, 2, 27][8, 19, 17][0, 25][7, 28][6, 10][14, 20] 
[9, 1, 3, 23, 14, 11][12, 17, 22, 0, 26][5, 21, 6, 13, 18][16, 15, 10, 29][7, 4, 24, 20][16, 28, 25][15, 2, 27][8, 19, 17][0, 25][7, 28][6, 10][14, 20] 
[9, 1, 3, 23, 14, 11][5, 21, 6, 13, 18][12, 17, 22, 0, 26][7, 4, 24, 20][16, 15, 10, 29][16, 28, 25][15, 2, 27][8, 19, 17][14, 20][7, 28][6, 10][0, 25] 
[9, 1, 3, 23, 14, 11][12, 17, 22, 0, 26][5, 21, 6, 13, 18][16, 15, 10, 29][7, 4, 24, 20][16, 28, 25][15, 2, 27][8, 19, 17][0, 25][7, 28][6, 10][14, 20] 
[9, 1, 3, 23, 14, 11][5, 21, 6, 13, 18][12, 17, 22, 0, 26][7, 4, 24, 20][16, 15, 10, 29][16, 28, 25][15, 2, 27][8, 19, 17][14, 20][7, 28][6, 10][0, 25] 
[9, 1, 3, 23, 14, 11][5, 21, 6, 13, 18][12, 17, 22, 0, 26][7, 4, 24, 20][16, 15, 10, 29][16, 28, 25][15, 2, 27][8, 19, 17][14, 20][7, 28][6, 10][0, 25] 
[9, 1, 3, 23, 14, 11][5, 21, 6, 13, 18][12, 17, 22, 0, 26][7, 4, 24, 20][16, 15, 10, 29][16, 28, 25][15, 2, 27][8, 19, 17][14, 20][7, 28][6, 10][0, 25] 
[9, 1, 3, 23, 14, 11][5, 21, 6, 13, 18][12, 17, 22, 0, 26][7, 4, 24, 20][16, 15, 10, 29][16, 28, 25][15, 2, 27][8, 19, 17][14, 20][7, 28][6, 10][0, 25] 
[9, 1, 3, 23, 14, 11][5, 21, 6, 13, 18][12, 17, 22, 0, 26][7, 4, 24, 20][16, 15, 10, 29][16, 28, 25][15, 2, 27][8, 19, 17][14, 20][7, 28][6, 10][0, 25] 
[9, 1, 3, 23, 14, 11][5, 21, 6, 13, 18][12, 17, 22, 0, 26][16, 15, 10, 29][7, 4, 24, 20][15, 2, 27][16, 28, 25][8, 19, 17][6, 10][7, 28][0, 25][14, 20] 
[9, 1, 3, 23, 14, 11][12, 17, 22, 0, 26][5, 21, 6, 13, 18][16, 15, 10, 29][7, 4, 24, 20][16, 28, 25][15, 2, 27][8, 19, 17][0, 25][7, 28][6, 10][14, 20] 
[9, 1, 3, 23, 14, 11][12, 17, 22, 0, 26][5, 21, 6, 13, 18][16, 15, 10, 29][7, 4, 24, 20][16, 28, 25][15, 2, 27][8, 19, 17][0, 25][7, 28][6, 10][14, 20] 
[9, 1, 3, 23, 14, 11][5, 21, 6, 13, 18][12, 17, 22, 0, 26][7, 4, 24, 20][16, 15, 10, 29][16, 28, 25][15, 2, 27][8, 19, 17][14, 20][7, 28][6, 10][0, 25] 
[9, 1, 3, 23, 14, 11][12, 17, 22, 0, 26][5, 21, 6, 13, 18][16, 15, 10, 29][7, 4, 24, 20][16, 28, 25][15, 2, 27][8, 19, 17][0, 25][7, 28][6, 10][14, 20] 
[9, 1, 3, 23, 14, 11][5, 21, 6, 13, 18][20, 24, 4, 7, 28][12, 17, 22, 0, 26][16, 15, 10, 29][16, 28, 25][15, 2, 27][8, 19, 17][6, 10][14, 20][0, 25][4, 7] 
[9, 1, 3, 23, 14, 11][20, 24, 4, 7, 28][5, 21, 6, 13, 18][12, 17, 22, 0, 26][16, 15, 10, 29][16, 28, 25][15, 2, 27][8, 19, 17][11, 14][14, 20][6, 10][0, 25] 
[9, 1, 3, 23, 14, 11][20, 24, 4, 7, 28][5, 21, 6, 13, 18][12, 17, 22, 0, 26][16, 15, 10, 29][16, 28, 25][15, 2, 27][8, 19, 17][11, 14][14, 20][6, 10][0, 25] 
[9, 1, 3, 23, 14, 11][5, 21, 6, 13, 18][20, 24, 4, 7, 28][12, 17, 22, 0, 26][16, 15, 10, 29][16, 28, 25][15, 2, 27][8, 19, 17][6, 10][14, 20][0, 25][4, 7] 
[9, 1, 3, 23, 14, 11][5, 21, 6, 13, 18][20, 24, 4, 7, 28][12, 17, 22, 0, 26][16, 15, 10, 29][16, 28, 25][15, 2, 27][8, 19, 17][6, 10][14, 20][0, 25][4, 7] 
[9, 1, 3, 23, 14, 11][12, 17, 22, 0, 26][20, 24, 4, 7, 28][5, 21, 6, 13, 18][8, 19, 0, 25][16, 15, 10, 29][15, 2, 27][16, 28][6, 10][14, 20][25, 28][4, 7] 
[9, 1, 3, 23, 14, 11][5, 21, 6, 13, 18][16, 15, 10, 29][7, 4, 24, 20][17, 22, 0, 26][8, 19, 17, 12][16, 28, 25][15, 2, 27][6, 10][7, 28][14, 20][0, 25] 
[9, 1, 3, 23, 14, 11][5, 21, 6, 13, 18][16, 15, 10, 29][7, 4, 24, 20][17, 22, 0, 26][8, 19, 17, 12][16, 28, 25][15, 2, 27][6, 10][7, 28][14, 20][0, 25] 
[9, 1, 3, 23, 14, 11][5, 21, 6, 13, 18][17, 22, 0, 26][8, 19, 17, 12][16, 15, 10, 29][7, 4, 24, 20][16, 28, 25][15, 2, 27][0, 25][7, 28][6, 10][14, 20] 
[9, 1, 3, 23, 14, 11][5, 21, 6, 13, 18][16, 15, 10, 29][17, 22, 0, 26][8, 19, 17, 12][7, 4, 24, 20][16, 28, 25][15, 2, 27][0, 25][6, 10][7, 28][14, 20] 
[9, 1, 3, 23, 14, 11][5, 21, 6, 13, 18][8, 19, 17, 12][17, 22, 0, 26][16, 15, 10, 29][7, 4, 24, 20][16, 28, 25][15, 2, 27][0, 25][7, 28][14, 20][6, 10] 
[9, 1, 3, 23, 14, 11][5, 21, 6, 13, 18][12, 17, 22, 0, 26][16, 15, 10, 29][7, 4, 24, 20][16, 28, 25][15, 2, 27][8, 19, 17][6, 10][0, 25][7, 28][14, 20] 
[9, 1, 3, 23, 14, 11][7, 4, 24, 20][16, 15, 10, 29][17, 22, 0, 26][8, 19, 17, 12][5, 21, 6, 13][16, 28, 25][15, 2, 27][18, 0, 25][14, 20][7, 28][6, 10] 
