[9, 14, 20, 4, 1, 3, 23][2, 15, 10, 21, 5][19, 12, 8, 26][18, 0, 22, 19][6, 16, 27, 29][13, 0, 17][24, 7, 28][11, 25, 28][6, 13][2, 29][16, 28][7, 20] 
[9, 14, 20, 4, 1, 3, 23][2, 15, 10, 21, 5][19, 12, 8, 26][18, 0, 22, 19][6, 16, 27, 29][13, 0, 17][11, 25, 28][24, 7, 28][6, 13][16, 28][7, 20][2, 29] 
[9, 14, 20, 4, 1, 3, 23][2, 15, 10, 21, 5][18, 0, 22, 19][19, 12, 8, 26][6, 16, 27, 29][13, 0, 17][11, 25, 28][24, 7, 28][6, 13][2, 29][16, 28][7, 20] 
[9, 14, 20, 4, 1, 3, 23][2, 15, 10, 21, 5][18, 0, 22, 19][19, 12, 8, 26][6, 16, 27, 29][13, 0, 17][11, 25, 28][24, 7, 28][6, 13][2, 29][16, 28][7, 20] 
[9, 14, 20, 4, 1, 3, 23][2, 15, 10, 21, 5][19, 12, 8, 26][18, 0, 22, 19][6, 16, 27, 29][13, 0, 17][11, 25, 28][24, 7, 28][6, 13][16, 28][7, 20][2, 29] 
[9, 14, 20, 4, 1, 3, 23][2, 15, 10, 21, 5][6, 16, 27, 29][18, 0, 22, 19][19, 12, 8, 26][13, 0, 17][11, 25, 28][24, 7, 28][6, 13][16, 28][2, 29][7, 20] 
[9, 14, 20, 4, 1, 3, 23][2, 15, 10, 21, 5][6, 16, 27, 29][18, 0, 22, 19][19, 12, 8, 26][13, 0, 17][24, 7, 28][11, 25, 28][6, 13][16, 28][2, 29][7, 20] 
[9, 14, 20, 4, 1, 3, 23][2, 15, 10, 21, 5][6, 16, 27, 29][18, 0, 22, 19][19, 12, 8, 26][24, 7, 28][11, 25, 28][13, 0, 17][7, 20][16, 28][2, 29][6, 13] 
[9, 14, 20, 4, 1, 3, 23][2, 15, 10, 21, 5][6, 16, 27, 29][18, 0, 22, 19][19, 12, 8, 26][24, 7, 28][11, 25, 28][13, 0, 17][7, 20][16, 28][2, 29][6, 13] 
[9, 14, 20, 4, 1, 3, 23][2, 15, 10, 21, 5][6, 16, 27, 29][18, 0, 22, 19][19, 12, 8, 26][11, 25, 28][24, 7, 28][13, 0, 17][16, 28][2, 29][6, 13][7, 20] 
[9, 14, 20, 4, 1, 3, 23][2, 15, 10, 21, 5][6, 16, 27, 29][18, 0, 22, 19][19, 12, 8, 26][13, 0, 17][24, 7, 28][11, 25, 28][2, 29][6, 13][16, 28][7, 20] 
[9, 14, 20, 4, 1, 3, 23][2, 15, 10, 21, 5][18, 0, 22, 19][19, 12, 8, 26][6, 16, 27, 29][13, 0, 17][11, 25, 28][24, 7, 28][6, 13][2, 29][16, 28][7, 20] 
[9, 14, 20, 4, 1, 3, 23][2, 15, 10, 21, 5][18, 0, 22, 19][19, 12, 8, 26][6, 16, 27, 29][13, 0, 17][11, 25, 28][24, 7, 28][6, 13][2, 29][16, 28][7, 20] 
[9, 14, 20, 4, 1, 3, 23][2, 15, 10, 21, 5][6, 16, 27, 29][18, 0, 22, 19][19, 12, 8, 26][13, 0, 17][24, 7, 28][11, 25, 28][2, 29][6, 13][16, 28][7, 20] 
[9, 14, 20, 4, 1, 3, 23][2, 15, 10, 21, 5][19, 12, 8, 26][18, 0, 22, 19][6, 16, 27, 29][13, 0, 17][24, 7, 28][11, 25, 28][6, 13][2, 29][16, 28][7, 20] 
[9, 14, 20, 4, 1, 3, 23][2, 15, 10, 21, 5][19, 12, 8, 26][18, 0, 22, 19][6, 16, 27, 29][13, 0, 17][24, 7, 28][11, 25, 28][6, 13][2, 29][16, 28][7, 20] 
[9, 14, 20, 4, 1, 3, 23][2, 15, 10, 21, 5][18, 0, 22, 19][19, 12, 8, 26][6, 16, 27, 29][13, 0, 17][24, 7, 28][11, 25, 28][6, 13][16, 28][7, 20][2, 29] 
[9, 14, 20, 4, 1, 3, 23][2, 15, 10, 21, 5][6, 16, 27, 29][18, 0, 22, 19][19, 12, 8, 26][11, 25, 28][24, 7, 28][13, 0, 17][2, 29][16, 28][7, 20][6, 13] 
[9, 14, 20, 4, 1, 3, 23][2, 15, 10, 21, 5][6, 16, 27, 29][18, 0, 22, 19][19, 12, 8, 26][24, 7, 28][11, 25, 28][13, 0, 17][7, 20][16, 28][2, 29][6, 13] 
[9, 14, 20, 4, 1, 3, 23][2, 15, 10, 21, 5][18, 0, 22, 19][19, 12, 8, 26][6, 16, 27, 29][13, 0, 17][24, 7, 28][11, 25, 28][6, 13][16, 28][7, 20][2, 29] 
[9, 14, 20, 4, 1, 3, 23][2, 15, 10, 21, 5][6, 16, 27, 29][18, 0, 22, 19][19, 12, 8, 26][13, 0, 17][24, 7, 28][11, 25, 28][6, 13][16, 28][2, 29][7, 20] 
[9, 14, 20, 4, 1, 3, 23][2, 15, 10, 21, 5][6, 16, 27, 29][18, 0, 22, 19][19, 12, 8, 26][24, 7, 28][11, 25, 28][13, 0, 17][16, 28][7, 20][2, 29][6, 13] 
[9, 14, 20, 4, 1, 3, 23][2, 15, 10, 21, 5][6, 16, 27, 29][18, 0, 22, 19][19, 12, 8, 26][13, 0, 17][11, 25, 28][24, 7, 28][6, 13][16, 28][2, 29][7, 20] 
[9, 14, 20, 4, 1, 3, 23][2, 15, 10, 21, 5][19, 12, 8, 26][18, 0, 22, 19][6, 16, 27, 29][13, 0, 17][24, 7, 28][11, 25, 28][6, 13][2, 29][16, 28][7, 20] 
[9, 14, 20, 4, 1, 3, 23][2, 15, 10, 21, 5][6, 16, 27, 29][18, 0, 22, 19][19, 12, 8, 26][13, 0, 17][11, 25, 28][24, 7, 28][6, 13][16, 28][2, 29][7, 20] 
[9, 14, 20, 4, 1, 3, 23][2, 15, 10, 21, 5][6, 16, 27, 29][18, 0, 22, 19][19, 12, 8, 26][13, 0, 17][11, 25, 28][24, 7, 28][6, 13][16, 28][2, 29][7, 20] 
[9, 14, 20, 4, 1, 3, 23][2, 15, 10, 21, 5][6, 16, 27, 29][18, 0, 22, 19][19, 12, 8, 26][11, 25, 28][24, 7, 28][13, 0, 17][2, 29][16, 28][7, 20][6, 13] 
[9, 14, 20, 4, 1, 3, 23][2, 15, 10, 21, 5][19, 12, 8, 26][18, 0, 22, 19][6, 16, 27, 29][13, 0, 17][24, 7, 28][11, 25, 28][6, 13][2, 29][16, 28][7, 20] 
[9, 14, 20, 4, 1, 3, 23][2, 15, 10, 21, 5][6, 16, 27, 29][18, 0, 22, 19][19, 12, 8, 26][11, 25, 28][24, 7, 28][13, 0, 17][2, 29][16, 28][6, 13][7, 20] 
[9, 14, 20, 4, 1, 3, 23][2, 15, 10, 21, 5][18, 0, 22, 19][19, 12, 8, 26][6, 16, 27, 29][13, 0, 17][24, 7, 28][11, 25, 28][6, 13][16, 28][7, 20][2, 29] 
[9, 14, 20, 4, 1, 3, 23][2, 15, 10, 21, 5][19, 12, 8, 26][18, 0, 22, 19][6, 16, 27, 29][13, 0, 17][24, 7, 28][11, 25, 28][6, 13][16, 28][7, 20][2, 29] 
[9, 14, 20, 4, 1, 3, 23][2, 15, 10, 21, 5][6, 16, 27, 29][18, 0, 22, 19][19, 12, 8, 26][13, 0, 17][11, 25, 28][24, 7, 28][6, 13][16, 28][2, 29][7, 20] 
[9, 14, 20, 4, 1, 3, 23][2, 15, 10, 21, 5][19, 12, 8, 26][18, 0, 22, 19][6, 16, 27, 29][13, 0, 17][24, 7, 28][11, 25, 28][6, 13][16, 28][7, 20][2, 29] 
[9, 14, 20, 4, 1, 3, 23][2, 15, 10, 21, 5][6, 16, 27, 29][18, 0, 22, 19][19, 12, 8, 26][11, 25, 28][24, 7, 28][13, 0, 17][16, 28][7, 20][6, 13][2, 29] 
[9, 14, 20, 4, 1, 3, 23][2, 15, 10, 21, 5][6, 16, 27, 29][18, 0, 22, 19][19, 12, 8, 26][24, 7, 28][11, 25, 28][13, 0, 17][16, 28][6, 13][7, 20][2, 29] 
[1, 23, 20, 14, 9, 3, 4, 7, 2, 27, 29, 15, 16, 28][7, 25, 11, 17, 22, 18, 19, 0, 26, 8, 12][2, 21, 5, 6][11, 25][6, 13][10, 16][3, 24][15, 29][20, 23][20, 23][20, 23][27, 29] 
[1, 23, 20, 14, 9, 3, 4, 7, 2, 27, 29, 15, 16, 28][7, 25, 11, 17, 22, 18, 19, 0, 26, 8, 12][22, 18, 0, 25, 11, 3, 24][2, 21, 5, 6][11, 25][6, 13][10, 16][15, 29][20, 23][20, 23][20, 23][27, 29] 
[1, 23, 20, 14, 9, 3, 4, 7, 2, 27, 29, 15, 16, 28][7, 25, 11, 17, 22, 18, 19, 0, 26, 8, 12][2, 21, 5, 6][1, 23, 20][11, 25][10, 16][6, 13][3, 24][20, 23][20, 23][27, 29][1, 23] 
[1, 23, 20, 14, 9, 3, 4, 7, 2, 27, 29, 15, 16, 28][12, 8, 26, 0, 19, 18, 22, 17, 11, 25][2, 21, 5, 6][27, 29][10, 16][3, 24][6, 13][27, 29][15, 29][27, 29][27, 29][7, 25] 
[1, 23, 20, 14, 9, 3, 4, 7, 2, 27, 29, 15, 16, 28][12, 8, 26, 0, 19, 18, 22, 17, 11, 25][2, 21, 5, 6][27, 29][10, 16][3, 24][6, 13][27, 29][15, 29][27, 29][27, 29][7, 25] 
[1, 23, 20, 14, 9, 3, 4, 7, 2, 27, 29, 15, 16, 28][12, 8, 26, 0, 19, 18, 22, 17, 11, 25][2, 21, 5, 6][2, 21, 5][20, 23][7, 25][10, 16][3, 24][6, 13][9, 14][15, 29][27, 29] 
[1, 23, 20, 14, 9, 3, 4, 7, 2, 27, 29, 15, 16, 28][7, 25, 11, 17, 22, 18, 19, 0, 26, 8, 12][2, 21, 5, 6][2, 16, 10][11, 25][6, 13][3, 24][15, 29][20, 23][20, 23][20, 23][27, 29] 
[1, 23, 20, 14, 9, 3, 4, 7, 2, 27, 29, 15, 16, 28][7, 25, 11, 17, 22, 18, 19, 0, 26, 8, 12][2, 21, 5, 6][10, 16, 2, 27][11, 25][6, 13][3, 24][15, 29][20, 23][20, 23][20, 23][27, 29] 
[1, 23, 20, 14, 9, 3, 4, 7, 2, 27, 29, 15, 16, 28][12, 8, 26, 0, 19, 18, 22, 17, 11, 25][2, 21, 5, 6][27, 29][10, 16][3, 24][6, 13][27, 29][15, 29][27, 29][27, 29][7, 25] 
[1, 23, 20, 14, 9, 3, 4, 7, 2, 27, 29, 15, 16, 28][7, 25, 11, 17, 22, 18, 19, 0, 26, 8, 12][2, 21, 5, 6][2, 16, 10][11, 25][6, 13][3, 24][15, 29][20, 23][20, 23][20, 23][27, 29] 
[1, 23, 20, 14, 9, 3, 4, 7, 2, 27, 29, 15, 16, 28][7, 25, 11, 17, 22, 18, 19, 0, 26, 8, 12][22, 18, 0, 25, 11, 3, 24][2, 21, 5, 6][11, 25][6, 13][10, 16][15, 29][20, 23][20, 23][20, 23][27, 29] 
[23, 20, 14, 9, 3, 4, 7, 2, 27, 29, 15, 16, 28][7, 25, 11, 17, 22, 18, 19, 0, 26, 8, 12][7, 14, 20, 23, 1, 3, 24][2, 21, 5, 6][11, 25][6, 13][10, 16][27, 29][15, 29][20, 23][27, 29][9, 14] 
[1, 23, 20, 14, 9, 3, 4, 7, 2, 27, 29, 15, 16, 28][12, 8, 26, 0, 19, 18, 22, 17, 11, 25][2, 21, 5, 6][27, 29][10, 16][3, 24][6, 13][27, 29][15, 29][27, 29][27, 29][7, 25] 
[1, 23, 20, 14, 9, 3, 4, 7, 2, 27, 29, 15, 16, 28][7, 25, 11, 17, 22, 18, 19, 0, 26, 8, 12][2, 21, 5, 6][11, 25][6, 13][10, 16][3, 24][15, 29][20, 23][20, 23][20, 23][27, 29] 
[23, 20, 14, 9, 3, 4, 7, 2, 27, 29, 15, 16, 28][7, 25, 11, 17, 22, 18, 19, 0, 26, 8, 12][7, 14, 20, 23, 1, 3, 24][2, 21, 5, 6][11, 25][6, 13][10, 16][27, 29][15, 29][20, 23][27, 29][9, 14] 
[1, 23, 20, 14, 9, 3, 4, 7, 2, 27, 29, 15, 16, 28][7, 25, 11, 17, 22, 18, 19, 0, 26, 8, 12][2, 21, 5, 6][1, 23, 20][11, 25][10, 16][6, 13][3, 24][20, 23][20, 23][27, 29][1, 23] 
[1, 23, 20, 14, 9, 3, 4, 7, 2, 27, 29, 15, 16, 28][7, 25, 11, 17, 22, 18, 19, 0, 26, 8, 12][2, 21, 5, 6][11, 25][6, 13][10, 16][3, 24][15, 29][20, 23][20, 23][20, 23][27, 29] 
[7, 25, 11, 17, 22, 18, 19, 0, 26, 8, 12][4, 7, 2, 27, 29, 15, 16, 28][7, 14, 20, 23, 1, 3, 24][2, 21, 5, 6][20, 23][10, 16][6, 13][9, 14][15, 29][15, 29][27, 29][11, 25] 
[1, 23, 20, 14, 9, 3, 4, 7, 2, 27, 29, 15, 16, 28][7, 25, 11, 17, 22, 18, 19, 0, 26, 8, 12][2, 21, 5, 6][11, 25][6, 13][10, 16][3, 24][15, 29][20, 23][20, 23][20, 23][27, 29] 
[1, 23, 20, 14, 9, 3, 4, 7, 2, 27, 29, 15, 16, 28][7, 25, 11, 17, 22, 18, 19, 0, 26, 8, 12][1, 23, 20, 14, 9][2, 21, 5, 6][11, 25][10, 16][6, 13][3, 24][20, 23][20, 23][27, 29][1, 23] 
[1, 23, 20, 14, 9, 3, 4, 7, 2, 27, 29, 15, 16, 28][7, 25, 11, 17, 22, 18, 19, 0, 26, 8, 12][2, 21, 5, 6][11, 25][6, 13][10, 16][3, 24][15, 29][20, 23][20, 23][20, 23][27, 29] 
[9, 14, 20, 4, 1, 3, 23][2, 15, 10, 21, 5][6, 16, 27, 29][18, 0, 22, 19][19, 12, 8, 26][24, 7, 28][11, 25, 28][13, 0, 17][7, 20][7, 10][16, 28][6, 13] 
[9, 14, 20, 4, 1, 3, 23][2, 15, 10, 21, 5][6, 16, 27, 29][18, 0, 22, 19][19, 12, 8, 26][24, 7, 28][11, 25, 28][13, 0, 17][7, 10][16, 28][6, 13][7, 20] 
[9, 14, 20, 4, 1, 3, 23][2, 15, 10, 21, 5][6, 16, 27, 29][18, 0, 22, 19][19, 12, 8, 26][11, 25, 28][24, 7, 28][13, 0, 17][16, 28][6, 13][7, 20][7, 10] 
[9, 14, 20, 4, 1, 3, 23][2, 15, 10, 21, 5][6, 16, 27, 29][18, 0, 22, 19][19, 12, 8, 26][11, 25, 28][24, 7, 28][13, 0, 17][16, 28][7, 20][6, 13][7, 10] 
[9, 14, 20, 4, 1, 3, 23][2, 15, 10, 21, 5][18, 0, 22, 19][19, 12, 8, 26][6, 16, 27, 29][13, 0, 17][11, 25, 28][24, 7, 28][6, 13][16, 28][7, 20][7, 10] 
[9, 14, 20, 4, 1, 3, 23][2, 15, 10, 21, 5][6, 16, 27, 29][18, 0, 22, 19][19, 12, 8, 26][24, 7, 28][11, 25, 28][13, 0, 17][7, 20][16, 28][7, 10][6, 13] 
[9, 14, 20, 4, 1, 3, 23][2, 15, 10, 21, 5][6, 16, 27, 29][18, 0, 22, 19][19, 12, 8, 26][24, 7, 28][11, 25, 28][13, 0, 17][7, 10][7, 20][16, 28][6, 13] 
[9, 14, 20, 4, 1, 3, 23][2, 15, 10, 21, 5][6, 16, 27, 29][18, 0, 22, 19][19, 12, 8, 26][24, 7, 28][11, 25, 28][13, 0, 17][7, 20][16, 28][7, 10][6, 13] 
[9, 14, 20, 4, 1, 3, 23][2, 15, 10, 21, 5][6, 16, 27, 29][18, 0, 22, 19][19, 12, 8, 26][24, 7, 28][11, 25, 28][13, 0, 17][7, 20][16, 28][7, 10][6, 13] 
[9, 14, 20, 4, 1, 3, 23][2, 15, 10, 21, 5][6, 16, 27, 29][18, 0, 22, 19][19, 12, 8, 26][11, 25, 28][13, 0, 17][24, 7, 28][16, 28][6, 13][7, 10][7, 20] 
[9, 14, 20, 4, 1, 3, 23][2, 15, 10, 21, 5][18, 0, 22, 19][19, 12, 8, 26][6, 16, 27, 29][13, 0, 17][24, 7, 28][11, 25, 28][6, 13][16, 28][7, 20][7, 10] 
[9, 14, 20, 4, 1, 3, 23][2, 15, 10, 21, 5][6, 16, 27, 29][18, 0, 22, 19][19, 12, 8, 26][11, 25, 28][24, 7, 28][13, 0, 17][16, 28][6, 13][7, 10][7, 20] 
[9, 14, 20, 4, 1, 3, 23][2, 15, 10, 21, 5][6, 16, 27, 29][18, 0, 22, 19][19, 12, 8, 26][24, 7, 28][11, 25, 28][13, 0, 17][7, 20][16, 28][7, 10][6, 13] 
[9, 14, 20, 4, 1, 3, 23][2, 15, 10, 21, 5][6, 16, 27, 29][18, 0, 22, 19][19, 12, 8, 26][11, 25, 28][24, 7, 28][13, 0, 17][16, 28][6, 13][7, 10][7, 20] 
[9, 14, 20, 4, 1, 3, 23][2, 15, 10, 21, 5][6, 16, 27, 29][18, 0, 22, 19][19, 12, 8, 26][24, 7, 28][11, 25, 28][13, 0, 17][7, 20][7, 10][16, 28][6, 13] 
[9, 14, 20, 4, 1, 3, 23][2, 15, 10, 21, 5][6, 16, 27, 29][18, 0, 22, 19][19, 12, 8, 26][11, 25, 28][24, 7, 28][13, 0, 17][2, 29][16, 28][6, 13][7, 20] 
[9, 14, 20, 4, 1, 3, 23][2, 15, 10, 21, 5][18, 0, 22, 19][19, 12, 8, 26][6, 16, 27, 29][13, 0, 17][11, 25, 28][24, 7, 28][6, 13][2, 29][16, 28][7, 20] 
[9, 14, 20, 4, 1, 3, 23][2, 15, 10, 21, 5][6, 16, 27, 29][18, 0, 22, 19][19, 12, 8, 26][24, 7, 28][11, 25, 28][13, 0, 17][7, 20][16, 28][2, 29][6, 13] 
[9, 14, 20, 4, 1, 3, 23][2, 15, 10, 21, 5][6, 16, 27, 29][18, 0, 22, 19][19, 12, 8, 26][11, 25, 28][24, 7, 28][13, 0, 17][2, 29][16, 28][6, 13][7, 20] 
[9, 14, 20, 4, 1, 3, 23][2, 15, 10, 21, 5][6, 16, 27, 29][18, 0, 22, 19][19, 12, 8, 26][13, 0, 17][11, 25, 28][24, 7, 28][6, 13][16, 28][2, 29][7, 20] 
[9, 14, 20, 4, 1, 3, 23][2, 15, 10, 21, 5][6, 16, 27, 29][18, 0, 22, 19][19, 12, 8, 26][24, 7, 28][11, 25, 28][13, 0, 17][7, 20][16, 28][2, 29][6, 13] 
[9, 14, 20, 4, 1, 3, 23][2, 15, 10, 21, 5][18, 0, 22, 19][19, 12, 8, 26][6, 16, 27, 29][13, 0, 17][24, 7, 28][11, 25, 28][6, 13][16, 28][7, 10][7, 20] 
[9, 14, 20, 4, 1, 3, 23][2, 15, 10, 21, 5][6, 16, 27, 29][18, 0, 22, 19][19, 12, 8, 26][24, 7, 28][11, 25, 28][13, 0, 17][7, 10][16, 28][6, 13][7, 20] 
[9, 14, 20, 4, 1, 3, 23][2, 15, 10, 21, 5][6, 16, 27, 29][18, 0, 22, 19][19, 12, 8, 26][24, 7, 28][11, 25, 28][13, 0, 17][7, 10][16, 28][6, 13][7, 20] 
[9, 14, 20, 4, 1, 3, 23][2, 15, 10, 21, 5][18, 0, 22, 19][19, 12, 8, 26][6, 16, 27, 29][13, 0, 17][24, 7, 28][11, 25, 28][6, 13][16, 28][7, 10][7, 20] 
[9, 14, 20, 4, 1, 3, 23][2, 15, 10, 21, 5][6, 16, 27, 29][18, 0, 22, 19][19, 12, 8, 26][24, 7, 28][11, 25, 28][13, 0, 17][7, 20][16, 28][7, 10][6, 13] 
[9, 14, 20, 4, 1, 3, 23][2, 15, 10, 21, 5][6, 16, 27, 29][18, 0, 22, 19][19, 12, 8, 26][11, 25, 28][24, 7, 28][13, 0, 17][2, 29][16, 28][6, 13][7, 20] 
[9, 14, 20, 4, 1, 3, 23][2, 15, 10, 21, 5][18, 0, 22, 19][19, 12, 8, 26][6, 16, 27, 29][13, 0, 17][24, 7, 28][11, 25, 28][6, 13][16, 28][7, 20][7, 10] 
[9, 14, 20, 4, 1, 3, 23][2, 15, 10, 21, 5][19, 12, 8, 26][18, 0, 22, 19][6, 16, 27, 29][13, 0, 17][24, 7, 28][11, 25, 28][6, 13][2, 29][16, 28][7, 20] 
[9, 14, 20, 4, 1, 3, 23][2, 15, 10, 21, 5][6, 16, 27, 29][18, 0, 22, 19][19, 12, 8, 26][13, 0, 17][24, 7, 28][11, 25, 28][2, 29][6, 13][16, 28][7, 20] 
[9, 14, 20, 4, 1, 3, 23][2, 15, 10, 21, 5][6, 16, 27, 29][18, 0, 22, 19][19, 12, 8, 26][13, 0, 17][24, 7, 28][11, 25, 28][6, 13][16, 28][2, 29][7, 20] 
[9, 14, 20, 4, 1, 3, 23][2, 15, 10, 21, 5][6, 16, 27, 29][18, 0, 22, 19][19, 12, 8, 26][13, 0, 17][24, 7, 28][11, 25, 28][2, 29][6, 13][16, 28][7, 20] 
[9, 14, 20, 4, 1, 3, 23][2, 15, 10, 21, 5][6, 16, 27, 29][18, 0, 22, 19][19, 12, 8, 26][13, 0, 17][11, 25, 28][24, 7, 28][6, 13][2, 29][16, 28][7, 20] 
[9, 14, 20, 4, 1, 3, 23][2, 15, 10, 21, 5][19, 12, 8, 26][18, 0, 22, 19][6, 16, 27, 29][13, 0, 17][11, 25, 28][24, 7, 28][6, 13][16, 28][7, 20][2, 29] 
[9, 14, 20, 4, 1, 3, 23][2, 15, 10, 21, 5][6, 16, 27, 29][18, 0, 22, 19][19, 12, 8, 26][13, 0, 17][11, 25, 28][24, 7, 28][6, 13][2, 29][16, 28][7, 20] 
[9, 14, 20, 4, 1, 3, 23][2, 15, 10, 21, 5][19, 12, 8, 26][18, 0, 22, 19][6, 16, 27, 29][13, 0, 17][24, 7, 28][11, 25, 28][6, 13][16, 28][2, 29][7, 20] 
[9, 14, 20, 4, 1, 3, 23][2, 15, 10, 21, 5][6, 16, 27, 29][18, 0, 22, 19][19, 12, 8, 26][24, 7, 28][11, 25, 28][13, 0, 17][7, 20][16, 28][2, 29][6, 13] 
[9, 14, 20, 4, 1, 3, 23][2, 15, 10, 21, 5][6, 16, 27, 29][18, 0, 22, 19][19, 12, 8, 26][11, 25, 28][24, 7, 28][13, 0, 17][2, 29][16, 28][6, 13][7, 20] 
[9, 14, 20, 4, 1, 3, 23][2, 15, 10, 21, 5][6, 16, 27, 29][18, 0, 22, 19][19, 12, 8, 26][11, 25, 28][24, 7, 28][13, 0, 17][16, 28][7, 20][6, 13][2, 29] 
[9, 14, 20, 4, 1, 3, 23][2, 15, 10, 21, 5][6, 16, 27, 29][18, 0, 22, 19][19, 12, 8, 26][11, 25, 28][24, 7, 28][13, 0, 17][2, 29][16, 28][6, 13][7, 20] 
[9, 14, 20, 4, 1, 3, 23][2, 15, 10, 21, 5][6, 16, 27, 29][18, 0, 22, 19][19, 12, 8, 26][13, 0, 17][11, 25, 28][24, 7, 28][6, 13][16, 28][2, 29][7, 20] 
[9, 14, 20, 4, 1, 3, 23][2, 15, 10, 21, 5][6, 16, 27, 29][18, 0, 22, 19][19, 12, 8, 26][24, 7, 28][11, 25, 28][13, 0, 17][16, 28][6, 13][7, 20][2, 29] 
[9, 14, 20, 4, 1, 3, 23][2, 15, 10, 21, 5][6, 16, 27, 29][18, 0, 22, 19][19, 12, 8, 26][11, 25, 28][24, 7, 28][13, 0, 17][2, 29][16, 28][6, 13][7, 20] 
[9, 14, 20, 4, 1, 3, 23, 24][2, 15, 10, 21, 5][6, 16, 27, 29][18, 0, 22, 19][19, 12, 8, 26][13, 0, 17][11, 25, 28][7, 10][7, 20][2, 29][6, 13][7, 28] 
[9, 14, 20, 4, 1, 3, 23][2, 15, 10, 21, 5][6, 16, 27, 29][18, 0, 22, 19][19, 12, 8, 26][24, 7, 28][11, 25, 28][6, 13, 18][13, 0, 17][7, 20][16, 28][2, 29] 
[9, 14, 20, 4, 1, 3, 23, 24][2, 15, 10, 21, 5][6, 16, 27, 29][18, 0, 22, 19][19, 12, 8, 26][11, 25, 28][13, 0, 17][7, 28][7, 20][7, 10][2, 29][6, 13] 
[9, 14, 20, 4, 1, 3, 23, 24][2, 15, 10, 21, 5][6, 16, 27, 29][18, 0, 22, 19][19, 12, 8, 26][13, 0, 17][11, 25, 28][7, 10][7, 20][2, 29][6, 13][7, 28] 
[9, 14, 20, 4, 1, 3, 23, 24][2, 15, 10, 21, 5][6, 16, 27, 29][18, 0, 22, 19][19, 12, 8, 26][11, 25, 28][13, 0, 17][7, 28][7, 20][7, 10][2, 29][6, 13] 
[9, 14, 20, 4, 1, 3, 23, 24][5, 21, 10, 15, 2, 29][11, 25, 28, 16][13, 0, 17, 22][19, 12, 8, 26][6, 16, 27][18, 19, 22][25, 28][7, 28][2, 7][6, 13][7, 20] 
[9, 14, 20, 4, 1, 3, 23][2, 15, 10, 21, 5][19, 12, 8, 26][18, 0, 22, 19][6, 16, 27, 29][13, 0, 17][11, 25, 28][24, 7, 28][6, 13][16, 28][7, 20][2, 29] 
[9, 14, 20, 4, 1, 3, 23][2, 15, 10, 21, 5][19, 12, 8, 26][18, 0, 22, 19][6, 16, 27, 29][13, 0, 17][24, 7, 28][11, 25, 28][6, 13][16, 28][2, 29][7, 20] 
[9, 14, 20, 4, 1, 3, 23][2, 15, 10, 21, 5][6, 16, 27, 29][18, 0, 22, 19][19, 12, 8, 26][13, 0, 17][24, 7, 28][11, 25, 28][6, 13][16, 28][7, 20][2, 29] 
[9, 14, 20, 4, 1, 3, 23][2, 15, 10, 21, 5][6, 16, 27, 29][18, 0, 22, 19][19, 12, 8, 26][24, 7, 28][11, 25, 28][13, 0, 17][7, 20][16, 28][2, 29][6, 13] 
[9, 14, 20, 4, 1, 3, 23][2, 15, 10, 21, 5][6, 16, 27, 29][18, 0, 22, 19][19, 12, 8, 26][13, 0, 17][24, 7, 28][11, 25, 28][6, 13][16, 28][2, 29][7, 20] 
[9, 14, 20, 4, 1, 3, 23][2, 15, 10, 21, 5][6, 16, 27, 29][18, 0, 22, 19][19, 12, 8, 26][24, 7, 28][11, 25, 28][13, 0, 17][7, 20][16, 28][2, 29][6, 13] 
[9, 14, 20, 4, 1, 3, 23][2, 15, 10, 21, 5][18, 0, 22, 19][19, 12, 8, 26][6, 16, 27, 29][13, 0, 17][11, 25, 28][24, 7, 28][6, 13][16, 28][7, 20][7, 10] 
