[13, 0, 18, 22, 19, 8, 26][21, 5, 15, 2, 27][4, 23, 3, 1, 9][12, 17, 11, 25][6, 16, 10, 29][24, 7, 28][16, 7, 20][25, 28][14, 20][22, 25][10, 27][9, 14] 
[13, 0, 18, 22, 19, 8, 26][21, 5, 15, 2, 27][12, 17, 11, 25][6, 16, 10, 29][9, 1, 3, 23][24, 7, 28][16, 7, 20][4, 20, 14][22, 25][25, 28][9, 14][10, 27] 
[13, 0, 18, 22, 19, 8, 26][4, 23, 3, 1, 9][20, 7, 16, 27][6, 16, 10, 29][12, 17, 11, 25][2, 15, 5, 21][24, 7, 28][14, 20][25, 28][5, 6][22, 25][9, 14] 
[13, 0, 18, 22, 19, 8, 26][4, 23, 3, 1, 9][12, 17, 11, 25][20, 7, 16, 27][6, 16, 10, 29][2, 15, 5, 21][24, 7, 28][25, 28][14, 20][22, 25][9, 14][5, 6] 
[0, 13, 18, 19, 8, 26][21, 5, 15, 2, 27][4, 23, 3, 1, 9][12, 17, 11, 25][6, 16, 10, 29][22, 25, 28][24, 7, 28][16, 7, 20][5, 6][14, 20][18, 22][9, 14] 
[13, 0, 18, 22, 19, 8, 26][4, 23, 3, 1, 9][21, 5, 15, 2, 27][12, 17, 11, 25][6, 16, 10, 29][24, 7, 28][16, 7, 20][22, 25][25, 28][14, 20][9, 14][5, 6] 
[13, 0, 18, 22, 19, 8, 26][4, 23, 3, 1, 9][21, 5, 15, 2, 27][12, 17, 11, 25][6, 16, 10, 29][24, 7, 28][16, 7, 20][22, 25][25, 28][14, 20][9, 14][5, 6] 
[0, 13, 18, 19, 8, 26][21, 5, 15, 2, 27][4, 23, 3, 1, 9][12, 17, 11, 25][6, 16, 10, 29][22, 25, 28][24, 7, 28][16, 7, 20][14, 20][5, 6][9, 14][18, 22] 
[0, 13, 18, 19, 8, 26][21, 5, 15, 2, 27][4, 23, 3, 1, 9][12, 17, 11, 25][6, 16, 10, 29][22, 25, 28][24, 7, 28][16, 7, 20][18, 22][5, 6][14, 20][9, 14] 
[0, 13, 18, 19, 8, 26][21, 5, 15, 2, 27][4, 23, 3, 1, 9][12, 17, 11, 25][6, 16, 10, 29][22, 25, 28][24, 7, 28][16, 7, 20][18, 22][5, 6][14, 20][9, 14] 
[13, 0, 18, 22, 19, 8, 26][21, 5, 15, 2, 27][4, 23, 3, 1, 9][6, 16, 10, 29][12, 17, 11, 25][16, 7, 20][24, 7, 28][10, 27][25, 28][22, 25][14, 20][9, 14] 
[13, 0, 18, 22, 19, 8, 26][4, 23, 3, 1, 9][20, 7, 16, 27][6, 16, 10, 29][12, 17, 11, 25][2, 15, 5, 21][24, 7, 28][14, 20][25, 28][9, 14][22, 25][5, 6] 
[13, 0, 18, 22, 19, 8, 26][4, 23, 3, 1, 9][20, 7, 16, 27][6, 16, 10, 29][12, 17, 11, 25][2, 15, 5, 21][24, 7, 28][25, 28][14, 20][9, 14][5, 6][22, 25] 
[0, 13, 18, 19, 8, 26][21, 5, 15, 2, 27][4, 23, 3, 1, 9][12, 17, 11, 25][6, 16, 10, 29][22, 25, 28][24, 7, 28][16, 7, 20][5, 6][14, 20][18, 22][9, 14] 
[13, 0, 18, 22, 19, 8, 26][4, 23, 3, 1, 9][21, 5, 15, 2, 27][6, 16, 10, 29][12, 17, 11, 25][16, 7, 20][24, 7, 28][9, 14][14, 20][25, 28][5, 6][22, 25] 
[0, 13, 18, 19, 8, 26][21, 5, 15, 2, 27][4, 23, 3, 1, 9][12, 17, 11, 25][6, 16, 10, 29][22, 25, 28][24, 7, 28][16, 7, 20][14, 20][5, 6][9, 14][18, 22] 
[13, 0, 18, 22, 19, 8, 26][21, 5, 15, 2, 27][4, 23, 3, 1, 9][6, 16, 10, 29][12, 17, 11, 25][16, 7, 20][24, 7, 28][14, 20][22, 25][10, 27][9, 14][25, 28] 
[13, 0, 18, 22, 19, 8, 26][4, 23, 3, 1, 9][20, 7, 16, 27][6, 16, 10, 29][12, 17, 11, 25][2, 15, 5, 21][24, 7, 28][14, 20][25, 28][9, 14][22, 25][5, 6] 
[0, 13, 18, 19, 8, 26][21, 5, 15, 2, 27][4, 23, 3, 1, 9][12, 17, 11, 25][6, 16, 10, 29][22, 25, 28][24, 7, 28][16, 7, 20][14, 20][5, 6][9, 14][18, 22] 
[13, 0, 18, 22, 19, 8, 26][4, 23, 3, 1, 9][21, 5, 15, 2, 27][6, 16, 10, 29][12, 17, 11, 25][16, 7, 20][24, 7, 28][9, 14][14, 20][25, 28][22, 25][10, 27] 
[13, 0, 18, 22, 19, 8, 26][21, 5, 15, 2, 27][4, 23, 3, 1, 9][6, 16, 10, 29][12, 17, 11, 25][16, 7, 20][24, 7, 28][10, 27][14, 20][9, 14][25, 28][22, 25] 
[13, 0, 18, 22, 19, 8, 26][4, 23, 3, 1, 9][12, 17, 11, 25][20, 7, 16, 27][6, 16, 10, 29][2, 15, 5, 21][24, 7, 28][25, 28][14, 20][22, 25][9, 14][5, 6] 
[13, 0, 18, 22, 19, 8, 26][4, 23, 3, 1, 9][20, 7, 16, 27][6, 16, 10, 29][12, 17, 11, 25][2, 15, 5, 21][24, 7, 28][25, 28][14, 20][9, 14][5, 6][22, 25] 
[0, 13, 18, 19, 8, 26][21, 5, 15, 2, 27][4, 23, 3, 1, 9][6, 16, 10, 29][12, 17, 11, 25][16, 7, 20][24, 7, 28][22, 25, 28][5, 6][18, 22][14, 20][9, 14] 
[13, 0, 18, 22, 19, 8, 26][4, 23, 3, 1, 9][21, 5, 15, 2, 27][6, 16, 10, 29][12, 17, 11, 25][16, 7, 20][24, 7, 28][9, 14][14, 20][25, 28][5, 6][22, 25] 
[0, 13, 18, 19, 8, 26][21, 5, 15, 2, 27][4, 23, 3, 1, 9][12, 17, 11, 25][6, 16, 10, 29][22, 25, 28][24, 7, 28][16, 7, 20][14, 20][5, 6][9, 14][18, 22] 
[13, 0, 18, 22, 19, 8, 26][21, 5, 15, 2, 27][4, 23, 3, 1, 9][12, 17, 11, 25][6, 16, 10, 29][24, 7, 28][16, 7, 20][25, 28][22, 25][14, 20][10, 27][9, 14] 
[13, 0, 18, 22, 19, 8, 26][4, 23, 3, 1, 9][12, 17, 11, 25][20, 7, 16, 27][6, 16, 10, 29][2, 15, 5, 21][24, 7, 28][25, 28][14, 20][22, 25][9, 14][5, 6] 
[0, 13, 18, 19, 8, 26][21, 5, 15, 2, 27][4, 23, 3, 1, 9][12, 17, 11, 25][6, 16, 10, 29][22, 25, 28][24, 7, 28][16, 7, 20][5, 6][18, 22][14, 20][9, 14] 
[13, 0, 18, 22, 19, 8, 26][4, 23, 3, 1, 9][21, 5, 15, 2, 27][6, 16, 10, 29][12, 17, 11, 25][16, 7, 20][24, 7, 28][9, 14][14, 20][25, 28][22, 25][10, 27] 
[13, 0, 18, 22, 19, 8, 26][4, 23, 3, 1, 9][21, 5, 15, 2, 27][6, 16, 10, 29][12, 17, 11, 25][16, 7, 20][24, 7, 28][9, 14][14, 20][25, 28][22, 25][10, 27] 
[13, 0, 18, 22, 19, 8, 26][4, 23, 3, 1, 9][12, 17, 11, 25][20, 7, 16, 27][6, 16, 10, 29][2, 15, 5, 21][24, 7, 28][25, 28][14, 20][22, 25][9, 14][5, 6] 
[0, 13, 18, 19, 8, 26][21, 5, 15, 2, 27][4, 23, 3, 1, 9][12, 17, 11, 25][6, 16, 10, 29][22, 25, 28][24, 7, 28][16, 7, 20][5, 6][14, 20][9, 14][18, 22] 
[13, 0, 18, 22, 19, 8, 26][21, 5, 15, 2, 27][4, 23, 3, 1, 9][6, 16, 10, 29][12, 17, 11, 25][16, 7, 20][24, 7, 28][10, 27][14, 20][9, 14][25, 28][22, 25] 
[13, 0, 18, 22, 19, 8, 26][21, 5, 15, 2, 27][4, 23, 3, 1, 9][12, 17, 11, 25][6, 16, 10, 29][24, 7, 28][16, 7, 20][25, 28][22, 25][14, 20][10, 27][9, 14] 
[2, 10, 21, 5, 6, 13, 0, 25, 7, 27, 29, 15, 16, 28][22, 12, 19, 8, 26, 0, 13, 18, 17, 11, 3, 4, 24][20, 14, 9, 1, 3, 23][0, 13][0, 13][12, 17][1, 9][9, 14][15, 16][9, 14][15, 16][9, 14] 
[2, 10, 21, 5, 6, 13, 0, 25, 7, 27, 29, 15, 16, 28][22, 12, 19, 8, 26, 0, 13, 18, 17, 11, 3, 4, 24][20, 14, 9, 1, 3, 23][0, 13][0, 13][12, 17][1, 9][9, 14][15, 16][9, 14][15, 16][9, 14] 
[2, 10, 21, 5, 6, 13, 0, 25, 7, 27, 29, 15, 16, 28][22, 12, 19, 8, 26, 0, 13, 18, 17, 11, 3, 4, 24][20, 14, 9, 1, 3, 23][0, 13][0, 13][12, 17][1, 9][9, 14][15, 16][9, 14][15, 16][9, 14] 
[22, 12, 19, 8, 26, 0, 13, 18, 17, 11, 3, 4, 24][2, 10, 21, 5, 6, 13, 0, 25, 7, 27, 29, 15][20, 14, 9, 1, 3, 23][3, 4][3, 4][3, 4][3, 4][15, 16][3, 4][0, 13][16, 28][3, 4] 
[22, 12, 19, 8, 26, 0, 13, 18, 17, 11, 3, 4, 24][2, 10, 21, 5, 6, 13, 0, 25, 7, 27, 29, 15][20, 14, 9, 1, 3, 23][3, 4][3, 4][3, 4][3, 4][15, 16][3, 4][0, 13][16, 28][3, 4] 
[24, 4, 3, 11, 17, 18, 13, 0, 26, 8, 19, 12, 22, 25, 28][14, 7, 27, 2, 10, 29, 15][20, 14, 9, 1, 3, 23][15, 5, 21][0, 13][7, 16][6, 16][3, 4][2, 27][3, 4][2, 27][3, 4] 
[2, 10, 21, 5, 6, 13, 0, 25, 7, 27, 29, 15, 16, 28][22, 12, 19, 8, 26, 0, 13, 18, 17, 11, 3, 4, 24][20, 14, 9, 1, 3, 23][0, 13][0, 13][12, 17][1, 9][9, 14][15, 16][9, 14][15, 16][9, 14] 
[2, 10, 21, 5, 6, 13, 0, 25, 7, 27, 29, 15, 16, 28][22, 12, 19, 8, 26, 0, 13, 18, 17, 11, 3, 4, 24][20, 14, 9, 1, 3, 23][0, 13][0, 13][12, 17][1, 9][9, 14][15, 16][9, 14][15, 16][9, 14] 
[22, 12, 19, 8, 26, 0, 13, 18, 17, 11, 3, 4, 24][2, 10, 21, 5, 6, 13, 0, 25, 7, 27, 29, 15][20, 14, 9, 1, 3, 23][3, 4][3, 4][3, 4][3, 4][15, 16][3, 4][0, 13][16, 28][3, 4] 
[2, 10, 21, 5, 6, 13, 0, 25, 7, 27, 29, 15, 16, 28][22, 12, 19, 8, 26, 0, 13, 18, 17, 11, 3, 4, 24][20, 14, 9, 1, 3, 23][0, 13][0, 13][12, 17][1, 9][9, 14][15, 16][9, 14][15, 16][9, 14] 
[2, 10, 21, 5, 6, 13, 0, 25, 7, 27, 29, 15, 16, 28][22, 12, 19, 8, 26, 0, 13, 18, 17, 11, 3, 4, 24][20, 14, 9, 1, 3, 23][0, 13][0, 13][12, 17][1, 9][9, 14][15, 16][9, 14][15, 16][9, 14] 
[2, 10, 21, 5, 6, 13, 0, 25, 7, 27, 29, 15, 16, 28][22, 12, 19, 8, 26, 0, 13, 18, 17, 11, 3, 4, 24][20, 14, 9, 1, 3, 23][0, 13][0, 13][12, 17][1, 9][9, 14][15, 16][9, 14][15, 16][9, 14] 
[22, 12, 19, 8, 26, 0, 13, 18, 17, 11, 3, 4, 24][2, 10, 21, 5, 6, 13, 0, 25, 7, 27, 29, 15][20, 14, 9, 1, 3, 23][3, 4][3, 4][3, 4][3, 4][15, 16][3, 4][0, 13][16, 28][3, 4] 
[2, 10, 21, 5, 6, 13, 0, 25, 7, 27, 29, 15, 16, 28][22, 12, 19, 8, 26, 0, 13, 18, 17, 11, 3, 4, 24][20, 14, 9, 1, 3, 23][0, 13][0, 13][12, 17][1, 9][9, 14][15, 16][9, 14][15, 16][9, 14] 
[2, 10, 21, 5, 6, 13, 0, 25, 7, 27, 29, 15, 16, 28][22, 12, 19, 8, 26, 0, 13, 18, 17, 11, 3, 4, 24][20, 14, 9, 1, 3, 23][0, 13][0, 13][12, 17][1, 9][9, 14][15, 16][9, 14][15, 16][9, 14] 
[2, 10, 21, 5, 6, 13, 0, 25, 7, 27, 29, 15, 16, 28][22, 12, 19, 8, 26, 0, 13, 18, 17, 11, 3, 4, 24][20, 14, 9, 1, 3, 23][15, 16][0, 13][3, 4][3, 4][3, 4][3, 4][15, 16][3, 4][3, 4] 
[2, 10, 21, 5, 6, 13, 0, 25, 7, 27, 29, 15, 16, 28][22, 12, 19, 8, 26, 0, 13, 18, 17, 11, 3, 4, 24][20, 14, 9, 1, 3, 23][15, 16][0, 13][3, 4][3, 4][3, 4][3, 4][15, 16][3, 4][3, 4] 
[22, 12, 19, 8, 26, 0, 13, 18, 17, 11, 3, 4, 24][2, 10, 21, 5, 6, 13, 0, 25, 7, 27, 29, 15, 16][20, 14, 9, 1, 3, 23][3, 4][25, 28][3, 4][3, 4][3, 4][3, 4][3, 4][0, 13][3, 4] 
[2, 10, 21, 5, 6, 13, 0, 25, 7, 27, 29, 15, 16, 28][22, 12, 19, 8, 26, 0, 13, 18, 17, 11, 3, 4, 24][20, 14, 9, 1, 3, 23][15, 16][0, 13][3, 4][3, 4][3, 4][3, 4][15, 16][3, 4][3, 4] 
[2, 10, 21, 5, 6, 13, 0, 25, 7, 27, 29, 15, 16, 28][22, 12, 19, 8, 26, 0, 13, 18, 17, 11, 3, 4, 24][20, 14, 9, 1, 3, 23][15, 16][0, 13][3, 4][3, 4][3, 4][3, 4][15, 16][3, 4][3, 4] 
[2, 10, 21, 5, 6, 13, 0, 25, 7, 27, 29, 15, 16, 28][22, 12, 19, 8, 26, 0, 13, 18, 17, 11, 3, 4, 24][20, 14, 9, 1, 3, 23][15, 16][0, 13][3, 4][3, 4][3, 4][3, 4][15, 16][3, 4][3, 4] 
[0, 13, 18, 19, 8, 26][4, 23, 3, 1, 9][21, 5, 15, 2, 27][6, 16, 10, 29][12, 17, 11, 25][16, 7, 20][24, 7, 28][22, 25, 28][14, 20][9, 14][18, 22][5, 6] 
[0, 13, 18, 19, 8, 26][4, 23, 3, 1, 9][21, 5, 15, 2, 27][6, 16, 10, 29][12, 17, 11, 25][16, 7, 20][24, 7, 28][22, 25, 28][14, 20][9, 14][18, 22][5, 6] 
[0, 13, 18, 19, 8, 26][4, 23, 3, 1, 9][21, 5, 15, 2, 27][6, 16, 10, 29][12, 17, 11, 25][16, 7, 20][24, 7, 28][22, 25, 28][9, 14][14, 20][18, 22][5, 6] 
[0, 13, 18, 19, 8, 26][21, 5, 15, 2, 27][4, 23, 3, 1, 9][12, 17, 11, 25][6, 16, 10, 29][22, 25, 28][24, 7, 28][16, 7, 20][5, 6][14, 20][18, 22][9, 14] 
[0, 13, 18, 19, 8, 26][21, 5, 15, 2, 27][4, 23, 3, 1, 9][6, 16, 10, 29][12, 17, 11, 25][16, 7, 20][24, 7, 28][22, 25, 28][5, 6][14, 20][18, 22][9, 14] 
[0, 13, 18, 19, 8, 26][21, 5, 15, 2, 27][4, 23, 3, 1, 9][6, 16, 10, 29][12, 17, 11, 25][16, 7, 20][24, 7, 28][22, 25, 28][5, 6][14, 20][18, 22][9, 14] 
[0, 13, 18, 19, 8, 26][4, 23, 3, 1, 9][21, 5, 15, 2, 27][6, 16, 10, 29][12, 17, 11, 25][16, 7, 20][24, 7, 28][22, 25, 28][14, 20][9, 14][5, 6][18, 22] 
[0, 13, 18, 19, 8, 26][4, 23, 3, 1, 9][21, 5, 15, 2, 27][6, 16, 10, 29][12, 17, 11, 25][16, 7, 20][24, 7, 28][22, 25, 28][14, 20][9, 14][5, 6][18, 22] 
[0, 13, 18, 19, 8, 26][4, 23, 3, 1, 9][21, 5, 15, 2, 27][6, 16, 10, 29][12, 17, 11, 25][16, 7, 20][24, 7, 28][22, 25, 28][14, 20][9, 14][5, 6][18, 22] 
[0, 13, 18, 19, 8, 26][4, 23, 3, 1, 9][21, 5, 15, 2, 27][6, 16, 10, 29][12, 17, 11, 25][16, 7, 20][24, 7, 28][22, 25, 28][9, 14][14, 20][18, 22][5, 6] 
[0, 13, 18, 19, 8, 26][21, 5, 15, 2, 27][4, 23, 3, 1, 9][12, 17, 11, 25][6, 16, 10, 29][22, 25, 28][24, 7, 28][16, 7, 20][5, 6][14, 20][9, 14][18, 22] 
[0, 13, 18, 19, 8, 26][4, 23, 3, 1, 9][21, 5, 15, 2, 27][6, 16, 10, 29][12, 17, 11, 25][16, 7, 20][24, 7, 28][22, 25, 28][9, 14][14, 20][18, 22][5, 6] 
[0, 13, 18, 19, 8, 26][4, 23, 3, 1, 9][21, 5, 15, 2, 27][6, 16, 10, 29][12, 17, 11, 25][16, 7, 20][24, 7, 28][22, 25, 28][9, 14][14, 20][18, 22][5, 6] 
[0, 13, 18, 19, 8, 26][21, 5, 15, 2, 27][4, 23, 3, 1, 9][12, 17, 11, 25][6, 16, 10, 29][24, 7, 28][22, 25, 28][16, 7, 20][18, 22][5, 6][14, 20][9, 14] 
[0, 13, 18, 19, 8, 26][21, 5, 15, 2, 27][4, 23, 3, 1, 9][12, 17, 11, 25][6, 16, 10, 29][24, 7, 28][22, 25, 28][16, 7, 20][18, 22][5, 6][14, 20][9, 14] 
[13, 0, 18, 22, 19, 8, 26][21, 5, 15, 2, 27][4, 23, 3, 1, 9][12, 17, 11, 25][6, 16, 10, 29][24, 7, 28][16, 7, 20][25, 28][14, 20][22, 25][10, 27][9, 14] 
[13, 0, 18, 22, 19, 8, 26][4, 23, 3, 1, 9][2, 27, 15, 5, 21][6, 16, 10, 29][12, 17, 11, 25][16, 7, 20][24, 7, 28][9, 14][14, 20][25, 28][22, 25][10, 27] 
[13, 0, 18, 22, 19, 8, 26][21, 5, 15, 2, 27][4, 23, 3, 1, 9][6, 16, 10, 29][12, 17, 11, 25][16, 7, 20][24, 7, 28][10, 27][25, 28][22, 25][14, 20][9, 14] 
[13, 0, 18, 22, 19, 8, 26][4, 23, 3, 1, 9][2, 27, 15, 5, 21][6, 16, 10, 29][12, 17, 11, 25][16, 7, 20][24, 7, 28][9, 14][14, 20][25, 28][22, 25][10, 27] 
[13, 0, 18, 22, 19, 8, 26][21, 5, 15, 2, 27][4, 23, 3, 1, 9][12, 17, 11, 25][6, 16, 10, 29][24, 7, 28][16, 7, 20][25, 28][14, 20][22, 25][10, 27][9, 14] 
[13, 0, 18, 22, 19, 8, 26][4, 23, 3, 1, 9][20, 7, 16, 27][2, 15, 5, 21][6, 16, 10, 29][12, 17, 11, 25][24, 7, 28][14, 20][25, 28][9, 14][22, 25][2, 27] 
[0, 13, 18, 19, 8, 26][4, 23, 3, 1, 9][21, 5, 15, 2, 27][6, 16, 10, 29][12, 17, 11, 25][16, 7, 20][24, 7, 28][22, 25, 28][14, 20][9, 14][18, 22][5, 6] 
[0, 13, 18, 19, 8, 26][4, 23, 3, 1, 9][21, 5, 15, 2, 27][6, 16, 10, 29][12, 17, 11, 25][16, 7, 20][24, 7, 28][22, 25, 28][14, 20][9, 14][18, 22][5, 6] 
[0, 13, 18, 19, 8, 26][21, 5, 15, 2, 27][4, 23, 3, 1, 9][6, 16, 10, 29][12, 17, 11, 25][16, 7, 20][24, 7, 28][22, 25, 28][5, 6][18, 22][14, 20][9, 14] 
[0, 13, 18, 19, 8, 26][21, 5, 15, 2, 27][4, 23, 3, 1, 9][12, 17, 11, 25][6, 16, 10, 29][24, 7, 28][22, 25, 28][16, 7, 20][18, 22][5, 6][14, 20][9, 14] 
[0, 13, 18, 19, 8, 26][4, 23, 3, 1, 9][21, 5, 15, 2, 27][6, 16, 10, 29][12, 17, 11, 25][16, 7, 20][24, 7, 28][22, 25, 28][9, 14][14, 20][18, 22][5, 6] 
[13, 0, 18, 22, 19, 8, 26][21, 5, 15, 2, 27][4, 23, 3, 1, 9][6, 16, 10, 29][12, 17, 11, 25][16, 7, 20][24, 7, 28][25, 28][5, 6][14, 20][9, 14][22, 25] 
[0, 13, 18, 19, 8, 26][21, 5, 15, 2, 27][4, 23, 3, 1, 9][6, 16, 10, 29][12, 17, 11, 25][16, 7, 20][24, 7, 28][22, 25, 28][5, 6][18, 22][14, 20][9, 14] 
[13, 0, 18, 22, 19, 8, 26][21, 5, 15, 2, 27][4, 23, 3, 1, 9][6, 16, 10, 29][12, 17, 11, 25][16, 7, 20][24, 7, 28][10, 27][25, 28][22, 25][14, 20][9, 14] 
[13, 0, 18, 22, 19, 8, 26][21, 5, 15, 2, 27][4, 23, 3, 1, 9][6, 16, 10, 29][12, 17, 11, 25][16, 7, 20][24, 7, 28][10, 27][25, 28][14, 20][9, 14][22, 25] 
[13, 0, 18, 22, 19, 8, 26][21, 5, 15, 2, 27][4, 23, 3, 1, 9][6, 16, 10, 29][12, 17, 11, 25][16, 7, 20][24, 7, 28][10, 27][25, 28][14, 20][9, 14][22, 25] 
[13, 0, 18, 22, 19, 8, 26][21, 5, 15, 2, 27][4, 23, 3, 1, 9][6, 16, 10, 29][12, 17, 11, 25][16, 7, 20][24, 7, 28][10, 27][25, 28][22, 25][14, 20][9, 14] 
[13, 0, 18, 22, 19, 8, 26][21, 5, 15, 2, 27][4, 23, 3, 1, 9][6, 16, 10, 29][12, 17, 11, 25][16, 7, 20][24, 7, 28][10, 27][25, 28][14, 20][9, 14][22, 25] 
[13, 0, 18, 22, 19, 8, 26][21, 5, 15, 2, 27][4, 23, 3, 1, 9][6, 16, 10, 29][12, 17, 11, 25][16, 7, 20][24, 7, 28][10, 27][25, 28][22, 25][14, 20][9, 14] 
[13, 0, 18, 22, 19, 8, 26][21, 5, 15, 2, 27][4, 23, 3, 1, 9][6, 16, 10, 29][12, 17, 11, 25][16, 7, 20][24, 7, 28][10, 27][25, 28][14, 20][9, 14][22, 25] 
[13, 0, 18, 22, 19, 8, 26][21, 5, 15, 2, 27][4, 23, 3, 1, 9][6, 16, 10, 29][12, 17, 11, 25][16, 7, 20][24, 7, 28][10, 27][25, 28][14, 20][9, 14][22, 25] 
[13, 0, 18, 22, 19, 8, 26][21, 5, 15, 2, 27][4, 23, 3, 1, 9][6, 16, 10, 29][12, 17, 11, 25][16, 7, 20][24, 7, 28][14, 20][22, 25][10, 27][9, 14][25, 28] 
[13, 0, 18, 22, 19, 8, 26][4, 23, 3, 1, 9][21, 5, 15, 2, 27][6, 16, 10, 29][12, 17, 11, 25][16, 7, 20][24, 7, 28][9, 14][14, 20][10, 27][25, 28][22, 25] 
[13, 0, 18, 22, 19, 8, 26][21, 5, 15, 2, 27][4, 23, 3, 1, 9][6, 16, 10, 29][12, 17, 11, 25][16, 7, 20][24, 7, 28][10, 27][25, 28][14, 20][9, 14][22, 25] 
[13, 0, 18, 22, 19, 8, 26][21, 5, 15, 2, 27][4, 23, 3, 1, 9][6, 16, 10, 29][12, 17, 11, 25][16, 7, 20][24, 7, 28][10, 27][25, 28][14, 20][9, 14][22, 25] 
[13, 0, 18, 22, 19, 8, 26][21, 5, 15, 2, 27][4, 23, 3, 1, 9][12, 17, 11, 25][6, 16, 10, 29][24, 7, 28][16, 7, 20][22, 25][25, 28][10, 27][14, 20][9, 14] 
[13, 0, 18, 22, 19, 8, 26][21, 5, 15, 2, 27][4, 23, 3, 1, 9][6, 16, 10, 29][12, 17, 11, 25][16, 7, 20][24, 7, 28][10, 27][25, 28][14, 20][9, 14][22, 25] 
[13, 0, 18, 22, 19, 8, 26][21, 5, 15, 2, 27][4, 23, 3, 1, 9][12, 17, 11, 25][6, 16, 10, 29][24, 7, 28][16, 7, 20][22, 25][25, 28][10, 27][14, 20][9, 14] 
[4, 20, 14, 9, 1, 3, 23][13, 0, 18, 22, 19, 8, 26][21, 5, 15, 2, 27][6, 16, 10, 29][12, 17, 11, 25][24, 7, 28][7, 16][25, 28][10, 27][7, 20][14, 20][22, 25] 
[13, 0, 18, 22, 19, 8, 26][4, 20, 14, 9, 1, 3, 23][21, 5, 15, 2, 27][6, 16, 10, 29][12, 17, 11, 25][24, 7, 28][7, 16][22, 25][10, 27][7, 20][14, 20][25, 28] 
[13, 0, 18, 22, 19, 8, 26][4, 20, 14, 9, 1, 3, 23][21, 5, 15, 2, 27][12, 17, 11, 25][6, 16, 10, 29][24, 7, 28][25, 28][22, 25][7, 16][10, 27][7, 20][14, 20] 
[13, 0, 18, 22, 19, 8, 26][4, 20, 14, 9, 1, 3, 23][21, 5, 15, 2, 27][12, 17, 11, 25][6, 16, 10, 29][24, 7, 28][25, 28][22, 25][7, 16][10, 27][7, 20][14, 20] 
[4, 20, 14, 9, 1, 3, 23][13, 0, 18, 22, 19, 8, 26][21, 5, 15, 2, 27][6, 16, 10, 29][12, 17, 11, 25][24, 7, 28][7, 16][25, 28][10, 27][7, 20][14, 20][22, 25] 
[4, 20, 14, 9, 1, 3, 23][13, 0, 18, 22, 19, 8, 26][21, 5, 15, 2, 27][6, 16, 10, 29][12, 17, 11, 25][24, 7, 28][22, 25, 28][14, 20][7, 16][10, 27][7, 20][9, 14] 
[0, 13, 18, 19, 8, 26][4, 23, 3, 1, 9][21, 5, 15, 2, 27][6, 16, 10, 29][12, 17, 11, 25][16, 7, 20][24, 7, 28][22, 25, 28][9, 14][14, 20][18, 22][5, 6] 
[0, 13, 18, 19, 8, 26][4, 23, 3, 1, 9][21, 5, 15, 2, 27][6, 16, 10, 29][12, 17, 11, 25][16, 7, 20][24, 7, 28][22, 25, 28][9, 14][14, 20][18, 22][5, 6] 
[0, 13, 18, 19, 8, 26][21, 5, 15, 2, 27][4, 23, 3, 1, 9][12, 17, 11, 25][6, 16, 10, 29][22, 25, 28][24, 7, 28][16, 7, 20][5, 6][18, 22][14, 20][9, 14] 
[0, 13, 18, 19, 8, 26][4, 23, 3, 1, 9][21, 5, 15, 2, 27][6, 16, 10, 29][12, 17, 11, 25][16, 7, 20][24, 7, 28][22, 25, 28][9, 14][14, 20][18, 22][5, 6] 
[0, 13, 18, 19, 8, 26][4, 23, 3, 1, 9][21, 5, 15, 2, 27][6, 16, 10, 29][12, 17, 11, 25][16, 7, 20][24, 7, 28][22, 25, 28][9, 14][14, 20][18, 22][5, 6] 
[13, 0, 18, 22, 19, 8, 26][21, 5, 15, 2, 27][4, 23, 3, 1, 9][6, 16, 10, 29][12, 17, 11, 25][16, 7, 20][24, 7, 28][10, 27][25, 28][22, 25][14, 20][9, 14] 
[0, 13, 18, 19, 8, 26][4, 23, 3, 1, 9][21, 5, 15, 2, 27][6, 16, 10, 29][12, 17, 11, 25][16, 7, 20][24, 7, 28][22, 25, 28][9, 14][14, 20][18, 22][5, 6] 
