[1, 23, 24, 4, 20, 7][22, 0, 17, 12, 8, 26][3, 9, 14, 11, 25][10, 16, 27, 29, 15][2, 21, 5, 6, 13][1, 9][25, 28][17, 28][16, 28][19, 22][18, 19][13, 18] 
[22, 0, 17, 12, 8, 26][1, 23, 24, 4, 20, 7][2, 21, 5, 6, 13][3, 9, 14, 11, 25][10, 15, 29, 27, 16][13, 18][18, 19][19, 22][17, 28][25, 28][16, 28][1, 9] 
[22, 0, 17, 12, 8, 26][1, 23, 24, 4, 20, 7][10, 15, 29, 27, 16][3, 9, 14, 11, 25][2, 6, 13, 18][5, 21, 6][18, 19][19, 22][17, 28][16, 28][25, 28][1, 9] 
[22, 0, 17, 12, 8, 26][1, 23, 24, 4, 20, 7][3, 9, 14, 11, 25][10, 15, 29, 27, 16][2, 6, 13, 18][5, 21, 6][18, 19][19, 22][17, 28][25, 28][1, 9][16, 28] 
[22, 0, 17, 12, 8, 26][1, 23, 24, 4, 20, 7][3, 9, 14, 11, 25][10, 15, 29, 27, 16][2, 21, 5, 6, 13][17, 28][25, 28][1, 9][19, 22][18, 19][13, 18][16, 28] 
[22, 0, 17, 12, 8, 26][1, 23, 24, 4, 20, 7][2, 21, 5, 6, 13][10, 15, 29, 27, 16][3, 9, 14, 11, 25][13, 18][18, 19][19, 22][17, 28][16, 28][25, 28][1, 9] 
[1, 23, 24, 4, 20, 7][22, 0, 17, 12, 8, 26][3, 9, 14, 11, 25][10, 15, 29, 27, 16][2, 21, 5, 6, 13][1, 9][25, 28][16, 28][17, 28][19, 22][18, 19][13, 18] 
[1, 23, 24, 4, 20, 7][10, 15, 29, 27, 16][2, 21, 5, 6, 13][3, 9, 14, 11, 25][12, 0, 22, 19][17, 12, 8, 26][17, 28][16, 28][18, 19][13, 18][25, 28][1, 9] 
[1, 23, 24, 4, 20, 7][10, 15, 29, 27, 16][2, 21, 5, 6, 13][3, 9, 14, 11, 25][12, 0, 22, 19][17, 12, 8, 26][17, 28][16, 28][18, 19][13, 18][25, 28][1, 9] 
[1, 23, 24, 4, 20, 7][10, 15, 29, 27, 16][3, 9, 14, 11, 25][2, 21, 5, 6, 13][17, 12, 8, 26][12, 0, 22, 19][16, 28][17, 28][25, 28][18, 19][13, 18][1, 9] 
[22, 0, 17, 12, 8, 26][1, 23, 24, 4, 20, 7][2, 21, 5, 6, 13][3, 9, 14, 11, 25][10, 16, 27, 29, 15][13, 18][18, 19][19, 22][17, 28][25, 28][16, 28][1, 9] 
[22, 0, 17, 12, 8, 26][1, 23, 24, 4, 20, 7][3, 9, 14, 11, 25][10, 15, 29, 27, 16][2, 21, 5, 6, 13][17, 28][25, 28][16, 28][1, 9][19, 22][18, 19][13, 18] 
[22, 0, 17, 12, 8, 26][1, 23, 24, 4, 20, 7][3, 9, 14, 11, 25][10, 15, 29, 27, 16][2, 6, 13, 18][5, 21, 6][18, 19][19, 22][17, 28][25, 28][1, 9][16, 28] 
[22, 0, 17, 12, 8, 26][1, 23, 24, 4, 20, 7][2, 21, 5, 6, 13][3, 9, 14, 11, 25][10, 15, 29, 27, 16][13, 18][18, 19][19, 22][17, 28][25, 28][16, 28][1, 9] 
[22, 0, 17, 12, 8, 26][1, 23, 24, 4, 20, 7][3, 9, 14, 11, 25][2, 21, 5, 6, 13][10, 15, 29, 27, 16][17, 28][25, 28][19, 22][18, 19][1, 9][13, 18][16, 28] 
[1, 23, 24, 4, 20, 7][10, 15, 29, 27, 16][3, 9, 14, 11, 25][2, 21, 5, 6, 13][17, 12, 8, 26][12, 0, 22, 19][16, 28][17, 28][25, 28][18, 19][13, 18][1, 9] 
[22, 0, 17, 12, 8, 26][1, 23, 24, 4, 20, 7][10, 16, 27, 29, 15][3, 9, 14, 11, 25][2, 21, 5, 6, 13][16, 28][25, 28][17, 28][1, 9][19, 22][18, 19][13, 18] 
[1, 23, 24, 4, 20, 7][22, 0, 17, 12, 8, 26][3, 9, 14, 11, 25][10, 15, 29, 27, 16][2, 21, 5, 6, 13][1, 9][25, 28][16, 28][17, 28][19, 22][18, 19][13, 18] 
[22, 0, 17, 12, 8, 26][1, 23, 24, 4, 20, 7][2, 21, 5, 6, 13][3, 9, 14, 11, 25][10, 15, 29, 27, 16][13, 18][18, 19][19, 22][17, 28][25, 28][16, 28][1, 9] 
[22, 0, 17, 12, 8, 26][1, 23, 24, 4, 20, 7][10, 16, 27, 29, 15][2, 21, 5, 6, 13][3, 9, 14, 11, 25][17, 28][16, 28][19, 22][18, 19][13, 18][25, 28][1, 9] 
[1, 23, 24, 4, 20, 7][22, 0, 17, 12, 8, 26][3, 9, 14, 11, 25][10, 16, 27, 29, 15][2, 21, 5, 6, 13][1, 9][25, 28][16, 28][17, 28][19, 22][18, 19][13, 18] 
[22, 0, 17, 12, 8, 26][1, 23, 24, 4, 20, 7][2, 21, 5, 6, 13][3, 9, 14, 11, 25][10, 15, 29, 27, 16][13, 18][18, 19][19, 22][17, 28][25, 28][1, 9][16, 28] 
[22, 0, 17, 12, 8, 26][1, 23, 24, 4, 20, 7][10, 15, 29, 27, 16][3, 9, 14, 11, 25][2, 6, 13, 18][5, 21, 6][18, 19][19, 22][17, 28][16, 28][25, 28][1, 9] 
[22, 0, 17, 12, 8, 26][1, 23, 24, 4, 20, 7][10, 15, 29, 27, 16][3, 9, 14, 11, 25][2, 21, 5, 6, 13][17, 28][19, 22][16, 28][18, 19][13, 18][25, 28][1, 9] 
[22, 0, 17, 12, 8, 26][1, 23, 24, 4, 20, 7][2, 21, 5, 6, 13][10, 15, 29, 27, 16][3, 9, 14, 11, 25][18, 19][19, 22][17, 28][13, 18][16, 28][25, 28][1, 9] 
[1, 23, 24, 4, 20, 7][3, 9, 14, 11, 25][10, 15, 29, 27, 16][2, 21, 5, 6, 13][12, 0, 22, 19][17, 12, 8, 26][17, 28][18, 19][25, 28][1, 9][16, 28][13, 18] 
[22, 0, 17, 12, 8, 26][1, 23, 24, 4, 20, 7][10, 16, 27, 29, 15][3, 9, 14, 11, 25][2, 21, 5, 6, 13][17, 28][16, 28][25, 28][19, 22][18, 19][1, 9][13, 18] 
[22, 0, 17, 12, 8, 26][1, 23, 24, 4, 20, 7][2, 21, 5, 6, 13][3, 9, 14, 11, 25][10, 15, 29, 27, 16][13, 18][18, 19][19, 22][17, 28][25, 28][1, 9][16, 28] 
[22, 0, 17, 12, 8, 26][1, 23, 24, 4, 20, 7][10, 15, 29, 27, 16][2, 21, 5, 6, 13][3, 9, 14, 11, 25][19, 22][18, 19][17, 28][16, 28][13, 18][25, 28][1, 9] 
[22, 0, 17, 12, 8, 26][1, 23, 24, 4, 20, 7][10, 16, 27, 29, 15][3, 9, 14, 11, 25][2, 21, 5, 6, 13][17, 28][16, 28][25, 28][19, 22][18, 19][1, 9][13, 18] 
[22, 0, 17, 12, 8, 26][1, 23, 24, 4, 20, 7][10, 16, 27, 29, 15][3, 9, 14, 11, 25][2, 21, 5, 6, 13][16, 28][17, 28][25, 28][19, 22][1, 9][18, 19][13, 18] 
[1, 23, 24, 4, 20, 7][22, 0, 17, 12, 8, 26][3, 9, 14, 11, 25][10, 15, 29, 27, 16][2, 21, 5, 6, 13][25, 28][1, 9][17, 28][19, 22][16, 28][18, 19][13, 18] 
[22, 0, 17, 12, 8, 26][1, 23, 24, 4, 20, 7][10, 15, 29, 27, 16][2, 21, 5, 6, 13][3, 9, 14, 11, 25][19, 22][18, 19][17, 28][16, 28][13, 18][25, 28][1, 9] 
[22, 0, 17, 12, 8, 26][1, 23, 24, 4, 20, 7][3, 9, 14, 11, 25][10, 16, 27, 29, 15][2, 21, 5, 6, 13][19, 22][17, 28][25, 28][1, 9][18, 19][16, 28][13, 18] 
[1, 23, 24, 4, 20, 7][22, 0, 17, 12, 8, 26][3, 9, 14, 11, 25][10, 16, 27, 29, 15][2, 21, 5, 6, 13][1, 9][25, 28][16, 28][17, 28][19, 22][18, 19][13, 18] 
[2, 21, 5, 6, 13, 0, 18, 19, 22, 25, 28][3, 9, 14, 11, 25, 7, 24, 20, 4, 1, 23][16, 27, 29, 15, 10, 21][0, 17, 12, 8, 26][5, 21][5, 21][5, 21][5, 21][5, 21][5, 21][5, 21][5, 21] 
[2, 21, 5, 6, 13, 0, 18, 19, 22, 25, 28][3, 9, 14, 11, 25, 7, 24, 20, 4, 1, 23][16, 27, 29, 15, 10, 21][0, 17, 12, 8, 26][5, 21][5, 21][5, 21][5, 21][5, 21][5, 21][5, 21][5, 21] 
[2, 21, 5, 6, 13, 0, 18, 19, 22, 25, 28][3, 9, 14, 11, 25, 7, 24, 20, 4, 1, 23][16, 27, 29, 15, 10, 21][0, 17, 12, 8, 26][5, 21][5, 21][5, 21][5, 21][5, 21][5, 21][5, 21][5, 21] 
[2, 21, 5, 6, 13, 0, 18, 19, 22, 25, 28][11, 25, 7, 24, 20, 4, 1, 23][16, 27, 29, 15, 10, 21][0, 17, 12, 8, 26][3, 9, 14, 11][5, 21][5, 21][12, 17][5, 21][18, 19][5, 21][5, 21] 
[2, 21, 5, 6, 13, 0, 18, 19, 22, 25, 28][11, 25, 7, 24, 20, 4, 1, 23][16, 27, 29, 15, 10, 21][0, 17, 12, 8, 26][3, 9, 14, 11][5, 21][5, 21][12, 17][5, 21][18, 19][5, 21][5, 21] 
[2, 21, 5, 6, 13, 0, 18, 19, 22, 25, 28][16, 27, 29, 15, 10, 21][7, 24, 20, 4, 1, 23][3, 9, 14, 11, 25][0, 17, 12, 8, 26][19, 22][1, 9][18, 19][6, 13][5, 21][19, 22][5, 21] 
[3, 9, 14, 11, 25, 7, 24, 20, 4, 1, 23][2, 21, 5, 6, 13, 0, 18, 19, 22, 25, 28][16, 27, 29, 15, 10, 21][0, 17, 12, 8, 26][7, 25][5, 21][5, 21][5, 21][5, 21][19, 22][5, 21][5, 21] 
[2, 21, 5, 6, 13, 0, 18, 19, 22, 25, 28][3, 9, 14, 11, 25, 7, 24, 20, 4, 1, 23][16, 27, 29, 15, 10, 21][0, 17, 12, 8, 26][5, 21][5, 21][5, 21][5, 21][5, 21][5, 21][5, 21][5, 21] 
[2, 21, 5, 6, 13, 0, 18, 19, 22, 25, 28][11, 25, 7, 24, 20, 4, 1, 23][16, 27, 29, 15, 10, 21][22, 0, 17, 12, 8, 26][3, 9, 14, 11][5, 21][5, 21][12, 17][5, 21][18, 19][5, 21][5, 21] 
[2, 21, 5, 6, 13, 0, 18, 19, 22, 25, 28][3, 9, 14, 11, 25, 7, 24, 20, 4, 1, 23][16, 27, 29, 15, 10, 21][0, 17, 12, 8, 26][5, 21][5, 21][5, 21][5, 21][5, 21][5, 21][5, 21][5, 21] 
[2, 21, 5, 6, 13, 0, 18, 19, 22, 25, 28][3, 9, 14, 11, 25, 7, 24, 20, 4, 1, 23][16, 27, 29, 15, 10, 21][0, 17, 12, 8, 26][5, 21][5, 21][5, 21][5, 21][5, 21][5, 21][5, 21][5, 21] 
[2, 21, 5, 6, 13, 0, 18, 19, 22, 25, 28][3, 9, 14, 11, 25, 7, 24, 20, 4, 1, 23][16, 27, 29, 15, 10, 21][0, 17, 12, 8, 26][5, 21][5, 21][5, 21][5, 21][5, 21][5, 21][5, 21][5, 21] 
[2, 21, 5, 6, 13, 0, 18, 19, 22, 25, 28][11, 25, 7, 24, 20, 4, 1, 23][16, 27, 29, 15, 10, 21][22, 0, 17, 12, 8, 26][3, 9, 14, 11][5, 21][5, 21][12, 17][5, 21][18, 19][5, 21][5, 21] 
[2, 21, 5, 6, 13, 0, 18, 19, 22, 25, 28][3, 9, 14, 11, 25, 7, 24, 20, 4, 1, 23][16, 27, 29, 15, 10, 21][0, 17, 12, 8, 26][2, 21, 5, 6][3, 9][19, 22][5, 21][5, 21][3, 9][18, 19][5, 21] 
[2, 21, 5, 6, 13, 0, 18, 19, 22, 25, 28][3, 9, 14, 11, 25, 7, 24, 20, 4, 1, 23][16, 27, 29, 15, 10, 21][0, 17, 12, 8, 26][2, 21, 5, 6][3, 9][19, 22][5, 21][5, 21][3, 9][18, 19][5, 21] 
[2, 21, 5, 6, 13, 0, 18, 19, 22, 25, 28][3, 9, 14, 11, 25, 7, 24, 20, 4, 1, 23][16, 27, 29, 15, 10, 21][0, 17, 12, 8, 26][5, 21][5, 21][5, 21][5, 21][5, 21][5, 21][5, 21][5, 21] 
[2, 21, 5, 6, 13, 0, 18, 19, 22, 25, 28][3, 9, 14, 11, 25, 7, 24, 20, 4, 1, 23][16, 27, 29, 15, 10, 21][0, 17, 12, 8, 26][5, 21][5, 21][5, 21][5, 21][5, 21][5, 21][5, 21][5, 21] 
[2, 21, 5, 6, 13, 0, 18, 19, 22, 25, 28][11, 25, 7, 24, 20, 4, 1, 23][16, 27, 29, 15, 10, 21][0, 17, 12, 8, 26][3, 9, 14, 11][5, 21][5, 21][12, 17][5, 21][18, 19][5, 21][5, 21] 
[2, 21, 5, 6, 13, 0, 18, 19, 22, 25, 28][3, 9, 14, 11, 25, 7, 24, 20, 4, 1, 23][16, 27, 29, 15, 10, 21][0, 17, 12, 8, 26][5, 21][5, 21][5, 21][5, 21][5, 21][5, 21][5, 21][5, 21] 
[2, 21, 5, 6, 13, 0, 18, 19, 22, 25, 28][3, 9, 14, 11, 25, 7, 24, 20, 4, 1, 23][16, 27, 29, 15, 10, 21][0, 17, 12, 8, 26][5, 21][5, 21][5, 21][5, 21][5, 21][5, 21][5, 21][5, 21] 
[2, 21, 5, 6, 13, 0, 18, 19, 22, 25, 28][3, 9, 14, 11, 25, 7, 24, 20, 4, 1, 23][16, 27, 29, 15, 10, 21][0, 17, 12, 8, 26][5, 21][5, 21][5, 21][5, 21][5, 21][5, 21][5, 21][5, 21] 
[1, 23, 24, 4, 20, 7][3, 9, 14, 11, 25][10, 15, 29, 27, 16][2, 21, 5, 6, 13][12, 0, 22, 19][17, 12, 8, 26][17, 28][18, 19][25, 28][1, 9][16, 28][13, 18] 
[1, 23, 24, 4, 20, 7][3, 9, 14, 11, 25][10, 15, 29, 27, 16][2, 21, 5, 6, 13][12, 0, 22, 19][17, 12, 8, 26][17, 28][18, 19][25, 28][1, 9][16, 28][13, 18] 
[1, 23, 24, 4, 20, 7][3, 9, 14, 11, 25][10, 15, 29, 27, 16][2, 21, 5, 6, 13][12, 0, 22, 19][17, 12, 8, 26][17, 28][18, 19][25, 28][1, 9][16, 28][13, 18] 
[1, 23, 24, 4, 20, 7][3, 9, 14, 11, 25][2, 21, 5, 6, 13][10, 15, 29, 27, 16][17, 12, 8, 26][12, 0, 22, 19][1, 9][25, 28][17, 28][18, 19][13, 18][16, 28] 
[1, 23, 24, 4, 20, 7][3, 9, 14, 11, 25][10, 15, 29, 27, 16][2, 21, 5, 6, 13][17, 12, 8, 26][12, 0, 22, 19][1, 9][25, 28][16, 28][17, 28][18, 19][13, 18] 
[1, 23, 24, 4, 20, 7][10, 15, 29, 27, 16][3, 9, 14, 11, 25][2, 21, 5, 6, 13][17, 12, 8, 26][12, 0, 22, 19][16, 28][17, 28][25, 28][18, 19][13, 18][1, 9] 
[1, 23, 24, 4, 20, 7][3, 9, 14, 11, 25][2, 21, 5, 6, 13][10, 15, 29, 27, 16][17, 12, 8, 26][12, 0, 22, 19][1, 9][25, 28][17, 28][18, 19][13, 18][16, 28] 
[1, 23, 24, 4, 20, 7][3, 9, 14, 11, 25][10, 15, 29, 27, 16][2, 21, 5, 6, 13][17, 12, 8, 26][12, 0, 22, 19][1, 9][25, 28][16, 28][17, 28][18, 19][13, 18] 
[1, 23, 24, 4, 20, 7][10, 15, 29, 27, 16][3, 9, 14, 11, 25][2, 21, 5, 6, 13][17, 12, 8, 26][12, 0, 22, 19][16, 28][17, 28][25, 28][18, 19][13, 18][1, 9] 
[1, 23, 24, 4, 20, 7][2, 21, 5, 6, 13][10, 15, 29, 27, 16][3, 9, 14, 11, 25][12, 0, 22, 19][17, 12, 8, 26][13, 18][18, 19][17, 28][16, 28][25, 28][1, 9] 
[1, 23, 24, 4, 20, 7][3, 9, 14, 11, 25][10, 15, 29, 27, 16][2, 21, 5, 6, 13][12, 0, 22, 19][17, 12, 8, 26][17, 28][25, 28][16, 28][18, 19][13, 18][1, 9] 
[1, 23, 24, 4, 20, 7][3, 9, 14, 11, 25][10, 15, 29, 27, 16][2, 21, 5, 6, 13][12, 0, 22, 19][17, 12, 8, 26][17, 28][18, 19][25, 28][1, 9][16, 28][13, 18] 
[1, 23, 24, 4, 20, 7][3, 9, 14, 11, 25][10, 15, 29, 27, 16][2, 21, 5, 6, 13][12, 0, 22, 19][17, 12, 8, 26][17, 28][25, 28][16, 28][18, 19][13, 18][1, 9] 
[1, 23, 24, 4, 20, 7][10, 15, 29, 27, 16][3, 9, 14, 11, 25][2, 21, 5, 6, 13][12, 0, 22, 19][17, 12, 8, 26][18, 19][17, 28][16, 28][25, 28][13, 18][1, 9] 
[1, 23, 24, 4, 20, 7][3, 9, 14, 11, 25][10, 15, 29, 27, 16][2, 21, 5, 6, 13][12, 0, 22, 19][17, 12, 8, 26][17, 28][25, 28][16, 28][18, 19][13, 18][1, 9] 
[22, 0, 17, 12, 8, 26][1, 23, 24, 4, 20, 7][2, 21, 5, 6, 13][3, 9, 14, 11, 25][10, 16, 27, 29, 15][19, 22][17, 28][18, 19][13, 18][25, 28][1, 9][16, 28] 
[22, 0, 17, 12, 8, 26][1, 23, 24, 4, 20, 7][10, 16, 27, 29, 15][3, 9, 14, 11, 25][2, 21, 5, 6, 13][17, 28][16, 28][25, 28][1, 9][19, 22][18, 19][13, 18] 
[1, 23, 24, 4, 20, 7][3, 9, 14, 11, 25][0, 17, 12, 8, 26][10, 16, 27, 29, 15][2, 21, 5, 6, 13][12, 0, 22, 19][1, 9][25, 28][17, 28][16, 28][18, 19][13, 18] 
[1, 23, 24, 4, 20, 7][22, 0, 17, 12, 8, 26][3, 9, 14, 11, 25][10, 16, 27, 29, 15][2, 21, 5, 6, 13][1, 9][25, 28][17, 28][16, 28][18, 19][19, 22][13, 18] 
[22, 0, 17, 12, 8, 26][1, 23, 24, 4, 20, 7][3, 9, 14, 11, 25][10, 16, 27, 29, 15][2, 21, 5, 6, 13][19, 22][17, 28][25, 28][1, 9][18, 19][16, 28][13, 18] 
[22, 0, 17, 12, 8, 26][1, 23, 24, 4, 20, 7][5, 21, 10, 15, 29, 27][3, 9, 14, 11, 25][2, 6, 13, 18][19, 22][18, 19][17, 28][25, 28][16, 28][16, 27][1, 9] 
[1, 23, 24, 4, 20, 7][3, 9, 14, 11, 25][10, 15, 29, 27, 16][2, 21, 5, 6, 13][12, 0, 22, 19][17, 12, 8, 26][18, 19][17, 28][25, 28][16, 28][13, 18][1, 9] 
[1, 23, 24, 4, 20, 7][3, 9, 14, 11, 25][10, 15, 29, 27, 16][2, 21, 5, 6, 13][12, 0, 22, 19][17, 12, 8, 26][18, 19][17, 28][25, 28][16, 28][13, 18][1, 9] 
[1, 23, 24, 4, 20, 7][3, 9, 14, 11, 25][10, 15, 29, 27, 16][2, 21, 5, 6, 13][17, 12, 8, 26][12, 0, 22, 19][25, 28][16, 28][17, 28][18, 19][1, 9][13, 18] 
[1, 23, 24, 4, 20, 7][10, 15, 29, 27, 16][3, 9, 14, 11, 25][2, 21, 5, 6, 13][12, 0, 22, 19][17, 12, 8, 26][18, 19][17, 28][16, 28][25, 28][13, 18][1, 9] 
[1, 23, 24, 4, 20, 7][10, 15, 29, 27, 16][3, 9, 14, 11, 25][2, 21, 5, 6, 13][17, 12, 8, 26][12, 0, 22, 19][16, 28][25, 28][1, 9][17, 28][18, 19][13, 18] 
[1, 23, 24, 4, 20, 7][3, 9, 14, 11, 25][10, 16, 27, 29, 15][2, 21, 5, 6, 13][17, 12, 8, 26][12, 0, 22, 19][1, 9][25, 28][17, 28][16, 28][18, 19][13, 18] 
[1, 23, 24, 4, 20, 7][2, 21, 5, 6, 13][10, 15, 29, 27, 16][3, 9, 14, 11, 25][12, 0, 22, 19][17, 12, 8, 26][13, 18][18, 19][17, 28][16, 28][25, 28][1, 9] 
[22, 0, 17, 12, 8, 26][1, 23, 24, 4, 20, 7][2, 21, 5, 6, 13][3, 9, 14, 11, 25][10, 16, 27, 29, 15][19, 22][17, 28][18, 19][13, 18][25, 28][1, 9][16, 28] 
[22, 0, 17, 12, 8, 26][1, 23, 24, 4, 20, 7][10, 16, 27, 29, 15][3, 9, 14, 11, 25][2, 21, 5, 6, 13][16, 28][25, 28][17, 28][1, 9][19, 22][18, 19][13, 18] 
[1, 23, 24, 4, 20, 7][0, 17, 12, 8, 26][3, 9, 14, 11, 25][10, 16, 27, 29, 15][2, 21, 5, 6, 13][12, 0, 22, 19][17, 28][25, 28][16, 28][1, 9][18, 19][13, 18] 
[22, 0, 17, 12, 8, 26][1, 23, 24, 4, 20, 7][2, 21, 5, 6, 13][3, 9, 14, 11, 25][10, 16, 27, 29, 15][13, 18][18, 19][19, 22][17, 28][25, 28][16, 28][1, 9] 
[22, 0, 17, 12, 8, 26][1, 23, 24, 4, 20, 7][3, 9, 14, 11, 25][2, 21, 5, 6, 13][10, 16, 27, 29, 15][17, 28][25, 28][19, 22][18, 19][13, 18][16, 28][1, 9] 
[22, 0, 17, 12, 8, 26][1, 23, 24, 4, 20, 7][2, 21, 5, 6, 13][10, 16, 27, 29, 15][3, 9, 14, 11, 25][13, 18][18, 19][19, 22][17, 28][16, 28][25, 28][1, 9] 
[1, 23, 24, 4, 20, 7][0, 17, 12, 8, 26][3, 9, 14, 11, 25][10, 16, 27, 29, 15][2, 21, 5, 6, 13][12, 0, 22, 19][17, 28][25, 28][16, 28][1, 9][18, 19][13, 18] 
[22, 0, 17, 12, 8, 26][1, 23, 24, 4, 20, 7][2, 21, 5, 6, 13][3, 9, 14, 11, 25][10, 16, 27, 29, 15][18, 19][19, 22][13, 18][17, 28][25, 28][1, 9][16, 28] 
[22, 0, 17, 12, 8, 26][1, 23, 24, 4, 20, 7][2, 21, 5, 6, 13][10, 16, 27, 29, 15][3, 9, 14, 11, 25][13, 18][18, 19][19, 22][17, 28][16, 28][25, 28][1, 9] 
[22, 0, 17, 12, 8, 26][1, 23, 24, 4, 20, 7][2, 21, 5, 6, 13][3, 9, 14, 11, 25][10, 16, 27, 29, 15][18, 19][19, 22][13, 18][17, 28][25, 28][1, 9][16, 28] 
[22, 0, 17, 12, 8, 26][1, 23, 24, 4, 20, 7][10, 16, 27, 29, 15][3, 9, 14, 11, 25][2, 21, 5, 6, 13][16, 28][17, 28][25, 28][19, 22][1, 9][18, 19][13, 18] 
[22, 0, 17, 12, 8, 26][1, 23, 24, 4, 20, 7][10, 16, 27, 29, 15][3, 9, 14, 11, 25][2, 21, 5, 6, 13][17, 28][19, 22][16, 28][25, 28][1, 9][18, 19][13, 18] 
[22, 0, 17, 12, 8, 26][1, 23, 24, 4, 20, 7][2, 21, 5, 6, 13][10, 16, 27, 29, 15][3, 9, 14, 11, 25][13, 18][18, 19][19, 22][17, 28][16, 28][25, 28][1, 9] 
[22, 0, 17, 12, 8, 26][1, 23, 24, 4, 20, 7][2, 21, 5, 6, 13][3, 9, 14, 11, 25][10, 16, 27, 29, 15][19, 22][17, 28][18, 19][13, 18][25, 28][1, 9][16, 28] 
[22, 0, 17, 12, 8, 26][1, 23, 24, 4, 20, 7][10, 16, 27, 29, 15][3, 9, 14, 11, 25][2, 21, 5, 6, 13][17, 28][19, 22][16, 28][25, 28][1, 9][18, 19][13, 18] 
[19, 22, 0, 17, 12, 8, 26][1, 23, 24, 4, 20, 7][10, 16, 27, 29, 15][3, 9, 14, 11, 25][2, 21, 5, 6, 13][16, 28][17, 28][12, 17][25, 28][1, 9][18, 19][13, 18] 
[19, 22, 0, 17, 12, 8, 26][1, 23, 24, 4, 20, 7][10, 16, 27, 29, 15][3, 9, 14, 11, 25][2, 21, 5, 6, 13][16, 28][17, 28][12, 17][25, 28][1, 9][18, 19][13, 18] 
[19, 22, 0, 17, 12, 8, 26][1, 23, 24, 4, 20, 7][10, 16, 27, 29, 15][3, 9, 14, 11, 25][2, 21, 5, 6, 13][16, 28][17, 28][12, 17][25, 28][1, 9][18, 19][13, 18] 
[19, 22, 0, 17, 12, 8, 26][1, 23, 24, 4, 20, 7][10, 16, 27, 29, 15][3, 9, 14, 11, 25][2, 21, 5, 6, 13][16, 28][17, 28][12, 17][25, 28][1, 9][18, 19][13, 18] 
[19, 22, 0, 17, 12, 8, 26][1, 23, 24, 4, 20, 7][10, 16, 27, 29, 15][3, 9, 14, 11, 25][2, 21, 5, 6, 13][16, 28][17, 28][12, 17][25, 28][1, 9][18, 19][13, 18] 
[19, 22, 0, 17, 12, 8, 26][1, 23, 24, 4, 20, 7][2, 21, 5, 6, 13, 18][3, 9, 14, 11, 25][10, 16, 27, 29, 15][1, 9][25, 28][17, 28][16, 28][0, 13][6, 13][12, 17] 
[1, 23, 24, 4, 20, 7][10, 15, 29, 27, 16][3, 9, 14, 11, 25][0, 17, 12, 8, 26][2, 21, 5, 6, 13][12, 0, 22, 19][16, 28][25, 28][1, 9][17, 28][18, 19][13, 18] 
[1, 23, 24, 4, 20, 7][10, 15, 29, 27, 16][3, 9, 14, 11, 25][0, 17, 12, 8, 26][2, 21, 5, 6, 13][12, 0, 22, 19][16, 28][25, 28][1, 9][17, 28][18, 19][13, 18] 
[1, 23, 24, 4, 20, 7][3, 9, 14, 11, 25][10, 15, 29, 27, 16][0, 17, 12, 8, 26][2, 21, 5, 6, 13][12, 0, 22, 19][1, 9][25, 28][16, 28][17, 28][18, 19][13, 18] 
[1, 23, 24, 4, 20, 7][3, 9, 14, 11, 25][10, 15, 29, 27, 16][0, 17, 12, 8, 26][2, 21, 5, 6, 13][12, 0, 22, 19][1, 9][25, 28][16, 28][17, 28][18, 19][13, 18] 
[1, 23, 24, 4, 20, 7][10, 15, 29, 27, 16][0, 17, 12, 8, 26][3, 9, 14, 11, 25][2, 21, 5, 6, 13][12, 0, 22, 19][16, 28][17, 28][25, 28][1, 9][18, 19][13, 18] 
[1, 23, 24, 4, 20, 7][3, 9, 14, 11, 25][0, 17, 12, 8, 26][10, 16, 27, 29, 15][2, 21, 5, 6, 13][12, 0, 22, 19][1, 9][25, 28][17, 28][16, 28][18, 19][13, 18] 
[1, 23, 24, 4, 20, 7][10, 15, 29, 27, 16][0, 17, 12, 8, 26][3, 9, 14, 11, 25][2, 21, 5, 6, 13][12, 0, 22, 19][16, 28][17, 28][25, 28][1, 9][18, 19][13, 18] 
