[23, 14, 11, 25, 28][6, 13, 0, 12][0, 18, 22, 17][18, 19, 8, 26][3, 4, 7, 16][10, 15, 5, 21][6, 2, 27][16, 27, 29][9, 1, 24][20, 14, 24][1, 4][2, 10] 
[23, 14, 11, 25, 28][3, 4, 7, 16][6, 13, 0, 12][0, 18, 22, 17][18, 19, 8, 26][10, 15, 5, 21][20, 14, 24][9, 1, 24][6, 2, 27][10, 2, 29][1, 4][16, 27] 
[23, 14, 11, 25, 28][3, 4, 7, 16][6, 13, 0, 12][0, 18, 22, 17][18, 19, 8, 26][10, 15, 5, 21][20, 14, 24][9, 1, 24][6, 2, 27][10, 2, 29][1, 4][16, 27] 
[23, 14, 11, 25, 28][3, 4, 7, 16][6, 13, 0, 12][0, 18, 22, 17][18, 19, 8, 26][10, 15, 5, 21][20, 14, 24][9, 1, 24][6, 2, 27][10, 2, 29][1, 4][16, 27] 
[21, 5, 15, 10, 29][23, 14, 11, 25, 28][6, 13, 0, 12][0, 18, 22, 17][18, 19, 8, 26][3, 4, 7, 16][6, 2, 27][9, 1, 24][20, 14, 24][2, 29][16, 27][1, 4] 
[23, 14, 11, 25, 28][3, 4, 7, 16][10, 15, 5, 21][6, 13, 0, 12][0, 18, 22, 17][18, 19, 8, 26][20, 14, 24][9, 1, 24][16, 27, 29][10, 2, 29][1, 4][2, 6] 
[23, 14, 11, 25, 28][3, 4, 7, 16][6, 13, 0, 12][0, 18, 22, 17][18, 19, 8, 26][10, 15, 5, 21][20, 14, 24][9, 1, 24][6, 2, 27][10, 2, 29][1, 4][16, 27] 
[21, 5, 15, 10, 29][23, 14, 11, 25, 28][6, 13, 0, 12][0, 18, 22, 17][18, 19, 8, 26][3, 4, 7, 16][6, 2, 27][9, 1, 24][20, 14, 24][2, 29][16, 27][1, 4] 
[23, 14, 11, 25, 28][3, 4, 7, 16][10, 15, 5, 21][6, 13, 0, 12][0, 18, 22, 17][18, 19, 8, 26][20, 14, 24][9, 1, 24][16, 27, 29][10, 2, 29][1, 4][2, 6] 
[21, 5, 15, 10, 29][23, 14, 11, 25, 28][6, 13, 0, 12][0, 18, 22, 17][18, 19, 8, 26][3, 4, 7, 16][6, 2, 27][9, 1, 24][20, 14, 24][2, 29][16, 27][1, 4] 
[23, 14, 11, 25, 28][0, 18, 22, 17][6, 13, 0, 12][18, 19, 8, 26][3, 4, 7, 16][10, 15, 5, 21][6, 2, 27][16, 27, 29][9, 1, 24][20, 14, 24][1, 4][2, 10] 
[23, 14, 11, 25, 28][3, 4, 7, 16][6, 13, 0, 12][0, 18, 22, 17][18, 19, 8, 26][10, 15, 5, 21][20, 14, 24][9, 1, 24][6, 2, 27][10, 2, 29][1, 4][16, 27] 
[23, 14, 11, 25, 28][3, 4, 7, 16][6, 13, 0, 12][0, 18, 22, 17][18, 19, 8, 26][10, 15, 5, 21][20, 14, 24][9, 1, 24][6, 2, 27][10, 2, 29][1, 4][16, 27] 
[21, 5, 15, 10, 29][23, 14, 11, 25, 28][6, 13, 0, 12][0, 18, 22, 17][18, 19, 8, 26][3, 4, 7, 16][6, 2, 27][9, 1, 24][20, 14, 24][2, 29][16, 27][1, 4] 
[23, 14, 11, 25, 28][3, 4, 7, 16][10, 15, 5, 21][6, 13, 0, 12][0, 18, 22, 17][18, 19, 8, 26][20, 14, 24][9, 1, 24][16, 27, 29][10, 2, 29][1, 4][2, 6] 
[21, 5, 15, 10, 29][23, 14, 11, 25, 28][6, 13, 0, 12][0, 18, 22, 17][18, 19, 8, 26][3, 4, 7, 16][6, 2, 27][9, 1, 24][20, 14, 24][2, 29][16, 27][1, 4] 
[23, 14, 11, 25, 28][6, 13, 0, 12][0, 18, 22, 17][18, 19, 8, 26][3, 4, 7, 16][10, 15, 5, 21][6, 2, 27][16, 27, 29][9, 1, 24][20, 14, 24][1, 4][2, 10] 
[23, 14, 11, 25, 28][3, 4, 7, 16][6, 13, 0, 12][0, 18, 22, 17][18, 19, 8, 26][10, 15, 5, 21][20, 14, 24][9, 1, 24][6, 2, 27][10, 2, 29][1, 4][16, 27] 
[21, 5, 15, 10, 29][23, 14, 11, 25, 28][6, 13, 0, 12][0, 18, 22, 17][18, 19, 8, 26][3, 4, 7, 16][6, 2, 27][9, 1, 24][20, 14, 24][2, 29][16, 27][1, 4] 
[23, 14, 11, 25, 28][6, 13, 0, 12][0, 18, 22, 17][18, 19, 8, 26][3, 4, 7, 16][10, 15, 5, 21][6, 2, 27][16, 27, 29][9, 1, 24][20, 14, 24][1, 4][2, 10] 
[23, 14, 11, 25, 28][3, 4, 7, 16][6, 13, 0, 12][0, 18, 22, 17][18, 19, 8, 26][10, 15, 5, 21][16, 27, 29][9, 1, 24][20, 14, 24][6, 2, 27][1, 4][2, 10] 
[23, 14, 11, 25, 28][3, 4, 7, 16][6, 13, 0, 12][0, 18, 22, 17][18, 19, 8, 26][10, 15, 5, 21][20, 14, 24][9, 1, 24][6, 2, 27][10, 2, 29][1, 4][16, 27] 
[23, 14, 11, 25, 28][3, 4, 7, 16][6, 13, 0, 12][0, 18, 22, 17][18, 19, 8, 26][10, 15, 5, 21][20, 14, 24][9, 1, 24][6, 2, 27][10, 2, 29][1, 4][16, 27] 
[21, 5, 15, 10, 29][23, 14, 11, 25, 28][6, 13, 0, 12][0, 18, 22, 17][18, 19, 8, 26][3, 4, 7, 16][6, 2, 27][9, 1, 24][20, 14, 24][2, 29][16, 27][1, 4] 
[23, 14, 11, 25, 28][3, 4, 7, 16][10, 15, 5, 21][6, 13, 0, 12][0, 18, 22, 17][18, 19, 8, 26][20, 14, 24][9, 1, 24][16, 27, 29][10, 2, 29][1, 4][2, 6] 
[21, 5, 15, 10, 29][23, 14, 11, 25, 28][6, 13, 0, 12][0, 18, 22, 17][18, 19, 8, 26][3, 4, 7, 16][6, 2, 27][9, 1, 24][20, 14, 24][2, 29][16, 27][1, 4] 
[23, 14, 11, 25, 28][6, 13, 0, 12][0, 18, 22, 17][18, 19, 8, 26][3, 4, 7, 16][10, 15, 5, 21][6, 2, 27][16, 27, 29][9, 1, 24][20, 14, 24][1, 4][2, 10] 
[23, 14, 11, 25, 28][3, 4, 7, 16][6, 13, 0, 12][0, 18, 22, 17][18, 19, 8, 26][10, 15, 5, 21][20, 14, 24][9, 1, 24][6, 2, 27][10, 2, 29][1, 4][16, 27] 
[21, 5, 15, 10, 29][23, 14, 11, 25, 28][6, 13, 0, 12][0, 18, 22, 17][18, 19, 8, 26][3, 4, 7, 16][6, 2, 27][9, 1, 24][20, 14, 24][2, 29][16, 27][1, 4] 
[23, 14, 11, 25, 28][10, 15, 5, 21][6, 13, 0, 12][0, 18, 22, 17][18, 19, 8, 26][3, 4, 7, 16][6, 2, 27][16, 27, 29][9, 1, 24][20, 14, 24][2, 10][1, 4] 
[23, 14, 11, 25, 28][3, 4, 7, 16][6, 13, 0, 12][0, 18, 22, 17][18, 19, 8, 26][10, 15, 5, 21][16, 27, 29][6, 2, 27][9, 1, 24][20, 14, 24][2, 10][1, 4] 
[23, 14, 11, 25, 28][3, 4, 7, 16][6, 13, 0, 12][0, 18, 22, 17][18, 19, 8, 26][10, 15, 5, 21][20, 14, 24][9, 1, 24][6, 2, 27][10, 2, 29][1, 4][16, 27] 
[21, 5, 15, 10, 29][23, 14, 11, 25, 28][6, 13, 0, 12][0, 18, 22, 17][18, 19, 8, 26][3, 4, 7, 16][6, 2, 27][9, 1, 24][20, 14, 24][2, 29][16, 27][1, 4] 
[23, 14, 11, 25, 28][6, 13, 0, 12][0, 18, 22, 17][18, 19, 8, 26][3, 4, 7, 16][10, 15, 5, 21][6, 2, 27][16, 27, 29][9, 1, 24][20, 14, 24][1, 4][2, 10] 
[23, 14, 11, 25, 28][0, 18, 22, 17][6, 13, 0, 12][18, 19, 8, 26][3, 4, 7, 16][10, 15, 5, 21][6, 2, 27][16, 27, 29][9, 1, 24][20, 14, 24][1, 4][2, 10] 
[15, 5, 21, 6, 16, 7, 24, 23, 9, 3, 14, 1, 4, 20][13, 0, 26, 8, 12, 17, 28, 16, 27][18, 19, 22, 25, 28][2, 29, 10, 21][3, 14][11, 14][1, 14][10, 29][1, 14][10, 29][1, 4][1, 4] 
[15, 5, 21, 6, 16, 7, 24, 23, 9, 3, 14, 1, 4, 20][13, 0, 26, 8, 12, 17, 28, 16, 27][18, 19, 22, 25, 28][2, 29, 10, 21][3, 14][11, 14][1, 14][10, 29][1, 14][10, 29][1, 4][1, 4] 
[15, 5, 21, 6, 16, 7, 24, 23, 9, 3, 14, 1, 4, 20][13, 0, 26, 8, 12, 17, 28, 16, 27][18, 19, 22, 25, 28][2, 29, 10, 21][3, 14][11, 14][1, 14][10, 29][1, 14][10, 29][1, 4][1, 4] 
[15, 5, 21, 6, 16, 7, 24, 23, 9, 3, 14, 1, 4, 20][13, 0, 28, 25, 22, 19, 18, 17, 12, 8, 26][2, 29, 10, 21][27, 16, 28][3, 14][11, 14][1, 14][10, 29][1, 14][10, 29][1, 4][1, 4] 
[15, 5, 21, 6, 16, 7, 24, 23, 9, 3, 14, 1, 4, 20][13, 0, 28, 25, 22, 19, 18, 17, 12, 8, 26][2, 29, 10, 21][27, 16, 28][3, 14][11, 14][1, 14][10, 29][1, 14][10, 29][1, 4][1, 4] 
[15, 5, 21, 6, 16, 7, 24, 23, 9, 3, 14, 1, 4, 20][13, 0, 28, 25, 22, 19, 18, 17, 12, 8, 26][2, 29, 10, 21][16, 27][11, 14][1, 14][3, 14][1, 14][3, 14][1, 14][11, 25][1, 4] 
[15, 5, 21, 6, 16, 7, 24, 23, 9, 3, 14, 1, 4, 20][13, 0, 26, 8, 12, 17, 28, 16, 27][18, 19, 22, 25, 28][2, 29, 10, 21][3, 14][11, 14][1, 14][10, 29][1, 14][10, 29][1, 4][1, 4] 
[15, 5, 21, 6, 16, 7, 24, 23, 9, 3, 14, 1, 4, 20][13, 0, 26, 8, 12, 17, 28, 16, 27][18, 19, 22, 25, 28][2, 29, 10, 21][3, 14][11, 14][1, 14][10, 29][1, 14][10, 29][1, 4][1, 4] 
[15, 5, 21, 6, 16, 7, 24, 23, 9, 3, 14, 1, 4, 20][13, 0, 28, 25, 22, 19, 18, 17, 12, 8, 26][2, 29, 10, 21][27, 16, 28][3, 14][11, 14][1, 14][10, 29][1, 14][10, 29][1, 4][1, 4] 
[15, 5, 21, 6, 16, 7, 24, 23, 9, 3, 14, 1, 4, 20][13, 0, 26, 8, 12, 17, 28, 16, 27][18, 19, 22, 25, 28][2, 29, 10, 21][3, 14][11, 14][1, 14][10, 29][1, 14][10, 29][1, 4][1, 4] 
[15, 5, 21, 6, 16, 7, 24, 23, 9, 3, 14, 1, 4, 20][13, 0, 26, 8, 12, 17, 28, 16, 27][18, 19, 22, 25, 28][2, 29, 10, 21][3, 14][11, 14][1, 14][10, 29][1, 14][10, 29][1, 4][1, 4] 
[15, 5, 21, 6, 16, 7, 24, 23, 9, 3, 14, 1, 4, 20][13, 0, 26, 8, 12, 17, 28, 16, 27][18, 19, 22, 25, 28][2, 29, 10, 21][3, 14][11, 14][1, 14][10, 29][1, 14][10, 29][1, 4][1, 4] 
[15, 5, 21, 6, 16, 7, 24, 23, 9, 3, 14, 1, 4, 20][13, 0, 28, 25, 22, 19, 18, 17, 12, 8, 26][2, 29, 10, 21][27, 16, 28][3, 14][11, 14][1, 14][10, 29][1, 14][10, 29][1, 4][1, 4] 
[15, 5, 21, 6, 16, 7, 24, 23, 9, 3, 14, 1, 4, 20][13, 0, 26, 8, 12, 17, 28, 16, 27][18, 19, 22, 25, 28][2, 29, 10, 21][3, 14][11, 14][1, 14][10, 29][1, 14][10, 29][1, 4][1, 4] 
[15, 5, 21, 6, 16, 7, 24, 23, 9, 3, 14, 1, 4, 20][13, 0, 26, 8, 12, 17, 28, 16, 27][18, 19, 22, 25, 28][2, 29, 10, 21][3, 14][11, 14][1, 14][10, 29][1, 14][10, 29][1, 4][1, 4] 
[15, 5, 21, 6, 16, 7, 24, 23, 9, 3, 14, 1, 4, 20][13, 0, 26, 8, 12, 17, 28, 16, 27][18, 19, 22, 25, 28][2, 29, 10, 21][11, 14][1, 4][1, 14][10, 29][3, 14][1, 14][10, 29][1, 14] 
[15, 5, 21, 6, 16, 7, 24, 23, 9, 3, 14, 1, 4, 20][13, 0, 26, 8, 12, 17, 28, 16, 27][18, 19, 22, 25, 28][2, 29, 10, 21][11, 14][1, 4][1, 14][10, 29][3, 14][1, 14][10, 29][1, 14] 
[15, 5, 21, 6, 16, 7, 24, 23, 9, 3, 14, 1, 4, 20][13, 0, 28, 25, 22, 19, 18, 17, 12, 8, 26][21, 10, 29, 2, 27][3, 14][16, 28][11, 14][1, 14][10, 29][1, 14][10, 29][1, 4][1, 4] 
[15, 5, 21, 6, 16, 7, 24, 23, 9, 3, 14, 1, 4, 20][13, 0, 26, 8, 12, 17, 28, 16, 27][18, 19, 22, 25, 28][2, 29, 10, 21][11, 14][1, 4][1, 14][10, 29][3, 14][1, 14][10, 29][1, 14] 
[15, 5, 21, 6, 16, 7, 24, 23, 9, 3, 14, 1, 4, 20][13, 0, 26, 8, 12, 17, 28, 16, 27][18, 19, 22, 25, 28][2, 29, 10, 21][11, 14][1, 4][1, 14][10, 29][3, 14][1, 14][10, 29][1, 14] 
[15, 5, 21, 6, 16, 7, 24, 23, 9, 3, 14, 1, 4, 20][6, 13, 0, 28, 25, 22, 19, 18, 17, 12, 8, 26][2, 29, 10, 21][3, 14][16, 27][11, 14][1, 14][10, 29][1, 14][10, 29][1, 4][1, 4] 
[21, 5, 15, 10, 29][23, 14, 11, 25, 28][6, 13, 0, 12][0, 18, 22, 17][18, 19, 8, 26][3, 4, 7, 16][6, 2, 27][9, 1, 24][20, 14, 24][2, 29][16, 27][1, 4] 
[21, 5, 15, 10, 29][23, 14, 11, 25, 28][6, 13, 0, 12][0, 18, 22, 17][18, 19, 8, 26][3, 4, 7, 16][6, 2, 27][9, 1, 24][20, 14, 24][2, 29][16, 27][1, 4] 
[21, 5, 15, 10, 29][23, 14, 11, 25, 28][6, 13, 0, 12][0, 18, 22, 17][18, 19, 8, 26][3, 4, 7, 16][6, 2, 27][9, 1, 24][20, 14, 24][2, 29][16, 27][1, 4] 
[21, 5, 15, 10, 29][23, 14, 11, 25, 28][6, 13, 0, 12][0, 18, 22, 17][18, 19, 8, 26][3, 4, 7, 16][6, 2, 27][9, 1, 24][20, 14, 24][2, 29][16, 27][1, 4] 
[21, 5, 15, 10, 29][23, 14, 11, 25, 28][6, 13, 0, 12][0, 18, 22, 17][18, 19, 8, 26][3, 4, 7, 16][6, 2, 27][9, 1, 24][20, 14, 24][2, 29][16, 27][1, 4] 
[21, 5, 15, 10, 29][23, 14, 11, 25, 28][6, 13, 0, 12][0, 18, 22, 17][18, 19, 8, 26][3, 4, 7, 16][6, 2, 27][9, 1, 24][20, 14, 24][2, 29][16, 27][1, 4] 
[21, 5, 15, 10, 29][23, 14, 11, 25, 28][6, 13, 0, 12][0, 18, 22, 17][18, 19, 8, 26][3, 4, 7, 16][6, 2, 27][9, 1, 24][20, 14, 24][2, 29][16, 27][1, 4] 
[21, 5, 15, 10, 29][23, 14, 11, 25, 28][6, 13, 0, 12][0, 18, 22, 17][18, 19, 8, 26][3, 4, 7, 16][6, 2, 27][9, 1, 24][20, 14, 24][2, 29][16, 27][1, 4] 
[21, 5, 15, 10, 29][23, 14, 11, 25, 28][6, 13, 0, 12][0, 18, 22, 17][18, 19, 8, 26][3, 4, 7, 16][6, 2, 27][9, 1, 24][20, 14, 24][2, 29][16, 27][1, 4] 
[21, 5, 15, 10, 29][23, 14, 11, 25, 28][6, 13, 0, 12][0, 18, 22, 17][18, 19, 8, 26][3, 4, 7, 16][6, 2, 27][9, 1, 24][20, 14, 24][2, 29][16, 27][1, 4] 
[21, 5, 15, 10, 29][23, 14, 11, 25, 28][6, 13, 0, 12][0, 18, 22, 17][18, 19, 8, 26][3, 4, 7, 16][6, 2, 27][9, 1, 24][20, 14, 24][2, 29][16, 27][1, 4] 
[21, 5, 15, 10, 29][23, 14, 11, 25, 28][6, 13, 0, 12][0, 18, 22, 17][18, 19, 8, 26][3, 4, 7, 16][6, 2, 27][9, 1, 24][20, 14, 24][2, 29][16, 27][1, 4] 
[21, 5, 15, 10, 29][23, 14, 11, 25, 28][6, 13, 0, 12][0, 18, 22, 17][18, 19, 8, 26][3, 4, 7, 16][6, 2, 27][9, 1, 24][20, 14, 24][2, 29][16, 27][1, 4] 
[21, 5, 15, 10, 29][23, 14, 11, 25, 28][6, 13, 0, 12][0, 18, 22, 17][18, 19, 8, 26][3, 4, 7, 16][6, 2, 27][9, 1, 24][20, 14, 24][2, 29][16, 27][1, 4] 
[21, 5, 15, 10, 29][23, 14, 11, 25, 28][6, 13, 0, 12][0, 18, 22, 17][18, 19, 8, 26][3, 4, 7, 16][6, 2, 27][9, 1, 24][20, 14, 24][2, 29][16, 27][1, 4] 
[23, 14, 11, 25, 28][6, 13, 0, 12][0, 18, 22, 17][18, 19, 8, 26][3, 4, 7, 16][10, 15, 5, 21][6, 2, 27][16, 27, 29][9, 1, 24][20, 14, 24][1, 4][2, 10] 
[23, 14, 11, 25, 28][10, 15, 5, 21][6, 13, 0, 12][0, 18, 22, 17][18, 19, 8, 26][3, 4, 7, 16][6, 2, 27][16, 27, 29][9, 1, 24][20, 14, 24][2, 10][1, 4] 
[23, 14, 11, 25, 28][6, 13, 0, 12][0, 18, 22, 17][18, 19, 8, 26][3, 4, 7, 16][10, 15, 5, 21][6, 2, 27][16, 27, 29][9, 1, 24][20, 14, 24][1, 4][2, 10] 
[23, 14, 11, 25, 28][3, 4, 7, 16][6, 13, 0, 12][0, 18, 22, 17][18, 19, 8, 26][10, 15, 5, 21][16, 27, 29][9, 1, 24][20, 14, 24][6, 2, 27][1, 4][2, 10] 
[23, 14, 11, 25, 28][6, 13, 0, 12][0, 18, 22, 17][18, 19, 8, 26][3, 4, 7, 16][10, 15, 5, 21][6, 2, 27][16, 27, 29][9, 1, 24][20, 14, 24][1, 4][2, 10] 
[9, 1, 24, 14, 20][23, 14, 11, 25, 28][18, 19, 8, 26][0, 18, 22, 17][6, 13, 0, 12][3, 4, 7, 16][10, 15, 5, 21][16, 27, 29][2, 6][1, 4][2, 10][2, 27] 
[21, 5, 15, 10, 29][23, 14, 11, 25, 28][6, 13, 0, 12][0, 18, 22, 17][18, 19, 8, 26][3, 4, 7, 16][6, 2, 27][9, 1, 24][20, 14, 24][2, 29][16, 27][1, 4] 
[21, 5, 15, 10, 29][23, 14, 11, 25, 28][6, 13, 0, 12][0, 18, 22, 17][18, 19, 8, 26][3, 4, 7, 16][6, 2, 27][9, 1, 24][20, 14, 24][2, 29][16, 27][1, 4] 
[21, 5, 15, 10, 29][23, 14, 11, 25, 28][6, 13, 0, 12][0, 18, 22, 17][18, 19, 8, 26][3, 4, 7, 16][6, 2, 27][9, 1, 24][20, 14, 24][2, 29][16, 27][1, 4] 
[21, 5, 15, 10, 29][23, 14, 11, 25, 28][6, 13, 0, 12][0, 18, 22, 17][18, 19, 8, 26][3, 4, 7, 16][6, 2, 27][9, 1, 24][20, 14, 24][2, 29][16, 27][1, 4] 
[21, 5, 15, 10, 29][23, 14, 11, 25, 28][6, 13, 0, 12][0, 18, 22, 17][18, 19, 8, 26][3, 4, 7, 16][6, 2, 27][9, 1, 24][20, 14, 24][2, 29][16, 27][1, 4] 
[23, 14, 11, 25, 28][3, 4, 7, 16][6, 13, 0, 12][0, 18, 22, 17][18, 19, 8, 26][10, 15, 5, 21][20, 14, 24][9, 1, 24][6, 2, 27][10, 2, 29][1, 4][16, 27] 
[21, 5, 15, 10, 29][23, 14, 11, 25, 28][6, 13, 0, 12][0, 18, 22, 17][18, 19, 8, 26][3, 4, 7, 16][6, 2, 27][9, 1, 24][20, 14, 24][2, 29][16, 27][1, 4] 
[23, 14, 11, 25, 28][6, 13, 0, 12][0, 18, 22, 17][18, 19, 8, 26][3, 4, 7, 16][10, 15, 5, 21][6, 2, 27][16, 27, 29][9, 1, 24][20, 14, 24][1, 4][2, 10] 
[23, 14, 11, 25, 28][6, 13, 0, 12][0, 18, 22, 17][18, 19, 8, 26][3, 4, 7, 16][10, 15, 5, 21][6, 2, 27][16, 27, 29][9, 1, 24][20, 14, 24][1, 4][2, 10] 
[23, 14, 11, 25, 28][6, 13, 0, 12][0, 18, 22, 17][18, 19, 8, 26][3, 4, 7, 16][10, 15, 5, 21][6, 2, 27][16, 27, 29][9, 1, 24][20, 14, 24][1, 4][2, 10] 
[23, 14, 11, 25, 28][6, 13, 0, 12][0, 18, 22, 17][18, 19, 8, 26][3, 4, 7, 16][10, 15, 5, 21][6, 2, 27][16, 27, 29][9, 1, 24][20, 14, 24][1, 4][2, 10] 
[23, 14, 11, 25, 28][10, 15, 5, 21][6, 13, 0, 12][0, 18, 22, 17][18, 19, 8, 26][3, 4, 7, 16][6, 2, 27][16, 27, 29][9, 1, 24][20, 14, 24][2, 10][1, 4] 
[23, 14, 11, 25, 28][6, 13, 0, 12][0, 18, 22, 17][18, 19, 8, 26][3, 4, 7, 16][10, 15, 5, 21][6, 2, 27][16, 27, 29][9, 1, 24][20, 14, 24][1, 4][2, 10] 
[23, 14, 11, 25, 28][6, 13, 0, 12][0, 18, 22, 17][18, 19, 8, 26][3, 4, 7, 16][10, 15, 5, 21][6, 2, 27][16, 27, 29][9, 1, 24][20, 14, 24][1, 4][2, 10] 
[23, 14, 11, 25, 28][10, 15, 5, 21][6, 13, 0, 12][0, 18, 22, 17][18, 19, 8, 26][3, 4, 7, 16][6, 2, 27][16, 27, 29][9, 1, 24][20, 14, 24][2, 10][1, 4] 
[23, 14, 11, 25, 28][6, 13, 0, 12][0, 18, 22, 17][18, 19, 8, 26][3, 4, 7, 16][10, 15, 5, 21][6, 2, 27][16, 27, 29][9, 1, 24][20, 14, 24][1, 4][2, 10] 
[23, 14, 11, 25, 28][6, 13, 0, 12][0, 18, 22, 17][18, 19, 8, 26][3, 4, 7, 16][10, 15, 5, 21][6, 2, 27][16, 27, 29][9, 1, 24][20, 14, 24][1, 4][2, 10] 
[23, 14, 11, 25, 28][3, 4, 7, 16][6, 13, 0, 12][0, 18, 22, 17][18, 19, 8, 26][10, 15, 5, 21][16, 27, 29][6, 2, 27][9, 1, 24][20, 14, 24][2, 10][1, 4] 
[23, 14, 11, 25, 28][10, 15, 5, 21][6, 13, 0, 12][0, 18, 22, 17][18, 19, 8, 26][3, 4, 7, 16][6, 2, 27][16, 27, 29][9, 1, 24][20, 14, 24][2, 10][1, 4] 
[23, 14, 11, 25, 28][6, 13, 0, 12][0, 18, 22, 17][18, 19, 8, 26][3, 4, 7, 16][10, 15, 5, 21][6, 2, 27][16, 27, 29][9, 1, 24][20, 14, 24][1, 4][2, 10] 
[23, 14, 11, 25, 28][6, 13, 0, 12][0, 18, 22, 17][18, 19, 8, 26][3, 4, 7, 16][10, 15, 5, 21][6, 2, 27][16, 27, 29][9, 1, 24][20, 14, 24][1, 4][2, 10] 
[23, 14, 11, 25, 28][10, 15, 5, 21][6, 13, 0, 12][0, 18, 22, 17][18, 19, 8, 26][3, 4, 7, 16][6, 2, 27][16, 27, 29][9, 1, 24][20, 14, 24][2, 10][1, 4] 
[9, 1, 24, 14, 20][23, 14, 11, 25, 28][10, 15, 5, 21][6, 13, 0, 12][0, 18, 22, 17][18, 19, 8, 26][3, 4, 7, 16][6, 2, 27][16, 27, 29][2, 10][1, 4][1, 24] 
[9, 1, 24, 14, 20][23, 14, 11, 25, 28][10, 15, 5, 21][6, 13, 0, 12][0, 18, 22, 17][18, 19, 8, 26][3, 4, 7, 16][6, 2, 27][16, 27, 29][2, 10][1, 4][1, 24] 
[9, 1, 24, 14, 20][23, 14, 11, 25, 28][10, 15, 5, 21][6, 13, 0, 12][0, 18, 22, 17][18, 19, 8, 26][3, 4, 7, 16][6, 2, 27][16, 27, 29][2, 10][1, 4][1, 24] 
[9, 1, 24, 14, 20][23, 14, 11, 25, 28][10, 15, 5, 21][6, 13, 0, 12][0, 18, 22, 17][18, 19, 8, 26][3, 4, 7, 16][6, 2, 27][16, 27, 29][2, 10][1, 4][1, 24] 
[9, 1, 24, 14, 20][23, 14, 11, 25, 28][10, 15, 5, 21][6, 13, 0, 12][0, 18, 22, 17][18, 19, 8, 26][3, 4, 7, 16][6, 2, 27][16, 27, 29][2, 10][1, 4][1, 24] 
[9, 1, 24, 14, 20][23, 14, 11, 25, 28][10, 15, 5, 21][6, 2, 27, 29][6, 13, 0, 12][0, 18, 22, 17][18, 19, 8, 26][3, 4, 7, 16][16, 27, 29][2, 10][1, 4][1, 24] 
[21, 5, 15, 10, 29][23, 14, 11, 25, 28][6, 13, 0, 12][0, 18, 22, 17][18, 19, 8, 26][3, 4, 7, 16][6, 2, 27][9, 1, 24][20, 14, 24][2, 29][16, 27][1, 4] 
[21, 5, 15, 10, 29][23, 14, 11, 25, 28][6, 13, 0, 12][0, 18, 22, 17][18, 19, 8, 26][3, 4, 7, 16][6, 2, 27][9, 1, 24][20, 14, 24][2, 29][16, 27][1, 4] 
[21, 5, 15, 10, 29][23, 14, 11, 25, 28][6, 13, 0, 12][0, 18, 22, 17][18, 19, 8, 26][3, 4, 7, 16][6, 2, 27][9, 1, 24][20, 14, 24][2, 29][16, 27][1, 4] 
[21, 5, 15, 10, 29][23, 14, 11, 25, 28][6, 13, 0, 12][0, 18, 22, 17][18, 19, 8, 26][3, 4, 7, 16][6, 2, 27][9, 1, 24][20, 14, 24][2, 29][16, 27][1, 4] 
[21, 5, 15, 10, 29][23, 14, 11, 25, 28][6, 13, 0, 12][0, 18, 22, 17][18, 19, 8, 26][3, 4, 7, 16][6, 2, 27][9, 1, 24][20, 14, 24][2, 29][16, 27][1, 4] 
[23, 14, 11, 25, 28][6, 13, 0, 12][0, 18, 22, 17][18, 19, 8, 26][3, 4, 7, 16][10, 15, 5, 21][6, 2, 27][16, 27, 29][9, 1, 24][20, 14, 24][1, 4][2, 10] 
[21, 5, 15, 10, 29][23, 14, 11, 25, 28][6, 13, 0, 12][0, 18, 22, 17][18, 19, 8, 26][3, 4, 7, 16][6, 2, 27][9, 1, 24][20, 14, 24][2, 29][16, 27][1, 4] 
