[3, 9, 1, 23, 14, 24, 4][19, 18, 0, 12, 8, 26][28, 7, 10, 29][11, 25, 22, 17][6, 5, 21, 15][2, 15, 16, 27][20, 23, 24][7, 20][25, 28][0, 22][0, 13][6, 13] 
[3, 9, 1, 23, 14, 24, 4][19, 18, 0, 12, 8, 26][28, 7, 10, 29][11, 25, 22, 17][6, 5, 21, 15][2, 15, 16, 27][25, 28][7, 20][20, 23][0, 22][0, 13][6, 13] 
[19, 18, 0, 12, 8, 26][3, 9, 1, 23, 14, 24][11, 25, 22, 17][28, 7, 10, 29][6, 5, 21, 15][2, 15, 16, 27][4, 7, 20][0, 22][25, 28][4, 24][0, 13][6, 13] 
[19, 18, 0, 12, 8, 26][3, 9, 1, 23, 14, 24][11, 25, 22, 17][28, 7, 10, 29][6, 5, 21, 15][2, 15, 16, 27][4, 7, 20][0, 22][25, 28][4, 24][0, 13][6, 13] 
[19, 18, 0, 12, 8, 26][3, 9, 1, 23, 14, 24][11, 25, 22, 17][28, 7, 10, 29][6, 5, 21, 15][2, 15, 16, 27][4, 7, 20][0, 22][25, 28][4, 24][0, 13][6, 13] 
[19, 18, 0, 12, 8, 26][3, 9, 1, 23, 14, 24][11, 25, 22, 17][28, 7, 10, 29][6, 5, 21, 15][2, 15, 16, 27][4, 7, 20][0, 22][25, 28][4, 24][0, 13][6, 13] 
[19, 18, 0, 12, 8, 26][3, 9, 1, 23, 14, 24][11, 25, 22, 17][28, 7, 10, 29][6, 5, 21, 15][2, 15, 16, 27][4, 7, 20][0, 22][25, 28][4, 24][0, 13][6, 13] 
[19, 18, 0, 12, 8, 26][3, 9, 1, 23, 14, 24][11, 25, 22, 17][28, 7, 10, 29][6, 5, 21, 15][2, 15, 16, 27][4, 7, 20][0, 22][25, 28][4, 24][0, 13][6, 13] 
[19, 18, 0, 12, 8, 26][3, 9, 1, 23, 14, 24][11, 25, 22, 17][28, 7, 10, 29][6, 5, 21, 15][2, 15, 16, 27][4, 7, 20][0, 22][25, 28][4, 24][0, 13][6, 13] 
[19, 18, 0, 12, 8, 26][3, 9, 1, 23, 14, 24][11, 25, 22, 17][28, 7, 10, 29][6, 5, 21, 15][2, 15, 16, 27][4, 7, 20][0, 22][25, 28][4, 24][0, 13][6, 13] 
[3, 9, 1, 23, 14, 24, 4][19, 18, 0, 12, 8, 26][28, 7, 10, 29][11, 25, 22, 17][6, 5, 21, 15][2, 15, 16, 27][20, 23, 24][7, 20][25, 28][0, 22][0, 13][6, 13] 
[3, 9, 1, 23, 14, 24, 4][19, 18, 0, 12, 8, 26][28, 7, 10, 29][11, 25, 22, 17][6, 5, 21, 15][2, 15, 16, 27][25, 28][7, 20][20, 23][0, 22][0, 13][6, 13] 
[19, 18, 0, 12, 8, 26][3, 9, 1, 23, 14, 24][11, 25, 22, 17][28, 7, 10, 29][6, 5, 21, 15][2, 15, 16, 27][4, 7, 20][0, 22][25, 28][4, 24][0, 13][6, 13] 
[19, 18, 0, 12, 8, 26][3, 9, 1, 23, 14, 24][11, 25, 22, 17][28, 7, 10, 29][6, 5, 21, 15][2, 15, 16, 27][4, 7, 20][0, 22][25, 28][4, 24][0, 13][6, 13] 
[19, 18, 0, 12, 8, 26][3, 9, 1, 23, 14, 24][11, 25, 22, 17][28, 7, 10, 29][6, 5, 21, 15][2, 15, 16, 27][4, 7, 20][0, 22][25, 28][4, 24][0, 13][6, 13] 
[19, 18, 0, 12, 8, 26][3, 9, 1, 23, 14, 24][11, 25, 22, 17][28, 7, 10, 29][6, 5, 21, 15][2, 15, 16, 27][4, 7, 20][0, 22][25, 28][4, 24][0, 13][6, 13] 
[3, 9, 1, 23, 14, 24, 4][19, 18, 0, 12, 8, 26][6, 5, 21, 15][2, 15, 16, 27][11, 25, 22, 17][28, 7, 10, 29][20, 23, 24][6, 13][0, 13][0, 22][25, 28][7, 20] 
[3, 9, 1, 23, 14, 24, 4][19, 18, 0, 12, 8, 26][28, 7, 10, 29][11, 25, 22, 17][6, 5, 21, 15][2, 15, 16, 27][25, 28][7, 20][20, 23][0, 22][0, 13][6, 13] 
[19, 18, 0, 12, 8, 26][3, 9, 1, 23, 14, 24][11, 25, 22, 17][28, 7, 10, 29][6, 5, 21, 15][2, 15, 16, 27][4, 7, 20][0, 22][25, 28][4, 24][0, 13][6, 13] 
[3, 9, 1, 23, 14, 24, 4][19, 18, 0, 12, 8, 26][6, 5, 21, 15][2, 15, 16, 27][11, 25, 22, 17][28, 7, 10, 29][20, 23, 24][6, 13][0, 13][0, 22][25, 28][7, 20] 
[3, 9, 1, 23, 14, 24, 4][19, 18, 0, 12, 8, 26][28, 7, 10, 29][11, 25, 22, 17][6, 5, 21, 15][2, 15, 16, 27][20, 23, 24][7, 20][25, 28][0, 22][0, 13][6, 13] 
[3, 9, 1, 23, 14, 24, 4][19, 18, 0, 12, 8, 26][28, 7, 10, 29][11, 25, 22, 17][6, 5, 21, 15][2, 15, 16, 27][25, 28][7, 20][20, 23][0, 22][0, 13][6, 13] 
[19, 18, 0, 12, 8, 26][3, 9, 1, 23, 14, 24][11, 25, 22, 17][28, 7, 10, 29][6, 5, 21, 15][2, 15, 16, 27][4, 7, 20][0, 22][25, 28][4, 24][0, 13][6, 13] 
[19, 18, 0, 12, 8, 26][3, 9, 1, 23, 14, 24][11, 25, 22, 17][28, 7, 10, 29][6, 5, 21, 15][2, 15, 16, 27][4, 7, 20][0, 22][25, 28][4, 24][0, 13][6, 13] 
[19, 18, 0, 12, 8, 26][3, 9, 1, 23, 14, 24][11, 25, 22, 17][28, 7, 10, 29][6, 5, 21, 15][2, 15, 16, 27][4, 7, 20][0, 22][25, 28][4, 24][0, 13][6, 13] 
[19, 18, 0, 12, 8, 26][3, 9, 1, 23, 14, 24][11, 25, 22, 17][28, 7, 10, 29][6, 5, 21, 15][2, 15, 16, 27][4, 7, 20][0, 22][25, 28][4, 24][0, 13][6, 13] 
[3, 9, 1, 23, 14, 24, 4][19, 18, 0, 12, 8, 26][28, 7, 10, 29][11, 25, 22, 17][6, 5, 21, 15][2, 15, 16, 27][20, 23, 24][7, 20][25, 28][0, 22][0, 13][6, 13] 
[3, 9, 1, 23, 14, 24, 4][19, 18, 0, 12, 8, 26][28, 7, 10, 29][11, 25, 22, 17][6, 5, 21, 15][2, 15, 16, 27][25, 28][7, 20][20, 23][0, 22][0, 13][6, 13] 
[19, 18, 0, 12, 8, 26][3, 9, 1, 23, 14, 24][11, 25, 22, 17][28, 7, 10, 29][6, 5, 21, 15][2, 15, 16, 27][4, 7, 20][0, 22][25, 28][4, 24][0, 13][6, 13] 
[3, 9, 1, 23, 14, 24, 4][19, 18, 0, 12, 8, 26][28, 7, 10, 29][11, 25, 22, 17][6, 5, 21, 15][2, 15, 16, 27][20, 23, 24][7, 20][25, 28][0, 22][0, 13][6, 13] 
[3, 9, 1, 23, 14, 24, 4][19, 18, 0, 12, 8, 26][28, 7, 10, 29][11, 25, 22, 17][6, 5, 21, 15][2, 15, 16, 27][20, 23, 24][7, 20][25, 28][0, 22][0, 13][6, 13] 
[3, 9, 1, 23, 14, 24, 4][19, 18, 0, 12, 8, 26][28, 7, 10, 29][11, 25, 22, 17][6, 5, 21, 15][2, 15, 16, 27][25, 28][7, 20][20, 23][0, 22][0, 13][6, 13] 
[19, 18, 0, 12, 8, 26][3, 9, 1, 23, 14, 24][11, 25, 22, 17][28, 7, 10, 29][6, 5, 21, 15][2, 15, 16, 27][4, 7, 20][0, 22][25, 28][4, 24][0, 13][6, 13] 
[3, 9, 1, 23, 14, 24, 4][19, 18, 0, 12, 8, 26][11, 25, 22, 17][6, 5, 21, 15][2, 15, 16, 27][28, 7, 10, 29][20, 23, 24][0, 22][0, 13][6, 13][25, 28][7, 20] 
[3, 9, 1, 23, 14, 24, 4][19, 18, 0, 12, 8, 26][11, 25, 22, 17][6, 5, 21, 15][2, 15, 16, 27][28, 7, 10, 29][20, 23, 24][0, 22][0, 13][6, 13][25, 28][7, 20] 
[20, 7, 25, 11, 17, 28, 16, 15, 27, 29, 10, 21][22, 17, 0, 13, 18, 12, 19, 8, 26][5, 15, 29, 27, 10, 2, 16, 7, 14][14, 23, 1, 9, 3, 4, 24][16, 28][1, 9][10, 29][2, 16][11, 25][16, 28][6, 15][11, 25] 
[20, 7, 25, 11, 17, 28, 16, 15, 27, 29, 10, 21][22, 17, 0, 13, 18, 12, 19, 8, 26][5, 15, 29, 27, 10, 2, 16, 7, 14][14, 23, 1, 9, 3, 4, 24][16, 28][1, 9][10, 29][2, 16][11, 25][16, 28][6, 15][11, 25] 
[20, 7, 25, 11, 17, 28, 16, 15, 27, 29, 10, 21][22, 17, 0, 13, 18, 12, 19, 8, 26][5, 15, 29, 27, 10, 2, 16, 7, 14][14, 23, 1, 9, 3, 4, 24][16, 28][1, 9][10, 29][2, 16][11, 25][16, 28][6, 15][11, 25] 
[20, 7, 25, 11, 17, 28, 16, 15, 27, 29, 10, 21][22, 17, 0, 13, 18, 12, 19, 8, 26][14, 23, 1, 9, 3, 4, 24][2, 16, 7, 14][1, 9][5, 15][16, 28][6, 15][16, 28][11, 25][16, 28][16, 28] 
[20, 7, 25, 11, 17, 28, 16, 15, 27, 29, 10, 21][22, 17, 0, 13, 18, 12, 19, 8, 26][14, 23, 1, 9, 3, 4, 24][2, 16, 7, 14][1, 9][5, 15][16, 28][6, 15][16, 28][11, 25][16, 28][16, 28] 
[21, 5, 15, 29, 27, 10, 2, 16, 28, 7, 14, 24][17, 0, 13, 18, 12, 19, 8, 26][3, 9, 1, 23, 14][11, 25, 22, 17][20, 7, 25][5, 15][6, 15][7, 14][2, 16][4, 24][0, 13][5, 15] 
[20, 7, 25, 11, 17, 28, 16, 15, 27, 29, 10, 21][22, 17, 0, 13, 18, 12, 19, 8, 26][5, 15, 29, 27, 10, 2, 16, 7, 14][14, 23, 1, 9, 3, 4, 24][16, 28][1, 9][10, 29][2, 16][11, 25][16, 28][6, 15][11, 25] 
[20, 7, 25, 11, 17, 28, 16, 15, 27, 29, 10, 21][22, 17, 0, 13, 18, 12, 19, 8, 26][5, 15, 29, 27, 10, 2, 16, 7, 14][14, 23, 1, 9, 3, 4, 24][16, 28][1, 9][10, 29][2, 16][11, 25][16, 28][6, 15][11, 25] 
[20, 7, 25, 11, 17, 28, 16, 15, 27, 29, 10, 21][22, 17, 0, 13, 18, 12, 19, 8, 26][14, 23, 1, 9, 3, 4, 24][2, 16, 7, 14][1, 9][5, 15][16, 28][6, 15][16, 28][11, 25][16, 28][16, 28] 
[20, 7, 25, 11, 17, 28, 16, 15, 27, 29, 10, 21][22, 17, 0, 13, 18, 12, 19, 8, 26][5, 15, 29, 27, 10, 2, 16, 7, 14][14, 23, 1, 9, 3, 4, 24][16, 28][1, 9][10, 29][2, 16][11, 25][16, 28][6, 15][11, 25] 
[20, 7, 25, 11, 17, 28, 16, 15, 27, 29, 10, 21][22, 17, 0, 13, 18, 12, 19, 8, 26][5, 15, 29, 27, 10, 2, 16, 7, 14][14, 23, 1, 9, 3, 4, 24][16, 28][1, 9][10, 29][2, 16][11, 25][16, 28][6, 15][11, 25] 
[20, 7, 25, 11, 17, 28, 16, 15, 27, 29, 10, 21][22, 17, 0, 13, 18, 12, 19, 8, 26][5, 15, 29, 27, 10, 2, 16, 7, 14][14, 23, 1, 9, 3, 4, 24][16, 28][1, 9][10, 29][2, 16][11, 25][16, 28][6, 15][11, 25] 
[20, 7, 25, 11, 17, 28, 16, 15, 27, 29, 10, 21][22, 17, 0, 13, 18, 12, 19, 8, 26][14, 23, 1, 9, 3, 4, 24][2, 16, 7, 14][1, 9][5, 15][16, 28][6, 15][16, 28][11, 25][16, 28][16, 28] 
[20, 7, 25, 11, 17, 28, 16, 15, 27, 29, 10, 21][22, 17, 0, 13, 18, 12, 19, 8, 26][5, 15, 29, 27, 10, 2, 16, 7, 14][14, 23, 1, 9, 3, 4, 24][16, 28][1, 9][10, 29][2, 16][11, 25][16, 28][6, 15][11, 25] 
[20, 7, 25, 11, 17, 28, 16, 15, 27, 29, 10, 21][22, 17, 0, 13, 18, 12, 19, 8, 26][5, 15, 29, 27, 10, 2, 16, 7, 14][14, 23, 1, 9, 3, 4, 24][16, 28][1, 9][10, 29][2, 16][11, 25][16, 28][6, 15][11, 25] 
[20, 7, 25, 11, 17, 28, 16, 15, 27, 29, 10, 21][22, 17, 0, 13, 18, 12, 19, 8, 26][5, 15, 29, 27, 10, 2, 16, 7, 14][7, 14, 23, 1, 9, 3, 4, 24][16, 28][1, 9][10, 29][2, 16][11, 25][16, 28][6, 15][11, 25] 
[20, 7, 25, 11, 17, 28, 16, 15, 27, 29, 10, 21][22, 17, 0, 13, 18, 12, 19, 8, 26][7, 14, 23, 1, 9, 3, 4, 24][5, 15, 29, 27, 10, 2, 16, 7][16, 28][1, 9][10, 29][2, 16][11, 25][16, 28][6, 15][11, 25] 
[20, 7, 25, 11, 17, 28, 16, 15, 27, 29, 10, 21][22, 17, 0, 13, 18, 12, 19, 8, 26][5, 15, 29, 27, 10, 2, 16, 7, 14][14, 23, 1, 9, 3, 4, 24][16, 28][1, 9][10, 29][2, 16][11, 25][16, 28][6, 15][11, 25] 
[20, 7, 25, 11, 17, 28, 16, 15, 27, 29, 10, 21][11, 25, 22, 17, 0, 13, 18, 12, 19, 8, 26][4, 3, 14, 7, 16, 2, 10, 27, 29, 15, 5][14, 23, 1, 9, 3, 4, 24][16, 28][1, 9][10, 29][2, 16][11, 25][16, 28][6, 15][11, 25] 
[6, 5, 21, 10, 29, 27, 15, 16, 28, 17, 11, 25, 7, 20][22, 17, 0, 13, 18, 12, 19, 8, 26][5, 15, 29, 27, 10, 2, 16, 7, 14][14, 23, 1, 9, 3, 4, 24][16, 28][1, 9][10, 29][2, 16][11, 25][16, 28][6, 15][11, 25] 
[20, 7, 25, 11, 17, 28, 16, 15, 27, 29, 10, 21][11, 25, 22, 17, 0, 13, 18, 12, 19, 8, 26][5, 15, 29, 27, 10, 2, 16, 7, 14][14, 23, 1, 9, 3, 4, 24][16, 28][1, 9][10, 29][2, 16][11, 25][16, 28][6, 15][11, 25] 
[3, 9, 1, 23, 14, 24][19, 18, 0, 12, 8, 26][28, 7, 10, 29][11, 25, 22, 17][6, 5, 21, 15][2, 15, 16, 27][4, 7, 20][20, 23][25, 28][0, 22][0, 13][6, 13] 
[3, 9, 1, 23, 14, 24][19, 18, 0, 12, 8, 26][28, 7, 10, 29][11, 25, 22, 17][6, 5, 21, 15][2, 15, 16, 27][4, 7, 20][20, 23][25, 28][0, 22][0, 13][6, 13] 
[3, 9, 1, 23, 14, 24][19, 18, 0, 12, 8, 26][28, 7, 10, 29][11, 25, 22, 17][6, 5, 21, 15][2, 15, 16, 27][4, 7, 20][20, 23][25, 28][0, 22][0, 13][6, 13] 
[3, 9, 1, 23, 14, 24][19, 18, 0, 12, 8, 26][28, 7, 10, 29][11, 25, 22, 17][6, 5, 21, 15][2, 15, 16, 27][4, 7, 20][20, 23][25, 28][0, 22][0, 13][6, 13] 
[3, 9, 1, 23, 14, 24][19, 18, 0, 12, 8, 26][28, 7, 10, 29][11, 25, 22, 17][6, 5, 21, 15][2, 15, 16, 27][4, 7, 20][20, 23][25, 28][0, 22][0, 13][6, 13] 
[3, 9, 1, 23, 14, 24][19, 18, 0, 12, 8, 26][28, 7, 10, 29][11, 25, 22, 17][6, 5, 21, 15][2, 15, 16, 27][4, 7, 20][20, 23][25, 28][0, 22][0, 13][6, 13] 
[3, 9, 1, 23, 14, 24][19, 18, 0, 12, 8, 26][28, 7, 10, 29][11, 25, 22, 17][6, 5, 21, 15][2, 15, 16, 27][4, 7, 20][20, 23][25, 28][0, 22][0, 13][6, 13] 
[3, 9, 1, 23, 14, 24][19, 18, 0, 12, 8, 26][28, 7, 10, 29][11, 25, 22, 17][6, 5, 21, 15][2, 15, 16, 27][4, 7, 20][20, 23][25, 28][0, 22][0, 13][6, 13] 
[3, 9, 1, 23, 14, 24][19, 18, 0, 12, 8, 26][28, 7, 10, 29][11, 25, 22, 17][6, 5, 21, 15][2, 15, 16, 27][4, 7, 20][20, 23][25, 28][0, 22][0, 13][6, 13] 
[3, 9, 1, 23, 14, 24][19, 18, 0, 12, 8, 26][28, 7, 10, 29][11, 25, 22, 17][6, 5, 21, 15][2, 15, 16, 27][4, 7, 20][20, 23][25, 28][0, 22][0, 13][6, 13] 
[3, 9, 1, 23, 14, 24][19, 18, 0, 12, 8, 26][28, 7, 10, 29][11, 25, 22, 17][6, 5, 21, 15][2, 15, 16, 27][4, 7, 20][20, 23][25, 28][0, 22][0, 13][6, 13] 
[3, 9, 1, 23, 14, 24][19, 18, 0, 12, 8, 26][28, 7, 10, 29][11, 25, 22, 17][6, 5, 21, 15][2, 15, 16, 27][4, 7, 20][20, 23][25, 28][0, 22][0, 13][6, 13] 
[3, 9, 1, 23, 14, 24][19, 18, 0, 12, 8, 26][28, 7, 10, 29][11, 25, 22, 17][6, 5, 21, 15][2, 15, 16, 27][4, 7, 20][20, 23][25, 28][0, 22][0, 13][6, 13] 
[3, 9, 1, 23, 14, 24][19, 18, 0, 12, 8, 26][28, 7, 10, 29][11, 25, 22, 17][6, 5, 21, 15][2, 15, 16, 27][4, 7, 20][20, 23][25, 28][0, 22][0, 13][6, 13] 
[3, 9, 1, 23, 14, 24][19, 18, 0, 12, 8, 26][28, 7, 10, 29][11, 25, 22, 17][6, 5, 21, 15][2, 15, 16, 27][4, 7, 20][20, 23][25, 28][0, 22][0, 13][6, 13] 
[3, 9, 1, 23, 14, 24, 4][19, 18, 0, 12, 8, 26][6, 5, 21, 15][2, 15, 16, 27][11, 25, 22, 17][28, 7, 10, 29][20, 23, 24][6, 13][0, 13][0, 22][25, 28][7, 20] 
[3, 9, 1, 23, 14, 24, 4][19, 18, 0, 12, 8, 26][6, 5, 21, 15][2, 15, 16, 27][11, 25, 22, 17][28, 7, 10, 29][20, 23, 24][6, 13][0, 13][0, 22][25, 28][7, 20] 
[3, 9, 1, 23, 14, 24, 4][19, 18, 0, 12, 8, 26][6, 5, 21, 15][2, 15, 16, 27][11, 25, 22, 17][28, 7, 10, 29][20, 23, 24][6, 13][0, 13][0, 22][25, 28][7, 20] 
[3, 9, 1, 23, 14, 24, 4][19, 18, 0, 12, 8, 26][6, 5, 21, 15][2, 15, 16, 27][11, 25, 22, 17][28, 7, 10, 29][20, 23, 24][6, 13][0, 13][0, 22][25, 28][7, 20] 
[3, 9, 1, 23, 14, 24, 4][19, 18, 0, 12, 8, 26][28, 7, 10, 29][11, 25, 22, 17][6, 5, 21, 15][2, 15, 16, 27][20, 23, 24][7, 20][25, 28][0, 22][0, 13][6, 13] 
[3, 9, 1, 23, 14, 24, 4][18, 12, 19, 8, 26][28, 7, 10, 29][11, 25, 22, 17][6, 5, 21, 15][2, 15, 16, 27][20, 23, 24][0, 13, 18][7, 20][25, 28][0, 22][6, 13] 
[3, 9, 1, 23, 14, 24][19, 18, 0, 12, 8, 26][28, 7, 10, 29][11, 25, 22, 17][6, 5, 21, 15][2, 15, 16, 27][4, 7, 20][20, 23][25, 28][0, 22][0, 13][6, 13] 
[3, 9, 1, 23, 14, 24][19, 18, 0, 12, 8, 26][28, 7, 10, 29][11, 25, 22, 17][6, 5, 21, 15][2, 15, 16, 27][4, 7, 20][20, 23][25, 28][0, 22][0, 13][6, 13] 
[3, 9, 1, 23, 14, 24][19, 18, 0, 12, 8, 26][28, 7, 10, 29][11, 25, 22, 17][6, 5, 21, 15][2, 15, 16, 27][4, 7, 20][20, 23][25, 28][0, 22][0, 13][6, 13] 
[3, 9, 1, 23, 14, 24][19, 18, 0, 12, 8, 26][28, 7, 10, 29][11, 25, 22, 17][6, 5, 21, 15][2, 15, 16, 27][4, 7, 20][20, 23][25, 28][0, 22][0, 13][6, 13] 
[3, 9, 1, 23, 14, 24][19, 18, 0, 12, 8, 26][28, 7, 10, 29][11, 25, 22, 17][6, 5, 21, 15][2, 15, 16, 27][4, 7, 20][20, 23][25, 28][0, 22][0, 13][6, 13] 
[3, 9, 1, 23, 14, 24, 4][19, 18, 0, 12, 8, 26][6, 5, 21, 15][2, 15, 16, 27][11, 25, 22, 17][28, 7, 10, 29][20, 23, 24][6, 13][0, 13][0, 22][25, 28][7, 20] 
[3, 9, 1, 23, 14, 24][19, 18, 0, 12, 8, 26][28, 7, 10, 29][11, 25, 22, 17][6, 5, 21, 15][2, 15, 16, 27][4, 7, 20][20, 23][25, 28][0, 22][0, 13][6, 13] 
[3, 9, 1, 23, 14, 24, 4][19, 18, 0, 12, 8, 26][28, 7, 10, 29][11, 25, 22, 17][6, 5, 21, 15][2, 15, 16, 27][20, 23, 24][7, 20][25, 28][0, 22][0, 13][6, 13] 
[3, 9, 1, 23, 14, 24, 4][19, 18, 0, 12, 8, 26][28, 7, 10, 29][11, 25, 22, 17][6, 5, 21, 15][2, 15, 16, 27][20, 23, 24][7, 20][25, 28][0, 22][0, 13][6, 13] 
[3, 9, 1, 23, 14, 24, 4][19, 18, 0, 12, 8, 26][6, 5, 21, 15][2, 15, 16, 27][11, 25, 22, 17][28, 7, 10, 29][20, 23, 24][6, 13][0, 13][0, 22][25, 28][7, 20] 
[3, 9, 1, 23, 14, 24, 4][19, 18, 0, 12, 8, 26][6, 5, 21, 15][2, 15, 16, 27][11, 25, 22, 17][28, 7, 10, 29][20, 23, 24][6, 13][0, 13][0, 22][25, 28][7, 20] 
[3, 9, 1, 23, 14, 24, 4][19, 18, 0, 12, 8, 26][6, 5, 21, 15][2, 15, 16, 27][11, 25, 22, 17][28, 7, 10, 29][20, 23, 24][6, 13][0, 13][0, 22][25, 28][7, 20] 
[3, 9, 1, 23, 14, 24, 4][19, 18, 0, 12, 8, 26][6, 5, 21, 15][2, 15, 16, 27][11, 25, 22, 17][28, 7, 10, 29][20, 23, 24][6, 13][0, 13][0, 22][25, 28][7, 20] 
[3, 9, 1, 23, 14, 24, 4][19, 18, 0, 12, 8, 26][6, 5, 21, 15][2, 15, 16, 27][11, 25, 22, 17][28, 7, 10, 29][20, 23, 24][6, 13][0, 13][0, 22][25, 28][7, 20] 
[3, 9, 1, 23, 14, 24, 4][19, 18, 0, 12, 8, 26][6, 5, 21, 15][2, 15, 16, 27][11, 25, 22, 17][28, 7, 10, 29][20, 23, 24][6, 13][0, 13][0, 22][25, 28][7, 20] 
[3, 9, 1, 23, 14, 24, 4][19, 18, 0, 12, 8, 26][6, 5, 21, 15][2, 15, 16, 27][11, 25, 22, 17][28, 7, 10, 29][20, 23, 24][6, 13][0, 13][0, 22][25, 28][7, 20] 
[3, 9, 1, 23, 14, 24, 4][19, 18, 0, 12, 8, 26][6, 5, 21, 15][2, 15, 16, 27][11, 25, 22, 17][28, 7, 10, 29][20, 23, 24][6, 13][0, 13][0, 22][25, 28][7, 20] 
[3, 9, 1, 23, 14, 24, 4][19, 18, 0, 12, 8, 26][6, 5, 21, 15][2, 15, 16, 27][11, 25, 22, 17][28, 7, 10, 29][20, 23, 24][6, 13][0, 13][0, 22][25, 28][7, 20] 
[3, 9, 1, 23, 14, 24, 4][19, 18, 0, 12, 8, 26][6, 5, 21, 15][2, 15, 16, 27][11, 25, 22, 17][28, 7, 10, 29][20, 23, 24][6, 13][0, 13][0, 22][25, 28][7, 20] 
[3, 9, 1, 23, 14, 24, 4][19, 18, 0, 12, 8, 26][6, 5, 21, 15][2, 15, 16, 27][11, 25, 22, 17][28, 7, 10, 29][20, 23, 24][6, 13][0, 13][0, 22][25, 28][7, 20] 
[3, 9, 1, 23, 14, 24, 4][19, 18, 0, 12, 8, 26][6, 5, 21, 15][2, 15, 16, 27][11, 25, 22, 17][28, 7, 10, 29][20, 23, 24][6, 13][0, 13][0, 22][25, 28][7, 20] 
[3, 9, 1, 23, 14, 24, 4][19, 18, 0, 12, 8, 26][6, 5, 21, 15][2, 15, 16, 27][11, 25, 22, 17][28, 7, 10, 29][20, 23, 24][6, 13][0, 13][0, 22][25, 28][7, 20] 
[15, 21, 5, 6, 2, 16, 27][19, 18, 0, 12, 8, 26][4, 24, 1, 3, 9, 14][11, 25, 22, 17][1, 23, 20][10, 7, 28][0, 13][6, 13][0, 22][25, 28][10, 29][7, 20] 
[15, 21, 5, 6, 2, 16, 27][19, 18, 0, 12, 8, 26][4, 24, 1, 3, 9, 14][11, 25, 22, 17][1, 23, 20][10, 7, 28][0, 13][6, 13][0, 22][25, 28][10, 29][7, 20] 
[15, 21, 5, 6, 2, 16, 27][19, 18, 0, 12, 8, 26][4, 24, 1, 3, 9, 14][11, 25, 22, 17][1, 23, 20][10, 7, 28][0, 13][6, 13][0, 22][25, 28][10, 29][7, 20] 
[15, 21, 5, 6, 2, 16, 27][19, 18, 0, 12, 8, 26][4, 24, 1, 3, 9, 14][11, 25, 22, 17][1, 23, 20][10, 7, 28][0, 13][6, 13][0, 22][25, 28][10, 29][7, 20] 
[15, 21, 5, 6, 2, 16, 27][19, 18, 0, 12, 8, 26][4, 24, 1, 3, 9, 14][11, 25, 22, 17][1, 23, 20][10, 7, 28][0, 13][6, 13][0, 22][25, 28][10, 29][7, 20] 
[27, 16, 2, 29, 10, 7, 28][3, 9, 1, 23, 14, 24, 4][19, 18, 0, 12, 8, 26][11, 25, 22, 17][6, 5, 21, 15][0, 18][0, 22][0, 13][25, 28][7, 20][20, 23][6, 13] 
[19, 18, 0, 12, 8, 26][4, 24, 1, 3, 9, 14][6, 5, 21, 15][2, 15, 16, 27][11, 25, 22, 17][28, 7, 10, 29][1, 23, 20][0, 13][6, 13][0, 22][25, 28][7, 20] 
[19, 18, 0, 12, 8, 26][4, 24, 1, 3, 9, 14][6, 5, 21, 15][2, 15, 16, 27][11, 25, 22, 17][28, 7, 10, 29][1, 23, 20][0, 13][6, 13][0, 22][25, 28][7, 20] 
[19, 18, 0, 12, 8, 26][4, 24, 1, 3, 9, 14][6, 5, 21, 15][2, 15, 16, 27][11, 25, 22, 17][28, 7, 10, 29][1, 23, 20][0, 13][6, 13][0, 22][25, 28][7, 20] 
[4, 24, 1, 3, 9, 14][19, 18, 0, 12, 8, 26][28, 7, 10, 29][11, 25, 22, 17][6, 5, 21, 15][2, 15, 16, 27][1, 23, 20][7, 20][25, 28][0, 22][0, 13][6, 13] 
[19, 18, 0, 12, 8, 26][4, 24, 1, 3, 9, 14][6, 5, 21, 15][2, 15, 16, 27][11, 25, 22, 17][28, 7, 10, 29][1, 23, 20][0, 13][6, 13][0, 22][25, 28][7, 20] 
[3, 9, 1, 23, 14, 24, 4][19, 18, 0, 12, 8, 26][6, 5, 21, 15][2, 15, 16, 27][11, 25, 22, 17][28, 7, 10, 29][20, 23, 24][6, 13][0, 13][0, 22][25, 28][7, 20] 
[19, 18, 0, 12, 8, 26][4, 24, 1, 3, 9, 14][6, 5, 21, 15][2, 15, 16, 27][11, 25, 22, 17][28, 7, 10, 29][1, 23, 20][0, 13][6, 13][0, 22][25, 28][7, 20] 
