[12, 17, 0, 19, 8, 26][15, 5, 6, 13, 18][9, 23, 4, 24][7, 4, 1, 14][11, 3, 23, 20][16, 27, 2, 29][22, 25, 28][21, 10, 27][7, 25][2, 7][17, 22][6, 16] 
[19, 22, 17, 0, 12, 8, 26][15, 5, 6, 13, 18][16, 27, 2, 29][7, 4, 1, 14][9, 23, 4, 24][11, 3, 23, 20][21, 10, 27][2, 7][6, 16][7, 25][25, 28][22, 25] 
[19, 22, 17, 0, 12, 8, 26][15, 5, 6, 13, 18][16, 27, 2, 29][7, 4, 1, 14][9, 23, 4, 24][11, 3, 23, 20][7, 25, 28][12, 18][6, 16][10, 27][22, 25][10, 21] 
[19, 22, 17, 0, 12, 8, 26][15, 5, 6, 13, 18][16, 27, 2, 29][7, 4, 1, 14][9, 23, 4, 24][11, 3, 23, 20][7, 25, 28][12, 18][6, 16][10, 27][22, 25][10, 21] 
[12, 17, 0, 19, 8, 26][15, 5, 6, 13, 18][21, 10, 27, 29][7, 4, 1, 14][9, 23, 4, 24][11, 3, 23, 20][2, 27, 16][22, 25, 28][6, 16][2, 7][7, 25][17, 22] 
[12, 17, 0, 19, 8, 26][15, 5, 6, 13, 18][9, 23, 4, 24][7, 4, 1, 14][11, 3, 23, 20][16, 27, 2, 29][22, 25, 28][21, 10, 27][7, 25][2, 7][17, 22][6, 16] 
[19, 22, 17, 0, 12, 8, 26][15, 5, 6, 13, 18][16, 27, 2, 29][7, 4, 1, 14][9, 23, 4, 24][11, 3, 23, 20][7, 25, 28][2, 7][10, 21][6, 16][22, 25][10, 27] 
[12, 17, 0, 19, 8, 26][15, 5, 6, 13, 18][21, 10, 27, 29][7, 4, 1, 14][9, 23, 4, 24][11, 3, 23, 20][2, 27, 16][22, 25, 28][6, 16][2, 7][7, 25][17, 22] 
[12, 17, 0, 19, 8, 26][15, 5, 6, 13, 18][9, 23, 4, 24][7, 4, 1, 14][11, 3, 23, 20][16, 27, 2, 29][22, 25, 28][21, 10, 27][7, 25][2, 7][17, 22][6, 16] 
[12, 17, 0, 19, 8, 26][15, 5, 6, 13, 18][11, 3, 23, 20][9, 23, 4, 24][7, 4, 1, 14][21, 10, 27, 29][2, 27, 16][22, 25, 28][2, 7][6, 16][7, 25][17, 22] 
[12, 17, 0, 19, 8, 26][15, 5, 6, 13, 18][16, 27, 2, 29][7, 4, 1, 14][9, 23, 4, 24][11, 3, 23, 20][21, 10, 27][22, 25, 28][6, 16][2, 7][7, 25][17, 22] 
[19, 22, 17, 0, 12, 8, 26][15, 5, 6, 13, 18][7, 4, 1, 14][9, 23, 4, 24][11, 3, 23, 20][2, 27, 16][21, 10, 27][22, 25, 28][6, 16][2, 7][7, 25][2, 29] 
[19, 22, 17, 0, 12, 8, 26][15, 5, 6, 13, 18][16, 27, 2, 29][7, 4, 1, 14][9, 23, 4, 24][11, 3, 23, 20][7, 25, 28][12, 18][6, 16][10, 27][22, 25][10, 21] 
[12, 17, 0, 19, 8, 26][15, 5, 6, 13, 18][21, 10, 27, 29][7, 4, 1, 14][9, 23, 4, 24][11, 3, 23, 20][2, 27, 16][22, 25, 28][6, 16][2, 7][7, 25][17, 22] 
[12, 17, 0, 19, 8, 26][15, 5, 6, 13, 18][16, 27, 2, 29][7, 4, 1, 14][9, 23, 4, 24][11, 3, 23, 20][21, 10, 27][22, 25, 28][6, 16][2, 7][7, 25][17, 22] 
[12, 17, 0, 19, 8, 26][15, 5, 6, 13, 18][11, 3, 23, 20][9, 23, 4, 24][7, 4, 1, 14][21, 10, 27, 29][2, 27, 16][22, 25, 28][2, 7][6, 16][7, 25][17, 22] 
[12, 17, 0, 19, 8, 26][15, 5, 6, 13, 18][9, 23, 4, 24][7, 4, 1, 14][11, 3, 23, 20][16, 27, 2, 29][22, 25, 28][21, 10, 27][7, 25][2, 7][17, 22][6, 16] 
[19, 22, 17, 0, 12, 8, 26][15, 5, 6, 13, 18][7, 4, 1, 14][9, 23, 4, 24][11, 3, 23, 20][2, 27, 16][21, 10, 27][22, 25, 28][6, 16][2, 7][7, 25][2, 29] 
[12, 17, 0, 19, 8, 26][15, 5, 6, 13, 18][11, 3, 23, 20][9, 23, 4, 24][7, 4, 1, 14][21, 10, 27, 29][22, 25, 28][2, 27, 16][7, 25][2, 7][6, 16][17, 22] 
[12, 17, 0, 19, 8, 26][15, 5, 6, 13, 18][16, 27, 2, 29][7, 4, 1, 14][9, 23, 4, 24][11, 3, 23, 20][21, 10, 27][22, 25, 28][6, 16][2, 7][7, 25][17, 22] 
[12, 17, 0, 19, 8, 26][15, 5, 6, 13, 18][16, 27, 2, 29][7, 4, 1, 14][9, 23, 4, 24][11, 3, 23, 20][21, 10, 27][22, 25, 28][6, 16][2, 7][7, 25][17, 22] 
[19, 22, 17, 0, 12, 8, 26][15, 5, 6, 13, 18][7, 4, 1, 14][9, 23, 4, 24][11, 3, 23, 20][2, 27, 16][21, 10, 27][22, 25, 28][6, 16][2, 7][7, 25][2, 29] 
[19, 22, 17, 0, 12, 8, 26][15, 5, 6, 13, 18][16, 27, 2, 29][7, 4, 1, 14][9, 23, 4, 24][11, 3, 23, 20][7, 25, 28][12, 18][6, 16][10, 27][22, 25][10, 21] 
[12, 17, 0, 19, 8, 26][15, 5, 6, 13, 18][11, 3, 23, 20][9, 23, 4, 24][7, 4, 1, 14][21, 10, 27, 29][22, 25, 28][2, 27, 16][7, 25][2, 7][6, 16][17, 22] 
[12, 17, 0, 19, 8, 26][15, 5, 6, 13, 18][7, 4, 1, 14][9, 23, 4, 24][11, 3, 23, 20][16, 27, 2, 29][22, 25, 28][21, 10, 27][7, 25][2, 7][17, 22][6, 16] 
[12, 17, 0, 19, 8, 26][15, 5, 6, 13, 18][7, 4, 1, 14][9, 23, 4, 24][11, 3, 23, 20][21, 10, 27, 29][22, 25, 28][2, 27, 16][7, 25][2, 7][17, 22][6, 16] 
[12, 17, 0, 19, 8, 26][15, 5, 6, 13, 18][16, 27, 2, 29][7, 4, 1, 14][9, 23, 4, 24][11, 3, 23, 20][21, 10, 27][22, 25, 28][6, 16][2, 7][7, 25][17, 22] 
[19, 22, 17, 0, 12, 8, 26][15, 5, 6, 13, 18][7, 4, 1, 14][9, 23, 4, 24][11, 3, 23, 20][2, 27, 16][21, 10, 27][22, 25, 28][6, 16][2, 7][7, 25][2, 29] 
[12, 17, 0, 19, 8, 26][15, 5, 6, 13, 18][21, 10, 27, 29][7, 4, 1, 14][9, 23, 4, 24][11, 3, 23, 20][2, 27, 16][22, 25, 28][6, 16][2, 7][7, 25][17, 22] 
[12, 17, 0, 19, 8, 26][15, 5, 6, 13, 18][16, 27, 2, 29][7, 4, 1, 14][9, 23, 4, 24][11, 3, 23, 20][21, 10, 27][22, 25, 28][6, 16][2, 7][7, 25][17, 22] 
[12, 17, 0, 19, 8, 26][15, 5, 6, 13, 18][16, 27, 2, 29][7, 4, 1, 14][9, 23, 4, 24][11, 3, 23, 20][21, 10, 27][22, 25, 28][6, 16][2, 7][7, 25][17, 22] 
[19, 22, 17, 0, 12, 8, 26][15, 5, 6, 13, 18][16, 27, 2, 29][7, 4, 1, 14][9, 23, 4, 24][11, 3, 23, 20][21, 10, 27][2, 7][6, 16][7, 25][25, 28][22, 25] 
[12, 17, 0, 19, 8, 26][15, 5, 6, 13, 18][21, 10, 27, 29][7, 4, 1, 14][9, 23, 4, 24][11, 3, 23, 20][2, 27, 16][22, 25, 28][6, 16][2, 7][7, 25][17, 22] 
[12, 17, 0, 19, 8, 26][15, 5, 6, 13, 18][16, 27, 2, 29][7, 4, 1, 14][9, 23, 4, 24][11, 3, 23, 20][21, 10, 27][22, 25, 28][6, 16][2, 7][7, 25][17, 22] 
[12, 17, 0, 19, 8, 26][15, 5, 6, 13, 18][16, 27, 2, 29][7, 4, 1, 14][9, 23, 4, 24][11, 3, 23, 20][21, 10, 27][22, 25, 28][6, 16][2, 7][7, 25][17, 22] 
[5, 21, 2, 29, 15, 6, 16, 27, 10, 7, 28, 17, 19][3, 4, 23, 1, 9, 14, 11, 17][8, 26, 0, 18, 12, 17, 22, 25][20, 24, 23][13, 18][4, 23][1, 9][4, 23][1, 9][1, 9][4, 23][1, 9] 
[5, 21, 2, 29, 15, 6, 16, 27, 10, 7, 28, 17, 19][3, 4, 23, 1, 9, 14, 11, 17][8, 26, 0, 18, 12, 17, 22, 25][20, 24, 23][13, 18][4, 23][1, 9][4, 23][1, 9][1, 9][4, 23][1, 9] 
[5, 21, 2, 29, 15, 6, 16, 27, 10, 7, 28, 17, 19][3, 4, 23, 1, 9, 14, 11, 17][8, 26, 0, 18, 12, 17, 22, 25][20, 24, 23][6, 13, 18][4, 23][1, 9][4, 23][1, 9][1, 9][4, 23][1, 9] 
[2, 29, 15, 6, 16, 27, 10, 7, 28, 17, 19][8, 26, 0, 18, 12, 17, 22, 25][3, 4, 23, 1, 9, 14, 11, 17][20, 24, 23][13, 18][6, 16][5, 6][1, 9][5, 21][1, 9][4, 23][4, 23] 
[2, 29, 15, 6, 16, 27, 10, 7, 28, 17, 19][8, 26, 0, 18, 12, 17, 22, 25][3, 4, 23, 1, 9, 14, 11, 17][20, 24, 23][13, 18][6, 16][5, 6][1, 9][5, 21][1, 9][4, 23][4, 23] 
[7, 25, 22, 17, 12, 18, 0, 26, 8, 19][2, 29, 15, 6, 16, 27, 10, 7, 28][3, 4, 23, 1, 9, 14, 11, 17][20, 24, 23][13, 18][6, 16][5, 6][1, 9][5, 21][1, 9][4, 23][4, 23] 
[5, 21, 2, 29, 15, 6, 16, 27, 10, 7, 28, 17, 19][3, 4, 23, 1, 9, 14, 11, 17][8, 26, 0, 18, 12, 17, 22, 25][11, 14, 1, 3, 4, 20, 24, 23][13, 18][4, 23][1, 9][4, 23][1, 9][1, 9][4, 23][1, 9] 
[5, 21, 2, 29, 15, 6, 16, 27, 10, 7, 28, 17, 19][3, 4, 23, 1, 9, 14, 11, 17][8, 26, 0, 18, 12, 17, 22, 25][4, 20, 24, 23][13, 18][4, 23][1, 9][4, 23][1, 9][1, 9][4, 23][1, 9] 
[2, 29, 15, 6, 16, 27, 10, 7, 28, 17, 19][8, 26, 0, 18, 12, 17, 22, 25][3, 4, 23, 1, 9, 14, 11, 17][20, 24, 23][13, 18][6, 16][5, 6][1, 9][5, 21][1, 9][4, 23][4, 23] 
[5, 21, 2, 29, 15, 6, 16, 27, 10, 7, 28, 17, 19][3, 4, 23, 1, 9, 14, 11, 17][8, 26, 0, 18, 12, 17, 22, 25][11, 14, 1, 3, 4, 20, 24, 23][13, 18][4, 23][1, 9][4, 23][1, 9][1, 9][4, 23][1, 9] 
[5, 21, 2, 29, 15, 6, 16, 27, 10, 7, 28, 17, 19][5, 15, 29, 10, 21, 6, 13, 18, 22, 17, 28, 7][3, 4, 23, 1, 9, 14, 11, 17][8, 26, 0, 18, 12, 17, 22, 25][20, 24, 23][4, 23][1, 9][4, 23][1, 9][1, 9][4, 23][1, 9] 
[5, 21, 2, 29, 15, 6, 16, 27, 10, 7, 28, 17, 19][3, 4, 23, 1, 9, 14, 11, 17][8, 26, 0, 18, 12, 17, 22, 25][5, 15, 10, 6, 13, 18][20, 24, 23][4, 23][1, 9][4, 23][1, 9][1, 9][4, 23][1, 9] 
[2, 29, 15, 6, 16, 27, 10, 7, 28, 17, 19][8, 26, 0, 18, 12, 17, 22, 25][3, 4, 23, 1, 9, 14, 11, 17][20, 24, 23][13, 18][6, 16][5, 6][1, 9][5, 21][1, 9][4, 23][4, 23] 
[5, 21, 2, 29, 15, 6, 16, 27, 10, 7, 28, 17, 19][3, 4, 23, 1, 9, 14, 11, 17][8, 26, 0, 18, 12, 17, 22, 25][5, 15, 10, 6, 13, 18][20, 24, 23][4, 23][1, 9][4, 23][1, 9][1, 9][4, 23][1, 9] 
[5, 21, 2, 29, 15, 6, 16, 27, 10, 7, 28, 17, 19][5, 15, 29, 10, 21, 6, 13, 18, 22, 17, 28, 7][3, 4, 23, 1, 9, 14, 11, 17][8, 26, 0, 18, 12, 17, 22, 25][20, 24, 23][4, 23][1, 9][4, 23][1, 9][1, 9][4, 23][1, 9] 
[5, 21, 2, 29, 15, 6, 16, 27, 10, 7, 28, 17, 19][3, 4, 23, 1, 9, 14, 11, 17][8, 26, 0, 18, 12, 17, 22, 25][20, 24, 23][13, 18][4, 23][1, 9][4, 23][1, 9][1, 9][4, 23][1, 9] 
[5, 21, 2, 29, 15, 6, 16, 27, 10, 7, 28, 17, 19][3, 4, 23, 1, 9, 14, 11, 17][8, 26, 0, 18, 12, 17, 22, 25][20, 24, 23][13, 18][4, 23][1, 9][4, 23][1, 9][1, 9][4, 23][1, 9] 
[2, 29, 15, 6, 16, 27, 10, 7, 28, 17, 19][3, 4, 23, 1, 9, 14, 11, 17][8, 26, 0, 18, 12, 17, 22, 25][5, 15, 29, 10, 21, 6, 13][20, 24, 23][4, 23][1, 9][4, 23][1, 9][1, 9][4, 23][1, 9] 
[5, 21, 2, 29, 15, 6, 16, 27, 10, 7, 28, 17, 19][3, 4, 23, 1, 9, 14, 11, 17][8, 26, 0, 18, 12, 17, 22, 25][4, 20, 24, 23][13, 18][4, 23][1, 9][4, 23][1, 9][1, 9][4, 23][1, 9] 
[5, 21, 2, 29, 15, 6, 16, 27, 10, 7, 28, 17, 19][3, 4, 23, 1, 9, 14, 11, 17][8, 26, 0, 18, 12, 17, 22, 25][20, 24, 23][13, 18][4, 23][1, 9][4, 23][1, 9][1, 9][4, 23][1, 9] 
[5, 21, 2, 29, 15, 6, 16, 27, 10, 7, 28, 17, 19][3, 4, 23, 1, 9, 14, 11, 17][8, 26, 0, 18, 12, 17, 22, 25][20, 24, 23][13, 18][4, 23][1, 9][4, 23][1, 9][1, 9][4, 23][1, 9] 
[12, 17, 0, 19, 8, 26][15, 5, 6, 13, 18][7, 4, 1, 14][16, 27, 2, 29][9, 23, 4, 24][11, 3, 23, 20][21, 10, 27, 29][22, 25, 28][2, 7][6, 16][7, 25][17, 22] 
[12, 17, 0, 19, 8, 26][15, 5, 6, 13, 18][7, 4, 1, 14][16, 27, 2, 29][9, 23, 4, 24][11, 3, 23, 20][21, 10, 27, 29][22, 25, 28][2, 7][6, 16][7, 25][17, 22] 
[12, 17, 0, 19, 8, 26][15, 5, 6, 13, 18][7, 4, 1, 14][9, 23, 4, 24][11, 3, 23, 20][16, 27, 2, 29][21, 10, 27, 29][22, 25, 28][7, 25][17, 22][2, 7][6, 16] 
[12, 17, 0, 19, 8, 26][15, 5, 6, 13, 18][11, 3, 23, 20][9, 23, 4, 24][7, 4, 1, 14][16, 27, 2, 29][21, 10, 27, 29][22, 25, 28][7, 25][17, 22][2, 7][6, 16] 
[12, 17, 0, 19, 8, 26][15, 5, 6, 13, 18][16, 27, 2, 29][7, 4, 1, 14][9, 23, 4, 24][11, 3, 23, 20][21, 10, 27, 29][22, 25, 28][6, 16][2, 7][7, 25][17, 22] 
[12, 17, 0, 19, 8, 26][15, 5, 6, 13, 18][7, 4, 1, 14][16, 27, 2, 29][9, 23, 4, 24][11, 3, 23, 20][21, 10, 27, 29][22, 25, 28][2, 7][6, 16][7, 25][17, 22] 
[12, 17, 0, 19, 8, 26][15, 5, 6, 13, 18][11, 3, 23, 20][9, 23, 4, 24][7, 4, 1, 14][16, 27, 2, 29][21, 10, 27, 29][22, 25, 28][7, 25][17, 22][2, 7][6, 16] 
[12, 17, 0, 19, 8, 26][15, 5, 6, 13, 18][11, 3, 23, 20][9, 23, 4, 24][7, 4, 1, 14][16, 27, 2, 29][21, 10, 27, 29][22, 25, 28][7, 25][2, 7][6, 16][17, 22] 
[12, 17, 0, 19, 8, 26][15, 5, 6, 13, 18][7, 4, 1, 14][16, 27, 2, 29][9, 23, 4, 24][11, 3, 23, 20][21, 10, 27, 29][22, 25, 28][2, 7][6, 16][7, 25][17, 22] 
[12, 17, 0, 19, 8, 26][15, 5, 6, 13, 18][11, 3, 23, 20][9, 23, 4, 24][7, 4, 1, 14][16, 27, 2, 29][21, 10, 27, 29][22, 25, 28][7, 25][17, 22][2, 7][6, 16] 
[12, 17, 0, 19, 8, 26][15, 5, 6, 13, 18][7, 4, 1, 14][16, 27, 2, 29][9, 23, 4, 24][11, 3, 23, 20][21, 10, 27, 29][22, 25, 28][2, 7][6, 16][7, 25][17, 22] 
[12, 17, 0, 19, 8, 26][15, 5, 6, 13, 18][11, 3, 23, 20][9, 23, 4, 24][7, 4, 1, 14][16, 27, 2, 29][21, 10, 27, 29][22, 25, 28][7, 25][2, 7][6, 16][17, 22] 
[12, 17, 0, 19, 8, 26][15, 5, 6, 13, 18][7, 4, 1, 14][16, 27, 2, 29][9, 23, 4, 24][11, 3, 23, 20][21, 10, 27, 29][22, 25, 28][2, 7][6, 16][7, 25][17, 22] 
[12, 17, 0, 19, 8, 26][15, 5, 6, 13, 18][7, 4, 1, 14][16, 27, 2, 29][9, 23, 4, 24][11, 3, 23, 20][21, 10, 27, 29][22, 25, 28][2, 7][6, 16][7, 25][17, 22] 
[12, 17, 0, 19, 8, 26][15, 5, 6, 13, 18][7, 4, 1, 14][16, 27, 2, 29][9, 23, 4, 24][11, 3, 23, 20][21, 10, 27, 29][22, 25, 28][2, 7][6, 16][7, 25][17, 22] 
[12, 17, 0, 19, 8, 26][15, 5, 6, 13, 18][16, 27, 2, 29][7, 4, 1, 14][9, 23, 4, 24][11, 3, 23, 20][21, 10, 27][22, 25, 28][6, 16][2, 7][7, 25][17, 22] 
[12, 17, 0, 19, 8, 26][15, 5, 6, 13, 18][9, 23, 4, 24][7, 4, 1, 14][11, 3, 23, 20][16, 27, 2, 29][22, 25, 28][21, 10, 27][7, 25][2, 7][17, 22][6, 16] 
[12, 17, 0, 19, 8, 26][15, 5, 6, 13, 18][16, 27, 2, 29][7, 4, 1, 14][9, 23, 4, 24][11, 3, 23, 20][21, 10, 27][22, 25, 28][6, 16][2, 7][7, 25][17, 22] 
[12, 17, 0, 19, 8, 26][15, 5, 6, 13, 18][9, 23, 4, 24][7, 4, 1, 14][11, 3, 23, 20][16, 27, 2, 29][22, 25, 28][21, 10, 27][7, 25][2, 7][17, 22][6, 16] 
[12, 17, 0, 19, 8, 26][15, 5, 6, 13, 18][9, 23, 4, 24][7, 4, 1, 14][11, 3, 23, 20][16, 27, 2, 29][22, 25, 28][21, 10, 27][7, 25][2, 7][17, 22][6, 16] 
[19, 22, 17, 0, 12, 8, 26][15, 5, 6, 13, 18][16, 27, 2, 29][7, 4, 1, 14][9, 23, 4, 24][11, 3, 23, 20][22, 25, 28][2, 7][7, 25][10, 27][6, 16][10, 21] 
[12, 17, 0, 19, 8, 26][15, 5, 6, 13, 18][7, 4, 1, 14][16, 27, 2, 29][9, 23, 4, 24][11, 3, 23, 20][21, 10, 27, 29][22, 25, 28][2, 7][6, 16][7, 25][17, 22] 
[12, 17, 0, 19, 8, 26][15, 5, 6, 13, 18][16, 27, 2, 29][7, 4, 1, 14][9, 23, 4, 24][11, 3, 23, 20][21, 10, 27, 29][22, 25, 28][6, 16][2, 7][7, 25][17, 22] 
[12, 17, 0, 19, 8, 26][15, 5, 6, 13, 18][7, 4, 1, 14][16, 27, 2, 29][9, 23, 4, 24][11, 3, 23, 20][21, 10, 27, 29][22, 25, 28][2, 7][6, 16][7, 25][17, 22] 
[12, 17, 0, 19, 8, 26][15, 5, 6, 13, 18][11, 3, 23, 20][9, 23, 4, 24][7, 4, 1, 14][16, 27, 2, 29][21, 10, 27, 29][22, 25, 28][7, 25][17, 22][2, 7][6, 16] 
[12, 17, 0, 19, 8, 26][15, 5, 6, 13, 18][7, 4, 1, 14][16, 27, 2, 29][9, 23, 4, 24][11, 3, 23, 20][21, 10, 27, 29][22, 25, 28][2, 7][6, 16][7, 25][17, 22] 
[12, 17, 0, 19, 8, 26][15, 5, 6, 13, 18][9, 23, 4, 24][7, 4, 1, 14][11, 3, 23, 20][16, 27, 2, 29][22, 25, 28][21, 10, 27][7, 25][2, 7][17, 22][6, 16] 
[12, 17, 0, 19, 8, 26][15, 5, 6, 13, 18][7, 4, 1, 14][16, 27, 2, 29][9, 23, 4, 24][11, 3, 23, 20][21, 10, 27, 29][22, 25, 28][2, 7][6, 16][7, 25][17, 22] 
[12, 17, 0, 19, 8, 26][15, 5, 6, 13, 18][9, 23, 4, 24][7, 4, 1, 14][11, 3, 23, 20][16, 27, 2, 29][22, 25, 28][21, 10, 27][7, 25][2, 7][17, 22][6, 16] 
[12, 17, 0, 19, 8, 26][15, 5, 6, 13, 18][9, 23, 4, 24][7, 4, 1, 14][11, 3, 23, 20][16, 27, 2, 29][22, 25, 28][21, 10, 27][7, 25][2, 7][17, 22][6, 16] 
[12, 17, 0, 19, 8, 26][15, 5, 6, 13, 18][7, 4, 1, 14][9, 23, 4, 24][11, 3, 23, 20][16, 27, 2, 29][22, 25, 28][21, 10, 27][7, 25][2, 7][17, 22][6, 16] 
[12, 17, 0, 19, 8, 26][15, 5, 6, 13, 18][9, 23, 4, 24][7, 4, 1, 14][11, 3, 23, 20][16, 27, 2, 29][22, 25, 28][21, 10, 27][7, 25][2, 7][17, 22][6, 16] 
[12, 17, 0, 19, 8, 26][15, 5, 6, 13, 18][9, 23, 4, 24][7, 4, 1, 14][11, 3, 23, 20][16, 27, 2, 29][22, 25, 28][21, 10, 27][7, 25][2, 7][17, 22][6, 16] 
[12, 17, 0, 19, 8, 26][15, 5, 6, 13, 18][16, 27, 2, 29][7, 4, 1, 14][9, 23, 4, 24][11, 3, 23, 20][21, 10, 27][22, 25, 28][6, 16][2, 7][7, 25][17, 22] 
[12, 17, 0, 19, 8, 26][15, 5, 6, 13, 18][16, 27, 2, 29][7, 4, 1, 14][9, 23, 4, 24][11, 3, 23, 20][21, 10, 27][22, 25, 28][6, 16][2, 7][7, 25][17, 22] 
[12, 17, 0, 19, 8, 26][15, 5, 6, 13, 18][16, 27, 2, 29][7, 4, 1, 14][9, 23, 4, 24][11, 3, 23, 20][21, 10, 27][22, 25, 28][6, 16][2, 7][7, 25][17, 22] 
[12, 17, 0, 19, 8, 26][15, 5, 6, 13, 18][9, 23, 4, 24][7, 4, 1, 14][11, 3, 23, 20][16, 27, 2, 29][22, 25, 28][21, 10, 27][7, 25][2, 7][17, 22][6, 16] 
[12, 17, 0, 19, 8, 26][15, 5, 6, 13, 18][16, 27, 2, 29][7, 4, 1, 14][9, 23, 4, 24][11, 3, 23, 20][21, 10, 27][22, 25, 28][6, 16][2, 7][7, 25][17, 22] 
[12, 17, 0, 19, 8, 26][15, 5, 6, 13, 18][16, 27, 2, 29][7, 4, 1, 14][9, 23, 4, 24][11, 3, 23, 20][21, 10, 27][22, 25, 28][6, 16][2, 7][7, 25][17, 22] 
[12, 17, 0, 19, 8, 26][15, 5, 6, 13, 18][16, 27, 2, 29][7, 4, 1, 14][9, 23, 4, 24][11, 3, 23, 20][21, 10, 27][22, 25, 28][6, 16][2, 7][7, 25][17, 22] 
[12, 17, 0, 19, 8, 26][15, 5, 6, 13, 18][9, 23, 4, 24][7, 4, 1, 14][11, 3, 23, 20][16, 27, 2, 29][22, 25, 28][21, 10, 27][7, 25][2, 7][17, 22][6, 16] 
[12, 17, 0, 19, 8, 26][15, 5, 6, 13, 18][16, 27, 2, 29][7, 4, 1, 14][9, 23, 4, 24][11, 3, 23, 20][21, 10, 27][22, 25, 28][6, 16][2, 7][7, 25][17, 22] 
[12, 17, 0, 19, 8, 26][15, 5, 6, 13, 18][9, 23, 4, 24][7, 4, 1, 14][11, 3, 23, 20][16, 27, 2, 29][22, 25, 28][21, 10, 27][7, 25][2, 7][17, 22][6, 16] 
[19, 22, 17, 0, 12, 8, 26][15, 5, 6, 13, 18][9, 23, 4, 24][11, 3, 23, 20][7, 4, 1, 14][16, 27, 2, 29][21, 10, 27][22, 25, 28][2, 7][6, 16][7, 25][25, 28] 
[19, 22, 17, 0, 12, 8, 26][15, 5, 6, 13, 18][9, 23, 4, 24][11, 3, 23, 20][7, 4, 1, 14][16, 27, 2, 29][21, 10, 27][22, 25, 28][2, 7][6, 16][7, 25][25, 28] 
[19, 22, 17, 0, 12, 8, 26][15, 5, 6, 13, 18][9, 23, 4, 24][11, 3, 23, 20][7, 4, 1, 14][16, 27, 2, 29][21, 10, 27][22, 25, 28][2, 7][6, 16][7, 25][25, 28] 
[19, 22, 17, 0, 12, 8, 26][15, 5, 6, 13, 18][9, 23, 4, 24][11, 3, 23, 20][7, 4, 1, 14][16, 27, 2, 29][21, 10, 27][22, 25, 28][2, 7][6, 16][7, 25][25, 28] 
[19, 22, 17, 0, 12, 8, 26][15, 5, 6, 13, 18][9, 23, 4, 24][11, 3, 23, 20][7, 4, 1, 14][16, 27, 2, 29][21, 10, 27][22, 25, 28][2, 7][6, 16][7, 25][25, 28] 
[19, 22, 17, 28, 0, 12, 8, 26][15, 5, 6, 13, 18][9, 23, 4, 24][7, 4, 1, 14][11, 3, 23, 20][16, 27, 2, 29][21, 10, 27][2, 7][7, 25][6, 16][22, 25][17, 28] 
[12, 17, 0, 19, 8, 26][15, 5, 6, 13, 18][7, 4, 1, 14][16, 27, 2, 29][9, 23, 4, 24][11, 3, 23, 20][21, 10, 27, 29][22, 25, 28][2, 7][6, 16][7, 25][17, 22] 
[12, 17, 0, 19, 8, 26][15, 5, 6, 13, 18][16, 27, 2, 29][7, 4, 1, 14][9, 23, 4, 24][11, 3, 23, 20][21, 10, 27, 29][22, 25, 28][6, 16][2, 7][7, 25][17, 22] 
[12, 17, 0, 19, 8, 26][15, 5, 6, 13, 18][7, 4, 1, 14][16, 27, 2, 29][9, 23, 4, 24][11, 3, 23, 20][21, 10, 27, 29][22, 25, 28][2, 7][6, 16][7, 25][17, 22] 
[12, 17, 0, 19, 8, 26][15, 5, 6, 13, 18][16, 27, 2, 29][7, 4, 1, 14][9, 23, 4, 24][11, 3, 23, 20][21, 10, 27, 29][22, 25, 28][6, 16][2, 7][7, 25][17, 22] 
[12, 17, 0, 19, 8, 26][15, 5, 6, 13, 18][7, 4, 1, 14][16, 27, 2, 29][9, 23, 4, 24][11, 3, 23, 20][21, 10, 27, 29][22, 25, 28][2, 7][6, 16][7, 25][17, 22] 
[12, 17, 0, 19, 8, 26][15, 5, 6, 13, 18][9, 23, 4, 24][7, 4, 1, 14][11, 3, 23, 20][16, 27, 2, 29][22, 25, 28][21, 10, 27][7, 25][2, 7][17, 22][6, 16] 
[12, 17, 0, 19, 8, 26][15, 5, 6, 13, 18][7, 4, 1, 14][16, 27, 2, 29][9, 23, 4, 24][11, 3, 23, 20][21, 10, 27, 29][22, 25, 28][2, 7][6, 16][7, 25][17, 22] 
