[9, 3, 1, 23, 24, 7, 16][5, 21, 15, 27, 29][2, 10, 6, 13][22, 17, 28, 25][4, 20, 14, 11][19, 12, 8, 26][0, 22, 18][2, 15][13, 18][11, 25][18, 19][20, 23] 
[9, 3, 1, 23, 24, 7, 16][5, 21, 15, 27, 29][4, 20, 14, 11][22, 17, 28, 25][2, 10, 6, 13][19, 12, 8, 26][0, 22, 18][11, 25][20, 23][13, 18][2, 15][18, 19] 
[9, 3, 1, 23, 24, 7, 16][5, 21, 15, 27, 29][4, 20, 14, 11][22, 17, 28, 25][2, 10, 6, 13][19, 12, 8, 26][0, 22, 18][11, 25][20, 23][13, 18][2, 15][18, 19] 
[9, 3, 1, 23, 24, 7, 16][5, 21, 15, 27, 29][4, 20, 14, 11][22, 17, 28, 25][2, 10, 6, 13][19, 12, 8, 26][0, 22, 18][11, 25][20, 23][13, 18][2, 15][18, 19] 
[9, 3, 1, 23, 24, 7, 16][5, 21, 15, 27, 29][4, 20, 14, 11][22, 17, 28, 25][2, 10, 6, 13][19, 12, 8, 26][0, 22, 18][11, 25][20, 23][13, 18][2, 15][18, 19] 
[9, 3, 1, 23, 24, 7, 16][5, 21, 15, 27, 29][4, 20, 14, 11][22, 17, 28, 25][19, 12, 8, 26][2, 10, 6, 13][0, 22, 18][20, 23][11, 25][18, 19][13, 18][2, 15] 
[9, 3, 1, 23, 24, 7, 16][5, 21, 15, 27, 29][4, 20, 14, 11][22, 17, 28, 25][2, 10, 6, 13][19, 12, 8, 26][0, 22, 18][11, 25][20, 23][13, 18][2, 15][18, 19] 
[9, 3, 1, 23, 24, 7, 16][5, 21, 15, 27, 29][4, 20, 14, 11][22, 17, 28, 25][2, 10, 6, 13][19, 12, 8, 26][0, 22, 18][11, 25][20, 23][13, 18][2, 15][18, 19] 
[9, 3, 1, 23, 24, 7, 16][5, 21, 15, 27, 29][4, 20, 14, 11][22, 17, 28, 25][19, 12, 8, 26][2, 10, 6, 13][0, 22, 18][20, 23][11, 25][18, 19][13, 18][2, 15] 
[9, 3, 1, 23, 24, 7, 16][5, 21, 15, 27, 29][4, 20, 14, 11][22, 17, 28, 25][2, 10, 6, 13][19, 12, 8, 26][0, 22, 18][11, 25][20, 23][13, 18][2, 15][18, 19] 
[9, 3, 1, 23, 24, 7, 16][5, 21, 15, 27, 29][2, 10, 6, 13][22, 17, 28, 25][4, 20, 14, 11][19, 12, 8, 26][0, 22, 18][2, 15][13, 18][11, 25][18, 19][20, 23] 
[9, 3, 1, 23, 24, 7, 16][5, 21, 15, 27, 29][4, 20, 14, 11][22, 17, 28, 25][2, 10, 6, 13][19, 12, 8, 26][0, 22, 18][11, 25][20, 23][13, 18][2, 15][18, 19] 
[9, 3, 1, 23, 24, 7, 16][5, 21, 15, 27, 29][10, 6, 13, 18][22, 17, 28, 25][4, 20, 14, 11][19, 12, 8, 26][0, 22, 18][11, 25][2, 10][2, 15][18, 19][20, 23] 
[9, 3, 1, 23, 24, 7, 16][5, 21, 15, 27, 29][4, 20, 14, 11][22, 17, 28, 25][2, 10, 6, 13][19, 12, 8, 26][0, 22, 18][11, 25][20, 23][13, 18][2, 15][18, 19] 
[9, 3, 1, 23, 24, 7, 16][5, 21, 15, 27, 29][4, 20, 14, 11][22, 17, 28, 25][2, 10, 6, 13][19, 12, 8, 26][0, 22, 18][11, 25][20, 23][13, 18][2, 15][18, 19] 
[9, 3, 1, 23, 24, 7, 16][5, 21, 15, 27, 29][4, 20, 14, 11][22, 17, 28, 25][19, 12, 8, 26][2, 10, 6, 13][0, 22, 18][20, 23][11, 25][18, 19][13, 18][2, 15] 
[9, 3, 1, 23, 24, 7, 16][5, 21, 15, 27, 29][22, 17, 28, 25][4, 20, 14, 11][19, 12, 8, 26][2, 10, 6, 13][0, 22, 18][11, 25][18, 19][13, 18][2, 15][20, 23] 
[9, 3, 1, 23, 24, 7, 16][5, 21, 15, 27, 29][4, 20, 14, 11][22, 17, 28, 25][2, 10, 6, 13][19, 12, 8, 26][0, 22, 18][11, 25][20, 23][13, 18][2, 15][18, 19] 
[9, 3, 1, 23, 24, 7, 16][5, 21, 15, 27, 29][4, 20, 14, 11][22, 17, 28, 25][2, 10, 6, 13][19, 12, 8, 26][0, 22, 18][11, 25][20, 23][13, 18][2, 15][18, 19] 
[9, 3, 1, 23, 24, 7, 16][5, 21, 15, 27, 29][4, 20, 14, 11][22, 17, 28, 25][2, 10, 6, 13][19, 12, 8, 26][0, 22, 18][11, 25][20, 23][13, 18][2, 15][18, 19] 
[9, 3, 1, 23, 24, 7, 16][5, 21, 15, 27, 29][4, 20, 14, 11][22, 17, 28, 25][2, 10, 6, 13][19, 12, 8, 26][0, 22, 18][11, 25][20, 23][13, 18][2, 15][18, 19] 
[9, 3, 1, 23, 24, 7, 16][5, 21, 15, 27, 29][4, 20, 14, 11][22, 17, 28, 25][2, 10, 6, 13][19, 12, 8, 26][0, 22, 18][11, 25][20, 23][13, 18][2, 15][18, 19] 
[9, 3, 1, 23, 24, 7, 16][5, 21, 15, 27, 29][4, 20, 14, 11][22, 17, 28, 25][2, 10, 6, 13][19, 12, 8, 26][0, 22, 18][11, 25][20, 23][13, 18][2, 15][18, 19] 
[9, 3, 1, 23, 24, 7, 16][5, 21, 15, 27, 29][4, 20, 14, 11][22, 17, 28, 25][2, 10, 6, 13][19, 12, 8, 26][0, 22, 18][11, 25][20, 23][13, 18][2, 15][18, 19] 
[9, 3, 1, 23, 24, 7, 16][5, 21, 15, 27, 29][4, 20, 14, 11][22, 17, 28, 25][2, 10, 6, 13][19, 12, 8, 26][0, 22, 18][11, 25][20, 23][13, 18][2, 15][18, 19] 
[9, 3, 1, 23, 24, 7, 16][5, 21, 15, 27, 29][4, 20, 14, 11][22, 17, 28, 25][19, 12, 8, 26][2, 10, 6, 13][0, 22, 18][20, 23][11, 25][18, 19][13, 18][2, 15] 
[9, 3, 1, 23, 24, 7, 16][5, 21, 15, 27, 29][4, 20, 14, 11][22, 17, 28, 25][2, 10, 6, 13][19, 12, 8, 26][0, 22, 18][11, 25][20, 23][13, 18][2, 15][18, 19] 
[9, 3, 1, 23, 24, 7, 16][5, 21, 15, 27, 29][4, 20, 14, 11][22, 17, 28, 25][2, 10, 6, 13][19, 12, 8, 26][0, 22, 18][11, 25][20, 23][13, 18][2, 15][18, 19] 
[9, 3, 1, 23, 24, 7, 16][5, 21, 15, 27, 29][4, 20, 14, 11][22, 17, 28, 25][2, 10, 6, 13][19, 12, 8, 26][0, 22, 18][11, 25][20, 23][13, 18][2, 15][18, 19] 
[9, 3, 1, 23, 24, 7, 16][5, 21, 15, 27, 29][4, 20, 14, 11][22, 17, 28, 25][2, 10, 6, 13][19, 12, 8, 26][0, 22, 18][20, 23][11, 25][13, 18][18, 19][2, 15] 
[9, 3, 1, 23, 24, 7, 16][5, 21, 15, 27, 29][4, 20, 14, 11][22, 17, 28, 25][2, 10, 6, 13][19, 12, 8, 26][0, 22, 18][11, 25][20, 23][13, 18][2, 15][18, 19] 
[9, 3, 1, 23, 24, 7, 16][5, 21, 15, 27, 29][4, 20, 14, 11][22, 17, 28, 25][2, 10, 6, 13][19, 12, 8, 26][0, 22, 18][11, 25][20, 23][13, 18][2, 15][18, 19] 
[9, 3, 1, 23, 24, 7, 16][5, 21, 15, 27, 29][4, 20, 14, 11][22, 17, 28, 25][2, 10, 6, 13][19, 12, 8, 26][0, 22, 18][11, 25][20, 23][13, 18][2, 15][18, 19] 
[9, 3, 1, 23, 24, 7, 16][5, 21, 15, 27, 29][4, 20, 14, 11][22, 17, 28, 25][2, 10, 6, 13][19, 12, 8, 26][0, 22, 18][20, 23][11, 25][13, 18][18, 19][2, 15] 
[9, 3, 1, 23, 24, 7, 16][5, 21, 15, 27, 29][4, 20, 14, 11][22, 17, 28, 25][2, 10, 6, 13][19, 12, 8, 26][0, 22, 18][11, 25][20, 23][13, 18][2, 15][18, 19] 
[15, 5, 21, 6, 2, 29, 10, 27, 16, 7, 14, 4, 24, 20][6, 13, 18, 0, 28, 25, 22, 12, 8, 26][12, 0, 19, 17, 11, 3, 1, 23][13, 18][1, 9][3, 11][3, 11][3, 11][3, 11][3, 11][3, 11][5, 21] 
[15, 5, 21, 6, 2, 29, 10, 27, 16, 7, 14, 4, 24, 20][6, 13, 18, 0, 28, 25, 22, 12, 8, 26][12, 0, 19, 17, 11, 3, 1, 23][13, 18][1, 9][3, 11][3, 11][3, 11][3, 11][3, 11][3, 11][5, 21] 
[15, 5, 21, 6, 2, 29, 10, 27, 16, 7, 14, 4, 24, 20][6, 13, 18, 0, 28, 25, 22, 12, 8, 26][12, 0, 19, 17, 11, 3, 1, 23][13, 18][1, 9][3, 11][3, 11][3, 11][3, 11][3, 11][3, 11][5, 21] 
[15, 5, 21, 6, 2, 29, 10, 27, 16, 7, 14, 4, 24, 20][13, 18, 0, 28, 25, 22, 12, 8, 26][0, 19, 17, 11, 3, 1, 23][4, 1, 9][13, 18][3, 11][3, 11][3, 11][3, 11][3, 11][3, 11][5, 21] 
[15, 5, 21, 6, 2, 29, 10, 27, 16, 7, 14, 4, 24, 20][13, 18, 0, 28, 25, 22, 12, 8, 26][0, 19, 17, 11, 3, 1, 23][4, 1, 9][13, 18][3, 11][3, 11][3, 11][3, 11][3, 11][3, 11][5, 21] 
[15, 5, 21, 6, 2, 29, 10, 27, 16, 7, 14, 4, 24, 20][13, 18, 0, 28, 25, 22, 12, 8, 26][0, 19, 17, 11, 3, 1, 23][4, 1, 9][13, 18][3, 11][3, 11][3, 11][3, 11][3, 11][3, 11][5, 21] 
[15, 5, 21, 6, 2, 29, 10, 27, 16, 7, 14, 4, 24, 20][6, 13, 18, 0, 28, 25, 22, 12, 8, 26][12, 0, 19, 17, 11, 3, 1, 23][13, 18][1, 9][3, 11][3, 11][3, 11][3, 11][3, 11][3, 11][5, 21] 
[15, 5, 21, 6, 2, 29, 10, 27, 16, 7, 14, 4, 24, 20][6, 13, 18, 0, 28, 25, 22, 12, 8, 26][12, 0, 19, 17, 11, 3, 1, 23][13, 18][1, 9][3, 11][3, 11][3, 11][3, 11][3, 11][3, 11][5, 21] 
[15, 5, 21, 6, 2, 29, 10, 27, 16, 7, 14, 4, 24, 20][13, 18, 0, 28, 25, 22, 12, 8, 26][0, 19, 17, 11, 3, 1, 23][4, 1, 9][13, 18][3, 11][3, 11][3, 11][3, 11][3, 11][3, 11][5, 21] 
[15, 5, 21, 6, 2, 29, 10, 27, 16, 7, 14, 4, 24, 20][6, 13, 18, 0, 28, 25, 22, 12, 8, 26][12, 0, 19, 17, 11, 3, 1, 23][13, 18][1, 9][3, 11][3, 11][3, 11][3, 11][3, 11][3, 11][5, 21] 
[15, 5, 21, 6, 2, 29, 10, 27, 16, 7, 14, 4, 24, 20][6, 13, 18, 0, 28, 25, 22, 12, 8, 26][12, 0, 19, 17, 11, 3, 1, 23][13, 18][1, 9][3, 11][3, 11][3, 11][3, 11][3, 11][3, 11][5, 21] 
[15, 5, 21, 6, 2, 29, 10, 27, 16, 7, 14, 4, 24, 20][6, 13, 18, 0, 28, 25, 22, 12, 8, 26][12, 0, 19, 17, 11, 3, 1, 23][13, 18][1, 9][3, 11][3, 11][3, 11][3, 11][3, 11][3, 11][5, 21] 
[15, 5, 21, 6, 2, 29, 10, 27, 16, 7, 14, 4, 24, 20][13, 18, 0, 28, 25, 22, 12, 8, 26][0, 19, 17, 11, 3, 1, 23][4, 1, 9][13, 18][3, 11][3, 11][3, 11][3, 11][3, 11][3, 11][5, 21] 
[15, 5, 21, 6, 2, 29, 10, 27, 16, 7, 14, 4, 24, 20][6, 13, 18, 0, 28, 25, 22, 12, 8, 26][12, 0, 19, 17, 11, 3, 1, 23][13, 18][1, 9][3, 11][3, 11][3, 11][3, 11][3, 11][3, 11][5, 21] 
[15, 5, 21, 6, 2, 29, 10, 27, 16, 7, 14, 4, 24, 20][6, 13, 18, 0, 28, 25, 22, 12, 8, 26][12, 0, 19, 17, 11, 3, 1, 23][13, 18][1, 9][3, 11][3, 11][3, 11][3, 11][3, 11][3, 11][5, 21] 
[2, 21, 5, 15, 6, 13, 18, 0, 28, 25, 22, 12, 8, 26][20, 24, 4, 14, 7, 16, 27, 10, 29, 2, 6, 21][12, 0, 19, 17, 11, 3, 1, 23][13, 18][1, 9][3, 11][3, 11][3, 11][3, 11][3, 11][3, 11][5, 21] 
[2, 21, 5, 15, 6, 13, 18, 0, 28, 25, 22, 12, 8, 26][20, 24, 4, 14, 7, 16, 27, 10, 29, 2, 6, 21][12, 0, 19, 17, 11, 3, 1, 23][13, 18][1, 9][3, 11][3, 11][3, 11][3, 11][3, 11][3, 11][5, 21] 
[15, 5, 21, 6, 2, 29, 10, 27, 16, 7, 14, 4, 24, 20][6, 13, 18, 0, 28, 25, 22, 12, 8, 26][19, 17, 11, 3, 1, 23][4, 1, 9][13, 18][3, 11][3, 11][3, 11][3, 11][3, 11][3, 11][5, 21] 
[2, 21, 5, 15, 6, 13, 18, 0, 28, 25, 22, 12, 8, 26][20, 24, 4, 14, 7, 16, 27, 10, 29, 2, 6, 21][12, 0, 19, 17, 11, 3, 1, 23][13, 18][1, 9][3, 11][3, 11][3, 11][3, 11][3, 11][3, 11][5, 21] 
[2, 21, 5, 15, 6, 13, 18, 0, 28, 25, 22, 12, 8, 26][20, 24, 4, 14, 7, 16, 27, 10, 29, 2, 6, 21][12, 0, 19, 17, 11, 3, 1, 23][13, 18][1, 9][3, 11][3, 11][3, 11][3, 11][3, 11][3, 11][5, 21] 
[2, 21, 5, 15, 6, 13, 18, 0, 28, 25, 22, 12, 8, 26][20, 24, 4, 14, 7, 16, 27, 10, 29, 2, 6, 21][12, 0, 19, 17, 11, 3, 1, 23][13, 18][1, 9][3, 11][3, 11][3, 11][3, 11][3, 11][3, 11][5, 21] 
[9, 3, 1, 23, 24, 7, 16][5, 21, 15, 27, 29][4, 20, 14, 11][22, 17, 28, 25][2, 10, 6, 13][19, 12, 8, 26][0, 22, 18][11, 25][20, 23][13, 18][2, 15][18, 19] 
[9, 3, 1, 23, 24, 7, 16][5, 21, 15, 27, 29][4, 20, 14, 11][22, 17, 28, 25][2, 10, 6, 13][19, 12, 8, 26][0, 22, 18][11, 25][20, 23][13, 18][2, 15][18, 19] 
[9, 3, 1, 23, 24, 7, 16][5, 21, 15, 27, 29][4, 20, 14, 11][22, 17, 28, 25][2, 10, 6, 13][19, 12, 8, 26][0, 22, 18][11, 25][20, 23][13, 18][2, 15][18, 19] 
[9, 3, 1, 23, 24, 7, 16][5, 21, 15, 27, 29][19, 12, 8, 26][22, 17, 28, 25][4, 20, 14, 11][2, 10, 6, 13][0, 22, 18][18, 19][11, 25][13, 18][2, 15][20, 23] 
[9, 3, 1, 23, 24, 7, 16][5, 21, 15, 27, 29][4, 20, 14, 11][22, 17, 28, 25][2, 10, 6, 13][19, 12, 8, 26][0, 22, 18][11, 25][20, 23][13, 18][2, 15][18, 19] 
[9, 3, 1, 23, 24, 7, 16][5, 21, 15, 27, 29][4, 20, 14, 11][22, 17, 28, 25][2, 10, 6, 13][19, 12, 8, 26][0, 22, 18][11, 25][20, 23][13, 18][2, 15][18, 19] 
[9, 3, 1, 23, 24, 7, 16][5, 21, 15, 27, 29][19, 12, 8, 26][22, 17, 28, 25][4, 20, 14, 11][2, 10, 6, 13][0, 22, 18][18, 19][11, 25][13, 18][2, 15][20, 23] 
[9, 3, 1, 23, 24, 7, 16][5, 21, 15, 27, 29][4, 20, 14, 11][22, 17, 28, 25][2, 10, 6, 13][19, 12, 8, 26][0, 22, 18][11, 25][20, 23][13, 18][2, 15][18, 19] 
[9, 3, 1, 23, 24, 7, 16][5, 21, 15, 27, 29][4, 20, 14, 11][22, 17, 28, 25][2, 10, 6, 13][19, 12, 8, 26][0, 22, 18][11, 25][20, 23][13, 18][2, 15][18, 19] 
[9, 3, 1, 23, 24, 7, 16][5, 21, 15, 27, 29][4, 20, 14, 11][22, 17, 28, 25][2, 10, 6, 13][19, 12, 8, 26][0, 22, 18][11, 25][20, 23][13, 18][2, 15][18, 19] 
[9, 3, 1, 23, 24, 7, 16][5, 21, 15, 27, 29][4, 20, 14, 11][22, 17, 28, 25][2, 10, 6, 13][19, 12, 8, 26][0, 22, 18][11, 25][20, 23][13, 18][2, 15][18, 19] 
[9, 3, 1, 23, 24, 7, 16][5, 21, 15, 27, 29][4, 20, 14, 11][22, 17, 28, 25][2, 10, 6, 13][19, 12, 8, 26][0, 22, 18][11, 25][20, 23][13, 18][2, 15][18, 19] 
[9, 3, 1, 23, 24, 7, 16][5, 21, 15, 27, 29][4, 20, 14, 11][22, 17, 28, 25][2, 10, 6, 13][19, 12, 8, 26][0, 22, 18][11, 25][20, 23][13, 18][2, 15][18, 19] 
[9, 3, 1, 23, 24, 7, 16][5, 21, 15, 27, 29][4, 20, 14, 11][22, 17, 28, 25][2, 10, 6, 13][19, 12, 8, 26][0, 22, 18][11, 25][20, 23][13, 18][2, 15][18, 19] 
[9, 3, 1, 23, 24, 7, 16][5, 21, 15, 27, 29][4, 20, 14, 11][22, 17, 28, 25][2, 10, 6, 13][19, 12, 8, 26][0, 22, 18][11, 25][20, 23][13, 18][2, 15][18, 19] 
[9, 3, 1, 23, 24, 7, 16][5, 21, 15, 27, 29][4, 20, 14, 11][22, 17, 28, 25][2, 10, 6, 13][19, 12, 8, 26][0, 22, 18][11, 25][20, 23][13, 18][2, 15][18, 19] 
[9, 3, 1, 23, 24, 7, 16][5, 21, 15, 27, 29][4, 20, 14, 11][22, 17, 28, 25][2, 10, 6, 13][19, 12, 8, 26][0, 22, 18][11, 25][20, 23][13, 18][2, 15][18, 19] 
[9, 3, 1, 23, 24, 7, 16][5, 21, 15, 27, 29][4, 20, 14, 11][22, 17, 28, 25][2, 10, 6, 13][19, 12, 8, 26][0, 22, 18][11, 25][20, 23][13, 18][2, 15][18, 19] 
[9, 3, 1, 23, 24, 7, 16][5, 21, 15, 27, 29][19, 12, 8, 26][22, 17, 28, 25][4, 20, 14, 11][2, 10, 6, 13][0, 22, 18][18, 19][11, 25][13, 18][2, 15][20, 23] 
[9, 3, 1, 23, 24, 7, 16][5, 21, 15, 27, 29][4, 20, 14, 11][22, 17, 28, 25][2, 10, 6, 13][19, 12, 8, 26][0, 22, 18][11, 25][20, 23][13, 18][2, 15][18, 19] 
[9, 3, 1, 23, 24, 7, 16][5, 21, 15, 27, 29][2, 10, 6, 13][22, 17, 28, 25][4, 20, 14, 11][19, 12, 8, 26][0, 22, 18][2, 21][13, 18][11, 25][20, 23][18, 19] 
[9, 3, 1, 23, 24, 7, 16][5, 21, 15, 27, 29][4, 20, 14, 11][22, 17, 28, 25][2, 10, 6, 13][19, 12, 8, 26][0, 22, 18][11, 25][20, 23][13, 18][2, 15][18, 19] 
[9, 3, 1, 23, 24, 7, 16][5, 21, 15, 27, 29][4, 20, 14, 11][22, 17, 28, 25][2, 10, 6, 13][19, 12, 8, 26][0, 22, 18][11, 25][20, 23][13, 18][2, 15][18, 19] 
[9, 3, 1, 23, 24, 7, 16][5, 21, 15, 27, 29][4, 20, 14, 11][22, 17, 28, 25][19, 12, 8, 26][2, 10, 6, 13][0, 22, 18][20, 23][11, 25][18, 19][13, 18][2, 15] 
[9, 3, 1, 23, 24, 7, 16][5, 21, 15, 27, 29][4, 20, 14, 11][22, 17, 28, 25][19, 12, 8, 26][2, 10, 6, 13][0, 22, 18][20, 23][11, 25][18, 19][13, 18][2, 15] 
[9, 3, 1, 23, 24, 7, 16][5, 21, 15, 27, 29][4, 20, 14, 11][22, 17, 28, 25][2, 10, 6, 13][19, 12, 8, 26][0, 22, 18][11, 25][20, 23][13, 18][2, 15][18, 19] 
[9, 3, 1, 23, 24, 7, 16][5, 21, 15, 27, 29][4, 20, 14, 11][22, 17, 28, 25][2, 10, 6, 13][19, 12, 8, 26][0, 22, 18][11, 25][20, 23][13, 18][2, 15][18, 19] 
[9, 3, 1, 23, 24, 7, 16][5, 21, 15, 27, 29][4, 20, 14, 11][22, 17, 28, 25][2, 10, 6, 13][19, 12, 8, 26][0, 22, 18][11, 25][20, 23][13, 18][2, 15][18, 19] 
[9, 3, 1, 23, 24, 7, 16][5, 21, 15, 27, 29][4, 20, 14, 11][22, 17, 28, 25][2, 10, 6, 13][19, 12, 8, 26][0, 22, 18][11, 25][20, 23][13, 18][2, 15][18, 19] 
[9, 3, 1, 23, 24, 7, 16][5, 21, 15, 27, 29][22, 17, 28, 25][4, 20, 14, 11][19, 12, 8, 26][2, 10, 6, 13][0, 22, 18][11, 25][18, 19][13, 18][2, 15][20, 23] 
[9, 3, 1, 23, 24, 7, 16][5, 21, 15, 27, 29][4, 20, 14, 11][22, 17, 28, 25][2, 10, 6, 13][19, 12, 8, 26][0, 22, 18][20, 23][11, 25][13, 18][18, 19][2, 15] 
[9, 3, 1, 23, 24, 7, 16][5, 21, 15, 27, 29][4, 20, 14, 11][22, 17, 28, 25][2, 10, 6, 13][19, 12, 8, 26][0, 22, 18][11, 25][20, 23][13, 18][2, 15][18, 19] 
[9, 3, 1, 23, 24, 7, 16][5, 21, 15, 27, 29][4, 20, 14, 11][22, 17, 28, 25][2, 10, 6, 13][19, 12, 8, 26][0, 22, 18][11, 25][20, 23][13, 18][2, 15][18, 19] 
[9, 3, 1, 23, 24, 7, 16][5, 21, 15, 27, 29][4, 20, 14, 11][22, 17, 28, 25][2, 10, 6, 13][19, 12, 8, 26][0, 22, 18][11, 25][20, 23][13, 18][2, 15][18, 19] 
[9, 3, 1, 23, 24, 7, 16][5, 21, 15, 27, 29][4, 20, 14, 11][22, 17, 28, 25][2, 10, 6, 13][19, 12, 8, 26][0, 22, 18][11, 25][20, 23][13, 18][2, 15][18, 19] 
[9, 3, 1, 23, 24, 7, 16][5, 21, 15, 27, 29][4, 20, 14, 11][22, 17, 28, 25][2, 10, 6, 13][19, 12, 8, 26][0, 22, 18][11, 25][20, 23][13, 18][2, 15][18, 19] 
[9, 3, 1, 23, 24, 7, 16][5, 21, 15, 27, 29][2, 10, 6, 13][22, 17, 28, 25][4, 20, 14, 11][19, 12, 8, 26][0, 22, 18][2, 15][13, 18][11, 25][18, 19][20, 23] 
[9, 3, 1, 23, 24, 7, 16][5, 21, 15, 27, 29][4, 20, 14, 11][22, 17, 28, 25][2, 10, 6, 13][19, 12, 8, 26][0, 22, 18][11, 25][20, 23][13, 18][2, 15][18, 19] 
[9, 3, 1, 23, 24, 7, 16][5, 21, 15, 27, 29][4, 20, 14, 11][22, 17, 28, 25][2, 10, 6, 13][19, 12, 8, 26][0, 22, 18][11, 25][20, 23][13, 18][2, 15][18, 19] 
[9, 3, 1, 23, 24, 7, 16][5, 21, 15, 27, 29][4, 20, 14, 11][22, 17, 28, 25][2, 10, 6, 13][19, 12, 8, 26][0, 22, 18][11, 25][20, 23][13, 18][2, 15][18, 19] 
[9, 3, 1, 23, 24, 7, 16][5, 21, 15, 27, 29][4, 20, 14, 11][22, 17, 28, 25][2, 10, 6, 13][19, 12, 8, 26][0, 22, 18][11, 25][20, 23][13, 18][2, 15][18, 19] 
[9, 3, 1, 23, 24, 7, 16][5, 21, 15, 27, 29][4, 20, 14, 11][22, 17, 28, 25][2, 10, 6, 13][19, 12, 8, 26][0, 22, 18][11, 25][20, 23][13, 18][2, 15][18, 19] 
[9, 3, 1, 23, 24, 7, 16][5, 21, 15, 27, 29][4, 20, 14, 11][22, 17, 28, 25][2, 10, 6, 13][19, 12, 8, 26][0, 22, 18][20, 23][11, 25][13, 18][18, 19][2, 15] 
[9, 3, 1, 23, 24, 7, 16][2, 10, 6, 13, 18][5, 21, 15, 27, 29][19, 12, 8, 26][22, 17, 28, 25][4, 20, 14, 11][0, 22, 19][13, 18][2, 21][0, 18][11, 25][20, 23] 
[9, 3, 1, 23, 24, 7, 16][2, 10, 6, 13, 18][5, 21, 15, 27, 29][19, 12, 8, 26][22, 17, 28, 25][4, 20, 14, 11][0, 22, 19][13, 18][2, 21][0, 18][11, 25][20, 23] 
[9, 3, 1, 23, 24, 7, 16][2, 10, 6, 13, 18][5, 21, 15, 27, 29][19, 12, 8, 26][22, 17, 28, 25][4, 20, 14, 11][0, 22, 19][13, 18][2, 21][0, 18][11, 25][20, 23] 
[9, 3, 1, 23, 24, 7, 16][2, 10, 6, 13, 18][5, 21, 15, 27, 29][19, 12, 8, 26][22, 17, 28, 25][4, 20, 14, 11][0, 22, 19][13, 18][2, 21][0, 18][11, 25][20, 23] 
[9, 3, 1, 23, 24, 7, 16][2, 10, 6, 13, 18][5, 21, 15, 27, 29][19, 12, 8, 26][22, 17, 28, 25][4, 20, 14, 11][0, 22, 19][13, 18][2, 21][0, 18][11, 25][20, 23] 
[9, 3, 1, 23, 24, 7, 16][2, 10, 6, 13, 18][5, 21, 15, 27, 29][19, 12, 8, 26][22, 17, 28, 25][4, 20, 14, 11][0, 22, 19][13, 18][2, 21][0, 18][11, 25][20, 23] 
[9, 3, 1, 23, 24, 7, 16][5, 21, 15, 27, 29][4, 20, 14, 11][22, 17, 28, 25][2, 10, 6, 13][19, 12, 8, 26][0, 22, 18][11, 25][20, 23][13, 18][2, 15][18, 19] 
[9, 3, 1, 23, 24, 7, 16][5, 21, 15, 27, 29][4, 20, 14, 11][22, 17, 28, 25][2, 10, 6, 13][19, 12, 8, 26][0, 22, 18][11, 25][20, 23][13, 18][2, 15][18, 19] 
[9, 3, 1, 23, 24, 7, 16][5, 21, 15, 27, 29][4, 20, 14, 11][22, 17, 28, 25][2, 10, 6, 13][19, 12, 8, 26][0, 22, 18][11, 25][20, 23][13, 18][2, 15][18, 19] 
[9, 3, 1, 23, 24, 7, 16][5, 21, 15, 27, 29][4, 20, 14, 11][22, 17, 28, 25][2, 10, 6, 13][19, 12, 8, 26][0, 22, 18][11, 25][20, 23][13, 18][2, 15][18, 19] 
[9, 3, 1, 23, 24, 7, 16][5, 21, 15, 27, 29][4, 20, 14, 11][22, 17, 28, 25][2, 10, 6, 13][19, 12, 8, 26][0, 22, 18][11, 25][20, 23][13, 18][2, 15][18, 19] 
[9, 3, 1, 23, 24, 7, 16][5, 21, 15, 27, 29][4, 20, 14, 11][22, 17, 28, 25][2, 10, 6, 13][19, 12, 8, 26][0, 22, 18][11, 25][20, 23][13, 18][2, 15][18, 19] 
[9, 3, 1, 23, 24, 7, 16][5, 21, 15, 27, 29][4, 20, 14, 11][22, 17, 28, 25][2, 10, 6, 13][19, 12, 8, 26][0, 22, 18][11, 25][20, 23][13, 18][2, 15][18, 19] 
