[16, 27, 10, 2, 29][20, 4, 24, 14, 23][9, 1, 3, 11, 17][22, 18, 0, 26][12, 22, 25, 28][8, 19, 18, 13][5, 6, 13][6, 10, 15][7, 16][7, 24][5, 21][1, 14] 
[16, 27, 10, 2, 29][20, 4, 24, 14, 23][9, 1, 3, 11, 17][22, 18, 0, 26][12, 22, 25, 28][8, 19, 18, 13][5, 6, 13][6, 10, 15][7, 16][7, 24][5, 21][1, 14] 
[9, 1, 3, 11, 17][20, 4, 24, 14, 23][16, 27, 10, 2, 29][8, 12, 22, 25, 28][22, 18, 0, 26][6, 10, 15][5, 6, 13][13, 18, 19][1, 14][7, 24][7, 16][5, 21] 
[20, 4, 24, 14, 23][9, 1, 3, 11, 17][16, 27, 10, 2, 29][8, 12, 22, 25, 28][22, 18, 0, 26][6, 10, 15][5, 6, 13][13, 18, 19][1, 14][7, 24][7, 16][5, 21] 
[16, 27, 10, 2, 29][8, 12, 22, 25, 28][20, 4, 24, 14, 23][9, 1, 3, 11, 17][22, 18, 0, 26][6, 10, 15][5, 6, 13][13, 18, 19][7, 16][7, 24][5, 21][1, 14] 
[16, 27, 10, 2, 29][8, 12, 22, 25, 28][20, 4, 24, 14, 23][9, 1, 3, 11, 17][22, 18, 0, 26][6, 10, 15][5, 6, 13][13, 18, 19][7, 16][7, 24][5, 21][1, 14] 
[20, 4, 24, 14, 23][9, 1, 3, 11, 17][16, 27, 10, 2, 29][8, 12, 22, 25, 28][22, 18, 0, 26][6, 10, 15][5, 6, 13][13, 18, 19][1, 14][7, 24][7, 16][5, 21] 
[8, 12, 22, 25, 28][16, 27, 10, 2, 29][20, 4, 24, 14, 23][9, 1, 3, 11, 17][22, 18, 0, 26][13, 18, 19][5, 6, 13][6, 10, 15][5, 21][7, 16][7, 24][1, 14] 
[9, 1, 3, 11, 17][20, 4, 24, 14, 23][16, 27, 10, 2, 29][8, 12, 22, 25, 28][22, 18, 0, 26][6, 10, 15][5, 6, 13][13, 18, 19][1, 14][7, 24][7, 16][5, 21] 
[16, 27, 10, 2, 29][8, 12, 22, 25, 28][20, 4, 24, 14, 23][9, 1, 3, 11, 17][22, 18, 0, 26][6, 10, 15][5, 6, 13][13, 18, 19][7, 16][7, 24][5, 21][1, 14] 
[16, 27, 10, 2, 29][20, 4, 24, 14, 23][9, 1, 3, 11, 17][22, 18, 0, 26][12, 22, 25, 28][8, 19, 18, 13][5, 6, 13][6, 10, 15][7, 16][7, 24][5, 21][1, 14] 
[16, 27, 10, 2, 29][20, 4, 24, 14, 23][9, 1, 3, 11, 17][8, 19, 18, 13][22, 18, 0, 26][12, 22, 25, 28][6, 10, 15][5, 6, 13][7, 16][5, 21][7, 24][1, 14] 
[20, 4, 24, 14, 23][9, 1, 3, 11, 17][16, 27, 10, 2, 29][8, 12, 22, 25, 28][22, 18, 0, 26][6, 10, 15][5, 6, 13][13, 18, 19][1, 14][7, 24][7, 16][5, 21] 
[8, 12, 22, 25, 28][16, 27, 10, 2, 29][20, 4, 24, 14, 23][9, 1, 3, 11, 17][22, 18, 0, 26][13, 18, 19][5, 6, 13][6, 10, 15][5, 21][7, 16][7, 24][1, 14] 
[20, 4, 24, 14, 23][9, 1, 3, 11, 17][16, 27, 10, 2, 29][8, 12, 22, 25, 28][22, 18, 0, 26][6, 10, 15][5, 6, 13][13, 18, 19][1, 14][7, 24][7, 16][5, 21] 
[8, 12, 22, 25, 28][16, 27, 10, 2, 29][20, 4, 24, 14, 23][9, 1, 3, 11, 17][22, 18, 0, 26][13, 18, 19][5, 6, 13][6, 10, 15][5, 21][7, 16][7, 24][1, 14] 
[9, 1, 3, 11, 17][20, 4, 24, 14, 23][16, 27, 10, 2, 29][8, 19, 18, 13][22, 18, 0, 26][12, 22, 25, 28][6, 10, 15][5, 6, 13][1, 14][7, 24][7, 16][5, 21] 
[9, 1, 3, 11, 17][20, 4, 24, 14, 23][16, 27, 10, 2, 29][8, 19, 18, 13][22, 18, 0, 26][12, 22, 25, 28][6, 10, 15][5, 6, 13][1, 14][7, 24][7, 16][5, 21] 
[16, 27, 10, 2, 29][8, 12, 22, 25, 28][20, 4, 24, 14, 23][9, 1, 3, 11, 17][22, 18, 0, 26][6, 10, 15][5, 6, 13][13, 18, 19][7, 16][7, 24][5, 21][1, 14] 
[20, 4, 24, 14, 23][16, 27, 10, 2, 29][9, 1, 3, 11, 17][8, 19, 18, 13][22, 18, 0, 26][12, 22, 25, 28][6, 10, 15][5, 6, 13][7, 24][7, 16][1, 14][5, 21] 
[16, 27, 10, 2, 29][20, 4, 24, 14, 23][9, 1, 3, 11, 17][22, 18, 0, 26][12, 22, 25, 28][8, 19, 18, 13][5, 6, 13][6, 10, 15][7, 16][7, 24][5, 21][1, 14] 
[9, 1, 3, 11, 17][20, 4, 24, 14, 23][16, 27, 10, 2, 29][8, 19, 18, 13][22, 18, 0, 26][12, 22, 25, 28][6, 10, 15][5, 6, 13][1, 14][7, 24][7, 16][5, 21] 
[16, 27, 10, 2, 29][8, 12, 22, 25, 28][20, 4, 24, 14, 23][9, 1, 3, 11, 17][22, 18, 0, 26][6, 10, 15][5, 6, 13][13, 18, 19][7, 16][7, 24][5, 21][1, 14] 
[8, 12, 22, 25, 28][16, 27, 10, 2, 29][20, 4, 24, 14, 23][9, 1, 3, 11, 17][22, 18, 0, 26][13, 18, 19][5, 6, 13][6, 10, 15][5, 21][7, 16][7, 24][1, 14] 
[8, 12, 22, 25, 28][16, 27, 10, 2, 29][20, 4, 24, 14, 23][9, 1, 3, 11, 17][22, 18, 0, 26][5, 6, 13][13, 18, 19][6, 10, 15][5, 21][7, 16][7, 24][1, 14] 
[9, 1, 3, 11, 17][20, 4, 24, 14, 23][16, 27, 10, 2, 29][8, 12, 22, 25, 28][22, 18, 0, 26][6, 10, 15][5, 6, 13][13, 18, 19][1, 14][7, 24][7, 16][5, 21] 
[16, 27, 10, 2, 29][20, 4, 24, 14, 23][9, 1, 3, 11, 17][8, 19, 18, 13][22, 18, 0, 26][12, 22, 25, 28][5, 6, 13][6, 10, 15][7, 16][7, 24][5, 21][1, 14] 
[9, 1, 3, 11, 17][20, 4, 24, 14, 23][16, 27, 10, 2, 29][8, 19, 18, 13][22, 18, 0, 26][12, 22, 25, 28][6, 10, 15][5, 6, 13][1, 14][7, 24][7, 16][5, 21] 
[8, 12, 22, 25, 28][16, 27, 10, 2, 29][20, 4, 24, 14, 23][9, 1, 3, 11, 17][22, 18, 0, 26][13, 18, 19][5, 6, 13][6, 10, 15][5, 21][7, 16][7, 24][1, 14] 
[20, 4, 24, 14, 23][16, 27, 10, 2, 29][9, 1, 3, 11, 17][8, 19, 18, 13][22, 18, 0, 26][12, 22, 25, 28][6, 10, 15][5, 6, 13][7, 24][7, 16][1, 14][5, 21] 
[16, 27, 10, 2, 29][20, 4, 24, 14, 23][9, 1, 3, 11, 17][22, 18, 0, 26][8, 19, 18, 13][12, 22, 25, 28][5, 6, 13][6, 10, 15][7, 16][7, 24][5, 21][1, 14] 
[9, 1, 3, 11, 17][20, 4, 24, 14, 23][16, 27, 10, 2, 29][8, 19, 18, 13][22, 18, 0, 26][12, 22, 25, 28][6, 10, 15][5, 6, 13][1, 14][7, 24][7, 16][5, 21] 
[16, 27, 10, 2, 29][8, 12, 22, 25, 28][20, 4, 24, 14, 23][9, 1, 3, 11, 17][22, 18, 0, 26][6, 10, 15][5, 6, 13][13, 18, 19][7, 16][7, 24][5, 21][1, 14] 
[16, 27, 10, 2, 29][20, 4, 24, 14, 23][9, 1, 3, 11, 17][22, 18, 0, 26][8, 19, 18, 13][12, 22, 25, 28][5, 6, 13][6, 10, 15][7, 16][7, 24][5, 21][1, 14] 
[9, 1, 3, 11, 17][20, 4, 24, 14, 23][16, 27, 10, 2, 29][8, 19, 18, 13][22, 18, 0, 26][12, 22, 25, 28][6, 10, 15][5, 6, 13][1, 14][7, 24][7, 16][5, 21] 
[17, 22, 12, 8, 26, 0, 13, 6, 5, 21, 10, 29, 15, 16, 27][4, 1, 9, 23, 3, 24, 14, 20, 7, 2, 29][0, 28, 25, 11][18, 0, 19][0, 13][0, 13][7, 20][7, 20][12, 22][25, 28][8, 12][25, 28] 
[17, 22, 12, 8, 26, 0, 13, 6, 5, 21, 10, 29, 15, 16, 27][4, 1, 9, 23, 3, 24, 14, 20, 7, 2, 29][0, 28, 25, 11][18, 0, 19][0, 13][0, 13][7, 20][7, 20][12, 22][25, 28][8, 12][25, 28] 
[17, 22, 12, 8, 26, 0, 13, 6, 5, 21, 10, 29, 15, 16, 27][5, 21, 10, 15, 6, 13, 18, 0, 28, 25, 11, 17][4, 1, 9, 23, 3, 24, 14, 20, 7, 2, 29][7, 20][8, 12][12, 22][0, 13][7, 20][3, 23][19, 22][7, 20][0, 13] 
[17, 22, 12, 8, 26, 0, 13, 6, 5, 21, 10, 29, 15, 16, 27][2, 7, 20, 14, 24, 3, 23, 9, 1, 4][0, 28, 25, 11][8, 19, 18][0, 13][1, 9][25, 28][7, 20][25, 28][2, 29][5, 6][5, 21] 
[17, 22, 12, 8, 26, 0, 13, 6, 5, 21, 10, 29, 15, 16, 27][2, 7, 20, 14, 24, 3, 23, 9, 1, 4][0, 28, 25, 11][8, 19, 18][0, 13][1, 9][25, 28][7, 20][25, 28][2, 29][5, 6][5, 21] 
[16, 15, 29, 10, 21, 5, 6, 13, 0, 26, 8, 12, 22, 17][2, 7, 20, 14, 24, 3, 23, 9, 1, 4][11, 25, 28, 0, 18][0, 13][16, 27][2, 29][19, 22][3, 23][8, 12][7, 20][0, 13][7, 20] 
[17, 22, 12, 8, 26, 0, 13, 6, 5, 21, 10, 29, 15, 16, 27][4, 1, 9, 23, 3, 24, 14, 20, 7, 2, 29][0, 28, 25, 11][18, 0, 19][0, 13][0, 13][7, 20][7, 20][12, 22][25, 28][8, 12][25, 28] 
[17, 22, 12, 8, 26, 0, 13, 6, 5, 21, 10, 29, 15, 16, 27][4, 1, 9, 23, 3, 24, 14, 20, 7, 2, 29][11, 25, 28, 0, 18][12, 18, 0, 19, 22][7, 20][8, 12][12, 22][0, 13][7, 20][3, 23][7, 20][0, 13] 
[17, 22, 12, 8, 26, 0, 13, 6, 5, 21, 10, 29, 15, 16, 27][2, 7, 20, 14, 24, 3, 23, 9, 1, 4][0, 28, 25, 11][8, 19, 18][0, 13][1, 9][25, 28][7, 20][25, 28][2, 29][5, 6][5, 21] 
[17, 22, 12, 8, 26, 0, 13, 6, 5, 21, 10, 29, 15, 16, 27][4, 1, 9, 23, 3, 24, 14, 20, 7, 2, 29][0, 28, 25, 11][18, 0, 19][0, 13][0, 13][7, 20][7, 20][12, 22][25, 28][8, 12][25, 28] 
[17, 22, 12, 8, 26, 0, 13, 6, 5, 21, 10, 29, 15, 16, 27][4, 1, 9, 23, 3, 24, 14, 20, 7, 2, 29][11, 25, 28, 0, 18, 17][12, 18, 0, 19, 22][7, 20, 14][8, 12][12, 22][0, 13][7, 20][3, 23][7, 20][0, 13] 
[17, 22, 12, 8, 26, 0, 13, 6, 5, 21, 10, 29, 15, 16, 27][4, 1, 9, 23, 3, 24, 14, 20, 7, 2, 29][11, 25, 28, 0, 18][12, 18, 0, 19, 22][7, 20][8, 12][12, 22][0, 13][7, 20][3, 23][7, 20][0, 13] 
[17, 22, 12, 8, 26, 0, 13, 6, 5, 21, 10, 29, 15, 16, 27][2, 7, 20, 14, 24, 3, 23, 9, 1, 4][0, 28, 25, 11][8, 19, 18][0, 13][1, 9][25, 28][7, 20][25, 28][2, 29][5, 6][5, 21] 
[17, 22, 12, 8, 26, 0, 13, 6, 5, 21, 10, 29, 15, 16, 27][4, 1, 9, 23, 3, 24, 14, 20, 7, 2, 29][0, 28, 25, 11][18, 0, 19][0, 13][0, 13][7, 20][7, 20][12, 22][25, 28][8, 12][25, 28] 
[17, 22, 12, 8, 26, 0, 13, 6, 5, 21, 10, 29, 15, 16, 27][4, 1, 9, 23, 3, 24, 14, 20, 7, 2, 29][0, 28, 25, 11][18, 0, 19][0, 13][0, 13][7, 20][7, 20][12, 22][25, 28][8, 12][25, 28] 
[17, 22, 12, 8, 26, 0, 13, 6, 5, 21, 10, 29, 15, 16, 27][4, 1, 9, 23, 3, 24, 14, 20, 7, 2, 29][11, 25, 28, 0, 18][7, 20][8, 12][12, 22][0, 13][7, 20][3, 23][19, 22][7, 20][0, 13] 
[17, 22, 12, 8, 26, 0, 13, 6, 5, 21, 10, 29, 15, 16, 27][4, 1, 9, 23, 3, 24, 14, 20, 7, 2, 29][11, 25, 28, 0, 18][12, 18, 0, 19, 22][7, 20, 14][8, 12][12, 22][0, 13][7, 20][3, 23][7, 20][0, 13] 
[17, 22, 12, 8, 26, 0, 13, 6, 5, 21, 10, 29, 15, 16, 27][4, 1, 9, 3, 24, 14, 20, 7, 2, 29][11, 25, 28, 0, 18][7, 20][8, 12][12, 22][0, 13][7, 20][3, 23][19, 22][7, 20][0, 13] 
[17, 22, 12, 8, 26, 0, 13, 6, 5, 21, 10, 29, 15, 16, 27][4, 1, 9, 23, 3, 24, 14, 20, 7, 2, 29][11, 25, 28, 0, 18][7, 20][8, 12][12, 22][0, 13][7, 20][3, 23][19, 22][7, 20][0, 13] 
[17, 22, 12, 8, 26, 0, 13, 6, 5, 21, 10, 29, 15, 16, 27][4, 1, 9, 23, 3, 24, 14, 20, 7, 2, 29][11, 25, 28, 0, 18][7, 20][8, 12][12, 22][0, 13][7, 20][3, 23][19, 22][7, 20][0, 13] 
[17, 22, 12, 8, 26, 0, 13, 6, 5, 21, 10, 29, 15, 16, 27][5, 21, 10, 15, 6, 13, 18, 0, 28, 25, 11, 17][4, 1, 9, 23, 3, 24, 14, 20, 7, 2, 29][7, 20][8, 12][12, 22][0, 13][7, 20][3, 23][19, 22][7, 20][0, 13] 
[16, 27, 10, 2, 29][8, 12, 22, 25, 28][20, 4, 24, 14, 23][9, 1, 3, 11, 17][22, 18, 0, 26][6, 10, 15][5, 6, 13][13, 18, 19][7, 16][7, 24][5, 21][1, 14] 
[16, 27, 10, 2, 29][8, 12, 22, 25, 28][20, 4, 24, 14, 23][9, 1, 3, 11, 17][22, 18, 0, 26][6, 10, 15][5, 6, 13][13, 18, 19][7, 16][7, 24][5, 21][1, 14] 
[8, 12, 22, 25, 28][16, 27, 10, 2, 29][20, 4, 24, 14, 23][9, 1, 3, 11, 17][22, 18, 0, 26][5, 6, 13][13, 18, 19][6, 10, 15][5, 21][7, 16][7, 24][1, 14] 
[16, 27, 10, 2, 29][8, 12, 22, 25, 28][20, 4, 24, 14, 23][9, 1, 3, 11, 17][22, 18, 0, 26][6, 10, 15][5, 6, 13][13, 18, 19][7, 16][7, 24][5, 21][1, 14] 
[8, 12, 22, 25, 28][16, 27, 10, 2, 29][20, 4, 24, 14, 23][9, 1, 3, 11, 17][22, 18, 0, 26][13, 18, 19][5, 6, 13][6, 10, 15][5, 21][7, 16][7, 24][1, 14] 
[16, 27, 10, 2, 29][8, 12, 22, 25, 28][20, 4, 24, 14, 23][9, 1, 3, 11, 17][22, 18, 0, 26][6, 10, 15][5, 6, 13][13, 18, 19][7, 16][7, 24][5, 21][1, 14] 
[8, 12, 22, 25, 28][16, 27, 10, 2, 29][20, 4, 24, 14, 23][9, 1, 3, 11, 17][22, 18, 0, 26][13, 18, 19][5, 6, 13][6, 10, 15][5, 21][7, 16][7, 24][1, 14] 
[16, 27, 10, 2, 29][8, 12, 22, 25, 28][20, 4, 24, 14, 23][9, 1, 3, 11, 17][22, 18, 0, 26][6, 10, 15][5, 6, 13][13, 18, 19][7, 16][7, 24][5, 21][1, 14] 
[8, 12, 22, 25, 28][16, 27, 10, 2, 29][20, 4, 24, 14, 23][9, 1, 3, 11, 17][22, 18, 0, 26][13, 18, 19][5, 6, 13][6, 10, 15][5, 21][7, 16][7, 24][1, 14] 
[16, 27, 10, 2, 29][8, 12, 22, 25, 28][20, 4, 24, 14, 23][9, 1, 3, 11, 17][22, 18, 0, 26][6, 10, 15][5, 6, 13][13, 18, 19][7, 16][7, 24][5, 21][1, 14] 
[16, 27, 10, 2, 29][8, 12, 22, 25, 28][20, 4, 24, 14, 23][9, 1, 3, 11, 17][22, 18, 0, 26][6, 10, 15][5, 6, 13][13, 18, 19][7, 16][7, 24][5, 21][1, 14] 
[8, 12, 22, 25, 28][16, 27, 10, 2, 29][20, 4, 24, 14, 23][9, 1, 3, 11, 17][22, 18, 0, 26][5, 6, 13][13, 18, 19][6, 10, 15][5, 21][7, 16][7, 24][1, 14] 
[16, 27, 10, 2, 29][8, 12, 22, 25, 28][20, 4, 24, 14, 23][9, 1, 3, 11, 17][22, 18, 0, 26][6, 10, 15][5, 6, 13][13, 18, 19][7, 16][7, 24][5, 21][1, 14] 
[16, 27, 10, 2, 29][8, 12, 22, 25, 28][20, 4, 24, 14, 23][9, 1, 3, 11, 17][22, 18, 0, 26][6, 10, 15][5, 6, 13][13, 18, 19][7, 16][7, 24][5, 21][1, 14] 
[16, 27, 10, 2, 29][8, 12, 22, 25, 28][20, 4, 24, 14, 23][9, 1, 3, 11, 17][22, 18, 0, 26][6, 10, 15][5, 6, 13][13, 18, 19][7, 16][7, 24][5, 21][1, 14] 
[20, 4, 24, 14, 23][9, 1, 3, 11, 17][16, 27, 10, 2, 29][8, 19, 18, 13][22, 18, 0, 26][12, 22, 25, 28][6, 10, 15][5, 6, 13][1, 14][7, 24][7, 16][5, 21] 
[20, 4, 24, 14, 23][9, 1, 3, 11, 17][16, 27, 10, 2, 29][8, 19, 18, 13][22, 18, 0, 26][12, 22, 25, 28][6, 10, 15][5, 6, 13][7, 24][1, 14][7, 16][5, 21] 
[20, 4, 24, 14, 23][9, 1, 3, 11, 17][16, 27, 10, 2, 29][8, 19, 18, 13][22, 18, 0, 26][12, 22, 25, 28][6, 10, 15][5, 6, 13][7, 24][1, 14][7, 16][5, 21] 
[20, 4, 24, 14, 23][9, 1, 3, 11, 17][16, 27, 10, 2, 29][8, 19, 18, 13][22, 18, 0, 26][12, 22, 25, 28][6, 10, 15][5, 6, 13][7, 24][1, 14][7, 16][5, 21] 
[20, 4, 24, 14, 23][9, 1, 3, 11, 17][16, 27, 10, 2, 29][8, 19, 18, 13][22, 18, 0, 26][12, 22, 25, 28][6, 10, 15][5, 6, 13][1, 14][7, 24][7, 16][5, 21] 
[7, 16, 27, 10, 2, 29][8, 12, 22, 25, 28][20, 4, 24, 14, 23][9, 1, 3, 11, 17][5, 6, 13][6, 10, 15][13, 18, 19][18, 0, 26][5, 21][7, 24][1, 14][18, 22] 
[16, 27, 10, 2, 29][8, 12, 22, 25, 28][20, 4, 24, 14, 23][9, 1, 3, 11, 17][22, 18, 0, 26][6, 10, 15][5, 6, 13][13, 18, 19][7, 16][7, 24][5, 21][1, 14] 
[16, 27, 10, 2, 29][8, 12, 22, 25, 28][20, 4, 24, 14, 23][9, 1, 3, 11, 17][22, 18, 0, 26][6, 10, 15][5, 6, 13][13, 18, 19][7, 16][7, 24][5, 21][1, 14] 
[16, 27, 10, 2, 29][8, 12, 22, 25, 28][20, 4, 24, 14, 23][9, 1, 3, 11, 17][22, 18, 0, 26][6, 10, 15][5, 6, 13][13, 18, 19][7, 16][7, 24][5, 21][1, 14] 
[16, 27, 10, 2, 29][8, 12, 22, 25, 28][20, 4, 24, 14, 23][9, 1, 3, 11, 17][22, 18, 0, 26][6, 10, 15][5, 6, 13][13, 18, 19][7, 16][7, 24][5, 21][1, 14] 
[16, 27, 10, 2, 29][8, 12, 22, 25, 28][20, 4, 24, 14, 23][9, 1, 3, 11, 17][22, 18, 0, 26][6, 10, 15][5, 6, 13][13, 18, 19][7, 16][7, 24][5, 21][1, 14] 
[16, 27, 10, 2, 29][8, 12, 22, 25, 28][20, 4, 24, 14, 23][9, 1, 3, 11, 17][22, 18, 0, 26][6, 10, 15][5, 6, 13][13, 18, 19][7, 16][7, 24][5, 21][1, 14] 
[16, 27, 10, 2, 29][8, 12, 22, 25, 28][20, 4, 24, 14, 23][9, 1, 3, 11, 17][22, 18, 0, 26][6, 10, 15][5, 6, 13][13, 18, 19][7, 16][7, 24][5, 21][1, 14] 
[16, 27, 10, 2, 29][20, 4, 24, 14, 23][9, 1, 3, 11, 17][8, 19, 18, 13][22, 18, 0, 26][12, 22, 25, 28][6, 10, 15][5, 6, 13][7, 16][5, 21][7, 24][1, 14] 
[16, 27, 10, 2, 29][20, 4, 24, 14, 23][9, 1, 3, 11, 17][12, 22, 25, 28][22, 18, 0, 26][8, 19, 18, 13][5, 6, 13][6, 10, 15][5, 21][7, 16][7, 24][1, 14] 
[20, 4, 24, 14, 23][9, 1, 3, 11, 17][16, 27, 10, 2, 29][8, 19, 18, 13][22, 18, 0, 26][12, 22, 25, 28][6, 10, 15][5, 6, 13][1, 14][7, 24][7, 16][5, 21] 
[16, 27, 10, 2, 29][20, 4, 24, 14, 23][9, 1, 3, 11, 17][8, 19, 18, 13][22, 18, 0, 26][12, 22, 25, 28][5, 6, 13][6, 10, 15][7, 16][7, 24][5, 21][1, 14] 
[16, 27, 10, 2, 29][20, 4, 24, 14, 23][9, 1, 3, 11, 17][8, 19, 18, 13][22, 18, 0, 26][12, 22, 25, 28][6, 10, 15][5, 6, 13][7, 16][5, 21][7, 24][1, 14] 
[20, 4, 24, 14, 23][9, 1, 3, 11, 17][16, 27, 10, 2, 29][8, 19, 18, 13][22, 18, 0, 26][12, 22, 25, 28][6, 10, 15][5, 6, 13][1, 14][7, 24][7, 16][5, 21] 
[16, 27, 10, 2, 29][20, 4, 24, 14, 23][9, 1, 3, 11, 17][22, 18, 0, 26][12, 22, 25, 28][8, 19, 18, 13][5, 6, 13][6, 10, 15][7, 16][7, 24][5, 21][1, 14] 
[16, 27, 10, 2, 29][20, 4, 24, 14, 23][9, 1, 3, 11, 17][8, 19, 18, 13][22, 18, 0, 26][12, 22, 25, 28][6, 10, 15][5, 6, 13][7, 16][5, 21][7, 24][1, 14] 
[16, 27, 10, 2, 29][20, 4, 24, 14, 23][9, 1, 3, 11, 17][22, 18, 0, 26][8, 19, 18, 13][12, 22, 25, 28][5, 6, 13][6, 10, 15][7, 16][7, 24][5, 21][1, 14] 
[16, 27, 10, 2, 29][20, 4, 24, 14, 23][9, 1, 3, 11, 17][8, 19, 18, 13][22, 18, 0, 26][12, 22, 25, 28][6, 10, 15][5, 6, 13][7, 16][5, 21][7, 24][1, 14] 
[9, 1, 3, 11, 17][20, 4, 24, 14, 23][16, 27, 10, 2, 29][8, 19, 18, 13][22, 18, 0, 26][12, 22, 25, 28][6, 10, 15][5, 6, 13][1, 14][7, 24][7, 16][5, 21] 
[9, 1, 3, 11, 17][20, 4, 24, 14, 23][16, 27, 10, 2, 29][8, 19, 18, 13][22, 18, 0, 26][12, 22, 25, 28][6, 10, 15][5, 6, 13][1, 14][7, 24][7, 16][5, 21] 
[16, 27, 10, 2, 29][20, 4, 24, 14, 23][9, 1, 3, 11, 17][8, 19, 18, 13][22, 18, 0, 26][12, 22, 25, 28][5, 6, 13][6, 10, 15][5, 21][7, 16][7, 24][1, 14] 
[16, 27, 10, 2, 29][20, 4, 24, 14, 23][9, 1, 3, 11, 17][8, 19, 18, 13][22, 18, 0, 26][12, 22, 25, 28][5, 6, 13][6, 10, 15][5, 21][7, 16][7, 24][1, 14] 
[20, 4, 24, 14, 23][9, 1, 3, 11, 17][16, 27, 10, 2, 29][8, 19, 18, 13][22, 18, 0, 26][12, 22, 25, 28][6, 10, 15][5, 6, 13][1, 14][7, 24][7, 16][5, 21] 
[7, 16, 27, 10, 2, 29][20, 4, 24, 14, 23][9, 1, 3, 11, 17][8, 19, 18, 13][22, 18, 0, 26][12, 22, 25, 28][9, 1, 14][6, 10, 15][5, 6, 13][7, 24][7, 16][5, 21] 
[7, 16, 27, 10, 2, 29][20, 4, 24, 14, 23][9, 1, 3, 11, 17][8, 19, 18, 13][22, 18, 0, 26][12, 22, 25, 28][9, 1, 14][6, 10, 15][5, 6, 13][7, 24][7, 16][5, 21] 
[7, 16, 27, 10, 2, 29][20, 4, 24, 14, 23][9, 1, 3, 11, 17][8, 19, 18, 13][22, 18, 0, 26][12, 22, 25, 28][9, 1, 14][6, 10, 15][5, 6, 13][7, 24][7, 16][5, 21] 
[7, 16, 27, 10, 2, 29][20, 4, 24, 14, 23][9, 1, 3, 11, 17][8, 19, 18, 13][22, 18, 0, 26][12, 22, 25, 28][9, 1, 14][6, 10, 15][5, 6, 13][7, 24][7, 16][5, 21] 
[7, 16, 27, 10, 2, 29][20, 4, 24, 14, 23][9, 1, 3, 11, 17][8, 19, 18, 13][22, 18, 0, 26][12, 22, 25, 28][9, 1, 14][6, 10, 15][5, 6, 13][7, 24][7, 16][5, 21] 
[7, 16, 27, 10, 2, 29][20, 4, 24, 14, 23][9, 1, 3, 11, 17][8, 26, 0, 18, 22][8, 19, 18, 13][12, 22, 25, 28][9, 1, 14][6, 10, 15][5, 6, 13][7, 24][7, 16][5, 21] 
[8, 12, 22, 25, 28][16, 27, 10, 2, 29][20, 4, 24, 14, 23][9, 1, 3, 11, 17][22, 18, 0, 26][13, 18, 19][5, 6, 13][6, 10, 15][5, 21][7, 16][7, 24][1, 14] 
[16, 27, 10, 2, 29][8, 12, 22, 25, 28][20, 4, 24, 14, 23][9, 1, 3, 11, 17][22, 18, 0, 26][6, 10, 15][5, 6, 13][13, 18, 19][7, 16][7, 24][5, 21][1, 14] 
[8, 12, 22, 25, 28][16, 27, 10, 2, 29][20, 4, 24, 14, 23][9, 1, 3, 11, 17][22, 18, 0, 26][13, 18, 19][5, 6, 13][6, 10, 15][5, 21][7, 16][7, 24][1, 14] 
[16, 27, 10, 2, 29][8, 12, 22, 25, 28][20, 4, 24, 14, 23][9, 1, 3, 11, 17][22, 18, 0, 26][6, 10, 15][5, 6, 13][13, 18, 19][7, 16][7, 24][5, 21][1, 14] 
[16, 27, 10, 2, 29][8, 12, 22, 25, 28][20, 4, 24, 14, 23][9, 1, 3, 11, 17][22, 18, 0, 26][6, 10, 15][5, 6, 13][13, 18, 19][7, 16][7, 24][5, 21][1, 14] 
[20, 4, 24, 14, 23][9, 1, 3, 11, 17][16, 27, 10, 2, 29][8, 19, 18, 13][22, 18, 0, 26][12, 22, 25, 28][6, 10, 15][5, 6, 13][7, 24][1, 14][7, 16][5, 21] 
[16, 27, 10, 2, 29][8, 12, 22, 25, 28][20, 4, 24, 14, 23][9, 1, 3, 11, 17][22, 18, 0, 26][6, 10, 15][5, 6, 13][13, 18, 19][7, 16][7, 24][5, 21][1, 14] 
