[7, 24, 20, 23, 1, 9][12, 0, 18, 19, 8, 26][2, 21, 5, 6, 13][4, 3, 11, 25, 22][28, 16, 27, 15, 29][7, 10][6, 10][14, 24][11, 14][17, 22][17, 18][17, 28] 
[7, 24, 20, 23, 1, 9][4, 3, 11, 25, 22][28, 16, 27, 15, 29][2, 21, 5, 6, 13][17, 12, 0, 18][19, 12, 8, 26][17, 22][17, 28][4, 24][7, 10][6, 10][14, 24] 
[12, 0, 18, 19, 8, 26][7, 24, 20, 23, 1, 9][28, 16, 27, 15, 29][3, 14, 11, 25, 22][2, 21, 5, 6, 13][12, 17][17, 28][17, 22][14, 24][7, 10][6, 10][4, 24] 
[7, 24, 20, 23, 1, 9][12, 0, 18, 19, 8, 26][3, 14, 11, 25, 22][2, 21, 5, 6, 13][28, 16, 27, 15, 29][14, 24][7, 10][17, 22][6, 10][12, 17][17, 28][4, 24] 
[18, 0, 26, 8, 12, 19][7, 24, 20, 23, 1, 9][28, 16, 27, 15, 29][4, 3, 11, 25, 22][2, 21, 5, 6, 13][17, 28][12, 17][17, 22][11, 14][14, 24][7, 10][6, 10] 
[7, 24, 20, 23, 1, 9][4, 3, 11, 25, 22][28, 16, 27, 15, 29][2, 21, 5, 6, 13][17, 12, 0, 18][19, 12, 8, 26][17, 22][11, 14][17, 28][14, 24][7, 10][6, 10] 
[7, 24, 20, 23, 1, 9][4, 3, 11, 25, 22][28, 16, 27, 15, 29][2, 21, 5, 6, 13][17, 12, 0, 18][19, 12, 8, 26][17, 22][17, 28][4, 24][7, 10][6, 10][14, 24] 
[18, 0, 26, 8, 12, 19][7, 24, 20, 23, 1, 9][28, 16, 27, 15, 29][4, 3, 11, 25, 22][2, 21, 5, 6, 13][17, 28][12, 17][17, 22][11, 14][14, 24][7, 10][6, 10] 
[7, 24, 20, 23, 1, 9][2, 21, 5, 6, 13][4, 3, 11, 25, 22][28, 16, 27, 15, 29][17, 12, 0, 18][19, 12, 8, 26][14, 24][7, 10][6, 10][11, 14][17, 22][17, 28] 
[7, 24, 20, 23, 1, 9][18, 0, 26, 8, 12, 19][4, 3, 11, 25, 22][2, 21, 5, 6, 13][28, 16, 27, 15, 29][14, 24][11, 14][17, 22][12, 17][7, 10][6, 10][17, 28] 
[7, 24, 20, 23, 1, 9][12, 0, 18, 19, 8, 26][2, 21, 5, 6, 13][4, 3, 11, 25, 22][28, 16, 27, 15, 29][6, 10][7, 10][14, 24][11, 14][17, 22][17, 18][17, 28] 
[7, 24, 20, 23, 1, 9][28, 16, 27, 15, 29][4, 3, 11, 25, 22][2, 21, 5, 6, 13][17, 12, 0, 18][19, 12, 8, 26][17, 28][17, 22][4, 24][14, 24][7, 10][6, 10] 
[7, 24, 20, 23, 1, 9][12, 0, 18, 19, 8, 26][3, 14, 11, 25, 22][2, 21, 5, 6, 13][28, 16, 27, 15, 29][14, 24][7, 10][17, 22][6, 10][12, 17][17, 28][4, 24] 
[18, 0, 26, 8, 12, 19][7, 24, 20, 23, 1, 9][28, 16, 27, 15, 29][4, 3, 11, 25, 22][2, 21, 5, 6, 13][17, 28][12, 17][17, 22][11, 14][14, 24][7, 10][6, 10] 
[7, 24, 20, 23, 1, 9][2, 21, 5, 6, 13][4, 3, 11, 25, 22][28, 16, 27, 15, 29][17, 12, 0, 18][19, 12, 8, 26][14, 24][7, 10][6, 10][11, 14][17, 22][17, 28] 
[18, 0, 26, 8, 12, 19][7, 24, 20, 23, 1, 9][28, 16, 27, 15, 29][4, 3, 11, 25, 22][2, 21, 5, 6, 13][17, 28][12, 17][17, 22][11, 14][14, 24][7, 10][6, 10] 
[7, 24, 20, 23, 1, 9][12, 0, 18, 19, 8, 26][2, 21, 5, 6, 13][4, 3, 11, 25, 22][28, 16, 27, 15, 29][6, 10][7, 10][14, 24][11, 14][17, 22][17, 18][17, 28] 
[7, 24, 20, 23, 1, 9][28, 16, 27, 15, 29][4, 3, 11, 25, 22][2, 21, 5, 6, 13][17, 12, 0, 18][19, 12, 8, 26][17, 28][17, 22][4, 24][14, 24][7, 10][6, 10] 
[18, 0, 26, 8, 12, 19][7, 24, 20, 23, 1, 9][28, 16, 27, 15, 29][4, 3, 11, 25, 22][2, 21, 5, 6, 13][17, 28][12, 17][17, 22][11, 14][14, 24][7, 10][6, 10] 
[7, 24, 20, 23, 1, 9][12, 0, 18, 19, 8, 26][2, 21, 5, 6, 13][4, 3, 11, 25, 22][28, 16, 27, 15, 29][6, 10][7, 10][14, 24][11, 14][17, 22][17, 18][17, 28] 
[7, 24, 20, 23, 1, 9][12, 0, 18, 19, 8, 26][2, 21, 5, 6, 13][4, 3, 11, 25, 22][28, 16, 27, 15, 29][7, 10][6, 10][14, 24][11, 14][17, 22][17, 18][17, 28] 
[7, 24, 20, 23, 1, 9][4, 3, 11, 25, 22][28, 16, 27, 15, 29][2, 21, 5, 6, 13][17, 12, 0, 18][19, 12, 8, 26][17, 22][17, 28][4, 24][7, 10][6, 10][14, 24] 
[12, 0, 18, 19, 8, 26][7, 24, 20, 23, 1, 9][28, 16, 27, 15, 29][3, 14, 11, 25, 22][2, 21, 5, 6, 13][12, 17][17, 28][17, 22][14, 24][7, 10][6, 10][4, 24] 
[18, 0, 26, 8, 12, 19][7, 24, 20, 23, 1, 9][28, 16, 27, 15, 29][4, 3, 11, 25, 22][2, 21, 5, 6, 13][17, 28][12, 17][17, 22][11, 14][14, 24][7, 10][6, 10] 
[7, 24, 20, 23, 1, 9][2, 21, 5, 6, 13][4, 3, 11, 25, 22][28, 16, 27, 15, 29][17, 12, 0, 18][19, 12, 8, 26][14, 24][7, 10][6, 10][11, 14][17, 22][17, 28] 
[18, 0, 26, 8, 12, 19][7, 24, 20, 23, 1, 9][28, 16, 27, 15, 29][4, 3, 11, 25, 22][2, 21, 5, 6, 13][17, 28][12, 17][17, 22][11, 14][14, 24][7, 10][6, 10] 
[7, 24, 20, 23, 1, 9][12, 0, 18, 19, 8, 26][2, 21, 5, 6, 13][4, 3, 11, 25, 22][28, 16, 27, 15, 29][6, 10][7, 10][14, 24][11, 14][17, 22][17, 18][17, 28] 
[7, 24, 20, 23, 1, 9][4, 3, 11, 25, 22][28, 16, 27, 15, 29][2, 21, 5, 6, 13][17, 12, 0, 18][19, 12, 8, 26][17, 22][17, 28][4, 24][7, 10][6, 10][14, 24] 
[18, 0, 26, 8, 12, 19][7, 24, 20, 23, 1, 9][28, 16, 27, 15, 29][4, 3, 11, 25, 22][2, 21, 5, 6, 13][17, 28][12, 17][17, 22][11, 14][14, 24][7, 10][6, 10] 
[7, 24, 20, 23, 1, 9][12, 0, 18, 19, 8, 26][2, 21, 5, 6, 13][4, 3, 11, 25, 22][28, 16, 27, 15, 29][6, 10][7, 10][14, 24][11, 14][17, 22][17, 18][17, 28] 
[7, 24, 20, 23, 1, 9][12, 0, 18, 19, 8, 26][2, 21, 5, 6, 13][4, 3, 11, 25, 22][28, 16, 27, 15, 29][6, 10][7, 10][14, 24][11, 14][17, 22][17, 18][17, 28] 
[7, 24, 20, 23, 1, 9][28, 16, 27, 15, 29][4, 3, 11, 25, 22][2, 21, 5, 6, 13][17, 12, 0, 18][19, 12, 8, 26][17, 28][17, 22][4, 24][14, 24][7, 10][6, 10] 
[18, 0, 26, 8, 12, 19][7, 24, 20, 23, 1, 9][28, 16, 27, 15, 29][4, 3, 11, 25, 22][2, 21, 5, 6, 13][17, 28][12, 17][17, 22][11, 14][14, 24][7, 10][6, 10] 
[7, 24, 20, 23, 1, 9][12, 0, 18, 19, 8, 26][2, 21, 5, 6, 13][4, 3, 11, 25, 22][28, 16, 27, 15, 29][6, 10][7, 10][14, 24][11, 14][17, 22][17, 18][17, 28] 
[7, 24, 20, 23, 1, 9][12, 0, 18, 19, 8, 26][2, 21, 5, 6, 13][4, 3, 11, 25, 22][28, 16, 27, 15, 29][6, 10][7, 10][14, 24][11, 14][17, 22][17, 18][17, 28] 
[5, 6, 13, 18, 12, 17, 0, 22, 19, 8, 26][9, 1, 23, 20, 24, 4, 7, 27, 10][21, 5, 15, 29, 27, 16, 7, 28][3, 14, 11, 25, 22][12, 17][2, 21][5, 15][12, 17][5, 15][12, 17][11, 14][5, 15] 
[5, 6, 13, 18, 12, 17, 0, 22, 19, 8, 26][9, 1, 23, 20, 24, 4, 7, 27, 10][21, 5, 15, 29, 27, 16, 7, 28][3, 14, 11, 25, 22][12, 17][2, 21][5, 15][12, 17][5, 15][12, 17][11, 14][5, 15] 
[5, 6, 13, 18, 12, 17, 0, 22, 19, 8, 26][9, 1, 23, 20, 24, 4, 7, 27, 10, 29][21, 5, 15, 29, 27, 16, 7, 28][3, 14, 11, 25, 22][12, 17][2, 21][5, 15][12, 17][5, 15][12, 17][11, 14][5, 15] 
[5, 6, 13, 18, 12, 17, 0, 22, 19, 8, 26][10, 21, 15, 29, 27, 16, 7, 28][7, 4, 24, 20, 23, 1, 9][3, 14, 11, 25, 22][11, 14][2, 21][5, 15][12, 17][11, 14][12, 17][11, 14][12, 17] 
[5, 6, 13, 18, 12, 17, 0, 22, 19, 8, 26][10, 21, 15, 29, 27, 16, 7, 28][7, 4, 24, 20, 23, 1, 9][3, 14, 11, 25, 22][11, 14][2, 21][5, 15][12, 17][11, 14][12, 17][11, 14][12, 17] 
[6, 13, 18, 12, 17, 0, 22, 19, 8, 26][10, 21, 5, 15, 29, 27, 16, 7, 28][7, 4, 24, 20, 23, 1, 9][3, 14, 11, 25, 22][10, 21, 15, 16][12, 17][2, 6][2, 21][10, 21][10, 21][12, 17][11, 14] 
[5, 6, 13, 18, 12, 17, 0, 22, 19, 8, 26][9, 1, 23, 20, 24, 4, 7, 27, 10][21, 5, 15, 29, 27, 16, 7, 28][3, 14, 11, 25, 22][12, 17][2, 21][5, 15][12, 17][5, 15][12, 17][11, 14][5, 15] 
[5, 6, 13, 18, 12, 17, 0, 22, 19, 8, 26][9, 1, 23, 20, 24, 4, 7, 27, 10, 29][21, 5, 15, 29, 27, 16, 7, 28][3, 14, 11, 25, 22][12, 17][2, 21][5, 15][12, 17][5, 15][12, 17][11, 14][5, 15] 
[5, 6, 13, 18, 12, 17, 0, 22, 19, 8, 26][10, 21, 15, 29, 27, 16, 7, 28][7, 4, 24, 20, 23, 1, 9][3, 14, 11, 25, 22][11, 14][2, 21][5, 15][12, 17][11, 14][12, 17][11, 14][12, 17] 
[5, 6, 13, 18, 12, 17, 0, 22, 19, 8, 26][9, 1, 23, 20, 24, 4, 7, 27, 10][21, 5, 15, 29, 27, 16, 7, 28][3, 14, 11, 25, 22][12, 17][2, 21][5, 15][12, 17][5, 15][12, 17][11, 14][5, 15] 
[5, 6, 13, 18, 12, 17, 0, 22, 19, 8, 26][9, 1, 23, 20, 24, 4, 7, 27, 10][21, 5, 15, 29, 27, 16, 7, 28][3, 14, 11, 25, 22][12, 17][2, 21][5, 15][12, 17][5, 15][12, 17][11, 14][5, 15] 
[5, 6, 13, 18, 12, 17, 0, 22, 19, 8, 26][9, 1, 23, 20, 24, 4, 7, 27, 10][21, 5, 15, 29, 27, 16, 7, 28][3, 14, 11, 25, 22][12, 17][2, 21][5, 15][12, 17][5, 15][12, 17][11, 14][5, 15] 
[6, 13, 18, 12, 17, 0, 22, 19, 8, 26][10, 21, 5, 15, 29, 27, 16, 7, 28][7, 4, 24, 20, 23, 1, 9][3, 14, 11, 25, 22][12, 17][2, 6][2, 21][10, 21][10, 21][10, 21][12, 17][11, 14] 
[5, 6, 13, 18, 12, 17, 0, 22, 19, 8, 26][9, 1, 23, 20, 24, 4, 7, 27, 10][21, 5, 15, 29, 27, 16, 7, 28][3, 14, 11, 25, 22][12, 17][2, 21][5, 15][12, 17][5, 15][12, 17][11, 14][5, 15] 
[5, 6, 13, 18, 12, 17, 0, 22, 19, 8, 26][9, 1, 23, 20, 24, 4, 7, 27, 10][21, 5, 15, 29, 27, 16, 7, 28][3, 14, 11, 25, 22][12, 17][2, 21][5, 15][12, 17][5, 15][12, 17][11, 14][5, 15] 
[5, 6, 13, 18, 12, 17, 0, 22, 19, 8, 26][10, 21, 5, 15, 29, 27, 16, 7, 28][7, 4, 24, 20, 23, 1, 9][3, 14, 11, 25, 22][11, 14][2, 21][5, 15][12, 17][11, 14][12, 17][11, 14][12, 17] 
[5, 6, 13, 18, 12, 17, 0, 22, 19, 8, 26][10, 21, 5, 15, 29, 27, 16, 7, 28][7, 4, 24, 20, 23, 1, 9][3, 14, 11, 25, 22][11, 14][2, 21][5, 15][12, 17][11, 14][12, 17][11, 14][12, 17] 
[5, 6, 13, 18, 12, 17, 0, 22, 19, 8, 26][9, 1, 23, 20, 24, 4, 7, 27, 10][21, 5, 15, 29, 27, 16, 7, 28][3, 14, 11, 25, 22][12, 17][2, 21][5, 15][12, 17][5, 15][12, 17][11, 14][5, 15] 
[5, 6, 13, 18, 12, 17, 0, 22, 19, 8, 26][10, 21, 5, 15, 29, 27, 16, 7, 28][7, 4, 24, 20, 23, 1, 9][3, 14, 11, 25, 22][11, 14][2, 21][5, 15][12, 17][11, 14][12, 17][11, 14][12, 17] 
[15, 5, 6, 13, 18, 12, 17, 0, 22, 19, 8, 26][9, 1, 23, 20, 24, 4, 7, 27, 10][21, 5, 15, 29, 27, 16, 7, 28][3, 14, 11, 25, 22][12, 17][2, 21][5, 15][12, 17][5, 15][12, 17][11, 14][5, 15] 
[15, 5, 6, 13, 18, 12, 17, 0, 22, 19, 8, 26][9, 1, 23, 20, 24, 4, 7, 27, 10][21, 5, 15, 29, 27, 16, 7, 28][3, 14, 11, 25, 22][12, 17][2, 21][5, 15][12, 17][5, 15][12, 17][11, 14][5, 15] 
[18, 0, 26, 8, 12, 19][7, 24, 20, 23, 1, 9][28, 16, 27, 15, 29][4, 3, 11, 25, 22][2, 21, 5, 6, 13][17, 28][12, 17][17, 22][11, 14][14, 24][7, 10][6, 10] 
[18, 0, 26, 8, 12, 19][7, 24, 20, 23, 1, 9][28, 16, 27, 15, 29][4, 3, 11, 25, 22][2, 21, 5, 6, 13][17, 28][12, 17][17, 22][11, 14][14, 24][7, 10][6, 10] 
[18, 0, 26, 8, 12, 19][7, 24, 20, 23, 1, 9][28, 16, 27, 15, 29][4, 3, 11, 25, 22][2, 21, 5, 6, 13][17, 28][12, 17][17, 22][11, 14][14, 24][7, 10][6, 10] 
[18, 0, 26, 8, 12, 19][7, 24, 20, 23, 1, 9][28, 16, 27, 15, 29][4, 3, 11, 25, 22][2, 21, 5, 6, 13][17, 28][12, 17][17, 22][11, 14][14, 24][7, 10][6, 10] 
[18, 0, 26, 8, 12, 19][7, 24, 20, 23, 1, 9][28, 16, 27, 15, 29][4, 3, 11, 25, 22][2, 21, 5, 6, 13][17, 28][12, 17][17, 22][11, 14][14, 24][7, 10][6, 10] 
[7, 24, 20, 23, 1, 9][18, 0, 26, 8, 12, 19][4, 3, 11, 25, 22][2, 21, 5, 6, 13][28, 16, 27, 15, 29][14, 24][11, 14][17, 22][12, 17][7, 10][6, 10][17, 28] 
[18, 0, 26, 8, 12, 19][7, 24, 20, 23, 1, 9][28, 16, 27, 15, 29][4, 3, 11, 25, 22][2, 21, 5, 6, 13][17, 28][17, 22][12, 17][11, 14][14, 24][7, 10][6, 10] 
[18, 0, 26, 8, 12, 19][7, 24, 20, 23, 1, 9][28, 16, 27, 15, 29][4, 3, 11, 25, 22][2, 21, 5, 6, 13][17, 28][12, 17][17, 22][11, 14][14, 24][7, 10][6, 10] 
[18, 0, 26, 8, 12, 19][7, 24, 20, 23, 1, 9][28, 16, 27, 15, 29][4, 3, 11, 25, 22][2, 21, 5, 6, 13][17, 28][12, 17][17, 22][11, 14][14, 24][7, 10][6, 10] 
[18, 0, 26, 8, 12, 19][7, 24, 20, 23, 1, 9][28, 16, 27, 15, 29][4, 3, 11, 25, 22][2, 21, 5, 6, 13][17, 28][12, 17][17, 22][11, 14][14, 24][7, 10][6, 10] 
[18, 0, 26, 8, 12, 19][7, 24, 20, 23, 1, 9][28, 16, 27, 15, 29][4, 3, 11, 25, 22][2, 21, 5, 6, 13][17, 28][12, 17][17, 22][11, 14][14, 24][7, 10][6, 10] 
[18, 0, 26, 8, 12, 19][7, 24, 20, 23, 1, 9][28, 16, 27, 15, 29][4, 3, 11, 25, 22][2, 21, 5, 6, 13][17, 28][12, 17][17, 22][11, 14][14, 24][7, 10][6, 10] 
[18, 0, 26, 8, 12, 19][7, 24, 20, 23, 1, 9][28, 16, 27, 15, 29][4, 3, 11, 25, 22][2, 21, 5, 6, 13][17, 28][12, 17][17, 22][11, 14][14, 24][7, 10][6, 10] 
[18, 0, 26, 8, 12, 19][7, 24, 20, 23, 1, 9][28, 16, 27, 15, 29][4, 3, 11, 25, 22][2, 21, 5, 6, 13][17, 28][12, 17][17, 22][11, 14][14, 24][7, 10][6, 10] 
[18, 0, 26, 8, 12, 19][7, 24, 20, 23, 1, 9][28, 16, 27, 15, 29][4, 3, 11, 25, 22][2, 21, 5, 6, 13][17, 28][12, 17][17, 22][11, 14][14, 24][7, 10][6, 10] 
[7, 24, 20, 23, 1, 9][12, 0, 18, 19, 8, 26][2, 21, 5, 6, 13][4, 3, 11, 25, 22][28, 16, 27, 15, 29][6, 10][7, 10][14, 24][11, 14][17, 22][17, 18][17, 28] 
[7, 24, 20, 23, 1, 9][12, 0, 18, 19, 8, 26][2, 21, 5, 6, 13][4, 3, 11, 25, 22][28, 16, 27, 15, 29][6, 10][7, 10][14, 24][11, 14][17, 22][17, 18][17, 28] 
[7, 24, 20, 23, 1, 9][12, 0, 18, 19, 8, 26][2, 21, 5, 6, 13][4, 3, 11, 25, 22][28, 16, 27, 15, 29][6, 10][7, 10][14, 24][11, 14][17, 22][17, 18][17, 28] 
[7, 24, 20, 23, 1, 9][12, 0, 18, 19, 8, 26][2, 21, 5, 6, 13][4, 3, 11, 25, 22][28, 16, 27, 15, 29][6, 10][7, 10][14, 24][11, 14][17, 22][17, 18][17, 28] 
[7, 24, 20, 23, 1, 9][12, 0, 18, 19, 8, 26][2, 21, 5, 6, 13][4, 3, 11, 25, 22][28, 16, 27, 15, 29][6, 10][7, 10][14, 24][11, 14][17, 22][17, 18][17, 28] 
[7, 24, 20, 23, 1, 9][12, 0, 18, 19, 8, 26][2, 21, 5, 6, 13][4, 3, 11, 25, 22][28, 16, 27, 15, 29][6, 10][7, 10][14, 24][11, 14][17, 22][17, 18][17, 28] 
[18, 0, 26, 8, 12, 19][7, 24, 20, 23, 1, 9][28, 16, 27, 15, 29][4, 3, 11, 25, 22][2, 21, 5, 6, 13][17, 28][12, 17][17, 22][11, 14][14, 24][7, 10][6, 10] 
[18, 0, 26, 8, 12, 19][7, 24, 20, 23, 1, 9][28, 16, 27, 15, 29][4, 3, 11, 25, 22][2, 21, 5, 6, 13][17, 28][12, 17][17, 22][11, 14][14, 24][7, 10][6, 10] 
[18, 0, 26, 8, 12, 19][7, 24, 20, 23, 1, 9][28, 16, 27, 15, 29][4, 3, 11, 25, 22][2, 21, 5, 6, 13][17, 28][12, 17][17, 22][11, 14][14, 24][7, 10][6, 10] 
[18, 0, 26, 8, 12, 19][7, 24, 20, 23, 1, 9][28, 16, 27, 15, 29][4, 3, 11, 25, 22][2, 21, 5, 6, 13][17, 28][12, 17][17, 22][11, 14][14, 24][7, 10][6, 10] 
[18, 0, 26, 8, 12, 19][7, 24, 20, 23, 1, 9][28, 16, 27, 15, 29][4, 3, 11, 25, 22][2, 21, 5, 6, 13][17, 28][12, 17][17, 22][11, 14][14, 24][7, 10][6, 10] 
[7, 24, 20, 23, 1, 9][18, 0, 26, 8, 12, 19][4, 3, 11, 25, 22][2, 21, 5, 6, 13][28, 16, 27, 15, 29][7, 10][14, 24][11, 14][6, 10][17, 22][12, 17][17, 28] 
[7, 24, 20, 23, 1, 9][18, 0, 26, 8, 12, 19][4, 3, 11, 25, 22][2, 21, 5, 6, 13][28, 16, 27, 15, 29][7, 10][14, 24][11, 14][6, 10][17, 22][12, 17][17, 28] 
[7, 24, 20, 23, 1, 9][12, 0, 18, 19, 8, 26][2, 21, 5, 6, 13][4, 3, 11, 25, 22][28, 16, 27, 15, 29][6, 10][7, 10][14, 24][11, 14][17, 22][17, 18][17, 28] 
[7, 24, 20, 23, 1, 9][12, 0, 18, 19, 8, 26][2, 21, 5, 6, 13][4, 3, 11, 25, 22][28, 16, 27, 15, 29][6, 10][7, 10][14, 24][11, 14][17, 22][17, 18][17, 28] 
[7, 24, 20, 23, 1, 9][12, 0, 18, 19, 8, 26][2, 21, 5, 6, 13][4, 3, 11, 25, 22][28, 16, 27, 15, 29][6, 10][7, 10][14, 24][11, 14][17, 22][17, 18][17, 28] 
[7, 24, 20, 23, 1, 9][12, 0, 18, 19, 8, 26][2, 21, 5, 6, 13][4, 3, 11, 25, 22][28, 16, 27, 15, 29][6, 10][7, 10][14, 24][11, 14][17, 22][17, 18][17, 28] 
[7, 24, 20, 23, 1, 9][12, 0, 18, 19, 8, 26][2, 21, 5, 6, 13][4, 3, 11, 25, 22][28, 16, 27, 15, 29][6, 10][7, 10][14, 24][11, 14][17, 22][17, 18][17, 28] 
[7, 24, 20, 23, 1, 9][12, 0, 18, 19, 8, 26][2, 21, 5, 6, 13][4, 3, 11, 25, 22][28, 16, 27, 15, 29][6, 10][7, 10][14, 24][11, 14][17, 22][17, 18][17, 28] 
[7, 24, 20, 23, 1, 9][12, 0, 18, 19, 8, 26][2, 21, 5, 6, 13][4, 3, 11, 25, 22][28, 16, 27, 15, 29][6, 10][7, 10][14, 24][11, 14][17, 22][17, 18][17, 28] 
[7, 24, 20, 23, 1, 9][12, 0, 18, 19, 8, 26][2, 21, 5, 6, 13][4, 3, 11, 25, 22][28, 16, 27, 15, 29][6, 10][7, 10][14, 24][11, 14][17, 22][17, 18][17, 28] 
[7, 24, 20, 23, 1, 9][12, 0, 18, 19, 8, 26][2, 21, 5, 6, 13][4, 3, 11, 25, 22][28, 16, 27, 15, 29][6, 10][7, 10][14, 24][11, 14][17, 22][17, 18][17, 28] 
[7, 24, 20, 23, 1, 9][12, 0, 18, 19, 8, 26][2, 21, 5, 6, 13][4, 3, 11, 25, 22][28, 16, 27, 15, 29][6, 10][7, 10][14, 24][11, 14][17, 22][17, 18][17, 28] 
[7, 24, 20, 23, 1, 9][12, 0, 18, 19, 8, 26][2, 21, 5, 6, 13][4, 3, 11, 25, 22][28, 16, 27, 15, 29][6, 10][7, 10][14, 24][11, 14][17, 22][17, 18][17, 28] 
[7, 24, 20, 23, 1, 9][12, 0, 18, 19, 8, 26][2, 21, 5, 6, 13][4, 3, 11, 25, 22][28, 16, 27, 15, 29][6, 10][7, 10][14, 24][11, 14][17, 22][17, 18][17, 28] 
[7, 24, 20, 23, 1, 9][12, 0, 18, 19, 8, 26][2, 21, 5, 6, 13][4, 3, 11, 25, 22][28, 16, 27, 15, 29][6, 10][7, 10][14, 24][11, 14][17, 22][17, 18][17, 28] 
[7, 24, 20, 23, 1, 9][12, 0, 18, 19, 8, 26][2, 21, 5, 6, 13][4, 3, 11, 25, 22][28, 16, 27, 15, 29][6, 10][7, 10][14, 24][11, 14][17, 22][17, 18][17, 28] 
[7, 24, 20, 23, 1, 9][12, 0, 18, 19, 8, 26][2, 21, 5, 6, 13][4, 3, 11, 25, 22][28, 16, 27, 15, 29][6, 10][7, 10][14, 24][11, 14][17, 22][17, 18][17, 28] 
[4, 3, 11, 25, 22, 0, 18][7, 24, 20, 23, 1, 9][2, 21, 5, 6, 13][28, 16, 27, 15, 29][19, 12, 8, 26][14, 24][11, 14][7, 10][6, 10][17, 22][17, 28][12, 17] 
[4, 3, 11, 25, 22, 0, 18][7, 24, 20, 23, 1, 9][2, 21, 5, 6, 13][28, 16, 27, 15, 29][19, 12, 8, 26][14, 24][11, 14][7, 10][6, 10][17, 22][17, 28][12, 17] 
[4, 3, 11, 25, 22, 0, 18][7, 24, 20, 23, 1, 9][28, 16, 27, 15, 29][2, 21, 5, 6, 13][19, 12, 8, 26][17, 22][11, 14][17, 28][14, 24][7, 10][6, 10][12, 17] 
[4, 3, 11, 25, 22, 0, 18][7, 24, 20, 23, 1, 9][2, 21, 5, 6, 13][28, 16, 27, 15, 29][19, 12, 8, 26][14, 24][11, 14][7, 10][6, 10][17, 22][17, 28][12, 17] 
[4, 3, 11, 25, 22, 0, 18][7, 24, 20, 23, 1, 9][28, 16, 27, 15, 29][2, 21, 5, 6, 13][19, 12, 8, 26][17, 22][11, 14][17, 28][14, 24][7, 10][6, 10][12, 17] 
[7, 24, 20, 23, 1, 9][12, 0, 18, 19, 8, 26][28, 16, 27, 15, 29][2, 21, 5, 6, 13][3, 11, 25, 22][22, 17, 28][4, 14, 24][11, 14][7, 10][6, 10][12, 17][0, 12] 
[18, 0, 26, 8, 12, 19][7, 24, 20, 23, 1, 9][28, 16, 27, 15, 29][4, 3, 11, 25, 22][2, 21, 5, 6, 13][17, 28][12, 17][17, 22][11, 14][14, 24][7, 10][6, 10] 
[18, 0, 26, 8, 12, 19][7, 24, 20, 23, 1, 9][28, 16, 27, 15, 29][4, 3, 11, 25, 22][2, 21, 5, 6, 13][17, 28][12, 17][17, 22][11, 14][14, 24][7, 10][6, 10] 
[18, 0, 26, 8, 12, 19][7, 24, 20, 23, 1, 9][28, 16, 27, 15, 29][4, 3, 11, 25, 22][2, 21, 5, 6, 13][17, 28][12, 17][17, 22][11, 14][14, 24][7, 10][6, 10] 
[18, 0, 26, 8, 12, 19][7, 24, 20, 23, 1, 9][28, 16, 27, 15, 29][4, 3, 11, 25, 22][2, 21, 5, 6, 13][17, 28][12, 17][17, 22][11, 14][14, 24][7, 10][6, 10] 
[18, 0, 26, 8, 12, 19][7, 24, 20, 23, 1, 9][28, 16, 27, 15, 29][4, 3, 11, 25, 22][2, 21, 5, 6, 13][17, 28][12, 17][17, 22][11, 14][14, 24][7, 10][6, 10] 
[7, 24, 20, 23, 1, 9][12, 0, 18, 19, 8, 26][2, 21, 5, 6, 13][4, 3, 11, 25, 22][28, 16, 27, 15, 29][6, 10][7, 10][14, 24][11, 14][17, 22][17, 18][17, 28] 
[18, 0, 26, 8, 12, 19][7, 24, 20, 23, 1, 9][28, 16, 27, 15, 29][4, 3, 11, 25, 22][2, 21, 5, 6, 13][17, 28][12, 17][17, 22][11, 14][14, 24][7, 10][6, 10] 
