[4, 14, 9, 1, 3, 23][8, 26, 0, 18, 13][6, 21, 2, 10][20, 24, 7, 27][12, 19, 17, 18][10, 15, 29][5, 15, 16][22, 25, 28][7, 25, 11][0, 22][14, 24][16, 28] 
[4, 14, 9, 1, 3, 23][8, 26, 0, 18, 13][6, 21, 2, 10][20, 24, 7, 27][12, 19, 17, 18][10, 15, 29][5, 15, 16][22, 25, 28][7, 25, 11][0, 22][14, 24][16, 28] 
[4, 14, 9, 1, 3, 23][6, 21, 2, 10][5, 15, 16, 28][20, 24, 7, 27][8, 26, 0, 13][12, 19, 17, 18][10, 15, 29][22, 25, 28][7, 25, 11][14, 24][0, 22][0, 18] 
[4, 14, 9, 1, 3, 23][20, 24, 7, 27][5, 15, 16, 28][6, 21, 2, 10][8, 26, 0, 13][12, 19, 17, 18][7, 25, 11][22, 25, 28][10, 15, 29][14, 24][0, 22][0, 18] 
[4, 14, 9, 1, 3, 23][20, 24, 7, 27][5, 15, 16, 28][6, 21, 2, 10][8, 26, 0, 13][12, 19, 17, 18][7, 25, 11][22, 25, 28][10, 15, 29][20, 23][0, 22][0, 18] 
[4, 14, 9, 1, 3, 23][20, 24, 7, 27][5, 15, 16, 28][6, 21, 2, 10][8, 26, 0, 13][12, 19, 17, 18][7, 25, 11][22, 25, 28][10, 15, 29][20, 23][0, 22][0, 18] 
[4, 14, 9, 1, 3, 23][6, 21, 2, 10][5, 15, 16, 28][20, 24, 7, 27][8, 26, 0, 13][12, 19, 17, 18][10, 15, 29][22, 25, 28][7, 25, 11][14, 24][0, 22][0, 18] 
[4, 14, 9, 1, 3, 23][20, 24, 7, 27][5, 15, 16, 28][6, 21, 2, 10][8, 26, 0, 13][12, 19, 17, 18][7, 25, 11][22, 25, 28][10, 15, 29][20, 23][0, 22][0, 18] 
[4, 14, 9, 1, 3, 23][20, 24, 7, 27][5, 15, 16, 28][6, 21, 2, 10][8, 26, 0, 13][12, 19, 17, 18][7, 25, 11][22, 25, 28][10, 15, 29][20, 23][0, 22][0, 18] 
[4, 14, 9, 1, 3, 23][20, 24, 7, 27][5, 15, 16, 28][6, 21, 2, 10][8, 26, 0, 13][12, 19, 17, 18][7, 25, 11][22, 25, 28][10, 15, 29][20, 23][0, 22][0, 18] 
[4, 14, 9, 1, 3, 23][8, 26, 0, 18, 13][6, 21, 2, 10][20, 24, 7, 27][12, 19, 17, 18][10, 15, 29][5, 15, 16][22, 25, 28][7, 25, 11][0, 22][14, 24][16, 28] 
[4, 14, 9, 1, 3, 23][8, 26, 0, 18, 13][6, 21, 2, 10][20, 24, 7, 27][12, 19, 17, 18][10, 15, 29][5, 15, 16][22, 25, 28][7, 25, 11][0, 22][14, 24][16, 28] 
[4, 14, 9, 1, 3, 23][6, 21, 2, 10][5, 15, 16, 28][20, 24, 7, 27][8, 26, 0, 13][12, 19, 17, 18][10, 15, 29][22, 25, 28][7, 25, 11][14, 24][0, 22][0, 18] 
[4, 14, 9, 1, 3, 23][20, 24, 7, 27][5, 15, 16, 28][6, 21, 2, 10][8, 26, 0, 13][12, 19, 17, 18][7, 25, 11][22, 25, 28][10, 15, 29][20, 23][0, 22][0, 18] 
[4, 14, 9, 1, 3, 23][20, 24, 7, 27][5, 15, 16, 28][6, 21, 2, 10][8, 26, 0, 13][12, 19, 17, 18][7, 25, 11][22, 25, 28][10, 15, 29][20, 23][0, 22][0, 18] 
[4, 14, 9, 1, 3, 23][20, 24, 7, 27][5, 15, 16, 28][6, 21, 2, 10][8, 26, 0, 13][12, 19, 17, 18][7, 25, 11][22, 25, 28][10, 15, 29][20, 23][0, 22][0, 18] 
[4, 14, 9, 1, 3, 23][8, 26, 0, 18, 13][6, 21, 2, 10][20, 24, 7, 27][12, 19, 17, 18][10, 15, 29][5, 15, 16][22, 25, 28][7, 25, 11][0, 22][14, 24][16, 28] 
[4, 14, 9, 1, 3, 23][8, 26, 0, 18, 13][6, 21, 2, 10][20, 24, 7, 27][12, 19, 17, 18][10, 15, 29][5, 15, 16][22, 25, 28][7, 25, 11][0, 22][14, 24][16, 28] 
[4, 14, 9, 1, 3, 23][20, 24, 7, 27][5, 15, 16, 28][6, 21, 2, 10][8, 26, 0, 13][12, 19, 17, 18][7, 25, 11][22, 25, 28][10, 15, 29][20, 23][0, 22][0, 18] 
[4, 14, 9, 1, 3, 23][8, 26, 0, 18, 13][6, 21, 2, 10][20, 24, 7, 27][12, 19, 17, 18][10, 15, 29][5, 15, 16][22, 25, 28][7, 25, 11][0, 22][14, 24][16, 28] 
[4, 14, 9, 1, 3, 23][8, 26, 0, 18, 13][6, 21, 2, 10][20, 24, 7, 27][12, 19, 17, 18][10, 15, 29][5, 15, 16][22, 25, 28][7, 25, 11][0, 22][14, 24][16, 28] 
[4, 14, 9, 1, 3, 23][8, 26, 0, 18, 13][6, 21, 2, 10][20, 24, 7, 27][12, 19, 17, 18][10, 15, 29][5, 15, 16][22, 25, 28][7, 25, 11][0, 22][14, 24][16, 28] 
[4, 14, 9, 1, 3, 23][6, 21, 2, 10][5, 15, 16, 28][20, 24, 7, 27][8, 26, 0, 13][12, 19, 17, 18][10, 15, 29][22, 25, 28][7, 25, 11][14, 24][0, 22][0, 18] 
[4, 14, 9, 1, 3, 23][20, 24, 7, 27][5, 15, 16, 28][6, 21, 2, 10][8, 26, 0, 13][12, 19, 17, 18][7, 25, 11][22, 25, 28][10, 15, 29][20, 23][0, 22][0, 18] 
[4, 14, 9, 1, 3, 23][20, 24, 7, 27][5, 15, 16, 28][6, 21, 2, 10][8, 26, 0, 13][12, 19, 17, 18][7, 25, 11][22, 25, 28][10, 15, 29][20, 23][0, 22][0, 18] 
[4, 14, 9, 1, 3, 23][20, 24, 7, 27][5, 15, 16, 28][6, 21, 2, 10][8, 26, 0, 13][12, 19, 17, 18][7, 25, 11][22, 25, 28][10, 15, 29][20, 23][0, 22][0, 18] 
[4, 14, 9, 1, 3, 23][8, 26, 0, 18, 13][6, 21, 2, 10][20, 24, 7, 27][12, 19, 17, 18][10, 15, 29][5, 15, 16][22, 25, 28][7, 25, 11][0, 22][14, 24][16, 28] 
[4, 14, 9, 1, 3, 23][8, 26, 0, 18, 13][6, 21, 2, 10][20, 24, 7, 27][12, 19, 17, 18][10, 15, 29][5, 15, 16][22, 25, 28][7, 25, 11][0, 22][14, 24][16, 28] 
[4, 14, 9, 1, 3, 23][20, 24, 7, 27][5, 15, 16, 28][6, 21, 2, 10][8, 26, 0, 13][12, 19, 17, 18][7, 25, 11][22, 25, 28][10, 15, 29][20, 23][0, 22][0, 18] 
[4, 14, 9, 1, 3, 23][8, 26, 0, 18, 13][6, 21, 2, 10][20, 24, 7, 27][12, 19, 17, 18][10, 15, 29][5, 15, 16][22, 25, 28][7, 25, 11][0, 22][14, 24][16, 28] 
[4, 14, 9, 1, 3, 23][8, 26, 0, 18, 13][6, 21, 2, 10][20, 24, 7, 27][12, 19, 17, 18][10, 15, 29][5, 15, 16][22, 25, 28][7, 25, 11][0, 22][14, 24][16, 28] 
[4, 14, 9, 1, 3, 23][8, 26, 0, 18, 13][6, 21, 2, 10][20, 24, 7, 27][12, 19, 17, 18][5, 15, 16][10, 15, 29][22, 25, 28][7, 25, 11][16, 28][14, 24][0, 22] 
[4, 14, 9, 1, 3, 23][20, 24, 7, 27][5, 15, 16, 28][6, 21, 2, 10][8, 26, 0, 13][12, 19, 17, 18][7, 25, 11][22, 25, 28][10, 15, 29][20, 23][0, 22][0, 18] 
[4, 14, 9, 1, 3, 23][8, 26, 0, 18, 13][6, 21, 2, 10][20, 24, 7, 27][12, 19, 17, 18][10, 15, 29][5, 15, 16][22, 25, 28][7, 25, 11][0, 22][14, 24][16, 28] 
[4, 14, 9, 1, 3, 23][8, 26, 0, 18, 13][6, 21, 2, 10][20, 24, 7, 27][12, 19, 17, 18][10, 15, 29][5, 15, 16][22, 25, 28][7, 25, 11][0, 22][14, 24][16, 28] 
[8, 26, 0, 13, 6, 2, 29, 15, 10, 7, 27, 16][9, 3, 11, 14, 20, 23, 1, 4, 7, 24][0, 22, 12, 18, 17, 19][22, 25, 28][20, 23][5, 15][17, 18][6, 21][7, 10][10, 15][7, 10][10, 15] 
[8, 26, 0, 13, 6, 2, 29, 15, 10, 7, 27, 16][9, 3, 11, 14, 20, 23, 1, 4, 7, 24][0, 22, 12, 18, 17, 19][22, 25, 28][20, 23][5, 15][17, 18][6, 21][7, 10][10, 15][7, 10][10, 15] 
[8, 26, 0, 13, 6, 2, 29, 15, 10, 7, 27, 16][9, 3, 11, 14, 20, 23, 1, 4, 7, 24][0, 22, 12, 18, 17, 19][22, 25, 28][20, 23][5, 15][17, 18][6, 21][7, 10][10, 15][7, 10][10, 15] 
[8, 26, 0, 13, 6, 2, 29, 15, 10, 7, 27, 16, 28][5, 21, 6, 13, 0, 22, 12, 18, 17, 19][1, 23, 20, 14, 11, 3, 9][4, 24, 14][0, 22][10, 15][4, 7][7, 25][17, 18][7, 10][20, 23][7, 10] 
[8, 26, 0, 13, 6, 2, 29, 15, 10, 7, 27, 16, 28][5, 21, 6, 13, 0, 22, 12, 18, 17, 19][1, 23, 20, 14, 11, 3, 9][4, 24, 14][0, 22][10, 15][4, 7][7, 25][17, 18][7, 10][20, 23][7, 10] 
[5, 21, 6, 13, 0, 22, 12, 18, 17, 19, 8][9, 3, 4, 7, 10, 2, 16, 15, 29, 27][4, 1, 23, 20, 14, 11][22, 25, 28][7, 25][14, 24][0, 22][2, 10][7, 10][2, 10][0, 22][8, 26] 
[8, 26, 0, 13, 6, 2, 29, 15, 10, 7, 27, 16][9, 3, 11, 14, 20, 23, 1, 4, 7, 24][0, 22, 12, 18, 17, 19][22, 25, 28][20, 23][5, 15][17, 18][6, 21][7, 10][10, 15][7, 10][10, 15] 
[8, 26, 0, 13, 6, 2, 29, 15, 10, 7, 27, 16][9, 3, 11, 14, 20, 23, 1, 4, 7, 24][0, 22, 12, 18, 17, 19][22, 25, 28][20, 23][5, 15][17, 18][6, 21][7, 10][10, 15][7, 10][10, 15] 
[8, 26, 0, 13, 6, 2, 29, 15, 10, 7, 27, 16, 28][5, 21, 6, 13, 0, 22, 12, 18, 17, 19][1, 23, 20, 14, 11, 3, 9][4, 24, 14][0, 22][10, 15][4, 7][7, 25][17, 18][7, 10][20, 23][7, 10] 
[8, 26, 0, 13, 6, 2, 29, 15, 10, 7, 27, 16][9, 3, 11, 14, 20, 23, 1, 4, 7, 24][0, 22, 12, 18, 17, 19][22, 25, 28][20, 23][5, 15][17, 18][6, 21][7, 10][10, 15][7, 10][10, 15] 
[8, 26, 0, 13, 6, 2, 29, 15, 10, 7, 27, 16][9, 3, 11, 14, 20, 23, 1, 4, 7, 24][0, 22, 12, 18, 17, 19][22, 25, 28][20, 23][5, 15][17, 18][6, 21][7, 10][10, 15][7, 10][10, 15] 
[8, 26, 0, 13, 6, 2, 29, 15, 10, 7, 27, 16][9, 3, 11, 14, 20, 23, 1, 4, 7, 24][0, 22, 12, 18, 17, 19][22, 25, 28][20, 23][5, 15][17, 18][6, 21][7, 10][10, 15][7, 10][10, 15] 
[8, 26, 0, 13, 6, 2, 29, 15, 10, 7, 27, 16, 28][5, 21, 6, 13, 0, 22, 12, 18, 17, 19][1, 23, 20, 14, 11, 3, 9][4, 24, 14][0, 22][10, 15][4, 7][7, 25][17, 18][7, 10][20, 23][7, 10] 
[8, 26, 0, 13, 6, 2, 29, 15, 10, 7, 27, 16][9, 3, 11, 14, 20, 23, 1, 4, 7, 24][0, 22, 12, 18, 17, 19][22, 25, 28][20, 23][5, 15][17, 18][6, 21][7, 10][10, 15][7, 10][10, 15] 
[8, 26, 0, 13, 6, 2, 29, 15, 10, 7, 27, 16][9, 3, 11, 14, 20, 23, 1, 4, 7, 24][0, 22, 12, 18, 17, 19][22, 25, 28][20, 23][5, 15][17, 18][6, 21][7, 10][10, 15][7, 10][10, 15] 
[8, 26, 0, 13, 6, 2, 29, 15, 10, 7, 27, 16, 28][7, 4, 1, 23, 20, 14, 11, 3, 9][0, 22, 12, 18, 17, 19][5, 21, 6][7, 10][7, 24][22, 25][17, 18][20, 23][17, 18][10, 15][20, 23] 
[8, 26, 0, 13, 6, 2, 29, 15, 10, 7, 27, 16, 28][7, 4, 1, 23, 20, 14, 11, 3, 9][0, 22, 12, 18, 17, 19][5, 21, 6][7, 10][7, 24][22, 25][17, 18][20, 23][17, 18][10, 15][20, 23] 
[8, 26, 0, 13, 6, 2, 29, 15, 10, 7, 27, 16, 28][9, 3, 11, 14, 20, 23, 1, 4, 7, 24][19, 17, 18, 12, 22][0, 25, 22][6, 21][20, 23][10, 15][17, 18][5, 15][7, 10][10, 15][7, 10] 
[8, 26, 0, 13, 6, 2, 29, 15, 10, 7, 27, 16, 28][7, 4, 1, 23, 20, 14, 11, 3, 9][0, 22, 12, 18, 17, 19][5, 21, 6][7, 10][7, 24][22, 25][17, 18][20, 23][17, 18][10, 15][20, 23] 
[8, 26, 0, 13, 6, 2, 29, 15, 10, 7, 27, 16, 28][7, 4, 1, 23, 20, 14, 11, 3, 9][0, 22, 12, 18, 17, 19][5, 21, 6][7, 10][7, 24][22, 25][17, 18][20, 23][17, 18][10, 15][20, 23] 
[8, 26, 0, 13, 6, 2, 29, 15, 10, 7, 27, 16, 28][7, 4, 1, 23, 20, 14, 11, 3, 9][0, 22, 12, 18, 17, 19][5, 21, 6][7, 10][7, 24][22, 25][17, 18][20, 23][17, 18][10, 15][20, 23] 
[4, 14, 9, 1, 3, 23][6, 21, 2, 10][5, 15, 16, 28][20, 24, 7, 27][8, 26, 0, 13][12, 19, 17, 18][10, 15, 29][22, 25, 28][7, 25, 11][14, 24][0, 22][0, 18] 
[4, 14, 9, 1, 3, 23][6, 21, 2, 10][5, 15, 16, 28][20, 24, 7, 27][8, 26, 0, 13][12, 19, 17, 18][10, 15, 29][22, 25, 28][7, 25, 11][14, 24][0, 22][0, 18] 
[4, 14, 9, 1, 3, 23][6, 21, 2, 10][5, 15, 16, 28][20, 24, 7, 27][8, 26, 0, 13][12, 19, 17, 18][10, 15, 29][22, 25, 28][7, 25, 11][14, 24][0, 22][0, 18] 
[4, 14, 9, 1, 3, 23][6, 21, 2, 10][5, 15, 16, 28][20, 24, 7, 27][8, 26, 0, 13][12, 19, 17, 18][10, 15, 29][22, 25, 28][7, 25, 11][14, 24][0, 22][0, 18] 
[4, 14, 9, 1, 3, 23][6, 21, 2, 10][5, 15, 16, 28][20, 24, 7, 27][8, 26, 0, 13][12, 19, 17, 18][10, 15, 29][22, 25, 28][7, 25, 11][14, 24][0, 22][0, 18] 
[4, 14, 9, 1, 3, 23][6, 21, 2, 10][5, 15, 16, 28][20, 24, 7, 27][8, 26, 0, 13][12, 19, 17, 18][10, 15, 29][22, 25, 28][7, 25, 11][14, 24][0, 22][0, 18] 
[4, 14, 9, 1, 3, 23][20, 24, 7, 27][5, 15, 16, 28][6, 21, 2, 10][8, 26, 0, 13][12, 19, 17, 18][7, 25, 11][22, 25, 28][10, 15, 29][14, 24][0, 22][0, 18] 
[4, 14, 9, 1, 3, 23][6, 21, 2, 10][5, 15, 16, 28][20, 24, 7, 27][8, 26, 0, 13][12, 19, 17, 18][10, 15, 29][22, 25, 28][7, 25, 11][14, 24][0, 22][0, 18] 
[4, 14, 9, 1, 3, 23][6, 21, 2, 10][5, 15, 16, 28][20, 24, 7, 27][8, 26, 0, 13][12, 19, 17, 18][10, 15, 29][22, 25, 28][7, 25, 11][14, 24][0, 22][0, 18] 
[4, 14, 9, 1, 3, 23][6, 21, 2, 10][5, 15, 16, 28][20, 24, 7, 27][8, 26, 0, 13][12, 19, 17, 18][10, 15, 29][22, 25, 28][7, 25, 11][14, 24][0, 22][0, 18] 
[4, 14, 9, 1, 3, 23][6, 21, 2, 10][5, 15, 16, 28][20, 24, 7, 27][8, 26, 0, 13][12, 19, 17, 18][10, 15, 29][22, 25, 28][7, 25, 11][14, 24][0, 22][0, 18] 
[4, 14, 9, 1, 3, 23][6, 21, 2, 10][5, 15, 16, 28][20, 24, 7, 27][8, 26, 0, 13][12, 19, 17, 18][10, 15, 29][22, 25, 28][7, 25, 11][14, 24][0, 22][0, 18] 
[4, 14, 9, 1, 3, 23][6, 21, 2, 10][5, 15, 16, 28][20, 24, 7, 27][8, 26, 0, 13][12, 19, 17, 18][10, 15, 29][22, 25, 28][7, 25, 11][14, 24][0, 22][0, 18] 
[4, 14, 9, 1, 3, 23][6, 21, 2, 10][5, 15, 16, 28][20, 24, 7, 27][8, 26, 0, 13][12, 19, 17, 18][10, 15, 29][22, 25, 28][7, 25, 11][14, 24][0, 22][0, 18] 
[4, 14, 9, 1, 3, 23][6, 21, 2, 10][5, 15, 16, 28][20, 24, 7, 27][8, 26, 0, 13][12, 19, 17, 18][10, 15, 29][22, 25, 28][7, 25, 11][14, 24][0, 22][0, 18] 
[4, 14, 9, 1, 3, 23][8, 26, 0, 18, 13][6, 21, 2, 10][20, 24, 7, 27][12, 19, 17, 18][10, 15, 29][5, 15, 16][22, 25, 28][7, 25, 11][0, 22][14, 24][16, 28] 
[4, 14, 9, 1, 3, 23][8, 26, 0, 18, 13][6, 21, 2, 10][20, 24, 7, 27][12, 19, 17, 18][10, 15, 29][5, 15, 16][22, 25, 28][7, 25, 11][0, 22][14, 24][16, 28] 
[4, 14, 9, 1, 3, 23][8, 26, 0, 18, 13][6, 21, 2, 10][20, 24, 7, 27][12, 19, 17, 18][10, 15, 29][5, 15, 16][22, 25, 28][7, 25, 11][0, 22][14, 24][16, 28] 
[4, 14, 9, 1, 3, 23][8, 26, 0, 18, 13][6, 21, 2, 10][20, 24, 7, 27][12, 19, 17, 18][10, 15, 29][5, 15, 16][22, 25, 28][7, 25, 11][0, 22][14, 24][16, 28] 
[4, 14, 9, 1, 3, 23][8, 26, 0, 18, 13][6, 21, 2, 10][20, 24, 7, 27][12, 19, 17, 18][10, 15, 29][5, 15, 16][22, 25, 28][7, 25, 11][0, 22][14, 24][16, 28] 
[4, 14, 9, 1, 3, 23][13, 18, 0, 26][12, 19, 17, 18][5, 15, 16, 28][6, 21, 2, 10][20, 24, 7, 27][22, 25, 28][10, 15, 29][7, 25, 11][0, 22][14, 24][8, 26] 
[4, 14, 9, 1, 3, 23][6, 21, 2, 10][5, 15, 16, 28][20, 24, 7, 27][8, 26, 0, 13][12, 19, 17, 18][10, 15, 29][22, 25, 28][7, 25, 11][14, 24][0, 22][0, 18] 
[4, 14, 9, 1, 3, 23][6, 21, 2, 10][5, 15, 16, 28][20, 24, 7, 27][8, 26, 0, 13][12, 19, 17, 18][10, 15, 29][22, 25, 28][7, 25, 11][14, 24][0, 22][0, 18] 
[4, 14, 9, 1, 3, 23][6, 21, 2, 10][5, 15, 16, 28][20, 24, 7, 27][8, 26, 0, 13][12, 19, 17, 18][10, 15, 29][22, 25, 28][7, 25, 11][14, 24][0, 22][0, 18] 
[4, 14, 9, 1, 3, 23][6, 21, 2, 10][5, 15, 16, 28][20, 24, 7, 27][8, 26, 0, 13][12, 19, 17, 18][10, 15, 29][22, 25, 28][7, 25, 11][14, 24][0, 22][0, 18] 
[4, 14, 9, 1, 3, 23][6, 21, 2, 10][5, 15, 16, 28][20, 24, 7, 27][8, 26, 0, 13][12, 19, 17, 18][10, 15, 29][22, 25, 28][7, 25, 11][14, 24][0, 22][0, 18] 
[4, 14, 9, 1, 3, 23][6, 21, 2, 10][5, 15, 16, 28][20, 24, 7, 27][8, 26, 0, 13][12, 19, 17, 18][10, 15, 29][22, 25, 28][7, 25, 11][14, 24][0, 22][0, 18] 
[4, 14, 9, 1, 3, 23][6, 21, 2, 10][5, 15, 16, 28][20, 24, 7, 27][8, 26, 0, 13][12, 19, 17, 18][10, 15, 29][22, 25, 28][7, 25, 11][14, 24][0, 22][0, 18] 
[4, 14, 9, 1, 3, 23][8, 26, 0, 18, 13][6, 21, 2, 10][20, 24, 7, 27][12, 19, 17, 18][10, 15, 29][5, 15, 16][22, 25, 28][7, 25, 11][0, 22][14, 24][16, 28] 
[4, 14, 9, 1, 3, 23][8, 26, 0, 18, 13][6, 21, 2, 10][20, 24, 7, 27][12, 19, 17, 18][10, 15, 29][5, 15, 16][22, 25, 28][7, 25, 11][0, 22][14, 24][16, 28] 
[4, 14, 9, 1, 3, 23][8, 26, 0, 18, 13][6, 21, 2, 10][20, 24, 7, 27][12, 19, 17, 18][10, 15, 29][5, 15, 16][22, 25, 28][7, 25, 11][0, 22][14, 24][16, 28] 
[4, 14, 9, 1, 3, 23][8, 26, 0, 18, 13][6, 21, 2, 10][20, 24, 7, 27][12, 19, 17, 18][10, 15, 29][5, 15, 16][22, 25, 28][7, 25, 11][0, 22][14, 24][16, 28] 
[4, 14, 9, 1, 3, 23][8, 26, 0, 18, 13][6, 21, 2, 10][20, 24, 7, 27][12, 19, 17, 18][10, 15, 29][5, 15, 16][22, 25, 28][7, 25, 11][0, 22][14, 24][16, 28] 
[4, 14, 9, 1, 3, 23][8, 26, 0, 18, 13][6, 21, 2, 10][20, 24, 7, 27][12, 19, 17, 18][5, 15, 16][10, 15, 29][22, 25, 28][7, 25, 11][16, 28][14, 24][0, 22] 
[4, 14, 9, 1, 3, 23][8, 26, 0, 18, 13][6, 21, 2, 10][20, 24, 7, 27][12, 19, 17, 18][10, 15, 29][5, 15, 16][22, 25, 28][7, 25, 11][0, 22][14, 24][16, 28] 
[4, 14, 9, 1, 3, 23][8, 26, 0, 18, 13][6, 21, 2, 10][20, 24, 7, 27][12, 19, 17, 18][10, 15, 29][5, 15, 16][22, 25, 28][7, 25, 11][0, 22][14, 24][16, 28] 
[4, 14, 9, 1, 3, 23][8, 26, 0, 18, 13][6, 21, 2, 10][20, 24, 7, 27][12, 19, 17, 18][10, 15, 29][5, 15, 16][22, 25, 28][7, 25, 11][0, 22][14, 24][16, 28] 
[4, 14, 9, 1, 3, 23][8, 26, 0, 18, 13][6, 21, 2, 10][20, 24, 7, 27][12, 19, 17, 18][10, 15, 29][5, 15, 16][22, 25, 28][7, 25, 11][0, 22][14, 24][16, 28] 
[4, 14, 9, 1, 3, 23][8, 26, 0, 18, 13][6, 21, 2, 10][20, 24, 7, 27][12, 19, 17, 18][10, 15, 29][5, 15, 16][22, 25, 28][7, 25, 11][0, 22][14, 24][16, 28] 
[4, 14, 9, 1, 3, 23][8, 26, 0, 18, 13][6, 21, 2, 10][20, 24, 7, 27][12, 19, 17, 18][5, 15, 16][10, 15, 29][22, 25, 28][7, 25, 11][16, 28][14, 24][0, 22] 
[4, 14, 9, 1, 3, 23][8, 26, 0, 18, 13][6, 21, 2, 10][20, 24, 7, 27][12, 19, 17, 18][10, 15, 29][5, 15, 16][22, 25, 28][7, 25, 11][0, 22][14, 24][16, 28] 
[4, 14, 9, 1, 3, 23][8, 26, 0, 18, 13][6, 21, 2, 10][20, 24, 7, 27][12, 19, 17, 18][10, 15, 29][5, 15, 16][22, 25, 28][7, 25, 11][0, 22][14, 24][16, 28] 
[4, 14, 9, 1, 3, 23][8, 26, 0, 18, 13][6, 21, 2, 10][20, 24, 7, 27][12, 19, 17, 18][10, 15, 29][5, 15, 16][22, 25, 28][7, 25, 11][0, 22][14, 24][16, 28] 
[13, 18, 0, 26, 8, 12, 17, 19][4, 14, 9, 1, 3, 23][20, 24, 7, 27][6, 21, 2, 10][7, 25, 11][22, 25, 28][5, 15, 16][10, 15, 29][16, 28][14, 24][0, 22][8, 26] 
[13, 18, 0, 26, 8, 12, 17, 19][4, 14, 9, 1, 3, 23][20, 24, 7, 27][6, 21, 2, 10][7, 25, 11][22, 25, 28][5, 15, 16][10, 15, 29][16, 28][14, 24][0, 22][8, 26] 
[13, 18, 0, 26, 8, 12, 17, 19][4, 14, 9, 1, 3, 23][20, 24, 7, 27][6, 21, 2, 10][7, 25, 11][22, 25, 28][5, 15, 16][10, 15, 29][16, 28][14, 24][0, 22][8, 26] 
[13, 18, 0, 26, 8, 12, 17, 19][4, 14, 9, 1, 3, 23][20, 24, 7, 27][6, 21, 2, 10][7, 25, 11][22, 25, 28][5, 15, 16][10, 15, 29][16, 28][14, 24][0, 22][8, 26] 
[13, 18, 0, 26, 8, 12, 17, 19][4, 14, 9, 1, 3, 23][20, 24, 7, 27][6, 21, 2, 10][7, 25, 11][22, 25, 28][5, 15, 16][10, 15, 29][16, 28][14, 24][0, 22][8, 26] 
[4, 14, 9, 1, 3, 23][8, 26, 0, 18, 13][12, 19, 17, 18][5, 15, 16, 28][6, 21, 2, 10][20, 24, 7, 27][22, 25, 28][10, 15, 29][7, 25, 11][8, 26][0, 22][14, 24] 
[4, 14, 9, 1, 3, 23][6, 21, 2, 10][5, 15, 16, 28][20, 24, 7, 27][8, 26, 0, 13][12, 19, 17, 18][10, 15, 29][22, 25, 28][7, 25, 11][14, 24][0, 22][0, 18] 
[4, 14, 9, 1, 3, 23][6, 21, 2, 10][5, 15, 16, 28][20, 24, 7, 27][8, 26, 0, 13][12, 19, 17, 18][10, 15, 29][22, 25, 28][7, 25, 11][14, 24][0, 22][0, 18] 
[4, 14, 9, 1, 3, 23][6, 21, 2, 10][5, 15, 16, 28][20, 24, 7, 27][8, 26, 0, 13][12, 19, 17, 18][10, 15, 29][22, 25, 28][7, 25, 11][14, 24][0, 22][0, 18] 
[4, 14, 9, 1, 3, 23][6, 21, 2, 10][5, 15, 16, 28][20, 24, 7, 27][8, 26, 0, 13][12, 19, 17, 18][10, 15, 29][22, 25, 28][7, 25, 11][14, 24][0, 22][0, 18] 
[4, 14, 9, 1, 3, 23][6, 21, 2, 10][5, 15, 16, 28][20, 24, 7, 27][8, 26, 0, 13][12, 19, 17, 18][10, 15, 29][22, 25, 28][7, 25, 11][14, 24][0, 22][0, 18] 
[4, 14, 9, 1, 3, 23][8, 26, 0, 18, 13][6, 21, 2, 10][20, 24, 7, 27][12, 19, 17, 18][10, 15, 29][5, 15, 16][22, 25, 28][7, 25, 11][0, 22][14, 24][16, 28] 
[4, 14, 9, 1, 3, 23][6, 21, 2, 10][5, 15, 16, 28][20, 24, 7, 27][8, 26, 0, 13][12, 19, 17, 18][10, 15, 29][22, 25, 28][7, 25, 11][14, 24][0, 22][0, 18] 
