[11, 17, 12, 18, 13][16, 28, 25, 0, 26][1, 14, 24, 20, 7][4, 3, 23, 9][6, 15, 29, 27][2, 10, 21, 5][8, 19, 22][18, 0, 22][3, 11][1, 9][7, 27][2, 15] 
[11, 17, 12, 18, 13][16, 28, 25, 0, 26][1, 14, 24, 20, 7][4, 3, 23, 9][6, 15, 29, 27][2, 10, 21, 5][18, 0, 22][8, 19, 22][3, 11][1, 9][7, 27][2, 15] 
[1, 14, 24, 20, 7][11, 17, 12, 18, 13][16, 28, 25, 0, 26][6, 15, 29, 27][2, 10, 21, 5][4, 3, 23, 9][18, 0, 22][8, 19, 22][10, 15][7, 27][1, 9][3, 11] 
[1, 14, 24, 20, 7][11, 17, 12, 18, 13][16, 28, 25, 0, 26][6, 15, 29, 27][2, 10, 21, 5][4, 3, 23, 9][18, 0, 22][8, 19, 22][10, 15][7, 27][1, 9][3, 11] 
[11, 17, 12, 18, 13][16, 28, 25, 0, 26][1, 14, 24, 20, 7][4, 3, 23, 9][6, 15, 29, 27][2, 10, 21, 5][18, 0, 22][8, 19, 22][3, 11][1, 9][7, 27][2, 15] 
[11, 17, 12, 18, 13][16, 28, 25, 0, 26][1, 14, 24, 20, 7][4, 3, 23, 9][6, 15, 29, 27][2, 10, 21, 5][18, 0, 22][8, 19, 22][3, 11][1, 9][7, 27][2, 15] 
[1, 14, 24, 20, 7][11, 17, 12, 18, 13][16, 28, 25, 0, 26][6, 15, 29, 27][2, 10, 21, 5][4, 3, 23, 9][18, 0, 22][8, 19, 22][10, 15][7, 27][1, 9][3, 11] 
[1, 14, 24, 20, 7][11, 17, 12, 18, 13][16, 28, 25, 0, 26][6, 15, 29, 27][2, 10, 21, 5][4, 3, 23, 9][18, 0, 22][8, 19, 22][10, 15][7, 27][1, 9][3, 11] 
[1, 14, 24, 20, 7][11, 17, 12, 18, 13][16, 28, 25, 0, 26][6, 15, 29, 27][2, 10, 21, 5][4, 3, 23, 9][18, 0, 22][8, 19, 22][10, 15][7, 27][1, 9][3, 11] 
[1, 14, 24, 20, 7][11, 17, 12, 18, 13][16, 28, 25, 0, 26][6, 15, 29, 27][2, 10, 21, 5][4, 3, 23, 9][18, 0, 22][8, 19, 22][10, 15][7, 27][1, 9][3, 11] 
[11, 17, 12, 18, 13][16, 28, 25, 0, 26][1, 14, 24, 20, 7][4, 3, 23, 9][6, 15, 29, 27][2, 10, 21, 5][18, 0, 22][8, 19, 22][3, 11][1, 9][7, 27][2, 15] 
[1, 14, 24, 20, 7][11, 17, 12, 18, 13][16, 28, 25, 0, 26][6, 15, 29, 27][2, 10, 21, 5][4, 3, 23, 9][18, 0, 22][8, 19, 22][2, 15][7, 27][1, 9][3, 11] 
[1, 14, 24, 20, 7][11, 17, 12, 18, 13][16, 28, 25, 0, 26][6, 15, 29, 27][4, 3, 23, 9][2, 10, 21, 5][18, 0, 22][8, 19, 22][7, 27][1, 9][3, 11][10, 15] 
[11, 17, 12, 18, 13][16, 28, 25, 0, 26][1, 14, 24, 20, 7][4, 3, 23, 9][6, 15, 29, 27][2, 10, 21, 5][8, 19, 22][18, 0, 22][3, 11][1, 9][7, 27][2, 15] 
[11, 17, 12, 18, 13][16, 28, 25, 0, 26][1, 14, 24, 20, 7][4, 3, 23, 9][6, 15, 29, 27][2, 10, 21, 5][8, 19, 22][18, 0, 22][3, 11][1, 9][7, 27][2, 15] 
[1, 14, 24, 20, 7][11, 17, 12, 18, 13][16, 28, 25, 0, 26][6, 15, 29, 27][2, 10, 21, 5][4, 3, 23, 9][18, 0, 22][8, 19, 22][10, 15][7, 27][1, 9][3, 11] 
[11, 17, 12, 18, 13][16, 28, 25, 0, 26][1, 14, 24, 20, 7][4, 3, 23, 9][6, 15, 29, 27][2, 10, 21, 5][8, 19, 22][18, 0, 22][3, 11][1, 9][7, 27][2, 15] 
[11, 17, 12, 18, 13][16, 28, 25, 0, 26][1, 14, 24, 20, 7][4, 3, 23, 9][6, 15, 29, 27][2, 10, 21, 5][8, 19, 22][18, 0, 22][3, 11][1, 9][7, 27][2, 15] 
[11, 17, 12, 18, 13][16, 28, 25, 0, 26][1, 14, 24, 20, 7][4, 3, 23, 9][6, 15, 29, 27][2, 10, 21, 5][8, 19, 22][18, 0, 22][3, 11][1, 9][7, 27][2, 15] 
[11, 17, 12, 18, 13][16, 28, 25, 0, 26][1, 14, 24, 20, 7][4, 3, 23, 9][6, 15, 29, 27][2, 10, 21, 5][18, 0, 22][8, 19, 22][3, 11][1, 9][7, 27][2, 15] 
[11, 17, 12, 18, 13][16, 28, 25, 0, 26][1, 14, 24, 20, 7][4, 3, 23, 9][6, 15, 29, 27][2, 10, 21, 5][8, 19, 22][18, 0, 22][3, 11][1, 9][7, 27][2, 15] 
[1, 14, 24, 20, 7][11, 17, 12, 18, 13][16, 28, 25, 0, 26][2, 10, 21, 5][6, 15, 29, 27][4, 3, 23, 9][18, 0, 22][8, 19, 22][2, 15][7, 27][1, 9][3, 11] 
[1, 14, 24, 20, 7][11, 17, 12, 18, 13][16, 28, 25, 0, 26][6, 15, 29, 27][2, 10, 21, 5][4, 3, 23, 9][18, 0, 22][8, 19, 22][10, 15][7, 27][1, 9][3, 11] 
[1, 14, 24, 20, 7][11, 17, 12, 18, 13][16, 28, 25, 0, 26][2, 10, 21, 5][6, 15, 29, 27][4, 3, 23, 9][18, 0, 22][8, 19, 22][2, 15][7, 27][1, 9][3, 11] 
[11, 17, 12, 18, 13][16, 28, 25, 0, 26][1, 14, 24, 20, 7][4, 3, 23, 9][6, 15, 29, 27][2, 10, 21, 5][18, 0, 22][8, 19, 22][3, 11][1, 9][7, 27][2, 15] 
[16, 28, 25, 0, 26][11, 17, 12, 18, 13][1, 14, 24, 20, 7][4, 3, 23, 9][6, 15, 29, 27][2, 10, 21, 5][18, 0, 22][8, 19, 22][3, 11][1, 9][7, 27][10, 15] 
[11, 17, 12, 18, 13][16, 28, 25, 0, 26][1, 14, 24, 20, 7][4, 3, 23, 9][6, 15, 29, 27][2, 10, 21, 5][8, 19, 22][18, 0, 22][3, 11][1, 9][7, 27][2, 15] 
[11, 17, 12, 18, 13][16, 28, 25, 0, 26][1, 14, 24, 20, 7][4, 3, 23, 9][6, 15, 29, 27][2, 10, 21, 5][8, 19, 22][18, 0, 22][3, 11][1, 9][7, 27][2, 15] 
[11, 17, 12, 18, 13][16, 28, 25, 0, 26][1, 14, 24, 20, 7][4, 3, 23, 9][6, 15, 29, 27][2, 10, 21, 5][8, 19, 22][18, 0, 22][3, 11][1, 9][7, 27][2, 15] 
[11, 17, 12, 18, 13][16, 28, 25, 0, 26][1, 14, 24, 20, 7][4, 3, 23, 9][6, 15, 29, 27][2, 10, 21, 5][8, 19, 22][18, 0, 22][3, 11][1, 9][7, 27][2, 15] 
[11, 17, 12, 18, 13][16, 28, 25, 0, 26][1, 14, 24, 20, 7][4, 3, 23, 9][6, 15, 29, 27][2, 10, 21, 5][8, 19, 22][18, 0, 22][3, 11][1, 9][7, 27][2, 15] 
[11, 17, 12, 18, 13][16, 28, 25, 0, 26][1, 14, 24, 20, 7][4, 3, 23, 9][6, 15, 29, 27][2, 10, 21, 5][8, 19, 22][18, 0, 22][3, 11][1, 9][7, 27][2, 15] 
[11, 17, 12, 18, 13][16, 28, 25, 0, 26][1, 14, 24, 20, 7][4, 3, 23, 9][6, 15, 29, 27][2, 10, 21, 5][18, 0, 22][8, 19, 22][3, 11][1, 9][7, 27][2, 15] 
[1, 14, 24, 20, 7][11, 17, 12, 18, 13][16, 28, 25, 0, 26][2, 10, 21, 5][6, 15, 29, 27][4, 3, 23, 9][18, 0, 22][8, 19, 22][2, 15][7, 27][1, 9][3, 11] 
[11, 17, 12, 18, 13][16, 28, 25, 0, 26][1, 14, 24, 20, 7][4, 3, 23, 9][6, 15, 29, 27][2, 10, 21, 5][8, 19, 22][18, 0, 22][3, 11][1, 9][7, 27][2, 15] 
[3, 24, 7, 28, 16, 2, 6, 21, 5, 15, 27][9, 1, 4, 7, 10, 16, 28, 17, 19, 8, 26][18, 22, 0, 12, 8, 26][23, 14, 11, 25, 28][14, 20][15, 29][6, 13][7, 16][7, 16][7, 16][16, 28][16, 28] 
[3, 24, 7, 28, 16, 2, 6, 21, 5, 15, 27][9, 1, 4, 7, 10, 16, 28, 17, 19, 8, 26][18, 22, 0, 12, 8, 26][23, 14, 11, 25, 28][14, 20][15, 29][6, 13][7, 16][7, 16][7, 16][16, 28][16, 28] 
[3, 24, 7, 28, 16, 2, 6, 21, 5, 15, 27][9, 1, 4, 7, 10, 16, 28, 17, 19, 8, 26][18, 22, 0, 12, 8, 26][23, 14, 11, 25, 28][14, 20][15, 29][6, 13][7, 16][7, 16][7, 16][16, 28][16, 28] 
[3, 24, 7, 16, 2, 6, 21, 5, 15, 27][8, 19, 17, 28, 16, 10, 7, 4, 1, 9][18, 22, 0, 12, 8, 26][23, 14, 11, 25, 28][14, 20][15, 29][6, 13][7, 16][7, 16][7, 16][16, 28][16, 28] 
[3, 24, 7, 16, 2, 6, 21, 5, 15, 27][8, 19, 17, 28, 16, 10, 7, 4, 1, 9][18, 22, 0, 12, 8, 26][23, 14, 11, 25, 28][14, 20][15, 29][6, 13][7, 16][7, 16][7, 16][16, 28][16, 28] 
[3, 24, 7, 16, 2, 6, 21, 5, 15, 27][9, 1, 4, 7, 10, 16, 28, 17][18, 22, 0, 17, 19, 12, 8, 26][23, 14, 11, 25][1, 14, 20][15, 29][6, 13][7, 16][7, 16][7, 16][16, 28][16, 28] 
[3, 24, 7, 28, 16, 2, 6, 21, 5, 15, 27][9, 1, 4, 7, 10, 16, 28, 17, 19, 8, 26][18, 22, 0, 12, 8, 26][23, 14, 11, 25, 28][14, 20][15, 29][6, 13][7, 16][7, 16][7, 16][16, 28][16, 28] 
[3, 24, 7, 28, 16, 2, 6, 21, 5, 15, 27][9, 1, 4, 7, 10, 16, 28, 17, 19, 8, 26][18, 22, 0, 12, 8, 26][23, 14, 11, 25, 28][14, 20][15, 29][6, 13][7, 16][7, 16][7, 16][16, 28][16, 28] 
[3, 24, 7, 16, 2, 6, 21, 5, 15, 27][8, 19, 17, 28, 16, 10, 7, 4, 1, 9][18, 22, 0, 12, 8, 26][23, 14, 11, 25, 28][14, 20][15, 29][6, 13][7, 16][7, 16][7, 16][16, 28][16, 28] 
[3, 24, 7, 28, 16, 2, 6, 21, 5, 15, 27][9, 1, 4, 7, 10, 16, 28, 17, 19, 8, 26][18, 22, 0, 12, 8, 26][23, 14, 11, 25, 28][14, 20][15, 29][6, 13][7, 16][7, 16][7, 16][16, 28][16, 28] 
[3, 24, 7, 28, 16, 2, 6, 21, 5, 15, 27][9, 1, 4, 7, 10, 16, 28, 17, 19, 8, 26][18, 22, 0, 12, 8, 26][23, 14, 11, 25, 28][14, 20][15, 29][6, 13][7, 16][7, 16][7, 16][16, 28][16, 28] 
[3, 24, 7, 28, 16, 2, 6, 21, 5, 15, 27][9, 1, 4, 7, 10, 16, 28, 17, 19, 8, 26][18, 22, 0, 12, 8, 26][23, 14, 11, 25, 28][14, 20][15, 29][6, 13][7, 16][7, 16][7, 16][16, 28][16, 28] 
[3, 24, 7, 16, 2, 6, 21, 5, 15, 27][8, 19, 17, 28, 16, 10, 7, 4, 1, 9][18, 22, 0, 12, 8, 26][23, 14, 11, 25, 28][14, 20][15, 29][6, 13][7, 16][7, 16][7, 16][16, 28][16, 28] 
[3, 24, 7, 28, 16, 2, 6, 21, 5, 15, 27][9, 1, 4, 7, 10, 16, 28, 17, 19, 8, 26][18, 22, 0, 12, 8, 26][23, 14, 11, 25, 28][14, 20][15, 29][6, 13][7, 16][7, 16][7, 16][16, 28][16, 28] 
[3, 24, 7, 28, 16, 2, 6, 21, 5, 15, 27][9, 1, 4, 7, 10, 16, 28, 17, 19, 8, 26][18, 22, 0, 12, 8, 26][23, 14, 11, 25, 28][14, 20][15, 29][6, 13][7, 16][7, 16][7, 16][16, 28][16, 28] 
[0, 22, 18, 13, 6, 5, 21, 10, 2, 16, 28, 25, 11, 14, 23][2, 29, 10, 27, 15, 5, 21, 6, 16, 7, 24, 3, 1, 14, 23][9, 1, 4, 7, 10, 16, 28, 17, 19, 8, 26, 0, 18, 12][7, 27, 29, 15, 6, 13, 18, 0, 12, 8, 26][15, 29][6, 13][14, 20][7, 16][7, 16][7, 16][7, 16][7, 16] 
[0, 22, 18, 13, 6, 5, 21, 10, 2, 16, 28, 25, 11, 14, 23][9, 1, 4, 7, 10, 16, 28, 17, 19, 8, 26, 0, 18, 12][14, 1, 3, 24, 7, 16, 6, 21, 5, 15, 27, 10, 29][7, 27, 29, 15, 6, 13, 0, 12, 8, 26][15, 29][6, 13][14, 20][7, 16][7, 16][7, 16][7, 16][7, 16] 
[9, 1, 4, 7, 10, 16, 28, 17, 19, 8, 26][3, 24, 7, 16, 2, 6, 21, 5, 15, 27][18, 22, 0, 12, 8, 26][23, 14, 11, 25, 28][14, 20][15, 29][6, 13][7, 16][7, 16][7, 16][16, 28][16, 28] 
[0, 22, 18, 13, 6, 5, 21, 10, 2, 16, 28, 25, 11, 14, 23][2, 29, 10, 27, 15, 5, 21, 6, 16, 7, 24, 3, 1, 14, 23][9, 1, 4, 7, 10, 16, 28, 17, 19, 8, 26, 0, 18, 12][7, 27, 29, 15, 6, 13, 18, 0, 12, 8, 26][15, 29][6, 13][14, 20][7, 16][7, 16][7, 16][7, 16][7, 16] 
[0, 22, 18, 13, 6, 5, 21, 10, 2, 16, 28, 25, 11, 14, 23][9, 1, 4, 7, 10, 16, 28, 17, 19, 8, 26, 0, 18, 12][14, 1, 3, 24, 7, 16, 6, 21, 5, 15, 27, 10, 29][7, 27, 29, 15, 6, 13, 0, 12, 8, 26][15, 29][6, 13][14, 20][7, 16][7, 16][7, 16][7, 16][7, 16] 
[0, 22, 18, 13, 6, 5, 21, 10, 2, 16, 28, 25, 11, 14, 23][9, 1, 4, 7, 10, 16, 28, 17, 19, 8, 26, 0, 18, 12][14, 1, 3, 24, 7, 16, 6, 21, 5, 15, 27, 10, 29][7, 27, 29, 15, 6, 13, 18, 0, 12, 8, 26][15, 29][6, 13][14, 20][7, 16][7, 16][7, 16][7, 16][7, 16] 
[1, 14, 24, 20, 7][11, 17, 12, 18, 13][16, 28, 25, 0, 26][6, 15, 29, 27][2, 10, 21, 5][4, 3, 23, 9][18, 0, 22][8, 19, 22][10, 15][7, 27][1, 9][3, 11] 
[1, 14, 24, 20, 7][11, 17, 12, 18, 13][16, 28, 25, 0, 26][2, 10, 21, 5][6, 15, 29, 27][4, 3, 23, 9][18, 0, 22][8, 19, 22][10, 15][7, 27][1, 9][3, 11] 
[1, 14, 24, 20, 7][11, 17, 12, 18, 13][16, 28, 25, 0, 26][6, 15, 29, 27][2, 10, 21, 5][4, 3, 23, 9][18, 0, 22][8, 19, 22][10, 15][7, 27][1, 9][3, 11] 
[1, 14, 24, 20, 7][11, 17, 12, 18, 13][16, 28, 25, 0, 26][6, 15, 29, 27][4, 3, 23, 9][2, 10, 21, 5][18, 0, 22][8, 19, 22][7, 27][1, 9][10, 15][3, 11] 
[1, 14, 24, 20, 7][11, 17, 12, 18, 13][16, 28, 25, 0, 26][6, 15, 29, 27][2, 10, 21, 5][4, 3, 23, 9][18, 0, 22][8, 19, 22][10, 15][7, 27][1, 9][3, 11] 
[1, 14, 24, 20, 7][11, 17, 12, 18, 13][16, 28, 25, 0, 26][6, 15, 29, 27][4, 3, 23, 9][2, 10, 21, 5][18, 0, 22][8, 19, 22][7, 27][1, 9][10, 15][3, 11] 
[1, 14, 24, 20, 7][11, 17, 12, 18, 13][16, 28, 25, 0, 26][6, 15, 29, 27][2, 10, 21, 5][4, 3, 23, 9][18, 0, 22][8, 19, 22][10, 15][7, 27][1, 9][3, 11] 
[1, 14, 24, 20, 7][11, 17, 12, 18, 13][16, 28, 25, 0, 26][6, 15, 29, 27][2, 10, 21, 5][4, 3, 23, 9][18, 0, 22][8, 19, 22][10, 15][7, 27][1, 9][3, 11] 
[11, 17, 12, 18, 13][16, 28, 25, 0, 26][1, 14, 24, 20, 7][4, 3, 23, 9][6, 15, 29, 27][2, 10, 21, 5][18, 0, 22][8, 19, 22][3, 11][1, 9][7, 27][10, 15] 
[1, 14, 24, 20, 7][11, 17, 12, 18, 13][16, 28, 25, 0, 26][6, 15, 29, 27][2, 10, 21, 5][4, 3, 23, 9][18, 0, 22][8, 19, 22][10, 15][7, 27][1, 9][3, 11] 
[11, 17, 12, 18, 13][16, 28, 25, 0, 26][1, 14, 24, 20, 7][4, 3, 23, 9][6, 15, 29, 27][2, 10, 21, 5][18, 0, 22][8, 19, 22][3, 11][1, 9][7, 27][10, 15] 
[1, 14, 24, 20, 7][11, 17, 12, 18, 13][16, 28, 25, 0, 26][6, 15, 29, 27][2, 10, 21, 5][4, 3, 23, 9][18, 0, 22][8, 19, 22][10, 15][7, 27][1, 9][3, 11] 
[1, 14, 24, 20, 7][11, 17, 12, 18, 13][16, 28, 25, 0, 26][6, 15, 29, 27][2, 10, 21, 5][4, 3, 23, 9][18, 0, 22][8, 19, 22][10, 15][7, 27][1, 9][3, 11] 
[1, 14, 24, 20, 7][11, 17, 12, 18, 13][16, 28, 25, 0, 26][6, 15, 29, 27][2, 10, 21, 5][4, 3, 23, 9][18, 0, 22][8, 19, 22][10, 15][7, 27][1, 9][3, 11] 
[1, 14, 24, 20, 7][11, 17, 12, 18, 13][16, 28, 25, 0, 26][6, 15, 29, 27][2, 10, 21, 5][4, 3, 23, 9][18, 0, 22][8, 19, 22][10, 15][7, 27][1, 9][3, 11] 
[11, 17, 12, 18, 13][16, 28, 25, 0, 26][1, 14, 24, 20, 7][4, 3, 23, 9][6, 15, 29, 27][2, 10, 21, 5][8, 19, 22][18, 0, 22][3, 11][1, 9][7, 27][2, 15] 
[11, 17, 12, 18, 13][16, 28, 25, 0, 26][1, 14, 24, 20, 7][4, 3, 23, 9][6, 15, 29, 27][2, 10, 21, 5][8, 19, 22][18, 0, 22][3, 11][1, 9][7, 27][2, 15] 
[11, 17, 12, 18, 13][16, 28, 25, 0, 26][1, 14, 24, 20, 7][4, 3, 23, 9][6, 15, 29, 27][2, 10, 21, 5][8, 19, 22][18, 0, 22][3, 11][1, 9][7, 27][2, 15] 
[11, 17, 12, 18, 13][16, 28, 25, 0, 26][1, 14, 24, 20, 7][4, 3, 23, 9][6, 15, 29, 27][2, 10, 21, 5][8, 19, 22][18, 0, 22][3, 11][1, 9][7, 27][2, 15] 
[11, 17, 12, 18, 13][16, 28, 25, 0, 26][1, 14, 24, 20, 7][4, 3, 23, 9][6, 15, 29, 27][2, 10, 21, 5][8, 19, 22][18, 0, 22][3, 11][1, 9][7, 27][2, 15] 
[11, 17, 12, 18, 13][16, 28, 25, 0, 26][1, 14, 24, 20, 7][4, 3, 23, 9][6, 15, 29, 27][2, 10, 21, 5][18, 0, 22][8, 19, 22][2, 10, 15][3, 11][1, 9][7, 27] 
[1, 14, 24, 20, 7][11, 17, 12, 18, 13][16, 28, 25, 0, 26][4, 3, 23, 9][6, 15, 29, 27][2, 10, 21, 5][18, 0, 22][8, 19, 22][1, 9][7, 27][10, 15][3, 11] 
[1, 14, 24, 20, 7][11, 17, 12, 18, 13][16, 28, 25, 0, 26][2, 10, 21, 5][6, 15, 29, 27][4, 3, 23, 9][18, 0, 22][8, 19, 22][10, 15][7, 27][1, 9][3, 11] 
[1, 14, 24, 20, 7][11, 17, 12, 18, 13][16, 28, 25, 0, 26][6, 15, 29, 27][2, 10, 21, 5][4, 3, 23, 9][18, 0, 22][8, 19, 22][10, 15][7, 27][1, 9][3, 11] 
[1, 14, 24, 20, 7][11, 17, 12, 18, 13][16, 28, 25, 0, 26][4, 3, 23, 9][6, 15, 29, 27][2, 10, 21, 5][18, 0, 22][8, 19, 22][1, 9][7, 27][10, 15][3, 11] 
[1, 14, 24, 20, 7][11, 17, 12, 18, 13][16, 28, 25, 0, 26][4, 3, 23, 9][6, 15, 29, 27][2, 10, 21, 5][18, 0, 22][8, 19, 22][1, 9][7, 27][10, 15][3, 11] 
[1, 14, 24, 20, 7][11, 17, 12, 18, 13][16, 28, 25, 0, 26][6, 15, 29, 27][2, 10, 21, 5][4, 3, 23, 9][18, 0, 22][8, 19, 22][10, 15][7, 27][1, 9][3, 11] 
[1, 14, 24, 20, 7][11, 17, 12, 18, 13][16, 28, 25, 0, 26][2, 10, 21, 5][6, 15, 29, 27][4, 3, 23, 9][18, 0, 22][8, 19, 22][10, 15][7, 27][1, 9][3, 11] 
[11, 17, 12, 18, 13][16, 28, 25, 0, 26][1, 14, 24, 20, 7][4, 3, 23, 9][6, 15, 29, 27][2, 10, 21, 5][8, 19, 22][18, 0, 22][3, 11][1, 9][7, 27][2, 15] 
[11, 17, 12, 18, 13][16, 28, 25, 0, 26][1, 14, 24, 20, 7][4, 3, 23, 9][6, 15, 29, 27][2, 10, 21, 5][8, 19, 22][18, 0, 22][3, 11][1, 9][7, 27][2, 15] 
[11, 17, 12, 18, 13][16, 28, 25, 0, 26][1, 14, 24, 20, 7][4, 3, 23, 9][6, 15, 29, 27][2, 10, 21, 5][18, 0, 22][8, 19, 22][3, 11][1, 9][7, 27][2, 15] 
[11, 17, 12, 18, 13][16, 28, 25, 0, 26][1, 14, 24, 20, 7][4, 3, 23, 9][6, 15, 29, 27][2, 10, 21, 5][8, 19, 22][18, 0, 22][3, 11][1, 9][7, 27][2, 15] 
[11, 17, 12, 18, 13][16, 28, 25, 0, 26][1, 14, 24, 20, 7][4, 3, 23, 9][6, 15, 29, 27][2, 10, 21, 5][18, 0, 22][8, 19, 22][3, 11][1, 9][7, 27][2, 15] 
[11, 17, 12, 18, 13][16, 28, 25, 0, 26][1, 14, 24, 20, 7][4, 3, 23, 9][6, 15, 29, 27][2, 10, 21, 5][18, 0, 22][8, 19, 22][3, 11][1, 9][7, 27][2, 15] 
[11, 17, 12, 18, 13][16, 28, 25, 0, 26][1, 14, 24, 20, 7][4, 3, 23, 9][6, 15, 29, 27][2, 10, 21, 5][8, 19, 22][18, 0, 22][3, 11][1, 9][7, 27][2, 15] 
[11, 17, 12, 18, 13][16, 28, 25, 0, 26][1, 14, 24, 20, 7][4, 3, 23, 9][6, 15, 29, 27][2, 10, 21, 5][8, 19, 22][18, 0, 22][3, 11][1, 9][7, 27][2, 15] 
[11, 17, 12, 18, 13][16, 28, 25, 0, 26][1, 14, 24, 20, 7][4, 3, 23, 9][6, 15, 29, 27][2, 10, 21, 5][8, 19, 22][18, 0, 22][3, 11][1, 9][7, 27][2, 15] 
[11, 17, 12, 18, 13][16, 28, 25, 0, 26][1, 14, 24, 20, 7][4, 3, 23, 9][6, 15, 29, 27][2, 10, 21, 5][8, 19, 22][18, 0, 22][3, 11][1, 9][7, 27][2, 15] 
[11, 17, 12, 18, 13][16, 28, 25, 0, 26][1, 14, 24, 20, 7][4, 3, 23, 9][6, 15, 29, 27][2, 10, 21, 5][8, 19, 22][18, 0, 22][3, 11][1, 9][7, 27][2, 15] 
[1, 14, 24, 20, 7][11, 17, 12, 18, 13][16, 28, 25, 0, 26][2, 10, 21, 5][6, 15, 29, 27][4, 3, 23, 9][18, 0, 22][8, 19, 22][2, 15][7, 27][1, 9][3, 11] 
[1, 14, 24, 20, 7][11, 17, 12, 18, 13][16, 28, 25, 0, 26][2, 10, 21, 5][6, 15, 29, 27][4, 3, 23, 9][18, 0, 22][8, 19, 22][2, 15][7, 27][1, 9][3, 11] 
[1, 14, 24, 20, 7][11, 17, 12, 18, 13][16, 28, 25, 0, 26][6, 15, 29, 27][2, 10, 21, 5][4, 3, 23, 9][18, 0, 22][8, 19, 22][2, 15][7, 27][1, 9][3, 11] 
[1, 14, 24, 20, 7][11, 17, 12, 18, 13][16, 28, 25, 0, 26][2, 10, 21, 5][6, 15, 29, 27][4, 3, 23, 9][18, 0, 22][8, 19, 22][2, 15][7, 27][1, 9][3, 11] 
[11, 17, 12, 18, 13][16, 28, 25, 0, 26][1, 14, 24, 20, 7][4, 3, 23, 9][6, 15, 29, 27][5, 21, 2, 10][12, 0, 22][8, 19, 22][2, 10, 15][3, 11][1, 9][7, 27] 
[11, 17, 12, 18, 13][16, 28, 25, 0, 26][1, 14, 24, 20, 7][4, 3, 23, 9][6, 15, 29, 27][5, 21, 2, 10][12, 0, 22][8, 19, 22][2, 10, 15][3, 11][1, 9][7, 27] 
[11, 17, 12, 18, 13][16, 28, 25, 0, 26][1, 14, 24, 20, 7][4, 3, 23, 9][6, 15, 29, 27][5, 21, 2, 10][12, 0, 22][8, 19, 22][2, 10, 15][3, 11][1, 9][7, 27] 
[11, 17, 12, 18, 13][16, 28, 25, 0, 26][1, 14, 24, 20, 7][4, 3, 23, 9][6, 15, 29, 27][5, 21, 2, 10][12, 0, 22][8, 19, 22][2, 10, 15][3, 11][1, 9][7, 27] 
[11, 17, 12, 18, 13][16, 28, 25, 0, 26][1, 14, 24, 20, 7][4, 3, 23, 9][6, 15, 29, 27][5, 21, 2, 10][12, 0, 22][8, 19, 22][2, 10, 15][3, 11][1, 9][7, 27] 
[11, 17, 12, 18, 13][16, 28, 25, 0, 26][1, 14, 24, 20, 7][2, 10, 15, 5, 21][4, 3, 23, 9][6, 15, 29, 27][18, 0, 22][8, 19, 22][3, 11][1, 9][7, 27][10, 15] 
[1, 14, 24, 20, 7][11, 17, 12, 18, 13][16, 28, 25, 0, 26][6, 15, 29, 27][2, 10, 21, 5][4, 3, 23, 9][18, 0, 22][8, 19, 22][10, 15][7, 27][1, 9][3, 11] 
[1, 14, 24, 20, 7][11, 17, 12, 18, 13][16, 28, 25, 0, 26][6, 15, 29, 27][2, 10, 21, 5][4, 3, 23, 9][18, 0, 22][8, 19, 22][10, 15][7, 27][1, 9][3, 11] 
[1, 14, 24, 20, 7][11, 17, 12, 18, 13][16, 28, 25, 0, 26][6, 15, 29, 27][2, 10, 21, 5][4, 3, 23, 9][18, 0, 22][8, 19, 22][10, 15][7, 27][1, 9][3, 11] 
[1, 14, 24, 20, 7][11, 17, 12, 18, 13][16, 28, 25, 0, 26][6, 15, 29, 27][2, 10, 21, 5][4, 3, 23, 9][18, 0, 22][8, 19, 22][10, 15][7, 27][1, 9][3, 11] 
[1, 14, 24, 20, 7][11, 17, 12, 18, 13][16, 28, 25, 0, 26][6, 15, 29, 27][2, 10, 21, 5][4, 3, 23, 9][18, 0, 22][8, 19, 22][10, 15][7, 27][1, 9][3, 11] 
[11, 17, 12, 18, 13][16, 28, 25, 0, 26][1, 14, 24, 20, 7][4, 3, 23, 9][6, 15, 29, 27][2, 10, 21, 5][8, 19, 22][18, 0, 22][3, 11][1, 9][7, 27][2, 15] 
[1, 14, 24, 20, 7][11, 17, 12, 18, 13][16, 28, 25, 0, 26][6, 15, 29, 27][2, 10, 21, 5][4, 3, 23, 9][18, 0, 22][8, 19, 22][10, 15][7, 27][1, 9][3, 11] 
