[24, 7, 28, 17, 11, 25][8, 12, 22, 18, 19][9, 3, 4, 14, 23][20, 7, 10, 21][2, 29, 27, 16][13, 18, 0, 26][5, 15, 27][6, 10][2, 6][6, 13][1, 24][1, 9] 
[24, 7, 28, 17, 11, 25][9, 3, 4, 14, 23][8, 12, 22, 18, 19][20, 7, 10, 21][2, 29, 27, 16][13, 18, 0, 26][5, 15, 27][1, 9][1, 24][6, 10][5, 6][6, 13] 
[24, 7, 28, 17, 11, 25][9, 1, 3, 4, 14, 23][8, 12, 22, 18, 19][20, 7, 10, 21][2, 29, 27, 16][5, 15, 27][0, 18, 13][1, 24][6, 10][5, 6][6, 13][0, 26] 
[24, 7, 28, 17, 11, 25][8, 12, 22, 18, 19][1, 3, 4, 14, 23][13, 18, 0, 26][20, 7, 10, 21][2, 29, 27, 16][5, 15, 27][6, 13][6, 10][5, 6][1, 24][1, 9] 
[8, 12, 22, 18, 19][9, 14, 4, 3, 23][13, 18, 0, 26][2, 29, 27, 16][20, 7, 10, 21][1, 24, 7, 25][7, 28, 17, 11][5, 15, 27][6, 13][5, 6][6, 10][1, 9] 
[9, 3, 4, 14, 23][8, 12, 22, 18, 19][1, 24, 7, 25][20, 7, 10, 21][7, 28, 17, 11][5, 15, 27, 16][13, 18, 0, 26][2, 29, 27][1, 9][6, 10][2, 6][6, 13] 
[9, 3, 4, 14, 23][8, 12, 22, 18, 19][1, 24, 7, 25][20, 7, 10, 21][7, 28, 17, 11][2, 29, 27, 16][13, 18, 0, 26][5, 15, 27][1, 9][6, 10][5, 6][6, 13] 
[8, 12, 22, 18, 19][9, 14, 4, 3, 23][5, 15, 27, 16][13, 18, 0, 26][20, 7, 10, 21][7, 28, 17, 11][1, 24, 7, 25][2, 29, 27][2, 6][6, 13][6, 10][1, 9] 
[8, 12, 22, 18, 19][9, 14, 4, 3, 23][13, 18, 0, 26][2, 29, 27, 16][20, 7, 10, 21][1, 24, 7, 25][7, 28, 17, 11][5, 15, 27][6, 13][5, 6][6, 10][1, 9] 
[8, 12, 22, 18, 19][9, 14, 4, 3, 23][5, 15, 27, 16][13, 18, 0, 26][20, 7, 10, 21][7, 28, 17, 11][1, 24, 7, 25][2, 29, 27][2, 6][6, 13][6, 10][1, 9] 
[24, 7, 28, 17, 11, 25][8, 12, 22, 18, 19][9, 3, 4, 14, 23][20, 7, 10, 21][2, 29, 27, 16][13, 18, 0, 26][5, 15, 27][6, 10][2, 6][6, 13][1, 24][1, 9] 
[24, 7, 28, 17, 11, 25][9, 3, 4, 14, 23][8, 12, 22, 18, 19][20, 7, 10, 21][2, 29, 27, 16][13, 18, 0, 26][5, 15, 27][1, 9][1, 24][6, 10][5, 6][6, 13] 
[24, 7, 28, 17, 11, 25][9, 1, 3, 4, 14, 23][8, 12, 22, 18, 19][20, 7, 10, 21][2, 29, 27, 16][5, 15, 27][0, 18, 13][1, 24][6, 10][5, 6][6, 13][0, 26] 
[8, 12, 22, 18, 19][9, 14, 4, 3, 23][13, 18, 0, 26][2, 29, 27, 16][20, 7, 10, 21][1, 24, 7, 25][7, 28, 17, 11][5, 15, 27][6, 13][5, 6][6, 10][1, 9] 
[9, 3, 4, 14, 23][8, 12, 22, 18, 19][1, 24, 7, 25][20, 7, 10, 21][7, 28, 17, 11][5, 15, 27, 16][13, 18, 0, 26][2, 29, 27][1, 9][6, 10][2, 6][6, 13] 
[8, 12, 22, 18, 19][9, 14, 4, 3, 23][5, 15, 27, 16][13, 18, 0, 26][20, 7, 10, 21][7, 28, 17, 11][1, 24, 7, 25][2, 29, 27][2, 6][6, 13][6, 10][1, 9] 
[24, 7, 28, 17, 11, 25][8, 12, 22, 18, 19][9, 3, 4, 14, 23][20, 7, 10, 21][2, 29, 27, 16][13, 18, 0, 26][5, 15, 27][6, 10][2, 6][6, 13][1, 24][1, 9] 
[24, 7, 28, 17, 11, 25][9, 3, 4, 14, 23][8, 12, 22, 18, 19][20, 7, 10, 21][2, 29, 27, 16][13, 18, 0, 26][5, 15, 27][1, 9][1, 24][6, 10][5, 6][6, 13] 
[8, 12, 22, 18, 19][9, 14, 4, 3, 23][13, 18, 0, 26][2, 29, 27, 16][20, 7, 10, 21][1, 24, 7, 25][7, 28, 17, 11][5, 15, 27][6, 13][5, 6][6, 10][1, 9] 
[24, 7, 28, 17, 11, 25][8, 12, 22, 18, 19][9, 3, 4, 14, 23][20, 7, 10, 21][2, 29, 27, 16][13, 18, 0, 26][5, 15, 27][6, 10][2, 6][6, 13][1, 24][1, 9] 
[24, 7, 28, 17, 11, 25][8, 12, 22, 18, 19][9, 3, 4, 14, 23][20, 7, 10, 21][2, 29, 27, 16][13, 18, 0, 26][5, 15, 27][6, 10][2, 6][6, 13][1, 24][1, 9] 
[24, 7, 28, 17, 11, 25][9, 3, 4, 14, 23][8, 12, 22, 18, 19][20, 7, 10, 21][2, 29, 27, 16][13, 18, 0, 26][5, 15, 27][1, 9][1, 24][6, 10][5, 6][6, 13] 
[24, 7, 28, 17, 11, 25][9, 1, 3, 4, 14, 23][8, 12, 22, 18, 19][20, 7, 10, 21][2, 29, 27, 16][5, 15, 27][0, 18, 13][1, 24][6, 10][5, 6][6, 13][0, 26] 
[8, 12, 22, 18, 19][9, 14, 4, 3, 23][13, 18, 0, 26][2, 29, 27, 16][20, 7, 10, 21][1, 24, 7, 25][7, 28, 17, 11][5, 15, 27][6, 13][5, 6][6, 10][1, 9] 
[9, 3, 4, 14, 23][8, 12, 22, 18, 19][1, 24, 7, 25][20, 7, 10, 21][7, 28, 17, 11][5, 15, 27, 16][13, 18, 0, 26][2, 29, 27][1, 9][6, 10][2, 6][6, 13] 
[8, 12, 22, 18, 19][9, 14, 4, 3, 23][5, 15, 27, 16][13, 18, 0, 26][20, 7, 10, 21][7, 28, 17, 11][1, 24, 7, 25][2, 29, 27][2, 6][6, 13][6, 10][1, 9] 
[24, 7, 28, 17, 11, 25][8, 12, 22, 18, 19][9, 3, 4, 14, 23][20, 7, 10, 21][2, 29, 27, 16][13, 18, 0, 26][5, 15, 27][6, 10][2, 6][6, 13][1, 24][1, 9] 
[24, 7, 28, 17, 11, 25][8, 12, 22, 18, 19][9, 3, 4, 14, 23][13, 18, 0, 26][2, 29, 27, 16][20, 7, 10, 21][5, 15, 27][6, 13][5, 6][6, 10][1, 24][1, 9] 
[8, 12, 22, 18, 19][9, 14, 4, 3, 23][13, 18, 0, 26][2, 29, 27, 16][20, 7, 10, 21][1, 24, 7, 25][7, 28, 17, 11][5, 15, 27][6, 13][5, 6][6, 10][1, 9] 
[24, 7, 28, 17, 11, 25][8, 12, 22, 18, 19][9, 3, 4, 14, 23][20, 7, 10, 21][2, 29, 27, 16][13, 18, 0, 26][5, 15, 27][6, 10][2, 6][6, 13][1, 24][1, 9] 
[24, 7, 28, 17, 11, 25][8, 12, 22, 18, 19][9, 3, 4, 14, 23][20, 7, 10, 21][2, 29, 27, 16][13, 18, 0, 26][5, 15, 27][6, 10][2, 6][6, 13][1, 24][1, 9] 
[24, 7, 28, 17, 11, 25][8, 12, 22, 18, 19][9, 3, 4, 14, 23][13, 18, 0, 26][2, 29, 27, 16][20, 7, 10, 21][5, 15, 27][6, 13][5, 6][6, 10][1, 24][1, 9] 
[8, 12, 22, 18, 19][9, 14, 4, 3, 23][13, 18, 0, 26][2, 29, 27, 16][20, 7, 10, 21][1, 24, 7, 25][7, 28, 17, 11][5, 15, 27][6, 13][5, 6][6, 10][1, 9] 
[24, 7, 28, 17, 11, 25][8, 12, 22, 18, 19][9, 3, 4, 14, 23][20, 7, 10, 21][2, 29, 27, 16][13, 18, 0, 26][5, 15, 27][6, 10][2, 6][6, 13][1, 24][1, 9] 
[24, 7, 28, 17, 11, 25][8, 12, 22, 18, 19][9, 3, 4, 14, 23][20, 7, 10, 21][2, 29, 27, 16][13, 18, 0, 26][5, 15, 27][6, 10][2, 6][6, 13][1, 24][1, 9] 
[1, 24, 23, 9, 3, 11, 17, 12, 22, 0, 26, 8, 19, 18, 13][13, 6, 5, 21, 10, 27, 15, 16, 28, 7, 14, 1, 4, 20, 24][2, 29, 10][8, 26][11, 25][3, 11][8, 26][8, 26][8, 26][8, 26][3, 11][8, 26] 
[1, 24, 23, 9, 3, 11, 17, 12, 22, 0, 26, 8, 19, 18, 13][6, 5, 21, 10, 27, 15, 16, 28, 7, 14, 1, 4, 20][2, 29, 10][8, 26][11, 25][3, 11][8, 26][8, 26][8, 26][8, 26][3, 11][8, 26] 
[1, 24, 23, 9, 3, 11, 17, 12, 22, 0, 26, 8, 19, 18, 13][6, 5, 21, 10, 27, 15, 16, 28, 7, 14, 1, 4, 20][2, 29, 10][8, 26][11, 25][3, 11][8, 26][8, 26][8, 26][8, 26][3, 11][8, 26] 
[13, 6, 5, 21, 10, 27, 15, 16, 28, 7, 14, 1, 4, 20][19, 8, 26, 0, 22, 12, 17, 11, 3, 9, 23, 24][0, 18, 13][2, 29, 10][8, 26][8, 26][8, 26][3, 11][8, 26][11, 25][8, 26][8, 26] 
[13, 6, 5, 21, 10, 27, 15, 16, 28, 7, 14, 1, 4, 20][19, 8, 26, 0, 22, 12, 17, 11, 3, 9, 23, 24][0, 18, 13][2, 29, 10][8, 26][8, 26][8, 26][3, 11][8, 26][11, 25][8, 26][8, 26] 
[13, 6, 5, 21, 10, 27, 15, 16, 28, 7, 14, 1, 4, 20][18, 19, 8, 26, 0, 22, 12, 17, 11, 3, 9, 23, 24][2, 29, 10][8, 26][11, 25][8, 26][13, 18][8, 26][8, 26][11, 25][8, 26][8, 26] 
[1, 24, 23, 9, 3, 11, 17, 12, 22, 0, 26, 8, 19, 18, 13][13, 6, 5, 21, 10, 27, 15, 16, 28, 7, 14, 1, 4, 20, 24][2, 29, 10][8, 26][11, 25][3, 11][8, 26][8, 26][8, 26][8, 26][3, 11][8, 26] 
[1, 24, 23, 9, 3, 11, 17, 12, 22, 0, 26, 8, 19, 18, 13][6, 5, 21, 10, 27, 15, 16, 28, 7, 14, 1, 4, 20][2, 29, 10][8, 26][11, 25][3, 11][8, 26][8, 26][8, 26][8, 26][3, 11][8, 26] 
[13, 6, 5, 21, 10, 27, 15, 16, 28, 7, 14, 1, 4, 20][19, 8, 26, 0, 22, 12, 17, 11, 3, 9, 23, 24][0, 18, 13][2, 29, 10][8, 26][8, 26][8, 26][3, 11][8, 26][11, 25][8, 26][8, 26] 
[1, 24, 23, 9, 3, 11, 17, 12, 22, 0, 26, 8, 19, 18, 13][6, 5, 21, 10, 27, 15, 16, 28, 7, 14, 1, 4, 20][2, 29, 10][8, 26][11, 25][3, 11][8, 26][8, 26][8, 26][8, 26][3, 11][8, 26] 
[1, 24, 23, 9, 3, 11, 17, 12, 22, 0, 26, 8, 19, 18, 13][13, 6, 5, 21, 10, 27, 15, 16, 28, 7, 14, 1, 4, 20, 24][2, 29, 10][8, 26][11, 25][3, 11][8, 26][8, 26][8, 26][8, 26][3, 11][8, 26] 
[1, 24, 23, 9, 3, 11, 17, 12, 22, 0, 26, 8, 19, 18, 13][6, 5, 21, 10, 27, 15, 16, 28, 7, 14, 1, 4, 20][2, 29, 10][8, 26][11, 25][3, 11][8, 26][8, 26][8, 26][8, 26][3, 11][8, 26] 
[13, 6, 5, 21, 10, 27, 15, 16, 28, 7, 14, 1, 4, 20][19, 8, 26, 0, 22, 12, 17, 11, 3, 9, 23, 24][0, 18, 13][2, 29, 10][8, 26][8, 26][8, 26][3, 11][8, 26][11, 25][8, 26][8, 26] 
[1, 24, 23, 9, 3, 11, 17, 12, 22, 0, 26, 8, 19, 18, 13][6, 5, 21, 10, 27, 15, 16, 28, 7, 14, 1, 4, 20][2, 29, 10][8, 26][11, 25][3, 11][8, 26][8, 26][8, 26][8, 26][3, 11][8, 26] 
[1, 24, 23, 9, 3, 11, 17, 12, 22, 0, 26, 8, 19, 18, 13][6, 5, 21, 10, 27, 15, 16, 28, 7, 14, 1, 4, 20][2, 29, 10][8, 26][11, 25][3, 11][8, 26][8, 26][8, 26][8, 26][3, 11][8, 26] 
[1, 24, 23, 9, 3, 11, 17, 12, 22, 0, 26, 8, 19, 18, 13][13, 6, 5, 21, 10, 27, 15, 16, 28, 7, 14, 1, 4, 20, 24][2, 29, 10][8, 26][11, 25][3, 11][8, 26][8, 26][8, 26][8, 26][3, 11][8, 26] 
[1, 24, 23, 9, 3, 11, 17, 12, 22, 0, 26, 8, 19, 18, 13][6, 5, 21, 10, 27, 15, 16, 28, 7, 14, 1, 4, 20][2, 29, 10][8, 26][11, 25][3, 11][8, 26][8, 26][8, 26][8, 26][3, 11][8, 26] 
[13, 6, 5, 21, 10, 27, 15, 16, 28, 7, 14, 1, 4, 20][19, 8, 26, 0, 22, 12, 17, 11, 3, 9, 23, 24][0, 18, 13][2, 29, 10][8, 26][8, 26][8, 26][3, 11][8, 26][11, 25][8, 26][8, 26] 
[1, 24, 23, 9, 3, 11, 17, 12, 22, 0, 26, 8, 19, 18, 13][6, 5, 21, 10, 27, 15, 16, 28, 7, 14, 1, 4, 20][2, 29, 10][8, 26][11, 25][3, 11][8, 26][8, 26][8, 26][8, 26][3, 11][8, 26] 
[1, 24, 23, 9, 3, 11, 17, 12, 22, 0, 26, 8, 19, 18, 13][6, 5, 21, 10, 27, 15, 16, 28, 7, 14, 1, 4, 20][2, 29, 10][8, 26][11, 25][3, 11][8, 26][8, 26][8, 26][8, 26][3, 11][8, 26] 
[1, 24, 23, 9, 3, 11, 17, 12, 22, 0, 26, 8, 19, 18, 13][6, 5, 21, 10, 27, 15, 16, 28, 7, 14, 1, 4, 20][2, 29, 10][8, 26][11, 25][3, 11][8, 26][8, 26][8, 26][8, 26][3, 11][8, 26] 
[24, 7, 28, 17, 11, 25][8, 12, 22, 18, 19][9, 14, 4, 3, 23][5, 15, 27, 16][13, 18, 0, 26][20, 7, 10, 21][1, 24, 7, 25][2, 29, 27][2, 6][6, 13][6, 10][1, 9] 
[24, 7, 28, 17, 11, 25][8, 12, 22, 18, 19][9, 14, 4, 3, 23][5, 15, 27, 16][13, 18, 0, 26][20, 7, 10, 21][1, 24, 7, 25][2, 29, 27][2, 6][6, 13][6, 10][1, 9] 
[24, 7, 28, 17, 11, 25][8, 12, 22, 18, 19][9, 14, 4, 3, 23][20, 7, 10, 21][13, 18, 0, 26][5, 15, 27, 16][1, 24, 7, 25][2, 29, 27][6, 10][6, 13][2, 6][1, 9] 
[24, 7, 28, 17, 11, 25][8, 12, 22, 18, 19][9, 14, 4, 3, 23][5, 15, 27, 16][13, 18, 0, 26][20, 7, 10, 21][1, 24, 7, 25][2, 29, 27][2, 6][6, 13][6, 10][1, 9] 
[24, 7, 28, 17, 11, 25][8, 12, 22, 18, 19][9, 14, 4, 3, 23][5, 15, 27, 16][13, 18, 0, 26][20, 7, 10, 21][1, 24, 7, 25][2, 29, 27][2, 6][6, 13][6, 10][1, 9] 
[24, 7, 28, 17, 11, 25][8, 12, 22, 18, 19][9, 14, 4, 3, 23][5, 15, 27, 16][13, 18, 0, 26][20, 7, 10, 21][1, 24, 7, 25][2, 29, 27][2, 6][6, 13][6, 10][1, 9] 
[24, 7, 28, 17, 11, 25][8, 12, 22, 18, 19][9, 14, 4, 3, 23][5, 15, 27, 16][13, 18, 0, 26][20, 7, 10, 21][1, 24, 7, 25][2, 29, 27][2, 6][6, 13][6, 10][1, 9] 
[24, 7, 28, 17, 11, 25][8, 12, 22, 18, 19][9, 14, 4, 3, 23][5, 15, 27, 16][13, 18, 0, 26][20, 7, 10, 21][1, 24, 7, 25][2, 29, 27][2, 6][6, 13][6, 10][1, 9] 
[24, 7, 28, 17, 11, 25][8, 12, 22, 18, 19][9, 14, 4, 3, 23][5, 15, 27, 16][13, 18, 0, 26][20, 7, 10, 21][1, 24, 7, 25][2, 29, 27][2, 6][6, 13][6, 10][1, 9] 
[24, 7, 28, 17, 11, 25][8, 12, 22, 18, 19][9, 14, 4, 3, 23][5, 15, 27, 16][13, 18, 0, 26][20, 7, 10, 21][1, 24, 7, 25][2, 29, 27][2, 6][6, 13][6, 10][1, 9] 
[24, 7, 28, 17, 11, 25][8, 12, 22, 18, 19][9, 14, 4, 3, 23][5, 15, 27, 16][13, 18, 0, 26][20, 7, 10, 21][1, 24, 7, 25][2, 29, 27][2, 6][6, 13][6, 10][1, 9] 
[24, 7, 28, 17, 11, 25][8, 12, 22, 18, 19][9, 14, 4, 3, 23][5, 15, 27, 16][13, 18, 0, 26][20, 7, 10, 21][1, 24, 7, 25][2, 29, 27][2, 6][6, 13][6, 10][1, 9] 
[24, 7, 28, 17, 11, 25][8, 12, 22, 18, 19][9, 14, 4, 3, 23][5, 15, 27, 16][13, 18, 0, 26][20, 7, 10, 21][1, 24, 7, 25][2, 29, 27][2, 6][6, 13][6, 10][1, 9] 
[24, 7, 28, 17, 11, 25][8, 12, 22, 18, 19][9, 14, 4, 3, 23][5, 15, 27, 16][13, 18, 0, 26][20, 7, 10, 21][1, 24, 7, 25][2, 29, 27][2, 6][6, 13][6, 10][1, 9] 
[24, 7, 28, 17, 11, 25][8, 12, 22, 18, 19][9, 14, 4, 3, 23][5, 15, 27, 16][13, 18, 0, 26][20, 7, 10, 21][1, 24, 7, 25][2, 29, 27][2, 6][6, 13][6, 10][1, 9] 
[24, 7, 28, 17, 11, 25][8, 12, 22, 18, 19][9, 3, 4, 14, 23][20, 7, 10, 21][2, 29, 27, 16][13, 18, 0, 26][5, 15, 27][6, 10][2, 6][6, 13][1, 24][1, 9] 
[24, 7, 28, 17, 11, 25][8, 12, 22, 18, 19][9, 3, 4, 14, 23][20, 7, 10, 21][2, 29, 27, 16][13, 18, 0, 26][5, 15, 27][6, 10][2, 6][6, 13][1, 24][1, 9] 
[24, 7, 28, 17, 11, 25][8, 12, 22, 18, 19][9, 3, 4, 14, 23][20, 7, 10, 21][2, 29, 27, 16][13, 18, 0, 26][5, 15, 27][6, 10][2, 6][6, 13][1, 24][1, 9] 
[24, 7, 28, 17, 11, 25][8, 12, 22, 18, 19][9, 3, 4, 14, 23][20, 7, 10, 21][13, 18, 0, 26][2, 29, 27, 16][5, 15, 27][6, 10][6, 13][2, 6][1, 24][1, 9] 
[24, 7, 28, 17, 11, 25][8, 12, 22, 18, 19][9, 3, 4, 14, 23][20, 7, 10, 21][2, 29, 27, 16][13, 18, 0, 26][5, 15, 27][6, 10][2, 6][6, 13][1, 24][1, 9] 
[19, 18, 22, 12, 8, 26][24, 7, 28, 17, 11, 25][9, 3, 4, 14, 23][20, 7, 10, 21][2, 29, 27, 16][0, 18, 13][5, 15, 27][6, 13][6, 10][2, 6][1, 24][1, 9] 
[24, 7, 28, 17, 11, 25][8, 12, 22, 18, 19][9, 14, 4, 3, 23][5, 15, 27, 16][13, 18, 0, 26][20, 7, 10, 21][1, 24, 7, 25][2, 29, 27][2, 6][6, 13][6, 10][1, 9] 
[24, 7, 28, 17, 11, 25][8, 12, 22, 18, 19][9, 14, 4, 3, 23][5, 15, 27, 16][13, 18, 0, 26][20, 7, 10, 21][1, 24, 7, 25][2, 29, 27][2, 6][6, 13][6, 10][1, 9] 
[24, 7, 28, 17, 11, 25][8, 12, 22, 18, 19][9, 14, 4, 3, 23][5, 15, 27, 16][13, 18, 0, 26][20, 7, 10, 21][1, 24, 7, 25][2, 29, 27][2, 6][6, 13][6, 10][1, 9] 
[24, 7, 28, 17, 11, 25][8, 12, 22, 18, 19][9, 14, 4, 3, 23][5, 15, 27, 16][13, 18, 0, 26][20, 7, 10, 21][1, 24, 7, 25][2, 29, 27][2, 6][6, 13][6, 10][1, 9] 
[24, 7, 28, 17, 11, 25][8, 12, 22, 18, 19][9, 14, 4, 3, 23][5, 15, 27, 16][13, 18, 0, 26][20, 7, 10, 21][1, 24, 7, 25][2, 29, 27][2, 6][6, 13][6, 10][1, 9] 
[24, 7, 28, 17, 11, 25][9, 3, 4, 14, 23][8, 12, 22, 18, 19][20, 7, 10, 21][5, 15, 27, 16][13, 18, 0, 26][2, 29, 27][6, 10][1, 24][1, 9][2, 6][6, 13] 
[24, 7, 28, 17, 11, 25][8, 12, 22, 18, 19][9, 14, 4, 3, 23][5, 15, 27, 16][13, 18, 0, 26][20, 7, 10, 21][1, 24, 7, 25][2, 29, 27][2, 6][6, 13][6, 10][1, 9] 
[24, 7, 28, 17, 11, 25][8, 12, 22, 18, 19][9, 3, 4, 14, 23][20, 7, 10, 21][2, 29, 27, 16][13, 18, 0, 26][5, 15, 27][6, 10][2, 6][6, 13][1, 24][1, 9] 
[24, 7, 28, 17, 11, 25][8, 12, 22, 18, 19][9, 3, 4, 14, 23][20, 7, 10, 21][2, 29, 27, 16][13, 18, 0, 26][5, 15, 27][6, 10][2, 6][6, 13][1, 24][1, 9] 
[24, 7, 28, 17, 11, 25][8, 12, 22, 18, 19][9, 3, 4, 14, 23][20, 7, 10, 21][2, 29, 27, 16][13, 18, 0, 26][5, 15, 27][6, 10][2, 6][6, 13][1, 24][1, 9] 
[24, 7, 28, 17, 11, 25][8, 12, 22, 18, 19][9, 3, 4, 14, 23][20, 7, 10, 21][2, 29, 27, 16][13, 18, 0, 26][5, 15, 27][6, 10][2, 6][6, 13][1, 24][1, 9] 
[24, 7, 28, 17, 11, 25][8, 12, 22, 18, 19][9, 3, 4, 14, 23][20, 7, 10, 21][2, 29, 27, 16][13, 18, 0, 26][5, 15, 27][6, 10][2, 6][6, 13][1, 24][1, 9] 
[24, 7, 28, 17, 11, 25][8, 12, 22, 18, 19][9, 3, 4, 14, 23][20, 7, 10, 21][2, 29, 27, 16][13, 18, 0, 26][5, 15, 27][6, 10][2, 6][6, 13][1, 24][1, 9] 
[24, 7, 28, 17, 11, 25][8, 12, 22, 18, 19][9, 3, 4, 14, 23][20, 7, 10, 21][2, 29, 27, 16][13, 18, 0, 26][5, 15, 27][6, 10][2, 6][6, 13][1, 24][1, 9] 
[24, 7, 28, 17, 11, 25][8, 12, 22, 18, 19][9, 3, 4, 14, 23][20, 7, 10, 21][13, 18, 0, 26][2, 29, 27, 16][5, 15, 27][6, 10][6, 13][2, 6][1, 24][1, 9] 
[24, 7, 28, 17, 11, 25][8, 12, 22, 18, 19][9, 3, 4, 14, 23][20, 7, 10, 21][2, 29, 27, 16][13, 18, 0, 26][5, 15, 27][6, 10][2, 6][6, 13][1, 24][1, 9] 
[24, 7, 28, 17, 11, 25][8, 12, 22, 18, 19][9, 3, 4, 14, 23][20, 7, 10, 21][2, 29, 27, 16][13, 18, 0, 26][5, 15, 27][6, 10][2, 6][6, 13][1, 24][1, 9] 
[24, 7, 28, 17, 11, 25][8, 12, 22, 18, 19][9, 3, 4, 14, 23][20, 7, 10, 21][2, 29, 27, 16][13, 18, 0, 26][5, 15, 27][6, 10][2, 6][6, 13][1, 24][1, 9] 
[24, 7, 28, 17, 11, 25][8, 12, 22, 18, 19][9, 3, 4, 14, 23][20, 7, 10, 21][2, 29, 27, 16][13, 18, 0, 26][5, 15, 27][6, 10][2, 6][6, 13][1, 24][1, 9] 
[24, 7, 28, 17, 11, 25][8, 12, 22, 18, 19][9, 3, 4, 14, 23][20, 7, 10, 21][2, 29, 27, 16][13, 18, 0, 26][5, 15, 27][6, 10][2, 6][6, 13][1, 24][1, 9] 
[24, 7, 28, 17, 11, 25][8, 12, 22, 18, 19][9, 3, 4, 14, 23][20, 7, 10, 21][2, 29, 27, 16][13, 18, 0, 26][5, 15, 27][6, 10][2, 6][6, 13][1, 24][1, 9] 
[24, 7, 28, 17, 11, 25][8, 12, 22, 18, 19][9, 3, 4, 14, 23][20, 7, 10, 21][2, 29, 27, 16][13, 18, 0, 26][5, 15, 27][6, 10][2, 6][6, 13][1, 24][1, 9] 
[24, 7, 28, 17, 11, 25][9, 1, 3, 4, 14, 23][8, 12, 22, 18, 19][20, 7, 10, 21][13, 18, 0, 26][2, 29, 27, 16][5, 15, 27][1, 24][6, 10][6, 13][2, 6][0, 26] 
[24, 7, 28, 17, 11, 25][9, 1, 3, 4, 14, 23][8, 12, 22, 18, 19][20, 7, 10, 21][13, 18, 0, 26][2, 29, 27, 16][5, 15, 27][1, 24][6, 10][6, 13][2, 6][0, 26] 
[24, 7, 28, 17, 11, 25][9, 1, 3, 4, 14, 23][8, 12, 22, 18, 19][20, 7, 10, 21][13, 18, 0, 26][2, 29, 27, 16][5, 15, 27][1, 24][6, 10][6, 13][2, 6][0, 26] 
[24, 7, 28, 17, 11, 25][9, 1, 3, 4, 14, 23][8, 12, 22, 18, 19][20, 7, 10, 21][13, 18, 0, 26][2, 29, 27, 16][5, 15, 27][1, 24][6, 10][6, 13][2, 6][0, 26] 
[24, 7, 28, 17, 11, 25][9, 1, 3, 4, 14, 23][8, 12, 22, 18, 19][20, 7, 10, 21][13, 18, 0, 26][2, 29, 27, 16][5, 15, 27][1, 24][6, 10][6, 13][2, 6][0, 26] 
[24, 7, 28, 17, 11, 25][9, 1, 3, 4, 14, 23][8, 12, 22, 18, 19][20, 7, 10, 21][13, 18, 0, 26][2, 29, 27, 16][5, 15, 27][1, 24][6, 10][6, 13][2, 6][0, 26] 
[24, 7, 28, 17, 11, 25][8, 12, 22, 18, 19][3, 23, 4, 14, 9][20, 7, 10, 21][13, 18, 0, 26][5, 15, 27, 16][2, 29, 27][6, 10][6, 13][2, 6][1, 24][1, 9] 
[24, 7, 28, 17, 11, 25][8, 12, 22, 18, 19][9, 14, 4, 3, 23][5, 15, 27, 16][13, 18, 0, 26][20, 7, 10, 21][2, 29, 27][2, 6][6, 13][6, 10][1, 24][1, 9] 
[24, 7, 28, 17, 11, 25][8, 12, 22, 18, 19][3, 23, 4, 14, 9][20, 7, 10, 21][13, 18, 0, 26][5, 15, 27, 16][2, 29, 27][6, 10][6, 13][2, 6][1, 24][1, 9] 
[24, 7, 28, 17, 11, 25][8, 12, 22, 18, 19][9, 14, 4, 3, 23][5, 15, 27, 16][13, 18, 0, 26][20, 7, 10, 21][2, 29, 27][2, 6][6, 13][6, 10][1, 24][1, 9] 
[24, 7, 28, 17, 11, 25][8, 12, 22, 18, 19][9, 14, 4, 3, 23][5, 15, 27, 16][13, 18, 0, 26][20, 7, 10, 21][2, 29, 27][2, 6][6, 13][6, 10][1, 24][1, 9] 
[24, 7, 28, 17, 11, 25][8, 12, 22, 18, 19][9, 3, 4, 14, 23][20, 7, 10, 21][2, 29, 27, 16][13, 18, 0, 26][5, 15, 27][6, 10][2, 6][6, 13][1, 24][1, 9] 
[9, 14, 4, 3, 23][8, 12, 22, 18, 19][1, 24, 7, 25][20, 7, 10, 21][7, 28, 17, 11][5, 15, 27, 16][13, 18, 0, 26][2, 29, 27][1, 9][6, 10][2, 6][6, 13] 
