[17, 0, 19, 12, 8, 26][1, 9, 3, 11, 25, 28][2, 29, 15, 10, 21][5, 6, 16, 27][4, 24, 23, 14][12, 19, 17, 22][4, 20, 7][13, 18, 22][7, 27][6, 13][9, 14][10, 27] 
[1, 9, 3, 11, 25, 28][2, 29, 15, 10, 21][5, 6, 16, 27][4, 24, 23, 14][12, 19, 17, 22][0, 12, 8, 26][4, 20, 7][13, 18, 22][10, 27][7, 27][6, 13][9, 14] 
[1, 9, 3, 11, 25, 28][0, 19, 12, 8, 26][2, 29, 15, 10, 21][5, 6, 16, 27][4, 24, 23, 14][13, 18, 22][4, 20, 7][19, 17, 22][6, 13][7, 27][9, 14][10, 27] 
[1, 9, 3, 11, 25, 28][0, 18, 19, 12, 8, 26][2, 29, 15, 10, 21][5, 6, 16, 27][4, 24, 23, 14][4, 20, 7][13, 18, 22][10, 27][7, 27][6, 13][17, 22][9, 14] 
[1, 9, 3, 11, 25, 28][0, 19, 12, 8, 26][2, 29, 15, 10, 21][4, 24, 23, 14][5, 6, 16, 27][4, 20, 7][13, 18, 22][19, 17, 22][9, 14][7, 27][6, 13][10, 27] 
[1, 9, 3, 11, 25, 28][0, 19, 12, 8, 26][2, 29, 15, 10, 21][5, 6, 16, 27][4, 24, 23, 14][13, 18, 22][19, 17, 22][4, 20, 7][6, 13][7, 27][10, 27][9, 14] 
[1, 9, 3, 11, 25, 28][0, 19, 12, 8, 26][2, 29, 15, 10, 21][5, 6, 16, 27][4, 24, 23, 14][13, 18, 22][4, 20, 7][19, 17, 22][6, 13][7, 27][9, 14][10, 27] 
[17, 0, 19, 12, 8, 26][1, 9, 3, 11, 25, 28][2, 29, 15, 10, 21][5, 6, 16, 27][4, 24, 23, 14][13, 18, 22][4, 20, 7][6, 13][7, 27][9, 14][10, 27][17, 22] 
[17, 0, 19, 12, 8, 26][1, 9, 3, 11, 25, 28][2, 29, 15, 10, 21][5, 6, 16, 27][4, 24, 23, 14][13, 18, 22][4, 20, 7][6, 13][7, 27][9, 14][10, 27][17, 22] 
[17, 0, 19, 12, 8, 26][1, 9, 3, 11, 25, 28][2, 29, 15, 10, 21][5, 6, 16, 27][4, 24, 23, 14][13, 18, 22][4, 20, 7][6, 13][7, 27][9, 14][10, 27][17, 22] 
[17, 0, 19, 12, 8, 26][1, 9, 3, 11, 25, 28][2, 29, 15, 10, 21][5, 6, 16, 27][4, 24, 23, 14][12, 19, 17, 22][13, 18, 22][4, 20, 7][6, 13][7, 27][9, 14][10, 27] 
[1, 9, 3, 11, 25, 28][2, 29, 15, 10, 21][5, 6, 16, 27][4, 24, 23, 14][12, 19, 17, 22][0, 12, 8, 26][4, 20, 7][13, 18, 22][10, 27][7, 27][6, 13][9, 14] 
[1, 9, 3, 11, 25, 28][0, 19, 12, 8, 26][2, 29, 15, 10, 21][5, 6, 16, 27][4, 24, 23, 14][19, 17, 22][13, 18, 22][4, 20, 7][6, 13][7, 27][10, 27][9, 14] 
[1, 9, 3, 11, 25, 28][0, 19, 12, 8, 26][2, 29, 15, 10, 21][5, 6, 16, 27][4, 24, 23, 14][13, 18, 22][4, 20, 7][19, 17, 22][6, 13][7, 27][9, 14][10, 27] 
[1, 9, 3, 11, 25, 28][0, 19, 12, 8, 26][2, 29, 15, 10, 21][5, 6, 16, 27][4, 24, 23, 14][13, 18, 22][4, 20, 7][19, 17, 22][6, 13][7, 27][9, 14][10, 27] 
[17, 0, 19, 12, 8, 26][1, 9, 3, 11, 25, 28][2, 29, 15, 10, 21][4, 24, 23, 14][5, 6, 16, 27][4, 20, 7][13, 18, 22][7, 27][10, 27][6, 13][17, 22][9, 14] 
[17, 0, 19, 12, 8, 26][1, 9, 3, 11, 25, 28][2, 29, 15, 10, 21][5, 6, 16, 27][4, 24, 23, 14][12, 19, 17, 22][13, 18, 22][4, 20, 7][6, 13][7, 27][9, 14][10, 27] 
[1, 9, 3, 11, 25, 28][2, 29, 15, 10, 21][5, 6, 16, 27][4, 24, 23, 14][12, 19, 17, 22][0, 12, 8, 26][4, 20, 7][13, 18, 22][10, 27][7, 27][6, 13][9, 14] 
[1, 9, 3, 11, 25, 28][0, 19, 12, 8, 26][2, 29, 15, 10, 21][5, 6, 16, 27][4, 24, 23, 14][13, 18, 22][4, 20, 7][19, 17, 22][6, 13][7, 27][9, 14][10, 27] 
[17, 0, 19, 12, 8, 26][1, 9, 3, 11, 25, 28][2, 29, 15, 10, 21][5, 6, 16, 27][4, 24, 23, 14][12, 19, 17, 22][13, 18, 22][4, 20, 7][6, 13][7, 27][9, 14][10, 27] 
[17, 0, 19, 12, 8, 26][1, 9, 3, 11, 25, 28][2, 29, 15, 10, 21][5, 6, 16, 27][4, 24, 23, 14][12, 19, 17, 22][13, 18, 22][4, 20, 7][6, 13][7, 27][9, 14][10, 27] 
[1, 9, 3, 11, 25, 28][2, 29, 15, 10, 21][5, 6, 16, 27][4, 24, 23, 14][12, 19, 17, 22][0, 12, 8, 26][4, 20, 7][13, 18, 22][10, 27][7, 27][6, 13][9, 14] 
[1, 9, 3, 11, 25, 28][0, 19, 12, 8, 26][2, 29, 15, 10, 21][5, 6, 16, 27][4, 24, 23, 14][13, 18, 22][19, 17, 22][4, 20, 7][6, 13][7, 27][10, 27][9, 14] 
[1, 9, 3, 11, 25, 28][0, 19, 12, 8, 26][2, 29, 15, 10, 21][5, 6, 16, 27][4, 24, 23, 14][13, 18, 22][19, 17, 22][4, 20, 7][6, 13][7, 27][10, 27][9, 14] 
[1, 9, 3, 11, 25, 28][0, 19, 12, 8, 26][2, 29, 15, 10, 21][5, 6, 16, 27][4, 24, 23, 14][13, 18, 22][4, 20, 7][19, 17, 22][6, 13][7, 27][9, 14][10, 27] 
[17, 0, 19, 12, 8, 26][1, 9, 3, 11, 25, 28][2, 29, 15, 10, 21][5, 6, 16, 27][4, 24, 23, 14][13, 18, 22][4, 20, 7][6, 13][7, 27][9, 14][10, 27][17, 22] 
[17, 0, 19, 12, 8, 26][1, 9, 3, 11, 25, 28][2, 29, 15, 10, 21][5, 6, 16, 27][4, 24, 23, 14][12, 19, 17, 22][13, 18, 22][4, 20, 7][6, 13][7, 27][9, 14][10, 27] 
[1, 9, 3, 11, 25, 28][2, 29, 15, 10, 21][5, 6, 16, 27][4, 24, 23, 14][12, 19, 17, 22][0, 12, 8, 26][4, 20, 7][13, 18, 22][10, 27][7, 27][6, 13][9, 14] 
[1, 9, 3, 11, 25, 28][0, 19, 12, 8, 26][2, 29, 15, 10, 21][5, 6, 16, 27][4, 24, 23, 14][13, 18, 22][4, 20, 7][19, 17, 22][6, 13][7, 27][9, 14][10, 27] 
[17, 0, 19, 12, 8, 26][1, 9, 3, 11, 25, 28][2, 29, 15, 10, 21][5, 6, 16, 27][4, 24, 23, 14][12, 19, 17, 22][13, 18, 22][4, 20, 7][6, 13][7, 27][9, 14][10, 27] 
[17, 0, 19, 12, 8, 26][1, 9, 3, 11, 25, 28][2, 29, 15, 10, 21][5, 6, 16, 27][4, 24, 23, 14][12, 19, 17, 22][13, 18, 22][4, 20, 7][6, 13][7, 27][9, 14][10, 27] 
[1, 9, 3, 11, 25, 28][2, 29, 15, 10, 21][12, 19, 17, 22][0, 12, 8, 26][5, 6, 16, 27][4, 24, 23, 14][13, 18, 22][4, 20, 7][6, 13][7, 27][10, 27][9, 14] 
[1, 9, 3, 11, 25, 28][0, 19, 12, 8, 26][2, 29, 15, 10, 21][5, 6, 16, 27][4, 24, 23, 14][13, 18, 22][19, 17, 22][4, 20, 7][6, 13][7, 27][10, 27][9, 14] 
[17, 0, 19, 12, 8, 26][1, 9, 3, 11, 25, 28][2, 29, 15, 10, 21][5, 6, 16, 27][4, 24, 23, 14][12, 19, 17, 22][13, 18, 22][4, 20, 7][6, 13][7, 27][9, 14][10, 27] 
[17, 0, 19, 12, 8, 26][1, 9, 3, 11, 25, 28][2, 29, 15, 10, 21][5, 6, 16, 27][4, 24, 23, 14][12, 19, 17, 22][13, 18, 22][4, 20, 7][6, 13][7, 27][9, 14][10, 27] 
[14, 11, 25, 22, 0, 26, 8, 12, 18, 13, 6, 16][4, 3, 23, 20, 7, 28, 17, 22, 19][21, 2, 29, 10, 7, 25, 22][5, 15, 2, 27][9, 1, 24, 23][0, 26][19, 22][17, 28][17, 28][0, 26][0, 26][0, 26] 
[14, 11, 25, 22, 0, 26, 8, 12, 18, 13, 6, 16][4, 3, 23, 20, 7, 28, 17, 22, 19][21, 2, 29, 10, 7, 25, 22][5, 15, 2, 27][9, 1, 24, 23][0, 26][19, 22][17, 28][17, 28][0, 26][0, 26][0, 26] 
[14, 11, 25, 22, 0, 26, 8, 12, 18, 13, 6, 16][4, 3, 23, 20, 7, 28, 17, 22, 19][21, 2, 29, 10, 7, 25, 22][5, 15, 2, 27][9, 1, 24, 23][0, 26][19, 22][17, 28][17, 28][0, 26][0, 26][0, 26] 
[14, 11, 25, 22, 0, 26, 8, 12, 18, 13, 6, 16][4, 3, 23, 20, 7, 28, 17, 22, 19][7, 10, 29, 2, 21][9, 1, 24, 23][5, 15, 2, 27][0, 26][0, 26][0, 26][0, 26][19, 22][17, 28][0, 26] 
[14, 11, 25, 22, 0, 26, 8, 12, 18, 13, 6, 16][4, 3, 23, 20, 7, 28, 17, 22, 19][7, 10, 29, 2, 21][9, 1, 24, 23][5, 15, 2, 27][0, 26][0, 26][0, 26][0, 26][19, 22][17, 28][0, 26] 
[14, 11, 25, 22, 0, 26, 8, 12, 18, 13, 6, 16][4, 3, 23, 20, 7, 28, 17, 19][7, 10, 29, 2, 21][5, 15, 27, 7, 24][9, 1, 23][0, 26][19, 22][17, 28][17, 28][0, 26][0, 26][0, 26] 
[4, 3, 23, 20, 7, 28, 17, 19, 22, 25, 11, 14][16, 6, 13, 18, 12, 8, 26, 0, 22][7, 10, 29, 2, 21][5, 15, 27, 7, 24][9, 1, 23][0, 26][19, 22][17, 28][17, 28][0, 26][0, 26][0, 26] 
[4, 3, 23, 20, 7, 28, 17, 19, 22, 25, 11, 14][16, 6, 13, 18, 12, 8, 26, 0, 22][7, 10, 29, 2, 21][5, 15, 27, 7, 24][9, 1, 23][0, 26][19, 22][17, 28][17, 28][0, 26][0, 26][0, 26] 
[14, 11, 25, 22, 0, 26, 8, 12, 18, 13, 6, 16][4, 3, 23, 20, 7, 28, 17, 22, 19][7, 10, 29, 2, 21][9, 1, 24, 23][5, 15, 2, 27][0, 26][0, 26][0, 26][0, 26][19, 22][17, 28][0, 26] 
[14, 11, 25, 22, 0, 26, 8, 12, 18, 13, 6, 16][4, 3, 23, 20, 7, 28, 17, 22, 19][21, 2, 29, 10, 7, 25, 22][5, 15, 2, 27][9, 1, 24, 23][0, 26][19, 22][17, 28][17, 28][0, 26][0, 26][0, 26] 
[14, 11, 25, 22, 0, 26, 8, 12, 18, 13, 6, 16][4, 3, 23, 20, 7, 28, 17, 22, 19][21, 2, 29, 10, 7, 25, 22][5, 15, 2, 27][9, 1, 24, 23][0, 26][19, 22][17, 28][17, 28][0, 26][0, 26][0, 26] 
[14, 11, 25, 22, 0, 26, 8, 12, 18, 13, 6, 16][4, 3, 23, 20, 7, 28, 17, 22, 19][21, 2, 29, 10, 7, 25, 22][5, 15, 2, 27][9, 1, 24, 23][0, 26][19, 22][17, 28][17, 28][0, 26][0, 26][0, 26] 
[14, 11, 25, 22, 0, 26, 8, 12, 18, 13, 6, 16][4, 3, 23, 20, 7, 28, 17, 22, 19][7, 10, 29, 2, 21][9, 1, 24, 23][5, 15, 2, 27][0, 26][0, 26][0, 26][0, 26][19, 22][17, 28][0, 26] 
[4, 3, 23, 20, 7, 28, 17, 19, 22, 25, 11, 14][16, 6, 13, 18, 12, 8, 26, 0, 22][7, 10, 29, 2, 21][5, 15, 27, 7, 24][9, 1, 23][0, 26][19, 22][17, 28][17, 28][0, 26][0, 26][0, 26] 
[14, 11, 25, 22, 0, 26, 8, 12, 18, 13, 6, 16][4, 3, 23, 20, 7, 28, 17, 22, 19][21, 2, 29, 10, 7, 25, 22][5, 15, 2, 27][9, 1, 24, 23][0, 26][19, 22][17, 28][17, 28][0, 26][0, 26][0, 26] 
[4, 3, 23, 20, 7, 28, 17, 19, 22, 25, 11, 14][16, 6, 13, 18, 12, 8, 26, 0, 22][7, 10, 29, 2, 21][5, 15, 27, 7, 24][9, 1, 23][0, 26][19, 22][17, 28][17, 28][0, 26][0, 26][0, 26] 
[4, 3, 23, 20, 7, 28, 17, 19, 22, 25, 11, 14, 9][14, 11, 25, 22, 0, 26, 8, 12, 18, 13, 6, 16][7, 10, 29, 2, 21][5, 15, 27, 7, 24][9, 1, 23][0, 26][19, 22][17, 28][17, 28][0, 26][0, 26][0, 26] 
[14, 11, 25, 22, 0, 26, 8, 12, 18, 13, 6, 16][4, 3, 23, 20, 7, 28, 17, 22, 19][7, 10, 29, 2, 21][9, 1, 24, 23][5, 15, 2, 27][0, 26][0, 26][17, 28][17, 28][17, 28][0, 26][0, 26] 
[4, 3, 23, 20, 7, 28, 17, 19, 22, 25, 11, 14][16, 6, 13, 18, 12, 8, 26, 0, 22][7, 10, 29, 2, 21][5, 15, 27, 7, 24][9, 1, 23][0, 26][19, 22][17, 28][17, 28][0, 26][0, 26][0, 26] 
[4, 3, 23, 20, 7, 28, 17, 19, 22, 25, 11, 14][16, 6, 13, 18, 12, 8, 26, 0, 22][7, 10, 29, 2, 21][5, 15, 27, 7, 24][9, 1, 23][0, 26][19, 22][17, 28][17, 28][0, 26][0, 26][0, 26] 
[4, 3, 23, 20, 7, 28, 17, 19, 22, 25, 11, 14, 9][16, 6, 13, 18, 12, 8, 26, 0, 22][7, 10, 29, 2, 21][5, 15, 27, 7, 24][0, 26][1, 9][19, 22][17, 28][17, 28][0, 26][0, 26][0, 26] 
[1, 9, 3, 11, 25, 28][0, 19, 12, 8, 26][2, 29, 15, 10, 21][5, 6, 16, 27][4, 24, 23, 14][13, 18, 22][4, 20, 7][19, 17, 22][6, 13][7, 27][9, 14][10, 27] 
[1, 9, 3, 11, 25, 28][0, 19, 12, 8, 26][2, 29, 15, 10, 21][5, 6, 16, 27][4, 24, 23, 14][13, 18, 22][4, 20, 7][19, 17, 22][6, 13][7, 27][9, 14][10, 27] 
[1, 9, 3, 11, 25, 28][0, 19, 12, 8, 26][2, 29, 15, 10, 21][5, 6, 16, 27][4, 24, 23, 14][13, 18, 22][4, 20, 7][19, 17, 22][6, 13][7, 27][9, 14][10, 27] 
[1, 9, 3, 11, 25, 28][0, 19, 12, 8, 26][2, 29, 15, 10, 21][5, 6, 16, 27][4, 24, 23, 14][13, 18, 22][4, 20, 7][19, 17, 22][6, 13][7, 27][9, 14][10, 27] 
[1, 9, 3, 11, 25, 28][0, 19, 12, 8, 26][2, 29, 15, 10, 21][5, 6, 16, 27][4, 24, 23, 14][19, 17, 22][13, 18, 22][4, 20, 7][6, 13][7, 27][10, 27][9, 14] 
[1, 9, 3, 11, 25, 28][0, 19, 12, 8, 26][2, 29, 15, 10, 21][5, 6, 16, 27][4, 24, 23, 14][13, 18, 22][4, 20, 7][19, 17, 22][6, 13][7, 27][9, 14][10, 27] 
[1, 9, 3, 11, 25, 28][0, 19, 12, 8, 26][2, 29, 15, 10, 21][5, 6, 16, 27][4, 24, 23, 14][4, 20, 7][13, 18, 22][19, 17, 22][7, 27][9, 14][6, 13][10, 27] 
[1, 9, 3, 11, 25, 28][0, 19, 12, 8, 26][2, 29, 15, 10, 21][5, 6, 16, 27][4, 24, 23, 14][13, 18, 22][4, 20, 7][19, 17, 22][6, 13][7, 27][9, 14][10, 27] 
[1, 9, 3, 11, 25, 28][0, 19, 12, 8, 26][2, 29, 15, 10, 21][5, 6, 16, 27][4, 24, 23, 14][13, 18, 22][4, 20, 7][19, 17, 22][6, 13][7, 27][9, 14][10, 27] 
[1, 9, 3, 11, 25, 28][0, 19, 12, 8, 26][2, 29, 15, 10, 21][5, 6, 16, 27][4, 24, 23, 14][13, 18, 22][4, 20, 7][19, 17, 22][6, 13][7, 27][9, 14][10, 27] 
[1, 9, 3, 11, 25, 28][0, 19, 12, 8, 26][2, 29, 15, 10, 21][5, 6, 16, 27][4, 24, 23, 14][13, 18, 22][4, 20, 7][19, 17, 22][6, 13][7, 27][9, 14][10, 27] 
[1, 9, 3, 11, 25, 28][0, 19, 12, 8, 26][2, 29, 15, 10, 21][5, 6, 16, 27][4, 24, 23, 14][13, 18, 22][19, 17, 22][4, 20, 7][6, 13][7, 27][10, 27][9, 14] 
[1, 9, 3, 11, 25, 28][0, 19, 12, 8, 26][2, 29, 15, 10, 21][5, 6, 16, 27][4, 24, 23, 14][19, 17, 22][13, 18, 22][4, 20, 7][6, 13][10, 27][7, 27][9, 14] 
[1, 9, 3, 11, 25, 28][0, 19, 12, 8, 26][2, 29, 15, 10, 21][5, 6, 16, 27][4, 24, 23, 14][13, 18, 22][4, 20, 7][19, 17, 22][6, 13][7, 27][9, 14][10, 27] 
[1, 9, 3, 11, 25, 28][0, 19, 12, 8, 26][2, 29, 15, 10, 21][5, 6, 16, 27][4, 24, 23, 14][13, 18, 22][4, 20, 7][19, 17, 22][6, 13][7, 27][9, 14][10, 27] 
[17, 0, 19, 12, 8, 26][1, 9, 3, 11, 25, 28][2, 29, 15, 10, 21][5, 6, 16, 27][4, 24, 23, 14][12, 19, 17, 22][13, 18, 22][4, 20, 7][6, 13][7, 27][9, 14][10, 27] 
[17, 0, 19, 12, 8, 26][1, 9, 3, 11, 25, 28][2, 29, 15, 10, 21][12, 19, 17, 22][5, 6, 16, 27][4, 24, 23, 14][13, 18, 22][4, 20, 7][6, 13][10, 27][7, 27][9, 14] 
[1, 9, 3, 11, 25, 28][17, 0, 19, 12, 8, 26][2, 29, 15, 10, 21][4, 24, 23, 14][5, 6, 16, 27][12, 19, 17, 22][4, 20, 7][13, 18, 22][9, 14][7, 27][10, 27][6, 13] 
[17, 0, 19, 12, 8, 26][1, 9, 3, 11, 25, 28][2, 29, 15, 10, 21][5, 6, 16, 27][4, 24, 23, 14][12, 19, 17, 22][13, 18, 22][4, 20, 7][6, 13][7, 27][9, 14][10, 27] 
[17, 0, 19, 12, 8, 26][1, 9, 3, 11, 25, 28][2, 29, 15, 10, 21][5, 6, 16, 27][4, 24, 23, 14][12, 19, 17, 22][13, 18, 22][4, 20, 7][6, 13][7, 27][9, 14][10, 27] 
[17, 0, 19, 12, 8, 26][1, 9, 3, 11, 25, 28][2, 29, 15, 10, 21][5, 6, 16, 27][4, 24, 23, 14][12, 19, 17, 22][13, 18, 22][4, 20, 7][6, 13][7, 27][9, 14][10, 27] 
[1, 9, 3, 11, 25, 28][0, 19, 12, 8, 26][2, 29, 15, 10, 21][5, 6, 16, 27][4, 24, 23, 14][13, 18, 22][4, 20, 7][19, 17, 22][6, 13][7, 27][9, 14][10, 27] 
[1, 9, 3, 11, 25, 28][0, 19, 12, 8, 26][2, 29, 15, 10, 21][5, 6, 16, 27][4, 24, 23, 14][13, 18, 22][4, 20, 7][19, 17, 22][6, 13][7, 27][9, 14][10, 27] 
[1, 9, 3, 11, 25, 28][0, 19, 12, 8, 26][2, 29, 15, 10, 21][5, 6, 16, 27][4, 24, 23, 14][19, 17, 22][13, 18, 22][4, 20, 7][6, 13][7, 27][10, 27][9, 14] 
[1, 9, 3, 11, 25, 28][0, 19, 12, 8, 26][2, 29, 15, 10, 21][5, 6, 16, 27][4, 24, 23, 14][13, 18, 22][4, 20, 7][19, 17, 22][6, 13][7, 27][9, 14][10, 27] 
[1, 9, 3, 11, 25, 28][0, 19, 12, 8, 26][2, 29, 15, 10, 21][5, 6, 16, 27][4, 24, 23, 14][13, 18, 22][4, 20, 7][19, 17, 22][6, 13][7, 27][9, 14][10, 27] 
[1, 9, 3, 11, 25, 28][0, 19, 12, 8, 26][2, 29, 15, 10, 21][5, 6, 16, 27][12, 19, 17, 22][4, 24, 23, 14][13, 18, 22][4, 20, 7][6, 13][10, 27][7, 27][9, 14] 
[1, 9, 3, 11, 25, 28][0, 19, 12, 8, 26][2, 29, 15, 10, 21][5, 6, 16, 27][4, 24, 23, 14][13, 18, 22][4, 20, 7][19, 17, 22][6, 13][7, 27][9, 14][10, 27] 
[1, 9, 3, 11, 25, 28][17, 0, 19, 12, 8, 26][2, 29, 15, 10, 21][4, 24, 23, 14][5, 6, 16, 27][12, 19, 17, 22][4, 20, 7][13, 18, 22][9, 14][7, 27][10, 27][6, 13] 
[1, 9, 3, 11, 25, 28][17, 0, 19, 12, 8, 26][2, 29, 15, 10, 21][4, 24, 23, 14][5, 6, 16, 27][12, 19, 17, 22][4, 20, 7][13, 18, 22][9, 14][7, 27][6, 13][10, 27] 
[17, 0, 19, 12, 8, 26][1, 9, 3, 11, 25, 28][2, 29, 15, 10, 21][5, 6, 16, 27][4, 24, 23, 14][12, 19, 17, 22][13, 18, 22][4, 20, 7][6, 13][7, 27][9, 14][10, 27] 
[17, 0, 19, 12, 8, 26][1, 9, 3, 11, 25, 28][2, 29, 15, 10, 21][5, 6, 16, 27][4, 24, 23, 14][12, 19, 17, 22][13, 18, 22][4, 20, 7][6, 13][7, 27][9, 14][10, 27] 
[17, 0, 19, 12, 8, 26][1, 9, 3, 11, 25, 28][2, 29, 15, 10, 21][5, 6, 16, 27][4, 24, 23, 14][12, 19, 17, 22][13, 18, 22][4, 20, 7][6, 13][7, 27][9, 14][10, 27] 
[17, 0, 19, 12, 8, 26][1, 9, 3, 11, 25, 28][2, 29, 15, 10, 21][5, 6, 16, 27][4, 24, 23, 14][12, 19, 17, 22][4, 20, 7][13, 18, 22][7, 27][6, 13][9, 14][10, 27] 
[17, 0, 19, 12, 8, 26][1, 9, 3, 11, 25, 28][2, 29, 15, 10, 21][5, 6, 16, 27][4, 24, 23, 14][12, 19, 17, 22][13, 18, 22][4, 20, 7][6, 13][7, 27][9, 14][10, 27] 
[17, 0, 19, 12, 8, 26][1, 9, 3, 11, 25, 28][2, 29, 15, 10, 21][5, 6, 16, 27][4, 24, 23, 14][12, 19, 17, 22][13, 18, 22][4, 20, 7][6, 13][7, 27][9, 14][10, 27] 
[17, 0, 19, 12, 8, 26][1, 9, 3, 11, 25, 28][2, 29, 15, 10, 21][5, 6, 16, 27][4, 24, 23, 14][12, 19, 17, 22][13, 18, 22][4, 20, 7][6, 13][7, 27][9, 14][10, 27] 
[17, 0, 19, 12, 8, 26][1, 9, 3, 11, 25, 28][2, 29, 15, 10, 21][5, 6, 16, 27][4, 24, 23, 14][12, 19, 17, 22][13, 18, 22][4, 20, 7][6, 13][7, 27][9, 14][10, 27] 
[17, 0, 19, 12, 8, 26][1, 9, 3, 11, 25, 28][2, 29, 15, 10, 21][5, 6, 16, 27][4, 24, 23, 14][12, 19, 17, 22][13, 18, 22][4, 20, 7][6, 13][7, 27][9, 14][10, 27] 
[17, 0, 19, 12, 8, 26][1, 9, 3, 11, 25, 28][2, 29, 15, 10, 21][5, 6, 16, 27][4, 24, 23, 14][12, 19, 17, 22][13, 18, 22][4, 20, 7][6, 13][7, 27][9, 14][10, 27] 
[17, 0, 19, 12, 8, 26][1, 9, 3, 11, 25, 28][2, 29, 15, 10, 21][5, 6, 16, 27][4, 24, 23, 14][12, 19, 17, 22][13, 18, 22][4, 20, 7][6, 13][7, 27][9, 14][10, 27] 
[17, 0, 19, 12, 8, 26][1, 9, 3, 11, 25, 28][2, 29, 15, 10, 21][5, 6, 16, 27][4, 24, 23, 14][12, 19, 17, 22][13, 18, 22][4, 20, 7][6, 13][7, 27][9, 14][10, 27] 
[17, 0, 19, 12, 8, 26][1, 9, 3, 11, 25, 28][2, 29, 15, 10, 21][12, 19, 17, 22][5, 6, 16, 27][4, 24, 23, 14][13, 18, 22][4, 20, 7][6, 13][10, 27][7, 27][9, 14] 
[19, 17, 22, 0, 12, 8, 26][1, 9, 3, 11, 25, 28][2, 29, 15, 10, 21][5, 6, 16, 27][4, 24, 23, 14][4, 20, 7][13, 18, 22][7, 27][9, 14][10, 27][6, 13][17, 22] 
[19, 17, 22, 0, 12, 8, 26][1, 9, 3, 11, 25, 28][2, 29, 15, 10, 21][5, 6, 16, 27][4, 24, 23, 14][4, 20, 7][13, 18, 22][7, 27][9, 14][10, 27][6, 13][17, 22] 
[19, 17, 22, 0, 12, 8, 26][1, 9, 3, 11, 25, 28][2, 29, 15, 10, 21][5, 6, 16, 27][4, 24, 23, 14][4, 20, 7][13, 18, 22][7, 27][9, 14][10, 27][6, 13][17, 22] 
[19, 17, 22, 0, 12, 8, 26][1, 9, 3, 11, 25, 28][2, 29, 15, 10, 21][5, 6, 16, 27][4, 24, 23, 14][4, 20, 7][13, 18, 22][7, 27][9, 14][10, 27][6, 13][17, 22] 
[19, 17, 22, 0, 12, 8, 26][1, 9, 3, 11, 25, 28][2, 29, 15, 10, 21][5, 6, 16, 27][4, 24, 23, 14][4, 20, 7][13, 18, 22][7, 27][9, 14][10, 27][6, 13][17, 22] 
[19, 17, 22, 0, 12, 8, 26][1, 9, 3, 11, 25, 28][2, 29, 15, 10, 21][5, 6, 16, 27][4, 24, 23, 14][4, 20, 7][13, 18, 22][7, 27][9, 14][10, 27][6, 13][17, 22] 
[1, 9, 3, 11, 25, 28][0, 19, 12, 8, 26][2, 29, 15, 10, 21][5, 6, 16, 27][4, 24, 23, 14][13, 18, 22][4, 20, 7][19, 17, 22][6, 13][7, 27][9, 14][10, 27] 
[1, 9, 3, 11, 25, 28][0, 19, 12, 8, 26][2, 29, 15, 10, 21][5, 6, 16, 27][4, 24, 23, 14][19, 17, 22][13, 18, 22][4, 20, 7][6, 13][10, 27][7, 27][9, 14] 
[1, 9, 3, 11, 25, 28][0, 19, 12, 8, 26][2, 29, 15, 10, 21][5, 6, 16, 27][4, 24, 23, 14][19, 17, 22][13, 18, 22][4, 20, 7][6, 13][10, 27][7, 27][9, 14] 
[1, 9, 3, 11, 25, 28][0, 19, 12, 8, 26][2, 29, 15, 10, 21][5, 6, 16, 27][4, 24, 23, 14][19, 17, 22][13, 18, 22][4, 20, 7][6, 13][10, 27][7, 27][9, 14] 
[1, 9, 3, 11, 25, 28][0, 19, 12, 8, 26][2, 29, 15, 10, 21][5, 6, 16, 27][4, 24, 23, 14][13, 18, 22][4, 20, 7][19, 17, 22][6, 13][7, 27][9, 14][10, 27] 
[17, 0, 19, 12, 8, 26][1, 9, 3, 11, 25, 28][2, 29, 15, 10, 21][5, 6, 16, 27][4, 24, 23, 14][12, 19, 17, 22][13, 18, 22][4, 20, 7][6, 13][7, 27][9, 14][10, 27] 
[1, 9, 3, 11, 25, 28][0, 19, 12, 8, 26][2, 29, 15, 10, 21][5, 6, 16, 27][4, 24, 23, 14][13, 18, 22][4, 20, 7][19, 17, 22][6, 13][7, 27][9, 14][10, 27] 
