[0, 13, 6, 15, 16][12, 17, 19, 8, 26][11, 3, 9, 14, 24][4, 1, 23, 20, 7][18, 22, 25, 28][5, 21, 2, 29][10, 27, 29][0, 18][19, 22][6, 10][11, 25][7, 27] 
[16, 28, 25, 22, 18][12, 17, 19, 8, 26][4, 1, 23, 20, 7][11, 3, 9, 14, 24][0, 13, 6, 15][5, 21, 2, 29][10, 27, 29][6, 10][0, 18][19, 22][7, 27][1, 3] 
[4, 1, 23, 20, 7][11, 3, 9, 14, 24][12, 17, 19, 8, 26][0, 13, 6, 15][5, 21, 2, 29][18, 22, 25, 28][10, 27, 29][7, 27, 16][6, 10][0, 18][1, 3][19, 22] 
[4, 1, 23, 20, 7][11, 3, 9, 14, 24][12, 17, 19, 8, 26][0, 13, 6, 15][5, 21, 2, 29][18, 22, 25, 28][10, 27, 29][7, 27, 16][6, 10][0, 18][1, 3][19, 22] 
[12, 17, 19, 8, 26][11, 3, 9, 14, 24][4, 1, 23, 20, 7][18, 22, 25, 28][0, 13, 6, 15][5, 21, 2, 29][6, 10, 16][10, 27, 29][19, 22][0, 18][11, 25][7, 27] 
[4, 1, 23, 20, 7][11, 3, 9, 14, 24][12, 17, 19, 8, 26][5, 21, 2, 29][0, 13, 6, 15][18, 22, 25, 28][7, 27, 16][10, 27, 29][6, 10][0, 18][11, 25][19, 22] 
[4, 1, 23, 20, 7][11, 3, 9, 14, 24][12, 17, 19, 8, 26][5, 21, 2, 29][0, 13, 6, 15][18, 22, 25, 28][7, 27, 16][10, 27, 29][6, 10][0, 18][11, 25][19, 22] 
[12, 17, 19, 8, 26][11, 3, 9, 14, 24][4, 1, 23, 20, 7][18, 22, 25, 28][0, 13, 6, 15][5, 21, 2, 29][6, 10, 16][10, 27, 29][19, 22][0, 18][11, 25][7, 27] 
[4, 1, 23, 20, 7, 16][12, 17, 19, 8, 26][11, 3, 9, 14, 24][5, 21, 2, 29][0, 13, 6, 15][18, 22, 25, 28][10, 27, 29][7, 27][6, 10][0, 18][19, 22][11, 25] 
[12, 17, 19, 8, 26][11, 3, 9, 14, 24][4, 1, 23, 20, 7][18, 22, 25, 28][0, 13, 6, 15][5, 21, 2, 29][6, 10, 16][10, 27, 29][19, 22][0, 18][11, 25][7, 27] 
[0, 13, 6, 15, 16][12, 17, 19, 8, 26][11, 3, 9, 14, 24][4, 1, 23, 20, 7][18, 22, 25, 28][5, 21, 2, 29][10, 27, 29][0, 18][19, 22][6, 10][11, 25][7, 27] 
[16, 28, 25, 22, 18][12, 17, 19, 8, 26][4, 1, 23, 20, 7][11, 3, 9, 14, 24][0, 13, 6, 15][5, 21, 2, 29][10, 27, 29][6, 10][0, 18][19, 22][7, 27][1, 3] 
[4, 1, 23, 20, 7][11, 3, 9, 14, 24][12, 17, 19, 8, 26][0, 13, 6, 15][5, 21, 2, 29][18, 22, 25, 28][10, 27, 29][7, 27, 16][6, 10][0, 18][1, 3][19, 22] 
[12, 17, 19, 8, 26][11, 3, 9, 14, 24][4, 1, 23, 20, 7][18, 22, 25, 28][0, 13, 6, 15][5, 21, 2, 29][6, 10, 16][10, 27, 29][19, 22][0, 18][11, 25][7, 27] 
[4, 1, 23, 20, 7][11, 3, 9, 14, 24][12, 17, 19, 8, 26][5, 21, 2, 29][0, 13, 6, 15][18, 22, 25, 28][7, 27, 16][10, 27, 29][6, 10][0, 18][11, 25][19, 22] 
[12, 17, 19, 8, 26][11, 3, 9, 14, 24][4, 1, 23, 20, 7][18, 22, 25, 28][0, 13, 6, 15][5, 21, 2, 29][6, 10, 16][10, 27, 29][19, 22][0, 18][11, 25][7, 27] 
[0, 13, 6, 15, 16][12, 17, 19, 8, 26][11, 3, 9, 14, 24][4, 1, 23, 20, 7][18, 22, 25, 28][5, 21, 2, 29][10, 27, 29][0, 18][19, 22][6, 10][11, 25][7, 27] 
[16, 28, 25, 22, 18][12, 17, 19, 8, 26][4, 1, 23, 20, 7][11, 3, 9, 14, 24][0, 13, 6, 15][5, 21, 2, 29][10, 27, 29][6, 10][0, 18][19, 22][7, 27][1, 3] 
[12, 17, 19, 8, 26][11, 3, 9, 14, 24][4, 1, 23, 20, 7][18, 22, 25, 28][0, 13, 6, 15][5, 21, 2, 29][6, 10, 16][10, 27, 29][19, 22][0, 18][11, 25][7, 27] 
[0, 13, 6, 15, 16][12, 17, 19, 8, 26][11, 3, 9, 14, 24][4, 1, 23, 20, 7][18, 22, 25, 28][5, 21, 2, 29][10, 27, 29][0, 18][19, 22][6, 10][11, 25][7, 27] 
[4, 1, 23, 20, 7][0, 13, 6, 15, 16][12, 17, 19, 8, 26][11, 3, 9, 14, 24][5, 21, 2, 29][18, 22, 25, 28][10, 27, 29][7, 27][6, 10][19, 22][11, 25][0, 18] 
[16, 28, 25, 22, 18][12, 17, 19, 8, 26][4, 1, 23, 20, 7][11, 3, 9, 14, 24][0, 13, 6, 15][5, 21, 2, 29][10, 27, 29][6, 10][0, 18][19, 22][7, 27][1, 3] 
[4, 1, 23, 20, 7][11, 3, 9, 14, 24][12, 17, 19, 8, 26][0, 13, 6, 15][5, 21, 2, 29][18, 22, 25, 28][10, 27, 29][7, 27, 16][6, 10][0, 18][1, 3][19, 22] 
[12, 17, 19, 8, 26][11, 3, 9, 14, 24][4, 1, 23, 20, 7][18, 22, 25, 28][0, 13, 6, 15][5, 21, 2, 29][6, 10, 16][10, 27, 29][19, 22][0, 18][11, 25][7, 27] 
[4, 1, 23, 20, 7][11, 3, 9, 14, 24][12, 17, 19, 8, 26][5, 21, 2, 29][0, 13, 6, 15][18, 22, 25, 28][7, 27, 16][10, 27, 29][6, 10][0, 18][11, 25][19, 22] 
[12, 17, 19, 8, 26][11, 3, 9, 14, 24][4, 1, 23, 20, 7][18, 22, 25, 28][0, 13, 6, 15][5, 21, 2, 29][6, 10, 16][10, 27, 29][19, 22][0, 18][11, 25][7, 27] 
[0, 13, 6, 15, 16][12, 17, 19, 8, 26][11, 3, 9, 14, 24][4, 1, 23, 20, 7][18, 22, 25, 28][5, 21, 2, 29][10, 27, 29][0, 18][19, 22][6, 10][11, 25][7, 27] 
[4, 1, 23, 20, 7][11, 3, 9, 14, 24][16, 28, 25, 22, 18][12, 17, 19, 8, 26][5, 21, 2, 29][0, 13, 6, 15][10, 27, 29][7, 27][6, 10][1, 3][0, 18][19, 22] 
[12, 17, 19, 8, 26][11, 3, 9, 14, 24][4, 1, 23, 20, 7][18, 22, 25, 28][0, 13, 6, 15][5, 21, 2, 29][6, 10, 16][10, 27, 29][19, 22][0, 18][11, 25][7, 27] 
[0, 13, 6, 15, 16][11, 3, 9, 14, 24][12, 17, 19, 8, 26][4, 1, 23, 20, 7][18, 22, 25, 28][5, 21, 2, 29][10, 27, 29][0, 18][11, 25][6, 10][19, 22][7, 27] 
[0, 13, 6, 15, 16][12, 17, 19, 8, 26][11, 3, 9, 14, 24][4, 1, 23, 20, 7][18, 22, 25, 28][5, 21, 2, 29][10, 27, 29][0, 18][19, 22][6, 10][11, 25][7, 27] 
[16, 28, 25, 22, 18][12, 17, 19, 8, 26][4, 1, 23, 20, 7][11, 3, 9, 14, 24][0, 13, 6, 15][5, 21, 2, 29][10, 27, 29][6, 10][0, 18][19, 22][7, 27][1, 3] 
[12, 17, 19, 8, 26][11, 3, 9, 14, 24][4, 1, 23, 20, 7][18, 22, 25, 28][0, 13, 6, 15][5, 21, 2, 29][6, 10, 16][10, 27, 29][19, 22][0, 18][11, 25][7, 27] 
[0, 13, 6, 15, 16][12, 17, 19, 8, 26][11, 3, 9, 14, 24][4, 1, 23, 20, 7][18, 22, 25, 28][5, 21, 2, 29][10, 27, 29][0, 18][19, 22][6, 10][11, 25][7, 27] 
[0, 13, 6, 15, 16][12, 17, 19, 8, 26][11, 3, 9, 14, 24][4, 1, 23, 20, 7][18, 22, 25, 28][5, 21, 2, 29][10, 27, 29][0, 18][19, 22][6, 10][11, 25][7, 27] 
[8, 26, 0, 28, 25, 11, 3, 4, 1, 9, 14, 7, 20, 23][5, 6, 21, 15, 10, 27, 16, 2, 29][17, 19, 18, 13, 0, 12, 22][16, 27][6, 13][4, 24][9, 14][0, 26][16, 27][16, 27][11, 25][16, 27] 
[8, 26, 0, 28, 25, 11, 3, 4, 1, 9, 14, 7, 20, 23][5, 6, 21, 15, 10, 27, 16, 2, 29][17, 19, 18, 13, 0, 12, 22][16, 27][6, 13][4, 24][9, 14][0, 26][16, 27][16, 27][11, 25][16, 27] 
[8, 26, 0, 28, 25, 11, 3, 4, 1, 9, 14, 7, 20, 23][5, 6, 21, 15, 10, 27, 16, 2, 29][17, 19, 18, 13, 0, 12, 22][16, 27][6, 13][4, 24][9, 14][0, 26][16, 27][16, 27][11, 25][16, 27] 
[5, 6, 21, 15, 10, 27, 16, 2, 29][2, 7, 24, 20, 14, 4, 1, 23][17, 19, 18, 13, 0, 12, 22][3, 11, 25, 28, 0, 26, 8][9, 14][0, 26][6, 13][11, 25][16, 27][14, 20][16, 27][11, 25] 
[5, 6, 21, 15, 10, 27, 16, 2, 29][2, 7, 24, 20, 14, 4, 1, 23][17, 19, 18, 13, 0, 12, 22][3, 11, 25, 28, 0, 26, 8][9, 14][0, 26][6, 13][11, 25][16, 27][14, 20][16, 27][11, 25] 
[5, 6, 21, 15, 10, 27, 16, 2, 29][2, 7, 24, 20, 14, 4, 1, 23][17, 19, 18, 13, 0, 12, 22][3, 11, 25, 28, 0, 26, 8][9, 14][0, 26][6, 13][11, 25][16, 27][14, 20][16, 27][11, 25] 
[8, 26, 0, 28, 25, 11, 3, 4, 1, 9, 14, 7, 20, 23][5, 6, 21, 15, 10, 27, 16, 2, 29][17, 19, 18, 13, 0, 12, 22][16, 27][6, 13][4, 24][9, 14][0, 26][16, 27][16, 27][11, 25][16, 27] 
[8, 26, 0, 28, 25, 11, 3, 4, 1, 9, 14, 7, 20, 23][5, 6, 21, 15, 10, 27, 16, 2, 29][17, 19, 18, 13, 0, 12, 22][16, 27][6, 13][4, 24][9, 14][0, 26][16, 27][16, 27][11, 25][16, 27] 
[5, 6, 21, 15, 10, 27, 16, 2, 29][2, 7, 24, 20, 14, 4, 1, 23][17, 19, 18, 13, 0, 12, 22][3, 11, 25, 28, 0, 26, 8][9, 14][0, 26][6, 13][11, 25][16, 27][14, 20][16, 27][11, 25] 
[8, 26, 0, 28, 25, 11, 3, 4, 1, 9, 14, 7, 20, 23][5, 6, 21, 15, 10, 27, 16, 2, 29][17, 19, 18, 13, 0, 12, 22][16, 27][6, 13][4, 24][9, 14][0, 26][16, 27][16, 27][11, 25][16, 27] 
[8, 26, 0, 28, 25, 11, 3, 4, 1, 9, 14, 7, 20, 23][5, 6, 21, 15, 10, 27, 16, 2, 29][17, 19, 18, 13, 0, 12, 22][4, 24, 20][16, 27][6, 13][9, 14][0, 26][16, 27][16, 27][11, 25][16, 27] 
[8, 26, 0, 28, 25, 11, 3, 4, 1, 9, 14, 7, 20, 23][5, 6, 21, 15, 10, 27, 16, 2, 29][17, 19, 18, 13, 0, 12, 22][4, 24, 20][16, 27][6, 13][9, 14][0, 26][16, 27][16, 27][11, 25][16, 27] 
[5, 6, 21, 15, 10, 27, 16, 2, 29][2, 7, 24, 20, 14, 4, 1, 23][17, 19, 18, 13, 0, 12, 22][3, 11, 25, 28, 0, 26, 8][9, 14][0, 26][6, 13][11, 25][16, 27][14, 20][16, 27][11, 25] 
[8, 26, 0, 28, 25, 11, 3, 4, 1, 9, 14, 7, 20, 23][5, 6, 21, 15, 10, 27, 16, 2, 29][17, 19, 18, 13, 0, 12, 22][16, 27][6, 13][4, 24][9, 14][0, 26][16, 27][16, 27][11, 25][16, 27] 
[8, 26, 0, 28, 25, 11, 3, 4, 1, 9, 14, 7, 20, 23][5, 6, 21, 15, 10, 27, 16, 2, 29][17, 19, 18, 13, 0, 12, 22][16, 27][6, 13][4, 24][9, 14][0, 26][16, 27][16, 27][11, 25][16, 27] 
[8, 26, 0, 28, 25, 11, 3, 4, 1, 9, 14, 7, 20, 23][5, 6, 21, 15, 10, 27, 16, 2, 29][17, 19, 18, 13, 0, 12, 22][16, 27][6, 13][4, 24][9, 14][0, 26][16, 27][16, 27][11, 25][16, 27] 
[8, 26, 0, 28, 25, 11, 3, 4, 1, 9, 14, 7, 20, 23][5, 6, 21, 15, 10, 27, 16, 2, 29][17, 19, 18, 13, 0, 12, 22][16, 27][6, 13][4, 24][9, 14][0, 26][16, 27][16, 27][11, 25][16, 27] 
[8, 26, 0, 28, 25, 11, 3, 4, 1, 9, 14, 7, 20, 23][5, 6, 21, 15, 10, 27, 16, 2, 29][17, 19, 18, 13, 0, 12, 22][16, 27][9, 14][0, 26][6, 13][11, 25][16, 27][4, 24][16, 27][11, 25] 
[8, 26, 0, 28, 25, 11, 3, 4, 1, 9, 14, 7, 20, 23][5, 6, 21, 15, 10, 27, 16, 2, 29][17, 19, 18, 13, 0, 12, 22][16, 27][6, 13][4, 24][9, 14][0, 26][16, 27][16, 27][11, 25][16, 27] 
[8, 26, 0, 28, 25, 11, 3, 4, 1, 9, 14, 7, 20, 23][5, 6, 21, 15, 10, 27, 16, 2, 29][17, 19, 18, 13, 0, 12, 22][16, 27][6, 13][4, 24][9, 14][0, 26][16, 27][16, 27][11, 25][16, 27] 
[8, 26, 0, 28, 25, 11, 3, 4, 1, 9, 14, 7, 20, 23][5, 6, 21, 15, 10, 27, 16, 2, 29][17, 19, 18, 13, 0, 12, 22][16, 27][9, 14][0, 26][6, 13][11, 25][16, 27][4, 24][16, 27][11, 25] 
[16, 28, 25, 22, 18][12, 17, 19, 8, 26][4, 1, 23, 20, 7][11, 3, 9, 14, 24][0, 13, 6, 15][5, 21, 2, 29][10, 27, 29][6, 10][0, 18][19, 22][7, 27][1, 3] 
[16, 28, 25, 22, 18][12, 17, 19, 8, 26][4, 1, 23, 20, 7][11, 3, 9, 14, 24][0, 13, 6, 15][5, 21, 2, 29][10, 27, 29][6, 10][0, 18][19, 22][7, 27][1, 3] 
[16, 28, 25, 22, 18][12, 17, 19, 8, 26][4, 1, 23, 20, 7][11, 3, 9, 14, 24][0, 13, 6, 15][5, 21, 2, 29][10, 27, 29][6, 10][0, 18][19, 22][7, 27][1, 3] 
[16, 28, 25, 22, 18][12, 17, 19, 8, 26][4, 1, 23, 20, 7][11, 3, 9, 14, 24][0, 13, 6, 15][5, 21, 2, 29][10, 27, 29][6, 10][0, 18][19, 22][7, 27][1, 3] 
[16, 28, 25, 22, 18][12, 17, 19, 8, 26][4, 1, 23, 20, 7][11, 3, 9, 14, 24][0, 13, 6, 15][5, 21, 2, 29][10, 27, 29][6, 10][0, 18][19, 22][7, 27][1, 3] 
[16, 28, 25, 22, 18][4, 1, 23, 20, 7][11, 3, 9, 14, 24][12, 17, 19, 8, 26][0, 13, 6, 15][5, 21, 2, 29][10, 27, 29][6, 10][0, 18][7, 27][1, 3][19, 22] 
[16, 28, 25, 22, 18][12, 17, 19, 8, 26][4, 1, 23, 20, 7][11, 3, 9, 14, 24][0, 13, 6, 15][5, 21, 2, 29][10, 27, 29][6, 10][0, 18][19, 22][7, 27][1, 3] 
[16, 28, 25, 22, 18][12, 17, 19, 8, 26][4, 1, 23, 20, 7][11, 3, 9, 14, 24][0, 13, 6, 15][5, 21, 2, 29][10, 27, 29][6, 10][0, 18][19, 22][7, 27][1, 3] 
[16, 28, 25, 22, 18][12, 17, 19, 8, 26][4, 1, 23, 20, 7][11, 3, 9, 14, 24][0, 13, 6, 15][5, 21, 2, 29][10, 27, 29][6, 10][0, 18][19, 22][7, 27][1, 3] 
[11, 3, 9, 14, 24][4, 1, 23, 20, 7][16, 28, 25, 22, 18][12, 17, 19, 8, 26][5, 21, 2, 29][0, 13, 6, 15][10, 27, 29][1, 3][7, 27][6, 10][0, 18][19, 22] 
[16, 28, 25, 22, 18][12, 17, 19, 8, 26][4, 1, 23, 20, 7][11, 3, 9, 14, 24][0, 13, 6, 15][5, 21, 2, 29][10, 27, 29][6, 10][0, 18][19, 22][7, 27][1, 3] 
[16, 28, 25, 22, 18][12, 17, 19, 8, 26][4, 1, 23, 20, 7][11, 3, 9, 14, 24][0, 13, 6, 15][5, 21, 2, 29][10, 27, 29][6, 10][0, 18][19, 22][7, 27][1, 3] 
[11, 3, 9, 14, 24][4, 1, 23, 20, 7][16, 28, 25, 22, 18][12, 17, 19, 8, 26][5, 21, 2, 29][0, 13, 6, 15][10, 27, 29][1, 3][7, 27][6, 10][0, 18][19, 22] 
[4, 1, 23, 20, 7][11, 3, 9, 14, 24][16, 28, 25, 22, 18][12, 17, 19, 8, 26][5, 21, 2, 29][0, 13, 6, 15][10, 27, 29][7, 27][6, 10][1, 3][0, 18][19, 22] 
[16, 28, 25, 22, 18][12, 17, 19, 8, 26][4, 1, 23, 20, 7][11, 3, 9, 14, 24][0, 13, 6, 15][5, 21, 2, 29][10, 27, 29][6, 10][0, 18][19, 22][7, 27][1, 3] 
[0, 13, 6, 15, 16][12, 17, 19, 8, 26][11, 3, 9, 14, 24][4, 1, 23, 20, 7][18, 22, 25, 28][5, 21, 2, 29][10, 27, 29][0, 18][19, 22][6, 10][11, 25][7, 27] 
[0, 13, 6, 15, 16][12, 17, 19, 8, 26][11, 3, 9, 14, 24][4, 1, 23, 20, 7][18, 22, 25, 28][5, 21, 2, 29][10, 27, 29][0, 18][19, 22][6, 10][11, 25][7, 27] 
[0, 13, 6, 15, 16][12, 17, 19, 8, 26][11, 3, 9, 14, 24][4, 1, 23, 20, 7][18, 22, 25, 28][5, 21, 2, 29][10, 27, 29][0, 18][19, 22][6, 10][11, 25][7, 27] 
[0, 13, 6, 15, 16][12, 17, 19, 8, 26][11, 3, 9, 14, 24][4, 1, 23, 20, 7][18, 22, 25, 28][5, 21, 2, 29][10, 27, 29][0, 18][19, 22][6, 10][11, 25][7, 27] 
[0, 13, 6, 15, 16][12, 17, 19, 8, 26][11, 3, 9, 14, 24][4, 1, 23, 20, 7][18, 22, 25, 28][5, 21, 2, 29][10, 27, 29][0, 18][19, 22][6, 10][11, 25][7, 27] 
[11, 3, 9, 14, 24][12, 17, 19, 8, 26][0, 13, 6, 15, 16][4, 1, 23, 20, 7][18, 22, 25, 28][5, 21, 2, 29][10, 27, 29][11, 25][19, 22][0, 18][6, 10][1, 3] 
[16, 28, 25, 22, 18][12, 17, 19, 8, 26][4, 1, 23, 20, 7][11, 3, 9, 14, 24][0, 13, 6, 15][5, 21, 2, 29][10, 27, 29][6, 10][0, 18][19, 22][7, 27][1, 3] 
[16, 28, 25, 22, 18][12, 17, 19, 8, 26][4, 1, 23, 20, 7][11, 3, 9, 14, 24][0, 13, 6, 15][5, 21, 2, 29][10, 27, 29][6, 10][0, 18][19, 22][7, 27][1, 3] 
[16, 28, 25, 22, 18][12, 17, 19, 8, 26][4, 1, 23, 20, 7][11, 3, 9, 14, 24][0, 13, 6, 15][5, 21, 2, 29][10, 27, 29][6, 10][0, 18][19, 22][7, 27][1, 3] 
[4, 1, 23, 20, 7][11, 3, 9, 14, 24][16, 28, 25, 22, 18][12, 17, 19, 8, 26][5, 21, 2, 29][0, 13, 6, 15][10, 27, 29][7, 27][6, 10][1, 3][0, 18][19, 22] 
[16, 28, 25, 22, 18][12, 17, 19, 8, 26][4, 1, 23, 20, 7][11, 3, 9, 14, 24][0, 13, 6, 15][5, 21, 2, 29][10, 27, 29][6, 10][0, 18][19, 22][7, 27][1, 3] 
[0, 13, 6, 15, 16][12, 17, 19, 8, 26][11, 3, 9, 14, 24][4, 1, 23, 20, 7][18, 22, 25, 28][5, 21, 2, 29][10, 27, 29][0, 18][19, 22][6, 10][11, 25][7, 27] 
[16, 28, 25, 22, 18][4, 1, 23, 20, 7][11, 3, 9, 14, 24][12, 17, 19, 8, 26][5, 21, 2, 29][0, 13, 6, 15][10, 27, 29][6, 10][0, 18][7, 27][1, 3][19, 22] 
[0, 13, 6, 15, 16][12, 17, 19, 8, 26][11, 3, 9, 14, 24][4, 1, 23, 20, 7][18, 22, 25, 28][5, 21, 2, 29][10, 27, 29][0, 18][19, 22][6, 10][11, 25][7, 27] 
[4, 1, 23, 20, 7][0, 13, 6, 15, 16][12, 17, 19, 8, 26][11, 3, 9, 14, 24][5, 21, 2, 29][18, 22, 25, 28][10, 27, 29][7, 27][6, 10][19, 22][11, 25][0, 18] 
[0, 13, 6, 15, 16][12, 17, 19, 8, 26][11, 3, 9, 14, 24][4, 1, 23, 20, 7][18, 22, 25, 28][5, 21, 2, 29][10, 27, 29][0, 18][19, 22][6, 10][11, 25][7, 27] 
[4, 1, 23, 20, 7][0, 13, 6, 15, 16][12, 17, 19, 8, 26][11, 3, 9, 14, 24][5, 21, 2, 29][18, 22, 25, 28][10, 27, 29][7, 27][6, 10][19, 22][11, 25][0, 18] 
[4, 1, 23, 20, 7][0, 13, 6, 15, 16][12, 17, 19, 8, 26][11, 3, 9, 14, 24][5, 21, 2, 29][18, 22, 25, 28][10, 27, 29][7, 27][6, 10][19, 22][11, 25][0, 18] 
[4, 1, 23, 20, 7][0, 13, 6, 15, 16][12, 17, 19, 8, 26][11, 3, 9, 14, 24][5, 21, 2, 29][18, 22, 25, 28][10, 27, 29][7, 27][6, 10][19, 22][11, 25][0, 18] 
[0, 13, 6, 15, 16][11, 3, 9, 14, 24][12, 17, 19, 8, 26][4, 1, 23, 20, 7][18, 22, 25, 28][5, 21, 2, 29][10, 27, 29][0, 18][11, 25][6, 10][19, 22][7, 27] 
[0, 13, 6, 15, 16][12, 17, 19, 8, 26][11, 3, 9, 14, 24][4, 1, 23, 20, 7][18, 22, 25, 28][5, 21, 2, 29][10, 27, 29][0, 18][19, 22][6, 10][11, 25][7, 27] 
[0, 13, 6, 15, 16][12, 17, 19, 8, 26][11, 3, 9, 14, 24][4, 1, 23, 20, 7][18, 22, 25, 28][5, 21, 2, 29][10, 27, 29][0, 18][19, 22][6, 10][11, 25][7, 27] 
[0, 13, 6, 15, 16][11, 3, 9, 14, 24][12, 17, 19, 8, 26][4, 1, 23, 20, 7][18, 22, 25, 28][5, 21, 2, 29][10, 27, 29][0, 18][11, 25][6, 10][19, 22][7, 27] 
[0, 13, 6, 15, 16][12, 17, 19, 8, 26][11, 3, 9, 14, 24][4, 1, 23, 20, 7][18, 22, 25, 28][5, 21, 2, 29][10, 27, 29][0, 18][19, 22][6, 10][11, 25][7, 27] 
[0, 13, 6, 15, 16][12, 17, 19, 8, 26][11, 3, 9, 14, 24][4, 1, 23, 20, 7][18, 22, 25, 28][5, 21, 2, 29][10, 27, 29][0, 18][19, 22][6, 10][11, 25][7, 27] 
[0, 13, 6, 15, 16][12, 17, 19, 8, 26][11, 3, 9, 14, 24][4, 1, 23, 20, 7][18, 22, 25, 28][5, 21, 2, 29][10, 27, 29][0, 18][19, 22][6, 10][11, 25][7, 27] 
[0, 13, 6, 15, 16][12, 17, 19, 8, 26][11, 3, 9, 14, 24][4, 1, 23, 20, 7][18, 22, 25, 28][5, 21, 2, 29][10, 27, 29][0, 18][19, 22][6, 10][11, 25][7, 27] 
[0, 13, 6, 15, 16][12, 17, 19, 8, 26][11, 3, 9, 14, 24][4, 1, 23, 20, 7][18, 22, 25, 28][5, 21, 2, 29][10, 27, 29][0, 18][19, 22][6, 10][11, 25][7, 27] 
[0, 13, 6, 15, 16][12, 17, 19, 8, 26][11, 3, 9, 14, 24][4, 1, 23, 20, 7][5, 21, 2, 29][18, 22, 25, 28][10, 27, 29][6, 10][16, 28][19, 22][11, 25][1, 3] 
[0, 13, 6, 15, 16][12, 17, 19, 8, 26][11, 3, 9, 14, 24][4, 1, 23, 20, 7][5, 21, 2, 29][18, 22, 25, 28][10, 27, 29][6, 10][16, 28][19, 22][11, 25][1, 3] 
[0, 13, 6, 15, 16][12, 17, 19, 8, 26][11, 3, 9, 14, 24][4, 1, 23, 20, 7][5, 21, 2, 29][18, 22, 25, 28][10, 27, 29][6, 10][16, 28][19, 22][11, 25][1, 3] 
[0, 13, 6, 15, 16][12, 17, 19, 8, 26][11, 3, 9, 14, 24][4, 1, 23, 20, 7][5, 21, 2, 29][18, 22, 25, 28][10, 27, 29][6, 10][16, 28][19, 22][11, 25][1, 3] 
[0, 13, 6, 15, 16][12, 17, 19, 8, 26][11, 3, 9, 14, 24][4, 1, 23, 20, 7][5, 21, 2, 29][18, 22, 25, 28][10, 27, 29][6, 10][16, 28][19, 22][11, 25][1, 3] 
[4, 1, 23, 20, 7, 16][12, 17, 19, 8, 26][9, 14, 24, 3, 11][0, 18, 22, 25, 28][10, 27, 29, 15][5, 21, 2, 29][13, 6, 15][19, 22][18, 22][11, 25][0, 13][16, 27] 
[4, 1, 23, 20, 7][0, 13, 6, 15, 16][12, 17, 19, 8, 26][11, 3, 9, 14, 24][5, 21, 2, 29][18, 22, 25, 28][10, 27, 29][7, 27][6, 10][19, 22][11, 25][0, 18] 
[4, 1, 23, 20, 7][0, 13, 6, 15, 16][12, 17, 19, 8, 26][11, 3, 9, 14, 24][5, 21, 2, 29][18, 22, 25, 28][10, 27, 29][7, 27][6, 10][19, 22][11, 25][0, 18] 
[0, 13, 6, 15, 16][12, 17, 19, 8, 26][11, 3, 9, 14, 24][4, 1, 23, 20, 7][18, 22, 25, 28][5, 21, 2, 29][10, 27, 29][0, 18][19, 22][6, 10][11, 25][7, 27] 
[0, 13, 6, 15, 16][12, 17, 19, 8, 26][11, 3, 9, 14, 24][4, 1, 23, 20, 7][18, 22, 25, 28][5, 21, 2, 29][10, 27, 29][0, 18][19, 22][6, 10][11, 25][7, 27] 
[0, 13, 6, 15, 16][12, 17, 19, 8, 26][11, 3, 9, 14, 24][4, 1, 23, 20, 7][18, 22, 25, 28][5, 21, 2, 29][10, 27, 29][0, 18][19, 22][6, 10][11, 25][7, 27] 
[0, 13, 6, 15, 16][12, 17, 19, 8, 26][11, 3, 9, 14, 24][4, 1, 23, 20, 7][18, 22, 25, 28][5, 21, 2, 29][10, 27, 29][0, 18][19, 22][6, 10][11, 25][7, 27] 
[16, 28, 25, 22, 18][12, 17, 19, 8, 26][4, 1, 23, 20, 7][11, 3, 9, 14, 24][0, 13, 6, 15][5, 21, 2, 29][10, 27, 29][6, 10][0, 18][19, 22][7, 27][1, 3] 
