[9, 1, 4, 7, 2, 29][22, 17, 12, 19, 8, 26][0, 18, 13, 6, 16][21, 5, 15, 10, 27][3, 11, 25][11, 14, 24][23, 20, 24][25, 28][3, 4][6, 10][11, 17][0, 28] 
[23, 9, 1, 4, 7, 2, 29][19, 22, 17, 12, 8, 26][0, 18, 13, 6, 16][21, 5, 15, 10, 27][11, 14, 24][3, 11, 25][11, 17][3, 4][20, 24][25, 28][0, 28][6, 10] 
[23, 9, 1, 4, 7, 2, 29][19, 22, 17, 12, 8, 26][0, 18, 13, 6, 16][21, 5, 15, 10, 27][3, 11, 25][11, 14, 24][11, 17][25, 28][0, 28][20, 24][6, 10][3, 23] 
[23, 9, 1, 4, 7, 2, 29][19, 22, 17, 12, 8, 26][0, 18, 13, 6, 16][21, 5, 15, 10, 27][3, 11, 25][11, 14, 24][11, 17][25, 28][0, 28][20, 24][6, 10][3, 23] 
[9, 1, 4, 7, 2, 29][19, 22, 17, 12, 8, 26][21, 5, 15, 10, 27][0, 18, 13, 6, 16][3, 11, 25][11, 14, 24][23, 20, 24][6, 10][0, 28][25, 28][3, 4][11, 17] 
[19, 22, 17, 12, 8, 26][9, 1, 4, 7, 2, 29][0, 18, 13, 6, 16][21, 5, 15, 10, 27][3, 11, 25][11, 14, 24][23, 20, 24][0, 28][6, 10][25, 28][11, 17][3, 4] 
[19, 22, 17, 12, 8, 26][9, 1, 4, 7, 2, 29][0, 18, 13, 6, 16][21, 5, 15, 10, 27][3, 11, 25][11, 14, 24][23, 20, 24][0, 28][6, 10][25, 28][11, 17][3, 4] 
[19, 22, 17, 12, 8, 26][9, 1, 4, 7, 2, 29][0, 18, 13, 6, 16][21, 5, 15, 10, 27][3, 11, 25][11, 14, 24][23, 20, 24][0, 28][6, 10][25, 28][11, 17][3, 4] 
[19, 22, 17, 12, 8, 26][9, 1, 4, 7, 2, 29][0, 18, 13, 6, 16][21, 5, 15, 10, 27][11, 14, 24][23, 20, 24][3, 11, 25][11, 17][25, 28][3, 4][0, 28][6, 10] 
[19, 22, 17, 12, 8, 26][9, 1, 4, 7, 2, 29][0, 18, 13, 6, 16][21, 5, 15, 10, 27][11, 14, 24][23, 20, 24][3, 11, 25][11, 17][25, 28][3, 4][0, 28][6, 10] 
[9, 1, 4, 7, 2, 29][22, 17, 12, 19, 8, 26][0, 18, 13, 6, 16][21, 5, 15, 10, 27][3, 11, 25][11, 14, 24][23, 20, 24][3, 4][25, 28][0, 28][11, 17][6, 10] 
[23, 9, 1, 4, 7, 2, 29][19, 22, 17, 12, 8, 26][0, 18, 13, 6, 16][21, 5, 15, 10, 27][3, 11, 25][11, 14, 24][0, 28][6, 10][25, 28][11, 17][3, 4][20, 24] 
[23, 9, 1, 4, 7, 2, 29][19, 22, 17, 12, 8, 26][0, 18, 13, 6, 16][21, 5, 15, 10, 27][3, 11, 25][11, 14, 24][11, 17][25, 28][0, 28][20, 24][6, 10][3, 23] 
[19, 22, 17, 12, 8, 26][9, 1, 4, 7, 2, 29][0, 18, 13, 6, 16][21, 5, 15, 10, 27][11, 14, 24][23, 20, 24][3, 11, 25][11, 17][25, 28][3, 4][0, 28][6, 10] 
[19, 22, 17, 12, 8, 26][9, 1, 4, 7, 2, 29][0, 18, 13, 6, 16][21, 5, 15, 10, 27][3, 11, 25][11, 14, 24][23, 20, 24][0, 28][6, 10][25, 28][11, 17][3, 4] 
[19, 22, 17, 12, 8, 26][9, 1, 4, 7, 2, 29][0, 18, 13, 6, 16][21, 5, 15, 10, 27][11, 14, 24][23, 20, 24][3, 11, 25][11, 17][25, 28][3, 4][0, 28][6, 10] 
[9, 1, 4, 7, 2, 29][22, 17, 12, 19, 8, 26][0, 18, 13, 6, 16][21, 5, 15, 10, 27][3, 11, 25][11, 14, 24][23, 20, 24][3, 4][25, 28][0, 28][11, 17][6, 10] 
[23, 9, 1, 4, 7, 2, 29][19, 22, 17, 12, 8, 26][0, 18, 13, 6, 16][21, 5, 15, 10, 27][3, 11, 25][11, 14, 24][0, 28][6, 10][25, 28][11, 17][3, 4][20, 24] 
[9, 1, 4, 7, 2, 29][19, 22, 17, 12, 8, 26][0, 18, 13, 6, 16][21, 5, 15, 10, 27][3, 11, 25][11, 14, 24][23, 20, 24][3, 4][11, 17][25, 28][0, 28][6, 10] 
[9, 1, 4, 7, 2, 29][22, 17, 12, 19, 8, 26][0, 18, 13, 6, 16][21, 5, 15, 10, 27][11, 14, 24][3, 11, 25][23, 20, 24][3, 4][25, 28][0, 28][6, 10][11, 17] 
[9, 1, 4, 7, 2, 29][22, 17, 12, 19, 8, 26][0, 18, 13, 6, 16][21, 5, 15, 10, 27][11, 14, 24][3, 11, 25][23, 20, 24][3, 4][25, 28][0, 28][6, 10][11, 17] 
[23, 9, 1, 4, 7, 2, 29][19, 22, 17, 12, 8, 26][0, 18, 13, 6, 16][21, 5, 15, 10, 27][11, 14, 24][3, 11, 25][11, 17][3, 4][20, 24][25, 28][0, 28][6, 10] 
[23, 9, 1, 4, 7, 2, 29][19, 22, 17, 12, 8, 26][0, 18, 13, 6, 16][21, 5, 15, 10, 27][3, 11, 25][11, 14, 24][11, 17][25, 28][0, 28][20, 24][6, 10][3, 23] 
[19, 22, 17, 12, 8, 26][9, 1, 4, 7, 2, 29][0, 18, 13, 6, 16][21, 5, 15, 10, 27][3, 11, 25][11, 14, 24][23, 20, 24][0, 28][6, 10][25, 28][11, 17][3, 4] 
[19, 22, 17, 12, 8, 26][9, 1, 4, 7, 2, 29][0, 18, 13, 6, 16][21, 5, 15, 10, 27][3, 11, 25][11, 14, 24][23, 20, 24][0, 28][6, 10][25, 28][11, 17][3, 4] 
[19, 22, 17, 12, 8, 26][9, 1, 4, 7, 2, 29][0, 18, 13, 6, 16][21, 5, 15, 10, 27][11, 14, 24][23, 20, 24][3, 11, 25][11, 17][25, 28][3, 4][0, 28][6, 10] 
[9, 1, 4, 7, 2, 29][22, 17, 12, 19, 8, 26][0, 18, 13, 6, 16][21, 5, 15, 10, 27][3, 11, 25][11, 14, 24][23, 20, 24][0, 28][25, 28][3, 4][6, 10][11, 17] 
[23, 9, 1, 4, 7, 2, 29][19, 22, 17, 12, 8, 26][0, 18, 13, 6, 16][21, 5, 15, 10, 27][3, 11, 25][11, 14, 24][0, 28][6, 10][25, 28][11, 17][3, 4][20, 24] 
[19, 22, 17, 12, 8, 26][9, 1, 4, 7, 2, 29][0, 18, 13, 6, 16][21, 5, 15, 10, 27][3, 11, 25][11, 14, 24][23, 20, 24][0, 28][6, 10][25, 28][11, 17][3, 4] 
[9, 1, 4, 7, 2, 29][22, 17, 12, 19, 8, 26][0, 18, 13, 6, 16][21, 5, 15, 10, 27][3, 11, 25][11, 14, 24][23, 20, 24][0, 28][25, 28][3, 4][6, 10][11, 17] 
[9, 1, 4, 7, 2, 29][22, 17, 12, 19, 8, 26][0, 18, 13, 6, 16][21, 5, 15, 10, 27][11, 14, 24][3, 11, 25][23, 20, 24][3, 4][25, 28][0, 28][6, 10][11, 17] 
[23, 9, 1, 4, 7, 2, 29][19, 22, 17, 12, 8, 26][0, 18, 13, 6, 16][21, 5, 15, 10, 27][3, 11, 25][11, 14, 24][3, 4][20, 24][25, 28][0, 28][11, 17][6, 10] 
[9, 1, 4, 7, 2, 29][19, 22, 17, 12, 8, 26][0, 18, 13, 6, 16][21, 5, 15, 10, 27][3, 11, 25][11, 14, 24][23, 20, 24][3, 4][11, 17][25, 28][0, 28][6, 10] 
[9, 1, 4, 7, 2, 29][22, 17, 12, 19, 8, 26][0, 18, 13, 6, 16][21, 5, 15, 10, 27][3, 11, 25][11, 14, 24][23, 20, 24][0, 28][25, 28][3, 4][6, 10][11, 17] 
[9, 1, 4, 7, 2, 29][22, 17, 12, 19, 8, 26][0, 18, 13, 6, 16][21, 5, 15, 10, 27][3, 11, 25][11, 14, 24][23, 20, 24][25, 28][3, 4][6, 10][11, 17][0, 28] 
[10, 7, 16, 15, 29, 27, 2, 21, 5, 6, 13, 0, 18][7, 20, 14, 23, 4, 1, 9, 3, 24][0, 12, 22, 19, 17, 28][3, 11, 25][19, 8, 26][15, 29][19, 22][12, 17][3, 9][3, 9][3, 9][15, 29] 
[10, 7, 16, 15, 29, 27, 2, 21, 5, 6, 13, 0, 18][7, 20, 14, 23, 4, 1, 9, 3, 24][0, 12, 22, 19, 17, 28][3, 11, 25][19, 8, 26][15, 29][19, 22][12, 17][3, 9][3, 9][3, 9][15, 29] 
[10, 7, 16, 15, 29, 27, 2, 21, 5, 6, 13, 0, 18][7, 20, 14, 23, 4, 1, 9, 3, 24][0, 12, 22, 19, 17, 28][3, 11, 25][19, 8, 26][15, 29][19, 22][12, 17][3, 9][3, 9][3, 9][15, 29] 
[7, 16, 15, 29, 27, 2, 21, 5, 6, 13, 0, 18][7, 20, 14, 23, 4, 1, 9, 3, 24][0, 12, 22, 19, 17, 28][3, 11, 25][19, 8, 26][10, 21][19, 22][12, 17][3, 9][3, 9][3, 9][15, 29] 
[7, 16, 15, 29, 27, 2, 21, 5, 6, 13, 0, 18][7, 20, 14, 23, 4, 1, 9, 3, 24][0, 12, 22, 19, 17, 28][3, 11, 25][19, 8, 26][10, 21][19, 22][12, 17][3, 9][3, 9][3, 9][15, 29] 
[10, 7, 16, 15, 29, 27, 2, 21, 5, 6, 13, 0, 18][14, 23, 4, 1, 9, 3, 24][0, 12, 22, 19, 17, 28][3, 11, 25][19, 8, 26][7, 4, 20][15, 29][19, 22][12, 17][3, 9][3, 9][15, 29] 
[10, 7, 16, 15, 29, 27, 2, 21, 5, 6, 13, 0, 18][7, 20, 14, 23, 4, 1, 9, 3, 24][0, 12, 22, 19, 17, 28][3, 11, 25][19, 8, 26][15, 29][19, 22][12, 17][3, 9][3, 9][3, 9][15, 29] 
[10, 7, 16, 15, 29, 27, 2, 21, 5, 6, 13, 0, 18][7, 20, 14, 23, 4, 1, 9, 3, 24][0, 12, 22, 19, 17, 28][3, 11, 25][19, 8, 26][15, 29][19, 22][12, 17][3, 9][3, 9][3, 9][15, 29] 
[7, 16, 15, 29, 27, 2, 21, 5, 6, 13, 0, 18][7, 20, 14, 23, 4, 1, 9, 3, 24][0, 12, 22, 19, 17, 28][3, 11, 25][19, 8, 26][10, 21][19, 22][12, 17][3, 9][3, 9][3, 9][15, 29] 
[10, 7, 16, 15, 29, 27, 2, 21, 5, 6, 13, 0, 18][7, 20, 14, 23, 4, 1, 9, 3, 24][0, 12, 22, 19, 17, 28][3, 11, 25][19, 8, 26][15, 29][19, 22][12, 17][3, 9][3, 9][3, 9][15, 29] 
[10, 7, 16, 15, 29, 27, 2, 21, 5, 6, 13, 0, 18][7, 20, 14, 23, 4, 1, 9, 3, 24][0, 12, 22, 19, 17, 28][3, 11, 25][19, 8, 26][15, 29][19, 22][12, 17][3, 9][3, 9][3, 9][15, 29] 
[10, 2, 16, 7, 20, 14, 23, 4, 1, 9, 3, 24][15, 29, 27, 2, 21, 5, 6, 13, 0, 18, 17, 28][0, 26, 8, 19, 22][3, 11, 25][15, 29][17, 28][19, 22][12, 17][3, 9][3, 9][3, 9][15, 29] 
[7, 16, 15, 29, 27, 2, 21, 5, 6, 13, 0, 18][7, 20, 14, 23, 4, 1, 9, 3, 24][0, 12, 22, 19, 17, 28][3, 11, 25][19, 8, 26][10, 21][19, 22][12, 17][3, 9][3, 9][3, 9][15, 29] 
[10, 2, 16, 7, 20, 14, 23, 4, 1, 9, 3, 24][15, 29, 27, 2, 21, 5, 6, 13, 0, 18, 17, 28][0, 26, 8, 19, 22][3, 11, 25][15, 29][17, 28][19, 22][12, 17][3, 9][3, 9][3, 9][15, 29] 
[10, 7, 16, 15, 29, 27, 2, 21, 5, 6, 13, 0, 18][7, 20, 14, 23, 4, 1, 9, 3, 24][0, 12, 22, 19, 17, 28][3, 11, 25][19, 8, 26][15, 29][19, 22][12, 17][3, 9][3, 9][3, 9][15, 29] 
[10, 7, 16, 15, 29, 27, 2, 21, 5, 6, 13, 0, 18][7, 20, 14, 23, 4, 1, 9, 3, 24][0, 12, 22, 19, 17, 28][3, 11, 25][19, 8, 26][15, 29][19, 22][12, 17][3, 9][3, 9][3, 9][15, 29] 
[10, 7, 16, 15, 29, 27, 2, 21, 5, 6, 13, 0, 18][7, 20, 14, 23, 4, 1, 9, 3, 24][0, 12, 22, 19, 17, 28][3, 11, 25][19, 8, 26][15, 29][19, 22][12, 17][3, 9][3, 9][3, 9][15, 29] 
[10, 7, 16, 15, 29, 27, 2, 21, 5, 6, 13, 0, 18][7, 20, 14, 23, 4, 1, 9, 3, 24][0, 12, 22, 19, 17, 28][3, 11, 25][19, 8, 26][15, 29][19, 22][12, 17][3, 9][3, 9][3, 9][15, 29] 
[10, 7, 16, 15, 29, 27, 2, 21, 5, 6, 13, 0, 18][7, 20, 14, 23, 4, 1, 9, 3, 24][0, 12, 22, 19, 17, 28][3, 11, 25][19, 8, 26][15, 29][19, 22][12, 17][3, 9][3, 9][3, 9][15, 29] 
[10, 7, 16, 15, 29, 27, 2, 21, 5, 6, 13, 0, 18][7, 20, 14, 23, 4, 1, 9, 3, 24][0, 12, 22, 19, 17, 28][3, 11, 25][19, 8, 26][15, 29][19, 22][12, 17][3, 9][3, 9][3, 9][15, 29] 
[10, 7, 16, 15, 29, 27, 2, 21, 5, 6, 13, 0, 18][7, 20, 14, 23, 4, 1, 9, 3, 24][0, 12, 22, 19, 17, 28][3, 11, 25][19, 8, 26][15, 29][19, 22][12, 17][3, 9][3, 9][3, 9][15, 29] 
[19, 22, 17, 12, 8, 26][9, 1, 4, 7, 2, 29][0, 18, 13, 6, 16][21, 5, 15, 10, 27][11, 14, 24][3, 11, 25][23, 20, 24][11, 17][3, 4][25, 28][0, 28][6, 10] 
[19, 22, 17, 12, 8, 26][9, 1, 4, 7, 2, 29][0, 18, 13, 6, 16][21, 5, 15, 10, 27][3, 11, 25][11, 14, 24][23, 20, 24][25, 28][0, 28][11, 17][3, 4][6, 10] 
[9, 1, 4, 7, 2, 29][19, 22, 17, 12, 8, 26][0, 18, 13, 6, 16][21, 5, 15, 10, 27][3, 11, 25][11, 14, 24][23, 20, 24][3, 4][11, 17][25, 28][0, 28][6, 10] 
[19, 22, 17, 12, 8, 26][9, 1, 4, 7, 2, 29][0, 18, 13, 6, 16][21, 5, 15, 10, 27][3, 11, 25][11, 14, 24][23, 20, 24][0, 28][6, 10][25, 28][11, 17][3, 4] 
[19, 22, 17, 12, 8, 26][9, 1, 4, 7, 2, 29][0, 18, 13, 6, 16][21, 5, 15, 10, 27][3, 11, 25][11, 14, 24][23, 20, 24][0, 28][6, 10][25, 28][11, 17][3, 4] 
[19, 22, 17, 12, 8, 26][9, 1, 4, 7, 2, 29][0, 18, 13, 6, 16][21, 5, 15, 10, 27][3, 11, 25][11, 14, 24][23, 20, 24][0, 28][6, 10][25, 28][11, 17][3, 4] 
[19, 22, 17, 12, 8, 26][9, 1, 4, 7, 2, 29][0, 18, 13, 6, 16][21, 5, 15, 10, 27][3, 11, 25][11, 14, 24][23, 20, 24][0, 28][6, 10][25, 28][11, 17][3, 4] 
[19, 22, 17, 12, 8, 26][9, 1, 4, 7, 2, 29][0, 18, 13, 6, 16][21, 5, 15, 10, 27][3, 11, 25][11, 14, 24][23, 20, 24][0, 28][6, 10][25, 28][11, 17][3, 4] 
[19, 22, 17, 12, 8, 26][9, 1, 4, 7, 2, 29][0, 18, 13, 6, 16][21, 5, 15, 10, 27][3, 11, 25][11, 14, 24][23, 20, 24][0, 28][6, 10][25, 28][11, 17][3, 4] 
[19, 22, 17, 12, 8, 26][9, 1, 4, 7, 2, 29][0, 18, 13, 6, 16][21, 5, 15, 10, 27][3, 11, 25][11, 14, 24][23, 20, 24][0, 28][6, 10][25, 28][11, 17][3, 4] 
[19, 22, 17, 12, 8, 26][9, 1, 4, 7, 2, 29][0, 18, 13, 6, 16][21, 5, 15, 10, 27][3, 11, 25][11, 14, 24][23, 20, 24][0, 28][6, 10][25, 28][11, 17][3, 4] 
[19, 22, 17, 12, 8, 26][9, 1, 4, 7, 2, 29][0, 18, 13, 6, 16][21, 5, 15, 10, 27][3, 11, 25][11, 14, 24][23, 20, 24][0, 28][6, 10][25, 28][11, 17][3, 4] 
[19, 22, 17, 12, 8, 26][9, 1, 4, 7, 2, 29][0, 18, 13, 6, 16][21, 5, 15, 10, 27][3, 11, 25][11, 14, 24][23, 20, 24][0, 28][6, 10][25, 28][11, 17][3, 4] 
[19, 22, 17, 12, 8, 26][9, 1, 4, 7, 2, 29][0, 18, 13, 6, 16][21, 5, 15, 10, 27][3, 11, 25][11, 14, 24][23, 20, 24][0, 28][6, 10][25, 28][11, 17][3, 4] 
[19, 22, 17, 12, 8, 26][9, 1, 4, 7, 2, 29][0, 18, 13, 6, 16][21, 5, 15, 10, 27][3, 11, 25][11, 14, 24][23, 20, 24][0, 28][6, 10][25, 28][11, 17][3, 4] 
[9, 1, 4, 7, 2, 29][22, 17, 12, 19, 8, 26][0, 18, 13, 6, 16][21, 5, 15, 10, 27][3, 11, 25][11, 14, 24][23, 20, 24][25, 28][3, 4][6, 10][11, 17][0, 28] 
[9, 1, 4, 7, 2, 29][22, 17, 12, 19, 8, 26][0, 18, 13, 6, 16][21, 5, 15, 10, 27][11, 14, 24][3, 11, 25][23, 20, 24][3, 4][25, 28][0, 28][6, 10][11, 17] 
[9, 1, 4, 7, 2, 29][22, 17, 12, 19, 8, 26][0, 18, 13, 6, 16][21, 5, 15, 10, 27][3, 11, 25][11, 14, 24][23, 20, 24][25, 28][3, 4][6, 10][11, 17][0, 28] 
[9, 1, 4, 7, 2, 29][22, 17, 12, 19, 8, 26][0, 18, 13, 6, 16][21, 5, 15, 10, 27][3, 11, 25][11, 14, 24][23, 20, 24][25, 28][3, 4][6, 10][11, 17][0, 28] 
[9, 1, 4, 7, 2, 29][22, 17, 12, 19, 8, 26][0, 18, 13, 6, 16][21, 5, 15, 10, 27][3, 11, 25][11, 14, 24][23, 20, 24][25, 28][3, 4][6, 10][11, 17][0, 28] 
[9, 1, 4, 7, 2, 29][22, 17, 12, 19, 8, 26][0, 18, 13, 6, 16][21, 5, 15, 10, 27][11, 14, 24][3, 11, 25][23, 20, 24][3, 4][25, 28][0, 28][6, 10][11, 17] 
[19, 22, 17, 12, 8, 26][9, 1, 4, 7, 2, 29][0, 18, 13, 6, 16][21, 5, 15, 10, 27][3, 11, 25][11, 14, 24][23, 20, 24][0, 28][6, 10][25, 28][11, 17][3, 4] 
[19, 22, 17, 12, 8, 26][9, 1, 4, 7, 2, 29][0, 18, 13, 6, 16][21, 5, 15, 10, 27][3, 11, 25][11, 14, 24][23, 20, 24][25, 28][0, 28][11, 17][3, 4][6, 10] 
[19, 22, 17, 12, 8, 26][9, 1, 4, 7, 2, 29][0, 18, 13, 6, 16][21, 5, 15, 10, 27][3, 11, 25][11, 14, 24][23, 20, 24][0, 28][6, 10][25, 28][11, 17][3, 4] 
[19, 22, 17, 12, 8, 26][9, 1, 4, 7, 2, 29][0, 18, 13, 6, 16][21, 5, 15, 10, 27][3, 11, 25][11, 14, 24][23, 20, 24][0, 28][6, 10][25, 28][11, 17][3, 4] 
[19, 22, 17, 12, 8, 26][9, 1, 4, 7, 2, 29][0, 18, 13, 6, 16][21, 5, 15, 10, 27][3, 11, 25][11, 14, 24][23, 20, 24][0, 28][6, 10][25, 28][11, 17][3, 4] 
[9, 1, 4, 7, 2, 29][22, 17, 12, 19, 8, 26][0, 18, 13, 6, 16][21, 5, 15, 10, 27][3, 11, 25][11, 14, 24][23, 20, 24][25, 28][3, 4][6, 10][11, 17][0, 28] 
[19, 22, 17, 12, 8, 26][9, 1, 4, 7, 2, 29][0, 18, 13, 6, 16][21, 5, 15, 10, 27][3, 11, 25][11, 14, 24][23, 20, 24][0, 28][6, 10][25, 28][11, 17][3, 4] 
[9, 1, 4, 7, 2, 29][22, 17, 12, 19, 8, 26][21, 5, 15, 10, 27][0, 18, 13, 6, 16][3, 11, 25][11, 14, 24][23, 20, 24][6, 10][0, 28][25, 28][3, 4][11, 17] 
[9, 1, 4, 7, 2, 29][22, 17, 12, 19, 8, 26][21, 5, 15, 10, 27][0, 18, 13, 6, 16][3, 11, 25][11, 14, 24][23, 20, 24][6, 10][0, 28][25, 28][3, 4][11, 17] 
[9, 1, 4, 7, 2, 29][22, 17, 12, 19, 8, 26][0, 18, 13, 6, 16][21, 5, 15, 10, 27][3, 11, 25][11, 14, 24][23, 20, 24][25, 28][3, 4][6, 10][11, 17][0, 28] 
[9, 1, 4, 7, 2, 29][22, 17, 12, 19, 8, 26][0, 18, 13, 6, 16][21, 5, 15, 10, 27][11, 14, 24][3, 11, 25][23, 20, 24][3, 4][25, 28][0, 28][6, 10][11, 17] 
[9, 1, 4, 7, 2, 29][22, 17, 12, 19, 8, 26][0, 18, 13, 6, 16][21, 5, 15, 10, 27][3, 11, 25][11, 14, 24][23, 20, 24][25, 28][3, 4][6, 10][11, 17][0, 28] 
[9, 1, 4, 7, 2, 29][22, 17, 12, 19, 8, 26][0, 18, 13, 6, 16][21, 5, 15, 10, 27][3, 11, 25][11, 14, 24][23, 20, 24][25, 28][3, 4][6, 10][11, 17][0, 28] 
[9, 1, 4, 7, 2, 29][22, 17, 12, 19, 8, 26][0, 18, 13, 6, 16][21, 5, 15, 10, 27][3, 11, 25][11, 14, 24][23, 20, 24][25, 28][3, 4][6, 10][11, 17][0, 28] 
[9, 1, 4, 7, 2, 29][22, 17, 12, 19, 8, 26][0, 18, 13, 6, 16][21, 5, 15, 10, 27][3, 11, 25][11, 14, 24][23, 20, 24][25, 28][3, 4][6, 10][11, 17][0, 28] 
[9, 1, 4, 7, 2, 29][22, 17, 12, 19, 8, 26][0, 18, 13, 6, 16][21, 5, 15, 10, 27][11, 14, 24][3, 11, 25][23, 20, 24][3, 4][25, 28][0, 28][6, 10][11, 17] 
[9, 1, 4, 7, 2, 29][22, 17, 12, 19, 8, 26][0, 18, 13, 6, 16][21, 5, 15, 10, 27][3, 11, 25][11, 14, 24][23, 20, 24][25, 28][3, 4][6, 10][11, 17][0, 28] 
[9, 1, 4, 7, 2, 29][22, 17, 12, 19, 8, 26][0, 18, 13, 6, 16][21, 5, 15, 10, 27][3, 11, 25][11, 14, 24][23, 20, 24][25, 28][3, 4][6, 10][11, 17][0, 28] 
[9, 1, 4, 7, 2, 29][22, 17, 12, 19, 8, 26][0, 18, 13, 6, 16][21, 5, 15, 10, 27][3, 11, 25][11, 14, 24][23, 20, 24][25, 28][3, 4][6, 10][11, 17][0, 28] 
[9, 1, 4, 7, 2, 29][22, 17, 12, 19, 8, 26][0, 18, 13, 6, 16][21, 5, 15, 10, 27][3, 11, 25][11, 14, 24][23, 20, 24][25, 28][3, 4][6, 10][11, 17][0, 28] 
[9, 1, 4, 7, 2, 29][22, 17, 12, 19, 8, 26][0, 18, 13, 6, 16][21, 5, 15, 10, 27][3, 11, 25][11, 14, 24][23, 20, 24][25, 28][3, 4][6, 10][11, 17][0, 28] 
[9, 1, 4, 7, 2, 29][22, 17, 12, 19, 8, 26][21, 5, 15, 10, 27][0, 18, 13, 6, 16][3, 11, 25][11, 14, 24][23, 20, 24][6, 10][0, 28][25, 28][3, 4][11, 17] 
[9, 1, 4, 7, 2, 29][16, 6, 13, 18, 0, 28][22, 17, 12, 19, 8, 26][21, 5, 15, 10, 27][11, 14, 24][3, 11, 25][23, 20, 24][3, 4][25, 28][0, 28][6, 10][11, 17] 
[9, 1, 4, 7, 2, 29][16, 6, 13, 18, 0, 28][22, 17, 12, 19, 8, 26][21, 5, 15, 10, 27][11, 14, 24][3, 11, 25][23, 20, 24][3, 4][25, 28][0, 28][6, 10][11, 17] 
[9, 1, 4, 7, 2, 29][16, 6, 13, 18, 0, 28][22, 17, 12, 19, 8, 26][21, 5, 15, 10, 27][11, 14, 24][3, 11, 25][23, 20, 24][3, 4][25, 28][0, 28][6, 10][11, 17] 
[9, 1, 4, 7, 2, 29][16, 6, 13, 18, 0, 28][22, 17, 12, 19, 8, 26][21, 5, 15, 10, 27][11, 14, 24][3, 11, 25][23, 20, 24][3, 4][25, 28][0, 28][6, 10][11, 17] 
[16, 6, 13, 18, 0, 28][9, 1, 4, 7, 2, 29][22, 17, 12, 19, 8, 26][21, 5, 15, 10, 27][3, 11, 25][11, 14, 24][23, 20, 24][25, 28][3, 4][6, 10][11, 17][0, 28] 
[16, 6, 13, 18, 0, 28][9, 1, 4, 7, 2, 29][22, 17, 12, 19, 8, 26][21, 5, 15, 10, 27][23, 3, 11, 25][11, 14, 24][25, 28][0, 28][3, 4][20, 24][6, 10][11, 17] 
[19, 22, 17, 12, 8, 26][9, 1, 4, 7, 2, 29][0, 18, 13, 6, 16][21, 5, 15, 10, 27][3, 11, 25][11, 14, 24][23, 20, 24][0, 28][6, 10][25, 28][11, 17][3, 4] 
[9, 1, 4, 7, 2, 29][19, 22, 17, 12, 8, 26][0, 18, 13, 6, 16][21, 5, 15, 10, 27][3, 11, 25][11, 14, 24][23, 20, 24][6, 10][0, 28][25, 28][3, 4][11, 17] 
[19, 22, 17, 12, 8, 26][9, 1, 4, 7, 2, 29][0, 18, 13, 6, 16][21, 5, 15, 10, 27][3, 11, 25][11, 14, 24][23, 20, 24][0, 28][6, 10][25, 28][11, 17][3, 4] 
[9, 1, 4, 7, 2, 29][19, 22, 17, 12, 8, 26][0, 18, 13, 6, 16][21, 5, 15, 10, 27][23, 20, 24][11, 14, 24][3, 11, 25][25, 28][3, 4][11, 17][0, 28][6, 10] 
[19, 22, 17, 12, 8, 26][9, 1, 4, 7, 2, 29][0, 18, 13, 6, 16][21, 5, 15, 10, 27][3, 11, 25][11, 14, 24][23, 20, 24][0, 28][6, 10][25, 28][11, 17][3, 4] 
[9, 1, 4, 7, 2, 29][22, 17, 12, 19, 8, 26][0, 18, 13, 6, 16][21, 5, 15, 10, 27][3, 11, 25][11, 14, 24][23, 20, 24][25, 28][3, 4][6, 10][11, 17][0, 28] 
[19, 22, 17, 12, 8, 26][9, 1, 4, 7, 2, 29][0, 18, 13, 6, 16][21, 5, 15, 10, 27][3, 11, 25][11, 14, 24][23, 20, 24][0, 28][6, 10][25, 28][11, 17][3, 4] 
