[5, 21, 15, 16, 27, 29][0, 18, 13, 6, 2, 10][20, 24, 1, 9, 23][26, 8, 19, 17, 28][3, 14, 4][7, 25, 22][11, 17, 12][4, 7][7, 27][3, 24][3, 11][18, 22] 
[0, 18, 13, 6, 2, 10][5, 21, 15, 16, 27, 29][20, 24, 1, 9, 23][26, 8, 19, 17, 28][7, 25, 22][3, 14, 4][11, 17, 12][4, 7][3, 24][18, 22][7, 27][11, 25] 
[0, 18, 13, 6, 2, 10][5, 21, 15, 16, 27, 29][20, 24, 1, 9, 23][26, 8, 19, 17, 28][7, 25, 22][3, 14, 4][11, 17, 12][4, 7][18, 22][3, 24][7, 27][11, 25] 
[5, 21, 15, 16, 27, 29][20, 24, 1, 9, 23][26, 8, 19, 17, 28][0, 18, 13, 6][11, 3, 24][3, 14, 4][7, 25, 22][12, 18, 22][7, 27, 10][11, 25][11, 17][2, 10] 
[0, 18, 13, 6, 2, 10][5, 21, 15, 16, 27, 29][26, 8, 19, 17, 28][20, 24, 1, 9, 23][11, 17, 12][3, 14, 4][12, 22, 25][3, 11][3, 24][4, 7][18, 22][7, 27] 
[5, 21, 15, 16, 27, 29][0, 18, 13, 6, 2, 10][26, 8, 19, 17, 28][20, 24, 1, 9, 23][11, 17, 12][3, 14, 4][12, 22, 25][3, 11][3, 24][4, 7][7, 27][18, 22] 
[0, 18, 13, 6, 2, 10][5, 21, 15, 16, 27, 29][20, 24, 1, 9, 23][26, 8, 19, 17, 28][7, 25, 22][3, 14, 4][11, 17, 12][4, 7][3, 24][18, 22][7, 27][11, 25] 
[5, 21, 15, 16, 27, 29][0, 18, 13, 6, 2, 10][26, 8, 19, 17, 28][20, 24, 1, 9, 23][11, 17, 12][3, 14, 4][12, 22, 25][3, 11][3, 24][4, 7][7, 27][18, 22] 
[5, 21, 15, 16, 27, 29][0, 18, 13, 6, 2, 10][20, 24, 1, 9, 23][26, 8, 19, 17, 28][3, 14, 4][11, 17, 12][12, 22, 25][3, 24][4, 7][7, 27][3, 11][18, 22] 
[5, 21, 15, 16, 27, 29][0, 18, 13, 6, 2, 10][20, 24, 1, 9, 23][26, 8, 19, 17, 28][3, 14, 4][11, 17, 12][12, 22, 25][3, 24][4, 7][7, 27][3, 11][18, 22] 
[5, 21, 15, 16, 27, 29][0, 18, 13, 6, 2, 10][20, 24, 1, 9, 23][26, 8, 19, 17, 28][3, 14, 4][7, 25, 22][11, 17, 12][4, 7][7, 27][3, 24][3, 11][18, 22] 
[0, 18, 13, 6, 2, 10][5, 21, 15, 16, 27, 29][20, 24, 1, 9, 23][26, 8, 19, 17, 28][7, 25, 22][3, 14, 4][11, 17, 12][4, 7][3, 24][18, 22][7, 27][11, 25] 
[0, 18, 13, 6, 2, 10][5, 21, 15, 16, 27, 29][20, 24, 1, 9, 23][26, 8, 19, 17, 28][7, 25, 22][3, 14, 4][11, 17, 12][4, 7][18, 22][3, 24][7, 27][11, 25] 
[5, 21, 15, 16, 27, 29][0, 18, 13, 6, 2, 10][26, 8, 19, 17, 28][20, 24, 1, 9, 23][11, 17, 12][3, 14, 4][12, 22, 25][3, 11][3, 24][4, 7][7, 27][18, 22] 
[0, 18, 13, 6, 2, 10][5, 21, 15, 16, 27, 29][26, 8, 19, 17, 28][20, 24, 1, 9, 23][12, 22, 25][11, 17, 12][3, 14, 4][18, 22][3, 11][3, 24][4, 7][7, 27] 
[5, 21, 15, 16, 27, 29][0, 18, 13, 6, 2, 10][26, 8, 19, 17, 28][20, 24, 1, 9, 23][11, 17, 12][3, 14, 4][12, 22, 25][3, 11][3, 24][4, 7][7, 27][18, 22] 
[0, 18, 13, 6, 2, 10][5, 21, 15, 16, 27, 29][20, 24, 1, 9, 23][26, 8, 19, 17, 28][3, 14, 4][7, 25, 22][11, 17, 12][3, 24][4, 7][18, 22][7, 27][3, 11] 
[0, 18, 13, 6, 2, 10][5, 21, 15, 16, 27, 29][20, 24, 1, 9, 23][26, 8, 19, 17, 28][7, 25, 22][3, 14, 4][11, 17, 12][4, 7][3, 24][18, 22][7, 27][11, 25] 
[0, 18, 13, 6, 2, 10][5, 21, 15, 16, 27, 29][26, 8, 19, 17, 28][20, 24, 1, 9, 23][11, 17, 12][12, 22, 25][3, 14, 4][3, 11][18, 22][4, 7][3, 24][7, 27] 
[0, 18, 13, 6, 2, 10][5, 21, 15, 16, 27, 29][20, 24, 1, 9, 23][26, 8, 19, 17, 28][3, 14, 4][7, 25, 22][11, 17, 12][3, 24][4, 7][18, 22][7, 27][3, 11] 
[5, 21, 15, 16, 27, 29][0, 18, 13, 6, 2, 10][20, 24, 1, 9, 23][26, 8, 19, 17, 28][3, 14, 4][7, 25, 22][11, 17, 12][3, 24][4, 7][7, 27][3, 11][18, 22] 
[0, 18, 13, 6, 2, 10][5, 21, 15, 16, 27, 29][20, 24, 1, 9, 23][26, 8, 19, 17, 28][7, 25, 22][3, 14, 4][11, 17, 12][4, 7][18, 22][3, 24][7, 27][11, 25] 
[5, 21, 15, 16, 27, 29][0, 18, 13, 6, 2, 10][26, 8, 19, 17, 28][20, 24, 1, 9, 23][7, 25, 22][11, 17, 12][3, 14, 4][11, 25][7, 27][4, 7][18, 22][3, 24] 
[0, 18, 13, 6, 2, 10][5, 21, 15, 16, 27, 29][26, 8, 19, 17, 28][20, 24, 1, 9, 23][11, 17, 12][3, 14, 4][12, 22, 25][3, 11][3, 24][4, 7][18, 22][7, 27] 
[0, 18, 13, 6, 2, 10][5, 21, 15, 16, 27, 29][26, 8, 19, 17, 28][20, 24, 1, 9, 23][11, 17, 12][3, 14, 4][12, 22, 25][3, 11][3, 24][4, 7][18, 22][7, 27] 
[5, 21, 15, 16, 27, 29][0, 18, 13, 6, 2, 10][26, 8, 19, 17, 28][20, 24, 1, 9, 23][11, 17, 12][3, 14, 4][12, 22, 25][3, 11][3, 24][4, 7][7, 27][18, 22] 
[0, 18, 13, 6, 2, 10][5, 21, 15, 16, 27, 29][20, 24, 1, 9, 23][26, 8, 19, 17, 28][3, 14, 4][7, 25, 22][11, 17, 12][3, 24][4, 7][18, 22][7, 27][3, 11] 
[0, 18, 13, 6, 2, 10][5, 21, 15, 16, 27, 29][20, 24, 1, 9, 23][26, 8, 19, 17, 28][7, 25, 22][3, 14, 4][11, 17, 12][4, 7][3, 24][18, 22][7, 27][11, 25] 
[0, 18, 13, 6, 2, 10][5, 21, 15, 16, 27, 29][26, 8, 19, 17, 28][20, 24, 1, 9, 23][11, 17, 12][12, 22, 25][3, 14, 4][3, 11][18, 22][4, 7][3, 24][7, 27] 
[0, 18, 13, 6, 2, 10][5, 21, 15, 16, 27, 29][20, 24, 1, 9, 23][26, 8, 19, 17, 28][3, 14, 4][7, 25, 22][11, 17, 12][3, 24][4, 7][18, 22][7, 27][3, 11] 
[0, 18, 13, 6, 2, 10][5, 21, 15, 16, 27, 29][20, 24, 1, 9, 23][26, 8, 19, 17, 28][3, 14, 4][7, 25, 22][11, 17, 12][3, 24][4, 7][18, 22][7, 27][3, 11] 
[0, 18, 13, 6, 2, 10][5, 21, 15, 16, 27, 29][20, 24, 1, 9, 23][26, 8, 19, 17, 28][7, 25, 22][3, 14, 4][11, 17, 12][4, 7][18, 22][7, 27][3, 24][11, 25] 
[0, 18, 13, 6, 2, 10][5, 21, 15, 16, 27, 29][26, 8, 19, 17, 28][20, 24, 1, 9, 23][11, 17, 12][3, 14, 4][12, 22, 25][3, 11][3, 24][4, 7][18, 22][7, 27] 
[0, 18, 13, 6, 2, 10][5, 21, 15, 16, 27, 29][20, 24, 1, 9, 23][26, 8, 19, 17, 28][3, 14, 4][7, 25, 22][11, 17, 12][3, 24][4, 7][18, 22][7, 27][3, 11] 
[0, 18, 13, 6, 2, 10][5, 21, 15, 16, 27, 29][20, 24, 1, 9, 23][26, 8, 19, 17, 28][3, 14, 4][7, 25, 22][11, 17, 12][3, 24][4, 7][18, 22][7, 27][3, 11] 
[9, 14, 24, 4, 3, 11, 25, 28, 0, 26, 8, 19][17, 0, 13, 6, 5, 21, 2, 15, 27, 16, 10, 29][12, 18, 22][23, 20, 24][22, 25][1, 24][7, 28][11, 25][0, 13][8, 26][11, 25][4, 14] 
[9, 14, 24, 4, 3, 11, 25, 28, 0, 26, 8, 19][17, 0, 13, 6, 5, 21, 2, 15, 27, 16, 10, 29][12, 18, 22][23, 20, 24][22, 25][1, 24][7, 28][11, 25][0, 13][8, 26][11, 25][4, 14] 
[9, 14, 24, 4, 3, 11, 25, 28, 0, 26, 8, 19][17, 0, 13, 6, 5, 21, 2, 15, 27, 16, 10, 29][12, 18, 22][23, 20, 24][22, 25][1, 24][7, 28][11, 25][0, 13][8, 26][11, 25][4, 14] 
[9, 14, 24, 3, 11, 25, 28, 0, 26, 8, 19][17, 0, 13, 6, 5, 15, 16, 10, 29][21, 2, 27, 7, 28][12, 18, 22][23, 20, 24][22, 25][1, 24][11, 25][0, 13][8, 26][11, 25][4, 14] 
[9, 14, 24, 3, 11, 25, 28, 0, 26, 8, 19][17, 0, 13, 6, 5, 15, 16, 10, 29][21, 2, 27, 7, 28][12, 18, 22][23, 20, 24][22, 25][1, 24][11, 25][0, 13][8, 26][11, 25][4, 14] 
[9, 14, 24, 4, 3, 11, 25, 28, 0, 26, 8, 19][13, 6, 5, 21, 2, 15, 27, 16, 10, 29][10, 7, 25, 22, 12][23, 20, 24][8, 26][11, 25][3, 24][4, 14][1, 24][18, 22][4, 14][0, 17] 
[9, 14, 24, 4, 3, 11, 25, 28, 0, 26, 8, 19][17, 0, 13, 6, 5, 21, 2, 15, 27, 16, 10, 29][12, 18, 22][23, 20, 24][22, 25][1, 24][7, 28][11, 25][0, 13][8, 26][11, 25][4, 14] 
[9, 14, 24, 4, 3, 11, 25, 28, 0, 26, 8, 19][17, 0, 13, 6, 5, 21, 2, 15, 27, 16, 10, 29][12, 18, 22][23, 20, 24][22, 25][1, 24][7, 28][11, 25][0, 13][8, 26][11, 25][4, 14] 
[9, 14, 24, 3, 11, 25, 28, 0, 26, 8, 19][17, 0, 13, 6, 5, 15, 16, 10, 29][21, 2, 27, 7, 28][12, 18, 22][23, 20, 24][22, 25][1, 24][11, 25][0, 13][8, 26][11, 25][4, 14] 
[9, 14, 24, 4, 3, 11, 25, 28, 0, 26, 8, 19][17, 0, 13, 6, 5, 21, 2, 15, 27, 16, 10, 29][12, 18, 22][23, 20, 24][22, 25][1, 24][7, 28][11, 25][0, 13][8, 26][11, 25][4, 14] 
[9, 14, 24, 4, 3, 11, 25, 28, 0, 26, 8, 19][17, 0, 13, 6, 5, 21, 2, 15, 27, 16, 10, 29][12, 18, 22][23, 20, 24][22, 25][1, 24][7, 28][11, 25][0, 13][8, 26][11, 25][4, 14] 
[9, 14, 24, 4, 3, 11, 25, 28, 0, 26, 8, 19][17, 0, 13, 6, 5, 21, 2, 15, 27, 16, 10, 29][12, 18, 22][23, 20, 24][22, 25][1, 24][7, 28][11, 25][0, 13][8, 26][11, 25][4, 14] 
[9, 14, 24, 3, 11, 25, 28, 0, 26, 8, 19][17, 0, 13, 6, 5, 15, 16, 10, 29][21, 2, 27, 7, 28][12, 18, 22][23, 20, 24][22, 25][1, 24][11, 25][0, 13][8, 26][11, 25][4, 14] 
[9, 14, 24, 4, 3, 11, 25, 28, 0, 26, 8, 19][17, 0, 13, 6, 5, 21, 2, 15, 27, 16, 10, 29][12, 18, 22][23, 20, 24][22, 25][1, 24][7, 28][11, 25][0, 13][8, 26][11, 25][4, 14] 
[9, 14, 24, 4, 3, 11, 25, 28, 0, 26, 8, 19][17, 0, 13, 6, 5, 21, 2, 15, 27, 16, 10, 29][12, 18, 22][23, 20, 24][22, 25][1, 24][7, 28][11, 25][0, 13][8, 26][11, 25][4, 14] 
[9, 23, 14, 24, 4, 3, 11, 25, 28, 0, 26, 8, 19][12, 17, 0, 13, 6, 5, 21, 2, 15, 27, 16, 10, 29][11, 25][20, 24][17, 18][22, 25][7, 28][1, 3][8, 26][11, 25][11, 25][11, 25] 
[9, 23, 14, 24, 4, 3, 11, 25, 28, 0, 26, 8, 19][12, 17, 0, 13, 6, 5, 21, 2, 15, 27, 16, 10, 29][11, 25][20, 24][17, 18][22, 25][7, 28][1, 3][8, 26][11, 25][11, 25][11, 25] 
[9, 14, 24, 4, 3, 11, 25, 28, 0, 26, 8, 19][17, 0, 13, 6, 5, 21, 2, 15, 27, 16, 10, 29][21, 2, 27, 7, 28][12, 18, 22][23, 20, 24][22, 25][1, 24][11, 25][0, 13][8, 26][11, 25][4, 14] 
[9, 23, 14, 24, 4, 3, 11, 25, 28, 0, 26, 8, 19][12, 17, 0, 13, 6, 5, 21, 2, 15, 27, 16, 10, 29][11, 25][20, 24][17, 18][22, 25][7, 28][1, 3][8, 26][11, 25][11, 25][11, 25] 
[9, 23, 14, 24, 4, 3, 11, 25, 28, 0, 26, 8, 19][12, 17, 0, 13, 6, 5, 21, 2, 15, 27, 16, 10, 29][11, 25][20, 24][17, 18][22, 25][7, 28][1, 3][8, 26][11, 25][11, 25][11, 25] 
[1, 9, 23, 14, 24, 4, 3, 11, 25, 28, 0, 26, 8, 19, 22][12, 17, 0, 13, 6, 5, 21, 2, 15, 27, 16, 10, 29][11, 25][20, 24][17, 18][22, 25][7, 28][1, 3][8, 26][11, 25][11, 25][11, 25] 
[0, 18, 13, 6, 2, 10][5, 21, 15, 16, 27, 29][20, 24, 1, 9, 23][26, 8, 19, 17, 28][3, 14, 4][11, 17, 12][12, 22, 25][3, 11][4, 7][18, 22][7, 27][3, 24] 
[0, 18, 13, 6, 2, 10][5, 21, 15, 16, 27, 29][26, 8, 19, 17, 28][20, 24, 1, 9, 23][12, 22, 25][11, 17, 12][3, 14, 4][18, 22][3, 11][3, 24][4, 7][7, 27] 
[0, 18, 13, 6, 2, 10][5, 21, 15, 16, 27, 29][26, 8, 19, 17, 28][20, 24, 1, 9, 23][11, 17, 12][3, 14, 4][12, 22, 25][3, 11][3, 24][4, 7][18, 22][7, 27] 
[0, 18, 13, 6, 2, 10][5, 21, 15, 16, 27, 29][26, 8, 19, 17, 28][20, 24, 1, 9, 23][12, 22, 25][11, 17, 12][3, 14, 4][18, 22][3, 11][3, 24][4, 7][7, 27] 
[0, 18, 13, 6, 2, 10][5, 21, 15, 16, 27, 29][26, 8, 19, 17, 28][20, 24, 1, 9, 23][11, 17, 12][3, 14, 4][12, 22, 25][3, 11][3, 24][4, 7][18, 22][7, 27] 
[5, 21, 15, 16, 27, 29][0, 18, 13, 6, 2, 10][26, 8, 19, 17, 28][20, 24, 1, 9, 23][11, 17, 12][3, 14, 4][12, 22, 25][3, 11][3, 24][4, 7][7, 27][18, 22] 
[5, 21, 15, 16, 27, 29][0, 18, 13, 6, 2, 10][20, 24, 1, 9, 23][26, 8, 19, 17, 28][3, 14, 4][11, 17, 12][12, 22, 25][3, 24][4, 7][3, 11][7, 27][18, 22] 
[5, 21, 15, 16, 27, 29][0, 18, 13, 6, 2, 10][20, 24, 1, 9, 23][26, 8, 19, 17, 28][3, 14, 4][11, 17, 12][12, 22, 25][3, 24][4, 7][3, 11][7, 27][18, 22] 
[0, 18, 13, 6, 2, 10][5, 21, 15, 16, 27, 29][26, 8, 19, 17, 28][20, 24, 1, 9, 23][11, 17, 12][3, 14, 4][12, 22, 25][3, 11][3, 24][4, 7][18, 22][7, 27] 
[0, 18, 13, 6, 2, 10][5, 21, 15, 16, 27, 29][26, 8, 19, 17, 28][20, 24, 1, 9, 23][11, 17, 12][3, 14, 4][12, 22, 25][3, 11][3, 24][4, 7][18, 22][7, 27] 
[0, 18, 13, 6, 2, 10][5, 21, 15, 16, 27, 29][26, 8, 19, 17, 28][20, 24, 1, 9, 23][11, 17, 12][3, 14, 4][12, 22, 25][3, 11][3, 24][4, 7][18, 22][7, 27] 
[5, 21, 15, 16, 27, 29][0, 18, 13, 6, 2, 10][20, 24, 1, 9, 23][26, 8, 19, 17, 28][3, 14, 4][11, 17, 12][12, 22, 25][3, 24][4, 7][3, 11][7, 27][18, 22] 
[5, 21, 15, 16, 27, 29][0, 18, 13, 6, 2, 10][26, 8, 19, 17, 28][20, 24, 1, 9, 23][11, 17, 12][3, 14, 4][12, 22, 25][3, 11][3, 24][4, 7][7, 27][18, 22] 
[0, 18, 13, 6, 2, 10][5, 21, 15, 16, 27, 29][26, 8, 19, 17, 28][20, 24, 1, 9, 23][11, 17, 12][3, 14, 4][12, 22, 25][3, 11][3, 24][4, 7][18, 22][7, 27] 
[5, 21, 15, 16, 27, 29][0, 18, 13, 6, 2, 10][26, 8, 19, 17, 28][20, 24, 1, 9, 23][11, 17, 12][3, 14, 4][12, 22, 25][3, 11][3, 24][4, 7][7, 27][18, 22] 
[0, 18, 13, 6, 2, 10][5, 21, 15, 16, 27, 29][20, 24, 1, 9, 23][26, 8, 19, 17, 28][3, 14, 4][7, 25, 22][11, 17, 12][3, 24][4, 7][18, 22][7, 27][3, 11] 
[0, 18, 13, 6, 2, 10][5, 21, 15, 16, 27, 29][20, 24, 1, 9, 23][26, 8, 19, 17, 28][7, 25, 22][3, 14, 4][11, 17, 12][4, 7][18, 22][7, 27][3, 24][3, 11] 
[0, 18, 13, 6, 2, 10][5, 21, 15, 16, 27, 29][20, 24, 1, 9, 23][26, 8, 19, 17, 28][3, 14, 4][7, 25, 22][11, 17, 12][3, 24][4, 7][18, 22][7, 27][3, 11] 
[0, 18, 13, 6, 2, 10][5, 21, 15, 16, 27, 29][20, 24, 1, 9, 23][26, 8, 19, 17, 28][3, 14, 4][7, 25, 22][11, 17, 12][3, 24][4, 7][18, 22][7, 27][3, 11] 
[0, 18, 13, 6, 2, 10][5, 21, 15, 16, 27, 29][20, 24, 1, 9, 23][26, 8, 19, 17, 28][3, 14, 4][7, 25, 22][11, 17, 12][3, 24][4, 7][18, 22][7, 27][3, 11] 
[5, 21, 15, 16, 27, 29][0, 18, 13, 6, 2, 10][20, 24, 1, 9, 23][26, 8, 19, 17, 28][12, 22, 25][3, 14, 4][11, 3, 24][7, 25][7, 27][4, 7][11, 17][18, 22] 
[5, 21, 15, 16, 27, 29][0, 18, 13, 6, 2, 10][26, 8, 19, 17, 28][20, 24, 1, 9, 23][11, 17, 12][3, 14, 4][12, 22, 25][3, 11][3, 24][4, 7][7, 27][18, 22] 
[0, 18, 13, 6, 2, 10][5, 21, 15, 16, 27, 29][26, 8, 19, 17, 28][20, 24, 1, 9, 23][11, 17, 12][3, 14, 4][12, 22, 25][3, 11][3, 24][4, 7][18, 22][7, 27] 
[5, 21, 15, 16, 27, 29][0, 18, 13, 6, 2, 10][26, 8, 19, 17, 28][20, 24, 1, 9, 23][11, 17, 12][3, 14, 4][12, 22, 25][3, 11][3, 24][4, 7][7, 27][18, 22] 
[5, 21, 15, 16, 27, 29][0, 18, 13, 6, 2, 10][20, 24, 1, 9, 23][26, 8, 19, 17, 28][3, 14, 4][11, 17, 12][12, 22, 25][3, 24][4, 7][3, 11][7, 27][18, 22] 
[0, 18, 13, 6, 2, 10][5, 21, 15, 16, 27, 29][26, 8, 19, 17, 28][20, 24, 1, 9, 23][12, 22, 25][11, 17, 12][3, 14, 4][18, 22][3, 11][3, 24][4, 7][7, 27] 
[0, 18, 13, 6, 2, 10][5, 21, 15, 16, 27, 29][26, 8, 19, 17, 28][20, 24, 1, 9, 23][12, 22, 25][11, 17, 12][3, 14, 4][18, 22][3, 11][3, 24][4, 7][7, 27] 
[0, 18, 13, 6, 2, 10][5, 21, 15, 16, 27, 29][26, 8, 19, 17, 28][20, 24, 1, 9, 23][11, 17, 12][3, 14, 4][12, 22, 25][3, 11][3, 24][4, 7][18, 22][7, 27] 
[0, 18, 13, 6, 2, 10][5, 21, 15, 16, 27, 29][20, 24, 1, 9, 23][26, 8, 19, 17, 28][3, 14, 4][7, 25, 22][11, 17, 12][3, 24][4, 7][18, 22][7, 27][3, 11] 
[0, 18, 13, 6, 2, 10][5, 21, 15, 16, 27, 29][20, 24, 1, 9, 23][26, 8, 19, 17, 28][7, 25, 22][3, 14, 4][11, 17, 12][4, 7][18, 22][7, 27][3, 24][3, 11] 
[0, 18, 13, 6, 2, 10][5, 21, 15, 16, 27, 29][20, 24, 1, 9, 23][26, 8, 19, 17, 28][3, 14, 4][7, 25, 22][11, 17, 12][3, 24][4, 7][18, 22][7, 27][3, 11] 
[0, 18, 13, 6, 2, 10][5, 21, 15, 16, 27, 29][20, 24, 1, 9, 23][26, 8, 19, 17, 28][3, 14, 4][7, 25, 22][11, 17, 12][3, 24][4, 7][18, 22][7, 27][3, 11] 
[0, 18, 13, 6, 2, 10][5, 21, 15, 16, 27, 29][20, 24, 1, 9, 23][26, 8, 19, 17, 28][3, 14, 4][7, 25, 22][11, 17, 12][3, 24][4, 7][18, 22][7, 27][3, 11] 
[0, 18, 13, 6, 2, 10][5, 21, 15, 16, 27, 29][26, 8, 19, 17, 28][20, 24, 1, 9, 23][7, 25, 22][3, 14, 4][11, 17, 12][18, 22][7, 27][4, 7][3, 11][3, 24] 
[0, 18, 13, 6, 2, 10][5, 21, 15, 16, 27, 29][20, 24, 1, 9, 23][26, 8, 19, 17, 28][3, 14, 4][7, 25, 22][11, 17, 12][3, 24][4, 7][18, 22][7, 27][3, 11] 
[5, 21, 15, 16, 27, 29][0, 18, 13, 6, 2, 10][20, 24, 1, 9, 23][26, 8, 19, 17, 28][3, 14, 4][7, 25, 22][11, 17, 12][4, 7][7, 27][3, 24][3, 11][18, 22] 
[0, 18, 13, 6, 2, 10][5, 21, 15, 16, 27, 29][20, 24, 1, 9, 23][26, 8, 19, 17, 28][3, 14, 4][7, 25, 22][11, 17, 12][3, 24][4, 7][18, 22][7, 27][3, 11] 
[0, 18, 13, 6, 2, 10][5, 21, 15, 16, 27, 29][20, 24, 1, 9, 23][26, 8, 19, 17, 28][3, 14, 4][7, 25, 22][11, 17, 12][3, 24][4, 7][18, 22][7, 27][3, 11] 
[0, 18, 13, 6, 2, 10][5, 21, 15, 16, 27, 29][20, 24, 1, 9, 23][26, 8, 19, 17, 28][3, 14, 4][7, 25, 22][11, 17, 12][3, 24][4, 7][18, 22][7, 27][3, 11] 
[0, 18, 13, 6, 2, 10][5, 21, 15, 16, 27, 29][20, 24, 1, 9, 23][26, 8, 19, 17, 28][3, 14, 4][7, 25, 22][11, 17, 12][3, 24][4, 7][18, 22][7, 27][3, 11] 
[0, 18, 13, 6, 2, 10][5, 21, 15, 16, 27, 29][20, 24, 1, 9, 23][26, 8, 19, 17, 28][3, 14, 4][7, 25, 22][11, 17, 12][3, 24][4, 7][18, 22][7, 27][3, 11] 
[0, 18, 13, 6, 2, 10][5, 21, 15, 16, 27, 29][20, 24, 1, 9, 23][26, 8, 19, 17, 28][3, 14, 4][7, 25, 22][11, 17, 12][3, 24][4, 7][18, 22][7, 27][3, 11] 
[0, 18, 13, 6, 2, 10][5, 21, 15, 16, 27, 29][20, 24, 1, 9, 23][26, 8, 19, 17, 28][3, 14, 4][7, 25, 22][11, 17, 12][3, 24][4, 7][18, 22][7, 27][3, 11] 
[0, 18, 13, 6, 2, 10][5, 21, 15, 16, 27, 29][26, 8, 19, 17, 28][20, 24, 1, 9, 23][12, 22, 25][11, 17, 12][3, 14, 4][11, 3, 24][18, 22][3, 11][4, 7][7, 27] 
[0, 18, 13, 6, 2, 10][5, 21, 15, 16, 27, 29][26, 8, 19, 17, 28][20, 24, 1, 9, 23][12, 22, 25][11, 17, 12][3, 14, 4][11, 3, 24][18, 22][3, 11][4, 7][7, 27] 
[0, 18, 13, 6, 2, 10][5, 21, 15, 16, 27, 29][26, 8, 19, 17, 28][20, 24, 1, 9, 23][12, 22, 25][11, 17, 12][3, 14, 4][11, 3, 24][18, 22][3, 11][4, 7][7, 27] 
[0, 18, 13, 6, 2, 10][5, 21, 15, 16, 27, 29][26, 8, 19, 17, 28][20, 24, 1, 9, 23][12, 22, 25][11, 17, 12][3, 14, 4][11, 3, 24][18, 22][3, 11][4, 7][7, 27] 
[0, 18, 13, 6, 2, 10][5, 21, 15, 16, 27, 29][26, 8, 19, 17, 28][20, 24, 1, 9, 23][12, 22, 25][11, 17, 12][3, 14, 4][11, 3, 24][18, 22][3, 11][4, 7][7, 27] 
[5, 21, 15, 16, 27, 29][26, 8, 19, 17, 28][20, 24, 1, 9, 23][10, 7, 25, 22, 12][0, 18, 13, 6, 2][11, 3, 24][3, 14, 4][11, 17][4, 7][7, 25][2, 10][7, 27] 
[0, 18, 13, 6, 2, 10][5, 21, 15, 16, 27, 29][26, 8, 19, 17, 28][20, 24, 1, 9, 23][11, 17, 12][3, 14, 4][12, 22, 25][3, 11][3, 24][4, 7][18, 22][7, 27] 
[0, 18, 13, 6, 2, 10][5, 21, 15, 16, 27, 29][26, 8, 19, 17, 28][20, 24, 1, 9, 23][12, 22, 25][11, 17, 12][3, 14, 4][18, 22][3, 11][3, 24][4, 7][7, 27] 
[0, 18, 13, 6, 2, 10][5, 21, 15, 16, 27, 29][26, 8, 19, 17, 28][20, 24, 1, 9, 23][11, 17, 12][3, 14, 4][12, 22, 25][3, 11][3, 24][4, 7][18, 22][7, 27] 
[0, 18, 13, 6, 2, 10][5, 21, 15, 16, 27, 29][26, 8, 19, 17, 28][20, 24, 1, 9, 23][12, 22, 25][11, 17, 12][3, 14, 4][18, 22][3, 11][3, 24][4, 7][7, 27] 
[5, 21, 15, 16, 27, 29][0, 18, 13, 6, 2, 10][26, 8, 19, 17, 28][20, 24, 1, 9, 23][11, 17, 12][3, 14, 4][12, 22, 25][3, 11][3, 24][4, 7][7, 27][18, 22] 
[0, 18, 13, 6, 2, 10][5, 21, 15, 16, 27, 29][20, 24, 1, 9, 23][26, 8, 19, 17, 28][7, 25, 22][3, 14, 4][11, 17, 12][4, 7][18, 22][7, 27][3, 24][3, 11] 
[0, 18, 13, 6, 2, 10][5, 21, 15, 16, 27, 29][26, 8, 19, 17, 28][20, 24, 1, 9, 23][12, 22, 25][11, 17, 12][3, 14, 4][18, 22][3, 11][3, 24][4, 7][7, 27] 
