[4, 24, 20, 23, 1, 3, 9][14, 11, 25, 0, 19][6, 13, 18, 22, 17][5, 21, 2, 29, 27][7, 16, 15, 10][12, 8, 26][14, 24][0, 22][12, 22][0, 28][7, 28][2, 15] 
[4, 24, 20, 23, 1, 3, 9][14, 11, 25, 0, 19][6, 13, 18, 22, 17][5, 21, 2, 29, 27][7, 16, 15, 10][12, 8, 26][14, 24][0, 22][12, 22][0, 28][7, 28][2, 15] 
[4, 24, 20, 23, 1, 3, 9][6, 13, 18, 22, 17][14, 11, 25, 0, 19][5, 21, 2, 29, 27][7, 16, 15, 10][12, 8, 26][12, 22][0, 22][14, 24][0, 28][7, 28][2, 15] 
[4, 24, 20, 23, 1, 3, 9][6, 13, 18, 22, 17][14, 11, 25, 0, 19][5, 21, 2, 29, 27][7, 16, 15, 10][12, 8, 26][12, 22][0, 22][14, 24][0, 28][7, 28][2, 15] 
[4, 24, 20, 23, 1, 3, 9][6, 13, 18, 22, 17][14, 11, 25, 0, 19][5, 21, 2, 29, 27][7, 16, 15, 10][12, 8, 26][12, 22][0, 26][0, 28][7, 28][14, 24][2, 15] 
[4, 24, 20, 23, 1, 3, 9][14, 11, 25, 0, 19][6, 13, 18, 22, 17][5, 21, 2, 29, 27][7, 16, 15, 10][12, 8, 26][0, 28][7, 28][14, 24][0, 26][12, 22][2, 15] 
[4, 24, 20, 23, 1, 3, 9][14, 11, 25, 0, 19][6, 13, 18, 22, 17][5, 21, 2, 29, 27][7, 16, 15, 10][12, 8, 26][0, 28][7, 28][14, 24][0, 26][12, 22][2, 15] 
[4, 24, 20, 23, 1, 3, 9][14, 11, 25, 0, 19][6, 13, 18, 22, 17][5, 21, 2, 29, 27][7, 16, 15, 10][12, 8, 26][0, 28][7, 28][14, 24][0, 26][12, 22][2, 15] 
[4, 24, 20, 23, 1, 3, 9][14, 11, 25, 0, 19][6, 13, 18, 22, 17][5, 21, 2, 29, 27][7, 16, 15, 10][12, 8, 26][0, 28][7, 28][14, 24][0, 26][12, 22][2, 15] 
[4, 24, 20, 23, 1, 3, 9][14, 11, 25, 0, 19][6, 13, 18, 22, 17][5, 21, 2, 29, 27][7, 16, 15, 10][12, 8, 26][0, 28][7, 28][14, 24][0, 26][12, 22][2, 15] 
[4, 24, 20, 23, 1, 3, 9][5, 21, 2, 29, 27][14, 11, 25, 0, 19][6, 13, 18, 22, 17][7, 16, 15, 10][12, 8, 26][2, 15][7, 28][0, 28][14, 24][0, 22][12, 22] 
[4, 24, 20, 23, 1, 3, 9][6, 13, 18, 22, 17][14, 11, 25, 0, 19][5, 21, 2, 29, 27][7, 16, 15, 10][12, 8, 26][12, 22][0, 22][14, 24][0, 28][7, 28][2, 15] 
[4, 24, 20, 23, 1, 3, 9][6, 13, 18, 22, 17][14, 11, 25, 0, 19][5, 21, 2, 29, 27][7, 16, 15, 10][12, 8, 26][12, 22][0, 22][14, 24][0, 28][7, 28][2, 15] 
[4, 24, 20, 23, 1, 3, 9][6, 13, 18, 22, 17][14, 11, 25, 0, 19][5, 21, 2, 29, 27][7, 16, 15, 10][12, 8, 26][12, 22][0, 26][0, 28][7, 28][14, 24][2, 15] 
[4, 24, 20, 23, 1, 3, 9][6, 13, 18, 22, 17][14, 11, 25, 0, 19][5, 21, 2, 29, 27][7, 16, 15, 10][12, 8, 26][12, 22][0, 26][0, 28][7, 28][14, 24][2, 15] 
[4, 24, 20, 23, 1, 3, 9][6, 13, 18, 22, 17][14, 11, 25, 0, 19][5, 21, 2, 29, 27][7, 16, 15, 10][12, 8, 26][12, 22][0, 26][0, 28][7, 28][14, 24][2, 15] 
[4, 24, 20, 23, 1, 3, 9][6, 13, 18, 22, 17][14, 11, 25, 0, 19][5, 21, 2, 29, 27][7, 16, 15, 10][12, 8, 26][12, 22][0, 22][14, 24][0, 28][7, 28][2, 15] 
[4, 24, 20, 23, 1, 3, 9][6, 13, 18, 22, 17][14, 11, 25, 0, 19][5, 21, 2, 29, 27][7, 16, 15, 10][12, 8, 26][12, 22][0, 22][14, 24][0, 28][7, 28][2, 15] 
[4, 24, 20, 23, 1, 3, 9][14, 11, 25, 0, 19][5, 21, 2, 29, 27][6, 13, 18, 22, 17][7, 16, 15, 10][12, 8, 26][14, 24][0, 28][0, 26][7, 28][2, 15][12, 22] 
[4, 24, 20, 23, 1, 3, 9][6, 13, 18, 22, 17][14, 11, 25, 0, 19][5, 21, 2, 29, 27][7, 16, 15, 10][12, 8, 26][12, 22][0, 22][14, 24][0, 28][7, 28][2, 15] 
[4, 24, 20, 23, 1, 3, 9][5, 21, 2, 29, 27][14, 11, 25, 0, 19][6, 13, 18, 22, 17][7, 16, 15, 10][12, 8, 26][2, 15][7, 28][0, 28][14, 24][0, 22][12, 22] 
[4, 24, 20, 23, 1, 3, 9][6, 13, 18, 22, 17][14, 11, 25, 0, 19][5, 21, 2, 29, 27][7, 16, 15, 10][12, 8, 26][12, 22][0, 22][14, 24][0, 28][7, 28][2, 15] 
[4, 24, 20, 23, 1, 3, 9][6, 13, 18, 22, 17][14, 11, 25, 0, 19][5, 21, 2, 29, 27][7, 16, 15, 10][12, 8, 26][12, 22][0, 22][14, 24][0, 28][7, 28][2, 15] 
[4, 24, 20, 23, 1, 3, 9][6, 13, 18, 22, 17][14, 11, 25, 0, 19][5, 21, 2, 29, 27][7, 16, 15, 10][12, 8, 26][12, 22][0, 26][0, 28][7, 28][14, 24][2, 15] 
[4, 24, 20, 23, 1, 3, 9][14, 11, 25, 0, 19][6, 13, 18, 22, 17][5, 21, 2, 29, 27][7, 16, 15, 10][12, 8, 26][0, 28][7, 28][14, 24][0, 26][12, 22][2, 15] 
[4, 24, 20, 23, 1, 3, 9][14, 11, 25, 0, 19][6, 13, 18, 22, 17][5, 21, 2, 29, 27][7, 16, 15, 10][12, 8, 26][0, 28][7, 28][14, 24][0, 26][12, 22][2, 15] 
[4, 24, 20, 23, 1, 3, 9][5, 21, 2, 29, 27][14, 11, 25, 0, 19][6, 13, 18, 22, 17][7, 16, 15, 10][12, 8, 26][2, 15][7, 28][0, 28][14, 24][0, 22][12, 22] 
[4, 24, 20, 23, 1, 3, 9][6, 13, 18, 22, 17][14, 11, 25, 0, 19][5, 21, 2, 29, 27][7, 16, 15, 10][12, 8, 26][12, 22][0, 22][14, 24][0, 28][7, 28][2, 15] 
[4, 24, 20, 23, 1, 3, 9][14, 11, 25, 0, 19][5, 21, 2, 29, 27][6, 13, 18, 22, 17][7, 16, 15, 10][12, 8, 26][14, 24][0, 28][0, 26][7, 28][2, 15][12, 22] 
[4, 24, 20, 23, 1, 3, 9][6, 13, 18, 22, 17][14, 11, 25, 0, 19][5, 21, 2, 29, 27][7, 16, 15, 10][12, 8, 26][12, 22][0, 22][14, 24][0, 28][7, 28][2, 15] 
[4, 24, 20, 23, 1, 3, 9][6, 13, 18, 22, 17][14, 11, 25, 0, 19][5, 21, 2, 29, 27][7, 16, 15, 10][12, 8, 26][12, 22][0, 22][14, 24][0, 28][7, 28][2, 15] 
[4, 24, 20, 23, 1, 3, 9][6, 13, 18, 22, 17][14, 11, 25, 0, 19][5, 21, 2, 29, 27][7, 16, 15, 10][12, 8, 26][12, 22][0, 22][14, 24][0, 28][7, 28][2, 15] 
[4, 24, 20, 23, 1, 3, 9][14, 11, 25, 0, 19][5, 21, 2, 29, 27][6, 13, 18, 22, 17][7, 16, 15, 10][12, 8, 26][14, 24][0, 28][0, 26][7, 28][2, 15][12, 22] 
[4, 24, 20, 23, 1, 3, 9][6, 13, 18, 22, 17][14, 11, 25, 0, 19][5, 21, 2, 29, 27][7, 16, 15, 10][12, 8, 26][12, 22][0, 22][14, 24][0, 28][7, 28][2, 15] 
[4, 24, 20, 23, 1, 3, 9][6, 13, 18, 22, 17][14, 11, 25, 0, 19][5, 21, 2, 29, 27][7, 16, 15, 10][12, 8, 26][12, 22][0, 22][14, 24][0, 28][7, 28][2, 15] 
[4, 7, 28, 17, 12, 8, 26, 0, 13, 6, 16][6, 5, 15, 29, 10, 27, 2, 21][22, 0, 25, 11, 14, 20, 23][3, 9, 1, 24, 14][12, 19, 18, 13][6, 16][2, 21][6, 16][8, 26][8, 26][8, 26][2, 21] 
[4, 7, 28, 17, 12, 8, 26, 0, 13, 6, 16][6, 5, 15, 29, 10, 27, 2, 21][22, 0, 25, 11, 14, 20, 23][3, 9, 1, 24, 14][12, 19, 18, 13][6, 16][2, 21][6, 16][8, 26][8, 26][8, 26][2, 21] 
[4, 7, 28, 17, 12, 8, 26, 0, 13, 6, 16][6, 5, 15, 29, 10, 27, 2, 21][22, 0, 25, 11, 14, 20, 23][3, 9, 1, 24, 14][12, 19, 18, 13][6, 16][2, 21][6, 16][8, 26][8, 26][8, 26][2, 21] 
[4, 7, 28, 17, 12, 8, 26, 0, 13, 6, 16][22, 0, 25, 11, 14, 20, 23][5, 15, 10, 27, 2, 21][6, 15, 29, 2, 21][3, 9, 1, 24, 14][12, 19, 18, 13][8, 26][8, 26][2, 21][8, 26][8, 26][8, 26] 
[4, 7, 28, 17, 12, 8, 26, 0, 13, 6, 16][22, 0, 25, 11, 14, 20, 23][5, 15, 10, 27, 2, 21][6, 15, 29, 2, 21][3, 9, 1, 24, 14][12, 19, 18, 13][8, 26][8, 26][2, 21][8, 26][8, 26][8, 26] 
[4, 7, 28, 17, 12, 8, 26, 0, 13, 6, 16][22, 18, 0, 25, 11, 14, 20, 23][5, 15, 10, 27, 2, 21][3, 9, 1, 24, 14][28, 16, 15, 29][0, 19, 12][2, 21][6, 16][8, 26][8, 26][8, 26][2, 21] 
[4, 7, 28, 17, 12, 8, 26, 0, 13, 6, 16][6, 5, 15, 29, 10, 27, 2, 21][22, 0, 25, 11, 14, 20, 23][3, 9, 1, 24, 14][12, 19, 18, 13][6, 16][2, 21][6, 16][8, 26][8, 26][8, 26][2, 21] 
[4, 7, 28, 17, 12, 8, 26, 0, 13, 6, 16][6, 5, 15, 29, 10, 27, 2, 21][22, 0, 25, 11, 14, 20, 23][3, 9, 1, 24, 14][12, 19, 18, 13][6, 16][2, 21][6, 16][8, 26][8, 26][8, 26][2, 21] 
[4, 7, 28, 17, 12, 8, 26, 0, 13, 6, 16][22, 0, 25, 11, 14, 20, 23][5, 15, 10, 27, 2, 21][6, 15, 29, 2, 21][3, 9, 1, 24, 14][12, 19, 18, 13][8, 26][8, 26][2, 21][8, 26][8, 26][8, 26] 
[4, 7, 28, 17, 12, 8, 26, 0, 13, 6, 16][6, 5, 15, 29, 10, 27, 2, 21][22, 0, 25, 11, 14, 20, 23][3, 9, 1, 24, 14][12, 19, 18, 13][6, 16][2, 21][6, 16][8, 26][8, 26][8, 26][2, 21] 
[4, 7, 28, 17, 12, 8, 26, 0, 13, 6, 16][6, 5, 15, 29, 10, 27, 2, 21][22, 0, 25, 11, 14, 20, 23][3, 9, 1, 24, 14][12, 19, 18, 13][6, 16][2, 21][6, 16][8, 26][8, 26][8, 26][2, 21] 
[4, 7, 28, 17, 12, 8, 26, 0, 13, 6, 16][6, 5, 15, 29, 10, 27, 2, 21][22, 0, 25, 11, 14, 20, 23][3, 9, 1, 24, 14][12, 19, 18, 13][6, 16][2, 21][6, 16][8, 26][8, 26][8, 26][2, 21] 
[4, 7, 28, 17, 12, 8, 26, 0, 13, 6, 16][22, 0, 25, 11, 14, 20, 23][5, 15, 10, 27, 2, 21][6, 15, 29, 2, 21][3, 9, 1, 24, 14][12, 19, 18, 13][8, 26][8, 26][2, 21][8, 26][8, 26][8, 26] 
[4, 7, 28, 17, 12, 8, 26, 0, 13, 6, 16][6, 5, 15, 29, 10, 27, 2, 21][22, 0, 25, 11, 14, 20, 23][3, 9, 1, 24, 14][12, 19, 18, 13][6, 16][2, 21][6, 16][8, 26][8, 26][8, 26][2, 21] 
[4, 7, 28, 17, 12, 8, 26, 0, 13, 6, 16][6, 5, 15, 29, 10, 27, 2, 21][22, 0, 25, 11, 14, 20, 23][3, 9, 1, 24, 14][12, 19, 18, 13][6, 16][2, 21][6, 16][8, 26][8, 26][8, 26][2, 21] 
[4, 7, 28, 17, 12, 8, 26, 0, 13, 6, 16][6, 5, 15, 29, 10, 27, 2, 21][22, 18, 0, 25, 11, 14, 20, 23][3, 9, 1, 24, 14][12, 19][8, 26][8, 26][8, 26][8, 26][6, 16][8, 26][8, 26] 
[4, 7, 28, 17, 12, 8, 26, 0, 13, 6, 16][6, 5, 15, 29, 10, 27, 2, 21][22, 18, 0, 25, 11, 14, 20, 23][3, 9, 1, 24, 14][12, 19][8, 26][8, 26][8, 26][8, 26][6, 16][8, 26][8, 26] 
[4, 7, 28, 17, 12, 8, 26, 0, 13, 6, 16][6, 5, 15, 29, 10, 27, 2, 21][22, 0, 25, 11, 14, 20, 23][3, 9, 1, 24, 14][12, 19, 18, 13][6, 16][2, 21][6, 16][8, 26][8, 26][8, 26][2, 21] 
[4, 7, 28, 17, 12, 8, 26, 0, 13, 6, 16][6, 5, 15, 29, 10, 27, 2, 21][22, 18, 0, 25, 11, 14, 20, 23][3, 9, 1, 24, 14][12, 19][8, 26][8, 26][8, 26][8, 26][6, 16][8, 26][8, 26] 
[4, 7, 28, 17, 12, 8, 26, 0, 13, 6, 16][6, 5, 15, 29, 10, 27, 2, 21][22, 18, 0, 25, 11, 14, 20, 23][3, 9, 1, 24, 14][12, 19][8, 26][8, 26][8, 26][8, 26][6, 16][8, 26][8, 26] 
[4, 7, 28, 17, 12, 8, 26, 0, 13, 6, 16][6, 5, 15, 29, 10, 27, 2, 21][22, 18, 0, 25, 11, 14, 20, 23][3, 9, 1, 24, 14][12, 19][8, 26][8, 26][8, 26][8, 26][6, 16][8, 26][8, 26] 
[4, 24, 20, 23, 1, 3, 9][14, 11, 25, 0, 19][6, 13, 18, 22, 17][5, 21, 2, 29, 27][7, 16, 15, 10][12, 8, 26][0, 28][7, 28][14, 24][0, 26][12, 22][2, 15] 
[4, 24, 20, 23, 1, 3, 9][14, 11, 25, 0, 19][6, 13, 18, 22, 17][5, 21, 2, 29, 27][7, 16, 15, 10][12, 8, 26][0, 28][7, 28][14, 24][0, 26][12, 22][2, 15] 
[4, 24, 20, 23, 1, 3, 9][14, 11, 25, 0, 19][6, 13, 18, 22, 17][5, 21, 2, 29, 27][7, 16, 15, 10][12, 8, 26][0, 28][7, 28][14, 24][0, 26][12, 22][2, 15] 
[4, 24, 20, 23, 1, 3, 9][14, 11, 25, 0, 19][6, 13, 18, 22, 17][5, 21, 2, 29, 27][7, 16, 15, 10][12, 8, 26][0, 28][7, 28][14, 24][0, 26][12, 22][2, 15] 
[4, 24, 20, 23, 1, 3, 9][6, 13, 18, 22, 17][14, 11, 25, 0, 19][5, 21, 2, 29, 27][7, 16, 15, 10][12, 8, 26][12, 22][0, 26][0, 28][7, 28][14, 24][2, 15] 
[4, 24, 20, 23, 1, 3, 9][6, 13, 18, 22, 17][14, 11, 25, 0, 19][5, 21, 2, 29, 27][7, 16, 15, 10][12, 8, 26][12, 22][0, 26][0, 28][7, 28][14, 24][2, 15] 
[4, 24, 20, 23, 1, 3, 9][14, 11, 25, 0, 19][6, 13, 18, 22, 17][5, 21, 2, 29, 27][7, 16, 15, 10][12, 8, 26][0, 28][7, 28][14, 24][0, 26][12, 22][2, 15] 
[4, 24, 20, 23, 1, 3, 9][6, 13, 18, 22, 17][14, 11, 25, 0, 19][5, 21, 2, 29, 27][7, 16, 15, 10][12, 8, 26][12, 22][0, 26][0, 28][7, 28][14, 24][2, 15] 
[4, 24, 20, 23, 1, 3, 9][6, 13, 18, 22, 17][14, 11, 25, 0, 19][5, 21, 2, 29, 27][7, 16, 15, 10][12, 8, 26][12, 22][0, 26][0, 28][7, 28][14, 24][2, 15] 
[4, 24, 20, 23, 1, 3, 9][6, 13, 18, 22, 17][14, 11, 25, 0, 19][5, 21, 2, 29, 27][7, 16, 15, 10][12, 8, 26][12, 22][0, 26][0, 28][7, 28][14, 24][2, 15] 
[4, 24, 20, 23, 1, 3, 9][14, 11, 25, 0, 19][6, 13, 18, 22, 17][5, 21, 2, 29, 27][7, 16, 15, 10][12, 8, 26][0, 28][7, 28][14, 24][0, 26][12, 22][2, 15] 
[4, 24, 20, 23, 1, 3, 9][14, 11, 25, 0, 19][6, 13, 18, 22, 17][5, 21, 2, 29, 27][7, 16, 15, 10][12, 8, 26][0, 28][7, 28][14, 24][0, 26][12, 22][2, 15] 
[4, 24, 20, 23, 1, 3, 9][14, 11, 25, 0, 19][6, 13, 18, 22, 17][5, 21, 2, 29, 27][7, 16, 15, 10][12, 8, 26][14, 24][0, 28][0, 26][7, 28][12, 22][2, 15] 
[4, 24, 20, 23, 1, 3, 9][6, 13, 18, 22, 17][14, 11, 25, 0, 19][5, 21, 2, 29, 27][7, 16, 15, 10][12, 8, 26][12, 22][0, 26][0, 28][7, 28][14, 24][2, 15] 
[4, 24, 20, 23, 1, 3, 9][14, 11, 25, 0, 19][6, 13, 18, 22, 17][5, 21, 2, 29, 27][7, 16, 15, 10][12, 8, 26][0, 26][0, 28][7, 28][12, 22][2, 15][14, 24] 
[4, 24, 20, 23, 1, 3, 9][6, 13, 18, 22, 17][14, 11, 25, 0, 19][5, 21, 2, 29, 27][7, 16, 15, 10][12, 8, 26][12, 22][0, 22][14, 24][0, 28][7, 28][2, 15] 
[4, 24, 20, 23, 1, 3, 9][6, 13, 18, 22, 17][14, 11, 25, 0, 19][5, 21, 2, 29, 27][7, 16, 15, 10][12, 8, 26][12, 22][0, 22][14, 24][0, 28][7, 28][2, 15] 
[4, 24, 20, 23, 1, 3, 9][6, 13, 18, 22, 17][14, 11, 25, 0, 19][5, 21, 2, 29, 27][7, 16, 15, 10][12, 8, 26][12, 22][0, 22][14, 24][0, 28][7, 28][2, 15] 
[4, 24, 20, 23, 1, 3, 9][6, 13, 18, 22, 17][14, 11, 25, 0, 19][5, 21, 2, 29, 27][7, 16, 15, 10][12, 8, 26][12, 22][0, 22][14, 24][0, 28][7, 28][2, 15] 
[4, 24, 20, 23, 1, 3, 9][6, 13, 18, 22, 17][14, 11, 25, 0, 19][5, 21, 2, 29, 27][7, 16, 15, 10][12, 8, 26][12, 22][0, 22][14, 24][0, 28][7, 28][2, 15] 
[4, 24, 20, 23, 1, 3, 9][5, 21, 2, 29, 27][6, 13, 18, 22, 17][14, 11, 25, 0, 19][7, 16, 15, 10][12, 8, 26][2, 15][7, 28][6, 16][0, 22][14, 24][12, 22] 
[4, 24, 20, 23, 1, 3, 9][14, 11, 25, 0, 19][5, 21, 2, 29, 27][6, 13, 18, 22, 17][7, 16, 15, 10][12, 8, 26][14, 24][0, 28][0, 26][7, 28][2, 15][12, 22] 
[4, 24, 20, 23, 1, 3, 9][14, 11, 25, 0, 19][5, 21, 2, 29, 27][6, 13, 18, 22, 17][7, 16, 15, 10][12, 8, 26][14, 24][0, 28][0, 26][7, 28][2, 15][12, 22] 
[4, 24, 20, 23, 1, 3, 9][14, 11, 25, 0, 19][5, 21, 2, 29, 27][6, 13, 18, 22, 17][7, 16, 15, 10][12, 8, 26][14, 24][0, 28][0, 26][7, 28][2, 15][12, 22] 
[4, 24, 20, 23, 1, 3, 9][14, 11, 25, 0, 19][6, 13, 18, 22, 17][5, 21, 2, 29, 27][7, 16, 15, 10][12, 8, 26][0, 26][0, 28][7, 28][12, 22][2, 15][14, 24] 
[4, 24, 20, 23, 1, 3, 9][14, 11, 25, 0, 19][6, 13, 18, 22, 17][5, 21, 2, 29, 27][7, 16, 15, 10][12, 8, 26][0, 28][7, 28][14, 24][0, 26][12, 22][2, 15] 
[4, 24, 20, 23, 1, 3, 9][14, 11, 25, 0, 19][5, 21, 2, 29, 27][6, 13, 18, 22, 17][7, 16, 15, 10][12, 8, 26][14, 24][0, 28][0, 26][7, 28][2, 15][12, 22] 
[4, 24, 20, 23, 1, 3, 9][14, 11, 25, 0, 19][6, 13, 18, 22, 17][5, 21, 2, 29, 27][7, 16, 15, 10][12, 8, 26][0, 26][0, 28][7, 28][12, 22][2, 15][14, 24] 
[4, 24, 20, 23, 1, 3, 9][6, 13, 18, 22, 17][14, 11, 25, 0, 19][5, 21, 2, 29, 27][7, 16, 15, 10][12, 8, 26][12, 22][0, 22][14, 24][0, 28][7, 28][2, 15] 
[4, 24, 20, 23, 1, 3, 9][6, 13, 18, 22, 17][14, 11, 25, 0, 19][5, 21, 2, 29, 27][7, 16, 15, 10][12, 8, 26][12, 22][0, 22][14, 24][0, 28][7, 28][2, 15] 
[4, 24, 20, 23, 1, 3, 9][6, 13, 18, 22, 17][14, 11, 25, 0, 19][5, 21, 2, 29, 27][7, 16, 15, 10][12, 8, 26][12, 22][0, 22][14, 24][0, 28][7, 28][2, 15] 
[4, 24, 20, 23, 1, 3, 9][6, 13, 18, 22, 17][14, 11, 25, 0, 19][5, 21, 2, 29, 27][7, 16, 15, 10][12, 8, 26][12, 22][0, 22][14, 24][0, 28][7, 28][2, 15] 
[4, 24, 20, 23, 1, 3, 9][6, 13, 18, 22, 17][14, 11, 25, 0, 19][5, 21, 2, 29, 27][7, 16, 15, 10][12, 8, 26][12, 22][0, 22][14, 24][0, 28][7, 28][2, 15] 
[4, 24, 20, 23, 1, 3, 9][6, 13, 18, 22, 17][14, 11, 25, 0, 19][5, 21, 2, 29, 27][7, 16, 15, 10][12, 8, 26][12, 22][0, 22][14, 24][0, 28][7, 28][2, 15] 
[4, 24, 20, 23, 1, 3, 9][6, 13, 18, 22, 17][14, 11, 25, 0, 19][5, 21, 2, 29, 27][7, 16, 15, 10][12, 8, 26][12, 22][0, 22][14, 24][0, 28][7, 28][2, 15] 
[4, 24, 20, 23, 1, 3, 9][6, 13, 18, 22, 17][14, 11, 25, 0, 19][5, 21, 2, 29, 27][7, 16, 15, 10][12, 8, 26][12, 22][0, 22][14, 24][0, 28][7, 28][2, 15] 
[4, 24, 20, 23, 1, 3, 9][6, 13, 18, 22, 17][14, 11, 25, 0, 19][5, 21, 2, 29, 27][7, 16, 15, 10][12, 8, 26][12, 22][0, 22][14, 24][0, 28][7, 28][2, 15] 
[4, 24, 20, 23, 1, 3, 9][6, 13, 18, 22, 17][14, 11, 25, 0, 19][5, 21, 2, 29, 27][7, 16, 15, 10][12, 8, 26][12, 22][0, 22][14, 24][0, 28][7, 28][2, 15] 
[4, 24, 20, 23, 1, 3, 9][5, 21, 2, 29, 27][14, 11, 25, 0, 19][6, 13, 18, 22, 17][7, 16, 15, 10][12, 8, 26][2, 15][7, 28][0, 28][14, 24][0, 22][12, 22] 
[4, 24, 20, 23, 1, 3, 9][6, 13, 18, 22, 17][14, 11, 25, 0, 19][5, 21, 2, 29, 27][7, 16, 15, 10][12, 8, 26][12, 22][0, 22][14, 24][0, 28][7, 28][2, 15] 
[4, 24, 20, 23, 1, 3, 9][6, 13, 18, 22, 17][14, 11, 25, 0, 19][5, 21, 2, 29, 27][7, 16, 15, 10][12, 8, 26][12, 22][0, 22][14, 24][0, 28][7, 28][2, 15] 
[4, 24, 20, 23, 1, 3, 9][6, 13, 18, 22, 17][14, 11, 25, 0, 19][5, 21, 2, 29, 27][7, 16, 15, 10][12, 8, 26][12, 22][0, 22][14, 24][0, 28][7, 28][2, 15] 
[4, 24, 20, 23, 1, 3, 9][6, 13, 18, 22, 17][14, 11, 25, 0, 19][5, 21, 2, 29, 27][7, 16, 15, 10][12, 8, 26][12, 22][0, 22][14, 24][0, 28][7, 28][2, 15] 
[4, 24, 20, 23, 1, 3, 9][6, 13, 18, 22, 17][14, 11, 25, 0, 19][5, 21, 2, 29, 27][7, 16, 15, 10][12, 8, 26][12, 22][0, 22][0, 28][14, 24][6, 16][2, 15] 
[4, 24, 20, 23, 1, 3, 9][6, 13, 18, 22, 17][14, 11, 25, 0, 19][5, 21, 2, 29, 27][7, 16, 15, 10][12, 8, 26][12, 22][0, 22][0, 28][14, 24][6, 16][2, 15] 
[4, 24, 20, 23, 1, 3, 9][6, 13, 18, 22, 17][14, 11, 25, 0, 19][5, 21, 2, 29, 27][7, 16, 15, 10][12, 8, 26][12, 22][0, 22][0, 28][14, 24][6, 16][2, 15] 
[4, 24, 20, 23, 1, 3, 9][6, 13, 18, 22, 17][14, 11, 25, 0, 19][5, 21, 2, 29, 27][7, 16, 15, 10][12, 8, 26][12, 22][0, 22][0, 28][14, 24][6, 16][2, 15] 
[4, 24, 20, 23, 1, 3, 9][6, 13, 18, 22, 17][14, 11, 25, 0, 19][5, 21, 2, 29, 27][7, 16, 15, 10][12, 8, 26][12, 22][0, 22][0, 28][14, 24][6, 16][2, 15] 
[4, 24, 20, 23, 1, 3, 9][6, 13, 18, 22, 17][14, 11, 25, 0, 19][5, 21, 2, 29, 27][22, 12, 8, 26][7, 16, 15, 10][13, 18][0, 22][14, 24][0, 28][7, 28][2, 15] 
[4, 24, 20, 23, 1, 3, 9][14, 11, 25, 0, 19][6, 13, 18, 22, 17][5, 21, 2, 29, 27][7, 16, 15, 10][12, 8, 26][0, 28][7, 28][14, 24][0, 26][12, 22][2, 15] 
[4, 24, 20, 23, 1, 3, 9][14, 11, 25, 0, 19][6, 13, 18, 22, 17][5, 21, 2, 29, 27][7, 16, 15, 10][12, 8, 26][0, 28][7, 28][14, 24][0, 26][12, 22][2, 15] 
[4, 24, 20, 23, 1, 3, 9][14, 11, 25, 0, 19][6, 13, 18, 22, 17][5, 21, 2, 29, 27][7, 16, 15, 10][12, 8, 26][0, 28][7, 28][14, 24][0, 26][12, 22][2, 15] 
[4, 24, 20, 23, 1, 3, 9][6, 13, 18, 22, 17][14, 11, 25, 0, 19][5, 21, 2, 29, 27][7, 16, 15, 10][12, 8, 26][12, 22][0, 26][0, 28][7, 28][14, 24][2, 15] 
[4, 24, 20, 23, 1, 3, 9][14, 11, 25, 0, 19][6, 13, 18, 22, 17][5, 21, 2, 29, 27][7, 16, 15, 10][12, 8, 26][0, 28][7, 28][14, 24][0, 26][12, 22][2, 15] 
[4, 24, 20, 23, 1, 3, 9][6, 13, 18, 22, 17][14, 11, 25, 0, 19][5, 21, 2, 29, 27][7, 16, 15, 10][12, 8, 26][12, 22][0, 22][14, 24][0, 28][7, 28][2, 15] 
[4, 24, 20, 23, 1, 3, 9][14, 11, 25, 0, 19][6, 13, 18, 22, 17][5, 21, 2, 29, 27][7, 16, 15, 10][12, 8, 26][14, 24][0, 28][0, 26][7, 28][12, 22][2, 15] 
