[14, 9, 23, 20, 24][21, 5, 15, 29, 27][22, 17, 19, 8, 26][2, 10, 6, 13, 18][4, 7, 25, 11][3, 1, 4][0, 28, 16][12, 17, 28][1, 14][7, 27][7, 16][0, 18] 
[14, 9, 23, 20, 24][21, 5, 15, 29, 27][22, 17, 19, 8, 26][2, 10, 6, 13, 18][4, 7, 25, 11][3, 1, 4][0, 28, 16][12, 17, 28][1, 14][7, 27][7, 16][0, 18] 
[14, 9, 23, 20, 24][21, 5, 15, 29, 27][22, 17, 19, 8, 26][2, 10, 6, 13, 18][4, 7, 25, 11][3, 1, 4][0, 28, 16][12, 17, 28][1, 14][7, 27][7, 16][0, 18] 
[24, 20, 23, 9, 14, 11, 25][22, 17, 19, 8, 26][2, 10, 6, 13, 18][21, 5, 15, 29, 27][0, 28, 16][12, 17, 28][3, 1, 4][7, 16][0, 18][7, 27][4, 7][1, 14] 
[21, 5, 15, 29, 27][22, 17, 19, 8, 26][14, 9, 23, 20, 24][2, 10, 6, 13, 18][4, 7, 25, 11][0, 28, 16][3, 1, 4][12, 17, 28][7, 27][7, 16][11, 14][0, 18] 
[21, 5, 15, 29, 27][22, 17, 19, 8, 26][2, 10, 6, 13, 18][14, 9, 23, 20, 24][4, 7, 25, 11][0, 28, 16][12, 17, 28][3, 1, 4][7, 27][7, 16][0, 18][11, 14] 
[21, 5, 15, 29, 27][22, 17, 19, 8, 26][14, 9, 23, 20, 24][2, 10, 6, 13, 18][4, 7, 25, 11][0, 28, 16][3, 1, 4][12, 17, 28][7, 27][7, 16][11, 14][0, 18] 
[21, 5, 15, 29, 27][22, 17, 19, 8, 26][14, 9, 23, 20, 24][2, 10, 6, 13, 18][4, 7, 25, 11][0, 28, 16][3, 1, 4][12, 17, 28][7, 27][7, 16][11, 14][0, 18] 
[21, 5, 15, 29, 27][22, 17, 19, 8, 26][14, 9, 23, 20, 24][2, 10, 6, 13, 18][4, 7, 25, 11][0, 28, 16][3, 1, 4][12, 17, 28][7, 27][7, 16][11, 14][0, 18] 
[21, 5, 15, 29, 27][22, 17, 19, 8, 26][2, 10, 6, 13, 18][4, 1, 3, 11, 25][14, 9, 23, 20, 24][0, 28, 16][12, 17, 28][7, 27][7, 25][7, 16][0, 18][11, 14] 
[14, 9, 23, 20, 24][21, 5, 15, 29, 27][22, 17, 19, 8, 26][2, 10, 6, 13, 18][4, 7, 25, 11][3, 1, 4][0, 28, 16][12, 17, 28][1, 14][7, 27][7, 16][0, 18] 
[14, 9, 23, 20, 24][21, 5, 15, 29, 27][22, 17, 19, 8, 26][2, 10, 6, 13, 18][4, 7, 25, 11][3, 1, 4][0, 28, 16][12, 17, 28][1, 14][7, 27][7, 16][0, 18] 
[22, 17, 19, 8, 26][2, 10, 6, 13, 18][21, 5, 15, 29, 27][14, 9, 23, 20, 24][4, 7, 25, 11][12, 17, 28][0, 28, 16][3, 1, 4][0, 18][7, 16][7, 27][11, 14] 
[21, 5, 15, 29, 27][22, 17, 19, 8, 26][14, 9, 23, 20, 24][2, 10, 6, 13, 18][4, 7, 25, 11][0, 28, 16][3, 1, 4][12, 17, 28][7, 27][7, 16][11, 14][0, 18] 
[21, 5, 15, 29, 27][22, 17, 19, 8, 26][14, 9, 23, 20, 24][2, 10, 6, 13, 18][4, 7, 25, 11][0, 28, 16][3, 1, 4][12, 17, 28][7, 27][7, 16][11, 14][0, 18] 
[21, 5, 15, 29, 27][22, 17, 19, 8, 26][14, 9, 23, 20, 24][2, 10, 6, 13, 18][4, 7, 25, 11][0, 28, 16][3, 1, 4][12, 17, 28][7, 27][7, 16][11, 14][0, 18] 
[14, 9, 23, 20, 24][21, 5, 15, 29, 27][22, 17, 19, 8, 26][2, 10, 6, 13, 18][4, 7, 25, 11][3, 1, 4][0, 28, 16][12, 17, 28][1, 14][7, 27][7, 16][0, 18] 
[14, 9, 23, 20, 24][21, 5, 15, 29, 27][22, 17, 19, 8, 26][2, 10, 6, 13, 18][4, 7, 25, 11][3, 1, 4][0, 28, 16][12, 17, 28][1, 14][7, 27][7, 16][0, 18] 
[21, 5, 15, 29, 27][22, 17, 19, 8, 26][14, 9, 23, 20, 24][2, 10, 6, 13, 18][4, 7, 25, 11][0, 28, 16][3, 1, 4][12, 17, 28][7, 27][7, 16][11, 14][0, 18] 
[14, 9, 23, 20, 24][21, 5, 15, 29, 27][22, 17, 19, 8, 26][2, 10, 6, 13, 18][4, 7, 25, 11][3, 1, 4][0, 28, 16][12, 17, 28][1, 14][7, 27][7, 16][0, 18] 
[14, 9, 23, 20, 24][21, 5, 15, 29, 27][22, 17, 19, 8, 26][2, 10, 6, 13, 18][4, 7, 25, 11][3, 1, 4][0, 28, 16][12, 17, 28][1, 14][7, 27][7, 16][0, 18] 
[14, 9, 23, 20, 24][21, 5, 15, 29, 27][22, 17, 19, 8, 26][2, 10, 6, 13, 18][4, 7, 25, 11][3, 1, 4][0, 28, 16][12, 17, 28][1, 14][7, 27][7, 16][0, 18] 
[14, 9, 23, 20, 24][21, 5, 15, 29, 27][22, 17, 19, 8, 26][2, 10, 6, 13, 18][4, 7, 25, 11][3, 1, 4][0, 28, 16][12, 17, 28][1, 14][7, 27][7, 16][0, 18] 
[21, 5, 15, 29, 27][22, 17, 19, 8, 26][14, 9, 23, 20, 24][2, 10, 6, 13, 18][4, 7, 25, 11][0, 28, 16][3, 1, 4][12, 17, 28][7, 27][7, 16][11, 14][0, 18] 
[21, 5, 15, 29, 27][22, 17, 19, 8, 26][2, 10, 6, 13, 18][14, 9, 23, 20, 24][4, 7, 25, 11][0, 28, 16][12, 17, 28][3, 1, 4][7, 27][7, 16][0, 18][11, 14] 
[21, 5, 15, 29, 27][22, 17, 19, 8, 26][14, 9, 23, 20, 24][2, 10, 6, 13, 18][4, 7, 25, 11][0, 28, 16][3, 1, 4][12, 17, 28][7, 27][7, 16][11, 14][0, 18] 
[14, 9, 23, 20, 24][21, 5, 15, 29, 27][22, 17, 19, 8, 26][2, 10, 6, 13, 18][4, 7, 25, 11][3, 1, 4][0, 28, 16][12, 17, 28][1, 14][7, 27][7, 16][0, 18] 
[14, 9, 23, 20, 24][21, 5, 15, 29, 27][22, 17, 19, 8, 26][2, 10, 6, 13, 18][4, 7, 25, 11][3, 1, 4][0, 28, 16][12, 17, 28][1, 14][7, 27][7, 16][0, 18] 
[21, 5, 15, 29, 27][22, 17, 19, 8, 26][14, 9, 23, 20, 24][2, 10, 6, 13, 18][4, 7, 25, 11][0, 28, 16][3, 1, 4][12, 17, 28][7, 27][7, 16][11, 14][0, 18] 
[14, 9, 23, 20, 24][21, 5, 15, 29, 27][22, 17, 19, 8, 26][2, 10, 6, 13, 18][4, 7, 25, 11][3, 1, 4][0, 28, 16][12, 17, 28][1, 14][7, 27][7, 16][0, 18] 
[14, 9, 23, 20, 24][21, 5, 15, 29, 27][22, 17, 19, 8, 26][2, 10, 6, 13, 18][4, 7, 25, 11][3, 1, 4][0, 28, 16][12, 17, 28][1, 14][7, 27][7, 16][0, 18] 
[14, 9, 23, 20, 24][21, 5, 15, 29, 27][22, 17, 19, 8, 26][2, 10, 6, 13, 18][4, 7, 25, 11][3, 1, 4][0, 28, 16][12, 17, 28][1, 14][7, 27][7, 16][0, 18] 
[21, 5, 15, 29, 27][22, 17, 19, 8, 26][14, 9, 23, 20, 24][2, 10, 6, 13, 18][4, 7, 25, 11][0, 28, 16][3, 1, 4][12, 17, 28][7, 27][7, 16][11, 14][0, 18] 
[14, 9, 23, 20, 24][21, 5, 15, 29, 27][22, 17, 19, 8, 26][2, 10, 6, 13, 18][4, 7, 25, 11][3, 1, 4][0, 28, 16][12, 17, 28][1, 14][7, 27][7, 16][0, 18] 
[14, 9, 23, 20, 24][21, 5, 15, 29, 27][22, 17, 19, 8, 26][2, 10, 6, 13, 18][4, 7, 25, 11][3, 1, 4][0, 28, 16][12, 17, 28][1, 14][7, 27][7, 16][0, 18] 
[9, 23, 4, 20, 7, 28, 16, 2, 6, 5, 15, 29, 27, 10, 21][6, 13, 18, 0, 26, 8, 12, 17, 11, 25, 22, 19][1, 14, 3][20, 24][3, 23][0, 18][5, 6][7, 28][11, 25][27, 29][7, 28][5, 6] 
[4, 20, 7, 28, 16, 2, 6, 5, 15, 29, 27, 10, 21][6, 13, 18, 0, 26, 8, 12, 17, 11, 25, 22, 19][14, 9, 23, 20, 24][1, 3][1, 14][5, 6][11, 25][5, 6][0, 18][5, 6][0, 18][5, 6] 
[4, 20, 7, 28, 16, 2, 6, 5, 15, 29, 27, 10, 21][6, 13, 18, 0, 26, 8, 12, 17, 11, 25, 22, 19][14, 9, 23, 20, 24][1, 3][1, 14][5, 6][11, 25][5, 6][0, 18][5, 6][0, 18][5, 6] 
[5, 6, 13, 18, 0, 26, 8, 12, 17, 11, 25, 22, 19][4, 7, 27, 2, 21, 15, 10, 16, 6][1, 14, 3, 23, 24, 20][23, 24][7, 20][9, 23][7, 28][27, 29][11, 25][0, 18][0, 18][10, 15] 
[5, 6, 13, 18, 0, 26, 8, 12, 17, 11, 25, 22, 19][4, 7, 27, 2, 21, 15, 10, 16, 6][1, 14, 3, 23, 24, 20][23, 24][7, 20][9, 23][7, 28][27, 29][11, 25][0, 18][0, 18][10, 15] 
[5, 6, 13, 18, 0, 26, 8, 12, 17, 11, 25, 22, 19][4, 7, 27, 2, 21, 15, 10, 16, 6][1, 14, 3, 23, 24, 20][23, 24][7, 20][9, 23][7, 28][27, 29][11, 25][0, 18][0, 18][10, 15] 
[9, 23, 4, 20, 7, 28, 16, 2, 6, 5, 15, 29, 27, 10, 21][6, 13, 18, 0, 26, 8, 12, 17, 11, 25, 22, 19][1, 14, 3][20, 24][3, 23][0, 18][5, 6][7, 28][11, 25][27, 29][7, 28][5, 6] 
[9, 23, 4, 20, 7, 28, 16, 2, 6, 5, 15, 29, 27, 10, 21][6, 13, 18, 0, 26, 8, 12, 17, 11, 25, 22, 19][1, 14, 3][20, 24][3, 23][0, 18][5, 6][7, 28][11, 25][27, 29][7, 28][5, 6] 
[5, 6, 13, 18, 0, 26, 8, 12, 17, 11, 25, 22, 19][4, 7, 27, 2, 21, 15, 10, 16, 6][1, 14, 3, 23, 24, 20][23, 24][7, 20][9, 23][7, 28][27, 29][11, 25][0, 18][0, 18][10, 15] 
[9, 23, 4, 20, 7, 28, 16, 2, 6, 5, 15, 29, 27, 10, 21][6, 13, 18, 0, 26, 8, 12, 17, 11, 25, 22, 19][9, 23, 20, 24, 14][1, 14, 3, 23][11, 25][0, 18][7, 28][0, 18][0, 18][0, 18][7, 28][20, 24] 
[9, 23, 4, 20, 7, 28, 16, 2, 6, 5, 15, 29, 27, 10, 21][6, 13, 18, 0, 26, 8, 12, 17, 11, 25, 22, 19][1, 14, 3][20, 24][3, 23][0, 18][5, 6][7, 28][11, 25][27, 29][7, 28][5, 6] 
[9, 23, 4, 20, 7, 28, 16, 2, 6, 5, 15, 29, 27, 10, 21][6, 13, 18, 0, 26, 8, 12, 17, 11, 25, 22, 19][1, 14, 3][20, 24][3, 23][0, 18][5, 6][7, 28][11, 25][27, 29][7, 28][5, 6] 
[5, 6, 13, 18, 0, 26, 8, 12, 17, 11, 25, 22, 19][4, 7, 27, 2, 21, 15, 10, 16, 6][1, 14, 3, 23, 24, 20][23, 24][7, 20][9, 23][7, 28][27, 29][11, 25][0, 18][0, 18][10, 15] 
[4, 20, 7, 28, 16, 2, 6, 5, 15, 29, 27, 10, 21][6, 13, 18, 0, 26, 8, 12, 17, 11, 25, 22, 19][14, 9, 23, 20, 24][1, 3][1, 14][5, 6][11, 25][5, 6][0, 18][5, 6][0, 18][5, 6] 
[9, 23, 4, 20, 7, 28, 16, 2, 6, 5, 15, 29, 27, 10, 21][6, 13, 18, 0, 26, 8, 12, 17, 11, 25, 22, 19][1, 14, 3][20, 24][3, 23][0, 18][5, 6][7, 28][11, 25][27, 29][7, 28][5, 6] 
[9, 23, 4, 20, 7, 28, 16, 2, 6, 5, 15, 29, 27, 10, 21][6, 13, 18, 0, 26, 8, 12, 17, 11, 25, 22, 19][1, 14, 3][20, 24][3, 23][0, 18][5, 6][7, 28][11, 25][27, 29][7, 28][5, 6] 
[9, 23, 4, 20, 7, 28, 16, 2, 6, 5, 15, 29, 27, 10, 21][6, 13, 18, 0, 26, 8, 12, 17, 11, 25, 22, 19][1, 14, 3][20, 24][3, 23][0, 18][5, 6][7, 28][11, 25][27, 29][7, 28][5, 6] 
[4, 20, 7, 28, 16, 2, 6, 5, 15, 29, 27, 10, 21][6, 13, 18, 0, 26, 8, 12, 17, 11, 25, 22, 19][14, 9, 23, 20, 24][1, 3][1, 14][5, 6][11, 25][5, 6][0, 18][5, 6][0, 18][5, 6] 
[9, 23, 4, 20, 7, 28, 16, 2, 6, 5, 15, 29, 27, 10, 21][6, 13, 18, 0, 26, 8, 12, 17, 11, 25, 22, 19][1, 14, 3][20, 24][3, 23][0, 18][5, 6][7, 28][11, 25][27, 29][7, 28][5, 6] 
[9, 23, 4, 20, 7, 28, 16, 2, 6, 5, 15, 29, 27, 10, 21][6, 13, 18, 0, 26, 8, 12, 17, 11, 25, 22, 19][1, 14, 3][20, 24][3, 23][0, 18][5, 6][7, 28][11, 25][27, 29][7, 28][5, 6] 
[21, 10, 27, 29, 15, 5, 6, 2, 16, 28, 7, 20, 4, 23][6, 13, 18, 0, 26, 8, 12, 17, 11, 25, 22, 19][1, 14, 3, 23][11, 25][9, 23][0, 18][7, 28][0, 18][0, 18][0, 18][7, 28][20, 24] 
[22, 17, 19, 8, 26][2, 10, 6, 13, 18][21, 5, 15, 29, 27][4, 1, 3, 11, 25][14, 9, 23, 20, 24][12, 17, 28][0, 28, 16][0, 18][7, 16][7, 27][4, 7][11, 14] 
[22, 17, 19, 8, 26][2, 10, 6, 13, 18][21, 5, 15, 29, 27][4, 1, 3, 11, 25][14, 9, 23, 20, 24][12, 17, 28][0, 28, 16][0, 18][7, 16][7, 27][4, 7][11, 14] 
[22, 17, 19, 8, 26][2, 10, 6, 13, 18][21, 5, 15, 29, 27][4, 1, 3, 11, 25][14, 9, 23, 20, 24][12, 17, 28][0, 28, 16][0, 18][7, 16][7, 27][4, 7][11, 14] 
[22, 17, 19, 8, 26][2, 10, 6, 13, 18][21, 5, 15, 29, 27][4, 1, 3, 11, 25][14, 9, 23, 20, 24][12, 17, 28][0, 28, 16][0, 18][7, 16][7, 27][4, 7][11, 14] 
[22, 17, 19, 8, 26][2, 10, 6, 13, 18][21, 5, 15, 29, 27][4, 1, 3, 11, 25][14, 9, 23, 20, 24][12, 17, 28][0, 28, 16][0, 18][7, 16][7, 27][4, 7][11, 14] 
[22, 17, 19, 8, 26][2, 10, 6, 13, 18][21, 5, 15, 29, 27][4, 1, 3, 11, 25][14, 9, 23, 20, 24][12, 17, 28][0, 28, 16][0, 18][7, 16][7, 27][4, 7][11, 14] 
[4, 1, 3, 11, 25][14, 9, 23, 20, 24][22, 17, 19, 8, 26][21, 5, 15, 29, 27][2, 10, 6, 13, 18][0, 28, 16][12, 17, 28][4, 7][11, 14][7, 16][7, 27][0, 18] 
[22, 17, 19, 8, 26][2, 10, 6, 13, 18][21, 5, 15, 29, 27][4, 1, 3, 11, 25][14, 9, 23, 20, 24][12, 17, 28][0, 28, 16][0, 18][7, 16][7, 27][4, 7][11, 14] 
[22, 17, 19, 8, 26][2, 10, 6, 13, 18][21, 5, 15, 29, 27][4, 1, 3, 11, 25][14, 9, 23, 20, 24][12, 17, 28][0, 28, 16][0, 18][7, 16][7, 27][4, 7][11, 14] 
[22, 17, 19, 8, 26][2, 10, 6, 13, 18][21, 5, 15, 29, 27][4, 1, 3, 11, 25][14, 9, 23, 20, 24][12, 17, 28][0, 28, 16][0, 18][7, 16][7, 27][4, 7][11, 14] 
[22, 17, 19, 8, 26][2, 10, 6, 13, 18][21, 5, 15, 29, 27][4, 1, 3, 11, 25][14, 9, 23, 20, 24][12, 17, 28][0, 28, 16][0, 18][7, 16][7, 27][4, 7][11, 14] 
[22, 17, 19, 8, 26][2, 10, 6, 13, 18][21, 5, 15, 29, 27][4, 1, 3, 11, 25][14, 9, 23, 20, 24][12, 17, 28][0, 28, 16][0, 18][7, 16][7, 27][4, 7][11, 14] 
[22, 17, 19, 8, 26][2, 10, 6, 13, 18][21, 5, 15, 29, 27][4, 1, 3, 11, 25][14, 9, 23, 20, 24][12, 17, 28][0, 28, 16][0, 18][7, 16][7, 27][4, 7][11, 14] 
[22, 17, 19, 8, 26][2, 10, 6, 13, 18][21, 5, 15, 29, 27][4, 1, 3, 11, 25][14, 9, 23, 20, 24][12, 17, 28][0, 28, 16][0, 18][7, 16][7, 27][4, 7][11, 14] 
[22, 17, 19, 8, 26][2, 10, 6, 13, 18][21, 5, 15, 29, 27][4, 1, 3, 11, 25][14, 9, 23, 20, 24][12, 17, 28][0, 28, 16][7, 16][0, 18][7, 27][4, 7][11, 14] 
[14, 9, 23, 20, 24][21, 5, 15, 29, 27][22, 17, 19, 8, 26][2, 10, 6, 13, 18][4, 7, 25, 11][3, 1, 4][0, 28, 16][12, 17, 28][1, 14][7, 27][7, 16][0, 18] 
[14, 9, 23, 20, 24][21, 5, 15, 29, 27][22, 17, 19, 8, 26][2, 10, 6, 13, 18][4, 7, 25, 11][3, 1, 4][0, 28, 16][12, 17, 28][1, 14][7, 27][7, 16][0, 18] 
[14, 9, 23, 20, 24][21, 5, 15, 29, 27][22, 17, 19, 8, 26][2, 10, 6, 13, 18][4, 7, 25, 11][3, 1, 4][0, 28, 16][12, 17, 28][1, 14][7, 27][7, 16][0, 18] 
[14, 9, 23, 20, 24][21, 5, 15, 29, 27][22, 17, 19, 8, 26][2, 10, 6, 13, 18][4, 7, 25, 11][3, 1, 4][0, 28, 16][12, 17, 28][1, 14][7, 27][7, 16][0, 18] 
[14, 9, 23, 20, 24][21, 5, 15, 29, 27][22, 17, 19, 8, 26][2, 10, 6, 13, 18][4, 7, 25, 11][3, 1, 4][0, 28, 16][12, 17, 28][1, 14][7, 27][7, 16][0, 18] 
[22, 17, 19, 8, 26][2, 10, 6, 13, 18][4, 1, 3, 11, 25][21, 5, 15, 29, 27][14, 9, 23, 20, 24][0, 28, 16][12, 17, 28][0, 18][7, 16][4, 7][7, 27][1, 14] 
[22, 17, 19, 8, 26][2, 10, 6, 13, 18][21, 5, 15, 29, 27][4, 1, 3, 11, 25][14, 9, 23, 20, 24][12, 17, 28][0, 28, 16][0, 18][7, 16][7, 27][4, 7][11, 14] 
[22, 17, 19, 8, 26][2, 10, 6, 13, 18][21, 5, 15, 29, 27][4, 1, 3, 11, 25][14, 9, 23, 20, 24][12, 17, 28][0, 28, 16][0, 18][7, 16][7, 27][4, 7][11, 14] 
[22, 17, 19, 8, 26][2, 10, 6, 13, 18][21, 5, 15, 29, 27][4, 1, 3, 11, 25][14, 9, 23, 20, 24][12, 17, 28][0, 28, 16][0, 18][7, 16][7, 27][4, 7][11, 14] 
[22, 17, 19, 8, 26][2, 10, 6, 13, 18][21, 5, 15, 29, 27][4, 1, 3, 11, 25][14, 9, 23, 20, 24][12, 17, 28][0, 28, 16][0, 18][7, 16][7, 27][4, 7][11, 14] 
[22, 17, 19, 8, 26][2, 10, 6, 13, 18][21, 5, 15, 29, 27][4, 1, 3, 11, 25][14, 9, 23, 20, 24][12, 17, 28][0, 28, 16][0, 18][7, 16][7, 27][4, 7][11, 14] 
[22, 17, 19, 8, 26][2, 10, 6, 13, 18][21, 5, 15, 29, 27][4, 1, 3, 11, 25][14, 9, 23, 20, 24][12, 17, 28][0, 28, 16][0, 18][7, 16][7, 27][4, 7][11, 14] 
[22, 17, 19, 8, 26][2, 10, 6, 13, 18][21, 5, 15, 29, 27][4, 1, 3, 11, 25][14, 9, 23, 20, 24][12, 17, 28][0, 28, 16][0, 18][7, 16][7, 27][4, 7][11, 14] 
[14, 9, 23, 20, 24][21, 5, 15, 29, 27][22, 17, 19, 8, 26][2, 10, 6, 13, 18][4, 7, 25, 11][3, 1, 4][0, 28, 16][12, 17, 28][1, 14][7, 27][7, 16][0, 18] 
[14, 9, 23, 20, 24][21, 5, 15, 29, 27][22, 17, 19, 8, 26][2, 10, 6, 13, 18][4, 7, 25, 11][3, 1, 4][0, 28, 16][12, 17, 28][1, 14][7, 27][7, 16][0, 18] 
[14, 9, 23, 20, 24][21, 5, 15, 29, 27][22, 17, 19, 8, 26][2, 10, 6, 13, 18][4, 7, 25, 11][3, 1, 4][0, 28, 16][12, 17, 28][1, 14][7, 27][7, 16][0, 18] 
[14, 9, 23, 20, 24][21, 5, 15, 29, 27][22, 17, 19, 8, 26][2, 10, 6, 13, 18][4, 7, 25, 11][3, 1, 4][0, 28, 16][12, 17, 28][1, 14][7, 27][7, 16][0, 18] 
[14, 9, 23, 20, 24][21, 5, 15, 29, 27][22, 17, 19, 8, 26][2, 10, 6, 13, 18][4, 7, 25, 11][3, 1, 4][0, 28, 16][12, 17, 28][1, 14][7, 27][7, 16][0, 18] 
[14, 9, 23, 20, 24][21, 5, 15, 29, 27][22, 17, 19, 8, 26][2, 10, 6, 13, 18][4, 7, 25, 11][3, 1, 4][0, 28, 16][12, 17, 28][1, 14][7, 27][7, 16][0, 18] 
[14, 9, 23, 20, 24][21, 5, 15, 29, 27][22, 17, 19, 8, 26][2, 10, 6, 13, 18][4, 7, 25, 11][3, 1, 4][0, 28, 16][12, 17, 28][1, 14][7, 27][7, 16][0, 18] 
[14, 9, 23, 20, 24][21, 5, 15, 29, 27][22, 17, 19, 8, 26][2, 10, 6, 13, 18][4, 7, 25, 11][3, 1, 4][0, 28, 16][12, 17, 28][1, 14][7, 27][7, 16][0, 18] 
[14, 9, 23, 20, 24][21, 5, 15, 29, 27][22, 17, 19, 8, 26][2, 10, 6, 13, 18][4, 7, 25, 11][3, 1, 4][0, 28, 16][12, 17, 28][1, 14][7, 27][7, 16][0, 18] 
[14, 9, 23, 20, 24][21, 5, 15, 29, 27][22, 17, 19, 8, 26][2, 10, 6, 13, 18][4, 7, 25, 11][3, 1, 4][0, 28, 16][12, 17, 28][1, 14][7, 27][7, 16][0, 18] 
[14, 9, 23, 20, 24][21, 5, 15, 29, 27][22, 17, 19, 8, 26][2, 10, 6, 13, 18][4, 7, 25, 11][3, 1, 4][0, 28, 16][12, 17, 28][1, 14][7, 27][7, 16][0, 18] 
[14, 9, 23, 20, 24][21, 5, 15, 29, 27][22, 17, 19, 8, 26][2, 10, 6, 13, 18][4, 7, 25, 11][3, 1, 4][0, 28, 16][12, 17, 28][1, 14][7, 27][7, 16][0, 18] 
[14, 9, 23, 20, 24][21, 5, 15, 29, 27][22, 17, 19, 8, 26][2, 10, 6, 13, 18][4, 7, 25, 11][3, 1, 4][0, 28, 16][12, 17, 28][1, 14][7, 27][7, 16][0, 18] 
[14, 9, 23, 20, 24][21, 5, 15, 29, 27][22, 17, 19, 8, 26][2, 10, 6, 13, 18][4, 7, 25, 11][3, 1, 4][0, 28, 16][12, 17, 28][1, 14][7, 27][7, 16][0, 18] 
[14, 9, 23, 20, 24][21, 5, 15, 29, 27][22, 17, 19, 8, 26][2, 10, 6, 13, 18][4, 7, 25, 11][3, 1, 4][0, 28, 16][12, 17, 28][1, 14][7, 27][7, 16][0, 18] 
[24, 20, 23, 9, 14, 11, 25][22, 17, 19, 8, 26][2, 10, 6, 13, 18][21, 5, 15, 29, 27][0, 28, 16][12, 17, 28][3, 1, 4][7, 16][0, 18][7, 27][4, 7][1, 14] 
[24, 20, 23, 9, 14, 11, 25][22, 17, 19, 8, 26][2, 10, 6, 13, 18][21, 5, 15, 29, 27][0, 28, 16][12, 17, 28][3, 1, 4][7, 16][0, 18][7, 27][4, 7][1, 14] 
[24, 20, 23, 9, 14, 11, 25][22, 17, 19, 8, 26][2, 10, 6, 13, 18][21, 5, 15, 29, 27][0, 28, 16][12, 17, 28][3, 1, 4][7, 16][0, 18][7, 27][4, 7][1, 14] 
[24, 20, 23, 9, 14, 11, 25][22, 17, 19, 8, 26][2, 10, 6, 13, 18][21, 5, 15, 29, 27][0, 28, 16][12, 17, 28][3, 1, 4][7, 16][0, 18][7, 27][4, 7][1, 14] 
[24, 20, 23, 9, 14, 11, 25][22, 17, 19, 8, 26][2, 10, 6, 13, 18][21, 5, 15, 29, 27][0, 28, 16][12, 17, 28][3, 1, 4][7, 16][0, 18][7, 27][4, 7][1, 14] 
[24, 20, 23, 9, 14, 11, 25][22, 17, 19, 8, 26][2, 10, 6, 13, 18][21, 5, 15, 29, 27][0, 28, 16][12, 17, 28][16, 7, 27][3, 1, 4][7, 16][0, 18][4, 7][1, 14] 
[22, 17, 19, 8, 26][2, 10, 6, 13, 18][21, 5, 15, 29, 27][4, 1, 3, 11, 25][14, 9, 23, 20, 24][12, 17, 28][0, 28, 16][0, 18][7, 16][7, 27][4, 7][11, 14] 
[22, 17, 19, 8, 26][2, 10, 6, 13, 18][21, 5, 15, 29, 27][4, 1, 3, 11, 25][14, 9, 23, 20, 24][12, 17, 28][0, 28, 16][0, 18][7, 16][7, 27][4, 7][11, 14] 
[22, 17, 19, 8, 26][2, 10, 6, 13, 18][21, 5, 15, 29, 27][4, 1, 3, 11, 25][14, 9, 23, 20, 24][12, 17, 28][0, 28, 16][0, 18][7, 16][7, 27][4, 7][11, 14] 
[22, 17, 19, 8, 26][2, 10, 6, 13, 18][21, 5, 15, 29, 27][4, 1, 3, 11, 25][14, 9, 23, 20, 24][12, 17, 28][0, 28, 16][0, 18][7, 16][7, 27][4, 7][11, 14] 
[22, 17, 19, 8, 26][2, 10, 6, 13, 18][21, 5, 15, 29, 27][4, 1, 3, 11, 25][14, 9, 23, 20, 24][12, 17, 28][0, 28, 16][0, 18][7, 16][7, 27][4, 7][11, 14] 
[14, 9, 23, 20, 24][21, 5, 15, 29, 27][22, 17, 19, 8, 26][2, 10, 6, 13, 18][4, 7, 25, 11][3, 1, 4][0, 28, 16][12, 17, 28][1, 14][7, 27][7, 16][0, 18] 
[22, 17, 19, 8, 26][2, 10, 6, 13, 18][21, 5, 15, 29, 27][4, 1, 3, 11, 25][14, 9, 23, 20, 24][12, 17, 28][0, 28, 16][0, 18][7, 16][7, 27][4, 7][11, 14] 
