[4, 24, 3, 1, 23, 20, 7][19, 17, 22, 12, 8, 26][21, 5, 15, 2, 29][9, 14, 11, 25][0, 18, 13, 6][16, 10, 27][3, 9][25, 28][17, 28][16, 28][6, 16][6, 15] 
[4, 24, 3, 1, 23, 20, 7][19, 17, 22, 12, 8, 26][16, 10, 27, 29][2, 15, 5, 21][0, 18, 13, 6][9, 14, 11, 25][2, 29][16, 28][6, 15][25, 28][3, 9][17, 28] 
[4, 24, 3, 1, 23, 20, 7][19, 17, 22, 12, 8, 26][9, 14, 11, 25][16, 10, 27, 29][2, 15, 5, 21][0, 18, 13, 6][3, 9][25, 28][17, 28][7, 27][2, 29][6, 15] 
[4, 24, 3, 1, 23, 20, 7][19, 17, 22, 12, 8, 26][9, 14, 11, 25][16, 10, 27, 29][2, 15, 5, 21][0, 18, 13, 6][3, 9][25, 28][17, 28][7, 27][2, 29][6, 15] 
[4, 24, 3, 1, 23, 20, 7][19, 17, 22, 12, 8, 26][21, 5, 15, 2, 29][9, 14, 11, 25][0, 18, 13, 6][16, 10, 27][17, 28][25, 28][16, 28][7, 27][6, 16][6, 15] 
[4, 24, 3, 1, 23, 20, 7][19, 17, 22, 12, 8, 26][9, 14, 11, 25][16, 10, 27, 29][2, 15, 5, 21][0, 18, 13, 6][17, 28][25, 28][16, 28][2, 29][7, 27][6, 15] 
[4, 24, 3, 1, 23, 20, 7][19, 17, 22, 12, 8, 26][21, 5, 15, 2, 29][0, 18, 13, 6][9, 14, 11, 25][16, 10, 27][7, 27][6, 16][6, 15][3, 9][25, 28][17, 28] 
[4, 24, 3, 1, 23, 20, 7][19, 17, 22, 12, 8, 26][21, 5, 15, 2, 29][9, 14, 11, 25][0, 18, 13, 6][16, 10, 27][17, 28][25, 28][16, 28][7, 27][6, 16][6, 15] 
[4, 24, 3, 1, 23, 20, 7][19, 17, 22, 12, 8, 26][21, 5, 15, 2, 29][9, 14, 11, 25][0, 18, 13, 6][16, 10, 27][7, 27][16, 28][25, 28][17, 28][6, 16][6, 15] 
[4, 24, 3, 1, 23, 20, 7][19, 17, 22, 12, 8, 26][21, 5, 15, 2, 29][9, 14, 11, 25][0, 18, 13, 6][16, 10, 27][17, 28][25, 28][16, 28][7, 27][6, 16][6, 15] 
[4, 24, 3, 1, 23, 20, 7][19, 17, 22, 12, 8, 26][21, 5, 15, 2, 29][9, 14, 11, 25][0, 18, 13, 6][16, 10, 27][3, 9][25, 28][17, 28][16, 28][6, 16][6, 15] 
[4, 24, 3, 1, 23, 20, 7][19, 17, 22, 12, 8, 26][16, 10, 27, 29][2, 15, 5, 21][0, 18, 13, 6][9, 14, 11, 25][2, 29][16, 28][6, 15][25, 28][3, 9][17, 28] 
[4, 24, 3, 1, 23, 20, 7][19, 17, 22, 12, 8, 26][9, 14, 11, 25][16, 10, 27, 29][2, 15, 5, 21][0, 18, 13, 6][3, 9][25, 28][17, 28][7, 27][2, 29][6, 15] 
[4, 24, 3, 1, 23, 20, 7][19, 17, 22, 12, 8, 26][21, 5, 15, 2, 29][9, 14, 11, 25][0, 18, 13, 6][16, 10, 27][17, 28][25, 28][16, 28][7, 27][6, 16][6, 15] 
[4, 24, 3, 1, 23, 20, 7][19, 17, 22, 12, 8, 26][9, 14, 11, 25][16, 10, 27, 29][2, 15, 5, 21][0, 18, 13, 6][17, 28][25, 28][16, 28][2, 29][7, 27][6, 15] 
[4, 24, 3, 1, 23, 20, 7][19, 17, 22, 12, 8, 26][21, 5, 15, 2, 29][9, 14, 11, 25][0, 18, 13, 6][16, 10, 27][17, 28][25, 28][16, 28][7, 27][6, 16][6, 15] 
[4, 24, 3, 1, 23, 20, 7][19, 17, 22, 12, 8, 26][21, 5, 15, 2, 29][9, 14, 11, 25][0, 18, 13, 6][16, 10, 27][3, 9][25, 28][17, 28][16, 28][6, 16][6, 15] 
[4, 24, 3, 1, 23, 20, 7][19, 17, 22, 12, 8, 26][16, 10, 27, 29][2, 15, 5, 21][0, 18, 13, 6][9, 14, 11, 25][2, 29][16, 28][6, 15][25, 28][3, 9][17, 28] 
[4, 24, 3, 1, 23, 20, 7][19, 17, 22, 12, 8, 26][21, 5, 15, 2, 29][9, 14, 11, 25][0, 18, 13, 6][16, 10, 27][17, 28][25, 28][16, 28][7, 27][6, 16][6, 15] 
[4, 24, 3, 1, 23, 20, 7][19, 17, 22, 12, 8, 26][21, 5, 15, 2, 29][9, 14, 11, 25][0, 18, 13, 6][16, 10, 27][25, 28][3, 9][17, 28][16, 28][6, 16][6, 15] 
[4, 24, 3, 1, 23, 20, 7][19, 17, 22, 12, 8, 26][21, 5, 15, 2, 29][9, 14, 11, 25][0, 18, 13, 6][16, 10, 27][3, 9][25, 28][17, 28][16, 28][6, 16][6, 15] 
[4, 24, 3, 1, 23, 20, 7][19, 17, 22, 12, 8, 26][16, 10, 27, 29][2, 15, 5, 21][0, 18, 13, 6][9, 14, 11, 25][2, 29][16, 28][6, 15][25, 28][3, 9][17, 28] 
[4, 24, 3, 1, 23, 20, 7][19, 17, 22, 12, 8, 26][9, 14, 11, 25][16, 10, 27, 29][2, 15, 5, 21][0, 18, 13, 6][3, 9][25, 28][17, 28][7, 27][2, 29][6, 15] 
[4, 24, 3, 1, 23, 20, 7][19, 17, 22, 12, 8, 26][21, 5, 15, 2, 29][9, 14, 11, 25][0, 18, 13, 6][16, 10, 27][7, 27][16, 28][25, 28][17, 28][6, 16][6, 15] 
[4, 24, 3, 1, 23, 20, 7][19, 17, 22, 12, 8, 26][9, 14, 11, 25][16, 10, 27, 29][2, 15, 5, 21][0, 18, 13, 6][17, 28][25, 28][16, 28][2, 29][7, 27][6, 15] 
[4, 24, 3, 1, 23, 20, 7][19, 17, 22, 12, 8, 26][21, 5, 15, 2, 29][9, 14, 11, 25][0, 18, 13, 6][16, 10, 27][7, 27][16, 28][25, 28][17, 28][6, 16][6, 15] 
[4, 24, 3, 1, 23, 20, 7][19, 17, 22, 12, 8, 26][21, 5, 15, 2, 29][9, 14, 11, 25][0, 18, 13, 6][16, 10, 27][3, 9][25, 28][16, 28][17, 28][6, 16][6, 15] 
[4, 24, 3, 1, 23, 20, 7][19, 17, 22, 12, 8, 26][16, 10, 27, 29][2, 15, 5, 21][0, 18, 13, 6][9, 14, 11, 25][2, 29][16, 28][6, 15][25, 28][3, 9][17, 28] 
[4, 24, 3, 1, 23, 20, 7][19, 17, 22, 12, 8, 26][21, 5, 15, 2, 29][9, 14, 11, 25][0, 18, 13, 6][16, 10, 27][7, 27][16, 28][25, 28][17, 28][6, 16][6, 15] 
[4, 24, 3, 1, 23, 20, 7][19, 17, 22, 12, 8, 26][21, 5, 15, 2, 29][9, 14, 11, 25][0, 18, 13, 6][16, 10, 27][25, 28][3, 9][17, 28][16, 28][6, 16][6, 15] 
[4, 24, 3, 1, 23, 20, 7][19, 17, 22, 12, 8, 26][21, 5, 15, 2, 29][9, 14, 11, 25][0, 18, 13, 6][16, 10, 27][3, 9][25, 28][17, 28][16, 28][6, 16][6, 15] 
[4, 24, 3, 1, 23, 20, 7][19, 17, 22, 12, 8, 26][16, 10, 27, 29][2, 15, 5, 21][0, 18, 13, 6][9, 14, 11, 25][2, 29][16, 28][6, 15][25, 28][3, 9][17, 28] 
[4, 24, 3, 1, 23, 20, 7][19, 17, 22, 12, 8, 26][21, 5, 15, 2, 29][9, 14, 11, 25][0, 18, 13, 6][16, 10, 27][17, 28][25, 28][16, 28][7, 27][6, 16][6, 15] 
[4, 24, 3, 1, 23, 20, 7][19, 17, 22, 12, 8, 26][21, 5, 15, 2, 29][9, 14, 11, 25][0, 18, 13, 6][16, 10, 27][3, 9][25, 28][17, 28][16, 28][6, 16][6, 15] 
[4, 24, 3, 1, 23, 20, 7][19, 17, 22, 12, 8, 26][21, 5, 15, 2, 29][9, 14, 11, 25][0, 18, 13, 6][16, 10, 27][3, 9][25, 28][17, 28][16, 28][6, 16][6, 15] 
[11, 14, 24, 3, 9, 1, 23, 20, 4, 7, 16][10, 16, 28, 25, 0, 12, 17, 19, 18, 13][3, 1, 14, 11, 17, 28, 25, 0, 22, 18][16, 2, 6, 21, 5, 15, 27][12, 8, 26][2, 6][15, 29][2, 6][5, 15][5, 21][0, 25][0, 25] 
[11, 14, 24, 3, 9, 1, 23, 20, 4, 7, 16][10, 16, 28, 25, 0, 12, 17, 19, 18, 13][16, 2, 6, 21, 5, 15, 27][12, 8, 26][2, 6][18, 22][15, 29][2, 6][5, 15][5, 21][0, 25][0, 25] 
[11, 14, 24, 3, 9, 1, 23, 20, 4, 7, 16][10, 16, 28, 25, 0, 12, 17, 19, 18, 13][16, 2, 6, 21, 5, 15, 27][12, 8, 26][2, 6][18, 22][15, 29][2, 6][5, 15][5, 21][0, 25][0, 25] 
[10, 16, 28, 25, 0, 12, 17, 19, 18, 13][7, 4, 20, 23, 1, 9, 3, 24, 14][16, 2, 6, 21, 5, 15, 27][14, 11, 17, 28, 25, 0, 22][12, 8, 26][2, 6][15, 29][2, 6][5, 15][5, 21][0, 25][0, 25] 
[10, 16, 28, 25, 0, 12, 17, 19, 18, 13][7, 4, 20, 23, 1, 9, 3, 24, 14][16, 2, 6, 21, 5, 15, 27][14, 11, 17, 28, 25, 0, 22][12, 8, 26][15, 29][0, 25][5, 21][2, 6][2, 6][5, 21][5, 15] 
[10, 16, 28, 25, 0, 12, 17, 19, 18, 13][7, 4, 20, 23, 1, 9, 3, 24][16, 2, 6, 21, 5, 15, 27][1, 14, 11, 17][12, 8, 26][15, 29][0, 22][0, 25][2, 6][2, 6][0, 25][5, 21] 
[11, 14, 24, 3, 9, 1, 23, 20, 4, 7, 16][10, 16, 28, 25, 0, 12, 17, 19, 18, 13][16, 2, 6, 21, 5, 15, 27][12, 8, 26][2, 6][18, 22][15, 29][2, 6][5, 15][5, 21][0, 25][0, 25] 
[11, 14, 24, 3, 9, 1, 23, 20, 4, 7, 16][19, 17, 28, 16, 2, 6, 21, 5, 15, 27][10, 16, 28, 25, 0, 12, 17, 19, 18, 13][12, 8, 26][2, 6][18, 22][15, 29][2, 6][5, 15][5, 21][0, 25][0, 25] 
[10, 16, 28, 25, 0, 12, 17, 19, 18, 13][7, 4, 20, 23, 1, 9, 3, 24, 14][16, 2, 6, 21, 5, 15, 27][14, 11, 17, 28, 25, 0, 22][12, 8, 26][2, 6][15, 29][2, 6][5, 15][5, 21][0, 25][0, 25] 
[11, 14, 24, 3, 9, 1, 23, 20, 4, 7, 16][10, 16, 28, 25, 0, 12, 17, 19, 18, 13][16, 2, 6, 21, 5, 15, 27][12, 8, 26][2, 6][18, 22][15, 29][2, 6][5, 15][5, 21][0, 25][0, 25] 
[11, 3, 14, 23, 4, 7, 10, 16, 2, 6, 21, 5, 15, 27][11, 14, 24, 3, 9, 1, 23, 20, 4, 7, 16, 27][10, 16, 28, 25, 0, 12, 17, 19, 18, 13][12, 8, 26][2, 6][18, 22][15, 29][2, 6][5, 15][5, 21][0, 25][0, 25] 
[11, 14, 24, 3, 9, 1, 23, 20, 4, 7, 16, 27][10, 16, 28, 25, 0, 12, 17, 19, 18, 13][16, 2, 6, 21, 5, 15, 27][12, 8, 26][2, 6][18, 22][15, 29][2, 6][5, 15][5, 21][0, 25][0, 25] 
[10, 16, 28, 25, 0, 12, 17, 19, 18, 13][7, 4, 20, 23, 1, 9, 3, 24, 14][16, 2, 6, 21, 5, 15, 27][14, 11, 17, 28, 25, 0, 22][12, 8, 26][2, 6][15, 29][2, 6][5, 15][5, 21][0, 25][0, 25] 
[11, 14, 24, 3, 9, 1, 23, 20, 4, 7, 16][10, 16, 28, 25, 0, 12, 17, 19, 18, 13][16, 2, 6, 21, 5, 15, 27][12, 8, 26][2, 6][18, 22][15, 29][2, 6][5, 15][5, 21][0, 25][0, 25] 
[11, 14, 24, 3, 9, 1, 23, 20, 4, 7, 16, 27][10, 16, 28, 25, 0, 12, 17, 19, 18, 13][10, 16, 2, 6, 21, 5, 15, 27][12, 8, 26][2, 6][18, 22][15, 29][2, 6][5, 15][5, 21][0, 25][0, 25] 
[11, 14, 24, 3, 9, 1, 23, 20, 4, 7, 16, 27][10, 16, 28, 25, 0, 12, 17, 19, 18, 13][2, 6, 21, 5, 15, 27][12, 8, 26][2, 6][18, 22][15, 29][2, 6][5, 15][5, 21][0, 25][0, 25] 
[11, 14, 24, 3, 9, 1, 23, 20, 4, 7, 16][19, 17, 28, 16, 2, 6, 21, 5, 15, 27][10, 16, 28, 25, 0, 12, 17, 19, 18, 13][12, 8, 26][2, 6][18, 22][15, 29][2, 6][5, 15][5, 21][0, 25][0, 25] 
[10, 16, 28, 25, 0, 12, 17, 19, 18, 13][7, 4, 20, 23, 1, 9, 3, 24, 14][16, 2, 6, 21, 5, 15, 27][14, 11, 17, 28, 25, 0, 22][12, 8, 26][2, 6][15, 29][2, 6][5, 15][5, 21][0, 25][0, 25] 
[11, 14, 24, 3, 9, 1, 23, 20, 4, 7, 16, 27][10, 16, 28, 25, 0, 12, 17, 19, 18, 13][2, 6, 21, 5, 15, 27][12, 8, 26][2, 6][18, 22][15, 29][2, 6][5, 15][5, 21][0, 25][0, 25] 
[11, 14, 24, 3, 9, 1, 23, 20, 4, 7, 16, 27][10, 16, 28, 25, 0, 12, 17, 19, 18, 13][2, 6, 21, 5, 15, 27][12, 8, 26][2, 6][18, 22][15, 29][2, 6][5, 15][5, 21][0, 25][0, 25] 
[11, 14, 24, 3, 9, 1, 23, 20, 4, 7, 16][10, 16, 28, 25, 0, 12, 17, 19, 18, 13][16, 27, 10, 2, 29, 15, 6, 5, 21][16, 2, 6, 21, 5, 15, 27][12, 8, 26][2, 6][18, 22][15, 29][2, 6][5, 15][0, 25][0, 25] 
[4, 24, 3, 1, 23, 20, 7][19, 17, 22, 12, 8, 26][16, 10, 27, 29][9, 14, 11, 25][0, 18, 13, 6][2, 15, 5, 21][17, 28][16, 28][25, 28][3, 9][6, 16][6, 15] 
[4, 24, 3, 1, 23, 20, 7][19, 17, 22, 12, 8, 26][2, 15, 5, 21][0, 18, 13, 6][16, 10, 27, 29][9, 14, 11, 25][6, 15][6, 16][16, 28][17, 28][25, 28][3, 9] 
[4, 24, 3, 1, 23, 20, 7][19, 17, 22, 12, 8, 26][16, 10, 27, 29][9, 14, 11, 25][0, 18, 13, 6][2, 15, 5, 21][17, 28][16, 28][25, 28][3, 9][6, 16][6, 15] 
[4, 24, 3, 1, 23, 20, 7][19, 17, 22, 12, 8, 26][9, 14, 11, 25][16, 10, 27, 29][0, 18, 13, 6][2, 15, 5, 21][3, 9][25, 28][16, 28][17, 28][6, 16][6, 15] 
[4, 24, 3, 1, 23, 20, 7][19, 17, 22, 12, 8, 26][2, 15, 5, 21][0, 18, 13, 6][16, 10, 27, 29][9, 14, 11, 25][6, 15][6, 16][16, 28][17, 28][25, 28][3, 9] 
[4, 24, 3, 1, 23, 20, 7][19, 17, 22, 12, 8, 26][9, 14, 11, 25][0, 18, 13, 6][16, 10, 27, 29][2, 15, 5, 21][25, 28][17, 28][3, 9][16, 28][6, 16][6, 15] 
[4, 24, 3, 1, 23, 20, 7][19, 17, 22, 12, 8, 26][9, 14, 11, 25][0, 18, 13, 6][16, 10, 27, 29][2, 15, 5, 21][25, 28][17, 28][3, 9][16, 28][6, 16][6, 15] 
[4, 24, 3, 1, 23, 20, 7][19, 17, 22, 12, 8, 26][2, 15, 5, 21][0, 18, 13, 6][16, 10, 27, 29][9, 14, 11, 25][6, 15][6, 16][16, 28][17, 28][25, 28][3, 9] 
[4, 24, 3, 1, 23, 20, 7][19, 17, 22, 12, 8, 26][9, 14, 11, 25][0, 18, 13, 6][16, 10, 27, 29][2, 15, 5, 21][25, 28][17, 28][3, 9][16, 28][6, 16][6, 15] 
[4, 24, 3, 1, 23, 20, 7][19, 17, 22, 12, 8, 26][16, 10, 27, 29][0, 18, 13, 6][2, 15, 5, 21][9, 14, 11, 25][17, 28][16, 28][6, 16][6, 15][25, 28][3, 9] 
[4, 24, 3, 1, 23, 20, 7][19, 17, 22, 12, 8, 26][9, 14, 11, 25][16, 10, 27, 29][0, 18, 13, 6][2, 15, 5, 21][3, 9][25, 28][16, 28][17, 28][6, 16][6, 15] 
[4, 24, 3, 1, 23, 20, 7][19, 17, 22, 12, 8, 26][2, 15, 5, 21][0, 18, 13, 6][16, 10, 27, 29][9, 14, 11, 25][6, 15][6, 16][16, 28][17, 28][25, 28][3, 9] 
[4, 24, 3, 1, 23, 20, 7][19, 17, 22, 12, 8, 26][9, 14, 11, 25][0, 18, 13, 6][16, 10, 27, 29][2, 15, 5, 21][25, 28][17, 28][3, 9][16, 28][6, 16][6, 15] 
[4, 24, 3, 1, 23, 20, 7][19, 17, 22, 12, 8, 26][9, 14, 11, 25][16, 10, 27, 29][0, 18, 13, 6][2, 15, 5, 21][17, 28][25, 28][3, 9][16, 28][6, 16][6, 15] 
[4, 24, 3, 1, 23, 20, 7][19, 17, 22, 12, 8, 26][9, 14, 11, 25][16, 10, 27, 29][0, 18, 13, 6][2, 15, 5, 21][17, 28][25, 28][3, 9][16, 28][6, 16][6, 15] 
[4, 24, 3, 1, 23, 20, 7][19, 17, 22, 12, 8, 26][21, 5, 15, 2, 29][9, 14, 11, 25][0, 18, 13, 6][16, 10, 27][3, 9][25, 28][17, 28][16, 28][6, 16][6, 15] 
[4, 24, 3, 1, 23, 20, 7][19, 17, 22, 12, 8, 26][21, 5, 15, 2, 29][9, 14, 11, 25][0, 18, 13, 6][16, 10, 27][25, 28][17, 28][3, 9][16, 28][6, 16][6, 15] 
[4, 24, 3, 1, 23, 20, 7][19, 17, 22, 12, 8, 26][21, 5, 15, 2, 29][9, 14, 11, 25][0, 18, 13, 6][16, 10, 27][25, 28][17, 28][3, 9][16, 28][6, 16][6, 15] 
[4, 24, 3, 1, 23, 20, 7][19, 17, 22, 12, 8, 26][21, 5, 15, 2, 29][9, 14, 11, 25][0, 18, 13, 6][16, 10, 27][3, 9][25, 28][17, 28][16, 28][6, 16][6, 15] 
[4, 24, 3, 1, 23, 20, 7][19, 17, 22, 12, 8, 26][21, 5, 15, 2, 29][9, 14, 11, 25][0, 18, 13, 6][16, 10, 27][3, 9][25, 28][17, 28][16, 28][6, 16][6, 15] 
[4, 24, 3, 1, 23, 20, 7][19, 17, 22, 12, 8, 26][21, 5, 15, 2, 29][9, 14, 11, 25][0, 18, 13, 6][16, 10, 27][3, 9][25, 28][17, 28][16, 28][6, 16][6, 15] 
[4, 24, 3, 1, 23, 20, 7][19, 17, 22, 12, 8, 26][16, 10, 27, 29][9, 14, 11, 25][0, 18, 13, 6][2, 15, 5, 21][17, 28][16, 28][25, 28][3, 9][6, 16][6, 15] 
[4, 24, 3, 1, 23, 20, 7][19, 17, 22, 12, 8, 26][16, 10, 27, 29][9, 14, 11, 25][0, 18, 13, 6][2, 15, 5, 21][17, 28][16, 28][25, 28][6, 16][3, 9][6, 15] 
[4, 24, 3, 1, 23, 20, 7][19, 17, 22, 12, 8, 26][9, 14, 11, 25][0, 18, 13, 6][16, 10, 27, 29][2, 15, 5, 21][25, 28][17, 28][3, 9][16, 28][6, 16][6, 15] 
[4, 24, 3, 1, 23, 20, 7][19, 17, 22, 12, 8, 26][16, 10, 27, 29][9, 14, 11, 25][0, 18, 13, 6][2, 15, 5, 21][17, 28][16, 28][25, 28][6, 16][3, 9][6, 15] 
[4, 24, 3, 1, 23, 20, 7][19, 17, 22, 12, 8, 26][2, 15, 5, 21][0, 18, 13, 6][16, 10, 27, 29][9, 14, 11, 25][6, 15][6, 16][16, 28][17, 28][25, 28][3, 9] 
[4, 24, 3, 1, 23, 20, 7][19, 17, 22, 12, 8, 26][21, 5, 15, 2, 29][9, 14, 11, 25][0, 18, 13, 6][16, 10, 27][3, 9][25, 28][17, 28][16, 28][6, 16][6, 15] 
[4, 24, 3, 1, 23, 20, 7][19, 17, 22, 12, 8, 26][16, 10, 27, 29][9, 14, 11, 25][0, 18, 13, 6][2, 15, 5, 21][17, 28][16, 28][25, 28][3, 9][6, 16][6, 15] 
[4, 24, 3, 1, 23, 20, 7][19, 17, 22, 12, 8, 26][21, 5, 15, 2, 29][9, 14, 11, 25][0, 18, 13, 6][16, 10, 27][3, 9][25, 28][17, 28][16, 28][6, 16][6, 15] 
[4, 24, 3, 1, 23, 20, 7][19, 17, 22, 12, 8, 26][21, 5, 15, 2, 29][9, 14, 11, 25][0, 18, 13, 6][16, 10, 27][3, 9][25, 28][17, 28][16, 28][6, 16][6, 15] 
[4, 24, 3, 1, 23, 20, 7][19, 17, 22, 12, 8, 26][21, 5, 15, 2, 29][9, 14, 11, 25][0, 18, 13, 6][16, 10, 27][3, 9][25, 28][17, 28][16, 28][6, 16][6, 15] 
[4, 24, 3, 1, 23, 20, 7][19, 17, 22, 12, 8, 26][21, 5, 15, 2, 29][9, 14, 11, 25][0, 18, 13, 6][16, 10, 27][3, 9][25, 28][17, 28][16, 28][6, 16][6, 15] 
[4, 24, 3, 1, 23, 20, 7][19, 17, 22, 12, 8, 26][21, 5, 15, 2, 29][9, 14, 11, 25][0, 18, 13, 6][16, 10, 27][25, 28][17, 28][3, 9][16, 28][6, 16][6, 15] 
[4, 24, 3, 1, 23, 20, 7][19, 17, 22, 12, 8, 26][21, 5, 15, 2, 29][9, 14, 11, 25][0, 18, 13, 6][16, 10, 27][3, 9][25, 28][17, 28][16, 28][6, 16][6, 15] 
[4, 24, 3, 1, 23, 20, 7][19, 17, 22, 12, 8, 26][21, 5, 15, 2, 29][9, 14, 11, 25][0, 18, 13, 6][16, 10, 27][3, 9][25, 28][17, 28][16, 28][6, 16][6, 15] 
[4, 24, 3, 1, 23, 20, 7][19, 17, 22, 12, 8, 26][21, 5, 15, 2, 29][9, 14, 11, 25][0, 18, 13, 6][16, 10, 27][3, 9][25, 28][17, 28][16, 28][6, 16][6, 15] 
[4, 24, 3, 1, 23, 20, 7][19, 17, 22, 12, 8, 26][21, 5, 15, 2, 29][0, 18, 13, 6][9, 14, 11, 25][16, 10, 27][17, 28][16, 28][6, 16][25, 28][3, 9][6, 15] 
[4, 24, 3, 1, 23, 20, 7][19, 17, 22, 12, 8, 26][21, 5, 15, 2, 29][9, 14, 11, 25][0, 18, 13, 6][16, 10, 27][3, 9][25, 28][17, 28][16, 28][6, 16][6, 15] 
[4, 24, 3, 1, 23, 20, 7][19, 17, 22, 12, 8, 26][21, 5, 15, 2, 29][9, 14, 11, 25][0, 18, 13, 6][16, 10, 27][3, 9][25, 28][17, 28][16, 28][6, 16][6, 15] 
[4, 24, 3, 1, 23, 20, 7][19, 17, 22, 12, 8, 26][21, 5, 15, 2, 29][9, 14, 11, 25][0, 18, 13, 6][16, 10, 27][3, 9][25, 28][17, 28][16, 28][6, 16][6, 15] 
[4, 24, 3, 1, 23, 20, 7][19, 17, 22, 12, 8, 26][21, 5, 15, 2, 29][9, 14, 11, 25][0, 18, 13, 6][16, 10, 27][3, 9][25, 28][17, 28][16, 28][6, 16][6, 15] 
[4, 24, 3, 1, 23, 20, 7][19, 17, 22, 12, 8, 26][21, 5, 15, 2, 29][9, 14, 11, 25][0, 18, 13, 6][16, 10, 27][3, 9][25, 28][16, 28][17, 28][6, 16][6, 15] 
[4, 24, 3, 1, 23, 20, 7][19, 17, 22, 12, 8, 26][21, 5, 15, 2, 29][0, 18, 13, 6][9, 14, 11, 25][16, 10, 27][17, 28][16, 28][6, 16][25, 28][3, 9][6, 15] 
[4, 24, 3, 1, 23, 20, 7][19, 17, 22, 12, 8, 26][21, 5, 15, 2, 29][9, 14, 11, 25][0, 18, 13, 6][16, 28, 25][16, 10, 27][11, 14][17, 28][3, 9][6, 16][6, 15] 
[4, 24, 3, 1, 23, 20, 7][19, 17, 22, 12, 8, 26][21, 5, 15, 2, 29][9, 14, 11, 25][0, 18, 13, 6][16, 28, 25][16, 10, 27][11, 14][17, 28][3, 9][6, 16][6, 15] 
[4, 24, 3, 1, 23, 20, 7][19, 17, 22, 12, 8, 26][21, 5, 15, 2, 29][9, 14, 11, 25][0, 18, 13, 6][16, 28, 25][16, 10, 27][11, 14][17, 28][3, 9][6, 16][6, 15] 
[4, 24, 3, 1, 23, 20, 7][19, 17, 22, 12, 8, 26][21, 5, 15, 2, 29][9, 14, 11, 25][0, 18, 13, 6][16, 28, 25][16, 10, 27][11, 14][17, 28][3, 9][6, 16][6, 15] 
[4, 24, 3, 1, 23, 20, 7][19, 17, 22, 12, 8, 26][21, 5, 15, 2, 29][9, 14, 11, 25][0, 18, 13, 6][16, 28, 25][16, 10, 27][11, 14][17, 28][3, 9][6, 16][6, 15] 
[4, 24, 3, 1, 23, 20, 7][19, 17, 22, 12, 8, 26][21, 5, 15, 2, 29][9, 14, 11, 25][0, 18, 13, 6][16, 28, 25][16, 10, 27][11, 14][17, 28][3, 9][6, 16][6, 15] 
[4, 24, 3, 1, 23, 20, 7][19, 17, 22, 12, 8, 26][21, 5, 15, 2, 29][9, 14, 11, 25][0, 18, 13, 6][16, 10, 27][3, 9][25, 28][17, 28][16, 28][6, 16][6, 15] 
[4, 24, 3, 1, 23, 20, 7][19, 17, 22, 12, 8, 26][21, 5, 15, 2, 29][9, 14, 11, 25][0, 18, 13, 6][16, 10, 27][25, 28][17, 28][3, 9][16, 28][6, 16][6, 15] 
[4, 24, 3, 1, 23, 20, 7][19, 17, 22, 12, 8, 26][21, 5, 15, 2, 29][9, 14, 11, 25][0, 18, 13, 6][16, 10, 27][3, 9][25, 28][17, 28][16, 28][6, 16][6, 15] 
[4, 24, 3, 1, 23, 20, 7][19, 17, 22, 12, 8, 26][21, 5, 15, 2, 29][9, 14, 11, 25][0, 18, 13, 6][16, 10, 27][25, 28][16, 28][17, 28][3, 9][6, 16][6, 15] 
[4, 24, 3, 1, 23, 20, 7][19, 17, 22, 12, 8, 26][21, 5, 15, 2, 29][0, 18, 13, 6][9, 14, 11, 25][16, 10, 27][17, 28][16, 28][6, 16][25, 28][3, 9][6, 15] 
[4, 24, 3, 1, 23, 20, 7][19, 17, 22, 12, 8, 26][21, 5, 15, 2, 29][9, 14, 11, 25][0, 18, 13, 6][16, 10, 27][25, 28][16, 28][17, 28][3, 9][6, 16][6, 15] 
[4, 24, 3, 1, 23, 20, 7][19, 17, 22, 12, 8, 26][21, 5, 15, 2, 29][9, 14, 11, 25][0, 18, 13, 6][16, 10, 27][3, 9][25, 28][17, 28][16, 28][6, 16][6, 15] 
