[15, 10, 6, 5, 21, 2, 29][9, 1, 4, 24, 14][17, 12, 19, 8, 26][23, 3, 11, 25][16, 27, 7, 28][0, 13, 18, 22][1, 3][22, 25][17, 22][6, 13][4, 20][7, 20] 
[15, 10, 6, 5, 21, 2, 29][9, 1, 4, 24, 14][17, 12, 19, 8, 26][23, 3, 11, 25][16, 27, 7, 28][0, 13, 18, 22][1, 3][22, 25][17, 22][6, 13][4, 20][7, 20] 
[15, 10, 6, 5, 21, 2, 29][9, 1, 4, 24, 14][17, 12, 19, 8, 26][23, 3, 11, 25][16, 27, 7, 28][0, 13, 18, 22][1, 3][22, 25][17, 22][6, 13][4, 20][7, 20] 
[15, 10, 6, 5, 21, 2, 29][9, 1, 4, 24, 14][0, 13, 18, 22, 17][16, 27, 7, 28][23, 3, 11, 25][12, 19, 8, 26][7, 20][4, 20][1, 3][22, 25][12, 17][6, 13] 
[15, 10, 6, 5, 21, 2, 29][17, 12, 19, 8, 26][9, 1, 4, 24, 14][0, 13, 18, 22][23, 3, 11, 25][16, 27, 7, 28][6, 13][0, 26][22, 25][1, 3][4, 20][7, 20] 
[15, 10, 6, 5, 21, 2, 29][0, 13, 18, 22, 17][9, 1, 4, 24, 14][23, 3, 11, 25][12, 19, 8, 26][16, 27, 7, 28][22, 25][0, 26][1, 3][4, 20][6, 13][7, 20] 
[15, 10, 6, 5, 21, 2, 29][17, 12, 19, 8, 26][9, 1, 4, 24, 14][0, 13, 18, 22][23, 3, 11, 25][16, 27, 7, 28][6, 13][22, 25][17, 22][1, 3][4, 20][7, 20] 
[15, 10, 6, 5, 21, 2, 29][0, 13, 18, 22, 17][9, 1, 4, 24, 14][23, 3, 11, 25][12, 19, 8, 26][16, 27, 7, 28][22, 25][0, 26][1, 3][4, 20][6, 13][7, 20] 
[15, 10, 6, 5, 21, 2, 29][0, 13, 18, 22, 17][9, 1, 4, 24, 14][23, 3, 11, 25][12, 19, 8, 26][16, 27, 7, 28][22, 25][0, 26][1, 3][4, 20][6, 13][7, 20] 
[15, 10, 6, 5, 21, 2, 29][0, 13, 18, 22, 17][9, 1, 4, 24, 14][23, 3, 11, 25][12, 19, 8, 26][16, 27, 7, 28][6, 13][22, 25][0, 26][1, 3][4, 20][7, 20] 
[15, 10, 6, 5, 21, 2, 29][9, 1, 4, 24, 14][17, 12, 19, 8, 26][23, 3, 11, 25][16, 27, 7, 28][0, 13, 18, 22][1, 3][22, 25][17, 22][6, 13][4, 20][7, 20] 
[15, 10, 6, 5, 21, 2, 29][9, 1, 4, 24, 14][17, 12, 19, 8, 26][23, 3, 11, 25][0, 13, 18, 22][16, 27, 7, 28][1, 3][22, 25][6, 13][4, 20][17, 22][7, 20] 
[15, 10, 6, 5, 21, 2, 29][9, 1, 4, 24, 14][17, 12, 19, 8, 26][23, 3, 11, 25][16, 27, 7, 28][0, 13, 18, 22][1, 3][22, 25][17, 22][6, 13][4, 20][7, 20] 
[15, 10, 6, 5, 21, 2, 29][17, 12, 19, 8, 26][9, 1, 4, 24, 14][0, 13, 18, 22][23, 3, 11, 25][16, 27, 7, 28][6, 13][0, 26][22, 25][1, 3][4, 20][7, 20] 
[15, 10, 6, 5, 21, 2, 29][0, 13, 18, 22, 17][9, 1, 4, 24, 14][23, 3, 11, 25][12, 19, 8, 26][16, 27, 7, 28][22, 25][0, 26][1, 3][4, 20][6, 13][7, 20] 
[15, 10, 6, 5, 21, 2, 29][0, 13, 18, 22, 17][9, 1, 4, 24, 14][23, 3, 11, 25][12, 19, 8, 26][16, 27, 7, 28][22, 25][0, 26][1, 3][4, 20][6, 13][7, 20] 
[15, 10, 6, 5, 21, 2, 29][9, 1, 4, 24, 14][17, 12, 19, 8, 26][23, 3, 11, 25][0, 13, 18, 22][16, 27, 7, 28][1, 3][22, 25][6, 13][4, 20][17, 22][7, 20] 
[15, 10, 6, 5, 21, 2, 29][9, 1, 4, 24, 14][17, 12, 19, 8, 26][23, 3, 11, 25][16, 27, 7, 28][0, 13, 18, 22][1, 3][22, 25][17, 22][6, 13][4, 20][7, 20] 
[15, 10, 6, 5, 21, 2, 29][17, 12, 19, 8, 26][9, 1, 4, 24, 14][0, 13, 18, 22][23, 3, 11, 25][16, 27, 7, 28][6, 13][0, 26][22, 25][1, 3][4, 20][7, 20] 
[15, 10, 6, 5, 21, 2, 29][17, 12, 19, 8, 26][9, 1, 4, 24, 14][0, 13, 18, 22][23, 3, 11, 25][16, 27, 7, 28][6, 13][22, 25][1, 3][4, 20][7, 20][17, 22] 
[15, 10, 6, 5, 21, 2, 29][17, 12, 19, 8, 26][9, 1, 4, 24, 14][0, 13, 18, 22][23, 3, 11, 25][16, 27, 7, 28][17, 22][6, 13][22, 25][1, 3][4, 20][7, 20] 
[15, 10, 6, 5, 21, 2, 29][9, 1, 4, 24, 14][17, 12, 19, 8, 26][23, 3, 11, 25][16, 27, 7, 28][0, 13, 18, 22][1, 3][22, 25][17, 22][6, 13][4, 20][7, 20] 
[15, 10, 6, 5, 21, 2, 29][9, 1, 4, 24, 14][17, 12, 19, 8, 26][23, 3, 11, 25][0, 13, 18, 22][16, 27, 7, 28][1, 3][22, 25][6, 13][4, 20][17, 22][7, 20] 
[15, 10, 6, 5, 21, 2, 29][17, 12, 19, 8, 26][9, 1, 4, 24, 14][0, 13, 18, 22][23, 3, 11, 25][16, 27, 7, 28][6, 13][0, 26][22, 25][1, 3][4, 20][7, 20] 
[15, 10, 6, 5, 21, 2, 29][0, 13, 18, 22, 17][9, 1, 4, 24, 14][23, 3, 11, 25][12, 19, 8, 26][16, 27, 7, 28][22, 25][0, 26][1, 3][4, 20][6, 13][7, 20] 
[15, 10, 6, 5, 21, 2, 29][0, 13, 18, 22, 17][9, 1, 4, 24, 14][23, 3, 11, 25][12, 19, 8, 26][16, 27, 7, 28][22, 25][0, 26][1, 3][4, 20][6, 13][7, 20] 
[15, 10, 6, 5, 21, 2, 29][9, 1, 4, 24, 14][17, 12, 19, 8, 26][23, 3, 11, 25][16, 27, 7, 28][0, 13, 18, 22][1, 3][22, 25][17, 22][6, 13][4, 20][7, 20] 
[15, 10, 6, 5, 21, 2, 29][9, 1, 4, 24, 14][17, 12, 19, 8, 26][23, 3, 11, 25][16, 27, 7, 28][0, 13, 18, 22][1, 3][22, 25][17, 22][6, 13][4, 20][7, 20] 
[15, 10, 6, 5, 21, 2, 29][17, 12, 19, 8, 26][9, 1, 4, 24, 14][0, 13, 18, 22][23, 3, 11, 25][16, 27, 7, 28][6, 13][22, 25][0, 26][1, 3][4, 20][7, 20] 
[15, 10, 6, 5, 21, 2, 29][9, 1, 4, 24, 14][17, 12, 19, 8, 26][23, 3, 11, 25][16, 27, 7, 28][0, 13, 18, 22][1, 3][22, 25][17, 22][6, 13][4, 20][7, 20] 
[15, 10, 6, 5, 21, 2, 29][9, 1, 4, 24, 14][17, 12, 19, 8, 26][23, 3, 11, 25][16, 27, 7, 28][0, 13, 18, 22][1, 3][22, 25][17, 22][6, 13][4, 20][7, 20] 
[15, 10, 6, 5, 21, 2, 29][9, 1, 4, 24, 14][17, 12, 19, 8, 26][23, 3, 11, 25][16, 27, 7, 28][0, 13, 18, 22][1, 3][22, 25][17, 22][6, 13][4, 20][7, 20] 
[15, 10, 6, 5, 21, 2, 29][17, 12, 19, 8, 26][9, 1, 4, 24, 14][0, 13, 18, 22][23, 3, 11, 25][16, 27, 7, 28][6, 13][0, 26][22, 25][1, 3][4, 20][7, 20] 
[15, 10, 6, 5, 21, 2, 29][9, 1, 4, 24, 14][17, 12, 19, 8, 26][23, 3, 11, 25][16, 27, 7, 28][0, 13, 18, 22][1, 3][22, 25][17, 22][6, 13][4, 20][7, 20] 
[15, 10, 6, 5, 21, 2, 29][9, 1, 4, 24, 14][17, 12, 19, 8, 26][23, 3, 11, 25][16, 27, 7, 28][0, 13, 18, 22][1, 3][22, 25][17, 22][6, 13][4, 20][7, 20] 
[17, 28, 7, 27, 16, 15, 10, 6, 5, 21, 2, 29][8, 26, 0, 19, 12, 17, 22, 25, 11][7, 4, 24, 23, 1, 3, 9, 14][13, 18, 22][12, 19][12, 17][17, 22][22, 25][4, 20][7, 28][1, 23][7, 28] 
[17, 28, 7, 27, 16, 15, 10, 6, 5, 21, 2, 29][8, 26, 0, 19, 12, 17, 22, 25, 11][7, 4, 24, 23, 1, 3, 9, 14][13, 18, 22][12, 19][12, 17][17, 22][22, 25][4, 20][7, 28][1, 23][7, 28] 
[17, 28, 7, 27, 16, 15, 10, 6, 5, 21, 2, 29][8, 26, 0, 19, 12, 17, 22, 25, 11][7, 4, 24, 23, 1, 3, 9, 14][13, 18, 22][12, 19][12, 17][17, 22][22, 25][4, 20][7, 28][1, 23][7, 28] 
[28, 7, 27, 16, 15, 10, 6, 5, 21, 2, 29][8, 26, 0, 19, 12, 17, 22, 25, 11][7, 4, 24, 23, 1, 3, 9, 14][6, 13, 18, 12][4, 20][22, 25][12, 19][1, 23][12, 19][3, 9][5, 21][1, 23] 
[28, 7, 27, 16, 15, 10, 6, 5, 21, 2, 29][8, 26, 0, 19, 12, 17, 22, 25, 11][7, 4, 24, 23, 1, 3, 9, 14][6, 13, 18, 12][4, 20][22, 25][12, 19][1, 23][12, 19][3, 9][5, 21][1, 23] 
[28, 7, 27, 16, 15, 10, 6, 5, 21, 2, 29][8, 26, 0, 19, 12, 17, 22, 25, 11][7, 4, 24, 23, 1, 3, 9, 14][6, 13, 18][22, 25][17, 28][4, 20][1, 23][12, 19][1, 23][3, 9][12, 19] 
[17, 28, 7, 27, 16, 15, 10, 6, 5, 21, 2, 29][8, 26, 0, 19, 12, 17, 22, 25, 11][7, 4, 24, 23, 1, 3, 9, 14][13, 18, 22][12, 19][12, 17][17, 22][22, 25][4, 20][7, 28][1, 23][7, 28] 
[17, 28, 7, 27, 16, 15, 10, 6, 5, 21, 2, 29][8, 26, 0, 19, 12, 17, 22, 25, 11][7, 4, 24, 23, 1, 3, 9, 14][13, 18, 22][12, 19][12, 17][17, 22][22, 25][4, 20][7, 28][1, 23][7, 28] 
[28, 7, 27, 16, 15, 10, 6, 5, 21, 2, 29][8, 26, 0, 19, 12, 17, 22, 25, 11][7, 4, 24, 23, 1, 3, 9, 14][6, 13, 18, 12][4, 20][22, 25][12, 19][1, 23][12, 19][3, 9][5, 21][1, 23] 
[17, 28, 7, 27, 16, 15, 10, 6, 5, 21, 2, 29][8, 26, 0, 19, 12, 17, 22, 25, 11][7, 4, 24, 23, 1, 3, 9, 14][13, 18, 22][12, 19][12, 17][17, 22][22, 25][4, 20][7, 28][1, 23][7, 28] 
[17, 28, 7, 27, 16, 15, 10, 6, 5, 21, 2, 29][8, 26, 0, 19, 12, 17, 22, 25, 11][7, 4, 24, 23, 1, 3, 9, 14][13, 18, 22][12, 19][12, 17][17, 22][22, 25][4, 20][7, 28][1, 23][7, 28] 
[17, 28, 7, 27, 16, 15, 10, 6, 5, 21, 2, 29][8, 26, 0, 19, 12, 17, 22, 25, 11][7, 4, 24, 23, 1, 3, 9, 14][13, 18, 22][12, 19][12, 17][17, 22][22, 25][4, 20][7, 28][1, 23][7, 28] 
[28, 7, 27, 16, 15, 10, 6, 5, 21, 2, 29][8, 26, 0, 19, 12, 17, 22, 25, 11][7, 4, 24, 23, 1, 3, 9, 14][6, 13, 18, 12][4, 20][22, 25][12, 19][1, 23][12, 19][3, 9][5, 21][1, 23] 
[17, 28, 7, 27, 16, 15, 10, 6, 5, 21, 2, 29][8, 26, 0, 19, 12, 17, 22, 25, 11][7, 4, 24, 23, 1, 3, 9, 14][13, 18, 22][12, 19][12, 17][17, 22][22, 25][4, 20][7, 28][1, 23][7, 28] 
[17, 28, 7, 27, 16, 15, 10, 6, 5, 21, 2, 29][8, 26, 0, 19, 12, 17, 22, 25, 11][7, 4, 24, 23, 1, 3, 9, 14][13, 18, 22][12, 19][12, 17][17, 22][22, 25][4, 20][7, 28][1, 23][7, 28] 
[17, 28, 7, 27, 16, 15, 10, 6, 5, 21, 2, 29][8, 26, 0, 19, 12, 17, 22, 25, 11][7, 4, 24, 23, 1, 3, 9, 14][6, 13, 18][4, 20][22, 25][12, 19][1, 23][12, 19][3, 9][5, 21][1, 23] 
[17, 28, 7, 27, 16, 15, 10, 6, 5, 21, 2, 29][8, 26, 0, 19, 12, 17, 22, 25, 11][7, 4, 24, 23, 1, 3, 9, 14][6, 13, 18][4, 20][22, 25][12, 19][1, 23][12, 19][3, 9][5, 21][1, 23] 
[17, 28, 7, 27, 16, 15, 10, 6, 5, 21, 2, 29][8, 26, 0, 19, 12, 17, 22, 25, 11][7, 4, 24, 23, 1, 3, 9, 14][6, 13, 18, 12][4, 20][22, 25][12, 19][1, 23][12, 19][3, 9][5, 21][1, 23] 
[17, 28, 7, 27, 16, 15, 10, 6, 5, 21, 2, 29][8, 26, 0, 19, 12, 17, 22, 25, 11][7, 4, 24, 23, 1, 3, 9, 14][6, 13, 18][4, 20][22, 25][12, 19][1, 23][12, 19][3, 9][5, 21][1, 23] 
[17, 28, 7, 27, 16, 15, 10, 6, 5, 21, 2, 29][8, 26, 0, 19, 12, 17, 22, 25, 11][7, 4, 24, 23, 1, 3, 9, 14][6, 13, 18][4, 20][22, 25][12, 19][1, 23][12, 19][3, 9][5, 21][1, 23] 
[17, 28, 7, 27, 16, 15, 10, 6, 5, 21, 2, 29][8, 26, 0, 19, 12, 17, 22, 25, 11][7, 4, 24, 23, 1, 3, 9, 14][6, 13, 18][4, 20][22, 25][12, 19][1, 23][12, 19][3, 9][5, 21][1, 23] 
[15, 10, 6, 5, 21, 2, 29][9, 1, 4, 24, 14][17, 12, 19, 8, 26][23, 3, 11, 25][0, 13, 18, 22][16, 27, 7, 28][4, 20, 24][1, 3][22, 25][6, 13][17, 22][7, 20] 
[15, 10, 6, 5, 21, 2, 29][9, 1, 4, 24, 14][17, 12, 19, 8, 26][23, 3, 11, 25][16, 27, 7, 28][0, 13, 18, 22][4, 20, 24][1, 3][22, 25][17, 22][6, 13][7, 20] 
[15, 10, 6, 5, 21, 2, 29][9, 1, 4, 24, 14][17, 12, 19, 8, 26][23, 3, 11, 25][16, 27, 7, 28][0, 13, 18, 22][4, 20, 24][1, 3][22, 25][17, 22][6, 13][7, 20] 
[15, 10, 6, 5, 21, 2, 29][9, 1, 4, 24, 14][17, 12, 19, 8, 26][16, 27, 7, 28][23, 3, 11, 25][0, 13, 18, 22][4, 20, 24][7, 20][1, 3][22, 25][6, 13][17, 22] 
[15, 10, 6, 5, 21, 2, 29][9, 1, 4, 24, 14][17, 12, 19, 8, 26][23, 3, 11, 25][0, 13, 18, 22][16, 27, 7, 28][4, 20, 24][1, 3][22, 25][17, 22][6, 13][7, 20] 
[15, 10, 6, 5, 21, 2, 29][9, 1, 4, 24, 14][17, 12, 19, 8, 26][23, 3, 11, 25][0, 13, 18, 22][16, 27, 7, 28][4, 20, 24][1, 3][22, 25][17, 22][6, 13][7, 20] 
[15, 10, 6, 5, 21, 2, 29][9, 1, 4, 24, 14][17, 12, 19, 8, 26][23, 3, 11, 25][16, 27, 7, 28][0, 13, 18, 22][4, 20, 24][1, 3][22, 25][17, 22][6, 13][7, 20] 
[15, 10, 6, 5, 21, 2, 29][9, 1, 4, 24, 14][17, 12, 19, 8, 26][23, 3, 11, 25][16, 27, 7, 28][0, 13, 18, 22][4, 20, 24][1, 3][22, 25][17, 22][6, 13][7, 20] 
[15, 10, 6, 5, 21, 2, 29][17, 12, 19, 8, 26][9, 1, 4, 24, 14][0, 13, 18, 22][23, 3, 11, 25][16, 27, 7, 28][4, 20, 24][6, 13][22, 25][17, 22][1, 3][7, 20] 
[15, 10, 6, 5, 21, 2, 29][17, 12, 19, 8, 26][9, 1, 4, 24, 14][0, 13, 18, 22][23, 3, 11, 25][16, 27, 7, 28][4, 20, 24][6, 13][22, 25][17, 22][1, 3][7, 20] 
[15, 10, 6, 5, 21, 2, 29][17, 12, 19, 8, 26][9, 1, 4, 24, 14][0, 13, 18, 22][23, 3, 11, 25][16, 27, 7, 28][4, 20, 24][6, 13][22, 25][17, 22][1, 3][7, 20] 
[15, 10, 6, 5, 21, 2, 29][9, 1, 4, 24, 14][17, 12, 19, 8, 26][23, 3, 11, 25][16, 27, 7, 28][0, 13, 18, 22][4, 20, 24][1, 3][22, 25][17, 22][6, 13][7, 20] 
[15, 10, 6, 5, 21, 2, 29][9, 1, 4, 24, 14][17, 12, 19, 8, 26][23, 3, 11, 25][0, 13, 18, 22][16, 27, 7, 28][4, 20, 24][1, 3][22, 25][17, 22][6, 13][7, 20] 
[15, 10, 6, 5, 21, 2, 29][17, 12, 19, 8, 26][9, 1, 4, 24, 14][0, 13, 18, 22][23, 3, 11, 25][16, 27, 7, 28][4, 20, 24][6, 13][22, 25][17, 22][1, 3][7, 20] 
[15, 10, 6, 5, 21, 2, 29][17, 12, 19, 8, 26][9, 1, 4, 24, 14][0, 13, 18, 22][23, 3, 11, 25][16, 27, 7, 28][4, 20, 24][6, 13][22, 25][17, 22][1, 3][7, 20] 
[15, 10, 6, 5, 21, 2, 29][9, 1, 4, 24, 14][17, 12, 19, 8, 26][23, 3, 11, 25][0, 13, 18, 22][16, 27, 7, 28][1, 3][22, 25][6, 13][4, 20][17, 22][7, 20] 
[15, 10, 6, 5, 21, 2, 29][9, 1, 4, 24, 14][17, 12, 19, 8, 26][16, 27, 7, 28][23, 3, 11, 25][0, 13, 18, 22][7, 20][4, 20][1, 3][22, 25][17, 22][6, 13] 
[15, 10, 6, 5, 21, 2, 29][17, 12, 19, 8, 26][9, 1, 4, 24, 14][0, 13, 18, 22][23, 3, 11, 25][16, 27, 7, 28][17, 22][22, 25][1, 3][4, 20][7, 20][6, 13] 
[15, 10, 6, 5, 21, 2, 29][9, 1, 4, 24, 14][17, 12, 19, 8, 26][23, 3, 11, 25][16, 27, 7, 28][0, 13, 18, 22][1, 3][22, 25][17, 22][6, 13][4, 20][7, 20] 
[15, 10, 6, 5, 21, 2, 29][9, 1, 4, 24, 14][17, 12, 19, 8, 26][23, 3, 11, 25][16, 27, 7, 28][0, 13, 18, 22][1, 3][22, 25][17, 22][6, 13][4, 20][7, 20] 
[15, 10, 6, 5, 21, 2, 29][9, 1, 4, 24, 14, 23][17, 12, 19, 8, 26][0, 13, 18, 22][16, 27, 7, 28][3, 11, 25][6, 13][17, 22][22, 25][1, 3][4, 20][7, 20] 
[15, 10, 6, 5, 21, 2, 29][9, 1, 4, 24, 14][17, 12, 19, 8, 26][23, 3, 11, 25][0, 13, 18, 22][16, 27, 7, 28][4, 20, 24][1, 3][22, 25][17, 22][6, 13][7, 20] 
[15, 10, 6, 5, 21, 2, 29][9, 1, 4, 24, 14][17, 12, 19, 8, 26][23, 3, 11, 25][16, 27, 7, 28][0, 13, 18, 22][4, 20, 24][1, 3][22, 25][17, 22][6, 13][7, 20] 
[15, 10, 6, 5, 21, 2, 29][9, 1, 4, 24, 14][17, 12, 19, 8, 26][23, 3, 11, 25][0, 13, 18, 22][16, 27, 7, 28][4, 20, 24][1, 3][22, 25][17, 22][6, 13][7, 20] 
[15, 10, 6, 5, 21, 2, 29][17, 12, 19, 8, 26][9, 1, 4, 24, 14][0, 13, 18, 22][23, 3, 11, 25][16, 27, 7, 28][4, 20, 24][6, 13][22, 25][17, 22][1, 3][7, 20] 
[15, 10, 6, 5, 21, 2, 29][17, 12, 19, 8, 26][9, 1, 4, 24, 14][0, 13, 18, 22][23, 3, 11, 25][16, 27, 7, 28][4, 20, 24][6, 13][22, 25][17, 22][1, 3][7, 20] 
[15, 10, 6, 5, 21, 2, 29][9, 1, 4, 24, 14][17, 12, 19, 8, 26][23, 3, 11, 25][16, 27, 7, 28][0, 13, 18, 22][1, 3][22, 25][17, 22][6, 13][4, 20][7, 20] 
[15, 10, 6, 5, 21, 2, 29][9, 1, 4, 24, 14][17, 12, 19, 8, 26][16, 27, 7, 28][23, 3, 11, 25][0, 13, 18, 22][4, 20, 24][7, 20][1, 3][22, 25][6, 13][17, 22] 
[15, 10, 6, 5, 21, 2, 29][9, 1, 4, 24, 14][17, 12, 19, 8, 26][23, 3, 11, 25][16, 27, 7, 28][0, 13, 18, 22][1, 3][22, 25][17, 22][6, 13][4, 20][7, 20] 
[15, 10, 6, 5, 21, 2, 29][9, 1, 4, 24, 14][17, 12, 19, 8, 26][23, 3, 11, 25][16, 27, 7, 28][0, 13, 18, 22][1, 3][22, 25][17, 22][6, 13][4, 20][7, 20] 
[15, 10, 6, 5, 21, 2, 29][9, 1, 4, 24, 14][17, 12, 19, 8, 26][23, 3, 11, 25][16, 27, 7, 28][0, 13, 18, 22][1, 3][22, 25][17, 22][6, 13][4, 20][7, 20] 
[15, 10, 6, 5, 21, 2, 29][9, 1, 4, 24, 14][17, 12, 19, 8, 26][23, 3, 11, 25][16, 27, 7, 28][0, 13, 18, 22][1, 3][22, 25][17, 22][6, 13][4, 20][7, 20] 
[15, 10, 6, 5, 21, 2, 29][9, 1, 4, 24, 14][17, 12, 19, 8, 26][23, 3, 11, 25][16, 27, 7, 28][0, 13, 18, 22][1, 3][22, 25][17, 22][6, 13][4, 20][7, 20] 
[15, 10, 6, 5, 21, 2, 29][9, 1, 4, 24, 14][17, 12, 19, 8, 26][23, 3, 11, 25][16, 27, 7, 28][0, 13, 18, 22][1, 3][22, 25][17, 22][6, 13][4, 20][7, 20] 
[15, 10, 6, 5, 21, 2, 29][17, 12, 19, 8, 26][9, 1, 4, 24, 14][0, 13, 18, 22][23, 3, 11, 25][16, 27, 7, 28][6, 13][22, 25][1, 3][4, 20][7, 20][17, 22] 
[15, 10, 6, 5, 21, 2, 29][17, 12, 19, 8, 26][9, 1, 4, 24, 14][0, 13, 18, 22][23, 3, 11, 25][16, 27, 7, 28][6, 13][22, 25][1, 3][4, 20][7, 20][17, 22] 
[15, 10, 6, 5, 21, 2, 29][9, 1, 4, 24, 14][17, 12, 19, 8, 26][23, 3, 11, 25][16, 27, 7, 28][0, 13, 18, 22][1, 3][22, 25][17, 22][6, 13][4, 20][7, 20] 
[15, 10, 6, 5, 21, 2, 29][17, 12, 19, 8, 26][9, 1, 4, 24, 14][0, 13, 18, 22][23, 3, 11, 25][16, 27, 7, 28][6, 13][22, 25][1, 3][4, 20][7, 20][17, 22] 
[15, 10, 6, 5, 21, 2, 29][9, 1, 4, 24, 14][17, 12, 19, 8, 26][23, 3, 11, 25][16, 27, 7, 28][0, 13, 18, 22][1, 3][22, 25][17, 22][6, 13][4, 20][7, 20] 
[15, 10, 6, 5, 21, 2, 29][9, 1, 4, 24, 14][17, 12, 19, 8, 26][23, 3, 11, 25][0, 13, 18, 22][16, 27, 7, 28][1, 3][22, 25][6, 13][4, 20][17, 22][7, 20] 
[15, 10, 6, 5, 21, 2, 29][9, 1, 4, 24, 14][17, 12, 19, 8, 26][23, 3, 11, 25][0, 13, 18, 22][16, 27, 7, 28][1, 3][22, 25][6, 13][4, 20][17, 22][7, 20] 
[15, 10, 6, 5, 21, 2, 29][9, 1, 4, 24, 14][17, 12, 19, 8, 26][23, 3, 11, 25][16, 27, 7, 28][0, 13, 18, 22][1, 3][22, 25][17, 22][6, 13][4, 20][7, 20] 
[15, 10, 6, 5, 21, 2, 29][9, 1, 4, 24, 14][17, 12, 19, 8, 26][16, 27, 7, 28][23, 3, 11, 25][0, 13, 18, 22][7, 20][4, 20][1, 3][22, 25][17, 22][6, 13] 
[15, 10, 6, 5, 21, 2, 29][9, 1, 4, 24, 14][17, 12, 19, 8, 26][23, 3, 11, 25][16, 27, 7, 28][0, 13, 18, 22][4, 20, 7][1, 3][22, 25][17, 22][6, 13][7, 20] 
[15, 10, 6, 5, 21, 2, 29][9, 1, 4, 24, 14][17, 12, 19, 8, 26][23, 3, 11, 25][16, 27, 7, 28][0, 13, 18, 22][4, 20, 7][1, 3][22, 25][17, 22][6, 13][7, 20] 
[15, 10, 6, 5, 21, 2, 29][9, 1, 4, 24, 14][17, 12, 19, 8, 26][23, 3, 11, 25][16, 27, 7, 28][0, 13, 18, 22][4, 20, 7][1, 3][22, 25][17, 22][6, 13][7, 20] 
[15, 10, 6, 5, 21, 2, 29][9, 1, 4, 24, 14][17, 12, 19, 8, 26][23, 3, 11, 25][16, 27, 7, 28][0, 13, 18, 22][4, 20, 7][1, 3][22, 25][17, 22][6, 13][7, 20] 
[15, 10, 6, 5, 21, 2, 29][9, 1, 4, 24, 14][17, 12, 19, 8, 26][23, 3, 11, 25][16, 27, 7, 28][0, 13, 18, 22][4, 20, 7][1, 3][22, 25][17, 22][6, 13][7, 20] 
[15, 10, 6, 5, 21, 2, 29][17, 12, 19, 8, 26][0, 13, 18, 22, 17][9, 1, 4, 24, 14][23, 3, 11, 25][16, 27, 7, 28][1, 3, 23][12, 19][22, 25][6, 13][4, 20][7, 20] 
[15, 10, 6, 5, 21, 2, 29][17, 12, 19, 8, 26][9, 1, 4, 24, 14][23, 3, 11, 25][0, 13, 18, 22][16, 27, 7, 28][4, 20, 24][22, 25][6, 13][17, 22][1, 3][7, 20] 
[15, 10, 6, 5, 21, 2, 29][9, 1, 4, 24, 14][17, 12, 19, 8, 26][23, 3, 11, 25][16, 27, 7, 28][0, 13, 18, 22][4, 20, 24][1, 3][22, 25][17, 22][6, 13][7, 20] 
[15, 10, 6, 5, 21, 2, 29][9, 1, 4, 24, 14][17, 12, 19, 8, 26][23, 3, 11, 25][0, 13, 18, 22][16, 27, 7, 28][4, 20, 24][1, 3][22, 25][17, 22][6, 13][7, 20] 
[15, 10, 6, 5, 21, 2, 29][9, 1, 4, 24, 14][17, 12, 19, 8, 26][23, 3, 11, 25][0, 13, 18, 22][16, 27, 7, 28][4, 20, 24][1, 3][22, 25][17, 22][6, 13][7, 20] 
[15, 10, 6, 5, 21, 2, 29][17, 12, 19, 8, 26][9, 1, 4, 24, 14][0, 13, 18, 22][23, 3, 11, 25][16, 27, 7, 28][4, 20, 24][6, 13][22, 25][17, 22][1, 3][7, 20] 
[15, 10, 6, 5, 21, 2, 29][9, 1, 4, 24, 14][17, 12, 19, 8, 26][23, 3, 11, 25][0, 13, 18, 22][16, 27, 7, 28][1, 3][22, 25][6, 13][4, 20][17, 22][7, 20] 
[15, 10, 6, 5, 21, 2, 29][9, 1, 4, 24, 14][17, 12, 19, 8, 26][23, 3, 11, 25][0, 13, 18, 22][16, 27, 7, 28][4, 20, 24][1, 3][22, 25][17, 22][6, 13][7, 20] 
