[11, 25, 22, 19, 8, 26][12, 17, 28, 7, 27][1, 9, 23, 20, 4][5, 21, 15, 10, 29][0, 18, 13, 6][16, 2, 29][3, 24, 14][6, 16][0, 17][7, 20][9, 14][3, 11] 
[11, 25, 22, 19, 8, 26][12, 17, 28, 7, 27][1, 9, 23, 20, 4][5, 21, 15, 10, 29][0, 18, 13, 6][3, 24, 14][16, 2, 29][6, 16][0, 17][7, 20][9, 14][18, 22] 
[11, 25, 22, 19, 8, 26][12, 17, 28, 7, 27][1, 9, 23, 20, 4][5, 21, 15, 10, 29][0, 18, 13, 6][3, 24, 14][16, 2, 29][7, 20][9, 14][7, 16][0, 17][18, 22] 
[11, 25, 22, 19, 8, 26][12, 17, 28, 7, 27][1, 9, 23, 20, 4][5, 21, 15, 10, 29][0, 18, 13, 6][3, 24, 14][16, 2, 29][7, 20][9, 14][7, 16][0, 17][18, 22] 
[11, 25, 22, 19, 8, 26][1, 9, 23, 20, 4][12, 17, 28, 7, 27][5, 21, 15, 10, 29][0, 18, 13, 6][3, 24, 14][2, 16, 6][3, 11][9, 14][7, 20][0, 17][2, 29] 
[11, 25, 22, 19, 8, 26][12, 17, 28, 7, 27][1, 9, 23, 20, 4][5, 21, 15, 10, 29][0, 18, 13, 6][2, 16, 6][3, 24, 14][0, 17][7, 20][18, 22][9, 14][2, 29] 
[11, 25, 22, 19, 8, 26][12, 17, 28, 7, 27][1, 9, 23, 20, 4][5, 21, 15, 10, 29][0, 18, 13, 6][2, 16, 6][3, 24, 14][0, 17][7, 20][18, 22][9, 14][2, 29] 
[11, 25, 22, 19, 8, 26][12, 17, 28, 7, 27][1, 9, 23, 20, 4][5, 21, 15, 10, 29][0, 18, 13, 6][2, 16, 6][3, 24, 14][18, 22][0, 17][7, 20][9, 14][2, 29] 
[11, 25, 22, 19, 8, 26][12, 17, 28, 7, 27][1, 9, 23, 20, 4][5, 21, 15, 10, 29][0, 18, 13, 6][2, 16, 6][3, 24, 14][0, 17][7, 20][18, 22][9, 14][2, 29] 
[11, 25, 22, 19, 8, 26][5, 21, 15, 10, 29][12, 17, 28, 7, 27][1, 9, 23, 20, 4][0, 18, 13, 6][2, 16, 6][3, 24, 14][2, 29][18, 22][0, 17][7, 20][9, 14] 
[11, 25, 22, 19, 8, 26][5, 21, 15, 10, 29][12, 17, 28, 7, 27][1, 9, 23, 20, 4][0, 18, 13, 6][16, 2, 29][3, 24, 14][6, 16][0, 17][7, 20][9, 14][3, 11] 
[11, 25, 22, 19, 8, 26][12, 17, 28, 7, 27][1, 9, 23, 20, 4][5, 21, 15, 10, 29][0, 18, 13, 6][2, 16, 6][3, 24, 14][7, 20][0, 17][9, 14][2, 29][18, 22] 
[11, 25, 22, 19, 8, 26][12, 17, 28, 7, 27][1, 9, 23, 20, 4][5, 21, 15, 10, 29][0, 18, 13, 6][3, 24, 14][16, 2, 29][7, 20][9, 14][7, 16][0, 17][18, 22] 
[11, 25, 22, 19, 8, 26][1, 9, 23, 20, 4][12, 17, 28, 7, 27][5, 21, 15, 10, 29][0, 18, 13, 6][3, 24, 14][2, 16, 6][3, 11][9, 14][7, 20][0, 17][2, 29] 
[11, 25, 22, 19, 8, 26][12, 17, 28, 7, 27][1, 9, 23, 20, 4][5, 21, 15, 10, 29][0, 18, 13, 6][2, 16, 6][3, 24, 14][0, 17][7, 20][18, 22][9, 14][2, 29] 
[11, 25, 22, 19, 8, 26][12, 17, 28, 7, 27][1, 9, 23, 20, 4][5, 21, 15, 10, 29][0, 18, 13, 6][2, 16, 6][3, 24, 14][0, 17][7, 20][18, 22][9, 14][2, 29] 
[11, 25, 22, 19, 8, 26][5, 21, 15, 10, 29][12, 17, 28, 7, 27][1, 9, 23, 20, 4][0, 18, 13, 6][16, 2, 29][3, 24, 14][6, 16][0, 17][7, 20][9, 14][3, 11] 
[11, 25, 22, 19, 8, 26][5, 21, 15, 10, 29][12, 17, 28, 7, 27][1, 9, 23, 20, 4][0, 18, 13, 6][2, 16, 6][3, 24, 14][2, 29][18, 22][0, 17][7, 20][9, 14] 
[11, 25, 22, 19, 8, 26][12, 17, 28, 7, 27][1, 9, 23, 20, 4][5, 21, 15, 10, 29][0, 18, 13, 6][3, 24, 14][2, 16, 6][7, 20][9, 14][0, 17][3, 11][2, 29] 
[11, 25, 22, 19, 8, 26][12, 17, 28, 7, 27][1, 9, 23, 20, 4][5, 21, 15, 10, 29][0, 18, 13, 6][16, 2, 29][3, 24, 14][6, 16][0, 17][7, 20][9, 14][3, 11] 
[11, 25, 22, 19, 8, 26][1, 9, 23, 20, 4][12, 17, 28, 7, 27][5, 21, 15, 10, 29][0, 18, 13, 6][3, 24, 14][16, 2, 29][3, 11][9, 14][7, 20][0, 17][6, 16] 
[11, 25, 22, 19, 8, 26][5, 21, 15, 10, 29][12, 17, 28, 7, 27][1, 9, 23, 20, 4][0, 18, 13, 6][2, 16, 6][3, 24, 14][2, 29][18, 22][0, 17][7, 20][9, 14] 
[11, 25, 22, 19, 8, 26][12, 17, 28, 7, 27][1, 9, 23, 20, 4][5, 21, 15, 10, 29][0, 18, 13, 6][3, 24, 14][16, 2, 29][7, 20][9, 14][7, 16][0, 17][18, 22] 
[11, 25, 22, 19, 8, 26][1, 9, 23, 20, 4][12, 17, 28, 7, 27][5, 21, 15, 10, 29][0, 18, 13, 6][3, 24, 14][2, 16, 6][3, 11][9, 14][7, 20][0, 17][2, 29] 
[11, 25, 22, 19, 8, 26][5, 21, 15, 10, 29][12, 17, 28, 7, 27][1, 9, 23, 20, 4][0, 18, 13, 6][2, 16, 6][3, 24, 14][2, 29][18, 22][0, 17][7, 20][9, 14] 
[11, 25, 22, 19, 8, 26][12, 17, 28, 7, 27][1, 9, 23, 20, 4][5, 21, 15, 10, 29][0, 18, 13, 6][2, 16, 6][3, 24, 14][0, 17][7, 20][18, 22][9, 14][2, 29] 
[11, 25, 22, 19, 8, 26][1, 9, 23, 20, 4][12, 17, 28, 7, 27][5, 21, 15, 10, 29][0, 18, 13, 6][3, 24, 14][16, 2, 29][3, 11][9, 14][7, 20][0, 17][6, 16] 
[11, 25, 22, 19, 8, 26][5, 21, 15, 10, 29][12, 17, 28, 7, 27][1, 9, 23, 20, 4][0, 18, 13, 6][2, 16, 6][3, 24, 14][2, 29][18, 22][0, 17][7, 20][9, 14] 
[11, 25, 22, 19, 8, 26][1, 9, 23, 20, 4][12, 17, 28, 7, 27][5, 21, 15, 10, 29][0, 18, 13, 6][3, 24, 14][2, 16, 6][3, 11][9, 14][7, 20][0, 17][2, 29] 
[11, 25, 22, 19, 8, 26][5, 21, 15, 10, 29][12, 17, 28, 7, 27][1, 9, 23, 20, 4][0, 18, 13, 6][16, 2, 29][3, 24, 14][6, 16][0, 17][7, 20][9, 14][3, 11] 
[11, 25, 22, 19, 8, 26][1, 9, 23, 20, 4][12, 17, 28, 7, 27][5, 21, 15, 10, 29][0, 18, 13, 6][3, 24, 14][16, 2, 29][9, 14][3, 11][7, 20][0, 17][6, 16] 
[11, 25, 22, 19, 8, 26][5, 21, 15, 10, 29][12, 17, 28, 7, 27][1, 9, 23, 20, 4][0, 18, 13, 6][2, 16, 6][3, 24, 14][2, 29][18, 22][0, 17][7, 20][9, 14] 
[11, 25, 22, 19, 8, 26][1, 9, 23, 20, 4][12, 17, 28, 7, 27][5, 21, 15, 10, 29][0, 18, 13, 6][3, 24, 14][2, 16, 6][9, 14][3, 11][7, 20][0, 17][2, 29] 
[11, 25, 22, 19, 8, 26][1, 9, 23, 20, 4][12, 17, 28, 7, 27][5, 21, 15, 10, 29][0, 18, 13, 6][3, 24, 14][16, 2, 29][3, 11][9, 14][7, 20][0, 17][6, 16] 
[11, 25, 22, 19, 8, 26][1, 9, 23, 20, 4][12, 17, 28, 7, 27][5, 21, 15, 10, 29][0, 18, 13, 6][3, 24, 14][16, 2, 29][9, 14][3, 11][7, 20][0, 17][6, 16] 
[6, 13, 18, 19, 8, 26, 0, 25, 22, 12, 17, 28, 7, 27][6, 5, 21, 15, 10, 29][4, 20, 24, 3, 11, 25][1, 9, 14, 20][16, 2, 29][27, 7, 28][1, 9][4, 23][15, 21][13, 18][3, 24][3, 24] 
[6, 13, 18, 19, 8, 26, 0, 25, 22, 12, 17, 28, 7, 27][6, 5, 21, 15, 10, 29][4, 20, 24, 3, 11, 25][1, 9, 14, 20][16, 2, 29][27, 7, 28][1, 9][4, 23][15, 21][13, 18][3, 24][3, 24] 
[6, 13, 18, 19, 8, 26, 0, 25, 22, 12, 17, 28, 7, 27][6, 5, 21, 15, 10, 29][4, 20, 24, 3, 11, 25][1, 9, 14, 20][16, 2, 29][27, 7, 28][1, 9][4, 23][15, 21][13, 18][3, 24][3, 24] 
[18, 19, 8, 26, 0, 25, 22, 12, 17, 28, 7, 27][10, 15, 21, 5, 6, 2, 29, 27][4, 20, 24, 3, 11, 25][1, 9, 14, 20][3, 24][2, 16][8, 19][4, 23][6, 13][0, 26][3, 24][15, 21] 
[18, 19, 8, 26, 0, 25, 22, 12, 17, 28, 7, 27][10, 15, 21, 5, 6, 2, 29, 27][4, 20, 24, 3, 11, 25][1, 9, 14, 20][3, 24][2, 16][8, 19][4, 23][6, 13][0, 26][3, 24][15, 21] 
[6, 13, 18, 19, 8, 26, 0, 25, 22, 12, 17, 28, 7, 27][20, 24, 3, 11, 25][5, 21, 15, 10, 29][1, 9, 23, 20, 4][16, 2, 29][6, 16][9, 14][13, 18][3, 11][13, 18][3, 11][15, 21] 
[6, 13, 18, 19, 8, 26, 0, 25, 22, 12, 17, 28, 7, 27][6, 5, 21, 15, 10, 29][4, 20, 24, 3, 11, 25][1, 9, 14, 20][16, 2, 29][27, 7, 28][1, 9][4, 23][15, 21][13, 18][3, 24][3, 24] 
[6, 13, 18, 19, 8, 26, 0, 25, 22, 12, 17, 28, 7, 27][6, 5, 21, 15, 10, 29][4, 20, 24, 3, 11, 25][1, 9, 14, 20][16, 2, 29][27, 7, 28][1, 9][4, 23][15, 21][13, 18][3, 24][3, 24] 
[18, 19, 8, 26, 0, 25, 22, 12, 17, 28, 7, 27][10, 15, 21, 5, 6, 2, 29, 27][4, 20, 24, 3, 11, 25][1, 9, 14, 20][3, 24][2, 16][8, 19][4, 23][6, 13][0, 26][3, 24][15, 21] 
[6, 13, 18, 19, 8, 26, 0, 25, 22, 12, 17, 28, 7, 27][6, 5, 21, 15, 10, 29][4, 20, 24, 3, 11, 25][1, 9, 14, 20][16, 2, 29][27, 7, 28][1, 9][4, 23][15, 21][13, 18][3, 24][3, 24] 
[6, 13, 18, 19, 8, 26, 0, 25, 22, 12, 17, 28, 7, 27][6, 5, 21, 15, 10, 29][4, 20, 24, 3, 11, 25][1, 9, 14, 20][16, 2, 29][27, 7, 28][1, 9][4, 23][15, 21][13, 18][3, 24][3, 24] 
[6, 13, 18, 19, 8, 26, 0, 25, 22, 12, 17, 28, 7, 27][6, 5, 21, 15, 10, 29][4, 20, 24, 3, 11, 25][1, 9, 14, 20][16, 2, 29][27, 7, 28][1, 9][4, 23][15, 21][13, 18][3, 24][3, 24] 
[18, 19, 8, 26, 0, 25, 22, 12, 17, 28, 7, 27][10, 15, 21, 5, 6, 2, 29, 27][4, 20, 24, 3, 11, 25][1, 9, 14, 20][3, 24][2, 16][8, 19][4, 23][6, 13][0, 26][3, 24][15, 21] 
[6, 13, 18, 19, 8, 26, 0, 25, 22, 12, 17, 28, 7, 27][6, 5, 21, 15, 10, 29][4, 20, 24, 3, 11, 25][1, 9, 14, 20][16, 2, 29][27, 7, 28][1, 9][4, 23][15, 21][13, 18][3, 24][3, 24] 
[6, 13, 18, 19, 8, 26, 0, 25, 22, 12, 17, 28, 7, 27][6, 5, 21, 15, 10, 29][4, 20, 24, 3, 11, 25][1, 9, 14, 20][16, 2, 29][27, 7, 28][1, 9][4, 23][15, 21][13, 18][3, 24][3, 24] 
[6, 13, 18, 19, 8, 26, 0, 25, 22, 12, 17, 28, 7, 27][18, 13, 6, 10, 16, 2, 29][6, 5, 21, 15, 10, 29][4, 20, 24, 3, 11, 25][1, 9, 14, 20][27, 7, 28][1, 9][4, 23][15, 21][13, 18][3, 24][3, 24] 
[6, 13, 18, 19, 8, 26, 0, 25, 22, 12, 17, 28, 7, 27][18, 13, 6, 10, 16, 2, 29][6, 5, 21, 15, 10, 29][4, 20, 24, 3, 11, 25][1, 9, 14, 20][27, 7, 28][1, 9][4, 23][15, 21][13, 18][3, 24][3, 24] 
[6, 13, 18, 19, 8, 26, 0, 25, 22, 12, 17, 28, 7, 27][6, 5, 21, 15, 10, 29][4, 20, 24, 3, 11, 25][1, 9, 14, 20][16, 2, 29][27, 7, 28][1, 9][4, 23][15, 21][13, 18][3, 24][3, 24] 
[6, 13, 18, 19, 8, 26, 0, 25, 22, 12, 17, 28, 7, 27][18, 13, 6, 10, 16, 2, 29][6, 5, 21, 15, 10, 29][4, 20, 24, 3, 11, 25][1, 9, 14, 20][27, 7, 28][1, 9][4, 23][15, 21][13, 18][3, 24][3, 24] 
[6, 13, 18, 19, 8, 26, 0, 25, 22, 12, 17, 28, 7, 27][18, 13, 6, 10, 16, 2, 29][6, 5, 21, 15, 10, 29][4, 20, 24, 3, 11, 25][1, 9, 14, 20][27, 7, 28][1, 9][4, 23][15, 21][13, 18][3, 24][3, 24] 
[6, 13, 18, 19, 8, 26, 0, 25, 22, 12, 17, 28, 7, 27][4, 20, 24, 3, 11, 25, 28, 17, 22, 12][10, 15, 21, 5, 6, 2, 29][1, 9, 14, 20][3, 24][2, 16][8, 19][4, 23][13, 18][0, 26][3, 24][15, 21] 
[11, 25, 22, 19, 8, 26][5, 21, 15, 10, 29][12, 17, 28, 7, 27][1, 9, 23, 20, 4][0, 18, 13, 6][2, 16, 6][3, 24, 14][2, 29][18, 22][0, 17][7, 20][9, 14] 
[11, 25, 22, 19, 8, 26][12, 17, 28, 7, 27][1, 9, 23, 20, 4][5, 21, 15, 10, 29][0, 18, 13, 6][2, 16, 6][3, 24, 14][18, 22][0, 17][7, 20][9, 14][2, 29] 
[11, 25, 22, 19, 8, 26][12, 17, 28, 7, 27][1, 9, 23, 20, 4][5, 21, 15, 10, 29][0, 18, 13, 6][2, 16, 6][3, 24, 14][0, 17][7, 20][18, 22][9, 14][2, 29] 
[11, 25, 22, 19, 8, 26][12, 17, 28, 7, 27][1, 9, 23, 20, 4][5, 21, 15, 10, 29][0, 18, 13, 6][2, 16, 6][3, 24, 14][0, 17][7, 20][18, 22][9, 14][2, 29] 
[11, 25, 22, 19, 8, 26][12, 17, 28, 7, 27][1, 9, 23, 20, 4][5, 21, 15, 10, 29][0, 18, 13, 6][2, 16, 6][3, 24, 14][18, 22][0, 17][7, 20][9, 14][2, 29] 
[11, 25, 22, 19, 8, 26][5, 21, 15, 10, 29][12, 17, 28, 7, 27][1, 9, 23, 20, 4][0, 18, 13, 6][2, 16, 6][3, 24, 14][18, 22][2, 29][0, 17][7, 20][9, 14] 
[11, 25, 22, 19, 8, 26][12, 17, 28, 7, 27][1, 9, 23, 20, 4][5, 21, 15, 10, 29][0, 18, 13, 6][2, 16, 6][3, 24, 14][18, 22][0, 17][7, 20][9, 14][2, 29] 
[11, 25, 22, 19, 8, 26][5, 21, 15, 10, 29][12, 17, 28, 7, 27][1, 9, 23, 20, 4][0, 18, 13, 6][2, 16, 6][3, 24, 14][18, 22][2, 29][0, 17][7, 20][9, 14] 
[11, 25, 22, 19, 8, 26][5, 21, 15, 10, 29][12, 17, 28, 7, 27][1, 9, 23, 20, 4][0, 18, 13, 6][2, 16, 6][3, 24, 14][18, 22][2, 29][0, 17][7, 20][9, 14] 
[11, 25, 22, 19, 8, 26][5, 21, 15, 10, 29][12, 17, 28, 7, 27][1, 9, 23, 20, 4][0, 18, 13, 6][2, 16, 6][3, 24, 14][18, 22][2, 29][0, 17][7, 20][9, 14] 
[11, 25, 22, 19, 8, 26][5, 21, 15, 10, 29][12, 17, 28, 7, 27][1, 9, 23, 20, 4][0, 18, 13, 6][2, 16, 6][3, 24, 14][2, 29][18, 22][0, 17][7, 20][9, 14] 
[11, 25, 22, 19, 8, 26][5, 21, 15, 10, 29][12, 17, 28, 7, 27][1, 9, 23, 20, 4][0, 18, 13, 6][2, 16, 6][3, 24, 14][2, 29][18, 22][0, 17][7, 20][9, 14] 
[11, 25, 22, 19, 8, 26][5, 21, 15, 10, 29][12, 17, 28, 7, 27][1, 9, 23, 20, 4][0, 18, 13, 6][2, 16, 6][3, 24, 14][18, 22][2, 29][0, 17][7, 20][9, 14] 
[11, 25, 22, 19, 8, 26][5, 21, 15, 10, 29][12, 17, 28, 7, 27][1, 9, 23, 20, 4][0, 18, 13, 6][2, 16, 6][3, 24, 14][18, 22][2, 29][0, 17][7, 20][9, 14] 
[11, 25, 22, 19, 8, 26][5, 21, 15, 10, 29][12, 17, 28, 7, 27][1, 9, 23, 20, 4][0, 18, 13, 6][2, 16, 6][3, 24, 14][2, 29][18, 22][0, 17][7, 20][9, 14] 
[11, 25, 22, 19, 8, 26][1, 9, 23, 20, 4][12, 17, 28, 7, 27][5, 21, 15, 10, 29][0, 18, 13, 6][3, 24, 14][16, 2, 29][3, 11][9, 14][7, 20][0, 17][6, 16] 
[11, 25, 22, 19, 8, 26][12, 17, 28, 7, 27][1, 9, 23, 20, 4][5, 21, 15, 10, 29][0, 18, 13, 6][3, 24, 14][16, 2, 29][6, 16][0, 17][7, 20][9, 14][3, 11] 
[11, 25, 22, 19, 8, 26][5, 21, 15, 10, 29][12, 17, 28, 7, 27][1, 9, 23, 20, 4][0, 18, 13, 6][16, 2, 29][3, 24, 14][6, 16][0, 17][7, 20][9, 14][3, 11] 
[11, 25, 22, 19, 8, 26][12, 17, 28, 7, 27][1, 9, 23, 20, 4][5, 21, 15, 10, 29][0, 18, 13, 6][16, 2, 29][3, 24, 14][6, 16][0, 17][7, 20][9, 14][3, 11] 
[11, 25, 22, 19, 8, 26][1, 9, 23, 20, 4][12, 17, 28, 7, 27][5, 21, 15, 10, 29][0, 18, 13, 6][3, 24, 14][16, 2, 29][3, 11][9, 14][7, 20][0, 17][6, 16] 
[2, 29, 10, 15, 5, 21][11, 25, 22, 19, 8, 26][12, 17, 28, 7, 27][1, 9, 23, 20, 4][0, 18, 13, 6][16, 2, 29][3, 24, 14][6, 16][0, 17][7, 20][9, 14][3, 11] 
[11, 25, 22, 19, 8, 26][12, 17, 28, 7, 27][1, 9, 23, 20, 4][5, 21, 15, 10, 29][0, 18, 13, 6][2, 16, 6][3, 24, 14][18, 22][0, 17][7, 20][9, 14][2, 29] 
[11, 25, 22, 19, 8, 26][12, 17, 28, 7, 27][1, 9, 23, 20, 4][5, 21, 15, 10, 29][0, 18, 13, 6][2, 16, 6][3, 24, 14][18, 22][0, 17][7, 20][9, 14][2, 29] 
[11, 25, 22, 19, 8, 26][5, 21, 15, 10, 29][12, 17, 28, 7, 27][1, 9, 23, 20, 4][0, 18, 13, 6][2, 16, 6][3, 24, 14][18, 22][2, 29][0, 17][7, 20][9, 14] 
[11, 25, 22, 19, 8, 26][12, 17, 28, 7, 27][1, 9, 23, 20, 4][5, 21, 15, 10, 29][0, 18, 13, 6][2, 16, 6][3, 24, 14][18, 22][0, 17][7, 20][9, 14][2, 29] 
[11, 25, 22, 19, 8, 26][12, 17, 28, 7, 27][1, 9, 23, 20, 4][5, 21, 15, 10, 29][0, 18, 13, 6][2, 16, 6][3, 24, 14][18, 22][0, 17][7, 20][9, 14][2, 29] 
[11, 25, 22, 19, 8, 26][1, 9, 23, 20, 4][12, 17, 28, 7, 27][5, 21, 15, 10, 29][0, 18, 13, 6][3, 24, 14][2, 16, 6][3, 11][9, 14][7, 20][0, 17][2, 29] 
[11, 25, 22, 19, 8, 26][12, 17, 28, 7, 27][1, 9, 23, 20, 4][5, 21, 15, 10, 29][0, 18, 13, 6][2, 16, 6][3, 24, 14][18, 22][0, 17][7, 20][9, 14][2, 29] 
[11, 25, 22, 19, 8, 26][5, 21, 15, 10, 29][12, 17, 28, 7, 27][1, 9, 23, 20, 4][0, 18, 13, 6][16, 2, 29][3, 24, 14][6, 16][0, 17][7, 20][9, 14][3, 11] 
[11, 25, 22, 19, 8, 26][12, 17, 28, 7, 27][1, 9, 23, 20, 4][5, 21, 15, 10, 29][0, 18, 13, 6][3, 24, 14][16, 2, 29][6, 16][0, 17][7, 20][9, 14][3, 11] 
[11, 25, 22, 19, 8, 26][12, 17, 28, 7, 27][1, 9, 23, 20, 4][5, 21, 15, 10, 29][0, 18, 13, 6][3, 24, 14][16, 2, 29][6, 16][0, 17][7, 20][9, 14][3, 11] 
[11, 25, 22, 19, 8, 26][12, 17, 28, 7, 27][1, 9, 23, 20, 4][5, 21, 15, 10, 29][0, 18, 13, 6][16, 2, 29][3, 24, 14][6, 16][0, 17][7, 20][9, 14][3, 11] 
[11, 25, 22, 19, 8, 26][1, 9, 23, 20, 4][12, 17, 28, 7, 27][5, 21, 15, 10, 29][0, 18, 13, 6][3, 24, 14][16, 2, 29][3, 11][9, 14][7, 20][0, 17][6, 16] 
[11, 25, 22, 19, 8, 26][12, 17, 28, 7, 27][1, 9, 23, 20, 4][5, 21, 15, 10, 29][0, 18, 13, 6][16, 2, 29][3, 24, 14][6, 16][0, 17][7, 20][9, 14][3, 11] 
[11, 25, 22, 19, 8, 26][1, 9, 23, 20, 4][12, 17, 28, 7, 27][5, 21, 15, 10, 29][0, 18, 13, 6][3, 24, 14][16, 2, 29][9, 14][3, 11][7, 20][0, 17][6, 16] 
[11, 25, 22, 19, 8, 26][12, 17, 28, 7, 27][1, 9, 23, 20, 4][5, 21, 15, 10, 29][0, 18, 13, 6][3, 24, 14][16, 2, 29][6, 16][0, 17][7, 20][9, 14][3, 11] 
[11, 25, 22, 19, 8, 26][1, 9, 23, 20, 4][12, 17, 28, 7, 27][5, 21, 15, 10, 29][0, 18, 13, 6][3, 24, 14][16, 2, 29][7, 20][9, 14][0, 17][3, 11][6, 16] 
[11, 25, 22, 19, 8, 26][1, 9, 23, 20, 4][12, 17, 28, 7, 27][5, 21, 15, 10, 29][0, 18, 13, 6][3, 24, 14][16, 2, 29][3, 11][9, 14][7, 20][0, 17][6, 16] 
[11, 25, 22, 19, 8, 26][5, 21, 15, 10, 29][12, 17, 28, 7, 27][1, 9, 23, 20, 4][0, 18, 13, 6][16, 2, 29][3, 24, 14][6, 16][0, 17][7, 20][9, 14][3, 11] 
[11, 25, 22, 19, 8, 26][12, 17, 28, 7, 27][1, 9, 23, 20, 4][5, 21, 15, 10, 29][0, 18, 13, 6][3, 24, 14][16, 2, 29][6, 16][0, 17][7, 20][9, 14][3, 11] 
[11, 25, 22, 19, 8, 26][1, 9, 23, 20, 4][12, 17, 28, 7, 27][5, 21, 15, 10, 29][0, 18, 13, 6][3, 24, 14][16, 2, 29][3, 11][9, 14][7, 20][0, 17][6, 16] 
[11, 25, 22, 19, 8, 26][5, 21, 15, 10, 29][12, 17, 28, 7, 27][1, 9, 23, 20, 4][0, 18, 13, 6][16, 2, 29][3, 24, 14][6, 16][0, 17][7, 20][9, 14][3, 11] 
[11, 25, 22, 19, 8, 26][1, 9, 23, 20, 4][12, 17, 28, 7, 27][5, 21, 15, 10, 29][0, 18, 13, 6][3, 24, 14][16, 2, 29][3, 11][9, 14][7, 20][0, 17][6, 16] 
[11, 25, 22, 19, 8, 26][1, 9, 23, 20, 4][12, 17, 28, 7, 27][5, 21, 15, 10, 29][14, 9, 3, 24][0, 18, 13, 6][7, 20][3, 11][0, 17][6, 16][2, 16][2, 29] 
[11, 25, 22, 19, 8, 26][1, 9, 23, 20, 4][12, 17, 28, 7, 27][5, 21, 15, 10, 29][14, 9, 3, 24][0, 18, 13, 6][7, 20][3, 11][0, 17][6, 16][2, 16][2, 29] 
[11, 25, 22, 19, 8, 26][1, 9, 23, 20, 4][12, 17, 28, 7, 27][5, 21, 15, 10, 29][14, 9, 3, 24][0, 18, 13, 6][7, 20][3, 11][0, 17][6, 16][2, 16][2, 29] 
[11, 25, 22, 19, 8, 26][1, 9, 23, 20, 4][12, 17, 28, 7, 27][5, 21, 15, 10, 29][14, 9, 3, 24][0, 18, 13, 6][7, 20][3, 11][0, 17][6, 16][2, 16][2, 29] 
[11, 25, 22, 19, 8, 26][12, 17, 28, 7, 27][1, 9, 23, 20, 4][5, 21, 15, 10, 29][14, 9, 3, 24][0, 18, 13, 6][7, 20][3, 11][0, 17][6, 16][2, 16][2, 29] 
[11, 25, 22, 19, 8, 26][5, 21, 15, 10, 29][12, 17, 28, 7, 27][1, 9, 23, 20, 4][0, 18, 13, 6][14, 9, 3, 24][16, 2, 29][6, 16][0, 17][7, 20][9, 14][3, 11] 
[11, 25, 22, 19, 8, 26][5, 21, 15, 10, 29][12, 17, 28, 7, 27][1, 9, 23, 20, 4][0, 18, 13, 6][2, 16, 6][3, 24, 14][18, 22][2, 29][0, 17][7, 20][9, 14] 
[11, 25, 22, 19, 8, 26][12, 17, 28, 7, 27][1, 9, 23, 20, 4][5, 21, 15, 10, 29][0, 18, 13, 6][2, 16, 6][3, 24, 14][18, 22][0, 17][7, 20][9, 14][2, 29] 
[11, 25, 22, 19, 8, 26][5, 21, 15, 10, 29][12, 17, 28, 7, 27][1, 9, 23, 20, 4][0, 18, 13, 6][2, 16, 6][3, 24, 14][18, 22][2, 29][0, 17][7, 20][9, 14] 
[11, 25, 22, 19, 8, 26][5, 21, 15, 10, 29][12, 17, 28, 7, 27][1, 9, 23, 20, 4][0, 18, 13, 6][2, 16, 6][3, 24, 14][18, 22][2, 29][0, 17][7, 20][9, 14] 
[11, 25, 22, 19, 8, 26][5, 21, 15, 10, 29][12, 17, 28, 7, 27][1, 9, 23, 20, 4][0, 18, 13, 6][2, 16, 6][3, 24, 14][2, 29][18, 22][0, 17][7, 20][9, 14] 
[11, 25, 22, 19, 8, 26][1, 9, 23, 20, 4][12, 17, 28, 7, 27][5, 21, 15, 10, 29][0, 18, 13, 6][3, 24, 14][16, 2, 29][3, 11][9, 14][7, 20][0, 17][6, 16] 
[11, 25, 22, 19, 8, 26][5, 21, 15, 10, 29][12, 17, 28, 7, 27][1, 9, 23, 20, 4][0, 18, 13, 6][2, 16, 6][3, 24, 14][18, 22][2, 29][0, 17][7, 20][9, 14] 
