[4, 3, 1, 24, 14, 20][10, 27, 7, 2, 29][0, 13, 18, 22, 25][12, 17, 19, 8, 26][11, 3, 9, 23][15, 16, 28][5, 21, 6][7, 28][2, 6][25, 28][19, 22][11, 17] 
[4, 3, 1, 24, 14, 20][0, 13, 18, 22, 25][10, 27, 7, 2, 29][17, 19, 8, 26][11, 3, 9, 23][12, 19, 22][15, 16, 28][5, 21, 6][25, 28][5, 15][11, 17][7, 28] 
[4, 3, 1, 24, 14, 20][0, 13, 18, 22, 25][10, 27, 7, 2, 29][17, 19, 8, 26][11, 3, 9, 23][12, 19, 22][15, 16, 28][5, 21, 6][25, 28][5, 15][11, 17][7, 28] 
[4, 3, 1, 24, 14, 20][0, 13, 18, 22, 25][10, 27, 7, 2, 29][17, 19, 8, 26][11, 3, 9, 23][12, 19, 22][15, 16, 28][5, 21, 6][25, 28][5, 15][11, 17][7, 28] 
[4, 3, 1, 24, 14, 20, 23][10, 27, 7, 2, 29][0, 13, 18, 22, 25][17, 19, 8, 26][5, 21, 6][15, 16, 28][11, 17, 12][9, 3, 11][2, 6][5, 15][25, 28][12, 22] 
[4, 3, 1, 24, 14, 20][0, 13, 18, 22, 25][10, 27, 7, 2, 29][17, 19, 8, 26][11, 3, 9, 23][5, 21, 6][15, 16, 28][12, 19, 22][5, 15][25, 28][11, 17][2, 6] 
[4, 3, 1, 24, 14, 20, 23][0, 13, 18, 22, 25][10, 27, 7, 2, 29][17, 19, 8, 26][9, 3, 11][12, 19, 22][15, 16, 28][5, 21, 6][11, 17][25, 28][5, 15][7, 28] 
[4, 3, 1, 24, 14, 20, 23][0, 13, 18, 22, 25][10, 27, 7, 2, 29][17, 19, 8, 26][11, 17, 12][9, 3, 11][15, 16, 28][5, 21, 6][12, 22][25, 28][5, 15][2, 6] 
[4, 3, 1, 24, 14, 20, 23][10, 27, 7, 2, 29][0, 13, 18, 22, 25][17, 19, 8, 26][5, 21, 6][15, 16, 28][12, 19, 22][9, 3, 11][2, 6][5, 15][25, 28][11, 17] 
[4, 3, 1, 24, 14, 20, 23][10, 27, 7, 2, 29][0, 13, 18, 22, 25][17, 19, 8, 26][5, 21, 6][15, 16, 28][12, 19, 22][9, 3, 11][2, 6][5, 15][25, 28][11, 17] 
[4, 3, 1, 24, 14, 20][0, 13, 18, 22, 25][12, 17, 19, 8, 26][10, 27, 7, 2, 29][11, 3, 9, 23][15, 16, 28][5, 21, 6][19, 22][25, 28][11, 17][7, 28][2, 6] 
[4, 3, 1, 24, 14, 20][0, 13, 18, 22, 25][10, 27, 7, 2, 29][17, 19, 8, 26][11, 3, 9, 23][12, 19, 22][15, 16, 28][5, 21, 6][25, 28][5, 15][11, 17][7, 28] 
[4, 3, 1, 24, 14, 20][0, 13, 18, 22, 25][10, 27, 7, 2, 29][17, 19, 8, 26][11, 3, 9, 23][12, 19, 22][15, 16, 28][5, 21, 6][25, 28][5, 15][11, 17][7, 28] 
[4, 3, 1, 24, 14, 20, 23][0, 13, 18, 22, 25][10, 27, 7, 2, 29][17, 19, 8, 26][9, 3, 11][11, 17, 12][15, 16, 28][5, 21, 6][12, 22][25, 28][5, 15][2, 6] 
[4, 3, 1, 24, 14, 20][0, 13, 18, 22, 25][10, 27, 7, 2, 29][17, 19, 8, 26][11, 3, 9, 23][5, 21, 6][15, 16, 28][12, 19, 22][5, 15][25, 28][2, 6][11, 17] 
[4, 3, 1, 24, 14, 20, 23][10, 27, 7, 2, 29][0, 13, 18, 22, 25][17, 19, 8, 26][5, 21, 6][15, 16, 28][11, 17, 12][9, 3, 11][2, 6][5, 15][25, 28][12, 22] 
[4, 3, 1, 24, 14, 20][10, 27, 7, 2, 29][0, 13, 18, 22, 25][12, 17, 19, 8, 26][11, 3, 9, 23][15, 16, 28][5, 21, 6][7, 28][25, 28][19, 22][2, 6][11, 17] 
[4, 3, 1, 24, 14, 20][0, 13, 18, 22, 25][10, 27, 7, 2, 29][17, 19, 8, 26][11, 3, 9, 23][12, 19, 22][15, 16, 28][5, 21, 6][25, 28][5, 15][11, 17][7, 28] 
[4, 3, 1, 24, 14, 20, 23][0, 13, 18, 22, 25][10, 27, 7, 2, 29][17, 19, 8, 26][11, 17, 12][9, 3, 11][15, 16, 28][5, 21, 6][12, 22][25, 28][5, 15][2, 6] 
[4, 3, 1, 24, 14, 20][10, 27, 7, 2, 29][0, 13, 18, 22, 25][12, 17, 19, 8, 26][11, 3, 9, 23][5, 21, 6][15, 16, 28][2, 6][7, 28][25, 28][19, 22][11, 17] 
[4, 3, 1, 24, 14, 20][10, 27, 7, 2, 29][0, 13, 18, 22, 25][12, 17, 19, 8, 26][11, 3, 9, 23][5, 21, 6][15, 16, 28][2, 6][7, 28][25, 28][19, 22][11, 17] 
[4, 3, 1, 24, 14, 20][0, 13, 18, 22, 25][10, 27, 7, 2, 29][17, 19, 8, 26][11, 3, 9, 23][12, 19, 22][15, 16, 28][5, 21, 6][25, 28][5, 15][11, 17][7, 28] 
[4, 3, 1, 24, 14, 20][0, 13, 18, 22, 25][10, 27, 7, 2, 29][17, 19, 8, 26][11, 3, 9, 23][12, 19, 22][15, 16, 28][5, 21, 6][25, 28][5, 15][11, 17][7, 28] 
[4, 3, 1, 24, 14, 20, 23][10, 27, 7, 2, 29][0, 13, 18, 22, 25][17, 19, 8, 26][5, 21, 6][15, 16, 28][11, 17, 12][9, 3, 11][2, 6][5, 15][25, 28][12, 22] 
[4, 3, 1, 24, 14, 20][0, 13, 18, 22, 25][10, 27, 7, 2, 29][17, 19, 8, 26][11, 3, 9, 23][5, 21, 6][15, 16, 28][12, 19, 22][5, 15][25, 28][11, 17][2, 6] 
[4, 3, 1, 24, 14, 20, 23][0, 13, 18, 22, 25][10, 27, 7, 2, 29][17, 19, 8, 26][15, 16, 28][5, 21, 6][11, 17, 12][9, 3, 11][25, 28][5, 15][12, 22][2, 6] 
[4, 3, 1, 24, 14, 20][10, 27, 7, 2, 29][0, 13, 18, 22, 25][12, 17, 19, 8, 26][11, 3, 9, 23][15, 16, 28][5, 21, 6][7, 28][25, 28][19, 22][2, 6][11, 17] 
[4, 3, 1, 24, 14, 20][0, 13, 18, 22, 25][10, 27, 7, 2, 29][17, 19, 8, 26][11, 3, 9, 23][12, 19, 22][15, 16, 28][5, 21, 6][25, 28][5, 15][11, 17][7, 28] 
[4, 3, 1, 24, 14, 20, 23][0, 13, 18, 22, 25][10, 27, 7, 2, 29][17, 19, 8, 26][11, 17, 12][9, 3, 11][15, 16, 28][5, 21, 6][12, 22][25, 28][5, 15][2, 6] 
[4, 3, 1, 24, 14, 20][10, 27, 7, 2, 29][0, 13, 18, 22, 25][12, 17, 19, 8, 26][11, 3, 9, 23][15, 16, 28][5, 21, 6][7, 28][25, 28][19, 22][2, 6][11, 17] 
[4, 3, 1, 24, 14, 20][10, 27, 7, 2, 29][0, 13, 18, 22, 25][12, 17, 19, 8, 26][11, 3, 9, 23][15, 16, 28][5, 21, 6][7, 28][25, 28][19, 22][2, 6][11, 17] 
[4, 3, 1, 24, 14, 20][0, 13, 18, 22, 25][10, 27, 7, 2, 29][17, 19, 8, 26][11, 3, 9, 23][12, 19, 22][15, 16, 28][5, 21, 6][25, 28][5, 15][11, 17][7, 28] 
[4, 3, 1, 24, 14, 20, 23][0, 13, 18, 22, 25][10, 27, 7, 2, 29][17, 19, 8, 26][15, 16, 28][5, 21, 6][11, 17, 12][9, 3, 11][25, 28][5, 15][12, 22][2, 6] 
[4, 3, 1, 24, 14, 20][10, 27, 7, 2, 29][0, 13, 18, 22, 25][12, 17, 19, 8, 26][11, 3, 9, 23][15, 16, 28][5, 21, 6][7, 28][25, 28][19, 22][2, 6][11, 17] 
[4, 3, 1, 24, 14, 20][12, 17, 19, 8, 26][0, 13, 18, 22, 25][10, 27, 7, 2, 29][11, 3, 9, 23][15, 16, 28][5, 21, 6][11, 17][19, 22][25, 28][7, 28][2, 6] 
[4, 1, 24, 7, 27, 29, 2, 10, 15, 6][6, 13, 0, 26, 8, 12, 22, 17, 19, 18][21, 5, 6, 16, 28, 25][14, 24, 3, 9, 23, 20][11, 17][17, 22][17, 22][17, 22][0, 13][10, 15][10, 15][17, 22] 
[4, 1, 24, 7, 27, 29, 2, 10, 15, 6][6, 13, 0, 26, 8, 12, 22, 17, 19, 18][21, 5, 6, 16, 28, 25][14, 24, 3, 9, 23, 20][11, 17][17, 22][17, 22][17, 22][0, 13][10, 15][10, 15][17, 22] 
[18, 19, 17, 22, 12, 8, 26, 0, 13, 6, 16, 27, 10, 15, 29][20, 4, 3, 1, 23, 24, 14, 7, 28][2, 21, 5, 6, 16, 28, 25][3, 9, 23][0, 26, 8][11, 17][0, 26][0, 26][0, 13][15, 29][17, 22][0, 26] 
[20, 4, 3, 1, 23, 24, 14, 7, 28, 16, 27, 29][6, 13, 0, 26, 8, 12, 22, 17, 19, 18][2, 21, 5, 6, 16, 28, 25][15, 10, 27][3, 9][11, 17][0, 26][0, 26][0, 26][0, 13][17, 22][0, 26] 
[20, 4, 3, 1, 23, 24, 14, 7, 28, 16, 27, 29][6, 13, 0, 26, 8, 12, 22, 17, 19, 18][2, 21, 5, 6, 16, 28, 25][11, 17, 12][15, 10, 27][3, 9][0, 26][0, 26][0, 26][0, 13][17, 22][0, 26] 
[20, 4, 3, 1, 23, 24, 14, 7, 28, 16, 27, 29][6, 13, 0, 26, 8, 12, 22, 17, 19, 18][21, 5, 6, 16, 28, 25][15, 10, 27][0, 26][2, 21][11, 17][3, 9][0, 26][0, 26][0, 26][0, 26] 
[18, 19, 17, 22, 12, 8, 26, 0, 13, 6, 16, 27, 10, 15, 29][20, 4, 3, 1, 23, 24, 14, 7, 28][2, 21, 5, 6, 16, 28, 25][3, 9, 23][11, 17][0, 26][0, 26][0, 26][0, 13][15, 29][17, 22][0, 26] 
[18, 19, 17, 22, 12, 8, 26, 0, 13, 6, 16, 27, 10, 15, 29][20, 4, 3, 1, 23, 24, 14, 7, 28][2, 21, 5, 6, 16, 28, 25][3, 9, 23][11, 17][0, 26][0, 26][0, 26][0, 13][15, 29][17, 22][0, 26] 
[20, 4, 3, 1, 23, 24, 14, 7, 28, 16, 27, 29][6, 13, 0, 26, 8, 12, 22, 17, 19, 18][2, 21, 5, 6, 16, 28, 25][11, 17, 12][15, 10, 27][3, 9][0, 26][0, 26][0, 26][0, 13][17, 22][0, 26] 
[4, 1, 24, 7, 27, 29, 2, 10, 15, 6][6, 13, 0, 26, 8, 12, 22, 17, 19, 18][21, 5, 6, 16, 28, 25][14, 24, 3, 9, 23, 20][11, 17][17, 22][17, 22][17, 22][0, 13][10, 15][10, 15][17, 22] 
[4, 1, 24, 7, 27, 29, 2, 10, 15, 6][6, 13, 0, 26, 8, 12, 22, 17, 19, 18][21, 5, 6, 16, 28, 25][14, 24, 3, 9, 23, 20][11, 17][17, 22][17, 22][17, 22][0, 13][10, 15][10, 15][17, 22] 
[18, 19, 17, 22, 12, 8, 26, 0, 13, 6, 16, 27, 10, 15, 29][20, 4, 3, 1, 23, 24, 14, 7, 28][2, 21, 5, 6, 16, 28, 25][3, 9, 23][0, 26, 8][11, 17][0, 26][0, 26][0, 13][15, 29][17, 22][0, 26] 
[20, 4, 3, 1, 23, 24, 14, 7, 28, 16, 27, 29][6, 13, 0, 26, 8, 12, 22, 17, 19, 18][2, 21, 5, 6, 16, 28, 25][15, 10, 27][3, 9][11, 17][0, 26][0, 26][0, 26][0, 13][17, 22][0, 26] 
[18, 19, 17, 22, 12, 8, 26, 0, 13, 6, 16, 27, 10, 15, 29][20, 4, 3, 1, 23, 24, 14, 7, 28][2, 21, 5, 6, 16, 28, 25][3, 9, 23][11, 17][0, 26][0, 26][0, 26][0, 13][15, 29][17, 22][0, 26] 
[4, 1, 24, 7, 27, 29, 2, 10, 15, 6][6, 13, 0, 26, 8, 12, 22, 17, 19, 18][21, 5, 6, 16, 28, 25][14, 24, 3, 9, 23, 20][11, 17][17, 22][17, 22][17, 22][0, 13][10, 15][10, 15][17, 22] 
[5, 6, 15, 10, 2, 29, 27, 7, 24, 1, 4, 20][6, 13, 0, 26, 8, 12, 22, 17, 19, 18][21, 5, 6, 16, 28, 25][14, 1, 3, 9, 23][11, 17][17, 22][17, 22][17, 22][0, 13][10, 15][10, 15][17, 22] 
[18, 19, 17, 22, 12, 8, 26, 0, 13, 6, 16, 27, 10, 15, 29][20, 4, 3, 1, 23, 24, 14, 7, 28][2, 21, 5, 6, 16, 28, 25][3, 9, 23][11, 17][0, 26][0, 26][0, 26][0, 13][15, 29][17, 22][0, 26] 
[6, 13, 0, 26, 8, 12, 22, 17, 19, 18][4, 24, 7, 27, 29, 2, 10, 15, 6][14, 1, 24, 3, 9, 23, 20][21, 5, 6, 16, 28, 25][11, 17][17, 22][17, 22][17, 22][0, 13][10, 15][10, 15][17, 22] 
[5, 6, 15, 10, 2, 29, 27, 7, 24, 1, 4, 20][6, 13, 0, 26, 8, 12, 22, 17, 19, 18][21, 5, 6, 16, 28, 25][14, 1, 3, 9, 23][11, 17][17, 22][17, 22][17, 22][0, 13][10, 15][10, 15][17, 22] 
[5, 6, 15, 10, 2, 29, 27, 7, 24, 1, 4, 20][6, 13, 0, 26, 8, 12, 22, 17, 19, 18][14, 1, 24, 3, 9, 23, 20][21, 5, 6, 16, 28, 25][11, 17][17, 22][17, 22][17, 22][0, 13][10, 15][10, 15][17, 22] 
[5, 6, 15, 10, 2, 29, 27, 7, 24, 1, 4, 20][6, 13, 0, 26, 8, 12, 22, 17, 19, 18][14, 1, 24, 3, 9, 23, 20][21, 5, 6, 16, 28, 25][11, 17][17, 22][17, 22][17, 22][0, 13][10, 15][10, 15][17, 22] 
[4, 3, 1, 24, 14, 20, 23][12, 17, 19, 8, 26][0, 13, 18, 22, 25][10, 27, 7, 2, 29][11, 3, 9, 23][15, 16, 28][5, 21, 6][11, 17][19, 22][25, 28][5, 15][2, 6] 
[4, 3, 1, 24, 14, 20, 23][0, 13, 18, 22, 25][12, 17, 19, 8, 26][10, 27, 7, 2, 29][11, 3, 9, 23][15, 16, 28][5, 21, 6][5, 15][25, 28][19, 22][2, 6][11, 17] 
[4, 3, 1, 24, 14, 20, 23][12, 17, 19, 8, 26][0, 13, 18, 22, 25][10, 27, 7, 2, 29][11, 3, 9, 23][15, 16, 28][5, 21, 6][11, 17][19, 22][25, 28][5, 15][2, 6] 
[4, 3, 1, 24, 14, 20, 23][10, 27, 7, 2, 29][0, 13, 18, 22, 25][12, 17, 19, 8, 26][11, 3, 9, 23][5, 21, 6][15, 16, 28][2, 6][5, 15][25, 28][19, 22][11, 17] 
[4, 3, 1, 24, 14, 20, 23][0, 13, 18, 22, 25][12, 17, 19, 8, 26][10, 27, 7, 2, 29][11, 3, 9, 23][15, 16, 28][5, 21, 6][5, 15][25, 28][19, 22][2, 6][11, 17] 
[4, 3, 1, 24, 14, 20, 23][12, 17, 19, 8, 26][0, 13, 18, 22, 25][10, 27, 7, 2, 29][11, 3, 9, 23][15, 16, 28][5, 21, 6][11, 17][19, 22][25, 28][5, 15][2, 6] 
[4, 3, 1, 24, 14, 20, 23][12, 17, 19, 8, 26][0, 13, 18, 22, 25][10, 27, 7, 2, 29][11, 3, 9, 23][15, 16, 28][5, 21, 6][11, 17][19, 22][25, 28][5, 15][2, 6] 
[4, 3, 1, 24, 14, 20, 23][0, 13, 18, 22, 25][12, 17, 19, 8, 26][10, 27, 7, 2, 29][11, 3, 9, 23][15, 16, 28][5, 21, 6][19, 22][25, 28][11, 17][5, 15][2, 6] 
[4, 3, 1, 24, 14, 20, 23][10, 27, 7, 2, 29][0, 13, 18, 22, 25][12, 17, 19, 8, 26][11, 3, 9, 23][5, 21, 6][15, 16, 28][2, 6][5, 15][25, 28][19, 22][11, 17] 
[4, 3, 1, 24, 14, 20, 23][12, 17, 19, 8, 26][0, 13, 18, 22, 25][10, 27, 7, 2, 29][11, 3, 9, 23][15, 16, 28][5, 21, 6][11, 17][19, 22][25, 28][5, 15][2, 6] 
[4, 3, 1, 24, 14, 20, 23][12, 17, 19, 8, 26][0, 13, 18, 22, 25][10, 27, 7, 2, 29][11, 3, 9, 23][15, 16, 28][5, 21, 6][11, 17][19, 22][25, 28][5, 15][2, 6] 
[4, 3, 1, 24, 14, 20, 23][0, 13, 18, 22, 25][12, 17, 19, 8, 26][10, 27, 7, 2, 29][11, 3, 9, 23][15, 16, 28][5, 21, 6][5, 15][25, 28][19, 22][2, 6][11, 17] 
[4, 3, 1, 24, 14, 20, 23][12, 17, 19, 8, 26][0, 13, 18, 22, 25][10, 27, 7, 2, 29][11, 3, 9, 23][15, 16, 28][5, 21, 6][11, 17][19, 22][25, 28][5, 15][2, 6] 
[4, 3, 1, 24, 14, 20, 23][10, 27, 7, 2, 29][0, 13, 18, 22, 25][12, 17, 19, 8, 26][11, 3, 9, 23][5, 21, 6][15, 16, 28][5, 15][2, 6][25, 28][19, 22][11, 17] 
[4, 3, 1, 24, 14, 20, 23][0, 13, 18, 22, 25][12, 17, 19, 8, 26][10, 27, 7, 2, 29][11, 3, 9, 23][15, 16, 28][5, 21, 6][5, 15][25, 28][19, 22][2, 6][11, 17] 
[4, 3, 1, 24, 14, 20][10, 27, 7, 2, 29][0, 13, 18, 22, 25][12, 17, 19, 8, 26][11, 3, 9, 23][5, 21, 6][15, 16, 28][2, 6][7, 28][25, 28][19, 22][11, 17] 
[4, 3, 1, 24, 14, 20][10, 27, 7, 2, 29][0, 13, 18, 22, 25][12, 17, 19, 8, 26][11, 3, 9, 23][15, 16, 28][5, 21, 6][7, 28][25, 28][19, 22][2, 6][11, 17] 
[4, 3, 1, 24, 14, 20][10, 27, 7, 2, 29][0, 13, 18, 22, 25][12, 17, 19, 8, 26][11, 3, 9, 23][5, 21, 6][15, 16, 28][2, 6][7, 28][25, 28][19, 22][11, 17] 
[4, 3, 1, 24, 14, 20][12, 17, 19, 8, 26][0, 13, 18, 22, 25][10, 27, 7, 2, 29][11, 3, 9, 23][15, 16, 28][5, 21, 6][11, 17][19, 22][25, 28][7, 28][2, 6] 
[4, 3, 1, 24, 14, 20][10, 27, 7, 2, 29][0, 13, 18, 22, 25][12, 17, 19, 8, 26][11, 3, 9, 23][15, 16, 28][5, 21, 6][7, 28][25, 28][19, 22][2, 6][11, 17] 
[12, 0, 13, 18, 22, 25][4, 3, 1, 24, 14, 20][10, 27, 7, 2, 29][17, 19, 8, 26][11, 3, 9, 23][15, 16, 28][5, 21, 6][19, 22][11, 17][25, 28][7, 28][2, 6] 
[4, 3, 1, 24, 14, 20, 23][0, 13, 18, 22, 25][12, 17, 19, 8, 26][10, 27, 7, 2, 29][11, 3, 9, 23][15, 16, 28][5, 21, 6][5, 15][25, 28][19, 22][2, 6][11, 17] 
[4, 3, 1, 24, 14, 20, 23][12, 17, 19, 8, 26][0, 13, 18, 22, 25][10, 27, 7, 2, 29][11, 3, 9, 23][15, 16, 28][5, 21, 6][11, 17][19, 22][25, 28][5, 15][2, 6] 
[4, 3, 1, 24, 14, 20, 23][10, 27, 7, 2, 29][0, 13, 18, 22, 25][12, 17, 19, 8, 26][11, 3, 9, 23][5, 21, 6][15, 16, 28][2, 6][5, 15][25, 28][19, 22][11, 17] 
[4, 3, 1, 24, 14, 20, 23][10, 27, 7, 2, 29][0, 13, 18, 22, 25][12, 17, 19, 8, 26][11, 3, 9, 23][5, 21, 6][15, 16, 28][2, 6][5, 15][25, 28][19, 22][11, 17] 
[4, 3, 1, 24, 14, 20, 23][10, 27, 7, 2, 29][0, 13, 18, 22, 25][12, 17, 19, 8, 26][11, 3, 9, 23][5, 21, 6][15, 16, 28][5, 15][2, 6][25, 28][19, 22][11, 17] 
[4, 3, 1, 24, 14, 20][0, 13, 18, 22, 25][12, 17, 19, 8, 26][10, 27, 7, 2, 29][11, 3, 9, 23][15, 16, 28][5, 21, 6][5, 15][25, 28][19, 22][2, 6][11, 17] 
[4, 3, 1, 24, 14, 20, 23][10, 27, 7, 2, 29][0, 13, 18, 22, 25][12, 17, 19, 8, 26][11, 3, 9, 23][5, 21, 6][15, 16, 28][5, 15][2, 6][25, 28][19, 22][11, 17] 
[4, 3, 1, 24, 14, 20][10, 27, 7, 2, 29][0, 13, 18, 22, 25][12, 17, 19, 8, 26][11, 3, 9, 23][5, 21, 6][15, 16, 28][2, 6][7, 28][25, 28][19, 22][11, 17] 
[4, 3, 1, 24, 14, 20][10, 27, 7, 2, 29][0, 13, 18, 22, 25][12, 17, 19, 8, 26][11, 3, 9, 23][15, 16, 28][5, 21, 6][7, 28][25, 28][19, 22][2, 6][11, 17] 
[4, 3, 1, 24, 14, 20][10, 27, 7, 2, 29][0, 13, 18, 22, 25][12, 17, 19, 8, 26][11, 3, 9, 23][15, 16, 28][5, 21, 6][7, 28][25, 28][19, 22][2, 6][11, 17] 
[4, 3, 1, 24, 14, 20][10, 27, 7, 2, 29][0, 13, 18, 22, 25][12, 17, 19, 8, 26][11, 3, 9, 23][5, 21, 6][15, 16, 28][2, 6][7, 28][25, 28][19, 22][11, 17] 
[4, 3, 1, 24, 14, 20][10, 27, 7, 2, 29][0, 13, 18, 22, 25][12, 17, 19, 8, 26][11, 3, 9, 23][15, 16, 28][5, 21, 6][7, 28][25, 28][19, 22][2, 6][11, 17] 
[4, 3, 1, 24, 14, 20][10, 27, 7, 2, 29][0, 13, 18, 22, 25][12, 17, 19, 8, 26][11, 3, 9, 23][5, 21, 6][15, 16, 28][2, 6][7, 28][25, 28][19, 22][11, 17] 
[4, 3, 1, 24, 14, 20][10, 27, 7, 2, 29][0, 13, 18, 22, 25][12, 17, 19, 8, 26][11, 3, 9, 23][5, 21, 6][15, 16, 28][2, 6][7, 28][25, 28][19, 22][11, 17] 
[4, 3, 1, 24, 14, 20][10, 27, 7, 2, 29][0, 13, 18, 22, 25][12, 17, 19, 8, 26][11, 3, 9, 23][15, 16, 28][5, 21, 6][7, 28][25, 28][19, 22][2, 6][11, 17] 
[4, 3, 1, 24, 14, 20][10, 27, 7, 2, 29][0, 13, 18, 22, 25][12, 17, 19, 8, 26][11, 3, 9, 23][15, 16, 28][5, 21, 6][7, 28][25, 28][19, 22][2, 6][11, 17] 
[4, 3, 1, 24, 14, 20][10, 27, 7, 2, 29][0, 13, 18, 22, 25][12, 17, 19, 8, 26][11, 3, 9, 23][15, 16, 28][5, 21, 6][7, 28][25, 28][19, 22][2, 6][11, 17] 
[4, 3, 1, 24, 14, 20][10, 27, 7, 2, 29][0, 13, 18, 22, 25][12, 17, 19, 8, 26][11, 3, 9, 23][15, 16, 28][5, 21, 6][7, 28][25, 28][19, 22][2, 6][11, 17] 
[4, 3, 1, 24, 14, 20][10, 27, 7, 2, 29][0, 13, 18, 22, 25][12, 17, 19, 8, 26][11, 3, 9, 23][15, 16, 28][5, 21, 6][7, 28][25, 28][19, 22][2, 6][11, 17] 
[4, 3, 1, 24, 14, 20][10, 27, 7, 2, 29][0, 13, 18, 22, 25][12, 17, 19, 8, 26][11, 3, 9, 23][15, 16, 28][5, 21, 6][7, 28][25, 28][19, 22][2, 6][11, 17] 
[4, 3, 1, 24, 14, 20][10, 27, 7, 2, 29][0, 13, 18, 22, 25][12, 17, 19, 8, 26][11, 3, 9, 23][15, 16, 28][5, 21, 6][7, 28][25, 28][19, 22][2, 6][11, 17] 
[4, 3, 1, 24, 14, 20][10, 27, 7, 2, 29][0, 13, 18, 22, 25][12, 17, 19, 8, 26][11, 3, 9, 23][15, 16, 28][5, 21, 6][7, 28][25, 28][19, 22][2, 6][11, 17] 
[4, 3, 1, 24, 14, 20, 23, 9][12, 0, 13, 18, 22, 25][10, 27, 7, 2, 29][17, 19, 8, 26][15, 16, 28][5, 21, 6][3, 11][11, 17][19, 22][25, 28][7, 28][2, 6] 
[4, 3, 1, 24, 14, 20, 23, 9][12, 0, 13, 18, 22, 25][10, 27, 7, 2, 29][17, 19, 8, 26][15, 16, 28][5, 21, 6][3, 11][11, 17][19, 22][25, 28][7, 28][2, 6] 
[4, 3, 1, 24, 14, 20, 23, 9][12, 0, 13, 18, 22, 25][10, 27, 7, 2, 29][17, 19, 8, 26][15, 16, 28][5, 21, 6][19, 22][11, 17][3, 11][25, 28][7, 28][2, 6] 
[4, 3, 1, 24, 14, 20, 23, 9][12, 0, 13, 18, 22, 25][10, 27, 7, 2, 29][17, 19, 8, 26][15, 16, 28][5, 21, 6][3, 11][11, 17][19, 22][25, 28][7, 28][2, 6] 
[4, 3, 1, 24, 14, 20, 23, 9][12, 0, 13, 18, 22, 25][10, 27, 7, 2, 29][17, 19, 8, 26][15, 16, 28][5, 21, 6][19, 22][11, 17][3, 11][25, 28][7, 28][2, 6] 
[4, 3, 1, 24, 14, 20, 23, 9][12, 0, 13, 18, 22, 25][10, 27, 7, 2, 29][17, 19, 8, 26][15, 16, 28][5, 21, 6][11, 17][3, 11][25, 28][7, 28][2, 6][12, 17] 
[4, 3, 1, 24, 14, 20][0, 13, 18, 22, 25][12, 17, 19, 8, 26][10, 27, 7, 2, 29][11, 3, 9, 23][15, 16, 28][5, 21, 6][5, 15][25, 28][19, 22][2, 6][11, 17] 
[4, 3, 1, 24, 14, 20][0, 13, 18, 22, 25][12, 17, 19, 8, 26][10, 27, 7, 2, 29][11, 3, 9, 23][15, 16, 28][5, 21, 6][5, 15][25, 28][19, 22][2, 6][11, 17] 
[4, 3, 1, 24, 14, 20][0, 13, 18, 22, 25][12, 17, 19, 8, 26][10, 27, 7, 2, 29][11, 3, 9, 23][15, 16, 28][5, 21, 6][5, 15][25, 28][19, 22][2, 6][11, 17] 
[4, 3, 1, 24, 14, 20][0, 13, 18, 22, 25][12, 17, 19, 8, 26][10, 27, 7, 2, 29][11, 3, 9, 23][15, 16, 28][5, 21, 6][5, 15][25, 28][19, 22][2, 6][11, 17] 
[4, 3, 1, 24, 14, 20][0, 13, 18, 22, 25][12, 17, 19, 8, 26][10, 27, 7, 2, 29][11, 3, 9, 23][15, 16, 28][5, 21, 6][5, 15][25, 28][19, 22][2, 6][11, 17] 
[4, 3, 1, 24, 14, 20][10, 27, 7, 2, 29][0, 13, 18, 22, 25][12, 17, 19, 8, 26][11, 3, 9, 23][15, 16, 28][5, 21, 6][7, 28][25, 28][19, 22][2, 6][11, 17] 
[4, 3, 1, 24, 14, 20][0, 13, 18, 22, 25][12, 17, 19, 8, 26][10, 27, 7, 2, 29][11, 3, 9, 23][15, 16, 28][5, 21, 6][25, 28][19, 22][5, 15][2, 6][11, 17] 
