[4, 24, 3, 23, 1, 9][8, 26, 0, 18, 13][25, 7, 27, 10, 29][12, 22, 17, 19][2, 15, 6, 5][11, 17, 28][11, 14, 20][16, 6, 21][4, 20][0, 22][16, 28][2, 27] 
[4, 24, 3, 23, 1, 9][25, 7, 27, 10, 29][8, 26, 0, 18, 13][12, 22, 17, 19][2, 15, 6, 5][11, 14, 20][11, 17, 28][16, 6, 21][7, 20][4, 20][2, 27][0, 22] 
[4, 24, 3, 23, 1, 9][25, 7, 27, 10, 29][8, 26, 0, 18, 13][2, 15, 6, 5][12, 22, 17, 19][11, 14, 20][16, 6, 21][11, 17, 28][7, 20][2, 27][0, 22][4, 20] 
[4, 24, 3, 23, 1, 9][25, 7, 27, 10, 29][8, 26, 0, 18, 13][2, 15, 6, 5][12, 22, 17, 19][11, 14, 20][16, 6, 21][11, 17, 28][7, 20][2, 27][0, 22][4, 20] 
[4, 24, 3, 23, 1, 9][8, 26, 0, 18, 13][25, 7, 27, 10, 29][12, 22, 17, 19][2, 15, 6, 5][11, 14, 20][11, 17, 28][16, 6, 21][4, 20][0, 22][16, 28][7, 20] 
[4, 24, 3, 23, 1, 9][25, 7, 27, 10, 29][8, 26, 0, 18, 13][12, 22, 17, 19][2, 15, 6, 5][11, 14, 20][11, 17, 28][16, 6, 21][4, 20][16, 28][7, 20][0, 22] 
[4, 24, 3, 23, 1, 9][25, 7, 27, 10, 29][8, 26, 0, 18, 13][12, 22, 17, 19][2, 15, 6, 5][11, 14, 20][11, 17, 28][16, 6, 21][4, 20][16, 28][7, 20][0, 22] 
[4, 24, 3, 23, 1, 9][8, 26, 0, 18, 13][25, 7, 27, 10, 29][12, 22, 17, 19][2, 15, 6, 5][11, 14, 20][11, 17, 28][16, 6, 21][4, 20][0, 22][16, 28][7, 20] 
[4, 24, 3, 23, 1, 9][8, 26, 0, 18, 13][25, 7, 27, 10, 29][12, 22, 17, 19][2, 15, 6, 5][11, 14, 20][11, 17, 28][16, 6, 21][4, 20][0, 22][16, 28][7, 20] 
[4, 24, 3, 23, 1, 9][8, 26, 0, 18, 13][25, 7, 27, 10, 29][12, 22, 17, 19][2, 15, 6, 5][11, 14, 20][11, 17, 28][16, 6, 21][4, 20][0, 22][16, 28][7, 20] 
[4, 24, 3, 23, 1, 9][8, 26, 0, 18, 13][25, 7, 27, 10, 29][12, 22, 17, 19][2, 15, 6, 5][11, 14, 20][11, 17, 28][16, 6, 21][4, 20][0, 22][16, 28][2, 27] 
[4, 24, 3, 23, 1, 9][25, 7, 27, 10, 29][8, 26, 0, 18, 13][12, 22, 17, 19][2, 15, 6, 5][11, 14, 20][11, 17, 28][16, 6, 21][4, 20][7, 20][0, 22][2, 27] 
[4, 24, 3, 23, 1, 9][25, 7, 27, 10, 29][8, 26, 0, 18, 13][2, 15, 6, 5][12, 22, 17, 19][11, 14, 20][16, 6, 21][11, 17, 28][7, 20][2, 27][0, 22][4, 20] 
[4, 24, 3, 23, 1, 9][8, 26, 0, 18, 13][25, 7, 27, 10, 29][12, 22, 17, 19][2, 15, 6, 5][11, 14, 20][11, 17, 28][16, 6, 21][4, 20][0, 22][16, 28][7, 20] 
[4, 24, 3, 23, 1, 9][25, 7, 27, 10, 29][8, 26, 0, 18, 13][2, 15, 6, 5][12, 22, 17, 19][16, 6, 21][11, 17, 28][11, 14, 20][16, 28][7, 20][0, 22][4, 20] 
[4, 24, 3, 23, 1, 9][8, 26, 0, 18, 13][25, 7, 27, 10, 29][12, 22, 17, 19][2, 15, 6, 5][11, 14, 20][11, 17, 28][16, 6, 21][4, 20][0, 22][16, 28][7, 20] 
[4, 24, 3, 23, 1, 9][8, 26, 0, 18, 13][25, 7, 27, 10, 29][12, 22, 17, 19][2, 15, 6, 5][11, 14, 20][11, 17, 28][16, 6, 21][4, 20][0, 22][16, 28][2, 27] 
[4, 24, 3, 23, 1, 9][25, 7, 27, 10, 29][8, 26, 0, 18, 13][2, 15, 6, 5][12, 22, 17, 19][16, 6, 21][11, 14, 20][11, 17, 28][2, 27][7, 20][4, 20][0, 22] 
[4, 24, 3, 23, 1, 9][8, 26, 0, 18, 13][25, 7, 27, 10, 29][12, 22, 17, 19][2, 15, 6, 5][11, 17, 28][11, 14, 20][16, 6, 21][16, 28][0, 22][4, 20][7, 20] 
[4, 24, 3, 23, 1, 9][25, 7, 27, 10, 29][8, 26, 0, 18, 13][2, 15, 6, 5][12, 22, 17, 19][16, 6, 21][11, 17, 28][11, 14, 20][2, 27][16, 28][4, 20][0, 22] 
[4, 24, 3, 23, 1, 9][25, 7, 27, 10, 29][8, 26, 0, 18, 13][2, 15, 6, 5][12, 22, 17, 19][16, 6, 21][11, 17, 28][11, 14, 20][2, 27][16, 28][0, 22][4, 20] 
[4, 24, 3, 23, 1, 9][25, 7, 27, 10, 29][8, 26, 0, 18, 13][2, 15, 6, 5][12, 22, 17, 19][16, 6, 21][11, 14, 20][11, 17, 28][2, 27][7, 20][4, 20][0, 22] 
[4, 24, 3, 23, 1, 9][25, 7, 27, 10, 29][8, 26, 0, 18, 13][2, 15, 6, 5][12, 22, 17, 19][11, 14, 20][16, 6, 21][11, 17, 28][4, 20][7, 20][2, 27][0, 22] 
[4, 24, 3, 23, 1, 9][25, 7, 27, 10, 29][8, 26, 0, 18, 13][2, 15, 6, 5][12, 22, 17, 19][16, 6, 21][11, 17, 28][11, 14, 20][16, 28][7, 20][0, 22][4, 20] 
[4, 24, 3, 23, 1, 9][25, 7, 27, 10, 29][8, 26, 0, 18, 13][12, 22, 17, 19][2, 15, 6, 5][11, 14, 20][11, 17, 28][16, 6, 21][4, 20][16, 28][7, 20][0, 22] 
[4, 24, 3, 23, 1, 9][8, 26, 0, 18, 13][25, 7, 27, 10, 29][12, 22, 17, 19][2, 15, 6, 5][11, 14, 20][11, 17, 28][16, 6, 21][4, 20][0, 22][16, 28][7, 20] 
[4, 24, 3, 23, 1, 9][25, 7, 27, 10, 29][8, 26, 0, 18, 13][2, 15, 6, 5][12, 22, 17, 19][16, 6, 21][11, 17, 28][11, 14, 20][2, 27][16, 28][4, 20][0, 22] 
[4, 24, 3, 23, 1, 9][8, 26, 0, 18, 13][25, 7, 27, 10, 29][12, 22, 17, 19][2, 15, 6, 5][11, 17, 28][11, 14, 20][16, 6, 21][0, 22][4, 20][7, 20][2, 27] 
[4, 24, 3, 23, 1, 9][25, 7, 27, 10, 29][8, 26, 0, 18, 13][2, 15, 6, 5][12, 22, 17, 19][16, 6, 21][11, 17, 28][11, 14, 20][16, 28][7, 20][0, 22][4, 20] 
[4, 24, 3, 23, 1, 9][25, 7, 27, 10, 29][8, 26, 0, 18, 13][12, 22, 17, 19][2, 15, 6, 5][11, 17, 28][11, 14, 20][16, 6, 21][16, 28][2, 27][4, 20][0, 22] 
[4, 24, 3, 23, 1, 9][25, 7, 27, 10, 29][8, 26, 0, 18, 13][2, 15, 6, 5][12, 22, 17, 19][16, 6, 21][11, 17, 28][11, 14, 20][2, 27][16, 28][4, 20][0, 22] 
[4, 24, 3, 23, 1, 9][25, 7, 27, 10, 29][8, 26, 0, 18, 13][2, 15, 6, 5][12, 22, 17, 19][11, 14, 20][16, 6, 21][11, 17, 28][7, 20][2, 27][0, 22][4, 20] 
[4, 24, 3, 23, 1, 9][8, 26, 0, 18, 13][25, 7, 27, 10, 29][12, 22, 17, 19][2, 15, 6, 5][11, 14, 20][11, 17, 28][16, 6, 21][4, 20][0, 22][16, 28][7, 20] 
[4, 24, 3, 23, 1, 9][25, 7, 27, 10, 29][8, 26, 0, 18, 13][2, 15, 6, 5][12, 22, 17, 19][16, 6, 21][11, 17, 28][11, 14, 20][2, 27][16, 28][4, 20][0, 22] 
[4, 24, 3, 23, 1, 9][25, 7, 27, 10, 29][8, 26, 0, 18, 13][2, 15, 6, 5][12, 22, 17, 19][16, 6, 21][11, 17, 28][11, 14, 20][2, 27][16, 28][4, 20][0, 22] 
[5, 21, 2, 27, 15, 16, 28, 25, 22, 19, 12, 8, 26][2, 29, 10, 7, 4, 20, 23, 1, 9, 3, 11, 14, 24][0, 17, 19][0, 18, 13][2, 21][3, 9][11, 14][11, 14][11, 14][6, 15][3, 9][11, 14] 
[5, 21, 2, 27, 15, 16, 28, 25, 22, 19, 12, 8, 26][2, 29, 10, 7, 4, 20, 23, 1, 9, 3, 11, 14, 24][0, 17, 19][0, 18, 13][2, 21][3, 9][11, 14][11, 14][11, 14][6, 15][3, 9][11, 14] 
[5, 21, 2, 27, 15, 16, 28, 25, 22, 19, 12, 8, 26][2, 29, 10, 7, 4, 20, 23, 1, 9, 3, 11, 14, 24][0, 17, 19][0, 18, 13][2, 21][3, 9][11, 14][11, 14][11, 14][6, 15][3, 9][11, 14] 
[2, 29, 10, 7, 4, 20, 23, 1, 9, 3, 11, 14, 24][8, 12, 19, 22, 25, 28, 16, 15, 27][5, 6, 15, 2, 21][8, 26, 0, 18, 13][11, 14][3, 9][17, 19][4, 20][11, 14][4, 7][3, 9][10, 29] 
[2, 29, 10, 7, 4, 20, 23, 1, 9, 3, 11, 14, 24][8, 12, 19, 22, 25, 28, 16, 15, 27][5, 6, 15, 2, 21][8, 26, 0, 18, 13][11, 14][3, 9][17, 19][4, 20][11, 14][4, 7][3, 9][10, 29] 
[21, 2, 29, 10, 7, 4, 20, 23, 1, 9, 3, 11, 14, 24][0, 26, 8, 12, 19, 22, 25, 28, 16, 15, 27][5, 6, 15][0, 18, 13][3, 9][17, 28][2, 15][2, 29][4, 20][16, 28][8, 26][11, 14] 
[5, 21, 2, 27, 15, 16, 28, 25, 22, 19, 12, 8, 26][2, 29, 10, 7, 4, 20, 23, 1, 9, 3, 11, 14, 24][0, 17, 19][0, 18, 13][2, 21][3, 9][11, 14][11, 14][11, 14][6, 15][3, 9][11, 14] 
[5, 21, 2, 27, 15, 16, 28, 25, 22, 19, 12, 8, 26][2, 29, 10, 7, 4, 20, 23, 1, 9, 3, 11, 14, 24][0, 17, 19][0, 18, 13][2, 21][3, 9][11, 14][11, 14][11, 14][6, 15][3, 9][11, 14] 
[2, 29, 10, 7, 4, 20, 23, 1, 9, 3, 11, 14, 24][8, 12, 19, 22, 25, 28, 16, 15, 27][5, 6, 15, 2, 21][8, 26, 0, 18, 13][11, 14][3, 9][17, 19][4, 20][11, 14][4, 7][3, 9][10, 29] 
[5, 21, 2, 27, 15, 16, 28, 25, 22, 19, 12, 8, 26][2, 29, 10, 7, 4, 20, 23, 1, 9, 3, 11, 14, 24][0, 17, 19][0, 18, 13][2, 21][3, 9][11, 14][11, 14][11, 14][6, 15][3, 9][11, 14] 
[5, 21, 2, 27, 15, 16, 28, 25, 22, 19, 12, 8, 26][2, 29, 10, 7, 4, 20, 23, 1, 9, 3, 11, 14, 24][0, 17, 19][0, 18, 13][2, 21][3, 9][11, 14][11, 14][11, 14][6, 15][3, 9][11, 14] 
[5, 21, 2, 27, 15, 16, 28, 25, 22, 19, 12, 8, 26][2, 29, 10, 7, 4, 20, 23, 1, 9, 3, 11, 14, 24][0, 17, 19][0, 18, 13][2, 21][3, 9][11, 14][11, 14][11, 14][6, 15][3, 9][11, 14] 
[2, 29, 10, 7, 4, 20, 23, 1, 9, 3, 11, 14, 24][8, 12, 19, 22, 25, 28, 16, 15, 27][5, 6, 15, 2, 21][8, 26, 0, 18, 13][11, 14][3, 9][17, 19][4, 20][11, 14][4, 7][3, 9][10, 29] 
[5, 21, 2, 27, 15, 16, 28, 25, 22, 19, 12, 8, 26][2, 29, 10, 7, 4, 20, 23, 1, 9, 3, 11, 14, 24][0, 17, 19][0, 18, 13][2, 21][3, 9][11, 14][11, 14][11, 14][6, 15][3, 9][11, 14] 
[5, 21, 2, 27, 15, 16, 28, 25, 22, 19, 12, 8, 26][2, 29, 10, 7, 4, 20, 23, 1, 9, 3, 11, 14, 24][0, 17, 19][0, 18, 13][2, 21][3, 9][11, 14][11, 14][11, 14][6, 15][3, 9][11, 14] 
[5, 21, 2, 27, 15, 16, 28, 25, 22, 19, 12, 8, 26][2, 29, 10, 7, 4, 20, 23, 1, 9, 3, 11, 14, 24][0, 17, 19][0, 18, 13][2, 21][3, 9][11, 14][11, 14][11, 14][6, 15][3, 9][11, 14] 
[5, 21, 2, 27, 15, 16, 28, 25, 22, 19, 12, 8, 26][2, 29, 10, 7, 4, 20, 23, 1, 9, 3, 11, 14, 24][0, 17, 19][0, 18, 13][2, 21][3, 9][11, 14][11, 14][11, 14][6, 15][3, 9][11, 14] 
[21, 2, 29, 10, 7, 4, 20, 23, 1, 9, 3, 11, 14, 24][0, 26, 8, 12, 19, 22, 25, 28, 16, 15, 27][2, 15, 6, 5][0, 18, 13][11, 14][17, 19][11, 14][6, 15][11, 14][3, 9][3, 9][11, 14] 
[5, 21, 2, 27, 15, 16, 28, 25, 22, 19, 12, 8, 26][2, 29, 10, 7, 4, 20, 23, 1, 9, 3, 11, 14, 24][0, 17, 19][0, 18, 13][2, 21][3, 9][11, 14][11, 14][11, 14][6, 15][3, 9][11, 14] 
[5, 21, 2, 27, 15, 16, 28, 25, 22, 19, 12, 8, 26][2, 29, 10, 7, 4, 20, 23, 1, 9, 3, 11, 14, 24][0, 17, 19][0, 18, 13][2, 21][3, 9][11, 14][11, 14][11, 14][6, 15][3, 9][11, 14] 
[5, 21, 2, 27, 15, 16, 28, 25, 22, 19, 12, 8, 26][2, 29, 10, 7, 4, 20, 23, 1, 9, 3, 11, 14, 24][0, 17, 19][0, 18, 13][2, 21][3, 9][11, 14][11, 14][11, 14][6, 15][3, 9][11, 14] 
[4, 24, 3, 23, 1, 9][8, 26, 0, 18, 13][25, 7, 27, 10, 29][12, 22, 17, 19][2, 15, 6, 5][11, 14, 20][11, 17, 28][16, 6, 21][0, 22][4, 20][16, 28][7, 20] 
[4, 24, 3, 23, 1, 9][8, 26, 0, 18, 13][25, 7, 27, 10, 29][12, 22, 17, 19][2, 15, 6, 5][11, 14, 20][11, 17, 28][16, 6, 21][4, 20][0, 22][16, 28][7, 20] 
[4, 24, 3, 23, 1, 9][8, 26, 0, 18, 13][25, 7, 27, 10, 29][12, 22, 17, 19][2, 15, 6, 5][11, 14, 20][11, 17, 28][16, 6, 21][0, 22][4, 20][16, 28][7, 20] 
[4, 24, 3, 23, 1, 9][8, 26, 0, 18, 13][25, 7, 27, 10, 29][12, 22, 17, 19][2, 15, 6, 5][11, 14, 20][11, 17, 28][16, 6, 21][4, 20][0, 22][16, 28][7, 20] 
[4, 24, 3, 23, 1, 9][8, 26, 0, 18, 13][25, 7, 27, 10, 29][12, 22, 17, 19][2, 15, 6, 5][11, 14, 20][11, 17, 28][16, 6, 21][4, 20][0, 22][16, 28][7, 20] 
[4, 24, 3, 23, 1, 9][8, 26, 0, 18, 13][25, 7, 27, 10, 29][12, 22, 17, 19][2, 15, 6, 5][11, 14, 20][11, 17, 28][16, 6, 21][4, 20][0, 22][16, 28][7, 20] 
[4, 24, 3, 23, 1, 9][8, 26, 0, 18, 13][25, 7, 27, 10, 29][12, 22, 17, 19][2, 15, 6, 5][11, 14, 20][11, 17, 28][16, 6, 21][4, 20][0, 22][16, 28][7, 20] 
[4, 24, 3, 23, 1, 9][8, 26, 0, 18, 13][25, 7, 27, 10, 29][12, 22, 17, 19][2, 15, 6, 5][11, 14, 20][11, 17, 28][16, 6, 21][0, 22][4, 20][16, 28][7, 20] 
[4, 24, 3, 23, 1, 9][25, 7, 27, 10, 29][8, 26, 0, 18, 13][2, 15, 6, 5][12, 22, 17, 19][16, 6, 21][11, 17, 28][11, 14, 20][16, 28][7, 20][0, 22][4, 20] 
[4, 24, 3, 23, 1, 9][25, 7, 27, 10, 29][8, 26, 0, 18, 13][2, 15, 6, 5][12, 22, 17, 19][16, 6, 21][11, 17, 28][11, 14, 20][16, 28][7, 20][0, 22][4, 20] 
[4, 24, 3, 23, 1, 9][8, 26, 0, 18, 13][25, 7, 27, 10, 29][12, 22, 17, 19][2, 15, 6, 5][11, 14, 20][11, 17, 28][16, 6, 21][4, 20][0, 22][16, 28][7, 20] 
[4, 24, 3, 23, 1, 9][8, 26, 0, 18, 13][25, 7, 27, 10, 29][12, 22, 17, 19][2, 15, 6, 5][11, 14, 20][11, 17, 28][16, 6, 21][4, 20][0, 22][16, 28][7, 20] 
[4, 24, 3, 23, 1, 9][8, 26, 0, 18, 13][25, 7, 27, 10, 29][12, 22, 17, 19][2, 15, 6, 5][11, 14, 20][11, 17, 28][16, 6, 21][4, 20][0, 22][16, 28][7, 20] 
[4, 24, 3, 23, 1, 9][8, 26, 0, 18, 13][25, 7, 27, 10, 29][12, 22, 17, 19][2, 15, 6, 5][11, 14, 20][11, 17, 28][16, 6, 21][4, 20][0, 22][16, 28][7, 20] 
[4, 24, 3, 23, 1, 9][8, 26, 0, 18, 13][25, 7, 27, 10, 29][12, 22, 17, 19][2, 15, 6, 5][11, 17, 28][11, 14, 20][16, 6, 21][0, 22][16, 28][4, 20][7, 20] 
[4, 24, 3, 23, 1, 9][8, 26, 0, 18, 13][25, 7, 27, 10, 29][12, 22, 17, 19][2, 15, 6, 5][11, 14, 20][11, 17, 28][16, 6, 21][4, 20][16, 28][0, 22][2, 27] 
[4, 24, 3, 23, 1, 9][25, 7, 27, 10, 29][8, 26, 0, 18, 13][2, 15, 6, 5][12, 22, 17, 19][16, 6, 21][11, 17, 28][11, 14, 20][2, 27][16, 28][4, 20][0, 22] 
[4, 24, 3, 23, 1, 9][25, 7, 27, 10, 29][8, 26, 0, 18, 13][2, 15, 6, 5][12, 22, 17, 19][16, 6, 21][11, 17, 28][11, 14, 20][2, 27][16, 28][4, 20][0, 22] 
[4, 24, 3, 23, 1, 9][8, 26, 0, 18, 13][25, 7, 27, 10, 29][12, 22, 17, 19][2, 15, 6, 5][11, 14, 20][11, 17, 28][16, 6, 21][4, 20][0, 22][16, 28][2, 27] 
[4, 24, 3, 23, 1, 9][25, 7, 27, 10, 29][8, 26, 0, 18, 13][2, 15, 6, 5][12, 22, 17, 19][16, 6, 21][11, 17, 28][11, 14, 20][2, 27][16, 28][0, 22][4, 20] 
[4, 24, 3, 23, 1, 9][25, 7, 27, 10, 29][8, 26, 0, 18, 13][2, 15, 6, 5][12, 22, 17, 19][16, 6, 21][11, 17, 28][11, 14, 20][2, 27][16, 28][0, 22][4, 20] 
[4, 24, 3, 23, 1, 9][8, 26, 0, 18, 13][25, 7, 27, 10, 29][12, 22, 17, 19][2, 15, 6, 5][11, 14, 20][11, 17, 28][16, 6, 21][4, 20][0, 22][16, 28][7, 20] 
[4, 24, 3, 23, 1, 9][8, 26, 0, 18, 13][25, 7, 27, 10, 29][12, 22, 17, 19][2, 15, 6, 5][11, 14, 20][11, 17, 28][16, 6, 21][4, 20][0, 22][16, 28][7, 20] 
[4, 24, 3, 23, 1, 9][8, 26, 0, 18, 13][25, 7, 27, 10, 29][12, 22, 17, 19][2, 15, 6, 5][11, 14, 20][11, 17, 28][16, 6, 21][4, 20][0, 22][16, 28][7, 20] 
[4, 24, 3, 23, 1, 9][8, 26, 0, 18, 13][25, 7, 27, 10, 29][12, 22, 17, 19][2, 15, 6, 5][11, 14, 20][11, 17, 28][16, 6, 21][4, 20][0, 22][16, 28][7, 20] 
[4, 24, 3, 23, 1, 9][8, 26, 0, 18, 13][25, 7, 27, 10, 29][12, 22, 17, 19][2, 15, 6, 5][11, 14, 20][11, 17, 28][16, 6, 21][4, 20][0, 22][16, 28][7, 20] 
[4, 24, 3, 23, 1, 9][25, 7, 27, 10, 29][8, 26, 0, 18, 13][2, 15, 6, 5][12, 22, 17, 19][11, 14, 20][16, 6, 21][11, 17, 28][7, 20][2, 27][0, 22][4, 20] 
[4, 24, 3, 23, 1, 9][8, 26, 0, 18, 13][25, 7, 27, 10, 29][12, 22, 17, 19][2, 15, 6, 5][11, 17, 28][11, 14, 20][16, 6, 21][16, 28][0, 22][4, 20][7, 20] 
[4, 24, 3, 23, 1, 9][8, 26, 0, 18, 13][25, 7, 27, 10, 29][12, 22, 17, 19][2, 15, 6, 5][11, 14, 20][11, 17, 28][16, 6, 21][4, 20][16, 28][0, 22][2, 27] 
[4, 24, 3, 23, 1, 9][8, 26, 0, 18, 13][25, 7, 27, 10, 29][12, 22, 17, 19][2, 15, 6, 5][11, 14, 20][11, 17, 28][16, 6, 21][4, 20][16, 28][0, 22][2, 27] 
[4, 24, 3, 23, 1, 9][25, 7, 27, 10, 29][8, 26, 0, 18, 13][12, 22, 17, 19][2, 15, 6, 5][11, 17, 28][11, 14, 20][16, 6, 21][16, 28][2, 27][4, 20][0, 22] 
[4, 24, 3, 23, 1, 9][8, 26, 0, 18, 13][25, 7, 27, 10, 29][12, 22, 17, 19][2, 15, 6, 5][11, 14, 20][11, 17, 28][16, 6, 21][4, 20][16, 28][0, 22][2, 27] 
[4, 24, 3, 23, 1, 9][25, 7, 27, 10, 29][8, 26, 0, 18, 13][2, 15, 6, 5][12, 22, 17, 19][16, 6, 21][11, 17, 28][11, 14, 20][2, 27][16, 28][4, 20][0, 22] 
[4, 24, 3, 23, 1, 9][8, 26, 0, 18, 13][25, 7, 27, 10, 29][12, 22, 17, 19][15, 21, 6, 16][2, 15, 6, 5][11, 14, 20][11, 17, 28][4, 20][0, 22][16, 28][2, 27] 
[4, 24, 3, 23, 1, 9][25, 7, 27, 10, 29][8, 26, 0, 18, 13][2, 15, 6, 5][12, 22, 17, 19][16, 6, 21][11, 17, 28][11, 14, 20][2, 27][16, 28][4, 20][0, 22] 
[4, 24, 3, 23, 1, 9][8, 26, 0, 18, 13][25, 7, 27, 10, 29][12, 22, 17, 19][2, 15, 6, 5][11, 14, 20][11, 17, 28][16, 6, 21][4, 20][0, 22][16, 28][2, 27] 
[4, 24, 3, 23, 1, 9][25, 7, 27, 10, 29][8, 26, 0, 18, 13][12, 22, 17, 19][2, 15, 6, 5][11, 14, 20][11, 17, 28][16, 6, 21][4, 20][16, 28][2, 27][0, 22] 
[4, 24, 3, 23, 1, 9][8, 26, 0, 18, 13][25, 7, 27, 10, 29][12, 22, 17, 19][2, 15, 6, 5][11, 14, 20][11, 17, 28][16, 6, 21][4, 20][0, 22][16, 28][2, 27] 
[4, 24, 3, 23, 1, 9][8, 26, 0, 18, 13][25, 7, 27, 10, 29][12, 22, 17, 19][2, 15, 6, 5][11, 14, 20][11, 17, 28][16, 6, 21][4, 20][0, 22][16, 28][2, 27] 
[4, 24, 3, 23, 1, 9][8, 26, 0, 18, 13][25, 7, 27, 10, 29][12, 22, 17, 19][2, 15, 6, 5][11, 14, 20][11, 17, 28][16, 6, 21][4, 20][0, 22][16, 28][2, 27] 
[4, 24, 3, 23, 1, 9][25, 7, 27, 10, 29][8, 26, 0, 18, 13][12, 22, 17, 19][2, 15, 6, 5][11, 17, 28][11, 14, 20][16, 6, 21][16, 28][2, 27][4, 20][0, 22] 
[4, 24, 3, 23, 1, 9][25, 7, 27, 10, 29][8, 26, 0, 18, 13][2, 15, 6, 5][12, 22, 17, 19][16, 6, 21][11, 17, 28][11, 14, 20][2, 27][16, 28][4, 20][0, 22] 
[4, 24, 3, 23, 1, 9][8, 26, 0, 18, 13][25, 7, 27, 10, 29][12, 22, 17, 19][15, 21, 6, 16][2, 15, 6, 5][11, 14, 20][11, 17, 28][4, 20][0, 22][16, 28][2, 27] 
[9, 1, 23, 3, 24, 4, 20][8, 26, 0, 18, 13][25, 7, 27, 10, 29][12, 22, 17, 19][14, 11, 17, 28][2, 15, 6, 5][16, 28][0, 22][6, 16][6, 21][2, 27][14, 20] 
[9, 1, 23, 3, 24, 4, 20][8, 26, 0, 18, 13][25, 7, 27, 10, 29][12, 22, 17, 19][14, 11, 17, 28][2, 15, 6, 5][16, 28][0, 22][6, 16][6, 21][2, 27][14, 20] 
[9, 1, 23, 3, 24, 4, 20][8, 26, 0, 18, 13][25, 7, 27, 10, 29][12, 22, 17, 19][14, 11, 17, 28][2, 15, 6, 5][16, 28][0, 22][6, 16][6, 21][2, 27][14, 20] 
[9, 1, 23, 3, 24, 4, 20][8, 26, 0, 18, 13][25, 7, 27, 10, 29][12, 22, 17, 19][14, 11, 17, 28][2, 15, 6, 5][16, 28][0, 22][6, 16][6, 21][2, 27][14, 20] 
[9, 1, 23, 3, 24, 4, 20][8, 26, 0, 18, 13][25, 7, 27, 10, 29][12, 22, 17, 19][14, 11, 17, 28][2, 15, 6, 5][16, 28][0, 22][6, 16][6, 21][2, 27][14, 20] 
[9, 1, 23, 3, 24, 4, 20][8, 26, 0, 18, 13][25, 7, 27, 10, 29][12, 22, 17, 19][14, 11, 17, 28][2, 15, 6, 5][11, 14, 20][16, 28][0, 22][6, 16][6, 21][2, 27] 
[4, 24, 3, 23, 1, 9][25, 7, 27, 10, 29][8, 26, 0, 18, 13][12, 22, 17, 19][2, 15, 6, 5][15, 21, 6, 16][11, 14, 20][11, 17, 28][4, 20][7, 20][0, 22][2, 27] 
[4, 24, 3, 23, 1, 9][25, 7, 27, 10, 29][8, 26, 0, 18, 13][12, 22, 17, 19][2, 15, 6, 5][15, 21, 6, 16][11, 14, 20][11, 17, 28][4, 20][7, 20][0, 22][2, 27] 
[4, 24, 3, 23, 1, 9][25, 7, 27, 10, 29][8, 26, 0, 18, 13][15, 21, 6, 16][2, 15, 6, 5][12, 22, 17, 19][11, 14, 20][11, 17, 28][2, 27][7, 20][4, 20][0, 22] 
[4, 24, 3, 23, 1, 9][25, 7, 27, 10, 29][8, 26, 0, 18, 13][12, 22, 17, 19][2, 15, 6, 5][15, 21, 6, 16][11, 14, 20][11, 17, 28][4, 20][7, 20][0, 22][2, 27] 
[4, 24, 3, 23, 1, 9][25, 7, 27, 10, 29][8, 26, 0, 18, 13][12, 22, 17, 19][2, 15, 6, 5][15, 21, 6, 16][11, 14, 20][11, 17, 28][4, 20][7, 20][0, 22][2, 27] 
[4, 24, 3, 23, 1, 9][8, 26, 0, 18, 13][25, 7, 27, 10, 29][12, 22, 17, 19][2, 15, 6, 5][11, 14, 20][11, 17, 28][16, 6, 21][4, 20][0, 22][16, 28][2, 27] 
[4, 24, 3, 23, 1, 9][25, 7, 27, 10, 29][8, 26, 0, 18, 13][2, 15, 6, 5][12, 22, 17, 19][16, 6, 21][11, 17, 28][11, 14, 20][16, 28][7, 20][4, 20][0, 22] 
