[1, 9, 14, 20, 7, 27, 10, 21][19, 17, 12, 8, 26][23, 3, 4, 24][0, 18, 13, 6][5, 15, 2, 29][3, 11, 25][16, 28, 25][20, 23][22, 25][18, 22][6, 15][17, 22] 
[1, 9, 14, 20, 7, 27, 10, 21][19, 17, 12, 8, 26][0, 18, 13, 6, 5][23, 3, 4, 24][11, 25, 22][16, 28, 25][15, 2, 29][17, 22][18, 22][3, 11][16, 27][6, 15] 
[1, 9, 14, 20, 7, 27, 10, 21][19, 17, 12, 8, 26][0, 18, 13, 6][23, 3, 4, 24][5, 15, 2, 29][16, 28, 25][11, 25, 22][16, 27][17, 22][18, 22][20, 23][6, 15] 
[1, 9, 14, 20, 7, 27, 10, 21, 5][19, 17, 12, 8, 26][0, 18, 13, 6][23, 3, 4, 24][16, 28, 25][11, 25, 22][15, 2, 29][16, 27][17, 22][18, 22][6, 15][3, 11] 
[1, 9, 14, 20, 7, 27, 10, 21][19, 17, 12, 8, 26][0, 18, 13, 6][5, 15, 2, 29][23, 3, 4, 24][16, 28, 25][3, 11, 25][18, 22][6, 15][17, 22][22, 25][16, 27] 
[1, 9, 14, 20, 7, 27, 10, 21][19, 17, 12, 8, 26][0, 18, 13, 6][5, 15, 2, 29][23, 3, 4, 24][16, 28, 25][3, 11, 25][6, 15][18, 22][17, 22][22, 25][16, 27] 
[1, 9, 14, 20, 7, 27, 10, 21][19, 17, 12, 8, 26][0, 18, 13, 6][5, 15, 2, 29][23, 3, 4, 24][16, 28, 25][3, 11, 25][6, 15][18, 22][17, 22][22, 25][16, 27] 
[1, 9, 14, 20, 7, 27, 10, 21][19, 17, 12, 8, 26][0, 18, 13, 6][5, 15, 2, 29][23, 3, 4, 24][16, 28, 25][3, 11, 25][18, 22][6, 15][17, 22][22, 25][16, 27] 
[1, 9, 14, 20, 7, 27, 10, 21][19, 17, 12, 8, 26][5, 15, 2, 29][0, 18, 13, 6][23, 3, 4, 24][16, 28, 25][3, 11, 25][6, 15][18, 22][22, 25][16, 27][17, 22] 
[1, 9, 14, 20, 7, 27, 10, 21][19, 17, 12, 8, 26][0, 18, 13, 6][5, 15, 2, 29][23, 3, 4, 24][16, 28, 25][3, 11, 25][18, 22][6, 15][17, 22][22, 25][16, 27] 
[1, 9, 14, 20, 7, 27, 10, 21][19, 17, 12, 8, 26][23, 3, 4, 24][0, 18, 13, 6][5, 15, 2, 29][3, 11, 25][16, 28, 25][20, 23][22, 25][18, 22][6, 15][17, 22] 
[1, 9, 14, 20, 7, 27, 10, 21][19, 17, 12, 8, 26][0, 18, 13, 6, 5][23, 3, 4, 24][11, 25, 22][16, 28, 25][15, 2, 29][17, 22][18, 22][3, 11][16, 27][6, 15] 
[1, 9, 14, 20, 7, 27, 10, 21][19, 17, 12, 8, 26][23, 3, 4, 24][0, 18, 13, 6][5, 15, 2, 29][16, 28, 25][11, 25, 22][20, 23][16, 27][17, 22][18, 22][6, 15] 
[1, 9, 14, 20, 7, 27, 10, 21][19, 17, 12, 8, 26][5, 15, 2, 29][0, 18, 13, 6][23, 3, 4, 24][16, 28, 25][3, 11, 25][6, 15][18, 22][22, 25][16, 27][17, 22] 
[1, 9, 14, 20, 7, 27, 10, 21][19, 17, 12, 8, 26][23, 3, 4, 24][0, 18, 13, 6][5, 15, 2, 29][16, 28, 25][3, 11, 25][22, 25][18, 22][17, 22][16, 27][6, 15] 
[1, 9, 14, 20, 7, 27, 10, 21][19, 17, 12, 8, 26][5, 15, 2, 29][0, 18, 13, 6][23, 3, 4, 24][16, 28, 25][3, 11, 25][6, 15][18, 22][22, 25][16, 27][17, 22] 
[1, 9, 14, 20, 7, 27, 10, 21][19, 17, 12, 8, 26][0, 18, 13, 6][5, 15, 2, 29][23, 3, 4, 24][16, 28, 25][3, 11, 25][6, 15][18, 22][22, 25][20, 23][17, 22] 
[1, 9, 14, 20, 7, 27, 10, 21][19, 17, 12, 8, 26][0, 18, 13, 6, 5][23, 3, 4, 24][11, 25, 22][16, 28, 25][15, 2, 29][17, 22][18, 22][3, 11][16, 27][6, 15] 
[1, 9, 14, 20, 7, 27, 10, 21][19, 17, 12, 8, 26][0, 18, 13, 6][5, 15, 2, 29][23, 3, 4, 24][3, 11, 25][16, 28, 25][17, 22][18, 22][6, 15][22, 25][16, 27] 
[1, 9, 14, 20, 7, 27, 10, 21][19, 17, 12, 8, 26][23, 3, 4, 24][0, 18, 13, 6][5, 15, 2, 29][3, 11, 25][16, 28, 25][20, 23][22, 25][17, 22][18, 22][6, 15] 
[1, 9, 14, 20, 7, 27, 10, 21][19, 17, 12, 8, 26][0, 18, 13, 6][5, 15, 2, 29][23, 3, 4, 24][16, 28, 25][3, 11, 25][6, 15][18, 22][22, 25][20, 23][17, 22] 
[1, 9, 14, 20, 7, 27, 10, 21][19, 17, 12, 8, 26][0, 18, 13, 6, 5][23, 3, 4, 24][11, 25, 22][16, 28, 25][15, 2, 29][17, 22][18, 22][3, 11][16, 27][6, 15] 
[1, 9, 14, 20, 7, 27, 10, 21][19, 17, 12, 8, 26][0, 18, 13, 6][23, 3, 4, 24][5, 15, 2, 29][11, 25, 22][16, 28, 25][16, 27][20, 23][18, 22][6, 15][17, 22] 
[1, 9, 14, 20, 7, 27, 10, 21][19, 17, 12, 8, 26][23, 3, 4, 24][0, 18, 13, 6][5, 15, 2, 29][16, 28, 25][3, 11, 25][16, 27][22, 25][18, 22][17, 22][6, 15] 
[1, 9, 14, 20, 7, 27, 10, 21][19, 17, 12, 8, 26][23, 3, 4, 24][0, 18, 13, 6][5, 15, 2, 29][16, 28, 25][3, 11, 25][22, 25][18, 22][17, 22][6, 15][16, 27] 
[1, 9, 14, 20, 7, 27, 10, 21][19, 17, 12, 8, 26][23, 3, 4, 24][0, 18, 13, 6][5, 15, 2, 29][16, 28, 25][3, 11, 25][22, 25][18, 22][17, 22][16, 27][6, 15] 
[1, 9, 14, 20, 7, 27, 10, 21][19, 17, 12, 8, 26][23, 3, 4, 24][0, 18, 13, 6][5, 15, 2, 29][3, 11, 25][16, 28, 25][20, 23][22, 25][18, 22][6, 15][17, 22] 
[1, 9, 14, 20, 7, 27, 10, 21][19, 17, 12, 8, 26][0, 18, 13, 6, 5][23, 3, 4, 24][11, 25, 22][16, 28, 25][15, 2, 29][17, 22][18, 22][3, 11][16, 27][6, 15] 
[1, 9, 14, 20, 7, 27, 10, 21][19, 17, 12, 8, 26][0, 18, 13, 6][5, 15, 2, 29][23, 3, 4, 24][16, 28, 25][3, 11, 25][18, 22][6, 15][17, 22][22, 25][16, 27] 
[1, 9, 14, 20, 7, 27, 10, 21][19, 17, 12, 8, 26][23, 3, 4, 24][0, 18, 13, 6][5, 15, 2, 29][3, 11, 25][16, 28, 25][20, 23][22, 25][18, 22][6, 15][17, 22] 
[1, 9, 14, 20, 7, 27, 10, 21][19, 17, 12, 8, 26][23, 3, 4, 24][0, 18, 13, 6][5, 15, 2, 29][3, 11, 25][16, 28, 25][20, 23][22, 25][18, 22][6, 15][17, 22] 
[1, 9, 14, 20, 7, 27, 10, 21][19, 17, 12, 8, 26][0, 18, 13, 6, 5][23, 3, 4, 24][11, 25, 22][16, 28, 25][15, 2, 29][17, 22][18, 22][3, 11][16, 27][6, 15] 
[1, 9, 14, 20, 7, 27, 10, 21][19, 17, 12, 8, 26][23, 3, 4, 24][0, 18, 13, 6][5, 15, 2, 29][16, 28, 25][3, 11, 25][22, 25][18, 22][17, 22][16, 27][6, 15] 
[1, 9, 14, 20, 7, 27, 10, 21][19, 17, 12, 8, 26][23, 3, 4, 24][0, 18, 13, 6][5, 15, 2, 29][3, 11, 25][16, 28, 25][20, 23][22, 25][17, 22][18, 22][6, 15] 
[1, 9, 14, 20, 7, 27, 10, 21][19, 17, 12, 8, 26][23, 3, 4, 24][0, 18, 13, 6][5, 15, 2, 29][3, 11, 25][16, 28, 25][20, 23][22, 25][18, 22][6, 15][17, 22] 
[7, 2, 21, 15, 10, 29, 27, 16, 28, 25][2, 6, 13, 18, 22, 12, 8, 26, 0, 17][4, 24, 14, 3, 9, 1, 23, 20, 7][17, 19][3, 11][5, 15][18, 22][16, 28][20, 23][20, 23][16, 28][18, 22] 
[7, 2, 21, 15, 10, 29, 27, 16, 28, 25][2, 6, 13, 18, 22, 12, 8, 26, 0, 17][4, 24, 14, 3, 9, 1, 23, 20, 7][17, 19][3, 11][5, 15][18, 22][16, 28][20, 23][20, 23][16, 28][18, 22] 
[17, 0, 26, 8, 12, 22, 18, 13, 6, 2, 21][7, 2, 21, 15, 10, 29, 27, 16, 28, 25][4, 24, 14, 3, 9, 1, 23, 20, 7][15, 5, 6, 2, 21][17, 19][3, 11][18, 22][16, 28][20, 23][20, 23][16, 28][18, 22] 
[6, 13, 18, 22, 12, 8, 26, 0, 17, 19][7, 2, 21, 15, 10, 29, 27, 16, 28, 25][4, 24, 14, 3, 9, 1, 23, 20, 7][18, 22][20, 23][0, 28][5, 15][20, 23][16, 28][1, 23][18, 22][3, 11] 
[6, 13, 18, 22, 12, 8, 26, 0, 17, 19][7, 2, 21, 15, 10, 29, 27, 16, 28, 25][4, 24, 14, 3, 9, 1, 23, 20, 7][18, 22][20, 23][0, 28][5, 15][20, 23][16, 28][1, 23][18, 22][3, 11] 
[6, 13, 18, 22, 12, 8, 26, 0, 17, 19][7, 2, 21, 15, 10, 29, 27, 16, 28, 25][4, 24, 14, 3, 9, 1, 23, 20, 7][18, 22][20, 23][0, 28][5, 15][20, 23][16, 28][1, 23][18, 22][3, 11] 
[7, 2, 21, 15, 10, 29, 27, 16, 28, 25][2, 6, 13, 18, 22, 12, 8, 26, 0, 17][4, 24, 14, 3, 9, 1, 23, 20, 7][17, 19][3, 11][5, 15][18, 22][16, 28][20, 23][20, 23][16, 28][18, 22] 
[17, 0, 26, 8, 12, 22, 18, 13, 6, 2, 21][7, 2, 21, 15, 10, 29, 27, 16, 28, 25][4, 24, 14, 3, 9, 1, 23, 20, 7][15, 5, 6, 2, 21][17, 19][3, 11][18, 22][16, 28][20, 23][20, 23][16, 28][18, 22] 
[6, 13, 18, 22, 12, 8, 26, 0, 17, 19][7, 2, 21, 15, 10, 29, 27, 16, 28, 25][4, 24, 14, 3, 9, 1, 23, 20, 7][18, 22][20, 23][0, 28][5, 15][20, 23][16, 28][1, 23][18, 22][3, 11] 
[7, 2, 21, 15, 10, 29, 27, 16, 28, 25][2, 6, 13, 18, 22, 12, 8, 26, 0, 17][4, 24, 14, 3, 9, 1, 23, 20, 7][17, 19][3, 11][5, 15][18, 22][16, 28][20, 23][20, 23][16, 28][18, 22] 
[7, 2, 21, 15, 10, 29, 27, 16, 28, 25][2, 6, 13, 18, 22, 12, 8, 26, 0, 17][4, 24, 14, 3, 9, 1, 23, 20, 7][17, 19][3, 11][5, 15][18, 22][16, 28][20, 23][20, 23][16, 28][18, 22] 
[17, 0, 26, 8, 12, 22, 18, 13, 6, 2, 21][7, 2, 21, 15, 10, 29, 27, 16, 28, 25][4, 24, 14, 3, 9, 1, 23, 20, 7][17, 19][3, 11][5, 15][18, 22][16, 28][20, 23][20, 23][16, 28][18, 22] 
[6, 13, 18, 22, 12, 8, 26, 0, 17, 19][7, 2, 21, 15, 10, 29, 27, 16, 28, 25][4, 24, 14, 3, 9, 1, 23, 20, 7][18, 22][20, 23][0, 28][5, 15][20, 23][16, 28][1, 23][18, 22][3, 11] 
[7, 2, 21, 15, 10, 29, 27, 16, 28, 25][2, 6, 13, 18, 22, 12, 8, 26, 0, 17][4, 24, 14, 3, 9, 1, 23, 20, 7][17, 19][3, 11][5, 15][18, 22][16, 28][20, 23][20, 23][16, 28][18, 22] 
[7, 2, 21, 15, 10, 29, 27, 16, 28, 25][2, 6, 13, 18, 22, 12, 8, 26, 0, 17][4, 24, 14, 3, 9, 1, 23, 20, 7][17, 19][3, 11][5, 15][18, 22][16, 28][20, 23][20, 23][16, 28][18, 22] 
[23, 20, 24, 4, 14, 7, 2, 21, 15, 10, 29, 27, 16, 28, 25][2, 7, 27, 10, 6, 13, 18, 22, 0, 19, 17, 12][2, 7, 25, 22, 19, 18, 12, 8, 26, 0, 17][9, 1, 3, 11, 14][20, 23][17, 19][20, 24][5, 15][18, 22][16, 28][18, 22][16, 28] 
[23, 20, 24, 4, 14, 7, 2, 21, 15, 10, 29, 27, 16, 28, 25][2, 7, 27, 10, 6, 13, 18, 22, 0, 19, 17, 12][2, 7, 25, 22, 19, 18, 12, 8, 26, 0, 17][9, 1, 3, 11, 14][20, 23][17, 19][20, 24][5, 15][18, 22][16, 28][18, 22][16, 28] 
[17, 0, 26, 8, 12, 22, 18, 13, 6, 2, 21][7, 2, 15, 10, 29, 27, 16, 28, 25][4, 24, 14, 3, 9, 1, 23, 20, 7][17, 19][3, 11][5, 15][18, 22][16, 28][20, 23][20, 23][16, 28][18, 22] 
[23, 20, 24, 4, 14, 7, 2, 21, 15, 10, 29, 27, 16, 28, 25][17, 0, 26, 8, 12, 18, 19, 22, 25, 7, 2, 6, 15, 10, 29][2, 7, 27, 10, 6, 13, 18, 22, 0, 19, 17, 12, 8, 26][10, 6, 21, 5, 15][9, 1, 3, 11, 14][19, 17, 18, 22][20, 23][20, 24][18, 22][16, 28][18, 22][16, 28] 
[23, 20, 24, 4, 14, 7, 2, 21, 15, 10, 29, 27, 16, 28, 25][17, 0, 26, 8, 12, 18, 19, 22, 25, 7, 2, 6, 15, 10, 29][2, 7, 27, 10, 6, 13, 18, 22, 0, 19, 17, 12, 8, 26][10, 6, 21, 5, 15][9, 1, 3, 11, 14][19, 17, 18, 22][20, 23][20, 24][18, 22][16, 28][18, 22][16, 28] 
[23, 20, 24, 4, 14, 7, 2, 21, 15, 10, 29, 27, 16, 28, 25][2, 7, 27, 10, 6, 13, 18, 22, 0, 19, 17, 12][17, 0, 26, 8, 12, 18, 19, 22][9, 1, 3, 11, 14][20, 23][17, 19][20, 24][5, 15][18, 22][16, 28][18, 22][16, 28] 
[1, 9, 14, 20, 7, 27, 10, 21][19, 17, 12, 8, 26][0, 18, 13, 6][5, 15, 2, 29][23, 3, 4, 24][16, 28, 25][11, 25, 22][16, 27][17, 22][18, 22][6, 15][3, 11] 
[1, 9, 14, 20, 7, 27, 10, 21][19, 17, 12, 8, 26][0, 18, 13, 6][5, 15, 2, 29][23, 3, 4, 24][11, 25, 22][16, 28, 25][6, 15][18, 22][16, 27][17, 22][3, 11] 
[1, 9, 14, 20, 7, 27, 10, 21][19, 17, 12, 8, 26][0, 18, 13, 6][5, 15, 2, 29][23, 3, 4, 24][16, 28, 25][11, 25, 22][16, 27][17, 22][18, 22][6, 15][3, 11] 
[1, 9, 14, 20, 7, 27, 10, 21][19, 17, 12, 8, 26][0, 18, 13, 6][5, 15, 2, 29][23, 3, 4, 24][11, 25, 22][16, 28, 25][6, 15][18, 22][3, 11][16, 27][17, 22] 
[1, 9, 14, 20, 7, 27, 10, 21][19, 17, 12, 8, 26][0, 18, 13, 6][5, 15, 2, 29][23, 3, 4, 24][16, 28, 25][11, 25, 22][16, 27][17, 22][18, 22][6, 15][3, 11] 
[1, 9, 14, 20, 7, 27, 10, 21][19, 17, 12, 8, 26][0, 18, 13, 6][5, 15, 2, 29][23, 3, 4, 24][11, 25, 22][16, 28, 25][6, 15][18, 22][3, 11][16, 27][17, 22] 
[1, 9, 14, 20, 7, 27, 10, 21][19, 17, 12, 8, 26][0, 18, 13, 6][5, 15, 2, 29][23, 3, 4, 24][11, 25, 22][16, 28, 25][6, 15][18, 22][16, 27][17, 22][3, 11] 
[1, 9, 14, 20, 7, 27, 10, 21][19, 17, 12, 8, 26][0, 18, 13, 6][5, 15, 2, 29][23, 3, 4, 24][16, 28, 25][11, 25, 22][16, 27][17, 22][18, 22][6, 15][3, 11] 
[1, 9, 14, 20, 7, 27, 10, 21][19, 17, 12, 8, 26][0, 18, 13, 6][5, 15, 2, 29][23, 3, 4, 24][11, 25, 22][16, 28, 25][6, 15][18, 22][3, 11][16, 27][17, 22] 
[1, 9, 14, 20, 7, 27, 10, 21][19, 17, 12, 8, 26][0, 18, 13, 6][5, 15, 2, 29][23, 3, 4, 24][16, 28, 25][11, 25, 22][16, 27][17, 22][18, 22][6, 15][3, 11] 
[1, 9, 14, 20, 7, 27, 10, 21][19, 17, 12, 8, 26][0, 18, 13, 6][5, 15, 2, 29][23, 3, 4, 24][16, 28, 25][11, 25, 22][16, 27][17, 22][18, 22][6, 15][3, 11] 
[1, 9, 14, 20, 7, 27, 10, 21][19, 17, 12, 8, 26][0, 18, 13, 6][5, 15, 2, 29][23, 3, 4, 24][16, 28, 25][11, 25, 22][16, 27][17, 22][18, 22][6, 15][3, 11] 
[1, 9, 14, 20, 7, 27, 10, 21][19, 17, 12, 8, 26][0, 18, 13, 6][5, 15, 2, 29][23, 3, 4, 24][11, 25, 22][16, 28, 25][6, 15][18, 22][3, 11][16, 27][17, 22] 
[1, 9, 14, 20, 7, 27, 10, 21][19, 17, 12, 8, 26][0, 18, 13, 6][5, 15, 2, 29][23, 3, 4, 24][16, 28, 25][11, 25, 22][16, 27][17, 22][18, 22][6, 15][3, 11] 
[1, 9, 14, 20, 7, 27, 10, 21][19, 17, 12, 8, 26][0, 18, 13, 6][5, 15, 2, 29][23, 3, 4, 24][16, 28, 25][11, 25, 22][16, 27][17, 22][18, 22][6, 15][3, 11] 
[1, 9, 14, 20, 7, 27, 10, 21][19, 17, 12, 8, 26][23, 3, 4, 24][0, 18, 13, 6][5, 15, 2, 29][3, 11, 25][16, 28, 25][20, 23][22, 25][18, 22][6, 15][17, 22] 
[1, 9, 14, 20, 7, 27, 10, 21][19, 17, 12, 8, 26][23, 3, 4, 24][0, 18, 13, 6][5, 15, 2, 29][3, 11, 25][16, 28, 25][20, 23][22, 25][18, 22][6, 15][17, 22] 
[1, 9, 14, 20, 7, 27, 10, 21][19, 17, 12, 8, 26][23, 3, 4, 24][0, 18, 13, 6][5, 15, 2, 29][3, 11, 25][16, 28, 25][20, 23][22, 25][18, 22][6, 15][17, 22] 
[1, 9, 14, 20, 7, 27, 10, 21][19, 17, 12, 8, 26][23, 3, 4, 24][0, 18, 13, 6][5, 15, 2, 29][3, 11, 25][16, 28, 25][20, 23][22, 25][18, 22][6, 15][17, 22] 
[1, 9, 14, 20, 7, 27, 10, 21][19, 17, 12, 8, 26][23, 3, 4, 24][0, 18, 13, 6][5, 15, 2, 29][3, 11, 25][16, 28, 25][20, 23][22, 25][18, 22][6, 15][17, 22] 
[1, 9, 14, 20, 7, 27, 10, 21][0, 18, 13, 6, 5][19, 17, 12, 8, 26][23, 3, 4, 24][11, 25, 22][16, 28, 25][15, 2, 29][6, 15][18, 22][17, 22][3, 11][20, 23] 
[1, 9, 14, 20, 7, 27, 10, 21][19, 17, 12, 8, 26][0, 18, 13, 6][5, 15, 2, 29][23, 3, 4, 24][16, 28, 25][11, 25, 22][16, 27][18, 22][6, 15][17, 22][3, 11] 
[1, 9, 14, 20, 7, 27, 10, 21][19, 17, 12, 8, 26][0, 18, 13, 6][5, 15, 2, 29][23, 3, 4, 24][16, 28, 25][11, 25, 22][16, 27][17, 22][18, 22][6, 15][3, 11] 
[1, 9, 14, 20, 7, 27, 10, 21][19, 17, 12, 8, 26][0, 18, 13, 6][5, 15, 2, 29][23, 3, 4, 24][11, 25, 22][16, 28, 25][6, 15][18, 22][3, 11][16, 27][17, 22] 
[1, 9, 14, 20, 7, 27, 10, 21][19, 17, 12, 8, 26][0, 18, 13, 6][5, 15, 2, 29][23, 3, 4, 24][16, 28, 25][11, 25, 22][16, 27][18, 22][6, 15][17, 22][3, 11] 
[1, 9, 14, 20, 7, 27, 10, 21][19, 17, 12, 8, 26][0, 18, 13, 6][5, 15, 2, 29][23, 3, 4, 24][16, 28, 25][11, 25, 22][16, 27][17, 22][18, 22][6, 15][3, 11] 
[1, 9, 14, 20, 7, 27, 10, 21][19, 17, 12, 8, 26][0, 18, 13, 6][5, 15, 2, 29][23, 3, 4, 24][11, 25, 22][16, 28, 25][17, 22][18, 22][6, 15][3, 11][20, 23] 
[1, 9, 14, 20, 7, 27, 10, 21][19, 17, 12, 8, 26][0, 18, 13, 6][5, 15, 2, 29][23, 3, 4, 24][11, 25, 22][16, 28, 25][6, 15][18, 22][3, 11][16, 27][17, 22] 
[1, 9, 14, 20, 7, 27, 10, 21][19, 17, 12, 8, 26][0, 18, 13, 6][5, 15, 2, 29][23, 3, 4, 24][16, 28, 25][3, 11, 25][6, 15][18, 22][22, 25][20, 23][17, 22] 
[1, 9, 14, 20, 7, 27, 10, 21][19, 17, 12, 8, 26][23, 3, 4, 24][0, 18, 13, 6][5, 15, 2, 29][3, 11, 25][16, 28, 25][20, 23][22, 25][18, 22][6, 15][17, 22] 
[1, 9, 14, 20, 7, 27, 10, 21][19, 17, 12, 8, 26][23, 3, 4, 24][0, 18, 13, 6][5, 15, 2, 29][3, 11, 25][16, 28, 25][20, 23][22, 25][18, 22][6, 15][17, 22] 
[1, 9, 14, 20, 7, 27, 10, 21][19, 17, 12, 8, 26][23, 3, 4, 24][0, 18, 13, 6][5, 15, 2, 29][3, 11, 25][16, 28, 25][20, 23][22, 25][18, 22][6, 15][17, 22] 
[1, 9, 14, 20, 7, 27, 10, 21][19, 17, 12, 8, 26][23, 3, 4, 24][0, 18, 13, 6][5, 15, 2, 29][3, 11, 25][16, 28, 25][20, 23][22, 25][18, 22][6, 15][17, 22] 
[1, 9, 14, 20, 7, 27, 10, 21][19, 17, 12, 8, 26][23, 3, 4, 24][0, 18, 13, 6][5, 15, 2, 29][3, 11, 25][16, 28, 25][20, 23][22, 25][18, 22][6, 15][17, 22] 
[1, 9, 14, 20, 7, 27, 10, 21][19, 17, 12, 8, 26][23, 3, 4, 24][0, 18, 13, 6][5, 15, 2, 29][3, 11, 25][16, 28, 25][20, 23][22, 25][18, 22][6, 15][17, 22] 
[1, 9, 14, 20, 7, 27, 10, 21][19, 17, 12, 8, 26][0, 18, 13, 6][23, 3, 4, 24][5, 15, 2, 29][16, 28, 25][3, 11, 25][18, 22][17, 22][22, 25][6, 15][20, 23] 
[1, 9, 14, 20, 7, 27, 10, 21][19, 17, 12, 8, 26][23, 3, 4, 24][0, 18, 13, 6][5, 15, 2, 29][3, 11, 25][16, 28, 25][20, 23][22, 25][18, 22][6, 15][17, 22] 
[1, 9, 14, 20, 7, 27, 10, 21][19, 17, 12, 8, 26][0, 18, 13, 6][23, 3, 4, 24][5, 15, 2, 29][16, 28, 25][3, 11, 25][18, 22][17, 22][22, 25][6, 15][20, 23] 
[1, 9, 14, 20, 7, 27, 10, 21][19, 17, 12, 8, 26][5, 15, 2, 29][0, 18, 13, 6][23, 3, 4, 24][3, 11, 25][16, 28, 25][6, 15][18, 22][22, 25][17, 22][20, 23] 
[1, 9, 14, 20, 7, 27, 10, 21][19, 17, 12, 8, 26][23, 3, 4, 24][0, 18, 13, 6][5, 15, 2, 29][3, 11, 25][16, 28, 25][20, 23][22, 25][18, 22][6, 15][17, 22] 
[1, 9, 14, 20, 7, 27, 10, 21][19, 17, 12, 8, 26][23, 3, 4, 24][0, 18, 13, 6][5, 15, 2, 29][3, 11, 25][16, 28, 25][20, 23][22, 25][18, 22][6, 15][17, 22] 
[1, 9, 14, 20, 7, 27, 10, 21][19, 17, 12, 8, 26][23, 3, 4, 24][0, 18, 13, 6][5, 15, 2, 29][3, 11, 25][16, 28, 25][20, 23][22, 25][18, 22][6, 15][17, 22] 
[1, 9, 14, 20, 7, 27, 10, 21][19, 17, 12, 8, 26][23, 3, 4, 24][0, 18, 13, 6][5, 15, 2, 29][3, 11, 25][16, 28, 25][20, 23][22, 25][18, 22][6, 15][17, 22] 
[1, 9, 14, 20, 7, 27, 10, 21][19, 17, 12, 8, 26][0, 18, 13, 6, 5][23, 3, 4, 24][16, 28, 25][3, 11, 25][15, 2, 29][17, 22][22, 25][18, 22][20, 23][5, 15] 
[1, 9, 14, 20, 7, 27, 10, 21][19, 17, 12, 8, 26][0, 18, 13, 6, 5][23, 3, 4, 24][16, 28, 25][3, 11, 25][15, 2, 29][17, 22][22, 25][18, 22][20, 23][5, 15] 
[1, 9, 14, 20, 7, 27, 10, 21][19, 17, 12, 8, 26][0, 18, 13, 6, 5][23, 3, 4, 24][16, 28, 25][3, 11, 25][15, 2, 29][17, 22][22, 25][18, 22][20, 23][5, 15] 
[1, 9, 14, 20, 7, 27, 10, 21][19, 17, 12, 8, 26][0, 18, 13, 6, 5][23, 3, 4, 24][16, 28, 25][3, 11, 25][15, 2, 29][17, 22][22, 25][18, 22][20, 23][5, 15] 
[1, 9, 14, 20, 7, 27, 10, 21][19, 17, 12, 8, 26][0, 18, 13, 6, 5][23, 3, 4, 24][16, 28, 25][3, 11, 25][15, 2, 29][17, 22][22, 25][18, 22][20, 23][5, 15] 
[1, 9, 14, 20, 7, 27, 10, 21][19, 17, 12, 8, 26][5, 6, 15, 2, 29][23, 3, 4, 24][0, 18, 13, 6][3, 11, 25][16, 28, 25][20, 23][22, 25][18, 22][17, 22][6, 15] 
[1, 9, 14, 20, 7, 27, 10, 21][19, 17, 12, 8, 26][0, 18, 13, 6][5, 15, 2, 29][23, 3, 4, 24][11, 25, 22][16, 28, 25][6, 15][18, 22][3, 11][16, 27][17, 22] 
[1, 9, 14, 20, 7, 27, 10, 21][19, 17, 12, 8, 26][0, 18, 13, 6][5, 15, 2, 29][23, 3, 4, 24][11, 25, 22][16, 28, 25][6, 15][18, 22][3, 11][16, 27][17, 22] 
[1, 9, 14, 20, 7, 27, 10, 21][19, 17, 12, 8, 26][0, 18, 13, 6][5, 15, 2, 29][23, 3, 4, 24][11, 25, 22][16, 28, 25][6, 15][18, 22][3, 11][16, 27][17, 22] 
[1, 9, 14, 20, 7, 27, 10, 21][19, 17, 12, 8, 26][0, 18, 13, 6][5, 15, 2, 29][23, 3, 4, 24][11, 25, 22][16, 28, 25][6, 15][18, 22][3, 11][16, 27][17, 22] 
[1, 9, 14, 20, 7, 27, 10, 21][19, 17, 12, 8, 26][0, 18, 13, 6][5, 15, 2, 29][23, 3, 4, 24][11, 25, 22][16, 28, 25][6, 15][18, 22][3, 11][16, 27][17, 22] 
[1, 9, 14, 20, 7, 27, 10, 21][19, 17, 12, 8, 26][23, 3, 4, 24][0, 18, 13, 6][5, 15, 2, 29][3, 11, 25][16, 28, 25][20, 23][22, 25][18, 22][6, 15][17, 22] 
[1, 9, 14, 20, 7, 27, 10, 21][19, 17, 12, 8, 26][0, 18, 13, 6][5, 15, 2, 29][23, 3, 4, 24][11, 25, 22][16, 28, 25][6, 15][18, 22][3, 11][16, 27][17, 22] 
