[7, 25, 22, 19, 18][6, 13, 0, 26, 8][2, 16, 28, 17, 12][4, 3, 1, 14, 11][15, 10, 27, 29][9, 23, 24, 20][5, 21, 15][7, 10][0, 19][16, 27][11, 17][14, 20] 
[4, 3, 1, 14, 11][2, 29, 27, 10, 15][6, 13, 0, 26, 8][7, 25, 22, 19, 18][9, 23, 24, 20][12, 17, 28, 16][5, 21, 15][14, 20][11, 17][16, 27][8, 12][0, 19] 
[4, 3, 1, 14, 11][6, 13, 0, 26, 8][2, 29, 27, 10, 15][7, 25, 22, 19, 18][12, 17, 28, 16][9, 23, 24, 20][5, 21, 15][11, 17][8, 12][14, 20][16, 27][0, 19] 
[4, 3, 1, 14, 11][6, 13, 0, 26, 8][2, 29, 27, 10, 15][7, 25, 22, 19, 18][12, 17, 28, 16][9, 23, 24, 20][5, 21, 15][11, 17][8, 12][14, 20][16, 27][0, 19] 
[4, 3, 1, 14, 11][2, 29, 27, 10, 15][6, 13, 0, 26, 8][7, 25, 22, 19, 18][9, 23, 24, 20][12, 17, 28, 16][5, 21, 15][14, 20][11, 17][16, 27][8, 12][0, 19] 
[4, 3, 1, 14, 11][2, 29, 27, 10, 15][6, 13, 0, 26, 8][7, 25, 22, 19, 18][9, 23, 24, 20][12, 17, 28, 16][5, 21, 15][14, 20][11, 17][16, 27][8, 12][0, 19] 
[4, 3, 1, 14, 11][2, 29, 27, 10, 15][6, 13, 0, 26, 8][7, 25, 22, 19, 18][9, 23, 24, 20][12, 17, 28, 16][5, 21, 15][14, 20][11, 17][16, 27][8, 12][0, 19] 
[6, 13, 0, 26, 8][4, 3, 1, 14, 11][7, 25, 22, 19, 18][15, 10, 27, 29][12, 17, 28, 16][9, 23, 24, 20][2, 15, 21, 5][16, 27][8, 12][11, 17][14, 20][0, 19] 
[7, 25, 22, 19, 18][6, 13, 0, 26, 8][4, 3, 1, 14, 11][2, 29, 27, 10, 15][12, 17, 28, 16][9, 23, 24, 20][5, 21, 15][0, 19][8, 12][11, 17][16, 27][14, 20] 
[6, 13, 0, 26, 8][7, 25, 22, 19, 18][4, 3, 1, 14, 11][12, 17, 28, 16][2, 15, 21, 5][15, 10, 27, 29][9, 23, 24, 20][8, 12][0, 19][16, 27][11, 17][14, 20] 
[7, 25, 22, 19, 18][6, 13, 0, 26, 8][2, 16, 28, 17, 12][4, 3, 1, 14, 11][15, 10, 27, 29][9, 23, 24, 20][5, 21, 15][7, 10][0, 19][16, 27][11, 17][14, 20] 
[4, 3, 1, 14, 11][2, 29, 27, 10, 15][6, 13, 0, 26, 8][7, 25, 22, 19, 18][9, 23, 24, 20][12, 17, 28, 16][5, 21, 15][14, 20][11, 17][16, 27][8, 12][0, 19] 
[4, 3, 1, 14, 11][2, 29, 27, 10, 15][6, 13, 0, 26, 8][7, 25, 22, 19, 18][9, 23, 24, 20][12, 17, 28, 16][5, 21, 15][14, 20][11, 17][16, 27][8, 12][0, 19] 
[4, 3, 1, 14, 11][2, 29, 27, 10, 15][6, 13, 0, 26, 8][7, 25, 22, 19, 18][9, 23, 24, 20][12, 17, 28, 16][5, 21, 15][14, 20][11, 17][16, 27][8, 12][0, 19] 
[4, 3, 1, 14, 11][2, 29, 27, 10, 15][6, 13, 0, 26, 8][7, 25, 22, 19, 18][9, 23, 24, 20][12, 17, 28, 16][5, 21, 15][14, 20][11, 17][16, 27][8, 12][0, 19] 
[6, 13, 0, 26, 8][4, 3, 1, 14, 11][7, 25, 22, 19, 18][15, 10, 27, 29][12, 17, 28, 16][9, 23, 24, 20][2, 15, 21, 5][16, 27][8, 12][11, 17][14, 20][0, 19] 
[7, 25, 22, 19, 18][6, 13, 0, 26, 8][2, 16, 28, 17, 12][4, 3, 1, 14, 11][15, 10, 27, 29][9, 23, 24, 20][5, 21, 15][7, 10][0, 19][16, 27][11, 17][14, 20] 
[4, 3, 1, 14, 11][2, 29, 27, 10, 15][6, 13, 0, 26, 8][7, 25, 22, 19, 18][9, 23, 24, 20][12, 17, 28, 16][5, 21, 15][14, 20][11, 17][16, 27][8, 12][0, 19] 
[4, 3, 1, 14, 11][2, 29, 27, 10, 15][6, 13, 0, 26, 8][7, 25, 22, 19, 18][9, 23, 24, 20][12, 17, 28, 16][5, 21, 15][14, 20][11, 17][16, 27][8, 12][0, 19] 
[7, 25, 22, 19, 18][6, 13, 0, 26, 8][2, 16, 28, 17, 12][4, 3, 1, 14, 11][15, 10, 27, 29][9, 23, 24, 20][5, 21, 15][7, 10][0, 19][16, 27][11, 17][14, 20] 
[7, 25, 22, 19, 18][6, 13, 0, 26, 8][2, 16, 28, 17, 12][4, 3, 1, 14, 11][15, 10, 27, 29][9, 23, 24, 20][5, 21, 15][7, 10][0, 19][16, 27][11, 17][14, 20] 
[4, 3, 1, 14, 11][2, 29, 27, 10, 15][6, 13, 0, 26, 8][7, 25, 22, 19, 18][9, 23, 24, 20][12, 17, 28, 16][5, 21, 15][14, 20][11, 17][16, 27][8, 12][0, 19] 
[4, 3, 1, 14, 11][2, 29, 27, 10, 15][6, 13, 0, 26, 8][7, 25, 22, 19, 18][9, 23, 24, 20][12, 17, 28, 16][5, 21, 15][14, 20][11, 17][16, 27][8, 12][0, 19] 
[4, 3, 1, 14, 11][2, 29, 27, 10, 15][6, 13, 0, 26, 8][7, 25, 22, 19, 18][9, 23, 24, 20][12, 17, 28, 16][5, 21, 15][14, 20][11, 17][16, 27][8, 12][0, 19] 
[4, 3, 1, 14, 11][2, 29, 27, 10, 15][6, 13, 0, 26, 8][7, 25, 22, 19, 18][9, 23, 24, 20][12, 17, 28, 16][5, 21, 15][14, 20][11, 17][16, 27][8, 12][0, 19] 
[6, 13, 0, 26, 8][7, 25, 22, 19, 18][4, 3, 1, 14, 11][12, 17, 28, 16][2, 15, 21, 5][15, 10, 27, 29][9, 23, 24, 20][8, 12][0, 19][16, 27][11, 17][14, 20] 
[7, 25, 22, 19, 18][6, 13, 0, 26, 8][2, 16, 28, 17, 12][4, 3, 1, 14, 11][15, 10, 27, 29][9, 23, 24, 20][5, 21, 15][7, 10][0, 19][16, 27][11, 17][14, 20] 
[4, 3, 1, 14, 11][2, 29, 27, 10, 15][6, 13, 0, 26, 8][7, 25, 22, 19, 18][9, 23, 24, 20][12, 17, 28, 16][5, 21, 15][14, 20][11, 17][16, 27][8, 12][0, 19] 
[4, 3, 1, 14, 11][2, 29, 27, 10, 15][6, 13, 0, 26, 8][7, 25, 22, 19, 18][9, 23, 24, 20][12, 17, 28, 16][5, 21, 15][14, 20][11, 17][16, 27][8, 12][0, 19] 
[7, 25, 22, 19, 18][6, 13, 0, 26, 8][2, 16, 28, 17, 12][4, 3, 1, 14, 11][15, 10, 27, 29][9, 23, 24, 20][5, 21, 15][7, 10][0, 19][16, 27][11, 17][14, 20] 
[7, 25, 22, 19, 18][6, 13, 0, 26, 8][2, 16, 28, 17, 12][4, 3, 1, 14, 11][15, 10, 27, 29][9, 23, 24, 20][5, 21, 15][7, 10][0, 19][16, 27][11, 17][14, 20] 
[4, 3, 1, 14, 11][2, 29, 27, 10, 15][6, 13, 0, 26, 8][7, 25, 22, 19, 18][9, 23, 24, 20][12, 17, 28, 16][5, 21, 15][14, 20][11, 17][16, 27][8, 12][0, 19] 
[4, 3, 1, 14, 11][2, 29, 27, 10, 15][6, 13, 0, 26, 8][7, 25, 22, 19, 18][9, 23, 24, 20][12, 17, 28, 16][5, 21, 15][14, 20][11, 17][16, 27][8, 12][0, 19] 
[2, 16, 28, 17, 12][4, 3, 1, 14, 11][7, 25, 22, 19, 18][6, 13, 0, 26, 8][9, 23, 24, 20][15, 10, 27, 29][5, 21, 15][11, 17][14, 20][16, 27][7, 10][0, 19] 
[7, 25, 22, 19, 18][6, 13, 0, 26, 8][2, 16, 28, 17, 12][4, 3, 1, 14, 11][15, 10, 27, 29][9, 23, 24, 20][5, 21, 15][7, 10][0, 19][16, 27][11, 17][14, 20] 
[24, 20, 4, 3, 9, 1, 23, 14, 11, 17, 22, 25][2, 16, 28, 25, 22, 12, 19, 18, 0, 26, 8][2, 29, 10, 7, 28, 0, 13, 6, 5][21, 15, 29, 27, 7, 28][5, 6][5, 6][8, 26][8, 26][8, 26][8, 26][8, 26][8, 26] 
[24, 20, 4, 3, 9, 1, 23, 14, 11, 17, 22, 25][2, 16, 28, 25, 22, 12, 19, 18, 0, 26, 8][2, 29, 10, 7, 28, 0, 13, 6, 5][21, 15, 29, 27, 7, 28][5, 6][5, 6][8, 26][8, 26][8, 26][8, 26][8, 26][8, 26] 
[24, 20, 4, 3, 9, 1, 23, 14, 11, 17, 22, 25][2, 16, 28, 25, 22, 12, 19, 18, 0, 26, 8][2, 29, 10, 7, 28, 0, 13, 6, 5][21, 15, 29, 27, 7, 28][5, 6][5, 6][8, 26][8, 26][8, 26][8, 26][8, 26][8, 26] 
[24, 20, 4, 3, 9, 1, 23, 14, 11, 17, 22, 25][2, 16, 28, 25, 22, 12, 19, 18, 0, 26, 8][2, 29, 10, 7, 28, 0, 13, 6, 5][7, 27, 29, 15, 21][5, 6][5, 6][8, 26][8, 26][8, 26][8, 26][8, 26][8, 26] 
[24, 20, 4, 3, 9, 1, 23, 14, 11, 17, 22, 25][2, 16, 28, 25, 22, 12, 19, 18, 0, 26, 8][2, 29, 10, 7, 28, 0, 13, 6, 5][7, 27, 29, 15, 21][5, 6][5, 6][8, 26][8, 26][8, 26][8, 26][8, 26][8, 26] 
[2, 16, 28, 25, 22, 12, 19, 18, 0, 26, 8][17, 11, 14, 23, 1, 9, 3, 4, 20, 24][5, 6, 13, 0, 28, 7, 27, 29, 15, 21][0, 26][7, 10][17, 28][8, 26][5, 6][8, 26][5, 6][8, 26][5, 6] 
[24, 20, 4, 3, 9, 1, 23, 14, 11, 17, 22, 25][2, 16, 28, 25, 22, 12, 19, 18, 0, 26, 8][2, 29, 10, 7, 28, 0, 13, 6, 5][21, 15, 29, 27, 7, 28][5, 6][5, 6][8, 26][8, 26][8, 26][8, 26][8, 26][8, 26] 
[24, 20, 4, 3, 9, 1, 23, 14, 11, 17, 22, 25][2, 16, 28, 25, 22, 12, 19, 18, 0, 26, 8][2, 29, 10, 7, 28, 0, 13, 6, 5][21, 15, 29, 27, 7, 28][5, 6][5, 6][8, 26][8, 26][8, 26][8, 26][8, 26][8, 26] 
[24, 20, 4, 3, 9, 1, 23, 14, 11, 17, 22, 25][2, 16, 28, 25, 22, 12, 19, 18, 0, 26, 8][2, 29, 10, 7, 28, 0, 13, 6, 5][7, 27, 29, 15, 21][5, 6][5, 6][8, 26][8, 26][8, 26][8, 26][8, 26][8, 26] 
[24, 20, 4, 3, 9, 1, 23, 14, 11, 17, 22, 25][2, 16, 28, 25, 22, 12, 19, 18, 0, 26, 8][2, 29, 10, 7, 28, 0, 13, 6, 5][21, 15, 29, 27, 7, 28][5, 6][5, 6][8, 26][8, 26][8, 26][8, 26][8, 26][8, 26] 
[24, 20, 4, 3, 9, 1, 23, 14, 11, 17, 22, 25][2, 16, 28, 25, 22, 12, 19, 18, 0, 26, 8][2, 29, 10, 7, 28, 0, 13, 6, 5][21, 15, 29, 27, 7, 28][5, 6][5, 6][8, 26][8, 26][8, 26][8, 26][8, 26][8, 26] 
[24, 20, 4, 3, 9, 1, 23, 14, 11, 17, 22, 25][2, 16, 28, 25, 22, 12, 19, 18, 0, 26, 8][2, 29, 10, 7, 28, 0, 13, 6, 5][21, 15, 29, 27, 7, 28][5, 6][5, 6][8, 26][8, 26][8, 26][8, 26][8, 26][8, 26] 
[24, 20, 4, 3, 9, 1, 23, 14, 11, 17, 22, 25][2, 16, 28, 25, 22, 12, 19, 18, 0, 26, 8][2, 29, 10, 7, 28, 0, 13, 6, 5][7, 27, 29, 15, 21][5, 6][5, 6][8, 26][8, 26][8, 26][8, 26][8, 26][8, 26] 
[24, 20, 4, 3, 9, 1, 23, 14, 11, 17, 22, 25][2, 16, 28, 25, 22, 12, 19, 18, 0, 26, 8][2, 29, 10, 7, 28, 0, 13, 6, 5][21, 15, 29, 27, 7, 28][5, 6][5, 6][8, 26][8, 26][8, 26][8, 26][8, 26][8, 26] 
[24, 20, 4, 3, 9, 1, 23, 14, 11, 17, 22, 25][2, 16, 28, 25, 22, 12, 19, 18, 0, 26, 8][2, 29, 10, 7, 28, 0, 13, 6, 5][21, 15, 29, 27, 7, 28][5, 6][5, 6][8, 26][8, 26][8, 26][8, 26][8, 26][8, 26] 
[7, 2, 16, 28, 25, 22, 12, 19, 18, 0, 26, 8][24, 20, 4, 3, 9, 1, 23, 14, 11, 17, 22, 25][2, 29, 10, 7, 28, 0, 13, 6, 5][21, 15, 29, 27, 7, 28][5, 6][5, 6][8, 26][8, 26][8, 26][8, 26][8, 26][8, 26] 
[7, 2, 16, 28, 25, 22, 12, 19, 18, 0, 26, 8][24, 20, 4, 3, 9, 1, 23, 14, 11, 17, 22, 25][2, 29, 10, 7, 28, 0, 13, 6, 5][21, 15, 29, 27, 7, 28][5, 6][5, 6][8, 26][8, 26][8, 26][8, 26][8, 26][8, 26] 
[24, 20, 4, 3, 9, 1, 23, 14, 11, 17, 22, 25][2, 16, 28, 25, 22, 12, 19, 18, 0, 26, 8][2, 29, 10, 7, 28, 0, 13, 6, 5][7, 27, 29, 15, 21][5, 6][5, 6][8, 26][8, 26][8, 26][8, 26][8, 26][8, 26] 
[7, 2, 16, 28, 25, 22, 12, 19, 18, 0, 26, 8][24, 20, 4, 3, 9, 1, 23, 14, 11, 17, 22, 25][2, 29, 10, 7, 28, 0, 13, 6, 5][21, 15, 29, 27, 7, 28][5, 6][5, 6][8, 26][8, 26][8, 26][8, 26][8, 26][8, 26] 
[7, 2, 16, 28, 25, 22, 12, 19, 18, 0, 26, 8][24, 20, 4, 3, 9, 1, 23, 14, 11, 17, 22, 25][2, 29, 10, 7, 28, 0, 13, 6, 5][21, 15, 29, 27, 7, 28][5, 6][5, 6][8, 26][8, 26][8, 26][8, 26][8, 26][8, 26] 
[7, 2, 16, 28, 25, 22, 12, 19, 18, 0, 26, 8][24, 20, 4, 3, 9, 1, 23, 14, 11, 17, 22, 25][2, 29, 10, 7, 28, 0, 13, 6, 5][21, 15, 29, 27, 7, 28][5, 6][5, 6][8, 26][8, 26][8, 26][8, 26][8, 26][8, 26] 
[6, 13, 0, 26, 8][4, 3, 1, 14, 11][7, 25, 22, 19, 18][15, 10, 27, 29][12, 17, 28, 16][9, 23, 24, 20][2, 15, 21, 5][16, 27][8, 12][11, 17][14, 20][0, 19] 
[4, 3, 1, 14, 11][6, 13, 0, 26, 8][7, 25, 22, 19, 18][9, 23, 24, 20][12, 17, 28, 16][15, 10, 27, 29][2, 15, 21, 5][14, 20][11, 17][8, 12][0, 19][16, 27] 
[4, 3, 1, 14, 11][6, 13, 0, 26, 8][7, 25, 22, 19, 18][15, 10, 27, 29][2, 15, 21, 5][12, 17, 28, 16][9, 23, 24, 20][16, 27][11, 17][8, 12][14, 20][0, 19] 
[4, 3, 1, 14, 11][6, 13, 0, 26, 8][7, 25, 22, 19, 18][9, 23, 24, 20][12, 17, 28, 16][15, 10, 27, 29][2, 15, 21, 5][14, 20][11, 17][8, 12][0, 19][16, 27] 
[6, 13, 0, 26, 8][7, 25, 22, 19, 18][4, 3, 1, 14, 11][12, 17, 28, 16][2, 15, 21, 5][15, 10, 27, 29][9, 23, 24, 20][8, 12][0, 19][16, 27][11, 17][14, 20] 
[4, 3, 1, 14, 11][6, 13, 0, 26, 8][7, 25, 22, 19, 18][9, 23, 24, 20][12, 17, 28, 16][15, 10, 27, 29][2, 15, 21, 5][14, 20][11, 17][8, 12][16, 27][0, 19] 
[6, 13, 0, 26, 8][7, 25, 22, 19, 18][4, 3, 1, 14, 11][12, 17, 28, 16][2, 15, 21, 5][15, 10, 27, 29][9, 23, 24, 20][8, 12][0, 19][16, 27][11, 17][14, 20] 
[6, 13, 0, 26, 8][4, 3, 1, 14, 11][7, 25, 22, 19, 18][15, 10, 27, 29][12, 17, 28, 16][9, 23, 24, 20][2, 15, 21, 5][16, 27][8, 12][11, 17][14, 20][0, 19] 
[4, 3, 1, 14, 11][6, 13, 0, 26, 8][7, 25, 22, 19, 18][9, 23, 24, 20][12, 17, 28, 16][15, 10, 27, 29][2, 15, 21, 5][14, 20][11, 17][16, 27][8, 12][0, 19] 
[4, 3, 1, 14, 11][6, 13, 0, 26, 8][7, 25, 22, 19, 18][9, 23, 24, 20][12, 17, 28, 16][15, 10, 27, 29][2, 15, 21, 5][14, 20][11, 17][8, 12][0, 19][16, 27] 
[6, 13, 0, 26, 8][7, 25, 22, 19, 18][4, 3, 1, 14, 11][12, 17, 28, 16][2, 15, 21, 5][15, 10, 27, 29][9, 23, 24, 20][8, 12][0, 19][16, 27][11, 17][14, 20] 
[6, 13, 0, 26, 8][4, 3, 1, 14, 11][7, 25, 22, 19, 18][15, 10, 27, 29][12, 17, 28, 16][9, 23, 24, 20][2, 15, 21, 5][16, 27][8, 12][11, 17][14, 20][0, 19] 
[6, 13, 0, 26, 8][7, 25, 22, 19, 18][4, 3, 1, 14, 11][12, 17, 28, 16][2, 15, 21, 5][15, 10, 27, 29][9, 23, 24, 20][8, 12][0, 19][16, 27][11, 17][14, 20] 
[6, 13, 0, 26, 8][4, 3, 1, 14, 11][7, 25, 22, 19, 18][15, 10, 27, 29][12, 17, 28, 16][9, 23, 24, 20][2, 15, 21, 5][16, 27][8, 12][11, 17][14, 20][0, 19] 
[6, 13, 0, 26, 8][7, 25, 22, 19, 18][4, 3, 1, 14, 11][12, 17, 28, 16][2, 15, 21, 5][15, 10, 27, 29][9, 23, 24, 20][8, 12][0, 19][16, 27][11, 17][14, 20] 
[7, 25, 22, 19, 18][6, 13, 0, 26, 8][2, 16, 28, 17, 12][4, 3, 1, 14, 11][15, 10, 27, 29][9, 23, 24, 20][5, 21, 15][7, 10][0, 19][16, 27][11, 17][14, 20] 
[7, 25, 22, 19, 18][6, 13, 0, 26, 8][2, 16, 28, 17, 12][4, 3, 1, 14, 11][15, 10, 27, 29][9, 23, 24, 20][5, 21, 15][7, 10][0, 19][16, 27][11, 17][14, 20] 
[7, 25, 22, 19, 18][6, 13, 0, 26, 8][2, 16, 28, 17, 12][4, 3, 1, 14, 11][15, 10, 27, 29][9, 23, 24, 20][5, 21, 15][7, 10][0, 19][16, 27][11, 17][14, 20] 
[7, 25, 22, 19, 18][6, 13, 0, 26, 8][2, 16, 28, 17, 12][4, 3, 1, 14, 11][15, 10, 27, 29][9, 23, 24, 20][5, 21, 15][7, 10][0, 19][16, 27][11, 17][14, 20] 
[7, 25, 22, 19, 18][6, 13, 0, 26, 8][2, 16, 28, 17, 12][4, 3, 1, 14, 11][15, 10, 27, 29][9, 23, 24, 20][5, 21, 15][7, 10][0, 19][16, 27][11, 17][14, 20] 
[2, 6, 13, 0, 26, 8][4, 3, 1, 14, 11][7, 25, 22, 19, 18][12, 17, 28, 16][15, 10, 27, 29][9, 23, 24, 20][5, 21, 15][16, 27][11, 17][14, 20][2, 16][7, 10] 
[6, 13, 0, 26, 8][7, 25, 22, 19, 18][4, 3, 1, 14, 11][12, 17, 28, 16][2, 15, 21, 5][15, 10, 27, 29][9, 23, 24, 20][8, 12][0, 19][16, 27][11, 17][14, 20] 
[7, 25, 22, 19, 18][6, 13, 0, 26, 8][4, 3, 1, 14, 11][12, 17, 28, 16][15, 10, 27, 29][2, 15, 21, 5][9, 23, 24, 20][0, 19][8, 12][16, 27][11, 17][14, 20] 
[6, 13, 0, 26, 8][7, 25, 22, 19, 18][4, 3, 1, 14, 11][12, 17, 28, 16][2, 15, 21, 5][15, 10, 27, 29][9, 23, 24, 20][8, 12][0, 19][16, 27][11, 17][14, 20] 
[6, 13, 0, 26, 8][7, 25, 22, 19, 18][4, 3, 1, 14, 11][12, 17, 28, 16][2, 15, 21, 5][15, 10, 27, 29][9, 23, 24, 20][8, 12][0, 19][16, 27][11, 17][14, 20] 
[4, 3, 1, 14, 11][6, 13, 0, 26, 8][7, 25, 22, 19, 18][9, 23, 24, 20][12, 17, 28, 16][15, 10, 27, 29][2, 15, 21, 5][14, 20][11, 17][16, 27][8, 12][0, 19] 
[2, 6, 13, 0, 26, 8][7, 25, 22, 19, 18][4, 3, 1, 14, 11][15, 10, 27, 29][12, 17, 28, 16][9, 23, 24, 20][5, 21, 15][7, 10][16, 27][0, 19][11, 17][14, 20] 
[6, 13, 0, 26, 8][7, 25, 22, 19, 18][4, 3, 1, 14, 11][12, 17, 28, 16][2, 15, 21, 5][15, 10, 27, 29][9, 23, 24, 20][8, 12][0, 19][16, 27][11, 17][14, 20] 
[7, 25, 22, 19, 18][6, 13, 0, 26, 8][2, 16, 28, 17, 12][4, 3, 1, 14, 11][15, 10, 27, 29][9, 23, 24, 20][5, 21, 15][7, 10][0, 19][16, 27][11, 17][14, 20] 
[7, 25, 22, 19, 18][6, 13, 0, 26, 8][2, 16, 28, 17, 12][4, 3, 1, 14, 11][15, 10, 27, 29][9, 23, 24, 20][5, 21, 15][7, 10][0, 19][16, 27][11, 17][14, 20] 
[7, 25, 22, 19, 18][6, 13, 0, 26, 8][2, 16, 28, 17, 12][4, 3, 1, 14, 11][15, 10, 27, 29][9, 23, 24, 20][5, 21, 15][7, 10][0, 19][16, 27][11, 17][14, 20] 
[7, 25, 22, 19, 18][6, 13, 0, 26, 8][2, 16, 28, 17, 12][4, 3, 1, 14, 11][15, 10, 27, 29][9, 23, 24, 20][5, 21, 15][7, 10][0, 19][16, 27][11, 17][14, 20] 
[7, 25, 22, 19, 18][6, 13, 0, 26, 8][2, 16, 28, 17, 12][4, 3, 1, 14, 11][15, 10, 27, 29][9, 23, 24, 20][5, 21, 15][7, 10][0, 19][16, 27][11, 17][14, 20] 
[7, 25, 22, 19, 18][6, 13, 0, 26, 8][2, 16, 28, 17, 12][4, 3, 1, 14, 11][15, 10, 27, 29][9, 23, 24, 20][5, 21, 15][7, 10][0, 19][16, 27][11, 17][14, 20] 
[7, 25, 22, 19, 18][6, 13, 0, 26, 8][2, 16, 28, 17, 12][4, 3, 1, 14, 11][15, 10, 27, 29][9, 23, 24, 20][5, 21, 15][7, 10][0, 19][16, 27][11, 17][14, 20] 
[7, 25, 22, 19, 18][6, 13, 0, 26, 8][2, 16, 28, 17, 12][4, 3, 1, 14, 11][15, 10, 27, 29][9, 23, 24, 20][5, 21, 15][7, 10][0, 19][16, 27][11, 17][14, 20] 
[7, 25, 22, 19, 18][6, 13, 0, 26, 8][2, 16, 28, 17, 12][4, 3, 1, 14, 11][15, 10, 27, 29][9, 23, 24, 20][5, 21, 15][7, 10][0, 19][16, 27][11, 17][14, 20] 
[7, 25, 22, 19, 18][6, 13, 0, 26, 8][2, 16, 28, 17, 12][4, 3, 1, 14, 11][15, 10, 27, 29][9, 23, 24, 20][5, 21, 15][7, 10][0, 19][16, 27][11, 17][14, 20] 
[7, 25, 22, 19, 18][6, 13, 0, 26, 8][2, 16, 28, 17, 12][4, 3, 1, 14, 11][15, 10, 27, 29][9, 23, 24, 20][5, 21, 15][7, 10][0, 19][16, 27][11, 17][14, 20] 
[7, 25, 22, 19, 18][6, 13, 0, 26, 8][2, 16, 28, 17, 12][4, 3, 1, 14, 11][15, 10, 27, 29][9, 23, 24, 20][5, 21, 15][7, 10][0, 19][16, 27][11, 17][14, 20] 
[7, 25, 22, 19, 18][6, 13, 0, 26, 8][2, 16, 28, 17, 12][4, 3, 1, 14, 11][15, 10, 27, 29][9, 23, 24, 20][5, 21, 15][7, 10][0, 19][16, 27][11, 17][14, 20] 
[7, 25, 22, 19, 18][6, 13, 0, 26, 8][2, 16, 28, 17, 12][4, 3, 1, 14, 11][15, 10, 27, 29][9, 23, 24, 20][5, 21, 15][7, 10][0, 19][16, 27][11, 17][14, 20] 
[7, 25, 22, 19, 18][6, 13, 0, 26, 8][2, 16, 28, 17, 12][4, 3, 1, 14, 11][15, 10, 27, 29][9, 23, 24, 20][5, 21, 15][7, 10][0, 19][16, 27][11, 17][14, 20] 
[2, 6, 13, 0, 26, 8][4, 3, 1, 14, 11][7, 25, 22, 19, 18][12, 17, 28, 16][15, 10, 27, 29][9, 23, 24, 20][5, 21, 15][16, 27][11, 17][14, 20][2, 16][7, 10] 
[2, 6, 13, 0, 26, 8][4, 3, 1, 14, 11][7, 25, 22, 19, 18][12, 17, 28, 16][15, 10, 27, 29][9, 23, 24, 20][5, 21, 15][16, 27][11, 17][14, 20][2, 16][7, 10] 
[2, 6, 13, 0, 26, 8][4, 3, 1, 14, 11][7, 25, 22, 19, 18][12, 17, 28, 16][15, 10, 27, 29][9, 23, 24, 20][5, 21, 15][16, 27][11, 17][14, 20][2, 16][7, 10] 
[2, 6, 13, 0, 26, 8][4, 3, 1, 14, 11][7, 25, 22, 19, 18][12, 17, 28, 16][15, 10, 27, 29][9, 23, 24, 20][5, 21, 15][16, 27][11, 17][14, 20][2, 16][7, 10] 
[2, 6, 13, 0, 26, 8][4, 3, 1, 14, 11][7, 25, 22, 19, 18][12, 17, 28, 16][15, 10, 27, 29][9, 23, 24, 20][5, 21, 15][16, 27][11, 17][14, 20][2, 16][7, 10] 
[10, 7, 25, 22, 19, 18][6, 13, 0, 26, 8][4, 3, 1, 14, 11][2, 21, 15, 29, 27][12, 17, 28, 16][9, 23, 24, 20][0, 19][10, 16][11, 17][4, 24][16, 27][5, 21] 
[4, 3, 1, 14, 11][7, 25, 22, 19, 18][6, 13, 0, 26, 8][12, 17, 28, 16][15, 10, 27, 29][2, 15, 21, 5][9, 23, 24, 20][16, 27][11, 17][14, 20][7, 10][0, 19] 
[7, 25, 22, 19, 18][4, 3, 1, 14, 11][6, 13, 0, 26, 8][12, 17, 28, 16][15, 10, 27, 29][2, 15, 21, 5][9, 23, 24, 20][16, 27][7, 10][11, 17][14, 20][0, 19] 
[7, 25, 22, 19, 18][4, 3, 1, 14, 11][6, 13, 0, 26, 8][12, 17, 28, 16][15, 10, 27, 29][2, 15, 21, 5][9, 23, 24, 20][16, 27][7, 10][11, 17][14, 20][0, 19] 
[7, 25, 22, 19, 18][6, 13, 0, 26, 8][4, 3, 1, 14, 11][15, 10, 27, 29][2, 15, 21, 5][12, 17, 28, 16][9, 23, 24, 20][7, 10][0, 19][16, 27][11, 17][14, 20] 
[7, 25, 22, 19, 18][6, 13, 0, 26, 8][4, 3, 1, 14, 11][15, 10, 27, 29][2, 15, 21, 5][12, 17, 28, 16][9, 23, 24, 20][7, 10][0, 19][16, 27][11, 17][14, 20] 
[7, 25, 22, 19, 18][6, 13, 0, 26, 8][2, 16, 28, 17, 12][4, 3, 1, 14, 11][15, 10, 27, 29][9, 23, 24, 20][5, 21, 15][7, 10][0, 19][16, 27][11, 17][14, 20] 
[4, 3, 1, 14, 11][7, 25, 22, 19, 18][6, 13, 0, 26, 8][12, 17, 28, 16][15, 10, 27, 29][2, 15, 21, 5][9, 23, 24, 20][16, 27][11, 17][14, 20][7, 10][0, 19] 
