[6, 13, 18, 0, 26][23, 1, 3, 11, 25][8, 19, 22, 12][16, 7, 4, 24][9, 14, 24, 20][2, 10, 27, 29][22, 17, 28][10, 16, 28][15, 5, 21][0, 22][10, 15][9, 23] 
[23, 1, 3, 11, 25][6, 13, 18, 0, 26][9, 14, 24, 20][16, 7, 4, 24][2, 10, 27, 29][8, 19, 22, 12][10, 16, 28][22, 17, 28][15, 5, 21][9, 23][10, 15][0, 22] 
[23, 1, 3, 11, 25][6, 13, 18, 0, 26][2, 10, 27, 29][16, 7, 4, 24][9, 14, 24, 20][8, 19, 22, 12][5, 21, 15][10, 16, 28][22, 17, 28][10, 15][3, 9][0, 22] 
[6, 13, 18, 0, 26][23, 1, 3, 11, 25][8, 12, 22, 19][16, 7, 4, 24][9, 14, 24, 20][2, 10, 27, 29][22, 17, 28][10, 16, 28][5, 21, 15][0, 22][10, 15][3, 9] 
[6, 13, 18, 0, 26][23, 1, 3, 11, 25][8, 12, 22, 19][2, 10, 27, 29][16, 7, 4, 24][9, 14, 24, 20][22, 17, 28][10, 16, 28][15, 5, 21][0, 22][10, 15][3, 9] 
[6, 13, 18, 0, 26][23, 1, 3, 11, 25][2, 10, 27, 29][16, 7, 4, 24][9, 14, 24, 20][8, 12, 22, 19][15, 5, 21][10, 16, 28][22, 17, 28][10, 15][0, 22][3, 9] 
[6, 13, 18, 0, 26][23, 1, 3, 11, 25][8, 12, 22, 19][2, 10, 27, 29][16, 7, 4, 24][9, 14, 24, 20][22, 17, 28][10, 16, 28][15, 5, 21][0, 22][10, 15][3, 9] 
[23, 1, 3, 11, 25][6, 13, 18, 0, 26][8, 12, 22, 19][16, 7, 4, 24][2, 10, 27, 29][9, 14, 24, 20][22, 17, 28][10, 16, 28][15, 5, 21][10, 15][3, 9][0, 22] 
[6, 13, 18, 0, 26][23, 1, 3, 11, 25][8, 12, 22, 19][2, 10, 27, 29][16, 7, 4, 24][9, 14, 24, 20][22, 17, 28][10, 16, 28][15, 5, 21][0, 22][10, 15][3, 9] 
[6, 13, 18, 0, 26][23, 1, 3, 11, 25][8, 12, 22, 19][16, 7, 4, 24][9, 14, 24, 20][2, 10, 27, 29][22, 17, 28][10, 16, 28][5, 21, 15][0, 22][10, 15][3, 9] 
[6, 13, 18, 0, 26][23, 1, 3, 11, 25][8, 19, 22, 12][16, 7, 4, 24][9, 14, 24, 20][2, 10, 27, 29][22, 17, 28][10, 16, 28][15, 5, 21][0, 22][9, 23][10, 15] 
[23, 1, 3, 11, 25][6, 13, 18, 0, 26][9, 14, 24, 20][16, 7, 4, 24][2, 10, 27, 29][8, 19, 22, 12][10, 16, 28][22, 17, 28][15, 5, 21][9, 23][10, 15][0, 22] 
[23, 1, 3, 11, 25][6, 13, 18, 0, 26][2, 10, 27, 29][16, 7, 4, 24][9, 14, 24, 20][8, 19, 22, 12][5, 21, 15][10, 16, 28][22, 17, 28][10, 15][3, 9][0, 22] 
[6, 13, 18, 0, 26][23, 1, 3, 11, 25][8, 12, 22, 19][2, 10, 27, 29][16, 7, 4, 24][9, 14, 24, 20][22, 17, 28][10, 16, 28][15, 5, 21][0, 22][10, 15][3, 9] 
[23, 1, 3, 11, 25][6, 13, 18, 0, 26][8, 12, 22, 19][16, 7, 4, 24][2, 10, 27, 29][9, 14, 24, 20][22, 17, 28][10, 16, 28][15, 5, 21][3, 9][10, 15][0, 22] 
[6, 13, 18, 0, 26][23, 1, 3, 11, 25][8, 12, 22, 19][2, 10, 27, 29][16, 7, 4, 24][9, 14, 24, 20][22, 17, 28][10, 16, 28][15, 5, 21][0, 22][10, 15][3, 9] 
[6, 13, 18, 0, 26][23, 1, 3, 11, 25][8, 19, 22, 12][16, 7, 4, 24][9, 14, 24, 20][2, 10, 27, 29][22, 17, 28][10, 16, 28][15, 5, 21][0, 22][9, 23][10, 15] 
[6, 13, 18, 0, 26][23, 1, 3, 11, 25][8, 19, 22, 12][16, 7, 4, 24][9, 14, 24, 20][2, 10, 27, 29][22, 17, 28][10, 16, 28][15, 5, 21][0, 22][9, 23][10, 15] 
[23, 1, 3, 11, 25][6, 13, 18, 0, 26][2, 10, 27, 29][16, 7, 4, 24][9, 14, 24, 20][8, 12, 22, 19][15, 5, 21][10, 16, 28][22, 17, 28][10, 15][3, 9][0, 22] 
[6, 13, 18, 0, 26][23, 1, 3, 11, 25][8, 19, 22, 12][16, 7, 4, 24][9, 14, 24, 20][2, 10, 27, 29][22, 17, 28][10, 16, 28][15, 5, 21][0, 22][9, 23][10, 15] 
[6, 13, 18, 0, 26][23, 1, 3, 11, 25][8, 19, 22, 12][16, 7, 4, 24][9, 14, 24, 20][2, 10, 27, 29][22, 17, 28][10, 16, 28][15, 5, 21][0, 22][9, 23][10, 15] 
[6, 13, 18, 0, 26][23, 1, 3, 11, 25][8, 19, 22, 12][16, 7, 4, 24][9, 14, 24, 20][2, 10, 27, 29][22, 17, 28][10, 16, 28][15, 5, 21][0, 22][9, 23][10, 15] 
[23, 1, 3, 11, 25][6, 13, 18, 0, 26][2, 10, 27, 29][16, 7, 4, 24][9, 14, 24, 20][8, 19, 22, 12][5, 21, 15][10, 16, 28][22, 17, 28][10, 15][3, 9][0, 22] 
[6, 13, 18, 0, 26][23, 1, 3, 11, 25][2, 10, 27, 29][16, 7, 4, 24][9, 14, 24, 20][8, 12, 22, 19][15, 5, 21][10, 16, 28][22, 17, 28][10, 15][0, 22][3, 9] 
[23, 1, 3, 11, 25][6, 13, 18, 0, 26][8, 12, 22, 19][16, 7, 4, 24][2, 10, 27, 29][9, 14, 24, 20][22, 17, 28][10, 16, 28][15, 5, 21][3, 9][10, 15][0, 22] 
[6, 13, 18, 0, 26][23, 1, 3, 11, 25][8, 12, 22, 19][2, 10, 27, 29][16, 7, 4, 24][9, 14, 24, 20][22, 17, 28][10, 16, 28][15, 5, 21][0, 22][10, 15][3, 9] 
[6, 13, 18, 0, 26][23, 1, 3, 11, 25][8, 19, 22, 12][16, 7, 4, 24][9, 14, 24, 20][2, 10, 27, 29][22, 17, 28][10, 16, 28][15, 5, 21][0, 22][9, 23][10, 15] 
[6, 13, 18, 0, 26][23, 1, 3, 11, 25][8, 19, 22, 12][16, 7, 4, 24][9, 14, 24, 20][2, 10, 27, 29][22, 17, 28][10, 16, 28][15, 5, 21][0, 22][9, 23][10, 15] 
[23, 1, 3, 11, 25][6, 13, 18, 0, 26][8, 12, 22, 19][16, 7, 4, 24][2, 10, 27, 29][9, 14, 24, 20][22, 17, 28][10, 16, 28][15, 5, 21][10, 15][3, 9][0, 22] 
[6, 13, 18, 0, 26][23, 1, 3, 11, 25][8, 19, 22, 12][16, 7, 4, 24][9, 14, 24, 20][2, 10, 27, 29][22, 17, 28][10, 16, 28][15, 5, 21][0, 22][9, 23][10, 15] 
[6, 13, 18, 0, 26][23, 1, 3, 11, 25][8, 19, 22, 12][16, 7, 4, 24][9, 14, 24, 20][2, 10, 27, 29][22, 17, 28][10, 16, 28][15, 5, 21][0, 22][9, 23][10, 15] 
[6, 13, 18, 0, 26][23, 1, 3, 11, 25][8, 19, 22, 12][16, 7, 4, 24][9, 14, 24, 20][2, 10, 27, 29][22, 17, 28][10, 16, 28][15, 5, 21][0, 22][9, 23][10, 15] 
[23, 1, 3, 11, 25][6, 13, 18, 0, 26][8, 12, 22, 19][2, 10, 27, 29][16, 7, 4, 24][9, 14, 24, 20][22, 17, 28][10, 16, 28][15, 5, 21][10, 15][3, 9][0, 22] 
[6, 13, 18, 0, 26][23, 1, 3, 11, 25][8, 19, 22, 12][16, 7, 4, 24][9, 14, 24, 20][2, 10, 27, 29][22, 17, 28][10, 16, 28][15, 5, 21][0, 22][9, 23][10, 15] 
[6, 13, 18, 0, 26][23, 1, 3, 11, 25][8, 19, 22, 12][16, 7, 4, 24][9, 14, 24, 20][2, 10, 27, 29][22, 17, 28][10, 16, 28][15, 5, 21][0, 22][9, 23][10, 15] 
[0, 28, 25, 11, 3, 1, 9, 23, 20, 4, 24][5, 15, 21, 6, 16, 2, 27, 29, 10, 7][7, 25, 22, 12, 8, 19][17, 18, 13, 0, 26][6, 21][9, 14][1, 3][1, 3][6, 21][1, 3][1, 3][1, 3] 
[0, 28, 25, 11, 3, 1, 9, 23, 20, 4, 24][5, 15, 21, 6, 16, 2, 27, 29, 10, 7][7, 25, 22, 12, 8, 19][17, 18, 13, 0, 26][6, 21][9, 14][1, 3][1, 3][6, 21][1, 3][1, 3][1, 3] 
[0, 28, 25, 11, 3, 1, 9, 23, 20, 4, 24][5, 15, 21, 6, 16, 2, 27, 29, 10, 7][7, 25, 22, 12, 8, 19][17, 18, 13, 0, 26][6, 21][9, 14][1, 3][1, 3][6, 21][1, 3][1, 3][1, 3] 
[22, 0, 28, 25, 11, 3, 1, 9, 23, 20, 4, 24][5, 15, 21, 6, 16, 2, 27, 29, 10, 7][17, 18, 13, 0, 26][19, 8, 12, 22][9, 14][1, 3][1, 3][1, 3][20, 23][7, 28][1, 3][1, 3] 
[22, 0, 28, 25, 11, 3, 1, 9, 23, 20, 4, 24][5, 15, 21, 6, 16, 2, 27, 29, 10, 7][17, 18, 13, 0, 26][19, 8, 12, 22][9, 14][1, 3][1, 3][1, 3][20, 23][7, 28][1, 3][1, 3] 
[0, 28, 25, 11, 3, 1, 9, 23, 20, 4, 24][5, 15, 21, 6, 16, 2, 27, 29, 10, 7][19, 8, 12, 22, 25][17, 18, 13, 0, 26][9, 14][1, 3][1, 3][1, 3][20, 23][7, 28][1, 3][1, 3] 
[0, 28, 25, 11, 3, 1, 9, 23, 20, 4, 24][5, 15, 21, 6, 16, 2, 27, 29, 10, 7][7, 25, 22, 12, 8, 19][17, 18, 13, 0, 26][6, 21][9, 14][1, 3][1, 3][6, 21][1, 3][1, 3][1, 3] 
[0, 28, 25, 11, 3, 1, 9, 23, 20, 4, 24][5, 15, 21, 6, 16, 2, 27, 29, 10, 7][7, 25, 22, 12, 8, 19][17, 18, 13, 0, 26][6, 21][9, 14][1, 3][1, 3][6, 21][1, 3][1, 3][1, 3] 
[22, 0, 28, 25, 11, 3, 1, 9, 23, 20, 4, 24][5, 15, 21, 6, 16, 2, 27, 29, 10, 7][17, 18, 13, 0, 26][19, 8, 12, 22][9, 14][1, 3][1, 3][1, 3][20, 23][7, 28][1, 3][1, 3] 
[0, 28, 25, 11, 3, 1, 9, 23, 20, 4, 24][5, 15, 21, 6, 16, 2, 27, 29, 10, 7][7, 25, 22, 12, 8, 19][17, 18, 13, 0, 26][6, 21][9, 14][1, 3][1, 3][6, 21][1, 3][1, 3][1, 3] 
[0, 28, 25, 11, 3, 1, 9, 23, 20, 4, 24][5, 15, 21, 6, 16, 2, 27, 29, 10, 7][7, 25, 22, 12, 8, 19][17, 18, 13, 0, 26][6, 21][9, 14][1, 3][1, 3][6, 21][1, 3][1, 3][1, 3] 
[0, 28, 25, 11, 3, 1, 9, 23, 20, 4, 24][5, 15, 21, 6, 16, 2, 27, 29, 10, 7][7, 25, 22, 12, 8, 19][17, 18, 13, 0, 26][6, 21][9, 14][1, 3][1, 3][6, 21][1, 3][1, 3][1, 3] 
[22, 0, 28, 25, 11, 3, 1, 9, 23, 20, 4, 24][5, 15, 21, 6, 16, 2, 27, 29, 10, 7][17, 18, 13, 0, 26][19, 8, 12, 22][9, 14][1, 3][1, 3][1, 3][20, 23][7, 28][1, 3][1, 3] 
[0, 28, 25, 11, 3, 1, 9, 23, 20, 4, 24][5, 15, 21, 6, 16, 2, 27, 29, 10, 7][7, 25, 22, 12, 8, 19][17, 18, 13, 0, 26][6, 21][9, 14][1, 3][1, 3][6, 21][1, 3][1, 3][1, 3] 
[0, 28, 25, 11, 3, 1, 9, 23, 20, 4, 24][5, 15, 21, 6, 16, 2, 27, 29, 10, 7][7, 25, 22, 12, 8, 19][17, 18, 13, 0, 26][6, 21][9, 14][1, 3][1, 3][6, 21][1, 3][1, 3][1, 3] 
[19, 8, 12, 22, 25, 7, 16, 6, 10, 2, 27, 29][0, 28, 25, 11, 3, 1, 9, 23, 20, 4, 24][17, 18, 13, 0, 26][5, 15, 21, 6][9, 14][1, 3][1, 3][1, 3][1, 3][20, 23][1, 3][1, 3] 
[19, 8, 12, 22, 25, 7, 16, 6, 10, 2, 27, 29][0, 28, 25, 11, 3, 1, 9, 23, 20, 4, 24][17, 18, 13, 0, 26][5, 15, 21, 6][9, 14][1, 3][1, 3][1, 3][1, 3][20, 23][1, 3][1, 3] 
[0, 28, 25, 11, 3, 1, 9, 23, 20, 4, 24][5, 15, 21, 6, 16, 2, 27, 29, 10, 7][7, 25, 22, 12, 8, 19][17, 18, 13, 0, 26][6, 21][9, 14][1, 3][1, 3][6, 21][1, 3][1, 3][1, 3] 
[19, 8, 12, 22, 25, 7, 16, 6, 10, 2, 27, 29][0, 28, 25, 11, 3, 1, 9, 23, 20, 4, 24][17, 18, 13, 0, 26][5, 15, 21, 6][9, 14][1, 3][1, 3][1, 3][1, 3][20, 23][1, 3][1, 3] 
[19, 8, 12, 22, 25, 7, 16, 6, 10, 2, 27, 29][0, 28, 25, 11, 3, 1, 9, 23, 20, 4, 24][17, 18, 13, 0, 26][5, 15, 21, 6][9, 14][1, 3][1, 3][1, 3][1, 3][20, 23][1, 3][1, 3] 
[19, 8, 12, 22, 25, 7, 16, 6, 10, 2, 27, 29][0, 28, 25, 11, 3, 1, 9, 23, 20, 4, 24][17, 18, 13, 0, 26][5, 15, 21, 6][9, 14][1, 3][1, 3][1, 3][1, 3][20, 23][1, 3][1, 3] 
[23, 1, 3, 11, 25][6, 13, 18, 0, 26][8, 12, 22, 19][16, 7, 4, 24][9, 14, 24, 20][2, 10, 27, 29][22, 17, 28][10, 16, 28][5, 21, 15][10, 15][3, 9][0, 22] 
[23, 1, 3, 11, 25][6, 13, 18, 0, 26][16, 7, 4, 24][9, 14, 24, 20][2, 10, 27, 29][8, 12, 22, 19][10, 16, 28][22, 17, 28][5, 21, 15][3, 9][0, 22][10, 15] 
[23, 1, 3, 11, 25][6, 13, 18, 0, 26][2, 10, 27, 29][16, 7, 4, 24][9, 14, 24, 20][8, 12, 22, 19][10, 16, 28][22, 17, 28][5, 21, 15][10, 15][3, 9][0, 22] 
[23, 1, 3, 11, 25][6, 13, 18, 0, 26][16, 7, 4, 24][9, 14, 24, 20][2, 10, 27, 29][8, 12, 22, 19][10, 16, 28][22, 17, 28][5, 21, 15][3, 9][0, 22][10, 15] 
[6, 13, 18, 0, 26][23, 1, 3, 11, 25][8, 12, 22, 19][16, 7, 4, 24][9, 14, 24, 20][2, 10, 27, 29][22, 17, 28][10, 16, 28][5, 21, 15][0, 22][10, 15][3, 9] 
[6, 13, 18, 0, 26][23, 1, 3, 11, 25][8, 12, 22, 19][16, 7, 4, 24][9, 14, 24, 20][2, 10, 27, 29][22, 17, 28][10, 16, 28][5, 21, 15][0, 22][10, 15][3, 9] 
[23, 1, 3, 11, 25][6, 13, 18, 0, 26][9, 14, 24, 20][16, 7, 4, 24][2, 10, 27, 29][8, 12, 22, 19][10, 16, 28][22, 17, 28][5, 21, 15][3, 9][10, 15][0, 22] 
[23, 1, 3, 11, 25][6, 13, 18, 0, 26][16, 7, 4, 24][9, 14, 24, 20][2, 10, 27, 29][8, 12, 22, 19][10, 16, 28][22, 17, 28][5, 21, 15][3, 9][0, 22][10, 15] 
[6, 13, 18, 0, 26][23, 1, 3, 11, 25][8, 12, 22, 19][16, 7, 4, 24][9, 14, 24, 20][2, 10, 27, 29][22, 17, 28][10, 16, 28][5, 21, 15][0, 22][10, 15][3, 9] 
[6, 13, 18, 0, 26][23, 1, 3, 11, 25][8, 12, 22, 19][16, 7, 4, 24][9, 14, 24, 20][2, 10, 27, 29][22, 17, 28][10, 16, 28][5, 21, 15][0, 22][10, 15][3, 9] 
[6, 13, 18, 0, 26][23, 1, 3, 11, 25][8, 12, 22, 19][16, 7, 4, 24][9, 14, 24, 20][2, 10, 27, 29][22, 17, 28][10, 16, 28][5, 21, 15][0, 22][10, 15][3, 9] 
[6, 13, 18, 0, 26][23, 1, 3, 11, 25][8, 12, 22, 19][16, 7, 4, 24][9, 14, 24, 20][2, 10, 27, 29][22, 17, 28][10, 16, 28][5, 21, 15][0, 22][10, 15][3, 9] 
[6, 13, 18, 0, 26][23, 1, 3, 11, 25][8, 12, 22, 19][16, 7, 4, 24][9, 14, 24, 20][2, 10, 27, 29][22, 17, 28][10, 16, 28][5, 21, 15][0, 22][10, 15][3, 9] 
[23, 1, 3, 11, 25][6, 13, 18, 0, 26][16, 7, 4, 24][9, 14, 24, 20][2, 10, 27, 29][8, 12, 22, 19][10, 16, 28][22, 17, 28][5, 21, 15][3, 9][0, 22][10, 15] 
[6, 13, 18, 0, 26][23, 1, 3, 11, 25][8, 12, 22, 19][16, 7, 4, 24][9, 14, 24, 20][2, 10, 27, 29][22, 17, 28][10, 16, 28][5, 21, 15][0, 22][10, 15][3, 9] 
[6, 13, 18, 0, 26][23, 1, 3, 11, 25][8, 19, 22, 12][16, 7, 4, 24][9, 14, 24, 20][2, 10, 27, 29][22, 17, 28][10, 16, 28][15, 5, 21][0, 22][9, 23][10, 15] 
[6, 13, 18, 0, 26][23, 1, 3, 11, 25][8, 19, 22, 12][16, 7, 4, 24][9, 14, 24, 20][2, 10, 27, 29][22, 17, 28][10, 16, 28][15, 5, 21][0, 22][9, 23][10, 15] 
[6, 13, 18, 0, 26][23, 1, 3, 11, 25][8, 19, 22, 12][16, 7, 4, 24][9, 14, 24, 20][2, 10, 27, 29][22, 17, 28][10, 16, 28][15, 5, 21][0, 22][9, 23][10, 15] 
[23, 1, 3, 11, 25][6, 13, 18, 0, 26][9, 14, 24, 20][16, 7, 4, 24][2, 10, 27, 29][8, 19, 22, 12][10, 16, 28][22, 17, 28][15, 5, 21][9, 23][0, 22][10, 15] 
[6, 13, 18, 0, 26][23, 1, 3, 11, 25][8, 19, 22, 12][16, 7, 4, 24][9, 14, 24, 20][2, 10, 27, 29][22, 17, 28][10, 16, 28][15, 5, 21][0, 22][9, 23][10, 15] 
[6, 13, 18, 0, 26][23, 1, 3, 11, 25][8, 19, 22, 12][16, 7, 4, 24][9, 14, 24, 20][2, 10, 27, 29][22, 17, 28][10, 16, 28][15, 5, 21][0, 22][9, 23][10, 15] 
[23, 1, 3, 11, 25][6, 13, 18, 0, 26][16, 7, 4, 24][9, 14, 24, 20][2, 10, 27, 29][8, 12, 22, 19][10, 16, 28][22, 17, 28][5, 21, 15][3, 9][0, 22][10, 15] 
[6, 13, 18, 0, 26][23, 1, 3, 11, 25][8, 12, 22, 19][16, 7, 4, 24][9, 14, 24, 20][2, 10, 27, 29][22, 17, 28][10, 16, 28][5, 21, 15][0, 22][10, 15][3, 9] 
[23, 1, 3, 11, 25][6, 13, 18, 0, 26][8, 12, 22, 19][16, 7, 4, 24][9, 14, 24, 20][2, 10, 27, 29][22, 17, 28][10, 16, 28][5, 21, 15][10, 15][3, 9][0, 22] 
[6, 13, 18, 0, 26][23, 1, 3, 11, 25][8, 12, 22, 19][16, 7, 4, 24][9, 14, 24, 20][2, 10, 27, 29][22, 17, 28][10, 16, 28][5, 21, 15][0, 22][10, 15][3, 9] 
[23, 1, 3, 11, 25][6, 13, 18, 0, 26][2, 10, 27, 29][16, 7, 4, 24][9, 14, 24, 20][8, 12, 22, 19][10, 16, 28][22, 17, 28][5, 21, 15][10, 15][3, 9][0, 22] 
[23, 1, 3, 11, 25][6, 13, 18, 0, 26][16, 7, 4, 24][2, 10, 27, 29][9, 14, 24, 20][8, 19, 22, 12][10, 16, 28][22, 17, 28][15, 5, 21][3, 9][10, 15][0, 22] 
[23, 1, 3, 11, 25][6, 13, 18, 0, 26][9, 14, 24, 20][16, 7, 4, 24][2, 10, 27, 29][8, 12, 22, 19][10, 16, 28][22, 17, 28][5, 21, 15][3, 9][10, 15][0, 22] 
[6, 13, 18, 0, 26][23, 1, 3, 11, 25][8, 19, 22, 12][16, 7, 4, 24][9, 14, 24, 20][2, 10, 27, 29][22, 17, 28][10, 16, 28][15, 5, 21][0, 22][9, 23][10, 15] 
[6, 13, 18, 0, 26][23, 1, 3, 11, 25][8, 19, 22, 12][16, 7, 4, 24][9, 14, 24, 20][2, 10, 27, 29][22, 17, 28][10, 16, 28][15, 5, 21][0, 22][9, 23][10, 15] 
[6, 13, 18, 0, 26][23, 1, 3, 11, 25][8, 19, 22, 12][16, 7, 4, 24][9, 14, 24, 20][2, 10, 27, 29][22, 17, 28][10, 16, 28][15, 5, 21][0, 22][9, 23][10, 15] 
[23, 1, 3, 11, 25][6, 13, 18, 0, 26][9, 14, 24, 20][16, 7, 4, 24][2, 10, 27, 29][8, 19, 22, 12][10, 16, 28][22, 17, 28][15, 5, 21][9, 23][10, 15][0, 22] 
[6, 13, 18, 0, 26][23, 1, 3, 11, 25][8, 19, 22, 12][16, 7, 4, 24][9, 14, 24, 20][2, 10, 27, 29][22, 17, 28][10, 16, 28][15, 5, 21][0, 22][9, 23][10, 15] 
[6, 13, 18, 0, 26][23, 1, 3, 11, 25][8, 19, 22, 12][16, 7, 4, 24][9, 14, 24, 20][2, 10, 27, 29][22, 17, 28][10, 16, 28][15, 5, 21][0, 22][9, 23][10, 15] 
[6, 13, 18, 0, 26][23, 1, 3, 11, 25][8, 19, 22, 12][16, 7, 4, 24][9, 14, 24, 20][2, 10, 27, 29][22, 17, 28][10, 16, 28][15, 5, 21][0, 22][9, 23][10, 15] 
[6, 13, 18, 0, 26][23, 1, 3, 11, 25][8, 19, 22, 12][16, 7, 4, 24][9, 14, 24, 20][2, 10, 27, 29][22, 17, 28][10, 16, 28][15, 5, 21][0, 22][9, 23][10, 15] 
[6, 13, 18, 0, 26][23, 1, 3, 11, 25][8, 19, 22, 12][16, 7, 4, 24][9, 14, 24, 20][2, 10, 27, 29][22, 17, 28][10, 16, 28][15, 5, 21][0, 22][9, 23][10, 15] 
[6, 13, 18, 0, 26][23, 1, 3, 11, 25][8, 19, 22, 12][16, 7, 4, 24][9, 14, 24, 20][2, 10, 27, 29][22, 17, 28][10, 16, 28][15, 5, 21][0, 22][9, 23][10, 15] 
[6, 13, 18, 0, 26][23, 1, 3, 11, 25][8, 19, 22, 12][16, 7, 4, 24][9, 14, 24, 20][2, 10, 27, 29][22, 17, 28][10, 16, 28][15, 5, 21][0, 22][9, 23][10, 15] 
[6, 13, 18, 0, 26][23, 1, 3, 11, 25][8, 19, 22, 12][16, 7, 4, 24][9, 14, 24, 20][2, 10, 27, 29][22, 17, 28][10, 16, 28][15, 5, 21][0, 22][9, 23][10, 15] 
[6, 13, 18, 0, 26][23, 1, 3, 11, 25][8, 19, 22, 12][16, 7, 4, 24][9, 14, 24, 20][2, 10, 27, 29][22, 17, 28][10, 16, 28][15, 5, 21][0, 22][9, 23][10, 15] 
[6, 13, 18, 0, 26][23, 1, 3, 11, 25][8, 19, 22, 12][16, 7, 4, 24][9, 14, 24, 20][2, 10, 27, 29][22, 17, 28][10, 16, 28][15, 5, 21][0, 22][9, 23][10, 15] 
[6, 13, 18, 0, 26][23, 1, 3, 11, 25][8, 19, 22, 12][16, 7, 4, 24][9, 14, 24, 20][2, 10, 27, 29][22, 17, 28][10, 16, 28][15, 5, 21][0, 22][9, 23][10, 15] 
[23, 1, 3, 11, 25][6, 13, 18, 0, 26][2, 10, 27, 29][10, 15, 5, 21][16, 7, 4, 24][9, 14, 24, 20][8, 19, 22, 12][22, 17, 28][10, 16][9, 23][16, 28][0, 22] 
[23, 1, 3, 11, 25][6, 13, 18, 0, 26][2, 10, 27, 29][10, 15, 5, 21][16, 7, 4, 24][9, 14, 24, 20][8, 19, 22, 12][22, 17, 28][10, 16][9, 23][16, 28][0, 22] 
[23, 1, 3, 11, 25][6, 13, 18, 0, 26][2, 10, 27, 29][10, 15, 5, 21][16, 7, 4, 24][9, 14, 24, 20][8, 19, 22, 12][22, 17, 28][10, 16][9, 23][16, 28][0, 22] 
[23, 1, 3, 11, 25][6, 13, 18, 0, 26][2, 10, 27, 29][10, 15, 5, 21][16, 7, 4, 24][9, 14, 24, 20][8, 19, 22, 12][22, 17, 28][10, 16][9, 23][16, 28][0, 22] 
[23, 1, 3, 11, 25][6, 13, 18, 0, 26][2, 10, 27, 29][10, 15, 5, 21][16, 7, 4, 24][9, 14, 24, 20][8, 19, 22, 12][22, 17, 28][10, 16][9, 23][16, 28][0, 22] 
[23, 1, 3, 11, 25][6, 13, 18, 0, 26][16, 7, 4, 24][9, 14, 24, 20][8, 19, 22, 12][10, 15, 5, 21][2, 10, 27, 29][22, 17, 28][10, 16, 28][9, 23][16, 28][0, 22] 
[6, 13, 18, 0, 26][23, 1, 3, 11, 25][8, 12, 22, 19][2, 10, 27, 29][16, 7, 4, 24][9, 14, 24, 20][22, 17, 28][10, 16, 28][15, 5, 21][0, 22][10, 15][3, 9] 
[6, 13, 18, 0, 26][23, 1, 3, 11, 25][8, 12, 22, 19][2, 10, 27, 29][16, 7, 4, 24][9, 14, 24, 20][22, 17, 28][10, 16, 28][15, 5, 21][0, 22][10, 15][3, 9] 
[23, 1, 3, 11, 25][6, 13, 18, 0, 26][8, 12, 22, 19][2, 10, 27, 29][16, 7, 4, 24][9, 14, 24, 20][22, 17, 28][10, 16, 28][15, 5, 21][10, 15][3, 9][0, 22] 
[23, 1, 3, 11, 25][6, 13, 18, 0, 26][8, 12, 22, 19][2, 10, 27, 29][16, 7, 4, 24][9, 14, 24, 20][22, 17, 28][10, 16, 28][15, 5, 21][10, 15][3, 9][0, 22] 
[23, 1, 3, 11, 25][6, 13, 18, 0, 26][8, 12, 22, 19][2, 10, 27, 29][16, 7, 4, 24][9, 14, 24, 20][22, 17, 28][10, 16, 28][15, 5, 21][10, 15][3, 9][0, 22] 
[6, 13, 18, 0, 26][23, 1, 3, 11, 25][8, 19, 22, 12][16, 7, 4, 24][9, 14, 24, 20][2, 10, 27, 29][22, 17, 28][10, 16, 28][15, 5, 21][0, 22][9, 23][10, 15] 
[6, 13, 18, 0, 26][23, 1, 3, 11, 25][8, 12, 22, 19][16, 7, 4, 24][9, 14, 24, 20][2, 10, 27, 29][22, 17, 28][10, 16, 28][5, 21, 15][0, 22][10, 15][3, 9] 
