[3, 4, 24, 1, 9, 23][21, 5, 15, 10, 27, 29][2, 16, 7, 20][11, 17, 0, 26][8, 19, 22, 25][6, 16, 28][12, 19, 17][12, 18, 13][14, 20][11, 14][4, 14][6, 21] 
[21, 5, 15, 10, 27, 29][3, 4, 24, 1, 9, 23][2, 16, 7, 20][11, 17, 0, 26][8, 19, 22, 25][6, 16, 28][12, 19, 17][12, 18, 13][14, 20][6, 21][14, 23][11, 14] 
[3, 4, 24, 1, 9, 23][21, 5, 15, 10, 27, 29][11, 17, 0, 26][8, 19, 22, 25][2, 16, 7, 20][12, 19, 17][12, 18, 13][6, 16, 28][11, 14][14, 23][14, 20][6, 21] 
[21, 5, 15, 10, 27, 29][3, 4, 24, 1, 9, 23][2, 16, 7, 20][11, 17, 0, 26][8, 19, 22, 25][6, 16, 28][12, 19, 17][12, 18, 13][6, 21][14, 20][11, 14][14, 23] 
[3, 4, 24, 1, 9, 23][21, 5, 15, 10, 27, 29][11, 17, 0, 26][8, 19, 22, 25][2, 16, 7, 20][12, 19, 17][12, 18, 13][6, 16, 28][11, 14][14, 23][14, 20][6, 21] 
[3, 4, 24, 1, 9, 23][21, 5, 15, 10, 27, 29][11, 17, 0, 26][8, 19, 22, 25][2, 16, 7, 20][12, 19, 17][12, 18, 13][6, 16, 28][11, 14][14, 23][14, 20][6, 21] 
[3, 4, 24, 1, 9, 23][21, 5, 15, 10, 27, 29][2, 16, 7, 20][11, 17, 0, 26][8, 19, 22, 25][6, 16, 28][12, 19, 17][12, 18, 13][14, 20][14, 23][6, 21][11, 14] 
[21, 5, 15, 10, 27, 29][3, 4, 24, 1, 9, 23][2, 16, 7, 20][11, 17, 0, 26][8, 19, 22, 25][6, 16, 28][12, 19, 17][12, 18, 13][6, 21][14, 20][14, 23][11, 14] 
[3, 4, 24, 1, 9, 23][21, 5, 15, 10, 27, 29][11, 17, 0, 26][8, 19, 22, 25][2, 16, 7, 20][12, 19, 17][12, 18, 13][6, 16, 28][11, 14][14, 23][14, 20][6, 21] 
[21, 5, 15, 10, 27, 29][3, 4, 24, 1, 9, 23][2, 16, 7, 20][11, 17, 0, 26][8, 19, 22, 25][6, 16, 28][12, 19, 17][12, 18, 13][6, 21][14, 20][14, 23][11, 14] 
[3, 4, 24, 1, 9, 23][21, 5, 15, 10, 27, 29][2, 16, 7, 20][11, 17, 0, 26][8, 19, 22, 25][6, 16, 28][12, 19, 17][12, 18, 13][11, 14][4, 14][14, 20][6, 21] 
[3, 4, 24, 1, 9, 23][21, 5, 15, 10, 27, 29][8, 19, 22, 25][11, 17, 0, 26][2, 16, 7, 20][12, 19, 17][12, 18, 13][6, 16, 28][11, 14][14, 23][14, 20][6, 21] 
[21, 5, 15, 10, 27, 29][3, 4, 24, 1, 9, 23][2, 16, 7, 20][11, 17, 0, 26][8, 19, 22, 25][6, 16, 28][12, 19, 17][12, 18, 13][6, 21][14, 20][11, 14][14, 23] 
[21, 5, 15, 10, 27, 29][3, 4, 24, 1, 9, 23][2, 16, 7, 20][11, 17, 0, 26][8, 19, 22, 25][6, 16, 28][12, 19, 17][12, 18, 13][6, 21][14, 20][14, 23][11, 14] 
[21, 5, 15, 10, 27, 29][3, 4, 24, 1, 9, 23][2, 16, 7, 20][11, 17, 0, 26][8, 19, 22, 25][6, 16, 28][12, 19, 17][12, 18, 13][6, 21][14, 20][11, 14][14, 23] 
[3, 4, 24, 1, 9, 23][21, 5, 15, 10, 27, 29][11, 17, 0, 26][8, 19, 22, 25][2, 16, 7, 20][12, 19, 17][12, 18, 13][6, 16, 28][11, 14][14, 20][14, 23][6, 21] 
[3, 4, 24, 1, 9, 23][21, 5, 15, 10, 27, 29][2, 16, 7, 20][11, 17, 0, 26][8, 19, 22, 25][6, 16, 28][12, 19, 17][12, 18, 13][11, 14][4, 14][14, 20][6, 21] 
[3, 4, 24, 1, 9, 23][21, 5, 15, 10, 27, 29][11, 17, 0, 26][8, 19, 22, 25][2, 16, 7, 20][12, 19, 17][12, 18, 13][6, 16, 28][11, 14][14, 23][14, 20][6, 21] 
[3, 4, 24, 1, 9, 23][21, 5, 15, 10, 27, 29][11, 17, 0, 26][8, 19, 22, 25][2, 16, 7, 20][12, 19, 17][12, 18, 13][6, 16, 28][11, 14][14, 20][14, 23][6, 21] 
[3, 4, 24, 1, 9, 23][21, 5, 15, 10, 27, 29][2, 16, 7, 20][11, 17, 0, 26][8, 19, 22, 25][6, 16, 28][12, 19, 17][12, 18, 13][14, 20][11, 14][4, 14][6, 21] 
[21, 5, 15, 10, 27, 29][3, 4, 24, 1, 9, 23][2, 16, 7, 20][11, 17, 0, 26][8, 19, 22, 25][6, 16, 28][12, 19, 17][12, 18, 13][6, 21][14, 20][11, 14][4, 14] 
[21, 5, 15, 10, 27, 29][3, 4, 24, 1, 9, 23][2, 16, 7, 20][11, 17, 0, 26][8, 19, 22, 25][6, 16, 28][12, 19, 17][12, 18, 13][14, 20][6, 21][14, 23][11, 14] 
[21, 5, 15, 10, 27, 29][3, 4, 24, 1, 9, 23][2, 16, 7, 20][11, 17, 0, 26][8, 19, 22, 25][6, 16, 28][12, 19, 17][12, 18, 13][6, 21][14, 20][14, 23][11, 14] 
[21, 5, 15, 10, 27, 29][3, 4, 24, 1, 9, 23][2, 16, 7, 20][11, 17, 0, 26][8, 19, 22, 25][6, 16, 28][12, 19, 17][12, 18, 13][6, 21][14, 20][14, 23][11, 14] 
[3, 4, 24, 1, 9, 23][21, 5, 15, 10, 27, 29][11, 17, 0, 26][8, 19, 22, 25][2, 16, 7, 20][12, 19, 17][12, 18, 13][6, 16, 28][11, 14][14, 23][14, 20][6, 21] 
[3, 4, 24, 1, 9, 23][21, 5, 15, 10, 27, 29][11, 17, 0, 26][8, 19, 22, 25][2, 16, 7, 20][12, 19, 17][12, 18, 13][6, 16, 28][11, 14][14, 23][14, 20][6, 21] 
[3, 4, 24, 1, 9, 23][21, 5, 15, 10, 27, 29][2, 16, 7, 20][11, 17, 0, 26][8, 19, 22, 25][6, 16, 28][12, 19, 17][12, 18, 13][11, 14][4, 14][14, 20][6, 21] 
[3, 4, 24, 1, 9, 23][21, 5, 15, 10, 27, 29][11, 17, 0, 26][8, 19, 22, 25][2, 16, 7, 20][12, 18, 13][12, 19, 17][6, 16, 28][11, 14][14, 20][14, 23][6, 21] 
[3, 4, 24, 1, 9, 23][21, 5, 15, 10, 27, 29][11, 17, 0, 26][8, 19, 22, 25][2, 16, 7, 20][12, 18, 13][12, 19, 17][6, 16, 28][11, 14][14, 20][14, 23][6, 21] 
[3, 4, 24, 1, 9, 23][21, 5, 15, 10, 27, 29][11, 17, 0, 26][8, 19, 22, 25][2, 16, 7, 20][12, 19, 17][12, 18, 13][6, 16, 28][4, 14][11, 14][14, 20][6, 21] 
[3, 4, 24, 1, 9, 23][21, 5, 15, 10, 27, 29][2, 16, 7, 20][11, 17, 0, 26][8, 19, 22, 25][6, 16, 28][12, 19, 17][12, 18, 13][11, 14][4, 14][14, 20][6, 21] 
[3, 4, 24, 1, 9, 23][21, 5, 15, 10, 27, 29][11, 17, 0, 26][8, 19, 22, 25][2, 16, 7, 20][12, 19, 17][12, 18, 13][6, 16, 28][11, 14][14, 23][14, 20][6, 21] 
[3, 4, 24, 1, 9, 23][21, 5, 15, 10, 27, 29][11, 17, 0, 26][8, 19, 22, 25][2, 16, 7, 20][12, 19, 17][12, 18, 13][6, 16, 28][11, 14][14, 23][14, 20][6, 21] 
[3, 4, 24, 1, 9, 23][21, 5, 15, 10, 27, 29][11, 17, 0, 26][8, 19, 22, 25][2, 16, 7, 20][12, 19, 17][12, 18, 13][6, 16, 28][4, 14][11, 14][14, 20][6, 21] 
[3, 4, 24, 1, 9, 23][21, 5, 15, 10, 27, 29][2, 16, 7, 20][11, 17, 0, 26][8, 19, 22, 25][6, 16, 28][12, 19, 17][12, 18, 13][14, 20][11, 14][4, 14][6, 21] 
[5, 15, 2, 29, 27, 10, 21, 6, 13, 18, 22, 19, 0, 28][9, 1, 4, 20, 24, 14, 23, 3, 11, 25, 0, 26, 8, 12][16, 7, 20][11, 17][0, 26][27, 29][0, 26][8, 26][0, 26][8, 26][0, 26][0, 26] 
[5, 15, 2, 29, 27, 10, 21, 6, 13, 18, 22, 19, 0, 28][9, 1, 4, 20, 24, 14, 23, 3, 11, 25, 0, 26, 8, 12][11, 25, 0, 26, 8, 12][16, 7, 20][0, 26][11, 17][0, 26][8, 26][0, 26][0, 26][27, 29][27, 29] 
[5, 15, 2, 29, 27, 10, 21, 6, 13, 18, 22, 19, 0, 28][9, 1, 4, 20, 24, 14, 23, 3, 11, 25, 0, 26, 8, 12][16, 7, 20][11, 17][0, 26][27, 29][0, 26][8, 26][0, 26][8, 26][0, 26][0, 26] 
[9, 1, 4, 20, 24, 14, 23, 3, 11, 25, 0, 26, 8, 12][5, 15, 2, 29, 27, 10, 21, 6, 13, 18, 22, 19, 17][2, 16, 7][0, 26][0, 26][7, 20][16, 28][0, 26][0, 26][6, 21][8, 26][14, 23] 
[9, 1, 4, 20, 24, 14, 23, 3, 11, 25, 0, 26, 8, 12][5, 15, 2, 29, 27, 10, 21, 6, 13, 18, 22, 19, 17][2, 16, 7][0, 26][0, 26][7, 20][16, 28][0, 26][0, 26][6, 21][8, 26][14, 23] 
[9, 1, 4, 20, 24, 14, 23, 3, 11, 25, 0, 26, 8, 12][5, 15, 2, 29, 27, 10, 21, 6, 13, 18, 22, 19, 17][2, 16, 7][0, 26][0, 26][7, 20][16, 28][0, 26][0, 26][6, 21][8, 26][14, 23] 
[5, 15, 2, 29, 27, 10, 21, 6, 13, 18, 22, 19, 0, 28][9, 1, 4, 20, 24, 14, 23, 3, 11, 25, 0, 26, 8, 12][16, 7, 20][11, 17][0, 26][27, 29][0, 26][8, 26][0, 26][8, 26][0, 26][0, 26] 
[5, 15, 2, 29, 27, 10, 21, 6, 13, 18, 22, 19, 0, 28][9, 1, 4, 20, 24, 14, 23, 3, 11, 25, 0, 26, 8, 12][16, 7, 20][11, 17][0, 26][27, 29][0, 26][8, 26][0, 26][8, 26][0, 26][0, 26] 
[9, 1, 4, 20, 24, 14, 23, 3, 11, 25, 0, 26, 8, 12][5, 15, 2, 29, 27, 10, 21, 6, 13, 18, 22, 19, 17][2, 16, 7][0, 26][0, 26][7, 20][16, 28][0, 26][0, 26][6, 21][8, 26][14, 23] 
[5, 15, 2, 29, 27, 10, 21, 6, 13, 18, 22, 19, 0, 28][9, 1, 4, 20, 24, 14, 23, 3, 11, 25, 0, 26, 8, 12][16, 7, 20][11, 17][0, 26][27, 29][0, 26][8, 26][0, 26][8, 26][0, 26][0, 26] 
[5, 15, 2, 29, 27, 10, 21, 6, 13, 18, 22, 19, 0, 28][9, 1, 4, 20, 24, 14, 23, 3, 11, 25, 0, 26, 8, 12][11, 25, 0, 26, 8, 12][16, 7, 20][0, 26][11, 17][0, 26][8, 26][0, 26][0, 26][27, 29][27, 29] 
[5, 15, 2, 29, 27, 10, 21, 6, 13, 18, 22, 19, 0, 28][9, 1, 4, 20, 24, 14, 23, 3, 11, 25, 0, 26, 8, 12][16, 7, 20][11, 17][0, 26][27, 29][0, 26][8, 26][0, 26][8, 26][0, 26][0, 26] 
[9, 1, 4, 20, 24, 14, 23, 3, 11, 25, 0, 26, 8, 12][5, 15, 2, 29, 27, 10, 21, 6, 13, 18, 22, 19, 17][2, 16, 7][0, 26][0, 26][7, 20][16, 28][0, 26][0, 26][6, 21][8, 26][14, 23] 
[5, 15, 2, 29, 27, 10, 21, 6, 13, 18, 22, 19, 0, 28][9, 1, 4, 20, 24, 14, 23, 3, 11, 25, 0, 26, 8, 12][16, 7, 20][11, 17][0, 26][27, 29][0, 26][8, 26][0, 26][8, 26][0, 26][0, 26] 
[5, 15, 2, 29, 27, 10, 21, 6, 13, 18, 22, 19, 0, 28][9, 1, 4, 20, 24, 14, 23, 3, 11, 25, 0, 26, 8, 12][16, 7, 20][11, 17][0, 26][27, 29][0, 26][8, 26][0, 26][8, 26][0, 26][0, 26] 
[5, 15, 2, 29, 27, 10, 21, 6, 13, 18, 22, 19, 0, 28][9, 1, 4, 20, 24, 14, 23, 3, 11, 25, 0, 26, 8, 12][16, 7, 20][11, 17][0, 26][27, 29][0, 26][8, 26][0, 26][8, 26][0, 26][0, 26] 
[5, 15, 2, 29, 27, 10, 21, 6, 13, 18, 22, 19, 0, 28][9, 1, 4, 20, 24, 14, 23, 3, 11, 25, 0, 26, 8, 12][16, 7, 20][11, 17][0, 26][27, 29][0, 26][8, 26][0, 26][8, 26][0, 26][0, 26] 
[9, 1, 4, 20, 24, 14, 23, 3, 11, 25, 0, 26, 8, 12][5, 15, 2, 29, 27, 10, 21, 6, 13, 18, 22, 19, 17][2, 16, 7][0, 26][0, 26][7, 20][16, 28][0, 26][0, 26][6, 21][8, 26][14, 23] 
[5, 15, 2, 29, 27, 10, 21, 6, 13, 18, 22, 19, 0, 28][9, 1, 4, 20, 24, 14, 23, 3, 11, 25, 0, 26, 8, 12][16, 7, 20][11, 17][0, 26][27, 29][0, 26][8, 26][0, 26][8, 26][0, 26][0, 26] 
[5, 15, 2, 29, 27, 10, 21, 6, 13, 18, 22, 19, 0, 28][9, 1, 4, 20, 24, 14, 23, 3, 11, 25, 0, 26, 8, 12][16, 7, 20][11, 17][0, 26][27, 29][0, 26][8, 26][0, 26][8, 26][0, 26][0, 26] 
[5, 15, 2, 29, 27, 10, 21, 6, 13, 18, 22, 19, 0, 28][9, 1, 4, 20, 24, 14, 23, 3, 11, 25, 0, 26, 8, 12][16, 7, 20][11, 17][0, 26][27, 29][0, 26][8, 26][0, 26][8, 26][0, 26][0, 26] 
[3, 4, 24, 1, 9, 23][21, 5, 15, 10, 27, 29][11, 17, 0, 26][8, 19, 22, 25][2, 16, 7, 20][12, 19, 17][12, 18, 13][6, 16, 28][11, 14][14, 23][14, 20][6, 21] 
[3, 4, 24, 1, 9, 23][21, 5, 15, 10, 27, 29][2, 16, 7, 20][11, 17, 0, 26][8, 19, 22, 25][6, 16, 28][12, 19, 17][12, 18, 13][14, 20][14, 23][6, 21][11, 14] 
[3, 4, 24, 1, 9, 23][21, 5, 15, 10, 27, 29][11, 17, 0, 26][8, 19, 22, 25][2, 16, 7, 20][12, 19, 17][12, 18, 13][6, 16, 28][11, 14][14, 23][14, 20][6, 21] 
[3, 4, 24, 1, 9, 23][21, 5, 15, 10, 27, 29][11, 17, 0, 26][8, 19, 22, 25][2, 16, 7, 20][12, 19, 17][12, 18, 13][6, 16, 28][11, 14][14, 23][14, 20][6, 21] 
[3, 4, 24, 1, 9, 23][21, 5, 15, 10, 27, 29][11, 17, 0, 26][8, 19, 22, 25][2, 16, 7, 20][12, 19, 17][12, 18, 13][6, 16, 28][11, 14][14, 23][14, 20][6, 21] 
[21, 5, 15, 10, 27, 29][3, 4, 24, 1, 9, 23][2, 16, 7, 20][11, 17, 0, 26][8, 19, 22, 25][6, 16, 28][12, 19, 17][12, 18, 13][6, 21][14, 20][14, 23][11, 14] 
[3, 4, 24, 1, 9, 23][21, 5, 15, 10, 27, 29][11, 17, 0, 26][8, 19, 22, 25][2, 16, 7, 20][12, 19, 17][12, 18, 13][6, 16, 28][11, 14][14, 23][14, 20][6, 21] 
[21, 5, 15, 10, 27, 29][3, 4, 24, 1, 9, 23][2, 16, 7, 20][11, 17, 0, 26][8, 19, 22, 25][6, 16, 28][12, 19, 17][12, 18, 13][6, 21][14, 20][11, 14][14, 23] 
[21, 5, 15, 10, 27, 29][3, 4, 24, 1, 9, 23][2, 16, 7, 20][11, 17, 0, 26][8, 19, 22, 25][6, 16, 28][12, 19, 17][12, 18, 13][6, 21][14, 20][11, 14][14, 23] 
[21, 5, 15, 10, 27, 29][3, 4, 24, 1, 9, 23][2, 16, 7, 20][11, 17, 0, 26][8, 19, 22, 25][6, 16, 28][12, 19, 17][12, 18, 13][6, 21][14, 20][11, 14][14, 23] 
[21, 5, 15, 10, 27, 29][3, 4, 24, 1, 9, 23][2, 16, 7, 20][11, 17, 0, 26][8, 19, 22, 25][6, 16, 28][12, 19, 17][12, 18, 13][6, 21][14, 20][14, 23][11, 14] 
[3, 4, 24, 1, 9, 23][21, 5, 15, 10, 27, 29][11, 17, 0, 26][8, 19, 22, 25][2, 16, 7, 20][12, 19, 17][12, 18, 13][6, 16, 28][11, 14][14, 23][14, 20][6, 21] 
[3, 4, 24, 1, 9, 23][21, 5, 15, 10, 27, 29][2, 16, 7, 20][11, 17, 0, 26][8, 19, 22, 25][6, 16, 28][12, 19, 17][12, 18, 13][14, 20][14, 23][6, 21][11, 14] 
[3, 4, 24, 1, 9, 23][21, 5, 15, 10, 27, 29][11, 17, 0, 26][8, 19, 22, 25][2, 16, 7, 20][12, 19, 17][12, 18, 13][6, 16, 28][11, 14][14, 23][14, 20][6, 21] 
[3, 4, 24, 1, 9, 23][21, 5, 15, 10, 27, 29][2, 16, 7, 20][11, 17, 0, 26][8, 19, 22, 25][6, 16, 28][12, 19, 17][12, 18, 13][14, 20][14, 23][6, 21][11, 14] 
[3, 4, 24, 1, 9, 23][21, 5, 15, 10, 27, 29][2, 16, 7, 20][11, 17, 0, 26][8, 19, 22, 25][6, 16, 28][12, 19, 17][12, 18, 13][11, 14][4, 14][14, 20][6, 21] 
[3, 4, 24, 1, 9, 23][21, 5, 15, 10, 27, 29][2, 16, 7, 20][11, 17, 0, 26][8, 19, 22, 25][6, 16, 28][12, 19, 17][12, 18, 13][11, 14][4, 14][14, 20][6, 21] 
[3, 4, 24, 1, 9, 23][21, 5, 15, 10, 27, 29][2, 16, 7, 20][11, 17, 0, 26][8, 19, 22, 25][6, 16, 28][12, 19, 17][12, 18, 13][11, 14][4, 14][14, 20][6, 21] 
[3, 4, 24, 1, 9, 23][21, 5, 15, 10, 27, 29][2, 16, 7, 20][11, 17, 0, 26][8, 19, 22, 25][6, 16, 28][12, 19, 17][12, 18, 13][11, 14][4, 14][14, 20][6, 21] 
[3, 4, 24, 1, 9, 23][21, 5, 15, 10, 27, 29][2, 16, 7, 20][11, 17, 0, 26][8, 19, 22, 25][6, 16, 28][12, 19, 17][12, 18, 13][11, 14][4, 14][14, 20][6, 21] 
[3, 4, 24, 1, 9, 23][21, 5, 15, 10, 27, 29][2, 16, 7, 20][0, 17, 11, 14][8, 19, 22, 25][6, 16, 28][12, 19, 17][12, 18, 13][14, 20][4, 14][6, 21][0, 26] 
[3, 4, 24, 1, 9, 23][21, 5, 15, 10, 27, 29][8, 19, 22, 25][11, 17, 0, 26][2, 16, 7, 20][12, 18, 13][12, 19, 17][6, 16, 28][11, 14][14, 23][14, 20][6, 21] 
[3, 4, 24, 1, 9, 23][21, 5, 15, 10, 27, 29][11, 17, 0, 26][8, 19, 22, 25][2, 16, 7, 20][12, 19, 17][12, 18, 13][6, 16, 28][11, 14][14, 23][14, 20][6, 21] 
[3, 4, 24, 1, 9, 23][21, 5, 15, 10, 27, 29][11, 17, 0, 26][8, 19, 22, 25][2, 16, 7, 20][12, 18, 13][12, 19, 17][6, 16, 28][11, 14][14, 20][14, 23][6, 21] 
[3, 4, 24, 1, 9, 23][21, 5, 15, 10, 27, 29][11, 17, 0, 26][8, 19, 22, 25][2, 16, 7, 20][12, 18, 13][12, 19, 17][6, 16, 28][11, 14][14, 20][14, 23][6, 21] 
[3, 4, 24, 1, 9, 23][21, 5, 15, 10, 27, 29][11, 17, 0, 26][8, 19, 22, 25][2, 16, 7, 20][12, 19, 17][12, 18, 13][6, 16, 28][11, 14][14, 23][14, 20][6, 21] 
[3, 4, 24, 1, 9, 23][21, 5, 15, 10, 27, 29][2, 16, 7, 20][11, 17, 0, 26][8, 19, 22, 25][6, 16, 28][12, 19, 17][12, 18, 13][11, 14][4, 14][14, 20][6, 21] 
[3, 4, 24, 1, 9, 23][21, 5, 15, 10, 27, 29][8, 19, 22, 25][11, 17, 0, 26][2, 16, 7, 20][12, 18, 13][12, 19, 17][6, 16, 28][11, 14][14, 23][14, 20][6, 21] 
[3, 4, 24, 1, 9, 23][21, 5, 15, 10, 27, 29][2, 16, 7, 20][11, 17, 0, 26][8, 19, 22, 25][6, 16, 28][12, 19, 17][12, 18, 13][11, 14][4, 14][14, 20][6, 21] 
[3, 4, 24, 1, 9, 23][21, 5, 15, 10, 27, 29][2, 16, 7, 20][11, 17, 0, 26][8, 19, 22, 25][6, 16, 28][12, 19, 17][12, 18, 13][11, 14][4, 14][14, 20][6, 21] 
[3, 4, 24, 1, 9, 23][21, 5, 15, 10, 27, 29][2, 16, 7, 20][11, 17, 0, 26][8, 19, 22, 25][6, 16, 28][12, 19, 17][12, 18, 13][11, 14][4, 14][14, 20][6, 21] 
[3, 4, 24, 1, 9, 23][21, 5, 15, 10, 27, 29][11, 17, 0, 26][8, 19, 22, 25][2, 16, 7, 20][12, 19, 17][12, 18, 13][6, 16, 28][4, 14][11, 14][14, 20][6, 21] 
[3, 4, 24, 1, 9, 23][21, 5, 15, 10, 27, 29][2, 16, 7, 20][11, 17, 0, 26][8, 19, 22, 25][6, 16, 28][12, 19, 17][12, 18, 13][11, 14][4, 14][14, 20][6, 21] 
[3, 4, 24, 1, 9, 23][21, 5, 15, 10, 27, 29][2, 16, 7, 20][11, 17, 0, 26][8, 19, 22, 25][6, 16, 28][12, 19, 17][12, 18, 13][11, 14][4, 14][14, 20][6, 21] 
[3, 4, 24, 1, 9, 23][21, 5, 15, 10, 27, 29][2, 16, 7, 20][11, 17, 0, 26][8, 19, 22, 25][6, 16, 28][12, 19, 17][12, 18, 13][11, 14][4, 14][14, 20][6, 21] 
[3, 4, 24, 1, 9, 23][21, 5, 15, 10, 27, 29][2, 16, 7, 20][11, 17, 0, 26][8, 19, 22, 25][6, 16, 28][12, 19, 17][12, 18, 13][11, 14][4, 14][14, 20][6, 21] 
[3, 4, 24, 1, 9, 23][21, 5, 15, 10, 27, 29][11, 17, 0, 26][8, 19, 22, 25][2, 16, 7, 20][12, 19, 17][12, 18, 13][6, 16, 28][4, 14][11, 14][14, 20][6, 21] 
[3, 4, 24, 1, 9, 23][21, 5, 15, 10, 27, 29][2, 16, 7, 20][11, 17, 0, 26][8, 19, 22, 25][6, 16, 28][12, 19, 17][12, 18, 13][11, 14][4, 14][14, 20][6, 21] 
[3, 4, 24, 1, 9, 23][21, 5, 15, 10, 27, 29][2, 16, 7, 20][11, 17, 0, 26][8, 19, 22, 25][6, 16, 28][12, 19, 17][12, 18, 13][11, 14][4, 14][14, 20][6, 21] 
[3, 4, 24, 1, 9, 23][21, 5, 15, 10, 27, 29][2, 16, 7, 20][11, 17, 0, 26][8, 19, 22, 25][6, 16, 28][12, 19, 17][12, 18, 13][11, 14][4, 14][14, 20][6, 21] 
[3, 4, 24, 1, 9, 23][21, 5, 15, 10, 27, 29][2, 16, 7, 20][11, 17, 0, 26][8, 19, 22, 25][6, 16, 28][12, 19, 17][12, 18, 13][11, 14][4, 14][14, 20][6, 21] 
[3, 4, 24, 1, 9, 23][21, 5, 15, 10, 27, 29][2, 16, 7, 20][11, 17, 0, 26][8, 19, 22, 25][6, 16, 28][12, 19, 17][12, 18, 13][11, 14][4, 14][14, 20][6, 21] 
[21, 5, 15, 10, 27, 29][3, 4, 24, 1, 9, 23][2, 16, 7, 20][11, 17, 0, 26][8, 19, 22, 25][6, 16, 28][12, 19, 17][12, 18, 13][6, 21][14, 20][11, 14][4, 14] 
[21, 5, 15, 10, 27, 29][3, 4, 24, 1, 9, 23][25, 22, 19, 8, 26][0, 17, 11, 14][2, 16, 7, 20][12, 19, 17][12, 18, 13][6, 16, 28][11, 14][14, 20][6, 21][4, 14] 
[21, 5, 15, 10, 27, 29][3, 4, 24, 1, 9, 23][25, 22, 19, 8, 26][0, 17, 11, 14][2, 16, 7, 20][12, 19, 17][12, 18, 13][6, 16, 28][11, 14][14, 20][6, 21][4, 14] 
[21, 5, 15, 10, 27, 29][3, 4, 24, 1, 9, 23][25, 22, 19, 8, 26][0, 17, 11, 14][2, 16, 7, 20][12, 19, 17][12, 18, 13][6, 16, 28][11, 14][14, 20][6, 21][4, 14] 
[21, 5, 15, 10, 27, 29][3, 4, 24, 1, 9, 23][25, 22, 19, 8, 26][0, 17, 11, 14][2, 16, 7, 20][12, 19, 17][12, 18, 13][6, 16, 28][11, 14][14, 20][6, 21][4, 14] 
[21, 5, 15, 10, 27, 29][3, 4, 24, 1, 9, 23][25, 22, 19, 8, 26][0, 17, 11, 14][2, 16, 7, 20][12, 19, 17][12, 18, 13][6, 16, 28][11, 14][14, 20][6, 21][4, 14] 
[6, 21, 5, 15, 10, 27, 29][14, 11, 17, 0, 26][3, 4, 24, 1, 9][8, 19, 22, 25][2, 16, 7, 20][12, 19, 17][12, 18, 13][6, 16, 28][4, 14][23, 24][20, 23][6, 21] 
[3, 4, 24, 1, 9, 23][21, 5, 15, 10, 27, 29][2, 16, 7, 20][11, 17, 0, 26][8, 19, 22, 25][6, 16, 28][12, 19, 17][12, 18, 13][11, 14][4, 14][14, 20][6, 21] 
[3, 4, 24, 1, 9, 23][21, 5, 15, 10, 27, 29][2, 16, 7, 20][11, 17, 0, 26][8, 19, 22, 25][6, 16, 28][12, 19, 17][12, 18, 13][11, 14][4, 14][14, 20][6, 21] 
[3, 4, 24, 1, 9, 23][21, 5, 15, 10, 27, 29][2, 16, 7, 20][11, 17, 0, 26][8, 19, 22, 25][6, 16, 28][12, 19, 17][12, 18, 13][11, 14][4, 14][14, 20][6, 21] 
[3, 4, 24, 1, 9, 23][21, 5, 15, 10, 27, 29][2, 16, 7, 20][11, 17, 0, 26][8, 19, 22, 25][6, 16, 28][12, 19, 17][12, 18, 13][11, 14][4, 14][14, 20][6, 21] 
[3, 4, 24, 1, 9, 23][21, 5, 15, 10, 27, 29][2, 16, 7, 20][11, 17, 0, 26][8, 19, 22, 25][6, 16, 28][12, 19, 17][12, 18, 13][11, 14][4, 14][14, 20][6, 21] 
[3, 4, 24, 1, 9, 23][21, 5, 15, 10, 27, 29][2, 16, 7, 20][11, 17, 0, 26][8, 19, 22, 25][6, 16, 28][12, 19, 17][12, 18, 13][11, 14][4, 14][14, 20][6, 21] 
[3, 4, 24, 1, 9, 23][21, 5, 15, 10, 27, 29][2, 16, 7, 20][11, 17, 0, 26][8, 19, 22, 25][6, 16, 28][12, 19, 17][12, 18, 13][11, 14][4, 14][14, 20][6, 21] 
