[14, 4, 1, 9, 23, 20][11, 3, 24, 7, 2, 27][22, 19, 12, 8, 26][28, 16, 15, 29][5, 21, 10, 6][0, 28, 25][13, 18, 17][1, 3][11, 25][0, 18][6, 13][17, 22] 
[11, 3, 24, 7, 2, 27][14, 4, 1, 9, 23, 20][22, 19, 12, 8, 26][5, 21, 10, 6][28, 16, 15, 29][13, 18, 17][0, 28, 25][17, 22][6, 13][0, 18][11, 25][1, 3] 
[11, 3, 24, 7, 2, 27][14, 4, 1, 9, 23, 20][22, 19, 12, 8, 26][28, 16, 15, 29][5, 21, 10, 6][0, 18, 13][0, 28, 25][17, 18][11, 25][6, 13][1, 3][17, 22] 
[11, 3, 24, 7, 2, 27][14, 4, 1, 9, 23, 20][22, 19, 12, 8, 26][28, 16, 15, 29][5, 21, 10, 6][0, 18, 13][0, 28, 25][17, 18][11, 25][6, 13][1, 3][17, 22] 
[5, 6, 21, 2, 27, 7][14, 4, 1, 9, 23, 20][22, 19, 12, 8, 26][10, 29, 15, 16, 28][13, 18, 17][0, 28, 25][11, 3, 24][6, 13][17, 22][0, 18][11, 25][3, 23] 
[14, 4, 1, 9, 23, 20][22, 19, 12, 8, 26][0, 17, 18, 13][28, 16, 15, 29][5, 21, 10, 6][7, 27, 2, 21][11, 3, 24][0, 28, 25][1, 3][11, 25][6, 13][17, 22] 
[5, 6, 21, 2, 27, 7][14, 4, 1, 9, 23, 20][22, 19, 12, 8, 26][10, 29, 15, 16, 28][13, 18, 17][0, 28, 25][11, 3, 24][6, 13][17, 22][0, 18][11, 25][1, 3] 
[5, 6, 21, 2, 27, 7][14, 4, 1, 9, 23, 20][22, 19, 12, 8, 26][10, 29, 15, 16, 28][13, 18, 17][0, 28, 25][11, 3, 24][17, 22][0, 18][6, 13][11, 25][3, 23] 
[5, 6, 21, 2, 27, 7][14, 4, 1, 9, 23, 20][22, 19, 12, 8, 26][10, 29, 15, 16, 28][13, 18, 17][0, 28, 25][11, 3, 24][6, 13][17, 22][0, 18][11, 25][3, 23] 
[5, 6, 21, 2, 27, 7][14, 4, 1, 9, 23, 20][22, 19, 12, 8, 26][10, 29, 15, 16, 28][13, 18, 17][0, 28, 25][11, 3, 24][17, 22][0, 18][6, 13][11, 25][3, 23] 
[11, 3, 24, 7, 2, 27][14, 4, 1, 9, 23, 20][22, 19, 12, 8, 26][28, 16, 15, 29][5, 21, 10, 6][0, 28, 25][13, 18, 17][11, 25][0, 18][6, 13][17, 22][1, 3] 
[11, 3, 24, 7, 2, 27][14, 4, 1, 9, 23, 20][22, 19, 12, 8, 26][28, 16, 15, 29][5, 21, 10, 6][0, 28, 25][13, 18, 17][1, 3][11, 25][0, 18][6, 13][17, 22] 
[11, 3, 24, 7, 2, 27][14, 4, 1, 9, 23, 20][22, 19, 12, 8, 26][28, 16, 15, 29][5, 21, 10, 6][0, 18, 13][0, 28, 25][17, 18][11, 25][6, 13][1, 3][17, 22] 
[5, 6, 21, 2, 27, 7][14, 4, 1, 9, 23, 20][22, 19, 12, 8, 26][10, 29, 15, 16, 28][13, 18, 17][0, 28, 25][11, 3, 24][6, 13][17, 22][0, 18][11, 25][3, 23] 
[14, 4, 1, 9, 23, 20][22, 19, 12, 8, 26][28, 16, 15, 29][0, 17, 18, 13][5, 21, 10, 6][7, 27, 2, 21][0, 28, 25][11, 3, 24][11, 25][1, 3][17, 22][6, 13] 
[5, 6, 21, 2, 27, 7][14, 4, 1, 9, 23, 20][22, 19, 12, 8, 26][10, 29, 15, 16, 28][13, 18, 17][0, 28, 25][11, 3, 24][17, 22][6, 13][0, 18][11, 25][3, 23] 
[11, 3, 24, 7, 2, 27][14, 4, 1, 9, 23, 20][22, 19, 12, 8, 26][28, 16, 15, 29][5, 21, 10, 6][0, 28, 25][13, 18, 17][1, 3][11, 25][0, 18][6, 13][17, 22] 
[11, 3, 24, 7, 2, 27][14, 4, 1, 9, 23, 20][22, 19, 12, 8, 26][28, 16, 15, 29][5, 21, 10, 6][0, 28, 25][13, 18, 17][1, 3][11, 25][0, 18][6, 13][17, 22] 
[5, 6, 21, 2, 27, 7][14, 4, 1, 9, 23, 20][22, 19, 12, 8, 26][10, 29, 15, 16, 28][13, 18, 17][0, 28, 25][11, 3, 24][6, 13][17, 22][0, 18][11, 25][3, 23] 
[11, 3, 24, 7, 2, 27][14, 4, 1, 9, 23, 20][22, 19, 12, 8, 26][28, 16, 15, 29][5, 21, 10, 6][0, 28, 25][13, 18, 17][1, 3][11, 25][0, 18][6, 13][17, 22] 
[11, 3, 24, 7, 2, 27][14, 4, 1, 9, 23, 20][22, 19, 12, 8, 26][28, 16, 15, 29][5, 21, 10, 6][0, 28, 25][13, 18, 17][11, 25][0, 18][6, 13][17, 22][1, 3] 
[11, 3, 24, 7, 2, 27][14, 4, 1, 9, 23, 20][22, 19, 12, 8, 26][28, 16, 15, 29][5, 21, 10, 6][0, 28, 25][13, 18, 17][1, 3][11, 25][0, 18][6, 13][17, 22] 
[11, 3, 24, 7, 2, 27][14, 4, 1, 9, 23, 20][22, 19, 12, 8, 26][28, 16, 15, 29][5, 21, 10, 6][0, 18, 13][0, 28, 25][17, 18][11, 25][6, 13][1, 3][17, 22] 
[5, 6, 21, 2, 27, 7][14, 4, 1, 9, 23, 20][22, 19, 12, 8, 26][10, 29, 15, 16, 28][13, 18, 17][0, 28, 25][11, 3, 24][6, 13][17, 22][0, 18][11, 25][3, 23] 
[14, 4, 1, 9, 23, 20][22, 19, 12, 8, 26][28, 16, 15, 29][0, 17, 18, 13][5, 21, 10, 6][7, 27, 2, 21][0, 28, 25][11, 3, 24][11, 25][1, 3][17, 22][6, 13] 
[5, 6, 21, 2, 27, 7][14, 4, 1, 9, 23, 20][22, 19, 12, 8, 26][10, 29, 15, 16, 28][13, 18, 17][0, 28, 25][11, 3, 24][6, 13][17, 22][0, 18][11, 25][3, 23] 
[11, 3, 24, 7, 2, 27][14, 4, 1, 9, 23, 20][22, 19, 12, 8, 26][28, 16, 15, 29][5, 21, 10, 6][0, 28, 25][13, 18, 17][1, 3][11, 25][0, 18][6, 13][17, 22] 
[11, 3, 24, 7, 2, 27][14, 4, 1, 9, 23, 20][22, 19, 12, 8, 26][28, 16, 15, 29][5, 21, 10, 6][0, 28, 25][13, 18, 17][1, 3][11, 25][0, 18][6, 13][17, 22] 
[5, 6, 21, 2, 27, 7][14, 4, 1, 9, 23, 20][22, 19, 12, 8, 26][10, 29, 15, 16, 28][13, 18, 17][0, 28, 25][11, 3, 24][6, 13][17, 22][0, 18][11, 25][3, 23] 
[11, 3, 24, 7, 2, 27][14, 4, 1, 9, 23, 20][22, 19, 12, 8, 26][28, 16, 15, 29][5, 21, 10, 6][0, 28, 25][13, 18, 17][1, 3][11, 25][0, 18][6, 13][17, 22] 
[11, 3, 24, 7, 2, 27][14, 4, 1, 9, 23, 20][22, 19, 12, 8, 26][28, 16, 15, 29][5, 21, 10, 6][0, 28, 25][13, 18, 17][1, 3][11, 25][0, 18][6, 13][17, 22] 
[11, 3, 24, 7, 2, 27][14, 4, 1, 9, 23, 20][22, 19, 12, 8, 26][28, 16, 15, 29][5, 21, 10, 6][0, 28, 25][13, 18, 17][1, 3][11, 25][0, 18][6, 13][17, 22] 
[5, 6, 21, 2, 27, 7][14, 4, 1, 9, 23, 20][22, 19, 12, 8, 26][10, 29, 15, 16, 28][13, 18, 17][0, 28, 25][11, 3, 24][6, 13][17, 22][0, 18][11, 25][3, 23] 
[11, 3, 24, 7, 2, 27][14, 4, 1, 9, 23, 20][22, 19, 12, 8, 26][28, 16, 15, 29][5, 21, 10, 6][0, 28, 25][13, 18, 17][1, 3][11, 25][0, 18][6, 13][17, 22] 
[11, 3, 24, 7, 2, 27][14, 4, 1, 9, 23, 20][22, 19, 12, 8, 26][28, 16, 15, 29][5, 21, 10, 6][0, 28, 25][13, 18, 17][1, 3][11, 25][0, 18][6, 13][17, 22] 
[5, 21, 2, 27, 15, 6, 13, 18, 22, 0, 26, 8, 19, 17][11, 25, 7, 4, 14, 1, 3, 9, 23, 20, 24][12, 18, 19, 22, 25, 28, 16, 2, 10, 29][6, 13][6, 13][6, 13][6, 13][6, 13][6, 13][6, 13][6, 13][6, 13] 
[5, 21, 2, 27, 15, 6, 13, 18, 22, 0, 26, 8, 19, 17][11, 25, 7, 4, 14, 1, 3, 9, 23, 20, 24][12, 18, 19, 22, 25, 28, 16, 2, 10, 29][6, 13][6, 13][6, 13][6, 13][6, 13][6, 13][6, 13][6, 13][6, 13] 
[5, 21, 2, 27, 15, 6, 13, 18, 22, 0, 26, 8, 19, 17][11, 25, 7, 4, 14, 1, 3, 9, 23, 20, 24][12, 18, 19, 22, 25, 28, 16, 2, 10, 29][6, 13][6, 13][6, 13][6, 13][6, 13][6, 13][6, 13][6, 13][6, 13] 
[5, 21, 2, 27, 15, 6, 13, 18, 22, 0, 26, 8, 19, 17][11, 25, 7, 4, 14, 1, 3, 9, 23, 20, 24][25, 28, 16, 2, 10, 29][6, 13][12, 18][6, 13][6, 13][6, 13][6, 13][6, 13][6, 13][6, 13] 
[5, 21, 2, 27, 15, 6, 13, 18, 22, 0, 26, 8, 19, 17][11, 25, 7, 4, 14, 1, 3, 9, 23, 20, 24][25, 28, 16, 2, 10, 29][6, 13][12, 18][6, 13][6, 13][6, 13][6, 13][6, 13][6, 13][6, 13] 
[5, 21, 2, 27, 15, 6, 13, 18, 22, 0, 26, 8, 12, 17][11, 25, 7, 4, 14, 1, 3, 9, 23, 20, 24][16, 28, 25, 22][10, 29, 27][6, 13][6, 13][6, 13][17, 19][6, 13][6, 13][6, 13][6, 13] 
[5, 21, 2, 27, 15, 6, 13, 18, 22, 0, 26, 8, 19, 17][11, 25, 7, 4, 14, 1, 3, 9, 23, 20, 24][12, 18, 19, 22, 25, 28, 16, 2, 10, 29][6, 13][6, 13][6, 13][6, 13][6, 13][6, 13][6, 13][6, 13][6, 13] 
[5, 21, 2, 27, 15, 6, 13, 18, 22, 0, 26, 8, 19, 17][11, 25, 7, 4, 14, 1, 3, 9, 23, 20, 24][12, 18, 19, 22, 25, 28, 16, 2, 10, 29][6, 13][6, 13][6, 13][6, 13][6, 13][6, 13][6, 13][6, 13][6, 13] 
[5, 21, 2, 27, 15, 6, 13, 18, 22, 0, 26, 8, 19, 17][11, 25, 7, 4, 14, 1, 3, 9, 23, 20, 24][25, 28, 16, 2, 10, 29][6, 13][12, 18][6, 13][6, 13][6, 13][6, 13][6, 13][6, 13][6, 13] 
[5, 21, 2, 27, 15, 6, 13, 18, 22, 0, 26, 8, 19, 17][11, 25, 7, 4, 14, 1, 3, 9, 23, 20, 24][12, 18, 19, 22, 25, 28, 16, 2, 10, 29][6, 13][6, 13][6, 13][6, 13][6, 13][6, 13][6, 13][6, 13][6, 13] 
[5, 21, 2, 27, 15, 6, 13, 18, 22, 0, 26, 8, 19, 17][11, 25, 7, 4, 14, 1, 3, 9, 23, 20, 24][12, 18, 19, 22, 25, 28, 16, 2, 10, 29][6, 13][6, 13][6, 13][6, 13][6, 13][6, 13][6, 13][6, 13][6, 13] 
[5, 21, 2, 27, 15, 6, 13, 18, 22, 0, 26, 8, 19, 17][11, 25, 7, 4, 14, 1, 3, 9, 23, 20, 24][12, 18, 19, 22, 25, 28, 16, 2, 10, 29][6, 13][6, 13][6, 13][6, 13][6, 13][6, 13][6, 13][6, 13][6, 13] 
[5, 21, 2, 27, 15, 6, 13, 18, 22, 0, 26, 8, 19, 17][11, 25, 7, 4, 14, 1, 3, 9, 23, 20, 24][25, 28, 16, 2, 10, 29][6, 13][12, 18][6, 13][6, 13][6, 13][6, 13][6, 13][6, 13][6, 13] 
[5, 21, 2, 27, 15, 6, 13, 18, 22, 0, 26, 8, 19, 17][11, 25, 7, 4, 14, 1, 3, 9, 23, 20, 24][12, 18, 19, 22, 25, 28, 16, 2, 10, 29][6, 13][6, 13][6, 13][6, 13][6, 13][6, 13][6, 13][6, 13][6, 13] 
[5, 21, 2, 27, 15, 6, 13, 18, 22, 0, 26, 8, 19, 17][11, 25, 7, 4, 14, 1, 3, 9, 23, 20, 24][12, 18, 19, 22, 25, 28, 16, 2, 10, 29][6, 13][6, 13][6, 13][6, 13][6, 13][6, 13][6, 13][6, 13][6, 13] 
[18, 17, 11, 25, 7, 4, 14, 1, 3, 9, 23, 20, 24][5, 21, 2, 27, 15, 6, 13, 18, 22, 0, 26, 8][12, 18, 19, 22, 25, 28, 16, 2, 10, 29][6, 13][6, 13][6, 13][6, 13][6, 13][6, 13][6, 13][6, 13][6, 13] 
[18, 17, 11, 25, 7, 4, 14, 1, 3, 9, 23, 20, 24][5, 21, 2, 27, 15, 6, 13, 18, 22, 0, 26, 8][12, 18, 19, 22, 25, 28, 16, 2, 10, 29][6, 13][6, 13][6, 13][6, 13][6, 13][6, 13][6, 13][6, 13][6, 13] 
[5, 21, 2, 27, 15, 6, 13, 18, 22, 0, 26, 8, 12, 17][11, 25, 7, 4, 14, 1, 3, 9, 23, 20, 24][19, 22, 25, 28, 16, 2, 10, 29][6, 13][6, 13][6, 13][6, 13][6, 13][6, 13][6, 13][6, 13][6, 13] 
[18, 17, 11, 25, 7, 4, 14, 1, 3, 9, 23, 20, 24][5, 21, 2, 27, 15, 6, 13, 18, 22, 0, 26, 8][12, 18, 19, 22, 25, 28, 16, 2, 10, 29][6, 13][6, 13][6, 13][6, 13][6, 13][6, 13][6, 13][6, 13][6, 13] 
[18, 17, 11, 25, 7, 4, 14, 1, 3, 9, 23, 20, 24][5, 21, 2, 27, 15, 6, 13, 18, 22, 0, 26, 8][12, 18, 19, 22, 25, 28, 16, 2, 10, 29][6, 13][6, 13][6, 13][6, 13][6, 13][6, 13][6, 13][6, 13][6, 13] 
[18, 17, 11, 25, 7, 4, 14, 1, 3, 9, 23, 20, 24][5, 21, 2, 27, 15, 6, 13, 18, 22, 0, 26, 8][12, 18, 19, 22, 25, 28, 16, 2, 10, 29][6, 13][6, 13][6, 13][6, 13][6, 13][6, 13][6, 13][6, 13][6, 13] 
[14, 4, 1, 9, 23, 20][22, 19, 12, 8, 26][28, 16, 15, 29][0, 17, 18, 13][5, 21, 10, 6][7, 27, 2, 21][0, 28, 25][11, 3, 24][11, 25][1, 3][17, 22][6, 13] 
[14, 4, 1, 9, 23, 20][22, 19, 12, 8, 26][0, 17, 18, 13][28, 16, 15, 29][5, 21, 10, 6][7, 27, 2, 21][11, 3, 24][0, 28, 25][11, 25][17, 22][6, 13][1, 3] 
[14, 4, 1, 9, 23, 20][22, 19, 12, 8, 26][0, 17, 18, 13][28, 16, 15, 29][5, 21, 10, 6][7, 27, 2, 21][11, 3, 24][0, 28, 25][11, 25][17, 22][6, 13][1, 3] 
[14, 4, 1, 9, 23, 20][22, 19, 12, 8, 26][0, 17, 18, 13][28, 16, 15, 29][5, 21, 10, 6][7, 27, 2, 21][11, 3, 24][0, 28, 25][11, 25][17, 22][6, 13][1, 3] 
[14, 4, 1, 9, 23, 20][22, 19, 12, 8, 26][28, 16, 15, 29][0, 17, 18, 13][5, 21, 10, 6][7, 27, 2, 21][0, 28, 25][11, 3, 24][11, 25][1, 3][17, 22][6, 13] 
[14, 4, 1, 9, 23, 20][22, 19, 12, 8, 26][28, 16, 15, 29][0, 17, 18, 13][5, 21, 10, 6][7, 27, 2, 21][0, 28, 25][11, 3, 24][11, 25][1, 3][17, 22][6, 13] 
[14, 4, 1, 9, 23, 20][22, 19, 12, 8, 26][28, 16, 15, 29][0, 17, 18, 13][5, 21, 10, 6][7, 27, 2, 21][0, 28, 25][11, 3, 24][11, 25][1, 3][17, 22][6, 13] 
[14, 4, 1, 9, 23, 20][22, 19, 12, 8, 26][28, 16, 15, 29][0, 17, 18, 13][5, 21, 10, 6][7, 27, 2, 21][0, 28, 25][11, 3, 24][11, 25][1, 3][17, 22][6, 13] 
[14, 4, 1, 9, 23, 20][22, 19, 12, 8, 26][28, 16, 15, 29][0, 17, 18, 13][5, 21, 10, 6][7, 27, 2, 21][0, 28, 25][11, 3, 24][11, 25][1, 3][17, 22][6, 13] 
[14, 4, 1, 9, 23, 20][22, 19, 12, 8, 26][0, 17, 18, 13][28, 16, 15, 29][5, 21, 10, 6][7, 27, 2, 21][11, 3, 24][0, 28, 25][11, 25][17, 22][6, 13][1, 3] 
[14, 4, 1, 9, 23, 20][22, 19, 12, 8, 26][28, 16, 15, 29][0, 17, 18, 13][5, 21, 10, 6][7, 27, 2, 21][0, 28, 25][11, 3, 24][11, 25][1, 3][17, 22][6, 13] 
[14, 4, 1, 9, 23, 20][22, 19, 12, 8, 26][28, 16, 15, 29][0, 17, 18, 13][5, 21, 10, 6][7, 27, 2, 21][0, 28, 25][11, 3, 24][11, 25][1, 3][17, 22][6, 13] 
[14, 4, 1, 9, 23, 20][22, 19, 12, 8, 26][28, 16, 15, 29][0, 17, 18, 13][5, 21, 10, 6][7, 27, 2, 21][0, 28, 25][11, 3, 24][11, 25][1, 3][17, 22][6, 13] 
[14, 4, 1, 9, 23, 20][22, 19, 12, 8, 26][28, 16, 15, 29][0, 17, 18, 13][5, 21, 10, 6][7, 27, 2, 21][0, 28, 25][11, 3, 24][11, 25][1, 3][17, 22][6, 13] 
[14, 4, 1, 9, 23, 20][22, 19, 12, 8, 26][28, 16, 15, 29][0, 17, 18, 13][5, 21, 10, 6][7, 27, 2, 21][0, 28, 25][11, 3, 24][11, 25][1, 3][17, 22][6, 13] 
[11, 3, 24, 7, 2, 27][14, 4, 1, 9, 23, 20][22, 19, 12, 8, 26][28, 16, 15, 29][5, 21, 10, 6][0, 28, 25][13, 18, 17][11, 25][0, 18][6, 13][17, 22][1, 3] 
[11, 3, 24, 7, 2, 27][14, 4, 1, 9, 23, 20][22, 19, 12, 8, 26][28, 16, 15, 29][5, 21, 10, 6][0, 28, 25][13, 18, 17][11, 25][0, 18][6, 13][17, 22][1, 3] 
[11, 3, 24, 7, 2, 27][14, 4, 1, 9, 23, 20][22, 19, 12, 8, 26][28, 16, 15, 29][5, 21, 10, 6][0, 28, 25][13, 18, 17][1, 3][11, 25][0, 18][6, 13][17, 22] 
[11, 3, 24, 7, 2, 27][14, 4, 1, 9, 23, 20][22, 19, 12, 8, 26][28, 16, 15, 29][5, 21, 10, 6][0, 28, 25][13, 18, 17][1, 3][11, 25][0, 18][6, 13][17, 22] 
[11, 3, 24, 7, 2, 27][14, 4, 1, 9, 23, 20][22, 19, 12, 8, 26][28, 16, 15, 29][5, 21, 10, 6][0, 28, 25][13, 18, 17][1, 3][11, 25][0, 18][6, 13][17, 22] 
[11, 3, 24, 7, 2, 27][14, 4, 1, 9, 23, 20][22, 19, 12, 8, 26][28, 16, 15, 29][5, 21, 10, 6][0, 18, 13][0, 28, 25][17, 18][11, 25][6, 13][1, 3][17, 22] 
[14, 4, 1, 9, 23, 20][22, 19, 12, 8, 26][0, 17, 18, 13][28, 16, 15, 29][5, 21, 10, 6][7, 27, 2, 21][11, 3, 24][0, 28, 25][11, 25][17, 22][6, 13][1, 3] 
[14, 4, 1, 9, 23, 20][22, 19, 12, 8, 26][0, 17, 18, 13][28, 16, 15, 29][5, 21, 10, 6][7, 27, 2, 21][11, 3, 24][0, 28, 25][11, 25][17, 22][6, 13][1, 3] 
[14, 4, 1, 9, 23, 20][22, 19, 12, 8, 26][0, 17, 18, 13][28, 16, 15, 29][5, 21, 10, 6][7, 27, 2, 21][11, 3, 24][0, 28, 25][1, 3][11, 25][6, 13][17, 22] 
[14, 4, 1, 9, 23, 20][22, 19, 12, 8, 26][28, 16, 15, 29][0, 17, 18, 13][5, 21, 10, 6][7, 27, 2, 21][0, 28, 25][11, 3, 24][11, 25][1, 3][17, 22][6, 13] 
[14, 4, 1, 9, 23, 20][22, 19, 12, 8, 26][28, 16, 15, 29][0, 17, 18, 13][5, 21, 10, 6][7, 27, 2, 21][0, 28, 25][11, 3, 24][11, 25][1, 3][17, 22][6, 13] 
[14, 4, 1, 9, 23, 20][22, 19, 12, 8, 26][0, 17, 18, 13][28, 16, 15, 29][5, 21, 10, 6][7, 27, 2, 21][0, 28, 25][11, 3, 24][17, 22][6, 13][11, 25][1, 3] 
[14, 4, 1, 9, 23, 20][22, 19, 12, 8, 26][28, 16, 15, 29][0, 17, 18, 13][5, 21, 10, 6][7, 27, 2, 21][0, 28, 25][11, 3, 24][11, 25][1, 3][17, 22][6, 13] 
[11, 3, 24, 7, 2, 27][14, 4, 1, 9, 23, 20][22, 19, 12, 8, 26][28, 16, 15, 29][5, 21, 10, 6][0, 28, 25][13, 18, 17][11, 25][0, 18][6, 13][17, 22][1, 3] 
[11, 3, 24, 7, 2, 27][14, 4, 1, 9, 23, 20][22, 19, 12, 8, 26][28, 16, 15, 29][5, 21, 10, 6][0, 28, 25][13, 18, 17][11, 25][0, 18][6, 13][17, 22][1, 3] 
[11, 3, 24, 7, 2, 27][14, 4, 1, 9, 23, 20][22, 19, 12, 8, 26][28, 16, 15, 29][5, 21, 10, 6][0, 28, 25][13, 18, 17][1, 3][11, 25][0, 18][6, 13][17, 22] 
[14, 4, 1, 9, 23, 20][11, 3, 24, 7, 2, 27][22, 19, 12, 8, 26][28, 16, 15, 29][5, 21, 10, 6][0, 28, 25][13, 18, 17][1, 3][11, 25][0, 18][6, 13][17, 22] 
[11, 3, 24, 7, 2, 27][14, 4, 1, 9, 23, 20][22, 19, 12, 8, 26][28, 16, 15, 29][5, 21, 10, 6][0, 28, 25][13, 18, 17][1, 3][11, 25][0, 18][6, 13][17, 22] 
[11, 3, 24, 7, 2, 27][14, 4, 1, 9, 23, 20][22, 19, 12, 8, 26][28, 16, 15, 29][5, 21, 10, 6][0, 28, 25][13, 18, 17][1, 3][11, 25][0, 18][6, 13][17, 22] 
[14, 4, 1, 9, 23, 20][11, 3, 24, 7, 2, 27][22, 19, 12, 8, 26][28, 16, 15, 29][5, 21, 10, 6][0, 28, 25][13, 18, 17][1, 3][11, 25][0, 18][6, 13][17, 22] 
[11, 3, 24, 7, 2, 27][14, 4, 1, 9, 23, 20][22, 19, 12, 8, 26][28, 16, 15, 29][5, 21, 10, 6][0, 28, 25][13, 18, 17][1, 3][11, 25][0, 18][6, 13][17, 22] 
[11, 3, 24, 7, 2, 27][14, 4, 1, 9, 23, 20][22, 19, 12, 8, 26][28, 16, 15, 29][5, 21, 10, 6][0, 28, 25][13, 18, 17][1, 3][11, 25][0, 18][6, 13][17, 22] 
[11, 3, 24, 7, 2, 27][14, 4, 1, 9, 23, 20][22, 19, 12, 8, 26][28, 16, 15, 29][5, 21, 10, 6][0, 28, 25][13, 18, 17][1, 3][11, 25][0, 18][6, 13][17, 22] 
[11, 3, 24, 7, 2, 27][14, 4, 1, 9, 23, 20][22, 19, 12, 8, 26][28, 16, 15, 29][5, 21, 10, 6][0, 28, 25][13, 18, 17][1, 3][11, 25][0, 18][6, 13][17, 22] 
[11, 3, 24, 7, 2, 27][14, 4, 1, 9, 23, 20][22, 19, 12, 8, 26][28, 16, 15, 29][5, 21, 10, 6][0, 28, 25][13, 18, 17][1, 3][11, 25][0, 18][6, 13][17, 22] 
[11, 3, 24, 7, 2, 27][14, 4, 1, 9, 23, 20][22, 19, 12, 8, 26][28, 16, 15, 29][5, 21, 10, 6][0, 28, 25][13, 18, 17][1, 3][11, 25][0, 18][6, 13][17, 22] 
[11, 3, 24, 7, 2, 27][14, 4, 1, 9, 23, 20][22, 19, 12, 8, 26][28, 16, 15, 29][5, 21, 10, 6][0, 28, 25][13, 18, 17][1, 3][11, 25][0, 18][6, 13][17, 22] 
[11, 3, 24, 7, 2, 27][14, 4, 1, 9, 23, 20][22, 19, 12, 8, 26][28, 16, 15, 29][5, 21, 10, 6][0, 28, 25][13, 18, 17][1, 3][11, 25][0, 18][6, 13][17, 22] 
[11, 3, 24, 7, 2, 27][14, 4, 1, 9, 23, 20][22, 19, 12, 8, 26][0, 17, 18, 13][28, 16, 15, 29][5, 21, 10, 6][0, 28, 25][17, 18][11, 25][6, 13][1, 3][17, 22] 
[11, 3, 24, 7, 2, 27][14, 4, 1, 9, 23, 20][22, 19, 12, 8, 26][0, 17, 18, 13][28, 16, 15, 29][5, 21, 10, 6][0, 28, 25][17, 18][11, 25][6, 13][1, 3][17, 22] 
[11, 3, 24, 7, 2, 27][14, 4, 1, 9, 23, 20][22, 19, 12, 8, 26][0, 17, 18, 13][28, 16, 15, 29][5, 21, 10, 6][0, 28, 25][17, 18][11, 25][6, 13][1, 3][17, 22] 
[11, 3, 24, 7, 2, 27][14, 4, 1, 9, 23, 20][22, 19, 12, 8, 26][0, 17, 18, 13][28, 16, 15, 29][5, 21, 10, 6][0, 28, 25][17, 18][11, 25][6, 13][1, 3][17, 22] 
[11, 3, 24, 7, 2, 27][14, 4, 1, 9, 23, 20][22, 19, 12, 8, 26][0, 17, 18, 13][28, 16, 15, 29][5, 21, 10, 6][0, 28, 25][17, 18][11, 25][6, 13][1, 3][17, 22] 
[11, 3, 24, 7, 2, 27][14, 4, 1, 9, 23, 20][22, 19, 12, 8, 26][0, 17, 18, 13][28, 16, 15, 29][5, 21, 10, 6][0, 28, 25][17, 18][11, 25][6, 13][1, 3][17, 22] 
[14, 4, 1, 9, 23, 20][22, 19, 12, 8, 26][28, 16, 15, 29][0, 17, 18, 13][5, 21, 10, 6][7, 27, 2, 21][0, 28, 25][11, 3, 24][11, 25][1, 3][17, 22][6, 13] 
[14, 4, 1, 9, 23, 20][22, 19, 12, 8, 26][5, 21, 10, 6][7, 27, 2, 21][0, 17, 18, 13][28, 16, 15, 29][0, 28, 25][11, 3, 24][6, 13][11, 25][1, 3][17, 22] 
[14, 4, 1, 9, 23, 20][22, 19, 12, 8, 26][28, 16, 15, 29][0, 17, 18, 13][5, 21, 10, 6][7, 27, 2, 21][0, 28, 25][11, 3, 24][11, 25][1, 3][17, 22][6, 13] 
[14, 4, 1, 9, 23, 20][22, 19, 12, 8, 26][28, 16, 15, 29][0, 17, 18, 13][5, 21, 10, 6][7, 27, 2, 21][0, 28, 25][11, 3, 24][11, 25][1, 3][17, 22][6, 13] 
[14, 4, 1, 9, 23, 20][22, 19, 12, 8, 26][0, 17, 18, 13][28, 16, 15, 29][5, 21, 10, 6][7, 27, 2, 21][0, 28, 25][11, 3, 24][17, 22][6, 13][11, 25][1, 3] 
[11, 3, 24, 7, 2, 27][14, 4, 1, 9, 23, 20][22, 19, 12, 8, 26][28, 16, 15, 29][5, 21, 10, 6][0, 28, 25][13, 18, 17][1, 3][11, 25][0, 18][6, 13][17, 22] 
[14, 4, 1, 9, 23, 20][22, 19, 12, 8, 26][5, 21, 10, 6][7, 27, 2, 21][0, 17, 18, 13][28, 16, 15, 29][0, 28, 25][11, 3, 24][6, 13][11, 25][1, 3][17, 22] 
