[0, 3, 48, 29, 23, 69, 38, 19, 65, 5][5, 67, 18, 39, 65, 37, 32, 54, 66, 38][12, 25, 57, 58, 45, 34, 41, 27, 67, 37][35, 51, 64, 58, 33, 43, 50, 2, 14, 44][36, 22, 13, 43, 61, 60, 17, 59, 9, 68][28, 10, 59, 68, 11, 31, 1, 49, 42, 30][20, 52, 55, 16, 1, 26, 62, 21, 24, 63][41, 34, 57, 25, 4, 7, 46, 40, 53, 47][8, 28, 56, 6, 21, 63, 24, 62, 42, 15][20, 10, 52, 8, 28, 56, 6, 21, 63, 24][35, 51, 64, 58, 33, 43, 50, 2, 14, 44][41, 34, 57, 25, 4, 7, 46, 40, 53, 47][12, 25, 57, 58, 45, 34, 41, 27, 67, 37][41, 34, 57, 25, 4, 7, 46, 40, 53, 47][41, 34, 57, 25, 4, 7, 46, 40, 53, 47] 
[20, 52, 55, 16, 1, 26, 62, 21, 24, 63][28, 10, 59, 68, 11, 31, 1, 49, 42, 30][36, 22, 13, 43, 61, 60, 17, 59, 9, 68][35, 51, 64, 58, 33, 43, 50, 2, 14, 44][12, 25, 57, 58, 45, 34, 41, 27, 67, 37][5, 67, 18, 39, 65, 37, 32, 54, 66, 38][0, 3, 48, 29, 23, 69, 38, 19, 65, 5][41, 34, 57, 25, 4, 7, 46, 40, 53, 47][8, 28, 56, 6, 21, 63, 24, 62, 42, 15][35, 51, 64, 58, 33, 43, 50, 2, 14, 44][20, 10, 52, 8, 28, 56, 6, 21, 63, 24][41, 34, 57, 25, 4, 7, 46, 40, 53, 47][8, 28, 56, 6, 21, 63, 24, 62, 42, 15][0, 3, 48, 29, 23, 69, 38, 19, 65, 5][41, 34, 57, 25, 4, 7, 46, 40, 53, 47] 
[20, 52, 55, 16, 1, 26, 62, 21, 24, 63][28, 10, 59, 68, 11, 31, 1, 49, 42, 30][36, 22, 13, 43, 61, 60, 17, 59, 9, 68][35, 51, 64, 58, 33, 43, 50, 2, 14, 44][12, 25, 57, 58, 45, 34, 41, 27, 67, 37][5, 67, 18, 39, 65, 37, 32, 54, 66, 38][0, 3, 48, 29, 23, 69, 38, 19, 65, 5][41, 34, 57, 25, 4, 7, 46, 40, 53, 47][8, 28, 56, 6, 21, 63, 24, 62, 42, 15][35, 51, 64, 58, 33, 43, 50, 2, 14, 44][20, 10, 52, 8, 28, 56, 6, 21, 63, 24][41, 34, 57, 25, 4, 7, 46, 40, 53, 47][8, 28, 56, 6, 21, 63, 24, 62, 42, 15][0, 3, 48, 29, 23, 69, 38, 19, 65, 5][41, 34, 57, 25, 4, 7, 46, 40, 53, 47] 
[20, 52, 55, 16, 1, 26, 62, 21, 24, 63][28, 10, 59, 68, 11, 31, 1, 49, 42, 30][36, 22, 13, 43, 61, 60, 17, 59, 9, 68][35, 51, 64, 58, 33, 43, 50, 2, 14, 44][12, 25, 57, 58, 45, 34, 41, 27, 67, 37][5, 67, 18, 39, 65, 37, 32, 54, 66, 38][0, 3, 48, 29, 23, 69, 38, 19, 65, 5][41, 34, 57, 25, 4, 7, 46, 40, 53, 47][8, 28, 56, 6, 21, 63, 24, 62, 42, 15][35, 51, 64, 58, 33, 43, 50, 2, 14, 44][20, 10, 52, 8, 28, 56, 6, 21, 63, 24][41, 34, 57, 25, 4, 7, 46, 40, 53, 47][8, 28, 56, 6, 21, 63, 24, 62, 42, 15][0, 3, 48, 29, 23, 69, 38, 19, 65, 5][41, 34, 57, 25, 4, 7, 46, 40, 53, 47] 
[35, 51, 64, 58, 33, 43, 50, 2, 14, 44][12, 25, 57, 58, 45, 34, 41, 27, 67, 37][36, 22, 13, 43, 61, 60, 17, 59, 9, 68][5, 67, 18, 39, 65, 37, 32, 54, 66, 38][20, 10, 52, 8, 28, 56, 6, 21, 63, 24][0, 3, 48, 29, 23, 69, 38, 19, 65, 5][41, 34, 57, 25, 4, 7, 46, 40, 53, 47][20, 52, 55, 16, 1, 26, 62, 21, 24, 63][28, 10, 59, 68, 11, 31, 1, 49, 42, 30][0, 3, 48, 29, 23, 69, 38, 19, 65, 5][41, 34, 57, 25, 4, 7, 46, 40, 53, 47][41, 34, 57, 25, 4, 7, 46, 40, 53, 47][41, 34, 57, 25, 4, 7, 46, 40, 53, 47][8, 28, 56, 6, 21, 63, 24, 62, 42, 15][5, 67, 18, 39, 65, 37, 32, 54, 66, 38] 
[35, 51, 64, 58, 33, 43, 50, 2, 14, 44][12, 25, 57, 58, 45, 34, 41, 27, 67, 37][36, 22, 13, 43, 61, 60, 17, 59, 9, 68][5, 67, 18, 39, 65, 37, 32, 54, 66, 38][20, 10, 52, 8, 28, 56, 6, 21, 63, 24][0, 3, 48, 29, 23, 69, 38, 19, 65, 5][41, 34, 57, 25, 4, 7, 46, 40, 53, 47][20, 52, 55, 16, 1, 26, 62, 21, 24, 63][28, 10, 59, 68, 11, 31, 1, 49, 42, 30][0, 3, 48, 29, 23, 69, 38, 19, 65, 5][41, 34, 57, 25, 4, 7, 46, 40, 53, 47][41, 34, 57, 25, 4, 7, 46, 40, 53, 47][41, 34, 57, 25, 4, 7, 46, 40, 53, 47][8, 28, 56, 6, 21, 63, 24, 62, 42, 15][5, 67, 18, 39, 65, 37, 32, 54, 66, 38] 
[35, 51, 64, 58, 33, 43, 50, 2, 14, 44][12, 25, 57, 58, 45, 34, 41, 27, 67, 37][36, 22, 13, 43, 61, 60, 17, 59, 9, 68][5, 67, 18, 39, 65, 37, 32, 54, 66, 38][20, 10, 52, 8, 28, 56, 6, 21, 63, 24][0, 3, 48, 29, 23, 69, 38, 19, 65, 5][41, 34, 57, 25, 4, 7, 46, 40, 53, 47][20, 52, 55, 16, 1, 26, 62, 21, 24, 63][28, 10, 59, 68, 11, 31, 1, 49, 42, 30][0, 3, 48, 29, 23, 69, 38, 19, 65, 5][41, 34, 57, 25, 4, 7, 46, 40, 53, 47][41, 34, 57, 25, 4, 7, 46, 40, 53, 47][41, 34, 57, 25, 4, 7, 46, 40, 53, 47][8, 28, 56, 6, 21, 63, 24, 62, 42, 15][5, 67, 18, 39, 65, 37, 32, 54, 66, 38] 
[35, 51, 64, 58, 33, 43, 50, 2, 14, 44][12, 25, 57, 58, 45, 34, 41, 27, 67, 37][36, 22, 13, 43, 61, 60, 17, 59, 9, 68][5, 67, 18, 39, 65, 37, 32, 54, 66, 38][20, 10, 52, 8, 28, 56, 6, 21, 63, 24][0, 3, 48, 29, 23, 69, 38, 19, 65, 5][41, 34, 57, 25, 4, 7, 46, 40, 53, 47][20, 52, 55, 16, 1, 26, 62, 21, 24, 63][28, 10, 59, 68, 11, 31, 1, 49, 42, 30][0, 3, 48, 29, 23, 69, 38, 19, 65, 5][41, 34, 57, 25, 4, 7, 46, 40, 53, 47][41, 34, 57, 25, 4, 7, 46, 40, 53, 47][41, 34, 57, 25, 4, 7, 46, 40, 53, 47][8, 28, 56, 6, 21, 63, 24, 62, 42, 15][5, 67, 18, 39, 65, 37, 32, 54, 66, 38] 
[35, 51, 64, 58, 33, 43, 50, 2, 14, 44][12, 25, 57, 58, 45, 34, 41, 27, 67, 37][36, 22, 13, 43, 61, 60, 17, 59, 9, 68][5, 67, 18, 39, 65, 37, 32, 54, 66, 38][20, 10, 52, 8, 28, 56, 6, 21, 63, 24][0, 3, 48, 29, 23, 69, 38, 19, 65, 5][41, 34, 57, 25, 4, 7, 46, 40, 53, 47][20, 52, 55, 16, 1, 26, 62, 21, 24, 63][28, 10, 59, 68, 11, 31, 1, 49, 42, 30][0, 3, 48, 29, 23, 69, 38, 19, 65, 5][41, 34, 57, 25, 4, 7, 46, 40, 53, 47][41, 34, 57, 25, 4, 7, 46, 40, 53, 47][41, 34, 57, 25, 4, 7, 46, 40, 53, 47][8, 28, 56, 6, 21, 63, 24, 62, 42, 15][5, 67, 18, 39, 65, 37, 32, 54, 66, 38] 
[35, 51, 64, 58, 33, 43, 50, 2, 14, 44][12, 25, 57, 58, 45, 34, 41, 27, 67, 37][36, 22, 13, 43, 61, 60, 17, 59, 9, 68][5, 67, 18, 39, 65, 37, 32, 54, 66, 38][20, 10, 52, 8, 28, 56, 6, 21, 63, 24][0, 3, 48, 29, 23, 69, 38, 19, 65, 5][41, 34, 57, 25, 4, 7, 46, 40, 53, 47][20, 52, 55, 16, 1, 26, 62, 21, 24, 63][28, 10, 59, 68, 11, 31, 1, 49, 42, 30][0, 3, 48, 29, 23, 69, 38, 19, 65, 5][41, 34, 57, 25, 4, 7, 46, 40, 53, 47][41, 34, 57, 25, 4, 7, 46, 40, 53, 47][41, 34, 57, 25, 4, 7, 46, 40, 53, 47][8, 28, 56, 6, 21, 63, 24, 62, 42, 15][5, 67, 18, 39, 65, 37, 32, 54, 66, 38] 
[0, 3, 48, 29, 23, 69, 38, 19, 65, 5][5, 67, 18, 39, 65, 37, 32, 54, 66, 38][12, 25, 57, 58, 45, 34, 41, 27, 67, 37][35, 51, 64, 58, 33, 43, 50, 2, 14, 44][36, 22, 13, 43, 61, 60, 17, 59, 9, 68][28, 10, 59, 68, 11, 31, 1, 49, 42, 30][20, 52, 55, 16, 1, 26, 62, 21, 24, 63][41, 34, 57, 25, 4, 7, 46, 40, 53, 47][8, 28, 56, 6, 21, 63, 24, 62, 42, 15][20, 10, 52, 8, 28, 56, 6, 21, 63, 24][35, 51, 64, 58, 33, 43, 50, 2, 14, 44][41, 34, 57, 25, 4, 7, 46, 40, 53, 47][12, 25, 57, 58, 45, 34, 41, 27, 67, 37][41, 34, 57, 25, 4, 7, 46, 40, 53, 47][41, 34, 57, 25, 4, 7, 46, 40, 53, 47] 
[20, 52, 55, 16, 1, 26, 62, 21, 24, 63][28, 10, 59, 68, 11, 31, 1, 49, 42, 30][36, 22, 13, 43, 61, 60, 17, 59, 9, 68][35, 51, 64, 58, 33, 43, 50, 2, 14, 44][12, 25, 57, 58, 45, 34, 41, 27, 67, 37][5, 67, 18, 39, 65, 37, 32, 54, 66, 38][0, 3, 48, 29, 23, 69, 38, 19, 65, 5][41, 34, 57, 25, 4, 7, 46, 40, 53, 47][8, 28, 56, 6, 21, 63, 24, 62, 42, 15][35, 51, 64, 58, 33, 43, 50, 2, 14, 44][20, 10, 52, 8, 28, 56, 6, 21, 63, 24][41, 34, 57, 25, 4, 7, 46, 40, 53, 47][8, 28, 56, 6, 21, 63, 24, 62, 42, 15][0, 3, 48, 29, 23, 69, 38, 19, 65, 5][41, 34, 57, 25, 4, 7, 46, 40, 53, 47] 
[20, 52, 55, 16, 1, 26, 62, 21, 24, 63][28, 10, 59, 68, 11, 31, 1, 49, 42, 30][36, 22, 13, 43, 61, 60, 17, 59, 9, 68][35, 51, 64, 58, 33, 43, 50, 2, 14, 44][12, 25, 57, 58, 45, 34, 41, 27, 67, 37][5, 67, 18, 39, 65, 37, 32, 54, 66, 38][0, 3, 48, 29, 23, 69, 38, 19, 65, 5][41, 34, 57, 25, 4, 7, 46, 40, 53, 47][8, 28, 56, 6, 21, 63, 24, 62, 42, 15][35, 51, 64, 58, 33, 43, 50, 2, 14, 44][20, 10, 52, 8, 28, 56, 6, 21, 63, 24][41, 34, 57, 25, 4, 7, 46, 40, 53, 47][8, 28, 56, 6, 21, 63, 24, 62, 42, 15][0, 3, 48, 29, 23, 69, 38, 19, 65, 5][41, 34, 57, 25, 4, 7, 46, 40, 53, 47] 
[35, 51, 64, 58, 33, 43, 50, 2, 14, 44][12, 25, 57, 58, 45, 34, 41, 27, 67, 37][36, 22, 13, 43, 61, 60, 17, 59, 9, 68][5, 67, 18, 39, 65, 37, 32, 54, 66, 38][20, 10, 52, 8, 28, 56, 6, 21, 63, 24][0, 3, 48, 29, 23, 69, 38, 19, 65, 5][41, 34, 57, 25, 4, 7, 46, 40, 53, 47][20, 52, 55, 16, 1, 26, 62, 21, 24, 63][28, 10, 59, 68, 11, 31, 1, 49, 42, 30][0, 3, 48, 29, 23, 69, 38, 19, 65, 5][41, 34, 57, 25, 4, 7, 46, 40, 53, 47][41, 34, 57, 25, 4, 7, 46, 40, 53, 47][41, 34, 57, 25, 4, 7, 46, 40, 53, 47][8, 28, 56, 6, 21, 63, 24, 62, 42, 15][5, 67, 18, 39, 65, 37, 32, 54, 66, 38] 
[35, 51, 64, 58, 33, 43, 50, 2, 14, 44][12, 25, 57, 58, 45, 34, 41, 27, 67, 37][36, 22, 13, 43, 61, 60, 17, 59, 9, 68][5, 67, 18, 39, 65, 37, 32, 54, 66, 38][20, 10, 52, 8, 28, 56, 6, 21, 63, 24][0, 3, 48, 29, 23, 69, 38, 19, 65, 5][41, 34, 57, 25, 4, 7, 46, 40, 53, 47][20, 52, 55, 16, 1, 26, 62, 21, 24, 63][28, 10, 59, 68, 11, 31, 1, 49, 42, 30][0, 3, 48, 29, 23, 69, 38, 19, 65, 5][41, 34, 57, 25, 4, 7, 46, 40, 53, 47][41, 34, 57, 25, 4, 7, 46, 40, 53, 47][41, 34, 57, 25, 4, 7, 46, 40, 53, 47][8, 28, 56, 6, 21, 63, 24, 62, 42, 15][5, 67, 18, 39, 65, 37, 32, 54, 66, 38] 
[35, 51, 64, 58, 33, 43, 50, 2, 14, 44][12, 25, 57, 58, 45, 34, 41, 27, 67, 37][36, 22, 13, 43, 61, 60, 17, 59, 9, 68][5, 67, 18, 39, 65, 37, 32, 54, 66, 38][20, 10, 52, 8, 28, 56, 6, 21, 63, 24][0, 3, 48, 29, 23, 69, 38, 19, 65, 5][41, 34, 57, 25, 4, 7, 46, 40, 53, 47][20, 52, 55, 16, 1, 26, 62, 21, 24, 63][28, 10, 59, 68, 11, 31, 1, 49, 42, 30][0, 3, 48, 29, 23, 69, 38, 19, 65, 5][41, 34, 57, 25, 4, 7, 46, 40, 53, 47][41, 34, 57, 25, 4, 7, 46, 40, 53, 47][41, 34, 57, 25, 4, 7, 46, 40, 53, 47][8, 28, 56, 6, 21, 63, 24, 62, 42, 15][5, 67, 18, 39, 65, 37, 32, 54, 66, 38] 
[0, 3, 48, 29, 23, 69, 38, 19, 65, 5][5, 67, 18, 39, 65, 37, 32, 54, 66, 38][12, 25, 57, 58, 45, 34, 41, 27, 67, 37][35, 51, 64, 58, 33, 43, 50, 2, 14, 44][36, 22, 13, 43, 61, 60, 17, 59, 9, 68][28, 10, 59, 68, 11, 31, 1, 49, 42, 30][20, 52, 55, 16, 1, 26, 62, 21, 24, 63][41, 34, 57, 25, 4, 7, 46, 40, 53, 47][8, 28, 56, 6, 21, 63, 24, 62, 42, 15][20, 10, 52, 8, 28, 56, 6, 21, 63, 24][35, 51, 64, 58, 33, 43, 50, 2, 14, 44][41, 34, 57, 25, 4, 7, 46, 40, 53, 47][12, 25, 57, 58, 45, 34, 41, 27, 67, 37][41, 34, 57, 25, 4, 7, 46, 40, 53, 47][41, 34, 57, 25, 4, 7, 46, 40, 53, 47] 
[20, 52, 55, 16, 1, 26, 62, 21, 24, 63][28, 10, 59, 68, 11, 31, 1, 49, 42, 30][36, 22, 13, 43, 61, 60, 17, 59, 9, 68][35, 51, 64, 58, 33, 43, 50, 2, 14, 44][12, 25, 57, 58, 45, 34, 41, 27, 67, 37][5, 67, 18, 39, 65, 37, 32, 54, 66, 38][0, 3, 48, 29, 23, 69, 38, 19, 65, 5][41, 34, 57, 25, 4, 7, 46, 40, 53, 47][8, 28, 56, 6, 21, 63, 24, 62, 42, 15][35, 51, 64, 58, 33, 43, 50, 2, 14, 44][20, 10, 52, 8, 28, 56, 6, 21, 63, 24][41, 34, 57, 25, 4, 7, 46, 40, 53, 47][8, 28, 56, 6, 21, 63, 24, 62, 42, 15][0, 3, 48, 29, 23, 69, 38, 19, 65, 5][41, 34, 57, 25, 4, 7, 46, 40, 53, 47] 
[35, 51, 64, 58, 33, 43, 50, 2, 14, 44][12, 25, 57, 58, 45, 34, 41, 27, 67, 37][36, 22, 13, 43, 61, 60, 17, 59, 9, 68][5, 67, 18, 39, 65, 37, 32, 54, 66, 38][20, 10, 52, 8, 28, 56, 6, 21, 63, 24][0, 3, 48, 29, 23, 69, 38, 19, 65, 5][41, 34, 57, 25, 4, 7, 46, 40, 53, 47][20, 52, 55, 16, 1, 26, 62, 21, 24, 63][28, 10, 59, 68, 11, 31, 1, 49, 42, 30][0, 3, 48, 29, 23, 69, 38, 19, 65, 5][41, 34, 57, 25, 4, 7, 46, 40, 53, 47][41, 34, 57, 25, 4, 7, 46, 40, 53, 47][41, 34, 57, 25, 4, 7, 46, 40, 53, 47][8, 28, 56, 6, 21, 63, 24, 62, 42, 15][5, 67, 18, 39, 65, 37, 32, 54, 66, 38] 
[0, 3, 48, 29, 23, 69, 38, 19, 65, 5][5, 67, 18, 39, 65, 37, 32, 54, 66, 38][12, 25, 57, 58, 45, 34, 41, 27, 67, 37][35, 51, 64, 58, 33, 43, 50, 2, 14, 44][36, 22, 13, 43, 61, 60, 17, 59, 9, 68][28, 10, 59, 68, 11, 31, 1, 49, 42, 30][20, 52, 55, 16, 1, 26, 62, 21, 24, 63][41, 34, 57, 25, 4, 7, 46, 40, 53, 47][8, 28, 56, 6, 21, 63, 24, 62, 42, 15][20, 10, 52, 8, 28, 56, 6, 21, 63, 24][35, 51, 64, 58, 33, 43, 50, 2, 14, 44][41, 34, 57, 25, 4, 7, 46, 40, 53, 47][12, 25, 57, 58, 45, 34, 41, 27, 67, 37][41, 34, 57, 25, 4, 7, 46, 40, 53, 47][41, 34, 57, 25, 4, 7, 46, 40, 53, 47] 
[0, 3, 48, 29, 23, 69, 38, 19, 65, 5][5, 67, 18, 39, 65, 37, 32, 54, 66, 38][12, 25, 57, 58, 45, 34, 41, 27, 67, 37][35, 51, 64, 58, 33, 43, 50, 2, 14, 44][36, 22, 13, 43, 61, 60, 17, 59, 9, 68][28, 10, 59, 68, 11, 31, 1, 49, 42, 30][20, 52, 55, 16, 1, 26, 62, 21, 24, 63][41, 34, 57, 25, 4, 7, 46, 40, 53, 47][8, 28, 56, 6, 21, 63, 24, 62, 42, 15][20, 10, 52, 8, 28, 56, 6, 21, 63, 24][35, 51, 64, 58, 33, 43, 50, 2, 14, 44][41, 34, 57, 25, 4, 7, 46, 40, 53, 47][12, 25, 57, 58, 45, 34, 41, 27, 67, 37][41, 34, 57, 25, 4, 7, 46, 40, 53, 47][41, 34, 57, 25, 4, 7, 46, 40, 53, 47] 
[20, 52, 55, 16, 1, 26, 62, 21, 24, 63][28, 10, 59, 68, 11, 31, 1, 49, 42, 30][36, 22, 13, 43, 61, 60, 17, 59, 9, 68][35, 51, 64, 58, 33, 43, 50, 2, 14, 44][12, 25, 57, 58, 45, 34, 41, 27, 67, 37][5, 67, 18, 39, 65, 37, 32, 54, 66, 38][0, 3, 48, 29, 23, 69, 38, 19, 65, 5][41, 34, 57, 25, 4, 7, 46, 40, 53, 47][8, 28, 56, 6, 21, 63, 24, 62, 42, 15][35, 51, 64, 58, 33, 43, 50, 2, 14, 44][20, 10, 52, 8, 28, 56, 6, 21, 63, 24][41, 34, 57, 25, 4, 7, 46, 40, 53, 47][8, 28, 56, 6, 21, 63, 24, 62, 42, 15][0, 3, 48, 29, 23, 69, 38, 19, 65, 5][41, 34, 57, 25, 4, 7, 46, 40, 53, 47] 
[20, 52, 55, 16, 1, 26, 62, 21, 24, 63][28, 10, 59, 68, 11, 31, 1, 49, 42, 30][36, 22, 13, 43, 61, 60, 17, 59, 9, 68][35, 51, 64, 58, 33, 43, 50, 2, 14, 44][12, 25, 57, 58, 45, 34, 41, 27, 67, 37][5, 67, 18, 39, 65, 37, 32, 54, 66, 38][0, 3, 48, 29, 23, 69, 38, 19, 65, 5][41, 34, 57, 25, 4, 7, 46, 40, 53, 47][8, 28, 56, 6, 21, 63, 24, 62, 42, 15][35, 51, 64, 58, 33, 43, 50, 2, 14, 44][20, 10, 52, 8, 28, 56, 6, 21, 63, 24][41, 34, 57, 25, 4, 7, 46, 40, 53, 47][8, 28, 56, 6, 21, 63, 24, 62, 42, 15][0, 3, 48, 29, 23, 69, 38, 19, 65, 5][41, 34, 57, 25, 4, 7, 46, 40, 53, 47] 
[35, 51, 64, 58, 33, 43, 50, 2, 14, 44][12, 25, 57, 58, 45, 34, 41, 27, 67, 37][36, 22, 13, 43, 61, 60, 17, 59, 9, 68][5, 67, 18, 39, 65, 37, 32, 54, 66, 38][20, 10, 52, 8, 28, 56, 6, 21, 63, 24][0, 3, 48, 29, 23, 69, 38, 19, 65, 5][41, 34, 57, 25, 4, 7, 46, 40, 53, 47][20, 52, 55, 16, 1, 26, 62, 21, 24, 63][28, 10, 59, 68, 11, 31, 1, 49, 42, 30][0, 3, 48, 29, 23, 69, 38, 19, 65, 5][41, 34, 57, 25, 4, 7, 46, 40, 53, 47][41, 34, 57, 25, 4, 7, 46, 40, 53, 47][41, 34, 57, 25, 4, 7, 46, 40, 53, 47][8, 28, 56, 6, 21, 63, 24, 62, 42, 15][5, 67, 18, 39, 65, 37, 32, 54, 66, 38] 
[35, 51, 64, 58, 33, 43, 50, 2, 14, 44][12, 25, 57, 58, 45, 34, 41, 27, 67, 37][36, 22, 13, 43, 61, 60, 17, 59, 9, 68][5, 67, 18, 39, 65, 37, 32, 54, 66, 38][20, 10, 52, 8, 28, 56, 6, 21, 63, 24][0, 3, 48, 29, 23, 69, 38, 19, 65, 5][41, 34, 57, 25, 4, 7, 46, 40, 53, 47][20, 52, 55, 16, 1, 26, 62, 21, 24, 63][28, 10, 59, 68, 11, 31, 1, 49, 42, 30][0, 3, 48, 29, 23, 69, 38, 19, 65, 5][41, 34, 57, 25, 4, 7, 46, 40, 53, 47][41, 34, 57, 25, 4, 7, 46, 40, 53, 47][41, 34, 57, 25, 4, 7, 46, 40, 53, 47][8, 28, 56, 6, 21, 63, 24, 62, 42, 15][5, 67, 18, 39, 65, 37, 32, 54, 66, 38] 
[35, 51, 64, 58, 33, 43, 50, 2, 14, 44][12, 25, 57, 58, 45, 34, 41, 27, 67, 37][36, 22, 13, 43, 61, 60, 17, 59, 9, 68][5, 67, 18, 39, 65, 37, 32, 54, 66, 38][20, 10, 52, 8, 28, 56, 6, 21, 63, 24][0, 3, 48, 29, 23, 69, 38, 19, 65, 5][41, 34, 57, 25, 4, 7, 46, 40, 53, 47][20, 52, 55, 16, 1, 26, 62, 21, 24, 63][28, 10, 59, 68, 11, 31, 1, 49, 42, 30][0, 3, 48, 29, 23, 69, 38, 19, 65, 5][41, 34, 57, 25, 4, 7, 46, 40, 53, 47][41, 34, 57, 25, 4, 7, 46, 40, 53, 47][41, 34, 57, 25, 4, 7, 46, 40, 53, 47][8, 28, 56, 6, 21, 63, 24, 62, 42, 15][5, 67, 18, 39, 65, 37, 32, 54, 66, 38] 
[0, 3, 48, 29, 23, 69, 38, 19, 65, 5][5, 67, 18, 39, 65, 37, 32, 54, 66, 38][12, 25, 57, 58, 45, 34, 41, 27, 67, 37][35, 51, 64, 58, 33, 43, 50, 2, 14, 44][36, 22, 13, 43, 61, 60, 17, 59, 9, 68][28, 10, 59, 68, 11, 31, 1, 49, 42, 30][20, 52, 55, 16, 1, 26, 62, 21, 24, 63][41, 34, 57, 25, 4, 7, 46, 40, 53, 47][8, 28, 56, 6, 21, 63, 24, 62, 42, 15][20, 10, 52, 8, 28, 56, 6, 21, 63, 24][35, 51, 64, 58, 33, 43, 50, 2, 14, 44][41, 34, 57, 25, 4, 7, 46, 40, 53, 47][12, 25, 57, 58, 45, 34, 41, 27, 67, 37][41, 34, 57, 25, 4, 7, 46, 40, 53, 47][41, 34, 57, 25, 4, 7, 46, 40, 53, 47] 
[20, 52, 55, 16, 1, 26, 62, 21, 24, 63][28, 10, 59, 68, 11, 31, 1, 49, 42, 30][36, 22, 13, 43, 61, 60, 17, 59, 9, 68][35, 51, 64, 58, 33, 43, 50, 2, 14, 44][12, 25, 57, 58, 45, 34, 41, 27, 67, 37][5, 67, 18, 39, 65, 37, 32, 54, 66, 38][0, 3, 48, 29, 23, 69, 38, 19, 65, 5][41, 34, 57, 25, 4, 7, 46, 40, 53, 47][8, 28, 56, 6, 21, 63, 24, 62, 42, 15][35, 51, 64, 58, 33, 43, 50, 2, 14, 44][20, 10, 52, 8, 28, 56, 6, 21, 63, 24][41, 34, 57, 25, 4, 7, 46, 40, 53, 47][8, 28, 56, 6, 21, 63, 24, 62, 42, 15][0, 3, 48, 29, 23, 69, 38, 19, 65, 5][41, 34, 57, 25, 4, 7, 46, 40, 53, 47] 
[35, 51, 64, 58, 33, 43, 50, 2, 14, 44][12, 25, 57, 58, 45, 34, 41, 27, 67, 37][36, 22, 13, 43, 61, 60, 17, 59, 9, 68][5, 67, 18, 39, 65, 37, 32, 54, 66, 38][20, 10, 52, 8, 28, 56, 6, 21, 63, 24][0, 3, 48, 29, 23, 69, 38, 19, 65, 5][41, 34, 57, 25, 4, 7, 46, 40, 53, 47][20, 52, 55, 16, 1, 26, 62, 21, 24, 63][28, 10, 59, 68, 11, 31, 1, 49, 42, 30][0, 3, 48, 29, 23, 69, 38, 19, 65, 5][41, 34, 57, 25, 4, 7, 46, 40, 53, 47][41, 34, 57, 25, 4, 7, 46, 40, 53, 47][41, 34, 57, 25, 4, 7, 46, 40, 53, 47][8, 28, 56, 6, 21, 63, 24, 62, 42, 15][5, 67, 18, 39, 65, 37, 32, 54, 66, 38] 
[0, 3, 48, 29, 23, 69, 38, 19, 65, 5][5, 67, 18, 39, 65, 37, 32, 54, 66, 38][12, 25, 57, 58, 45, 34, 41, 27, 67, 37][35, 51, 64, 58, 33, 43, 50, 2, 14, 44][36, 22, 13, 43, 61, 60, 17, 59, 9, 68][28, 10, 59, 68, 11, 31, 1, 49, 42, 30][20, 52, 55, 16, 1, 26, 62, 21, 24, 63][41, 34, 57, 25, 4, 7, 46, 40, 53, 47][8, 28, 56, 6, 21, 63, 24, 62, 42, 15][20, 10, 52, 8, 28, 56, 6, 21, 63, 24][35, 51, 64, 58, 33, 43, 50, 2, 14, 44][41, 34, 57, 25, 4, 7, 46, 40, 53, 47][12, 25, 57, 58, 45, 34, 41, 27, 67, 37][41, 34, 57, 25, 4, 7, 46, 40, 53, 47][41, 34, 57, 25, 4, 7, 46, 40, 53, 47] 
[0, 3, 48, 29, 23, 69, 38, 19, 65, 5][5, 67, 18, 39, 65, 37, 32, 54, 66, 38][12, 25, 57, 58, 45, 34, 41, 27, 67, 37][35, 51, 64, 58, 33, 43, 50, 2, 14, 44][36, 22, 13, 43, 61, 60, 17, 59, 9, 68][28, 10, 59, 68, 11, 31, 1, 49, 42, 30][20, 52, 55, 16, 1, 26, 62, 21, 24, 63][41, 34, 57, 25, 4, 7, 46, 40, 53, 47][8, 28, 56, 6, 21, 63, 24, 62, 42, 15][20, 10, 52, 8, 28, 56, 6, 21, 63, 24][35, 51, 64, 58, 33, 43, 50, 2, 14, 44][41, 34, 57, 25, 4, 7, 46, 40, 53, 47][12, 25, 57, 58, 45, 34, 41, 27, 67, 37][41, 34, 57, 25, 4, 7, 46, 40, 53, 47][41, 34, 57, 25, 4, 7, 46, 40, 53, 47] 
[20, 52, 55, 16, 1, 26, 62, 21, 24, 63][28, 10, 59, 68, 11, 31, 1, 49, 42, 30][36, 22, 13, 43, 61, 60, 17, 59, 9, 68][35, 51, 64, 58, 33, 43, 50, 2, 14, 44][12, 25, 57, 58, 45, 34, 41, 27, 67, 37][5, 67, 18, 39, 65, 37, 32, 54, 66, 38][0, 3, 48, 29, 23, 69, 38, 19, 65, 5][41, 34, 57, 25, 4, 7, 46, 40, 53, 47][8, 28, 56, 6, 21, 63, 24, 62, 42, 15][35, 51, 64, 58, 33, 43, 50, 2, 14, 44][20, 10, 52, 8, 28, 56, 6, 21, 63, 24][41, 34, 57, 25, 4, 7, 46, 40, 53, 47][8, 28, 56, 6, 21, 63, 24, 62, 42, 15][0, 3, 48, 29, 23, 69, 38, 19, 65, 5][41, 34, 57, 25, 4, 7, 46, 40, 53, 47] 
[35, 51, 64, 58, 33, 43, 50, 2, 14, 44][12, 25, 57, 58, 45, 34, 41, 27, 67, 37][36, 22, 13, 43, 61, 60, 17, 59, 9, 68][5, 67, 18, 39, 65, 37, 32, 54, 66, 38][20, 10, 52, 8, 28, 56, 6, 21, 63, 24][0, 3, 48, 29, 23, 69, 38, 19, 65, 5][41, 34, 57, 25, 4, 7, 46, 40, 53, 47][20, 52, 55, 16, 1, 26, 62, 21, 24, 63][28, 10, 59, 68, 11, 31, 1, 49, 42, 30][0, 3, 48, 29, 23, 69, 38, 19, 65, 5][41, 34, 57, 25, 4, 7, 46, 40, 53, 47][41, 34, 57, 25, 4, 7, 46, 40, 53, 47][41, 34, 57, 25, 4, 7, 46, 40, 53, 47][8, 28, 56, 6, 21, 63, 24, 62, 42, 15][5, 67, 18, 39, 65, 37, 32, 54, 66, 38] 
[0, 3, 48, 29, 23, 69, 38, 19, 65, 5][5, 67, 18, 39, 65, 37, 32, 54, 66, 38][12, 25, 57, 58, 45, 34, 41, 27, 67, 37][35, 51, 64, 58, 33, 43, 50, 2, 14, 44][36, 22, 13, 43, 61, 60, 17, 59, 9, 68][28, 10, 59, 68, 11, 31, 1, 49, 42, 30][20, 52, 55, 16, 1, 26, 62, 21, 24, 63][41, 34, 57, 25, 4, 7, 46, 40, 53, 47][8, 28, 56, 6, 21, 63, 24, 62, 42, 15][20, 10, 52, 8, 28, 56, 6, 21, 63, 24][35, 51, 64, 58, 33, 43, 50, 2, 14, 44][41, 34, 57, 25, 4, 7, 46, 40, 53, 47][12, 25, 57, 58, 45, 34, 41, 27, 67, 37][41, 34, 57, 25, 4, 7, 46, 40, 53, 47][41, 34, 57, 25, 4, 7, 46, 40, 53, 47] 
[0, 3, 48, 29, 23, 69, 38, 19, 65, 5][5, 67, 18, 39, 65, 37, 32, 54, 66, 38][12, 25, 57, 58, 45, 34, 41, 27, 67, 37][35, 51, 64, 58, 33, 43, 50, 2, 14, 44][36, 22, 13, 43, 61, 60, 17, 59, 9, 68][28, 10, 59, 68, 11, 31, 1, 49, 42, 30][20, 52, 55, 16, 1, 26, 62, 21, 24, 63][41, 34, 57, 25, 4, 7, 46, 40, 53, 47][8, 28, 56, 6, 21, 63, 24, 62, 42, 15][20, 10, 52, 8, 28, 56, 6, 21, 63, 24][35, 51, 64, 58, 33, 43, 50, 2, 14, 44][41, 34, 57, 25, 4, 7, 46, 40, 53, 47][12, 25, 57, 58, 45, 34, 41, 27, 67, 37][41, 34, 57, 25, 4, 7, 46, 40, 53, 47][41, 34, 57, 25, 4, 7, 46, 40, 53, 47] 
[20, 33, 58, 35, 51, 41, 34, 57, 25, 4, 7, 46, 40, 53, 47, 6, 21, 30, 63, 24, 62, 49, 15, 42][12, 27, 41, 34, 57, 25, 4, 7, 46, 40, 47, 53][20, 52, 55, 16, 1, 26, 62, 21, 24, 63, 30][36, 22, 13, 43, 61, 60, 17, 59, 9, 68][35, 51, 64, 58, 33, 43, 50, 2, 14, 44][12, 25, 57, 58, 45, 34, 41, 27, 67, 37][28, 10, 59, 68, 11, 31, 1, 49, 42, 30][5, 67, 18, 39, 65, 37, 32, 54, 66, 38][0, 3, 48, 29, 23, 69, 38, 19, 65, 5][41, 34, 57, 25, 4, 7, 46, 40, 53, 47][8, 28, 56, 6, 21, 63, 24, 62, 42, 15][41, 34, 57, 25, 4, 7, 46, 40, 53, 47][27, 41, 34, 57, 25, 4, 7, 46, 40, 53][41, 34, 57, 25, 4, 7, 46, 40, 53, 47][41, 34, 57, 25, 4, 7, 46, 40, 53, 47] 
[15, 42, 24, 21, 63, 6, 47, 53, 40, 46, 7, 4, 25, 57, 34, 41, 27][36, 22, 13, 43, 61, 60, 17, 59, 9, 68][35, 51, 64, 58, 33, 43, 50, 2, 14, 44][12, 25, 57, 58, 45, 34, 41, 27, 67, 37][28, 10, 59, 68, 11, 31, 1, 49, 42, 30][20, 52, 55, 16, 1, 26, 62, 21, 24, 63][5, 67, 18, 39, 65, 37, 32, 54, 66, 38][0, 3, 48, 29, 23, 69, 38, 19, 65, 5][41, 34, 57, 25, 4, 7, 46, 40, 53, 47][8, 28, 56, 6, 21, 63, 24, 62, 42, 15][41, 34, 57, 25, 4, 7, 46, 40, 53, 47][41, 34, 57, 25, 4, 7, 46, 40, 53, 47][41, 34, 57, 25, 4, 7, 46, 40, 53, 47][41, 34, 57, 25, 4, 7, 46, 40, 53, 47][41, 34, 57, 25, 4, 7, 46, 40, 53, 47] 
[15, 42, 24, 21, 63, 6, 47, 53, 40, 46, 7, 4, 25, 57, 34, 41, 27][36, 22, 13, 43, 61, 60, 17, 59, 9, 68][35, 51, 64, 58, 33, 43, 50, 2, 14, 44][12, 25, 57, 58, 45, 34, 41, 27, 67, 37][28, 10, 59, 68, 11, 31, 1, 49, 42, 30][20, 52, 55, 16, 1, 26, 62, 21, 24, 63][5, 67, 18, 39, 65, 37, 32, 54, 66, 38][0, 3, 48, 29, 23, 69, 38, 19, 65, 5][41, 34, 57, 25, 4, 7, 46, 40, 53, 47][8, 28, 56, 6, 21, 63, 24, 62, 42, 15][41, 34, 57, 25, 4, 7, 46, 40, 53, 47][41, 34, 57, 25, 4, 7, 46, 40, 53, 47][41, 34, 57, 25, 4, 7, 46, 40, 53, 47][41, 34, 57, 25, 4, 7, 46, 40, 53, 47][41, 34, 57, 25, 4, 7, 46, 40, 53, 47] 
[6, 47, 53, 40, 46, 7, 4, 25, 57, 34, 41, 45, 36, 22][0, 3, 48, 29, 23, 69, 38, 19, 65, 5][5, 67, 18, 39, 65, 37, 32, 54, 66, 38][12, 25, 57, 58, 45, 34, 41, 27, 67, 37][35, 51, 64, 58, 33, 43, 50, 2, 14, 44][36, 22, 13, 43, 61, 60, 17, 59, 9, 68][28, 10, 59, 68, 11, 31, 1, 49, 42, 30][20, 52, 55, 16, 1, 26, 62, 21, 24, 63][8, 28, 56, 6, 21, 63, 24, 62, 42, 15][41, 34, 57, 25, 4, 7, 46, 40, 53, 47][41, 34, 57, 25, 4, 7, 46, 40, 53, 47][41, 34, 57, 25, 4, 7, 46, 40, 53, 47][41, 34, 57, 25, 4, 7, 46, 40, 53, 47][41, 34, 57, 25, 4, 7, 46, 40, 53, 47][41, 34, 57, 25, 4, 7, 46, 40, 53, 47] 
[27, 41, 34, 57, 25, 4, 7, 46, 40, 53, 47, 6, 63][37, 67, 27, 41, 34, 45, 58, 57, 25, 12, 40][36, 22, 13, 43, 61, 60, 17, 59, 9, 68][35, 51, 64, 58, 33, 43, 50, 2, 14, 44][28, 10, 59, 68, 11, 31, 1, 49, 42, 30][20, 52, 55, 16, 1, 26, 62, 21, 24, 63][5, 67, 18, 39, 65, 37, 32, 54, 66, 38][0, 3, 48, 29, 23, 69, 38, 19, 65, 5][41, 34, 57, 25, 4, 7, 46, 40, 53, 47][8, 28, 56, 6, 21, 63, 24, 62, 42, 15][41, 34, 57, 25, 4, 7, 46, 40, 53, 47][41, 34, 57, 25, 4, 7, 46, 40, 53, 47][41, 34, 57, 25, 4, 7, 46, 40, 53, 47][41, 34, 57, 25, 4, 7, 46, 40, 53, 47][41, 34, 57, 25, 4, 7, 46, 40, 53, 47] 
[6, 47, 53, 40, 46, 7, 4, 25, 57, 34, 41][36, 22, 13, 43, 61, 60, 17, 59, 9, 68][35, 51, 64, 58, 33, 43, 50, 2, 14, 44][12, 25, 57, 58, 45, 34, 41, 27, 67, 37][28, 10, 59, 68, 11, 31, 1, 49, 42, 30][20, 52, 55, 16, 1, 26, 62, 21, 24, 63][5, 67, 18, 39, 65, 37, 32, 54, 66, 38][0, 3, 48, 29, 23, 69, 38, 19, 65, 5][41, 34, 57, 25, 4, 7, 46, 40, 53, 47][8, 28, 56, 6, 21, 63, 24, 62, 42, 15][41, 34, 57, 25, 4, 7, 46, 40, 53, 47][41, 34, 57, 25, 4, 7, 46, 40, 53, 47][41, 34, 57, 25, 4, 7, 46, 40, 53, 47][27, 41, 34, 57, 25, 4, 7, 46, 40, 53][41, 34, 57, 25, 4, 7, 46, 40, 53, 47] 
[27, 41, 34, 57, 25, 4, 7, 46, 40, 53, 47, 6, 56, 8, 51, 35, 58, 45, 36][36, 22, 13, 43, 61, 60, 17, 59, 9, 68][35, 51, 64, 58, 33, 43, 50, 2, 14, 44][12, 25, 57, 58, 45, 34, 41, 27, 67, 37][28, 10, 59, 68, 11, 31, 1, 49, 42, 30][20, 52, 55, 16, 1, 26, 62, 21, 24, 63][5, 67, 18, 39, 65, 37, 32, 54, 66, 38][0, 3, 48, 29, 23, 69, 38, 19, 65, 5][41, 34, 57, 25, 4, 7, 46, 40, 53, 47][8, 28, 56, 6, 21, 63, 24, 62, 42, 15][41, 34, 57, 25, 4, 7, 46, 40, 53, 47][41, 34, 57, 25, 4, 7, 46, 40, 53, 47][41, 34, 57, 25, 4, 7, 46, 40, 53, 47][41, 34, 57, 25, 4, 7, 46, 40, 53, 47][41, 34, 57, 25, 4, 7, 46, 40, 53, 47] 
[11, 15, 42, 24, 21, 63, 6, 47, 53, 40, 46, 7, 4, 25, 57, 34, 41, 27][37, 67, 27, 41, 34, 45, 58, 57, 25, 12, 40][36, 22, 13, 43, 61, 60, 17, 59, 9, 68][35, 51, 64, 58, 33, 43, 50, 2, 14, 44][28, 10, 59, 68, 11, 31, 1, 49, 42, 30][20, 52, 55, 16, 1, 26, 62, 21, 24, 63][5, 67, 18, 39, 65, 37, 32, 54, 66, 38][0, 3, 48, 29, 23, 69, 38, 19, 65, 5][41, 34, 57, 25, 4, 7, 46, 40, 53, 47][8, 28, 56, 6, 21, 63, 24, 62, 42, 15][41, 34, 57, 25, 4, 7, 46, 40, 53, 47][41, 34, 57, 25, 4, 7, 46, 40, 53, 47][41, 34, 57, 25, 4, 7, 46, 40, 53, 47][41, 34, 57, 25, 4, 7, 46, 40, 53, 47][41, 34, 57, 25, 4, 7, 46, 40, 53, 47] 
[24, 21, 63, 6, 47, 53, 40, 46, 7, 4, 25, 57, 34, 41, 27][36, 22, 13, 43, 61, 60, 17, 59, 9, 68][35, 51, 64, 58, 33, 43, 50, 2, 14, 44][12, 25, 57, 58, 45, 34, 41, 27, 67, 37][28, 10, 59, 68, 11, 31, 1, 49, 42, 30][20, 52, 55, 16, 1, 26, 62, 21, 24, 63][5, 67, 18, 39, 65, 37, 32, 54, 66, 38][0, 3, 48, 29, 23, 69, 38, 19, 65, 5][41, 34, 57, 25, 4, 7, 46, 40, 53, 47][8, 28, 56, 6, 21, 63, 24, 62, 42, 15][41, 34, 57, 25, 4, 7, 46, 40, 53, 47][41, 34, 57, 25, 4, 7, 46, 40, 53, 47][41, 34, 57, 25, 4, 7, 46, 40, 53, 47][41, 34, 57, 25, 4, 7, 46, 40, 53, 47][41, 34, 57, 25, 4, 7, 46, 40, 53, 47] 
[22, 36, 45, 41, 34, 57, 25, 4, 7, 46, 40, 53, 47, 6, 21, 24, 30, 63][11, 15, 49, 42, 30, 63, 24, 21, 62, 26, 1, 16, 55, 52, 20][0, 3, 48, 29, 23, 69, 38, 19, 65, 5][5, 67, 18, 39, 65, 37, 32, 54, 66, 38][12, 25, 57, 58, 45, 34, 41, 27, 67, 37][35, 51, 64, 58, 33, 43, 50, 2, 14, 44][36, 22, 13, 43, 61, 60, 17, 59, 9, 68][28, 10, 59, 68, 11, 31, 1, 49, 42, 30][8, 28, 56, 6, 21, 63, 24, 62, 42, 15][41, 34, 57, 25, 4, 7, 46, 40, 53, 47][41, 34, 57, 25, 4, 7, 46, 40, 53, 47][41, 34, 57, 25, 4, 7, 46, 40, 53, 47][41, 34, 57, 25, 4, 7, 46, 40, 53, 47][41, 34, 57, 25, 4, 7, 46, 40, 53, 47][41, 34, 57, 25, 4, 7, 46, 40, 53, 47] 
[15, 42, 24, 21, 63, 6, 47, 53, 40, 46, 7, 4, 25, 57, 34, 41, 27][36, 22, 13, 43, 61, 60, 17, 59, 9, 68][35, 51, 64, 58, 33, 43, 50, 2, 14, 44][12, 25, 57, 58, 45, 34, 41, 27, 67, 37][28, 10, 59, 68, 11, 31, 1, 49, 42, 30][20, 52, 55, 16, 1, 26, 62, 21, 24, 63][5, 67, 18, 39, 65, 37, 32, 54, 66, 38][0, 3, 48, 29, 23, 69, 38, 19, 65, 5][41, 34, 57, 25, 4, 7, 46, 40, 53, 47][8, 28, 56, 6, 21, 63, 24, 62, 42, 15][41, 34, 57, 25, 4, 7, 46, 40, 53, 47][41, 34, 57, 25, 4, 7, 46, 40, 53, 47][41, 34, 57, 25, 4, 7, 46, 40, 53, 47][41, 34, 57, 25, 4, 7, 46, 40, 53, 47][41, 34, 57, 25, 4, 7, 46, 40, 53, 47] 
[11, 15, 42, 24, 21, 63, 6, 47, 53, 40, 46, 7, 4, 25, 57, 34, 41, 27][37, 67, 27, 41, 34, 45, 58, 57, 25, 12, 40][36, 22, 13, 43, 61, 60, 17, 59, 9, 68][35, 51, 64, 58, 33, 43, 50, 2, 14, 44][28, 10, 59, 68, 11, 31, 1, 49, 42, 30][20, 52, 55, 16, 1, 26, 62, 21, 24, 63][5, 67, 18, 39, 65, 37, 32, 54, 66, 38][0, 3, 48, 29, 23, 69, 38, 19, 65, 5][41, 34, 57, 25, 4, 7, 46, 40, 53, 47][8, 28, 56, 6, 21, 63, 24, 62, 42, 15][41, 34, 57, 25, 4, 7, 46, 40, 53, 47][41, 34, 57, 25, 4, 7, 46, 40, 53, 47][41, 34, 57, 25, 4, 7, 46, 40, 53, 47][41, 34, 57, 25, 4, 7, 46, 40, 53, 47][41, 34, 57, 25, 4, 7, 46, 40, 53, 47] 
[41, 34, 57, 25, 4, 7, 46, 40, 53, 47, 6, 56, 51, 35, 58][0, 3, 48, 29, 23, 69, 38, 19, 65, 5][5, 67, 18, 39, 65, 37, 32, 54, 66, 38][12, 25, 57, 58, 45, 34, 41, 27, 67, 37][35, 51, 64, 58, 33, 43, 50, 2, 14, 44][36, 22, 13, 43, 61, 60, 17, 59, 9, 68][28, 10, 59, 68, 11, 31, 1, 49, 42, 30][20, 52, 55, 16, 1, 26, 62, 21, 24, 63][41, 34, 57, 25, 4, 7, 46, 40, 53, 47][8, 28, 56, 6, 21, 63, 24, 62, 42, 15][41, 34, 57, 25, 4, 7, 46, 40, 53, 47][41, 34, 57, 25, 4, 7, 46, 40, 53, 47][41, 34, 57, 25, 4, 7, 46, 40, 53, 47][41, 34, 57, 25, 4, 7, 46, 40, 53, 47][41, 34, 57, 25, 4, 7, 46, 40, 53, 47] 
[22, 36, 45, 41, 34, 57, 25, 4, 7, 46, 40, 53, 47, 6, 21, 24, 30, 63][0, 3, 48, 29, 23, 69, 38, 19, 65, 5][5, 67, 18, 39, 65, 37, 32, 54, 66, 38][12, 25, 57, 58, 45, 34, 41, 27, 67, 37][35, 51, 64, 58, 33, 43, 50, 2, 14, 44][36, 22, 13, 43, 61, 60, 17, 59, 9, 68][28, 10, 59, 68, 11, 31, 1, 49, 42, 30][20, 52, 55, 16, 1, 26, 62, 21, 24, 63][8, 28, 56, 6, 21, 63, 24, 62, 42, 15][41, 34, 57, 25, 4, 7, 46, 40, 53, 47][41, 34, 57, 25, 4, 7, 46, 40, 53, 47][41, 34, 57, 25, 4, 7, 46, 40, 53, 47][41, 34, 57, 25, 4, 7, 46, 40, 53, 47][41, 34, 57, 25, 4, 7, 46, 40, 53, 47][41, 34, 57, 25, 4, 7, 46, 40, 53, 47] 
[15, 42, 24, 21, 63, 6, 47, 53, 40, 46, 7, 4, 25, 57, 34, 41, 27][6, 47, 40, 12, 25, 57, 58, 45, 34, 41, 27, 67, 37][36, 22, 13, 43, 61, 60, 17, 59, 9, 68][35, 51, 64, 58, 33, 43, 50, 2, 14, 44][28, 10, 59, 68, 11, 31, 1, 49, 42, 30][20, 52, 55, 16, 1, 26, 62, 21, 24, 63][5, 67, 18, 39, 65, 37, 32, 54, 66, 38][0, 3, 48, 29, 23, 69, 38, 19, 65, 5][41, 34, 57, 25, 4, 7, 46, 40, 53, 47][8, 28, 56, 6, 21, 63, 24, 62, 42, 15][41, 34, 57, 25, 4, 7, 46, 40, 53, 47][41, 34, 57, 25, 4, 7, 46, 40, 53, 47][41, 34, 57, 25, 4, 7, 46, 40, 53, 47][41, 34, 57, 25, 4, 7, 46, 40, 53, 47][41, 34, 57, 25, 4, 7, 46, 40, 53, 47] 
[21, 30, 62, 15, 49, 42, 24, 63, 6, 47, 53, 40, 46, 7, 4, 25, 57, 34, 41][27, 41, 34, 57, 25, 4, 7, 46, 40, 53, 47, 6, 56, 8, 51, 35, 58, 45, 36][36, 22, 13, 43, 61, 60, 17, 59, 9, 68][35, 51, 64, 58, 33, 43, 50, 2, 14, 44][12, 25, 57, 58, 45, 34, 41, 27, 67, 37][28, 10, 59, 68, 11, 31, 1, 49, 42, 30][20, 52, 55, 16, 1, 26, 62, 21, 24, 63][5, 67, 18, 39, 65, 37, 32, 54, 66, 38][0, 3, 48, 29, 23, 69, 38, 19, 65, 5][8, 28, 56, 6, 21, 63, 24, 62, 42, 15][41, 34, 57, 25, 4, 7, 46, 40, 53, 47][41, 34, 57, 25, 4, 7, 46, 40, 53, 47][41, 34, 57, 25, 4, 7, 46, 40, 53, 47][41, 34, 57, 25, 4, 7, 46, 40, 53, 47][41, 34, 57, 25, 4, 7, 46, 40, 53, 47] 
[27, 41, 34, 57, 25, 4, 7, 46, 40, 53, 47, 6, 56, 8, 51, 35, 58, 45, 36][5, 67, 18, 39, 65, 37, 32, 54, 66, 38, 36, 22, 33, 58][36, 22, 13, 43, 61, 60, 17, 59, 9, 68][35, 51, 64, 58, 33, 43, 50, 2, 14, 44][12, 25, 57, 58, 45, 34, 41, 27, 67, 37][28, 10, 59, 68, 11, 31, 1, 49, 42, 30][20, 52, 55, 16, 1, 26, 62, 21, 24, 63][0, 3, 48, 29, 23, 69, 38, 19, 65, 5][41, 34, 57, 25, 4, 7, 46, 40, 53, 47][8, 28, 56, 6, 21, 63, 24, 62, 42, 15][41, 34, 57, 25, 4, 7, 46, 40, 53, 47][41, 34, 57, 25, 4, 7, 46, 40, 53, 47][41, 34, 57, 25, 4, 7, 46, 40, 53, 47][41, 34, 57, 25, 4, 7, 46, 40, 53, 47][41, 34, 57, 25, 4, 7, 46, 40, 53, 47] 
[6, 47, 53, 40, 46, 7, 4, 25, 57, 34, 41, 45, 36, 22][0, 3, 48, 29, 23, 69, 38, 19, 65, 5][5, 67, 18, 39, 65, 37, 32, 54, 66, 38][12, 25, 57, 58, 45, 34, 41, 27, 67, 37][35, 51, 64, 58, 33, 43, 50, 2, 14, 44][36, 22, 13, 43, 61, 60, 17, 59, 9, 68][28, 10, 59, 68, 11, 31, 1, 49, 42, 30][20, 52, 55, 16, 1, 26, 62, 21, 24, 63][8, 28, 56, 6, 21, 63, 24, 62, 42, 15][41, 34, 57, 25, 4, 7, 46, 40, 53, 47][41, 34, 57, 25, 4, 7, 46, 40, 53, 47][41, 34, 57, 25, 4, 7, 46, 40, 53, 47][41, 34, 57, 25, 4, 7, 46, 40, 53, 47][41, 34, 57, 25, 4, 7, 46, 40, 53, 47][41, 34, 57, 25, 4, 7, 46, 40, 53, 47] 
[35, 64, 58, 51, 56, 6, 47, 53, 40, 46, 7, 4, 25, 57, 34, 41, 45, 22, 19, 38][0, 3, 48, 29, 23, 69, 38, 19, 65, 5][5, 67, 18, 39, 65, 37, 32, 54, 66, 38][12, 25, 57, 58, 45, 34, 41, 27, 67, 37][35, 51, 64, 58, 33, 43, 50, 2, 14, 44][36, 22, 13, 43, 61, 60, 17, 59, 9, 68][28, 10, 59, 68, 11, 31, 1, 49, 42, 30][20, 52, 55, 16, 1, 26, 62, 21, 24, 63][8, 28, 56, 6, 21, 63, 24, 62, 42, 15][41, 34, 57, 25, 4, 7, 46, 40, 53, 47][41, 34, 57, 25, 4, 7, 46, 40, 53, 47][41, 34, 57, 25, 4, 7, 46, 40, 53, 47][41, 34, 57, 25, 4, 7, 46, 40, 53, 47][41, 34, 57, 25, 4, 7, 46, 40, 53, 47][41, 34, 57, 25, 4, 7, 46, 40, 53, 47] 
[20, 10, 52, 8, 28, 56, 6, 21, 63, 24, 62, 42, 15, 49, 9, 31, 1, 26, 30][27, 41, 34, 57, 25, 4, 7, 46, 40, 53, 47, 6, 56, 8, 51, 35, 58, 45, 36][36, 22, 13, 43, 61, 60, 17, 59, 9, 68][35, 51, 64, 58, 33, 43, 50, 2, 14, 44][12, 25, 57, 58, 45, 34, 41, 27, 67, 37][28, 10, 59, 68, 11, 31, 1, 49, 42, 30][20, 52, 55, 16, 1, 26, 62, 21, 24, 63][5, 67, 18, 39, 65, 37, 32, 54, 66, 38][0, 3, 48, 29, 23, 69, 38, 19, 65, 5][41, 34, 57, 25, 4, 7, 46, 40, 53, 47][41, 34, 57, 25, 4, 7, 46, 40, 53, 47][41, 34, 57, 25, 4, 7, 46, 40, 53, 47][41, 34, 57, 25, 4, 7, 46, 40, 53, 47][41, 34, 57, 25, 4, 7, 46, 40, 53, 47][41, 34, 57, 25, 4, 7, 46, 40, 53, 47] 
[21, 30, 26, 8, 28, 10, 20, 52, 55, 16, 1, 68, 9, 59, 17, 60, 61, 43, 13, 22, 36][12, 27, 41, 34, 57, 25, 4, 7, 46, 40, 53, 47, 6, 56, 28, 8, 52, 64, 58, 35, 51][35, 51, 64, 58, 33, 43, 50, 2, 14, 44][12, 25, 57, 58, 45, 34, 41, 27, 67, 37][28, 10, 59, 68, 11, 31, 1, 49, 42, 30][20, 52, 55, 16, 1, 26, 62, 21, 24, 63][5, 67, 18, 39, 65, 37, 32, 54, 66, 38][0, 3, 48, 29, 23, 69, 38, 19, 65, 5][41, 34, 57, 25, 4, 7, 46, 40, 53, 47][8, 28, 56, 6, 21, 63, 24, 62, 42, 15][41, 34, 57, 25, 4, 7, 46, 40, 53, 47][41, 34, 57, 25, 4, 7, 46, 40, 53, 47][27, 41, 34, 57, 25, 4, 7, 46, 40, 53][41, 34, 57, 25, 4, 7, 46, 40, 53, 47][41, 34, 57, 25, 4, 7, 46, 40, 53, 47] 
[0, 3, 48, 29, 23, 69, 38, 19, 65, 5][5, 67, 18, 39, 65, 37, 32, 54, 66, 38][12, 25, 57, 58, 45, 34, 41, 27, 67, 37][35, 51, 64, 58, 33, 43, 50, 2, 14, 44][36, 22, 13, 43, 61, 60, 17, 59, 9, 68][28, 10, 59, 68, 11, 31, 1, 49, 42, 30][20, 52, 55, 16, 1, 26, 62, 21, 24, 63][41, 34, 57, 25, 4, 7, 46, 40, 53, 47][8, 28, 56, 6, 21, 63, 24, 62, 42, 15][20, 10, 52, 8, 28, 56, 6, 21, 63, 24][35, 51, 64, 58, 33, 43, 50, 2, 14, 44][41, 34, 57, 25, 4, 7, 46, 40, 53, 47][12, 25, 57, 58, 45, 34, 41, 27, 67, 37][41, 34, 57, 25, 4, 7, 46, 40, 53, 47][41, 34, 57, 25, 4, 7, 46, 40, 53, 47] 
[0, 3, 48, 29, 23, 69, 38, 19, 65, 5][5, 67, 18, 39, 65, 37, 32, 54, 66, 38][12, 25, 57, 58, 45, 34, 41, 27, 67, 37][35, 51, 64, 58, 33, 43, 50, 2, 14, 44][36, 22, 13, 43, 61, 60, 17, 59, 9, 68][28, 10, 59, 68, 11, 31, 1, 49, 42, 30][20, 52, 55, 16, 1, 26, 62, 21, 24, 63][41, 34, 57, 25, 4, 7, 46, 40, 53, 47][8, 28, 56, 6, 21, 63, 24, 62, 42, 15][20, 10, 52, 8, 28, 56, 6, 21, 63, 24][35, 51, 64, 58, 33, 43, 50, 2, 14, 44][41, 34, 57, 25, 4, 7, 46, 40, 53, 47][12, 25, 57, 58, 45, 34, 41, 27, 67, 37][41, 34, 57, 25, 4, 7, 46, 40, 53, 47][41, 34, 57, 25, 4, 7, 46, 40, 53, 47] 
[0, 3, 48, 29, 23, 69, 38, 19, 65, 5][5, 67, 18, 39, 65, 37, 32, 54, 66, 38][12, 25, 57, 58, 45, 34, 41, 27, 67, 37][35, 51, 64, 58, 33, 43, 50, 2, 14, 44][36, 22, 13, 43, 61, 60, 17, 59, 9, 68][28, 10, 59, 68, 11, 31, 1, 49, 42, 30][20, 52, 55, 16, 1, 26, 62, 21, 24, 63][41, 34, 57, 25, 4, 7, 46, 40, 53, 47][8, 28, 56, 6, 21, 63, 24, 62, 42, 15][20, 10, 52, 8, 28, 56, 6, 21, 63, 24][35, 51, 64, 58, 33, 43, 50, 2, 14, 44][41, 34, 57, 25, 4, 7, 46, 40, 53, 47][12, 25, 57, 58, 45, 34, 41, 27, 67, 37][41, 34, 57, 25, 4, 7, 46, 40, 53, 47][41, 34, 57, 25, 4, 7, 46, 40, 53, 47] 
[0, 3, 48, 29, 23, 69, 38, 19, 65, 5][5, 67, 18, 39, 65, 37, 32, 54, 66, 38][12, 25, 57, 58, 45, 34, 41, 27, 67, 37][35, 51, 64, 58, 33, 43, 50, 2, 14, 44][36, 22, 13, 43, 61, 60, 17, 59, 9, 68][28, 10, 59, 68, 11, 31, 1, 49, 42, 30][20, 52, 55, 16, 1, 26, 62, 21, 24, 63][41, 34, 57, 25, 4, 7, 46, 40, 53, 47][8, 28, 56, 6, 21, 63, 24, 62, 42, 15][20, 10, 52, 8, 28, 56, 6, 21, 63, 24][35, 51, 64, 58, 33, 43, 50, 2, 14, 44][41, 34, 57, 25, 4, 7, 46, 40, 53, 47][12, 25, 57, 58, 45, 34, 41, 27, 67, 37][41, 34, 57, 25, 4, 7, 46, 40, 53, 47][41, 34, 57, 25, 4, 7, 46, 40, 53, 47] 
[0, 3, 48, 29, 23, 69, 38, 19, 65, 5][5, 67, 18, 39, 65, 37, 32, 54, 66, 38][12, 25, 57, 58, 45, 34, 41, 27, 67, 37][35, 51, 64, 58, 33, 43, 50, 2, 14, 44][36, 22, 13, 43, 61, 60, 17, 59, 9, 68][28, 10, 59, 68, 11, 31, 1, 49, 42, 30][20, 52, 55, 16, 1, 26, 62, 21, 24, 63][41, 34, 57, 25, 4, 7, 46, 40, 53, 47][8, 28, 56, 6, 21, 63, 24, 62, 42, 15][20, 10, 52, 8, 28, 56, 6, 21, 63, 24][35, 51, 64, 58, 33, 43, 50, 2, 14, 44][41, 34, 57, 25, 4, 7, 46, 40, 53, 47][12, 25, 57, 58, 45, 34, 41, 27, 67, 37][41, 34, 57, 25, 4, 7, 46, 40, 53, 47][41, 34, 57, 25, 4, 7, 46, 40, 53, 47] 
[0, 3, 48, 29, 23, 69, 38, 19, 65, 5][5, 67, 18, 39, 65, 37, 32, 54, 66, 38][12, 25, 57, 58, 45, 34, 41, 27, 67, 37][35, 51, 64, 58, 33, 43, 50, 2, 14, 44][36, 22, 13, 43, 61, 60, 17, 59, 9, 68][28, 10, 59, 68, 11, 31, 1, 49, 42, 30][20, 52, 55, 16, 1, 26, 62, 21, 24, 63][41, 34, 57, 25, 4, 7, 46, 40, 53, 47][8, 28, 56, 6, 21, 63, 24, 62, 42, 15][20, 10, 52, 8, 28, 56, 6, 21, 63, 24][35, 51, 64, 58, 33, 43, 50, 2, 14, 44][41, 34, 57, 25, 4, 7, 46, 40, 53, 47][12, 25, 57, 58, 45, 34, 41, 27, 67, 37][41, 34, 57, 25, 4, 7, 46, 40, 53, 47][41, 34, 57, 25, 4, 7, 46, 40, 53, 47] 
[0, 3, 48, 29, 23, 69, 38, 19, 65, 5][5, 67, 18, 39, 65, 37, 32, 54, 66, 38][12, 25, 57, 58, 45, 34, 41, 27, 67, 37][35, 51, 64, 58, 33, 43, 50, 2, 14, 44][36, 22, 13, 43, 61, 60, 17, 59, 9, 68][28, 10, 59, 68, 11, 31, 1, 49, 42, 30][20, 52, 55, 16, 1, 26, 62, 21, 24, 63][41, 34, 57, 25, 4, 7, 46, 40, 53, 47][8, 28, 56, 6, 21, 63, 24, 62, 42, 15][20, 10, 52, 8, 28, 56, 6, 21, 63, 24][35, 51, 64, 58, 33, 43, 50, 2, 14, 44][41, 34, 57, 25, 4, 7, 46, 40, 53, 47][12, 25, 57, 58, 45, 34, 41, 27, 67, 37][41, 34, 57, 25, 4, 7, 46, 40, 53, 47][41, 34, 57, 25, 4, 7, 46, 40, 53, 47] 
[0, 3, 48, 29, 23, 69, 38, 19, 65, 5][5, 67, 18, 39, 65, 37, 32, 54, 66, 38][12, 25, 57, 58, 45, 34, 41, 27, 67, 37][35, 51, 64, 58, 33, 43, 50, 2, 14, 44][36, 22, 13, 43, 61, 60, 17, 59, 9, 68][28, 10, 59, 68, 11, 31, 1, 49, 42, 30][20, 52, 55, 16, 1, 26, 62, 21, 24, 63][41, 34, 57, 25, 4, 7, 46, 40, 53, 47][8, 28, 56, 6, 21, 63, 24, 62, 42, 15][20, 10, 52, 8, 28, 56, 6, 21, 63, 24][35, 51, 64, 58, 33, 43, 50, 2, 14, 44][41, 34, 57, 25, 4, 7, 46, 40, 53, 47][12, 25, 57, 58, 45, 34, 41, 27, 67, 37][41, 34, 57, 25, 4, 7, 46, 40, 53, 47][41, 34, 57, 25, 4, 7, 46, 40, 53, 47] 
[0, 3, 48, 29, 23, 69, 38, 19, 65, 5][5, 67, 18, 39, 65, 37, 32, 54, 66, 38][12, 25, 57, 58, 45, 34, 41, 27, 67, 37][35, 51, 64, 58, 33, 43, 50, 2, 14, 44][36, 22, 13, 43, 61, 60, 17, 59, 9, 68][28, 10, 59, 68, 11, 31, 1, 49, 42, 30][20, 52, 55, 16, 1, 26, 62, 21, 24, 63][41, 34, 57, 25, 4, 7, 46, 40, 53, 47][8, 28, 56, 6, 21, 63, 24, 62, 42, 15][20, 10, 52, 8, 28, 56, 6, 21, 63, 24][35, 51, 64, 58, 33, 43, 50, 2, 14, 44][41, 34, 57, 25, 4, 7, 46, 40, 53, 47][12, 25, 57, 58, 45, 34, 41, 27, 67, 37][41, 34, 57, 25, 4, 7, 46, 40, 53, 47][41, 34, 57, 25, 4, 7, 46, 40, 53, 47] 
[0, 3, 48, 29, 23, 69, 38, 19, 65, 5][5, 67, 18, 39, 65, 37, 32, 54, 66, 38][12, 25, 57, 58, 45, 34, 41, 27, 67, 37][35, 51, 64, 58, 33, 43, 50, 2, 14, 44][36, 22, 13, 43, 61, 60, 17, 59, 9, 68][28, 10, 59, 68, 11, 31, 1, 49, 42, 30][20, 52, 55, 16, 1, 26, 62, 21, 24, 63][41, 34, 57, 25, 4, 7, 46, 40, 53, 47][8, 28, 56, 6, 21, 63, 24, 62, 42, 15][20, 10, 52, 8, 28, 56, 6, 21, 63, 24][35, 51, 64, 58, 33, 43, 50, 2, 14, 44][41, 34, 57, 25, 4, 7, 46, 40, 53, 47][12, 25, 57, 58, 45, 34, 41, 27, 67, 37][41, 34, 57, 25, 4, 7, 46, 40, 53, 47][41, 34, 57, 25, 4, 7, 46, 40, 53, 47] 
[0, 3, 48, 29, 23, 69, 38, 19, 65, 5][5, 67, 18, 39, 65, 37, 32, 54, 66, 38][12, 25, 57, 58, 45, 34, 41, 27, 67, 37][35, 51, 64, 58, 33, 43, 50, 2, 14, 44][36, 22, 13, 43, 61, 60, 17, 59, 9, 68][28, 10, 59, 68, 11, 31, 1, 49, 42, 30][20, 52, 55, 16, 1, 26, 62, 21, 24, 63][41, 34, 57, 25, 4, 7, 46, 40, 53, 47][8, 28, 56, 6, 21, 63, 24, 62, 42, 15][20, 10, 52, 8, 28, 56, 6, 21, 63, 24][35, 51, 64, 58, 33, 43, 50, 2, 14, 44][41, 34, 57, 25, 4, 7, 46, 40, 53, 47][12, 25, 57, 58, 45, 34, 41, 27, 67, 37][41, 34, 57, 25, 4, 7, 46, 40, 53, 47][41, 34, 57, 25, 4, 7, 46, 40, 53, 47] 
