[50, 0, 23, 3, 38, 19, 66, 48, 29, 69][19, 65, 5, 54, 32, 39, 48, 69, 18, 37][38, 3, 23, 0, 2, 14, 61, 43, 13, 50][41, 45, 36, 22, 33, 20, 17, 61, 44, 60][40, 53, 4, 12, 27, 41, 57, 25, 34, 45][28, 56, 6, 47, 7, 4, 12, 40, 46, 53][55, 52, 10, 8, 28, 56, 51, 64, 35, 58][31, 9, 1, 16, 55, 8, 52, 10, 59, 68][9, 59, 68, 11, 1, 49, 15, 62, 24, 21][11, 15, 30, 26, 49, 42, 62, 21, 63, 24][18, 69, 48, 39, 32, 5, 67, 65, 19, 54][50, 0, 23, 3, 38, 19, 66, 48, 29, 69][50, 0, 23, 3, 38, 19, 66, 48, 29, 69][50, 0, 23, 3, 38, 19, 66, 48, 29, 69][50, 0, 23, 3, 38, 19, 66, 48, 29, 69] 
[50, 0, 23, 3, 38, 19, 66, 48, 29, 69][18, 69, 48, 39, 32, 5, 67, 65, 19, 54][38, 3, 23, 0, 2, 14, 61, 43, 13, 50][41, 45, 36, 22, 33, 20, 17, 61, 44, 60][40, 53, 4, 12, 27, 41, 57, 25, 34, 45][28, 56, 6, 47, 7, 4, 12, 40, 46, 53][55, 52, 10, 8, 28, 56, 51, 64, 35, 58][31, 9, 1, 16, 55, 8, 52, 10, 59, 68][9, 59, 68, 11, 1, 49, 15, 62, 24, 21][11, 15, 30, 26, 49, 42, 62, 21, 63, 24][19, 65, 5, 54, 32, 39, 48, 69, 18, 37][9, 59, 68, 11, 1, 49, 15, 62, 24, 21][50, 0, 23, 3, 38, 19, 66, 48, 29, 69][50, 0, 23, 3, 38, 19, 66, 48, 29, 69][9, 59, 68, 11, 1, 49, 15, 62, 24, 21] 
[9, 59, 68, 11, 1, 49, 15, 62, 24, 21][31, 9, 1, 16, 55, 8, 52, 10, 59, 68][55, 52, 10, 8, 28, 56, 51, 64, 35, 58][28, 56, 6, 47, 7, 4, 12, 40, 46, 53][40, 53, 4, 12, 27, 41, 57, 25, 34, 45][41, 45, 36, 22, 33, 20, 17, 61, 44, 60][38, 3, 23, 0, 2, 14, 61, 43, 13, 50][2, 0, 23, 3, 38, 19, 66, 48, 29, 69][19, 65, 5, 54, 32, 39, 48, 69, 18, 37][11, 15, 30, 26, 49, 42, 62, 21, 63, 24][19, 65, 67, 5, 32, 39, 48, 69, 18, 37][9, 59, 68, 11, 1, 49, 15, 62, 24, 21][2, 0, 23, 3, 38, 19, 66, 48, 29, 69][2, 0, 23, 3, 38, 19, 66, 48, 29, 69][2, 0, 23, 3, 38, 19, 66, 48, 29, 69] 
[9, 59, 68, 11, 1, 49, 15, 62, 24, 21][31, 9, 1, 16, 55, 8, 52, 10, 59, 68][55, 52, 10, 8, 28, 56, 51, 64, 35, 58][28, 56, 6, 47, 7, 4, 12, 40, 46, 53][40, 53, 4, 12, 27, 41, 57, 25, 34, 45][41, 45, 36, 22, 33, 20, 17, 61, 44, 60][38, 3, 23, 0, 2, 14, 61, 43, 13, 50][2, 0, 23, 3, 38, 19, 66, 48, 29, 69][19, 65, 5, 54, 32, 39, 48, 69, 18, 37][11, 15, 30, 26, 49, 42, 62, 21, 63, 24][19, 65, 67, 5, 32, 39, 48, 69, 18, 37][9, 59, 68, 11, 1, 49, 15, 62, 24, 21][2, 0, 23, 3, 38, 19, 66, 48, 29, 69][2, 0, 23, 3, 38, 19, 66, 48, 29, 69][2, 0, 23, 3, 38, 19, 66, 48, 29, 69] 
[9, 59, 68, 11, 1, 49, 15, 62, 24, 21][31, 9, 1, 16, 55, 8, 52, 10, 59, 68][55, 52, 10, 8, 28, 56, 51, 64, 35, 58][28, 56, 6, 47, 7, 4, 12, 40, 46, 53][40, 53, 4, 12, 27, 41, 57, 25, 34, 45][41, 45, 36, 22, 33, 20, 17, 61, 44, 60][0, 2, 14, 44, 60, 17, 50, 43, 33, 13][50, 0, 23, 3, 38, 19, 66, 48, 29, 69][19, 65, 5, 54, 32, 39, 48, 69, 18, 37][11, 15, 30, 26, 49, 42, 62, 21, 63, 24][29, 19, 65, 67, 5, 54, 32, 39, 48, 69][9, 59, 68, 11, 1, 49, 15, 62, 24, 21][55, 52, 10, 8, 28, 56, 51, 64, 35, 58][28, 56, 6, 47, 7, 4, 12, 40, 46, 53][11, 15, 30, 26, 49, 42, 62, 21, 63, 24] 
[28, 56, 6, 47, 7, 4, 12, 40, 46, 53][55, 52, 10, 8, 28, 56, 51, 64, 35, 58][40, 53, 4, 12, 27, 41, 57, 25, 34, 45][41, 45, 36, 22, 33, 20, 17, 61, 44, 60][31, 9, 1, 16, 55, 8, 52, 10, 59, 68][9, 59, 68, 11, 1, 49, 15, 62, 24, 21][0, 2, 14, 44, 60, 17, 50, 43, 33, 13][50, 0, 23, 3, 38, 19, 66, 48, 29, 69][19, 65, 5, 54, 32, 39, 48, 69, 18, 37][11, 15, 30, 26, 49, 42, 62, 21, 63, 24][29, 19, 65, 67, 5, 54, 32, 39, 48, 69][55, 52, 10, 8, 28, 56, 51, 64, 35, 58][55, 52, 10, 8, 28, 56, 51, 64, 35, 58][41, 45, 36, 22, 33, 20, 17, 61, 44, 60][55, 52, 10, 8, 28, 56, 51, 64, 35, 58] 
[55, 52, 10, 8, 28, 56, 51, 64, 35, 58][28, 56, 6, 47, 7, 4, 12, 40, 46, 53][31, 9, 1, 16, 55, 8, 52, 10, 59, 68][9, 59, 68, 11, 1, 49, 15, 62, 24, 21][40, 53, 4, 12, 27, 41, 57, 25, 34, 45][41, 45, 36, 22, 33, 20, 17, 61, 44, 60][0, 2, 14, 44, 60, 17, 50, 43, 33, 13][50, 0, 23, 3, 38, 19, 66, 48, 29, 69][19, 65, 5, 54, 32, 39, 48, 69, 18, 37][11, 15, 30, 26, 49, 42, 62, 21, 63, 24][29, 19, 65, 67, 5, 54, 32, 39, 48, 69][55, 52, 10, 8, 28, 56, 51, 64, 35, 58][55, 52, 10, 8, 28, 56, 51, 64, 35, 58][50, 0, 23, 3, 38, 19, 66, 48, 29, 69][50, 0, 23, 3, 38, 19, 66, 48, 29, 69] 
[9, 59, 68, 11, 1, 49, 15, 62, 24, 21][31, 9, 1, 16, 55, 8, 52, 10, 59, 68][55, 52, 10, 8, 28, 56, 51, 64, 35, 58][28, 56, 6, 47, 7, 4, 12, 40, 46, 53][40, 53, 4, 12, 27, 41, 57, 25, 34, 45][41, 45, 36, 22, 33, 20, 17, 61, 44, 60][0, 2, 14, 44, 60, 17, 50, 43, 33, 13][50, 0, 23, 3, 38, 19, 66, 48, 29, 69][19, 65, 5, 54, 32, 39, 48, 69, 18, 37][11, 15, 30, 26, 49, 42, 62, 21, 63, 24][29, 19, 65, 67, 5, 54, 32, 39, 48, 69][9, 59, 68, 11, 1, 49, 15, 62, 24, 21][55, 52, 10, 8, 28, 56, 51, 64, 35, 58][28, 56, 6, 47, 7, 4, 12, 40, 46, 53][11, 15, 30, 26, 49, 42, 62, 21, 63, 24] 
[28, 56, 6, 47, 7, 4, 12, 40, 46, 53][55, 52, 10, 8, 28, 56, 51, 64, 35, 58][40, 53, 4, 12, 27, 41, 57, 25, 34, 45][41, 45, 36, 22, 33, 20, 17, 61, 44, 60][31, 9, 1, 16, 55, 8, 52, 10, 59, 68][9, 59, 68, 11, 1, 49, 15, 62, 24, 21][0, 2, 14, 44, 60, 17, 50, 43, 33, 13][50, 0, 23, 3, 38, 19, 66, 48, 29, 69][19, 65, 5, 54, 32, 39, 48, 69, 18, 37][11, 15, 30, 26, 49, 42, 62, 21, 63, 24][29, 19, 65, 67, 5, 54, 32, 39, 48, 69][55, 52, 10, 8, 28, 56, 51, 64, 35, 58][55, 52, 10, 8, 28, 56, 51, 64, 35, 58][41, 45, 36, 22, 33, 20, 17, 61, 44, 60][55, 52, 10, 8, 28, 56, 51, 64, 35, 58] 
[28, 56, 6, 47, 7, 4, 12, 40, 46, 53][55, 52, 10, 8, 28, 56, 51, 64, 35, 58][40, 53, 4, 12, 27, 41, 57, 25, 34, 45][41, 45, 36, 22, 33, 20, 17, 61, 44, 60][31, 9, 1, 16, 55, 8, 52, 10, 59, 68][9, 59, 68, 11, 1, 49, 15, 62, 24, 21][0, 2, 14, 44, 60, 17, 50, 43, 33, 13][50, 0, 23, 3, 38, 19, 66, 48, 29, 69][19, 65, 5, 54, 32, 39, 48, 69, 18, 37][11, 15, 30, 26, 49, 42, 62, 21, 63, 24][29, 19, 65, 67, 5, 54, 32, 39, 48, 69][55, 52, 10, 8, 28, 56, 51, 64, 35, 58][55, 52, 10, 8, 28, 56, 51, 64, 35, 58][41, 45, 36, 22, 33, 20, 17, 61, 44, 60][55, 52, 10, 8, 28, 56, 51, 64, 35, 58] 
[50, 0, 23, 3, 38, 19, 66, 48, 29, 69][19, 65, 5, 54, 32, 39, 48, 69, 18, 37][38, 3, 23, 0, 2, 14, 61, 43, 13, 50][41, 45, 36, 22, 33, 20, 17, 61, 44, 60][40, 53, 4, 12, 27, 41, 57, 25, 34, 45][28, 56, 6, 47, 7, 4, 12, 40, 46, 53][55, 52, 10, 8, 28, 56, 51, 64, 35, 58][31, 9, 1, 16, 55, 8, 52, 10, 59, 68][9, 59, 68, 11, 1, 49, 15, 62, 24, 21][11, 15, 30, 26, 49, 42, 62, 21, 63, 24][18, 69, 48, 39, 32, 5, 67, 65, 19, 54][50, 0, 23, 3, 38, 19, 66, 48, 29, 69][50, 0, 23, 3, 38, 19, 66, 48, 29, 69][50, 0, 23, 3, 38, 19, 66, 48, 29, 69][50, 0, 23, 3, 38, 19, 66, 48, 29, 69] 
[50, 0, 23, 3, 38, 19, 66, 48, 29, 69][18, 69, 48, 39, 32, 5, 67, 65, 19, 54][38, 3, 23, 0, 2, 14, 61, 43, 13, 50][41, 45, 36, 22, 33, 20, 17, 61, 44, 60][40, 53, 4, 12, 27, 41, 57, 25, 34, 45][28, 56, 6, 47, 7, 4, 12, 40, 46, 53][55, 52, 10, 8, 28, 56, 51, 64, 35, 58][31, 9, 1, 16, 55, 8, 52, 10, 59, 68][9, 59, 68, 11, 1, 49, 15, 62, 24, 21][11, 15, 30, 26, 49, 42, 62, 21, 63, 24][19, 65, 5, 54, 32, 39, 48, 69, 18, 37][9, 59, 68, 11, 1, 49, 15, 62, 24, 21][50, 0, 23, 3, 38, 19, 66, 48, 29, 69][50, 0, 23, 3, 38, 19, 66, 48, 29, 69][9, 59, 68, 11, 1, 49, 15, 62, 24, 21] 
[9, 59, 68, 11, 1, 49, 15, 62, 24, 21][31, 9, 1, 16, 55, 8, 52, 10, 59, 68][55, 52, 10, 8, 28, 56, 51, 64, 35, 58][28, 56, 6, 47, 7, 4, 12, 40, 46, 53][40, 53, 4, 12, 27, 41, 57, 25, 34, 45][41, 45, 36, 22, 33, 20, 17, 61, 44, 60][38, 3, 23, 0, 2, 14, 61, 43, 13, 50][2, 0, 23, 3, 38, 19, 66, 48, 29, 69][19, 65, 5, 54, 32, 39, 48, 69, 18, 37][11, 15, 30, 26, 49, 42, 62, 21, 63, 24][19, 65, 67, 5, 32, 39, 48, 69, 18, 37][9, 59, 68, 11, 1, 49, 15, 62, 24, 21][2, 0, 23, 3, 38, 19, 66, 48, 29, 69][2, 0, 23, 3, 38, 19, 66, 48, 29, 69][2, 0, 23, 3, 38, 19, 66, 48, 29, 69] 
[9, 59, 68, 11, 1, 49, 15, 62, 24, 21][31, 9, 1, 16, 55, 8, 52, 10, 59, 68][55, 52, 10, 8, 28, 56, 51, 64, 35, 58][28, 56, 6, 47, 7, 4, 12, 40, 46, 53][40, 53, 4, 12, 27, 41, 57, 25, 34, 45][41, 45, 36, 22, 33, 20, 17, 61, 44, 60][0, 2, 14, 44, 60, 17, 50, 43, 33, 13][50, 0, 23, 3, 38, 19, 66, 48, 29, 69][19, 65, 5, 54, 32, 39, 48, 69, 18, 37][11, 15, 30, 26, 49, 42, 62, 21, 63, 24][29, 19, 65, 67, 5, 54, 32, 39, 48, 69][9, 59, 68, 11, 1, 49, 15, 62, 24, 21][55, 52, 10, 8, 28, 56, 51, 64, 35, 58][28, 56, 6, 47, 7, 4, 12, 40, 46, 53][11, 15, 30, 26, 49, 42, 62, 21, 63, 24] 
[28, 56, 6, 47, 7, 4, 12, 40, 46, 53][55, 52, 10, 8, 28, 56, 51, 64, 35, 58][40, 53, 4, 12, 27, 41, 57, 25, 34, 45][41, 45, 36, 22, 33, 20, 17, 61, 44, 60][31, 9, 1, 16, 55, 8, 52, 10, 59, 68][9, 59, 68, 11, 1, 49, 15, 62, 24, 21][0, 2, 14, 44, 60, 17, 50, 43, 33, 13][50, 0, 23, 3, 38, 19, 66, 48, 29, 69][19, 65, 5, 54, 32, 39, 48, 69, 18, 37][11, 15, 30, 26, 49, 42, 62, 21, 63, 24][29, 19, 65, 67, 5, 54, 32, 39, 48, 69][55, 52, 10, 8, 28, 56, 51, 64, 35, 58][55, 52, 10, 8, 28, 56, 51, 64, 35, 58][41, 45, 36, 22, 33, 20, 17, 61, 44, 60][55, 52, 10, 8, 28, 56, 51, 64, 35, 58] 
[9, 59, 68, 11, 1, 49, 15, 62, 24, 21][31, 9, 1, 16, 55, 8, 52, 10, 59, 68][55, 52, 10, 8, 28, 56, 51, 64, 35, 58][28, 56, 6, 47, 7, 4, 12, 40, 46, 53][40, 53, 4, 12, 27, 41, 57, 25, 34, 45][41, 45, 36, 22, 33, 20, 17, 61, 44, 60][0, 2, 14, 44, 60, 17, 50, 43, 33, 13][50, 0, 23, 3, 38, 19, 66, 48, 29, 69][19, 65, 5, 54, 32, 39, 48, 69, 18, 37][11, 15, 30, 26, 49, 42, 62, 21, 63, 24][29, 19, 65, 67, 5, 54, 32, 39, 48, 69][9, 59, 68, 11, 1, 49, 15, 62, 24, 21][55, 52, 10, 8, 28, 56, 51, 64, 35, 58][28, 56, 6, 47, 7, 4, 12, 40, 46, 53][11, 15, 30, 26, 49, 42, 62, 21, 63, 24] 
[50, 0, 23, 3, 38, 19, 66, 48, 29, 69][18, 69, 48, 39, 32, 5, 67, 65, 19, 54][38, 3, 23, 0, 2, 14, 61, 43, 13, 50][41, 45, 36, 22, 33, 20, 17, 61, 44, 60][40, 53, 4, 12, 27, 41, 57, 25, 34, 45][28, 56, 6, 47, 7, 4, 12, 40, 46, 53][55, 52, 10, 8, 28, 56, 51, 64, 35, 58][31, 9, 1, 16, 55, 8, 52, 10, 59, 68][9, 59, 68, 11, 1, 49, 15, 62, 24, 21][11, 15, 30, 26, 49, 42, 62, 21, 63, 24][19, 65, 5, 54, 32, 39, 48, 69, 18, 37][9, 59, 68, 11, 1, 49, 15, 62, 24, 21][50, 0, 23, 3, 38, 19, 66, 48, 29, 69][50, 0, 23, 3, 38, 19, 66, 48, 29, 69][9, 59, 68, 11, 1, 49, 15, 62, 24, 21] 
[50, 0, 23, 3, 38, 19, 66, 48, 29, 69][18, 69, 48, 39, 32, 5, 67, 65, 19, 54][38, 3, 23, 0, 2, 14, 61, 43, 13, 50][41, 45, 36, 22, 33, 20, 17, 61, 44, 60][40, 53, 4, 12, 27, 41, 57, 25, 34, 45][28, 56, 6, 47, 7, 4, 12, 40, 46, 53][55, 52, 10, 8, 28, 56, 51, 64, 35, 58][31, 9, 1, 16, 55, 8, 52, 10, 59, 68][9, 59, 68, 11, 1, 49, 15, 62, 24, 21][11, 15, 30, 26, 49, 42, 62, 21, 63, 24][19, 65, 5, 54, 32, 39, 48, 69, 18, 37][9, 59, 68, 11, 1, 49, 15, 62, 24, 21][50, 0, 23, 3, 38, 19, 66, 48, 29, 69][50, 0, 23, 3, 38, 19, 66, 48, 29, 69][9, 59, 68, 11, 1, 49, 15, 62, 24, 21] 
[9, 59, 68, 11, 1, 49, 15, 62, 24, 21][31, 9, 1, 16, 55, 8, 52, 10, 59, 68][55, 52, 10, 8, 28, 56, 51, 64, 35, 58][28, 56, 6, 47, 7, 4, 12, 40, 46, 53][40, 53, 4, 12, 27, 41, 57, 25, 34, 45][41, 45, 36, 22, 33, 20, 17, 61, 44, 60][0, 2, 14, 44, 60, 17, 50, 43, 33, 13][50, 0, 23, 3, 38, 19, 66, 48, 29, 69][19, 65, 5, 54, 32, 39, 48, 69, 18, 37][11, 15, 30, 26, 49, 42, 62, 21, 63, 24][29, 19, 65, 67, 5, 54, 32, 39, 48, 69][9, 59, 68, 11, 1, 49, 15, 62, 24, 21][55, 52, 10, 8, 28, 56, 51, 64, 35, 58][28, 56, 6, 47, 7, 4, 12, 40, 46, 53][11, 15, 30, 26, 49, 42, 62, 21, 63, 24] 
[50, 0, 23, 3, 38, 19, 66, 48, 29, 69][18, 69, 48, 39, 32, 5, 67, 65, 19, 54][38, 3, 23, 0, 2, 14, 61, 43, 13, 50][41, 45, 36, 22, 33, 20, 17, 61, 44, 60][40, 53, 4, 12, 27, 41, 57, 25, 34, 45][28, 56, 6, 47, 7, 4, 12, 40, 46, 53][55, 52, 10, 8, 28, 56, 51, 64, 35, 58][31, 9, 1, 16, 55, 8, 52, 10, 59, 68][9, 59, 68, 11, 1, 49, 15, 62, 24, 21][11, 15, 30, 26, 49, 42, 62, 21, 63, 24][19, 65, 5, 54, 32, 39, 48, 69, 18, 37][9, 59, 68, 11, 1, 49, 15, 62, 24, 21][50, 0, 23, 3, 38, 19, 66, 48, 29, 69][50, 0, 23, 3, 38, 19, 66, 48, 29, 69][9, 59, 68, 11, 1, 49, 15, 62, 24, 21] 
[50, 0, 23, 3, 38, 19, 66, 48, 29, 69][19, 65, 5, 54, 32, 39, 48, 69, 18, 37][38, 3, 23, 0, 2, 14, 61, 43, 13, 50][41, 45, 36, 22, 33, 20, 17, 61, 44, 60][40, 53, 4, 12, 27, 41, 57, 25, 34, 45][28, 56, 6, 47, 7, 4, 12, 40, 46, 53][55, 52, 10, 8, 28, 56, 51, 64, 35, 58][31, 9, 1, 16, 55, 8, 52, 10, 59, 68][9, 59, 68, 11, 1, 49, 15, 62, 24, 21][11, 15, 30, 26, 49, 42, 62, 21, 63, 24][18, 69, 48, 39, 32, 5, 67, 65, 19, 54][50, 0, 23, 3, 38, 19, 66, 48, 29, 69][50, 0, 23, 3, 38, 19, 66, 48, 29, 69][50, 0, 23, 3, 38, 19, 66, 48, 29, 69][50, 0, 23, 3, 38, 19, 66, 48, 29, 69] 
[50, 0, 23, 3, 38, 19, 66, 48, 29, 69][18, 69, 48, 39, 32, 5, 67, 65, 19, 54][38, 3, 23, 0, 2, 14, 61, 43, 13, 50][41, 45, 36, 22, 33, 20, 17, 61, 44, 60][40, 53, 4, 12, 27, 41, 57, 25, 34, 45][28, 56, 6, 47, 7, 4, 12, 40, 46, 53][55, 52, 10, 8, 28, 56, 51, 64, 35, 58][31, 9, 1, 16, 55, 8, 52, 10, 59, 68][9, 59, 68, 11, 1, 49, 15, 62, 24, 21][11, 15, 30, 26, 49, 42, 62, 21, 63, 24][19, 65, 5, 54, 32, 39, 48, 69, 18, 37][9, 59, 68, 11, 1, 49, 15, 62, 24, 21][50, 0, 23, 3, 38, 19, 66, 48, 29, 69][50, 0, 23, 3, 38, 19, 66, 48, 29, 69][9, 59, 68, 11, 1, 49, 15, 62, 24, 21] 
[9, 59, 68, 11, 1, 49, 15, 62, 24, 21][31, 9, 1, 16, 55, 8, 52, 10, 59, 68][55, 52, 10, 8, 28, 56, 51, 64, 35, 58][28, 56, 6, 47, 7, 4, 12, 40, 46, 53][40, 53, 4, 12, 27, 41, 57, 25, 34, 45][41, 45, 36, 22, 33, 20, 17, 61, 44, 60][38, 3, 23, 0, 2, 14, 61, 43, 13, 50][2, 0, 23, 3, 38, 19, 66, 48, 29, 69][19, 65, 5, 54, 32, 39, 48, 69, 18, 37][11, 15, 30, 26, 49, 42, 62, 21, 63, 24][19, 65, 67, 5, 32, 39, 48, 69, 18, 37][9, 59, 68, 11, 1, 49, 15, 62, 24, 21][2, 0, 23, 3, 38, 19, 66, 48, 29, 69][2, 0, 23, 3, 38, 19, 66, 48, 29, 69][2, 0, 23, 3, 38, 19, 66, 48, 29, 69] 
[28, 56, 6, 47, 7, 4, 12, 40, 46, 53][55, 52, 10, 8, 28, 56, 51, 64, 35, 58][40, 53, 4, 12, 27, 41, 57, 25, 34, 45][41, 45, 36, 22, 33, 20, 17, 61, 44, 60][31, 9, 1, 16, 55, 8, 52, 10, 59, 68][9, 59, 68, 11, 1, 49, 15, 62, 24, 21][0, 2, 14, 44, 60, 17, 50, 43, 33, 13][50, 0, 23, 3, 38, 19, 66, 48, 29, 69][19, 65, 5, 54, 32, 39, 48, 69, 18, 37][11, 15, 30, 26, 49, 42, 62, 21, 63, 24][29, 19, 65, 67, 5, 54, 32, 39, 48, 69][55, 52, 10, 8, 28, 56, 51, 64, 35, 58][55, 52, 10, 8, 28, 56, 51, 64, 35, 58][41, 45, 36, 22, 33, 20, 17, 61, 44, 60][55, 52, 10, 8, 28, 56, 51, 64, 35, 58] 
[28, 56, 6, 47, 7, 4, 12, 40, 46, 53][55, 52, 10, 8, 28, 56, 51, 64, 35, 58][40, 53, 4, 12, 27, 41, 57, 25, 34, 45][41, 45, 36, 22, 33, 20, 17, 61, 44, 60][31, 9, 1, 16, 55, 8, 52, 10, 59, 68][9, 59, 68, 11, 1, 49, 15, 62, 24, 21][0, 2, 14, 44, 60, 17, 50, 43, 33, 13][50, 0, 23, 3, 38, 19, 66, 48, 29, 69][19, 65, 5, 54, 32, 39, 48, 69, 18, 37][11, 15, 30, 26, 49, 42, 62, 21, 63, 24][29, 19, 65, 67, 5, 54, 32, 39, 48, 69][55, 52, 10, 8, 28, 56, 51, 64, 35, 58][55, 52, 10, 8, 28, 56, 51, 64, 35, 58][41, 45, 36, 22, 33, 20, 17, 61, 44, 60][55, 52, 10, 8, 28, 56, 51, 64, 35, 58] 
[28, 56, 6, 47, 7, 4, 12, 40, 46, 53][55, 52, 10, 8, 28, 56, 51, 64, 35, 58][40, 53, 4, 12, 27, 41, 57, 25, 34, 45][41, 45, 36, 22, 33, 20, 17, 61, 44, 60][31, 9, 1, 16, 55, 8, 52, 10, 59, 68][9, 59, 68, 11, 1, 49, 15, 62, 24, 21][0, 2, 14, 44, 60, 17, 50, 43, 33, 13][50, 0, 23, 3, 38, 19, 66, 48, 29, 69][19, 65, 5, 54, 32, 39, 48, 69, 18, 37][11, 15, 30, 26, 49, 42, 62, 21, 63, 24][29, 19, 65, 67, 5, 54, 32, 39, 48, 69][55, 52, 10, 8, 28, 56, 51, 64, 35, 58][55, 52, 10, 8, 28, 56, 51, 64, 35, 58][41, 45, 36, 22, 33, 20, 17, 61, 44, 60][55, 52, 10, 8, 28, 56, 51, 64, 35, 58] 
[50, 0, 23, 3, 38, 19, 66, 48, 29, 69][18, 69, 48, 39, 32, 5, 67, 65, 19, 54][38, 3, 23, 0, 2, 14, 61, 43, 13, 50][41, 45, 36, 22, 33, 20, 17, 61, 44, 60][40, 53, 4, 12, 27, 41, 57, 25, 34, 45][28, 56, 6, 47, 7, 4, 12, 40, 46, 53][55, 52, 10, 8, 28, 56, 51, 64, 35, 58][31, 9, 1, 16, 55, 8, 52, 10, 59, 68][9, 59, 68, 11, 1, 49, 15, 62, 24, 21][11, 15, 30, 26, 49, 42, 62, 21, 63, 24][19, 65, 5, 54, 32, 39, 48, 69, 18, 37][9, 59, 68, 11, 1, 49, 15, 62, 24, 21][50, 0, 23, 3, 38, 19, 66, 48, 29, 69][50, 0, 23, 3, 38, 19, 66, 48, 29, 69][9, 59, 68, 11, 1, 49, 15, 62, 24, 21] 
[50, 0, 23, 3, 38, 19, 66, 48, 29, 69][18, 69, 48, 39, 32, 5, 67, 65, 19, 54][38, 3, 23, 0, 2, 14, 61, 43, 13, 50][41, 45, 36, 22, 33, 20, 17, 61, 44, 60][40, 53, 4, 12, 27, 41, 57, 25, 34, 45][28, 56, 6, 47, 7, 4, 12, 40, 46, 53][55, 52, 10, 8, 28, 56, 51, 64, 35, 58][31, 9, 1, 16, 55, 8, 52, 10, 59, 68][9, 59, 68, 11, 1, 49, 15, 62, 24, 21][11, 15, 30, 26, 49, 42, 62, 21, 63, 24][19, 65, 5, 54, 32, 39, 48, 69, 18, 37][9, 59, 68, 11, 1, 49, 15, 62, 24, 21][50, 0, 23, 3, 38, 19, 66, 48, 29, 69][50, 0, 23, 3, 38, 19, 66, 48, 29, 69][9, 59, 68, 11, 1, 49, 15, 62, 24, 21] 
[9, 59, 68, 11, 1, 49, 15, 62, 24, 21][31, 9, 1, 16, 55, 8, 52, 10, 59, 68][55, 52, 10, 8, 28, 56, 51, 64, 35, 58][28, 56, 6, 47, 7, 4, 12, 40, 46, 53][40, 53, 4, 12, 27, 41, 57, 25, 34, 45][41, 45, 36, 22, 33, 20, 17, 61, 44, 60][0, 2, 14, 44, 60, 17, 50, 43, 33, 13][50, 0, 23, 3, 38, 19, 66, 48, 29, 69][19, 65, 5, 54, 32, 39, 48, 69, 18, 37][11, 15, 30, 26, 49, 42, 62, 21, 63, 24][29, 19, 65, 67, 5, 54, 32, 39, 48, 69][9, 59, 68, 11, 1, 49, 15, 62, 24, 21][55, 52, 10, 8, 28, 56, 51, 64, 35, 58][28, 56, 6, 47, 7, 4, 12, 40, 46, 53][11, 15, 30, 26, 49, 42, 62, 21, 63, 24] 
[50, 0, 23, 3, 38, 19, 66, 48, 29, 69][18, 69, 48, 39, 32, 5, 67, 65, 19, 54][38, 3, 23, 0, 2, 14, 61, 43, 13, 50][41, 45, 36, 22, 33, 20, 17, 61, 44, 60][40, 53, 4, 12, 27, 41, 57, 25, 34, 45][28, 56, 6, 47, 7, 4, 12, 40, 46, 53][55, 52, 10, 8, 28, 56, 51, 64, 35, 58][31, 9, 1, 16, 55, 8, 52, 10, 59, 68][9, 59, 68, 11, 1, 49, 15, 62, 24, 21][11, 15, 30, 26, 49, 42, 62, 21, 63, 24][19, 65, 5, 54, 32, 39, 48, 69, 18, 37][9, 59, 68, 11, 1, 49, 15, 62, 24, 21][50, 0, 23, 3, 38, 19, 66, 48, 29, 69][50, 0, 23, 3, 38, 19, 66, 48, 29, 69][9, 59, 68, 11, 1, 49, 15, 62, 24, 21] 
[50, 0, 23, 3, 38, 19, 66, 48, 29, 69][18, 69, 48, 39, 32, 5, 67, 65, 19, 54][38, 3, 23, 0, 2, 14, 61, 43, 13, 50][41, 45, 36, 22, 33, 20, 17, 61, 44, 60][40, 53, 4, 12, 27, 41, 57, 25, 34, 45][28, 56, 6, 47, 7, 4, 12, 40, 46, 53][55, 52, 10, 8, 28, 56, 51, 64, 35, 58][31, 9, 1, 16, 55, 8, 52, 10, 59, 68][9, 59, 68, 11, 1, 49, 15, 62, 24, 21][11, 15, 30, 26, 49, 42, 62, 21, 63, 24][19, 65, 5, 54, 32, 39, 48, 69, 18, 37][9, 59, 68, 11, 1, 49, 15, 62, 24, 21][50, 0, 23, 3, 38, 19, 66, 48, 29, 69][50, 0, 23, 3, 38, 19, 66, 48, 29, 69][9, 59, 68, 11, 1, 49, 15, 62, 24, 21] 
[50, 0, 23, 3, 38, 19, 66, 48, 29, 69][18, 69, 48, 39, 32, 5, 67, 65, 19, 54][38, 3, 23, 0, 2, 14, 61, 43, 13, 50][41, 45, 36, 22, 33, 20, 17, 61, 44, 60][40, 53, 4, 12, 27, 41, 57, 25, 34, 45][28, 56, 6, 47, 7, 4, 12, 40, 46, 53][55, 52, 10, 8, 28, 56, 51, 64, 35, 58][31, 9, 1, 16, 55, 8, 52, 10, 59, 68][9, 59, 68, 11, 1, 49, 15, 62, 24, 21][11, 15, 30, 26, 49, 42, 62, 21, 63, 24][19, 65, 5, 54, 32, 39, 48, 69, 18, 37][9, 59, 68, 11, 1, 49, 15, 62, 24, 21][50, 0, 23, 3, 38, 19, 66, 48, 29, 69][50, 0, 23, 3, 38, 19, 66, 48, 29, 69][9, 59, 68, 11, 1, 49, 15, 62, 24, 21] 
[28, 56, 6, 47, 7, 4, 12, 40, 46, 53][55, 52, 10, 8, 28, 56, 51, 64, 35, 58][40, 53, 4, 12, 27, 41, 57, 25, 34, 45][41, 45, 36, 22, 33, 20, 17, 61, 44, 60][31, 9, 1, 16, 55, 8, 52, 10, 59, 68][9, 59, 68, 11, 1, 49, 15, 62, 24, 21][0, 2, 14, 44, 60, 17, 50, 43, 33, 13][50, 0, 23, 3, 38, 19, 66, 48, 29, 69][19, 65, 5, 54, 32, 39, 48, 69, 18, 37][11, 15, 30, 26, 49, 42, 62, 21, 63, 24][29, 19, 65, 67, 5, 54, 32, 39, 48, 69][55, 52, 10, 8, 28, 56, 51, 64, 35, 58][55, 52, 10, 8, 28, 56, 51, 64, 35, 58][41, 45, 36, 22, 33, 20, 17, 61, 44, 60][55, 52, 10, 8, 28, 56, 51, 64, 35, 58] 
[50, 0, 23, 3, 38, 19, 66, 48, 29, 69][18, 69, 48, 39, 32, 5, 67, 65, 19, 54][38, 3, 23, 0, 2, 14, 61, 43, 13, 50][41, 45, 36, 22, 33, 20, 17, 61, 44, 60][40, 53, 4, 12, 27, 41, 57, 25, 34, 45][28, 56, 6, 47, 7, 4, 12, 40, 46, 53][55, 52, 10, 8, 28, 56, 51, 64, 35, 58][31, 9, 1, 16, 55, 8, 52, 10, 59, 68][9, 59, 68, 11, 1, 49, 15, 62, 24, 21][11, 15, 30, 26, 49, 42, 62, 21, 63, 24][19, 65, 5, 54, 32, 39, 48, 69, 18, 37][9, 59, 68, 11, 1, 49, 15, 62, 24, 21][50, 0, 23, 3, 38, 19, 66, 48, 29, 69][50, 0, 23, 3, 38, 19, 66, 48, 29, 69][9, 59, 68, 11, 1, 49, 15, 62, 24, 21] 
[50, 0, 23, 3, 38, 19, 66, 48, 29, 69][18, 69, 48, 39, 32, 5, 67, 65, 19, 54][38, 3, 23, 0, 2, 14, 61, 43, 13, 50][41, 45, 36, 22, 33, 20, 17, 61, 44, 60][40, 53, 4, 12, 27, 41, 57, 25, 34, 45][28, 56, 6, 47, 7, 4, 12, 40, 46, 53][55, 52, 10, 8, 28, 56, 51, 64, 35, 58][31, 9, 1, 16, 55, 8, 52, 10, 59, 68][9, 59, 68, 11, 1, 49, 15, 62, 24, 21][11, 15, 30, 26, 49, 42, 62, 21, 63, 24][19, 65, 5, 54, 32, 39, 48, 69, 18, 37][9, 59, 68, 11, 1, 49, 15, 62, 24, 21][50, 0, 23, 3, 38, 19, 66, 48, 29, 69][50, 0, 23, 3, 38, 19, 66, 48, 29, 69][9, 59, 68, 11, 1, 49, 15, 62, 24, 21] 
[21, 24, 62, 15, 49, 1, 11, 68, 59, 9, 17, 20, 13, 33, 22, 45, 36, 54][24, 63, 21, 62, 42, 49, 26, 30, 15, 11, 1, 9, 59, 68][21, 24, 62, 15, 49, 1, 11, 68, 59, 9, 16, 55][31, 9, 1, 16, 55, 8, 52, 10, 59, 68][55, 52, 10, 8, 28, 56, 51, 64, 35, 58][28, 56, 6, 47, 7, 4, 12, 40, 46, 53][40, 53, 4, 12, 27, 41, 57, 25, 34, 45][41, 45, 36, 22, 33, 20, 17, 61, 44, 60][0, 2, 14, 44, 60, 17, 50, 43, 33, 13][14, 2, 0, 23, 3, 38, 19, 66, 48, 29][37, 18, 69, 48, 39, 32, 54, 5, 67, 65][9, 59, 68, 11, 1, 49, 15, 62, 24, 21][9, 59, 68, 11, 1, 49, 15, 62, 24, 21][9, 59, 68, 11, 1, 49, 15, 62, 24, 21][9, 59, 68, 11, 1, 49, 15, 62, 24, 21] 
[18, 69, 23, 2, 14, 60, 44, 61, 17, 9, 59, 68, 11, 1, 49, 15, 62, 24, 21][19, 65, 67, 5, 54, 32, 39, 48, 69, 18, 37][28, 56, 6, 47, 7, 4, 12, 40, 46, 53][55, 52, 10, 8, 28, 56, 51, 64, 35, 58][31, 9, 1, 16, 55, 8, 52, 10, 59, 68][9, 59, 68, 11, 1, 49, 15, 62, 24, 21][40, 53, 4, 12, 27, 41, 57, 25, 34, 45][41, 45, 36, 22, 33, 20, 17, 61, 44, 60][0, 2, 14, 44, 60, 17, 50, 43, 33, 13][14, 2, 0, 23, 3, 38, 19, 66, 48, 29][11, 15, 30, 26, 49, 42, 62, 21, 63, 24][9, 59, 68, 11, 1, 49, 15, 62, 24, 21][9, 59, 68, 11, 1, 49, 15, 62, 24, 21][9, 59, 68, 11, 1, 49, 15, 62, 24, 21][9, 59, 68, 11, 1, 49, 15, 62, 24, 21] 
[18, 69, 23, 2, 14, 60, 44, 61, 17, 9, 59, 68, 11, 1, 49, 15, 62, 24, 21][28, 56, 6, 47, 7, 4, 12, 40, 46, 53][55, 52, 10, 8, 28, 56, 51, 64, 35, 58][31, 9, 1, 16, 55, 8, 52, 10, 59, 68][9, 59, 68, 11, 1, 49, 15, 62, 24, 21][40, 53, 4, 12, 27, 41, 57, 25, 34, 45][41, 45, 36, 22, 33, 20, 17, 61, 44, 60][0, 2, 14, 44, 60, 17, 50, 43, 33, 13][14, 2, 0, 23, 3, 38, 19, 66, 48, 29][37, 18, 69, 48, 39, 32, 54, 5, 67, 65][11, 15, 30, 26, 49, 42, 62, 21, 63, 24][9, 59, 68, 11, 1, 49, 15, 62, 24, 21][9, 59, 68, 11, 1, 49, 15, 62, 24, 21][9, 59, 68, 11, 1, 49, 15, 62, 24, 21][9, 59, 68, 11, 1, 49, 15, 62, 24, 21] 
[31, 9, 1, 16, 55, 8, 52, 10, 59, 68, 11, 15, 49, 26, 62][21, 24, 62, 15, 49, 1, 11, 68, 59, 9, 17, 44][9, 59, 68, 11, 1, 49, 15, 62, 24, 21][55, 52, 10, 8, 28, 56, 51, 64, 35, 58][28, 56, 6, 47, 7, 4, 12, 40, 46, 53][40, 53, 4, 12, 27, 41, 57, 25, 34, 45][41, 45, 36, 22, 33, 20, 17, 61, 44, 60][0, 2, 14, 44, 60, 17, 50, 43, 33, 13][14, 2, 0, 23, 3, 38, 19, 66, 48, 29][37, 18, 69, 48, 39, 32, 54, 5, 67, 65][11, 15, 30, 26, 49, 42, 62, 21, 63, 24][9, 59, 68, 11, 1, 49, 15, 62, 24, 21][9, 59, 68, 11, 1, 49, 15, 62, 24, 21][9, 59, 68, 11, 1, 49, 15, 62, 24, 21][9, 59, 68, 11, 1, 49, 15, 62, 24, 21] 
[31, 9, 1, 16, 55, 8, 52, 10, 59, 68, 11, 15, 49, 26, 62][21, 24, 62, 15, 49, 1, 11, 68, 59, 9, 17, 44][9, 59, 68, 11, 1, 49, 15, 62, 24, 21][55, 52, 10, 8, 28, 56, 51, 64, 35, 58][28, 56, 6, 47, 7, 4, 12, 40, 46, 53][40, 53, 4, 12, 27, 41, 57, 25, 34, 45][41, 45, 36, 22, 33, 20, 17, 61, 44, 60][0, 2, 14, 44, 60, 17, 50, 43, 33, 13][14, 2, 0, 23, 3, 38, 19, 66, 48, 29][37, 18, 69, 48, 39, 32, 54, 5, 67, 65][11, 15, 30, 26, 49, 42, 62, 21, 63, 24][9, 59, 68, 11, 1, 49, 15, 62, 24, 21][9, 59, 68, 11, 1, 49, 15, 62, 24, 21][9, 59, 68, 11, 1, 49, 15, 62, 24, 21][9, 59, 68, 11, 1, 49, 15, 62, 24, 21] 
[21, 24, 62, 15, 49, 1, 11, 68, 59, 9, 17, 44][9, 59, 68, 11, 1, 49, 15, 62, 24, 21][31, 9, 1, 16, 55, 8, 52, 10, 59, 68][55, 52, 10, 8, 28, 56, 51, 64, 35, 58][28, 56, 6, 47, 7, 4, 12, 40, 46, 53][40, 53, 4, 12, 27, 41, 57, 25, 34, 45][41, 45, 36, 22, 33, 20, 17, 61, 44, 60][0, 2, 14, 44, 60, 17, 50, 43, 33, 13][14, 2, 0, 23, 3, 38, 19, 66, 48, 29][37, 18, 69, 48, 39, 32, 54, 5, 67, 65][11, 15, 30, 26, 49, 42, 62, 21, 63, 24][9, 59, 68, 11, 1, 49, 15, 62, 24, 21][9, 59, 68, 11, 1, 49, 15, 62, 24, 21][9, 59, 68, 11, 1, 49, 15, 62, 24, 21][9, 59, 68, 11, 1, 49, 15, 62, 24, 21] 
[18, 69, 23, 2, 14, 60, 44, 61, 17, 9, 59, 68, 11, 1, 49, 15, 62, 24, 21][29, 19, 65, 67, 5, 54, 32, 39, 48, 69, 18, 37][28, 56, 6, 47, 7, 4, 12, 40, 46, 53][55, 52, 10, 8, 28, 56, 51, 64, 35, 58][31, 9, 1, 16, 55, 8, 52, 10, 59, 68][9, 59, 68, 11, 1, 49, 15, 62, 24, 21][40, 53, 4, 12, 27, 41, 57, 25, 34, 45][41, 45, 36, 22, 33, 20, 17, 61, 44, 60][0, 2, 14, 44, 60, 17, 50, 43, 33, 13][14, 2, 0, 23, 3, 38, 19, 66, 48, 29][11, 15, 30, 26, 49, 42, 62, 21, 63, 24][9, 59, 68, 11, 1, 49, 15, 62, 24, 21][9, 59, 68, 11, 1, 49, 15, 62, 24, 21][9, 59, 68, 11, 1, 49, 15, 62, 24, 21][9, 59, 68, 11, 1, 49, 15, 62, 24, 21] 
[18, 69, 23, 2, 14, 60, 44, 61, 17, 9, 59, 68, 11, 1, 49, 15, 62, 24, 21][29, 19, 65, 67, 5, 54, 32, 39, 48, 69, 18, 37][28, 56, 6, 47, 7, 4, 12, 40, 46, 53][55, 52, 10, 8, 28, 56, 51, 64, 35, 58][31, 9, 1, 16, 55, 8, 52, 10, 59, 68][9, 59, 68, 11, 1, 49, 15, 62, 24, 21][40, 53, 4, 12, 27, 41, 57, 25, 34, 45][41, 45, 36, 22, 33, 20, 17, 61, 44, 60][0, 2, 14, 44, 60, 17, 50, 43, 33, 13][14, 2, 0, 23, 3, 38, 19, 66, 48, 29][11, 15, 30, 26, 49, 42, 62, 21, 63, 24][9, 59, 68, 11, 1, 49, 15, 62, 24, 21][9, 59, 68, 11, 1, 49, 15, 62, 24, 21][9, 59, 68, 11, 1, 49, 15, 62, 24, 21][9, 59, 68, 11, 1, 49, 15, 62, 24, 21] 
[21, 24, 62, 15, 49, 1, 11, 68, 59, 9, 17, 61, 44, 60][28, 56, 6, 47, 7, 4, 12, 40, 46, 53][55, 52, 10, 8, 28, 56, 51, 64, 35, 58][31, 9, 1, 16, 55, 8, 52, 10, 59, 68][9, 59, 68, 11, 1, 49, 15, 62, 24, 21][40, 53, 4, 12, 27, 41, 57, 25, 34, 45][41, 45, 36, 22, 33, 20, 17, 61, 44, 60][0, 2, 14, 44, 60, 17, 50, 43, 33, 13][14, 2, 0, 23, 3, 38, 19, 66, 48, 29][37, 18, 69, 48, 39, 32, 54, 5, 67, 65][11, 15, 30, 26, 49, 42, 62, 21, 63, 24][9, 59, 68, 11, 1, 49, 15, 62, 24, 21][9, 59, 68, 11, 1, 49, 15, 62, 24, 21][9, 59, 68, 11, 1, 49, 15, 62, 24, 21][9, 59, 68, 11, 1, 49, 15, 62, 24, 21] 
[21, 24, 62, 15, 49, 1, 11, 68, 59, 9, 17, 61, 44, 60, 14, 2, 23][28, 56, 6, 47, 7, 4, 12, 40, 46, 53][55, 52, 10, 8, 28, 56, 51, 64, 35, 58][31, 9, 1, 16, 55, 8, 52, 10, 59, 68][9, 59, 68, 11, 1, 49, 15, 62, 24, 21][40, 53, 4, 12, 27, 41, 57, 25, 34, 45][41, 45, 36, 22, 33, 20, 17, 61, 44, 60][0, 2, 14, 44, 60, 17, 50, 43, 33, 13][14, 2, 0, 23, 3, 38, 19, 66, 48, 29][37, 18, 69, 48, 39, 32, 54, 5, 67, 65][11, 15, 30, 26, 49, 42, 62, 21, 63, 24][9, 59, 68, 11, 1, 49, 15, 62, 24, 21][9, 59, 68, 11, 1, 49, 15, 62, 24, 21][9, 59, 68, 11, 1, 49, 15, 62, 24, 21][9, 59, 68, 11, 1, 49, 15, 62, 24, 21] 
[21, 24, 62, 15, 49, 1, 11, 68, 59, 9, 17, 44, 60, 61, 14, 2, 23, 69][9, 59, 68, 11, 1, 49, 15, 62, 24, 21][31, 9, 1, 16, 55, 8, 52, 10, 59, 68][55, 52, 10, 8, 28, 56, 51, 64, 35, 58][28, 56, 6, 47, 7, 4, 12, 40, 46, 53][40, 53, 4, 12, 27, 41, 57, 25, 34, 45][41, 45, 36, 22, 33, 20, 17, 61, 44, 60][0, 2, 14, 44, 60, 17, 50, 43, 33, 13][14, 2, 0, 23, 3, 38, 19, 66, 48, 29][37, 18, 69, 48, 39, 32, 54, 5, 67, 65][11, 15, 30, 26, 49, 42, 62, 21, 63, 24][9, 59, 68, 11, 1, 49, 15, 62, 24, 21][9, 59, 68, 11, 1, 49, 15, 62, 24, 21][9, 59, 68, 11, 1, 49, 15, 62, 24, 21][9, 59, 68, 11, 1, 49, 15, 62, 24, 21] 
[18, 69, 23, 2, 14, 60, 44, 61, 17, 9, 59, 68, 11, 1, 49, 15, 62, 24, 21][28, 56, 6, 47, 7, 4, 12, 40, 46, 53][55, 52, 10, 8, 28, 56, 51, 64, 35, 58][31, 9, 1, 16, 55, 8, 52, 10, 59, 68][9, 59, 68, 11, 1, 49, 15, 62, 24, 21][40, 53, 4, 12, 27, 41, 57, 25, 34, 45][41, 45, 36, 22, 33, 20, 17, 61, 44, 60][0, 2, 14, 44, 60, 17, 50, 43, 33, 13][14, 2, 0, 23, 3, 38, 19, 66, 48, 29][37, 18, 69, 48, 39, 32, 54, 5, 67, 65][11, 15, 30, 26, 49, 42, 62, 21, 63, 24][9, 59, 68, 11, 1, 49, 15, 62, 24, 21][9, 59, 68, 11, 1, 49, 15, 62, 24, 21][9, 59, 68, 11, 1, 49, 15, 62, 24, 21][9, 59, 68, 11, 1, 49, 15, 62, 24, 21] 
[21, 24, 62, 15, 49, 1, 11, 68, 59, 9, 17, 44, 60][9, 59, 68, 11, 1, 49, 15, 62, 24, 21][31, 9, 1, 16, 55, 8, 52, 10, 59, 68][55, 52, 10, 8, 28, 56, 51, 64, 35, 58][28, 56, 6, 47, 7, 4, 12, 40, 46, 53][40, 53, 4, 12, 27, 41, 57, 25, 34, 45][41, 45, 36, 22, 33, 20, 17, 61, 44, 60][0, 2, 14, 44, 60, 17, 50, 43, 33, 13][14, 2, 0, 23, 3, 38, 19, 66, 48, 29][37, 18, 69, 48, 39, 32, 54, 5, 67, 65][11, 15, 30, 26, 49, 42, 62, 21, 63, 24][9, 59, 68, 11, 1, 49, 15, 62, 24, 21][9, 59, 68, 11, 1, 49, 15, 62, 24, 21][9, 59, 68, 11, 1, 49, 15, 62, 24, 21][9, 59, 68, 11, 1, 49, 15, 62, 24, 21] 
[18, 69, 23, 2, 14, 60, 61, 17, 9, 59, 68, 11, 1, 49, 15, 62, 24, 21][19, 65, 67, 5, 54, 32, 39, 48, 69, 18, 37][28, 56, 6, 47, 7, 4, 12, 40, 46, 53][55, 52, 10, 8, 28, 56, 51, 64, 35, 58][31, 9, 1, 16, 55, 8, 52, 10, 59, 68][9, 59, 68, 11, 1, 49, 15, 62, 24, 21][40, 53, 4, 12, 27, 41, 57, 25, 34, 45][41, 45, 36, 22, 33, 20, 17, 61, 44, 60][0, 2, 14, 44, 60, 17, 50, 43, 33, 13][14, 2, 0, 23, 3, 38, 19, 66, 48, 29][11, 15, 30, 26, 49, 42, 62, 21, 63, 24][9, 59, 68, 11, 1, 49, 15, 62, 24, 21][9, 59, 68, 11, 1, 49, 15, 62, 24, 21][9, 59, 68, 11, 1, 49, 15, 62, 24, 21][9, 59, 68, 11, 1, 49, 15, 62, 24, 21] 
[21, 24, 62, 26, 30, 42, 15, 11, 68, 59, 10, 52, 8, 55, 16, 1, 9, 31][21, 24, 62, 15, 49, 1, 11, 68, 59, 9, 17, 44, 60][9, 59, 68, 11, 1, 49, 15, 62, 24, 21][55, 52, 10, 8, 28, 56, 51, 64, 35, 58][28, 56, 6, 47, 7, 4, 12, 40, 46, 53][40, 53, 4, 12, 27, 41, 57, 25, 34, 45][41, 45, 36, 22, 33, 20, 17, 61, 44, 60][0, 2, 14, 44, 60, 17, 50, 43, 33, 13][14, 2, 0, 23, 3, 38, 19, 66, 48, 29][37, 18, 69, 48, 39, 32, 54, 5, 67, 65][11, 15, 30, 26, 49, 42, 62, 21, 63, 24][9, 59, 68, 11, 1, 49, 15, 62, 24, 21][9, 59, 68, 11, 1, 49, 15, 62, 24, 21][9, 59, 68, 11, 1, 49, 15, 62, 24, 21][9, 59, 68, 11, 1, 49, 15, 62, 24, 21] 
[19, 3, 29, 66, 18, 69, 23, 2, 14, 60, 44, 61, 17, 9, 59, 68, 11, 1, 49, 15, 62, 24, 21][29, 19, 65, 67, 5, 54, 32, 39, 48, 69, 18, 37][28, 56, 6, 47, 7, 4, 12, 40, 46, 53][55, 52, 10, 8, 28, 56, 51, 64, 35, 58][31, 9, 1, 16, 55, 8, 52, 10, 59, 68][9, 59, 68, 11, 1, 49, 15, 62, 24, 21][40, 53, 4, 12, 27, 41, 57, 25, 34, 45][41, 45, 36, 22, 33, 20, 17, 61, 44, 60][0, 2, 14, 44, 60, 17, 50, 43, 33, 13][14, 2, 0, 23, 3, 38, 19, 66, 48, 29][11, 15, 30, 26, 49, 42, 62, 21, 63, 24][9, 59, 68, 11, 1, 49, 15, 62, 24, 21][9, 59, 68, 11, 1, 49, 15, 62, 24, 21][9, 59, 68, 11, 1, 49, 15, 62, 24, 21][9, 59, 68, 11, 1, 49, 15, 62, 24, 21] 
[21, 24, 62, 15, 49, 1, 11, 68, 59, 9, 17, 44, 60, 61, 14, 2, 23, 69, 29, 3, 48, 39, 65, 19, 36, 54, 5, 67, 18, 66][0, 2, 14, 61, 60, 44, 17, 50, 23, 29, 66, 38, 3, 19, 65, 67, 5, 54, 32, 39, 48, 69, 18, 37][21, 24, 62, 15, 49, 1, 11, 68, 59, 9, 17, 61, 44, 60, 14, 2, 23, 50][9, 59, 68, 11, 1, 49, 15, 62, 24, 21][31, 9, 1, 16, 55, 8, 52, 10, 59, 68][55, 52, 10, 8, 28, 56, 51, 64, 35, 58][28, 56, 6, 47, 7, 4, 12, 40, 46, 53][40, 53, 4, 12, 27, 41, 57, 25, 34, 45][41, 45, 36, 22, 33, 20, 17, 61, 44, 60][0, 2, 14, 44, 60, 17, 50, 43, 33, 13][14, 2, 0, 23, 3, 38, 19, 66, 48, 29][11, 15, 30, 26, 49, 42, 62, 21, 63, 24][9, 59, 68, 11, 1, 49, 15, 62, 24, 21][9, 59, 68, 11, 1, 49, 15, 62, 24, 21][9, 59, 68, 11, 1, 49, 15, 62, 24, 21] 
[21, 24, 62, 15, 49, 1, 11, 68, 59, 9, 17, 20, 13, 33, 22, 45, 36][31, 9, 1, 16, 55, 8, 52, 10, 59, 68][55, 52, 10, 8, 28, 56, 51, 64, 35, 58][28, 56, 6, 47, 7, 4, 12, 40, 46, 53][40, 53, 4, 12, 27, 41, 57, 25, 34, 45][41, 45, 36, 22, 33, 20, 17, 61, 44, 60][0, 2, 14, 44, 60, 17, 50, 43, 33, 13][14, 2, 0, 23, 3, 38, 19, 66, 48, 29][37, 18, 69, 48, 39, 32, 54, 5, 67, 65][11, 15, 30, 26, 49, 42, 62, 21, 63, 24][9, 59, 68, 11, 1, 49, 15, 62, 24, 21][9, 59, 68, 11, 1, 49, 15, 62, 24, 21][9, 59, 68, 11, 1, 49, 15, 62, 24, 21][9, 59, 68, 11, 1, 49, 15, 62, 24, 21][9, 59, 68, 11, 1, 49, 15, 62, 24, 21] 
[18, 69, 23, 2, 14, 60, 44, 61, 17, 9, 59, 68, 11, 1, 49, 15, 62, 24, 21][37, 18, 69, 48, 39, 32, 54, 5, 67, 65, 19, 29, 66, 3, 38, 36, 45][55, 52, 10, 8, 28, 56, 51, 64, 35, 58, 41, 36, 45, 34, 25, 57][28, 56, 6, 47, 7, 4, 12, 40, 46, 53][31, 9, 1, 16, 55, 8, 52, 10, 59, 68][9, 59, 68, 11, 1, 49, 15, 62, 24, 21][40, 53, 4, 12, 27, 41, 57, 25, 34, 45][41, 45, 36, 22, 33, 20, 17, 61, 44, 60][0, 2, 14, 44, 60, 17, 50, 43, 33, 13][14, 2, 0, 23, 3, 38, 19, 66, 48, 29][11, 15, 30, 26, 49, 42, 62, 21, 63, 24][9, 59, 68, 11, 1, 49, 15, 62, 24, 21][9, 59, 68, 11, 1, 49, 15, 62, 24, 21][9, 59, 68, 11, 1, 49, 15, 62, 24, 21][9, 59, 68, 11, 1, 49, 15, 62, 24, 21] 
[21, 24, 62, 26, 30, 42, 15, 11, 68, 59, 10, 52, 8, 55, 16, 1, 9, 31][21, 24, 62, 15, 49, 1, 11, 68, 59, 9, 17, 44, 60][9, 59, 68, 11, 1, 49, 15, 62, 24, 21][55, 52, 10, 8, 28, 56, 51, 64, 35, 58][28, 56, 6, 47, 7, 4, 12, 40, 46, 53][40, 53, 4, 12, 27, 41, 57, 25, 34, 45][41, 45, 36, 22, 33, 20, 17, 61, 44, 60][0, 2, 14, 44, 60, 17, 50, 43, 33, 13][14, 2, 0, 23, 3, 38, 19, 66, 48, 29][37, 18, 69, 48, 39, 32, 54, 5, 67, 65][11, 15, 30, 26, 49, 42, 62, 21, 63, 24][9, 59, 68, 11, 1, 49, 15, 62, 24, 21][9, 59, 68, 11, 1, 49, 15, 62, 24, 21][9, 59, 68, 11, 1, 49, 15, 62, 24, 21][9, 59, 68, 11, 1, 49, 15, 62, 24, 21] 
[18, 69, 23, 2, 14, 60, 44, 61, 17, 9, 59, 68, 11, 1, 49, 15, 62, 24, 21][37, 18, 69, 48, 39, 32, 54, 5, 67, 65, 19, 29, 66, 3, 38, 36, 45][55, 52, 10, 8, 28, 56, 51, 64, 35, 58, 41, 36, 45, 34, 25, 57][28, 56, 6, 47, 7, 4, 12, 40, 46, 53][31, 9, 1, 16, 55, 8, 52, 10, 59, 68][9, 59, 68, 11, 1, 49, 15, 62, 24, 21][40, 53, 4, 12, 27, 41, 57, 25, 34, 45][41, 45, 36, 22, 33, 20, 17, 61, 44, 60][0, 2, 14, 44, 60, 17, 50, 43, 33, 13][14, 2, 0, 23, 3, 38, 19, 66, 48, 29][11, 15, 30, 26, 49, 42, 62, 21, 63, 24][9, 59, 68, 11, 1, 49, 15, 62, 24, 21][9, 59, 68, 11, 1, 49, 15, 62, 24, 21][9, 59, 68, 11, 1, 49, 15, 62, 24, 21][9, 59, 68, 11, 1, 49, 15, 62, 24, 21] 
[50, 0, 23, 3, 38, 19, 66, 48, 29, 69][18, 69, 48, 39, 32, 5, 67, 65, 19, 54][38, 3, 23, 0, 2, 14, 61, 43, 13, 50][41, 45, 36, 22, 33, 20, 17, 61, 44, 60][40, 53, 4, 12, 27, 41, 57, 25, 34, 45][28, 56, 6, 47, 7, 4, 12, 40, 46, 53][55, 52, 10, 8, 28, 56, 51, 64, 35, 58][31, 9, 1, 16, 55, 8, 52, 10, 59, 68][9, 59, 68, 11, 1, 49, 15, 62, 24, 21][11, 15, 30, 26, 49, 42, 62, 21, 63, 24][19, 65, 5, 54, 32, 39, 48, 69, 18, 37][40, 53, 4, 12, 27, 41, 57, 25, 34, 45][9, 59, 68, 11, 1, 49, 15, 62, 24, 21][18, 69, 48, 39, 32, 5, 67, 65, 19, 54][41, 45, 36, 22, 33, 20, 17, 61, 44, 60] 
[50, 0, 23, 3, 38, 19, 66, 48, 29, 69][18, 69, 48, 39, 32, 5, 67, 65, 19, 54][38, 3, 23, 0, 2, 14, 61, 43, 13, 50][41, 45, 36, 22, 33, 20, 17, 61, 44, 60][40, 53, 4, 12, 27, 41, 57, 25, 34, 45][28, 56, 6, 47, 7, 4, 12, 40, 46, 53][55, 52, 10, 8, 28, 56, 51, 64, 35, 58][31, 9, 1, 16, 55, 8, 52, 10, 59, 68][9, 59, 68, 11, 1, 49, 15, 62, 24, 21][11, 15, 30, 26, 49, 42, 62, 21, 63, 24][19, 65, 5, 54, 32, 39, 48, 69, 18, 37][40, 53, 4, 12, 27, 41, 57, 25, 34, 45][9, 59, 68, 11, 1, 49, 15, 62, 24, 21][18, 69, 48, 39, 32, 5, 67, 65, 19, 54][41, 45, 36, 22, 33, 20, 17, 61, 44, 60] 
[50, 0, 23, 3, 38, 19, 66, 48, 29, 69][18, 69, 48, 39, 32, 5, 67, 65, 19, 54][38, 3, 23, 0, 2, 14, 61, 43, 13, 50][41, 45, 36, 22, 33, 20, 17, 61, 44, 60][40, 53, 4, 12, 27, 41, 57, 25, 34, 45][28, 56, 6, 47, 7, 4, 12, 40, 46, 53][55, 52, 10, 8, 28, 56, 51, 64, 35, 58][31, 9, 1, 16, 55, 8, 52, 10, 59, 68][9, 59, 68, 11, 1, 49, 15, 62, 24, 21][11, 15, 30, 26, 49, 42, 62, 21, 63, 24][19, 65, 5, 54, 32, 39, 48, 69, 18, 37][40, 53, 4, 12, 27, 41, 57, 25, 34, 45][9, 59, 68, 11, 1, 49, 15, 62, 24, 21][18, 69, 48, 39, 32, 5, 67, 65, 19, 54][41, 45, 36, 22, 33, 20, 17, 61, 44, 60] 
[9, 59, 68, 11, 1, 49, 15, 62, 24, 21][31, 9, 1, 16, 55, 8, 52, 10, 59, 68][55, 52, 10, 8, 28, 56, 51, 64, 35, 58][28, 56, 6, 47, 7, 4, 12, 40, 46, 53][40, 53, 4, 12, 27, 41, 57, 25, 34, 45][41, 45, 36, 22, 33, 20, 17, 61, 44, 60][38, 3, 23, 0, 2, 14, 61, 43, 13, 50][50, 0, 23, 3, 38, 19, 66, 48, 29, 69][18, 69, 48, 39, 32, 5, 67, 65, 19, 54][11, 15, 30, 26, 49, 42, 62, 21, 63, 24][19, 65, 5, 54, 32, 39, 48, 69, 18, 37][40, 53, 4, 12, 27, 41, 57, 25, 34, 45][28, 56, 6, 47, 7, 4, 12, 40, 46, 53][9, 59, 68, 11, 1, 49, 15, 62, 24, 21][40, 53, 4, 12, 27, 41, 57, 25, 34, 45] 
[9, 59, 68, 11, 1, 49, 15, 62, 24, 21][31, 9, 1, 16, 55, 8, 52, 10, 59, 68][55, 52, 10, 8, 28, 56, 51, 64, 35, 58][28, 56, 6, 47, 7, 4, 12, 40, 46, 53][40, 53, 4, 12, 27, 41, 57, 25, 34, 45][41, 45, 36, 22, 33, 20, 17, 61, 44, 60][38, 3, 23, 0, 2, 14, 61, 43, 13, 50][50, 0, 23, 3, 38, 19, 66, 48, 29, 69][18, 69, 48, 39, 32, 5, 67, 65, 19, 54][11, 15, 30, 26, 49, 42, 62, 21, 63, 24][19, 65, 5, 54, 32, 39, 48, 69, 18, 37][40, 53, 4, 12, 27, 41, 57, 25, 34, 45][28, 56, 6, 47, 7, 4, 12, 40, 46, 53][9, 59, 68, 11, 1, 49, 15, 62, 24, 21][40, 53, 4, 12, 27, 41, 57, 25, 34, 45] 
[9, 59, 68, 11, 1, 49, 15, 62, 24, 21][31, 9, 1, 16, 55, 8, 52, 10, 59, 68][55, 52, 10, 8, 28, 56, 51, 64, 35, 58][28, 56, 6, 47, 7, 4, 12, 40, 46, 53][40, 53, 4, 12, 27, 41, 57, 25, 34, 45][41, 45, 36, 22, 33, 20, 17, 61, 44, 60][38, 3, 23, 0, 2, 14, 61, 43, 13, 50][50, 0, 23, 3, 38, 19, 66, 48, 29, 69][18, 69, 48, 39, 32, 5, 67, 65, 19, 54][11, 15, 30, 26, 49, 42, 62, 21, 63, 24][19, 65, 5, 54, 32, 39, 48, 69, 18, 37][40, 53, 4, 12, 27, 41, 57, 25, 34, 45][28, 56, 6, 47, 7, 4, 12, 40, 46, 53][9, 59, 68, 11, 1, 49, 15, 62, 24, 21][40, 53, 4, 12, 27, 41, 57, 25, 34, 45] 
[28, 56, 6, 47, 7, 4, 12, 40, 46, 53][55, 52, 10, 8, 28, 56, 51, 64, 35, 58][40, 53, 4, 12, 27, 41, 57, 25, 34, 45][41, 45, 36, 22, 33, 20, 17, 61, 44, 60][38, 3, 23, 0, 2, 14, 61, 43, 13, 50][31, 9, 1, 16, 55, 8, 52, 10, 59, 68][9, 59, 68, 11, 1, 49, 15, 62, 24, 21][50, 0, 23, 3, 38, 19, 66, 48, 29, 69][19, 65, 5, 54, 32, 39, 48, 69, 18, 37][11, 15, 30, 26, 49, 42, 62, 21, 63, 24][18, 69, 48, 39, 32, 5, 67, 65, 19, 54][55, 52, 10, 8, 28, 56, 51, 64, 35, 58][19, 65, 5, 54, 32, 39, 48, 69, 18, 37][38, 3, 23, 0, 2, 14, 61, 43, 13, 50][18, 69, 48, 39, 32, 5, 67, 65, 19, 54] 
[28, 56, 6, 47, 7, 4, 12, 40, 46, 53][55, 52, 10, 8, 28, 56, 51, 64, 35, 58][40, 53, 4, 12, 27, 41, 57, 25, 34, 45][41, 45, 36, 22, 33, 20, 17, 61, 44, 60][38, 3, 23, 0, 2, 14, 61, 43, 13, 50][31, 9, 1, 16, 55, 8, 52, 10, 59, 68][9, 59, 68, 11, 1, 49, 15, 62, 24, 21][50, 0, 23, 3, 38, 19, 66, 48, 29, 69][19, 65, 5, 54, 32, 39, 48, 69, 18, 37][11, 15, 30, 26, 49, 42, 62, 21, 63, 24][18, 69, 48, 39, 32, 5, 67, 65, 19, 54][55, 52, 10, 8, 28, 56, 51, 64, 35, 58][19, 65, 5, 54, 32, 39, 48, 69, 18, 37][38, 3, 23, 0, 2, 14, 61, 43, 13, 50][18, 69, 48, 39, 32, 5, 67, 65, 19, 54] 
[9, 59, 68, 11, 1, 49, 15, 62, 24, 21][31, 9, 1, 16, 55, 8, 52, 10, 59, 68][55, 52, 10, 8, 28, 56, 51, 64, 35, 58][28, 56, 6, 47, 7, 4, 12, 40, 46, 53][40, 53, 4, 12, 27, 41, 57, 25, 34, 45][41, 45, 36, 22, 33, 20, 17, 61, 44, 60][38, 3, 23, 0, 2, 14, 61, 43, 13, 50][50, 0, 23, 3, 38, 19, 66, 48, 29, 69][18, 69, 48, 39, 32, 5, 67, 65, 19, 54][11, 15, 30, 26, 49, 42, 62, 21, 63, 24][19, 65, 5, 54, 32, 39, 48, 69, 18, 37][40, 53, 4, 12, 27, 41, 57, 25, 34, 45][28, 56, 6, 47, 7, 4, 12, 40, 46, 53][9, 59, 68, 11, 1, 49, 15, 62, 24, 21][40, 53, 4, 12, 27, 41, 57, 25, 34, 45] 
[28, 56, 6, 47, 7, 4, 12, 40, 46, 53][55, 52, 10, 8, 28, 56, 51, 64, 35, 58][40, 53, 4, 12, 27, 41, 57, 25, 34, 45][41, 45, 36, 22, 33, 20, 17, 61, 44, 60][38, 3, 23, 0, 2, 14, 61, 43, 13, 50][31, 9, 1, 16, 55, 8, 52, 10, 59, 68][9, 59, 68, 11, 1, 49, 15, 62, 24, 21][50, 0, 23, 3, 38, 19, 66, 48, 29, 69][19, 65, 5, 54, 32, 39, 48, 69, 18, 37][11, 15, 30, 26, 49, 42, 62, 21, 63, 24][18, 69, 48, 39, 32, 5, 67, 65, 19, 54][55, 52, 10, 8, 28, 56, 51, 64, 35, 58][19, 65, 5, 54, 32, 39, 48, 69, 18, 37][38, 3, 23, 0, 2, 14, 61, 43, 13, 50][18, 69, 48, 39, 32, 5, 67, 65, 19, 54] 
[50, 0, 23, 3, 38, 19, 66, 48, 29, 69][18, 69, 48, 39, 32, 5, 67, 65, 19, 54][38, 3, 23, 0, 2, 14, 61, 43, 13, 50][41, 45, 36, 22, 33, 20, 17, 61, 44, 60][40, 53, 4, 12, 27, 41, 57, 25, 34, 45][28, 56, 6, 47, 7, 4, 12, 40, 46, 53][55, 52, 10, 8, 28, 56, 51, 64, 35, 58][31, 9, 1, 16, 55, 8, 52, 10, 59, 68][9, 59, 68, 11, 1, 49, 15, 62, 24, 21][11, 15, 30, 26, 49, 42, 62, 21, 63, 24][19, 65, 5, 54, 32, 39, 48, 69, 18, 37][40, 53, 4, 12, 27, 41, 57, 25, 34, 45][9, 59, 68, 11, 1, 49, 15, 62, 24, 21][18, 69, 48, 39, 32, 5, 67, 65, 19, 54][41, 45, 36, 22, 33, 20, 17, 61, 44, 60] 
