[5, 65, 32, 39, 48, 3, 66, 38, 22, 36][45, 36, 19, 65, 5, 37, 32, 39, 18, 67][7, 53, 40, 12, 41, 57, 34, 25, 27, 67][16, 10, 28, 56, 51, 57, 35, 6, 63, 24][56, 28, 10, 59, 11, 49, 9, 31, 1, 68][30, 62, 15, 42, 49, 26, 8, 52, 64, 58][21, 30, 15, 11, 9, 17, 50, 13, 20, 55][61, 43, 17, 44, 60, 14, 2, 50, 0, 69][27, 12, 40, 47, 53, 46, 7, 4, 25, 34][33, 22, 38, 54, 32, 5, 37, 65, 39, 48][38, 36, 54, 19, 29, 23, 3, 66, 18, 39][16, 10, 28, 56, 51, 57, 35, 6, 63, 24][16, 10, 28, 56, 51, 57, 35, 6, 63, 24][5, 65, 32, 39, 48, 29, 3, 19, 66, 38][16, 10, 28, 56, 51, 57, 35, 6, 63, 24] 
[16, 10, 28, 56, 51, 57, 35, 6, 63, 24][7, 53, 40, 12, 41, 57, 34, 25, 27, 67][45, 36, 19, 65, 5, 37, 32, 39, 18, 67][56, 28, 10, 59, 11, 49, 9, 31, 1, 68][30, 62, 15, 42, 49, 26, 8, 52, 64, 58][21, 30, 15, 11, 9, 17, 50, 13, 20, 55][61, 43, 17, 44, 60, 14, 2, 50, 0, 69][38, 36, 54, 19, 29, 23, 3, 66, 18, 39][27, 12, 40, 47, 53, 46, 7, 4, 25, 34][33, 22, 38, 54, 32, 5, 37, 65, 39, 48][5, 65, 32, 39, 48, 3, 19, 38, 22, 36][16, 10, 28, 56, 51, 57, 35, 6, 63, 24][16, 10, 28, 56, 51, 57, 35, 6, 63, 24][5, 65, 32, 39, 48, 29, 3, 19, 66, 38][5, 65, 32, 39, 48, 29, 3, 19, 66, 38] 
[16, 10, 28, 56, 51, 57, 35, 6, 63, 24][7, 53, 40, 12, 41, 57, 34, 25, 27, 67][45, 36, 19, 65, 5, 37, 32, 39, 18, 67][56, 28, 10, 59, 11, 49, 9, 31, 1, 68][30, 62, 15, 42, 49, 26, 8, 52, 64, 58][21, 30, 15, 11, 9, 17, 50, 13, 20, 55][61, 43, 17, 44, 60, 14, 2, 50, 0, 69][38, 36, 54, 19, 29, 23, 3, 66, 18, 39][27, 12, 40, 47, 53, 46, 7, 4, 25, 34][33, 22, 38, 54, 32, 5, 37, 65, 39, 48][5, 65, 32, 39, 48, 3, 19, 38, 22, 36][16, 10, 28, 56, 51, 57, 35, 6, 63, 24][16, 10, 28, 56, 51, 57, 35, 6, 63, 24][5, 65, 32, 39, 48, 29, 3, 19, 66, 38][5, 65, 32, 39, 48, 29, 3, 19, 66, 38] 
[16, 10, 28, 56, 51, 57, 35, 6, 63, 24][7, 53, 40, 12, 41, 57, 34, 25, 27, 67][45, 36, 19, 65, 5, 37, 32, 39, 18, 67][56, 28, 10, 59, 11, 49, 9, 31, 1, 68][30, 62, 15, 42, 49, 26, 8, 52, 64, 58][38, 36, 54, 19, 29, 23, 3, 66, 18, 39][21, 30, 15, 11, 9, 17, 50, 13, 20, 55][61, 43, 17, 44, 60, 14, 2, 50, 0, 69][27, 12, 40, 47, 53, 46, 7, 4, 25, 34][33, 22, 38, 54, 32, 5, 37, 65, 39, 48][5, 65, 32, 39, 48, 29, 3, 19, 66, 38][16, 10, 28, 56, 51, 57, 35, 6, 63, 24][16, 10, 28, 56, 51, 57, 35, 6, 63, 24][5, 65, 32, 39, 48, 3, 66, 38, 22, 36][5, 65, 32, 39, 48, 29, 3, 19, 66, 38] 
[5, 65, 32, 39, 48, 3, 19, 38, 22, 36][38, 36, 54, 19, 29, 23, 3, 66, 18, 39][45, 36, 19, 65, 5, 37, 32, 39, 18, 67][7, 53, 40, 12, 41, 57, 34, 25, 27, 67][16, 10, 28, 56, 51, 57, 35, 6, 63, 24][56, 28, 10, 59, 11, 49, 9, 31, 1, 68][30, 62, 15, 42, 49, 26, 8, 52, 64, 58][21, 30, 15, 11, 9, 17, 50, 13, 20, 55][61, 43, 17, 44, 60, 14, 2, 50, 0, 69][27, 12, 40, 47, 53, 46, 7, 4, 25, 34][33, 22, 38, 54, 32, 5, 37, 65, 39, 48][5, 65, 32, 39, 48, 29, 3, 19, 66, 38][21, 30, 15, 11, 9, 17, 50, 13, 20, 55][16, 10, 28, 56, 51, 57, 35, 6, 63, 24][16, 10, 28, 56, 51, 57, 35, 6, 63, 24] 
[5, 65, 32, 39, 48, 3, 19, 38, 22, 36][38, 36, 54, 19, 29, 23, 3, 66, 18, 39][45, 36, 19, 65, 5, 37, 32, 39, 18, 67][7, 53, 40, 12, 41, 57, 34, 25, 27, 67][16, 10, 28, 56, 51, 57, 35, 6, 63, 24][56, 28, 10, 59, 11, 49, 9, 31, 1, 68][30, 62, 15, 42, 49, 26, 8, 52, 64, 58][21, 30, 15, 11, 9, 17, 50, 13, 20, 55][61, 43, 17, 44, 60, 14, 2, 50, 0, 69][27, 12, 40, 47, 53, 46, 7, 4, 25, 34][33, 22, 38, 54, 32, 5, 37, 65, 39, 48][5, 65, 32, 39, 48, 29, 3, 19, 66, 38][21, 30, 15, 11, 9, 17, 50, 13, 20, 55][16, 10, 28, 56, 51, 57, 35, 6, 63, 24][16, 10, 28, 56, 51, 57, 35, 6, 63, 24] 
[5, 65, 32, 39, 48, 3, 19, 38, 22, 36][38, 36, 54, 19, 29, 23, 3, 66, 18, 39][45, 36, 19, 65, 5, 37, 32, 39, 18, 67][7, 53, 40, 12, 41, 57, 34, 25, 27, 67][16, 10, 28, 56, 51, 57, 35, 6, 63, 24][56, 28, 10, 59, 11, 49, 9, 31, 1, 68][30, 62, 15, 42, 49, 26, 8, 52, 64, 58][21, 30, 15, 11, 9, 17, 50, 13, 20, 55][61, 43, 17, 44, 60, 14, 2, 50, 0, 69][27, 12, 40, 47, 53, 46, 7, 4, 25, 34][33, 22, 38, 54, 32, 5, 37, 65, 39, 48][5, 65, 32, 39, 48, 29, 3, 19, 66, 38][21, 30, 15, 11, 9, 17, 50, 13, 20, 55][16, 10, 28, 56, 51, 57, 35, 6, 63, 24][16, 10, 28, 56, 51, 57, 35, 6, 63, 24] 
[5, 65, 32, 39, 48, 3, 19, 38, 22, 36][38, 36, 54, 19, 29, 23, 3, 66, 18, 39][45, 36, 19, 65, 5, 37, 32, 39, 18, 67][7, 53, 40, 12, 41, 57, 34, 25, 27, 67][16, 10, 28, 56, 51, 57, 35, 6, 63, 24][56, 28, 10, 59, 11, 49, 9, 31, 1, 68][30, 62, 15, 42, 49, 26, 8, 52, 64, 58][21, 30, 15, 11, 9, 17, 50, 13, 20, 55][61, 43, 17, 44, 60, 14, 2, 50, 0, 69][27, 12, 40, 47, 53, 46, 7, 4, 25, 34][33, 22, 38, 54, 32, 5, 37, 65, 39, 48][5, 65, 32, 39, 48, 29, 3, 19, 66, 38][21, 30, 15, 11, 9, 17, 50, 13, 20, 55][16, 10, 28, 56, 51, 57, 35, 6, 63, 24][16, 10, 28, 56, 51, 57, 35, 6, 63, 24] 
[5, 65, 32, 39, 48, 3, 19, 38, 22, 36][38, 36, 54, 19, 29, 23, 3, 66, 18, 39][45, 36, 19, 65, 5, 37, 32, 39, 18, 67][7, 53, 40, 12, 41, 57, 34, 25, 27, 67][16, 10, 28, 56, 51, 57, 35, 6, 63, 24][56, 28, 10, 59, 11, 49, 9, 31, 1, 68][30, 62, 15, 42, 49, 26, 8, 52, 64, 58][21, 30, 15, 11, 9, 17, 50, 13, 20, 55][61, 43, 17, 44, 60, 14, 2, 50, 0, 69][27, 12, 40, 47, 53, 46, 7, 4, 25, 34][33, 22, 38, 54, 32, 5, 37, 65, 39, 48][5, 65, 32, 39, 48, 29, 3, 19, 66, 38][21, 30, 15, 11, 9, 17, 50, 13, 20, 55][16, 10, 28, 56, 51, 57, 35, 6, 63, 24][16, 10, 28, 56, 51, 57, 35, 6, 63, 24] 
[5, 65, 32, 39, 48, 3, 19, 38, 22, 36][38, 36, 54, 19, 29, 23, 3, 66, 18, 39][45, 36, 19, 65, 5, 37, 32, 39, 18, 67][7, 53, 40, 12, 41, 57, 34, 25, 27, 67][16, 10, 28, 56, 51, 57, 35, 6, 63, 24][56, 28, 10, 59, 11, 49, 9, 31, 1, 68][30, 62, 15, 42, 49, 26, 8, 52, 64, 58][21, 30, 15, 11, 9, 17, 50, 13, 20, 55][61, 43, 17, 44, 60, 14, 2, 50, 0, 69][27, 12, 40, 47, 53, 46, 7, 4, 25, 34][33, 22, 38, 54, 32, 5, 37, 65, 39, 48][5, 65, 32, 39, 48, 29, 3, 19, 66, 38][21, 30, 15, 11, 9, 17, 50, 13, 20, 55][16, 10, 28, 56, 51, 57, 35, 6, 63, 24][16, 10, 28, 56, 51, 57, 35, 6, 63, 24] 
[5, 65, 32, 39, 48, 3, 66, 38, 22, 36][45, 36, 19, 65, 5, 37, 32, 39, 18, 67][7, 53, 40, 12, 41, 57, 34, 25, 27, 67][16, 10, 28, 56, 51, 57, 35, 6, 63, 24][56, 28, 10, 59, 11, 49, 9, 31, 1, 68][30, 62, 15, 42, 49, 26, 8, 52, 64, 58][21, 30, 15, 11, 9, 17, 50, 13, 20, 55][61, 43, 17, 44, 60, 14, 2, 50, 0, 69][27, 12, 40, 47, 53, 46, 7, 4, 25, 34][33, 22, 38, 54, 32, 5, 37, 65, 39, 48][38, 36, 54, 19, 29, 23, 3, 66, 18, 39][16, 10, 28, 56, 51, 57, 35, 6, 63, 24][16, 10, 28, 56, 51, 57, 35, 6, 63, 24][5, 65, 32, 39, 48, 29, 3, 19, 66, 38][16, 10, 28, 56, 51, 57, 35, 6, 63, 24] 
[16, 10, 28, 56, 51, 57, 35, 6, 63, 24][7, 53, 40, 12, 41, 57, 34, 25, 27, 67][45, 36, 19, 65, 5, 37, 32, 39, 18, 67][56, 28, 10, 59, 11, 49, 9, 31, 1, 68][30, 62, 15, 42, 49, 26, 8, 52, 64, 58][38, 36, 54, 19, 29, 23, 3, 66, 18, 39][21, 30, 15, 11, 9, 17, 50, 13, 20, 55][61, 43, 17, 44, 60, 14, 2, 50, 0, 69][27, 12, 40, 47, 53, 46, 7, 4, 25, 34][33, 22, 38, 54, 32, 5, 37, 65, 39, 48][5, 65, 32, 39, 48, 29, 3, 19, 66, 38][16, 10, 28, 56, 51, 57, 35, 6, 63, 24][16, 10, 28, 56, 51, 57, 35, 6, 63, 24][5, 65, 32, 39, 48, 3, 66, 38, 22, 36][5, 65, 32, 39, 48, 29, 3, 19, 66, 38] 
[16, 10, 28, 56, 51, 57, 35, 6, 63, 24][7, 53, 40, 12, 41, 57, 34, 25, 27, 67][45, 36, 19, 65, 5, 37, 32, 39, 18, 67][56, 28, 10, 59, 11, 49, 9, 31, 1, 68][30, 62, 15, 42, 49, 26, 8, 52, 64, 58][21, 30, 15, 11, 9, 17, 50, 13, 20, 55][61, 43, 17, 44, 60, 14, 2, 50, 0, 69][38, 36, 54, 19, 29, 23, 3, 66, 18, 39][27, 12, 40, 47, 53, 46, 7, 4, 25, 34][33, 22, 38, 54, 32, 5, 37, 65, 39, 48][5, 65, 32, 39, 48, 3, 19, 38, 22, 36][16, 10, 28, 56, 51, 57, 35, 6, 63, 24][16, 10, 28, 56, 51, 57, 35, 6, 63, 24][5, 65, 32, 39, 48, 29, 3, 19, 66, 38][5, 65, 32, 39, 48, 29, 3, 19, 66, 38] 
[5, 65, 32, 39, 48, 3, 19, 38, 22, 36][38, 36, 54, 19, 29, 23, 3, 66, 18, 39][45, 36, 19, 65, 5, 37, 32, 39, 18, 67][7, 53, 40, 12, 41, 57, 34, 25, 27, 67][16, 10, 28, 56, 51, 57, 35, 6, 63, 24][56, 28, 10, 59, 11, 49, 9, 31, 1, 68][30, 62, 15, 42, 49, 26, 8, 52, 64, 58][21, 30, 15, 11, 9, 17, 50, 13, 20, 55][61, 43, 17, 44, 60, 14, 2, 50, 0, 69][27, 12, 40, 47, 53, 46, 7, 4, 25, 34][33, 22, 38, 54, 32, 5, 37, 65, 39, 48][5, 65, 32, 39, 48, 29, 3, 19, 66, 38][21, 30, 15, 11, 9, 17, 50, 13, 20, 55][16, 10, 28, 56, 51, 57, 35, 6, 63, 24][16, 10, 28, 56, 51, 57, 35, 6, 63, 24] 
[5, 65, 32, 39, 48, 3, 19, 38, 22, 36][38, 36, 54, 19, 29, 23, 3, 66, 18, 39][45, 36, 19, 65, 5, 37, 32, 39, 18, 67][7, 53, 40, 12, 41, 57, 34, 25, 27, 67][16, 10, 28, 56, 51, 57, 35, 6, 63, 24][56, 28, 10, 59, 11, 49, 9, 31, 1, 68][30, 62, 15, 42, 49, 26, 8, 52, 64, 58][21, 30, 15, 11, 9, 17, 50, 13, 20, 55][61, 43, 17, 44, 60, 14, 2, 50, 0, 69][27, 12, 40, 47, 53, 46, 7, 4, 25, 34][33, 22, 38, 54, 32, 5, 37, 65, 39, 48][5, 65, 32, 39, 48, 29, 3, 19, 66, 38][21, 30, 15, 11, 9, 17, 50, 13, 20, 55][16, 10, 28, 56, 51, 57, 35, 6, 63, 24][16, 10, 28, 56, 51, 57, 35, 6, 63, 24] 
[5, 65, 32, 39, 48, 3, 19, 38, 22, 36][38, 36, 54, 19, 29, 23, 3, 66, 18, 39][45, 36, 19, 65, 5, 37, 32, 39, 18, 67][7, 53, 40, 12, 41, 57, 34, 25, 27, 67][16, 10, 28, 56, 51, 57, 35, 6, 63, 24][56, 28, 10, 59, 11, 49, 9, 31, 1, 68][30, 62, 15, 42, 49, 26, 8, 52, 64, 58][21, 30, 15, 11, 9, 17, 50, 13, 20, 55][61, 43, 17, 44, 60, 14, 2, 50, 0, 69][27, 12, 40, 47, 53, 46, 7, 4, 25, 34][33, 22, 38, 54, 32, 5, 37, 65, 39, 48][5, 65, 32, 39, 48, 29, 3, 19, 66, 38][21, 30, 15, 11, 9, 17, 50, 13, 20, 55][16, 10, 28, 56, 51, 57, 35, 6, 63, 24][16, 10, 28, 56, 51, 57, 35, 6, 63, 24] 
[5, 65, 32, 39, 48, 29, 3, 19, 66, 38, 22, 36][38, 36, 54, 19, 29, 23, 3, 66, 18, 39][33, 22, 38, 54, 32, 5, 37, 65, 39, 48][45, 36, 19, 65, 5, 37, 32, 39, 18, 67][7, 53, 40, 12, 41, 57, 34, 25, 27, 67][16, 10, 28, 56, 51, 57, 35, 6, 63, 24][56, 28, 10, 59, 11, 49, 9, 31, 1, 68][30, 62, 15, 42, 49, 26, 8, 52, 64, 58][21, 30, 15, 11, 9, 17, 50, 13, 20, 55][61, 43, 17, 44, 60, 14, 2, 50, 0, 69][27, 12, 40, 47, 53, 46, 7, 4, 25, 34][16, 10, 28, 56, 51, 57, 35, 6, 63, 24][16, 10, 28, 56, 51, 57, 35, 6, 63, 24][16, 10, 28, 56, 51, 57, 35, 6, 63, 24][61, 43, 17, 44, 60, 14, 2, 50, 0, 69] 
[16, 10, 28, 56, 51, 57, 35, 6, 63, 24][7, 53, 40, 12, 41, 57, 34, 25, 27, 67][45, 36, 19, 65, 5, 37, 32, 39, 18, 67][56, 28, 10, 59, 11, 49, 9, 31, 1, 68][30, 62, 15, 42, 49, 26, 8, 52, 64, 58][21, 30, 15, 11, 9, 17, 50, 13, 20, 55][61, 43, 17, 44, 60, 14, 2, 50, 0, 69][38, 36, 54, 19, 29, 23, 3, 66, 18, 39][27, 12, 40, 47, 53, 46, 7, 4, 25, 34][33, 22, 38, 54, 32, 5, 37, 65, 39, 48][5, 65, 32, 39, 48, 3, 19, 38, 22, 36][16, 10, 28, 56, 51, 57, 35, 6, 63, 24][16, 10, 28, 56, 51, 57, 35, 6, 63, 24][5, 65, 32, 39, 48, 29, 3, 19, 66, 38][5, 65, 32, 39, 48, 29, 3, 19, 66, 38] 
[5, 65, 32, 39, 48, 3, 19, 38, 22, 36][38, 36, 54, 19, 29, 23, 3, 66, 18, 39][45, 36, 19, 65, 5, 37, 32, 39, 18, 67][7, 53, 40, 12, 41, 57, 34, 25, 27, 67][16, 10, 28, 56, 51, 57, 35, 6, 63, 24][56, 28, 10, 59, 11, 49, 9, 31, 1, 68][30, 62, 15, 42, 49, 26, 8, 52, 64, 58][21, 30, 15, 11, 9, 17, 50, 13, 20, 55][61, 43, 17, 44, 60, 14, 2, 50, 0, 69][27, 12, 40, 47, 53, 46, 7, 4, 25, 34][33, 22, 38, 54, 32, 5, 37, 65, 39, 48][5, 65, 32, 39, 48, 29, 3, 19, 66, 38][21, 30, 15, 11, 9, 17, 50, 13, 20, 55][16, 10, 28, 56, 51, 57, 35, 6, 63, 24][16, 10, 28, 56, 51, 57, 35, 6, 63, 24] 
[5, 65, 32, 39, 48, 29, 3, 19, 66, 38, 22, 36][38, 36, 54, 19, 29, 23, 3, 66, 18, 39][33, 22, 38, 54, 32, 5, 37, 65, 39, 48][45, 36, 19, 65, 5, 37, 32, 39, 18, 67][7, 53, 40, 12, 41, 57, 34, 25, 27, 67][16, 10, 28, 56, 51, 57, 35, 6, 63, 24][56, 28, 10, 59, 11, 49, 9, 31, 1, 68][30, 62, 15, 42, 49, 26, 8, 52, 64, 58][21, 30, 15, 11, 9, 17, 50, 13, 20, 55][61, 43, 17, 44, 60, 14, 2, 50, 0, 69][27, 12, 40, 47, 53, 46, 7, 4, 25, 34][16, 10, 28, 56, 51, 57, 35, 6, 63, 24][16, 10, 28, 56, 51, 57, 35, 6, 63, 24][16, 10, 28, 56, 51, 57, 35, 6, 63, 24][61, 43, 17, 44, 60, 14, 2, 50, 0, 69] 
[5, 65, 32, 39, 48, 3, 66, 38, 22, 36][45, 36, 19, 65, 5, 37, 32, 39, 18, 67][7, 53, 40, 12, 41, 57, 34, 25, 27, 67][16, 10, 28, 56, 51, 57, 35, 6, 63, 24][56, 28, 10, 59, 11, 49, 9, 31, 1, 68][30, 62, 15, 42, 49, 26, 8, 52, 64, 58][21, 30, 15, 11, 9, 17, 50, 13, 20, 55][61, 43, 17, 44, 60, 14, 2, 50, 0, 69][27, 12, 40, 47, 53, 46, 7, 4, 25, 34][33, 22, 38, 54, 32, 5, 37, 65, 39, 48][38, 36, 54, 19, 29, 23, 3, 66, 18, 39][16, 10, 28, 56, 51, 57, 35, 6, 63, 24][16, 10, 28, 56, 51, 57, 35, 6, 63, 24][5, 65, 32, 39, 48, 29, 3, 19, 66, 38][16, 10, 28, 56, 51, 57, 35, 6, 63, 24] 
[16, 10, 28, 56, 51, 57, 35, 6, 63, 24][7, 53, 40, 12, 41, 57, 34, 25, 27, 67][45, 36, 19, 65, 5, 37, 32, 39, 18, 67][56, 28, 10, 59, 11, 49, 9, 31, 1, 68][30, 62, 15, 42, 49, 26, 8, 52, 64, 58][38, 36, 54, 19, 29, 23, 3, 66, 18, 39][21, 30, 15, 11, 9, 17, 50, 13, 20, 55][61, 43, 17, 44, 60, 14, 2, 50, 0, 69][27, 12, 40, 47, 53, 46, 7, 4, 25, 34][33, 22, 38, 54, 32, 5, 37, 65, 39, 48][5, 65, 32, 39, 48, 29, 3, 19, 66, 38][16, 10, 28, 56, 51, 57, 35, 6, 63, 24][16, 10, 28, 56, 51, 57, 35, 6, 63, 24][5, 65, 32, 39, 48, 3, 66, 38, 22, 36][5, 65, 32, 39, 48, 29, 3, 19, 66, 38] 
[16, 10, 28, 56, 51, 57, 35, 6, 63, 24][7, 53, 40, 12, 41, 57, 34, 25, 27, 67][45, 36, 19, 65, 5, 37, 32, 39, 18, 67][56, 28, 10, 59, 11, 49, 9, 31, 1, 68][30, 62, 15, 42, 49, 26, 8, 52, 64, 58][21, 30, 15, 11, 9, 17, 50, 13, 20, 55][61, 43, 17, 44, 60, 14, 2, 50, 0, 69][38, 36, 54, 19, 29, 23, 3, 66, 18, 39][27, 12, 40, 47, 53, 46, 7, 4, 25, 34][33, 22, 38, 54, 32, 5, 37, 65, 39, 48][5, 65, 32, 39, 48, 3, 19, 38, 22, 36][16, 10, 28, 56, 51, 57, 35, 6, 63, 24][16, 10, 28, 56, 51, 57, 35, 6, 63, 24][5, 65, 32, 39, 48, 29, 3, 19, 66, 38][5, 65, 32, 39, 48, 29, 3, 19, 66, 38] 
[5, 65, 32, 39, 48, 3, 19, 38, 22, 36][38, 36, 54, 19, 29, 23, 3, 66, 18, 39][45, 36, 19, 65, 5, 37, 32, 39, 18, 67][7, 53, 40, 12, 41, 57, 34, 25, 27, 67][16, 10, 28, 56, 51, 57, 35, 6, 63, 24][56, 28, 10, 59, 11, 49, 9, 31, 1, 68][30, 62, 15, 42, 49, 26, 8, 52, 64, 58][21, 30, 15, 11, 9, 17, 50, 13, 20, 55][61, 43, 17, 44, 60, 14, 2, 50, 0, 69][27, 12, 40, 47, 53, 46, 7, 4, 25, 34][33, 22, 38, 54, 32, 5, 37, 65, 39, 48][5, 65, 32, 39, 48, 29, 3, 19, 66, 38][21, 30, 15, 11, 9, 17, 50, 13, 20, 55][16, 10, 28, 56, 51, 57, 35, 6, 63, 24][16, 10, 28, 56, 51, 57, 35, 6, 63, 24] 
[5, 65, 32, 39, 48, 3, 19, 38, 22, 36][38, 36, 54, 19, 29, 23, 3, 66, 18, 39][45, 36, 19, 65, 5, 37, 32, 39, 18, 67][7, 53, 40, 12, 41, 57, 34, 25, 27, 67][16, 10, 28, 56, 51, 57, 35, 6, 63, 24][56, 28, 10, 59, 11, 49, 9, 31, 1, 68][30, 62, 15, 42, 49, 26, 8, 52, 64, 58][21, 30, 15, 11, 9, 17, 50, 13, 20, 55][61, 43, 17, 44, 60, 14, 2, 50, 0, 69][27, 12, 40, 47, 53, 46, 7, 4, 25, 34][33, 22, 38, 54, 32, 5, 37, 65, 39, 48][5, 65, 32, 39, 48, 29, 3, 19, 66, 38][21, 30, 15, 11, 9, 17, 50, 13, 20, 55][16, 10, 28, 56, 51, 57, 35, 6, 63, 24][16, 10, 28, 56, 51, 57, 35, 6, 63, 24] 
[5, 65, 32, 39, 48, 3, 19, 38, 22, 36][38, 36, 54, 19, 29, 23, 3, 66, 18, 39][45, 36, 19, 65, 5, 37, 32, 39, 18, 67][7, 53, 40, 12, 41, 57, 34, 25, 27, 67][16, 10, 28, 56, 51, 57, 35, 6, 63, 24][56, 28, 10, 59, 11, 49, 9, 31, 1, 68][30, 62, 15, 42, 49, 26, 8, 52, 64, 58][21, 30, 15, 11, 9, 17, 50, 13, 20, 55][61, 43, 17, 44, 60, 14, 2, 50, 0, 69][27, 12, 40, 47, 53, 46, 7, 4, 25, 34][33, 22, 38, 54, 32, 5, 37, 65, 39, 48][5, 65, 32, 39, 48, 29, 3, 19, 66, 38][21, 30, 15, 11, 9, 17, 50, 13, 20, 55][16, 10, 28, 56, 51, 57, 35, 6, 63, 24][16, 10, 28, 56, 51, 57, 35, 6, 63, 24] 
[5, 65, 32, 39, 48, 29, 3, 19, 66, 38, 22, 36][38, 36, 54, 19, 29, 23, 3, 66, 18, 39][33, 22, 38, 54, 32, 5, 37, 65, 39, 48][45, 36, 19, 65, 5, 37, 32, 39, 18, 67][7, 53, 40, 12, 41, 57, 34, 25, 27, 67][16, 10, 28, 56, 51, 57, 35, 6, 63, 24][56, 28, 10, 59, 11, 49, 9, 31, 1, 68][30, 62, 15, 42, 49, 26, 8, 52, 64, 58][21, 30, 15, 11, 9, 17, 50, 13, 20, 55][61, 43, 17, 44, 60, 14, 2, 50, 0, 69][27, 12, 40, 47, 53, 46, 7, 4, 25, 34][16, 10, 28, 56, 51, 57, 35, 6, 63, 24][16, 10, 28, 56, 51, 57, 35, 6, 63, 24][16, 10, 28, 56, 51, 57, 35, 6, 63, 24][61, 43, 17, 44, 60, 14, 2, 50, 0, 69] 
[16, 10, 28, 56, 51, 57, 35, 6, 63, 24][7, 53, 40, 12, 41, 57, 34, 25, 27, 67][45, 36, 19, 65, 5, 37, 32, 39, 18, 67][56, 28, 10, 59, 11, 49, 9, 31, 1, 68][30, 62, 15, 42, 49, 26, 8, 52, 64, 58][38, 36, 54, 19, 29, 23, 3, 66, 18, 39][21, 30, 15, 11, 9, 17, 50, 13, 20, 55][61, 43, 17, 44, 60, 14, 2, 50, 0, 69][27, 12, 40, 47, 53, 46, 7, 4, 25, 34][33, 22, 38, 54, 32, 5, 37, 65, 39, 48][5, 65, 32, 39, 48, 29, 3, 19, 66, 38][16, 10, 28, 56, 51, 57, 35, 6, 63, 24][16, 10, 28, 56, 51, 57, 35, 6, 63, 24][5, 65, 32, 39, 48, 3, 66, 38, 22, 36][5, 65, 32, 39, 48, 29, 3, 19, 66, 38] 
[5, 65, 32, 39, 48, 3, 19, 38, 22, 36][38, 36, 54, 19, 29, 23, 3, 66, 18, 39][45, 36, 19, 65, 5, 37, 32, 39, 18, 67][7, 53, 40, 12, 41, 57, 34, 25, 27, 67][16, 10, 28, 56, 51, 57, 35, 6, 63, 24][56, 28, 10, 59, 11, 49, 9, 31, 1, 68][30, 62, 15, 42, 49, 26, 8, 52, 64, 58][21, 30, 15, 11, 9, 17, 50, 13, 20, 55][61, 43, 17, 44, 60, 14, 2, 50, 0, 69][27, 12, 40, 47, 53, 46, 7, 4, 25, 34][33, 22, 38, 54, 32, 5, 37, 65, 39, 48][5, 65, 32, 39, 48, 29, 3, 19, 66, 38][21, 30, 15, 11, 9, 17, 50, 13, 20, 55][16, 10, 28, 56, 51, 57, 35, 6, 63, 24][16, 10, 28, 56, 51, 57, 35, 6, 63, 24] 
[5, 65, 32, 39, 48, 29, 3, 19, 66, 38, 22, 36][38, 36, 54, 19, 29, 23, 3, 66, 18, 39][33, 22, 38, 54, 32, 5, 37, 65, 39, 48][45, 36, 19, 65, 5, 37, 32, 39, 18, 67][7, 53, 40, 12, 41, 57, 34, 25, 27, 67][16, 10, 28, 56, 51, 57, 35, 6, 63, 24][56, 28, 10, 59, 11, 49, 9, 31, 1, 68][30, 62, 15, 42, 49, 26, 8, 52, 64, 58][21, 30, 15, 11, 9, 17, 50, 13, 20, 55][61, 43, 17, 44, 60, 14, 2, 50, 0, 69][27, 12, 40, 47, 53, 46, 7, 4, 25, 34][16, 10, 28, 56, 51, 57, 35, 6, 63, 24][16, 10, 28, 56, 51, 57, 35, 6, 63, 24][16, 10, 28, 56, 51, 57, 35, 6, 63, 24][61, 43, 17, 44, 60, 14, 2, 50, 0, 69] 
[5, 65, 32, 39, 48, 29, 3, 19, 66, 38, 22, 36][38, 36, 54, 19, 29, 23, 3, 66, 18, 39][33, 22, 38, 54, 32, 5, 37, 65, 39, 48][45, 36, 19, 65, 5, 37, 32, 39, 18, 67][7, 53, 40, 12, 41, 57, 34, 25, 27, 67][16, 10, 28, 56, 51, 57, 35, 6, 63, 24][56, 28, 10, 59, 11, 49, 9, 31, 1, 68][30, 62, 15, 42, 49, 26, 8, 52, 64, 58][21, 30, 15, 11, 9, 17, 50, 13, 20, 55][61, 43, 17, 44, 60, 14, 2, 50, 0, 69][27, 12, 40, 47, 53, 46, 7, 4, 25, 34][16, 10, 28, 56, 51, 57, 35, 6, 63, 24][16, 10, 28, 56, 51, 57, 35, 6, 63, 24][16, 10, 28, 56, 51, 57, 35, 6, 63, 24][61, 43, 17, 44, 60, 14, 2, 50, 0, 69] 
[16, 10, 28, 56, 51, 57, 35, 6, 63, 24][7, 53, 40, 12, 41, 57, 34, 25, 27, 67][45, 36, 19, 65, 5, 37, 32, 39, 18, 67][56, 28, 10, 59, 11, 49, 9, 31, 1, 68][30, 62, 15, 42, 49, 26, 8, 52, 64, 58][21, 30, 15, 11, 9, 17, 50, 13, 20, 55][61, 43, 17, 44, 60, 14, 2, 50, 0, 69][38, 36, 54, 19, 29, 23, 3, 66, 18, 39][27, 12, 40, 47, 53, 46, 7, 4, 25, 34][33, 22, 38, 54, 32, 5, 37, 65, 39, 48][5, 65, 32, 39, 48, 3, 19, 38, 22, 36][16, 10, 28, 56, 51, 57, 35, 6, 63, 24][16, 10, 28, 56, 51, 57, 35, 6, 63, 24][5, 65, 32, 39, 48, 29, 3, 19, 66, 38][5, 65, 32, 39, 48, 29, 3, 19, 66, 38] 
[5, 65, 32, 39, 48, 3, 19, 38, 22, 36][38, 36, 54, 19, 29, 23, 3, 66, 18, 39][45, 36, 19, 65, 5, 37, 32, 39, 18, 67][7, 53, 40, 12, 41, 57, 34, 25, 27, 67][16, 10, 28, 56, 51, 57, 35, 6, 63, 24][56, 28, 10, 59, 11, 49, 9, 31, 1, 68][30, 62, 15, 42, 49, 26, 8, 52, 64, 58][21, 30, 15, 11, 9, 17, 50, 13, 20, 55][61, 43, 17, 44, 60, 14, 2, 50, 0, 69][27, 12, 40, 47, 53, 46, 7, 4, 25, 34][33, 22, 38, 54, 32, 5, 37, 65, 39, 48][5, 65, 32, 39, 48, 29, 3, 19, 66, 38][21, 30, 15, 11, 9, 17, 50, 13, 20, 55][16, 10, 28, 56, 51, 57, 35, 6, 63, 24][16, 10, 28, 56, 51, 57, 35, 6, 63, 24] 
[5, 65, 32, 39, 48, 29, 3, 19, 66, 38, 22, 36][38, 36, 54, 19, 29, 23, 3, 66, 18, 39][33, 22, 38, 54, 32, 5, 37, 65, 39, 48][45, 36, 19, 65, 5, 37, 32, 39, 18, 67][7, 53, 40, 12, 41, 57, 34, 25, 27, 67][16, 10, 28, 56, 51, 57, 35, 6, 63, 24][56, 28, 10, 59, 11, 49, 9, 31, 1, 68][30, 62, 15, 42, 49, 26, 8, 52, 64, 58][21, 30, 15, 11, 9, 17, 50, 13, 20, 55][61, 43, 17, 44, 60, 14, 2, 50, 0, 69][27, 12, 40, 47, 53, 46, 7, 4, 25, 34][16, 10, 28, 56, 51, 57, 35, 6, 63, 24][16, 10, 28, 56, 51, 57, 35, 6, 63, 24][16, 10, 28, 56, 51, 57, 35, 6, 63, 24][61, 43, 17, 44, 60, 14, 2, 50, 0, 69] 
[5, 65, 32, 39, 48, 29, 3, 19, 66, 38, 22, 36][38, 36, 54, 19, 29, 23, 3, 66, 18, 39][33, 22, 38, 54, 32, 5, 37, 65, 39, 48][45, 36, 19, 65, 5, 37, 32, 39, 18, 67][7, 53, 40, 12, 41, 57, 34, 25, 27, 67][16, 10, 28, 56, 51, 57, 35, 6, 63, 24][56, 28, 10, 59, 11, 49, 9, 31, 1, 68][30, 62, 15, 42, 49, 26, 8, 52, 64, 58][21, 30, 15, 11, 9, 17, 50, 13, 20, 55][61, 43, 17, 44, 60, 14, 2, 50, 0, 69][27, 12, 40, 47, 53, 46, 7, 4, 25, 34][16, 10, 28, 56, 51, 57, 35, 6, 63, 24][16, 10, 28, 56, 51, 57, 35, 6, 63, 24][16, 10, 28, 56, 51, 57, 35, 6, 63, 24][61, 43, 17, 44, 60, 14, 2, 50, 0, 69] 
[61, 43, 17, 44, 60, 14, 2, 50, 0, 69, 19, 65, 39, 18, 37, 67][21, 30, 15, 11, 9, 17, 50, 13, 20, 55][61, 43, 17, 44, 60, 14, 2, 50, 0, 69][30, 62, 15, 42, 49, 26, 8, 52, 64, 58][56, 28, 10, 59, 11, 49, 9, 31, 1, 68][16, 10, 28, 56, 51, 57, 35, 6, 63, 24][7, 53, 40, 12, 41, 57, 34, 25, 27, 67][5, 65, 32, 37, 67, 27, 41, 25, 34, 45][33, 22, 38, 54, 32, 5, 37, 65, 39, 48][38, 36, 54, 19, 29, 23, 3, 66, 18, 39][27, 12, 40, 47, 53, 46, 7, 4, 25, 34][61, 43, 17, 44, 60, 14, 2, 50, 0, 69][61, 43, 17, 44, 60, 14, 2, 50, 0, 69][61, 43, 17, 44, 60, 14, 2, 50, 0, 69][61, 43, 17, 44, 60, 14, 2, 50, 0, 69] 
[29, 23, 3, 66, 48, 39, 32, 54, 18, 5, 65, 19, 69, 0, 50, 2, 14, 60, 44, 17, 43, 61][5, 65, 32, 37, 67, 27, 41, 25, 34, 45][27, 12, 40, 47, 53, 46, 7, 4, 25, 34][33, 22, 38, 54, 32, 5, 37, 65, 39, 48][38, 36, 54, 19, 29, 23, 3, 66, 18, 39][7, 53, 40, 12, 41, 57, 34, 25, 27, 67][16, 10, 28, 56, 51, 57, 35, 6, 63, 24][56, 28, 10, 59, 11, 49, 9, 31, 1, 68][30, 62, 15, 42, 49, 26, 8, 52, 64, 58][21, 30, 15, 11, 9, 17, 50, 13, 20, 55][61, 43, 17, 44, 60, 14, 2, 50, 0, 69][61, 43, 17, 44, 60, 14, 2, 50, 0, 69][61, 43, 17, 44, 60, 14, 2, 50, 0, 69][61, 43, 17, 44, 60, 14, 2, 50, 0, 69][61, 43, 17, 44, 60, 14, 2, 50, 0, 69] 
[27, 67, 18, 66, 69, 0, 50, 2, 14, 60, 44, 17, 43, 61][5, 65, 32, 37, 67, 27, 41, 25, 34, 45][27, 12, 40, 47, 53, 46, 7, 4, 25, 34][33, 22, 38, 54, 32, 5, 37, 65, 39, 48][38, 36, 54, 19, 29, 23, 3, 66, 18, 39][7, 53, 40, 12, 41, 57, 34, 25, 27, 67][16, 10, 28, 56, 51, 57, 35, 6, 63, 24][56, 28, 10, 59, 11, 49, 9, 31, 1, 68][30, 62, 15, 42, 49, 26, 8, 52, 64, 58][21, 30, 15, 11, 9, 17, 50, 13, 20, 55][61, 43, 17, 44, 60, 14, 2, 50, 0, 69][61, 43, 17, 44, 60, 14, 2, 50, 0, 69][61, 43, 17, 44, 60, 14, 2, 50, 0, 69][61, 43, 17, 44, 60, 14, 2, 50, 0, 69][61, 43, 17, 44, 60, 14, 2, 50, 0, 69] 
[36, 54, 19, 3, 29, 23, 69, 0, 50, 2, 14, 60, 44, 17, 43, 61][30, 62, 15, 42, 49, 26, 8, 52, 64, 58][56, 28, 10, 59, 11, 49, 9, 31, 1, 68][16, 10, 28, 56, 51, 57, 35, 6, 63, 24][7, 53, 40, 12, 41, 57, 34, 25, 27, 67][21, 30, 15, 11, 9, 17, 50, 13, 20, 55][61, 43, 17, 44, 60, 14, 2, 50, 0, 69][5, 65, 32, 37, 67, 27, 41, 25, 34, 45][33, 22, 38, 54, 32, 5, 37, 65, 39, 48][38, 36, 54, 19, 29, 23, 3, 66, 18, 39][27, 12, 40, 47, 53, 46, 7, 4, 25, 34][61, 43, 17, 44, 60, 14, 2, 50, 0, 69][61, 43, 17, 44, 60, 14, 2, 50, 0, 69][61, 43, 17, 44, 60, 14, 2, 50, 0, 69][61, 43, 17, 44, 60, 14, 2, 50, 0, 69] 
[29, 3, 48, 69, 0, 50, 2, 14, 60, 44, 17, 43, 61][30, 62, 15, 42, 49, 26, 8, 52, 64, 58][56, 28, 10, 59, 11, 49, 9, 31, 1, 68][16, 10, 28, 56, 51, 57, 35, 6, 63, 24][7, 53, 40, 12, 41, 57, 34, 25, 27, 67][21, 30, 15, 11, 9, 17, 50, 13, 20, 55][61, 43, 17, 44, 60, 14, 2, 50, 0, 69][5, 65, 32, 37, 67, 27, 41, 25, 34, 45][33, 22, 38, 54, 32, 5, 37, 65, 39, 48][38, 36, 54, 19, 29, 23, 3, 66, 18, 39][27, 12, 40, 47, 53, 46, 7, 4, 25, 34][61, 43, 17, 44, 60, 14, 2, 50, 0, 69][61, 43, 17, 44, 60, 14, 2, 50, 0, 69][61, 43, 17, 44, 60, 14, 2, 50, 0, 69][61, 43, 17, 44, 60, 14, 2, 50, 0, 69] 
[19, 3, 69, 0, 50, 2, 14, 60, 44, 17, 43, 61][21, 30, 15, 11, 9, 17, 50, 13, 20, 55][61, 43, 17, 44, 60, 14, 2, 50, 0, 69][30, 62, 15, 42, 49, 26, 8, 52, 64, 58][56, 28, 10, 59, 11, 49, 9, 31, 1, 68][16, 10, 28, 56, 51, 57, 35, 6, 63, 24][7, 53, 40, 12, 41, 57, 34, 25, 27, 67][5, 65, 32, 37, 67, 27, 41, 25, 34, 45][33, 22, 38, 54, 32, 5, 37, 65, 39, 48][38, 36, 54, 19, 29, 23, 3, 66, 18, 39][27, 12, 40, 47, 53, 46, 7, 4, 25, 34][61, 43, 17, 44, 60, 14, 2, 50, 0, 69][61, 43, 17, 44, 60, 14, 2, 50, 0, 69][61, 43, 17, 44, 60, 14, 2, 50, 0, 69][61, 43, 17, 44, 60, 14, 2, 50, 0, 69] 
[3, 23, 29, 48, 39, 18, 65, 37, 32, 54, 19, 38, 66, 69, 0, 50, 2, 14, 60, 44, 17, 43, 61][15, 62, 21, 24, 30, 26, 16, 55, 8, 56, 28, 10, 59, 11, 49, 9, 31, 1, 68][21, 30, 15, 11, 9, 17, 50, 13, 20, 55][61, 43, 17, 44, 60, 14, 2, 50, 0, 69][30, 62, 15, 42, 49, 26, 8, 52, 64, 58][16, 10, 28, 56, 51, 57, 35, 6, 63, 24][7, 53, 40, 12, 41, 57, 34, 25, 27, 67][5, 65, 32, 37, 67, 27, 41, 25, 34, 45][33, 22, 38, 54, 32, 5, 37, 65, 39, 48][38, 36, 54, 19, 29, 23, 3, 66, 18, 39][27, 12, 40, 47, 53, 46, 7, 4, 25, 34][61, 43, 17, 44, 60, 14, 2, 50, 0, 69][61, 43, 17, 44, 60, 14, 2, 50, 0, 69][61, 43, 17, 44, 60, 14, 2, 50, 0, 69][61, 43, 17, 44, 60, 14, 2, 50, 0, 69] 
[5, 65, 32, 39, 48, 29, 3, 19, 66, 18, 69, 0, 50, 2, 14, 60, 44, 17, 43, 61][9, 59, 1, 49, 42, 30, 24, 63, 6, 35, 57, 51, 56, 28, 10, 16][21, 30, 15, 11, 9, 17, 50, 13, 20, 55][61, 43, 17, 44, 60, 14, 2, 50, 0, 69][30, 62, 15, 42, 49, 26, 8, 52, 64, 58][56, 28, 10, 59, 11, 49, 9, 31, 1, 68][7, 53, 40, 12, 41, 57, 34, 25, 27, 67][5, 65, 32, 37, 67, 27, 41, 25, 34, 45][33, 22, 38, 54, 32, 5, 37, 65, 39, 48][38, 36, 54, 19, 29, 23, 3, 66, 18, 39][27, 12, 40, 47, 53, 46, 7, 4, 25, 34][61, 43, 17, 44, 60, 14, 2, 50, 0, 69][61, 43, 17, 44, 60, 14, 2, 50, 0, 69][61, 43, 17, 44, 60, 14, 2, 50, 0, 69][61, 43, 17, 44, 60, 14, 2, 50, 0, 69] 
[36, 54, 66, 19, 3, 23, 29, 48, 69, 0, 50, 2, 14, 60, 44, 17, 43, 61][21, 30, 15, 11, 9, 17, 50, 13, 20, 55][61, 43, 17, 44, 60, 14, 2, 50, 0, 69][30, 62, 15, 42, 49, 26, 8, 52, 64, 58][56, 28, 10, 59, 11, 49, 9, 31, 1, 68][16, 10, 28, 56, 51, 57, 35, 6, 63, 24][7, 53, 40, 12, 41, 57, 34, 25, 27, 67][5, 65, 32, 37, 67, 27, 41, 25, 34, 45][33, 22, 38, 54, 32, 5, 37, 65, 39, 48][38, 36, 54, 19, 29, 23, 3, 66, 18, 39][27, 12, 40, 47, 53, 46, 7, 4, 25, 34][61, 43, 17, 44, 60, 14, 2, 50, 0, 69][61, 43, 17, 44, 60, 14, 2, 50, 0, 69][61, 43, 17, 44, 60, 14, 2, 50, 0, 69][61, 43, 17, 44, 60, 14, 2, 50, 0, 69] 
[22, 19, 65, 67, 37, 5, 32, 18, 69, 0, 50, 2, 14, 60, 44, 17, 43, 61][30, 62, 15, 42, 49, 26, 8, 52, 64, 58][56, 28, 10, 59, 11, 49, 9, 31, 1, 68][16, 10, 28, 56, 51, 57, 35, 6, 63, 24][7, 53, 40, 12, 41, 57, 34, 25, 27, 67][21, 30, 15, 11, 9, 17, 50, 13, 20, 55][61, 43, 17, 44, 60, 14, 2, 50, 0, 69][5, 65, 32, 37, 67, 27, 41, 25, 34, 45][33, 22, 38, 54, 32, 5, 37, 65, 39, 48][38, 36, 54, 19, 29, 23, 3, 66, 18, 39][27, 12, 40, 47, 53, 46, 7, 4, 25, 34][61, 43, 17, 44, 60, 14, 2, 50, 0, 69][61, 43, 17, 44, 60, 14, 2, 50, 0, 69][61, 43, 17, 44, 60, 14, 2, 50, 0, 69][61, 43, 17, 44, 60, 14, 2, 50, 0, 69] 
[61, 43, 17, 44, 60, 14, 2, 50, 0, 69, 19, 65, 39, 18, 37, 67][21, 30, 15, 11, 9, 17, 50, 13, 20, 55][61, 43, 17, 44, 60, 14, 2, 50, 0, 69][30, 62, 15, 42, 49, 26, 8, 52, 64, 58][56, 28, 10, 59, 11, 49, 9, 31, 1, 68][16, 10, 28, 56, 51, 57, 35, 6, 63, 24][7, 53, 40, 12, 41, 57, 34, 25, 27, 67][5, 65, 32, 37, 67, 27, 41, 25, 34, 45][33, 22, 38, 54, 32, 5, 37, 65, 39, 48][38, 36, 54, 19, 29, 23, 3, 66, 18, 39][27, 12, 40, 47, 53, 46, 7, 4, 25, 34][61, 43, 17, 44, 60, 14, 2, 50, 0, 69][61, 43, 17, 44, 60, 14, 2, 50, 0, 69][61, 43, 17, 44, 60, 14, 2, 50, 0, 69][61, 43, 17, 44, 60, 14, 2, 50, 0, 69] 
[5, 65, 32, 39, 48, 29, 3, 19, 66, 18, 69, 0, 50, 2, 14, 60, 44, 17, 43, 61][21, 30, 15, 11, 9, 17, 50, 13, 20, 55][61, 43, 17, 44, 60, 14, 2, 50, 0, 69][30, 62, 15, 42, 49, 26, 8, 52, 64, 58][56, 28, 10, 59, 11, 49, 9, 31, 1, 68][16, 10, 28, 56, 51, 57, 35, 6, 63, 24][7, 53, 40, 12, 41, 57, 34, 25, 27, 67][5, 65, 32, 37, 67, 27, 41, 25, 34, 45][33, 22, 38, 54, 32, 5, 37, 65, 39, 48][38, 36, 54, 19, 29, 23, 3, 66, 18, 39][27, 12, 40, 47, 53, 46, 7, 4, 25, 34][61, 43, 17, 44, 60, 14, 2, 50, 0, 69][61, 43, 17, 44, 60, 14, 2, 50, 0, 69][61, 43, 17, 44, 60, 14, 2, 50, 0, 69][61, 43, 17, 44, 60, 14, 2, 50, 0, 69] 
[3, 48, 29, 19, 66, 69, 0, 50, 2, 14, 60, 44, 17, 43, 61][5, 65, 32, 37, 67, 27, 41, 25, 34, 45][27, 12, 40, 47, 53, 46, 7, 4, 25, 34][33, 22, 38, 54, 32, 5, 37, 65, 39, 48][38, 36, 54, 19, 29, 23, 3, 66, 18, 39][7, 53, 40, 12, 41, 57, 34, 25, 27, 67][16, 10, 28, 56, 51, 57, 35, 6, 63, 24][56, 28, 10, 59, 11, 49, 9, 31, 1, 68][30, 62, 15, 42, 49, 26, 8, 52, 64, 58][21, 30, 15, 11, 9, 17, 50, 13, 20, 55][61, 43, 17, 44, 60, 14, 2, 50, 0, 69][61, 43, 17, 44, 60, 14, 2, 50, 0, 69][61, 43, 17, 44, 60, 14, 2, 50, 0, 69][61, 43, 17, 44, 60, 14, 2, 50, 0, 69][61, 43, 17, 44, 60, 14, 2, 50, 0, 69] 
[5, 65, 32, 39, 48, 29, 3, 19, 18, 69, 0, 50, 2, 14, 60, 44, 17, 43, 61][21, 30, 15, 11, 9, 17, 50, 13, 20, 55][61, 43, 17, 44, 60, 14, 2, 50, 0, 69][30, 62, 15, 42, 49, 26, 8, 52, 64, 58][56, 28, 10, 59, 11, 49, 9, 31, 1, 68][16, 10, 28, 56, 51, 57, 35, 6, 63, 24][7, 53, 40, 12, 41, 57, 34, 25, 27, 67][5, 65, 32, 37, 67, 27, 41, 25, 34, 45][33, 22, 38, 54, 32, 5, 37, 65, 39, 48][38, 36, 54, 19, 29, 23, 3, 66, 18, 39][27, 12, 40, 47, 53, 46, 7, 4, 25, 34][61, 43, 17, 44, 60, 14, 2, 50, 0, 69][61, 43, 17, 44, 60, 14, 2, 50, 0, 69][61, 43, 17, 44, 60, 14, 2, 50, 0, 69][61, 43, 17, 44, 60, 14, 2, 50, 0, 69] 
[5, 65, 32, 39, 48, 29, 3, 19, 66, 18, 69, 0, 50, 2, 14, 60, 44, 17, 43, 61][21, 30, 15, 11, 9, 17, 50, 13, 20, 55][61, 43, 17, 44, 60, 14, 2, 50, 0, 69][30, 62, 15, 42, 49, 26, 8, 52, 64, 58][56, 28, 10, 59, 11, 49, 9, 31, 1, 68][16, 10, 28, 56, 51, 57, 35, 6, 63, 24][7, 53, 40, 12, 41, 57, 34, 25, 27, 67][5, 65, 32, 37, 67, 27, 41, 25, 34, 45][33, 22, 38, 54, 32, 5, 37, 65, 39, 48][38, 36, 54, 19, 29, 23, 3, 66, 18, 39][27, 12, 40, 47, 53, 46, 7, 4, 25, 34][61, 43, 17, 44, 60, 14, 2, 50, 0, 69][61, 43, 17, 44, 60, 14, 2, 50, 0, 69][61, 43, 17, 44, 60, 14, 2, 50, 0, 69][61, 43, 17, 44, 60, 14, 2, 50, 0, 69] 
[25, 27, 67, 37, 65, 39, 48, 66, 18, 19, 3, 69, 0, 50, 2, 14, 60, 44, 17, 43, 61][5, 67, 37, 65, 32, 39, 18, 66, 3, 23, 29, 19, 54, 36, 38, 22, 13, 20][30, 62, 15, 42, 49, 26, 8, 52, 64, 58][56, 28, 10, 59, 11, 49, 9, 31, 1, 68][16, 10, 28, 56, 51, 57, 35, 6, 63, 24][7, 53, 40, 12, 41, 57, 34, 25, 27, 67][21, 30, 15, 11, 9, 17, 50, 13, 20, 55][5, 65, 32, 37, 67, 27, 41, 25, 34, 45][33, 22, 38, 54, 32, 5, 37, 65, 39, 48][27, 12, 40, 47, 53, 46, 7, 4, 25, 34][61, 43, 17, 44, 60, 14, 2, 50, 0, 69][61, 43, 17, 44, 60, 14, 2, 50, 0, 69][61, 43, 17, 44, 60, 14, 2, 50, 0, 69][61, 43, 17, 44, 60, 14, 2, 50, 0, 69][61, 43, 17, 44, 60, 14, 2, 50, 0, 69] 
[36, 45, 34, 57, 58, 41, 27, 67, 18, 66, 69, 0, 50, 2, 14, 60, 44, 17, 43, 61][5, 65, 32, 37, 67, 27, 41, 25, 34, 45][27, 12, 40, 47, 53, 46, 7, 4, 25, 34][33, 22, 38, 54, 32, 5, 37, 65, 39, 48][38, 36, 54, 19, 29, 23, 3, 66, 18, 39][7, 53, 40, 12, 41, 57, 34, 25, 27, 67][16, 10, 28, 56, 51, 57, 35, 6, 63, 24][56, 28, 10, 59, 11, 49, 9, 31, 1, 68][30, 62, 15, 42, 49, 26, 8, 52, 64, 58][21, 30, 15, 11, 9, 17, 50, 13, 20, 55][61, 43, 17, 44, 60, 14, 2, 50, 0, 69][61, 43, 17, 44, 60, 14, 2, 50, 0, 69][61, 43, 17, 44, 60, 14, 2, 50, 0, 69][61, 43, 17, 44, 60, 14, 2, 50, 0, 69][61, 43, 17, 44, 60, 14, 2, 50, 0, 69] 
[36, 54, 19, 3, 29, 23, 69, 0, 50, 2, 14, 60, 44, 17, 43, 61][30, 62, 15, 42, 49, 26, 8, 52, 64, 58][56, 28, 10, 59, 11, 49, 9, 31, 1, 68][16, 10, 28, 56, 51, 57, 35, 6, 63, 24][7, 53, 40, 12, 41, 57, 34, 25, 27, 67][21, 30, 15, 11, 9, 17, 50, 13, 20, 55][61, 43, 17, 44, 60, 14, 2, 50, 0, 69][5, 65, 32, 37, 67, 27, 41, 25, 34, 45][33, 22, 38, 54, 32, 5, 37, 65, 39, 48][38, 36, 54, 19, 29, 23, 3, 66, 18, 39][27, 12, 40, 47, 53, 46, 7, 4, 25, 34][61, 43, 17, 44, 60, 14, 2, 50, 0, 69][61, 43, 17, 44, 60, 14, 2, 50, 0, 69][61, 43, 17, 44, 60, 14, 2, 50, 0, 69][61, 43, 17, 44, 60, 14, 2, 50, 0, 69] 
[25, 27, 67, 37, 65, 39, 48, 66, 18, 19, 3, 69, 0, 50, 2, 14, 60, 44, 17, 43, 61][30, 62, 15, 42, 49, 26, 8, 52, 64, 58][56, 28, 10, 59, 11, 49, 9, 31, 1, 68][16, 10, 28, 56, 51, 57, 35, 6, 63, 24][7, 53, 40, 12, 41, 57, 34, 25, 27, 67][21, 30, 15, 11, 9, 17, 50, 13, 20, 55][5, 65, 32, 37, 67, 27, 41, 25, 34, 45][33, 22, 38, 54, 32, 5, 37, 65, 39, 48][38, 36, 54, 19, 29, 23, 3, 66, 18, 39][27, 12, 40, 47, 53, 46, 7, 4, 25, 34][61, 43, 17, 44, 60, 14, 2, 50, 0, 69][61, 43, 17, 44, 60, 14, 2, 50, 0, 69][61, 43, 17, 44, 60, 14, 2, 50, 0, 69][61, 43, 17, 44, 60, 14, 2, 50, 0, 69][61, 43, 17, 44, 60, 14, 2, 50, 0, 69] 
[25, 27, 67, 37, 65, 39, 48, 66, 18, 19, 3, 69, 0, 50, 2, 14, 60, 44, 17, 43, 61][30, 62, 15, 42, 49, 26, 8, 52, 64, 58][56, 28, 10, 59, 11, 49, 9, 31, 1, 68][16, 10, 28, 56, 51, 57, 35, 6, 63, 24][7, 53, 40, 12, 41, 57, 34, 25, 27, 67][21, 30, 15, 11, 9, 17, 50, 13, 20, 55][5, 65, 32, 37, 67, 27, 41, 25, 34, 45][33, 22, 38, 54, 32, 5, 37, 65, 39, 48][38, 36, 54, 19, 29, 23, 3, 66, 18, 39][27, 12, 40, 47, 53, 46, 7, 4, 25, 34][61, 43, 17, 44, 60, 14, 2, 50, 0, 69][61, 43, 17, 44, 60, 14, 2, 50, 0, 69][61, 43, 17, 44, 60, 14, 2, 50, 0, 69][61, 43, 17, 44, 60, 14, 2, 50, 0, 69][61, 43, 17, 44, 60, 14, 2, 50, 0, 69] 
[57, 25, 27, 67, 37, 65, 39, 48, 29, 3, 66, 54, 32, 18, 69, 0, 50, 2, 14, 60, 44, 17, 43, 61][61, 43, 17, 44, 60, 14, 2, 50, 0, 69][21, 30, 15, 11, 9, 17, 50, 13, 20, 55][30, 62, 15, 42, 49, 26, 8, 52, 64, 58][56, 28, 10, 59, 11, 49, 9, 31, 1, 68][16, 10, 28, 56, 51, 57, 35, 6, 63, 24][7, 53, 40, 12, 41, 57, 34, 25, 27, 67][5, 65, 32, 37, 67, 27, 41, 25, 34, 45][33, 22, 38, 54, 32, 5, 37, 65, 39, 48][38, 36, 54, 19, 29, 23, 3, 66, 18, 39][27, 12, 40, 47, 53, 46, 7, 4, 25, 34][61, 43, 17, 44, 60, 14, 2, 50, 0, 69][61, 43, 17, 44, 60, 14, 2, 50, 0, 69][61, 43, 17, 44, 60, 14, 2, 50, 0, 69][61, 43, 17, 44, 60, 14, 2, 50, 0, 69] 
[5, 65, 32, 39, 48, 3, 66, 38, 22, 36][45, 36, 19, 65, 5, 37, 32, 39, 18, 67][7, 53, 40, 12, 41, 57, 34, 25, 27, 67][16, 10, 28, 56, 51, 57, 35, 6, 63, 24][56, 28, 10, 59, 11, 49, 9, 31, 1, 68][30, 62, 15, 42, 49, 26, 8, 52, 64, 58][21, 30, 15, 11, 9, 17, 50, 13, 20, 55][61, 43, 17, 44, 60, 14, 2, 50, 0, 69][27, 12, 40, 47, 53, 46, 7, 4, 25, 34][33, 22, 38, 54, 32, 5, 37, 65, 39, 48][38, 36, 54, 19, 29, 23, 3, 66, 18, 39][16, 10, 28, 56, 51, 57, 35, 6, 63, 24][16, 10, 28, 56, 51, 57, 35, 6, 63, 24][5, 65, 32, 39, 48, 29, 3, 19, 66, 38][16, 10, 28, 56, 51, 57, 35, 6, 63, 24] 
[5, 65, 32, 39, 48, 3, 66, 38, 22, 36][45, 36, 19, 65, 5, 37, 32, 39, 18, 67][7, 53, 40, 12, 41, 57, 34, 25, 27, 67][16, 10, 28, 56, 51, 57, 35, 6, 63, 24][56, 28, 10, 59, 11, 49, 9, 31, 1, 68][30, 62, 15, 42, 49, 26, 8, 52, 64, 58][21, 30, 15, 11, 9, 17, 50, 13, 20, 55][61, 43, 17, 44, 60, 14, 2, 50, 0, 69][27, 12, 40, 47, 53, 46, 7, 4, 25, 34][33, 22, 38, 54, 32, 5, 37, 65, 39, 48][38, 36, 54, 19, 29, 23, 3, 66, 18, 39][16, 10, 28, 56, 51, 57, 35, 6, 63, 24][16, 10, 28, 56, 51, 57, 35, 6, 63, 24][5, 65, 32, 39, 48, 29, 3, 19, 66, 38][16, 10, 28, 56, 51, 57, 35, 6, 63, 24] 
[5, 65, 32, 39, 48, 3, 66, 38, 22, 36][45, 36, 19, 65, 5, 37, 32, 39, 18, 67][7, 53, 40, 12, 41, 57, 34, 25, 27, 67][16, 10, 28, 56, 51, 57, 35, 6, 63, 24][56, 28, 10, 59, 11, 49, 9, 31, 1, 68][30, 62, 15, 42, 49, 26, 8, 52, 64, 58][21, 30, 15, 11, 9, 17, 50, 13, 20, 55][61, 43, 17, 44, 60, 14, 2, 50, 0, 69][27, 12, 40, 47, 53, 46, 7, 4, 25, 34][33, 22, 38, 54, 32, 5, 37, 65, 39, 48][38, 36, 54, 19, 29, 23, 3, 66, 18, 39][16, 10, 28, 56, 51, 57, 35, 6, 63, 24][16, 10, 28, 56, 51, 57, 35, 6, 63, 24][5, 65, 32, 39, 48, 29, 3, 19, 66, 38][16, 10, 28, 56, 51, 57, 35, 6, 63, 24] 
[5, 65, 32, 39, 48, 3, 66, 38, 22, 36][45, 36, 19, 65, 5, 37, 32, 39, 18, 67][7, 53, 40, 12, 41, 57, 34, 25, 27, 67][16, 10, 28, 56, 51, 57, 35, 6, 63, 24][56, 28, 10, 59, 11, 49, 9, 31, 1, 68][30, 62, 15, 42, 49, 26, 8, 52, 64, 58][21, 30, 15, 11, 9, 17, 50, 13, 20, 55][61, 43, 17, 44, 60, 14, 2, 50, 0, 69][27, 12, 40, 47, 53, 46, 7, 4, 25, 34][33, 22, 38, 54, 32, 5, 37, 65, 39, 48][38, 36, 54, 19, 29, 23, 3, 66, 18, 39][16, 10, 28, 56, 51, 57, 35, 6, 63, 24][16, 10, 28, 56, 51, 57, 35, 6, 63, 24][5, 65, 32, 39, 48, 29, 3, 19, 66, 38][16, 10, 28, 56, 51, 57, 35, 6, 63, 24] 
[5, 65, 32, 39, 48, 3, 66, 38, 22, 36][45, 36, 19, 65, 5, 37, 32, 39, 18, 67][7, 53, 40, 12, 41, 57, 34, 25, 27, 67][16, 10, 28, 56, 51, 57, 35, 6, 63, 24][56, 28, 10, 59, 11, 49, 9, 31, 1, 68][30, 62, 15, 42, 49, 26, 8, 52, 64, 58][21, 30, 15, 11, 9, 17, 50, 13, 20, 55][61, 43, 17, 44, 60, 14, 2, 50, 0, 69][27, 12, 40, 47, 53, 46, 7, 4, 25, 34][33, 22, 38, 54, 32, 5, 37, 65, 39, 48][38, 36, 54, 19, 29, 23, 3, 66, 18, 39][16, 10, 28, 56, 51, 57, 35, 6, 63, 24][16, 10, 28, 56, 51, 57, 35, 6, 63, 24][5, 65, 32, 39, 48, 29, 3, 19, 66, 38][16, 10, 28, 56, 51, 57, 35, 6, 63, 24] 
[5, 65, 32, 39, 48, 3, 66, 38, 22, 36][45, 36, 19, 65, 5, 37, 32, 39, 18, 67][7, 53, 40, 12, 41, 57, 34, 25, 27, 67][16, 10, 28, 56, 51, 57, 35, 6, 63, 24][56, 28, 10, 59, 11, 49, 9, 31, 1, 68][30, 62, 15, 42, 49, 26, 8, 52, 64, 58][21, 30, 15, 11, 9, 17, 50, 13, 20, 55][61, 43, 17, 44, 60, 14, 2, 50, 0, 69][27, 12, 40, 47, 53, 46, 7, 4, 25, 34][33, 22, 38, 54, 32, 5, 37, 65, 39, 48][38, 36, 54, 19, 29, 23, 3, 66, 18, 39][16, 10, 28, 56, 51, 57, 35, 6, 63, 24][16, 10, 28, 56, 51, 57, 35, 6, 63, 24][5, 65, 32, 39, 48, 29, 3, 19, 66, 38][16, 10, 28, 56, 51, 57, 35, 6, 63, 24] 
[5, 65, 32, 39, 48, 3, 66, 38, 22, 36][45, 36, 19, 65, 5, 37, 32, 39, 18, 67][7, 53, 40, 12, 41, 57, 34, 25, 27, 67][16, 10, 28, 56, 51, 57, 35, 6, 63, 24][56, 28, 10, 59, 11, 49, 9, 31, 1, 68][30, 62, 15, 42, 49, 26, 8, 52, 64, 58][21, 30, 15, 11, 9, 17, 50, 13, 20, 55][61, 43, 17, 44, 60, 14, 2, 50, 0, 69][27, 12, 40, 47, 53, 46, 7, 4, 25, 34][33, 22, 38, 54, 32, 5, 37, 65, 39, 48][38, 36, 54, 19, 29, 23, 3, 66, 18, 39][16, 10, 28, 56, 51, 57, 35, 6, 63, 24][16, 10, 28, 56, 51, 57, 35, 6, 63, 24][5, 65, 32, 39, 48, 29, 3, 19, 66, 38][16, 10, 28, 56, 51, 57, 35, 6, 63, 24] 
[5, 65, 32, 39, 48, 3, 66, 38, 22, 36][45, 36, 19, 65, 5, 37, 32, 39, 18, 67][7, 53, 40, 12, 41, 57, 34, 25, 27, 67][16, 10, 28, 56, 51, 57, 35, 6, 63, 24][56, 28, 10, 59, 11, 49, 9, 31, 1, 68][30, 62, 15, 42, 49, 26, 8, 52, 64, 58][21, 30, 15, 11, 9, 17, 50, 13, 20, 55][61, 43, 17, 44, 60, 14, 2, 50, 0, 69][27, 12, 40, 47, 53, 46, 7, 4, 25, 34][33, 22, 38, 54, 32, 5, 37, 65, 39, 48][38, 36, 54, 19, 29, 23, 3, 66, 18, 39][16, 10, 28, 56, 51, 57, 35, 6, 63, 24][16, 10, 28, 56, 51, 57, 35, 6, 63, 24][5, 65, 32, 39, 48, 29, 3, 19, 66, 38][16, 10, 28, 56, 51, 57, 35, 6, 63, 24] 
[5, 65, 32, 39, 48, 3, 66, 38, 22, 36][45, 36, 19, 65, 5, 37, 32, 39, 18, 67][7, 53, 40, 12, 41, 57, 34, 25, 27, 67][16, 10, 28, 56, 51, 57, 35, 6, 63, 24][56, 28, 10, 59, 11, 49, 9, 31, 1, 68][30, 62, 15, 42, 49, 26, 8, 52, 64, 58][21, 30, 15, 11, 9, 17, 50, 13, 20, 55][61, 43, 17, 44, 60, 14, 2, 50, 0, 69][27, 12, 40, 47, 53, 46, 7, 4, 25, 34][33, 22, 38, 54, 32, 5, 37, 65, 39, 48][38, 36, 54, 19, 29, 23, 3, 66, 18, 39][16, 10, 28, 56, 51, 57, 35, 6, 63, 24][16, 10, 28, 56, 51, 57, 35, 6, 63, 24][5, 65, 32, 39, 48, 29, 3, 19, 66, 38][16, 10, 28, 56, 51, 57, 35, 6, 63, 24] 
[5, 65, 32, 39, 48, 3, 66, 38, 22, 36][45, 36, 19, 65, 5, 37, 32, 39, 18, 67][7, 53, 40, 12, 41, 57, 34, 25, 27, 67][16, 10, 28, 56, 51, 57, 35, 6, 63, 24][56, 28, 10, 59, 11, 49, 9, 31, 1, 68][30, 62, 15, 42, 49, 26, 8, 52, 64, 58][21, 30, 15, 11, 9, 17, 50, 13, 20, 55][61, 43, 17, 44, 60, 14, 2, 50, 0, 69][27, 12, 40, 47, 53, 46, 7, 4, 25, 34][33, 22, 38, 54, 32, 5, 37, 65, 39, 48][38, 36, 54, 19, 29, 23, 3, 66, 18, 39][16, 10, 28, 56, 51, 57, 35, 6, 63, 24][16, 10, 28, 56, 51, 57, 35, 6, 63, 24][5, 65, 32, 39, 48, 29, 3, 19, 66, 38][16, 10, 28, 56, 51, 57, 35, 6, 63, 24] 
[5, 65, 32, 39, 48, 3, 66, 38, 22, 36][45, 36, 19, 65, 5, 37, 32, 39, 18, 67][7, 53, 40, 12, 41, 57, 34, 25, 27, 67][16, 10, 28, 56, 51, 57, 35, 6, 63, 24][56, 28, 10, 59, 11, 49, 9, 31, 1, 68][30, 62, 15, 42, 49, 26, 8, 52, 64, 58][21, 30, 15, 11, 9, 17, 50, 13, 20, 55][61, 43, 17, 44, 60, 14, 2, 50, 0, 69][27, 12, 40, 47, 53, 46, 7, 4, 25, 34][33, 22, 38, 54, 32, 5, 37, 65, 39, 48][38, 36, 54, 19, 29, 23, 3, 66, 18, 39][16, 10, 28, 56, 51, 57, 35, 6, 63, 24][16, 10, 28, 56, 51, 57, 35, 6, 63, 24][5, 65, 32, 39, 48, 29, 3, 19, 66, 38][16, 10, 28, 56, 51, 57, 35, 6, 63, 24] 
