[17, 19, 12, 8, 26][2, 29, 15, 10, 21][3, 9, 14, 11, 25][16, 28, 0, 18][1, 24, 4, 23][24, 20, 7, 27][13, 18, 22][5, 6, 13][17, 22][5, 21][25, 28][1, 9] 
[2, 29, 15, 10, 21][3, 9, 14, 11, 25][17, 19, 12, 8, 26][16, 28, 0, 18][1, 24, 4, 23][24, 20, 7, 27][5, 6, 13][13, 18, 22][5, 21][25, 28][1, 9][17, 22] 
[2, 29, 15, 10, 21][3, 9, 14, 11, 25][17, 19, 12, 8, 26][16, 28, 0, 18][1, 24, 4, 23][24, 20, 7, 27][5, 6, 13][13, 18, 22][5, 21][25, 28][17, 22][1, 9] 
[3, 9, 14, 11, 25][1, 24, 4, 20, 23][17, 19, 12, 8, 26][2, 29, 15, 10][13, 6, 5, 21][16, 28, 0, 18][13, 18, 22][20, 7, 27][6, 10][25, 28][1, 9][17, 22] 
[17, 19, 12, 8, 26][2, 29, 15, 10, 21][1, 24, 4, 20, 23][3, 9, 14, 11, 25][16, 28, 0, 18][13, 18, 22][5, 6, 13][20, 7, 27][17, 22][5, 21][16, 27][1, 9] 
[2, 29, 15, 10, 21][1, 24, 4, 20, 23][3, 9, 14, 11, 25][17, 19, 12, 8, 26][16, 28, 0, 18][13, 18, 22][20, 7, 27][5, 6, 13][5, 21][16, 27][1, 9][17, 22] 
[1, 24, 4, 20, 23][17, 19, 12, 8, 26][3, 9, 14, 11, 25][16, 28, 0, 18][13, 6, 5, 21][2, 29, 15, 10][13, 18, 22][20, 7, 27][16, 27][17, 22][1, 9][6, 10] 
[1, 24, 4, 20, 23][3, 9, 14, 11, 25][17, 19, 12, 8, 26][2, 29, 15, 10, 21][16, 28, 0, 18][20, 7, 27][13, 18, 22][5, 6, 13][1, 9][16, 27][17, 22][5, 21] 
[17, 19, 12, 8, 26][2, 29, 15, 10, 21][1, 24, 4, 20, 23][3, 9, 14, 11, 25][16, 28, 0, 18][13, 18, 22][5, 6, 13][20, 7, 27][17, 22][5, 21][16, 27][1, 9] 
[1, 24, 4, 20, 23][17, 19, 12, 8, 26][3, 9, 14, 11, 25][2, 29, 15, 10, 21][16, 28, 0, 18][13, 18, 22][5, 6, 13][20, 7, 27][16, 27][17, 22][1, 9][5, 21] 
[2, 29, 15, 10, 21][17, 19, 12, 8, 26][3, 9, 14, 11, 25][16, 28, 0, 18][1, 24, 4, 23][24, 20, 7, 27][5, 6, 13][13, 18, 22][5, 21][17, 22][25, 28][1, 9] 
[3, 9, 14, 11, 25][17, 19, 12, 8, 26][2, 29, 15, 10, 21][1, 24, 4, 23][24, 20, 7, 27][16, 28, 0, 18][13, 18, 22][5, 6, 13][1, 9][25, 28][17, 22][5, 21] 
[3, 9, 14, 11, 25][17, 19, 12, 8, 26][2, 29, 15, 10, 21][1, 24, 4, 23][24, 20, 7, 27][16, 28, 0, 18][13, 18, 22][5, 6, 13][1, 9][25, 28][17, 22][5, 21] 
[17, 19, 12, 8, 26][2, 29, 15, 10, 21][1, 24, 4, 20, 23][3, 9, 14, 11, 25][16, 28, 0, 18][13, 18, 22][5, 6, 13][20, 7, 27][17, 22][5, 21][16, 27][1, 9] 
[17, 19, 12, 8, 26][2, 29, 15, 10, 21][1, 24, 4, 20, 23][3, 9, 14, 11, 25][16, 28, 0, 18][13, 18, 22][5, 6, 13][20, 7, 27][17, 22][5, 21][16, 27][1, 9] 
[17, 19, 12, 8, 26][2, 29, 15, 10, 21][1, 24, 4, 20, 23][3, 9, 14, 11, 25][16, 28, 0, 18][13, 18, 22][5, 6, 13][20, 7, 27][17, 22][5, 21][16, 27][1, 9] 
[2, 29, 15, 10, 21][17, 19, 12, 8, 26][3, 9, 14, 11, 25][16, 28, 0, 18][1, 24, 4, 23][24, 20, 7, 27][5, 6, 13][13, 18, 22][5, 21][17, 22][25, 28][1, 9] 
[2, 29, 15, 10, 21][17, 19, 12, 8, 26][3, 9, 14, 11, 25][16, 28, 0, 18][1, 24, 4, 23][24, 20, 7, 27][5, 6, 13][13, 18, 22][5, 21][17, 22][25, 28][1, 9] 
[2, 29, 15, 10, 21][1, 24, 4, 20, 23][3, 9, 14, 11, 25][17, 19, 12, 8, 26][16, 28, 0, 18][5, 6, 13][13, 18, 22][20, 7, 27][5, 21][16, 27][1, 9][17, 22] 
[17, 19, 12, 8, 26][2, 29, 15, 10, 21][3, 9, 14, 11, 25][16, 28, 0, 18][1, 24, 4, 23][24, 20, 7, 27][13, 18, 22][5, 6, 13][17, 22][5, 21][25, 28][1, 9] 
[2, 29, 15, 10, 21][3, 9, 14, 11, 25][17, 19, 12, 8, 26][16, 28, 0, 18][1, 24, 4, 23][24, 20, 7, 27][5, 6, 13][13, 18, 22][5, 21][25, 28][1, 9][17, 22] 
[17, 19, 12, 8, 26][3, 9, 14, 11, 25][2, 29, 15, 10, 21][16, 28, 0, 18][1, 24, 4, 23][24, 20, 7, 27][13, 18, 22][5, 6, 13][17, 22][25, 28][5, 21][1, 9] 
[2, 29, 15, 10, 21][3, 9, 14, 11, 25][17, 19, 12, 8, 26][16, 28, 0, 18][1, 24, 4, 23][24, 20, 7, 27][13, 18, 22][5, 6, 13][5, 21][25, 28][1, 9][17, 22] 
[1, 24, 4, 20, 23][3, 9, 14, 11, 25][17, 19, 12, 8, 26][2, 29, 15, 10, 21][16, 28, 0, 18][20, 7, 27][13, 18, 22][5, 6, 13][1, 9][16, 27][17, 22][5, 21] 
[17, 19, 12, 8, 26][2, 29, 15, 10, 21][1, 24, 4, 20, 23][3, 9, 14, 11, 25][16, 28, 0, 18][13, 18, 22][5, 6, 13][20, 7, 27][17, 22][5, 21][16, 27][1, 9] 
[1, 24, 4, 20, 23][17, 19, 12, 8, 26][3, 9, 14, 11, 25][2, 29, 15, 10, 21][16, 28, 0, 18][13, 18, 22][5, 6, 13][20, 7, 27][16, 27][17, 22][1, 9][5, 21] 
[2, 29, 15, 10, 21][3, 9, 14, 11, 25][17, 19, 12, 8, 26][16, 28, 0, 18][1, 24, 4, 23][24, 20, 7, 27][5, 6, 13][13, 18, 22][5, 21][25, 28][17, 22][1, 9] 
[2, 29, 15, 10, 21][3, 9, 14, 11, 25][17, 19, 12, 8, 26][16, 28, 0, 18][1, 24, 4, 23][24, 20, 7, 27][13, 18, 22][5, 6, 13][5, 21][25, 28][1, 9][17, 22] 
[2, 29, 15, 10, 21][1, 24, 4, 20, 23][3, 9, 14, 11, 25][17, 19, 12, 8, 26][16, 28, 0, 18][5, 6, 13][13, 18, 22][20, 7, 27][5, 21][16, 27][1, 9][17, 22] 
[2, 29, 15, 10, 21][17, 19, 12, 8, 26][3, 9, 14, 11, 25][16, 28, 0, 18][1, 24, 4, 23][24, 20, 7, 27][5, 6, 13][13, 18, 22][5, 21][17, 22][25, 28][1, 9] 
[3, 9, 14, 11, 25][2, 29, 15, 10, 21][17, 19, 12, 8, 26][24, 20, 7, 27][1, 24, 4, 23][16, 28, 0, 18][13, 18, 22][5, 6, 13][1, 9][25, 28][5, 21][17, 22] 
[2, 29, 15, 10, 21][17, 19, 12, 8, 26][3, 9, 14, 11, 25][16, 28, 0, 18][1, 24, 4, 23][24, 20, 7, 27][5, 6, 13][13, 18, 22][5, 21][17, 22][25, 28][1, 9] 
[2, 29, 15, 10, 21][1, 24, 4, 20, 23][3, 9, 14, 11, 25][17, 19, 12, 8, 26][16, 28, 0, 18][13, 18, 22][5, 6, 13][20, 7, 27][5, 21][16, 27][1, 9][17, 22] 
[2, 29, 15, 10, 21][3, 9, 14, 11, 25][17, 19, 12, 8, 26][16, 28, 0, 18][1, 24, 4, 23][24, 20, 7, 27][5, 6, 13][13, 18, 22][5, 21][25, 28][17, 22][1, 9] 
[3, 9, 14, 11, 25][2, 29, 15, 10, 21][17, 19, 12, 8, 26][24, 20, 7, 27][1, 24, 4, 23][16, 28, 0, 18][13, 18, 22][5, 6, 13][1, 9][25, 28][5, 21][17, 22] 
[18, 17, 28, 25, 11, 3, 24, 23, 9, 14, 1, 4, 20][2, 29, 15, 6, 13, 0, 26, 8, 12, 19, 22, 17][13, 6, 5, 21, 10, 16][0, 26][17, 22][7, 20][7, 27][0, 26][9, 14][0, 26][10, 21][9, 14] 
[18, 17, 28, 25, 11, 3, 24, 23, 9, 14, 1, 4, 20][2, 29, 15, 6, 13, 0, 26, 8, 12, 19, 22, 17][5, 21, 10, 29][20, 7, 27][6, 13][15, 16][6, 13][10, 21][7, 27][7, 27][6, 13][7, 27] 
[18, 17, 28, 25, 11, 3, 24, 23, 9, 14, 1, 4, 20][2, 6, 13, 0, 26, 8, 12, 19, 22, 17][16, 15, 29, 10, 21, 5, 6, 13, 18, 17][16, 10, 6, 13, 18, 17][7, 20][16, 27][0, 26][10, 21][0, 26][10, 21][10, 21][10, 21] 
[18, 17, 28, 25, 11, 3, 24, 23, 9, 14, 1, 4, 20][2, 29, 15, 6, 13, 0, 26, 8, 12, 19, 22][6, 5, 21, 10, 16][0, 26][7, 20][7, 27][10, 21][0, 26][10, 21][10, 21][10, 21][17, 22] 
[18, 17, 28, 25, 11, 3, 24, 23, 9, 14, 1, 4, 20][2, 29, 15, 6, 13, 0, 26, 8, 12, 19, 22][5, 21, 10, 29][20, 7, 27][12, 19, 22][4, 20][17, 22][0, 26][6, 13][16, 27][0, 26][0, 26] 
[16, 27, 15, 29, 10, 21, 5, 6, 13, 18, 17][3, 4, 1, 9, 23, 14, 11, 25, 22, 0, 28][17, 19, 12, 8, 26][24, 20, 7, 27][10, 21][5, 21][1, 9][5, 21][2, 29][10, 21][18, 22][10, 21] 
[18, 17, 28, 25, 11, 3, 24, 23, 9, 14, 1, 4, 20][16, 15, 29, 10, 21, 5, 6, 13, 18, 17][2, 6, 13, 0, 26, 8, 12, 19, 22, 17][16, 27][7, 20][6, 13][0, 26][10, 21][10, 21][0, 26][0, 26][10, 21] 
[18, 17, 28, 25, 11, 3, 24, 23, 9, 14, 1, 4, 20][2, 6, 13, 0, 26, 8, 12, 19, 22, 17][16, 15, 29, 10, 21, 5, 6, 13, 18, 17][9, 14, 1, 4, 20][7, 27][17, 22][16, 27][10, 21][10, 21][6, 13][0, 26][15, 16] 
[20, 4, 1, 14, 9, 23, 24, 3, 11, 25, 28][2, 6, 13, 0, 26, 8, 12, 19, 22, 17][16, 15, 29, 10, 21, 5, 6, 13, 18, 17][20, 7, 27][0, 26][10, 21][15, 16][10, 21][10, 21][0, 26][16, 27][6, 13] 
[18, 17, 28, 25, 11, 3, 24, 23, 9, 14, 1, 4, 20][16, 15, 29, 10, 21, 5, 6, 13, 18, 17][2, 6, 13, 0, 26, 8, 12, 19, 22, 17][18, 17, 28, 25, 11, 3, 14, 1, 4, 20][8, 12, 19, 22][20, 7, 27][17, 22][17, 22][0, 26][0, 26][0, 26][10, 21] 
[18, 17, 28, 25, 11, 3, 24, 23, 9, 14, 1, 4, 20][2, 29, 15, 6, 13, 0, 26, 8, 12, 19, 22][6, 5, 21, 10, 16][8, 12, 19, 22][20, 7, 27][17, 22][4, 20][3, 24][4, 20][0, 26][0, 26][0, 26] 
[18, 17, 28, 25, 11, 3, 24, 23, 9, 14, 1, 4, 20][2, 29, 15, 6, 13, 0, 26, 8, 12, 19, 22, 17][6, 5, 21, 10, 16][6, 21, 10, 16][20, 7, 27][7, 27][0, 26][10, 21][10, 21][0, 26][7, 27][4, 20] 
[18, 17, 28, 25, 11, 3, 23, 9, 14, 1, 4, 20][2, 29, 15, 6, 13, 0, 26, 8, 19, 17][6, 5, 21, 10, 16][8, 12, 22][20, 7, 27][0, 26][4, 20][10, 21][4, 20][0, 26][3, 24][0, 26] 
[18, 17, 28, 25, 11, 3, 24, 23, 9, 14, 1, 4, 20][16, 15, 29, 10, 21, 5, 6, 13, 18, 17][2, 6, 13, 0, 26, 8, 12, 19, 22, 17][18, 17, 28, 25, 11, 3, 14, 1, 4, 20][8, 12, 19, 22][20, 7, 27][17, 22][17, 22][0, 26][0, 26][0, 26][10, 21] 
[18, 17, 28, 25, 11, 3, 24, 23, 9, 14, 1, 4, 20][2, 6, 13, 0, 26, 8, 12, 19, 22, 17][16, 15, 29, 10, 21, 5, 6, 13, 18, 17][2, 6, 13, 0, 26, 8, 12, 19, 22, 17][20, 7, 27][7, 27][17, 22][0, 26][10, 21][0, 26][7, 27][17, 22] 
[17, 28, 25, 11, 3, 24, 23, 9, 14, 1, 4, 20][16, 15, 29, 10, 21, 5, 6, 13, 18, 17][2, 6, 13, 0, 26, 8, 12, 19, 22, 17][20, 7, 27][10, 21][15, 16][10, 21][10, 21][10, 21][10, 21][0, 26][15, 16] 
[17, 28, 25, 11, 3, 23, 9, 14, 1, 4, 20][2, 6, 13, 0, 26, 8, 12, 19, 22, 17][16, 15, 29, 10, 21, 5, 6, 13, 18, 17][20, 7, 27][0, 26][16, 27][10, 21][0, 26][0, 26][6, 13][10, 21][3, 24] 
[18, 17, 28, 25, 11, 3, 24, 23, 9, 14, 1, 4, 20][2, 29, 15, 6, 13, 0, 26, 8, 12, 19, 22, 17][6, 5, 21, 10, 16][6, 21, 10, 16][20, 7, 27][7, 27][0, 26][10, 21][10, 21][0, 26][7, 27][4, 20] 
[17, 28, 25, 11, 3, 24, 23, 9, 14, 1, 4, 20][16, 15, 29, 10, 21, 5, 6, 13, 18, 17][2, 6, 13, 0, 26, 8, 12, 19, 22, 17][20, 7, 27][10, 21][15, 16][10, 21][10, 21][10, 21][10, 21][0, 26][15, 16] 
[18, 17, 28, 25, 11, 3, 24, 23, 9, 14, 1, 4, 20][2, 29, 15, 6, 13, 0, 26, 8, 12, 19, 22][6, 5, 21, 10, 16][8, 12, 19, 22][20, 7, 27][17, 22][4, 20][3, 24][4, 20][0, 26][0, 26][0, 26] 
[18, 17, 28, 25, 11, 3, 24, 23, 9, 14, 1, 4, 20][16, 27, 15, 29, 10, 21, 5, 6, 13, 18, 17][2, 6, 13, 0, 26, 8, 12, 19, 22, 17][11, 3, 24, 23, 9, 14, 1, 4, 20][7, 20][7, 27][0, 26][9, 14][0, 26][9, 14][7, 27][0, 26] 
[3, 9, 14, 11, 25][17, 19, 12, 8, 26][2, 29, 15, 10, 21][16, 28, 0, 18][24, 20, 7, 27][1, 24, 4, 23][13, 18, 22][5, 6, 13][16, 27][1, 9][17, 22][6, 10] 
[2, 29, 15, 10, 21][17, 19, 12, 8, 26][3, 9, 14, 11, 25][16, 28, 0, 18][24, 20, 7, 27][1, 24, 4, 23][13, 18, 22][5, 6, 13][6, 10][16, 27][17, 22][1, 9] 
[2, 29, 15, 10, 21][17, 19, 12, 8, 26][3, 9, 14, 11, 25][16, 28, 0, 18][24, 20, 7, 27][1, 24, 4, 23][5, 6, 13][13, 18, 22][6, 10][17, 22][16, 27][1, 9] 
[3, 9, 14, 11, 25][17, 19, 12, 8, 26][2, 29, 15, 10, 21][1, 24, 4, 23][24, 20, 7, 27][16, 28, 0, 18][13, 18, 22][5, 6, 13][1, 9][16, 27][17, 22][6, 10] 
[2, 29, 15, 10, 21][3, 9, 14, 11, 25][17, 19, 12, 8, 26][16, 28, 0, 18][24, 20, 7, 27][1, 24, 4, 23][13, 18, 22][5, 6, 13][16, 27][6, 10][1, 9][17, 22] 
[2, 29, 15, 10, 21][3, 9, 14, 11, 25][17, 19, 12, 8, 26][16, 28, 0, 18][24, 20, 7, 27][1, 24, 4, 23][13, 18, 22][5, 6, 13][16, 27][6, 10][1, 9][17, 22] 
[17, 19, 12, 8, 26][2, 29, 15, 10, 21][3, 9, 14, 11, 25][16, 28, 0, 18][24, 20, 7, 27][1, 24, 4, 23][13, 18, 22][5, 6, 13][17, 22][16, 27][6, 10][1, 9] 
[2, 29, 15, 10, 21][17, 19, 12, 8, 26][3, 9, 14, 11, 25][24, 20, 7, 27][1, 24, 4, 23][16, 28, 0, 18][13, 18, 22][5, 6, 13][16, 27][6, 10][17, 22][1, 9] 
[3, 9, 14, 11, 25][17, 19, 12, 8, 26][2, 29, 15, 10, 21][1, 24, 4, 23][24, 20, 7, 27][16, 28, 0, 18][13, 18, 22][5, 6, 13][1, 9][16, 27][17, 22][6, 10] 
[17, 19, 12, 8, 26][2, 29, 15, 10, 21][3, 9, 14, 11, 25][16, 28, 0, 18][24, 20, 7, 27][1, 24, 4, 23][13, 18, 22][5, 6, 13][17, 22][16, 27][6, 10][1, 9] 
[17, 19, 12, 8, 26][3, 9, 14, 11, 25][2, 29, 15, 10, 21][16, 28, 0, 18][24, 20, 7, 27][1, 24, 4, 23][13, 18, 22][5, 6, 13][17, 22][16, 27][1, 9][6, 10] 
[2, 29, 15, 10, 21][17, 19, 12, 8, 26][3, 9, 14, 11, 25][24, 20, 7, 27][1, 24, 4, 23][16, 28, 0, 18][13, 18, 22][5, 6, 13][16, 27][6, 10][17, 22][1, 9] 
[17, 19, 12, 8, 26][2, 29, 15, 10, 21][1, 24, 4, 20, 23][3, 9, 14, 11, 25][16, 28, 0, 18][24, 20, 7, 27][13, 18, 22][5, 6, 13][17, 22][6, 10][16, 27][1, 9] 
[17, 19, 12, 8, 26][2, 29, 15, 10, 21][1, 24, 4, 20, 23][3, 9, 14, 11, 25][16, 28, 0, 18][24, 20, 7, 27][13, 18, 22][5, 6, 13][17, 22][6, 10][16, 27][1, 9] 
[2, 29, 15, 10, 21][17, 19, 12, 8, 26][3, 9, 14, 11, 25][16, 28, 0, 18][24, 20, 7, 27][1, 24, 4, 23][5, 6, 13][13, 18, 22][6, 10][16, 27][17, 22][1, 9] 
[17, 19, 12, 8, 26][2, 29, 15, 10, 21][3, 9, 14, 11, 25][16, 28, 0, 18][1, 24, 4, 23][24, 20, 7, 27][13, 18, 22][5, 6, 13][17, 22][5, 21][25, 28][1, 9] 
[3, 9, 14, 11, 25][17, 19, 12, 8, 26][2, 29, 15, 10, 21][16, 28, 0, 18][1, 24, 4, 23][24, 20, 7, 27][13, 18, 22][5, 6, 13][25, 28][17, 22][1, 9][5, 21] 
[17, 19, 12, 8, 26][3, 9, 14, 11, 25][2, 29, 15, 10, 21][16, 28, 0, 18][1, 24, 4, 23][24, 20, 7, 27][13, 18, 22][5, 6, 13][17, 22][25, 28][1, 9][5, 21] 
[3, 9, 14, 11, 25][17, 19, 12, 8, 26][2, 29, 15, 10, 21][1, 24, 4, 23][24, 20, 7, 27][16, 28, 0, 18][13, 18, 22][5, 6, 13][1, 9][25, 28][17, 22][5, 21] 
[3, 9, 14, 11, 25][17, 19, 12, 8, 26][2, 29, 15, 10, 21][24, 20, 7, 27][1, 24, 4, 23][16, 28, 0, 18][13, 18, 22][5, 6, 13][1, 9][25, 28][17, 22][5, 21] 
[3, 9, 14, 11, 25][2, 29, 15, 10, 21][17, 19, 12, 8, 26][16, 28, 0, 22][1, 24, 4, 23][24, 20, 7, 27][13, 18, 22][5, 6, 13][25, 28][5, 21][17, 22][1, 9] 
[2, 29, 15, 10, 21][17, 19, 12, 8, 26][3, 9, 14, 11, 25][16, 28, 0, 18][24, 20, 7, 27][1, 24, 4, 23][5, 6, 13][13, 18, 22][6, 10][17, 22][16, 27][1, 9] 
[17, 19, 12, 8, 26][2, 29, 15, 10, 21][3, 9, 14, 11, 25][16, 28, 0, 18][24, 20, 7, 27][1, 24, 4, 23][13, 18, 22][5, 6, 13][17, 22][6, 10][16, 27][1, 9] 
[2, 29, 15, 10, 21][3, 9, 14, 11, 25][17, 19, 12, 8, 26][16, 28, 0, 18][24, 20, 7, 27][1, 24, 4, 23][13, 18, 22][5, 6, 13][16, 27][6, 10][1, 9][17, 22] 
[2, 29, 15, 10, 21][17, 19, 12, 8, 26][3, 9, 14, 11, 25][16, 28, 0, 18][24, 20, 7, 27][1, 24, 4, 23][5, 6, 13][13, 18, 22][6, 10][16, 27][17, 22][1, 9] 
[2, 29, 15, 10, 21][3, 9, 14, 11, 25][17, 19, 12, 8, 26][16, 28, 0, 18][24, 20, 7, 27][1, 24, 4, 23][13, 18, 22][5, 6, 13][16, 27][6, 10][1, 9][17, 22] 
[3, 9, 14, 11, 25][17, 19, 12, 8, 26][2, 29, 15, 10, 21][1, 24, 4, 23][24, 20, 7, 27][16, 28, 0, 18][13, 18, 22][5, 6, 13][1, 9][25, 28][17, 22][6, 10] 
[17, 19, 12, 8, 26][2, 29, 15, 10, 21][3, 9, 14, 11, 25][16, 28, 0, 18][24, 20, 7, 27][1, 24, 4, 23][13, 18, 22][5, 6, 13][17, 22][6, 10][16, 27][1, 9] 
[2, 29, 15, 10, 21][17, 19, 12, 8, 26][3, 9, 14, 11, 25][16, 28, 0, 18][1, 24, 4, 23][24, 20, 7, 27][5, 6, 13][13, 18, 22][5, 21][17, 22][25, 28][1, 9] 
[2, 29, 15, 10, 21][17, 19, 12, 8, 26][3, 9, 14, 11, 25][16, 28, 0, 18][1, 24, 4, 23][24, 20, 7, 27][5, 6, 13][13, 18, 22][5, 21][17, 22][25, 28][1, 9] 
[3, 9, 14, 11, 25][17, 19, 12, 8, 26][2, 29, 15, 10, 21][16, 28, 0, 18][1, 24, 4, 23][24, 20, 7, 27][13, 18, 22][5, 6, 13][25, 28][17, 22][1, 9][5, 21] 
[17, 19, 12, 8, 26][3, 9, 14, 11, 25][2, 29, 15, 10, 21][16, 28, 0, 18][1, 24, 4, 23][24, 20, 7, 27][13, 18, 22][5, 6, 13][17, 22][25, 28][1, 9][5, 21] 
[2, 29, 15, 10, 21][17, 19, 12, 8, 26][3, 9, 14, 11, 25][16, 28, 0, 18][1, 24, 4, 23][24, 20, 7, 27][5, 6, 13][13, 18, 22][5, 21][17, 22][25, 28][1, 9] 
[2, 29, 15, 10, 21][17, 19, 12, 8, 26][3, 9, 14, 11, 25][16, 28, 0, 18][1, 24, 4, 23][24, 20, 7, 27][5, 6, 13][13, 18, 22][5, 21][17, 22][25, 28][1, 9] 
[2, 29, 15, 10, 21][17, 19, 12, 8, 26][3, 9, 14, 11, 25][16, 28, 0, 18][1, 24, 4, 23][24, 20, 7, 27][5, 6, 13][13, 18, 22][5, 21][17, 22][25, 28][1, 9] 
[3, 9, 14, 11, 25][2, 29, 15, 10, 21][17, 19, 12, 8, 26][24, 20, 7, 27][1, 24, 4, 23][16, 28, 0, 18][13, 18, 22][5, 6, 13][1, 9][25, 28][5, 21][17, 22] 
[3, 9, 14, 11, 25][17, 19, 12, 8, 26][2, 29, 15, 10, 21][16, 28, 0, 18][1, 24, 4, 23][24, 20, 7, 27][13, 18, 22][5, 6, 13][25, 28][17, 22][1, 9][5, 21] 
[3, 9, 14, 11, 25][17, 19, 12, 8, 26][2, 29, 15, 10, 21][16, 28, 0, 18][1, 24, 4, 23][24, 20, 7, 27][13, 18, 22][5, 6, 13][25, 28][17, 22][1, 9][5, 21] 
[2, 29, 15, 10, 21][17, 19, 12, 8, 26][3, 9, 14, 11, 25][16, 28, 0, 18][1, 24, 4, 23][24, 20, 7, 27][5, 6, 13][13, 18, 22][5, 21][17, 22][25, 28][1, 9] 
[2, 29, 15, 10, 21][17, 19, 12, 8, 26][3, 9, 14, 11, 25][16, 28, 0, 18][1, 24, 4, 23][24, 20, 7, 27][5, 6, 13][13, 18, 22][5, 21][17, 22][25, 28][1, 9] 
[3, 9, 14, 11, 25][17, 19, 12, 8, 26][2, 29, 15, 10, 21][24, 20, 7, 27][1, 24, 4, 23][16, 28, 0, 18][13, 18, 22][5, 6, 13][1, 9][25, 28][17, 22][5, 21] 
[17, 19, 12, 8, 26][3, 9, 14, 11, 25][2, 29, 15, 10, 21][16, 28, 0, 18][1, 24, 4, 23][24, 20, 7, 27][13, 18, 22][5, 6, 13][17, 22][25, 28][5, 21][1, 9] 
[2, 29, 15, 10, 21][17, 19, 12, 8, 26][3, 9, 14, 11, 25][16, 28, 0, 18][1, 24, 4, 23][24, 20, 7, 27][5, 6, 13][13, 18, 22][5, 21][17, 22][25, 28][1, 9] 
[3, 9, 14, 11, 25][18, 13, 6, 5, 21][17, 19, 12, 8, 26][1, 24, 4, 23][24, 20, 7, 27][16, 28, 0, 22][2, 29, 15, 10][1, 9][25, 28][18, 22][10, 21][17, 22] 
[18, 13, 6, 5, 21][17, 19, 12, 8, 26][3, 9, 14, 11, 25][2, 29, 15, 10][16, 28, 0, 22][1, 24, 4, 23][24, 20, 7, 27][10, 21][18, 22][17, 22][25, 28][1, 9] 
[3, 9, 14, 11, 25][18, 13, 6, 5, 21][17, 19, 12, 8, 26][1, 24, 4, 23][24, 20, 7, 27][16, 28, 0, 22][2, 29, 15, 10][1, 9][25, 28][18, 22][10, 21][17, 22] 
[17, 19, 12, 8, 26][18, 13, 6, 5, 21][3, 9, 14, 11, 25][16, 28, 0, 22][2, 29, 15, 10][1, 24, 4, 23][24, 20, 7, 27][17, 22][18, 22][10, 21][25, 28][1, 9] 
[17, 19, 12, 8, 26][3, 9, 14, 11, 25][18, 13, 6, 5, 21][16, 28, 0, 22][2, 29, 15, 10][1, 24, 4, 23][24, 20, 7, 27][17, 22][18, 22][25, 28][1, 9][10, 21] 
[2, 29, 15, 10, 21][3, 9, 14, 11, 25][17, 19, 12, 8, 26][13, 6, 5, 21][16, 28, 0, 18][1, 24, 4, 23][24, 20, 7, 27][13, 18, 22][10, 15][25, 28][1, 9][17, 22] 
[17, 19, 12, 8, 26][2, 29, 15, 10, 21][3, 9, 14, 11, 25][16, 28, 0, 18][24, 20, 7, 27][1, 24, 4, 23][13, 18, 22][5, 6, 13][17, 22][6, 10][16, 27][1, 9] 
[17, 19, 12, 8, 26][2, 29, 15, 10, 21][3, 9, 14, 11, 25][16, 28, 0, 18][24, 20, 7, 27][1, 24, 4, 23][13, 18, 22][5, 6, 13][17, 22][6, 10][16, 27][1, 9] 
[3, 9, 14, 11, 25][17, 19, 12, 8, 26][2, 29, 15, 10, 21][16, 28, 0, 18][24, 20, 7, 27][1, 24, 4, 23][13, 18, 22][5, 6, 13][16, 27][1, 9][17, 22][6, 10] 
[3, 9, 14, 11, 25][17, 19, 12, 8, 26][2, 29, 15, 10, 21][16, 28, 0, 18][24, 20, 7, 27][1, 24, 4, 23][13, 18, 22][5, 6, 13][16, 27][1, 9][17, 22][6, 10] 
[17, 19, 12, 8, 26][3, 9, 14, 11, 25][2, 29, 15, 10, 21][24, 20, 7, 27][1, 24, 4, 23][16, 28, 0, 18][13, 18, 22][5, 6, 13][16, 27][17, 22][1, 9][6, 10] 
[3, 9, 14, 11, 25][2, 29, 15, 10, 21][17, 19, 12, 8, 26][24, 20, 7, 27][1, 24, 4, 23][16, 28, 0, 18][13, 18, 22][5, 6, 13][1, 9][25, 28][5, 21][17, 22] 
[3, 9, 14, 11, 25][17, 19, 12, 8, 26][2, 29, 15, 10, 21][16, 28, 0, 18][24, 20, 7, 27][1, 24, 4, 23][13, 18, 22][5, 6, 13][16, 27][1, 9][17, 22][6, 10] 
