[26, 8, 19, 22, 25, 28][6, 13, 18, 12, 17][2, 10, 15, 21, 5][7, 16, 27, 29][14, 9, 23, 20][4, 24, 3, 11][1, 3, 9][7, 20][6, 16][2, 29][0, 18][0, 22] 
[26, 8, 19, 22, 25, 28][2, 10, 15, 21, 5][6, 13, 18, 12][7, 16, 27, 29][14, 9, 23, 20][4, 24, 3, 11][0, 22, 17][1, 3, 9][0, 18][6, 16][2, 29][7, 20] 
[26, 8, 19, 22, 25, 28][2, 10, 15, 21, 5][7, 16, 27, 29][14, 9, 23, 20][4, 24, 3, 11][6, 13, 18, 12][1, 3, 9][0, 22, 17][2, 29][7, 20][6, 16][0, 18] 
[26, 8, 19, 22, 25, 28][5, 21, 15, 10, 2, 29][4, 24, 3, 11][6, 13, 18, 12][14, 9, 23, 20][7, 27, 16][0, 22, 17][1, 3, 9][6, 16][6, 10][7, 20][0, 18] 
[26, 8, 19, 22, 25, 28][2, 10, 15, 21, 5][4, 24, 3, 11][14, 9, 23, 20][7, 16, 27, 29][6, 13, 18, 12][1, 3, 9][0, 18, 17][7, 20][6, 16][2, 29][0, 22] 
[26, 8, 19, 22, 25, 28][2, 10, 15, 21, 5][7, 16, 27, 29][6, 13, 18, 12][14, 9, 23, 20][4, 24, 3, 11][0, 18, 17][1, 3, 9][6, 16][7, 20][2, 29][0, 22] 
[26, 8, 19, 22, 25, 28][2, 10, 15, 21, 5][6, 13, 18, 12][7, 16, 27, 29][14, 9, 23, 20][4, 24, 3, 11][0, 18, 17][1, 3, 9][0, 22][6, 16][2, 29][7, 20] 
[26, 8, 19, 22, 25, 28][2, 10, 15, 21, 5][14, 9, 23, 20][4, 24, 3, 11][7, 16, 27, 29][6, 13, 18, 12][1, 3, 9][0, 18, 17][7, 20][6, 16][2, 29][0, 22] 
[26, 8, 19, 22, 25, 28][2, 10, 15, 21, 5][6, 13, 18, 12][7, 16, 27, 29][14, 9, 23, 20][4, 24, 3, 11][0, 18, 17][1, 3, 9][6, 16][2, 29][0, 22][7, 20] 
[26, 8, 19, 22, 25, 28][2, 10, 15, 21, 5][14, 9, 23, 20][7, 16, 27, 29][4, 24, 3, 11][6, 13, 18, 12][1, 3, 9][0, 18, 17][7, 20][6, 16][0, 22][2, 29] 
[26, 8, 19, 22, 25, 28][2, 10, 15, 21, 5][6, 13, 18, 12, 17][7, 16, 27, 29][14, 9, 23, 20][4, 24, 3, 11][1, 3, 9][2, 29][7, 20][6, 16][0, 18][0, 22] 
[26, 8, 19, 22, 25, 28][2, 10, 15, 21, 5][7, 16, 27, 29][14, 9, 23, 20][4, 24, 3, 11][6, 13, 18, 12][1, 3, 9][0, 22, 17][2, 29][7, 20][6, 16][0, 18] 
[26, 8, 19, 22, 25, 28][2, 10, 15, 21, 5][7, 16, 27, 29][14, 9, 23, 20][4, 24, 3, 11][6, 13, 18, 12][1, 3, 9][0, 22, 17][2, 29][7, 20][6, 16][0, 18] 
[26, 8, 19, 22, 25, 28][2, 10, 15, 21, 5][7, 16, 27, 29][6, 13, 18, 12][14, 9, 23, 20][4, 24, 3, 11][1, 3, 9][0, 18, 17][6, 16][7, 20][2, 29][0, 22] 
[26, 8, 19, 22, 25, 28][2, 10, 15, 21, 5][4, 24, 3, 11][14, 9, 23, 20][7, 16, 27, 29][6, 13, 18, 12][1, 3, 9][0, 18, 17][7, 20][2, 29][6, 16][0, 22] 
[26, 8, 19, 22, 25, 28][2, 10, 15, 21, 5][7, 16, 27, 29][6, 13, 18, 12][14, 9, 23, 20][4, 24, 3, 11][0, 18, 17][1, 3, 9][6, 16][7, 20][2, 29][0, 22] 
[26, 8, 19, 22, 25, 28][6, 13, 18, 12, 17][2, 10, 15, 21, 5][7, 16, 27, 29][14, 9, 23, 20][4, 24, 3, 11][1, 3, 9][7, 20][6, 16][2, 29][0, 18][0, 22] 
[26, 8, 19, 22, 25, 28][2, 10, 15, 21, 5][14, 9, 23, 20][4, 24, 3, 11][7, 16, 27, 29][6, 13, 18, 12][1, 3, 9][0, 22, 17][7, 20][6, 16][0, 18][2, 29] 
[26, 8, 19, 22, 25, 28][2, 10, 15, 21, 5][6, 13, 18, 12][7, 16, 27, 29][14, 9, 23, 20][4, 24, 3, 11][0, 18, 17][1, 3, 9][6, 16][7, 20][0, 22][2, 29] 
[26, 8, 19, 22, 25, 28][6, 13, 18, 12, 17][2, 10, 15, 21, 5][7, 16, 27, 29][14, 9, 23, 20][4, 24, 3, 11][1, 3, 9][6, 16][2, 29][0, 18][7, 20][0, 22] 
[26, 8, 19, 22, 25, 28][2, 10, 15, 21, 5][6, 13, 18, 12, 17][7, 16, 27, 29][14, 9, 23, 20][4, 24, 3, 11][1, 3, 9][2, 29][7, 20][6, 16][0, 18][0, 22] 
[26, 8, 19, 22, 25, 28][2, 10, 15, 21, 5][7, 16, 27, 29][14, 9, 23, 20][4, 24, 3, 11][6, 13, 18, 12][1, 3, 9][0, 22, 17][2, 29][7, 20][6, 16][0, 18] 
[26, 8, 19, 22, 25, 28][2, 10, 15, 21, 5][7, 16, 27, 29][14, 9, 23, 20][4, 24, 3, 11][6, 13, 18, 12][1, 3, 9][0, 22, 17][2, 29][7, 20][6, 16][0, 18] 
[26, 8, 19, 22, 25, 28][2, 10, 15, 21, 5][7, 16, 27, 29][14, 9, 23, 20][4, 24, 3, 11][6, 13, 18, 12][1, 3, 9][0, 18, 17][7, 20][2, 29][6, 16][0, 22] 
[26, 8, 19, 22, 25, 28][2, 10, 15, 21, 5][6, 13, 18, 12][7, 16, 27, 29][14, 9, 23, 20][4, 24, 3, 11][0, 18, 17][1, 3, 9][0, 22][6, 16][2, 29][7, 20] 
[26, 8, 19, 22, 25, 28][2, 10, 15, 21, 5][7, 16, 27, 29][14, 9, 23, 20][4, 24, 3, 11][6, 13, 18, 12][1, 3, 9][0, 18, 17][2, 29][7, 20][6, 16][0, 22] 
[26, 8, 19, 22, 25, 28][6, 13, 18, 12, 17][2, 10, 15, 21, 5][7, 16, 27, 29][14, 9, 23, 20][4, 24, 3, 11][1, 3, 9][0, 22][0, 18][6, 16][2, 29][7, 20] 
[26, 8, 19, 22, 25, 28][2, 10, 15, 21, 5][7, 16, 27, 29][6, 13, 18, 12][14, 9, 23, 20][4, 24, 3, 11][1, 3, 9][0, 22, 17][6, 16][7, 20][0, 18][2, 29] 
[26, 8, 19, 22, 25, 28][2, 10, 15, 21, 5][7, 16, 27, 29][14, 9, 23, 20][4, 24, 3, 11][6, 13, 18, 12][1, 3, 9][0, 18, 17][2, 29][7, 20][6, 16][0, 22] 
[26, 8, 19, 22, 25, 28][6, 13, 18, 12, 17][2, 10, 15, 21, 5][7, 16, 27, 29][14, 9, 23, 20][4, 24, 3, 11][1, 3, 9][6, 16][2, 29][0, 18][7, 20][0, 22] 
[26, 8, 19, 22, 25, 28][6, 13, 18, 12, 17][2, 10, 15, 21, 5][7, 16, 27, 29][14, 9, 23, 20][4, 24, 3, 11][1, 3, 9][0, 18][6, 16][0, 22][2, 29][7, 20] 
[26, 8, 19, 22, 25, 28][2, 10, 15, 21, 5][4, 24, 3, 11][14, 9, 23, 20][7, 16, 27, 29][6, 13, 18, 12][1, 3, 9][0, 22, 17][7, 20][6, 16][2, 29][0, 18] 
[26, 8, 19, 22, 25, 28][2, 10, 15, 21, 5][6, 13, 18, 12][7, 16, 27, 29][14, 9, 23, 20][4, 24, 3, 11][0, 18, 17][1, 3, 9][0, 22][6, 16][7, 20][2, 29] 
[26, 8, 19, 22, 25, 28][6, 13, 18, 12, 17][2, 10, 15, 21, 5][7, 16, 27, 29][14, 9, 23, 20][4, 24, 3, 11][1, 3, 9][0, 18][6, 16][0, 22][2, 29][7, 20] 
[26, 8, 19, 22, 25, 28][2, 10, 15, 21, 5][6, 13, 18, 12, 17][7, 16, 27, 29][14, 9, 23, 20][4, 24, 3, 11][1, 3, 9][2, 29][6, 16][7, 20][0, 18][0, 22] 
[16, 2, 27, 7, 14, 11, 3, 9, 1, 4, 20, 23, 24][16, 6, 13, 0, 26, 8, 19, 12, 17, 18][2, 10, 15, 21, 5][19, 22, 25, 28][2, 29][2, 27][3, 11][20, 23][3, 11][3, 11][20, 23][20, 23] 
[16, 2, 27, 7, 14, 11, 3, 9, 1, 4, 20, 23, 24][16, 6, 13, 0, 26, 8, 19, 12, 17, 18][2, 10, 15, 21, 5][19, 22, 25, 28][2, 29][25, 28][3, 11][2, 27][6, 16][2, 27][20, 23][6, 16] 
[16, 2, 27, 7, 14, 11, 3, 9, 1, 4, 20, 23, 24][16, 6, 13, 0, 26, 8, 19, 12, 17, 18][2, 10, 15, 21, 5][19, 22, 25, 28][20, 23][2, 29][2, 27][2, 27][3, 9][3, 9][3, 9][3, 11] 
[16, 2, 27, 7, 14, 11, 3, 9, 1, 4, 20, 23, 24][16, 6, 13, 0, 26, 8, 19, 12, 17][6, 21, 5, 15, 29, 10][12, 17, 18, 22, 25][6, 16][16, 28][2, 16][6, 16][3, 9][6, 13][3, 9][7, 16] 
[16, 6, 13, 0, 26, 8, 19, 12, 17, 18, 22, 25][2, 27, 7, 14, 11, 3, 9, 1, 4, 20, 23, 24][12, 19, 8, 26, 0, 13, 6, 16][6, 21, 5, 15, 29, 10][16, 28][7, 16][2, 27][5, 21][7, 27][2, 27][3, 9][3, 9] 
[16, 2, 27, 7, 14, 11, 3, 9, 1, 4, 20, 23, 24][6, 13, 0, 26, 8, 19, 12, 17, 18][6, 21, 5, 15, 29, 10][7, 27, 2, 16][19, 22, 25][25, 28][3, 9][3, 11][6, 21][3, 9][3, 9][6, 16] 
[16, 2, 27, 7, 14, 11, 3, 9, 1, 4, 20, 23, 24][16, 6, 13, 0, 26, 8, 19, 12, 17, 18][2, 10, 15, 21, 5][19, 22, 25, 28][2, 10, 15][3, 9][2, 29][3, 11][20, 23][3, 11][2, 16][20, 23] 
[16, 2, 27, 7, 14, 11, 3, 9, 1, 4, 20, 23, 24][16, 6, 13, 0, 26, 8, 19, 12, 17, 18][2, 10, 15, 21, 5][19, 22, 25, 28][2, 29][20, 23][20, 23][2, 16][20, 23][3, 9][20, 23][6, 16] 
[16, 2, 27, 7, 14, 11, 3, 9, 1, 4, 20, 23, 24][16, 6, 13, 0, 26, 8, 19, 12, 17, 18][5, 21, 15, 10][19, 22, 25, 28][20, 23][2, 29][3, 11][3, 9][2, 10][2, 27][20, 23][20, 23] 
[16, 2, 27, 7, 14, 11, 3, 9, 1, 4, 20, 23, 24][16, 6, 13, 0, 26, 8, 19, 12, 17, 18][2, 10, 15, 21, 5][19, 22, 25, 28][2, 29][3, 11][20, 23][3, 11][20, 23][22, 25][2, 27][3, 11] 
[16, 2, 27, 7, 14, 11, 3, 9, 1, 4, 20, 23, 24][16, 6, 13, 0, 26, 8, 19, 12, 17, 18][6, 21, 5, 15, 29, 10][19, 22, 25, 28][0, 13, 6, 16][3, 9][6, 16][3, 9][6, 16][6, 16][6, 16][6, 16] 
[16, 2, 27, 7, 14, 11, 3, 9, 1, 4, 20, 23, 24][16, 6, 13, 0, 26, 8, 19, 12, 17, 18][2, 10, 15, 21, 5][19, 22, 25, 28][3, 9][2, 29][20, 23][3, 11][3, 9][2, 16][6, 16][25, 28] 
[16, 2, 27, 7, 14, 11, 3, 9, 1, 4, 20, 23, 24][16, 6, 13, 0, 26, 8, 19, 12, 17][2, 10, 15, 21, 5][12, 17, 18][19, 22, 25][3, 9][10, 29][25, 28][2, 27][3, 9][2, 27][3, 9] 
[16, 2, 27, 7, 14, 11, 3, 9, 1, 4, 20, 23, 24][16, 6, 13, 0, 26, 8, 19, 12, 17, 18][2, 10, 15, 21, 5][19, 22, 25, 28][2, 29][20, 23][20, 23][2, 16][20, 23][3, 9][20, 23][6, 16] 
[16, 2, 27, 7, 14, 11, 3, 9, 1, 4, 20, 23, 24][16, 6, 13, 0, 26, 8, 19, 12, 17, 18][2, 10, 15, 21, 5][19, 22, 25, 28][2, 29][3, 11][20, 23][3, 11][20, 23][22, 25][2, 27][3, 11] 
[16, 2, 27, 7, 14, 11, 3, 9, 1, 4, 20, 23, 24][16, 6, 13, 0, 26, 8, 19, 12, 17, 18][2, 10, 15, 21, 5][19, 22, 25, 28][2, 29][3, 9][3, 9][3, 9][2, 27][3, 9][2, 27][20, 23] 
[16, 2, 27, 7, 14, 11, 3, 9, 1, 4, 20, 23, 24][16, 6, 13, 0, 26, 8, 19, 12, 17, 18][6, 21, 5, 15, 29, 10][19, 22, 25, 28][0, 13, 6, 16][3, 9][6, 16][3, 9][6, 16][6, 16][6, 16][6, 16] 
[16, 2, 27, 7, 14, 11, 3, 9, 1, 4, 20, 23, 24][16, 6, 13, 0, 26, 8, 19, 12, 17][2, 10, 15, 21, 5][19, 22, 25, 28][3, 9][2, 29][6, 13][12, 18][2, 27][3, 11][3, 11][3, 11] 
[16, 2, 27, 7, 14, 11, 3, 9, 1, 4, 20, 23, 24][16, 6, 13, 0, 26, 8, 19, 12, 17, 18][2, 10, 15, 21, 5][19, 22, 25, 28][3, 11][2, 29][3, 11][20, 23][3, 9][2, 27][2, 27][20, 23] 
[16, 2, 27, 7, 14, 11, 3, 9, 1, 4, 20, 23, 24][16, 6, 13, 0, 26, 8, 19, 12, 17, 18][2, 10, 15, 21, 5][19, 22, 25, 28][25, 28][2, 29][3, 11][2, 27][20, 23][3, 11][3, 9][3, 11] 
[16, 2, 27, 7, 14, 11, 3, 9, 1, 4, 20, 23, 24][16, 6, 13, 0, 26, 8, 19, 12, 17, 18][2, 10, 15, 21, 5][19, 22, 25, 28][2, 29][2, 27][20, 23][3, 11][3, 9][20, 23][3, 9][20, 23] 
[26, 8, 19, 22, 25, 28][2, 10, 15, 21, 5][4, 24, 3, 11][14, 9, 23, 20][7, 16, 27, 29][6, 13, 18, 12][1, 3, 9][0, 18, 17][7, 20][6, 16][2, 29][0, 22] 
[26, 8, 19, 22, 25, 28][2, 10, 15, 21, 5][7, 16, 27, 29][6, 13, 18, 12][14, 9, 23, 20][4, 24, 3, 11][0, 18, 17][1, 3, 9][6, 16][7, 20][2, 29][0, 22] 
[26, 8, 19, 22, 25, 28][2, 10, 15, 21, 5][7, 16, 27, 29][6, 13, 18, 12][14, 9, 23, 20][4, 24, 3, 11][0, 18, 17][1, 3, 9][2, 29][6, 16][7, 20][0, 22] 
[26, 8, 19, 22, 25, 28][2, 10, 15, 21, 5][14, 9, 23, 20][7, 16, 27, 29][4, 24, 3, 11][6, 13, 18, 12][1, 3, 9][0, 18, 17][7, 20][6, 16][2, 29][0, 22] 
[26, 8, 19, 22, 25, 28][2, 10, 15, 21, 5][7, 16, 27, 29][14, 9, 23, 20][4, 24, 3, 11][6, 13, 18, 12][1, 3, 9][0, 18, 17][7, 20][2, 29][6, 16][0, 22] 
[26, 8, 19, 22, 25, 28][2, 10, 15, 21, 5][14, 9, 23, 20][7, 16, 27, 29][4, 24, 3, 11][6, 13, 18, 12][1, 3, 9][0, 18, 17][7, 20][6, 16][0, 22][2, 29] 
[26, 8, 19, 22, 25, 28][2, 10, 15, 21, 5][6, 13, 18, 12][7, 16, 27, 29][14, 9, 23, 20][4, 24, 3, 11][0, 18, 17][1, 3, 9][0, 22][6, 16][7, 20][2, 29] 
[26, 8, 19, 22, 25, 28][2, 10, 15, 21, 5][14, 9, 23, 20][4, 24, 3, 11][7, 16, 27, 29][6, 13, 18, 12][1, 3, 9][0, 18, 17][7, 20][6, 16][0, 22][2, 29] 
[26, 8, 19, 22, 25, 28][2, 10, 15, 21, 5][14, 9, 23, 20][4, 24, 3, 11][7, 16, 27, 29][6, 13, 18, 12][1, 3, 9][0, 18, 17][7, 20][6, 16][0, 22][2, 29] 
[26, 8, 19, 22, 25, 28][2, 10, 15, 21, 5][6, 13, 18, 12][7, 16, 27, 29][14, 9, 23, 20][4, 24, 3, 11][0, 18, 17][1, 3, 9][0, 22][6, 16][7, 20][2, 29] 
[26, 8, 19, 22, 25, 28][2, 10, 15, 21, 5][7, 16, 27, 29][6, 13, 18, 12][14, 9, 23, 20][4, 24, 3, 11][0, 18, 17][1, 3, 9][2, 29][6, 16][7, 20][0, 22] 
[26, 8, 19, 22, 25, 28][2, 10, 15, 21, 5][14, 9, 23, 20][4, 24, 3, 11][7, 16, 27, 29][6, 13, 18, 12][1, 3, 9][0, 18, 17][7, 20][6, 16][2, 29][0, 22] 
[26, 8, 19, 22, 25, 28][2, 10, 15, 21, 5][6, 13, 18, 12][7, 16, 27, 29][14, 9, 23, 20][4, 24, 3, 11][0, 18, 17][1, 3, 9][0, 22][6, 16][7, 20][2, 29] 
[26, 8, 19, 22, 25, 28][2, 10, 15, 21, 5][6, 13, 18, 12][7, 16, 27, 29][14, 9, 23, 20][4, 24, 3, 11][0, 18, 17][1, 3, 9][6, 16][2, 29][0, 22][7, 20] 
[26, 8, 19, 22, 25, 28][2, 10, 15, 21, 5][6, 13, 18, 12][7, 16, 27, 29][14, 9, 23, 20][4, 24, 3, 11][0, 18, 17][1, 3, 9][0, 22][6, 16][2, 29][7, 20] 
[26, 8, 19, 22, 25, 28][6, 13, 18, 12, 17][2, 10, 15, 21, 5][7, 16, 27, 29][14, 9, 23, 20][4, 24, 3, 11][1, 3, 9][0, 18][0, 22][6, 16][2, 29][7, 20] 
[26, 8, 19, 22, 25, 28][6, 13, 18, 12, 17][2, 10, 15, 21, 5][7, 16, 27, 29][14, 9, 23, 20][4, 24, 3, 11][1, 3, 9][0, 18][0, 22][6, 16][2, 29][7, 20] 
[26, 8, 19, 22, 25, 28][6, 13, 18, 12, 17][2, 10, 15, 21, 5][4, 24, 3, 11][14, 9, 23, 20][7, 16, 27, 29][1, 3, 9][7, 20][6, 16][0, 18][2, 29][0, 22] 
[26, 8, 19, 22, 25, 28][6, 13, 18, 12, 17][2, 10, 15, 21, 5][7, 16, 27, 29][14, 9, 23, 20][4, 24, 3, 11][1, 3, 9][0, 22][0, 18][6, 16][2, 29][7, 20] 
[26, 8, 19, 22, 25, 28][2, 10, 15, 21, 5][6, 13, 18, 12, 17][7, 16, 27, 29][14, 9, 23, 20][4, 24, 3, 11][1, 3, 9][2, 29][7, 20][6, 16][0, 18][0, 22] 
[26, 8, 19, 22, 25, 28][6, 13, 18, 12, 17][2, 10, 15, 21, 5][7, 16, 27, 29][14, 9, 23, 20][4, 24, 3, 11][1, 3, 9][6, 16][7, 20][0, 18][0, 22][6, 10] 
[26, 8, 19, 22, 25, 28][2, 10, 15, 21, 5][7, 16, 27, 29][14, 9, 23, 20][4, 24, 3, 11][6, 13, 18, 12][1, 3, 9][0, 18, 17][2, 29][7, 20][6, 16][0, 22] 
[26, 8, 19, 22, 25, 28][2, 10, 15, 21, 5][14, 9, 23, 20][4, 24, 3, 11][7, 16, 27, 29][6, 13, 18, 12][1, 3, 9][0, 18, 17][7, 20][6, 16][2, 29][0, 22] 
[26, 8, 19, 22, 25, 28][2, 10, 15, 21, 5][6, 13, 18, 12][7, 16, 27, 29][14, 9, 23, 20][4, 24, 3, 11][0, 18, 17][1, 3, 9][0, 22][6, 16][7, 20][2, 29] 
[26, 8, 19, 22, 25, 28][2, 10, 15, 21, 5][6, 13, 18, 12][7, 16, 27, 29][14, 9, 23, 20][4, 24, 3, 11][0, 18, 17][1, 3, 9][6, 16][7, 20][2, 29][0, 22] 
[26, 8, 19, 22, 25, 28][2, 10, 15, 21, 5][6, 13, 18, 12][7, 16, 27, 29][14, 9, 23, 20][4, 24, 3, 11][0, 18, 17][1, 3, 9][0, 22][6, 16][7, 20][2, 29] 
[26, 8, 19, 22, 25, 28][2, 10, 15, 21, 5][6, 13, 18, 12][7, 16, 27, 29][14, 9, 23, 20][4, 24, 3, 11][0, 18, 17][1, 3, 9][6, 16][7, 20][2, 29][0, 22] 
[26, 8, 19, 22, 25, 28][2, 10, 15, 21, 5][4, 24, 3, 11][14, 9, 23, 20][7, 16, 27, 29][6, 13, 18, 12][1, 3, 9][0, 18, 17][7, 20][2, 29][6, 16][0, 22] 
[26, 8, 19, 22, 25, 28][2, 10, 15, 21, 5][6, 13, 18, 12, 17][7, 16, 27, 29][14, 9, 23, 20][4, 24, 3, 11][1, 3, 9][2, 29][7, 20][6, 16][0, 18][0, 22] 
[26, 8, 19, 22, 25, 28][6, 13, 18, 12, 17][2, 10, 15, 21, 5][7, 16, 27, 29][14, 9, 23, 20][4, 24, 3, 11][1, 3, 9][6, 16][0, 18][7, 20][0, 22][2, 29] 
[26, 8, 19, 22, 25, 28][6, 13, 18, 12, 17][2, 10, 15, 21, 5][7, 16, 27, 29][14, 9, 23, 20][4, 24, 3, 11][1, 3, 9][0, 22][0, 18][6, 16][2, 29][7, 20] 
[26, 8, 19, 22, 25, 28][6, 13, 18, 12, 17][2, 10, 15, 21, 5][7, 16, 27, 29][14, 9, 23, 20][4, 24, 3, 11][1, 3, 9][6, 16][7, 20][2, 29][0, 18][0, 22] 
[26, 8, 19, 22, 25, 28][6, 13, 18, 12, 17][2, 10, 15, 21, 5][4, 24, 3, 11][14, 9, 23, 20][7, 16, 27, 29][1, 3, 9][7, 20][6, 16][0, 18][2, 29][0, 22] 
[26, 8, 19, 22, 25, 28][2, 10, 15, 21, 5][6, 13, 18, 12, 17][14, 9, 23, 20][4, 24, 3, 11][7, 16, 27, 29][1, 3, 9][7, 20][2, 29][6, 16][0, 18][0, 22] 
[26, 8, 19, 22, 25, 28][6, 13, 18, 12, 17][2, 10, 15, 21, 5][7, 16, 27, 29][14, 9, 23, 20][4, 24, 3, 11][1, 3, 9][6, 16][0, 18][7, 20][0, 22][2, 29] 
[26, 8, 19, 22, 25, 28][6, 13, 18, 12, 17][2, 10, 15, 21, 5][7, 16, 27, 29][14, 9, 23, 20][4, 24, 3, 11][1, 3, 9][0, 22][0, 18][6, 16][2, 29][7, 20] 
[26, 8, 19, 22, 25, 28][6, 13, 18, 12, 17][2, 10, 15, 21, 5][7, 16, 27, 29][14, 9, 23, 20][4, 24, 3, 11][1, 3, 9][6, 16][7, 20][2, 29][0, 18][0, 22] 
[26, 8, 19, 22, 25, 28][6, 13, 18, 12, 17][2, 10, 15, 21, 5][7, 16, 27, 29][14, 9, 23, 20][4, 24, 3, 11][1, 3, 9][0, 22][0, 18][6, 16][2, 29][7, 20] 
[26, 8, 19, 22, 25, 28][2, 10, 15, 21, 5][6, 13, 18, 12, 17][7, 16, 27, 29][14, 9, 23, 20][4, 24, 3, 11][1, 3, 9][2, 29][7, 20][6, 16][0, 18][0, 22] 
[26, 8, 19, 22, 25, 28][6, 13, 18, 12, 17][2, 10, 15, 21, 5][7, 16, 27, 29][14, 9, 23, 20][4, 24, 3, 11][1, 3, 9][0, 22][0, 18][6, 16][2, 29][7, 20] 
[26, 8, 19, 22, 25, 28][2, 10, 15, 21, 5][6, 13, 18, 12, 17][7, 16, 27, 29][14, 9, 23, 20][4, 24, 3, 11][1, 3, 9][2, 29][7, 20][6, 16][0, 18][0, 22] 
[26, 8, 19, 22, 25, 28][6, 13, 18, 12, 17][2, 10, 15, 21, 5][7, 16, 27, 29][14, 9, 23, 20][4, 24, 3, 11][1, 3, 9][0, 22][0, 18][6, 16][2, 29][7, 20] 
[26, 8, 19, 22, 25, 28][6, 13, 18, 12, 17][2, 10, 15, 21, 5][7, 16, 27, 29][14, 9, 23, 20][4, 24, 3, 11][1, 3, 9][0, 22][0, 18][6, 16][2, 29][7, 20] 
[26, 8, 19, 22, 25, 28][6, 13, 18, 12, 17][2, 10, 15, 21, 5][7, 16, 27, 29][14, 9, 23, 20][4, 24, 3, 11][0, 22, 17][1, 3, 9][12, 18][6, 16][2, 29][7, 20] 
[26, 8, 19, 22, 25, 28][6, 13, 18, 12, 17][2, 10, 15, 21, 5][7, 16, 27, 29][14, 9, 23, 20][4, 24, 3, 11][0, 22, 17][1, 3, 9][12, 18][6, 16][2, 29][7, 20] 
[26, 8, 19, 22, 25, 28][6, 13, 18, 12, 17][2, 10, 15, 21, 5][7, 16, 27, 29][14, 9, 23, 20][4, 24, 3, 11][0, 22, 17][1, 3, 9][6, 16][7, 20][2, 29][12, 18] 
[26, 8, 19, 22, 25, 28][6, 13, 18, 12, 17][2, 10, 15, 21, 5][7, 16, 27, 29][14, 9, 23, 20][4, 24, 3, 11][0, 22, 17][1, 3, 9][6, 16][2, 29][7, 20][12, 18] 
[26, 8, 19, 22, 25, 28][6, 13, 18, 12, 17][2, 10, 15, 21, 5][7, 16, 27, 29][14, 9, 23, 20][4, 24, 3, 11][0, 22, 17][1, 3, 9][6, 16][7, 20][2, 29][12, 18] 
[24, 4, 7, 16, 27, 29][26, 8, 19, 22, 25, 28][2, 10, 15, 21, 5][6, 13, 18, 12][14, 9, 23, 20][0, 22, 17, 11][1, 3, 9][6, 16][7, 20][3, 11][6, 10][0, 22] 
[26, 8, 19, 22, 25, 28][2, 10, 15, 21, 5][6, 13, 18, 12][7, 16, 27, 29][14, 9, 23, 20][4, 24, 3, 11][0, 18, 17][1, 3, 9][0, 22][6, 16][7, 20][2, 29] 
[26, 8, 19, 22, 25, 28][2, 10, 15, 21, 5][4, 24, 3, 11][14, 9, 23, 20][7, 16, 27, 29][6, 13, 18, 12][1, 3, 9][0, 18, 17][7, 20][6, 16][0, 22][2, 29] 
[26, 8, 19, 22, 25, 28][2, 10, 15, 21, 5][7, 16, 27, 29][14, 9, 23, 20][4, 24, 3, 11][6, 13, 18, 12][1, 3, 9][0, 18, 17][7, 20][6, 16][0, 22][2, 29] 
[26, 8, 19, 22, 25, 28][2, 10, 15, 21, 5][6, 13, 18, 12][7, 16, 27, 29][14, 9, 23, 20][4, 24, 3, 11][0, 18, 17][1, 3, 9][0, 22][6, 16][2, 29][7, 20] 
[26, 8, 19, 22, 25, 28][2, 10, 15, 21, 5][6, 13, 18, 12][7, 16, 27, 29][14, 9, 23, 20][4, 24, 3, 11][0, 18, 17][1, 3, 9][0, 22][6, 16][2, 29][7, 20] 
[26, 8, 19, 22, 25, 28][6, 13, 18, 12, 17][2, 10, 15, 21, 5][14, 9, 23, 20][4, 24, 3, 11][7, 16, 27, 29][1, 3, 9][7, 20][6, 16][2, 29][0, 18][0, 22] 
[26, 8, 19, 22, 25, 28][2, 10, 15, 21, 5][7, 16, 27, 29][14, 9, 23, 20][4, 24, 3, 11][6, 13, 18, 12][1, 3, 9][0, 18, 17][7, 20][6, 16][0, 22][2, 29] 
