[1, 9, 23, 20, 4, 14][3, 11, 25, 0, 26][2, 10, 15, 21, 5][22, 19, 17, 28][24, 7, 27, 29][8, 12, 18, 13][0, 28, 16][7, 16][6, 16][12, 19][2, 29][7, 20] 
[1, 9, 23, 20, 4, 14][3, 11, 25, 0, 26][2, 10, 15, 21, 5][22, 19, 17, 28][24, 7, 27, 29][8, 12, 18, 13][0, 28, 16][7, 16][6, 16][12, 19][2, 29][7, 20] 
[1, 9, 23, 20, 4, 14][3, 11, 25, 0, 26][2, 10, 15, 21, 5][22, 19, 17, 28][8, 12, 18, 13][24, 7, 27, 29][0, 28, 16][6, 16][12, 19][7, 16][2, 29][7, 20] 
[1, 9, 23, 20, 4, 14][2, 10, 15, 21, 5][3, 11, 25, 0, 26][24, 7, 27, 29][22, 19, 17, 28][8, 12, 18, 13][0, 28, 16][7, 20][2, 29][5, 6][7, 16][12, 19] 
[1, 9, 23, 20, 4, 14][3, 11, 25, 0, 26][2, 10, 15, 21, 5][22, 19, 17, 28][8, 12, 18, 13][24, 7, 27, 29][0, 28, 16][12, 19][7, 16][6, 16][7, 20][5, 6] 
[1, 9, 23, 20, 4, 14][2, 10, 15, 21, 5][3, 11, 25, 0, 26][22, 19, 17, 28][8, 12, 18, 13][24, 7, 27, 29][0, 28, 16][5, 6][6, 16][12, 19][2, 29][7, 20] 
[1, 9, 23, 20, 4, 14][3, 11, 25, 0, 26][2, 10, 15, 21, 5][22, 19, 17, 28][8, 12, 18, 13][24, 7, 27, 29][0, 28, 16][12, 19][6, 16][5, 6][2, 29][7, 20] 
[1, 9, 23, 20, 4, 14][3, 11, 25, 0, 26][2, 10, 15, 21, 5][24, 7, 27, 29][22, 19, 17, 28][8, 12, 18, 13][0, 28, 16][7, 16][7, 20][12, 19][6, 16][5, 6] 
[1, 9, 23, 20, 4, 14][3, 11, 25, 0, 26][2, 10, 15, 21, 5][22, 19, 17, 28][24, 7, 27, 29][8, 12, 18, 13][0, 28, 16][7, 16][12, 19][6, 16][5, 6][7, 20] 
[1, 9, 23, 20, 4, 14][3, 11, 25, 0, 26][2, 10, 15, 21, 5][24, 7, 27, 29][22, 19, 17, 28][8, 12, 18, 13][0, 28, 16][7, 16][12, 19][6, 16][7, 20][5, 6] 
[1, 9, 23, 20, 4, 14][2, 10, 15, 21, 5][3, 11, 25, 0, 26][24, 7, 27, 29][22, 19, 17, 28][8, 12, 18, 13][0, 28, 16][7, 20][2, 29][7, 16][6, 16][12, 19] 
[1, 9, 23, 20, 4, 14][3, 11, 25, 0, 26][2, 10, 15, 21, 5][22, 19, 17, 28][8, 12, 18, 13][24, 7, 27, 29][0, 28, 16][6, 16][12, 19][7, 16][7, 20][2, 29] 
[1, 9, 23, 20, 4, 14][3, 11, 25, 0, 26][2, 10, 15, 21, 5][24, 7, 27, 29][22, 19, 17, 28][8, 12, 18, 13][0, 28, 16][7, 16][7, 20][6, 16][2, 29][12, 19] 
[1, 9, 23, 20, 4, 14][3, 11, 25, 0, 26][2, 10, 15, 21, 5][22, 19, 17, 28][8, 12, 18, 13][24, 7, 27, 29][0, 28, 16][12, 19][7, 16][6, 16][7, 20][5, 6] 
[1, 9, 23, 20, 4, 14][2, 10, 15, 21, 5][3, 11, 25, 0, 26][24, 7, 27, 29][22, 19, 17, 28][8, 12, 18, 13][0, 28, 16][2, 29][7, 20][5, 6][6, 16][12, 19] 
[1, 9, 23, 20, 4, 14][3, 11, 25, 0, 26][2, 10, 15, 21, 5][22, 19, 17, 28][8, 12, 18, 13][24, 7, 27, 29][0, 28, 16][6, 16][12, 19][7, 16][7, 20][5, 6] 
[1, 9, 23, 20, 4, 14][3, 11, 25, 0, 26][2, 10, 15, 21, 5][24, 7, 27, 29][22, 19, 17, 28][8, 12, 18, 13][0, 28, 16][7, 20][7, 16][12, 19][6, 16][2, 29] 
[1, 9, 23, 20, 4, 14][3, 11, 25, 0, 26][2, 10, 15, 21, 5][22, 19, 17, 28][24, 7, 27, 29][8, 12, 18, 13][0, 28, 16][7, 16][2, 29][12, 19][7, 20][6, 16] 
[1, 9, 23, 20, 4, 14][3, 11, 25, 0, 26][2, 10, 15, 21, 5][24, 7, 27, 29][22, 19, 17, 28][8, 12, 18, 13][0, 28, 16][7, 16][7, 20][12, 19][6, 16][5, 6] 
[1, 9, 23, 20, 4, 14][2, 10, 15, 21, 5][3, 11, 25, 0, 26][24, 7, 27, 29][22, 19, 17, 28][8, 12, 18, 13][0, 28, 16][7, 20][2, 29][7, 16][6, 16][12, 19] 
[1, 9, 23, 20, 4, 14][3, 11, 25, 0, 26][2, 10, 15, 21, 5][8, 12, 18, 13][22, 19, 17, 28][24, 7, 27, 29][0, 28, 16][12, 19][7, 16][2, 29][7, 20][6, 16] 
[1, 9, 23, 20, 4, 14][3, 11, 25, 0, 26][2, 10, 15, 21, 5][22, 19, 17, 28][8, 12, 18, 13][24, 7, 27, 29][0, 28, 16][6, 16][12, 19][7, 16][7, 20][2, 29] 
[1, 9, 23, 20, 4, 14][3, 11, 25, 0, 26][2, 10, 15, 21, 5][22, 19, 17, 28][24, 7, 27, 29][8, 12, 18, 13][0, 28, 16][7, 16][7, 20][6, 16][12, 19][2, 29] 
[1, 9, 23, 20, 4, 14][3, 11, 25, 0, 26][2, 10, 15, 21, 5][24, 7, 27, 29][22, 19, 17, 28][8, 12, 18, 13][0, 28, 16][7, 16][12, 19][6, 16][7, 20][5, 6] 
[1, 9, 23, 20, 4, 14][2, 10, 15, 21, 5][3, 11, 25, 0, 26][22, 19, 17, 28][8, 12, 18, 13][24, 7, 27, 29][0, 28, 16][5, 6][6, 16][12, 19][2, 29][7, 20] 
[1, 9, 23, 20, 4, 14][3, 11, 25, 0, 26][2, 10, 15, 21, 5][24, 7, 27, 29][22, 19, 17, 28][8, 12, 18, 13][0, 28, 16][7, 16][12, 19][6, 16][7, 20][5, 6] 
[1, 9, 23, 20, 4, 14][3, 11, 25, 0, 26][2, 10, 15, 21, 5][22, 19, 17, 28][8, 12, 18, 13][24, 7, 27, 29][0, 28, 16][6, 16][12, 19][7, 16][7, 20][2, 29] 
[1, 9, 23, 20, 4, 14][3, 11, 25, 0, 26][2, 10, 15, 21, 5][22, 19, 17, 28][24, 7, 27, 29][8, 12, 18, 13][0, 28, 16][7, 16][2, 29][12, 19][7, 20][6, 16] 
[1, 9, 23, 20, 4, 14][3, 11, 25, 0, 26][2, 10, 15, 21, 5][22, 19, 17, 28][24, 7, 27, 29][8, 12, 18, 13][0, 28, 16][7, 16][12, 19][6, 16][7, 20][5, 6] 
[1, 9, 23, 20, 4, 14][3, 11, 25, 0, 26][2, 10, 15, 21, 5][24, 7, 27, 29][22, 19, 17, 28][8, 12, 18, 13][0, 28, 16][7, 16][7, 20][6, 16][2, 29][12, 19] 
[1, 9, 23, 20, 4, 14][3, 11, 25, 0, 26][2, 10, 15, 21, 5][22, 19, 17, 28][8, 12, 18, 13][24, 7, 27, 29][0, 28, 16][6, 16][12, 19][7, 16][2, 29][7, 20] 
[1, 9, 23, 20, 4, 14][3, 11, 25, 0, 26][2, 10, 15, 21, 5][24, 7, 27, 29][22, 19, 17, 28][8, 12, 18, 13][0, 28, 16][7, 20][7, 16][2, 29][12, 19][6, 16] 
[1, 9, 23, 20, 4, 14][3, 11, 25, 0, 26][2, 10, 15, 21, 5][8, 12, 18, 13][22, 19, 17, 28][24, 7, 27, 29][0, 28, 16][12, 19][6, 16][5, 6][7, 16][7, 20] 
[1, 9, 23, 20, 4, 14][3, 11, 25, 0, 26][2, 10, 15, 21, 5][22, 19, 17, 28][8, 12, 18, 13][24, 7, 27, 29][0, 28, 16][6, 16][12, 19][7, 16][7, 20][2, 29] 
[1, 9, 23, 20, 4, 14][3, 11, 25, 0, 26][2, 10, 15, 21, 5][22, 19, 17, 28][8, 12, 18, 13][24, 7, 27, 29][0, 28, 16][6, 16][12, 19][7, 16][2, 29][7, 20] 
[26, 8, 12, 22, 19, 17, 28, 16, 2, 27, 29][4, 1, 9, 23, 20, 14, 3, 11, 25, 28][10, 15, 5, 21, 6, 13, 0, 12, 18][24, 7, 27][6, 13][12, 18][19, 22][19, 22][19, 22][12, 18][19, 22][6, 13] 
[26, 8, 12, 22, 19, 17, 28, 16, 2, 27, 29][4, 1, 9, 23, 20, 14, 3, 11, 25, 28][10, 15, 5, 21, 6, 13, 0, 12][24, 7, 27][7, 24][6, 13][19, 22][6, 13][19, 22][12, 18][6, 13][3, 11] 
[27, 16, 2, 7, 24, 4, 1, 9, 23, 20, 14, 3, 11, 25, 28][26, 8, 12, 22, 19, 17, 28, 16, 2, 27, 29][10, 15, 5, 21, 6, 13, 0, 12, 18][9, 23, 20, 14, 3, 11, 25, 28][3, 11][11, 25][6, 13][6, 13][7, 24][6, 13][12, 18][19, 22] 
[26, 8, 12, 19, 17, 28, 16, 2, 27, 29][4, 1, 9, 23, 20, 14, 3, 11, 25, 28][10, 15, 5, 21, 6, 13, 0, 12, 18][24, 7, 27][0, 12][19, 22][6, 13][6, 13][6, 13][6, 13][6, 13][6, 13] 
[26, 8, 12, 22, 19, 17, 28, 16, 2, 27, 29][10, 15, 5, 21, 6, 13, 0, 12, 18][4, 1, 9, 23, 20, 14, 3, 11, 25][24, 7, 27][3, 11][25, 28][6, 13][6, 13][6, 13][6, 13][19, 22][6, 13] 
[26, 8, 12, 22, 19, 17, 28, 16, 2, 27, 29][10, 15, 5, 21, 6, 13, 0, 12, 18][4, 1, 9, 23, 20, 14, 3, 11, 25][6, 13][7, 27][6, 13][25, 28][19, 22][19, 22][19, 22][7, 24][6, 13] 
[26, 8, 12, 22, 19, 17, 28, 16, 2, 27, 29][4, 1, 9, 23, 20, 14, 3, 11, 25, 28][10, 15, 5, 21, 6, 13, 0, 12, 18][24, 7, 27][6, 13][19, 22][19, 22][6, 13][6, 13][6, 13][19, 22][6, 13] 
[26, 8, 12, 22, 19, 17, 28, 16, 2, 27, 29][4, 1, 9, 23, 20, 14, 3, 11, 25, 28][10, 15, 5, 21, 6, 13, 0, 12, 18][24, 7, 27][6, 13][3, 11][6, 13][6, 13][19, 22][19, 22][6, 13][6, 13] 
[26, 8, 12, 19, 17, 28, 16, 2, 27, 29][4, 1, 9, 23, 20, 14, 3, 11, 25, 28][10, 15, 5, 21, 6, 13, 0, 12, 18][24, 7, 27][6, 13][6, 13][6, 13][6, 13][19, 22][6, 13][7, 27][6, 13] 
[26, 8, 12, 22, 19, 17, 28, 16, 2, 27, 29][4, 1, 9, 23, 20, 14, 3, 11, 25, 28][10, 15, 5, 21, 6, 13, 0, 12, 18][3, 11, 25, 28][24, 7, 27][6, 13][12, 18][19, 22][6, 13][6, 13][3, 11][6, 13] 
[26, 8, 12, 22, 19, 17, 28, 16, 2, 27, 29][4, 1, 9, 23, 20, 14, 3, 11, 25, 28][10, 15, 5, 21, 6, 13, 0, 12, 18][22, 12, 8, 26][24, 7, 27][3, 11][6, 13][6, 13][6, 13][8, 26][8, 26][12, 18] 
[26, 8, 12, 22, 19, 17, 28, 16, 2, 27, 29][4, 1, 9, 23, 20, 14, 3, 11, 25, 28][10, 15, 5, 21, 6, 13, 0, 12][24, 7, 27][19, 22][12, 18][19, 22][6, 13][6, 13][3, 11][19, 22][6, 13] 
[26, 8, 12, 19, 17, 28, 16, 2, 27, 29][4, 1, 9, 23, 20, 14, 3, 11, 25, 28][10, 15, 5, 21, 6, 13, 0, 12, 18][24, 7, 27][6, 13][6, 13][6, 13][6, 13][19, 22][6, 13][7, 27][6, 13] 
[26, 8, 12, 22, 19, 17, 28, 16, 2, 27, 29][4, 1, 9, 23, 20, 14, 3, 11, 25, 28][10, 15, 5, 21, 6, 13, 0, 12, 18][3, 11, 25, 28][24, 7, 27][6, 13][12, 18][19, 22][6, 13][6, 13][3, 11][6, 13] 
[26, 8, 12, 22, 19, 17, 28, 16, 2, 27, 29][4, 1, 9, 23, 20, 14, 3, 11, 25, 28][0, 13, 6, 21, 5, 15, 27, 2, 10][24, 7, 27][6, 13][12, 18][1, 9][11, 25][5, 15][11, 25][1, 9][11, 25] 
[26, 8, 12, 22, 19, 17, 28, 16, 2, 27, 29][4, 1, 9, 23, 20, 14, 3, 11, 25, 28][10, 15, 5, 21, 6, 13, 0, 12, 18][24, 7, 27][6, 13][12, 18][19, 22][19, 22][19, 22][12, 18][19, 22][6, 13] 
[26, 8, 12, 22, 19, 17, 28, 16, 2, 27, 29][4, 1, 9, 23, 20, 14, 3, 11, 25, 28][10, 15, 5, 21, 6, 13, 0, 12][24, 7, 27][19, 22][12, 18][19, 22][6, 13][6, 13][3, 11][19, 22][6, 13] 
[26, 8, 12, 22, 19, 17, 28, 16, 2, 27, 29][4, 1, 9, 23, 20, 14, 3, 11, 25, 28][10, 15, 5, 21, 6, 13, 0, 12, 18][7, 24][6, 13][19, 22][19, 22][6, 13][7, 27][6, 13][19, 22][3, 11] 
[26, 8, 12, 22, 19, 17, 28, 16, 2, 27, 29][4, 1, 9, 23, 20, 14, 3, 11, 25, 28][10, 15, 5, 21, 6, 13, 0, 12, 18][24, 7, 27][6, 13][3, 11][6, 13][6, 13][19, 22][19, 22][6, 13][6, 13] 
[26, 8, 12, 22, 19, 17, 28, 16, 2, 27, 29][4, 1, 9, 23, 20, 14, 3, 11, 25, 28][10, 15, 5, 21, 6, 13, 0, 12][24, 7, 27][5, 15][6, 13][1, 9][6, 13][11, 25][6, 13][12, 18][6, 13] 
[26, 8, 12, 22, 19, 17, 28, 16, 2, 27, 29][4, 1, 9, 23, 20, 14, 3, 11, 25, 28][10, 15, 5, 21, 6, 13, 0, 12, 18][6, 13][7, 27][7, 24][6, 13][19, 22][6, 13][19, 22][19, 22][19, 22] 
[1, 9, 23, 20, 4, 14][3, 11, 25, 0, 26][2, 10, 15, 21, 5][22, 19, 17, 28][8, 12, 18, 13][24, 7, 27, 29][0, 28, 16][6, 16][12, 19][7, 16][7, 20][5, 6] 
[1, 9, 23, 20, 4, 14][3, 11, 25, 0, 26][2, 10, 15, 21, 5][8, 12, 18, 13][22, 19, 17, 28][24, 7, 27, 29][0, 28, 16][12, 19][7, 16][6, 16][7, 20][5, 6] 
[1, 9, 23, 20, 4, 14][3, 11, 25, 0, 26][2, 10, 15, 21, 5][22, 19, 17, 28][8, 12, 18, 13][24, 7, 27, 29][0, 28, 16][6, 16][12, 19][7, 16][7, 20][5, 6] 
[1, 9, 23, 20, 4, 14][3, 11, 25, 0, 26][2, 10, 15, 21, 5][24, 7, 27, 29][22, 19, 17, 28][8, 12, 18, 13][0, 28, 16][7, 20][7, 16][6, 16][12, 19][5, 6] 
[1, 9, 23, 20, 4, 14][3, 11, 25, 0, 26][2, 10, 15, 21, 5][24, 7, 27, 29][22, 19, 17, 28][8, 12, 18, 13][0, 28, 16][7, 20][7, 16][6, 16][12, 19][5, 6] 
[1, 9, 23, 20, 4, 14][2, 10, 15, 21, 5][3, 11, 25, 0, 26][22, 19, 17, 28][8, 12, 18, 13][24, 7, 27, 29][0, 28, 16][5, 6][6, 16][12, 19][7, 16][7, 20] 
[1, 9, 23, 20, 4, 14][3, 11, 25, 0, 26][2, 10, 15, 21, 5][8, 12, 18, 13][22, 19, 17, 28][24, 7, 27, 29][0, 28, 16][12, 19][7, 16][6, 16][5, 6][7, 20] 
[1, 9, 23, 20, 4, 14][3, 11, 25, 0, 26][2, 10, 15, 21, 5][22, 19, 17, 28][24, 7, 27, 29][8, 12, 18, 13][0, 28, 16][6, 16][5, 6][7, 16][7, 20][12, 19] 
[1, 9, 23, 20, 4, 14][3, 11, 25, 0, 26][2, 10, 15, 21, 5][24, 7, 27, 29][22, 19, 17, 28][8, 12, 18, 13][0, 28, 16][7, 20][7, 16][6, 16][12, 19][5, 6] 
[1, 9, 23, 20, 4, 14][3, 11, 25, 0, 26][2, 10, 15, 21, 5][22, 19, 17, 28][24, 7, 27, 29][8, 12, 18, 13][0, 28, 16][6, 16][7, 16][12, 19][7, 20][5, 6] 
[1, 9, 23, 20, 4, 14][3, 11, 25, 0, 26][2, 10, 15, 21, 5][8, 12, 18, 13][22, 19, 17, 28][24, 7, 27, 29][0, 28, 16][12, 19][6, 16][5, 6][7, 16][7, 20] 
[1, 9, 23, 20, 4, 14][3, 11, 25, 0, 26][2, 10, 15, 21, 5][22, 19, 17, 28][24, 7, 27, 29][8, 12, 18, 13][0, 28, 16][6, 16][5, 6][7, 16][7, 20][12, 19] 
[1, 9, 23, 20, 4, 14][3, 11, 25, 0, 26][2, 10, 15, 21, 5][24, 7, 27, 29][22, 19, 17, 28][8, 12, 18, 13][0, 28, 16][7, 20][7, 16][6, 16][12, 19][5, 6] 
[1, 9, 23, 20, 4, 14][3, 11, 25, 0, 26][2, 10, 15, 21, 5][8, 12, 18, 13][22, 19, 17, 28][24, 7, 27, 29][0, 28, 16][12, 19][7, 16][6, 16][5, 6][7, 20] 
[1, 9, 23, 20, 4, 14][3, 11, 25, 0, 26][2, 10, 15, 21, 5][22, 19, 17, 28][8, 12, 18, 13][24, 7, 27, 29][0, 28, 16][6, 16][12, 19][5, 6][7, 16][7, 20] 
[1, 9, 23, 20, 4, 14][3, 11, 25, 0, 26][2, 10, 15, 21, 5][24, 7, 27, 29][22, 19, 17, 28][8, 12, 18, 13][0, 28, 16][7, 20][7, 16][2, 29][12, 19][6, 16] 
[1, 9, 23, 20, 4, 14][2, 10, 15, 21, 5][3, 11, 25, 0, 26][24, 7, 27, 29][22, 19, 17, 28][8, 12, 18, 13][0, 28, 16][7, 20][2, 29][7, 16][12, 19][6, 16] 
[1, 9, 23, 20, 4, 14][3, 11, 25, 0, 26][2, 10, 15, 21, 5][22, 19, 17, 28][8, 12, 18, 13][24, 7, 27, 29][0, 28, 16][6, 16][12, 19][7, 16][7, 20][2, 29] 
[1, 9, 23, 20, 4, 14][2, 10, 15, 21, 5][3, 11, 25, 0, 26][24, 7, 27, 29][22, 19, 17, 28][8, 12, 18, 13][0, 28, 16][7, 20][2, 29][7, 16][12, 19][6, 16] 
[1, 9, 23, 20, 4, 14][3, 11, 25, 0, 26][2, 10, 15, 21, 5][8, 12, 18, 13][22, 19, 17, 28][24, 7, 27, 29][0, 28, 16][12, 19][7, 16][2, 29][7, 20][6, 16] 
[1, 9, 23, 20, 4, 14][8, 19, 12, 18, 13][3, 11, 25, 0, 26][2, 10, 15, 21, 5][22, 19, 17, 28][24, 7, 27, 29][16, 28][6, 16][7, 16][0, 28][7, 20][5, 6] 
[1, 9, 23, 20, 4, 14][3, 11, 25, 0, 26][2, 10, 15, 21, 5][24, 7, 27, 29][22, 19, 17, 28][8, 12, 18, 13][0, 28, 16][7, 20][7, 16][6, 16][12, 19][5, 6] 
[1, 9, 23, 20, 4, 14][2, 10, 15, 21, 5][3, 11, 25, 0, 26][22, 19, 17, 28][24, 7, 27, 29][8, 12, 18, 13][0, 28, 16][5, 6][6, 16][7, 16][12, 19][7, 20] 
[1, 9, 23, 20, 4, 14][2, 10, 15, 21, 5][3, 11, 25, 0, 26][22, 19, 17, 28][24, 7, 27, 29][8, 12, 18, 13][0, 28, 16][5, 6][6, 16][7, 16][12, 19][7, 20] 
[1, 9, 23, 20, 4, 14][3, 11, 25, 0, 26][2, 10, 15, 21, 5][8, 12, 18, 13][22, 19, 17, 28][24, 7, 27, 29][0, 28, 16][12, 19][7, 16][6, 16][7, 20][5, 6] 
[1, 9, 23, 20, 4, 14][3, 11, 25, 0, 26][2, 10, 15, 21, 5][8, 12, 18, 13][22, 19, 17, 28][24, 7, 27, 29][0, 28, 16][12, 19][7, 16][6, 16][7, 20][5, 6] 
[1, 9, 23, 20, 4, 14][3, 11, 25, 0, 26][2, 10, 15, 21, 5][22, 19, 17, 28][8, 12, 18, 13][24, 7, 27, 29][0, 28, 16][12, 19][6, 16][7, 16][7, 20][15, 29] 
[1, 9, 23, 20, 4, 14][3, 11, 25, 0, 26][2, 10, 15, 21, 5][8, 12, 18, 13][22, 19, 17, 28][24, 7, 27, 29][0, 28, 16][12, 19][7, 16][6, 16][7, 20][5, 6] 
[1, 9, 23, 20, 4, 14][3, 11, 25, 0, 26][2, 10, 15, 21, 5][22, 19, 17, 28][8, 12, 18, 13][24, 7, 27, 29][0, 28, 16][6, 16][12, 19][7, 16][2, 29][7, 20] 
[1, 9, 23, 20, 4, 14][3, 11, 25, 0, 26][2, 10, 15, 21, 5][24, 7, 27, 29][22, 19, 17, 28][8, 12, 18, 13][0, 28, 16][7, 20][7, 16][12, 19][6, 16][2, 29] 
[1, 9, 23, 20, 4, 14][2, 10, 15, 21, 5][3, 11, 25, 0, 26][24, 7, 27, 29][22, 19, 17, 28][8, 12, 18, 13][0, 28, 16][7, 20][2, 29][7, 16][12, 19][6, 16] 
[1, 9, 23, 20, 4, 14][3, 11, 25, 0, 26][2, 10, 15, 21, 5][22, 19, 17, 28][8, 12, 18, 13][24, 7, 27, 29][0, 28, 16][12, 19][7, 16][2, 29][6, 16][7, 20] 
[1, 9, 23, 20, 4, 14][3, 11, 25, 0, 26][2, 10, 15, 21, 5][22, 19, 17, 28][8, 12, 18, 13][24, 7, 27, 29][0, 28, 16][6, 16][12, 19][7, 16][7, 20][2, 29] 
[1, 9, 23, 20, 4, 14][2, 10, 15, 21, 5][3, 11, 25, 0, 26][24, 7, 27, 29][22, 19, 17, 28][8, 12, 18, 13][0, 28, 16][7, 20][2, 29][7, 16][6, 16][12, 19] 
[1, 9, 23, 20, 4, 14][3, 11, 25, 0, 26][2, 10, 15, 21, 5][24, 7, 27, 29][22, 19, 17, 28][8, 12, 18, 13][0, 28, 16][7, 20][7, 16][12, 19][6, 16][2, 29] 
[1, 9, 23, 20, 4, 14][3, 11, 25, 0, 26][2, 10, 15, 21, 5][24, 7, 27, 29][22, 19, 17, 28][8, 12, 18, 13][0, 28, 16][7, 20][7, 16][12, 19][6, 16][2, 29] 
[1, 9, 23, 20, 4, 14][3, 11, 25, 0, 26][2, 10, 15, 21, 5][24, 7, 27, 29][22, 19, 17, 28][8, 12, 18, 13][0, 28, 16][7, 20][7, 16][12, 19][6, 16][2, 29] 
[1, 9, 23, 20, 4, 14][2, 10, 15, 21, 5][3, 11, 25, 0, 26][24, 7, 27, 29][22, 19, 17, 28][8, 12, 18, 13][0, 28, 16][2, 29][7, 16][6, 16][12, 19][7, 20] 
[1, 9, 23, 20, 4, 14][2, 10, 15, 21, 5][3, 11, 25, 0, 26][24, 7, 27, 29][22, 19, 17, 28][8, 12, 18, 13][0, 28, 16][2, 29][7, 16][6, 16][12, 19][7, 20] 
[1, 9, 23, 20, 4, 14][3, 11, 25, 0, 26][2, 10, 15, 21, 5][24, 7, 27, 29][22, 19, 17, 28][8, 12, 18, 13][0, 28, 16][7, 20][7, 16][12, 19][6, 16][2, 29] 
[1, 9, 23, 20, 4, 14][2, 10, 15, 21, 5][3, 11, 25, 0, 26][24, 7, 27, 29][22, 19, 17, 28][8, 12, 18, 13][0, 28, 16][7, 20][2, 29][7, 16][12, 19][6, 16] 
[1, 9, 23, 20, 4, 14][2, 10, 15, 21, 5][3, 11, 25, 0, 26][24, 7, 27, 29][22, 19, 17, 28][8, 12, 18, 13][0, 28, 16][7, 20][2, 29][7, 16][12, 19][6, 16] 
[1, 9, 23, 20, 4, 14][2, 10, 15, 21, 5][3, 11, 25, 0, 26][24, 7, 27, 29][22, 19, 17, 28][8, 12, 18, 13][0, 28, 16][7, 20][2, 29][7, 16][12, 19][6, 16] 
[1, 9, 23, 20, 4, 14][3, 11, 25, 0, 26][8, 19, 12, 18, 13][2, 10, 15, 21, 5][22, 19, 17, 28][24, 7, 27, 29][0, 28, 16][6, 16][7, 16][2, 29][7, 20][3, 11] 
[1, 9, 23, 20, 4, 14][3, 11, 25, 0, 26][8, 19, 12, 18, 13][2, 10, 15, 21, 5][22, 19, 17, 28][24, 7, 27, 29][0, 28, 16][6, 16][7, 16][2, 29][7, 20][3, 11] 
[1, 9, 23, 20, 4, 14][2, 10, 15, 21, 5][3, 11, 25, 0, 26][8, 19, 12, 18, 13][24, 7, 27, 29][22, 19, 17, 28][0, 28, 16][7, 20][2, 29][7, 16][6, 16][3, 11] 
[1, 9, 23, 20, 4, 14][2, 10, 15, 21, 5][3, 11, 25, 0, 26][8, 19, 12, 18, 13][24, 7, 27, 29][22, 19, 17, 28][0, 28, 16][7, 20][2, 29][7, 16][6, 16][3, 11] 
[1, 9, 23, 20, 4, 14][3, 11, 25, 0, 26][8, 19, 12, 18, 13][2, 10, 15, 21, 5][22, 19, 17, 28][24, 7, 27, 29][0, 28, 16][3, 11][7, 16][2, 29][6, 16][7, 20] 
[5, 6, 16, 2, 10, 15, 21][1, 9, 23, 20, 4, 14][3, 11, 25, 0, 26][8, 12, 18, 13][22, 19, 17, 28][24, 7, 27, 29][12, 19][16, 28][6, 16][0, 28][7, 16][7, 20] 
[1, 9, 23, 20, 4, 14][3, 11, 25, 0, 26][2, 10, 15, 21, 5][24, 7, 27, 29][22, 19, 17, 28][8, 12, 18, 13][0, 28, 16][7, 16][12, 19][6, 16][5, 6][7, 20] 
[1, 9, 23, 20, 4, 14][3, 11, 25, 0, 26][2, 10, 15, 21, 5][22, 19, 17, 28][8, 12, 18, 13][24, 7, 27, 29][0, 28, 16][6, 16][12, 19][7, 16][5, 6][7, 20] 
[1, 9, 23, 20, 4, 14][3, 11, 25, 0, 26][2, 10, 15, 21, 5][24, 7, 27, 29][22, 19, 17, 28][8, 12, 18, 13][0, 28, 16][7, 16][12, 19][6, 16][5, 6][7, 20] 
[1, 9, 23, 20, 4, 14][3, 11, 25, 0, 26][2, 10, 15, 21, 5][24, 7, 27, 29][22, 19, 17, 28][8, 12, 18, 13][0, 28, 16][7, 16][12, 19][7, 20][6, 16][5, 6] 
[1, 9, 23, 20, 4, 14][3, 11, 25, 0, 26][2, 10, 15, 21, 5][24, 7, 27, 29][22, 19, 17, 28][8, 12, 18, 13][0, 28, 16][7, 20][7, 16][6, 16][12, 19][5, 6] 
[1, 9, 23, 20, 4, 14][2, 10, 15, 21, 5][3, 11, 25, 0, 26][24, 7, 27, 29][22, 19, 17, 28][8, 12, 18, 13][0, 28, 16][2, 29][7, 16][12, 19][6, 16][7, 20] 
[1, 9, 23, 20, 4, 14][3, 11, 25, 0, 26][2, 10, 15, 21, 5][22, 19, 17, 28][8, 12, 18, 13][24, 7, 27, 29][0, 28, 16][6, 16][12, 19][7, 16][5, 6][7, 20] 
