[22, 19, 0, 12, 8, 26][5, 21, 15, 2, 29][4, 24, 20, 23, 9][1, 3, 14, 11, 25][17, 28, 7, 27][16, 6, 13, 18][10, 27][6, 10][0, 18][10, 29][4, 7][14, 24] 
[22, 19, 0, 12, 8, 26][5, 21, 15, 2, 29][4, 24, 20, 23, 9][1, 3, 14, 11, 25][17, 28, 7, 27][16, 6, 13, 18][10, 15][10, 27][4, 7][6, 10][0, 18][14, 24] 
[22, 19, 0, 12, 8, 26][9, 1, 3, 14, 11, 25][5, 21, 15, 2, 29][17, 28, 7, 27][16, 6, 13, 18][4, 24, 20, 23][10, 27][6, 10][0, 18][10, 15][4, 7][14, 24] 
[23, 9, 1, 3, 14, 11, 25][22, 19, 0, 12, 8, 26][5, 21, 15, 2, 29][16, 6, 13, 18][17, 28, 7, 27][4, 24, 20][0, 18][6, 10][10, 27][4, 7][10, 15][14, 24] 
[22, 19, 0, 12, 8, 26][5, 21, 15, 2, 29][4, 24, 20, 23, 9][1, 3, 14, 11, 25][17, 28, 7, 27][16, 6, 13, 18][10, 27][6, 10][0, 18][10, 29][4, 7][14, 24] 
[22, 19, 0, 12, 8, 26][1, 3, 14, 11, 25][4, 24, 20, 23, 9][5, 21, 15, 2, 29][17, 28, 7, 27][16, 6, 13, 18][14, 24][4, 7][10, 27][6, 10][0, 18][10, 15] 
[9, 1, 3, 14, 11, 25][22, 19, 0, 12, 8, 26][5, 21, 15, 2, 29][4, 24, 20, 23][17, 28, 7, 27][16, 6, 13, 18][4, 7][10, 27][6, 10][10, 15][0, 18][9, 23] 
[22, 19, 0, 12, 8, 26][1, 3, 14, 11, 25][4, 24, 20, 23, 9][5, 21, 15, 2, 29][17, 28, 7, 27][16, 6, 13, 18][14, 24][4, 7][10, 27][10, 15][6, 10][0, 18] 
[22, 19, 0, 12, 8, 26][1, 3, 14, 11, 25][4, 24, 20, 23, 9][5, 21, 15, 2, 29][17, 28, 7, 27][16, 6, 13, 18][14, 24][4, 7][10, 27][6, 10][0, 18][10, 15] 
[22, 19, 0, 12, 8, 26][4, 24, 20, 23, 9][1, 3, 14, 11, 25][5, 21, 15, 2, 29][16, 6, 13, 18][17, 28, 7, 27][0, 18][6, 10][10, 27][4, 7][14, 24][10, 15] 
[22, 19, 0, 12, 8, 26][4, 24, 20, 23, 9][1, 3, 14, 11, 25][5, 21, 15, 2, 29][17, 28, 7, 27][16, 6, 13, 18][4, 7][14, 24][10, 27][10, 29][6, 10][0, 18] 
[22, 19, 0, 12, 8, 26][5, 21, 15, 2, 29][4, 24, 20, 23, 9][1, 3, 14, 11, 25][17, 28, 7, 27][16, 6, 13, 18][10, 15][10, 27][4, 7][14, 24][6, 10][0, 18] 
[22, 19, 0, 12, 8, 26][9, 1, 3, 14, 11, 25][5, 21, 15, 2, 29][17, 28, 7, 27][16, 6, 13, 18][4, 24, 20, 23][10, 27][6, 10][0, 18][10, 15][4, 7][14, 24] 
[22, 19, 0, 12, 8, 26][4, 24, 20, 23, 9][5, 21, 15, 2, 29][1, 3, 14, 11, 25][17, 28, 7, 27][16, 6, 13, 18][10, 27][4, 7][6, 10][10, 29][14, 24][0, 18] 
[22, 19, 0, 12, 8, 26][1, 3, 14, 11, 25][4, 24, 20, 23, 9][5, 21, 15, 2, 29][17, 28, 7, 27][16, 6, 13, 18][14, 24][4, 7][10, 27][6, 10][0, 18][10, 15] 
[22, 19, 0, 12, 8, 26][4, 24, 20, 23, 9][5, 21, 15, 2, 29][1, 3, 14, 11, 25][17, 28, 7, 27][16, 6, 13, 18][4, 7][10, 27][6, 10][10, 15][0, 18][14, 24] 
[22, 19, 0, 12, 8, 26][4, 24, 20, 23, 9][1, 3, 14, 11, 25][5, 21, 15, 2, 29][17, 28, 7, 27][16, 6, 13, 18][4, 7][14, 24][10, 27][6, 10][10, 29][0, 18] 
[22, 19, 0, 12, 8, 26][5, 21, 15, 2, 29][4, 24, 20, 23, 9][1, 3, 14, 11, 25][16, 6, 13, 18][17, 28, 7, 27][0, 18][6, 10][10, 15][10, 27][4, 7][14, 24] 
[22, 19, 0, 12, 8, 26][1, 3, 14, 11, 25][4, 24, 20, 23, 9][5, 21, 15, 2, 29][17, 28, 7, 27][16, 6, 13, 18][14, 24][4, 7][10, 27][6, 10][0, 18][10, 29] 
[22, 19, 0, 12, 8, 26][1, 3, 14, 11, 25][4, 24, 20, 23, 9][5, 21, 15, 2, 29][17, 28, 7, 27][16, 6, 13, 18][14, 24][4, 7][10, 27][6, 10][0, 18][10, 29] 
[22, 19, 0, 12, 8, 26][5, 21, 15, 2, 29][4, 24, 20, 23, 9][1, 3, 14, 11, 25][16, 6, 13, 18][17, 28, 7, 27][0, 18][6, 10][10, 27][10, 29][4, 7][14, 24] 
[22, 19, 0, 12, 8, 26][5, 21, 15, 2, 29][4, 24, 20, 23, 9][1, 3, 14, 11, 25][16, 6, 13, 18][17, 28, 7, 27][0, 18][6, 10][10, 27][10, 15][4, 7][14, 24] 
[9, 1, 3, 14, 11, 25][22, 19, 0, 12, 8, 26][5, 21, 15, 2, 29][17, 28, 7, 27][4, 24, 20, 23][16, 6, 13, 18][4, 7][14, 24][10, 27][6, 10][10, 15][0, 18] 
[22, 19, 0, 12, 8, 26][5, 21, 15, 2, 29][4, 24, 20, 23, 9][1, 3, 14, 11, 25][16, 6, 13, 18][17, 28, 7, 27][6, 10][10, 27][10, 29][4, 7][14, 24][0, 18] 
[22, 19, 0, 12, 8, 26][4, 24, 20, 23, 9][5, 21, 15, 2, 29][1, 3, 14, 11, 25][17, 28, 7, 27][16, 6, 13, 18][10, 27][4, 7][10, 15][14, 24][6, 10][0, 18] 
[22, 19, 0, 12, 8, 26][4, 24, 20, 23, 9][5, 21, 15, 2, 29][1, 3, 14, 11, 25][17, 28, 7, 27][16, 6, 13, 18][4, 7][10, 27][6, 10][10, 15][0, 18][14, 24] 
[22, 19, 0, 12, 8, 26][4, 24, 20, 23, 9][5, 21, 15, 2, 29][1, 3, 14, 11, 25][16, 6, 13, 18][17, 28, 7, 27][0, 18][6, 10][10, 27][4, 7][10, 29][14, 24] 
[22, 19, 0, 12, 8, 26][5, 21, 15, 2, 29][4, 24, 20, 23, 9][1, 3, 14, 11, 25][16, 6, 13, 18][17, 28, 7, 27][10, 15][6, 10][0, 18][10, 27][4, 7][14, 24] 
[22, 19, 0, 12, 8, 26][4, 24, 20, 23, 9][1, 3, 14, 11, 25][5, 21, 15, 2, 29][17, 28, 7, 27][16, 6, 13, 18][4, 7][10, 27][14, 24][10, 29][6, 10][0, 18] 
[22, 19, 0, 12, 8, 26][4, 24, 20, 23, 9][5, 21, 15, 2, 29][1, 3, 14, 11, 25][16, 6, 13, 18][17, 28, 7, 27][0, 18][6, 10][10, 27][4, 7][10, 29][14, 24] 
[22, 19, 0, 12, 8, 26][5, 21, 15, 2, 29][4, 24, 20, 23, 9][1, 3, 14, 11, 25][16, 6, 13, 18][17, 28, 7, 27][6, 10][10, 27][10, 29][4, 7][14, 24][0, 18] 
[22, 19, 0, 12, 8, 26][5, 21, 15, 2, 29][4, 24, 20, 23, 9][1, 3, 14, 11, 25][16, 6, 13, 18][17, 28, 7, 27][0, 18][6, 10][10, 15][10, 27][4, 7][14, 24] 
[22, 19, 0, 12, 8, 26][4, 24, 20, 23, 9][1, 3, 14, 11, 25][5, 21, 15, 2, 29][17, 28, 7, 27][16, 6, 13, 18][10, 27][4, 7][6, 10][14, 24][0, 18][10, 29] 
[22, 19, 0, 12, 8, 26][4, 24, 20, 23, 9][1, 3, 14, 11, 25][5, 21, 15, 2, 29][17, 28, 7, 27][16, 6, 13, 18][10, 27][4, 7][6, 10][14, 24][0, 18][10, 29] 
[22, 19, 0, 12, 8, 26][1, 3, 14, 11, 25][4, 24, 20, 23, 9][5, 21, 15, 2, 29][17, 28, 7, 27][16, 6, 13, 18][14, 24][4, 7][10, 27][10, 29][6, 10][0, 18] 
[9, 1, 4, 24, 3, 23, 20, 14, 7, 25, 11, 17, 28][12, 18, 13, 6, 2, 27, 29, 10, 16][25, 22, 19, 8, 26][2, 15, 21, 5][20, 23][16, 28][5, 21][0, 12][20, 23][15, 21][20, 23][20, 23] 
[9, 1, 4, 24, 3, 23, 20, 14, 7, 25, 11, 17, 28, 16][12, 18, 13, 6, 2, 27, 29, 10, 16][25, 22, 19, 8, 26][2, 15, 21, 5][20, 23][0, 12][20, 23][15, 21][20, 23][19, 22][20, 23][20, 23] 
[9, 1, 4, 24, 3, 23, 20, 14, 7, 25, 11, 17, 28, 16][12, 18, 13, 6, 2, 27, 29, 10, 16, 15, 21][10, 29, 27, 2, 6, 13, 18, 12][25, 22, 19, 8, 26][2, 15, 21, 5][16, 28, 17][19, 22][0, 12][20, 23][0, 12][16, 28][15, 21] 
[9, 1, 4, 24, 3, 23, 20, 14, 7, 25, 11, 17, 28][12, 18, 13, 6, 2, 27, 29, 10, 16][25, 22, 19, 8, 26][2, 15, 21, 5][15, 21][0, 12][20, 23][19, 22][16, 28][15, 21][20, 23][19, 22] 
[9, 1, 4, 24, 3, 23, 20, 14, 7, 25, 11, 17, 28, 16][10, 29, 27, 2, 6, 13, 18, 12][0, 18, 12, 8, 19, 22][25, 22, 19, 8, 26][18, 13, 6, 2, 27][2, 15, 21, 5][16, 28][20, 23][27, 29][20, 23][27, 29][16, 28] 
[9, 1, 4, 24, 3, 23, 20, 14, 7, 25, 11, 17, 28, 16][10, 29, 27, 2, 6, 13, 18][25, 22, 19, 8, 26][0, 18, 12, 8][2, 15, 21][27, 29][5, 21][19, 22][19, 22][19, 22][17, 28][27, 29] 
[9, 1, 4, 24, 3, 23, 20, 14, 7, 25, 11, 17, 28, 16][12, 18, 13, 6, 2, 27, 29, 10, 16][25, 22, 19, 8, 26][2, 15, 21, 5][20, 23][0, 12][20, 23][15, 21][20, 23][19, 22][20, 23][20, 23] 
[9, 1, 4, 24, 3, 23, 20, 14, 7, 25, 11, 17, 28, 16][12, 18, 13, 6, 2, 27, 29, 10, 16][25, 22, 19, 8, 26][2, 15, 21, 5][16, 28, 17][0, 12][19, 22][19, 22][15, 21][20, 23][20, 23][20, 23] 
[9, 1, 4, 24, 3, 23, 20, 14, 7, 25, 11, 17, 28, 16][10, 29, 27, 2, 6, 13, 18][25, 22, 19, 8, 26][2, 15, 21, 5][0, 18, 12, 8][27, 29][19, 22][27, 29][17, 28][27, 29][19, 22][3, 24] 
[9, 1, 4, 24, 3, 23, 20, 14, 7, 25, 11, 17, 28, 16][12, 18, 13, 6, 2, 27, 29, 10, 16][25, 22, 19, 8, 26][25, 11, 17, 28][2, 15, 21, 5][4, 24][16, 28][0, 12][16, 28][20, 23][15, 21][19, 22] 
[9, 1, 4, 24, 3, 23, 20, 14, 7, 25, 11, 17, 28, 16][12, 18, 13, 6, 2, 27, 29, 10, 16][25, 22, 19, 8, 26][2, 15, 21, 5][19, 22][0, 12][20, 23][20, 23][15, 21][20, 23][20, 23][20, 23] 
[9, 1, 4, 24, 3, 23, 20, 14, 7, 25, 11, 17, 28, 16][12, 18, 13, 6, 2, 27, 29, 10, 16][22, 19, 0, 12, 8, 26][2, 15, 21, 5][10, 29][4, 24][10, 27][13, 18][10, 29][13, 18][10, 29][4, 24] 
[9, 1, 4, 24, 3, 23, 20, 14, 7, 25, 11, 17, 28, 16][10, 29, 27, 2, 6, 13, 18][25, 22, 19, 8, 26][2, 15, 21, 5][0, 18, 12, 8][27, 29][19, 22][27, 29][17, 28][27, 29][19, 22][3, 24] 
[9, 1, 4, 24, 3, 23, 20, 14, 7, 25, 11, 17, 28, 16][12, 18, 13, 6, 2, 27, 29, 10, 16][22, 19, 0, 12, 8, 26][2, 15, 21, 5][10, 29][4, 24][10, 27][13, 18][10, 29][13, 18][10, 29][4, 24] 
[9, 1, 4, 24, 3, 23, 20, 14, 7, 25, 11, 17, 28, 16][5, 21, 15, 2, 6, 10, 16, 7, 27, 29][26, 8, 12, 18, 13, 6, 2, 27, 29][25, 22, 19, 8, 26][2, 15, 21][5, 21][22, 25][19, 22][0, 13][11, 17][12, 18][15, 21] 
[9, 1, 4, 24, 3, 23, 20, 14, 7, 25, 11, 17, 28, 16][12, 18, 13, 6, 2, 27, 29, 10, 16][25, 22, 19, 8, 26][2, 15, 21, 5][19, 22][0, 12][20, 23][20, 23][15, 21][20, 23][20, 23][20, 23] 
[9, 1, 4, 24, 3, 23, 20, 14, 7, 25, 11, 17, 28, 16][10, 29, 27, 2, 6, 13, 18, 12][25, 22, 19, 8, 26][0, 18, 12, 8][2, 15, 21, 5][6, 13, 18, 12][19, 22][3, 24][20, 23][3, 24][27, 29][16, 28] 
[9, 1, 4, 24, 3, 23, 20, 14, 7, 25, 11, 17, 28, 16][10, 29, 27, 2, 6, 13, 18, 12][25, 22, 19, 8, 26][0, 18, 12, 8][2, 15, 21, 5][6, 13, 18, 12][19, 22][3, 24][20, 23][3, 24][27, 29][16, 28] 
[9, 1, 4, 24, 3, 23, 20, 14, 7, 25, 11, 17, 28, 16][10, 29, 27, 2, 6, 13, 18, 12][25, 22, 19, 8, 26][2, 15, 21, 5][12, 0, 19][20, 23][16, 28][16, 28][20, 23][19, 22][20, 23][16, 28] 
[9, 1, 4, 24, 3, 23, 20, 14, 7, 25, 11, 17, 28, 16][10, 29, 27, 2, 6, 13, 18, 12][25, 22, 19, 8, 26][2, 15, 21, 5][12, 0, 19][20, 23][16, 28][16, 28][20, 23][19, 22][20, 23][16, 28] 
[9, 1, 4, 24, 3, 23, 20, 14, 7, 25, 11, 17, 28, 16][12, 18, 13, 6, 2, 27, 29, 10, 16, 15, 21][10, 29, 27, 2, 6, 13, 18, 12][25, 22, 19, 8, 26][2, 15, 21, 5][16, 28, 17][19, 22][0, 12][20, 23][0, 12][16, 28][15, 21] 
[22, 19, 0, 12, 8, 26][5, 21, 15, 2, 29][4, 24, 20, 23, 9][1, 3, 14, 11, 25][17, 28, 7, 27][16, 6, 13, 18][10, 15][10, 27][4, 7][6, 10][0, 18][14, 24] 
[22, 19, 0, 12, 8, 26][5, 21, 15, 2, 29][4, 24, 20, 23, 9][1, 3, 14, 11, 25][16, 6, 13, 18][17, 28, 7, 27][0, 18][6, 10][10, 27][10, 15][4, 7][14, 24] 
[22, 19, 0, 12, 8, 26][4, 24, 20, 23, 9][1, 3, 14, 11, 25][5, 21, 15, 2, 29][17, 28, 7, 27][16, 6, 13, 18][4, 7][10, 27][14, 24][6, 10][0, 18][10, 15] 
[22, 19, 0, 12, 8, 26][5, 21, 15, 2, 29][4, 24, 20, 23, 9][1, 3, 14, 11, 25][16, 6, 13, 18][17, 28, 7, 27][0, 18][6, 10][10, 15][10, 27][4, 7][14, 24] 
[22, 19, 0, 12, 8, 26][1, 3, 14, 11, 25][4, 24, 20, 23, 9][5, 21, 15, 2, 29][17, 28, 7, 27][16, 6, 13, 18][14, 24][4, 7][10, 27][10, 15][6, 10][0, 18] 
[22, 19, 0, 12, 8, 26][1, 3, 14, 11, 25][4, 24, 20, 23, 9][5, 21, 15, 2, 29][17, 28, 7, 27][16, 6, 13, 18][14, 24][4, 7][10, 27][10, 15][6, 10][0, 18] 
[22, 19, 0, 12, 8, 26][5, 21, 15, 2, 29][4, 24, 20, 23, 9][1, 3, 14, 11, 25][16, 6, 13, 18][17, 28, 7, 27][10, 15][6, 10][0, 18][10, 27][4, 7][14, 24] 
[22, 19, 0, 12, 8, 26][5, 21, 15, 2, 29][4, 24, 20, 23, 9][1, 3, 14, 11, 25][16, 6, 13, 18][17, 28, 7, 27][6, 10][10, 15][0, 18][10, 27][4, 7][14, 24] 
[22, 19, 0, 12, 8, 26][5, 21, 15, 2, 29][4, 24, 20, 23, 9][1, 3, 14, 11, 25][16, 6, 13, 18][17, 28, 7, 27][0, 18][6, 10][10, 15][10, 27][4, 7][14, 24] 
[22, 19, 0, 12, 8, 26][5, 21, 15, 2, 29][4, 24, 20, 23, 9][1, 3, 14, 11, 25][17, 28, 7, 27][16, 6, 13, 18][10, 15][10, 27][6, 10][4, 7][0, 18][14, 24] 
[22, 19, 0, 12, 8, 26][5, 21, 15, 2, 29][4, 24, 20, 23, 9][1, 3, 14, 11, 25][17, 28, 7, 27][16, 6, 13, 18][10, 15][4, 7][6, 10][0, 18][14, 24][10, 27] 
[22, 19, 0, 12, 8, 26][4, 24, 20, 23, 9][1, 3, 14, 11, 25][5, 21, 15, 2, 29][17, 28, 7, 27][16, 6, 13, 18][14, 24][4, 7][10, 27][6, 10][0, 18][10, 15] 
[22, 19, 0, 12, 8, 26][4, 24, 20, 23, 9][1, 3, 14, 11, 25][5, 21, 15, 2, 29][17, 28, 7, 27][16, 6, 13, 18][4, 7][10, 27][14, 24][6, 10][0, 18][10, 15] 
[22, 19, 0, 12, 8, 26][4, 24, 20, 23, 9][1, 3, 14, 11, 25][5, 21, 15, 2, 29][17, 28, 7, 27][16, 6, 13, 18][14, 24][4, 7][10, 27][10, 15][6, 10][0, 18] 
[22, 19, 0, 12, 8, 26][5, 21, 15, 2, 29][4, 24, 20, 23, 9][1, 3, 14, 11, 25][16, 6, 13, 18][17, 28, 7, 27][10, 15][6, 10][0, 18][10, 27][4, 7][14, 24] 
[22, 19, 0, 12, 8, 26][5, 21, 15, 2, 29][4, 24, 20, 23, 9][1, 3, 14, 11, 25][17, 28, 7, 27][16, 6, 13, 18][10, 29][10, 27][6, 10][0, 18][4, 7][14, 24] 
[22, 19, 0, 12, 8, 26][5, 21, 15, 2, 29][4, 24, 20, 23, 9][1, 3, 14, 11, 25][17, 28, 7, 27][16, 6, 13, 18][10, 27][6, 10][0, 18][10, 29][4, 7][14, 24] 
[22, 19, 0, 12, 8, 26][5, 21, 15, 2, 29][4, 24, 20, 23, 9][1, 3, 14, 11, 25][17, 28, 7, 27][16, 6, 13, 18][10, 29][10, 27][6, 10][0, 18][4, 7][14, 24] 
[22, 19, 0, 12, 8, 26][4, 24, 20, 23, 9][1, 3, 14, 11, 25][5, 21, 15, 2, 29][16, 6, 13, 18][17, 28, 7, 27][0, 18][6, 10][10, 27][4, 7][14, 24][10, 29] 
[22, 19, 0, 12, 8, 26][5, 21, 15, 2, 29][4, 24, 20, 23, 9][1, 3, 14, 11, 25][17, 28, 7, 27][16, 6, 13, 18][10, 27][10, 29][4, 7][14, 24][6, 10][0, 18] 
[22, 19, 0, 12, 8, 26][10, 27, 7, 28, 17][1, 3, 14, 11, 25][5, 21, 15, 2, 29][16, 6, 13, 18][4, 23, 9][4, 24, 20][4, 7][14, 24][10, 29][6, 10][0, 18] 
[22, 19, 0, 12, 8, 26][1, 3, 14, 11, 25][4, 24, 20, 23, 9][5, 21, 15, 2, 29][17, 28, 7, 27][16, 6, 13, 18][14, 24][4, 7][10, 27][10, 15][6, 10][0, 18] 
[22, 19, 0, 12, 8, 26][5, 21, 15, 2, 29][4, 24, 20, 23, 9][1, 3, 14, 11, 25][16, 6, 13, 18][17, 28, 7, 27][6, 10][10, 15][0, 18][10, 27][4, 7][14, 24] 
[22, 19, 0, 12, 8, 26][1, 3, 14, 11, 25][4, 24, 20, 23, 9][5, 21, 15, 2, 29][17, 28, 7, 27][16, 6, 13, 18][14, 24][4, 7][10, 27][10, 15][6, 10][0, 18] 
[22, 19, 0, 12, 8, 26][5, 21, 15, 2, 29][4, 24, 20, 23, 9][1, 3, 14, 11, 25][17, 28, 7, 27][16, 6, 13, 18][10, 15][10, 27][6, 10][4, 7][0, 18][14, 24] 
[22, 19, 0, 12, 8, 26][4, 24, 20, 23, 9][1, 3, 14, 11, 25][5, 21, 15, 2, 29][17, 28, 7, 27][16, 6, 13, 18][14, 24][4, 7][10, 27][10, 15][6, 10][0, 18] 
[22, 19, 0, 12, 8, 26][5, 21, 15, 2, 29][4, 24, 20, 23, 9][1, 3, 14, 11, 25][16, 6, 13, 18][17, 28, 7, 27][0, 18][6, 10][10, 29][10, 27][4, 7][14, 24] 
[22, 19, 0, 12, 8, 26][1, 3, 14, 11, 25][4, 24, 20, 23, 9][5, 21, 15, 2, 29][17, 28, 7, 27][16, 6, 13, 18][14, 24][4, 7][10, 27][10, 15][6, 10][0, 18] 
[22, 19, 0, 12, 8, 26][4, 24, 20, 23, 9][5, 21, 15, 2, 29][1, 3, 14, 11, 25][16, 6, 13, 18][17, 28, 7, 27][0, 18][6, 10][10, 27][4, 7][10, 29][14, 24] 
[22, 19, 0, 12, 8, 26][5, 21, 15, 2, 29][4, 24, 20, 23, 9][1, 3, 14, 11, 25][16, 6, 13, 18][17, 28, 7, 27][6, 10][10, 29][10, 27][4, 7][0, 18][14, 24] 
[22, 19, 0, 12, 8, 26][5, 21, 15, 2, 29][4, 24, 20, 23, 9][1, 3, 14, 11, 25][16, 6, 13, 18][17, 28, 7, 27][6, 10][10, 29][10, 27][4, 7][0, 18][14, 24] 
[22, 19, 0, 12, 8, 26][4, 24, 20, 23, 9][1, 3, 14, 11, 25][5, 21, 15, 2, 29][17, 28, 7, 27][16, 6, 13, 18][4, 7][10, 27][14, 24][10, 29][6, 10][0, 18] 
[22, 19, 0, 12, 8, 26][5, 21, 15, 2, 29][4, 24, 20, 23, 9][1, 3, 14, 11, 25][17, 28, 7, 27][16, 6, 13, 18][10, 27][10, 29][4, 7][6, 10][0, 18][14, 24] 
[22, 19, 0, 12, 8, 26][4, 24, 20, 23, 9][5, 21, 15, 2, 29][1, 3, 14, 11, 25][17, 28, 7, 27][16, 6, 13, 18][10, 27][4, 7][6, 10][10, 29][14, 24][0, 18] 
[22, 19, 0, 12, 8, 26][5, 21, 15, 2, 29][4, 24, 20, 23, 9][1, 3, 14, 11, 25][17, 28, 7, 27][16, 6, 13, 18][10, 29][10, 27][4, 7][14, 24][6, 10][0, 18] 
[22, 19, 0, 12, 8, 26][5, 21, 15, 2, 29][4, 24, 20, 23, 9][1, 3, 14, 11, 25][17, 28, 7, 27][16, 6, 13, 18][10, 27][10, 29][4, 7][6, 10][0, 18][14, 24] 
[22, 19, 0, 12, 8, 26][5, 21, 15, 2, 29][4, 24, 20, 23, 9][1, 3, 14, 11, 25][17, 28, 7, 27][16, 6, 13, 18][10, 29][10, 27][6, 10][0, 18][4, 7][14, 24] 
[22, 19, 0, 12, 8, 26][5, 21, 15, 2, 29][4, 24, 20, 23, 9][1, 3, 14, 11, 25][16, 6, 13, 18][17, 28, 7, 27][0, 18][6, 10][10, 29][10, 27][4, 7][14, 24] 
[22, 19, 0, 12, 8, 26][5, 21, 15, 2, 29][4, 24, 20, 23, 9][1, 3, 14, 11, 25][16, 6, 13, 18][17, 28, 7, 27][0, 18][6, 10][10, 29][10, 27][4, 7][14, 24] 
[22, 19, 0, 12, 8, 26][4, 24, 20, 23, 9][1, 3, 14, 11, 25][5, 21, 15, 2, 29][17, 28, 7, 27][16, 6, 13, 18][14, 24][4, 7][10, 27][6, 10][0, 18][10, 29] 
[22, 19, 0, 12, 8, 26][5, 21, 15, 2, 29][4, 24, 20, 23, 9][1, 3, 14, 11, 25][16, 6, 13, 18][17, 28, 7, 27][0, 18][6, 10][10, 27][10, 29][4, 7][14, 24] 
[22, 19, 0, 12, 8, 26][4, 24, 20, 23, 9][1, 3, 14, 11, 25][5, 21, 15, 2, 29][17, 28, 7, 27][16, 6, 13, 18][4, 7][14, 24][10, 27][10, 29][6, 10][0, 18] 
[22, 19, 0, 12, 8, 26][5, 21, 15, 2, 29][4, 24, 20, 23, 9][1, 3, 14, 11, 25][16, 6, 13, 18][17, 28, 7, 27][0, 18][6, 10][10, 29][10, 27][4, 7][14, 24] 
[23, 9, 1, 3, 14, 11, 25][22, 19, 0, 12, 8, 26][10, 27, 7, 28, 17][5, 21, 15, 2, 29][16, 6, 13, 18][4, 24, 20][6, 10][4, 7][14, 24][1, 3][0, 18][10, 29] 
[23, 9, 1, 3, 14, 11, 25][22, 19, 0, 12, 8, 26][10, 27, 7, 28, 17][5, 21, 15, 2, 29][16, 6, 13, 18][4, 24, 20][6, 10][4, 7][14, 24][1, 3][0, 18][10, 29] 
[23, 9, 1, 3, 14, 11, 25][22, 19, 0, 12, 8, 26][5, 21, 15, 2, 29][10, 27, 7, 28, 17][16, 6, 13, 18][4, 24, 20][10, 29][6, 10][4, 7][14, 24][1, 3][0, 18] 
[23, 9, 1, 3, 14, 11, 25][22, 19, 0, 12, 8, 26][10, 27, 7, 28, 17][5, 21, 15, 2, 29][16, 6, 13, 18][4, 24, 20][1, 3][14, 24][4, 7][10, 29][6, 10][0, 18] 
[23, 9, 1, 3, 14, 11, 25][22, 19, 0, 12, 8, 26][5, 21, 15, 2, 29][10, 27, 7, 28, 17][16, 6, 13, 18][4, 24, 20][10, 29][6, 10][4, 7][14, 24][1, 3][0, 18] 
[23, 9, 1, 3, 14, 11, 25][22, 19, 0, 12, 8, 26][10, 27, 7, 28, 17][5, 21, 15, 2, 29][16, 6, 13, 18][4, 24, 20][4, 23, 9][9, 23][4, 7][10, 29][6, 10][0, 18] 
[22, 19, 0, 12, 8, 26][5, 21, 15, 2, 29][4, 24, 20, 23, 9][1, 3, 14, 11, 25][16, 6, 13, 18][17, 28, 7, 27][10, 15][6, 10][0, 18][10, 27][4, 7][14, 24] 
[22, 19, 0, 12, 8, 26][4, 24, 20, 23, 9][1, 3, 14, 11, 25][5, 21, 15, 2, 29][17, 28, 7, 27][16, 6, 13, 18][14, 24][4, 7][10, 27][10, 15][6, 10][0, 18] 
[22, 19, 0, 12, 8, 26][4, 24, 20, 23, 9][1, 3, 14, 11, 25][5, 21, 15, 2, 29][17, 28, 7, 27][16, 6, 13, 18][14, 24][4, 7][10, 27][6, 10][0, 18][10, 15] 
[22, 19, 0, 12, 8, 26][5, 21, 15, 2, 29][4, 24, 20, 23, 9][1, 3, 14, 11, 25][16, 6, 13, 18][17, 28, 7, 27][0, 18][6, 10][10, 15][10, 27][4, 7][14, 24] 
[22, 19, 0, 12, 8, 26][5, 21, 15, 2, 29][4, 24, 20, 23, 9][1, 3, 14, 11, 25][17, 28, 7, 27][16, 6, 13, 18][10, 27][6, 10][10, 15][0, 18][4, 7][14, 24] 
[22, 19, 0, 12, 8, 26][5, 21, 15, 2, 29][4, 24, 20, 23, 9][1, 3, 14, 11, 25][16, 6, 13, 18][17, 28, 7, 27][6, 10][0, 18][10, 29][10, 27][4, 7][14, 24] 
[22, 19, 0, 12, 8, 26][5, 21, 15, 2, 29][4, 24, 20, 23, 9][1, 3, 14, 11, 25][17, 28, 7, 27][16, 6, 13, 18][10, 15][4, 7][6, 10][0, 18][14, 24][10, 27] 
