[0, 26, 8, 12, 19, 18][4, 20, 14, 23, 9][1, 24, 7, 28][3, 11, 17, 22][13, 6, 15, 27][2, 10, 21, 5][16, 28, 25][15, 10, 29][14, 24][1, 3][16, 27][17, 19] 
[19, 18, 0, 12, 8, 26][4, 20, 14, 23, 9][3, 11, 17, 22][1, 24, 7, 28][13, 6, 15, 27][2, 10, 21, 5][16, 28, 25][15, 10, 29][18, 22][1, 3][14, 24][16, 27] 
[3, 1, 24, 7, 25][0, 26, 8, 12, 19][4, 20, 14, 23, 9][11, 17, 22, 18][13, 6, 15, 27][2, 10, 21, 5][22, 25, 28][15, 10, 29][0, 18][16, 28][16, 27][14, 24] 
[3, 1, 24, 7, 25][0, 26, 8, 12, 19][4, 20, 14, 23, 9][2, 10, 21, 5][13, 6, 15, 27][11, 17, 22, 18][15, 10, 29][22, 25, 28][16, 27][16, 28][0, 18][14, 24] 
[19, 18, 0, 12, 8, 26][4, 20, 14, 23, 9][1, 24, 7, 28][13, 6, 15, 27][2, 10, 21, 5][3, 11, 17, 22][16, 28, 25][15, 10, 29][14, 24][16, 27][1, 3][18, 22] 
[19, 18, 0, 12, 8, 26][4, 20, 14, 23, 9][1, 24, 7, 28][3, 11, 17, 22][13, 6, 15, 27][2, 10, 21, 5][16, 28, 25][15, 10, 29][1, 3][16, 27][18, 22][14, 24] 
[19, 18, 0, 12, 8, 26][4, 20, 14, 23, 9][13, 6, 15, 27][1, 24, 7, 25][2, 10, 21, 5][3, 11, 17, 22][16, 28, 25][15, 10, 29][16, 27][14, 24][1, 3][18, 22] 
[19, 18, 0, 12, 8, 26][4, 20, 14, 23, 9][1, 24, 7, 28][3, 11, 17, 22][13, 6, 15, 27][2, 10, 21, 5][16, 28, 25][15, 10, 29][14, 24][1, 3][18, 22][16, 27] 
[19, 18, 0, 12, 8, 26][4, 20, 14, 23, 9][1, 24, 7, 28][3, 11, 17, 22][13, 6, 15, 27][2, 10, 21, 5][16, 28, 25][15, 10, 29][14, 24][1, 3][18, 22][16, 27] 
[19, 18, 0, 12, 8, 26][4, 20, 14, 23, 9][1, 24, 7, 28][3, 11, 17, 22][13, 6, 15, 27][2, 10, 21, 5][16, 28, 25][15, 10, 29][14, 24][1, 3][18, 22][16, 27] 
[0, 26, 8, 12, 19, 18][4, 20, 14, 23, 9][1, 24, 7, 28][3, 11, 17, 22][13, 6, 15, 27][2, 10, 21, 5][16, 28, 25][15, 10, 29][14, 24][1, 3][16, 27][17, 19] 
[19, 18, 0, 12, 8, 26][4, 20, 14, 23, 9][1, 24, 7, 28][3, 11, 17, 22][13, 6, 15, 27][2, 10, 21, 5][16, 28, 25][15, 10, 29][1, 3][18, 22][16, 27][14, 24] 
[3, 1, 24, 7, 25][0, 26, 8, 12, 19][4, 20, 14, 23, 9][11, 17, 22, 18][13, 6, 15, 27][2, 10, 21, 5][22, 25, 28][15, 10, 29][0, 18][16, 28][16, 27][14, 24] 
[19, 18, 0, 12, 8, 26][4, 20, 14, 23, 9][13, 6, 15, 27][2, 10, 21, 5][1, 24, 7, 28][3, 11, 17, 22][15, 10, 29][16, 28, 25][16, 27][1, 3][14, 24][18, 22] 
[19, 18, 0, 12, 8, 26][4, 20, 14, 23, 9][3, 11, 17, 22][1, 24, 7, 28][13, 6, 15, 27][2, 10, 21, 5][16, 28, 25][15, 10, 29][18, 22][1, 3][14, 24][16, 27] 
[19, 18, 0, 12, 8, 26][4, 20, 14, 23, 9][3, 11, 17, 22][1, 24, 7, 28][13, 6, 15, 27][2, 10, 21, 5][16, 28, 25][15, 10, 29][18, 22][1, 3][14, 24][16, 27] 
[0, 26, 8, 12, 19, 18][4, 20, 14, 23, 9][3, 11, 17, 22][1, 24, 7, 28][13, 6, 15, 27][2, 10, 21, 5][16, 28, 25][15, 10, 29][17, 19][1, 3][14, 24][16, 27] 
[19, 18, 0, 12, 8, 26][4, 20, 14, 23, 9][3, 11, 17, 22][1, 24, 7, 28][13, 6, 15, 27][2, 10, 21, 5][16, 28, 25][15, 10, 29][18, 22][1, 3][16, 27][14, 24] 
[19, 18, 0, 12, 8, 26][4, 20, 14, 23, 9][1, 24, 7, 28][3, 11, 17, 22][13, 6, 15, 27][2, 10, 21, 5][16, 28, 25][15, 10, 29][1, 3][18, 22][16, 27][14, 24] 
[0, 26, 8, 12, 19, 18][4, 20, 14, 23, 9][3, 11, 17, 22][1, 24, 7, 28][13, 6, 15, 27][2, 10, 21, 5][16, 28, 25][15, 10, 29][17, 19][1, 3][14, 24][16, 27] 
[0, 26, 8, 12, 19, 18][4, 20, 14, 23, 9][1, 24, 7, 28][3, 11, 17, 22][13, 6, 15, 27][2, 10, 21, 5][16, 28, 25][15, 10, 29][1, 3][14, 24][17, 19][16, 27] 
[19, 18, 0, 12, 8, 26][4, 20, 14, 23, 9][2, 10, 21, 5][13, 6, 15, 27][1, 24, 7, 28][3, 11, 17, 22][15, 10, 29][16, 28, 25][16, 27][1, 3][14, 24][18, 22] 
[0, 26, 8, 12, 19][3, 1, 24, 7, 25][4, 20, 14, 23, 9][11, 17, 22, 18][13, 6, 15, 27][2, 10, 21, 5][22, 25, 28][15, 10, 29][0, 18][14, 24][16, 28][16, 27] 
[19, 18, 0, 12, 8, 26][4, 20, 14, 23, 9][1, 24, 7, 28][3, 11, 17, 22][13, 6, 15, 27][2, 10, 21, 5][16, 28, 25][15, 10, 29][1, 3][18, 22][16, 27][14, 24] 
[19, 18, 0, 12, 8, 26][4, 20, 14, 23, 9][13, 6, 15, 27][2, 10, 21, 5][1, 24, 7, 28][3, 11, 17, 22][15, 10, 29][16, 28, 25][16, 27][1, 3][14, 24][18, 22] 
[19, 18, 0, 12, 8, 26][4, 20, 14, 23, 9][13, 6, 15, 27][2, 10, 21, 5][1, 24, 7, 28][3, 11, 17, 22][15, 10, 29][16, 28, 25][16, 27][1, 3][14, 24][18, 22] 
[0, 26, 8, 12, 19, 18][4, 20, 14, 23, 9][3, 11, 17, 22][1, 24, 7, 28][13, 6, 15, 27][2, 10, 21, 5][16, 28, 25][15, 10, 29][1, 3][16, 27][17, 19][14, 24] 
[19, 18, 0, 12, 8, 26][4, 20, 14, 23, 9][3, 11, 17, 22][1, 24, 7, 28][13, 6, 15, 27][2, 10, 21, 5][16, 28, 25][15, 10, 29][1, 3][14, 24][18, 22][16, 27] 
[19, 18, 0, 12, 8, 26][4, 20, 14, 23, 9][1, 24, 7, 28][3, 11, 17, 22][13, 6, 15, 27][2, 10, 21, 5][16, 28, 25][15, 10, 29][1, 3][18, 22][16, 27][14, 24] 
[0, 26, 8, 12, 19, 18][4, 20, 14, 23, 9][2, 10, 21, 5][13, 6, 15, 27][1, 24, 7, 28][3, 11, 17, 22][15, 10, 29][16, 28, 25][16, 27][14, 24][1, 3][17, 19] 
[0, 26, 8, 12, 19, 18][4, 20, 14, 23, 9][3, 11, 17, 22][1, 24, 7, 28][13, 6, 15, 27][2, 10, 21, 5][16, 28, 25][15, 10, 29][1, 3][16, 27][17, 19][14, 24] 
[19, 18, 0, 12, 8, 26][4, 20, 14, 23, 9][2, 10, 21, 5][13, 6, 15, 27][1, 24, 7, 28][3, 11, 17, 22][15, 10, 29][16, 28, 25][16, 27][1, 3][14, 24][18, 22] 
[19, 18, 0, 12, 8, 26][4, 20, 14, 23, 9][1, 24, 7, 28][13, 6, 15, 27][2, 10, 21, 5][3, 11, 17, 22][16, 28, 25][15, 10, 29][16, 27][1, 3][18, 22][14, 24] 
[0, 26, 8, 12, 19, 18][4, 20, 14, 23, 9][3, 11, 17, 22][1, 24, 7, 28][13, 6, 15, 27][2, 10, 21, 5][16, 28, 25][15, 10, 29][1, 3][16, 27][14, 24][17, 19] 
[0, 26, 8, 12, 19, 18][4, 20, 14, 23, 9][3, 11, 17, 22][1, 24, 7, 28][13, 6, 15, 27][2, 10, 21, 5][16, 28, 25][15, 10, 29][17, 19][1, 3][14, 24][16, 27] 
[1, 9, 23, 14, 11, 3, 4, 24, 20, 7, 25][0, 26, 8, 12, 17, 19, 18, 22, 25, 28][13, 6, 2, 27, 16, 7, 10, 21, 5, 15][8, 12][10, 29][17, 19][20, 24][20, 24][10, 21][20, 24][12, 17][20, 24] 
[1, 9, 23, 14, 11, 3, 4, 24, 20, 7, 25][0, 26, 8, 12, 17, 19, 18, 22, 25, 28][13, 6, 2, 27, 16, 7, 10, 21, 5, 15][20, 24][10, 29][12, 17][10, 21][10, 21][10, 21][10, 21][12, 17][20, 24] 
[0, 26, 8, 12, 17, 19, 18, 22, 25, 28, 16][1, 9, 23, 14, 11, 3, 4, 24, 20, 7][13, 6, 2, 27, 16, 7, 10, 21, 5, 15][0, 26, 8, 12, 17, 19, 18][20, 24][6, 13][2, 29][20, 24][0, 26][20, 24][20, 24][0, 26] 
[15, 5, 21, 10, 7, 16, 27, 2, 6, 13, 0, 26][1, 9, 23, 14, 11, 3, 4, 24, 20][26, 8, 12, 17, 19, 18, 22, 25, 28][7, 20][6, 13][2, 29][17, 19][12, 17][10, 21][6, 13][4, 24][10, 21] 
[15, 5, 21, 10, 7, 16, 27, 2, 6, 13, 0, 26][1, 9, 23, 14, 11, 3, 4, 24, 20, 7][8, 12, 17, 19, 18, 22, 25, 28][22, 25][10, 29][6, 13][20, 24][6, 13][10, 21][8, 26][12, 17][6, 13] 
[1, 9, 23, 14, 11, 3, 4, 24, 20, 7][13, 6, 2, 27, 16, 7, 10, 21, 5, 15][26, 8, 12, 17, 19, 18, 22, 25, 28][11, 14][10, 29][4, 24][0, 26][7, 25][10, 21][12, 17][17, 19][20, 24] 
[1, 9, 23, 14, 11, 3, 4, 24, 20, 7, 25][0, 26, 8, 12, 17, 19, 18, 22, 25, 28][13, 6, 2, 27, 16, 7, 10, 21, 5, 15][8, 12][10, 29][17, 19][20, 24][20, 24][10, 21][20, 24][12, 17][20, 24] 
[1, 9, 23, 14, 11, 3, 4, 24, 20, 7, 25][13, 6, 2, 27, 16, 7, 10, 21, 5, 15][0, 26, 8, 12, 17, 19, 18, 22, 25, 28][10, 21][10, 29][10, 21][20, 24][20, 24][10, 21][20, 24][10, 21][20, 24] 
[8, 26, 0, 13, 6, 2, 27, 16, 7, 10, 21, 5, 15][1, 9, 23, 14, 11, 3, 4, 24, 20][8, 12, 17, 19, 18, 22, 25, 28][6, 13][7, 20][2, 29][12, 17][0, 26][12, 17][17, 19][16, 27][17, 19] 
[8, 26, 0, 13, 6, 2, 27, 16, 7, 10, 21, 5, 15][1, 9, 23, 14, 11, 3, 4, 24, 20, 7][8, 12, 17, 19, 18, 22, 25, 28][8, 12, 17, 19][2, 29][17, 19][22, 25][0, 26][22, 25][0, 26][0, 26][17, 19] 
[1, 9, 23, 14, 11, 3, 4, 24, 20, 7, 25][13, 6, 2, 27, 16, 7, 10, 21, 5, 15][0, 26, 8, 12, 17, 19, 18, 22, 25, 28][4, 24][10, 29][22, 25][10, 21][10, 21][20, 24][10, 21][17, 19][12, 17] 
[0, 26, 8, 12, 17, 19, 18, 22, 25, 28, 16][1, 9, 23, 14, 11, 3, 4, 24, 20, 7][13, 6, 2, 27, 16, 7, 10, 21, 5, 15][4, 24, 20, 7][3, 11][0, 26][2, 29][7, 20][17, 19][10, 21][17, 19][20, 24] 
[8, 26, 0, 13, 6, 2, 27, 16, 7, 10, 21, 5, 15][1, 9, 23, 14, 11, 3, 4, 24, 20][8, 12, 17, 19, 18, 22, 25, 28][10, 21][10, 29][0, 26][7, 20][22, 25][17, 19][17, 19][6, 13][0, 26] 
[8, 26, 0, 13, 6, 2, 27, 16, 7, 10, 21, 5, 15][1, 9, 23, 14, 11, 3, 4, 24, 20, 7, 25][12, 17, 19, 18, 22, 25, 28][22, 25][6, 13][12, 17][10, 29][10, 21][12, 17][12, 17][10, 21][10, 21] 
[8, 26, 0, 13, 6, 2, 27, 16, 7, 10, 21, 5, 15][1, 9, 23, 14, 11, 3, 4, 24, 20, 7, 25][12, 17, 19, 18, 22, 25, 28][22, 25][6, 13][12, 17][10, 29][10, 21][12, 17][12, 17][10, 21][10, 21] 
[1, 9, 23, 14, 11, 3, 4, 24, 20, 7, 25][0, 26, 8, 12, 17, 19, 18, 22, 25, 28][13, 6, 2, 27, 16, 7, 10, 21, 5, 15][20, 24][10, 29][12, 17][10, 21][10, 21][10, 21][10, 21][12, 17][20, 24] 
[1, 9, 23, 14, 11, 3, 4, 24, 20, 7, 25][0, 26, 8, 12, 17, 19, 18, 22, 25, 28][13, 6, 2, 27, 16, 7, 10, 21, 5, 15][10, 29][12, 17][4, 24][7, 20][12, 17][20, 24][22, 25][8, 12][4, 24] 
[0, 26, 8, 12, 17, 19, 18, 22, 25, 28, 16][1, 9, 23, 14, 11, 3, 4, 24, 20, 7][13, 6, 2, 27, 16, 7, 10, 21, 5, 15][0, 26, 8, 12, 17, 19, 18][2, 29][12, 17][20, 24][16, 27][12, 17][22, 25][11, 14][10, 21] 
[1, 9, 23, 14, 11, 3, 4, 24, 20, 7, 25][13, 6, 2, 27, 16, 7, 10, 21, 5, 15][0, 26, 8, 12, 17, 19, 18, 22, 25, 28][10, 21][10, 29][10, 21][20, 24][20, 24][10, 21][20, 24][10, 21][20, 24] 
[1, 9, 23, 14, 11, 3, 4, 24, 20, 7, 25][0, 26, 8, 12, 17, 19, 18, 22, 25, 28][13, 6, 2, 27, 16, 7, 10, 21, 5, 15][10, 29][12, 17][4, 24][7, 20][12, 17][20, 24][22, 25][8, 12][4, 24] 
[15, 5, 21, 10, 7, 16, 27, 2, 6, 13, 0, 26][1, 9, 23, 14, 11, 3, 4, 24, 20, 7, 25][8, 12, 17, 19, 18, 22, 25, 28][6, 13][6, 13][7, 20][2, 29][10, 21][20, 24][12, 17][17, 19][12, 17] 
[19, 18, 0, 12, 8, 26][4, 20, 14, 23, 9][1, 24, 7, 28][3, 11, 17, 22][13, 6, 15, 27][2, 10, 21, 5][16, 28, 25][15, 10, 29][14, 24][1, 3][18, 22][16, 27] 
[19, 18, 0, 12, 8, 26][4, 20, 14, 23, 9][3, 11, 17, 22][1, 24, 7, 28][13, 6, 15, 27][2, 10, 21, 5][16, 28, 25][15, 10, 29][18, 22][1, 3][14, 24][16, 27] 
[19, 18, 0, 12, 8, 26][4, 20, 14, 23, 9][3, 11, 17, 22][1, 24, 7, 28][13, 6, 15, 27][2, 10, 21, 5][16, 28, 25][15, 10, 29][18, 22][1, 3][16, 27][14, 24] 
[19, 18, 0, 12, 8, 26][4, 20, 14, 23, 9][3, 11, 17, 22][1, 24, 7, 28][13, 6, 15, 27][2, 10, 21, 5][16, 28, 25][15, 10, 29][18, 22][1, 3][16, 27][14, 24] 
[19, 18, 0, 12, 8, 26][4, 20, 14, 23, 9][3, 11, 17, 22][1, 24, 7, 28][13, 6, 15, 27][2, 10, 21, 5][16, 28, 25][15, 10, 29][18, 22][1, 3][14, 24][16, 27] 
[19, 18, 0, 12, 8, 26][4, 20, 14, 23, 9][1, 24, 7, 28][3, 11, 17, 22][13, 6, 15, 27][2, 10, 21, 5][16, 28, 25][15, 10, 29][14, 24][1, 3][16, 27][18, 22] 
[19, 18, 0, 12, 8, 26][4, 20, 14, 23, 9][3, 11, 17, 22][1, 24, 7, 28][13, 6, 15, 27][2, 10, 21, 5][16, 28, 25][15, 10, 29][18, 22][1, 3][14, 24][16, 27] 
[19, 18, 0, 12, 8, 26][4, 20, 14, 23, 9][3, 11, 17, 22][1, 24, 7, 28][13, 6, 15, 27][2, 10, 21, 5][16, 28, 25][15, 10, 29][18, 22][1, 3][16, 27][14, 24] 
[19, 18, 0, 12, 8, 26][4, 20, 14, 23, 9][1, 24, 7, 28][3, 11, 17, 22][13, 6, 15, 27][2, 10, 21, 5][16, 28, 25][15, 10, 29][1, 3][18, 22][16, 27][14, 24] 
[19, 18, 0, 12, 8, 26][4, 20, 14, 23, 9][1, 24, 7, 28][3, 11, 17, 22][13, 6, 15, 27][2, 10, 21, 5][16, 28, 25][15, 10, 29][1, 3][18, 22][16, 27][14, 24] 
[19, 18, 0, 12, 8, 26][4, 20, 14, 23, 9][3, 11, 17, 22][1, 24, 7, 28][13, 6, 15, 27][2, 10, 21, 5][16, 28, 25][15, 10, 29][18, 22][1, 3][16, 27][14, 24] 
[19, 18, 0, 12, 8, 26][4, 20, 14, 23, 9][3, 11, 17, 22][1, 24, 7, 28][13, 6, 15, 27][2, 10, 21, 5][16, 28, 25][15, 10, 29][18, 22][1, 3][16, 27][14, 24] 
[19, 18, 0, 12, 8, 26][4, 20, 14, 23, 9][1, 24, 7, 28][3, 11, 17, 22][13, 6, 15, 27][2, 10, 21, 5][16, 28, 25][15, 10, 29][1, 3][16, 27][18, 22][14, 24] 
[19, 18, 0, 12, 8, 26][4, 20, 14, 23, 9][3, 11, 17, 22][1, 24, 7, 28][13, 6, 15, 27][2, 10, 21, 5][16, 28, 25][15, 10, 29][1, 3][18, 22][16, 27][14, 24] 
[19, 18, 0, 12, 8, 26][4, 20, 14, 23, 9][2, 10, 21, 5][13, 6, 15, 27][1, 24, 7, 28][3, 11, 17, 22][15, 10, 29][16, 28, 25][16, 27][1, 3][14, 24][18, 22] 
[0, 26, 8, 12, 19, 18][4, 20, 14, 23, 9][2, 10, 21, 5][13, 6, 15, 27][1, 24, 7, 28][3, 11, 17, 22][15, 10, 29][16, 28, 25][16, 27][1, 3][14, 24][17, 19] 
[0, 26, 8, 12, 19, 18][4, 20, 14, 23, 9][13, 6, 15, 27][2, 10, 21, 5][1, 24, 7, 28][3, 11, 17, 22][15, 10, 29][16, 28, 25][16, 27][14, 24][1, 3][17, 19] 
[0, 26, 8, 12, 19, 18][4, 20, 14, 23, 9][1, 24, 7, 28][3, 11, 17, 22][13, 6, 15, 27][2, 10, 21, 5][16, 28, 25][15, 10, 29][14, 24][1, 3][16, 27][17, 19] 
[0, 26, 8, 12, 19, 18][4, 20, 14, 23, 9][13, 6, 15, 27][2, 10, 21, 5][1, 24, 7, 28][3, 11, 17, 22][15, 10, 29][16, 28, 25][16, 27][14, 24][1, 3][17, 19] 
[0, 26, 8, 12, 19, 18][4, 20, 14, 23, 9][13, 6, 15, 27][1, 24, 7, 28][2, 10, 21, 5][3, 11, 17, 22][16, 28, 25][15, 10, 29][16, 27][1, 3][17, 19][14, 24] 
[0, 26, 8, 12, 19, 18][4, 20, 14, 23, 9][1, 24, 7, 28][3, 11, 17, 22][13, 6, 15, 27][2, 10, 21, 5][16, 28, 25][15, 10, 29][14, 24][1, 3][16, 27][17, 19] 
[19, 18, 0, 12, 8, 26][4, 20, 14, 23, 9][1, 24, 7, 28][13, 6, 15, 27][2, 10, 21, 5][3, 11, 17, 22][16, 28, 25][15, 10, 29][14, 24][16, 27][1, 3][18, 22] 
[19, 18, 0, 12, 8, 26][4, 20, 14, 23, 9][13, 6, 15, 27][2, 10, 21, 5][1, 24, 7, 28][3, 11, 17, 22][15, 10, 29][16, 28, 25][16, 27][1, 3][14, 24][18, 22] 
[19, 18, 0, 12, 8, 26][4, 20, 14, 23, 9][1, 24, 7, 28][13, 6, 15, 27][2, 10, 21, 5][3, 11, 17, 22][16, 28, 25][15, 10, 29][16, 27][1, 3][18, 22][14, 24] 
[19, 18, 0, 12, 8, 26][4, 20, 14, 23, 9][3, 11, 17, 22][1, 24, 7, 28][13, 6, 15, 27][2, 10, 21, 5][16, 28, 25][15, 10, 29][1, 3][14, 24][18, 22][16, 27] 
[19, 18, 0, 12, 8, 26][4, 20, 14, 23, 9][1, 24, 7, 28][3, 11, 17, 22][13, 6, 15, 27][2, 10, 21, 5][16, 28, 25][15, 10, 29][1, 3][16, 27][18, 22][14, 24] 
[19, 18, 0, 12, 8, 26][4, 20, 14, 23, 9][13, 6, 15, 27][2, 10, 21, 5][1, 24, 7, 28][3, 11, 17, 22][15, 10, 29][16, 28, 25][16, 27][1, 3][14, 24][18, 22] 
[19, 18, 0, 12, 8, 26][4, 20, 14, 23, 9][1, 24, 7, 28][13, 6, 15, 27][2, 10, 21, 5][3, 11, 17, 22][16, 28, 25][15, 10, 29][14, 24][16, 27][1, 3][18, 22] 
[0, 26, 8, 12, 19, 18][4, 20, 14, 23, 9][3, 11, 17, 22][1, 24, 7, 28][13, 6, 15, 27][2, 10, 21, 5][16, 28, 25][15, 10, 29][17, 19][1, 3][16, 27][14, 24] 
[0, 26, 8, 12, 19, 18][4, 20, 14, 23, 9][1, 24, 7, 28][13, 6, 15, 27][2, 10, 21, 5][3, 11, 17, 22][16, 28, 25][15, 10, 29][14, 24][16, 27][1, 3][17, 19] 
[0, 26, 8, 12, 19, 18][4, 20, 14, 23, 9][2, 10, 21, 5][13, 6, 15, 27][1, 24, 7, 28][3, 11, 17, 22][15, 10, 29][16, 28, 25][16, 27][14, 24][1, 3][17, 19] 
[0, 26, 8, 12, 19, 18][4, 20, 14, 23, 9][3, 11, 17, 22][1, 24, 7, 28][13, 6, 15, 27][2, 10, 21, 5][16, 28, 25][15, 10, 29][17, 19][1, 3][16, 27][14, 24] 
[0, 26, 8, 12, 19, 18][4, 20, 14, 23, 9][1, 24, 7, 28][13, 6, 15, 27][2, 10, 21, 5][3, 11, 17, 22][16, 28, 25][15, 10, 29][14, 24][16, 27][1, 3][17, 19] 
[0, 26, 8, 12, 19, 18][4, 20, 14, 23, 9][3, 11, 17, 22][1, 24, 7, 28][13, 6, 15, 27][2, 10, 21, 5][16, 28, 25][15, 10, 29][17, 19][1, 3][14, 24][16, 27] 
[0, 26, 8, 12, 19, 18][4, 20, 14, 23, 9][1, 24, 7, 28][3, 11, 17, 22][13, 6, 15, 27][2, 10, 21, 5][16, 28, 25][15, 10, 29][1, 3][14, 24][16, 27][17, 19] 
[0, 26, 8, 12, 19, 18][4, 20, 14, 23, 9][2, 10, 21, 5][13, 6, 15, 27][1, 24, 7, 28][3, 11, 17, 22][15, 10, 29][16, 28, 25][16, 27][1, 3][14, 24][17, 19] 
[0, 26, 8, 12, 19, 18][4, 20, 14, 23, 9][2, 10, 21, 5][13, 6, 15, 27][1, 24, 7, 28][3, 11, 17, 22][15, 10, 29][16, 28, 25][16, 27][1, 3][14, 24][17, 19] 
[0, 26, 8, 12, 19, 18][4, 20, 14, 23, 9][1, 24, 7, 28][3, 11, 17, 22][13, 6, 15, 27][2, 10, 21, 5][16, 28, 25][15, 10, 29][1, 3][14, 24][16, 27][17, 19] 
[0, 26, 8, 12, 19, 18][4, 20, 14, 23, 9][13, 6, 15, 27][2, 10, 21, 5][1, 24, 7, 28][3, 11, 17, 22][15, 10, 29][16, 28, 25][16, 27][14, 24][1, 3][17, 19] 
[0, 26, 8, 12, 19, 18][4, 20, 14, 23, 9][3, 11, 17, 22][1, 24, 7, 28][13, 6, 15, 27][2, 10, 21, 5][16, 28, 25][15, 10, 29][17, 19][1, 3][14, 24][16, 27] 
[0, 26, 8, 12, 19, 18][4, 20, 14, 23, 9][13, 6, 15, 27][2, 10, 21, 5][1, 24, 7, 28][3, 11, 17, 22][15, 10, 29][16, 28, 25][16, 27][14, 24][1, 3][17, 19] 
[0, 26, 8, 12, 19, 18][4, 20, 14, 23, 9][2, 10, 21, 5][13, 6, 15, 27][1, 24, 7, 28][3, 11, 17, 22][15, 10, 29][16, 28, 25][16, 27][14, 24][1, 3][17, 19] 
[0, 26, 8, 12, 19, 18][4, 20, 14, 23, 9][2, 10, 21, 5][13, 6, 15, 27][1, 24, 7, 28][3, 11, 17, 22][15, 10, 29][16, 28, 25][16, 27][1, 3][14, 24][17, 19] 
[0, 26, 8, 12, 19, 18][3, 1, 24, 7, 25][4, 20, 14, 23, 9][2, 10, 21, 5][13, 6, 15, 27][15, 10, 29][16, 28, 25][17, 22, 18][16, 27][14, 24][3, 11][11, 17] 
[0, 26, 8, 12, 19, 18][3, 1, 24, 7, 25][4, 20, 14, 23, 9][13, 6, 15, 27][2, 10, 21, 5][16, 28, 25][15, 10, 29][17, 22, 18][3, 11][16, 27][14, 24][11, 17] 
[0, 26, 8, 12, 19, 18][3, 1, 24, 7, 25][4, 20, 14, 23, 9][2, 10, 21, 5][13, 6, 15, 27][15, 10, 29][16, 28, 25][17, 22, 18][16, 27][14, 24][3, 11][11, 17] 
[0, 26, 8, 12, 19, 18][3, 1, 24, 7, 25][4, 20, 14, 23, 9][13, 6, 15, 27][2, 10, 21, 5][16, 28, 25][15, 10, 29][17, 22, 18][3, 11][16, 27][14, 24][11, 17] 
[0, 26, 8, 12, 19, 18][3, 1, 24, 7, 25][4, 20, 14, 23, 9][13, 6, 15, 27][2, 10, 21, 5][16, 28, 25][15, 10, 29][17, 22, 18][3, 11][16, 27][14, 24][11, 17] 
[4, 20, 14, 23, 9][5, 21, 2, 16, 28][0, 26, 8, 12, 19][18, 13, 6, 15, 27][1, 24, 7, 25][3, 11, 17, 22][15, 10, 29][14, 24][25, 28][1, 3][17, 19][16, 27] 
[19, 18, 0, 12, 8, 26][4, 20, 14, 23, 9][3, 11, 17, 22][1, 24, 7, 28][13, 6, 15, 27][2, 10, 21, 5][16, 28, 25][15, 10, 29][1, 3][18, 22][16, 27][14, 24] 
[19, 18, 0, 12, 8, 26][4, 20, 14, 23, 9][1, 24, 7, 28][3, 11, 17, 22][13, 6, 15, 27][2, 10, 21, 5][16, 28, 25][15, 10, 29][1, 3][16, 27][18, 22][14, 24] 
[19, 18, 0, 12, 8, 26][4, 20, 14, 23, 9][2, 10, 21, 5][13, 6, 15, 27][1, 24, 7, 28][3, 11, 17, 22][15, 10, 29][16, 28, 25][16, 27][14, 24][1, 3][18, 22] 
[19, 18, 0, 12, 8, 26][4, 20, 14, 23, 9][2, 10, 21, 5][13, 6, 15, 27][1, 24, 7, 28][3, 11, 17, 22][15, 10, 29][16, 28, 25][16, 27][14, 24][1, 3][18, 22] 
[19, 18, 0, 12, 8, 26][4, 20, 14, 23, 9][1, 24, 7, 28][3, 11, 17, 22][13, 6, 15, 27][2, 10, 21, 5][16, 28, 25][15, 10, 29][14, 24][1, 3][16, 27][18, 22] 
[0, 26, 8, 12, 19, 18][4, 20, 14, 23, 9][3, 11, 17, 22][1, 24, 7, 28][13, 6, 15, 27][2, 10, 21, 5][16, 28, 25][15, 10, 29][17, 19][1, 3][14, 24][16, 27] 
[19, 18, 0, 12, 8, 26][4, 20, 14, 23, 9][3, 11, 17, 22][1, 24, 7, 28][13, 6, 15, 27][2, 10, 21, 5][16, 28, 25][15, 10, 29][18, 22][1, 3][16, 27][14, 24] 
