[6, 5, 21, 15, 2, 29][25, 28, 16, 10, 27][7, 4, 24, 20, 14][12, 8, 26, 0, 19][3, 1, 9, 23][13, 18, 17, 22][10, 15][7, 27][9, 14][3, 11][11, 17][18, 19] 
[6, 5, 21, 15, 2, 29][12, 8, 26, 0, 19][7, 4, 24, 20, 14][25, 28, 16, 10, 27][13, 18, 17, 22][3, 1, 9, 23][18, 19][11, 17][3, 11][14, 23][7, 27][10, 15] 
[14, 20, 24, 4, 7, 27][6, 5, 21, 15, 2, 29][12, 8, 26, 0, 19][10, 16, 28, 25][13, 18, 17, 22][9, 3, 11][3, 1, 23][17, 28][11, 17][18, 19][14, 23][10, 15] 
[6, 5, 21, 15, 2, 29][7, 4, 24, 20, 14][25, 28, 16, 10, 27][12, 8, 26, 0, 19][3, 1, 9, 23][13, 18, 17, 22][7, 27][14, 23][10, 15][17, 28][18, 19][11, 17] 
[6, 5, 21, 15, 2, 29][25, 28, 16, 10, 27][7, 4, 24, 20, 14][12, 8, 26, 0, 19][3, 1, 9, 23][13, 18, 17, 22][10, 15][7, 27][9, 14][3, 11][11, 17][18, 19] 
[6, 5, 21, 15, 2, 29][12, 8, 26, 0, 19][7, 4, 24, 20, 14][25, 28, 16, 10, 27][13, 18, 17, 22][3, 1, 9, 23][18, 19][11, 17][3, 11][14, 23][7, 27][10, 15] 
[6, 5, 21, 15, 2, 29][14, 20, 24, 4, 7, 27][12, 8, 26, 0, 19][10, 16, 28, 25][13, 18, 17, 22][9, 3, 11][3, 1, 23][17, 28][10, 15][11, 17][14, 23][18, 19] 
[6, 5, 21, 15, 2, 29][14, 20, 24, 4, 7, 27][12, 8, 26, 0, 19][13, 18, 17, 22][10, 16, 28, 25][3, 1, 9, 23][17, 28][10, 15][11, 17][3, 11][18, 19][9, 14] 
[6, 5, 21, 15, 2, 29][12, 8, 26, 0, 19][25, 28, 16, 10, 27][7, 4, 24, 20, 14][13, 18, 17, 22][3, 1, 9, 23][18, 19][11, 17][3, 11][17, 28][10, 15][14, 23] 
[6, 5, 21, 15, 2, 29][7, 4, 24, 20, 14][25, 28, 16, 10, 27][12, 8, 26, 0, 19][3, 1, 9, 23][13, 18, 17, 22][9, 14][3, 11][11, 17][17, 28][18, 19][10, 15] 
[6, 5, 21, 15, 2, 29][25, 28, 16, 10, 27][7, 4, 24, 20, 14][12, 8, 26, 0, 19][3, 1, 9, 23][13, 18, 17, 22][10, 15][7, 27][9, 14][3, 11][11, 17][18, 19] 
[6, 5, 21, 15, 2, 29][7, 4, 24, 20, 14][25, 28, 16, 10, 27][12, 8, 26, 0, 19][3, 1, 9, 23][13, 18, 17, 22][14, 23][3, 11][10, 15][11, 17][18, 19][7, 27] 
[14, 20, 24, 4, 7, 27][6, 5, 21, 15, 2, 29][12, 8, 26, 0, 19][13, 18, 17, 22][10, 16, 28, 25][9, 3, 11][3, 1, 23][18, 19][17, 28][11, 17][14, 23][10, 15] 
[6, 5, 21, 15, 2, 29][7, 4, 24, 20, 14][25, 28, 16, 10, 27][12, 8, 26, 0, 19][3, 1, 9, 23][13, 18, 17, 22][7, 27][10, 15][9, 14][3, 11][11, 17][18, 19] 
[6, 5, 21, 15, 2, 29][12, 8, 26, 0, 19][7, 4, 24, 20, 14][25, 28, 16, 10, 27][13, 18, 17, 22][3, 1, 9, 23][18, 19][11, 17][3, 11][14, 23][7, 27][10, 15] 
[14, 20, 24, 4, 7, 27][6, 5, 21, 15, 2, 29][12, 8, 26, 0, 19][13, 18, 17, 22][10, 16, 28, 25][3, 1, 9, 23][11, 17][17, 28][3, 11][9, 14][18, 19][10, 15] 
[6, 5, 21, 15, 2, 29][12, 8, 26, 0, 19][7, 4, 24, 20, 14][25, 28, 16, 10, 27][13, 18, 17, 22][3, 1, 9, 23][18, 19][11, 17][3, 11][9, 14][7, 27][10, 15] 
[6, 5, 21, 15, 2, 29][12, 8, 26, 0, 19][7, 4, 24, 20, 14][25, 28, 16, 10, 27][13, 18, 17, 22][3, 1, 9, 23][18, 19][11, 17][3, 11][14, 23][7, 27][10, 15] 
[6, 5, 21, 15, 2, 29][7, 4, 24, 20, 14][25, 28, 16, 10, 27][12, 8, 26, 0, 19][3, 1, 9, 23][13, 18, 17, 22][7, 27][9, 14][10, 15][3, 11][11, 17][18, 19] 
[6, 5, 21, 15, 2, 29][7, 4, 24, 20, 14][25, 28, 16, 10, 27][12, 8, 26, 0, 19][3, 1, 9, 23][13, 18, 17, 22][9, 14][7, 27][3, 11][10, 15][11, 17][18, 19] 
[6, 5, 21, 15, 2, 29][25, 28, 16, 10, 27][7, 4, 24, 20, 14][12, 8, 26, 0, 19][3, 1, 9, 23][13, 18, 17, 22][10, 15][7, 27][9, 14][3, 11][11, 17][18, 19] 
[6, 5, 21, 15, 2, 29][12, 8, 26, 0, 19][7, 4, 24, 20, 14][25, 28, 16, 10, 27][13, 18, 17, 22][3, 1, 9, 23][11, 17][18, 19][3, 11][14, 23][7, 27][10, 15] 
[6, 5, 21, 15, 2, 29][14, 20, 24, 4, 7, 27][12, 8, 26, 0, 19][10, 16, 28, 25][13, 18, 17, 22][9, 3, 11][3, 1, 23][17, 28][10, 15][11, 17][14, 23][18, 19] 
[6, 5, 21, 15, 2, 29][7, 4, 24, 20, 14][25, 28, 16, 10, 27][12, 8, 26, 0, 19][3, 1, 9, 23][13, 18, 17, 22][3, 11][9, 14][7, 27][10, 15][11, 17][18, 19] 
[6, 5, 21, 15, 2, 29][25, 28, 16, 10, 27][7, 4, 24, 20, 14][12, 8, 26, 0, 19][3, 1, 9, 23][13, 18, 17, 22][10, 15][7, 27][14, 23][3, 11][11, 17][18, 19] 
[6, 5, 21, 15, 2, 29][14, 20, 24, 4, 7, 27][12, 8, 26, 0, 19][13, 18, 17, 22][10, 16, 28, 25][3, 1, 9, 23][17, 28][10, 15][11, 17][3, 11][18, 19][9, 14] 
[6, 5, 21, 15, 2, 29][7, 4, 24, 20, 14][25, 28, 16, 10, 27][12, 8, 26, 0, 19][3, 1, 9, 23][13, 18, 17, 22][9, 14][3, 11][7, 27][10, 15][11, 17][18, 19] 
[6, 5, 21, 15, 2, 29][12, 8, 26, 0, 19][7, 4, 24, 20, 14][25, 28, 16, 10, 27][13, 18, 17, 22][3, 1, 9, 23][18, 19][11, 17][3, 11][14, 23][7, 27][10, 15] 
[6, 5, 21, 15, 2, 29][12, 8, 26, 0, 19][7, 4, 24, 20, 14][25, 28, 16, 10, 27][13, 18, 17, 22][3, 1, 9, 23][18, 19][11, 17][3, 11][9, 14][7, 27][10, 15] 
[6, 5, 21, 15, 2, 29][7, 4, 24, 20, 14][25, 28, 16, 10, 27][12, 8, 26, 0, 19][3, 1, 9, 23][13, 18, 17, 22][3, 11][9, 14][7, 27][10, 15][11, 17][18, 19] 
[6, 5, 21, 15, 2, 29][7, 4, 24, 20, 14][25, 28, 16, 10, 27][12, 8, 26, 0, 19][3, 1, 9, 23][13, 18, 17, 22][9, 14][3, 11][7, 27][10, 15][11, 17][18, 19] 
[6, 5, 21, 15, 2, 29][12, 8, 26, 0, 19][7, 4, 24, 20, 14][25, 28, 16, 10, 27][13, 18, 17, 22][3, 1, 9, 23][11, 17][3, 11][18, 19][14, 23][7, 27][10, 15] 
[6, 5, 21, 15, 2, 29][7, 4, 24, 20, 14][25, 28, 16, 10, 27][12, 8, 26, 0, 19][3, 1, 9, 23][13, 18, 17, 22][9, 14][7, 27][10, 15][3, 11][11, 17][18, 19] 
[6, 5, 21, 15, 2, 29][25, 28, 16, 10, 27][7, 4, 24, 20, 14][12, 8, 26, 0, 19][3, 1, 9, 23][13, 18, 17, 22][10, 15][7, 27][9, 14][3, 11][11, 17][18, 19] 
[6, 5, 21, 15, 2, 29][7, 4, 24, 20, 14][25, 28, 16, 10, 27][12, 8, 26, 0, 19][3, 1, 9, 23][13, 18, 17, 22][9, 14][7, 27][10, 15][3, 11][11, 17][18, 19] 
[10, 7, 20, 23, 1, 24, 14, 9, 3, 11, 17][10, 6, 13, 18, 19, 22, 0, 26, 8, 12][6, 5, 21, 15, 2, 29, 27][10, 6, 13, 18, 19][10, 16, 28, 25][3, 11][4, 7][3, 11][3, 11][7, 20][16, 28][3, 11] 
[10, 7, 20, 23, 1, 24, 14, 9, 3, 11, 17][12, 8, 26, 0, 22, 19, 18, 13, 6, 10, 27][6, 5, 21, 15, 2, 29][10, 16, 28, 25][13, 18][13, 18][4, 7][13, 18][13, 18][3, 11][7, 20][3, 11] 
[10, 7, 20, 23, 1, 24, 14, 9, 3, 11, 17][10, 6, 13, 18, 19, 22, 0, 26, 8, 12][6, 5, 21, 15, 2, 29, 27][10, 16, 28, 25][3, 11][4, 7][3, 11][7, 20][3, 11][13, 18][16, 28][16, 28] 
[10, 7, 20, 23, 1, 24, 14, 9, 3, 11, 17][6, 13, 18, 19, 22, 0, 26, 8, 12][6, 5, 21, 15, 2, 29, 27][25, 28, 16, 10, 27][12, 8, 26][13, 18][18, 19][4, 7][18, 19][2, 29][18, 19][8, 12] 
[10, 7, 20, 23, 1, 24, 14, 9, 3, 11, 17][6, 13, 18, 19, 22, 0, 26, 8, 12][6, 5, 21, 15, 2, 29, 27][10, 16, 28, 25][4, 7][7, 20][3, 11][7, 20][3, 11][6, 10][18, 19][3, 11] 
[10, 7, 20, 23, 1, 24, 14, 9, 3, 11, 17][6, 13, 18, 19, 22, 0, 26, 8, 12][6, 5, 21, 15, 2, 29, 27][10, 16, 28, 25][1, 23][13, 18][4, 7][18, 19][10, 15][7, 20][3, 11][13, 18] 
[10, 7, 20, 23, 1, 24, 14, 9, 3, 11, 17][10, 6, 13, 18, 19, 22, 0, 26, 8, 12][6, 5, 21, 15, 2, 29, 27][10, 6, 13, 18, 19][10, 16, 28, 25][3, 11][4, 7][3, 11][3, 11][7, 20][16, 28][3, 11] 
[10, 7, 20, 23, 1, 24, 14, 9, 3, 11, 17][10, 6, 13, 18, 19, 22, 0, 26, 8, 12][6, 5, 21, 15, 2, 29, 27][10, 16, 28, 25][16, 28][13, 18][4, 7][11, 17][25, 28][18, 19][25, 28][18, 19] 
[10, 7, 20, 23, 1, 24, 14, 9, 3, 11, 17][6, 13, 18, 19, 22, 0, 26, 8, 12][6, 5, 21, 15, 2, 29, 27][25, 28, 16, 10, 27][12, 8, 26][13, 18][18, 19][4, 7][18, 19][2, 29][18, 19][8, 12] 
[10, 7, 20, 23, 1, 24, 14, 9, 3, 11, 17][12, 8, 26, 0, 22, 19, 18, 13, 6, 10, 27][5, 21, 15, 2, 29, 27][10, 16, 28][4, 7][13, 18][25, 28][13, 18][3, 11][13, 18][13, 18][13, 18] 
[10, 7, 20, 23, 1, 24, 14, 9, 3, 11, 17][10, 6, 13, 18, 19, 22, 0, 26, 8, 12][6, 5, 21, 15, 2, 29, 27][10, 16, 28, 25][13, 18][4, 7][3, 11][18, 19][3, 11][13, 18][3, 11][13, 18] 
[10, 7, 20, 23, 1, 24, 14, 9, 3, 11, 17][10, 6, 13, 18, 19, 22, 0, 26, 8, 12][6, 5, 21, 15, 2, 29, 27][7, 25, 28, 16][18, 19][4, 7][3, 11][25, 28][3, 11][25, 28][2, 29][25, 28] 
[10, 7, 20, 23, 1, 24, 14, 9, 3, 11, 17][6, 13, 18, 19, 22, 0, 26, 8, 12][6, 5, 21, 15, 2, 29, 27][10, 16, 28, 25][13, 18][6, 10][4, 7][3, 11][3, 11][13, 18][13, 18][3, 11] 
[12, 8, 26, 0, 22, 19, 18, 13, 6, 10, 27][10, 7, 20, 23, 1, 24, 14, 9, 3, 11, 17][5, 21, 15, 2, 29, 27][10, 16, 28, 25][13, 18][4, 7][13, 18][16, 28][13, 18][13, 18][13, 18][13, 18] 
[10, 7, 20, 23, 1, 24, 14, 9, 3, 11, 17][10, 6, 13, 18, 19, 22, 0, 26, 8, 12][6, 5, 21, 15, 2, 29, 27][10, 16, 28, 25][13, 18][4, 7][3, 11][18, 19][3, 11][13, 18][3, 11][13, 18] 
[10, 7, 20, 23, 1, 24, 14, 9, 3, 11, 17][10, 6, 13, 18, 19, 22, 0, 26, 8, 12][6, 5, 21, 15, 2, 29, 27][10, 16, 28, 25][18, 19][4, 7][13, 18][7, 20][13, 18][3, 11][13, 18][16, 28] 
[10, 7, 20, 23, 1, 24, 14, 9, 3, 11, 17][10, 6, 13, 18, 19, 22, 0, 26, 8, 12][6, 5, 21, 15, 2, 29, 27][7, 25, 28, 16][18, 19][4, 7][3, 11][25, 28][3, 11][25, 28][2, 29][25, 28] 
[10, 7, 20, 23, 1, 24, 14, 9, 3, 11, 17][10, 6, 13, 18, 19, 22, 0, 26, 8, 12][6, 5, 21, 15, 2, 29, 27][10, 16, 28][25, 28][3, 11][18, 19][18, 19][3, 11][18, 19][3, 11][4, 7] 
[12, 8, 26, 0, 22, 19, 18, 13, 6, 10, 27][10, 7, 20, 23, 1, 24, 14, 9, 3, 11, 17][5, 21, 15, 2, 29, 27][10, 16, 28, 25][13, 18][4, 7][13, 18][16, 28][13, 18][13, 18][13, 18][13, 18] 
[10, 7, 20, 23, 1, 24, 14, 9, 3, 11, 17][10, 6, 13, 18, 19, 22, 0, 26, 8, 12][6, 5, 21, 15, 2, 29, 27][10, 16, 28, 25][3, 11][4, 7][18, 19][13, 18][18, 19][3, 11][3, 11][13, 18] 
[10, 7, 20, 23, 1, 24, 14, 9, 3, 11, 17][10, 6, 13, 18, 19, 22, 0, 26, 8, 12][6, 5, 21, 15, 2, 29, 27][10, 16, 28, 25][18, 19][4, 7][13, 18][7, 20][13, 18][3, 11][13, 18][16, 28] 
[7, 4, 24, 20, 14, 9][6, 5, 21, 15, 2, 29][12, 8, 26, 0, 19][25, 28, 16, 10, 27][13, 18, 17, 22][3, 1, 23][18, 19][17, 28][11, 17][3, 11][14, 23][10, 15] 
[7, 4, 24, 20, 14, 9][6, 5, 21, 15, 2, 29][12, 8, 26, 0, 19][25, 28, 16, 10, 27][13, 18, 17, 22][3, 1, 23][18, 19][11, 17][17, 28][3, 11][14, 23][10, 15] 
[7, 4, 24, 20, 14, 9][6, 5, 21, 15, 2, 29][12, 8, 26, 0, 19][25, 28, 16, 10, 27][13, 18, 17, 22][3, 1, 23][14, 23][3, 11][11, 17][18, 19][17, 28][10, 15] 
[7, 4, 24, 20, 14, 9][6, 5, 21, 15, 2, 29][12, 8, 26, 0, 19][25, 28, 16, 10, 27][13, 18, 17, 22][3, 1, 23][3, 11][14, 23][11, 17][18, 19][17, 28][10, 15] 
[6, 5, 21, 15, 2, 29][7, 4, 24, 20, 14, 9][12, 8, 26, 0, 19][25, 28, 16, 10, 27][13, 18, 17, 22][3, 1, 23][18, 19][17, 28][10, 15][11, 17][3, 11][14, 23] 
[6, 5, 21, 15, 2, 29][7, 4, 24, 20, 14, 9][12, 8, 26, 0, 19][25, 28, 16, 10, 27][13, 18, 17, 22][3, 1, 23][18, 19][17, 28][10, 15][11, 17][3, 11][14, 23] 
[6, 5, 21, 15, 2, 29][7, 4, 24, 20, 14, 9][12, 8, 26, 0, 19][25, 28, 16, 10, 27][13, 18, 17, 22][3, 1, 23][18, 19][17, 28][11, 17][10, 15][3, 11][14, 23] 
[7, 4, 24, 20, 14, 9][6, 5, 21, 15, 2, 29][25, 28, 16, 10, 27][12, 8, 26, 0, 19][13, 18, 17, 22][3, 1, 23][14, 23][3, 11][11, 17][17, 28][18, 19][10, 15] 
[7, 4, 24, 20, 14, 9][6, 5, 21, 15, 2, 29][12, 8, 26, 0, 19][25, 28, 16, 10, 27][13, 18, 17, 22][3, 1, 23][3, 11][14, 23][11, 17][18, 19][17, 28][10, 15] 
[7, 4, 24, 20, 14, 9][6, 5, 21, 15, 2, 29][25, 28, 16, 10, 27][12, 8, 26, 0, 19][13, 18, 17, 22][3, 1, 23][14, 23][3, 11][11, 17][17, 28][18, 19][10, 15] 
[6, 5, 21, 15, 2, 29][7, 4, 24, 20, 14, 9][25, 28, 16, 10, 27][12, 8, 26, 0, 19][13, 18, 17, 22][3, 1, 23][10, 15][17, 28][11, 17][18, 19][3, 11][14, 23] 
[7, 4, 24, 20, 14, 9][6, 5, 21, 15, 2, 29][12, 8, 26, 0, 19][25, 28, 16, 10, 27][13, 18, 17, 22][3, 1, 23][14, 23][3, 11][11, 17][18, 19][17, 28][10, 15] 
[6, 5, 21, 15, 2, 29][7, 4, 24, 20, 14, 9][12, 8, 26, 0, 19][25, 28, 16, 10, 27][13, 18, 17, 22][3, 1, 23][18, 19][17, 28][11, 17][10, 15][3, 11][14, 23] 
[7, 4, 24, 20, 14, 9][6, 5, 21, 15, 2, 29][25, 28, 16, 10, 27][12, 8, 26, 0, 19][13, 18, 17, 22][3, 1, 23][14, 23][3, 11][11, 17][17, 28][10, 15][18, 19] 
[7, 4, 24, 20, 14, 9][6, 5, 21, 15, 2, 29][12, 8, 26, 0, 19][25, 28, 16, 10, 27][13, 18, 17, 22][3, 1, 23][14, 23][3, 11][11, 17][18, 19][17, 28][10, 15] 
[6, 5, 21, 15, 2, 29][25, 28, 16, 10, 27][7, 4, 24, 20, 14][12, 8, 26, 0, 19][3, 1, 9, 23][13, 18, 17, 22][7, 27][9, 14][10, 15][3, 11][11, 17][18, 19] 
[6, 5, 21, 15, 2, 29][25, 28, 16, 10, 27][7, 4, 24, 20, 14][12, 8, 26, 0, 19][3, 1, 9, 23][13, 18, 17, 22][7, 27][9, 14][10, 15][3, 11][11, 17][18, 19] 
[6, 5, 21, 15, 2, 29][25, 28, 16, 10, 27][12, 8, 26, 0, 19][7, 4, 24, 20, 14][3, 1, 9, 23][13, 18, 17, 22][3, 11][9, 14][11, 17][7, 27][18, 19][10, 15] 
[6, 5, 21, 15, 2, 29][12, 8, 26, 0, 19][7, 4, 24, 20, 14][25, 28, 16, 10, 27][13, 18, 17, 22][3, 1, 9, 23][11, 17][18, 19][3, 11][9, 14][7, 27][10, 15] 
[6, 5, 21, 15, 2, 29][12, 8, 26, 0, 19][7, 4, 24, 20, 14][25, 28, 16, 10, 27][3, 1, 9, 23][13, 18, 17, 22][3, 11][11, 17][18, 19][9, 14][7, 27][10, 15] 
[7, 4, 24, 20, 14, 9][6, 5, 21, 15, 2, 29][12, 8, 26, 0, 19][25, 28, 16, 10, 27][13, 18, 17, 22][3, 1, 23][11, 17][18, 19][3, 11][14, 23][7, 27][10, 15] 
[6, 5, 21, 15, 2, 29][7, 4, 24, 20, 14, 9][25, 28, 16, 10, 27][12, 8, 26, 0, 19][13, 18, 17, 22][3, 1, 23][10, 15][17, 28][11, 17][18, 19][3, 11][14, 23] 
[6, 5, 21, 15, 2, 29][7, 4, 24, 20, 14, 9][25, 28, 16, 10, 27][12, 8, 26, 0, 19][13, 18, 17, 22][3, 1, 23][10, 15][17, 28][11, 17][18, 19][3, 11][14, 23] 
[6, 5, 21, 15, 2, 29][7, 4, 24, 20, 14, 9][25, 28, 16, 10, 27][12, 8, 26, 0, 19][13, 18, 17, 22][3, 1, 23][10, 15][17, 28][18, 19][11, 17][3, 11][14, 23] 
[6, 5, 21, 15, 2, 29][7, 4, 24, 20, 14, 9][25, 28, 16, 10, 27][12, 8, 26, 0, 19][13, 18, 17, 22][3, 1, 23][10, 15][17, 28][11, 17][18, 19][3, 11][14, 23] 
[7, 4, 24, 20, 14, 9][6, 5, 21, 15, 2, 29][25, 28, 16, 10, 27][12, 8, 26, 0, 19][13, 18, 17, 22][3, 1, 23][14, 23][3, 11][11, 17][17, 28][10, 15][18, 19] 
[6, 5, 21, 15, 2, 29, 27][7, 4, 24, 20, 14, 9][12, 8, 26, 0, 19][13, 18, 17, 22][10, 16, 28, 25][3, 1, 23][17, 28][10, 15][11, 17][3, 11][14, 23][18, 19] 
[6, 5, 21, 15, 2, 29][7, 4, 24, 20, 14, 9][25, 28, 16, 10, 27][12, 8, 26, 0, 19][13, 18, 17, 22][3, 1, 23][10, 15][17, 28][18, 19][11, 17][3, 11][14, 23] 
[6, 5, 21, 15, 2, 29][7, 4, 24, 20, 14][25, 28, 16, 10, 27][12, 8, 26, 0, 19][3, 1, 9, 23][13, 18, 17, 22][9, 14][7, 27][10, 15][3, 11][11, 17][18, 19] 
[6, 5, 21, 15, 2, 29][25, 28, 16, 10, 27][7, 4, 24, 20, 14][12, 8, 26, 0, 19][3, 1, 9, 23][13, 18, 17, 22][10, 15][7, 27][9, 14][3, 11][11, 17][18, 19] 
[6, 5, 21, 15, 2, 29][7, 4, 24, 20, 14][25, 28, 16, 10, 27][12, 8, 26, 0, 19][3, 1, 9, 23][13, 18, 17, 22][7, 27][10, 15][9, 14][3, 11][11, 17][18, 19] 
[6, 5, 21, 15, 2, 29][25, 28, 16, 10, 27][7, 4, 24, 20, 14][12, 8, 26, 0, 19][3, 1, 9, 23][13, 18, 17, 22][7, 27][9, 14][3, 11][11, 17][18, 19][10, 15] 
[6, 5, 21, 15, 2, 29][7, 4, 24, 20, 14][25, 28, 16, 10, 27][12, 8, 26, 0, 19][3, 1, 9, 23][13, 18, 17, 22][9, 14][3, 11][7, 27][11, 17][18, 19][10, 15] 
[6, 5, 21, 15, 2, 29][7, 4, 24, 20, 14][25, 28, 16, 10, 27][12, 8, 26, 0, 19][3, 1, 9, 23][13, 18, 17, 22][7, 27][10, 15][9, 14][3, 11][11, 17][18, 19] 
[6, 5, 21, 15, 2, 29][7, 4, 24, 20, 14][25, 28, 16, 10, 27][12, 8, 26, 0, 19][3, 1, 9, 23][13, 18, 17, 22][3, 11][9, 14][7, 27][10, 15][11, 17][18, 19] 
[6, 5, 21, 15, 2, 29][7, 4, 24, 20, 14][25, 28, 16, 10, 27][12, 8, 26, 0, 19][3, 1, 9, 23][13, 18, 17, 22][9, 14][7, 27][10, 15][3, 11][11, 17][18, 19] 
[6, 5, 21, 15, 2, 29][7, 4, 24, 20, 14][25, 28, 16, 10, 27][12, 8, 26, 0, 19][3, 1, 9, 23][13, 18, 17, 22][9, 14][3, 11][7, 27][11, 17][18, 19][10, 15] 
[6, 5, 21, 15, 2, 29][7, 4, 24, 20, 14][25, 28, 16, 10, 27][12, 8, 26, 0, 19][3, 1, 9, 23][13, 18, 17, 22][9, 14][7, 27][10, 15][3, 11][11, 17][18, 19] 
[6, 5, 21, 15, 2, 29][25, 28, 16, 10, 27][7, 4, 24, 20, 14][12, 8, 26, 0, 19][3, 1, 9, 23][13, 18, 17, 22][10, 15][7, 27][9, 14][3, 11][11, 17][18, 19] 
[6, 5, 21, 15, 2, 29][7, 4, 24, 20, 14][25, 28, 16, 10, 27][12, 8, 26, 0, 19][3, 1, 9, 23][13, 18, 17, 22][7, 27][10, 15][9, 14][3, 11][11, 17][18, 19] 
[6, 5, 21, 15, 2, 29][25, 28, 16, 10, 27][7, 4, 24, 20, 14][12, 8, 26, 0, 19][3, 1, 9, 23][13, 18, 17, 22][7, 27][9, 14][3, 11][11, 17][18, 19][10, 15] 
[6, 5, 21, 15, 2, 29][7, 4, 24, 20, 14][25, 28, 16, 10, 27][12, 8, 26, 0, 19][3, 1, 9, 23][13, 18, 17, 22][3, 11][9, 14][7, 27][10, 15][11, 17][18, 19] 
[6, 5, 21, 15, 2, 29][7, 4, 24, 20, 14][25, 28, 16, 10, 27][12, 8, 26, 0, 19][3, 1, 9, 23][13, 18, 17, 22][7, 27][9, 14][3, 11][10, 15][11, 17][18, 19] 
[6, 5, 21, 15, 2, 29][12, 8, 26, 0, 19][11, 3, 1, 9, 23][7, 4, 24, 20, 14][25, 28, 16, 10, 27][13, 18, 17, 22][18, 19][11, 17][3, 11][9, 14][7, 27][10, 15] 
[6, 5, 21, 15, 2, 29][11, 3, 1, 9, 23][12, 8, 26, 0, 19][7, 4, 24, 20, 14][25, 28, 16, 10, 27][13, 18, 17, 22][3, 11][11, 17][18, 19][9, 14][7, 27][10, 15] 
[6, 5, 21, 15, 2, 29][12, 8, 26, 0, 19][11, 3, 1, 9, 23][7, 4, 24, 20, 14][25, 28, 16, 10, 27][13, 18, 17, 22][18, 19][11, 17][3, 11][9, 14][7, 27][10, 15] 
[6, 5, 21, 15, 2, 29][12, 8, 26, 0, 19][11, 3, 1, 9, 23][7, 4, 24, 20, 14][25, 28, 16, 10, 27][13, 18, 17, 22][18, 19][11, 17][3, 11][9, 14][7, 27][10, 15] 
[6, 5, 21, 15, 2, 29][25, 28, 16, 10, 27][7, 4, 24, 20, 14][11, 3, 1, 9, 23][12, 8, 26, 0, 19][13, 18, 17, 22][10, 15][7, 27][9, 14][3, 11][11, 17][18, 19] 
[6, 5, 21, 15, 2, 29, 27][7, 25, 28, 16, 10][12, 8, 26, 0, 19][11, 3, 24, 4, 20][13, 18, 17, 22][3, 1, 9, 23][2, 29][10, 15][17, 28][18, 19][11, 17][14, 23] 
[6, 5, 21, 15, 2, 29][14, 20, 24, 4, 7, 27][12, 8, 26, 0, 19][10, 16, 28, 25][13, 18, 17, 22][3, 1, 9, 23][17, 28][11, 17][3, 11][18, 19][10, 15][9, 14] 
[6, 5, 21, 15, 2, 29][14, 20, 24, 4, 7, 27][12, 8, 26, 0, 19][13, 18, 17, 22][10, 16, 28, 25][3, 1, 9, 23][11, 17][17, 28][3, 11][10, 15][18, 19][9, 14] 
[14, 20, 24, 4, 7, 27][6, 5, 21, 15, 2, 29][12, 8, 26, 0, 19][13, 18, 17, 22][10, 16, 28, 25][3, 1, 9, 23][18, 19][11, 17][17, 28][3, 11][9, 14][10, 15] 
[14, 20, 24, 4, 7, 27][6, 5, 21, 15, 2, 29][12, 8, 26, 0, 19][13, 18, 17, 22][3, 1, 9, 23][10, 16, 28, 25][18, 19][11, 17][3, 11][17, 28][9, 14][10, 15] 
[6, 5, 21, 15, 2, 29][14, 20, 24, 4, 7, 27][12, 8, 26, 0, 19][10, 16, 28, 25][13, 18, 17, 22][3, 1, 9, 23][17, 28][11, 17][3, 11][18, 19][10, 15][9, 14] 
[6, 5, 21, 15, 2, 29][12, 8, 26, 0, 19][7, 4, 24, 20, 14][25, 28, 16, 10, 27][3, 1, 9, 23][13, 18, 17, 22][3, 11][11, 17][18, 19][9, 14][7, 27][10, 15] 
[6, 5, 21, 15, 2, 29][14, 20, 24, 4, 7, 27][12, 8, 26, 0, 19][13, 18, 17, 22][10, 16, 28, 25][3, 1, 9, 23][18, 19][11, 17][17, 28][3, 11][10, 15][9, 14] 
