[6, 10, 15, 5, 21][17, 19, 12, 8, 26][9, 1, 23, 14, 24][27, 7, 16, 2, 29][13, 0, 18, 22][3, 11, 25, 28][4, 20, 7][6, 13][22, 25][17, 22][3, 23][4, 24] 
[6, 10, 15, 5, 21][9, 1, 23, 14, 24][17, 19, 12, 8, 26][27, 7, 16, 2, 29][13, 0, 18, 22][3, 11, 25, 28][4, 20, 7][6, 13][22, 25][3, 23][17, 22][4, 24] 
[17, 19, 12, 8, 26][9, 1, 23, 14, 24][6, 10, 15, 5, 21][27, 7, 16, 2, 29][3, 11, 25, 28][13, 0, 18, 22][4, 20, 7][22, 25][17, 22][3, 23][6, 13][4, 24] 
[6, 10, 15, 5, 21][17, 19, 12, 8, 26][9, 1, 23, 14, 24][27, 7, 16, 2, 29][13, 0, 18, 22][3, 11, 25, 28][4, 20, 7][6, 13][22, 25][17, 22][3, 23][4, 24] 
[4, 24, 14, 23, 1, 9][27, 7, 16, 2, 29][19, 17, 12, 8, 26][3, 11, 25, 28][10, 15, 5, 21][0, 13, 6][0, 18, 22][3, 23, 20][22, 25][6, 15][7, 20][17, 22] 
[4, 24, 14, 23, 1, 9][27, 7, 16, 2, 29][19, 17, 12, 8, 26][3, 11, 25, 28][10, 15, 5, 21][3, 23, 20][0, 18, 22][0, 13, 6][7, 20][22, 25][6, 15][17, 22] 
[4, 24, 14, 23, 1, 9][27, 7, 16, 2, 29][17, 19, 12, 8, 26][3, 11, 25, 28][10, 15, 5, 21][3, 23, 20][0, 18, 22][0, 13, 6][22, 25][7, 20][6, 15][17, 22] 
[4, 24, 14, 23, 1, 9][17, 19, 12, 8, 26][27, 7, 16, 2, 29][3, 11, 25, 28][10, 15, 5, 21][3, 23, 20][0, 18, 22][0, 13, 6][22, 25][17, 22][6, 15][7, 20] 
[4, 24, 14, 23, 1, 9][17, 19, 12, 8, 26][27, 7, 16, 2, 29][3, 11, 25, 28][10, 15, 5, 21][3, 23, 20][0, 18, 22][0, 13, 6][22, 25][17, 22][6, 15][7, 20] 
[4, 24, 14, 23, 1, 9][27, 7, 16, 2, 29][17, 19, 12, 8, 26][3, 11, 25, 28][10, 15, 5, 21][3, 23, 20][0, 18, 22][0, 13, 6][7, 20][22, 25][6, 15][17, 22] 
[17, 19, 12, 8, 26][6, 10, 15, 5, 21][9, 1, 23, 14, 24][27, 7, 16, 2, 29][13, 0, 18, 22][3, 11, 25, 28][4, 20, 7][17, 22][6, 13][22, 25][3, 23][4, 24] 
[9, 1, 23, 14, 24][27, 7, 16, 2, 29][6, 10, 15, 5, 21][17, 19, 12, 8, 26][3, 11, 25, 28][13, 0, 18, 22][4, 20, 7][3, 23][22, 25][4, 24][6, 13][17, 22] 
[9, 1, 23, 14, 24][27, 7, 16, 2, 29][6, 10, 15, 5, 21][17, 19, 12, 8, 26][3, 11, 25, 28][13, 0, 18, 22][4, 20, 7][4, 24][3, 23][22, 25][6, 13][17, 22] 
[4, 24, 14, 23, 1, 9][19, 17, 12, 8, 26][27, 7, 16, 2, 29][3, 11, 25, 28][10, 15, 5, 21][0, 13, 6][0, 18, 22][3, 23, 20][17, 22][22, 25][6, 15][7, 20] 
[4, 24, 14, 23, 1, 9][27, 7, 16, 2, 29][19, 17, 12, 8, 26][3, 11, 25, 28][10, 15, 5, 21][3, 23, 20][0, 18, 22][0, 13, 6][7, 20][22, 25][6, 15][17, 22] 
[4, 24, 14, 23, 1, 9][17, 19, 12, 8, 26][27, 7, 16, 2, 29][10, 15, 5, 21][3, 11, 25, 28][0, 18, 22][0, 13, 6][3, 23, 20][17, 22][6, 15][22, 25][7, 20] 
[9, 1, 23, 14, 24][27, 7, 16, 2, 29][6, 10, 15, 5, 21][17, 19, 12, 8, 26][3, 11, 25, 28][13, 0, 18, 22][4, 20, 7][3, 23][22, 25][4, 24][6, 13][17, 22] 
[6, 10, 15, 5, 21][17, 19, 12, 8, 26][9, 1, 23, 14, 24][27, 7, 16, 2, 29][13, 0, 18, 22][3, 11, 25, 28][4, 20, 7][6, 13][17, 22][22, 25][3, 23][4, 24] 
[4, 24, 14, 23, 1, 9][19, 17, 12, 8, 26][27, 7, 16, 2, 29][10, 15, 5, 21][3, 11, 25, 28][0, 13, 6][0, 18, 22][3, 23, 20][6, 15][22, 25][17, 22][7, 20] 
[6, 10, 15, 5, 21][9, 1, 23, 14, 24][17, 19, 12, 8, 26][27, 7, 16, 2, 29][13, 0, 18, 22][3, 11, 25, 28][4, 20, 7][6, 13][22, 25][3, 23][17, 22][4, 24] 
[17, 19, 12, 8, 26][9, 1, 23, 14, 24][6, 10, 15, 5, 21][27, 7, 16, 2, 29][3, 11, 25, 28][13, 0, 18, 22][4, 20, 7][22, 25][17, 22][3, 23][6, 13][4, 24] 
[6, 10, 15, 5, 21][17, 19, 12, 8, 26][9, 1, 23, 14, 24][27, 7, 16, 2, 29][13, 0, 18, 22][3, 11, 25, 28][4, 20, 7][22, 25][6, 13][17, 22][3, 23][4, 24] 
[9, 1, 23, 14, 24][27, 7, 16, 2, 29][17, 19, 12, 8, 26][6, 10, 15, 5, 21][3, 11, 25, 28][13, 0, 18, 22][4, 20, 7][3, 23][22, 25][4, 24][17, 22][6, 13] 
[4, 24, 14, 23, 1, 9][27, 7, 16, 2, 29][19, 17, 12, 8, 26][3, 11, 25, 28][10, 15, 5, 21][3, 23, 20][0, 18, 22][0, 13, 6][7, 20][22, 25][6, 15][17, 22] 
[4, 24, 14, 23, 1, 9][19, 17, 12, 8, 26][27, 7, 16, 2, 29][3, 11, 25, 28][10, 15, 5, 21][3, 23, 20][0, 18, 22][0, 13, 6][22, 25][17, 22][7, 20][6, 15] 
[4, 24, 14, 23, 1, 9][17, 19, 12, 8, 26][27, 7, 16, 2, 29][10, 15, 5, 21][3, 11, 25, 28][0, 18, 22][0, 13, 6][3, 23, 20][17, 22][6, 15][22, 25][7, 20] 
[9, 1, 23, 14, 24][27, 7, 16, 2, 29][6, 10, 15, 5, 21][17, 19, 12, 8, 26][3, 11, 25, 28][13, 0, 18, 22][4, 20, 7][4, 24][3, 23][22, 25][6, 13][17, 22] 
[9, 1, 23, 14, 24][27, 7, 16, 2, 29][6, 10, 15, 5, 21][17, 19, 12, 8, 26][3, 11, 25, 28][13, 0, 18, 22][4, 20, 7][4, 24][3, 23][22, 25][6, 13][17, 22] 
[4, 24, 14, 23, 1, 9][27, 7, 16, 2, 29][19, 17, 12, 8, 26][3, 11, 25, 28][10, 15, 5, 21][3, 23, 20][0, 18, 22][0, 13, 6][7, 20][22, 25][17, 22][6, 15] 
[6, 10, 15, 5, 21][17, 19, 12, 8, 26][9, 1, 23, 14, 24][27, 7, 16, 2, 29][13, 0, 18, 22][3, 11, 25, 28][4, 20, 7][6, 13][17, 22][22, 25][3, 23][4, 24] 
[17, 19, 12, 8, 26][6, 10, 15, 5, 21][9, 1, 23, 14, 24][27, 7, 16, 2, 29][13, 0, 18, 22][3, 11, 25, 28][4, 20, 7][17, 22][6, 13][22, 25][3, 23][4, 24] 
[6, 10, 15, 5, 21][9, 1, 23, 14, 24][27, 7, 16, 2, 29][17, 19, 12, 8, 26][13, 0, 18, 22][3, 11, 25, 28][4, 20, 7][6, 13][22, 25][3, 23][4, 24][17, 22] 
[4, 24, 14, 23, 1, 9][19, 17, 12, 8, 26][27, 7, 16, 2, 29][3, 11, 25, 28][10, 15, 5, 21][0, 18, 22][0, 13, 6][3, 23, 20][17, 22][22, 25][7, 20][6, 15] 
[9, 1, 23, 14, 24][27, 7, 16, 2, 29][6, 10, 15, 5, 21][17, 19, 12, 8, 26][3, 11, 25, 28][13, 0, 18, 22][4, 20, 7][4, 24][3, 23][22, 25][6, 13][17, 22] 
[6, 10, 15, 5, 21][9, 1, 23, 14, 24][27, 7, 16, 2, 29][17, 19, 12, 8, 26][13, 0, 18, 22][3, 11, 25, 28][4, 20, 7][6, 13][22, 25][3, 23][4, 24][17, 22] 
[17, 28, 16, 10, 2, 15, 21, 5, 6, 13, 18, 0, 22, 19][24, 7, 20, 4, 1, 9, 14, 11, 25, 28, 16, 27][17, 12, 8, 26][6, 13][5, 21][3, 11][3, 23][2, 29][6, 13][7, 20][7, 20][7, 20] 
[17, 28, 16, 10, 2, 15, 21, 5, 6, 13, 18, 0, 22, 19][24, 7, 20, 4, 1, 9, 14, 11, 25, 28, 16, 27][9, 14, 11, 25, 28, 16, 27][17, 12, 8, 26][4, 20, 7][6, 13][2, 29][20, 23][3, 11][8, 26][7, 20][6, 13] 
[12, 19, 22, 0, 18, 13, 6, 5, 21, 15, 2, 10, 16][24, 7, 20, 4, 1, 9, 14, 11, 25, 28, 16, 27][17, 12, 8, 26][2, 29][3, 23][6, 13][3, 11][6, 13][5, 21][6, 13][25, 28][6, 13] 
[17, 28, 16, 10, 2, 15, 21, 5, 6, 13, 18, 0, 22][14, 9, 1, 4, 20, 7, 24][17, 19, 12, 8, 26][27, 7, 16, 2, 29][3, 11, 25, 28][8, 12][3, 23][6, 13][11, 25][7, 20][7, 20][5, 21] 
[17, 28, 16, 10, 2, 15, 21, 5, 6, 13, 18, 0, 22, 19][3, 24, 7, 20, 4, 1, 9, 14, 11, 25][27, 7, 16, 2, 29][17, 12, 8, 26][10, 16][3, 23][7, 20][7, 20][8, 12][8, 12][7, 20][7, 20] 
[3, 24, 7, 20, 4, 1, 9, 14, 11, 25, 28, 16, 27][10, 2, 15, 21, 5, 6, 13, 18, 0, 22, 19, 12][17, 12, 8, 26][4, 20, 7][8, 26][3, 23][2, 29][2, 16][16, 27][6, 13][8, 26][11, 25] 
[17, 28, 16, 10, 2, 15, 21, 5, 6, 13, 18, 0, 22, 19][24, 7, 20, 4, 1, 9, 14, 11, 25, 28, 16, 27][17, 12, 8, 26][4, 20, 7][3, 23][20, 23][2, 29][8, 26][11, 25][8, 26][8, 26][7, 20] 
[17, 28, 16, 10, 15, 21, 5, 6, 13, 18, 0, 22, 19][24, 20, 4, 1, 9, 14, 11, 25, 28, 16, 27][17, 12, 8, 26][27, 7, 2, 29][6, 13][3, 11][3, 23][6, 13][2, 29][6, 13][2, 29][8, 12] 
[17, 28, 16, 10, 2, 15, 21, 5, 6, 13, 18, 0, 22, 19][17, 28, 16, 10, 2, 15, 21, 5, 6, 13, 18, 0, 22][23, 3, 24, 7, 20, 4, 1, 9, 14, 11, 25][27, 7, 16, 2, 29][17, 12, 8, 26][10, 16][7, 20][3, 23][9, 14][17, 28][7, 27][6, 13] 
[17, 28, 16, 10, 15, 21, 5, 6, 13, 18, 0, 22, 19][3, 24, 4, 1, 9, 14, 11, 25, 28, 16, 27][17, 12, 8, 26][27, 7, 2, 29][7, 20][20, 23][2, 29][6, 13][8, 12][8, 12][8, 12][2, 29] 
[17, 28, 16, 10, 2, 15, 21, 5, 6, 13, 18, 0, 22, 19][24, 7, 20, 4, 1, 9, 14, 11, 25, 28, 16, 27][17, 12, 8, 26][6, 13][5, 21][3, 11][3, 23][2, 29][6, 13][7, 20][7, 20][7, 20] 
[17, 28, 16, 10, 2, 15, 21, 5, 6, 13, 18, 0, 22, 19][24, 7, 20, 4, 1, 9, 14, 11, 25, 28, 16, 27][17, 12, 8, 26][2, 29][20, 23][3, 11][7, 20][11, 25][8, 12][11, 25][8, 12][6, 13] 
[17, 28, 16, 10, 2, 15, 21, 5, 6, 13, 18, 0, 22, 19][17, 28, 16, 10, 2, 15, 21, 5, 6, 13, 18, 0, 22][23, 3, 24, 7, 20, 4, 1, 9, 14, 11, 25][27, 7, 16, 2, 29][17, 12, 8, 26][10, 16][7, 20][3, 23][9, 14][17, 28][7, 27][6, 13] 
[17, 28, 16, 10, 15, 21, 5, 6, 13, 18, 0, 22, 19][24, 20, 4, 1, 9, 14, 11, 25, 28, 16, 27][17, 12, 8, 26][27, 7, 2, 29][6, 13][3, 11][3, 23][6, 13][2, 29][6, 13][2, 29][8, 12] 
[17, 28, 16, 10, 2, 15, 21, 5, 6, 13, 18, 0, 22, 19][24, 7, 20, 4, 1, 9, 14, 11, 25, 28, 16, 27][17, 12, 8, 26][23, 3, 24][2, 29][6, 13][8, 12][6, 13][9, 14][7, 20][9, 14][7, 20] 
[17, 28, 16, 10, 2, 15, 21, 5, 6, 13, 18, 0, 22, 19][24, 7, 20, 4, 1, 9, 14, 11, 25, 28, 16, 27][17, 12, 8, 26][2, 29][3, 11][3, 23][10, 16][6, 13][7, 20][6, 13][11, 25][6, 13] 
[17, 28, 16, 10, 15, 21, 5, 6, 13, 18, 0, 22, 19][24, 20, 4, 1, 9, 14, 11, 25, 28, 16, 27][17, 12, 8, 26][27, 7, 2, 29][8, 12][3, 11][20, 23][6, 13][8, 12][6, 13][6, 13][6, 13] 
[17, 28, 16, 10, 2, 15, 21, 5, 6, 13, 18, 0, 22, 19][3, 24, 7, 20, 4, 1, 9, 14, 11, 25][27, 7, 16, 2, 29][17, 12, 8, 26][10, 16][3, 23][7, 20][7, 20][8, 12][8, 12][7, 20][7, 20] 
[17, 28, 16, 10, 2, 15, 21, 5, 6, 13, 18, 0, 22, 19][24, 7, 20, 4, 1, 9, 14, 11, 25, 28, 16, 27][17, 12, 8, 26][2, 29][3, 11][3, 23][6, 13][11, 25][11, 25][6, 13][6, 13][6, 13] 
[17, 28, 16, 10, 2, 15, 21, 5, 6, 13, 18, 0, 22, 19][24, 7, 20, 4, 1, 9, 14, 11, 25, 28, 16, 27][17, 12, 8, 26][2, 29][3, 11][3, 23][10, 16][6, 13][7, 20][6, 13][11, 25][6, 13] 
[17, 28, 16, 10, 15, 21, 5, 6, 13, 18, 0, 22, 19][24, 20, 4, 1, 9, 14, 11, 25, 28, 16, 27][17, 12, 8, 26][27, 7, 2, 29][8, 12][3, 11][20, 23][6, 13][8, 12][6, 13][6, 13][6, 13] 
[4, 24, 14, 23, 1, 9][17, 19, 12, 8, 26][27, 7, 16, 2, 29][10, 15, 5, 21][3, 11, 25, 28][0, 18, 22][0, 13, 6][3, 23, 20][17, 22][6, 15][22, 25][7, 20] 
[4, 24, 14, 23, 1, 9][27, 7, 16, 2, 29][17, 19, 12, 8, 26][3, 11, 25, 28][10, 15, 5, 21][3, 23, 20][0, 18, 22][0, 13, 6][7, 20][22, 25][17, 22][6, 15] 
[4, 24, 14, 23, 1, 9][27, 7, 16, 2, 29][17, 19, 12, 8, 26][3, 11, 25, 28][10, 15, 5, 21][3, 23, 20][0, 18, 22][0, 13, 6][7, 20][22, 25][17, 22][6, 15] 
[4, 24, 14, 23, 1, 9][17, 19, 12, 8, 26][27, 7, 16, 2, 29][3, 11, 25, 28][10, 15, 5, 21][0, 18, 22][0, 13, 6][3, 23, 20][17, 22][22, 25][6, 15][7, 20] 
[4, 24, 14, 23, 1, 9][27, 7, 16, 2, 29][17, 19, 12, 8, 26][3, 11, 25, 28][10, 15, 5, 21][3, 23, 20][0, 18, 22][0, 13, 6][7, 20][22, 25][17, 22][6, 15] 
[4, 24, 14, 23, 1, 9][17, 19, 12, 8, 26][27, 7, 16, 2, 29][3, 11, 25, 28][10, 15, 5, 21][3, 23, 20][0, 18, 22][0, 13, 6][22, 25][17, 22][6, 15][7, 20] 
[4, 24, 14, 23, 1, 9][27, 7, 16, 2, 29][17, 19, 12, 8, 26][3, 11, 25, 28][10, 15, 5, 21][3, 23, 20][0, 18, 22][0, 13, 6][7, 20][22, 25][17, 22][6, 15] 
[4, 24, 14, 23, 1, 9][17, 19, 12, 8, 26][27, 7, 16, 2, 29][10, 15, 5, 21][3, 11, 25, 28][0, 13, 6][0, 18, 22][3, 23, 20][6, 15][17, 22][22, 25][7, 20] 
[4, 24, 14, 23, 1, 9][17, 19, 12, 8, 26][27, 7, 16, 2, 29][3, 11, 25, 28][10, 15, 5, 21][0, 18, 22][0, 13, 6][3, 23, 20][17, 22][22, 25][6, 15][7, 20] 
[4, 24, 14, 23, 1, 9][17, 19, 12, 8, 26][27, 7, 16, 2, 29][10, 15, 5, 21][3, 11, 25, 28][0, 18, 22][0, 13, 6][3, 23, 20][17, 22][6, 15][22, 25][7, 20] 
[4, 24, 14, 23, 1, 9][27, 7, 16, 2, 29][17, 19, 12, 8, 26][3, 11, 25, 28][10, 15, 5, 21][3, 23, 20][0, 18, 22][0, 13, 6][7, 20][22, 25][6, 15][17, 22] 
[4, 24, 14, 23, 1, 9][17, 19, 12, 8, 26][27, 7, 16, 2, 29][3, 11, 25, 28][10, 15, 5, 21][0, 18, 22][0, 13, 6][3, 23, 20][17, 22][22, 25][6, 15][7, 20] 
[4, 24, 14, 23, 1, 9][17, 19, 12, 8, 26][27, 7, 16, 2, 29][10, 15, 5, 21][3, 11, 25, 28][0, 18, 22][0, 13, 6][3, 23, 20][17, 22][6, 15][22, 25][7, 20] 
[4, 24, 14, 23, 1, 9][17, 19, 12, 8, 26][27, 7, 16, 2, 29][3, 11, 25, 28][10, 15, 5, 21][0, 18, 22][0, 13, 6][3, 23, 20][17, 22][22, 25][6, 15][7, 20] 
[4, 24, 14, 23, 1, 9][17, 19, 12, 8, 26][27, 7, 16, 2, 29][10, 15, 5, 21][3, 11, 25, 28][0, 13, 6][0, 18, 22][3, 23, 20][6, 15][22, 25][17, 22][7, 20] 
[6, 10, 15, 5, 21][9, 1, 23, 14, 24][17, 19, 12, 8, 26][27, 7, 16, 2, 29][13, 0, 18, 22][3, 11, 25, 28][4, 20, 7][6, 13][22, 25][3, 23][17, 22][4, 24] 
[6, 10, 15, 5, 21][17, 19, 12, 8, 26][9, 1, 23, 14, 24][27, 7, 16, 2, 29][13, 0, 18, 22][3, 11, 25, 28][4, 20, 7][6, 13][22, 25][17, 22][3, 23][4, 24] 
[17, 19, 12, 8, 26][9, 1, 23, 14, 24][27, 7, 16, 2, 29][6, 10, 15, 5, 21][3, 11, 25, 28][13, 0, 18, 22][4, 20, 7][22, 25][17, 22][3, 23][6, 13][4, 24] 
[17, 19, 12, 8, 26][6, 10, 15, 5, 21][9, 1, 23, 14, 24][27, 7, 16, 2, 29][13, 0, 18, 22][3, 11, 25, 28][4, 20, 7][17, 22][22, 25][6, 13][3, 23][4, 24] 
[6, 10, 15, 5, 21][17, 19, 12, 8, 26][9, 1, 23, 14, 24][27, 7, 16, 2, 29][13, 0, 18, 22][3, 11, 25, 28][4, 20, 7][6, 13][22, 25][17, 22][3, 23][4, 24] 
[17, 19, 12, 8, 26][6, 10, 15, 5, 21][9, 1, 23, 14, 24][27, 7, 16, 2, 29][13, 0, 18, 22][3, 11, 25, 28][4, 20, 7][17, 22][22, 25][6, 13][3, 23][4, 24] 
[4, 24, 14, 23, 1, 9][17, 19, 12, 8, 26][27, 7, 16, 2, 29][3, 11, 25, 28][10, 15, 5, 21][3, 23, 20][0, 18, 22][0, 13, 6][22, 25][17, 22][6, 15][7, 20] 
[4, 24, 14, 23, 1, 9][17, 19, 12, 8, 26][27, 7, 16, 2, 29][10, 15, 5, 21][3, 11, 25, 28][0, 18, 22][0, 13, 6][3, 23, 20][17, 22][6, 15][22, 25][7, 20] 
[4, 24, 14, 23, 1, 9][27, 7, 16, 2, 29][17, 19, 12, 8, 26][3, 11, 25, 28][10, 15, 5, 21][3, 23, 20][0, 18, 22][0, 13, 6][7, 20][22, 25][6, 15][17, 22] 
[4, 24, 14, 23, 1, 9][17, 19, 12, 8, 26][27, 7, 16, 2, 29][10, 15, 5, 21][3, 11, 25, 28][0, 13, 6][0, 18, 22][3, 23, 20][6, 15][17, 22][22, 25][7, 20] 
[4, 24, 14, 23, 1, 9][17, 19, 12, 8, 26][27, 7, 16, 2, 29][10, 15, 5, 21][3, 11, 25, 28][0, 13, 6][0, 18, 22][3, 23, 20][6, 15][22, 25][17, 22][7, 20] 
[4, 24, 14, 23, 1, 9][17, 19, 12, 8, 26][27, 7, 16, 2, 29][10, 15, 5, 21][3, 11, 25, 28][0, 13, 6][0, 18, 22][3, 23, 20][6, 10][17, 22][22, 25][7, 20] 
[4, 24, 14, 23, 1, 9][17, 19, 12, 8, 26][27, 7, 16, 2, 29][10, 15, 5, 21][3, 11, 25, 28][0, 18, 22][0, 13, 6][3, 23, 20][17, 22][6, 15][22, 25][7, 20] 
[6, 10, 15, 5, 21][9, 1, 23, 14, 24][17, 19, 12, 8, 26][27, 7, 16, 2, 29][13, 0, 18, 22][3, 11, 25, 28][4, 20, 7][6, 13][22, 25][3, 23][17, 22][4, 24] 
[9, 1, 23, 14, 24][27, 7, 16, 2, 29][17, 19, 12, 8, 26][6, 10, 15, 5, 21][3, 11, 25, 28][13, 0, 18, 22][4, 20, 7][3, 23][22, 25][4, 24][17, 22][6, 13] 
[17, 19, 12, 8, 26][9, 1, 23, 14, 24][27, 7, 16, 2, 29][6, 10, 15, 5, 21][3, 11, 25, 28][13, 0, 18, 22][4, 20, 7][22, 25][17, 22][3, 23][6, 13][4, 24] 
[27, 7, 16, 2, 29][9, 1, 23, 14, 24][6, 10, 15, 5, 21][17, 19, 12, 8, 26][3, 11, 25, 28][13, 0, 18, 22][4, 20, 7][4, 24][3, 23][22, 25][6, 13][17, 22] 
[17, 19, 12, 8, 26][6, 10, 15, 5, 21][9, 1, 23, 14, 24][27, 7, 16, 2, 29][13, 0, 18, 22][3, 11, 25, 28][4, 20, 7][17, 22][6, 13][22, 25][3, 23][4, 24] 
[9, 1, 23, 14, 24][27, 7, 16, 2, 29][17, 19, 12, 8, 26][6, 10, 15, 5, 21][3, 11, 25, 28][13, 0, 18, 22][4, 20, 7][4, 24][3, 23][22, 25][17, 22][6, 13] 
[6, 10, 15, 5, 21][17, 19, 12, 8, 26][9, 1, 23, 14, 24][27, 7, 16, 2, 29][13, 0, 18, 22][3, 11, 25, 28][4, 20, 7][22, 25][6, 13][17, 22][3, 23][4, 24] 
[17, 19, 12, 8, 26][9, 1, 23, 14, 24][6, 10, 15, 5, 21][27, 7, 16, 2, 29][13, 0, 18, 22][3, 11, 25, 28][4, 20, 7][17, 22][22, 25][3, 23][6, 13][4, 24] 
[17, 19, 12, 8, 26][6, 10, 15, 5, 21][9, 1, 23, 14, 24][27, 7, 16, 2, 29][13, 0, 18, 22][3, 11, 25, 28][4, 20, 7][17, 22][6, 13][22, 25][3, 23][4, 24] 
[17, 19, 12, 8, 26][6, 10, 15, 5, 21][9, 1, 23, 14, 24][27, 7, 16, 2, 29][13, 0, 18, 22][3, 11, 25, 28][4, 20, 7][17, 22][6, 13][22, 25][3, 23][4, 24] 
[17, 19, 12, 8, 26][6, 10, 15, 5, 21][9, 1, 23, 14, 24][27, 7, 16, 2, 29][13, 0, 18, 22][3, 11, 25, 28][4, 20, 7][17, 22][6, 13][22, 25][3, 23][4, 24] 
[27, 7, 16, 2, 29][9, 1, 23, 14, 24][6, 10, 15, 5, 21][17, 19, 12, 8, 26][3, 11, 25, 28][13, 0, 18, 22][4, 20, 7][4, 24][3, 23][22, 25][6, 13][17, 22] 
[17, 19, 12, 8, 26][9, 1, 23, 14, 24][27, 7, 16, 2, 29][6, 10, 15, 5, 21][13, 0, 18, 22][3, 11, 25, 28][4, 20, 7][17, 22][22, 25][3, 23][4, 24][6, 13] 
[17, 19, 12, 8, 26][9, 1, 23, 14, 24][6, 10, 15, 5, 21][27, 7, 16, 2, 29][13, 0, 18, 22][3, 11, 25, 28][4, 20, 7][17, 22][22, 25][3, 23][6, 13][4, 24] 
[27, 7, 16, 2, 29][9, 1, 23, 14, 24][6, 10, 15, 5, 21][17, 19, 12, 8, 26][3, 11, 25, 28][13, 0, 18, 22][4, 20, 7][4, 24][3, 23][22, 25][6, 13][17, 22] 
[4, 24, 14, 23, 1, 9][6, 10, 15, 5, 21][17, 19, 12, 8, 26][27, 7, 16, 2, 29][13, 0, 18, 22][3, 11, 25, 28][4, 20, 7][6, 13][17, 22][22, 25][3, 23][14, 24] 
[4, 24, 14, 23, 1, 9][27, 7, 16, 2, 29][17, 19, 12, 8, 26][6, 10, 15, 5, 21][3, 11, 25, 28][13, 0, 18, 22][4, 20, 7][14, 24][3, 23][22, 25][17, 22][6, 13] 
[4, 24, 14, 23, 1, 9][6, 10, 15, 5, 21][17, 19, 12, 8, 26][27, 7, 16, 2, 29][13, 0, 18, 22][3, 11, 25, 28][4, 20, 7][6, 13][17, 22][22, 25][3, 23][14, 24] 
[4, 24, 14, 23, 1, 9][27, 7, 16, 2, 29][17, 19, 12, 8, 26][6, 10, 15, 5, 21][3, 11, 25, 28][13, 0, 18, 22][4, 20, 7][14, 24][3, 23][22, 25][17, 22][6, 13] 
[4, 24, 14, 23, 1, 9][6, 10, 15, 5, 21][17, 19, 12, 8, 26][27, 7, 16, 2, 29][13, 0, 18, 22][3, 11, 25, 28][4, 20, 7][6, 13][17, 22][22, 25][3, 23][14, 24] 
[4, 24, 14, 23, 1, 9][27, 7, 16, 2, 29][6, 10, 15, 5, 21][17, 19, 12, 8, 26][3, 11, 25, 28][13, 0, 18, 22][4, 20, 7][3, 23][22, 25][6, 13][17, 22][8, 26] 
[4, 24, 14, 23, 1, 9][19, 17, 12, 8, 26][27, 7, 16, 2, 29][10, 15, 5, 21][3, 11, 25, 28][0, 18, 22][0, 13, 6][3, 23, 20][17, 22][6, 15][22, 25][7, 20] 
[4, 24, 14, 23, 1, 9][19, 17, 12, 8, 26][27, 7, 16, 2, 29][3, 11, 25, 28][10, 15, 5, 21][3, 23, 20][0, 18, 22][0, 13, 6][22, 25][6, 15][17, 22][7, 20] 
[4, 24, 14, 23, 1, 9][19, 17, 12, 8, 26][27, 7, 16, 2, 29][10, 15, 5, 21][3, 11, 25, 28][0, 18, 22][0, 13, 6][3, 23, 20][17, 22][6, 15][22, 25][7, 20] 
[4, 24, 14, 23, 1, 9][19, 17, 12, 8, 26][27, 7, 16, 2, 29][10, 15, 5, 21][3, 11, 25, 28][0, 13, 6][0, 18, 22][3, 23, 20][6, 15][17, 22][22, 25][7, 20] 
[4, 24, 14, 23, 1, 9][19, 17, 12, 8, 26][27, 7, 16, 2, 29][10, 15, 5, 21][3, 11, 25, 28][0, 13, 6][0, 18, 22][3, 23, 20][6, 15][17, 22][22, 25][7, 20] 
[9, 1, 23, 14, 24][27, 7, 16, 2, 29][17, 19, 12, 8, 26][6, 10, 15, 5, 21][3, 11, 25, 28][13, 0, 18, 22][4, 20, 7][4, 24][3, 23][22, 25][17, 22][6, 13] 
[4, 24, 14, 23, 1, 9][27, 7, 16, 2, 29][17, 19, 12, 8, 26][3, 11, 25, 28][10, 15, 5, 21][3, 23, 20][0, 18, 22][0, 13, 6][7, 20][22, 25][17, 22][6, 15] 
