[8, 26, 0, 22, 17, 12, 19][15, 5, 6, 13, 18][4, 20, 23, 14, 9][25, 7, 16, 27][11, 3, 1, 24][10, 21, 2, 29][16, 28][11, 25][7, 10][17, 28][5, 21][14, 24] 
[8, 12, 17, 22, 0, 26][15, 5, 6, 13, 18][14, 23, 20, 4, 24][10, 21, 2, 29][25, 7, 16, 27][9, 1, 3, 11][19, 17, 28][5, 21][7, 10][11, 25][16, 28][9, 23] 
[8, 12, 17, 22, 0, 26][14, 23, 20, 4, 24][15, 5, 6, 13, 18][25, 7, 16, 27][9, 1, 3, 11][10, 21, 2, 29][19, 17, 28][16, 28][11, 25][7, 10][3, 23][5, 21] 
[8, 12, 17, 22, 0, 26][14, 23, 20, 4, 24][15, 5, 6, 13, 18][9, 1, 3, 11][25, 7, 16, 27][10, 21, 2, 29][19, 17, 28][11, 25][9, 23][7, 10][5, 21][16, 28] 
[12, 8, 26, 0, 22, 17, 19][15, 5, 6, 13, 18][14, 23, 20, 4, 24][10, 21, 2, 29][25, 7, 16, 27][9, 1, 3, 11][7, 10][16, 28][17, 28][11, 25][9, 14][6, 21] 
[8, 12, 17, 22, 0, 26][14, 23, 20, 4, 24][15, 5, 6, 13, 18][25, 7, 16, 27][9, 1, 3, 11][10, 21, 2, 29][19, 17, 28][16, 28][11, 25][7, 10][9, 23][6, 21] 
[8, 12, 17, 22, 0, 26][15, 5, 6, 13, 18][14, 23, 20, 4, 24][10, 21, 2, 29][25, 7, 16, 27][9, 1, 3, 11][19, 17, 28][7, 10][11, 25][16, 28][5, 21][9, 14] 
[12, 8, 26, 0, 22, 17, 19][15, 5, 6, 13, 18][14, 23, 20, 4, 24][25, 7, 16, 27][10, 21, 2, 29][9, 1, 3, 11][17, 28][16, 28][7, 10][6, 21][11, 25][9, 14] 
[8, 12, 17, 22, 0, 26][14, 23, 20, 4, 24][15, 5, 6, 13, 18][25, 7, 16, 27][9, 1, 3, 11][10, 21, 2, 29][19, 17, 28][16, 28][11, 25][7, 10][9, 14][6, 21] 
[12, 8, 26, 0, 22, 17, 19][15, 5, 6, 13, 18][14, 23, 20, 4, 24][25, 7, 16, 27][9, 1, 3, 11][10, 21, 2, 29][17, 28][16, 28][11, 25][9, 14][7, 10][6, 21] 
[8, 26, 0, 22, 17, 12, 19][15, 5, 6, 13, 18][4, 20, 23, 14, 9][25, 7, 16, 27][10, 21, 2, 29][11, 3, 1, 24][16, 28][17, 28][7, 10][5, 21][11, 25][14, 24] 
[8, 12, 17, 22, 0, 26][15, 5, 6, 13, 18][14, 23, 20, 4, 24][25, 7, 16, 27][9, 1, 3, 11][10, 21, 2, 29][19, 17, 28][16, 28][11, 25][7, 10][5, 21][9, 23] 
[8, 12, 17, 22, 0, 26][15, 5, 6, 13, 18][14, 23, 20, 4, 24][10, 21, 2, 29][25, 7, 16, 27][9, 1, 3, 11][19, 17, 28][5, 21][7, 10][16, 28][11, 25][9, 23] 
[12, 8, 26, 0, 22, 17, 19][14, 23, 20, 4, 24][15, 5, 6, 13, 18][9, 1, 3, 11][25, 7, 16, 27][10, 21, 2, 29][9, 14][11, 25][7, 10][16, 28][6, 21][17, 28] 
[8, 12, 17, 22, 0, 26][14, 23, 20, 4, 24][15, 5, 6, 13, 18][9, 1, 3, 11][25, 7, 16, 27][10, 21, 2, 29][19, 17, 28][9, 23][11, 25][16, 28][7, 10][6, 21] 
[12, 8, 26, 0, 22, 17, 19][15, 5, 6, 13, 18][14, 23, 20, 4, 24][25, 7, 16, 27][10, 21, 2, 29][9, 1, 3, 11][17, 28][16, 28][7, 10][11, 25][6, 21][9, 14] 
[8, 26, 0, 22, 17, 12, 19][4, 20, 23, 14, 9][15, 5, 6, 13, 18][11, 3, 1, 24][25, 7, 16, 27][10, 21, 2, 29][14, 24][11, 25][16, 28][7, 10][5, 21][17, 28] 
[8, 12, 17, 22, 0, 26][14, 23, 20, 4, 24][15, 5, 6, 13, 18][9, 1, 3, 11][25, 7, 16, 27][10, 21, 2, 29][19, 17, 28][11, 25][9, 23][16, 28][7, 10][5, 21] 
[12, 8, 26, 0, 22, 17, 19][14, 23, 20, 4, 24][15, 5, 6, 13, 18][9, 1, 3, 11][25, 7, 16, 27][10, 21, 2, 29][9, 14][11, 25][7, 10][16, 28][6, 21][17, 28] 
[8, 26, 0, 22, 17, 12, 19][15, 5, 6, 13, 18][4, 20, 23, 14, 9][25, 7, 16, 27][10, 21, 2, 29][11, 3, 1, 24][16, 28][17, 28][7, 10][5, 21][11, 25][14, 24] 
[8, 26, 0, 22, 17, 12, 19][15, 5, 6, 13, 18][4, 20, 23, 14, 9][25, 7, 16, 27][10, 21, 2, 29][11, 3, 1, 24][16, 28][17, 28][7, 10][5, 21][11, 25][14, 24] 
[8, 12, 17, 22, 0, 26][15, 5, 6, 13, 18][14, 23, 20, 4, 24][25, 7, 16, 27][9, 1, 3, 11][10, 21, 2, 29][19, 17, 28][16, 28][11, 25][7, 10][5, 21][9, 23] 
[8, 12, 17, 22, 0, 26][14, 23, 20, 4, 24][15, 5, 6, 13, 18][25, 7, 16, 27][10, 21, 2, 29][1, 3, 11][19, 17, 28][9, 3, 23][7, 10][11, 25][16, 28][5, 21] 
[12, 8, 26, 0, 22, 17, 19][15, 5, 6, 13, 18][14, 23, 20, 4, 24][25, 7, 16, 27][10, 21, 2, 29][9, 1, 3, 11][17, 28][16, 28][7, 10][11, 25][6, 21][9, 14] 
[8, 12, 17, 22, 0, 26][14, 23, 20, 4, 24][15, 5, 6, 13, 18][25, 7, 16, 27][9, 1, 3, 11][10, 21, 2, 29][19, 17, 28][16, 28][11, 25][7, 10][9, 23][6, 21] 
[12, 8, 26, 0, 22, 17, 19][15, 5, 6, 13, 18][14, 23, 20, 4, 24][25, 7, 16, 27][10, 21, 2, 29][9, 1, 3, 11][17, 28][16, 28][7, 10][6, 21][11, 25][9, 14] 
[8, 26, 0, 22, 17, 12, 19][15, 5, 6, 13, 18][4, 20, 23, 14, 9][25, 7, 16, 27][10, 21, 2, 29][11, 3, 1, 24][7, 10][16, 28][11, 25][5, 21][17, 28][14, 24] 
[8, 12, 17, 22, 0, 26][14, 23, 20, 4, 24][15, 5, 6, 13, 18][9, 1, 3, 11][25, 7, 16, 27][10, 21, 2, 29][19, 17, 28][11, 25][9, 23][16, 28][7, 10][5, 21] 
[12, 8, 26, 0, 22, 17, 19][15, 5, 6, 13, 18][14, 23, 20, 4, 24][10, 21, 2, 29][25, 7, 16, 27][9, 1, 3, 11][7, 10][16, 28][17, 28][11, 25][9, 14][6, 21] 
[8, 26, 0, 22, 17, 12, 19][15, 5, 6, 13, 18][4, 20, 23, 14, 9][25, 7, 16, 27][10, 21, 2, 29][11, 3, 1, 24][16, 28][17, 28][7, 10][5, 21][11, 25][14, 24] 
[8, 26, 0, 22, 17, 12, 19][15, 5, 6, 13, 18][4, 20, 23, 14, 9][25, 7, 16, 27][11, 3, 1, 24][10, 21, 2, 29][16, 28][11, 25][7, 10][17, 28][5, 21][14, 24] 
[8, 12, 17, 22, 0, 26][15, 5, 6, 13, 18][14, 23, 20, 4, 24][10, 21, 2, 29][25, 7, 16, 27][9, 1, 3, 11][19, 17, 28][5, 21][7, 10][16, 28][11, 25][9, 23] 
[12, 8, 26, 0, 22, 17, 19][15, 5, 6, 13, 18][14, 23, 20, 4, 24][25, 7, 16, 27][9, 1, 3, 11][10, 21, 2, 29][17, 28][16, 28][11, 25][9, 14][7, 10][6, 21] 
[8, 26, 0, 22, 17, 12, 19][15, 5, 6, 13, 18][4, 20, 23, 14, 9][25, 7, 16, 27][10, 21, 2, 29][11, 3, 1, 24][17, 28][16, 28][7, 10][11, 25][5, 21][14, 24] 
[8, 26, 0, 22, 17, 12, 19][15, 5, 6, 13, 18][4, 20, 23, 14, 9][25, 7, 16, 27][10, 21, 2, 29][11, 3, 1, 24][17, 28][16, 28][7, 10][11, 25][5, 21][14, 24] 
[16, 7, 24, 3, 4, 20, 23, 1, 14, 11, 25, 0, 19, 17, 28][9, 14, 20, 4, 23, 1, 24, 3, 11, 25, 7, 2, 10][17, 22, 0, 26, 8, 12, 18, 13, 6, 21, 10, 29][10, 2, 21, 5, 15][7, 16, 27][5, 21][5, 15][11, 25][4, 20][5, 15][4, 20][3, 11] 
[9, 14, 20, 4, 23, 1, 24, 3, 11, 25, 7, 2, 10][17, 22, 0, 26, 8, 12, 18, 13, 6, 21, 10, 15, 29][7, 16, 27][19, 17, 28][11, 25][5, 15][5, 21][4, 20][4, 20][3, 11][4, 20][3, 11] 
[9, 14, 20, 4, 23, 1, 24, 3, 11, 25, 7, 2, 10][22, 0, 26, 8, 12, 18, 13, 6, 21, 10, 15, 29][7, 16, 27][11, 25][17, 28][5, 21][17, 22][8, 12][17, 19][3, 11][11, 25][3, 11] 
[17, 22, 0, 26, 8, 12, 18, 13, 6, 21, 10, 15, 29][2, 7, 25, 11, 3, 24, 1, 23, 4, 20, 14, 9][7, 16, 27][19, 17, 28][3, 11][3, 11][5, 21][10, 21][3, 11][11, 25][3, 11][7, 10] 
[17, 22, 0, 26, 8, 12, 18, 13, 6, 21, 10, 15, 29][2, 7, 25, 11, 3, 24, 1, 23, 4, 20, 14, 9][7, 16, 27][19, 17, 28][3, 11][5, 15][11, 25][10, 21][7, 10][4, 20][11, 25][4, 20] 
[17, 22, 0, 26, 8, 12, 18, 13, 6, 21, 10, 15, 29][2, 7, 25, 11, 3, 24, 1, 23, 4, 20, 14, 9][7, 16, 27][17, 28][5, 21][11, 25][16, 28][11, 25][16, 27][17, 19][4, 20][3, 11] 
[9, 14, 20, 4, 23, 1, 24, 3, 11, 25, 7, 2, 10][22, 0, 26, 8, 12, 18, 13, 6, 21, 10, 15, 29][19, 17, 28][7, 16, 27][13, 18][5, 15][12, 19][11, 25][0, 26][11, 25][13, 18][11, 25] 
[9, 14, 20, 4, 23, 1, 24, 3, 11, 25, 7, 2, 10][12, 18, 13, 6, 21, 10, 15, 29][8, 26, 0, 22, 17, 12, 19][7, 16, 27][3, 11][11, 25][17, 28][5, 21][11, 25][3, 11][3, 11][11, 25] 
[17, 22, 0, 26, 8, 12, 18, 13, 6, 21, 10, 15, 29][2, 7, 25, 11, 3, 24, 1, 23, 4, 20, 14, 9][7, 16, 27][19, 17, 28][3, 11][3, 11][5, 21][10, 21][3, 11][11, 25][3, 11][7, 10] 
[17, 22, 0, 26, 8, 12, 18, 13, 6, 21, 10, 15, 29][9, 14, 20, 4, 23, 1, 24, 3, 11, 25, 7, 2, 10][7, 16, 27][13, 18][17, 28][5, 15][11, 25][4, 20][12, 19][4, 20][13, 18][11, 25] 
[9, 14, 20, 4, 23, 1, 24, 3, 11, 25, 7, 2, 10][22, 0, 26, 8, 12, 18, 13, 6, 21, 10, 15, 29][19, 17, 28][7, 16, 27][13, 18][5, 15][12, 19][11, 25][0, 26][11, 25][13, 18][11, 25] 
[9, 14, 20, 4, 23, 1, 24, 3, 11, 25, 7, 2, 10][17, 22, 0, 26, 8, 12, 18, 13, 6, 21, 10, 15, 29][17, 22, 0, 26][7, 16, 27][16, 27][17, 22][17, 28][5, 21][17, 19][2, 7][7, 16][16, 27] 
[17, 22, 0, 26, 8, 12, 18, 13, 6, 21, 10, 15, 29][2, 7, 25, 11, 3, 24, 1, 23, 4, 20, 14, 9][7, 16, 27][19, 17, 28][5, 15][7, 10][3, 11][11, 25][4, 20][11, 25][10, 21][3, 11] 
[17, 22, 0, 26, 8, 12, 18, 13, 6, 21, 10, 15, 29][9, 14, 20, 4, 23, 1, 24, 3, 11, 25, 7, 2, 10][19, 17, 28][7, 16, 27][12, 19][5, 15][3, 11][0, 26][11, 25][11, 25][3, 11][13, 18] 
[9, 14, 20, 4, 23, 1, 24, 3, 11, 25, 7, 2, 10][17, 22, 0, 26, 8, 12, 18, 13, 6, 21, 10, 29][7, 16, 27][19, 17, 28][3, 11][5, 21][5, 15][3, 11][11, 25][11, 25][4, 20][3, 11] 
[17, 22, 0, 26, 8, 12, 18, 13, 6, 21, 10, 15, 29][9, 14, 20, 4, 23, 1, 24, 3, 11, 25, 7, 2, 10][19, 17, 28][7, 16, 27][12, 19][5, 15][3, 11][0, 26][11, 25][11, 25][3, 11][13, 18] 
[17, 22, 0, 26, 8, 12, 18, 13, 6, 21, 10, 15, 29][9, 14, 20, 4, 23, 1, 24, 3, 11, 25, 7, 2, 10][19, 17, 28][7, 16, 27][5, 15][3, 11][12, 19][3, 11][13, 18][3, 11][0, 26][11, 25] 
[9, 14, 20, 4, 23, 1, 24, 3, 11, 25, 7, 2, 10][0, 26, 8, 12, 18, 13, 6, 21, 10, 15, 29][7, 16, 27][12, 17, 22][12, 19][17, 28][5, 15][13, 18][10, 21][13, 18][11, 25][4, 20] 
[17, 22, 0, 26, 8, 12, 18, 13, 6, 21, 10, 15, 29][9, 14, 20, 4, 23, 1, 24, 3, 11, 25, 7, 2, 10][19, 17, 28][7, 16, 27][5, 15][3, 11][12, 19][3, 11][13, 18][3, 11][0, 26][11, 25] 
[9, 14, 20, 4, 23, 1, 24, 3, 11, 25, 7, 2, 10][17, 22, 0, 26, 8, 12, 18, 13, 6, 21, 10, 29][7, 16, 27][19, 17, 28][3, 11][5, 21][5, 15][3, 11][11, 25][11, 25][4, 20][3, 11] 
[9, 14, 20, 4, 23, 1, 24, 3, 11, 25, 7, 2, 10][17, 22, 0, 26, 8, 12, 18, 13, 6, 21, 10, 29][19, 17, 28][7, 16, 27][5, 15][10, 21][3, 11][5, 21][3, 11][3, 11][11, 25][3, 11] 
[8, 12, 17, 22, 0, 26][14, 23, 20, 4, 24][15, 5, 6, 13, 18][9, 1, 3, 11][25, 7, 16, 27][10, 21, 2, 29][19, 17, 28][9, 14][11, 25][7, 10][16, 28][5, 21] 
[8, 12, 17, 22, 0, 26][15, 5, 6, 13, 18][14, 23, 20, 4, 24][25, 7, 16, 27][10, 21, 2, 29][9, 1, 3, 11][19, 17, 28][16, 28][7, 10][11, 25][5, 21][9, 14] 
[8, 12, 17, 22, 0, 26][15, 5, 6, 13, 18][14, 23, 20, 4, 24][25, 7, 16, 27][10, 21, 2, 29][9, 1, 3, 11][19, 17, 28][16, 28][7, 10][5, 21][11, 25][9, 14] 
[8, 12, 17, 22, 0, 26][14, 23, 20, 4, 24][15, 5, 6, 13, 18][9, 1, 3, 11][25, 7, 16, 27][10, 21, 2, 29][8, 19, 17, 28][9, 14][11, 25][7, 10][16, 28][5, 21] 
[8, 12, 17, 22, 0, 26][15, 5, 6, 13, 18][14, 23, 20, 4, 24][25, 7, 16, 27][9, 1, 3, 11][10, 21, 2, 29][19, 17, 28][16, 28][11, 25][9, 14][7, 10][5, 21] 
[8, 12, 17, 22, 0, 26][14, 23, 20, 4, 24][15, 5, 6, 13, 18][9, 1, 3, 11][25, 7, 16, 27][10, 21, 2, 29][19, 17, 28][11, 25][9, 14][7, 10][5, 21][16, 28] 
[8, 12, 17, 22, 0, 26][15, 5, 6, 13, 18][14, 23, 20, 4, 24][25, 7, 16, 27][10, 21, 2, 29][9, 1, 3, 11][19, 17, 28][16, 28][7, 10][5, 21][11, 25][9, 14] 
[8, 12, 17, 22, 0, 26][15, 5, 6, 13, 18][14, 23, 20, 4, 24][25, 7, 16, 27][10, 21, 2, 29][9, 1, 3, 11][19, 17, 28][16, 28][7, 10][11, 25][5, 21][9, 14] 
[8, 12, 17, 22, 0, 26][14, 23, 20, 4, 24][15, 5, 6, 13, 18][9, 1, 3, 11][25, 7, 16, 27][10, 21, 2, 29][8, 19, 17, 28][9, 14][11, 25][7, 10][16, 28][5, 21] 
[8, 12, 17, 22, 0, 26][15, 5, 6, 13, 18][14, 23, 20, 4, 24][10, 21, 2, 29][25, 7, 16, 27][9, 1, 3, 11][19, 17, 28][5, 21][7, 10][11, 25][16, 28][9, 14] 
[8, 12, 17, 22, 0, 26][15, 5, 6, 13, 18][14, 23, 20, 4, 24][10, 21, 2, 29][25, 7, 16, 27][9, 1, 3, 11][19, 17, 28][5, 21][7, 10][16, 28][11, 25][9, 14] 
[8, 12, 17, 22, 0, 26][15, 5, 6, 13, 18][14, 23, 20, 4, 24][10, 21, 2, 29][25, 7, 16, 27][9, 1, 3, 11][19, 17, 28][5, 21][7, 10][16, 28][11, 25][9, 14] 
[8, 12, 17, 22, 0, 26][14, 23, 20, 4, 24][15, 5, 6, 13, 18][9, 1, 3, 11][25, 7, 16, 27][10, 21, 2, 29][19, 17, 28][11, 25][9, 14][16, 28][7, 10][5, 21] 
[8, 12, 17, 22, 0, 26][15, 5, 6, 13, 18][14, 23, 20, 4, 24][25, 7, 16, 27][9, 1, 3, 11][10, 21, 2, 29][19, 17, 28][16, 28][11, 25][9, 14][7, 10][5, 21] 
[8, 12, 17, 22, 0, 26][15, 5, 6, 13, 18][14, 23, 20, 4, 24][10, 21, 2, 29][25, 7, 16, 27][9, 1, 3, 11][19, 17, 28][5, 21][7, 10][16, 28][11, 25][9, 14] 
[8, 26, 0, 22, 17, 12, 19][15, 5, 6, 13, 18][4, 20, 23, 14, 9][10, 21, 2, 29][25, 7, 16, 27][11, 3, 1, 24][5, 21][7, 10][16, 28][17, 28][11, 25][14, 24] 
[8, 26, 0, 22, 17, 12, 19][15, 5, 6, 13, 18][4, 20, 23, 14, 9][25, 7, 16, 27][10, 21, 2, 29][11, 3, 1, 24][17, 28][16, 28][7, 10][5, 21][11, 25][14, 24] 
[8, 26, 0, 22, 17, 12, 19][15, 5, 6, 13, 18][4, 20, 23, 14, 9][25, 7, 16, 27][10, 21, 2, 29][11, 3, 1, 24][17, 28][16, 28][7, 10][5, 21][11, 25][14, 24] 
[8, 26, 0, 22, 17, 12, 19][15, 5, 6, 13, 18][4, 20, 23, 14, 9][25, 7, 16, 27][10, 21, 2, 29][11, 3, 1, 24][17, 28][16, 28][7, 10][5, 21][11, 25][14, 24] 
[8, 26, 0, 22, 17, 12, 19][15, 5, 6, 13, 18][4, 20, 23, 14, 9][25, 7, 16, 27][10, 21, 2, 29][11, 3, 1, 24][17, 28][16, 28][7, 10][5, 21][11, 25][14, 24] 
[8, 26, 0, 22, 17, 12, 19][15, 5, 6, 13, 18][4, 20, 23, 14, 9][11, 3, 1, 24][25, 7, 16, 27][10, 21, 2, 29][4, 24][11, 25][16, 28][17, 28][7, 10][5, 21] 
[8, 12, 17, 22, 0, 26][15, 5, 6, 13, 18][14, 23, 20, 4, 24][25, 7, 16, 27][9, 1, 3, 11][10, 21, 2, 29][19, 17, 28][16, 28][11, 25][7, 10][5, 21][9, 14] 
[8, 12, 17, 22, 0, 26][15, 5, 6, 13, 18][14, 23, 20, 4, 24][10, 21, 2, 29][25, 7, 16, 27][9, 1, 3, 11][19, 17, 28][7, 10][16, 28][11, 25][5, 21][9, 14] 
[8, 12, 17, 22, 0, 26][14, 23, 20, 4, 24][15, 5, 6, 13, 18][9, 1, 3, 11][25, 7, 16, 27][10, 21, 2, 29][19, 17, 28][11, 25][9, 14][7, 10][5, 21][16, 28] 
[8, 12, 17, 22, 0, 26][15, 5, 6, 13, 18][14, 23, 20, 4, 24][10, 21, 2, 29][25, 7, 16, 27][9, 1, 3, 11][19, 17, 28][5, 21][7, 10][11, 25][16, 28][9, 14] 
[8, 12, 17, 22, 0, 26][15, 5, 6, 13, 18][14, 23, 20, 4, 24][10, 21, 2, 29][25, 7, 16, 27][9, 1, 3, 11][19, 17, 28][7, 10][16, 28][11, 25][5, 21][9, 14] 
[15, 5, 6, 13, 18][12, 17, 22, 0, 26][4, 20, 23, 14, 9][10, 21, 2, 29][25, 7, 16, 27][8, 19, 17, 28][11, 3, 1, 24][5, 21][7, 10][16, 28][11, 25][14, 24] 
[8, 12, 17, 22, 0, 26][14, 23, 20, 4, 24][15, 5, 6, 13, 18][9, 1, 3, 11][25, 7, 16, 27][10, 21, 2, 29][19, 17, 28][11, 25][9, 14][16, 28][7, 10][5, 21] 
[8, 26, 0, 22, 17, 12, 19][15, 5, 6, 13, 18][4, 20, 23, 14, 9][25, 7, 16, 27][10, 21, 2, 29][11, 3, 1, 24][17, 28][16, 28][7, 10][5, 21][11, 25][14, 24] 
[8, 26, 0, 22, 17, 12, 19][4, 20, 23, 14, 9][15, 5, 6, 13, 18][11, 3, 1, 24][25, 7, 16, 27][10, 21, 2, 29][11, 25][7, 10][16, 28][14, 24][17, 28][5, 21] 
[8, 26, 0, 22, 17, 12, 19][15, 5, 6, 13, 18][4, 20, 23, 14, 9][25, 7, 16, 27][10, 21, 2, 29][11, 3, 1, 24][17, 28][16, 28][7, 10][5, 21][11, 25][14, 24] 
[8, 26, 0, 22, 17, 12, 19][4, 20, 23, 14, 9][15, 5, 6, 13, 18][11, 3, 1, 24][25, 7, 16, 27][10, 21, 2, 29][11, 25][7, 10][16, 28][14, 24][17, 28][5, 21] 
[8, 26, 0, 22, 17, 12, 19][15, 5, 6, 13, 18][4, 20, 23, 14, 9][10, 21, 2, 29][25, 7, 16, 27][11, 3, 1, 24][5, 21][7, 10][11, 25][14, 24][16, 28][17, 28] 
[8, 26, 0, 22, 17, 12, 19][4, 20, 23, 14, 9][15, 5, 6, 13, 18][11, 3, 1, 24][25, 7, 16, 27][10, 21, 2, 29][11, 25][7, 10][16, 28][14, 24][5, 21][17, 28] 
[8, 26, 0, 22, 17, 12, 19][15, 5, 6, 13, 18][4, 20, 23, 14, 9][25, 7, 16, 27][10, 21, 2, 29][11, 3, 1, 24][7, 10][5, 21][11, 25][16, 28][17, 28][14, 24] 
[8, 26, 0, 22, 17, 12, 19][15, 5, 6, 13, 18][4, 20, 23, 14, 9][25, 7, 16, 27][10, 21, 2, 29][11, 3, 1, 24][7, 10][16, 28][11, 25][5, 21][17, 28][14, 24] 
[8, 26, 0, 22, 17, 12, 19][4, 20, 23, 14, 9][15, 5, 6, 13, 18][11, 3, 1, 24][25, 7, 16, 27][10, 21, 2, 29][11, 25][7, 10][16, 28][14, 24][5, 21][17, 28] 
[8, 26, 0, 22, 17, 12, 19][15, 5, 6, 13, 18][4, 20, 23, 14, 9][10, 21, 2, 29][25, 7, 16, 27][11, 3, 1, 24][5, 21][7, 10][16, 28][17, 28][11, 25][14, 24] 
[8, 26, 0, 22, 17, 12, 19][15, 5, 6, 13, 18][4, 20, 23, 14, 9][25, 7, 16, 27][10, 21, 2, 29][11, 3, 1, 24][17, 28][16, 28][7, 10][5, 21][11, 25][14, 24] 
[8, 26, 0, 22, 17, 12, 19][4, 20, 23, 14, 9][15, 5, 6, 13, 18][25, 7, 16, 27][11, 3, 1, 24][10, 21, 2, 29][11, 25][14, 24][7, 10][5, 21][16, 28][17, 28] 
[8, 26, 0, 22, 17, 12, 19][4, 20, 23, 14, 9][15, 5, 6, 13, 18][25, 7, 16, 27][11, 3, 1, 24][10, 21, 2, 29][11, 25][14, 24][7, 10][5, 21][16, 28][17, 28] 
[8, 26, 0, 22, 17, 12, 19][15, 5, 6, 13, 18][4, 20, 23, 14, 9][25, 7, 16, 27][10, 21, 2, 29][11, 3, 1, 24][7, 10][5, 21][11, 25][16, 28][17, 28][14, 24] 
[8, 26, 0, 22, 17, 12, 19][15, 5, 6, 13, 18][4, 20, 23, 14, 9][25, 7, 16, 27][11, 3, 1, 24][10, 21, 2, 29][16, 28][11, 25][14, 24][7, 10][5, 21][17, 28] 
[8, 26, 0, 22, 17, 12, 19][15, 5, 6, 13, 18][20, 4, 14, 9, 23][10, 21, 2, 29][25, 7, 16, 27][11, 3, 1, 24][5, 21][7, 10][11, 25][16, 28][17, 28][23, 24] 
[8, 26, 0, 22, 17, 12, 19][15, 5, 6, 13, 18][20, 4, 14, 9, 23][10, 21, 2, 29][25, 7, 16, 27][11, 3, 1, 24][5, 21][7, 10][11, 25][16, 28][17, 28][23, 24] 
[8, 26, 0, 22, 17, 12, 19][15, 5, 6, 13, 18][20, 4, 14, 9, 23][10, 21, 2, 29][25, 7, 16, 27][11, 3, 1, 24][5, 21][7, 10][11, 25][16, 28][17, 28][23, 24] 
[8, 26, 0, 22, 17, 12, 19][20, 4, 14, 9, 23][15, 5, 6, 13, 18][11, 3, 1, 24][25, 7, 16, 27][10, 21, 2, 29][23, 24][11, 25][16, 28][7, 10][5, 21][17, 28] 
[8, 26, 0, 22, 17, 12, 19][20, 4, 14, 9, 23][15, 5, 6, 13, 18][11, 3, 1, 24][25, 7, 16, 27][10, 21, 2, 29][23, 24][11, 25][16, 28][7, 10][5, 21][17, 28] 
[8, 26, 0, 22, 17, 12, 19][9, 14, 23, 20, 4, 24][15, 5, 6, 13, 18][25, 7, 16, 27][10, 21, 2, 29][3, 1, 24][17, 28][16, 28][7, 10][11, 25][3, 11][5, 21] 
[8, 12, 17, 22, 0, 26][15, 5, 6, 13, 18][4, 20, 23, 14, 9][10, 21, 2, 29][25, 7, 16, 27][8, 19, 17, 28][11, 3, 1, 24][5, 21][7, 10][16, 28][11, 25][14, 24] 
[8, 12, 17, 22, 0, 26][15, 5, 6, 13, 18][4, 20, 23, 14, 9][10, 21, 2, 29][25, 7, 16, 27][8, 19, 17, 28][11, 3, 1, 24][5, 21][7, 10][16, 28][11, 25][14, 24] 
[8, 12, 17, 22, 0, 26][15, 5, 6, 13, 18][4, 20, 23, 14, 9][25, 7, 16, 27][10, 21, 2, 29][11, 3, 1, 24][19, 17, 28][7, 10][5, 21][16, 28][11, 25][14, 24] 
[8, 12, 17, 22, 0, 26][15, 5, 6, 13, 18][4, 20, 23, 14, 9][25, 7, 16, 27][10, 21, 2, 29][11, 3, 1, 24][19, 17, 28][16, 28][7, 10][5, 21][11, 25][14, 24] 
[8, 12, 17, 22, 0, 26][15, 5, 6, 13, 18][4, 20, 23, 14, 9][25, 7, 16, 27][10, 21, 2, 29][11, 3, 1, 24][19, 17, 28][7, 10][5, 21][16, 28][11, 25][14, 24] 
[8, 26, 0, 22, 17, 12, 19][4, 20, 23, 14, 9][15, 5, 6, 13, 18][11, 3, 1, 24][25, 7, 16, 27][10, 21, 2, 29][14, 24][11, 25][7, 10][16, 28][5, 21][17, 28] 
[8, 12, 17, 22, 0, 26][15, 5, 6, 13, 18][4, 20, 23, 14, 9][25, 7, 16, 27][10, 21, 2, 29][11, 3, 1, 24][19, 17, 28][16, 28][7, 10][5, 21][11, 25][14, 24] 
