[2, 6, 10, 15, 21, 5][4, 24, 14, 1, 9][11, 17, 18, 19, 22][13, 0, 12, 8, 26][16, 28, 25][16, 27, 29][20, 7, 27][1, 3, 23][20, 23][3, 11][0, 28][15, 29] 
[4, 24, 14, 1, 9][11, 17, 18, 19, 22][5, 21, 15, 10, 6][13, 0, 12, 8, 26][2, 27, 7, 20][1, 3, 23][16, 28, 25][16, 27, 29][20, 23][3, 11][2, 10][0, 28] 
[5, 21, 15, 10, 6][4, 24, 14, 1, 9][13, 0, 12, 8, 26][11, 17, 18, 19, 22][2, 29, 27, 16][16, 28, 25][20, 7, 27][1, 3, 23][15, 29][20, 23][0, 28][3, 11] 
[5, 21, 15, 10, 6][4, 24, 14, 1, 9][13, 0, 12, 8, 26][11, 17, 18, 19, 22][2, 29, 27, 16][16, 28, 25][20, 7, 27][1, 3, 23][2, 10][20, 23][0, 28][3, 11] 
[5, 21, 15, 10, 6][4, 24, 14, 1, 9][13, 0, 12, 8, 26][11, 17, 18, 19, 22][2, 16, 28, 25][16, 27, 29][20, 7, 27][1, 3, 23][15, 29][20, 23][0, 28][3, 11] 
[4, 24, 14, 1, 9][5, 21, 15, 10, 6][11, 17, 18, 19, 22][13, 0, 12, 8, 26][2, 27, 7, 20][1, 3, 23][16, 27, 29][16, 28, 25][20, 23][15, 29][3, 11][0, 28] 
[13, 0, 12, 8, 26][4, 24, 14, 1, 9][11, 17, 18, 19, 22][5, 21, 15, 10, 6][2, 29, 27, 16][20, 7, 27][16, 28, 25][1, 3, 23][0, 28][20, 23][3, 11][15, 29] 
[13, 0, 12, 8, 26][4, 24, 14, 1, 9][11, 17, 18, 19, 22][5, 21, 15, 10, 6][2, 27, 7, 20][16, 28, 25][16, 27, 29][1, 3, 23][0, 28][20, 23][3, 11][15, 29] 
[13, 0, 12, 8, 26][4, 24, 14, 1, 9][11, 17, 18, 19, 22][5, 21, 15, 10, 6][2, 27, 7, 20][16, 28, 25][16, 27, 29][1, 3, 23][0, 28][20, 23][3, 11][15, 29] 
[11, 17, 18, 19, 22][4, 24, 14, 1, 9][5, 21, 15, 10, 6][13, 0, 12, 8, 26][2, 27, 7, 20][1, 3, 23][16, 27, 29][16, 28, 25][3, 11][20, 23][15, 29][0, 28] 
[2, 6, 10, 15, 21, 5][13, 0, 12, 8, 26][4, 24, 14, 1, 9][11, 17, 18, 19, 22][16, 28, 25][16, 27, 29][20, 7, 27][1, 3, 23][0, 28][20, 23][3, 11][15, 29] 
[4, 24, 14, 1, 9][11, 17, 18, 19, 22][5, 21, 15, 10, 6][13, 0, 12, 8, 26][2, 27, 7, 20][1, 3, 23][16, 28, 25][16, 27, 29][20, 23][3, 11][2, 10][0, 28] 
[5, 21, 15, 10, 6][4, 24, 14, 1, 9][13, 0, 12, 8, 26][11, 17, 18, 19, 22][2, 29, 27, 16][16, 28, 25][20, 7, 27][1, 3, 23][15, 29][20, 23][0, 28][3, 11] 
[5, 21, 15, 10, 6][13, 0, 12, 8, 26][4, 24, 14, 1, 9][11, 17, 18, 19, 22][2, 16, 28, 25][16, 27, 29][20, 7, 27][1, 3, 23][15, 29][0, 28][20, 23][3, 11] 
[4, 24, 14, 1, 9][13, 0, 12, 8, 26][5, 21, 15, 10, 6][11, 17, 18, 19, 22][2, 27, 7, 20][16, 27, 29][1, 3, 23][16, 28, 25][20, 23][0, 28][15, 29][3, 11] 
[4, 24, 14, 1, 9][5, 21, 15, 10, 6][11, 17, 18, 19, 22][13, 0, 12, 8, 26][2, 27, 7, 20][1, 3, 23][16, 27, 29][16, 28, 25][20, 23][15, 29][3, 11][0, 28] 
[2, 6, 10, 15, 21, 5][4, 24, 14, 1, 9][11, 17, 18, 19, 22][13, 0, 12, 8, 26][20, 7, 27][1, 3, 23][16, 27, 29][16, 28, 25][20, 23][3, 11][15, 29][0, 28] 
[13, 0, 12, 8, 26][4, 24, 14, 1, 9][11, 17, 18, 19, 22][5, 21, 15, 10, 6][2, 27, 7, 20][16, 27, 29][16, 28, 25][1, 3, 23][0, 28][20, 23][3, 11][2, 10] 
[4, 24, 14, 1, 9][13, 0, 12, 8, 26][11, 17, 18, 19, 22][5, 21, 15, 10, 6][2, 16, 28, 25][16, 27, 29][20, 7, 27][1, 3, 23][20, 23][0, 28][3, 11][15, 29] 
[2, 6, 10, 15, 21, 5][11, 17, 18, 19, 22][4, 24, 14, 1, 9][13, 0, 12, 8, 26][1, 3, 23][20, 7, 27][16, 27, 29][16, 28, 25][3, 11][20, 23][15, 29][0, 28] 
[2, 6, 10, 15, 21, 5][4, 24, 14, 1, 9][13, 0, 12, 8, 26][11, 17, 18, 19, 22][1, 3, 23][20, 7, 27][16, 27, 29][16, 28, 25][20, 23][0, 28][3, 11][15, 29] 
[13, 0, 12, 8, 26][4, 24, 14, 1, 9][11, 17, 18, 19, 22][5, 21, 15, 10, 6][2, 27, 7, 20][16, 28, 25][16, 27, 29][1, 3, 23][0, 28][20, 23][3, 11][2, 10] 
[4, 24, 14, 1, 9][13, 0, 12, 8, 26][5, 21, 15, 10, 6][11, 17, 18, 19, 22][2, 29, 27, 16][16, 28, 25][20, 7, 27][1, 3, 23][20, 23][0, 28][15, 29][3, 11] 
[13, 0, 12, 8, 26][4, 24, 14, 1, 9][5, 21, 15, 10, 6][11, 17, 18, 19, 22][2, 16, 28, 25][16, 27, 29][20, 7, 27][1, 3, 23][0, 28][20, 23][15, 29][3, 11] 
[13, 0, 12, 8, 26][4, 24, 14, 1, 9][5, 21, 15, 10, 6][11, 17, 18, 19, 22][2, 27, 7, 20][16, 28, 25][16, 27, 29][1, 3, 23][0, 28][20, 23][15, 29][3, 11] 
[4, 24, 14, 1, 9][11, 17, 18, 19, 22][5, 21, 15, 10, 6][13, 0, 12, 8, 26][2, 27, 7, 20][1, 3, 23][16, 27, 29][16, 28, 25][20, 23][3, 11][15, 29][0, 28] 
[2, 6, 10, 15, 21, 5][4, 24, 14, 1, 9][11, 17, 18, 19, 22][13, 0, 12, 8, 26][1, 3, 23][20, 7, 27][16, 27, 29][16, 28, 25][20, 23][3, 11][0, 28][15, 29] 
[4, 24, 14, 1, 9][11, 17, 18, 19, 22][5, 21, 15, 10, 6][13, 0, 12, 8, 26][2, 27, 7, 20][1, 3, 23][16, 28, 25][16, 27, 29][3, 11][20, 23][2, 10][0, 28] 
[4, 24, 14, 1, 9][11, 17, 18, 19, 22][5, 21, 15, 10, 6][13, 0, 12, 8, 26][2, 16, 28, 25][1, 3, 23][20, 7, 27][16, 27, 29][3, 11][20, 23][15, 29][0, 28] 
[2, 6, 10, 15, 21, 5][13, 0, 12, 8, 26][4, 24, 14, 1, 9][11, 17, 18, 19, 22][16, 28, 25][16, 27, 29][20, 7, 27][1, 3, 23][0, 28][20, 23][15, 29][3, 11] 
[2, 6, 10, 15, 21, 5][4, 24, 14, 1, 9][11, 17, 18, 19, 22][13, 0, 12, 8, 26][1, 3, 23][20, 7, 27][16, 27, 29][16, 28, 25][20, 23][3, 11][15, 29][0, 28] 
[4, 24, 14, 1, 9][11, 17, 18, 19, 22][5, 21, 15, 10, 6][13, 0, 12, 8, 26][2, 27, 7, 20][1, 3, 23][16, 28, 25][16, 27, 29][3, 11][20, 23][2, 10][0, 28] 
[5, 21, 15, 10, 6][4, 24, 14, 1, 9][13, 0, 12, 8, 26][11, 17, 18, 19, 22][2, 16, 28, 25][16, 27, 29][20, 7, 27][1, 3, 23][15, 29][20, 23][0, 28][3, 11] 
[2, 6, 10, 15, 21, 5][4, 24, 14, 1, 9][11, 17, 18, 19, 22][13, 0, 12, 8, 26][1, 3, 23][20, 7, 27][16, 27, 29][16, 28, 25][20, 23][3, 11][0, 28][15, 29] 
[2, 6, 10, 15, 21, 5][11, 17, 18, 19, 22][4, 24, 14, 1, 9][13, 0, 12, 8, 26][1, 3, 23][20, 7, 27][16, 27, 29][16, 28, 25][3, 11][20, 23][0, 28][15, 29] 
[5, 21, 6, 15, 2, 29, 10, 16, 28, 25, 0, 17, 18, 13][11, 14, 9, 23, 3, 1, 24, 4, 20, 7, 27][11, 17, 0, 13, 18, 12, 19, 8, 26][11, 14, 9, 23, 3, 1, 24, 4, 20][0, 17][7, 20][7, 27][22, 25][2, 29][7, 27][2, 29][2, 29] 
[0, 25, 28, 16, 10, 29, 2, 15, 6, 21, 5][11, 17, 0, 13, 18, 12, 19, 8, 26][11, 14, 9, 23, 3, 1, 24, 4, 20][20, 7, 27][2, 29][19, 22][3, 23][2, 29][19, 22][2, 29][0, 17][2, 29] 
[5, 21, 6, 15, 2, 29, 10, 16, 28, 25, 0, 17, 18, 13][11, 14, 9, 23, 3, 1, 24, 4, 20, 7, 27][11, 17, 0, 13, 18, 12, 19, 8, 26][11, 14, 9, 23, 3, 1, 24, 4, 20][0, 17][7, 20][7, 27][22, 25][2, 29][7, 27][2, 29][2, 29] 
[5, 21, 6, 15, 2, 29, 10, 16, 28, 25, 0, 17][11, 14, 9, 23, 3, 1, 24, 4, 20, 7, 27][11, 17, 18, 19, 22][0, 12, 8, 26][2, 29][25, 28][0, 13][2, 29][2, 29][0, 28][2, 29][25, 28] 
[5, 21, 6, 15, 2, 29, 10, 16, 28, 25, 0, 17][14, 9, 23, 3, 1, 24, 4, 20, 7, 27][13, 18, 12, 19, 8, 26][17, 18, 19, 22][11, 14][7, 20][3, 23][11, 17][3, 23][25, 28][0, 25][2, 29] 
[5, 21, 6, 15, 2, 29, 10, 16, 28, 25][11, 14, 9, 23, 3, 1, 24, 4, 20][11, 17, 0, 13, 18, 12, 19, 8, 26][7, 27][7, 20][22, 25][0, 25][4, 24][3, 23][2, 29][4, 24][2, 29] 
[0, 25, 28, 16, 10, 29, 2, 15, 6, 21, 5][11, 17, 0, 13, 18, 12, 19, 8, 26][11, 14, 9, 23, 3, 1, 24, 4, 20][22, 25][0, 13][7, 20][7, 27][3, 23][2, 29][3, 23][2, 29][4, 24] 
[5, 21, 6, 15, 2, 29, 10, 16, 28, 25, 0, 17, 18, 13][5, 21, 6, 15, 2, 29, 10, 16, 28, 25, 0, 17, 18, 13][11, 14, 9, 23, 3, 1, 24, 4, 20, 7, 27][11, 17, 0, 13, 18, 12, 19, 8, 26][11, 14, 9, 23, 3, 1, 24, 4, 20][11, 14, 23, 24, 20][7, 20][7, 27][22, 25][7, 27][2, 29][7, 27] 
[0, 25, 28, 16, 10, 29, 2, 15, 6, 21, 5][11, 14, 9, 23, 3, 1, 24, 4, 20][11, 17, 0, 13, 18, 12, 19, 8, 26][3, 23][22, 25][7, 20][7, 27][4, 24][25, 28][4, 24][0, 17][22, 25] 
[0, 25, 28, 16, 10, 29, 2, 15, 6, 21, 5][11, 14, 9, 23, 3, 1, 24, 4, 20][11, 17, 0, 13, 18, 12, 19, 8, 26][3, 23][22, 25][7, 20][7, 27][4, 24][25, 28][4, 24][0, 17][22, 25] 
[0, 25, 28, 16, 10, 29, 2, 15, 6, 21, 5][11, 14, 9, 23, 3, 1, 24, 4, 20][11, 17, 0, 13, 18, 12, 19, 8, 26][7, 20][22, 25][2, 29][25, 28][3, 23][0, 17][7, 27][3, 23][2, 29] 
[0, 25, 28, 16, 10, 29, 2, 15, 6, 21, 5][11, 17, 0, 13, 18, 12, 19, 8, 26][11, 14, 9, 23, 3, 1, 24, 4, 20][22, 25][0, 13][7, 20][7, 27][3, 23][2, 29][3, 23][2, 29][4, 24] 
[5, 21, 6, 15, 2, 29, 10, 16, 28, 25, 0, 17][11, 14, 9, 23, 3, 1, 24, 4, 20, 7, 27][11, 17, 18, 19, 22][0, 12, 8, 26][2, 29][25, 28][0, 13][2, 29][2, 29][0, 28][2, 29][25, 28] 
[0, 25, 28, 16, 10, 29, 2, 15, 6, 21, 5][7, 20, 4, 24, 1, 3, 23, 9, 14, 11][11, 17, 0, 13, 18, 12, 19, 8, 26][7, 27][22, 25][25, 28][22, 25][2, 29][2, 29][25, 28][3, 23][2, 29] 
[0, 25, 28, 16, 10, 29, 2, 15, 6, 21, 5][7, 20, 4, 24, 1, 3, 23, 9, 14, 11][11, 17, 0, 13, 18, 12, 19, 8, 26][7, 27][22, 25][25, 28][22, 25][2, 29][2, 29][25, 28][3, 23][2, 29] 
[5, 21, 6, 15, 2, 29, 10, 16, 28, 25, 0, 17, 18, 13][11, 17, 0, 13, 18, 12, 19, 8, 26][11, 14, 9, 23, 3, 1, 24, 4, 20][1, 3, 23, 9, 14, 11][20, 7, 27][22, 25][13, 18][3, 11][11, 14][11, 14][2, 29][13, 18] 
[5, 21, 6, 15, 2, 29, 10, 16, 28, 25, 0, 17, 18, 13][11, 17, 0, 13, 18, 12, 19, 8, 26][11, 14, 9, 23, 3, 1, 24, 4, 20][1, 3, 23, 9, 14, 11][20, 7, 27][22, 25][13, 18][3, 11][11, 14][11, 14][2, 29][13, 18] 
[0, 25, 28, 16, 10, 29, 2, 15, 6, 21, 5][11, 17, 0, 13, 18, 12, 19, 8, 26][11, 14, 9, 23, 3, 1, 24, 4, 20][20, 7, 27][2, 29][19, 22][3, 23][2, 29][19, 22][2, 29][0, 17][2, 29] 
[0, 25, 28, 16, 10, 29, 2, 15, 6, 21, 5][11, 14, 9, 23, 3, 1, 24, 4, 20][11, 17, 0, 13, 18, 12, 19, 8, 26][3, 23][19, 22][0, 13][7, 27][25, 28][2, 29][4, 24][7, 20][4, 24] 
[5, 21, 6, 15, 2, 29, 10, 16, 28, 25, 0, 17, 18, 13][11, 14, 9, 23, 3, 1, 24, 4, 20, 7, 27][11, 17, 0, 13, 18, 12, 19, 8, 26][2, 29][11, 14][22, 25][3, 11][7, 27][11, 14][3, 11][7, 20][4, 24] 
[0, 25, 28, 16, 10, 29, 2, 15, 6, 21, 5][7, 20, 4, 24, 1, 3, 23, 9, 14, 11][11, 17, 0, 13, 18, 12, 19, 8, 26][3, 23][19, 22][2, 29][11, 14][7, 27][4, 24][11, 14][0, 17][2, 29] 
[5, 21, 15, 10, 6][4, 24, 14, 1, 9][11, 17, 18, 19, 22][13, 0, 12, 8, 26][2, 16, 28, 25][16, 27, 29][20, 7, 27][1, 3, 23][15, 29][20, 23][3, 11][0, 28] 
[5, 21, 15, 10, 6][4, 24, 14, 1, 9][11, 17, 18, 19, 22][13, 0, 12, 8, 26][2, 16, 28, 25][16, 27, 29][20, 7, 27][1, 3, 23][15, 29][20, 23][3, 11][0, 28] 
[11, 17, 18, 19, 22][4, 24, 14, 1, 9][13, 0, 12, 8, 26][5, 21, 15, 10, 6][2, 16, 28, 25][1, 3, 23][20, 7, 27][16, 27, 29][3, 11][20, 23][0, 28][15, 29] 
[4, 24, 14, 1, 9][11, 17, 18, 19, 22][13, 0, 12, 8, 26][5, 21, 15, 10, 6][2, 16, 28, 25][1, 3, 23][20, 7, 27][16, 27, 29][3, 11][20, 23][0, 28][15, 29] 
[11, 17, 18, 19, 22][4, 24, 14, 1, 9][13, 0, 12, 8, 26][5, 21, 15, 10, 6][2, 16, 28, 25][1, 3, 23][20, 7, 27][16, 27, 29][3, 11][20, 23][0, 28][15, 29] 
[11, 17, 18, 19, 22][4, 24, 14, 1, 9][13, 0, 12, 8, 26][5, 21, 15, 10, 6][2, 16, 28, 25][1, 3, 23][20, 7, 27][16, 27, 29][3, 11][20, 23][0, 28][15, 29] 
[4, 24, 14, 1, 9][11, 17, 18, 19, 22][5, 21, 15, 10, 6][13, 0, 12, 8, 26][2, 16, 28, 25][1, 3, 23][20, 7, 27][16, 27, 29][3, 11][20, 23][15, 29][0, 28] 
[5, 21, 15, 10, 6][13, 0, 12, 8, 26][4, 24, 14, 1, 9][11, 17, 18, 19, 22][2, 16, 28, 25][16, 27, 29][20, 7, 27][1, 3, 23][15, 29][0, 28][20, 23][3, 11] 
[4, 24, 14, 1, 9][11, 17, 18, 19, 22][5, 21, 15, 10, 6][13, 0, 12, 8, 26][2, 16, 28, 25][20, 7, 27][16, 27, 29][1, 3, 23][20, 23][3, 11][15, 29][0, 28] 
[5, 21, 15, 10, 6][13, 0, 12, 8, 26][4, 24, 14, 1, 9][11, 17, 18, 19, 22][2, 16, 28, 25][16, 27, 29][20, 7, 27][1, 3, 23][15, 29][0, 28][20, 23][3, 11] 
[4, 24, 14, 1, 9][5, 21, 15, 10, 6][13, 0, 12, 8, 26][11, 17, 18, 19, 22][2, 16, 28, 25][16, 27, 29][20, 7, 27][1, 3, 23][20, 23][15, 29][0, 28][3, 11] 
[4, 24, 14, 1, 9][13, 0, 12, 8, 26][5, 21, 15, 10, 6][11, 17, 18, 19, 22][2, 16, 28, 25][20, 7, 27][16, 27, 29][1, 3, 23][20, 23][0, 28][15, 29][3, 11] 
[4, 24, 14, 1, 9][11, 17, 18, 19, 22][5, 21, 15, 10, 6][13, 0, 12, 8, 26][2, 16, 28, 25][1, 3, 23][20, 7, 27][16, 27, 29][3, 11][20, 23][15, 29][0, 28] 
[5, 21, 15, 10, 6][4, 24, 14, 1, 9][13, 0, 12, 8, 26][11, 17, 18, 19, 22][2, 16, 28, 25][16, 27, 29][20, 7, 27][1, 3, 23][15, 29][20, 23][0, 28][3, 11] 
[4, 24, 14, 1, 9][11, 17, 18, 19, 22][5, 21, 15, 10, 6][13, 0, 12, 8, 26][2, 16, 28, 25][20, 7, 27][16, 27, 29][1, 3, 23][20, 23][3, 11][15, 29][0, 28] 
[2, 6, 10, 15, 21, 5][4, 24, 14, 1, 9][11, 17, 18, 19, 22][13, 0, 12, 8, 26][16, 28, 25][16, 27, 29][20, 7, 27][1, 3, 23][20, 23][3, 11][0, 28][15, 29] 
[2, 6, 10, 15, 21, 5][4, 24, 14, 1, 9][13, 0, 12, 8, 26][11, 17, 18, 19, 22][1, 3, 23][20, 7, 27][16, 27, 29][16, 28, 25][20, 23][0, 28][3, 11][15, 29] 
[2, 6, 10, 15, 21, 5][4, 24, 14, 1, 9][11, 17, 18, 19, 22][13, 0, 12, 8, 26][1, 3, 23][20, 7, 27][16, 27, 29][16, 28, 25][3, 11][20, 23][15, 29][0, 28] 
[2, 6, 10, 15, 21, 5][4, 24, 14, 1, 9][11, 17, 18, 19, 22][13, 0, 12, 8, 26][20, 7, 27][16, 27, 29][16, 28, 25][1, 3, 23][20, 23][3, 11][0, 28][15, 29] 
[2, 6, 10, 15, 21, 5][4, 24, 14, 1, 9][13, 0, 12, 8, 26][11, 17, 18, 19, 22][20, 7, 27][16, 27, 29][1, 3, 23][16, 28, 25][20, 23][0, 28][15, 29][3, 11] 
[2, 6, 10, 15, 21, 5][13, 0, 12, 8, 26][4, 24, 14, 1, 9][11, 17, 18, 19, 22][23, 20, 7, 27][16, 28, 25][16, 27, 29][0, 28][1, 3][15, 29][3, 11][3, 23] 
[13, 0, 12, 8, 26][5, 21, 15, 10, 6][4, 24, 14, 1, 9][11, 17, 18, 19, 22][2, 16, 28, 25][16, 27, 29][20, 7, 27][1, 3, 23][0, 28][15, 29][20, 23][3, 11] 
[5, 21, 15, 10, 6][4, 24, 14, 1, 9][11, 17, 18, 19, 22][13, 0, 12, 8, 26][2, 16, 28, 25][16, 27, 29][20, 7, 27][1, 3, 23][15, 29][20, 23][3, 11][0, 28] 
[11, 17, 18, 19, 22][4, 24, 14, 1, 9][13, 0, 12, 8, 26][5, 21, 15, 10, 6][2, 16, 28, 25][1, 3, 23][20, 7, 27][16, 27, 29][3, 11][20, 23][0, 28][15, 29] 
[4, 24, 14, 1, 9][11, 17, 18, 19, 22][5, 21, 15, 10, 6][13, 0, 12, 8, 26][2, 16, 28, 25][1, 3, 23][20, 7, 27][16, 27, 29][3, 11][20, 23][15, 29][0, 28] 
[13, 0, 12, 8, 26][5, 21, 15, 10, 6][4, 24, 14, 1, 9][11, 17, 18, 19, 22][2, 16, 28, 25][16, 27, 29][20, 7, 27][1, 3, 23][0, 28][15, 29][20, 23][3, 11] 
[11, 17, 18, 19, 22][4, 24, 14, 1, 9][5, 21, 15, 10, 6][13, 0, 12, 8, 26][2, 16, 28, 25][1, 3, 23][20, 7, 27][16, 27, 29][3, 11][20, 23][2, 10][0, 28] 
[13, 0, 12, 8, 26][5, 21, 15, 10, 6][4, 24, 14, 1, 9][11, 17, 18, 19, 22][2, 16, 28, 25][16, 27, 29][20, 7, 27][1, 3, 23][0, 28][15, 29][20, 23][3, 11] 
[2, 6, 10, 15, 21, 5][11, 17, 18, 19, 22][4, 24, 14, 1, 9][13, 0, 12, 8, 26][1, 3, 23][20, 7, 27][16, 27, 29][16, 28, 25][3, 11][20, 23][15, 29][0, 28] 
[2, 6, 10, 15, 21, 5][13, 0, 12, 8, 26][4, 24, 14, 1, 9][11, 17, 18, 19, 22][16, 28, 25][16, 27, 29][20, 7, 27][1, 3, 23][0, 28][20, 23][15, 29][3, 11] 
[2, 6, 10, 15, 21, 5][11, 17, 18, 19, 22][4, 24, 14, 1, 9][13, 0, 12, 8, 26][1, 3, 23][20, 7, 27][16, 27, 29][16, 28, 25][3, 11][20, 23][15, 29][0, 28] 
[2, 6, 10, 15, 21, 5][4, 24, 14, 1, 9][11, 17, 18, 19, 22][13, 0, 12, 8, 26][20, 7, 27][16, 27, 29][16, 28, 25][1, 3, 23][15, 29][20, 23][3, 11][0, 28] 
[2, 6, 10, 15, 21, 5][11, 17, 18, 19, 22][4, 24, 14, 1, 9][13, 0, 12, 8, 26][1, 3, 23][20, 7, 27][16, 27, 29][16, 28, 25][3, 11][20, 23][15, 29][0, 28] 
[2, 6, 10, 15, 21, 5][13, 0, 12, 8, 26][4, 24, 14, 1, 9][11, 17, 18, 19, 22][16, 28, 25][16, 27, 29][20, 7, 27][1, 3, 23][0, 28][15, 29][20, 23][3, 11] 
[2, 6, 10, 15, 21, 5][13, 0, 12, 8, 26][4, 24, 14, 1, 9][11, 17, 18, 19, 22][16, 28, 25][16, 27, 29][20, 7, 27][1, 3, 23][0, 28][15, 29][20, 23][3, 11] 
[2, 6, 10, 15, 21, 5][13, 0, 12, 8, 26][4, 24, 14, 1, 9][11, 17, 18, 19, 22][16, 28, 25][16, 27, 29][20, 7, 27][1, 3, 23][0, 28][20, 23][15, 29][3, 11] 
[2, 6, 10, 15, 21, 5][11, 17, 18, 19, 22][4, 24, 14, 1, 9][13, 0, 12, 8, 26][1, 3, 23][20, 7, 27][16, 27, 29][16, 28, 25][3, 11][20, 23][15, 29][0, 28] 
[2, 6, 10, 15, 21, 5][13, 0, 12, 8, 26][4, 24, 14, 1, 9][11, 17, 18, 19, 22][16, 28, 25][16, 27, 29][20, 7, 27][1, 3, 23][0, 28][20, 23][15, 29][3, 11] 
[2, 6, 10, 15, 21, 5][11, 17, 18, 19, 22][4, 24, 14, 1, 9][13, 0, 12, 8, 26][1, 3, 23][20, 7, 27][16, 27, 29][16, 28, 25][3, 11][20, 23][0, 28][15, 29] 
[2, 6, 10, 15, 21, 5][13, 0, 12, 8, 26][4, 24, 14, 1, 9][11, 17, 18, 19, 22][16, 28, 25][16, 27, 29][20, 7, 27][1, 3, 23][0, 28][20, 23][15, 29][3, 11] 
[2, 6, 10, 15, 21, 5][4, 24, 14, 1, 9][11, 17, 18, 19, 22][13, 0, 12, 8, 26][20, 7, 27][16, 27, 29][16, 28, 25][1, 3, 23][15, 29][20, 23][3, 11][0, 28] 
[2, 6, 10, 15, 21, 5][4, 24, 14, 1, 9][11, 17, 18, 19, 22][13, 0, 12, 8, 26][20, 7, 27][16, 27, 29][16, 28, 25][1, 3, 23][20, 23][3, 11][0, 28][15, 29] 
[2, 6, 10, 15, 21, 5][4, 24, 14, 1, 9][13, 0, 12, 8, 26][11, 17, 18, 19, 22][20, 7, 27][16, 27, 29][1, 3, 23][16, 28, 25][20, 23][0, 28][15, 29][3, 11] 
[2, 6, 10, 15, 21, 5][13, 0, 12, 8, 26][4, 24, 14, 1, 9][11, 17, 18, 19, 22][23, 20, 7, 27][16, 28, 25][16, 27, 29][1, 3, 23][0, 28][7, 20][15, 29][3, 11] 
[2, 6, 10, 15, 21, 5][13, 0, 12, 8, 26][4, 24, 14, 1, 9][11, 17, 18, 19, 22][23, 20, 7, 27][16, 28, 25][16, 27, 29][1, 3, 23][0, 28][7, 20][15, 29][3, 11] 
[2, 6, 10, 15, 21, 5][13, 0, 12, 8, 26][4, 24, 14, 1, 9][11, 17, 18, 19, 22][23, 20, 7, 27][16, 28, 25][16, 27, 29][1, 3, 23][0, 28][7, 20][15, 29][3, 11] 
[2, 6, 10, 15, 21, 5][11, 17, 18, 19, 22][4, 24, 14, 1, 9][13, 0, 12, 8, 26][23, 20, 7, 27][1, 3, 23][16, 27, 29][16, 28, 25][3, 11][0, 28][15, 29][7, 20] 
[2, 6, 10, 15, 21, 5][4, 24, 14, 1, 9][11, 17, 18, 19, 22][13, 0, 12, 8, 26][23, 20, 7, 27][16, 27, 29][16, 28, 25][1, 3, 23][15, 29][3, 11][0, 28][7, 20] 
[2, 6, 10, 15, 21, 5][4, 24, 14, 1, 9][11, 17, 18, 19, 22][13, 0, 12, 8, 26][23, 20, 7, 27][16, 28, 25][16, 27, 29][1, 3, 23][3, 11][0, 28][2, 16][7, 20] 
[4, 24, 14, 1, 9][13, 0, 12, 8, 26][5, 21, 15, 10, 6][11, 17, 18, 19, 22][2, 16, 28, 25][1, 3, 23][20, 7, 27][16, 27, 29][20, 23][0, 28][15, 29][3, 11] 
[4, 24, 14, 1, 9][11, 17, 18, 19, 22][5, 21, 15, 10, 6][13, 0, 12, 8, 26][2, 16, 28, 25][1, 3, 23][20, 7, 27][16, 27, 29][3, 11][20, 23][15, 29][0, 28] 
[5, 21, 15, 10, 6][4, 24, 14, 1, 9][11, 17, 18, 19, 22][13, 0, 12, 8, 26][2, 16, 28, 25][16, 27, 29][20, 7, 27][1, 3, 23][15, 29][20, 23][3, 11][0, 28] 
[5, 21, 15, 10, 6][13, 0, 12, 8, 26][4, 24, 14, 1, 9][11, 17, 18, 19, 22][2, 16, 28, 25][16, 27, 29][20, 7, 27][1, 3, 23][15, 29][0, 28][20, 23][3, 11] 
[5, 21, 15, 10, 6][4, 24, 14, 1, 9][13, 0, 12, 8, 26][11, 17, 18, 19, 22][2, 16, 28, 25][16, 27, 29][20, 7, 27][1, 3, 23][15, 29][20, 23][0, 28][3, 11] 
[2, 6, 10, 15, 21, 5][4, 24, 14, 1, 9][11, 17, 18, 19, 22][13, 0, 12, 8, 26][1, 3, 23][20, 7, 27][16, 27, 29][16, 28, 25][3, 11][20, 23][15, 29][0, 28] 
[13, 0, 12, 8, 26][5, 21, 15, 10, 6][4, 24, 14, 1, 9][11, 17, 18, 19, 22][2, 16, 28, 25][16, 27, 29][20, 7, 27][1, 3, 23][0, 28][15, 29][20, 23][3, 11] 
