[22, 17, 11, 14, 24][19, 0, 12, 8, 26][25, 28, 16, 2, 29][10, 15, 5, 21][4, 1, 3, 9][23, 20, 7, 27][13, 18, 22][10, 6, 13][0, 18][1, 14][1, 23][6, 16] 
[23, 20, 7, 27, 2, 29][22, 17, 11, 14, 24][4, 1, 3, 9][19, 12, 8, 26][6, 16, 28, 25][5, 21, 10, 15][0, 18, 19][10, 6, 13][1, 23][1, 14][18, 22][13, 18] 
[22, 17, 11, 14, 24][25, 28, 16, 2, 29][23, 20, 7, 27][19, 12, 8, 26][5, 21, 10, 15][1, 3, 9][4, 20, 14][13, 18, 22][0, 18, 19][10, 6, 13][1, 23][6, 16] 
[22, 17, 11, 14, 24][25, 28, 16, 2, 29][5, 21, 10, 15][19, 12, 8, 26][23, 20, 7, 27][10, 6, 13][13, 18, 22][0, 18, 19][4, 20, 14][1, 3, 9][6, 16][1, 23] 
[23, 20, 7, 27, 2, 29][22, 17, 11, 14, 24][4, 1, 3, 9][19, 12, 8, 26][6, 16, 28, 25][5, 21, 10, 15][0, 18, 19][10, 6, 13][1, 23][1, 14][18, 22][13, 18] 
[23, 20, 7, 27, 2, 29][22, 17, 11, 14, 24][4, 1, 3, 9][19, 12, 8, 26][5, 21, 10, 15][6, 16, 28, 25][0, 18, 19][10, 6, 13][1, 23][1, 14][18, 22][13, 18] 
[23, 20, 7, 27, 2, 29][22, 17, 11, 14, 24][19, 12, 8, 26][4, 1, 3, 9][5, 21, 10, 15][6, 16, 28, 25][0, 18, 19][10, 6, 13][18, 22][1, 14][13, 18][1, 23] 
[23, 20, 7, 27, 2, 29][12, 8, 26, 0, 19][22, 17, 11, 14, 24][6, 16, 28, 25][5, 21, 10, 15][4, 1, 3, 9][10, 6, 13][0, 18][13, 18][18, 22][4, 14][1, 23] 
[23, 20, 7, 27, 2, 29][22, 17, 11, 14, 24][4, 1, 3, 9][19, 12, 8, 26][5, 21, 10, 15][6, 16, 28, 25][0, 18, 19][10, 6, 13][4, 14][1, 23][18, 22][13, 18] 
[22, 17, 11, 14, 24][25, 28, 16, 2, 29][4, 1, 3, 9][23, 20, 7, 27][19, 12, 8, 26][5, 21, 10, 15][4, 20, 14][0, 18, 19][10, 6, 13][18, 22][13, 18][6, 16] 
[22, 17, 11, 14, 24][25, 28, 16, 2, 29][19, 0, 12, 8, 26][23, 20, 7, 27][4, 1, 3, 9][10, 15, 5, 21][13, 18, 22][10, 6, 13][1, 23][1, 14][6, 16][0, 18] 
[23, 20, 7, 27, 2, 29][22, 17, 11, 14, 24][5, 21, 10, 15][6, 16, 28, 25][19, 12, 8, 26][4, 1, 3, 9][10, 6, 13][0, 18, 19][13, 18][18, 22][1, 14][1, 23] 
[22, 17, 11, 14, 24][25, 28, 16, 2, 29][23, 20, 7, 27][19, 12, 8, 26][5, 21, 10, 15][1, 3, 9][4, 20, 14][13, 18, 22][0, 18, 19][10, 6, 13][1, 23][6, 16] 
[23, 20, 7, 27, 2, 29][22, 17, 11, 14, 24][4, 1, 3, 9][19, 12, 8, 26][5, 21, 10, 15][6, 16, 28, 25][0, 18, 19][10, 6, 13][1, 14][18, 22][1, 23][13, 18] 
[23, 20, 7, 27, 2, 29][22, 17, 11, 14, 24][6, 16, 28, 25][5, 21, 10, 15][19, 12, 8, 26][4, 1, 3, 9][10, 6, 13][0, 18, 19][13, 18][18, 22][1, 14][1, 23] 
[23, 20, 7, 27, 2, 29][22, 17, 11, 14, 24][12, 8, 26, 0, 19][6, 16, 28, 25][5, 21, 10, 15][4, 1, 3, 9][10, 6, 13][13, 18][18, 22][0, 18][4, 14][1, 23] 
[22, 17, 11, 14, 24][25, 28, 16, 2, 29][19, 0, 12, 8, 26][10, 15, 5, 21][4, 1, 3, 9][23, 20, 7, 27][10, 6, 13][13, 18, 22][6, 16][1, 14][0, 18][1, 23] 
[23, 20, 7, 27, 2, 29][22, 17, 11, 14, 24][5, 21, 10, 15][6, 16, 28, 25][19, 12, 8, 26][4, 1, 3, 9][10, 6, 13][0, 18, 19][13, 18][18, 22][1, 14][1, 23] 
[23, 20, 7, 27, 2, 29][22, 17, 11, 14, 24][4, 1, 3, 9][6, 16, 28, 25][5, 21, 10, 15][19, 12, 8, 26][0, 18, 19][10, 6, 13][1, 14][18, 22][1, 23][13, 18] 
[19, 0, 12, 8, 26][22, 17, 11, 14, 24][25, 28, 16, 2, 29][10, 15, 5, 21][4, 1, 3, 9][23, 20, 7, 27][13, 18, 22][10, 6, 13][0, 18][6, 16][1, 14][1, 23] 
[22, 17, 11, 14, 24][25, 28, 16, 2, 29][19, 0, 12, 8, 26][23, 20, 7, 27][4, 1, 3, 9][10, 15, 5, 21][13, 18, 22][10, 6, 13][1, 23][1, 14][6, 16][0, 18] 
[23, 20, 7, 27, 2, 29][22, 17, 11, 14, 24][4, 1, 3, 9][19, 12, 8, 26][6, 16, 28, 25][5, 21, 10, 15][0, 18, 19][10, 6, 13][18, 22][1, 14][13, 18][1, 23] 
[22, 17, 11, 14, 24][25, 28, 16, 2, 29][5, 21, 10, 15][23, 20, 7, 27][19, 12, 8, 26][10, 6, 13][13, 18, 22][4, 20, 14][0, 18, 19][1, 3, 9][6, 16][1, 23] 
[23, 20, 7, 27, 2, 29][22, 17, 11, 14, 24][19, 12, 8, 26][4, 1, 3, 9][5, 21, 10, 15][6, 16, 28, 25][0, 18, 19][10, 6, 13][18, 22][1, 14][1, 23][13, 18] 
[23, 20, 7, 27, 2, 29][22, 17, 11, 14, 24][6, 16, 28, 25][5, 21, 10, 15][19, 12, 8, 26][4, 1, 3, 9][10, 6, 13][0, 18, 19][13, 18][18, 22][1, 14][1, 23] 
[23, 20, 7, 27, 2, 29][22, 17, 11, 14, 24][12, 8, 26, 0, 19][4, 1, 3, 9][6, 16, 28, 25][5, 21, 10, 15][10, 6, 13][4, 14][18, 22][0, 18][1, 23][13, 18] 
[25, 28, 16, 2, 29][22, 17, 11, 14, 24][19, 0, 12, 8, 26][10, 15, 5, 21][4, 1, 3, 9][23, 20, 7, 27][10, 6, 13][13, 18, 22][6, 16][0, 18][1, 14][1, 23] 
[23, 20, 7, 27, 2, 29][22, 17, 11, 14, 24][4, 1, 3, 9][19, 12, 8, 26][6, 16, 28, 25][5, 21, 10, 15][0, 18, 19][10, 6, 13][1, 23][1, 14][18, 22][13, 18] 
[23, 20, 7, 27, 2, 29][22, 17, 11, 14, 24][4, 1, 3, 9][6, 16, 28, 25][5, 21, 10, 15][19, 12, 8, 26][0, 18, 19][10, 6, 13][1, 14][18, 22][1, 23][13, 18] 
[22, 17, 11, 14, 24][25, 28, 16, 2, 29][19, 0, 12, 8, 26][10, 15, 5, 21][4, 1, 3, 9][23, 20, 7, 27][10, 6, 13][13, 18, 22][6, 16][1, 14][0, 18][1, 23] 
[19, 0, 12, 8, 26][22, 17, 11, 14, 24][25, 28, 16, 2, 29][10, 15, 5, 21][4, 1, 3, 9][23, 20, 7, 27][13, 18, 22][10, 6, 13][0, 18][6, 16][1, 14][1, 23] 
[23, 20, 7, 27, 2, 29][22, 17, 11, 14, 24][4, 1, 3, 9][19, 12, 8, 26][5, 21, 10, 15][6, 16, 28, 25][0, 18, 19][10, 6, 13][1, 23][1, 14][18, 22][13, 18] 
[23, 20, 7, 27, 2, 29][22, 17, 11, 14, 24][4, 1, 3, 9][19, 12, 8, 26][5, 21, 10, 15][6, 16, 28, 25][0, 18, 19][10, 6, 13][1, 14][18, 22][1, 23][13, 18] 
[19, 0, 12, 8, 26][22, 17, 11, 14, 24][25, 28, 16, 2, 29][10, 15, 5, 21][4, 1, 3, 9][23, 20, 7, 27][13, 18, 22][10, 6, 13][0, 18][6, 16][1, 14][1, 23] 
[25, 28, 16, 2, 29][22, 17, 11, 14, 24][19, 0, 12, 8, 26][10, 15, 5, 21][4, 1, 3, 9][23, 20, 7, 27][10, 6, 13][13, 18, 22][6, 16][0, 18][1, 14][1, 23] 
[5, 21, 2, 27, 15, 6, 10, 16, 7, 28, 0, 13, 18, 19][1, 9, 14, 20, 23, 3, 4, 24, 7, 25][0, 12, 8, 26][14, 11, 17, 22][0, 12, 8, 26][18, 19][7, 25][18, 19][8, 12][15, 29][8, 26][18, 19] 
[5, 21, 2, 27, 29, 15, 6, 10, 16, 7, 28, 0, 13, 18, 19][1, 9, 14, 20, 23, 3, 4, 24, 7, 25][7, 28, 0, 13, 18, 19][14, 11, 17, 22][0, 12, 8, 26][7, 25][15, 29][18, 19][7, 25][7, 25][15, 29][15, 29] 
[5, 21, 2, 27, 29, 15, 6, 10, 16, 7, 28, 0, 13, 18, 19][1, 9, 14, 20, 23, 3, 24, 7, 25][0, 12, 8, 26][14, 11, 17, 22][4, 24][8, 12][11, 14][7, 25][8, 12][8, 12][8, 12][11, 14] 
[5, 21, 2, 27, 29, 15, 6, 10, 16, 7, 28, 0, 13][1, 9, 14, 20, 23, 3, 4, 24, 7][19, 0, 12, 8, 26][14, 11, 17, 22][6, 10][7, 25][8, 12][4, 24][8, 12][8, 12][6, 10][18, 19] 
[5, 21, 2, 27, 29, 15, 6, 10, 16, 7, 28, 0, 13][1, 9, 14, 20, 23, 3, 4, 24, 7][19, 0, 12, 8, 26][14, 11, 17, 22][6, 10][7, 25][8, 12][4, 24][8, 12][8, 12][6, 10][18, 19] 
[5, 21, 2, 27, 29, 15, 6, 10, 16, 28, 0, 13, 18, 19][1, 9, 14, 20, 23, 3, 24, 7, 25][5, 21, 2, 7, 28, 0, 19][1, 14, 4, 7, 25][14, 11, 17, 22][0, 12, 8, 26][12, 8, 26][8, 12][8, 12][8, 12][8, 12][8, 12] 
[5, 21, 2, 27, 29, 15, 6, 10, 16, 7, 28, 0, 13, 18, 19][1, 9, 14, 20, 23, 3, 4, 24, 7, 25][0, 12, 8, 26][14, 11, 17, 22][14, 11, 17][8, 12][7, 25][18, 19][8, 12][7, 24][11, 14][7, 24] 
[5, 21, 2, 27, 29, 15, 6, 10, 16, 7, 28, 0, 13, 18, 19][1, 9, 14, 20, 23, 3, 24, 7, 25][0, 12, 8, 26][14, 11, 17, 22][8, 12][4, 24][8, 12][8, 12][11, 14][8, 12][8, 12][8, 12] 
[5, 21, 2, 29, 15, 10, 7, 28, 0, 13, 18, 19][5, 21, 2, 27, 15, 6, 16, 28, 0, 18, 19][1, 9, 14, 20, 23, 3, 24, 7, 25][0, 12, 8, 26][14, 11, 17, 22][8, 12][4, 24][8, 26][7, 24][18, 19][18, 19][7, 24] 
[5, 21, 2, 27, 29, 15, 6, 10, 16, 7, 28, 0, 13, 18, 19][1, 9, 14, 20, 23, 3, 4, 24, 7, 25][3, 4, 24, 7, 25][0, 12, 8, 26][14, 11, 17, 22][15, 29][8, 12][7, 25][7, 25][4, 24][7, 25][7, 25] 
[5, 21, 2, 27, 29, 15, 6, 10, 16, 7, 28, 0, 13, 18, 19][1, 9, 14, 20, 23, 3, 24, 7, 25][14, 11, 17, 22][0, 12, 8, 26][18, 19][7, 25][7, 24][4, 24][7, 24][18, 19][7, 25][8, 12] 
[5, 21, 2, 27, 29, 15, 6, 10, 16, 7, 28, 0, 13, 18, 19][1, 9, 14, 20, 23, 3, 24, 7, 25][0, 12, 8, 26][14, 11, 17, 22][24, 7, 25][8, 12][4, 7][8, 12][8, 12][18, 19][8, 12][7, 25] 
[5, 21, 2, 29, 15, 10, 7, 28, 0, 13, 18, 19][5, 21, 2, 27, 15, 6, 16, 28, 0, 18, 19][1, 9, 14, 20, 23, 3, 24, 7, 25][0, 12, 8, 26][14, 11, 17, 22][8, 12][4, 24][8, 26][7, 24][18, 19][18, 19][7, 24] 
[5, 21, 2, 27, 29, 15, 6, 10, 16, 7, 28, 0, 13, 18, 19][1, 9, 14, 20, 23, 3, 4, 24, 7, 25][14, 11, 17, 22][0, 12, 8, 26][18, 19][18, 19][8, 26][11, 14][8, 12][8, 12][8, 12][7, 25] 
[5, 21, 2, 27, 29, 15, 6, 10, 16, 7, 28, 0, 13, 18, 19][1, 9, 14, 20, 23, 3, 4, 24, 7, 25][0, 12, 8, 26][14, 11, 17, 22][8, 26][8, 12][11, 14][8, 12][11, 14][8, 12][18, 19][7, 25] 
[5, 21, 2, 27, 29, 15, 6, 10, 16, 7, 28, 0, 13, 18, 19][1, 9, 14, 20, 23, 3, 4, 24, 7][14, 11, 17, 22][0, 12, 8, 26][7, 25][4, 24][15, 29][8, 12][4, 24][8, 12][8, 12][4, 24] 
[5, 21, 2, 27, 29, 15, 6, 10, 16, 7, 28, 0, 13, 18, 19][1, 9, 14, 20, 23, 3, 24, 7, 25][0, 12, 8, 26][14, 11, 17, 22][24, 7, 25][8, 12][4, 7][8, 12][8, 12][18, 19][8, 12][7, 25] 
[5, 21, 2, 27, 29, 15, 6, 10, 16, 7, 28, 0, 13, 18, 19][1, 9, 14, 20, 23, 3, 24, 7, 25][1, 14, 4, 7, 25][14, 11, 17, 22][0, 12, 8, 26][7, 25][7, 25][7, 25][7, 25][18, 19][8, 12][7, 25] 
[5, 21, 2, 27, 29, 15, 6, 10, 16, 7, 28, 0, 13, 18, 19][1, 9, 14, 20, 23, 3, 4, 24, 7, 25][14, 11, 17, 22][0, 12, 8, 26][18, 19][18, 19][8, 26][11, 14][8, 12][8, 12][8, 12][7, 25] 
[5, 21, 2, 27, 29, 15, 6, 10, 16, 7, 28, 0, 13, 18, 19][1, 9, 14, 20, 23, 3, 4, 24, 7, 25][0, 12, 8, 26][14, 11, 17, 22][8, 26][8, 12][11, 14][8, 12][11, 14][8, 12][18, 19][7, 25] 
[5, 21, 2, 27, 29, 15, 6, 10, 16, 7, 28, 0, 13, 18, 19][1, 9, 14, 20, 23, 3, 4, 24, 7, 25][7, 28, 0, 13, 18, 19][14, 11, 17, 22][0, 12, 8, 26][7, 25][15, 29][18, 19][7, 25][7, 25][15, 29][15, 29] 
[22, 17, 11, 14, 24][25, 28, 16, 2, 29][12, 8, 26, 0, 19][5, 21, 10, 15][4, 1, 3, 9][23, 20, 7, 27][10, 6, 13][13, 18, 22][6, 16][1, 14][1, 23][0, 18] 
[22, 17, 11, 14, 24][12, 8, 26, 0, 19][25, 28, 16, 2, 29][5, 21, 10, 15][4, 1, 3, 9][23, 20, 7, 27][13, 18, 22][10, 6, 13][0, 18][6, 16][1, 14][1, 23] 
[22, 17, 11, 14, 24][12, 8, 26, 0, 19][25, 28, 16, 2, 29][5, 21, 10, 15][4, 1, 3, 9][23, 20, 7, 27][10, 6, 13][13, 18, 22][0, 18][1, 14][6, 16][1, 23] 
[22, 17, 11, 14, 24][25, 28, 16, 2, 29][12, 8, 26, 0, 19][5, 21, 10, 15][4, 1, 3, 9][23, 20, 7, 27][10, 6, 13][13, 18, 22][6, 16][1, 14][1, 23][0, 18] 
[22, 17, 11, 14, 24][12, 8, 26, 0, 19][25, 28, 16, 2, 29][4, 1, 3, 9][5, 21, 10, 15][23, 20, 7, 27][13, 18, 22][10, 6, 13][1, 14][0, 18][6, 16][1, 23] 
[12, 8, 26, 0, 19][22, 17, 11, 14, 24][25, 28, 16, 2, 29][5, 21, 10, 15][4, 1, 3, 9][23, 20, 7, 27][13, 18, 22][10, 6, 13][0, 18][1, 14][1, 23][6, 16] 
[22, 17, 11, 14, 24][12, 8, 26, 0, 19][25, 28, 16, 2, 29][5, 21, 10, 15][4, 1, 3, 9][23, 20, 7, 27][10, 6, 13][13, 18, 22][0, 18][1, 14][6, 16][1, 23] 
[22, 17, 11, 14, 24][12, 8, 26, 0, 19][25, 28, 16, 2, 29][5, 21, 10, 15][4, 1, 3, 9][23, 20, 7, 27][13, 18, 22][10, 6, 13][0, 18][1, 14][1, 23][6, 16] 
[25, 28, 16, 2, 29][22, 17, 11, 14, 24][12, 8, 26, 0, 19][5, 21, 10, 15][4, 1, 3, 9][23, 20, 7, 27][10, 6, 13][13, 18, 22][6, 16][1, 14][1, 23][0, 18] 
[22, 17, 11, 14, 24][12, 8, 26, 0, 19][25, 28, 16, 2, 29][5, 21, 10, 15][4, 1, 3, 9][23, 20, 7, 27][13, 18, 22][10, 6, 13][1, 14][0, 18][1, 23][6, 16] 
[12, 8, 26, 0, 19][22, 17, 11, 14, 24][25, 28, 16, 2, 29][5, 21, 10, 15][4, 1, 3, 9][23, 20, 7, 27][13, 18, 22][10, 6, 13][0, 18][1, 14][6, 16][1, 23] 
[22, 17, 11, 14, 24][25, 28, 16, 2, 29][12, 8, 26, 0, 19][5, 21, 10, 15][4, 1, 3, 9][23, 20, 7, 27][13, 18, 22][10, 6, 13][6, 16][0, 18][1, 14][1, 23] 
[22, 17, 11, 14, 24][25, 28, 16, 2, 29][12, 8, 26, 0, 19][5, 21, 10, 15][4, 1, 3, 9][23, 20, 7, 27][10, 6, 13][13, 18, 22][6, 16][0, 18][1, 14][1, 23] 
[22, 17, 11, 14, 24][12, 8, 26, 0, 19][25, 28, 16, 2, 29][5, 21, 10, 15][4, 1, 3, 9][23, 20, 7, 27][13, 18, 22][10, 6, 13][1, 14][0, 18][1, 23][6, 16] 
[22, 17, 11, 14, 24][12, 8, 26, 0, 19][25, 28, 16, 2, 29][4, 1, 3, 9][5, 21, 10, 15][23, 20, 7, 27][13, 18, 22][10, 6, 13][1, 14][0, 18][6, 16][1, 23] 
[22, 17, 11, 14, 24][19, 0, 12, 8, 26][25, 28, 16, 2, 29][10, 15, 5, 21][4, 1, 3, 9][23, 20, 7, 27][13, 18, 22][10, 6, 13][0, 18][1, 14][1, 23][6, 16] 
[22, 17, 11, 14, 24][25, 28, 16, 2, 29][19, 0, 12, 8, 26][4, 1, 3, 9][23, 20, 7, 27][10, 15, 5, 21][13, 18, 22][10, 6, 13][1, 23][1, 14][6, 16][0, 18] 
[19, 0, 12, 8, 26][22, 17, 11, 14, 24][25, 28, 16, 2, 29][10, 15, 5, 21][4, 1, 3, 9][23, 20, 7, 27][13, 18, 22][10, 6, 13][0, 18][6, 16][1, 14][1, 23] 
[22, 17, 11, 14, 24][19, 0, 12, 8, 26][25, 28, 16, 2, 29][10, 15, 5, 21][4, 1, 3, 9][23, 20, 7, 27][13, 18, 22][10, 6, 13][0, 18][6, 16][1, 14][1, 23] 
[22, 17, 11, 14, 24][25, 28, 16, 2, 29][19, 0, 12, 8, 26][4, 1, 3, 9][23, 20, 7, 27][10, 15, 5, 21][13, 18, 22][10, 6, 13][1, 23][1, 14][6, 16][0, 18] 
[19, 0, 12, 8, 26][22, 17, 11, 14, 24][25, 28, 16, 2, 29][4, 23, 20, 7, 27][10, 15, 5, 21][13, 18, 22][10, 6, 13][1, 3, 9][0, 18][6, 16][1, 14][1, 23] 
[22, 17, 11, 14, 24][12, 8, 26, 0, 19][25, 28, 16, 2, 29][5, 21, 10, 15][4, 1, 3, 9][23, 20, 7, 27][13, 18, 22][10, 6, 13][0, 18][6, 16][1, 14][1, 23] 
[25, 28, 16, 2, 29][22, 17, 11, 14, 24][12, 8, 26, 0, 19][5, 21, 10, 15][4, 1, 3, 9][23, 20, 7, 27][10, 6, 13][13, 18, 22][6, 16][1, 14][1, 23][0, 18] 
[22, 17, 11, 14, 24][12, 8, 26, 0, 19][25, 28, 16, 2, 29][23, 20, 7, 27][4, 1, 3, 9][5, 21, 10, 15][13, 18, 22][10, 6, 13][1, 23][1, 14][0, 18][6, 16] 
[22, 17, 11, 14, 24][12, 8, 26, 0, 19][25, 28, 16, 2, 29][5, 21, 10, 15][4, 1, 3, 9][23, 20, 7, 27][10, 6, 13][13, 18, 22][0, 18][1, 14][6, 16][1, 23] 
[12, 8, 26, 0, 19][22, 17, 11, 14, 24][25, 28, 16, 2, 29][5, 21, 10, 15][4, 1, 3, 9][23, 20, 7, 27][13, 18, 22][10, 6, 13][0, 18][1, 14][6, 16][1, 23] 
[19, 0, 12, 8, 26][22, 17, 11, 14, 24][25, 28, 16, 2, 29][5, 21, 10, 15][4, 1, 3, 9][23, 20, 7, 27][13, 18, 22][10, 6, 13][0, 18][6, 16][1, 14][1, 23] 
[22, 17, 11, 14, 24][12, 8, 26, 0, 19][25, 28, 16, 2, 29][4, 1, 3, 9][23, 20, 7, 27][5, 21, 10, 15][13, 18, 22][10, 6, 13][1, 23][1, 14][0, 18][6, 16] 
[22, 17, 11, 14, 24][19, 0, 12, 8, 26][25, 28, 16, 2, 29][4, 1, 3, 9][10, 15, 5, 21][23, 20, 7, 27][13, 18, 22][10, 6, 13][1, 14][6, 16][1, 23][0, 18] 
[22, 17, 11, 14, 24][19, 0, 12, 8, 26][25, 28, 16, 2, 29][4, 1, 3, 9][10, 15, 5, 21][23, 20, 7, 27][13, 18, 22][10, 6, 13][1, 14][6, 16][1, 23][0, 18] 
[22, 17, 11, 14, 24][25, 28, 16, 2, 29][19, 0, 12, 8, 26][4, 1, 3, 9][23, 20, 7, 27][10, 15, 5, 21][13, 18, 22][10, 6, 13][1, 23][1, 14][6, 16][0, 18] 
[22, 17, 11, 14, 24][25, 28, 16, 2, 29][19, 0, 12, 8, 26][10, 15, 5, 21][4, 1, 3, 9][23, 20, 7, 27][13, 18, 22][10, 6, 13][6, 16][0, 18][1, 14][1, 23] 
[25, 28, 16, 2, 29][22, 17, 11, 14, 24][19, 0, 12, 8, 26][10, 15, 5, 21][4, 1, 3, 9][23, 20, 7, 27][10, 6, 13][13, 18, 22][6, 16][1, 14][0, 18][1, 23] 
[19, 0, 12, 8, 26][22, 17, 11, 14, 24][25, 28, 16, 2, 29][10, 15, 5, 21][4, 1, 3, 9][23, 20, 7, 27][13, 18, 22][10, 6, 13][0, 18][6, 16][1, 14][1, 23] 
[22, 17, 11, 14, 24][25, 28, 16, 2, 29][19, 0, 12, 8, 26][10, 15, 5, 21][4, 1, 3, 9][23, 20, 7, 27][13, 18, 22][10, 6, 13][6, 16][0, 18][1, 14][1, 23] 
[25, 28, 16, 2, 29][22, 17, 11, 14, 24][19, 0, 12, 8, 26][10, 15, 5, 21][4, 1, 3, 9][23, 20, 7, 27][10, 6, 13][13, 18, 22][6, 16][1, 14][0, 18][1, 23] 
[19, 0, 12, 8, 26][22, 17, 11, 14, 24][25, 28, 16, 2, 29][10, 15, 5, 21][4, 1, 3, 9][23, 20, 7, 27][13, 18, 22][10, 6, 13][0, 18][6, 16][1, 14][1, 23] 
[19, 0, 12, 8, 26][22, 17, 11, 14, 24][25, 28, 16, 2, 29][10, 15, 5, 21][4, 1, 3, 9][23, 20, 7, 27][13, 18, 22][10, 6, 13][0, 18][6, 16][1, 14][1, 23] 
[19, 0, 12, 8, 26][22, 17, 11, 14, 24][25, 28, 16, 2, 29][10, 15, 5, 21][4, 1, 3, 9][23, 20, 7, 27][13, 18, 22][10, 6, 13][0, 18][1, 14][1, 23][6, 16] 
[19, 0, 12, 8, 26][22, 17, 11, 14, 24][25, 28, 16, 2, 29][10, 15, 5, 21][4, 1, 3, 9][23, 20, 7, 27][13, 18, 22][10, 6, 13][0, 18][1, 14][1, 23][6, 16] 
[19, 0, 12, 8, 26][22, 17, 11, 14, 24][25, 28, 16, 2, 29][10, 15, 5, 21][4, 1, 3, 9][23, 20, 7, 27][13, 18, 22][10, 6, 13][0, 18][6, 16][1, 14][1, 23] 
[22, 17, 11, 14, 24][19, 0, 12, 8, 26][25, 28, 16, 2, 29][10, 15, 5, 21][4, 1, 3, 9][23, 20, 7, 27][13, 18, 22][10, 6, 13][0, 18][6, 16][1, 14][1, 23] 
[22, 17, 11, 14, 24][25, 28, 16, 2, 29][19, 0, 12, 8, 26][4, 1, 3, 9][23, 20, 7, 27][10, 15, 5, 21][13, 18, 22][10, 6, 13][1, 23][1, 14][6, 16][0, 18] 
[19, 18, 0, 12, 8, 26][22, 17, 11, 14, 24][25, 28, 16, 2, 29][4, 23, 20, 7, 27][10, 15, 5, 21][13, 18, 22][10, 6, 13][1, 3, 9][8, 12][6, 16][1, 14][1, 23] 
[19, 18, 0, 12, 8, 26][22, 17, 11, 14, 24][4, 23, 20, 7, 27][25, 28, 16, 2, 29][10, 15, 5, 21][1, 3, 9][13, 18, 22][10, 6, 13][1, 14][1, 23][6, 16][8, 12] 
[19, 18, 0, 12, 8, 26][22, 17, 11, 14, 24][25, 28, 16, 2, 29][4, 23, 20, 7, 27][10, 15, 5, 21][13, 18, 22][10, 6, 13][1, 3, 9][8, 12][6, 16][1, 14][1, 23] 
[19, 18, 0, 12, 8, 26][22, 17, 11, 14, 24][25, 28, 16, 2, 29][4, 23, 20, 7, 27][10, 15, 5, 21][13, 18, 22][10, 6, 13][1, 3, 9][8, 12][6, 16][1, 14][1, 23] 
[19, 18, 0, 12, 8, 26][22, 17, 11, 14, 24][4, 23, 20, 7, 27][25, 28, 16, 2, 29][10, 15, 5, 21][1, 3, 9][13, 18, 22][10, 6, 13][1, 14][1, 23][6, 16][8, 12] 
[19, 0, 12, 8, 26][22, 17, 11, 14, 24][21, 5, 15, 10, 27][25, 28, 16, 2, 29][1, 23, 4, 7, 20][13, 18, 22][10, 6, 13][1, 3, 9][8, 12][0, 18][6, 16][1, 14] 
[19, 18, 0, 12, 8, 26][22, 17, 11, 14, 24][25, 28, 16, 2, 29][5, 21, 10, 15][4, 1, 3, 9][23, 20, 7, 27][10, 6, 13][13, 18][6, 16][1, 14][1, 23][18, 22] 
[19, 18, 0, 12, 8, 26][22, 17, 11, 14, 24][25, 28, 16, 2, 29][4, 1, 3, 9][23, 20, 7, 27][5, 21, 10, 15][10, 6, 13][1, 14][1, 23][18, 22][13, 18][6, 16] 
[19, 18, 0, 12, 8, 26][22, 17, 11, 14, 24][25, 28, 16, 2, 29][4, 1, 3, 9][23, 20, 7, 27][5, 21, 10, 15][10, 6, 13][1, 23][1, 14][18, 22][6, 16][13, 18] 
[19, 18, 0, 12, 8, 26][25, 28, 16, 2, 29][22, 17, 11, 14, 24][5, 21, 10, 15][4, 1, 3, 9][23, 20, 7, 27][10, 6, 13][13, 18][6, 16][18, 22][1, 14][1, 23] 
[19, 18, 0, 12, 8, 26][22, 17, 11, 14, 24][25, 28, 16, 2, 29][5, 21, 10, 15][4, 1, 3, 9][23, 20, 7, 27][10, 6, 13][13, 18][6, 16][1, 14][1, 23][18, 22] 
[19, 0, 12, 8, 26][22, 17, 11, 14, 24][25, 28, 16, 2, 29][10, 15, 5, 21][4, 1, 3, 9][23, 20, 7, 27][13, 18, 22][10, 6, 13][0, 18][6, 16][1, 14][1, 23] 
[19, 18, 0, 12, 8, 26][22, 17, 11, 14, 24][25, 28, 16, 2, 29][5, 21, 10, 15][4, 1, 3, 9][23, 20, 7, 27][10, 6, 13][13, 18][6, 16][1, 14][1, 23][18, 22] 
