[26, 8, 12, 22, 0, 25, 28][9, 3, 1, 24, 20, 23][6, 13, 18, 19][7, 10, 15, 29][5, 21, 2, 27][4, 14, 11][16, 10, 21][17, 19][0, 18][11, 17][4, 7][14, 20] 
[26, 8, 12, 22, 0, 25, 28][9, 3, 1, 24, 20, 23][6, 13, 18, 19][4, 14, 11, 17][5, 21, 2, 27][7, 10, 15][21, 10, 29][17, 19][4, 7][10, 16][14, 20][0, 18] 
[26, 8, 12, 22, 0, 25, 28][9, 3, 1, 24, 20, 23][5, 21, 2, 27][4, 14, 11, 17][6, 13, 18, 19][7, 10, 15][16, 10, 29][10, 21][4, 7][14, 20][17, 19][0, 18] 
[26, 8, 12, 22, 0, 25, 28][9, 3, 1, 24, 20, 23][7, 10, 15, 2, 27][6, 13, 18, 19][5, 21, 10, 29][4, 14, 11][14, 20][4, 7][10, 16][11, 17][17, 19][0, 18] 
[26, 8, 12, 22, 0, 25, 28][9, 3, 1, 24, 20, 23][4, 14, 11, 17][6, 13, 18, 19][5, 21, 2, 27][7, 10, 15][16, 10, 29][4, 7][14, 20][17, 19][10, 21][0, 18] 
[26, 8, 12, 22, 0, 25, 28][9, 3, 1, 24, 20, 23][5, 21, 2, 27][4, 14, 11, 17][6, 13, 18, 19][7, 10, 15][16, 10, 29][10, 21][4, 7][14, 20][17, 19][0, 18] 
[26, 8, 12, 22, 0, 25, 28][9, 3, 1, 24, 20, 23][6, 13, 18, 19][4, 14, 11, 17][5, 21, 2, 27][7, 10, 15][16, 10, 29][0, 18][17, 19][14, 20][4, 7][10, 21] 
[26, 8, 12, 22, 0, 25, 28][9, 3, 1, 24, 20, 23][4, 14, 11, 17][6, 13, 18, 19][5, 21, 2, 27][7, 10, 15][16, 10, 29][14, 20][17, 19][4, 7][0, 18][10, 21] 
[26, 8, 12, 22, 0, 25, 28][9, 3, 1, 24, 20, 23][5, 21, 2, 27][4, 14, 11, 17][6, 13, 18, 19][7, 10, 15][16, 10, 29][10, 21][4, 7][14, 20][17, 19][0, 18] 
[26, 8, 12, 22, 0, 25, 28][9, 3, 1, 24, 20, 23][5, 21, 2, 27][4, 14, 11, 17][6, 13, 18, 19][7, 10, 15][16, 10, 29][10, 21][4, 7][14, 20][17, 19][0, 18] 
[26, 8, 12, 22, 0, 25, 28][9, 3, 1, 24, 20, 23][6, 13, 18, 19][7, 10, 15, 29][5, 21, 2, 27][4, 14, 11][16, 10, 21][17, 19][14, 20][4, 7][0, 18][11, 17] 
[26, 8, 12, 22, 0, 25, 28][9, 3, 1, 24, 20, 23][5, 21, 2, 27][4, 14, 11, 17][6, 13, 18, 19][21, 10, 29][7, 10, 15][4, 7][14, 20][17, 19][0, 18][10, 16] 
[26, 8, 12, 22, 0, 25, 28][9, 3, 1, 24, 20, 23][5, 21, 2, 27][4, 14, 11, 17][6, 13, 18, 19][7, 10, 15][16, 10, 29][10, 21][4, 7][14, 20][17, 19][0, 18] 
[26, 8, 12, 22, 0, 25, 28][9, 3, 1, 24, 20, 23][4, 14, 11, 17][6, 13, 18, 19][5, 21, 2, 27][7, 10, 15][16, 10, 29][4, 7][14, 20][17, 19][10, 21][0, 18] 
[26, 8, 12, 22, 0, 25, 28][9, 3, 1, 24, 20, 23][5, 21, 2, 27][4, 14, 11, 17][6, 13, 18, 19][7, 10, 15][16, 10, 29][10, 21][4, 7][14, 20][17, 19][0, 18] 
[26, 8, 12, 22, 0, 25, 28][9, 3, 1, 24, 20, 23][4, 14, 11, 17][6, 13, 18, 19][5, 21, 2, 27][7, 10, 15][16, 10, 29][14, 20][17, 19][4, 7][0, 18][10, 21] 
[26, 8, 12, 22, 0, 25, 28][9, 3, 1, 24, 20, 23][6, 13, 18, 19][7, 10, 15, 29][5, 21, 2, 27][4, 14, 11][16, 10, 21][17, 19][14, 20][4, 7][0, 18][11, 17] 
[26, 8, 12, 22, 0, 25, 28][9, 3, 1, 24, 20, 23][6, 13, 18, 19][4, 14, 11, 17][5, 21, 2, 27][7, 10, 15][21, 10, 29][17, 19][4, 7][10, 16][14, 20][0, 18] 
[26, 8, 12, 22, 0, 25, 28][9, 3, 1, 24, 20, 23][5, 21, 2, 27][4, 14, 11, 17][6, 13, 18, 19][7, 10, 15][16, 10, 29][10, 21][4, 7][14, 20][17, 19][0, 18] 
[26, 8, 12, 22, 0, 25, 28][9, 3, 1, 24, 20, 23][6, 13, 18, 19][7, 10, 15, 29][5, 21, 2, 27][4, 14, 11][16, 10, 21][0, 18][17, 19][11, 17][14, 20][4, 7] 
[26, 8, 12, 22, 0, 25, 28][9, 3, 1, 24, 20, 23][6, 13, 18, 19][7, 10, 15, 29][5, 21, 2, 27][4, 14, 11][16, 10, 21][17, 19][14, 20][4, 7][0, 18][11, 17] 
[26, 8, 12, 22, 0, 25, 28][9, 3, 1, 24, 20, 23][6, 13, 18, 19][4, 14, 11, 17][5, 21, 2, 27][7, 10, 15][21, 10, 29][17, 19][4, 7][10, 16][14, 20][0, 18] 
[26, 8, 12, 22, 0, 25, 28][9, 3, 1, 24, 20, 23][5, 21, 2, 27][4, 14, 11, 17][6, 13, 18, 19][7, 10, 15][16, 10, 29][10, 21][4, 7][14, 20][17, 19][0, 18] 
[26, 8, 12, 22, 0, 25, 28][9, 3, 1, 24, 20, 23][4, 14, 11, 17][5, 21, 2, 27][6, 13, 18, 19][7, 10, 15][16, 10, 29][4, 7][10, 21][14, 20][17, 19][0, 18] 
[26, 8, 12, 22, 0, 25, 28][9, 3, 1, 24, 20, 23][4, 14, 11, 17][5, 21, 2, 27][6, 13, 18, 19][7, 10, 15][16, 10, 29][4, 7][10, 21][14, 20][17, 19][0, 18] 
[26, 8, 12, 22, 0, 25, 28][9, 3, 1, 24, 20, 23][4, 14, 11, 17][6, 13, 18, 19][5, 21, 2, 27][7, 10, 15][16, 10, 29][4, 7][14, 20][17, 19][10, 21][0, 18] 
[26, 8, 12, 22, 0, 25, 28][9, 3, 1, 24, 20, 23][6, 13, 18, 19][7, 10, 15, 29][5, 21, 2, 27][4, 14, 11][16, 10, 21][17, 19][14, 20][4, 7][0, 18][11, 17] 
[26, 8, 12, 22, 0, 25, 28][9, 3, 1, 24, 20, 23][5, 21, 2, 27][4, 14, 11, 17][6, 13, 18, 19][21, 10, 29][7, 10, 15][4, 7][14, 20][17, 19][0, 18][10, 16] 
[26, 8, 12, 22, 0, 25, 28][9, 3, 1, 24, 20, 23][6, 13, 18, 19][4, 14, 11, 17][5, 21, 2, 27][7, 10, 15][16, 10, 29][0, 18][17, 19][14, 20][4, 7][10, 21] 
[26, 8, 12, 22, 0, 25, 28][9, 3, 1, 24, 20, 23][6, 13, 18, 19][7, 10, 15, 29][5, 21, 2, 27][4, 14, 11][16, 10, 21][17, 19][14, 20][4, 7][0, 18][11, 17] 
[26, 8, 12, 22, 0, 25, 28][9, 3, 1, 24, 20, 23][6, 13, 18, 19][7, 10, 15, 29][5, 21, 2, 27][4, 14, 11][16, 10, 21][17, 19][14, 20][4, 7][0, 18][11, 17] 
[26, 8, 12, 22, 0, 25, 28][9, 3, 1, 24, 20, 23][6, 13, 18, 19][4, 14, 11, 17][5, 21, 2, 27][7, 10, 15][21, 10, 29][17, 19][4, 7][10, 16][14, 20][0, 18] 
[26, 8, 12, 22, 0, 25, 28][9, 3, 1, 24, 20, 23][5, 21, 2, 27][4, 14, 11, 17][6, 13, 18, 19][16, 10, 29][7, 10, 15][10, 21][4, 7][14, 20][17, 19][0, 18] 
[26, 8, 12, 22, 0, 25, 28][9, 3, 1, 24, 20, 23][6, 13, 18, 19][7, 10, 15, 29][5, 21, 2, 27][4, 14, 11][16, 10, 21][17, 19][14, 20][4, 7][0, 18][11, 17] 
[26, 8, 12, 22, 0, 25, 28][9, 3, 1, 24, 20, 23][6, 13, 18, 19][7, 10, 15, 29][5, 21, 2, 27][4, 14, 11][16, 10, 21][17, 19][14, 20][4, 7][0, 18][11, 17] 
[23, 9, 1, 3, 11, 14, 4, 24, 20, 7, 10, 29, 2, 27][0, 28, 16, 15, 5, 21, 6, 13, 18, 22][25, 7, 10, 6, 13, 18, 22, 12, 8, 26][17, 19][8, 12][1, 3][8, 12][1, 3][8, 12][11, 14][8, 12][11, 17] 
[23, 9, 1, 3, 11, 14, 4, 24, 20, 7, 10, 29, 2, 27][0, 28, 16, 15, 5, 21, 6, 13, 18, 22][25, 7, 10, 6, 13, 18, 22, 12, 8, 26][17, 19][8, 12][1, 3][8, 12][1, 3][8, 12][11, 14][8, 12][11, 17] 
[23, 9, 1, 3, 11, 14, 4, 24, 20, 7, 10, 29, 2, 27][0, 28, 16, 15, 5, 21, 6, 13, 18, 22][25, 7, 10, 6, 13, 18, 22, 12, 8, 26][17, 19][8, 12][1, 3][8, 12][1, 3][8, 12][11, 14][8, 12][11, 17] 
[23, 9, 1, 3, 11, 14, 4, 24, 20, 7, 10, 29, 2, 27][10, 6, 13, 18, 22, 12, 8, 26][0, 28, 16, 15, 5, 21, 6][8, 12][11, 17][17, 19][8, 12][8, 12][8, 12][7, 25][1, 3][8, 12] 
[23, 9, 1, 3, 11, 14, 4, 24, 20, 7, 10, 29, 2, 27][10, 6, 13, 18, 22, 12, 8, 26][0, 28, 16, 15, 5, 21, 6][8, 12][11, 17][17, 19][8, 12][8, 12][8, 12][7, 25][1, 3][8, 12] 
[9, 1, 3, 11, 14, 4, 24, 20, 7, 10, 29, 2, 27][6, 13, 0, 18, 19, 22, 12, 8, 26][0, 28, 16, 15, 5, 21][11, 17, 19][8, 12][22, 25][8, 12][20, 24][8, 12][11, 14][8, 12][9, 23] 
[23, 9, 1, 3, 11, 14, 4, 24, 20, 7, 10, 29, 2, 27][0, 28, 16, 15, 5, 21, 6, 13, 18, 22][25, 7, 10, 6, 13, 18, 22, 12, 8, 26][17, 19][8, 12][1, 3][8, 12][1, 3][8, 12][11, 14][8, 12][11, 17] 
[23, 9, 1, 3, 11, 14, 4, 24, 20, 7, 10, 29, 2, 27][0, 28, 16, 15, 5, 21, 6, 13, 18, 22][25, 7, 10, 6, 13, 18, 22, 12, 8, 26][17, 19][8, 12][1, 3][8, 12][1, 3][8, 12][11, 14][8, 12][11, 17] 
[23, 9, 1, 3, 11, 14, 4, 24, 20, 7, 10, 29, 2, 27][10, 6, 13, 18, 22, 12, 8, 26][0, 28, 16, 15, 5, 21, 6][8, 12][11, 17][17, 19][8, 12][8, 12][8, 12][7, 25][1, 3][8, 12] 
[23, 9, 1, 3, 11, 14, 4, 24, 20, 7, 10, 29, 2, 27][0, 28, 16, 15, 5, 21, 6, 13, 18, 22][25, 7, 10, 6, 13, 18, 22, 12, 8, 26][17, 19][8, 12][1, 3][8, 12][1, 3][8, 12][11, 14][8, 12][11, 17] 
[23, 9, 1, 3, 11, 14, 4, 24, 20, 7, 10, 29, 2, 27][0, 28, 16, 15, 5, 21, 6, 13, 18, 22][25, 7, 10, 6, 13, 18, 22, 12, 8, 26][17, 19][8, 12][1, 3][8, 12][1, 3][8, 12][11, 14][8, 12][11, 17] 
[23, 9, 1, 3, 11, 14, 4, 24, 20, 7, 10, 29, 2, 27][0, 28, 16, 15, 5, 21, 6, 13, 18, 22][25, 7, 10, 6, 13, 18, 22, 12, 8, 26][17, 19][8, 12][1, 3][8, 12][1, 3][8, 12][11, 14][8, 12][11, 17] 
[23, 9, 1, 3, 11, 14, 4, 24, 20, 7, 10, 29, 2, 27][10, 6, 13, 18, 22, 12, 8, 26][0, 28, 16, 15, 5, 21, 6][8, 12][11, 17][17, 19][8, 12][8, 12][8, 12][7, 25][1, 3][8, 12] 
[23, 9, 1, 3, 11, 14, 4, 24, 20, 7, 10, 29, 2, 27][0, 28, 16, 15, 5, 21, 6, 13, 18, 22][25, 7, 10, 6, 13, 18, 22, 12, 8, 26][17, 19][8, 12][1, 3][8, 12][1, 3][8, 12][11, 14][8, 12][11, 17] 
[23, 9, 1, 3, 11, 14, 4, 24, 20, 7, 10, 29, 2, 27][0, 28, 16, 15, 5, 21, 6, 13, 18, 22][25, 7, 10, 6, 13, 18, 22, 12, 8, 26][17, 19][8, 12][1, 3][8, 12][1, 3][8, 12][11, 14][8, 12][11, 17] 
[15, 27, 2, 29, 10, 7, 20, 24, 4, 14, 11, 3, 1, 9, 23][25, 7, 10, 6, 13, 18, 22, 12, 8, 26][0, 28, 16, 15, 5, 21, 6, 2][11, 17, 19, 12][8, 12][0, 28][9, 23][11, 17][1, 3][0, 28][11, 14][8, 12] 
[15, 27, 2, 29, 10, 7, 20, 24, 4, 14, 11, 3, 1, 9, 23][25, 7, 10, 6, 13, 18, 22, 12, 8, 26][0, 28, 16, 15, 5, 21, 6, 2][11, 17, 19, 12][8, 12][0, 28][9, 23][11, 17][1, 3][0, 28][11, 14][8, 12] 
[23, 9, 1, 3, 11, 14, 4, 24, 20, 7, 10, 29, 2, 27][25, 7, 10, 6, 13, 18, 22, 12, 8, 26][0, 28, 16, 15, 5, 21, 6][17, 19][8, 12][1, 3][8, 12][1, 3][8, 12][11, 14][8, 12][11, 17] 
[15, 27, 2, 29, 10, 7, 20, 24, 4, 14, 11, 3, 1, 9, 23][25, 7, 10, 6, 13, 18, 22, 12, 8, 26][0, 28, 16, 15, 5, 21, 6, 2][11, 17, 19, 12][8, 12][0, 28][9, 23][11, 17][1, 3][0, 28][11, 14][8, 12] 
[15, 27, 2, 29, 10, 7, 20, 24, 4, 14, 11, 3, 1, 9, 23][25, 7, 10, 6, 13, 18, 22, 12, 8, 26][0, 28, 16, 15, 5, 21, 6, 2][11, 17, 19, 12][8, 12][0, 28][9, 23][11, 17][1, 3][0, 28][11, 14][8, 12] 
[15, 27, 2, 29, 10, 7, 20, 24, 4, 14, 11, 3, 1, 9, 23][25, 7, 10, 6, 13, 18, 22, 12, 8, 26][0, 28, 16, 15, 5, 21, 6, 2][11, 17, 19][8, 12][0, 28][9, 23][11, 17][1, 3][0, 28][11, 14][8, 12] 
[26, 8, 12, 22, 0, 25, 28][9, 3, 1, 24, 20, 23][5, 21, 2, 27][4, 14, 11, 17][6, 13, 18, 19][7, 10, 15][16, 10, 29][10, 21][4, 7][14, 20][17, 19][0, 18] 
[26, 8, 12, 22, 0, 25, 28][9, 3, 1, 24, 20, 23][5, 21, 2, 27][4, 14, 11, 17][6, 13, 18, 19][7, 10, 15][16, 10, 29][10, 21][4, 7][14, 20][17, 19][0, 18] 
[26, 8, 12, 22, 0, 25, 28][9, 3, 1, 24, 20, 23][5, 21, 2, 27][4, 14, 11, 17][6, 13, 18, 19][7, 10, 15][16, 10, 29][10, 21][4, 7][14, 20][17, 19][0, 18] 
[26, 8, 12, 22, 0, 25, 28][9, 3, 1, 24, 20, 23][4, 14, 11, 17][6, 13, 18, 19][5, 21, 2, 27][7, 10, 15][16, 10, 29][4, 7][14, 20][17, 19][10, 21][0, 18] 
[26, 8, 12, 22, 0, 25, 28][9, 3, 1, 24, 20, 23][5, 21, 2, 27][4, 14, 11, 17][6, 13, 18, 19][7, 10, 15][16, 10, 29][10, 21][4, 7][14, 20][17, 19][0, 18] 
[26, 8, 12, 22, 0, 25, 28][9, 3, 1, 24, 20, 23][4, 14, 11, 17][6, 13, 18, 19][5, 21, 2, 27][7, 10, 15][16, 10, 29][4, 7][14, 20][17, 19][10, 21][0, 18] 
[26, 8, 12, 22, 0, 25, 28][9, 3, 1, 24, 20, 23][5, 21, 2, 27][4, 14, 11, 17][6, 13, 18, 19][7, 10, 15][16, 10, 29][10, 21][4, 7][14, 20][17, 19][0, 18] 
[26, 8, 12, 22, 0, 25, 28][9, 3, 1, 24, 20, 23][5, 21, 2, 27][4, 14, 11, 17][6, 13, 18, 19][7, 10, 15][16, 10, 29][10, 21][4, 7][14, 20][17, 19][0, 18] 
[26, 8, 12, 22, 0, 25, 28][9, 3, 1, 24, 20, 23][5, 21, 2, 27][4, 14, 11, 17][6, 13, 18, 19][7, 10, 15][16, 10, 29][10, 21][4, 7][14, 20][17, 19][0, 18] 
[26, 8, 12, 22, 0, 25, 28][9, 3, 1, 24, 20, 23][5, 21, 2, 27][4, 14, 11, 17][6, 13, 18, 19][16, 10, 29][7, 10, 15][10, 21][4, 7][14, 20][17, 19][0, 18] 
[26, 8, 12, 22, 0, 25, 28][9, 3, 1, 24, 20, 23][5, 21, 2, 27][4, 14, 11, 17][6, 13, 18, 19][7, 10, 15][16, 10, 29][10, 21][4, 7][14, 20][17, 19][0, 18] 
[26, 8, 12, 22, 0, 25, 28][9, 3, 1, 24, 20, 23][5, 21, 2, 27][4, 14, 11, 17][6, 13, 18, 19][7, 10, 15][16, 10, 29][10, 21][4, 7][14, 20][17, 19][0, 18] 
[26, 8, 12, 22, 0, 25, 28][9, 3, 1, 24, 20, 23][5, 21, 2, 27][4, 14, 11, 17][6, 13, 18, 19][7, 10, 15][16, 10, 29][10, 21][4, 7][14, 20][17, 19][0, 18] 
[26, 8, 12, 22, 0, 25, 28][9, 3, 1, 24, 20, 23][5, 21, 2, 27][4, 14, 11, 17][6, 13, 18, 19][16, 10, 29][7, 10, 15][10, 21][4, 7][14, 20][17, 19][0, 18] 
[26, 8, 12, 22, 0, 25, 28][9, 3, 1, 24, 20, 23][5, 21, 2, 27][4, 14, 11, 17][6, 13, 18, 19][7, 10, 15][16, 10, 29][10, 21][4, 7][14, 20][17, 19][0, 18] 
[26, 8, 12, 22, 0, 25, 28][9, 3, 1, 24, 20, 23][7, 10, 15, 29][5, 21, 2, 27][6, 13, 18, 19][4, 14, 11][16, 10, 21][4, 7][11, 17][14, 20][17, 19][0, 18] 
[26, 8, 12, 22, 0, 25, 28][9, 3, 1, 24, 20, 23][6, 13, 18, 19][7, 10, 15, 29][5, 21, 2, 27][4, 14, 11][16, 10, 21][14, 20][11, 17][17, 19][4, 7][0, 18] 
[26, 8, 12, 22, 0, 25, 28][9, 3, 1, 24, 20, 23][6, 13, 18, 19][7, 10, 15, 29][5, 21, 2, 27][4, 14, 11][16, 10, 21][17, 19][14, 20][4, 7][0, 18][11, 17] 
[26, 8, 12, 22, 0, 25, 28][9, 3, 1, 24, 20, 23][7, 10, 15, 29][5, 21, 2, 27][6, 13, 18, 19][4, 14, 11][16, 10, 21][14, 20][4, 7][11, 17][17, 19][0, 18] 
[26, 8, 12, 22, 0, 25, 28][9, 3, 1, 24, 20, 23][6, 13, 18, 19][7, 10, 15, 29][5, 21, 2, 27][4, 14, 11][16, 10, 21][17, 19][14, 20][4, 7][0, 18][11, 17] 
[26, 8, 12, 22, 0, 25, 28][9, 3, 1, 24, 20, 23][5, 21, 2, 27][7, 10, 15, 29][6, 13, 18, 19][4, 14, 11, 17][10, 16][7, 25][0, 18][17, 19][14, 20][10, 21] 
[26, 8, 12, 22, 0, 25, 28][9, 3, 1, 24, 20, 23][4, 14, 11, 17][6, 13, 18, 19][5, 21, 2, 27][7, 10, 15][16, 10, 29][4, 7][14, 20][17, 19][10, 21][0, 18] 
[26, 8, 12, 22, 0, 25, 28][9, 3, 1, 24, 20, 23][5, 21, 2, 27][4, 14, 11, 17][6, 13, 18, 19][7, 10, 15][16, 10, 29][10, 21][4, 7][14, 20][17, 19][0, 18] 
[26, 8, 12, 22, 0, 25, 28][9, 3, 1, 24, 20, 23][5, 21, 2, 27][4, 14, 11, 17][6, 13, 18, 19][7, 10, 15][16, 10, 29][10, 21][4, 7][14, 20][17, 19][0, 18] 
[26, 8, 12, 22, 0, 25, 28][9, 3, 1, 24, 20, 23][5, 21, 2, 27][4, 14, 11, 17][6, 13, 18, 19][7, 10, 15][16, 10, 29][10, 21][4, 7][14, 20][17, 19][0, 18] 
[26, 8, 12, 22, 0, 25, 28][9, 3, 1, 24, 20, 23][4, 14, 11, 17][5, 21, 2, 27][6, 13, 18, 19][7, 10, 15][16, 10, 29][4, 7][10, 21][14, 20][17, 19][0, 18] 
[26, 8, 12, 22, 0, 25, 28][9, 3, 1, 24, 20, 23][6, 13, 18, 19][7, 10, 15, 29][5, 21, 2, 27][4, 14, 11][16, 10, 21][17, 19][14, 20][4, 7][0, 18][11, 17] 
[26, 8, 12, 22, 0, 25, 28][9, 3, 1, 24, 20, 23][5, 21, 2, 27][4, 14, 11, 17][6, 13, 18, 19][7, 10, 15][16, 10, 29][10, 21][4, 7][14, 20][17, 19][0, 18] 
[26, 8, 12, 22, 0, 25, 28][9, 3, 1, 24, 20, 23][6, 13, 18, 19][7, 10, 15, 29][5, 21, 2, 27][4, 14, 11][16, 10, 21][17, 19][14, 20][4, 7][0, 18][11, 17] 
[26, 8, 12, 22, 0, 25, 28][9, 3, 1, 24, 20, 23][6, 13, 18, 19][7, 10, 15, 29][5, 21, 2, 27][4, 14, 11][16, 10, 21][17, 19][14, 20][4, 7][0, 18][11, 17] 
[26, 8, 12, 22, 0, 25, 28][9, 3, 1, 24, 20, 23][7, 10, 15, 29][5, 21, 2, 27][6, 13, 18, 19][4, 14, 11][16, 10, 21][14, 20][4, 7][11, 17][17, 19][0, 18] 
[26, 8, 12, 22, 0, 25, 28][9, 3, 1, 24, 20, 23][7, 10, 15, 29][5, 21, 2, 27][6, 13, 18, 19][4, 14, 11][16, 10, 21][14, 20][4, 7][11, 17][17, 19][0, 18] 
[26, 8, 12, 22, 0, 25, 28][9, 3, 1, 24, 20, 23][6, 13, 18, 19][7, 10, 15, 29][5, 21, 2, 27][4, 14, 11][16, 10, 21][17, 19][14, 20][4, 7][0, 18][11, 17] 
[26, 8, 12, 22, 0, 25, 28][9, 3, 1, 24, 20, 23][6, 13, 18, 19][7, 10, 15, 29][5, 21, 2, 27][4, 14, 11][16, 10, 21][17, 19][14, 20][4, 7][0, 18][11, 17] 
[26, 8, 12, 22, 0, 25, 28][9, 3, 1, 24, 20, 23][6, 13, 18, 19][7, 10, 15, 29][5, 21, 2, 27][4, 14, 11][16, 10, 21][17, 19][14, 20][4, 7][0, 18][11, 17] 
[26, 8, 12, 22, 0, 25, 28][9, 3, 1, 24, 20, 23][6, 13, 18, 19][7, 10, 15, 29][5, 21, 2, 27][4, 14, 11][16, 10, 21][17, 19][14, 20][4, 7][0, 18][11, 17] 
[26, 8, 12, 22, 0, 25, 28][9, 3, 1, 24, 20, 23][6, 13, 18, 19][7, 10, 15, 29][5, 21, 2, 27][4, 14, 11][16, 10, 21][17, 19][14, 20][4, 7][0, 18][11, 17] 
[26, 8, 12, 22, 0, 25, 28][9, 3, 1, 24, 20, 23][6, 13, 18, 19][7, 10, 15, 29][5, 21, 2, 27][4, 14, 11][16, 10, 21][17, 19][14, 20][4, 7][0, 18][11, 17] 
[26, 8, 12, 22, 0, 25, 28][9, 3, 1, 24, 20, 23][6, 13, 18, 19][7, 10, 15, 29][5, 21, 2, 27][4, 14, 11][16, 10, 21][17, 19][14, 20][4, 7][0, 18][11, 17] 
[26, 8, 12, 22, 0, 25, 28][9, 3, 1, 24, 20, 23][6, 13, 18, 19][7, 10, 15, 29][5, 21, 2, 27][4, 14, 11][16, 10, 21][17, 19][14, 20][4, 7][0, 18][11, 17] 
[26, 8, 12, 22, 0, 25, 28][9, 3, 1, 24, 20, 23][6, 13, 18, 19][7, 10, 15, 29][5, 21, 2, 27][4, 14, 11][16, 10, 21][17, 19][14, 20][4, 7][0, 18][11, 17] 
[26, 8, 12, 22, 0, 25, 28][9, 3, 1, 24, 20, 23][6, 13, 18, 19][7, 10, 15, 29][5, 21, 2, 27][4, 14, 11][16, 10, 21][17, 19][14, 20][4, 7][0, 18][11, 17] 
[26, 8, 12, 22, 0, 25, 28][9, 3, 1, 24, 20, 23][6, 13, 18, 19][7, 10, 15, 29][5, 21, 2, 27][4, 14, 11][16, 10, 21][17, 19][14, 20][4, 7][0, 18][11, 17] 
[26, 8, 12, 22, 0, 25, 28][9, 3, 1, 24, 20, 23][4, 14, 11, 17][6, 13, 18, 19][5, 21, 2, 27][7, 10, 15, 29][16, 10, 21][17, 19][0, 18][14, 20][7, 25][10, 15] 
[26, 8, 12, 22, 0, 25, 28][9, 3, 1, 24, 20, 23][4, 14, 11, 17][6, 13, 18, 19][5, 21, 2, 27][7, 10, 15, 29][16, 10, 21][17, 19][0, 18][14, 20][7, 25][10, 15] 
[26, 8, 12, 22, 0, 25, 28][9, 3, 1, 24, 20, 23][4, 14, 11, 17][6, 13, 18, 19][5, 21, 2, 27][7, 10, 15, 29][16, 10, 21][14, 20][17, 19][0, 18][7, 25][10, 15] 
[26, 8, 12, 22, 0, 25, 28][9, 3, 1, 24, 20, 23][5, 21, 2, 27][6, 13, 18, 19][4, 14, 11, 17][7, 10, 15, 29][16, 10, 21][10, 15][7, 25][0, 18][17, 19][14, 20] 
[26, 8, 12, 22, 0, 25, 28][9, 3, 1, 24, 20, 23][6, 13, 18, 19][4, 14, 11, 17][5, 21, 2, 27][7, 10, 15, 29][16, 10, 21][17, 19][0, 18][7, 25][10, 15][14, 20] 
[26, 8, 12, 22, 0, 25, 28][9, 3, 1, 24, 20, 23][5, 21, 2, 27, 29][4, 14, 11, 17][6, 13, 18, 19][7, 10, 15][16, 10, 21][7, 25][2, 27][4, 7][17, 19][14, 20] 
[26, 8, 12, 22, 0, 25, 28][9, 3, 1, 24, 20, 23][5, 21, 2, 27][4, 14, 11, 17][6, 13, 18, 19][7, 10, 15][16, 10, 29][10, 21][4, 7][14, 20][17, 19][0, 18] 
[26, 8, 12, 22, 0, 25, 28][9, 3, 1, 24, 20, 23][5, 21, 2, 27][4, 14, 11, 17][6, 13, 18, 19][7, 10, 15][16, 10, 29][10, 21][4, 7][14, 20][17, 19][0, 18] 
[26, 8, 12, 22, 0, 25, 28][9, 3, 1, 24, 20, 23][5, 21, 2, 27][4, 14, 11, 17][6, 13, 18, 19][7, 10, 15][16, 10, 29][10, 21][4, 7][14, 20][17, 19][0, 18] 
[26, 8, 12, 22, 0, 25, 28][9, 3, 1, 24, 20, 23][4, 14, 11, 17][5, 21, 2, 27][6, 13, 18, 19][7, 10, 15][16, 10, 29][4, 7][10, 21][14, 20][17, 19][0, 18] 
[26, 8, 12, 22, 0, 25, 28][9, 3, 1, 24, 20, 23][5, 21, 2, 27][4, 14, 11, 17][6, 13, 18, 19][7, 10, 15][16, 10, 29][10, 21][4, 7][14, 20][17, 19][0, 18] 
[26, 8, 12, 22, 0, 25, 28][9, 3, 1, 24, 20, 23][6, 13, 18, 19][7, 10, 15, 29][5, 21, 2, 27][4, 14, 11][16, 10, 21][17, 19][14, 20][4, 7][0, 18][11, 17] 
[26, 8, 12, 22, 0, 25, 28][9, 3, 1, 24, 20, 23][5, 21, 2, 27][4, 14, 11, 17][6, 13, 18, 19][7, 10, 15][16, 10, 29][10, 21][4, 7][14, 20][17, 19][0, 18] 
