[4, 23, 9, 1, 24, 20, 14][2, 10, 6, 13][8, 19, 22, 17][11, 25, 7, 27][21, 5, 15, 29][12, 18, 13][18, 0, 26][0, 28, 16][3, 11, 17][0, 22][27, 29][1, 3] 
[4, 14, 20, 24, 1, 9, 23][2, 10, 6, 13][8, 19, 22, 17][11, 25, 7, 27][21, 5, 15, 29][12, 18, 13][18, 0, 26][0, 28, 16][3, 11, 17][0, 22][1, 3][27, 29] 
[4, 14, 20, 24, 1, 9, 23][11, 25, 7, 27][8, 19, 22, 17][2, 10, 6, 13][21, 5, 15, 29][3, 11, 17][0, 28, 16][18, 0, 26][12, 18, 13][1, 3][0, 22][27, 29] 
[4, 14, 20, 24, 1, 9, 23][11, 25, 7, 27][8, 19, 22, 17][2, 10, 6, 13][21, 5, 15, 29][3, 11, 17][0, 28, 16][18, 0, 26][12, 18, 13][1, 3][0, 22][27, 29] 
[14, 20, 24, 1, 9, 23][21, 5, 15, 29][11, 25, 7, 27][8, 19, 22, 17][2, 10, 6, 13][3, 11, 17][3, 1, 4][18, 0, 26][0, 28, 16][12, 18, 13][27, 29][0, 22] 
[14, 20, 24, 1, 9, 23][8, 19, 22, 17][11, 25, 7, 27][21, 5, 15, 29][2, 10, 6, 13][3, 11, 17][3, 1, 4][0, 28, 16][18, 0, 26][12, 18, 13][27, 29][0, 22] 
[14, 20, 24, 1, 9, 23][11, 25, 7, 27][8, 19, 22, 17][21, 5, 15, 29][2, 10, 6, 13][3, 11, 17][3, 1, 4][18, 0, 26][12, 18, 13][0, 28, 16][27, 29][0, 22] 
[14, 20, 24, 1, 9, 23][21, 5, 15, 29][11, 25, 7, 27][8, 19, 22, 17][2, 10, 6, 13][3, 11, 17][3, 1, 4][18, 0, 26][0, 28, 16][12, 18, 13][27, 29][0, 22] 
[14, 20, 24, 1, 9, 23][11, 25, 7, 27][8, 19, 22, 17][21, 5, 15, 29][2, 10, 6, 13][3, 11, 17][3, 1, 4][18, 0, 26][12, 18, 13][0, 28, 16][27, 29][0, 22] 
[14, 20, 24, 1, 9, 23][8, 19, 22, 17][11, 25, 7, 27][2, 10, 6, 13][21, 5, 15, 29][3, 11, 17][3, 1, 4][0, 28, 16][18, 0, 26][12, 18, 13][0, 22][27, 29] 
[4, 23, 9, 1, 24, 20, 14][11, 25, 7, 27][8, 19, 22, 17][2, 10, 6, 13][21, 5, 15, 29][3, 11, 17][0, 28, 16][18, 0, 26][12, 18, 13][1, 3][0, 22][27, 29] 
[4, 14, 20, 24, 1, 9, 23][11, 25, 7, 27][8, 19, 22, 17][2, 10, 6, 13][21, 5, 15, 29][3, 11, 17][0, 28, 16][18, 0, 26][12, 18, 13][1, 3][0, 22][27, 29] 
[4, 14, 20, 24, 1, 9, 23][11, 25, 7, 27][8, 19, 22, 17][2, 10, 6, 13][21, 5, 15, 29][3, 11, 17][0, 28, 16][18, 0, 26][12, 18, 13][1, 3][0, 22][27, 29] 
[14, 20, 24, 1, 9, 23][8, 19, 22, 17][11, 25, 7, 27][2, 10, 6, 13][21, 5, 15, 29][3, 1, 4][3, 11, 17][0, 28, 16][18, 0, 26][12, 18, 13][0, 22][27, 29] 
[14, 20, 24, 1, 9, 23][2, 10, 6, 13][8, 19, 22, 17][11, 25, 7, 27][21, 5, 15, 29][18, 0, 26][12, 18, 13][0, 28, 16][3, 11, 17][3, 1, 4][0, 22][27, 29] 
[14, 20, 24, 1, 9, 23][8, 19, 22, 17][11, 25, 7, 27][2, 10, 6, 13][21, 5, 15, 29][3, 11, 17][3, 1, 4][0, 28, 16][18, 0, 26][12, 18, 13][0, 22][27, 29] 
[4, 23, 9, 1, 24, 20, 14][2, 10, 6, 13][8, 19, 22, 17][11, 25, 7, 27][21, 5, 15, 29][12, 18, 13][18, 0, 26][0, 28, 16][3, 11, 17][0, 22][1, 3][27, 29] 
[4, 14, 20, 24, 1, 9, 23][11, 25, 7, 27][8, 19, 22, 17][2, 10, 6, 13][21, 5, 15, 29][3, 11, 17][0, 28, 16][18, 0, 26][12, 18, 13][1, 3][0, 22][27, 29] 
[14, 20, 24, 1, 9, 23][2, 10, 6, 13][8, 19, 22, 17][11, 25, 7, 27][21, 5, 15, 29][12, 18, 13][18, 0, 26][0, 28, 16][3, 11, 17][3, 1, 4][0, 22][27, 29] 
[4, 23, 9, 1, 24, 20, 14][8, 19, 22, 17][11, 25, 7, 27][2, 10, 6, 13][21, 5, 15, 29][3, 11, 17][0, 28, 16][18, 0, 26][12, 18, 13][0, 22][1, 3][27, 29] 
[4, 23, 9, 1, 24, 20, 14][2, 10, 6, 13][8, 19, 22, 17][11, 25, 7, 27][21, 5, 15, 29][12, 18, 13][18, 0, 26][0, 28, 16][3, 11, 17][0, 22][27, 29][1, 3] 
[4, 14, 20, 24, 1, 9, 23][11, 25, 7, 27][8, 19, 22, 17][2, 10, 6, 13][21, 5, 15, 29][3, 11, 17][0, 28, 16][18, 0, 26][12, 18, 13][1, 3][0, 22][27, 29] 
[4, 14, 20, 24, 1, 9, 23][2, 10, 6, 13][8, 19, 22, 17][11, 25, 7, 27][21, 5, 15, 29][12, 18, 13][18, 0, 26][0, 28, 16][3, 11, 17][0, 22][27, 29][1, 3] 
[14, 20, 24, 1, 9, 23][11, 25, 7, 27][8, 19, 22, 17][21, 5, 15, 29][2, 10, 6, 13][3, 11, 17][3, 1, 4][18, 0, 26][12, 18, 13][0, 28, 16][27, 29][0, 22] 
[14, 20, 24, 1, 9, 23][11, 25, 7, 27][8, 19, 22, 17][21, 5, 15, 29][2, 10, 6, 13][3, 11, 17][3, 1, 4][18, 0, 26][12, 18, 13][0, 28, 16][27, 29][0, 22] 
[14, 20, 24, 1, 9, 23][8, 19, 22, 17][11, 25, 7, 27][2, 10, 6, 13][21, 5, 15, 29][3, 11, 17][3, 1, 4][0, 28, 16][18, 0, 26][12, 18, 13][0, 22][27, 29] 
[4, 23, 9, 1, 24, 20, 14][2, 10, 6, 13][8, 19, 22, 17][11, 25, 7, 27][21, 5, 15, 29][12, 18, 13][18, 0, 26][0, 28, 16][3, 11, 17][0, 22][1, 3][27, 29] 
[4, 14, 20, 24, 1, 9, 23][11, 25, 7, 27][8, 19, 22, 17][2, 10, 6, 13][21, 5, 15, 29][3, 11, 17][0, 28, 16][18, 0, 26][12, 18, 13][1, 3][0, 22][27, 29] 
[14, 20, 24, 1, 9, 23][8, 19, 22, 17][11, 25, 7, 27][2, 10, 6, 13][21, 5, 15, 29][3, 11, 17][3, 1, 4][18, 0, 26][0, 28, 16][12, 18, 13][0, 22][27, 29] 
[4, 23, 9, 1, 24, 20, 14][2, 10, 6, 13][8, 19, 22, 17][11, 25, 7, 27][21, 5, 15, 29][12, 18, 13][18, 0, 26][0, 28, 16][3, 11, 17][0, 22][1, 3][27, 29] 
[4, 23, 9, 1, 24, 20, 14][2, 10, 6, 13][8, 19, 22, 17][11, 25, 7, 27][21, 5, 15, 29][12, 18, 13][18, 0, 26][0, 28, 16][3, 11, 17][0, 22][1, 3][27, 29] 
[4, 14, 20, 24, 1, 9, 23][2, 10, 6, 13][8, 19, 22, 17][11, 25, 7, 27][21, 5, 15, 29][12, 18, 13][18, 0, 26][0, 28, 16][3, 11, 17][0, 22][27, 29][1, 3] 
[14, 20, 24, 1, 9, 23][11, 25, 7, 27][8, 19, 22, 17][21, 5, 15, 29][2, 10, 6, 13][3, 11, 17][3, 1, 4][18, 0, 26][12, 18, 13][0, 28, 16][27, 29][0, 22] 
[4, 23, 9, 1, 24, 20, 14][2, 10, 6, 13][8, 19, 22, 17][11, 25, 7, 27][21, 5, 15, 29][12, 18, 13][18, 0, 26][0, 28, 16][3, 11, 17][0, 22][27, 29][1, 3] 
[4, 23, 9, 1, 24, 20, 14][2, 10, 6, 13][8, 19, 22, 17][11, 25, 7, 27][21, 5, 15, 29][12, 18, 13][18, 0, 26][0, 28, 16][3, 11, 17][0, 22][1, 3][27, 29] 
[20, 4, 1, 3, 11, 25, 0, 18, 13, 6, 21][6, 5, 15, 29, 2, 10, 27, 16, 28][8, 19, 22, 17, 12, 0, 26][7, 24, 1, 14][4, 23, 9][13, 18][2, 10][11, 25][1, 3][1, 4][11, 25][1, 4] 
[20, 4, 1, 3, 11, 25, 0, 18, 13, 6, 21][6, 5, 15, 29, 2, 10, 27, 16, 28][8, 19, 22, 17, 12, 0, 26][7, 24, 1, 14][4, 23, 9][13, 18][2, 10][11, 25][1, 3][1, 4][11, 25][1, 4] 
[20, 4, 1, 3, 11, 25, 0, 18, 13, 6, 21][6, 5, 15, 29, 2, 10, 27, 16, 28][8, 19, 22, 17, 12, 0, 26][7, 24, 1, 14][4, 23, 9][13, 18][2, 10][11, 25][1, 3][1, 4][11, 25][1, 4] 
[6, 13, 18, 0, 25, 11, 3, 1, 4, 20][6, 5, 15, 29, 2, 10, 27, 16, 28][8, 19, 22, 17, 12, 0, 26][7, 24, 1, 14][9, 23, 24][15, 29][11, 25][1, 4][5, 21][0, 25][0, 18][13, 18] 
[6, 13, 18, 0, 25, 11, 3, 1, 4, 20][6, 5, 15, 29, 2, 10, 27, 16, 28][8, 19, 22, 17, 12, 0, 26][7, 24, 1, 14][9, 23, 24][15, 29][11, 25][1, 4][5, 21][0, 25][0, 18][13, 18] 
[20, 4, 1, 3, 11, 25, 0, 18, 13, 6, 21][5, 15, 29, 2, 10, 27, 16][8, 19, 22, 17, 12, 0, 26][2, 27, 7, 25][14, 1, 24][9, 23, 24][1, 4][0, 28][13, 18][17, 22][1, 4][1, 4] 
[20, 4, 1, 3, 11, 25, 0, 18, 13, 6, 21][6, 5, 15, 29, 2, 10, 27, 16, 28][8, 19, 22, 17, 12, 0, 26][7, 24, 1, 14][9, 23, 24][0, 18][0, 26][12, 17][0, 25][1, 4][0, 25][12, 17] 
[20, 4, 1, 3, 11, 25, 0, 18, 13, 6, 21][6, 5, 15, 29, 2, 10, 27, 16, 28][8, 19, 22, 17, 12, 0, 26][7, 24, 1, 14][4, 23, 9][13, 18][2, 10][11, 25][1, 3][1, 4][11, 25][1, 4] 
[6, 13, 18, 0, 25, 11, 3, 1, 4, 20][6, 5, 15, 29, 2, 10, 27, 16, 28][8, 19, 22, 17, 12, 0, 26][7, 24, 1, 14][9, 23, 24][15, 29][11, 25][1, 4][5, 21][0, 25][0, 18][13, 18] 
[20, 4, 1, 3, 11, 25, 0, 18, 13, 6, 21][6, 5, 15, 29, 2, 10, 27, 16, 28][8, 19, 22, 17, 12, 0, 26][7, 24, 1, 14][4, 23, 9][13, 18][2, 10][11, 25][1, 3][1, 4][11, 25][1, 4] 
[20, 4, 1, 3, 11, 25, 0, 18, 13, 6, 21][6, 5, 15, 29, 2, 10, 27, 16, 28][8, 19, 22, 17, 12, 0, 26][7, 24, 1, 14][4, 23, 9][13, 18][2, 10][11, 25][1, 3][1, 4][11, 25][1, 4] 
[20, 4, 1, 3, 11, 25, 0, 18, 13, 6, 21][6, 5, 15, 29, 2, 10, 27, 16, 28][8, 19, 22, 17, 12, 0, 26][7, 24, 1, 14][4, 23, 9][13, 18][2, 10][11, 25][1, 3][1, 4][11, 25][1, 4] 
[6, 13, 18, 0, 25, 11, 3, 1, 4, 20][6, 5, 15, 29, 2, 10, 27, 16, 28][8, 19, 22, 17, 12, 0, 26][7, 24, 1, 14][9, 23, 24][15, 29][11, 25][1, 4][5, 21][0, 25][0, 18][13, 18] 
[20, 4, 1, 3, 11, 25, 0, 18, 13, 6, 21][6, 5, 15, 29, 2, 10, 27, 16, 28][8, 19, 22, 17, 12, 0, 26][7, 24, 1, 14][4, 23, 9][13, 18][2, 10][11, 25][1, 3][1, 4][11, 25][1, 4] 
[20, 4, 1, 3, 11, 25, 0, 18, 13, 6, 21][6, 5, 15, 29, 2, 10, 27, 16, 28][8, 19, 22, 17, 12, 0, 26][7, 24, 1, 14][4, 23, 9][13, 18][2, 10][11, 25][1, 3][1, 4][11, 25][1, 4] 
[20, 4, 1, 3, 11, 25, 0, 18, 13, 6, 21][6, 5, 15, 29, 2, 10, 27, 16, 28][8, 19, 22, 17, 12, 0, 26][7, 24, 1, 14][4, 23, 9][13, 18][2, 10][11, 25][1, 3][1, 4][11, 25][1, 4] 
[20, 4, 1, 3, 11, 25, 0, 18, 13, 6, 21][6, 5, 15, 29, 2, 10, 27, 16, 28][8, 19, 22, 17, 12, 0, 26][7, 24, 1, 14][4, 23, 9][13, 18][2, 10][11, 25][1, 3][1, 4][11, 25][1, 4] 
[20, 4, 1, 3, 11, 25, 0, 18, 13, 6, 21][6, 5, 15, 29, 2, 10, 27, 16, 28][0, 12, 17, 22, 19, 8][14, 1, 9, 23, 24][0, 18][7, 24][0, 26][12, 17][0, 25][1, 4][0, 25][12, 17] 
[20, 4, 1, 3, 11, 25, 0, 18, 13, 6, 21][6, 5, 15, 29, 2, 10, 27, 16, 28][8, 19, 22, 17, 12, 0, 26][7, 24, 1, 14][4, 23, 9][13, 18][2, 10][11, 25][1, 3][1, 4][11, 25][1, 4] 
[20, 4, 1, 3, 11, 25, 0, 18, 13, 6, 21][6, 5, 15, 29, 2, 10, 27, 16, 28][8, 19, 22, 17, 12, 0, 26][7, 24, 1, 14][4, 23, 9][13, 18][2, 10][11, 25][1, 3][1, 4][11, 25][1, 4] 
[20, 4, 1, 3, 11, 25, 0, 18, 13, 6, 21][6, 5, 15, 29, 2, 10, 27, 16, 28][8, 19, 22, 17, 12, 0, 26][7, 24, 1, 14][4, 23, 9][13, 18][2, 10][11, 25][1, 3][1, 4][11, 25][1, 4] 
[14, 20, 24, 1, 9, 23][8, 19, 22, 17][11, 25, 7, 27][21, 5, 15, 29][2, 10, 6, 13][3, 1, 4][3, 11, 17][18, 0, 26][0, 28, 16][12, 18, 13][15, 27][0, 22] 
[14, 20, 24, 1, 9, 23][8, 19, 22, 17][11, 25, 7, 27][21, 5, 15, 29][2, 10, 6, 13][3, 1, 4][3, 11, 17][18, 0, 26][0, 28, 16][12, 18, 13][15, 27][0, 22] 
[14, 20, 24, 1, 9, 23][8, 19, 22, 17][11, 25, 7, 27][21, 5, 15, 29][2, 10, 6, 13][3, 1, 4][3, 11, 17][18, 0, 26][0, 28, 16][12, 18, 13][15, 27][0, 22] 
[14, 20, 24, 1, 9, 23][8, 19, 22, 17][11, 25, 7, 27][21, 5, 15, 29][2, 10, 6, 13][3, 1, 4][3, 11, 17][18, 0, 26][0, 28, 16][12, 18, 13][15, 27][0, 22] 
[14, 20, 24, 1, 9, 23][8, 19, 22, 17][11, 25, 7, 27][21, 5, 15, 29][2, 10, 6, 13][3, 1, 4][3, 11, 17][18, 0, 26][0, 28, 16][12, 18, 13][15, 27][0, 22] 
[14, 20, 24, 1, 9, 23][11, 25, 7, 27][8, 19, 22, 17][2, 10, 6, 13][21, 5, 15, 29][3, 11, 17][3, 1, 4][0, 28, 16][18, 0, 26][12, 18, 13][0, 22][15, 27] 
[14, 20, 24, 1, 9, 23][8, 19, 22, 17][11, 25, 7, 27][21, 5, 15, 29][2, 10, 6, 13][3, 1, 4][3, 11, 17][18, 0, 26][0, 28, 16][12, 18, 13][15, 27][0, 22] 
[14, 20, 24, 1, 9, 23][8, 19, 22, 17][11, 25, 7, 27][21, 5, 15, 29][2, 10, 6, 13][3, 1, 4][3, 11, 17][18, 0, 26][0, 28, 16][12, 18, 13][15, 27][0, 22] 
[14, 20, 24, 1, 9, 23][8, 19, 22, 17][11, 25, 7, 27][21, 5, 15, 29][2, 10, 6, 13][3, 1, 4][3, 11, 17][18, 0, 26][0, 28, 16][12, 18, 13][15, 27][0, 22] 
[14, 20, 24, 1, 9, 23][8, 19, 22, 17][11, 25, 7, 27][21, 5, 15, 29][2, 10, 6, 13][3, 1, 4][3, 11, 17][18, 0, 26][0, 28, 16][12, 18, 13][15, 27][0, 22] 
[14, 20, 24, 1, 9, 23][8, 19, 22, 17][11, 25, 7, 27][21, 5, 15, 29][2, 10, 6, 13][3, 1, 4][3, 11, 17][18, 0, 26][0, 28, 16][12, 18, 13][15, 27][0, 22] 
[14, 20, 24, 1, 9, 23][8, 19, 22, 17][11, 25, 7, 27][21, 5, 15, 29][2, 10, 6, 13][3, 1, 4][3, 11, 17][18, 0, 26][0, 28, 16][12, 18, 13][15, 27][0, 22] 
[14, 20, 24, 1, 9, 23][8, 19, 22, 17][11, 25, 7, 27][21, 5, 15, 29][2, 10, 6, 13][3, 1, 4][3, 11, 17][18, 0, 26][0, 28, 16][12, 18, 13][15, 27][0, 22] 
[14, 20, 24, 1, 9, 23][8, 19, 22, 17][11, 25, 7, 27][21, 5, 15, 29][2, 10, 6, 13][3, 1, 4][3, 11, 17][18, 0, 26][0, 28, 16][12, 18, 13][15, 27][0, 22] 
[14, 20, 24, 1, 9, 23][8, 19, 22, 17][11, 25, 7, 27][21, 5, 15, 29][2, 10, 6, 13][3, 1, 4][3, 11, 17][18, 0, 26][0, 28, 16][12, 18, 13][15, 27][0, 22] 
[4, 23, 9, 1, 24, 20, 14][21, 5, 15, 29][11, 25, 7, 27][8, 19, 22, 17][2, 10, 6, 13][3, 11, 17][18, 0, 26][0, 28, 16][12, 18, 13][27, 29][1, 3][0, 22] 
[4, 23, 9, 1, 24, 20, 14][21, 5, 15, 29][11, 25, 7, 27][8, 19, 22, 17][2, 10, 6, 13][3, 11, 17][0, 28, 16][18, 0, 26][12, 18, 13][27, 29][0, 22][1, 3] 
[4, 23, 9, 1, 24, 20, 14][2, 10, 6, 13][8, 19, 22, 17][11, 25, 7, 27][21, 5, 15, 29][12, 18, 13][18, 0, 26][0, 28, 16][3, 11, 17][0, 22][1, 3][27, 29] 
[4, 23, 9, 1, 24, 20, 14][2, 10, 6, 13][8, 19, 22, 17][11, 25, 7, 27][21, 5, 15, 29][12, 18, 13][18, 0, 26][0, 28, 16][3, 11, 17][0, 22][1, 3][27, 29] 
[4, 23, 9, 1, 24, 20, 14][2, 10, 6, 13][8, 19, 22, 17][11, 25, 7, 27][21, 5, 15, 29][18, 0, 26][0, 28, 16][12, 18, 13][3, 11, 17][0, 22][1, 3][27, 29] 
[4, 14, 20, 24, 1, 9, 23][8, 19, 22, 17][11, 25, 7, 27][21, 5, 15, 29][2, 10, 6, 13][3, 11, 17][18, 0, 26][0, 28, 16][12, 18, 13][1, 3][27, 29][0, 22] 
[14, 20, 24, 1, 9, 23][8, 19, 22, 17][11, 25, 7, 27][21, 5, 15, 29][2, 10, 6, 13][3, 1, 4][3, 11, 17][18, 0, 26][0, 28, 16][12, 18, 13][15, 27][0, 22] 
[14, 20, 24, 1, 9, 23][8, 19, 22, 17][11, 25, 7, 27][21, 5, 15, 29][2, 10, 6, 13][3, 1, 4][3, 11, 17][18, 0, 26][0, 28, 16][12, 18, 13][15, 27][0, 22] 
[14, 20, 24, 1, 9, 23][8, 19, 22, 17][11, 25, 7, 27][21, 5, 15, 29][2, 10, 6, 13][3, 1, 4][3, 11, 17][18, 0, 26][0, 28, 16][12, 18, 13][15, 27][0, 22] 
[14, 20, 24, 1, 9, 23][8, 19, 22, 17][11, 25, 7, 27][21, 5, 15, 29][2, 10, 6, 13][3, 1, 4][3, 11, 17][18, 0, 26][0, 28, 16][12, 18, 13][15, 27][0, 22] 
[14, 20, 24, 1, 9, 23][8, 19, 22, 17][11, 25, 7, 27][21, 5, 15, 29][2, 10, 6, 13][3, 1, 4][3, 11, 17][18, 0, 26][0, 28, 16][12, 18, 13][15, 27][0, 22] 
[4, 23, 9, 1, 24, 20, 14][8, 19, 22, 17][11, 25, 7, 27][2, 10, 6, 13][21, 5, 15, 29][0, 28, 16][3, 11, 17][18, 0, 26][3, 1, 4][12, 18, 13][0, 22][27, 29] 
[14, 20, 24, 1, 9, 23][8, 19, 22, 17][11, 25, 7, 27][21, 5, 15, 29][2, 10, 6, 13][3, 1, 4][3, 11, 17][18, 0, 26][0, 28, 16][12, 18, 13][15, 27][0, 22] 
[4, 23, 9, 1, 24, 20, 14][11, 25, 7, 27][8, 19, 22, 17][2, 10, 6, 13][21, 5, 15, 29][3, 11, 17][0, 28, 16][18, 0, 26][12, 18, 13][1, 3][0, 22][27, 29] 
[4, 23, 9, 1, 24, 20, 14][2, 10, 6, 13][8, 19, 22, 17][11, 25, 7, 27][21, 5, 15, 29][12, 18, 13][18, 0, 26][0, 28, 16][3, 11, 17][0, 22][1, 3][27, 29] 
[4, 23, 9, 1, 24, 20, 14][2, 10, 6, 13][8, 19, 22, 17][11, 25, 7, 27][21, 5, 15, 29][12, 18, 13][18, 0, 26][0, 28, 16][3, 11, 17][0, 22][1, 3][27, 29] 
[4, 23, 9, 1, 24, 20, 14][11, 25, 7, 27][8, 19, 22, 17][2, 10, 6, 13][21, 5, 15, 29][3, 11, 17][0, 28, 16][18, 0, 26][12, 18, 13][1, 3][0, 22][27, 29] 
[4, 23, 9, 1, 24, 20, 14][8, 19, 22, 17][11, 25, 7, 27][21, 5, 15, 29][2, 10, 6, 13][3, 11, 17][18, 0, 26][12, 18, 13][0, 28, 16][1, 3][27, 29][0, 22] 
[4, 23, 9, 1, 24, 20, 14][2, 10, 6, 13][8, 19, 22, 17][11, 25, 7, 27][21, 5, 15, 29][12, 18, 13][18, 0, 26][0, 28, 16][3, 11, 17][0, 22][1, 3][27, 29] 
[4, 23, 9, 1, 24, 20, 14][2, 10, 6, 13][8, 19, 22, 17][11, 25, 7, 27][21, 5, 15, 29][12, 18, 13][18, 0, 26][0, 28, 16][3, 11, 17][0, 22][1, 3][27, 29] 
[4, 23, 9, 1, 24, 20, 14][8, 19, 22, 17][11, 25, 7, 27][21, 5, 15, 29][2, 10, 6, 13][3, 11, 17][18, 0, 26][12, 18, 13][0, 28, 16][1, 3][27, 29][0, 22] 
[4, 23, 9, 1, 24, 20, 14][2, 10, 6, 13][8, 19, 22, 17][11, 25, 7, 27][21, 5, 15, 29][12, 18, 13][18, 0, 26][0, 28, 16][3, 11, 17][0, 22][1, 3][27, 29] 
[4, 23, 9, 1, 24, 20, 14][2, 10, 6, 13][8, 19, 22, 17][11, 25, 7, 27][21, 5, 15, 29][12, 18, 13][18, 0, 26][0, 28, 16][3, 11, 17][0, 22][1, 3][27, 29] 
[4, 23, 9, 1, 24, 20, 14][11, 25, 7, 27][8, 19, 22, 17][2, 10, 6, 13][21, 5, 15, 29][3, 11, 17][0, 28, 16][18, 0, 26][12, 18, 13][1, 3][0, 22][27, 29] 
[4, 23, 9, 1, 24, 20, 14][2, 10, 6, 13][8, 19, 22, 17][11, 25, 7, 27][21, 5, 15, 29][12, 18, 13][18, 0, 26][0, 28, 16][3, 11, 17][0, 22][1, 3][27, 29] 
[4, 23, 9, 1, 24, 20, 14][2, 10, 6, 13][8, 19, 22, 17][11, 25, 7, 27][21, 5, 15, 29][12, 18, 13][18, 0, 26][0, 28, 16][3, 11, 17][0, 22][1, 3][27, 29] 
[4, 23, 9, 1, 24, 20, 14][2, 10, 6, 13][8, 19, 22, 17][11, 25, 7, 27][21, 5, 15, 29][12, 18, 13][18, 0, 26][0, 28, 16][3, 11, 17][0, 22][1, 3][27, 29] 
[4, 23, 9, 1, 24, 20, 14][2, 10, 6, 13][8, 19, 22, 17][11, 25, 7, 27][21, 5, 15, 29][12, 18, 13][18, 0, 26][0, 28, 16][3, 11, 17][0, 22][1, 3][27, 29] 
[4, 14, 20, 24, 1, 9, 23][11, 25, 7, 27][8, 19, 22, 17][21, 5, 15, 29][2, 10, 6, 13][3, 11, 17][0, 28, 16][18, 0, 26][12, 18, 13][3, 4][27, 29][0, 22] 
[4, 14, 20, 24, 1, 9, 23][11, 25, 7, 27][8, 19, 22, 17][21, 5, 15, 29][2, 10, 6, 13][3, 11, 17][0, 28, 16][18, 0, 26][12, 18, 13][3, 4][27, 29][0, 22] 
[4, 14, 20, 24, 1, 9, 23][8, 19, 22, 17][11, 25, 7, 27][2, 10, 6, 13][21, 5, 15, 29][3, 11, 17][18, 0, 26][0, 28, 16][12, 18, 13][3, 4][0, 22][27, 29] 
[4, 14, 20, 24, 1, 9, 23][11, 25, 7, 27][8, 19, 22, 17][21, 5, 15, 29][2, 10, 6, 13][3, 11, 17][0, 28, 16][18, 0, 26][12, 18, 13][3, 4][27, 29][0, 22] 
[4, 14, 20, 24, 1, 9, 23][8, 19, 22, 17][11, 25, 7, 27][2, 10, 6, 13][21, 5, 15, 29][3, 11, 17][18, 0, 26][0, 28, 16][12, 18, 13][3, 4][0, 22][27, 29] 
[4, 14, 20, 24, 1, 9, 23][11, 25, 7, 27][8, 19, 22, 17][21, 5, 15, 29][2, 10, 6, 13][3, 11, 17][7, 27, 29][0, 28, 16][18, 0, 26][12, 18, 13][3, 4][0, 22] 
[4, 14, 20, 24, 1, 9, 23][8, 19, 22, 17][11, 25, 7, 27][2, 10, 6, 13][21, 5, 15, 29][3, 11, 17][0, 28, 16][3, 1, 4][18, 0, 26][12, 18, 13][0, 22][27, 29] 
[4, 14, 20, 24, 1, 9, 23][11, 25, 7, 27][8, 19, 22, 17][21, 5, 15, 29][2, 10, 6, 13][3, 1, 4][3, 11, 17][0, 28, 16][18, 0, 26][12, 18, 13][27, 29][0, 22] 
[4, 14, 20, 24, 1, 9, 23][8, 19, 22, 17][11, 25, 7, 27][2, 10, 6, 13][21, 5, 15, 29][3, 11, 17][0, 28, 16][3, 1, 4][18, 0, 26][12, 18, 13][0, 22][27, 29] 
[4, 14, 20, 24, 1, 9, 23][8, 19, 22, 17][11, 25, 7, 27][2, 10, 6, 13][21, 5, 15, 29][3, 11, 17][0, 28, 16][3, 1, 4][18, 0, 26][12, 18, 13][0, 22][27, 29] 
[4, 14, 20, 24, 1, 9, 23][8, 19, 22, 17][11, 25, 7, 27][2, 10, 6, 13][21, 5, 15, 29][3, 11, 17][0, 28, 16][3, 1, 4][18, 0, 26][12, 18, 13][0, 22][27, 29] 
[4, 23, 9, 1, 24, 20, 14][2, 10, 6, 13][8, 19, 22, 17][11, 25, 7, 27][21, 5, 15, 29][12, 18, 13][18, 0, 26][0, 28, 16][3, 11, 17][0, 22][1, 3][27, 29] 
[4, 14, 20, 24, 1, 9, 23][8, 19, 22, 17][11, 25, 7, 27][2, 10, 6, 13][21, 5, 15, 29][3, 11, 17][18, 0, 26][0, 28, 16][3, 1, 4][12, 18, 13][0, 22][15, 27] 
