[6, 2, 29, 15, 16, 28][3, 9, 1, 14, 11][19, 17, 12, 8, 26][7, 20, 4, 24, 23][5, 21, 10, 27][16, 28, 25][0, 22, 17][0, 18, 13][11, 25][22, 25][14, 23][7, 27] 
[6, 2, 29, 15, 16, 28][19, 17, 12, 8, 26][3, 9, 1, 14, 11][7, 20, 4, 24, 23][5, 21, 10, 27][0, 22, 17][0, 18, 13][22, 25][11, 25][25, 28][14, 23][7, 27] 
[6, 2, 29, 15, 16, 28][19, 17, 12, 8, 26][3, 9, 1, 14, 11][7, 20, 4, 24, 23][5, 21, 10, 27][0, 22, 17][0, 18, 13][22, 25][11, 25][25, 28][14, 23][7, 27] 
[6, 2, 29, 15, 16, 28][19, 17, 12, 8, 26][3, 9, 1, 14, 11][7, 20, 4, 24, 23][5, 21, 10, 27][0, 22, 17][0, 18, 13][22, 25][11, 25][25, 28][14, 23][7, 27] 
[28, 16, 2, 6, 15, 29][7, 20, 4, 24, 23][3, 9, 1, 14, 11][19, 17, 12, 8, 26][5, 21, 10, 27][0, 22, 17][0, 18, 13][7, 27][14, 23][11, 25][22, 25][25, 28] 
[19, 17, 12, 8, 26][16, 2, 6, 15, 29][3, 9, 1, 14, 11][7, 20, 4, 24, 23][5, 21, 10, 27][0, 22, 17][16, 28, 25][0, 18, 13][22, 25][11, 25][14, 23][7, 27] 
[19, 17, 12, 8, 26][16, 2, 6, 15, 29][3, 9, 1, 14, 11][7, 20, 4, 24, 23][5, 21, 10, 27][0, 22, 17][16, 28, 25][0, 18, 13][22, 25][11, 25][14, 23][7, 27] 
[28, 16, 2, 6, 15, 29][7, 20, 4, 24, 23][3, 9, 1, 14, 11][19, 17, 12, 8, 26][5, 21, 10, 27][0, 22, 17][0, 18, 13][7, 27][14, 23][11, 25][22, 25][25, 28] 
[19, 17, 12, 8, 26][16, 2, 6, 15, 29][3, 9, 1, 14, 11][7, 20, 4, 24, 23][5, 21, 10, 27][0, 22, 17][16, 28, 25][0, 18, 13][22, 25][11, 25][14, 23][7, 27] 
[28, 16, 2, 6, 15, 29][7, 20, 4, 24, 23][3, 9, 1, 14, 11][19, 17, 12, 8, 26][5, 21, 10, 27][0, 22, 17][0, 18, 13][7, 27][14, 23][11, 25][22, 25][25, 28] 
[6, 2, 29, 15, 16, 28][7, 20, 4, 24, 23][3, 9, 1, 14, 11][19, 17, 12, 8, 26][5, 21, 10, 27][16, 28, 25][0, 18, 13][0, 22, 17][7, 27][14, 23][11, 25][22, 25] 
[6, 2, 29, 15, 16, 28][19, 17, 12, 8, 26][3, 9, 1, 14, 11][7, 20, 4, 24, 23][5, 21, 10, 27][0, 22, 17][0, 18, 13][22, 25][11, 25][25, 28][14, 23][7, 27] 
[6, 2, 29, 15, 16, 28][3, 9, 1, 14, 11][7, 20, 4, 24, 23][19, 17, 12, 8, 26][5, 21, 10, 27][0, 18, 13][0, 22, 17][14, 23][7, 27][11, 25][22, 25][25, 28] 
[28, 16, 2, 6, 15, 29][7, 20, 4, 24, 23][3, 9, 1, 14, 11][19, 17, 12, 8, 26][5, 21, 10, 27][0, 22, 17][0, 18, 13][7, 27][14, 23][11, 25][22, 25][25, 28] 
[19, 17, 12, 8, 26][16, 2, 6, 15, 29][3, 9, 1, 14, 11][7, 20, 4, 24, 23][5, 21, 10, 27][0, 22, 17][16, 28, 25][0, 18, 13][22, 25][11, 25][14, 23][7, 27] 
[28, 16, 2, 6, 15, 29][7, 20, 4, 24, 23][3, 9, 1, 14, 11][19, 17, 12, 8, 26][5, 21, 10, 27][0, 22, 17][0, 18, 13][7, 27][14, 23][11, 25][22, 25][25, 28] 
[6, 2, 29, 15, 16, 28][19, 17, 12, 8, 26][3, 9, 1, 14, 11][7, 20, 4, 24, 23][5, 21, 10, 27][0, 22, 17][16, 28, 25][0, 18, 13][22, 25][11, 25][14, 23][7, 27] 
[6, 2, 29, 15, 16, 28][19, 17, 12, 8, 26][3, 9, 1, 14, 11][7, 20, 4, 24, 23][5, 21, 10, 27][0, 22, 17][0, 18, 13][22, 25][11, 25][25, 28][14, 23][7, 27] 
[28, 16, 2, 6, 15, 29][7, 20, 4, 24, 23][3, 9, 1, 14, 11][19, 17, 12, 8, 26][5, 21, 10, 27][0, 22, 17][0, 18, 13][7, 27][14, 23][11, 25][22, 25][25, 28] 
[6, 2, 29, 15, 16, 28][19, 17, 12, 8, 26][3, 9, 1, 14, 11][7, 20, 4, 24, 23][5, 21, 10, 27][16, 28, 25][0, 22, 17][0, 18, 13][22, 25][11, 25][14, 23][7, 27] 
[6, 2, 29, 15, 16, 28][19, 17, 12, 8, 26][3, 9, 1, 14, 11][7, 20, 4, 24, 23][5, 21, 10, 27][0, 22, 17][16, 28, 25][0, 18, 13][22, 25][11, 25][14, 23][7, 27] 
[6, 2, 29, 15, 16, 28][7, 20, 4, 24, 23][3, 9, 1, 14, 11][19, 17, 12, 8, 26][5, 21, 10, 27][0, 22, 17][0, 18, 13][7, 27][14, 23][11, 25][25, 28][22, 25] 
[6, 2, 29, 15, 16, 28][19, 17, 12, 8, 26][3, 9, 1, 14, 11][7, 20, 4, 24, 23][5, 21, 10, 27][0, 22, 17][0, 18, 13][22, 25][11, 25][25, 28][14, 23][7, 27] 
[28, 16, 2, 6, 15, 29][7, 20, 4, 24, 23][3, 9, 1, 14, 11][19, 17, 12, 8, 26][5, 21, 10, 27][0, 22, 17][0, 18, 13][7, 27][14, 23][11, 25][22, 25][25, 28] 
[19, 17, 12, 8, 26][16, 2, 6, 15, 29][3, 9, 1, 14, 11][7, 20, 4, 24, 23][5, 21, 10, 27][0, 22, 17][16, 28, 25][0, 18, 13][22, 25][11, 25][14, 23][7, 27] 
[28, 16, 2, 6, 15, 29][7, 20, 4, 24, 23][3, 9, 1, 14, 11][19, 17, 12, 8, 26][5, 21, 10, 27][0, 22, 17][0, 18, 13][7, 27][14, 23][11, 25][22, 25][25, 28] 
[6, 2, 29, 15, 16, 28][19, 17, 12, 8, 26][3, 9, 1, 14, 11][7, 20, 4, 24, 23][5, 21, 10, 27][0, 22, 17][16, 28, 25][0, 18, 13][22, 25][11, 25][14, 23][7, 27] 
[6, 2, 29, 15, 16, 28][3, 9, 1, 14, 11][7, 20, 4, 24, 23][19, 17, 12, 8, 26][5, 21, 10, 27][0, 22, 17][0, 18, 13][25, 28][11, 25][14, 23][22, 25][7, 27] 
[28, 16, 2, 6, 15, 29][3, 9, 1, 14, 11][19, 17, 12, 8, 26][7, 20, 4, 24, 23][5, 21, 10, 27][0, 22, 17][0, 18, 13][11, 25][22, 25][14, 23][7, 27][25, 28] 
[6, 2, 29, 15, 16, 28][3, 9, 1, 14, 11][19, 17, 12, 8, 26][7, 20, 4, 24, 23][5, 21, 10, 27][16, 28, 25][0, 22, 17][0, 18, 13][11, 25][22, 25][14, 23][7, 27] 
[6, 2, 29, 15, 16, 28][3, 9, 1, 14, 11][7, 20, 4, 24, 23][19, 17, 12, 8, 26][5, 21, 10, 27][16, 28, 25][0, 18, 13][0, 22, 17][14, 23][7, 27][11, 25][22, 25] 
[6, 2, 29, 15, 16, 28][3, 9, 1, 14, 11][7, 20, 4, 24, 23][19, 17, 12, 8, 26][5, 21, 10, 27][0, 22, 17][0, 18, 13][25, 28][11, 25][14, 23][22, 25][7, 27] 
[28, 16, 2, 6, 15, 29][3, 9, 1, 14, 11][19, 17, 12, 8, 26][7, 20, 4, 24, 23][5, 21, 10, 27][0, 22, 17][0, 18, 13][11, 25][22, 25][14, 23][7, 27][25, 28] 
[6, 2, 29, 15, 16, 28][19, 17, 12, 8, 26][3, 9, 1, 14, 11][7, 20, 4, 24, 23][5, 21, 10, 27][0, 22, 17][16, 28, 25][0, 18, 13][22, 25][11, 25][14, 23][7, 27] 
[6, 2, 29, 15, 16, 28][3, 9, 1, 14, 11][19, 17, 12, 8, 26][7, 20, 4, 24, 23][5, 21, 10, 27][16, 28, 25][0, 22, 17][0, 18, 13][11, 25][22, 25][14, 23][7, 27] 
[0, 25, 28, 17, 11, 14, 9, 3, 4, 20, 24, 23, 1][7, 27, 10, 21, 5, 6, 2, 29, 15, 16][19, 17, 12, 8, 26][0, 13, 18, 22][2, 6][23, 24][10, 27][25, 28][2, 6][25, 28][16, 28][23, 24] 
[0, 25, 28, 17, 11, 14, 9, 3, 4, 20, 24, 23, 1][7, 27, 10, 21, 5, 6, 2, 29, 15, 16][19, 17, 12, 8, 26][0, 13, 18, 22][2, 6][23, 24][10, 27][25, 28][2, 6][25, 28][16, 28][23, 24] 
[0, 25, 28, 17, 11, 14, 9, 3, 4, 20, 24, 23, 1][7, 27, 10, 21, 5, 6, 2, 29, 15, 16][19, 17, 12, 8, 26][0, 13, 18, 22][2, 6][23, 24][10, 27][25, 28][2, 6][25, 28][16, 28][23, 24] 
[0, 25, 28, 17, 11, 14, 9, 3, 4, 20, 24, 23, 1][7, 27, 10, 21, 5, 6, 2, 29, 15, 16][19, 17, 12, 8, 26][0, 13, 18][10, 27][16, 28][18, 22][2, 6][25, 28][23, 24][11, 17][23, 24] 
[0, 25, 28, 17, 11, 14, 9, 3, 4, 20, 24, 23, 1][7, 27, 10, 21, 5, 6, 2, 29, 15, 16][19, 17, 12, 8, 26][0, 13, 18][10, 27][16, 28][18, 22][2, 6][25, 28][23, 24][11, 17][23, 24] 
[7, 27, 10, 21, 5, 6, 2, 29, 15, 16][4, 3, 9, 14, 11, 17, 28, 25, 22][7, 20, 4, 24, 23][12, 8, 26, 0, 19][0, 13, 18, 22][1, 24][25, 28][25, 28][11, 17][25, 28][25, 28][2, 6] 
[0, 25, 28, 17, 11, 14, 9, 3, 4, 20, 24, 23, 1][7, 27, 10, 21, 5, 6, 2, 29, 15, 16][19, 17, 12, 8, 26][0, 13, 18, 22][2, 6][23, 24][10, 27][25, 28][2, 6][25, 28][16, 28][23, 24] 
[0, 25, 28, 17, 11, 14, 9, 3, 4, 20, 24, 23, 1][7, 27, 10, 21, 5, 6, 2, 29, 15, 16][19, 17, 12, 8, 26][0, 13, 18, 22][2, 6][23, 24][10, 27][25, 28][2, 6][25, 28][16, 28][23, 24] 
[0, 25, 28, 17, 11, 14, 9, 3, 4, 20, 24, 23, 1][7, 27, 10, 21, 5, 6, 2, 29, 15, 16][19, 17, 12, 8, 26][0, 13, 18][10, 27][16, 28][18, 22][2, 6][25, 28][23, 24][11, 17][23, 24] 
[0, 25, 28, 17, 11, 14, 9, 3, 4, 20, 24, 23, 1][7, 27, 10, 21, 5, 6, 2, 29, 15, 16][19, 17, 12, 8, 26][0, 13, 18, 22][2, 6][23, 24][10, 27][25, 28][2, 6][25, 28][16, 28][23, 24] 
[0, 25, 28, 17, 11, 14, 9, 3, 4, 20, 24, 23, 1][7, 27, 10, 21, 5, 6, 2, 29, 15, 16][19, 17, 12, 8, 26][0, 13, 18, 22][2, 6][23, 24][10, 27][25, 28][2, 6][25, 28][16, 28][23, 24] 
[0, 25, 28, 17, 11, 14, 9, 3, 4, 20, 24, 23, 1][7, 27, 10, 21, 5, 6, 2, 29, 15, 16][19, 17, 12, 8, 26][0, 13, 18, 22][2, 6][23, 24][10, 27][25, 28][2, 6][25, 28][16, 28][23, 24] 
[0, 25, 28, 17, 11, 14, 9, 3, 4, 20, 24, 23, 1][7, 27, 10, 21, 5, 6, 2, 29, 15, 16][19, 17, 12, 8, 26][0, 13, 18][10, 27][16, 28][18, 22][2, 6][25, 28][23, 24][11, 17][23, 24] 
[0, 25, 28, 17, 11, 14, 9, 3, 4, 20, 24, 23, 1][7, 27, 10, 21, 5, 6, 2, 29, 15, 16][19, 17, 12, 8, 26][0, 13, 18, 22][2, 6][23, 24][10, 27][25, 28][2, 6][25, 28][16, 28][23, 24] 
[0, 25, 28, 17, 11, 14, 9, 3, 4, 20, 24, 23, 1][7, 27, 10, 21, 5, 6, 2, 29, 15, 16][19, 17, 12, 8, 26][0, 13, 18, 22][2, 6][23, 24][10, 27][25, 28][2, 6][25, 28][16, 28][23, 24] 
[0, 25, 28, 17, 11, 14, 9, 3, 4, 20, 24, 23, 1][7, 27, 10, 21, 5, 6, 2, 29, 15, 16][19, 17, 12, 8, 26][0, 13, 18, 22][2, 6][23, 24][10, 27][25, 28][2, 6][25, 28][16, 28][23, 24] 
[0, 25, 28, 17, 11, 14, 9, 3, 4, 20, 24, 23, 1][7, 27, 10, 21, 5, 6, 2, 29, 15, 16][19, 17, 12, 8, 26][0, 13, 18, 22][2, 6][23, 24][10, 27][25, 28][2, 6][25, 28][16, 28][23, 24] 
[0, 25, 28, 17, 11, 14, 9, 3, 4, 20, 24, 23, 1][7, 27, 10, 21, 5, 6, 2, 29, 15, 16][19, 17, 12, 8, 26][0, 13, 18, 22][2, 6][23, 24][10, 27][25, 28][2, 6][25, 28][16, 28][23, 24] 
[0, 25, 28, 17, 11, 14, 9, 3, 4, 20, 24, 23, 1][7, 27, 10, 21, 5, 6, 2, 29, 15, 16][19, 17, 12, 8, 26][0, 13, 18, 22][2, 6][23, 24][10, 27][25, 28][2, 6][25, 28][16, 28][23, 24] 
[0, 25, 28, 17, 11, 14, 9, 3, 4, 20, 24, 23, 1][7, 27, 10, 21, 5, 6, 2, 29, 15, 16][19, 17, 12, 8, 26][0, 13, 18, 22][2, 6][23, 24][10, 27][25, 28][2, 6][25, 28][16, 28][23, 24] 
[0, 25, 28, 17, 11, 14, 9, 3, 4, 20, 24, 23, 1][7, 27, 10, 21, 5, 6, 2, 29, 15, 16][19, 17, 12, 8, 26][0, 13, 18, 22][2, 6][23, 24][10, 27][25, 28][2, 6][25, 28][16, 28][23, 24] 
[28, 16, 2, 6, 15, 29][7, 20, 4, 24, 23][3, 9, 1, 14, 11][19, 17, 12, 8, 26][5, 21, 10, 27][0, 22, 17][0, 18, 13][7, 27][14, 23][11, 25][22, 25][25, 28] 
[28, 16, 2, 6, 15, 29][19, 17, 12, 8, 26][3, 9, 1, 14, 11][7, 20, 4, 24, 23][5, 21, 10, 27][0, 22, 17][0, 18, 13][25, 28][22, 25][11, 25][14, 23][7, 27] 
[28, 16, 2, 6, 15, 29][19, 17, 12, 8, 26][3, 9, 1, 14, 11][7, 20, 4, 24, 23][5, 21, 10, 27][0, 22, 17][0, 18, 13][25, 28][22, 25][11, 25][14, 23][7, 27] 
[28, 16, 2, 6, 15, 29][19, 17, 12, 8, 26][3, 9, 1, 14, 11][7, 20, 4, 24, 23][5, 21, 10, 27][0, 22, 17][0, 18, 13][25, 28][22, 25][11, 25][14, 23][7, 27] 
[28, 16, 2, 6, 15, 29][7, 20, 4, 24, 23][3, 9, 1, 14, 11][19, 17, 12, 8, 26][5, 21, 10, 27][0, 22, 17][0, 18, 13][7, 27][14, 23][11, 25][22, 25][25, 28] 
[28, 16, 2, 6, 15, 29][19, 17, 12, 8, 26][3, 9, 1, 14, 11][7, 20, 4, 24, 23][5, 21, 10, 27][0, 22, 17][0, 18, 13][25, 28][22, 25][11, 25][14, 23][7, 27] 
[28, 16, 2, 6, 15, 29][3, 9, 1, 14, 11][19, 17, 12, 8, 26][7, 20, 4, 24, 23][5, 21, 10, 27][0, 22, 17][0, 18, 13][11, 25][22, 25][14, 23][7, 27][25, 28] 
[28, 16, 2, 6, 15, 29][7, 20, 4, 24, 23][3, 9, 1, 14, 11][19, 17, 12, 8, 26][5, 21, 10, 27][0, 22, 17][0, 18, 13][7, 27][14, 23][11, 25][22, 25][25, 28] 
[28, 16, 2, 6, 15, 29][7, 20, 4, 24, 23][3, 9, 1, 14, 11][19, 17, 12, 8, 26][5, 21, 10, 27][0, 22, 17][0, 18, 13][7, 27][14, 23][11, 25][22, 25][25, 28] 
[28, 16, 2, 6, 15, 29][7, 20, 4, 24, 23][3, 9, 1, 14, 11][19, 17, 12, 8, 26][5, 21, 10, 27][0, 22, 17][0, 18, 13][7, 27][14, 23][11, 25][22, 25][25, 28] 
[28, 16, 2, 6, 15, 29][3, 9, 1, 14, 11][19, 17, 12, 8, 26][7, 20, 4, 24, 23][5, 21, 10, 27][0, 22, 17][0, 18, 13][11, 25][22, 25][14, 23][7, 27][25, 28] 
[28, 16, 2, 6, 15, 29][7, 20, 4, 24, 23][3, 9, 1, 14, 11][19, 17, 12, 8, 26][5, 21, 10, 27][0, 22, 17][0, 18, 13][7, 27][14, 23][11, 25][22, 25][25, 28] 
[28, 16, 2, 6, 15, 29][3, 9, 1, 14, 11][7, 20, 4, 24, 23][19, 17, 12, 8, 26][5, 21, 10, 27][0, 22, 17][0, 18, 13][11, 25][25, 28][14, 23][7, 27][22, 25] 
[28, 16, 2, 6, 15, 29][7, 20, 4, 24, 23][3, 9, 1, 14, 11][19, 17, 12, 8, 26][5, 21, 10, 27][0, 22, 17][0, 18, 13][7, 27][14, 23][11, 25][22, 25][25, 28] 
[28, 16, 2, 6, 15, 29][3, 9, 1, 14, 11][7, 20, 4, 24, 23][19, 17, 12, 8, 26][5, 21, 10, 27][0, 22, 17][0, 18, 13][11, 25][25, 28][14, 23][7, 27][22, 25] 
[6, 2, 29, 15, 16, 28][19, 17, 12, 8, 26][3, 9, 1, 14, 11][7, 20, 4, 24, 23][5, 21, 10, 27][0, 22, 17][0, 18, 13][16, 28, 25][22, 25][11, 25][14, 23][7, 27] 
[6, 2, 29, 15, 16, 28][7, 20, 4, 24, 23][3, 9, 1, 14, 11][19, 17, 12, 8, 26][5, 21, 10, 27][16, 28, 25][0, 18, 13][0, 22, 17][7, 27][14, 23][11, 25][22, 25] 
[6, 2, 29, 15, 16, 28][3, 9, 1, 14, 11][19, 17, 12, 8, 26][7, 20, 4, 24, 23][5, 21, 10, 27][16, 28, 25][0, 22, 17][0, 18, 13][11, 25][22, 25][14, 23][7, 27] 
[6, 2, 29, 15, 16, 28][7, 20, 4, 24, 23][3, 9, 1, 14, 11][19, 17, 12, 8, 26][5, 21, 10, 27][16, 28, 25][0, 22, 17][0, 18, 13][14, 23][11, 25][7, 27][22, 25] 
[6, 2, 29, 15, 16, 28][7, 20, 4, 24, 23][3, 9, 1, 14, 11][19, 17, 12, 8, 26][5, 21, 10, 27][16, 28, 25][0, 22, 17][0, 18, 13][14, 23][11, 25][7, 27][22, 25] 
[0, 28, 16, 15, 29, 2, 6][3, 9, 1, 14, 11][7, 20, 4, 24, 23][19, 17, 12, 8, 26][5, 21, 10, 27][13, 18, 22][14, 23][7, 27][11, 25][25, 28][22, 25][17, 22] 
[28, 16, 2, 6, 15, 29][7, 20, 4, 24, 23][3, 9, 1, 14, 11][19, 17, 12, 8, 26][5, 21, 10, 27][0, 22, 17][0, 18, 13][7, 27][14, 23][11, 25][22, 25][25, 28] 
[28, 16, 2, 6, 15, 29][7, 20, 4, 24, 23][3, 9, 1, 14, 11][19, 17, 12, 8, 26][5, 21, 10, 27][0, 22, 17][0, 18, 13][7, 27][14, 23][11, 25][22, 25][25, 28] 
[28, 16, 2, 6, 15, 29][3, 9, 1, 14, 11][19, 17, 12, 8, 26][7, 20, 4, 24, 23][5, 21, 10, 27][0, 22, 17][0, 18, 13][11, 25][22, 25][14, 23][7, 27][25, 28] 
[28, 16, 2, 6, 15, 29][7, 20, 4, 24, 23][3, 9, 1, 14, 11][19, 17, 12, 8, 26][5, 21, 10, 27][0, 22, 17][0, 18, 13][7, 27][14, 23][11, 25][22, 25][25, 28] 
[28, 16, 2, 6, 15, 29][7, 20, 4, 24, 23][3, 9, 1, 14, 11][19, 17, 12, 8, 26][5, 21, 10, 27][0, 22, 17][0, 18, 13][7, 27][14, 23][11, 25][22, 25][25, 28] 
[6, 2, 29, 15, 16, 28][7, 20, 4, 24, 23][3, 9, 1, 14, 11][19, 17, 12, 8, 26][5, 21, 10, 27][0, 18, 13][0, 22, 17][7, 27][14, 23][11, 25][25, 28][22, 25] 
[28, 16, 2, 6, 15, 29][7, 20, 4, 24, 23][3, 9, 1, 14, 11][19, 17, 12, 8, 26][5, 21, 10, 27][0, 22, 17][0, 18, 13][7, 27][14, 23][11, 25][22, 25][25, 28] 
[6, 2, 29, 15, 16, 28][7, 20, 4, 24, 23][3, 9, 1, 14, 11][19, 17, 12, 8, 26][5, 21, 10, 27][16, 28, 25][0, 18, 13][0, 22, 17][7, 27][14, 23][11, 25][22, 25] 
[6, 2, 29, 15, 16, 28][7, 20, 4, 24, 23][3, 9, 1, 14, 11][19, 17, 12, 8, 26][5, 21, 10, 27][16, 28, 25][0, 18, 13][0, 22, 17][7, 27][14, 23][11, 25][22, 25] 
[6, 2, 29, 15, 16, 28][7, 20, 4, 24, 23][3, 9, 1, 14, 11][19, 17, 12, 8, 26][5, 21, 10, 27][16, 28, 25][0, 18, 13][0, 22, 17][7, 27][14, 23][11, 25][22, 25] 
[6, 2, 29, 15, 16, 28][3, 9, 1, 14, 11][19, 17, 12, 8, 26][7, 20, 4, 24, 23][5, 21, 10, 27][16, 28, 25][0, 22, 17][0, 18, 13][11, 25][22, 25][14, 23][7, 27] 
[6, 2, 29, 15, 16, 28][3, 9, 1, 14, 11][19, 17, 12, 8, 26][7, 20, 4, 24, 23][5, 21, 10, 27][16, 28, 25][0, 22, 17][0, 18, 13][11, 25][22, 25][14, 23][7, 27] 
[6, 2, 29, 15, 16, 28][7, 20, 4, 24, 23][3, 9, 1, 14, 11][19, 17, 12, 8, 26][5, 21, 10, 27][16, 28, 25][0, 18, 13][0, 22, 17][7, 27][14, 23][11, 25][22, 25] 
[6, 2, 29, 15, 16, 28][7, 20, 4, 24, 23][3, 9, 1, 14, 11][19, 17, 12, 8, 26][5, 21, 10, 27][16, 28, 25][0, 18, 13][0, 22, 17][7, 27][14, 23][11, 25][22, 25] 
[6, 2, 29, 15, 16, 28][3, 9, 1, 14, 11][19, 17, 12, 8, 26][7, 20, 4, 24, 23][5, 21, 10, 27][16, 28, 25][0, 22, 17][0, 18, 13][11, 25][22, 25][14, 23][7, 27] 
[6, 2, 29, 15, 16, 28][7, 20, 4, 24, 23][3, 9, 1, 14, 11][19, 17, 12, 8, 26][5, 21, 10, 27][16, 28, 25][0, 18, 13][0, 22, 17][7, 27][14, 23][11, 25][22, 25] 
[6, 2, 29, 15, 16, 28][19, 17, 12, 8, 26][3, 9, 1, 14, 11][7, 20, 4, 24, 23][5, 21, 10, 27][0, 22, 17][16, 28, 25][0, 18, 13][22, 25][11, 25][14, 23][7, 27] 
[6, 2, 29, 15, 16, 28][7, 20, 4, 24, 23][3, 9, 1, 14, 11][19, 17, 12, 8, 26][5, 21, 10, 27][16, 28, 25][0, 18, 13][0, 22, 17][7, 27][14, 23][11, 25][22, 25] 
[6, 2, 29, 15, 16, 28][3, 9, 1, 14, 11][7, 20, 4, 24, 23][19, 17, 12, 8, 26][5, 21, 10, 27][16, 28, 25][0, 18, 13][0, 22, 17][14, 23][7, 27][11, 25][22, 25] 
[6, 2, 29, 15, 16, 28][7, 20, 4, 24, 23][3, 9, 1, 14, 11][19, 17, 12, 8, 26][5, 21, 10, 27][16, 28, 25][0, 18, 13][0, 22, 17][7, 27][14, 23][11, 25][22, 25] 
[6, 2, 29, 15, 16, 28][19, 17, 12, 8, 26][3, 9, 1, 14, 11][7, 20, 4, 24, 23][5, 21, 10, 27][0, 22, 17][16, 28, 25][0, 18, 13][22, 25][11, 25][14, 23][7, 27] 
[6, 2, 29, 15, 16, 28][7, 20, 4, 24, 23][3, 9, 1, 14, 11][19, 17, 12, 8, 26][5, 21, 10, 27][16, 28, 25][0, 18, 13][0, 22, 17][7, 27][14, 23][11, 25][22, 25] 
[0, 26, 8, 12, 17, 19][6, 2, 29, 15, 16, 28][3, 9, 1, 14, 11][7, 20, 4, 24, 23][5, 21, 10, 27][13, 18, 22][16, 28, 25][17, 22][22, 25][11, 25][14, 23][7, 27] 
[0, 26, 8, 12, 17, 19][6, 2, 29, 15, 16, 28][3, 9, 1, 14, 11][7, 20, 4, 24, 23][5, 21, 10, 27][13, 18, 22][16, 28, 25][17, 22][22, 25][11, 25][14, 23][7, 27] 
[0, 26, 8, 12, 17, 19][6, 2, 29, 15, 16, 28][3, 9, 1, 14, 11][7, 20, 4, 24, 23][5, 21, 10, 27][13, 18, 22][16, 28, 25][17, 22][22, 25][11, 25][14, 23][7, 27] 
[0, 26, 8, 12, 17, 19][6, 2, 29, 15, 16, 28][3, 9, 1, 14, 11][7, 20, 4, 24, 23][5, 21, 10, 27][13, 18, 22][16, 28, 25][17, 22][22, 25][11, 25][14, 23][7, 27] 
[0, 26, 8, 12, 17, 19][6, 2, 29, 15, 16, 28][3, 9, 1, 14, 11][7, 20, 4, 24, 23][5, 21, 10, 27][13, 18, 22][16, 28, 25][17, 22][22, 25][11, 25][14, 23][7, 27] 
[0, 26, 8, 12, 17, 19][6, 2, 29, 15, 16, 28][3, 9, 1, 14, 11][7, 20, 4, 24, 23][5, 21, 10, 27][13, 18, 22][16, 28, 25][17, 22][22, 25][11, 25][14, 23][7, 27] 
[28, 16, 2, 6, 15, 29][7, 20, 4, 24, 23][3, 9, 1, 14, 11][19, 17, 12, 8, 26][5, 21, 10, 27][0, 22, 17][0, 18, 13][7, 27][14, 23][11, 25][22, 25][25, 28] 
[28, 16, 2, 6, 15, 29][7, 20, 4, 24, 23][3, 9, 1, 14, 11][19, 17, 12, 8, 26][5, 21, 10, 27][0, 22, 17][0, 18, 13][7, 27][14, 23][11, 25][22, 25][25, 28] 
[28, 16, 2, 6, 15, 29][7, 20, 4, 24, 23][3, 9, 1, 14, 11][19, 17, 12, 8, 26][5, 21, 10, 27][0, 22, 17][0, 18, 13][7, 27][14, 23][11, 25][22, 25][25, 28] 
[28, 16, 2, 6, 15, 29][7, 20, 4, 24, 23][3, 9, 1, 14, 11][19, 17, 12, 8, 26][5, 21, 10, 27][0, 22, 17][0, 18, 13][7, 27][14, 23][11, 25][22, 25][25, 28] 
[28, 16, 2, 6, 15, 29][7, 20, 4, 24, 23][3, 9, 1, 14, 11][19, 17, 12, 8, 26][5, 21, 10, 27][0, 22, 17][0, 18, 13][7, 27][14, 23][11, 25][22, 25][25, 28] 
[6, 2, 29, 15, 16, 28][19, 17, 12, 8, 26][3, 9, 1, 14, 11][7, 20, 4, 24, 23][5, 21, 10, 27][0, 22, 17][0, 18, 13][16, 28, 25][22, 25][11, 25][14, 23][7, 27] 
[28, 16, 2, 6, 15, 29][7, 20, 4, 24, 23][3, 9, 1, 14, 11][19, 17, 12, 8, 26][5, 21, 10, 27][0, 22, 17][0, 18, 13][7, 27][14, 23][11, 25][22, 25][25, 28] 
