[12, 18, 0, 26, 8, 19][10, 15, 5, 21, 6, 13][3, 9, 23, 20, 7][14, 1, 4, 24][11, 17, 22, 25][16, 27, 2, 29][1, 9][7, 28][17, 28][0, 22][16, 28][2, 15] 
[12, 18, 0, 26, 8, 19][10, 15, 5, 21, 6, 13][14, 9, 1, 4, 24][11, 17, 22, 25][16, 27, 2, 29][3, 23, 20, 7][0, 22][17, 28][16, 28][2, 15][7, 28][1, 3] 
[10, 15, 5, 21, 6, 13][12, 18, 0, 26, 8, 19][14, 9, 1, 4, 24][3, 23, 20, 7][16, 27, 2, 29][11, 17, 22, 25][7, 28][1, 3][16, 28][17, 28][2, 15][0, 22] 
[10, 15, 5, 21, 6, 13][12, 18, 0, 26, 8, 19][16, 27, 2, 29][11, 17, 22, 25][3, 23, 20, 7][1, 9, 23, 14][14, 4, 24][2, 15][16, 28][17, 28][0, 22][7, 28] 
[10, 15, 5, 21, 6, 13][12, 18, 0, 26, 8, 19][4, 1, 3, 24, 14][7, 20, 23, 9][16, 27, 2, 29][11, 17, 22, 25][7, 28][1, 9][16, 28][2, 15][17, 28][0, 22] 
[10, 15, 5, 21, 6, 13][12, 18, 0, 26, 8, 19][4, 1, 3, 24, 14][7, 20, 23, 9][16, 27, 2, 29][11, 17, 22, 25][7, 28][1, 9][16, 28][2, 15][17, 28][0, 22] 
[12, 18, 0, 26, 8, 19][10, 15, 5, 21, 6, 13][4, 1, 3, 24, 14][11, 17, 22, 25][16, 27, 2, 29][7, 20, 23, 9][0, 22][17, 28][16, 28][7, 28][2, 15][1, 9] 
[12, 18, 0, 26, 8, 19][10, 15, 5, 21, 6, 13][4, 1, 3, 24, 14][11, 17, 22, 25][16, 27, 2, 29][7, 20, 23, 9][0, 22][17, 28][16, 28][7, 28][2, 15][1, 9] 
[10, 15, 5, 21, 6, 13][12, 18, 0, 26, 8, 19][4, 1, 3, 24, 14][7, 20, 23, 9][16, 27, 2, 29][11, 17, 22, 25][7, 28][1, 9][16, 28][2, 15][17, 28][0, 22] 
[10, 15, 5, 21, 6, 13][12, 18, 0, 26, 8, 19][4, 1, 3, 24, 14][7, 20, 23, 9][16, 27, 2, 29][11, 17, 22, 25][7, 28][1, 9][16, 28][2, 15][17, 28][0, 22] 
[10, 15, 5, 21, 6, 13][12, 18, 0, 26, 8, 19][3, 9, 23, 20, 7][16, 27, 2, 29][11, 17, 22, 25][14, 1, 4, 24][2, 15][16, 28][17, 28][0, 22][7, 28][1, 9] 
[12, 18, 0, 26, 8, 19][10, 15, 5, 21, 6, 13][14, 9, 1, 4, 24][3, 23, 20, 7][11, 17, 22, 25][16, 27, 2, 29][1, 3][7, 28][17, 28][0, 22][16, 28][2, 15] 
[12, 18, 0, 26, 8, 19][10, 15, 5, 21, 6, 13][14, 9, 1, 4, 24][11, 17, 22, 25][16, 27, 2, 29][3, 23, 20, 7][0, 22][17, 28][16, 28][2, 15][7, 28][1, 3] 
[10, 15, 5, 21, 6, 13][12, 18, 0, 26, 8, 19][4, 1, 3, 24, 14][7, 20, 23, 9][16, 27, 2, 29][11, 17, 22, 25][7, 28][1, 9][16, 28][2, 15][17, 28][0, 22] 
[10, 15, 5, 21, 6, 13][12, 18, 0, 26, 8, 19][4, 1, 3, 24, 14][7, 20, 23, 9][16, 27, 2, 29][11, 17, 22, 25][7, 28][1, 9][16, 28][2, 15][17, 28][0, 22] 
[10, 15, 5, 21, 6, 13][12, 18, 0, 26, 8, 19][4, 1, 3, 24, 14][16, 27, 2, 29][11, 17, 22, 25][7, 20, 23, 9][2, 15][16, 28][17, 28][7, 28][1, 9][0, 22] 
[12, 18, 0, 26, 8, 19][10, 15, 5, 21, 6, 13][3, 9, 23, 20, 7][14, 1, 4, 24][11, 17, 22, 25][16, 27, 2, 29][1, 9][7, 28][17, 28][0, 22][16, 28][2, 15] 
[12, 18, 0, 26, 8, 19][10, 15, 5, 21, 6, 13][14, 9, 1, 4, 24][11, 17, 22, 25][16, 27, 2, 29][3, 23, 20, 7][0, 22][17, 28][16, 28][2, 15][7, 28][1, 3] 
[10, 15, 5, 21, 6, 13][12, 18, 0, 26, 8, 19][4, 1, 3, 24, 14][7, 20, 23, 9][16, 27, 2, 29][11, 17, 22, 25][7, 28][1, 9][16, 28][2, 15][17, 28][0, 22] 
[12, 18, 0, 26, 8, 19][10, 15, 5, 21, 6, 13][3, 9, 23, 20, 7][14, 1, 4, 24][11, 17, 22, 25][16, 27, 2, 29][1, 9][7, 28][17, 28][0, 22][16, 28][2, 15] 
[12, 18, 0, 26, 8, 19][10, 15, 5, 21, 6, 13][3, 9, 23, 20, 7][14, 1, 4, 24][11, 17, 22, 25][16, 27, 2, 29][1, 9][7, 28][17, 28][0, 22][16, 28][2, 15] 
[10, 15, 5, 21, 6, 13][12, 18, 0, 26, 8, 19][14, 9, 1, 4, 24][3, 23, 20, 7][11, 17, 22, 25][16, 27, 2, 29][7, 28][17, 28][1, 3][16, 28][2, 15][0, 22] 
[10, 15, 5, 21, 6, 13][12, 18, 0, 26, 8, 19][14, 9, 1, 4, 24][3, 23, 20, 7][11, 17, 22, 25][16, 27, 2, 29][7, 28][17, 28][1, 3][16, 28][2, 15][0, 22] 
[10, 15, 5, 21, 6, 13][12, 18, 0, 26, 8, 19][4, 1, 3, 24, 14][7, 20, 23, 9][16, 27, 2, 29][11, 17, 22, 25][7, 28][1, 9][16, 28][2, 15][17, 28][0, 22] 
[10, 15, 5, 21, 6, 13][12, 18, 0, 26, 8, 19][4, 1, 3, 24, 14][7, 20, 23, 9][16, 27, 2, 29][11, 17, 22, 25][7, 28][1, 9][16, 28][2, 15][17, 28][0, 22] 
[10, 15, 5, 21, 6, 13][12, 18, 0, 26, 8, 19][4, 1, 3, 24, 14][16, 27, 2, 29][11, 17, 22, 25][7, 20, 23, 9][2, 15][16, 28][17, 28][7, 28][1, 9][0, 22] 
[12, 18, 0, 26, 8, 19][10, 15, 5, 21, 6, 13][3, 9, 23, 20, 7][14, 1, 4, 24][11, 17, 22, 25][16, 27, 2, 29][1, 9][7, 28][17, 28][0, 22][16, 28][2, 15] 
[12, 18, 0, 26, 8, 19][10, 15, 5, 21, 6, 13][14, 9, 1, 4, 24][11, 17, 22, 25][16, 27, 2, 29][3, 23, 20, 7][0, 22][17, 28][16, 28][2, 15][7, 28][1, 3] 
[10, 15, 5, 21, 6, 13][12, 18, 0, 26, 8, 19][4, 1, 3, 24, 14][7, 20, 23, 9][16, 27, 2, 29][11, 17, 22, 25][7, 28][1, 9][16, 28][2, 15][17, 28][0, 22] 
[10, 15, 5, 21, 6, 13][12, 18, 0, 26, 8, 19][3, 9, 23, 20, 7][16, 27, 2, 29][11, 17, 22, 25][14, 1, 4, 24][2, 15][16, 28][17, 28][0, 22][7, 28][1, 9] 
[12, 18, 0, 26, 8, 19][10, 15, 5, 21, 6, 13][3, 9, 23, 20, 7][14, 1, 4, 24][11, 17, 22, 25][16, 27, 2, 29][1, 9][7, 28][17, 28][0, 22][16, 28][2, 15] 
[10, 15, 5, 21, 6, 13][12, 18, 0, 26, 8, 19][14, 9, 1, 4, 24][3, 23, 20, 7][16, 27, 2, 29][11, 17, 22, 25][7, 28][1, 3][16, 28][17, 28][2, 15][0, 22] 
[10, 15, 5, 21, 6, 13][12, 18, 0, 26, 8, 19][4, 1, 3, 24, 14][16, 27, 2, 29][11, 17, 22, 25][7, 20, 23, 9][2, 15][16, 28][17, 28][7, 28][1, 9][0, 22] 
[12, 18, 0, 26, 8, 19][10, 15, 5, 21, 6, 13][3, 9, 23, 20, 7][14, 1, 4, 24][11, 17, 22, 25][16, 27, 2, 29][1, 9][7, 28][17, 28][0, 22][16, 28][2, 15] 
[12, 18, 0, 26, 8, 19][10, 15, 5, 21, 6, 13][3, 9, 23, 20, 7][14, 1, 4, 24][11, 17, 22, 25][16, 27, 2, 29][1, 9][7, 28][17, 28][0, 22][16, 28][2, 15] 
[7, 10, 15, 5, 21, 6, 13, 18, 19, 8, 26, 0, 17][1, 3, 9, 23, 24, 14, 11, 17, 28, 16][8, 19, 22, 25, 0, 12][2, 15, 27, 29][3, 4, 20][7, 10][0, 26][17, 28][17, 28][17, 28][0, 26][7, 10] 
[7, 10, 15, 5, 21, 6, 13, 18, 19, 8, 26, 0, 17][1, 3, 9, 23, 24, 14, 11, 17, 28, 16][8, 19, 22, 25, 0, 12][2, 15, 27, 29][3, 4, 20][7, 10][0, 26][17, 28][17, 28][17, 28][0, 26][7, 10] 
[7, 10, 15, 5, 21, 6, 13, 18, 19, 8, 26, 0, 17][1, 3, 9, 23, 24, 14, 11, 17, 28, 16][8, 19, 22, 25, 0, 12][2, 15, 27, 29][3, 4, 20][7, 10][0, 26][17, 28][17, 28][17, 28][0, 26][7, 10] 
[7, 10, 15, 5, 21, 6, 13, 18, 19, 8, 26, 0, 17][1, 9, 23, 14, 11, 17, 28, 16][1, 3, 23, 24, 14, 11][16, 27, 2, 29][3, 4, 20][17, 22, 25][4, 20][12, 22][16, 28][7, 10][0, 17][17, 28] 
[7, 10, 15, 5, 21, 6, 13, 18, 19, 8, 26, 0, 17][1, 9, 23, 14, 11, 17, 28, 16][1, 3, 23, 24, 14, 11][16, 27, 2, 29][3, 4, 20][17, 22, 25][4, 20][12, 22][16, 28][7, 10][0, 17][17, 28] 
[1, 3, 9, 23, 24, 14, 11, 17, 28, 16][7, 10, 15, 5, 21, 6, 13, 18][18, 0, 26, 8, 19][16, 27, 2, 29][3, 4, 20][17, 22, 25][0, 26][12, 18][11, 17][2, 15][6, 13][0, 26] 
[7, 10, 15, 5, 21, 6, 13, 18, 19, 8, 26, 0, 17][1, 3, 9, 23, 24, 14, 11, 17, 28, 16][8, 19, 22, 25, 0, 12][2, 15, 27, 29][3, 4, 20][7, 10][0, 26][17, 28][17, 28][17, 28][0, 26][7, 10] 
[7, 10, 15, 5, 21, 6, 13, 18, 19, 8, 26, 0, 17][1, 3, 9, 23, 24, 14, 11, 17, 28, 16][8, 19, 22, 25, 0, 12][2, 15, 27, 29][3, 4, 20][7, 10][0, 26][17, 28][17, 28][17, 28][0, 26][7, 10] 
[7, 10, 15, 5, 21, 6, 13, 18, 19, 8, 26, 0, 17][1, 9, 23, 14, 11, 17, 28, 16][1, 3, 23, 24, 14, 11][16, 27, 2, 29][3, 4, 20][17, 22, 25][4, 20][12, 22][16, 28][7, 10][0, 17][17, 28] 
[7, 10, 15, 5, 21, 6, 13, 18, 19, 8, 26, 0, 17][1, 3, 9, 23, 24, 14, 11, 17, 28, 16][8, 19, 22, 25, 0, 12][2, 15, 27, 29][3, 4, 20][7, 10][0, 26][17, 28][17, 28][17, 28][0, 26][7, 10] 
[7, 10, 15, 5, 21, 6, 13, 18, 19, 8, 26, 0, 17][1, 3, 9, 23, 24, 14, 11, 17, 28, 16][8, 19, 22, 25, 0, 12][2, 15, 27, 29][3, 4, 20][7, 10][0, 26][17, 28][17, 28][17, 28][0, 26][7, 10] 
[7, 10, 15, 5, 21, 6, 13, 18, 19, 8, 26, 0, 17][1, 3, 9, 23, 24, 14, 11, 17, 28, 16][8, 19, 22, 25, 0, 12][2, 15, 27, 29][3, 4, 20][7, 10][0, 26][17, 28][17, 28][17, 28][0, 26][7, 10] 
[7, 10, 15, 5, 21, 6, 13, 18, 19, 8, 26, 0, 17][1, 9, 23, 14, 11, 17, 28, 16][1, 3, 23, 24, 14, 11][16, 27, 2, 29][3, 4, 20][17, 22, 25][4, 20][12, 22][16, 28][7, 10][0, 17][17, 28] 
[7, 10, 15, 5, 21, 6, 13, 18, 19, 8, 26, 0, 17][1, 3, 9, 23, 24, 14, 11, 17, 28, 16][8, 19, 22, 25, 0, 12][2, 15, 27, 29][3, 4, 20][7, 10][0, 26][17, 28][17, 28][17, 28][0, 26][7, 10] 
[7, 10, 15, 5, 21, 6, 13, 18, 19, 8, 26, 0, 17][1, 3, 9, 23, 24, 14, 11, 17, 28, 16][8, 19, 22, 25, 0, 12][2, 15, 27, 29][3, 4, 20][7, 10][0, 26][17, 28][17, 28][17, 28][0, 26][7, 10] 
[2, 7, 10, 15, 5, 21, 6, 13, 18, 19, 8, 26, 0, 17][1, 3, 9, 23, 24, 14, 11, 17, 28, 16][12, 0, 25, 22][15, 27, 29][3, 4, 20][7, 10][0, 26][17, 28][17, 28][17, 28][0, 26][7, 10] 
[2, 7, 10, 15, 5, 21, 6, 13, 18, 19, 8, 26, 0, 17][1, 3, 9, 23, 24, 14, 11, 17, 28, 16][12, 0, 25, 22][15, 27, 29][3, 4, 20][7, 10][0, 26][17, 28][17, 28][17, 28][0, 26][7, 10] 
[7, 10, 15, 5, 21, 6, 13, 18, 19, 8, 26, 0, 17][1, 3, 9, 23, 24, 14, 11, 17, 28, 16][2, 27, 16][17, 22, 25][3, 4, 20][2, 29][12, 18][7, 10][7, 10][0, 26][0, 26][0, 26] 
[2, 7, 10, 15, 5, 21, 6, 13, 18, 19, 8, 26, 0, 17][1, 3, 9, 23, 24, 14, 11, 17, 28, 16][12, 0, 25, 22][15, 27, 29][3, 4, 20][7, 10][0, 26][17, 28][17, 28][17, 28][0, 26][7, 10] 
[2, 7, 10, 15, 5, 21, 6, 13, 18, 19, 8, 26, 0, 17][1, 3, 9, 23, 24, 14, 11, 17, 28, 16][12, 0, 25, 22][15, 27, 29][3, 4, 20][7, 10][0, 26][17, 28][17, 28][17, 28][0, 26][7, 10] 
[2, 7, 10, 15, 5, 21, 6, 13, 18, 19, 8, 26, 0, 17][1, 3, 9, 23, 24, 14, 11, 17, 28, 16][12, 0, 25, 22][15, 27, 29][3, 4, 20][7, 10][0, 26][17, 28][17, 28][17, 28][0, 26][7, 10] 
[10, 15, 5, 21, 6, 13][12, 18, 0, 26, 8, 19][4, 1, 3, 24, 14][7, 20, 23, 9][16, 27, 2, 29][11, 17, 22, 25][7, 28][1, 9][16, 28][2, 15][17, 28][0, 22] 
[10, 15, 5, 21, 6, 13][12, 18, 0, 26, 8, 19][4, 1, 3, 24, 14][7, 20, 23, 9][16, 27, 2, 29][11, 17, 22, 25][7, 28][1, 9][16, 28][2, 15][17, 28][0, 22] 
[10, 15, 5, 21, 6, 13][12, 18, 0, 26, 8, 19][4, 1, 3, 24, 14][7, 20, 23, 9][16, 27, 2, 29][11, 17, 22, 25][7, 28][1, 9][16, 28][2, 15][17, 28][0, 22] 
[10, 15, 5, 21, 6, 13][12, 18, 0, 26, 8, 19][4, 1, 3, 24, 14][7, 20, 23, 9][16, 27, 2, 29][11, 17, 22, 25][7, 28][1, 9][16, 28][2, 15][17, 28][0, 22] 
[10, 15, 5, 21, 6, 13][12, 18, 0, 26, 8, 19][4, 1, 3, 24, 14][7, 20, 23, 9][16, 27, 2, 29][11, 17, 22, 25][7, 28][1, 9][16, 28][2, 15][17, 28][0, 22] 
[10, 15, 5, 21, 6, 13][12, 18, 0, 26, 8, 19][4, 1, 3, 24, 14][7, 20, 23, 9][16, 27, 2, 29][11, 17, 22, 25][7, 28][1, 9][16, 28][2, 15][17, 28][0, 22] 
[10, 15, 5, 21, 6, 13][12, 18, 0, 26, 8, 19][4, 1, 3, 24, 14][7, 20, 23, 9][16, 27, 2, 29][11, 17, 22, 25][7, 28][1, 9][16, 28][2, 15][17, 28][0, 22] 
[10, 15, 5, 21, 6, 13][12, 18, 0, 26, 8, 19][4, 1, 3, 24, 14][7, 20, 23, 9][16, 27, 2, 29][11, 17, 22, 25][7, 28][1, 9][16, 28][2, 15][17, 28][0, 22] 
[10, 15, 5, 21, 6, 13][12, 18, 0, 26, 8, 19][4, 1, 3, 24, 14][7, 20, 23, 9][16, 27, 2, 29][11, 17, 22, 25][7, 28][1, 9][16, 28][2, 15][17, 28][0, 22] 
[10, 15, 5, 21, 6, 13][12, 18, 0, 26, 8, 19][4, 1, 3, 24, 14][7, 20, 23, 9][16, 27, 2, 29][11, 17, 22, 25][7, 28][1, 9][16, 28][2, 15][17, 28][0, 22] 
[10, 15, 5, 21, 6, 13][12, 18, 0, 26, 8, 19][4, 1, 3, 24, 14][7, 20, 23, 9][16, 27, 2, 29][11, 17, 22, 25][7, 28][1, 9][16, 28][2, 15][17, 28][0, 22] 
[10, 15, 5, 21, 6, 13][12, 18, 0, 26, 8, 19][4, 1, 3, 24, 14][7, 20, 23, 9][16, 27, 2, 29][11, 17, 22, 25][7, 28][1, 9][16, 28][2, 15][17, 28][0, 22] 
[10, 15, 5, 21, 6, 13][12, 18, 0, 26, 8, 19][4, 1, 3, 24, 14][16, 27, 2, 29][11, 17, 22, 25][7, 20, 23, 9][2, 15][16, 28][17, 28][7, 28][1, 9][0, 22] 
[10, 15, 5, 21, 6, 13][12, 18, 0, 26, 8, 19][4, 1, 3, 24, 14][7, 20, 23, 9][16, 27, 2, 29][11, 17, 22, 25][7, 28][1, 9][16, 28][2, 15][17, 28][0, 22] 
[10, 15, 5, 21, 6, 13][12, 18, 0, 26, 8, 19][4, 1, 3, 24, 14][7, 20, 23, 9][16, 27, 2, 29][11, 17, 22, 25][7, 28][1, 9][16, 28][2, 15][17, 28][0, 22] 
[12, 18, 0, 26, 8, 19][10, 15, 5, 21, 6, 13][3, 9, 23, 20, 7][14, 1, 4, 24][11, 17, 22, 25][16, 27, 2, 29][1, 9][7, 28][17, 28][0, 22][16, 28][2, 15] 
[12, 18, 0, 26, 8, 19][10, 15, 5, 21, 6, 13][3, 9, 23, 20, 7][14, 1, 4, 24][11, 17, 22, 25][16, 27, 2, 29][1, 9][7, 28][17, 28][0, 22][16, 28][2, 15] 
[10, 15, 5, 21, 6, 13][12, 18, 0, 26, 8, 19][3, 9, 23, 20, 7][16, 27, 2, 29][14, 1, 4, 24][11, 17, 22, 25][16, 28][7, 28][2, 15][17, 28][0, 22][1, 9] 
[10, 15, 5, 21, 6, 13][12, 18, 0, 26, 8, 19][3, 9, 23, 20, 7][16, 27, 2, 29][11, 17, 22, 25][14, 1, 4, 24][2, 15][16, 28][17, 28][0, 22][7, 28][1, 9] 
[12, 18, 0, 26, 8, 19][10, 15, 5, 21, 6, 13][3, 9, 23, 20, 7][14, 1, 4, 24][11, 17, 22, 25][16, 27, 2, 29][1, 9][7, 28][17, 28][0, 22][16, 28][2, 15] 
[10, 15, 5, 21, 6, 13][12, 18, 0, 26, 8, 19][3, 9, 23, 20, 7][14, 1, 4, 24][16, 27, 2, 29][11, 17, 22, 25][3, 24][7, 28][16, 28][2, 15][17, 28][0, 22] 
[10, 15, 5, 21, 6, 13][12, 18, 0, 26, 8, 19][4, 1, 3, 24, 14][7, 20, 23, 9][16, 27, 2, 29][11, 17, 22, 25][7, 28][1, 9][16, 28][2, 15][17, 28][0, 22] 
[10, 15, 5, 21, 6, 13][12, 18, 0, 26, 8, 19][4, 1, 3, 24, 14][7, 20, 23, 9][16, 27, 2, 29][11, 17, 22, 25][7, 28][1, 9][16, 28][2, 15][17, 28][0, 22] 
[10, 15, 5, 21, 6, 13][12, 18, 0, 26, 8, 19][4, 1, 3, 24, 14][7, 20, 23, 9][16, 27, 2, 29][11, 17, 22, 25][7, 28][1, 9][16, 28][2, 15][17, 28][0, 22] 
[10, 15, 5, 21, 6, 13][12, 18, 0, 26, 8, 19][4, 1, 3, 24, 14][16, 27, 2, 29][11, 17, 22, 25][7, 20, 23, 9][16, 28][17, 28][2, 15][0, 22][7, 28][1, 9] 
[10, 15, 5, 21, 6, 13][12, 18, 0, 26, 8, 19][4, 1, 3, 24, 14][7, 20, 23, 9][16, 27, 2, 29][11, 17, 22, 25][7, 28][1, 9][16, 28][2, 15][17, 28][0, 22] 
[10, 15, 5, 21, 6, 13][12, 18, 0, 26, 8, 19][3, 24, 4, 1, 14][7, 20, 23, 9][16, 27, 2, 29][11, 17, 22, 25][7, 28][1, 9][16, 28][2, 15][17, 28][0, 22] 
[10, 15, 5, 21, 6, 13][12, 18, 0, 26, 8, 19][4, 1, 3, 24, 14][16, 27, 2, 29][11, 17, 22, 25][7, 20, 23, 9][16, 28][17, 28][2, 15][0, 22][7, 28][1, 9] 
[10, 15, 5, 21, 6, 13][12, 18, 0, 26, 8, 19][3, 9, 23, 20, 7][16, 27, 2, 29][14, 1, 4, 24][11, 17, 22, 25][16, 28][7, 28][2, 15][17, 28][0, 22][1, 9] 
[12, 18, 0, 26, 8, 19][10, 15, 5, 21, 6, 13][3, 9, 23, 20, 7][14, 1, 4, 24][11, 17, 22, 25][16, 27, 2, 29][1, 9][7, 28][17, 28][0, 22][16, 28][2, 15] 
[12, 18, 0, 26, 8, 19][10, 15, 5, 21, 6, 13][3, 9, 23, 20, 7][14, 1, 4, 24][11, 17, 22, 25][16, 27, 2, 29][1, 9][7, 28][17, 28][0, 22][16, 28][2, 15] 
[12, 18, 0, 26, 8, 19][10, 15, 5, 21, 6, 13][3, 9, 23, 20, 7][14, 1, 4, 24][11, 17, 22, 25][16, 27, 2, 29][1, 9][7, 28][17, 28][0, 22][16, 28][2, 15] 
[12, 18, 0, 26, 8, 19][10, 15, 5, 21, 6, 13][3, 9, 23, 20, 7][14, 1, 4, 24][11, 17, 22, 25][16, 27, 2, 29][1, 9][7, 28][17, 28][0, 22][16, 28][2, 15] 
[10, 15, 5, 21, 6, 13][12, 18, 0, 26, 8, 19][3, 9, 23, 20, 7][16, 27, 2, 29][11, 17, 22, 25][14, 1, 4, 24][2, 15][16, 28][17, 28][0, 22][7, 28][1, 9] 
[12, 18, 0, 26, 8, 19][10, 15, 5, 21, 6, 13][3, 9, 23, 20, 7][14, 1, 4, 24][11, 17, 22, 25][16, 27, 2, 29][1, 9][7, 28][17, 28][0, 22][16, 28][2, 15] 
[12, 18, 0, 26, 8, 19][10, 15, 5, 21, 6, 13][3, 9, 23, 20, 7][14, 1, 4, 24][11, 17, 22, 25][16, 27, 2, 29][1, 9][7, 28][17, 28][0, 22][16, 28][2, 15] 
[12, 18, 0, 26, 8, 19][10, 15, 5, 21, 6, 13][3, 9, 23, 20, 7][14, 1, 4, 24][11, 17, 22, 25][16, 27, 2, 29][1, 9][7, 28][17, 28][0, 22][16, 28][2, 15] 
[12, 18, 0, 26, 8, 19][10, 15, 5, 21, 6, 13][3, 9, 23, 20, 7][14, 1, 4, 24][11, 17, 22, 25][16, 27, 2, 29][1, 9][7, 28][17, 28][0, 22][16, 28][2, 15] 
[12, 18, 0, 26, 8, 19][10, 15, 5, 21, 6, 13][3, 9, 23, 20, 7][14, 1, 4, 24][11, 17, 22, 25][16, 27, 2, 29][1, 9][7, 28][17, 28][0, 22][16, 28][2, 15] 
[12, 18, 0, 26, 8, 19][10, 15, 5, 21, 6, 13][3, 9, 23, 20, 7][14, 1, 4, 24][11, 17, 22, 25][16, 27, 2, 29][1, 9][7, 28][17, 28][0, 22][16, 28][2, 15] 
[12, 18, 0, 26, 8, 19][10, 15, 5, 21, 6, 13][3, 9, 23, 20, 7][14, 1, 4, 24][11, 17, 22, 25][16, 27, 2, 29][1, 9][7, 28][17, 28][0, 22][16, 28][2, 15] 
[12, 18, 0, 26, 8, 19][10, 15, 5, 21, 6, 13][3, 9, 23, 20, 7][14, 1, 4, 24][11, 17, 22, 25][16, 27, 2, 29][1, 9][7, 28][17, 28][0, 22][16, 28][2, 15] 
[12, 18, 0, 26, 8, 19][10, 15, 5, 21, 6, 13][3, 9, 23, 20, 7][14, 1, 4, 24][11, 17, 22, 25][16, 27, 2, 29][1, 9][7, 28][17, 28][0, 22][16, 28][2, 15] 
[12, 18, 0, 26, 8, 19][10, 15, 5, 21, 6, 13][3, 9, 23, 20, 7][11, 17, 22, 25][16, 27, 2, 29][14, 1, 4, 24][17, 28][16, 28][7, 28][3, 24][0, 22][2, 15] 
[12, 18, 0, 26, 8, 19][10, 15, 5, 21, 6, 13][3, 9, 23, 20, 7][11, 17, 22, 25][16, 27, 2, 29][14, 1, 4, 24][17, 28][16, 28][7, 28][3, 24][0, 22][2, 15] 
[12, 18, 0, 26, 8, 19][10, 15, 5, 21, 6, 13][3, 9, 23, 20, 7][11, 17, 22, 25][16, 27, 2, 29][14, 1, 4, 24][17, 28][0, 22][7, 28][3, 24][16, 28][2, 15] 
[12, 18, 0, 26, 8, 19][10, 15, 5, 21, 6, 13][3, 9, 23, 20, 7][11, 17, 22, 25][16, 27, 2, 29][14, 1, 4, 24][17, 28][0, 22][7, 28][3, 24][16, 28][2, 15] 
[12, 18, 0, 26, 8, 19][10, 15, 5, 21, 6, 13][3, 9, 23, 20, 7][11, 17, 22, 25][16, 27, 2, 29][14, 1, 4, 24][17, 28][16, 28][0, 22][7, 28][3, 24][2, 15] 
[12, 18, 0, 26, 8, 19][10, 15, 5, 21, 6, 13][3, 9, 23, 20, 7][4, 1, 3, 24, 14][11, 17, 22, 25][16, 27, 2, 29][0, 22][17, 28][7, 28][9, 23][16, 28][2, 15] 
[10, 15, 5, 21, 6, 13][12, 18, 0, 26, 8, 19][3, 24, 4, 1, 14][7, 20, 23, 9][16, 27, 2, 29][11, 17, 22, 25][7, 28][1, 9][16, 28][2, 15][17, 28][0, 22] 
[10, 15, 5, 21, 6, 13][12, 18, 0, 26, 8, 19][3, 24, 4, 1, 14][7, 20, 23, 9][16, 27, 2, 29][11, 17, 22, 25][7, 28][1, 9][16, 28][2, 15][17, 28][0, 22] 
[10, 15, 5, 21, 6, 13][12, 18, 0, 26, 8, 19][3, 24, 4, 1, 14][7, 20, 23, 9][16, 27, 2, 29][11, 17, 22, 25][7, 28][1, 9][16, 28][2, 15][17, 28][0, 22] 
[10, 15, 5, 21, 6, 13][12, 18, 0, 26, 8, 19][3, 24, 4, 1, 14][7, 20, 23, 9][16, 27, 2, 29][11, 17, 22, 25][7, 28][1, 9][16, 28][2, 15][17, 28][0, 22] 
[10, 15, 5, 21, 6, 13][12, 18, 0, 26, 8, 19][3, 24, 4, 1, 14][7, 20, 23, 9][16, 27, 2, 29][11, 17, 22, 25][7, 28][1, 9][16, 28][2, 15][17, 28][0, 22] 
[12, 18, 0, 26, 8, 19][10, 15, 5, 21, 6, 13][3, 9, 23, 20, 7][14, 1, 4, 24][11, 17, 22, 25][16, 27, 2, 29][1, 9][7, 28][17, 28][0, 22][16, 28][2, 15] 
[10, 15, 5, 21, 6, 13][12, 18, 0, 26, 8, 19][4, 1, 3, 24, 14][7, 20, 23, 9][16, 27, 2, 29][11, 17, 22, 25][7, 28][1, 9][16, 28][2, 15][17, 28][0, 22] 
