[4, 20, 24, 1, 3, 9, 23][14, 11, 25, 7, 27][5, 21, 15, 6][13, 18, 22, 17][19, 12, 8, 26][10, 2, 29][10, 16, 28][19, 0, 22][10, 15][6, 13][16, 27][7, 20] 
[4, 20, 24, 1, 3, 9, 23][14, 11, 25, 7, 27][19, 12, 8, 26][13, 18, 22, 17][5, 21, 15, 6][19, 0, 22][10, 16, 28][10, 2, 29][6, 13][10, 15][16, 27][7, 20] 
[4, 20, 24, 1, 3, 9, 23][14, 11, 25, 7, 27][19, 12, 8, 26][13, 18, 22, 17][5, 21, 15, 6][19, 0, 22][10, 2, 29][10, 16, 28][6, 13][10, 15][16, 27][7, 20] 
[4, 20, 24, 1, 3, 9, 23][14, 11, 25, 7, 27][13, 18, 22, 17][19, 12, 8, 26][5, 21, 15, 6][19, 0, 22][10, 16, 28][10, 2, 29][6, 13][10, 15][16, 27][7, 20] 
[4, 20, 24, 1, 3, 9, 23][14, 11, 25, 7, 27][19, 12, 8, 26][13, 18, 22, 17][5, 21, 15, 6][0, 22, 12][10, 16, 28][10, 2, 29][6, 13][10, 15][16, 27][7, 20] 
[4, 20, 24, 1, 3, 9, 23][14, 11, 25, 7, 27][5, 21, 15, 6][13, 18, 22, 17][19, 12, 8, 26][10, 16, 28][10, 2, 29][0, 22, 12][16, 27][10, 15][7, 20][6, 13] 
[4, 20, 24, 1, 3, 9, 23][14, 11, 25, 7, 27][13, 18, 22, 17][5, 21, 15, 6][19, 12, 8, 26][10, 16, 28][10, 2, 29][0, 22, 12][6, 13][10, 15][16, 27][7, 20] 
[4, 20, 24, 1, 3, 9, 23][14, 11, 25, 7, 27][13, 18, 22, 17][5, 21, 15, 6][19, 12, 8, 26][10, 16, 28][10, 2, 29][0, 22, 12][6, 13][10, 15][16, 27][7, 20] 
[4, 20, 24, 1, 3, 9, 23][14, 11, 25, 7, 27][13, 18, 22, 17][5, 21, 15, 6][19, 12, 8, 26][10, 16, 28][10, 2, 29][0, 22, 12][6, 13][10, 15][16, 27][7, 20] 
[4, 20, 24, 1, 3, 9, 23][14, 11, 25, 7, 27][13, 18, 22, 17][5, 21, 15, 6][19, 12, 8, 26][10, 16, 28][10, 2, 29][0, 22, 12][6, 13][10, 15][16, 27][7, 20] 
[4, 20, 24, 1, 3, 9, 23][14, 11, 25, 7, 27][19, 12, 8, 26][13, 18, 22, 17][5, 21, 15, 6][19, 0, 22][10, 16, 28][10, 2, 29][6, 13][10, 15][16, 27][7, 20] 
[4, 20, 24, 1, 3, 9, 23][14, 11, 25, 7, 27][13, 18, 22, 17][19, 12, 8, 26][5, 21, 15, 6][19, 0, 22][10, 16, 28][10, 2, 29][6, 13][10, 15][16, 27][7, 20] 
[4, 20, 24, 1, 3, 9, 23][14, 11, 25, 7, 27][13, 18, 22, 17][19, 12, 8, 26][5, 21, 15, 6][19, 0, 22][10, 16, 28][10, 2, 29][6, 13][10, 15][16, 27][7, 20] 
[4, 20, 24, 1, 3, 9, 23][14, 11, 25, 7, 27][5, 21, 15, 6][13, 18, 22, 17][19, 12, 8, 26][10, 16, 28][10, 2, 29][0, 22, 12][16, 27][10, 15][6, 13][7, 20] 
[4, 20, 24, 1, 3, 9, 23][14, 11, 25, 7, 27][5, 21, 15, 6][13, 18, 22, 17][19, 12, 8, 26][10, 16, 28][10, 2, 29][0, 22, 12][16, 27][10, 15][6, 13][7, 20] 
[4, 20, 24, 1, 3, 9, 23][14, 11, 25, 7, 27][19, 12, 8, 26][13, 18, 22, 17][5, 21, 15, 6][0, 22, 12][10, 2, 29][10, 16, 28][6, 13][10, 15][16, 27][7, 20] 
[4, 20, 24, 1, 3, 9, 23][14, 11, 25, 7, 27][5, 21, 15, 6][13, 18, 22, 17][19, 12, 8, 26][10, 16, 28][10, 2, 29][19, 0, 22][10, 15][6, 13][16, 27][7, 20] 
[4, 20, 24, 1, 3, 9, 23][14, 11, 25, 7, 27][13, 18, 22, 17][19, 12, 8, 26][5, 21, 15, 6][19, 0, 22][10, 16, 28][10, 2, 29][6, 13][10, 15][16, 27][7, 20] 
[4, 20, 24, 1, 3, 9, 23][14, 11, 25, 7, 27][5, 21, 15, 6][13, 18, 22, 17][19, 12, 8, 26][10, 16, 28][10, 2, 29][0, 22, 12][7, 20][16, 27][10, 15][6, 13] 
[4, 20, 24, 1, 3, 9, 23][14, 11, 25, 7, 27][5, 21, 15, 6][13, 18, 22, 17][19, 12, 8, 26][10, 2, 29][10, 16, 28][19, 0, 22][16, 27][7, 20][10, 15][6, 13] 
[4, 20, 24, 1, 3, 9, 23][14, 11, 25, 7, 27][5, 21, 15, 6][13, 18, 22, 17][19, 12, 8, 26][10, 2, 29][10, 16, 28][19, 0, 22][10, 15][6, 13][16, 27][7, 20] 
[4, 20, 24, 1, 3, 9, 23][14, 11, 25, 7, 27][5, 21, 15, 6][13, 18, 22, 17][19, 12, 8, 26][10, 2, 29][10, 16, 28][19, 0, 22][10, 15][6, 13][16, 27][7, 20] 
[4, 20, 24, 1, 3, 9, 23][14, 11, 25, 7, 27][5, 21, 15, 6][13, 18, 22, 17][19, 12, 8, 26][10, 2, 29][10, 16, 28][19, 0, 22][10, 15][6, 13][16, 27][7, 20] 
[4, 20, 24, 1, 3, 9, 23][14, 11, 25, 7, 27][13, 18, 22, 17][19, 12, 8, 26][5, 21, 15, 6][0, 22, 12][10, 2, 29][10, 16, 28][6, 13][10, 15][16, 27][7, 20] 
[4, 20, 24, 1, 3, 9, 23][14, 11, 25, 7, 27][13, 18, 22, 17][5, 21, 15, 6][19, 12, 8, 26][10, 16, 28][10, 2, 29][0, 22, 12][6, 13][10, 15][16, 27][7, 20] 
[4, 20, 24, 1, 3, 9, 23][14, 11, 25, 7, 27][19, 12, 8, 26][13, 18, 22, 17][5, 21, 15, 6][0, 22, 12][10, 2, 29][10, 16, 28][6, 13][10, 15][16, 27][7, 20] 
[4, 20, 24, 1, 3, 9, 23][14, 11, 25, 7, 27][5, 21, 15, 6][13, 18, 22, 17][19, 12, 8, 26][10, 2, 29][10, 16, 28][19, 0, 22][10, 15][6, 13][16, 27][7, 20] 
[4, 20, 24, 1, 3, 9, 23][14, 11, 25, 7, 27][5, 21, 15, 6][13, 18, 22, 17][19, 12, 8, 26][19, 0, 22][10, 16, 28][10, 2, 29][6, 13][10, 15][16, 27][7, 20] 
[4, 20, 24, 1, 3, 9, 23][14, 11, 25, 7, 27][5, 21, 15, 6][13, 18, 22, 17][19, 12, 8, 26][10, 16, 28][10, 2, 29][0, 22, 12][16, 27][10, 15][7, 20][6, 13] 
[4, 20, 24, 1, 3, 9, 23][14, 11, 25, 7, 27][5, 21, 15, 6][13, 18, 22, 17][19, 12, 8, 26][19, 0, 22][10, 16, 28][10, 2, 29][6, 13][10, 15][16, 27][7, 20] 
[4, 20, 24, 1, 3, 9, 23][14, 11, 25, 7, 27][19, 12, 8, 26][13, 18, 22, 17][5, 21, 15, 6][19, 0, 22][10, 16, 28][10, 2, 29][6, 13][10, 15][16, 27][7, 20] 
[4, 20, 24, 1, 3, 9, 23][14, 11, 25, 7, 27][13, 18, 22, 17][19, 12, 8, 26][5, 21, 15, 6][19, 0, 22][10, 16, 28][10, 2, 29][6, 13][10, 15][16, 27][7, 20] 
[4, 20, 24, 1, 3, 9, 23][14, 11, 25, 7, 27][19, 12, 8, 26][13, 18, 22, 17][5, 21, 15, 6][0, 22, 12][10, 2, 29][10, 16, 28][6, 13][10, 15][16, 27][7, 20] 
[4, 20, 24, 1, 3, 9, 23][14, 11, 25, 7, 27][5, 21, 15, 6][13, 18, 22, 17][19, 12, 8, 26][10, 2, 29][10, 16, 28][19, 0, 22][10, 15][6, 13][16, 27][7, 20] 
[4, 20, 24, 1, 3, 9, 23][14, 11, 25, 7, 27][5, 21, 15, 6][13, 18, 22, 17][19, 12, 8, 26][10, 2, 29][10, 16, 28][19, 0, 22][10, 15][6, 13][16, 27][7, 20] 
[13, 6, 10, 27, 7, 16, 28, 25, 11, 17, 0, 26, 8, 12, 18][11, 14, 9, 23, 20, 4, 1, 24][10, 2, 21, 5, 15][0, 19, 22][6, 13][27, 29][10, 16][3, 9][5, 15][5, 15][12, 18][5, 15] 
[19, 18, 12, 8, 26, 0, 17, 11, 25, 7, 16, 28][11, 14, 9, 23, 20, 4, 1, 24][2, 6, 13, 0, 22][25, 7, 27, 29][2, 21, 5, 15][6, 13][16, 28][10, 16][3, 9][6, 13][6, 13][6, 13] 
[13, 6, 10, 27, 7, 16, 28, 25, 11, 17, 0, 26, 8, 12, 18][11, 14, 9, 23, 20, 4, 1, 24][15, 5, 21, 2, 10, 29, 27][0, 19, 22][6, 13][27, 29][10, 16][3, 9][5, 15][5, 15][12, 18][5, 15] 
[16, 28, 25, 11, 17, 0, 26, 8, 12, 18][11, 14, 9, 23, 20, 4, 1, 24][2, 6, 13, 0, 19, 22][25, 7, 27, 29][2, 21, 5, 15][6, 13][16, 28][10, 16][3, 9][6, 13][6, 13][6, 13] 
[16, 28, 25, 11, 17, 0, 26, 8, 12, 18][11, 14, 9, 23, 20, 4, 1, 24][2, 6, 13, 0, 19, 22][25, 7, 27, 29][2, 21, 5, 15][6, 13][16, 28][10, 16][3, 9][6, 13][6, 13][6, 13] 
[18, 12, 8, 26, 0, 17, 11, 25, 28][11, 14, 9, 23, 20, 4, 1, 24][2, 6, 13, 0, 19, 22][25, 7, 27, 29][2, 21, 5, 15][6, 13][16, 28][10, 16][3, 9][6, 13][6, 13][6, 13] 
[13, 6, 10, 27, 7, 16, 28, 25, 11, 17, 0, 26, 8, 12, 18][11, 14, 9, 23, 20, 4, 1, 24][10, 2, 21, 5, 15][0, 19, 22][6, 13][27, 29][10, 16][3, 9][5, 15][5, 15][12, 18][5, 15] 
[13, 6, 10, 27, 7, 16, 28, 25, 11, 17, 0, 26, 8, 12, 18][15, 5, 21, 2, 10, 29, 27, 16, 7, 14, 9, 23][11, 14, 9, 23, 20, 4, 1, 24][0, 19, 22][6, 13][27, 29][10, 16][3, 9][5, 15][5, 15][12, 18][5, 15] 
[16, 28, 25, 11, 17, 0, 26, 8, 12, 18][11, 14, 9, 23, 20, 4, 1, 24][2, 6, 13, 0, 19, 22][25, 7, 27, 29][2, 21, 5, 15][6, 13][16, 28][10, 16][3, 9][6, 13][6, 13][6, 13] 
[13, 6, 10, 27, 7, 16, 28, 25, 11, 17, 0, 26, 8, 12, 18][15, 5, 21, 2, 10, 29, 27, 16, 7, 14, 9, 23][11, 14, 9, 23, 20, 4, 1, 24][3, 9, 1, 4, 20, 23, 14][0, 19, 22][6, 13][27, 29][10, 16][5, 15][5, 15][12, 18][5, 15] 
[13, 6, 10, 27, 7, 16, 28, 25, 11, 17, 0, 26, 8, 12, 18][11, 14, 9, 23, 20, 4, 1, 24][15, 5, 21, 2, 10, 29, 27, 16][0, 19, 22, 18, 12, 17, 11][6, 13][27, 29][10, 16][3, 9][5, 15][5, 15][12, 18][5, 15] 
[13, 6, 10, 7, 28, 25, 11, 17, 0, 26, 8, 12, 18][11, 14, 9, 23, 20, 4, 1, 24][15, 5, 21, 2, 10, 29, 27][0, 19, 22][6, 13][27, 29][10, 16][3, 9][5, 15][5, 15][12, 18][5, 15] 
[16, 28, 25, 11, 17, 0, 26, 8, 12, 18][11, 14, 9, 23, 20, 4, 1, 24][2, 6, 13, 0, 19, 22][25, 7, 27, 29][2, 21, 5, 15][6, 13][16, 28][10, 16][3, 9][6, 13][6, 13][6, 13] 
[13, 6, 10, 7, 28, 25, 11, 17, 0, 26, 8, 12, 18][11, 14, 9, 23, 20, 4, 1, 24][15, 5, 21, 2, 10, 29, 27][0, 19, 22][6, 13][27, 29][10, 16][3, 9][5, 15][5, 15][12, 18][5, 15] 
[13, 6, 10, 27, 7, 16, 28, 25, 11, 17, 0, 26, 8, 12, 18][11, 14, 9, 23, 20, 4, 1, 24][15, 5, 21, 2, 10, 29, 27][0, 19, 22][6, 13][27, 29][10, 16][3, 9][5, 15][5, 15][12, 18][5, 15] 
[13, 6, 10, 27, 7, 16, 28, 25, 11, 17, 0, 26, 8, 12, 18][11, 14, 9, 23, 20, 4, 1, 24][15, 5, 21, 2, 10, 29, 27, 16][0, 19, 22][6, 13][27, 29][10, 16][3, 9][5, 15][5, 15][12, 18][5, 15] 
[13, 6, 10, 27, 7, 16, 28, 25, 11, 17, 0, 26, 8, 12, 18][11, 14, 9, 23, 20, 4, 1, 24][15, 5, 21, 2, 10, 29, 27, 16][0, 19, 22][3, 9, 23][6, 13][27, 29][10, 16][5, 15][5, 15][12, 18][5, 15] 
[13, 6, 10, 27, 7, 16, 28, 25, 11, 17, 0, 26, 8, 12, 18][11, 14, 9, 23, 20, 4, 1, 24][15, 5, 21, 2, 10, 29, 27, 16][0, 19, 22][3, 9, 23][6, 13][27, 29][10, 16][5, 15][5, 15][12, 18][5, 15] 
[13, 6, 10, 27, 7, 16, 28, 25, 11, 17, 0, 26, 8, 12, 18][11, 14, 9, 23, 20, 4, 1, 24][15, 5, 21, 2, 10, 29, 27, 16][0, 19, 22][6, 13][27, 29][10, 16][3, 9][5, 15][5, 15][12, 18][5, 15] 
[13, 6, 10, 27, 7, 16, 28, 25, 11, 17, 0, 26, 8, 12, 18][15, 5, 21, 2, 10, 29, 27, 16, 7, 14, 9, 23][11, 14, 9, 23, 20, 4, 1, 24][0, 19, 22][6, 13][27, 29][10, 16][3, 9][5, 15][5, 15][12, 18][5, 15] 
[13, 6, 10, 27, 7, 16, 28, 25, 11, 17, 0, 26, 8, 12, 18][15, 5, 21, 2, 10, 29, 27, 16, 7, 14, 9, 23, 3, 11, 17][11, 14, 9, 23, 20, 4, 1, 24][0, 19, 22][7, 27, 29][6, 13][10, 16][3, 9][5, 15][5, 15][12, 18][5, 15] 
[4, 20, 24, 1, 3, 9, 23][14, 11, 25, 7, 27][5, 21, 15, 6][13, 18, 22, 17][19, 12, 8, 26][10, 16, 28][10, 2, 29][0, 22, 12][7, 20][16, 27][10, 15][6, 13] 
[4, 20, 24, 1, 3, 9, 23][14, 11, 25, 7, 27][13, 18, 22, 17][5, 21, 15, 6][19, 12, 8, 26][10, 16, 28][10, 2, 29][0, 22, 12][6, 13][10, 15][16, 27][7, 20] 
[4, 20, 24, 1, 3, 9, 23][14, 11, 25, 7, 27][5, 21, 15, 6][13, 18, 22, 17][19, 12, 8, 26][10, 16, 28][10, 2, 29][0, 22, 12][16, 27][7, 20][10, 15][6, 13] 
[4, 20, 24, 1, 3, 9, 23][14, 11, 25, 7, 27][5, 21, 15, 6][13, 18, 22, 17][19, 12, 8, 26][10, 16, 28][10, 2, 29][0, 22, 12][7, 20][16, 27][10, 15][6, 13] 
[4, 20, 24, 1, 3, 9, 23][14, 11, 25, 7, 27][13, 18, 22, 17][5, 21, 15, 6][19, 12, 8, 26][10, 16, 28][10, 2, 29][0, 22, 12][6, 13][10, 15][16, 27][7, 20] 
[4, 20, 24, 1, 3, 9, 23][14, 11, 25, 7, 27][13, 18, 22, 17][5, 21, 15, 6][19, 12, 8, 26][10, 16, 28][10, 2, 29][0, 22, 12][6, 13][10, 15][16, 27][7, 20] 
[4, 20, 24, 1, 3, 9, 23][14, 11, 25, 7, 27][13, 18, 22, 17][5, 21, 15, 6][19, 12, 8, 26][10, 16, 28][10, 2, 29][0, 22, 12][6, 13][10, 15][16, 27][7, 20] 
[4, 20, 24, 1, 3, 9, 23][14, 11, 25, 7, 27][5, 21, 15, 6][13, 18, 22, 17][19, 12, 8, 26][10, 2, 29][10, 16, 28][0, 22, 12][10, 15][16, 27][6, 13][7, 20] 
[4, 20, 24, 1, 3, 9, 23][14, 11, 25, 7, 27][5, 21, 15, 6][13, 18, 22, 17][19, 12, 8, 26][10, 16, 28][10, 2, 29][0, 22, 12][7, 20][16, 27][10, 15][6, 13] 
[4, 20, 24, 1, 3, 9, 23][14, 11, 25, 7, 27][5, 21, 15, 6][13, 18, 22, 17][19, 12, 8, 26][10, 16, 28][10, 2, 29][0, 22, 12][7, 20][16, 27][10, 15][6, 13] 
[4, 20, 24, 1, 3, 9, 23][14, 11, 25, 7, 27][5, 21, 15, 6][13, 18, 22, 17][19, 12, 8, 26][10, 16, 28][10, 2, 29][0, 22, 12][7, 20][16, 27][10, 15][6, 13] 
[4, 20, 24, 1, 3, 9, 23][14, 11, 25, 7, 27][5, 21, 15, 6][13, 18, 22, 17][19, 12, 8, 26][10, 16, 28][10, 2, 29][0, 22, 12][7, 20][16, 27][10, 15][6, 13] 
[4, 20, 24, 1, 3, 9, 23][14, 11, 25, 7, 27][13, 18, 22, 17][5, 21, 15, 6][19, 12, 8, 26][10, 16, 28][10, 2, 29][0, 22, 12][6, 13][10, 15][16, 27][7, 20] 
[4, 20, 24, 1, 3, 9, 23][14, 11, 25, 7, 27][13, 18, 22, 17][5, 21, 15, 6][19, 12, 8, 26][10, 16, 28][10, 2, 29][0, 22, 12][6, 13][10, 15][16, 27][7, 20] 
[4, 20, 24, 1, 3, 9, 23][14, 11, 25, 7, 27][5, 21, 15, 6][13, 18, 22, 17][19, 12, 8, 26][10, 16, 28][10, 2, 29][0, 22, 12][7, 20][16, 27][10, 15][6, 13] 
[4, 20, 24, 1, 3, 9, 23][14, 11, 25, 7, 27][19, 12, 8, 26][13, 18, 22, 17][5, 21, 15, 6][19, 0, 22][10, 16, 28][10, 2, 29][6, 13][10, 15][16, 27][7, 20] 
[4, 20, 24, 1, 3, 9, 23][14, 11, 25, 7, 27][5, 21, 15, 6][13, 18, 22, 17][19, 12, 8, 26][10, 16, 28][10, 2, 29][19, 0, 22][16, 27][10, 15][6, 13][7, 20] 
[4, 20, 24, 1, 3, 9, 23][14, 11, 25, 7, 27][5, 21, 15, 6][13, 18, 22, 17][19, 12, 8, 26][10, 16, 28][10, 2, 29][19, 0, 22][16, 27][10, 15][7, 20][6, 13] 
[4, 20, 24, 1, 3, 9, 23][14, 11, 25, 7, 27][13, 18, 22, 17][19, 12, 8, 26][5, 21, 15, 6][19, 0, 22][10, 16, 28][10, 2, 29][6, 13][10, 15][16, 27][7, 20] 
[4, 20, 24, 1, 3, 9, 23][14, 11, 25, 7, 27][5, 21, 15, 6][13, 18, 22, 17][19, 12, 8, 26][10, 2, 29][10, 16, 28][19, 0, 22][10, 15][6, 13][16, 27][7, 20] 
[4, 20, 24, 1, 3, 9, 23][14, 11, 25, 7, 27][5, 21, 15, 6][17, 22, 0, 19][19, 12, 8, 26][13, 18, 22][10, 16, 28][10, 2, 29][6, 13][10, 15][16, 27][7, 20] 
[4, 20, 24, 1, 3, 9, 23][14, 11, 25, 7, 27][5, 21, 15, 6][13, 18, 22, 17][19, 12, 8, 26][10, 16, 28][10, 2, 29][0, 22, 12][7, 20][16, 27][10, 15][6, 13] 
[4, 20, 24, 1, 3, 9, 23][14, 11, 25, 7, 27][13, 18, 22, 17][5, 21, 15, 6][19, 12, 8, 26][10, 16, 28][10, 2, 29][0, 22, 12][6, 13][10, 15][16, 27][7, 20] 
[4, 20, 24, 1, 3, 9, 23][14, 11, 25, 7, 27][5, 21, 15, 6][13, 18, 22, 17][19, 12, 8, 26][10, 16, 28][10, 2, 29][0, 22, 12][7, 20][16, 27][10, 15][6, 13] 
[4, 20, 24, 1, 3, 9, 23][14, 11, 25, 7, 27][13, 18, 22, 17][5, 21, 15, 6][19, 12, 8, 26][10, 16, 28][10, 2, 29][0, 22, 12][6, 13][10, 15][16, 27][7, 20] 
[4, 20, 24, 1, 3, 9, 23][14, 11, 25, 7, 27][5, 21, 15, 6][13, 18, 22, 17][19, 12, 8, 26][10, 16, 28][10, 2, 29][0, 22, 12][7, 20][16, 27][10, 15][6, 13] 
[4, 20, 24, 1, 3, 9, 23][14, 11, 25, 7, 27][13, 18, 22, 17][5, 21, 15, 6][19, 12, 8, 26][10, 16, 28][10, 2, 29][0, 22, 12][6, 13][10, 15][16, 27][7, 20] 
[4, 20, 24, 1, 3, 9, 23][14, 11, 25, 7, 27][5, 21, 15, 6][13, 18, 22, 17][19, 12, 8, 26][10, 16, 28][10, 2, 29][0, 22, 12][7, 20][16, 27][10, 15][6, 13] 
[4, 20, 24, 1, 3, 9, 23][14, 11, 25, 7, 27][5, 21, 15, 6][13, 18, 22, 17][19, 12, 8, 26][10, 16, 28][10, 2, 29][19, 0, 22][16, 27][7, 20][10, 15][6, 13] 
[4, 20, 24, 1, 3, 9, 23][14, 11, 25, 7, 27][13, 18, 22, 17][19, 12, 8, 26][5, 21, 15, 6][19, 0, 22][10, 16, 28][10, 2, 29][6, 13][10, 15][16, 27][7, 20] 
[4, 20, 24, 1, 3, 9, 23][14, 11, 25, 7, 27][13, 18, 22, 17][19, 12, 8, 26][5, 21, 15, 6][19, 0, 22][10, 16, 28][10, 2, 29][6, 13][10, 15][16, 27][7, 20] 
[4, 20, 24, 1, 3, 9, 23][14, 11, 25, 7, 27][5, 21, 15, 6][13, 18, 22, 17][19, 12, 8, 26][10, 16, 28][10, 2, 29][19, 0, 22][16, 27][7, 20][10, 15][6, 13] 
[4, 20, 24, 1, 3, 9, 23][14, 11, 25, 7, 27][13, 18, 22, 17][19, 12, 8, 26][5, 21, 15, 6][19, 0, 22][10, 16, 28][10, 2, 29][6, 13][10, 15][16, 27][7, 20] 
[4, 20, 24, 1, 3, 9, 23][14, 11, 25, 7, 27][13, 18, 22, 17][19, 12, 8, 26][5, 21, 15, 6][19, 0, 22][10, 16, 28][10, 2, 29][6, 13][10, 15][16, 27][7, 20] 
[4, 20, 24, 1, 3, 9, 23][14, 11, 25, 7, 27][5, 21, 15, 6][13, 18, 22, 17][19, 12, 8, 26][10, 16, 28][10, 2, 29][19, 0, 22][10, 15][6, 13][16, 27][7, 20] 
[4, 20, 24, 1, 3, 9, 23][14, 11, 25, 7, 27][13, 18, 22, 17][19, 12, 8, 26][5, 21, 15, 6][19, 0, 22][10, 16, 28][10, 2, 29][6, 13][10, 15][16, 27][7, 20] 
[4, 20, 24, 1, 3, 9, 23][14, 11, 25, 7, 27][13, 18, 22, 17][19, 12, 8, 26][5, 21, 15, 6][19, 0, 22][10, 16, 28][10, 2, 29][6, 13][10, 15][16, 27][7, 20] 
[4, 20, 24, 1, 3, 9, 23][14, 11, 25, 7, 27][13, 18, 22, 17][19, 12, 8, 26][5, 21, 15, 6][19, 0, 22][10, 16, 28][10, 2, 29][6, 13][10, 15][16, 27][7, 20] 
[4, 20, 24, 1, 3, 9, 23][14, 11, 25, 7, 27][13, 18, 22, 17][19, 12, 8, 26][5, 21, 15, 6][19, 0, 22][10, 16, 28][10, 2, 29][6, 13][10, 15][16, 27][7, 20] 
[4, 20, 24, 1, 3, 9, 23][14, 11, 25, 7, 27][19, 12, 8, 26][13, 18, 22, 17][5, 21, 15, 6][19, 0, 22][10, 2, 29][10, 16, 28][6, 13][10, 15][16, 27][7, 20] 
[4, 20, 24, 1, 3, 9, 23][14, 11, 25, 7, 27][13, 18, 22, 17][19, 12, 8, 26][5, 21, 15, 6][19, 0, 22][10, 16, 28][10, 2, 29][6, 13][10, 15][16, 27][7, 20] 
[4, 20, 24, 1, 3, 9, 23][14, 11, 25, 7, 27][5, 21, 15, 6][13, 18, 22, 17][19, 12, 8, 26][10, 2, 29][10, 16, 28][19, 0, 22][16, 27][7, 20][10, 15][6, 13] 
[4, 20, 24, 1, 3, 9, 23][14, 11, 25, 7, 27][13, 18, 22, 17][19, 12, 8, 26][5, 21, 15, 6][19, 0, 22][10, 16, 28][10, 2, 29][6, 13][10, 15][16, 27][7, 20] 
[4, 20, 24, 1, 3, 9, 23][14, 11, 25, 7, 27][19, 12, 8, 26][17, 22, 0, 19][5, 21, 15, 6][15, 10, 2, 29][13, 18, 22][10, 16, 28][6, 13][10, 15][16, 27][7, 20] 
[4, 20, 24, 1, 3, 9, 23][14, 11, 25, 7, 27][19, 12, 8, 26][17, 22, 0, 19][5, 21, 15, 6][15, 10, 2, 29][13, 18, 22][10, 16, 28][6, 13][10, 15][16, 27][7, 20] 
[4, 20, 24, 1, 3, 9, 23][14, 11, 25, 7, 27][19, 12, 8, 26][17, 22, 0, 19][5, 21, 15, 6][15, 10, 2, 29][13, 18, 22][10, 16, 28][6, 13][10, 15][16, 27][7, 20] 
[4, 20, 24, 1, 3, 9, 23][14, 11, 25, 7, 27][19, 12, 8, 26][17, 22, 0, 19][5, 21, 15, 6][15, 10, 2, 29][13, 18, 22][10, 16, 28][6, 13][10, 15][16, 27][7, 20] 
[4, 20, 24, 1, 3, 9, 23][14, 11, 25, 7, 27][19, 12, 8, 26][17, 22, 0, 19][5, 21, 15, 6][15, 10, 2, 29][13, 18, 22][10, 16, 28][6, 13][10, 15][16, 27][7, 20] 
[4, 20, 24, 1, 3, 9, 23][19, 0, 22, 17, 12, 8, 26][14, 11, 25, 7, 27][5, 21, 15, 6][10, 16, 28][10, 2, 29][13, 18, 22][7, 20][16, 27][10, 15][6, 13][12, 17] 
[4, 20, 24, 1, 3, 9, 23][14, 11, 25, 7, 27][5, 21, 15, 6][13, 18, 22, 17][19, 12, 8, 26][10, 16, 28][10, 2, 29][0, 22, 12][7, 20][16, 27][10, 15][6, 13] 
[4, 20, 24, 1, 3, 9, 23][14, 11, 25, 7, 27][5, 21, 15, 6][13, 18, 22, 17][19, 12, 8, 26][10, 16, 28][10, 2, 29][0, 22, 12][7, 20][16, 27][10, 15][6, 13] 
[4, 20, 24, 1, 3, 9, 23][14, 11, 25, 7, 27][13, 18, 22, 17][5, 21, 15, 6][19, 12, 8, 26][10, 16, 28][10, 2, 29][0, 22, 12][6, 13][10, 15][16, 27][7, 20] 
[4, 20, 24, 1, 3, 9, 23][14, 11, 25, 7, 27][5, 21, 15, 6][13, 18, 22, 17][19, 12, 8, 26][10, 16, 28][10, 2, 29][0, 22, 12][7, 20][16, 27][10, 15][6, 13] 
[4, 20, 24, 1, 3, 9, 23][14, 11, 25, 7, 27][13, 18, 22, 17][5, 21, 15, 6][19, 12, 8, 26][10, 16, 28][10, 2, 29][0, 22, 12][6, 13][10, 15][16, 27][7, 20] 
[4, 20, 24, 1, 3, 9, 23][14, 11, 25, 7, 27][13, 18, 22, 17][19, 12, 8, 26][5, 21, 15, 6][19, 0, 22][10, 16, 28][10, 2, 29][6, 13][10, 15][16, 27][7, 20] 
[4, 20, 24, 1, 3, 9, 23][14, 11, 25, 7, 27][5, 21, 15, 6][13, 18, 22, 17][19, 12, 8, 26][10, 16, 28][10, 2, 29][0, 22, 12][7, 20][16, 27][10, 15][6, 13] 
