[17, 0, 18, 22, 19, 12, 8, 26][23, 20, 7, 27, 29][4, 24, 1, 9, 14][3, 11, 25, 28, 16][6, 5, 21][2, 10, 15][13, 18][6, 13][6, 15][15, 27][4, 7][3, 24] 
[17, 0, 18, 22, 19, 12, 8, 26][23, 20, 7, 27, 29][4, 24, 1, 9, 14][3, 11, 25, 28, 16][6, 5, 21][2, 10, 15][13, 18][6, 13][6, 15][15, 27][4, 7][3, 24] 
[17, 0, 18, 22, 19, 12, 8, 26][3, 11, 25, 28, 16][4, 24, 1, 9, 14][23, 20, 7, 27, 29][6, 10, 15][5, 6, 13][3, 24][4, 7][15, 27][13, 18][2, 10][5, 21] 
[17, 0, 18, 22, 19, 12, 8, 26][23, 20, 7, 27, 29][4, 24, 1, 9, 14][3, 11, 25, 28, 16][6, 10, 15][5, 6, 13][4, 7][3, 24][15, 27][2, 10][5, 21][13, 18] 
[17, 0, 18, 22, 19, 12, 8, 26][23, 20, 7, 27, 29][4, 24, 1, 9, 14][3, 11, 25, 28, 16][10, 2, 21][5, 6, 13][5, 21][6, 15][15, 27][13, 18][4, 7][3, 24] 
[0, 18, 22, 19, 12, 8, 26][4, 24, 1, 9, 14][3, 11, 25, 28, 16][23, 20, 7, 27, 29][6, 5, 21][13, 18, 17][2, 10, 15][3, 24][4, 7][15, 27][6, 10][6, 13] 
[0, 18, 22, 19, 12, 8, 26][4, 24, 1, 9, 14][3, 11, 25, 28, 16][23, 20, 7, 27, 29][6, 5, 21][13, 18, 17][2, 10, 15][3, 24][4, 7][15, 27][6, 10][6, 13] 
[17, 0, 18, 22, 19, 12, 8, 26][23, 20, 7, 27, 29][4, 24, 1, 9, 14][3, 11, 25, 28, 16][6, 10, 15][5, 6, 13][13, 18][10, 21][15, 27][4, 7][3, 24][2, 21] 
[0, 18, 22, 19, 12, 8, 26][23, 20, 7, 27, 29][4, 24, 1, 9, 14][3, 11, 25, 28, 16][13, 18, 17][6, 10, 15][2, 21, 10][6, 13][5, 21][15, 27][4, 7][3, 24] 
[17, 0, 18, 22, 19, 12, 8, 26][23, 20, 7, 27, 29][4, 24, 1, 9, 14][3, 11, 25, 28, 16][6, 10, 15][5, 6, 13][13, 18][10, 21][15, 27][4, 7][3, 24][2, 21] 
[17, 0, 18, 22, 19, 12, 8, 26][3, 11, 25, 28, 16][4, 24, 1, 9, 14][23, 20, 7, 27, 29][2, 10, 15][6, 5, 21][3, 24][4, 7][15, 27][6, 15][6, 13][13, 18] 
[17, 0, 18, 22, 19, 12, 8, 26][23, 20, 7, 27, 29][4, 24, 1, 9, 14][3, 11, 25, 28, 16][2, 10, 15][6, 5, 21][15, 27][6, 15][4, 7][3, 24][6, 13][13, 18] 
[17, 0, 18, 22, 19, 12, 8, 26][23, 20, 7, 27, 29][4, 24, 1, 9, 14][3, 11, 25, 28, 16][6, 10, 15][5, 6, 13][15, 27][2, 10][13, 18][5, 21][4, 7][3, 24] 
[17, 0, 18, 22, 19, 12, 8, 26][23, 20, 7, 27, 29][4, 24, 1, 9, 14][3, 11, 25, 28, 16][5, 6, 13][10, 2, 21][13, 18][5, 21][6, 15][15, 27][4, 7][3, 24] 
[0, 18, 22, 19, 12, 8, 26][4, 24, 1, 9, 14][3, 11, 25, 28, 16][23, 20, 7, 27, 29][6, 5, 21][13, 18, 17][2, 10, 15][3, 24][4, 7][15, 27][6, 10][6, 13] 
[17, 0, 18, 22, 19, 12, 8, 26][23, 20, 7, 27, 29][4, 24, 1, 9, 14][3, 11, 25, 28, 16][6, 10, 15][5, 6, 13][13, 18][10, 21][15, 27][4, 7][3, 24][2, 21] 
[17, 0, 18, 22, 19, 12, 8, 26][23, 20, 7, 27, 29][4, 24, 1, 9, 14][3, 11, 25, 28, 16][2, 10, 15][6, 5, 21][15, 27][6, 15][4, 7][3, 24][6, 13][13, 18] 
[17, 0, 18, 22, 19, 12, 8, 26][23, 20, 7, 27, 29][4, 24, 1, 9, 14][3, 11, 25, 28, 16][2, 10, 15][6, 5, 21][15, 27][6, 15][4, 7][3, 24][6, 13][13, 18] 
[17, 0, 18, 22, 19, 12, 8, 26][23, 20, 7, 27, 29][4, 24, 1, 9, 14][3, 11, 25, 28, 16][10, 2, 21][5, 6, 13][5, 21][6, 15][15, 27][13, 18][4, 7][3, 24] 
[17, 0, 18, 22, 19, 12, 8, 26][23, 20, 7, 27, 29][4, 24, 1, 9, 14][3, 11, 25, 28, 16][2, 10, 15][6, 5, 21][15, 27][6, 15][4, 7][3, 24][6, 13][13, 18] 
[17, 0, 18, 22, 19, 12, 8, 26][3, 11, 25, 28, 16][4, 24, 1, 9, 14][23, 20, 7, 27, 29][2, 10, 15][6, 5, 21][3, 24][4, 7][15, 27][6, 15][6, 13][13, 18] 
[17, 0, 18, 22, 19, 12, 8, 26][23, 20, 7, 27, 29][4, 24, 1, 9, 14][3, 11, 25, 28, 16][2, 10, 15][6, 5, 21][15, 27][6, 15][4, 7][3, 24][6, 13][13, 18] 
[17, 0, 18, 22, 19, 12, 8, 26][23, 20, 7, 27, 29][4, 24, 1, 9, 14][3, 11, 25, 28, 16][6, 10, 15][5, 6, 13][15, 27][2, 10][13, 18][5, 21][4, 7][3, 24] 
[17, 0, 18, 22, 19, 12, 8, 26][23, 20, 7, 27, 29][4, 24, 1, 9, 14][3, 11, 25, 28, 16][5, 6, 13][10, 2, 21][13, 18][5, 21][6, 15][15, 27][4, 7][3, 24] 
[0, 18, 22, 19, 12, 8, 26][4, 24, 1, 9, 14][3, 11, 25, 28, 16][23, 20, 7, 27, 29][6, 5, 21][13, 18, 17][2, 10, 15][3, 24][4, 7][15, 27][6, 10][6, 13] 
[17, 0, 18, 22, 19, 12, 8, 26][23, 20, 7, 27, 29][4, 24, 1, 9, 14][3, 11, 25, 28, 16][6, 10, 15][5, 6, 13][13, 18][10, 21][15, 27][4, 7][3, 24][2, 21] 
[17, 0, 18, 22, 19, 12, 8, 26][23, 20, 7, 27, 29][4, 24, 1, 9, 14][3, 11, 25, 28, 16][2, 10, 15][6, 5, 21][15, 27][6, 15][4, 7][3, 24][6, 13][13, 18] 
[17, 0, 18, 22, 19, 12, 8, 26][23, 20, 7, 27, 29][4, 24, 1, 9, 14][3, 11, 25, 28, 16][2, 10, 15][6, 5, 21][15, 27][6, 15][4, 7][3, 24][6, 13][13, 18] 
[17, 0, 18, 22, 19, 12, 8, 26][23, 20, 7, 27, 29][4, 24, 1, 9, 14][3, 11, 25, 28, 16][10, 2, 21][5, 6, 13][5, 21][6, 15][15, 27][13, 18][4, 7][3, 24] 
[17, 0, 18, 22, 19, 12, 8, 26][23, 20, 7, 27, 29][4, 24, 1, 9, 14][3, 11, 25, 28, 16][2, 10, 15][6, 5, 21][15, 27][6, 15][4, 7][3, 24][6, 13][13, 18] 
[17, 0, 18, 22, 19, 12, 8, 26][23, 20, 7, 27, 29][4, 24, 1, 9, 14][3, 11, 25, 28, 16][2, 10, 15][6, 5, 21][15, 27][6, 15][4, 7][3, 24][6, 13][13, 18] 
[17, 0, 18, 22, 19, 12, 8, 26][23, 20, 7, 27, 29][4, 24, 1, 9, 14][3, 11, 25, 28, 16][2, 10, 15][6, 5, 21][15, 27][6, 15][4, 7][3, 24][6, 13][13, 18] 
[17, 0, 18, 22, 19, 12, 8, 26][23, 20, 7, 27, 29][4, 24, 1, 9, 14][3, 11, 25, 28, 16][10, 2, 21][5, 6, 13][5, 21][6, 15][15, 27][13, 18][4, 7][3, 24] 
[17, 0, 18, 22, 19, 12, 8, 26][23, 20, 7, 27, 29][4, 24, 1, 9, 14][3, 11, 25, 28, 16][2, 10, 15][6, 5, 21][15, 27][6, 15][4, 7][3, 24][6, 13][13, 18] 
[17, 0, 18, 22, 19, 12, 8, 26][23, 20, 7, 27, 29][4, 24, 1, 9, 14][3, 11, 25, 28, 16][2, 10, 15][6, 5, 21][15, 27][6, 15][4, 7][3, 24][6, 13][13, 18] 
[5, 21, 6, 10, 15, 27, 29, 2, 16, 28, 17, 22, 12, 19][7, 4, 14, 24, 3, 1, 9, 23, 20][3, 11, 25, 28, 0, 26, 8][18, 22][1, 9][6, 13][6, 10][6, 10][6, 10][6, 21][0, 26][6, 10] 
[5, 21, 6, 10, 15, 27, 29, 2, 16, 28, 17, 22, 12, 19][7, 4, 14, 24, 3, 1, 9, 23, 20][3, 11, 25, 28, 0, 26, 8][18, 22][1, 9][6, 13][6, 10][6, 10][6, 10][6, 21][0, 26][6, 10] 
[5, 21, 6, 10, 15, 27, 29, 2, 16, 28, 17, 22, 12, 19][7, 4, 14, 24, 3, 1, 9, 23, 20][3, 11, 25, 28, 0, 26, 8][18, 22][1, 9][6, 13][6, 10][6, 10][6, 10][6, 21][0, 26][6, 10] 
[0, 19, 22, 17, 28, 16, 2, 29, 27, 15, 10, 6, 21, 5][17, 0, 26, 8, 12, 22, 18][4, 24, 1, 9, 14][23, 24, 3, 11, 25][23, 20, 7, 27][6, 13][3, 24][6, 21][6, 10][6, 10][6, 21][6, 10] 
[0, 19, 12, 22, 17, 28, 16, 2, 29, 27, 15, 10, 6, 21, 5][17, 0, 26, 8, 12, 22, 18][4, 24, 1, 9, 14][23, 24, 3, 11, 25][23, 20, 7, 27][6, 13][3, 24][6, 21][6, 10][6, 10][6, 21][6, 10] 
[2, 16, 28, 17, 19, 0, 26, 8, 12, 22, 18][2, 29, 27, 15, 10, 6, 21, 5][4, 24, 1, 9, 14][23, 20, 7, 27][24, 3, 11, 25][6, 13][23, 24][6, 10][6, 21][6, 21][6, 10][6, 10] 
[5, 21, 6, 10, 15, 27, 29, 2, 16, 28, 17, 22, 12, 19][7, 4, 14, 24, 3, 1, 9, 23, 20][3, 11, 25, 28, 0, 26, 8][18, 22][1, 9][6, 13][6, 10][6, 10][6, 10][6, 21][0, 26][6, 10] 
[5, 21, 6, 10, 15, 27, 29, 2, 16, 28, 17, 22, 12, 19][7, 4, 14, 24, 3, 1, 9, 23, 20][3, 11, 25, 28, 0, 26, 8][18, 22][1, 9][6, 13][6, 10][6, 10][6, 10][6, 21][0, 26][6, 10] 
[5, 21, 6, 10, 15, 27, 29, 2, 16, 28, 17][0, 28, 25, 11, 3, 24, 23, 20][18, 22, 12, 8, 26, 0, 19][4, 24, 1, 9, 14][6, 10][6, 13][4, 7][6, 10][6, 10][6, 10][1, 9][3, 24] 
[5, 21, 6, 10, 15, 27, 29, 2, 16, 28, 17, 22, 12, 19][7, 4, 14, 24, 3, 1, 9, 23, 20][3, 11, 25, 28, 0, 26, 8][18, 22][1, 9][6, 13][6, 10][6, 10][6, 10][6, 21][0, 26][6, 10] 
[5, 21, 6, 10, 15, 27, 29, 2, 16, 28, 17, 22, 12, 19][7, 4, 14, 24, 3, 1, 9, 23, 20][3, 11, 25, 28, 0, 26, 8][18, 22][1, 9][6, 13][6, 10][6, 10][6, 10][6, 21][0, 26][6, 10] 
[5, 21, 6, 10, 15, 27, 29, 2, 16, 28, 17, 22, 12, 19][7, 4, 14, 24, 3, 1, 9, 23, 20][3, 11, 25, 28, 0, 26, 8][18, 22][1, 9][6, 13][6, 10][6, 10][6, 10][6, 21][0, 26][6, 10] 
[0, 19, 22, 17, 28, 16, 2, 29, 27, 15, 10, 6, 21, 5][17, 0, 26, 8, 12, 22, 18][4, 24, 1, 9, 14][23, 24, 3, 11, 25][23, 20, 7, 27][6, 13][3, 24][6, 21][6, 10][6, 10][6, 21][6, 10] 
[5, 21, 6, 10, 15, 27, 29, 2, 16, 28, 17, 22, 12, 19][7, 4, 14, 24, 3, 1, 9, 23, 20][3, 11, 25, 28, 0, 26, 8][18, 22][1, 9][6, 13][6, 10][6, 10][6, 10][6, 21][0, 26][6, 10] 
[5, 21, 6, 10, 15, 27, 29, 2, 16, 28, 17, 22, 12, 19][7, 4, 14, 24, 3, 1, 9, 23, 20][3, 11, 25, 28, 0, 26, 8][18, 22][1, 9][6, 13][6, 10][6, 10][6, 10][6, 21][0, 26][6, 10] 
[5, 21, 6, 10, 15, 27, 29, 2, 16, 28, 17, 22, 12, 19][8, 26, 0, 28, 25, 11, 3, 23, 20][7, 4, 14, 24, 3, 1, 9, 23][18, 22][1, 9][6, 13][6, 10][6, 10][6, 10][6, 21][6, 10][6, 10] 
[5, 21, 6, 10, 15, 27, 29, 2, 16, 28, 17, 22, 12, 19][7, 4, 14, 24, 3, 1, 9, 23, 20][3, 11, 25, 28, 0, 26, 8][18, 22][1, 9][6, 13][6, 10][6, 10][6, 10][6, 21][0, 26][6, 10] 
[5, 21, 6, 10, 15, 27, 29, 2, 16, 28, 17, 22, 12, 19][7, 4, 14, 24, 3, 1, 9, 23, 20][3, 11, 25, 28, 0, 26, 8][18, 22][1, 9][6, 13][6, 10][6, 10][6, 10][6, 21][0, 26][6, 10] 
[17, 12, 18, 19, 8, 26, 0, 28, 25, 11, 3, 23, 20][5, 21, 6, 10, 15, 27, 29, 2, 16, 28, 25][1, 3, 24, 14, 4, 7][18, 22][1, 9][6, 13][6, 10][6, 10][6, 10][6, 21][0, 26][6, 10] 
[5, 21, 6, 10, 15, 27, 29, 2, 16, 28, 17, 22, 12, 19][8, 26, 0, 28, 25, 11, 3, 24, 23, 20][7, 4, 14, 24, 3, 1, 9, 23, 20][18, 22][1, 9][6, 13][6, 10][6, 10][6, 10][6, 21][0, 26][6, 10] 
[17, 12, 18, 19, 8, 26, 0, 28, 25, 11, 3, 23, 20][5, 21, 6, 10, 15, 27, 29, 2, 16, 28, 25][1, 3, 24, 14, 4, 7][18, 22][1, 9][6, 13][6, 10][6, 10][6, 10][6, 21][0, 26][6, 10] 
[17, 0, 18, 22, 19, 12, 8, 26][23, 20, 7, 27, 29][4, 24, 1, 9, 14][3, 11, 25, 28, 16][5, 6, 13][2, 21, 10][6, 15][15, 27][5, 21][13, 18][4, 7][3, 24] 
[17, 0, 18, 22, 19, 12, 8, 26][23, 20, 7, 27, 29][4, 24, 1, 9, 14][3, 11, 25, 28, 16][5, 6, 13][2, 21, 10][15, 27][4, 7][3, 24][6, 15][13, 18][5, 21] 
[17, 0, 18, 22, 19, 12, 8, 26][23, 20, 7, 27, 29][4, 24, 1, 9, 14][3, 11, 25, 28, 16][5, 6, 13][2, 21, 10][13, 18][6, 15][5, 21][15, 27][4, 7][3, 24] 
[17, 0, 18, 22, 19, 12, 8, 26][23, 20, 7, 27, 29][4, 24, 1, 9, 14][3, 11, 25, 28, 16][5, 6, 13][2, 21, 10][13, 18][6, 15][5, 21][15, 27][4, 7][3, 24] 
[17, 0, 18, 22, 19, 12, 8, 26][23, 20, 7, 27, 29][4, 24, 1, 9, 14][3, 11, 25, 28, 16][5, 6, 13][2, 21, 10][13, 18][6, 15][5, 21][15, 27][4, 7][3, 24] 
[17, 0, 18, 22, 19, 12, 8, 26][3, 11, 25, 28, 16][4, 24, 1, 9, 14][23, 20, 7, 27, 29][5, 6, 13][2, 21, 10][3, 24][4, 7][15, 27][6, 15][13, 18][5, 21] 
[17, 0, 18, 22, 19, 12, 8, 26][23, 20, 7, 27, 29][4, 24, 1, 9, 14][3, 11, 25, 28, 16][5, 6, 13][2, 21, 10][13, 18][6, 15][5, 21][15, 27][4, 7][3, 24] 
[17, 0, 18, 22, 19, 12, 8, 26][23, 20, 7, 27, 29][4, 24, 1, 9, 14][3, 11, 25, 28, 16][5, 6, 13][2, 21, 10][13, 18][6, 15][5, 21][15, 27][4, 7][3, 24] 
[17, 0, 18, 22, 19, 12, 8, 26][23, 20, 7, 27, 29][4, 24, 1, 9, 14][3, 11, 25, 28, 16][5, 6, 13][2, 21, 10][13, 18][6, 15][5, 21][15, 27][4, 7][3, 24] 
[17, 0, 18, 22, 19, 12, 8, 26][23, 20, 7, 27, 29][4, 24, 1, 9, 14][3, 11, 25, 28, 16][5, 6, 13][2, 21, 10][13, 18][6, 15][5, 21][15, 27][4, 7][3, 24] 
[17, 0, 18, 22, 19, 12, 8, 26][23, 20, 7, 27, 29][4, 24, 1, 9, 14][3, 11, 25, 28, 16][2, 21, 10][5, 6, 13][5, 21][13, 18][6, 15][15, 27][4, 7][3, 24] 
[17, 0, 18, 22, 19, 12, 8, 26][23, 20, 7, 27, 29][4, 24, 1, 9, 14][3, 11, 25, 28, 16][5, 6, 13][2, 21, 10][13, 18][6, 15][5, 21][15, 27][4, 7][3, 24] 
[17, 0, 18, 22, 19, 12, 8, 26][23, 20, 7, 27, 29][4, 24, 1, 9, 14][3, 11, 25, 28, 16][5, 6, 13][2, 21, 10][13, 18][6, 15][5, 21][15, 27][4, 7][3, 24] 
[17, 0, 18, 22, 19, 12, 8, 26][23, 20, 7, 27, 29][4, 24, 1, 9, 14][3, 11, 25, 28, 16][2, 21, 10][5, 6, 13][5, 21][13, 18][6, 15][15, 27][4, 7][3, 24] 
[17, 0, 18, 22, 19, 12, 8, 26][23, 20, 7, 27, 29][4, 24, 1, 9, 14][3, 11, 25, 28, 16][5, 6, 13][2, 21, 10][13, 18][6, 15][5, 21][15, 27][4, 7][3, 24] 
[17, 0, 18, 22, 19, 12, 8, 26][23, 20, 7, 27, 29][4, 24, 1, 9, 14][3, 11, 25, 28, 16][2, 10, 15][6, 5, 21][15, 27][6, 15][4, 7][3, 24][6, 13][13, 18] 
[17, 0, 18, 22, 19, 12, 8, 26][23, 20, 7, 27, 29][4, 24, 1, 9, 14][3, 11, 25, 28, 16][2, 10, 15][6, 5, 21][15, 27][6, 15][4, 7][3, 24][6, 13][13, 18] 
[17, 0, 18, 22, 19, 12, 8, 26][23, 20, 7, 27, 29][4, 24, 1, 9, 14][3, 11, 25, 28, 16][2, 10, 15][6, 5, 21][15, 27][6, 15][4, 7][3, 24][6, 13][13, 18] 
[17, 0, 18, 22, 19, 12, 8, 26][23, 20, 7, 27, 29][4, 24, 1, 9, 14][3, 11, 25, 28, 16][6, 5, 21][2, 10, 15][6, 13][6, 15][13, 18][15, 27][4, 7][3, 24] 
[17, 0, 18, 22, 19, 12, 8, 26][23, 20, 7, 27, 29][4, 24, 1, 9, 14][3, 11, 25, 28, 16][6, 5, 21][2, 10, 15][13, 18][6, 13][6, 15][15, 27][4, 7][3, 24] 
[17, 0, 18, 22, 19, 12, 8, 26][23, 20, 7, 27, 29][4, 24, 1, 9, 14][3, 11, 25, 28, 16][6, 5, 21][2, 10, 15][13, 18][6, 13][6, 15][15, 27][4, 7][3, 24] 
[17, 0, 18, 22, 19, 12, 8, 26][23, 20, 7, 27, 29][4, 24, 1, 9, 14][3, 11, 25, 28, 16][5, 6, 13][2, 21, 10][6, 15][15, 27][5, 21][13, 18][4, 7][3, 24] 
[17, 0, 18, 22, 19, 12, 8, 26][23, 20, 7, 27, 29][4, 24, 1, 9, 14][3, 11, 25, 28, 16][5, 6, 13][2, 21, 10][13, 18][6, 15][5, 21][15, 27][4, 7][3, 24] 
[17, 0, 18, 22, 19, 12, 8, 26][23, 20, 7, 27, 29][4, 24, 1, 9, 14][3, 11, 25, 28, 16][5, 6, 13][2, 21, 10][13, 18][6, 15][5, 21][15, 27][4, 7][3, 24] 
[17, 0, 18, 22, 19, 12, 8, 26][23, 20, 7, 27, 29][4, 24, 1, 9, 14][3, 11, 25, 28, 16][5, 6, 13][2, 21, 10][15, 27][4, 7][3, 24][6, 15][13, 18][5, 21] 
[17, 0, 18, 22, 19, 12, 8, 26][23, 20, 7, 27, 29][4, 24, 1, 9, 14][3, 11, 25, 28, 16][5, 6, 13][2, 21, 10][15, 27][4, 7][3, 24][6, 15][13, 18][5, 21] 
[17, 0, 18, 22, 19, 12, 8, 26][23, 20, 7, 27, 29][4, 24, 1, 9, 14][3, 11, 25, 28, 16][10, 2, 21][5, 6, 13][5, 21][6, 15][15, 27][13, 18][4, 7][3, 24] 
[17, 0, 18, 22, 19, 12, 8, 26][23, 20, 7, 27, 29][4, 24, 1, 9, 14][3, 11, 25, 28, 16][5, 6, 13][2, 21, 10][13, 18][6, 15][5, 21][15, 27][4, 7][3, 24] 
[17, 0, 18, 22, 19, 12, 8, 26][23, 20, 7, 27, 29][4, 24, 1, 9, 14][3, 11, 25, 28, 16][2, 10, 15][6, 5, 21][15, 27][6, 15][4, 7][3, 24][6, 13][13, 18] 
[17, 0, 18, 22, 19, 12, 8, 26][23, 20, 7, 27, 29][4, 24, 1, 9, 14][3, 11, 25, 28, 16][2, 10, 15][6, 5, 21][15, 27][6, 15][4, 7][3, 24][6, 13][13, 18] 
[17, 0, 18, 22, 19, 12, 8, 26][23, 20, 7, 27, 29][4, 24, 1, 9, 14][3, 11, 25, 28, 16][2, 10, 15][6, 5, 21][15, 27][6, 15][4, 7][3, 24][6, 13][13, 18] 
[17, 0, 18, 22, 19, 12, 8, 26][23, 20, 7, 27, 29][4, 24, 1, 9, 14][3, 11, 25, 28, 16][2, 10, 15][6, 5, 21][15, 27][6, 15][4, 7][3, 24][6, 13][13, 18] 
[17, 0, 18, 22, 19, 12, 8, 26][23, 20, 7, 27, 29][4, 24, 1, 9, 14][3, 11, 25, 28, 16][2, 10, 15][6, 5, 21][15, 27][6, 15][4, 7][3, 24][6, 13][13, 18] 
[17, 0, 18, 22, 19, 12, 8, 26][23, 20, 7, 27, 29][4, 24, 1, 9, 14][3, 11, 25, 28, 16][2, 10, 15][6, 5, 21][15, 27][6, 15][4, 7][3, 24][6, 13][13, 18] 
[17, 0, 18, 22, 19, 12, 8, 26][23, 20, 7, 27, 29][4, 24, 1, 9, 14][3, 11, 25, 28, 16][2, 10, 15][6, 5, 21][15, 27][6, 15][4, 7][3, 24][6, 13][13, 18] 
[17, 0, 18, 22, 19, 12, 8, 26][23, 20, 7, 27, 29][4, 24, 1, 9, 14][3, 11, 25, 28, 16][2, 10, 15][6, 5, 21][15, 27][6, 15][4, 7][3, 24][6, 13][13, 18] 
[17, 0, 18, 22, 19, 12, 8, 26][23, 20, 7, 27, 29][4, 24, 1, 9, 14][3, 11, 25, 28, 16][2, 10, 15][6, 5, 21][15, 27][6, 15][4, 7][3, 24][6, 13][13, 18] 
[17, 0, 18, 22, 19, 12, 8, 26][23, 20, 7, 27, 29][4, 24, 1, 9, 14][3, 11, 25, 28, 16][6, 5, 21][2, 10, 15][13, 18][6, 13][6, 15][15, 27][4, 7][3, 24] 
[17, 0, 18, 22, 19, 12, 8, 26][23, 20, 7, 27, 29][4, 24, 1, 9, 14][3, 11, 25, 28, 16][2, 10, 15][6, 5, 21][15, 27][6, 15][4, 7][3, 24][6, 13][13, 18] 
[17, 0, 18, 22, 19, 12, 8, 26][23, 20, 7, 27, 29][4, 24, 1, 9, 14][3, 11, 25, 28, 16][2, 10, 15][6, 5, 21][15, 27][6, 15][4, 7][3, 24][6, 13][13, 18] 
[17, 0, 18, 22, 19, 12, 8, 26][23, 20, 7, 27, 29][4, 24, 1, 9, 14][3, 11, 25, 28, 16][2, 10, 15][6, 5, 21][15, 27][6, 15][4, 7][3, 24][6, 13][13, 18] 
[17, 0, 18, 22, 19, 12, 8, 26][23, 20, 7, 27, 29][4, 24, 1, 9, 14][3, 11, 25, 28, 16][2, 10, 15][6, 5, 21][15, 27][6, 15][4, 7][3, 24][6, 13][13, 18] 
[17, 0, 18, 22, 19, 12, 8, 26][23, 20, 7, 27, 29][4, 24, 1, 9, 14][3, 11, 25, 28, 16][2, 10, 15][6, 5, 21][15, 27][6, 15][4, 7][3, 24][6, 13][13, 18] 
[17, 0, 18, 22, 19, 12, 8, 26][3, 11, 25, 28, 16][23, 20, 7, 27, 29][4, 24, 1, 9, 14][6, 5, 21][2, 10, 15][6, 13][13, 18][6, 15][17, 28][15, 27][4, 7] 
[17, 0, 18, 22, 19, 12, 8, 26][3, 11, 25, 28, 16][23, 20, 7, 27, 29][4, 24, 1, 9, 14][6, 5, 21][2, 10, 15][6, 13][13, 18][6, 15][17, 28][15, 27][4, 7] 
[17, 0, 18, 22, 19, 12, 8, 26][3, 11, 25, 28, 16][23, 20, 7, 27, 29][4, 24, 1, 9, 14][6, 5, 21][2, 10, 15][6, 13][13, 18][6, 15][17, 28][15, 27][4, 7] 
[17, 0, 18, 22, 19, 12, 8, 26][3, 11, 25, 28, 16][23, 20, 7, 27, 29][4, 24, 1, 9, 14][6, 5, 21][2, 10, 15][6, 13][13, 18][6, 15][17, 28][15, 27][4, 7] 
[17, 0, 18, 22, 19, 12, 8, 26][3, 11, 25, 28, 16][23, 20, 7, 27, 29][4, 24, 1, 9, 14][6, 5, 21][2, 10, 15][6, 13][13, 18][6, 15][17, 28][15, 27][4, 7] 
[17, 0, 18, 22, 19, 12, 8, 26][3, 11, 25, 28, 16][23, 20, 7, 27, 29][4, 24, 1, 9, 14][6, 5, 21][2, 10, 15][6, 13][13, 18][6, 15][17, 28][15, 27][4, 7] 
[17, 0, 18, 22, 19, 12, 8, 26][23, 20, 7, 27, 29][4, 24, 1, 9, 14][3, 11, 25, 28, 16][10, 2, 21][5, 6, 13][5, 21][6, 15][15, 27][13, 18][4, 7][3, 24] 
[17, 0, 18, 22, 19, 12, 8, 26][23, 20, 7, 27, 29][4, 24, 1, 9, 14][3, 11, 25, 28, 16][10, 2, 21][5, 6, 13][5, 21][6, 15][15, 27][13, 18][4, 7][3, 24] 
[17, 0, 18, 22, 19, 12, 8, 26][23, 20, 7, 27, 29][4, 24, 1, 9, 14][3, 11, 25, 28, 16][5, 6, 13][10, 2, 21][13, 18][5, 21][6, 15][15, 27][4, 7][3, 24] 
[17, 0, 18, 22, 19, 12, 8, 26][23, 20, 7, 27, 29][4, 24, 1, 9, 14][3, 11, 25, 28, 16][10, 2, 21][5, 6, 13][5, 21][6, 15][15, 27][13, 18][4, 7][3, 24] 
[17, 0, 18, 22, 19, 12, 8, 26][23, 20, 7, 27, 29][4, 24, 1, 9, 14][3, 11, 25, 28, 16][10, 2, 21][5, 6, 13][5, 21][6, 15][15, 27][13, 18][4, 7][3, 24] 
[17, 0, 18, 22, 19, 12, 8, 26][23, 20, 7, 27, 29][4, 24, 1, 9, 14][3, 11, 25, 28, 16][2, 10, 15][6, 5, 21][15, 27][6, 15][4, 7][3, 24][6, 13][13, 18] 
[17, 0, 18, 22, 19, 12, 8, 26][23, 20, 7, 27, 29][4, 24, 1, 9, 14][3, 11, 25, 28, 16][6, 10, 15][5, 6, 13][13, 18][10, 21][15, 27][4, 7][3, 24][2, 21] 
