[0, 26, 8, 12, 17, 19][23, 9, 3, 1, 14, 24][5, 21, 10, 15, 16, 27][18, 13, 6, 2, 29][11, 25, 22][1, 24, 4][4, 20, 7][17, 28][25, 28][3, 11][18, 22][7, 10] 
[23, 9, 3, 1, 14, 24][5, 21, 10, 15, 16, 27][0, 26, 8, 12, 17, 19][18, 13, 6, 2, 29][4, 20, 7][11, 25, 22][4, 24][3, 11][25, 28][18, 22][7, 16][17, 28] 
[23, 9, 3, 1, 14, 24][19, 17, 0, 12, 8, 26][5, 21, 10, 15, 16, 27][18, 13, 6, 2, 29][11, 25, 22][4, 20, 7][18, 22][3, 11][25, 28][17, 28][4, 24][7, 16] 
[23, 9, 3, 1, 14, 24][19, 17, 0, 12, 8, 26][5, 21, 10, 15, 16, 27][18, 13, 6, 2, 29][11, 25, 22][4, 20, 7][18, 22][25, 28][3, 11][4, 24][17, 28][7, 16] 
[19, 17, 0, 12, 8, 26][23, 9, 3, 1, 14, 24][5, 21, 10, 15, 16, 27][18, 13, 6, 2, 29][11, 25, 22][4, 20, 7][25, 28][18, 22][17, 28][3, 11][4, 24][7, 16] 
[19, 17, 0, 12, 8, 26][23, 9, 3, 1, 14, 24][5, 21, 10, 15, 16, 27][18, 13, 6, 2, 29][11, 25, 22][4, 20, 7][25, 28][18, 22][17, 28][3, 11][4, 24][7, 16] 
[23, 9, 3, 1, 14, 24][5, 21, 10, 15, 16, 27][19, 17, 0, 12, 8, 26][18, 13, 6, 2, 29][11, 25, 22][4, 20, 7][18, 22][3, 11][4, 24][7, 16][25, 28][17, 28] 
[23, 9, 3, 1, 14, 24][19, 17, 0, 12, 8, 26][5, 21, 10, 15, 16, 27][18, 13, 6, 2, 29][11, 25, 22][4, 20, 7][18, 22][3, 11][25, 28][17, 28][4, 24][7, 16] 
[19, 17, 0, 12, 8, 26][23, 9, 3, 1, 14, 24][5, 21, 10, 15, 16, 27][18, 13, 6, 2, 29][11, 25, 22][4, 20, 7][17, 28][25, 28][3, 11][4, 24][7, 16][18, 22] 
[23, 9, 3, 1, 14, 24][19, 17, 0, 12, 8, 26][5, 21, 10, 15, 16, 27][18, 13, 6, 2, 29][11, 25, 22][4, 20, 7][18, 22][3, 11][25, 28][17, 28][4, 24][7, 16] 
[23, 9, 3, 1, 14, 24][5, 21, 10, 15, 16, 27][0, 26, 8, 12, 17, 19][18, 13, 6, 2, 29][4, 20, 7][1, 24, 4][11, 25, 22][3, 11][7, 10][25, 28][18, 22][17, 28] 
[23, 9, 3, 1, 14, 24][0, 26, 8, 12, 17, 19][5, 21, 10, 15, 16, 27][18, 13, 6, 2, 29][11, 25, 22][4, 20, 7][3, 11][18, 22][25, 28][17, 28][4, 24][7, 16] 
[23, 9, 3, 1, 14, 24][5, 21, 10, 15, 16, 27][19, 17, 0, 12, 8, 26][18, 13, 6, 2, 29][11, 25, 22][4, 20, 7][3, 11][4, 24][18, 22][7, 16][25, 28][17, 28] 
[23, 9, 3, 1, 14, 24][5, 21, 10, 15, 16, 27][19, 17, 0, 12, 8, 26][18, 13, 6, 2, 29][11, 25, 22][4, 20, 7][18, 22][3, 11][4, 24][7, 16][25, 28][17, 28] 
[23, 9, 3, 1, 14, 24][5, 21, 10, 15, 16, 27][19, 17, 0, 12, 8, 26][18, 13, 6, 2, 29][11, 25, 22][4, 20, 7][18, 22][3, 11][4, 24][7, 16][25, 28][17, 28] 
[23, 9, 3, 1, 14, 24][19, 17, 0, 12, 8, 26][5, 21, 10, 15, 16, 27][18, 13, 6, 2, 29][11, 25, 22][4, 20, 7][18, 22][25, 28][3, 11][17, 28][4, 24][7, 16] 
[0, 26, 8, 12, 17, 19][23, 9, 3, 1, 14, 24][5, 21, 10, 15, 16, 27][18, 13, 6, 2, 29][11, 25, 22][1, 24, 4][4, 20, 7][25, 28][17, 28][18, 22][3, 11][7, 10] 
[23, 9, 3, 1, 14, 24][5, 21, 10, 15, 16, 27][0, 26, 8, 12, 17, 19][18, 13, 6, 2, 29][4, 20, 7][11, 25, 22][4, 24][3, 11][25, 28][18, 22][7, 16][17, 28] 
[23, 9, 3, 1, 14, 24][19, 17, 0, 12, 8, 26][5, 21, 10, 15, 16, 27][18, 13, 6, 2, 29][11, 25, 22][4, 20, 7][18, 22][25, 28][3, 11][17, 28][4, 24][7, 16] 
[23, 9, 3, 1, 14, 24][5, 21, 10, 15, 16, 27][0, 26, 8, 12, 17, 19][18, 13, 6, 2, 29][4, 20, 7][1, 24, 4][11, 25, 22][3, 11][7, 10][25, 28][18, 22][17, 28] 
[23, 9, 3, 1, 14, 24][5, 21, 10, 15, 16, 27][0, 26, 8, 12, 17, 19][18, 13, 6, 2, 29][4, 20, 7][1, 24, 4][11, 25, 22][3, 11][7, 10][25, 28][18, 22][17, 28] 
[23, 9, 3, 1, 14, 24][0, 26, 8, 12, 17, 19][5, 21, 10, 15, 16, 27][18, 13, 6, 2, 29][11, 25, 22][4, 20, 7][3, 11][18, 22][25, 28][17, 28][4, 24][7, 16] 
[23, 9, 3, 1, 14, 24][19, 17, 0, 12, 8, 26][5, 21, 10, 15, 16, 27][18, 13, 6, 2, 29][11, 25, 22][4, 20, 7][18, 22][3, 11][25, 28][17, 28][4, 24][7, 16] 
[19, 17, 0, 12, 8, 26][23, 9, 3, 1, 14, 24][5, 21, 10, 15, 16, 27][18, 13, 6, 2, 29][11, 25, 22][4, 20, 7][25, 28][18, 22][17, 28][3, 11][4, 24][7, 16] 
[23, 9, 3, 1, 14, 24][5, 21, 10, 15, 16, 27][19, 17, 0, 12, 8, 26][18, 13, 6, 2, 29][11, 25, 22][4, 20, 7][18, 22][3, 11][4, 24][7, 16][25, 28][17, 28] 
[19, 17, 0, 12, 8, 26][23, 9, 3, 1, 14, 24][5, 21, 10, 15, 16, 27][18, 13, 6, 2, 29][11, 25, 22][4, 20, 7][25, 28][18, 22][17, 28][3, 11][4, 24][7, 16] 
[0, 26, 8, 12, 17, 19][23, 9, 3, 1, 14, 24][5, 21, 10, 15, 16, 27][18, 13, 6, 2, 29][11, 25, 22][1, 24, 4][4, 20, 7][17, 28][25, 28][18, 22][3, 11][7, 10] 
[23, 9, 3, 1, 14, 24][5, 21, 10, 15, 16, 27][0, 26, 8, 12, 17, 19][18, 13, 6, 2, 29][4, 20, 7][11, 25, 22][4, 24][3, 11][25, 28][18, 22][7, 16][17, 28] 
[5, 21, 10, 15, 16, 27][23, 9, 3, 1, 14, 24][19, 17, 0, 12, 8, 26][18, 13, 6, 2, 29][4, 20, 7][11, 25, 22][7, 16][4, 24][3, 11][18, 22][25, 28][17, 28] 
[0, 26, 8, 12, 17, 19][23, 9, 3, 1, 14, 24][5, 21, 10, 15, 16, 27][18, 13, 6, 2, 29][11, 25, 22][1, 24, 4][4, 20, 7][17, 28][25, 28][18, 22][3, 11][7, 10] 
[23, 9, 3, 1, 14, 24][5, 21, 10, 15, 16, 27][0, 26, 8, 12, 17, 19][18, 13, 6, 2, 29][4, 20, 7][1, 24, 4][11, 25, 22][3, 11][7, 10][25, 28][18, 22][17, 28] 
[23, 9, 3, 1, 14, 24][5, 21, 10, 15, 16, 27][0, 26, 8, 12, 17, 19][18, 13, 6, 2, 29][4, 20, 7][11, 25, 22][4, 24][3, 11][25, 28][18, 22][7, 16][17, 28] 
[23, 9, 3, 1, 14, 24][19, 17, 0, 12, 8, 26][5, 21, 10, 15, 16, 27][18, 13, 6, 2, 29][11, 25, 22][4, 20, 7][25, 28][18, 22][3, 11][17, 28][4, 24][7, 16] 
[23, 9, 3, 1, 14, 24][5, 21, 10, 15, 16, 27][0, 26, 8, 12, 17, 19][18, 13, 6, 2, 29][4, 20, 7][1, 24, 4][11, 25, 22][3, 11][7, 10][25, 28][18, 22][17, 28] 
[0, 26, 8, 12, 17, 19][23, 9, 3, 1, 14, 24][5, 21, 10, 15, 16, 27][18, 13, 6, 2, 29][11, 25, 22][1, 24, 4][4, 20, 7][17, 28][25, 28][18, 22][3, 11][7, 10] 
[4, 20, 24, 23, 3, 9, 1, 14, 11, 25, 7, 27, 15, 5, 21][10, 29, 2, 16, 28, 17, 22, 18, 13, 6, 15][0, 26, 8, 12, 17, 19][11, 25][2, 16][2, 16][2, 16][2, 16][17, 28][17, 28][5, 21][2, 16] 
[4, 20, 24, 23, 3, 9, 1, 14, 11, 25, 7, 27, 15, 5, 21][10, 29, 2, 16, 28, 17, 22, 18, 13, 6, 15][0, 26, 8, 12, 17, 19][11, 25][2, 16][2, 16][2, 16][2, 16][17, 28][17, 28][5, 21][2, 16] 
[4, 20, 24, 23, 3, 9, 1, 14, 11, 25, 7, 27, 15, 5, 21][10, 29, 2, 16, 28, 17, 22, 18, 13, 6, 15][0, 26, 8, 12, 17, 19][11, 25][2, 16][2, 16][2, 16][2, 16][17, 28][17, 28][5, 21][2, 16] 
[4, 20, 24, 23, 3, 9, 1, 14, 11, 25, 7, 27, 15, 5, 21][6, 13, 18, 22, 17, 28, 16, 2, 29, 10][0, 26, 8, 12, 17, 19][2, 21, 15, 27][2, 16][2, 16][17, 28][11, 25][5, 21][11, 25][17, 28][17, 28] 
[4, 20, 24, 23, 3, 9, 1, 14, 11, 25, 7, 27, 15, 5, 21][6, 13, 18, 22, 17, 28, 16, 2, 29, 10][0, 26, 8, 12, 17, 19][2, 21, 15, 27][2, 16][2, 16][17, 28][11, 25][5, 21][11, 25][17, 28][17, 28] 
[4, 20, 24, 23, 3, 9, 1, 14, 11, 25, 7, 27, 15, 5, 21][6, 13, 18, 22, 17, 28, 16, 2, 29, 10][0, 26, 8, 12, 17, 19][2, 16][2, 21][2, 16][17, 28][11, 25][5, 21][11, 25][17, 28][17, 28] 
[4, 20, 24, 23, 3, 9, 1, 14, 11, 25, 7, 27, 15, 5, 21][10, 29, 2, 16, 28, 17, 22, 18, 13, 6, 15][0, 26, 8, 12, 17, 19][11, 25][2, 16][2, 16][2, 16][2, 16][17, 28][17, 28][5, 21][2, 16] 
[4, 20, 24, 23, 3, 9, 1, 14, 11, 25, 7, 27, 15, 5, 21][10, 29, 2, 16, 28, 17, 22, 18, 13, 6, 15][0, 26, 8, 12, 17, 19][11, 25][2, 16][2, 16][2, 16][2, 16][17, 28][17, 28][5, 21][2, 16] 
[4, 20, 24, 23, 3, 9, 1, 14, 11, 25, 7, 27, 15, 5, 21][6, 13, 18, 22, 17, 28, 16, 2, 29, 10][0, 26, 8, 12, 17, 19][2, 21, 15, 27][2, 16][2, 16][17, 28][11, 25][5, 21][11, 25][17, 28][17, 28] 
[4, 20, 24, 23, 3, 9, 1, 14, 11, 25, 7, 27, 15, 5, 21][10, 29, 2, 16, 28, 17, 22, 18, 13, 6, 15][0, 26, 8, 12, 17, 19][11, 25][2, 16][2, 16][2, 16][2, 16][17, 28][17, 28][5, 21][2, 16] 
[4, 20, 24, 23, 3, 9, 1, 14, 11, 25, 7, 27, 15, 5, 21][10, 29, 2, 16, 28, 17, 22, 18, 13, 6, 15][0, 26, 8, 12, 17, 19][11, 25][2, 16][2, 16][2, 16][2, 16][17, 28][17, 28][5, 21][2, 16] 
[4, 20, 24, 23, 3, 9, 1, 14, 11, 25, 7, 27, 15, 5, 21][10, 29, 2, 16, 28, 17, 22, 18, 13, 6, 15][0, 26, 8, 12, 17, 19][11, 25][2, 16][2, 16][2, 16][2, 16][17, 28][17, 28][5, 21][2, 16] 
[4, 20, 24, 23, 3, 9, 1, 14, 11, 25, 7, 27, 15, 5, 21][6, 13, 18, 22, 17, 28, 16, 2, 29, 10][0, 26, 8, 12, 17, 19][2, 21, 15, 27][2, 16][2, 16][17, 28][11, 25][5, 21][11, 25][17, 28][17, 28] 
[4, 20, 24, 23, 3, 9, 1, 14, 11, 25, 7, 27, 15, 5, 21][10, 29, 2, 16, 28, 17, 22, 18, 13, 6, 15][0, 26, 8, 12, 17, 19][11, 25][2, 16][2, 16][2, 16][2, 16][17, 28][17, 28][5, 21][2, 16] 
[4, 20, 24, 23, 3, 9, 1, 14, 11, 25, 7, 27, 15, 5, 21][10, 29, 2, 16, 28, 17, 22, 18, 13, 6, 15][0, 26, 8, 12, 17, 19][11, 25][2, 16][2, 16][2, 16][2, 16][17, 28][17, 28][5, 21][2, 16] 
[4, 20, 24, 23, 3, 9, 1, 14, 11, 25, 7, 27, 15, 5, 21][10, 29, 2, 16, 28, 17, 22, 18, 13, 6, 15][0, 26, 8, 12, 17, 19][11, 25][2, 16][2, 16][2, 16][2, 16][17, 28][17, 28][5, 21][2, 16] 
[4, 20, 24, 23, 3, 9, 1, 14, 11, 25, 7, 27, 15, 5, 21][10, 29, 2, 16, 28, 17, 22, 18, 13, 6, 15][0, 26, 8, 12, 17, 19][2, 16][17, 28][2, 16][2, 16][2, 16][11, 25][11, 25][17, 28][2, 16] 
[4, 20, 24, 23, 3, 9, 1, 14, 11, 25, 7, 27, 15, 5, 21][15, 6, 13, 18, 22, 17, 28, 16, 2, 29][0, 26, 8, 12, 17, 19][2, 16][2, 16][2, 16][10, 29][2, 16][2, 16][2, 16][2, 16][17, 28] 
[4, 20, 24, 23, 3, 9, 1, 14, 11, 25, 7, 27, 15, 5, 21][10, 29, 2, 16, 28, 17, 22, 18, 13, 6, 15][0, 26, 8, 12, 17, 19][11, 25][2, 16][2, 16][2, 16][2, 16][17, 28][17, 28][5, 21][2, 16] 
[4, 20, 24, 23, 3, 9, 1, 14, 11, 25, 7, 27, 15, 5, 21][10, 29, 2, 16, 28, 17, 22, 18, 13, 6, 15][0, 26, 8, 12, 17, 19][11, 25][2, 16][2, 16][2, 16][2, 16][17, 28][17, 28][5, 21][2, 16] 
[4, 20, 24, 23, 3, 9, 1, 14, 11, 25, 7, 27, 15, 5, 21][10, 29, 2, 16, 28, 17, 22, 18, 13, 6, 15][0, 26, 8, 12, 17, 19][11, 25][2, 16][2, 16][2, 16][2, 16][17, 28][17, 28][5, 21][2, 16] 
[23, 9, 3, 1, 14, 24][19, 17, 0, 12, 8, 26][5, 21, 15, 16, 27][18, 13, 6, 2, 29][4, 20, 7, 10][11, 25, 22][7, 16][4, 24][3, 11][18, 22][25, 28][17, 28] 
[23, 9, 3, 1, 14, 24][19, 17, 0, 12, 8, 26][5, 21, 15, 16, 27][18, 13, 6, 2, 29][4, 20, 7, 10][11, 25, 22][4, 24][7, 16][3, 11][18, 22][25, 28][17, 28] 
[19, 17, 0, 12, 8, 26][23, 9, 3, 1, 14, 24][18, 13, 6, 2, 29][5, 21, 15, 16, 27][4, 20, 7, 10][11, 25, 22][17, 28][25, 28][3, 11][18, 22][4, 24][7, 16] 
[23, 9, 3, 1, 14, 24][19, 17, 0, 12, 8, 26][5, 21, 15, 16, 27][18, 13, 6, 2, 29][4, 20, 7, 10][11, 25, 22][4, 24][7, 16][3, 11][18, 22][25, 28][17, 28] 
[23, 9, 3, 1, 14, 24][19, 17, 0, 12, 8, 26][5, 21, 15, 16, 27][18, 13, 6, 2, 29][4, 20, 7, 10][11, 25, 22][4, 24][7, 16][3, 11][18, 22][25, 28][17, 28] 
[23, 9, 3, 1, 14, 24][19, 17, 0, 12, 8, 26][5, 21, 15, 16, 27][18, 13, 6, 2, 29][4, 20, 7, 10][11, 25, 22][4, 24][7, 16][3, 11][18, 22][25, 28][17, 28] 
[23, 9, 3, 1, 14, 24][19, 17, 0, 12, 8, 26][5, 21, 15, 16, 27][18, 13, 6, 2, 29][4, 20, 7, 10][11, 25, 22][4, 24][7, 16][3, 11][18, 22][25, 28][17, 28] 
[23, 9, 3, 1, 14, 24][19, 17, 0, 12, 8, 26][5, 21, 15, 16, 27][18, 13, 6, 2, 29][4, 20, 7, 10][11, 25, 22][4, 24][7, 16][3, 11][25, 28][17, 28][18, 22] 
[23, 9, 3, 1, 14, 24][19, 17, 0, 12, 8, 26][5, 21, 15, 16, 27][18, 13, 6, 2, 29][4, 20, 7, 10][11, 25, 22][4, 24][7, 16][3, 11][25, 28][17, 28][18, 22] 
[23, 9, 3, 1, 14, 24][19, 17, 0, 12, 8, 26][5, 21, 15, 16, 27][18, 13, 6, 2, 29][4, 20, 7, 10][11, 25, 22][4, 24][7, 16][3, 11][18, 22][25, 28][17, 28] 
[23, 9, 3, 1, 14, 24][19, 17, 0, 12, 8, 26][5, 21, 15, 16, 27][18, 13, 6, 2, 29][4, 20, 7, 10][11, 25, 22][4, 24][7, 16][3, 11][18, 22][25, 28][17, 28] 
[23, 9, 3, 1, 14, 24][19, 17, 0, 12, 8, 26][5, 21, 15, 16, 27][18, 13, 6, 2, 29][4, 20, 7, 10][11, 25, 22][4, 24][7, 16][3, 11][18, 22][25, 28][17, 28] 
[23, 9, 3, 1, 14, 24][19, 17, 0, 12, 8, 26][5, 21, 15, 16, 27][18, 13, 6, 2, 29][4, 20, 7, 10][11, 25, 22][4, 24][7, 16][3, 11][18, 22][25, 28][17, 28] 
[19, 17, 0, 12, 8, 26][23, 9, 3, 1, 14, 24][18, 13, 6, 2, 29][5, 21, 15, 16, 27][4, 20, 7, 10][11, 25, 22][17, 28][25, 28][3, 11][18, 22][4, 24][7, 16] 
[23, 9, 3, 1, 14, 24][19, 17, 0, 12, 8, 26][5, 21, 15, 16, 27][18, 13, 6, 2, 29][4, 20, 7, 10][11, 25, 22][4, 24][7, 16][3, 11][18, 22][25, 28][17, 28] 
[23, 9, 3, 1, 14, 24][5, 21, 10, 15, 16, 27][0, 26, 8, 12, 17, 19][18, 13, 6, 2, 29][11, 25, 22][1, 24, 4][4, 20, 7][18, 22][3, 11][7, 10][25, 28][17, 28] 
[23, 9, 3, 1, 14, 24][5, 21, 10, 15, 16, 27][0, 26, 8, 12, 17, 19][18, 13, 6, 2, 29][4, 20, 7][1, 24, 4][11, 25, 22][3, 11][7, 10][25, 28][18, 22][17, 28] 
[0, 26, 8, 12, 17, 19][23, 9, 3, 1, 14, 24][5, 21, 10, 15, 16, 27][18, 13, 6, 2, 29][11, 25, 22][1, 24, 4][4, 20, 7][17, 28][25, 28][18, 22][3, 11][7, 10] 
[23, 9, 3, 1, 14, 24][5, 21, 10, 15, 16, 27][0, 26, 8, 12, 17, 19][18, 13, 6, 2, 29][11, 25, 22][1, 24, 4][4, 20, 7][18, 22][3, 11][7, 10][25, 28][17, 28] 
[23, 9, 3, 1, 14, 24][5, 21, 10, 15, 16, 27][0, 26, 8, 12, 17, 19][18, 13, 6, 2, 29][11, 25, 22][1, 24, 4][4, 20, 7][18, 22][3, 11][7, 10][25, 28][17, 28] 
[5, 21, 10, 15, 16, 7, 27][23, 9, 3, 1, 14, 24][0, 26, 8, 12, 17, 19][18, 13, 6, 2, 29][11, 25, 22][18, 22][3, 11][4, 24][7, 20][25, 28][17, 28][4, 20] 
[23, 9, 3, 1, 14, 24][19, 17, 0, 12, 8, 26][5, 21, 15, 16, 27][18, 13, 6, 2, 29][4, 20, 7, 10][11, 25, 22][4, 24][7, 16][3, 11][18, 22][25, 28][17, 28] 
[23, 9, 3, 1, 14, 24][19, 17, 0, 12, 8, 26][5, 21, 15, 16, 27][18, 13, 6, 2, 29][4, 20, 7, 10][11, 25, 22][4, 24][7, 16][3, 11][18, 22][25, 28][17, 28] 
[23, 9, 3, 1, 14, 24][19, 17, 0, 12, 8, 26][5, 21, 15, 16, 27][18, 13, 6, 2, 29][4, 20, 7, 10][11, 25, 22][4, 24][7, 16][3, 11][18, 22][25, 28][17, 28] 
[23, 9, 3, 1, 14, 24][19, 17, 0, 12, 8, 26][5, 21, 15, 16, 27][18, 13, 6, 2, 29][4, 20, 7, 10][11, 25, 22][4, 24][7, 16][3, 11][18, 22][25, 28][17, 28] 
[23, 9, 3, 1, 14, 24][19, 17, 0, 12, 8, 26][5, 21, 15, 16, 27][18, 13, 6, 2, 29][4, 20, 7, 10][11, 25, 22][4, 24][7, 16][3, 11][18, 22][25, 28][17, 28] 
[23, 9, 3, 1, 14, 24][5, 21, 10, 15, 16, 27][0, 26, 8, 12, 17, 19][18, 13, 6, 2, 29][11, 25, 22][4, 20, 7][18, 22][25, 28][3, 11][4, 24][7, 16][17, 28] 
[23, 9, 3, 1, 14, 24][19, 17, 0, 12, 8, 26][5, 21, 15, 16, 27][18, 13, 6, 2, 29][4, 20, 7, 10][11, 25, 22][4, 24][7, 16][3, 11][18, 22][25, 28][17, 28] 
[23, 9, 3, 1, 14, 24][5, 21, 10, 15, 16, 27][0, 26, 8, 12, 17, 19][18, 13, 6, 2, 29][11, 25, 22][1, 24, 4][4, 20, 7][18, 22][3, 11][7, 10][25, 28][17, 28] 
[23, 9, 3, 1, 14, 24][5, 21, 10, 15, 16, 27][0, 26, 8, 12, 17, 19][18, 13, 6, 2, 29][4, 20, 7][1, 24, 4][11, 25, 22][3, 11][7, 10][25, 28][18, 22][17, 28] 
[23, 9, 3, 1, 14, 24][5, 21, 10, 15, 16, 27][0, 26, 8, 12, 17, 19][18, 13, 6, 2, 29][11, 25, 22][1, 24, 4][4, 20, 7][18, 22][3, 11][7, 10][25, 28][17, 28] 
[23, 9, 3, 1, 14, 24][5, 21, 10, 15, 16, 27][0, 26, 8, 12, 17, 19][18, 13, 6, 2, 29][11, 25, 22][1, 24, 4][4, 20, 7][18, 22][3, 11][7, 10][25, 28][17, 28] 
[23, 9, 3, 1, 14, 24][5, 21, 10, 15, 16, 27][0, 26, 8, 12, 17, 19][18, 13, 6, 2, 29][11, 25, 22][1, 24, 4][4, 20, 7][18, 22][3, 11][7, 10][25, 28][17, 28] 
[0, 26, 8, 12, 17, 19][23, 9, 3, 1, 14, 24][5, 21, 10, 15, 16, 27][18, 13, 6, 2, 29][11, 25, 22][1, 24, 4][4, 20, 7][25, 28][17, 28][18, 22][3, 11][7, 10] 
[0, 26, 8, 12, 17, 19][23, 9, 3, 1, 14, 24][5, 21, 10, 15, 16, 27][18, 13, 6, 2, 29][11, 25, 22][1, 24, 4][4, 20, 7][17, 28][25, 28][3, 11][18, 22][7, 10] 
[23, 9, 3, 1, 14, 24][5, 21, 10, 15, 16, 27][0, 26, 8, 12, 17, 19][18, 13, 6, 2, 29][11, 25, 22][1, 24, 4][4, 20, 7][18, 22][3, 11][7, 10][25, 28][17, 28] 
[0, 26, 8, 12, 17, 19][23, 9, 3, 1, 14, 24][5, 21, 10, 15, 16, 27][18, 13, 6, 2, 29][11, 25, 22][1, 24, 4][4, 20, 7][25, 28][17, 28][18, 22][3, 11][7, 10] 
[5, 21, 10, 15, 16, 27][23, 9, 3, 1, 14, 24][0, 26, 8, 12, 17, 19][18, 13, 6, 2, 29][4, 20, 7][1, 24, 4][11, 25, 22][7, 10][3, 11][18, 22][25, 28][17, 28] 
[0, 26, 8, 12, 17, 19][23, 9, 3, 1, 14, 24][5, 21, 10, 15, 16, 27][18, 13, 6, 2, 29][11, 25, 22][1, 24, 4][4, 20, 7][17, 28][25, 28][3, 11][18, 22][7, 10] 
[5, 21, 10, 15, 16, 27][23, 9, 3, 1, 14, 24][0, 26, 8, 12, 17, 19][18, 13, 6, 2, 29][4, 20, 7][1, 24, 4][11, 25, 22][7, 10][3, 11][18, 22][25, 28][17, 28] 
[0, 26, 8, 12, 17, 19][23, 9, 3, 1, 14, 24][5, 21, 10, 15, 16, 27][18, 13, 6, 2, 29][11, 25, 22][1, 24, 4][4, 20, 7][25, 28][17, 28][18, 22][3, 11][7, 10] 
[23, 9, 3, 1, 14, 24][5, 21, 10, 15, 16, 27][0, 26, 8, 12, 17, 19][18, 13, 6, 2, 29][11, 25, 22][1, 24, 4][4, 20, 7][18, 22][3, 11][7, 10][25, 28][17, 28] 
[0, 26, 8, 12, 17, 19][23, 9, 3, 1, 14, 24][5, 21, 10, 15, 16, 27][18, 13, 6, 2, 29][11, 25, 22][1, 24, 4][4, 20, 7][17, 28][25, 28][18, 22][3, 11][7, 10] 
[5, 21, 10, 15, 16, 7, 27][23, 9, 3, 1, 14, 24][0, 26, 8, 12, 17, 19][18, 13, 6, 2, 29][4, 20, 7][11, 25, 22][4, 24][3, 11][25, 28][18, 22][17, 28][8, 26] 
[5, 21, 10, 15, 16, 7, 27][23, 9, 3, 1, 14, 24][0, 26, 8, 12, 17, 19][18, 13, 6, 2, 29][4, 20, 7][11, 25, 22][4, 24][3, 11][25, 28][18, 22][17, 28][8, 26] 
[5, 21, 10, 15, 16, 7, 27][23, 9, 3, 1, 14, 24][0, 26, 8, 12, 17, 19][18, 13, 6, 2, 29][4, 20, 7][11, 25, 22][4, 24][3, 11][25, 28][18, 22][17, 28][8, 26] 
[5, 21, 10, 15, 16, 7, 27][23, 9, 3, 1, 14, 24][0, 26, 8, 12, 17, 19][18, 13, 6, 2, 29][4, 20, 7][11, 25, 22][4, 24][3, 11][25, 28][18, 22][17, 28][8, 26] 
[5, 21, 10, 15, 16, 7, 27][23, 9, 3, 1, 14, 24][0, 26, 8, 12, 17, 19][18, 13, 6, 2, 29][4, 20, 7][11, 25, 22][4, 24][3, 11][25, 28][18, 22][17, 28][8, 26] 
[5, 21, 10, 15, 16, 7, 27][23, 9, 3, 1, 14, 24][0, 26, 8, 12, 17, 19][18, 13, 6, 2, 29][3, 11, 25][4, 20, 7][18, 22][22, 25][25, 28][4, 24][17, 28][8, 26] 
[23, 9, 3, 1, 14, 24][5, 21, 10, 15, 16, 27][0, 26, 8, 12, 17, 19][18, 13, 6, 2, 29][4, 20, 7][11, 25, 22][4, 24][3, 11][25, 28][18, 22][7, 16][17, 28] 
[5, 21, 10, 15, 16, 27][23, 9, 3, 1, 14, 24][0, 26, 8, 12, 17, 19][18, 13, 6, 2, 29][4, 20, 7][11, 25, 22][7, 16][4, 24][3, 11][18, 22][25, 28][17, 28] 
[23, 9, 3, 1, 14, 24][5, 21, 10, 15, 16, 27][0, 26, 8, 12, 17, 19][18, 13, 6, 2, 29][11, 25, 22][4, 20, 7][18, 22][25, 28][3, 11][4, 24][7, 16][17, 28] 
[23, 9, 3, 1, 14, 24][5, 21, 10, 15, 16, 27][0, 26, 8, 12, 17, 19][18, 13, 6, 2, 29][11, 25, 22][4, 20, 7][18, 22][25, 28][3, 11][4, 24][7, 16][17, 28] 
[23, 9, 3, 1, 14, 24][5, 21, 10, 15, 16, 27][0, 26, 8, 12, 17, 19][18, 13, 6, 2, 29][4, 20, 7][11, 25, 22][4, 24][3, 11][25, 28][18, 22][7, 16][17, 28] 
[0, 26, 8, 12, 17, 19][23, 9, 3, 1, 14, 24][5, 21, 10, 15, 16, 27][18, 13, 6, 2, 29][11, 25, 22][1, 24, 4][4, 20, 7][17, 28][25, 28][18, 22][3, 11][7, 10] 
[23, 9, 3, 1, 14, 24][0, 26, 8, 12, 17, 19][5, 21, 15, 16, 27][18, 13, 6, 2, 29][4, 20, 7, 10][11, 25, 22][7, 16][4, 24][3, 11][18, 22][25, 28][17, 28] 
