[3, 1, 9, 14, 20, 24, 23][18, 22, 19, 8, 26][2, 29, 15, 16][4, 7, 27, 10][0, 12, 17, 11][13, 6, 5, 21][17, 28, 25][10, 29][16, 28][0, 18][10, 21][7, 20] 
[3, 1, 9, 14, 20, 24, 23][18, 22, 19, 8, 26][4, 7, 27, 10][2, 29, 15, 16][0, 12, 17, 11][13, 6, 5, 21][17, 28, 25][7, 20][10, 29][16, 28][0, 18][10, 21] 
[3, 1, 9, 14, 20, 24, 23][18, 22, 19, 8, 26][2, 29, 15, 16][4, 7, 27, 10][0, 12, 17, 11][13, 6, 5, 21][17, 28, 25][10, 29][16, 28][0, 18][10, 21][7, 20] 
[3, 1, 9, 14, 20, 24, 23][18, 22, 19, 8, 26][0, 12, 17, 11][2, 29, 15, 16][4, 7, 27, 10][13, 6, 5, 21][17, 28, 25][0, 18][16, 28][10, 29][7, 20][10, 21] 
[3, 1, 9, 14, 20, 24, 23][18, 22, 19, 8, 26][4, 7, 27, 10][13, 6, 5, 21][2, 29, 15, 16][11, 17, 28, 25][0, 12, 17][7, 20][10, 21][10, 29][16, 28][0, 18] 
[3, 1, 9, 14, 20, 24, 23][18, 22, 19, 8, 26][4, 7, 27, 10][2, 29, 15, 16][13, 6, 5, 21][11, 17, 28, 25][0, 12, 17][10, 29][7, 20][10, 21][16, 28][0, 18] 
[3, 1, 9, 14, 20, 24, 23][18, 22, 19, 8, 26][11, 17, 28, 25][2, 29, 15, 16][4, 7, 27, 10][13, 6, 5, 21][0, 12, 17][16, 28][0, 18][10, 29][10, 21][7, 20] 
[3, 1, 9, 14, 20, 24, 23][18, 22, 19, 8, 26][4, 7, 27, 10][13, 6, 5, 21][2, 29, 15, 16][11, 17, 28, 25][0, 12, 17][7, 20][10, 21][10, 29][16, 28][0, 18] 
[3, 1, 9, 14, 20, 24, 23][18, 22, 19, 8, 26][11, 17, 28, 25][2, 29, 15, 16][4, 7, 27, 10][13, 6, 5, 21][0, 12, 17][16, 28][0, 18][10, 29][10, 21][7, 20] 
[3, 1, 9, 14, 20, 24, 23][18, 22, 19, 8, 26][4, 7, 27, 10][13, 6, 5, 21][2, 29, 15, 16][11, 17, 28, 25][0, 12, 17][7, 20][10, 21][10, 29][16, 28][0, 18] 
[3, 1, 9, 14, 20, 24, 23][18, 22, 19, 8, 26][0, 12, 17, 11][2, 29, 15, 16][4, 7, 27, 10][13, 6, 5, 21][17, 28, 25][16, 28][0, 18][10, 29][7, 20][10, 21] 
[3, 1, 9, 14, 20, 24, 23][18, 22, 19, 8, 26][13, 6, 5, 21][4, 7, 27, 10][2, 29, 15, 16][0, 12, 17, 11][17, 28, 25][10, 21][7, 20][10, 29][16, 28][0, 18] 
[3, 1, 9, 14, 20, 24, 23][18, 22, 19, 8, 26][0, 12, 17, 11][2, 29, 15, 16][4, 7, 27, 10][13, 6, 5, 21][17, 28, 25][0, 18][16, 28][10, 29][7, 20][10, 21] 
[3, 1, 9, 14, 20, 24, 23][18, 22, 19, 8, 26][11, 17, 28, 25][2, 29, 15, 16][4, 7, 27, 10][13, 6, 5, 21][0, 12, 17][16, 28][10, 29][10, 21][7, 20][0, 18] 
[3, 1, 9, 14, 20, 24, 23][18, 22, 19, 8, 26][11, 17, 28, 25][2, 29, 15, 16][4, 7, 27, 10][13, 6, 5, 21][0, 12, 17][16, 28][10, 29][10, 21][7, 20][0, 18] 
[3, 1, 9, 14, 20, 24, 23][18, 22, 19, 8, 26][4, 7, 27, 10][13, 6, 5, 21][2, 29, 15, 16][11, 17, 28, 25][0, 12, 17][7, 20][10, 21][10, 29][16, 28][0, 18] 
[3, 1, 9, 14, 20, 24, 23][18, 22, 19, 8, 26][4, 7, 27, 10][13, 6, 5, 21][2, 29, 15, 16][0, 12, 17, 11][17, 28, 25][10, 21][10, 29][16, 28][0, 18][7, 20] 
[3, 1, 9, 14, 20, 24, 23][18, 22, 19, 8, 26][13, 6, 5, 21][4, 7, 27, 10][2, 29, 15, 16][0, 12, 17, 11][17, 28, 25][10, 21][7, 20][10, 29][16, 28][0, 18] 
[3, 1, 9, 14, 20, 24, 23][18, 22, 19, 8, 26][13, 6, 5, 21][4, 7, 27, 10][2, 29, 15, 16][11, 17, 28, 25][0, 12, 17][10, 21][7, 20][10, 29][16, 28][0, 18] 
[3, 1, 9, 14, 20, 24, 23][18, 22, 19, 8, 26][4, 7, 27, 10][2, 29, 15, 16][13, 6, 5, 21][0, 12, 17, 11][17, 28, 25][7, 20][10, 29][10, 21][16, 28][0, 18] 
[3, 1, 9, 14, 20, 24, 23][18, 22, 19, 8, 26][2, 29, 15, 16][4, 7, 27, 10][0, 12, 17, 11][13, 6, 5, 21][17, 28, 25][10, 29][16, 28][0, 18][10, 21][7, 20] 
[3, 1, 9, 14, 20, 24, 23][18, 22, 19, 8, 26][2, 29, 15, 16][0, 12, 17, 11][4, 7, 27, 10][13, 6, 5, 21][17, 28, 25][16, 28][0, 18][10, 29][10, 21][7, 20] 
[3, 1, 9, 14, 20, 24, 23][18, 22, 19, 8, 26][0, 12, 17, 11][2, 29, 15, 16][4, 7, 27, 10][13, 6, 5, 21][17, 28, 25][0, 18][16, 28][10, 29][7, 20][10, 21] 
[3, 1, 9, 14, 20, 24, 23][18, 22, 19, 8, 26][4, 7, 27, 10][2, 29, 15, 16][11, 17, 28, 25][13, 6, 5, 21][0, 12, 17][10, 29][7, 20][16, 28][0, 18][10, 21] 
[3, 1, 9, 14, 20, 24, 23][18, 22, 19, 8, 26][4, 7, 27, 10][2, 29, 15, 16][13, 6, 5, 21][11, 17, 28, 25][0, 12, 17][10, 29][7, 20][10, 21][16, 28][0, 18] 
[3, 1, 9, 14, 20, 24, 23][18, 22, 19, 8, 26][11, 17, 28, 25][2, 29, 15, 16][4, 7, 27, 10][13, 6, 5, 21][0, 12, 17][0, 18][16, 28][10, 29][7, 20][10, 21] 
[3, 1, 9, 14, 20, 24, 23][18, 22, 19, 8, 26][0, 12, 17, 11][2, 29, 15, 16][4, 7, 27, 10][13, 6, 5, 21][17, 28, 25][0, 18][16, 28][10, 29][10, 21][7, 20] 
[3, 1, 9, 14, 20, 24, 23][18, 22, 19, 8, 26][2, 29, 15, 16][4, 7, 27, 10][0, 12, 17, 11][13, 6, 5, 21][17, 28, 25][10, 29][16, 28][0, 18][10, 21][7, 20] 
[3, 1, 9, 14, 20, 24, 23][18, 22, 19, 8, 26][13, 6, 5, 21][4, 7, 27, 10][2, 29, 15, 16][11, 17, 28, 25][0, 12, 17][10, 21][7, 20][10, 29][16, 28][0, 18] 
[3, 1, 9, 14, 20, 24, 23][18, 22, 19, 8, 26][4, 7, 27, 10][13, 6, 5, 21][2, 29, 15, 16][0, 12, 17, 11][17, 28, 25][10, 21][10, 29][16, 28][0, 18][7, 20] 
[3, 1, 9, 14, 20, 24, 23][18, 22, 19, 8, 26][4, 7, 27, 10][13, 6, 5, 21][2, 29, 15, 16][0, 12, 17, 11][17, 28, 25][10, 21][10, 29][7, 20][16, 28][0, 18] 
[3, 1, 9, 14, 20, 24, 23][18, 22, 19, 8, 26][0, 12, 17, 11][2, 29, 15, 16][4, 7, 27, 10][13, 6, 5, 21][17, 28, 25][16, 28][0, 18][10, 29][7, 20][10, 21] 
[3, 1, 9, 14, 20, 24, 23][18, 22, 19, 8, 26][11, 17, 28, 25][2, 29, 15, 16][4, 7, 27, 10][13, 6, 5, 21][0, 12, 17][0, 18][16, 28][10, 29][7, 20][10, 21] 
[3, 1, 9, 14, 20, 24, 23][18, 22, 19, 8, 26][4, 7, 27, 10][13, 6, 5, 21][2, 29, 15, 16][0, 12, 17, 11][17, 28, 25][10, 21][10, 29][7, 20][16, 28][0, 18] 
[3, 1, 9, 14, 20, 24, 23][18, 22, 19, 8, 26][2, 29, 15, 16][4, 7, 27, 10][0, 12, 17, 11][13, 6, 5, 21][17, 28, 25][10, 29][16, 28][0, 18][10, 21][7, 20] 
[2, 21, 10, 29, 15, 5, 6, 13, 0, 17, 18, 22][12, 0, 25, 11, 3, 1, 9, 14, 20, 24, 23][4, 7, 27, 10][18, 19, 8, 26][6, 16][17, 28][10, 21][11, 25][10, 21][6, 13][10, 21][6, 13] 
[2, 21, 10, 29, 15, 5, 6, 13, 0, 17, 18, 22][12, 0, 25, 11, 3, 1, 9, 14, 20, 24, 23][4, 7, 27, 10][18, 19, 8, 26][6, 16][17, 28][10, 21][11, 25][10, 21][6, 13][10, 21][6, 13] 
[2, 21, 10, 29, 15, 5, 6, 13, 0, 17, 18, 22][12, 0, 25, 11, 3, 1, 9, 14, 20, 24, 23][4, 7, 27, 10][18, 19, 8, 26][6, 16][17, 28][10, 21][11, 25][10, 21][6, 13][10, 21][6, 13] 
[22, 18, 17, 0, 13, 6, 5, 15, 29, 10, 21, 2, 27][4, 23, 24, 20, 14, 9, 1, 3, 11][18, 19, 8, 26][11, 25, 28, 17][8, 19][7, 20][15, 16][12, 17][0, 13][10, 21][0, 13][0, 13] 
[22, 18, 17, 0, 13, 6, 5, 15, 29, 10, 21, 2, 27][4, 23, 24, 20, 14, 9, 1, 3, 11][18, 19, 8, 26][11, 25, 28, 17][8, 19][7, 20][15, 16][12, 17][0, 13][10, 21][0, 13][0, 13] 
[2, 21, 10, 29, 15, 5, 6, 13, 0, 17, 18, 22][4, 23, 24, 20, 14, 9, 1, 3, 11][18, 19, 8, 26][4, 7, 27, 10][11, 25, 28][16, 28][23, 24][12, 17][10, 21][7, 27][10, 29][0, 13] 
[2, 21, 10, 29, 15, 5, 6, 13, 0, 17, 18, 22][12, 0, 25, 11, 3, 1, 9, 14, 20, 24, 23][4, 7, 27, 10][18, 19, 8, 26][6, 16][17, 28][10, 21][11, 25][10, 21][6, 13][10, 21][6, 13] 
[2, 21, 10, 29, 15, 5, 6, 13, 0, 17, 18, 22][12, 0, 25, 11, 3, 1, 9, 14, 20, 24, 23][4, 7, 27, 10][18, 19, 8, 26][6, 16][17, 28][10, 21][11, 25][10, 21][6, 13][10, 21][6, 13] 
[22, 18, 17, 0, 13, 6, 5, 15, 29, 10, 21, 2, 27][4, 23, 24, 20, 14, 9, 1, 3, 11][18, 19, 8, 26][11, 25, 28, 17][8, 19][7, 20][15, 16][12, 17][0, 13][10, 21][0, 13][0, 13] 
[2, 21, 10, 29, 15, 5, 6, 13, 0, 17, 18, 22][12, 0, 25, 11, 3, 1, 9, 14, 20, 24, 23][4, 7, 27, 10][18, 19, 8, 26][6, 16][17, 28][10, 21][11, 25][10, 21][6, 13][10, 21][6, 13] 
[2, 21, 10, 29, 15, 5, 6, 13, 0, 17, 18, 22][12, 0, 25, 11, 3, 1, 9, 14, 20, 24, 23][4, 7, 27, 10][18, 19, 8, 26][6, 16][17, 28][10, 21][11, 25][10, 21][6, 13][10, 21][6, 13] 
[2, 21, 10, 29, 15, 5, 6, 13, 0, 17, 18, 22][12, 0, 25, 11, 3, 1, 9, 14, 20, 24, 23][4, 7, 27, 10][18, 19, 8, 26][6, 16][17, 28][10, 21][11, 25][10, 21][6, 13][10, 21][6, 13] 
[22, 18, 17, 0, 13, 6, 5, 15, 29, 10, 21, 2, 27][4, 23, 24, 20, 14, 9, 1, 3, 11][18, 19, 8, 26][11, 25, 28, 17][8, 19][7, 20][15, 16][12, 17][0, 13][10, 21][0, 13][0, 13] 
[2, 21, 10, 29, 15, 5, 6, 13, 0, 17, 18, 22][12, 0, 25, 11, 3, 1, 9, 14, 20, 24, 23][4, 7, 27, 10][18, 19, 8, 26][6, 16][17, 28][10, 21][11, 25][10, 21][6, 13][10, 21][6, 13] 
[2, 21, 10, 29, 15, 5, 6, 13, 0, 17, 18, 22][12, 0, 25, 11, 3, 1, 9, 14, 20, 24, 23][4, 7, 27, 10][18, 19, 8, 26][6, 16][17, 28][10, 21][11, 25][10, 21][6, 13][10, 21][6, 13] 
[2, 21, 10, 29, 15, 5, 6, 13, 0, 17, 18, 22][12, 0, 25, 11, 3, 1, 9, 14, 20, 24, 23][4, 7, 27, 10][18, 19, 8, 26][6, 16][17, 28][10, 21][11, 25][10, 21][6, 13][10, 21][6, 13] 
[2, 21, 10, 29, 15, 5, 6, 13, 0, 17, 18, 22][12, 0, 25, 11, 3, 1, 9, 14, 20, 24, 23][4, 7, 27, 10][18, 19, 8, 26][6, 16][17, 28][10, 21][11, 25][10, 21][6, 13][10, 21][6, 13] 
[12, 0, 25, 11, 3, 1, 9, 14, 20, 24, 23][21, 10, 29, 15, 5, 6, 13, 0, 17, 18, 22][4, 7, 27, 10][18, 19, 8, 26][2, 21][17, 28][6, 16][11, 25][11, 25][11, 25][6, 13][11, 25] 
[2, 21, 10, 29, 15, 5, 6, 13, 0, 17, 18, 22][12, 0, 25, 11, 3, 1, 9, 14, 20, 24, 23][4, 7, 27, 10][18, 19, 8, 26][6, 16][17, 28][10, 21][11, 25][10, 21][6, 13][10, 21][6, 13] 
[2, 21, 10, 29, 15, 5, 6, 13, 0, 17, 18, 22][12, 0, 25, 11, 3, 1, 9, 14, 20, 24, 23][4, 7, 27, 10][18, 19, 8, 26][6, 16][17, 28][10, 21][11, 25][10, 21][6, 13][10, 21][6, 13] 
[2, 21, 10, 29, 15, 5, 6, 13, 0, 17, 18, 22][12, 0, 25, 11, 3, 1, 9, 14, 20, 24, 23][4, 7, 27, 10][18, 19, 8, 26][6, 16][17, 28][10, 21][11, 25][10, 21][6, 13][10, 21][6, 13] 
[3, 1, 9, 14, 20, 24, 23][18, 22, 19, 8, 26][11, 17, 28, 25][2, 29, 15, 16][4, 7, 27, 10][13, 6, 5, 21][0, 12, 17][16, 28][10, 29][0, 18][7, 20][10, 21] 
[3, 1, 9, 14, 20, 24, 23][18, 22, 19, 8, 26][13, 6, 5, 21][4, 7, 27, 10][2, 29, 15, 16][11, 17, 28, 25][0, 12, 17][10, 21][10, 29][16, 28][7, 20][0, 18] 
[3, 1, 9, 14, 20, 24, 23][18, 22, 19, 8, 26][4, 7, 27, 10][13, 6, 5, 21][2, 29, 15, 16][11, 17, 28, 25][0, 12, 17][7, 20][10, 21][10, 29][16, 28][0, 18] 
[3, 1, 9, 14, 20, 24, 23][18, 22, 19, 8, 26][4, 7, 27, 10][2, 29, 15, 16][11, 17, 28, 25][13, 6, 5, 21][0, 12, 17][10, 29][7, 20][16, 28][0, 18][10, 21] 
[3, 1, 9, 14, 20, 24, 23][18, 22, 19, 8, 26][4, 7, 27, 10][13, 6, 5, 21][2, 29, 15, 16][11, 17, 28, 25][0, 12, 17][7, 20][10, 21][10, 29][16, 28][0, 18] 
[3, 1, 9, 14, 20, 24, 23][18, 22, 19, 8, 26][2, 29, 15, 16][11, 17, 28, 25][4, 7, 27, 10][13, 6, 5, 21][0, 12, 17][16, 28][0, 18][10, 29][10, 21][7, 20] 
[3, 1, 9, 14, 20, 24, 23][18, 22, 19, 8, 26][11, 17, 28, 25][2, 29, 15, 16][4, 7, 27, 10][13, 6, 5, 21][0, 12, 17][0, 18][16, 28][10, 29][7, 20][10, 21] 
[3, 1, 9, 14, 20, 24, 23][18, 22, 19, 8, 26][11, 17, 28, 25][2, 29, 15, 16][4, 7, 27, 10][13, 6, 5, 21][0, 12, 17][0, 18][16, 28][10, 29][7, 20][10, 21] 
[3, 1, 9, 14, 20, 24, 23][18, 22, 19, 8, 26][4, 7, 27, 10][13, 6, 5, 21][2, 29, 15, 16][11, 17, 28, 25][0, 12, 17][7, 20][10, 21][10, 29][16, 28][0, 18] 
[3, 1, 9, 14, 20, 24, 23][18, 22, 19, 8, 26][2, 29, 15, 16][11, 17, 28, 25][4, 7, 27, 10][13, 6, 5, 21][0, 12, 17][16, 28][10, 29][0, 18][10, 21][7, 20] 
[3, 1, 9, 14, 20, 24, 23][18, 22, 19, 8, 26][11, 17, 28, 25][2, 29, 15, 16][4, 7, 27, 10][13, 6, 5, 21][0, 12, 17][0, 18][16, 28][10, 29][7, 20][10, 21] 
[3, 1, 9, 14, 20, 24, 23][18, 22, 19, 8, 26][4, 7, 27, 10][13, 6, 5, 21][2, 29, 15, 16][11, 17, 28, 25][0, 12, 17][7, 20][10, 21][10, 29][16, 28][0, 18] 
[3, 1, 9, 14, 20, 24, 23][18, 22, 19, 8, 26][11, 17, 28, 25][2, 29, 15, 16][4, 7, 27, 10][13, 6, 5, 21][0, 12, 17][0, 18][16, 28][10, 29][7, 20][10, 21] 
[3, 1, 9, 14, 20, 24, 23][18, 22, 19, 8, 26][4, 7, 27, 10][13, 6, 5, 21][2, 29, 15, 16][11, 17, 28, 25][0, 12, 17][7, 20][10, 21][10, 29][16, 28][0, 18] 
[3, 1, 9, 14, 20, 24, 23][18, 22, 19, 8, 26][13, 6, 5, 21][4, 7, 27, 10][2, 29, 15, 16][11, 17, 28, 25][0, 12, 17][10, 21][7, 20][10, 29][16, 28][0, 18] 
[3, 1, 9, 14, 20, 24, 23][18, 22, 19, 8, 26][13, 6, 5, 21][4, 7, 27, 10][2, 29, 15, 16][0, 12, 17, 11][17, 28, 25][10, 21][10, 29][16, 28][7, 20][0, 18] 
[3, 1, 9, 14, 20, 24, 23][18, 22, 19, 8, 26][2, 29, 15, 16][4, 7, 27, 10][0, 12, 17, 11][13, 6, 5, 21][17, 28, 25][10, 29][16, 28][0, 18][10, 21][7, 20] 
[3, 1, 9, 14, 20, 24, 23][18, 22, 19, 8, 26][4, 7, 27, 10][13, 6, 5, 21][2, 29, 15, 16][0, 12, 17, 11][17, 28, 25][10, 21][10, 29][7, 20][16, 28][0, 18] 
[3, 1, 9, 14, 20, 24, 23][18, 22, 19, 8, 26][0, 12, 17, 11][2, 29, 15, 16][4, 7, 27, 10][13, 6, 5, 21][17, 28, 25][0, 18][16, 28][10, 29][10, 21][7, 20] 
[3, 1, 9, 14, 20, 24, 23][18, 22, 19, 8, 26][2, 29, 15, 16][4, 7, 27, 10][0, 12, 17, 11][13, 6, 5, 21][17, 28, 25][10, 29][16, 28][0, 18][10, 21][7, 20] 
[3, 1, 9, 14, 20, 24, 23][18, 22, 19, 8, 26][11, 25, 28, 17][2, 29, 15, 16][4, 7, 27, 10][13, 6, 5, 21][0, 12, 17][16, 28][10, 29][7, 20][0, 18][10, 21] 
[3, 1, 9, 14, 20, 24, 23][18, 22, 19, 8, 26][2, 29, 15, 16][11, 17, 28, 25][4, 7, 27, 10][13, 6, 5, 21][0, 12, 17][16, 28][10, 29][0, 18][10, 21][7, 20] 
[3, 1, 9, 14, 20, 24, 23][18, 22, 19, 8, 26][13, 6, 5, 21][4, 7, 27, 10][2, 29, 15, 16][11, 17, 28, 25][0, 12, 17][10, 21][10, 29][16, 28][7, 20][0, 18] 
[3, 1, 9, 14, 20, 24, 23][18, 22, 19, 8, 26][2, 29, 15, 16][11, 17, 28, 25][4, 7, 27, 10][13, 6, 5, 21][0, 12, 17][16, 28][0, 18][10, 29][10, 21][7, 20] 
[3, 1, 9, 14, 20, 24, 23][18, 22, 19, 8, 26][13, 6, 5, 21][4, 7, 27, 10][2, 29, 15, 16][11, 17, 28, 25][0, 12, 17][10, 21][10, 29][16, 28][0, 18][7, 20] 
[3, 1, 9, 14, 20, 24, 23][18, 22, 19, 8, 26][13, 6, 5, 21][4, 7, 27, 10][2, 29, 15, 16][11, 17, 28, 25][0, 12, 17][10, 21][10, 29][16, 28][7, 20][0, 18] 
[3, 1, 9, 14, 20, 24, 23][18, 22, 19, 8, 26][2, 29, 15, 16][4, 7, 27, 10][13, 6, 5, 21][11, 17, 28, 25][0, 12, 17][10, 29][7, 20][10, 21][16, 28][0, 18] 
[3, 1, 9, 14, 20, 24, 23][18, 22, 19, 8, 26][13, 6, 5, 21][4, 7, 27, 10][2, 29, 15, 16][11, 17, 28, 25][0, 12, 17][10, 21][10, 29][16, 28][7, 20][0, 18] 
[3, 1, 9, 14, 20, 24, 23][18, 22, 19, 8, 26][4, 7, 27, 10][13, 6, 5, 21][2, 29, 15, 16][0, 12, 17, 11][17, 28, 25][10, 21][10, 29][7, 20][16, 28][0, 18] 
[3, 1, 9, 14, 20, 24, 23][18, 22, 19, 8, 26][2, 29, 15, 16][4, 7, 27, 10][0, 12, 17, 11][13, 6, 5, 21][17, 28, 25][10, 29][16, 28][0, 18][10, 21][7, 20] 
[3, 1, 9, 14, 20, 24, 23][18, 22, 19, 8, 26][2, 29, 15, 16][4, 7, 27, 10][0, 12, 17, 11][13, 6, 5, 21][17, 28, 25][10, 29][16, 28][0, 18][10, 21][7, 20] 
[3, 1, 9, 14, 20, 24, 23][18, 22, 19, 8, 26][0, 12, 17, 11][2, 29, 15, 16][4, 7, 27, 10][13, 6, 5, 21][17, 28, 25][0, 18][16, 28][10, 29][10, 21][7, 20] 
[3, 1, 9, 14, 20, 24, 23][18, 22, 19, 8, 26][0, 12, 17, 11][2, 29, 15, 16][4, 7, 27, 10][13, 6, 5, 21][17, 28, 25][16, 28][0, 18][10, 29][10, 21][7, 20] 
[3, 1, 9, 14, 20, 24, 23][18, 22, 19, 8, 26][0, 12, 17, 11][2, 29, 15, 16][4, 7, 27, 10][13, 6, 5, 21][17, 28, 25][0, 18][16, 28][10, 29][10, 21][7, 20] 
[3, 1, 9, 14, 20, 24, 23][18, 22, 19, 8, 26][13, 6, 5, 21][4, 7, 27, 10][2, 29, 15, 16][0, 12, 17, 11][17, 28, 25][10, 21][7, 20][10, 29][16, 28][0, 18] 
[3, 1, 9, 14, 20, 24, 23][18, 22, 19, 8, 26][2, 29, 15, 16][0, 12, 17, 11][4, 7, 27, 10][13, 6, 5, 21][17, 28, 25][16, 28][0, 18][10, 29][10, 21][7, 20] 
[3, 1, 9, 14, 20, 24, 23][18, 22, 19, 8, 26][2, 29, 15, 16][0, 12, 17, 11][4, 7, 27, 10][13, 6, 5, 21][17, 28, 25][16, 28][0, 18][10, 29][10, 21][7, 20] 
[3, 1, 9, 14, 20, 24, 23][18, 22, 19, 8, 26][13, 6, 5, 21][4, 7, 27, 10][2, 29, 15, 16][0, 12, 17, 11][17, 28, 25][10, 21][7, 20][10, 29][16, 28][0, 18] 
[3, 1, 9, 14, 20, 24, 23][18, 22, 19, 8, 26][2, 29, 15, 16][4, 7, 27, 10][0, 12, 17, 11][13, 6, 5, 21][17, 28, 25][10, 29][16, 28][0, 18][10, 21][7, 20] 
[3, 1, 9, 14, 20, 24, 23][18, 22, 19, 8, 26][0, 12, 17, 11][2, 29, 15, 16][4, 7, 27, 10][13, 6, 5, 21][17, 28, 25][0, 18][16, 28][10, 29][7, 20][10, 21] 
[3, 1, 9, 14, 20, 24, 23][18, 22, 19, 8, 26][0, 12, 17, 11][2, 29, 15, 16][4, 7, 27, 10][13, 6, 5, 21][17, 28, 25][16, 28][0, 18][10, 29][10, 21][7, 20] 
[3, 1, 9, 14, 20, 24, 23][18, 22, 19, 8, 26][4, 7, 27, 10][2, 29, 15, 16][13, 6, 5, 21][0, 12, 17, 11][17, 28, 25][7, 20][10, 29][10, 21][16, 28][0, 18] 
[3, 1, 9, 14, 20, 24, 23][18, 22, 19, 8, 26][4, 7, 27, 10][13, 6, 5, 21][2, 29, 15, 16][0, 12, 17, 11][17, 28, 25][10, 21][10, 29][7, 20][16, 28][0, 18] 
[3, 1, 9, 14, 20, 24, 23][12, 22, 18, 19, 8, 26][0, 13, 6, 5, 21][2, 29, 15, 16][4, 7, 27, 10][11, 25, 28][12, 17][16, 28][10, 29][7, 20][10, 21][17, 28] 
[3, 1, 9, 14, 20, 24, 23][12, 22, 18, 19, 8, 26][0, 13, 6, 5, 21][2, 29, 15, 16][4, 7, 27, 10][11, 25, 28][12, 17][16, 28][10, 29][7, 20][10, 21][17, 28] 
[3, 1, 9, 14, 20, 24, 23][12, 22, 18, 19, 8, 26][0, 13, 6, 5, 21][2, 29, 15, 16][4, 7, 27, 10][11, 25, 28][12, 17][16, 28][10, 29][7, 20][10, 21][17, 28] 
[3, 1, 9, 14, 20, 24, 23][12, 22, 18, 19, 8, 26][0, 13, 6, 5, 21][2, 29, 15, 16][4, 7, 27, 10][11, 25, 28][12, 17][16, 28][10, 29][7, 20][10, 21][17, 28] 
[3, 1, 9, 14, 20, 24, 23][12, 22, 18, 19, 8, 26][0, 13, 6, 5, 21][2, 29, 15, 16][4, 7, 27, 10][11, 25, 28][12, 17][16, 28][10, 29][7, 20][10, 21][17, 28] 
[3, 1, 9, 14, 20, 24, 23][12, 22, 18, 19, 8, 26][0, 13, 6, 5, 21][11, 25, 28, 17][4, 7, 27, 10][2, 29, 15, 16][12, 17][10, 21][16, 28][7, 20][23, 24][10, 29] 
[3, 1, 9, 14, 20, 24, 23][18, 22, 19, 8, 26][11, 17, 28, 25][2, 29, 15, 16][4, 7, 27, 10][13, 6, 5, 21][0, 12, 17][16, 28][10, 29][0, 18][7, 20][10, 21] 
[3, 1, 9, 14, 20, 24, 23][18, 22, 19, 8, 26][4, 7, 27, 10][13, 6, 5, 21][2, 29, 15, 16][11, 17, 28, 25][0, 12, 17][7, 20][10, 21][10, 29][16, 28][0, 18] 
[3, 1, 9, 14, 20, 24, 23][18, 22, 19, 8, 26][2, 29, 15, 16][11, 17, 28, 25][4, 7, 27, 10][13, 6, 5, 21][0, 12, 17][16, 28][10, 29][7, 20][10, 21][0, 18] 
[3, 1, 9, 14, 20, 24, 23][18, 22, 19, 8, 26][2, 29, 15, 16][11, 17, 28, 25][4, 7, 27, 10][13, 6, 5, 21][0, 12, 17][16, 28][10, 29][7, 20][10, 21][0, 18] 
[3, 1, 9, 14, 20, 24, 23][18, 22, 19, 8, 26][13, 6, 5, 21][4, 7, 27, 10][2, 29, 15, 16][11, 17, 28, 25][0, 12, 17][10, 21][7, 20][10, 29][16, 28][0, 18] 
[3, 1, 9, 14, 20, 24, 23][18, 22, 19, 8, 26][0, 12, 17, 11][2, 29, 15, 16][4, 7, 27, 10][13, 6, 5, 21][17, 28, 25][0, 18][16, 28][10, 29][10, 21][7, 20] 
[3, 1, 9, 14, 20, 24, 23][18, 22, 19, 8, 26][11, 17, 28, 25][2, 29, 15, 16][4, 7, 27, 10][13, 6, 5, 21][0, 12, 17][16, 28][10, 29][0, 18][10, 21][7, 20] 
