[25, 0, 22, 19, 8, 26][5, 21, 2, 29, 27][1, 3, 11, 17, 28][12, 18, 13, 6, 15][4, 14, 24, 23, 9][10, 7, 16][10, 29][16, 28][25, 28][6, 10][7, 20][14, 20] 
[25, 0, 22, 19, 8, 26][4, 14, 24, 23, 9][5, 21, 2, 29, 27][12, 18, 13, 6, 15][1, 3, 11, 17, 28][10, 7, 16][14, 20][7, 20][10, 29][10, 15][16, 28][25, 28] 
[25, 0, 22, 19, 8, 26][1, 3, 11, 17, 28][5, 21, 2, 29, 27][4, 14, 24, 23, 9][12, 18, 13, 6, 15][10, 7, 16][25, 28][16, 28][7, 20][10, 29][14, 20][10, 15] 
[25, 0, 22, 19, 8, 26][5, 21, 2, 29, 27][4, 14, 24, 23, 9][1, 3, 11, 17][6, 13, 18, 12][16, 28, 17][10, 7, 16][6, 10, 15][25, 28][7, 20][10, 29][14, 20] 
[9, 23, 4, 14, 20, 24][5, 21, 2, 29, 27][1, 3, 11, 17, 28][12, 18, 13, 6, 15][0, 22, 19, 8, 26][10, 7, 16][10, 29][7, 20][16, 28][10, 15][25, 28][22, 25] 
[9, 23, 4, 14, 20, 24][12, 18, 13, 6, 15][5, 21, 2, 29, 27][1, 3, 11, 17, 28][0, 22, 19, 8, 26][10, 7, 16][10, 15][10, 29][16, 28][7, 20][25, 28][0, 25] 
[25, 0, 22, 19, 8, 26][5, 21, 2, 29, 27][1, 3, 11, 17, 28][4, 14, 24, 23, 9][12, 18, 13, 6, 15][10, 7, 16][7, 20][10, 29][16, 28][14, 20][25, 28][10, 15] 
[25, 0, 22, 19, 8, 26][9, 23, 4, 14, 20, 24][1, 3, 11, 17, 28][5, 21, 2, 29, 27][10, 7, 16][6, 10, 15][12, 18, 13][25, 28][16, 28][6, 13][7, 20][10, 29] 
[9, 23, 4, 14, 20, 24][25, 0, 22, 19, 8, 26][5, 21, 2, 29, 27][1, 3, 11, 17, 28][6, 10, 15][10, 7, 16][12, 18, 13][10, 29][6, 13][7, 20][16, 28][25, 28] 
[25, 0, 22, 19, 8, 26][9, 23, 4, 14, 20, 24][1, 3, 11, 17, 28][5, 21, 2, 29, 27][10, 7, 16][6, 10, 15][12, 18, 13][25, 28][16, 28][6, 13][7, 20][10, 29] 
[25, 0, 22, 19, 8, 26][4, 14, 24, 23, 9][12, 18, 13, 6, 15][5, 21, 2, 29, 27][1, 3, 11, 17, 28][10, 7, 16][14, 20][7, 20][6, 10][10, 29][16, 28][25, 28] 
[25, 0, 22, 19, 8, 26][5, 21, 2, 29, 27][12, 18, 13, 6, 15][4, 14, 24, 23, 9][1, 3, 11, 17, 28][10, 7, 16][10, 29][10, 15][7, 20][14, 20][16, 28][25, 28] 
[25, 0, 22, 19, 8, 26][4, 14, 24, 23, 9][5, 21, 2, 29, 27][1, 3, 11, 17][6, 13, 18, 12][10, 7, 16][16, 28, 17][6, 10, 15][14, 20][7, 20][25, 28][10, 29] 
[9, 23, 4, 14, 20, 24][5, 21, 2, 29, 27][1, 3, 11, 17, 28][12, 18, 13, 6, 15][0, 22, 19, 8, 26][10, 7, 16][10, 29][7, 20][16, 28][10, 15][25, 28][22, 25] 
[9, 23, 4, 14, 20, 24][12, 18, 13, 6, 15][1, 3, 11, 17, 28][5, 21, 2, 29, 27][0, 22, 19, 8, 26][10, 7, 16][10, 15][16, 28][10, 29][7, 20][25, 28][0, 25] 
[25, 0, 22, 19, 8, 26][9, 23, 4, 14, 20, 24][1, 3, 11, 17, 28][5, 21, 2, 29, 27][10, 7, 16][6, 10, 15][12, 18, 13][25, 28][16, 28][6, 13][7, 20][10, 29] 
[25, 0, 22, 19, 8, 26][4, 14, 24, 23, 9][1, 3, 11, 17, 28][12, 18, 13, 6, 15][5, 21, 2, 29, 27][10, 7, 16][14, 20][7, 20][16, 28][6, 10][25, 28][10, 29] 
[25, 0, 22, 19, 8, 26][5, 21, 2, 29, 27][12, 18, 13, 6, 15][4, 14, 24, 23, 9][1, 3, 11, 17, 28][10, 7, 16][10, 29][10, 15][7, 20][14, 20][16, 28][25, 28] 
[9, 23, 4, 14, 20, 24][12, 18, 13, 6, 15][5, 21, 2, 29, 27][1, 3, 11, 17, 28][0, 22, 19, 8, 26][10, 7, 16][10, 15][7, 20][10, 29][16, 28][25, 28][22, 25] 
[25, 0, 22, 19, 8, 26][1, 3, 11, 17, 28][12, 18, 13, 6, 15][5, 21, 2, 29, 27][4, 14, 24, 23, 9][10, 7, 16][25, 28][16, 28][7, 20][6, 10][10, 29][14, 20] 
[25, 0, 22, 19, 8, 26][1, 3, 11, 17, 28][12, 18, 13, 6, 15][5, 21, 2, 29, 27][4, 14, 24, 23, 9][10, 7, 16][25, 28][16, 28][6, 10][7, 20][14, 20][10, 29] 
[25, 0, 22, 19, 8, 26][1, 3, 11, 17, 28][5, 21, 2, 29, 27][4, 14, 24, 23, 9][12, 18, 13, 6, 15][10, 7, 16][25, 28][16, 28][7, 20][10, 29][14, 20][10, 15] 
[25, 0, 22, 19, 8, 26][5, 21, 2, 29, 27][4, 14, 24, 23, 9][1, 3, 11, 17][6, 13, 18, 12][16, 28, 17][10, 7, 16][6, 10, 15][25, 28][7, 20][10, 29][14, 20] 
[9, 23, 4, 14, 20, 24][5, 21, 2, 29, 27][1, 3, 11, 17, 28][12, 18, 13, 6, 15][0, 22, 19, 8, 26][10, 7, 16][10, 29][7, 20][16, 28][10, 15][25, 28][22, 25] 
[9, 23, 4, 14, 20, 24][5, 21, 2, 29, 27][1, 3, 11, 17, 28][12, 18, 13, 6, 15][0, 22, 19, 8, 26][10, 7, 16][10, 29][7, 20][16, 28][10, 15][25, 28][0, 25] 
[25, 0, 22, 19, 8, 26][9, 23, 4, 14, 20, 24][5, 21, 2, 29, 27][1, 3, 11, 17, 28][12, 18, 13][6, 10, 15][10, 7, 16][6, 13][10, 29][16, 28][25, 28][7, 20] 
[25, 0, 22, 19, 8, 26][12, 18, 13, 6, 15][4, 14, 24, 23, 9][1, 3, 11, 17, 28][5, 21, 2, 29, 27][10, 7, 16][7, 20][6, 10][14, 20][16, 28][25, 28][10, 29] 
[25, 0, 22, 19, 8, 26][5, 21, 2, 29, 27][4, 14, 24, 23, 9][1, 3, 11, 17, 28][12, 18, 13, 6, 15][10, 7, 16][10, 29][7, 20][14, 20][16, 28][25, 28][10, 15] 
[9, 23, 4, 14, 20, 24][5, 21, 2, 29, 27][1, 3, 11, 17, 28][12, 18, 13, 6, 15][0, 22, 19, 8, 26][10, 7, 16][10, 29][7, 20][16, 28][10, 15][25, 28][22, 25] 
[25, 0, 22, 19, 8, 26][1, 3, 11, 17, 28][12, 18, 13, 6, 15][5, 21, 2, 29, 27][4, 14, 24, 23, 9][10, 7, 16][25, 28][16, 28][6, 10][7, 20][10, 29][14, 20] 
[25, 0, 22, 19, 8, 26][1, 3, 11, 17, 28][12, 18, 13, 6, 15][5, 21, 2, 29, 27][4, 14, 24, 23, 9][10, 7, 16][25, 28][16, 28][6, 10][7, 20][10, 29][14, 20] 
[25, 0, 22, 19, 8, 26][5, 21, 2, 29, 27][12, 18, 13, 6, 15][4, 14, 24, 23, 9][1, 3, 11, 17, 28][10, 7, 16][10, 29][10, 15][7, 20][14, 20][16, 28][25, 28] 
[9, 23, 4, 14, 20, 24][5, 21, 2, 29, 27][1, 3, 11, 17, 28][12, 18, 13, 6, 15][0, 22, 19, 8, 26][10, 7, 16][10, 29][7, 20][16, 28][10, 15][25, 28][22, 25] 
[25, 0, 22, 19, 8, 26][4, 14, 24, 23, 9][12, 18, 13, 6, 15][5, 21, 2, 29, 27][1, 3, 11, 17, 28][10, 7, 16][14, 20][7, 20][6, 10][10, 29][16, 28][25, 28] 
[25, 0, 22, 19, 8, 26][1, 3, 11, 17, 28][12, 18, 13, 6, 15][5, 21, 2, 29, 27][4, 14, 24, 23, 9][10, 7, 16][25, 28][16, 28][6, 10][7, 20][14, 20][10, 29] 
[21, 6, 13, 18, 19, 12, 8, 26, 0, 28, 16, 27, 10, 29][11, 14, 20, 24, 23, 1, 9, 3, 4, 7, 27][5, 15, 2, 6, 13, 18, 12, 22, 17][13, 18][6, 13][0, 28][25, 28][0, 26][3, 9][0, 26][0, 26][0, 26] 
[21, 6, 13, 18, 19, 12, 8, 26, 0, 28, 16, 27, 10, 29][11, 14, 20, 24, 23, 1, 9, 3, 4, 7, 27][5, 15, 2, 6, 13, 18, 12, 22, 17][13, 18][6, 13][0, 28][25, 28][0, 26][3, 9][0, 26][0, 26][0, 26] 
[21, 6, 13, 18, 19, 12, 8, 26, 0, 28, 16, 27, 10, 29][11, 14, 20, 24, 23, 1, 9, 3, 4, 7, 27][5, 15, 2, 6, 13, 18, 12, 22, 17][13, 18][6, 13][0, 28][25, 28][0, 26][3, 9][0, 26][0, 26][0, 26] 
[10, 21, 5, 15, 2, 6, 13, 18, 12, 22, 17, 0, 26, 8, 19][11, 14, 20, 24, 23, 1, 9, 3, 4, 7, 27][0, 28, 16, 7][13, 18][25, 28][2, 29][13, 18][13, 18][6, 13][13, 18][13, 18][13, 18] 
[10, 21, 5, 15, 2, 6, 13, 18, 12, 22, 17, 0, 26, 8, 19][11, 14, 20, 24, 23, 1, 9, 3, 4, 7, 27][0, 28, 16, 7][13, 18][25, 28][2, 29][13, 18][13, 18][6, 13][13, 18][13, 18][13, 18] 
[10, 21, 5, 15, 2, 6, 13, 18, 12, 22, 17, 0, 26, 8, 19][11, 14, 20, 24, 23, 1, 9, 3, 4, 7, 27][0, 28, 16][13, 18][2, 29][25, 28][0, 26][0, 26][0, 26][0, 26][15, 27][0, 26] 
[21, 6, 13, 18, 19, 12, 8, 26, 0, 28, 16, 27, 10, 29][11, 14, 20, 24, 23, 1, 9, 3, 4, 7, 27][5, 15, 2, 6, 13, 18, 12, 22, 17][13, 18][6, 13][0, 28][25, 28][0, 26][3, 9][0, 26][0, 26][0, 26] 
[21, 6, 13, 18, 19, 12, 8, 26, 0, 28, 16, 27, 10, 29][11, 14, 20, 24, 23, 1, 9, 3, 4, 7, 27][5, 15, 2, 6, 13, 18, 12, 22, 17][13, 18][6, 13][0, 28][25, 28][0, 26][3, 9][0, 26][0, 26][0, 26] 
[10, 21, 5, 15, 2, 6, 13, 18, 12, 22, 17, 0, 26, 8, 19][11, 14, 20, 24, 23, 1, 9, 3, 4, 7, 27][0, 28, 16, 7][13, 18][25, 28][2, 29][13, 18][13, 18][6, 13][13, 18][13, 18][13, 18] 
[21, 6, 13, 18, 19, 12, 8, 26, 0, 28, 16, 27, 10, 29][11, 14, 20, 24, 23, 1, 9, 3, 4, 7, 27][5, 15, 2, 6, 13, 18, 12, 22, 17][13, 18][6, 13][0, 28][25, 28][0, 26][3, 9][0, 26][0, 26][0, 26] 
[21, 6, 13, 18, 19, 12, 8, 26, 0, 28, 16, 27, 10, 29][11, 14, 20, 24, 23, 1, 9, 3, 4, 7, 27][5, 15, 2, 6, 13, 18, 12, 22, 17][26, 0, 13, 18, 22, 25, 28][13, 18][6, 13][0, 28][0, 26][3, 9][0, 26][0, 26][0, 26] 
[21, 6, 13, 18, 19, 12, 8, 26, 0, 28, 16, 27, 10, 29][11, 14, 20, 24, 23, 1, 9, 3, 4, 7, 27][5, 15, 2, 6, 13, 18, 12, 22, 17][13, 18][6, 13][0, 28][25, 28][0, 26][3, 9][0, 26][0, 26][0, 26] 
[10, 21, 5, 15, 2, 6, 13, 18, 12, 22, 17, 0, 26, 8, 19][11, 14, 20, 24, 23, 1, 9, 3, 4, 7, 27][0, 28, 16, 7][13, 18][25, 28][2, 29][13, 18][13, 18][6, 13][13, 18][13, 18][13, 18] 
[21, 6, 13, 18, 19, 12, 8, 26, 0, 28, 16, 27, 10, 29][11, 14, 20, 24, 23, 1, 9, 3, 4, 7, 27][5, 15, 2, 6, 13, 18, 12, 22, 17][13, 18][6, 13][0, 28][25, 28][0, 26][3, 9][0, 26][0, 26][0, 26] 
[21, 6, 13, 18, 19, 12, 8, 26, 0, 28, 16, 27, 10, 29][11, 14, 20, 24, 23, 1, 9, 3, 4, 7, 27][5, 15, 2, 6, 13, 18, 12, 22, 17][26, 0, 13, 18, 22, 25, 28][13, 18][6, 13][0, 28][0, 26][3, 9][0, 26][0, 26][0, 26] 
[21, 6, 13, 18, 19, 12, 8, 26, 0, 28, 16, 27, 10, 29][11, 14, 20, 24, 23, 1, 9, 3, 4, 7, 27][5, 15, 2, 6, 13, 18, 12, 22, 17][13, 18][6, 13][0, 28][25, 28][0, 26][3, 9][0, 26][0, 26][0, 26] 
[19, 0, 28, 25, 11, 14, 20, 24, 23, 1, 9, 3, 4, 7, 27][21, 6, 13, 18, 19, 12, 8, 26, 0, 28, 16, 27, 10, 29][5, 15, 2, 6, 13, 18, 12, 22, 17][6, 13, 18][13, 18][0, 28][25, 28][0, 26][3, 9][0, 26][0, 26][0, 26] 
[10, 21, 5, 15, 2, 6, 13, 18, 12, 22, 17, 0, 26, 8, 19][11, 14, 20, 24, 23, 1, 9, 3, 4, 7, 27][0, 28, 16, 7][13, 18][25, 28][2, 29][13, 18][13, 18][6, 13][13, 18][13, 18][13, 18] 
[19, 0, 28, 25, 11, 14, 20, 24, 23, 1, 9, 3, 4, 7, 27][21, 6, 13, 18, 19, 12, 8, 26, 0, 28, 16, 27, 10, 29][5, 15, 2, 6, 13, 18, 12, 22, 17][6, 13, 18][13, 18][0, 28][25, 28][0, 26][3, 9][0, 26][0, 26][0, 26] 
[21, 6, 13, 18, 19, 12, 8, 26, 0, 28, 16, 27, 10, 29][11, 14, 20, 24, 23, 1, 9, 3, 4, 7, 27][5, 15, 2, 6, 13, 18, 12, 22, 17][13, 18][6, 13][0, 28][25, 28][0, 26][3, 9][0, 26][0, 26][0, 26] 
[21, 6, 13, 18, 19, 12, 8, 26, 0, 28, 16, 27, 10, 29][11, 14, 20, 24, 23, 1, 9, 3, 4, 7, 27][5, 15, 2, 6, 13, 18, 12, 22, 17][13, 18][6, 13][0, 28][25, 28][0, 26][3, 9][0, 26][0, 26][0, 26] 
[0, 25, 22, 19, 8, 26][9, 23, 4, 14, 20, 24][1, 3, 11, 17, 28][5, 21, 2, 29, 27][6, 10, 15][10, 7, 16][12, 18, 13][16, 28][25, 28][10, 29][6, 13][7, 20] 
[0, 25, 22, 19, 8, 26][9, 23, 4, 14, 20, 24][1, 3, 11, 17, 28][5, 21, 2, 29, 27][6, 10, 15][10, 7, 16][12, 18, 13][16, 28][25, 28][10, 29][6, 13][7, 20] 
[0, 25, 22, 19, 8, 26][9, 23, 4, 14, 20, 24][1, 3, 11, 17, 28][5, 21, 2, 29, 27][10, 7, 16][6, 10, 15][12, 18, 13][25, 28][16, 28][10, 29][7, 20][6, 13] 
[9, 23, 4, 14, 20, 24][0, 25, 22, 19, 8, 26][1, 3, 11, 17, 28][5, 21, 2, 29, 27][12, 18, 13][6, 10, 15][10, 7, 16][6, 13][16, 28][10, 29][7, 20][25, 28] 
[9, 23, 4, 14, 20, 24][0, 25, 22, 19, 8, 26][5, 21, 2, 29, 27][1, 3, 11, 17, 28][10, 7, 16][6, 10, 15][12, 18, 13][10, 29][7, 20][16, 28][25, 28][6, 13] 
[9, 23, 4, 14, 20, 24][0, 25, 22, 19, 8, 26][1, 3, 11, 17, 28][5, 21, 2, 29, 27][12, 18, 13][6, 10, 15][10, 7, 16][6, 13][16, 28][10, 29][7, 20][25, 28] 
[0, 25, 22, 19, 8, 26][9, 23, 4, 14, 20, 24][1, 3, 11, 17, 28][5, 21, 2, 29, 27][6, 10, 15][10, 7, 16][12, 18, 13][16, 28][25, 28][10, 29][6, 13][7, 20] 
[0, 25, 22, 19, 8, 26][9, 23, 4, 14, 20, 24][1, 3, 11, 17, 28][5, 21, 2, 29, 27][6, 10, 15][10, 7, 16][12, 18, 13][16, 28][25, 28][10, 29][6, 13][7, 20] 
[9, 23, 4, 14, 20, 24][0, 25, 22, 19, 8, 26][5, 21, 2, 29, 27][1, 3, 11, 17, 28][10, 7, 16][6, 10, 15][12, 18, 13][10, 29][7, 20][16, 28][25, 28][6, 13] 
[0, 25, 22, 19, 8, 26][9, 23, 4, 14, 20, 24][1, 3, 11, 17, 28][5, 21, 2, 29, 27][10, 7, 16][6, 10, 15][12, 18, 13][16, 28][25, 28][7, 20][10, 29][6, 13] 
[0, 25, 22, 19, 8, 26][9, 23, 4, 14, 20, 24][1, 3, 11, 17, 28][5, 21, 2, 29, 27][6, 10, 15][10, 7, 16][12, 18, 13][16, 28][25, 28][10, 29][6, 13][7, 20] 
[9, 23, 4, 14, 20, 24][0, 25, 22, 19, 8, 26][5, 21, 2, 29, 27][1, 3, 11, 17, 28][12, 18, 13][6, 10, 15][10, 7, 16][6, 13][7, 20][10, 29][16, 28][25, 28] 
[0, 25, 22, 19, 8, 26][9, 23, 4, 14, 20, 24][1, 3, 11, 17, 28][5, 21, 2, 29, 27][6, 10, 15][10, 7, 16][12, 18, 13][16, 28][25, 28][10, 29][6, 13][7, 20] 
[9, 23, 4, 14, 20, 24][0, 25, 22, 19, 8, 26][5, 21, 2, 29, 27][1, 3, 11, 17, 28][12, 18, 13][6, 10, 15][10, 7, 16][6, 13][7, 20][10, 29][16, 28][25, 28] 
[0, 25, 22, 19, 8, 26][9, 23, 4, 14, 20, 24][1, 3, 11, 17, 28][5, 21, 2, 29, 27][6, 10, 15][10, 7, 16][12, 18, 13][16, 28][25, 28][10, 29][6, 13][7, 20] 
[25, 0, 22, 19, 8, 26][1, 3, 11, 17, 28][12, 18, 13, 6, 15][5, 21, 2, 29, 27][4, 14, 24, 23, 9][10, 7, 16][25, 28][16, 28][7, 20][6, 10][10, 29][14, 20] 
[25, 0, 22, 19, 8, 26][5, 21, 2, 29, 27][1, 3, 11, 17, 28][12, 18, 13, 6, 15][4, 14, 24, 23, 9][10, 7, 16][10, 29][16, 28][25, 28][6, 10][7, 20][14, 20] 
[25, 0, 22, 19, 8, 26][1, 3, 11, 17, 28][12, 18, 13, 6, 15][5, 21, 2, 29, 27][4, 14, 24, 23, 9][10, 7, 16][16, 28][6, 10][10, 29][7, 20][14, 20][25, 28] 
[25, 0, 22, 19, 8, 26][1, 3, 11, 17, 28][12, 18, 13, 6, 15][5, 21, 2, 29, 27][4, 14, 24, 23, 9][10, 7, 16][25, 28][16, 28][7, 20][6, 10][10, 29][14, 20] 
[25, 0, 22, 19, 8, 26][1, 3, 11, 17, 28][12, 18, 13, 6, 15][5, 21, 2, 29, 27][4, 14, 24, 23, 9][10, 7, 16][16, 28][6, 10][10, 29][7, 20][14, 20][25, 28] 
[15, 5, 21, 2, 29, 27][25, 0, 22, 19, 8, 26][4, 14, 24, 23, 9][1, 3, 11, 17, 28][6, 13, 18, 12][10, 7, 16][14, 20][7, 20][6, 10][10, 29][16, 28][25, 28] 
[0, 25, 22, 19, 8, 26][9, 23, 4, 14, 20, 24][1, 3, 11, 17, 28][5, 21, 2, 29, 27][6, 10, 15][10, 7, 16][12, 18, 13][16, 28][25, 28][10, 29][6, 13][7, 20] 
[0, 25, 22, 19, 8, 26][9, 23, 4, 14, 20, 24][1, 3, 11, 17, 28][5, 21, 2, 29, 27][6, 10, 15][10, 7, 16][12, 18, 13][16, 28][25, 28][10, 29][6, 13][7, 20] 
[0, 25, 22, 19, 8, 26][9, 23, 4, 14, 20, 24][1, 3, 11, 17, 28][5, 21, 2, 29, 27][6, 10, 15][10, 7, 16][12, 18, 13][16, 28][25, 28][10, 29][6, 13][7, 20] 
[0, 25, 22, 19, 8, 26][9, 23, 4, 14, 20, 24][1, 3, 11, 17, 28][5, 21, 2, 29, 27][6, 10, 15][10, 7, 16][12, 18, 13][16, 28][25, 28][10, 29][6, 13][7, 20] 
[9, 23, 4, 14, 20, 24][0, 25, 22, 19, 8, 26][5, 21, 2, 29, 27][1, 3, 11, 17, 28][12, 18, 13][6, 10, 15][10, 7, 16][6, 13][7, 20][10, 29][16, 28][25, 28] 
[25, 0, 22, 19, 8, 26][9, 23, 4, 14, 20, 24][1, 3, 11, 17, 28][5, 21, 2, 29, 27][6, 13, 18, 12][10, 7, 16][25, 28][16, 28][10, 15][7, 20][10, 29][6, 15] 
[0, 25, 22, 19, 8, 26][9, 23, 4, 14, 20, 24][1, 3, 11, 17, 28][5, 21, 2, 29, 27][6, 10, 15][10, 7, 16][12, 18, 13][16, 28][25, 28][10, 29][6, 13][7, 20] 
[25, 0, 22, 19, 8, 26][12, 18, 13, 6, 15][5, 21, 2, 29, 27][4, 14, 24, 23, 9][1, 3, 11, 17, 28][10, 7, 16][7, 20][6, 10][10, 29][14, 20][16, 28][25, 28] 
[25, 0, 22, 19, 8, 26][1, 3, 11, 17, 28][12, 18, 13, 6, 15][5, 21, 2, 29, 27][4, 14, 24, 23, 9][10, 7, 16][16, 28][6, 10][10, 29][7, 20][14, 20][25, 28] 
[25, 0, 22, 19, 8, 26][1, 3, 11, 17, 28][12, 18, 13, 6, 15][5, 21, 2, 29, 27][4, 14, 24, 23, 9][10, 7, 16][16, 28][6, 10][10, 29][7, 20][14, 20][25, 28] 
[25, 0, 22, 19, 8, 26][4, 14, 24, 23, 9][1, 3, 11, 17, 28][12, 18, 13, 6, 15][5, 21, 2, 29, 27][10, 7, 16][14, 20][7, 20][16, 28][6, 10][25, 28][10, 29] 
[25, 0, 22, 19, 8, 26][1, 3, 11, 17, 28][12, 18, 13, 6, 15][5, 21, 2, 29, 27][4, 14, 24, 23, 9][10, 7, 16][16, 28][6, 10][10, 29][7, 20][14, 20][25, 28] 
[25, 0, 22, 19, 8, 26][1, 3, 11, 17, 28][12, 18, 13, 6, 15][5, 21, 2, 29, 27][4, 14, 24, 23, 9][10, 7, 16][16, 28][6, 10][10, 29][7, 20][14, 20][25, 28] 
[25, 0, 22, 19, 8, 26][1, 3, 11, 17, 28][12, 18, 13, 6, 15][5, 21, 2, 29, 27][4, 14, 24, 23, 9][10, 7, 16][25, 28][16, 28][6, 10][7, 20][10, 29][14, 20] 
[25, 0, 22, 19, 8, 26][1, 3, 11, 17, 28][12, 18, 13, 6, 15][5, 21, 2, 29, 27][4, 14, 24, 23, 9][10, 7, 16][16, 28][6, 10][10, 29][7, 20][14, 20][25, 28] 
[25, 0, 22, 19, 8, 26][1, 3, 11, 17, 28][12, 18, 13, 6, 15][5, 21, 2, 29, 27][4, 14, 24, 23, 9][10, 7, 16][16, 28][6, 10][10, 29][7, 20][14, 20][25, 28] 
[25, 0, 22, 19, 8, 26][1, 3, 11, 17, 28][12, 18, 13, 6, 15][5, 21, 2, 29, 27][4, 14, 24, 23, 9][10, 7, 16][25, 28][16, 28][7, 20][6, 10][10, 29][14, 20] 
[25, 0, 22, 19, 8, 26][1, 3, 11, 17, 28][12, 18, 13, 6, 15][5, 21, 2, 29, 27][4, 14, 24, 23, 9][10, 7, 16][25, 28][16, 28][6, 10][7, 20][14, 20][10, 29] 
[25, 0, 22, 19, 8, 26][5, 21, 2, 29, 27][1, 3, 11, 17, 28][12, 18, 13, 6, 15][4, 14, 24, 23, 9][10, 7, 16][10, 29][16, 28][25, 28][6, 10][7, 20][14, 20] 
[25, 0, 22, 19, 8, 26][4, 14, 24, 23, 9][1, 3, 11, 17, 28][12, 18, 13, 6, 15][5, 21, 2, 29, 27][10, 7, 16][14, 20][7, 20][16, 28][6, 10][25, 28][10, 29] 
[25, 0, 22, 19, 8, 26][1, 3, 11, 17, 28][12, 18, 13, 6, 15][5, 21, 2, 29, 27][4, 14, 24, 23, 9][10, 7, 16][25, 28][16, 28][6, 10][7, 20][10, 29][14, 20] 
[25, 0, 22, 19, 8, 26][4, 14, 24, 23, 9][1, 3, 11, 17, 28][12, 18, 13, 6, 15][5, 21, 2, 29, 27][10, 7, 16][14, 20][7, 20][16, 28][6, 10][25, 28][10, 29] 
[15, 5, 21, 2, 29, 27][9, 23, 4, 14, 20, 24][25, 0, 22, 19, 8, 26][1, 3, 11, 17, 28][6, 13, 18, 12][10, 7, 16][16, 28][6, 10][7, 20][25, 28][1, 3][10, 29] 
[9, 23, 4, 14, 20, 24][15, 5, 21, 2, 29, 27][25, 0, 22, 19, 8, 26][1, 3, 11, 17, 28][6, 13, 18, 12][10, 7, 16][7, 20][6, 10][10, 29][16, 28][25, 28][1, 3] 
[9, 23, 4, 14, 20, 24][15, 5, 21, 2, 29, 27][25, 0, 22, 19, 8, 26][1, 3, 11, 17, 28][6, 13, 18, 12][10, 7, 16][6, 10][7, 20][16, 28][10, 29][25, 28][13, 18] 
[25, 0, 22, 19, 8, 26][9, 23, 4, 14, 20, 24][15, 5, 21, 2, 29, 27][1, 3, 11, 17, 28][6, 13, 18, 12][10, 7, 16][25, 28][16, 28][7, 20][10, 29][13, 18][6, 10] 
[9, 23, 4, 14, 20, 24][15, 5, 21, 2, 29, 27][25, 0, 22, 19, 8, 26][1, 3, 11, 17, 28][6, 13, 18, 12][10, 7, 16][7, 20][6, 10][10, 29][16, 28][25, 28][1, 3] 
[25, 0, 22, 19, 8, 26][9, 23, 4, 14, 20, 24][15, 5, 21, 2, 29, 27][1, 3, 11, 17, 28][6, 13, 18, 12][10, 7, 16][25, 28][16, 28][7, 20][10, 29][13, 18][6, 10] 
[25, 0, 22, 19, 8, 26][9, 23, 4, 14, 20, 24][5, 21, 2, 29, 27][1, 3, 11, 17, 28][12, 18, 13][6, 10, 15][10, 7, 16][6, 13][10, 29][16, 28][25, 28][7, 20] 
[25, 0, 22, 19, 8, 26][9, 23, 4, 14, 20, 24][1, 3, 11, 17, 28][5, 21, 2, 29, 27][10, 7, 16][6, 10, 15][12, 18, 13][25, 28][16, 28][7, 20][6, 13][10, 29] 
[9, 23, 4, 14, 20, 24][25, 0, 22, 19, 8, 26][5, 21, 2, 29, 27][1, 3, 11, 17, 28][6, 10, 15][10, 7, 16][12, 18, 13][10, 29][6, 13][7, 20][16, 28][25, 28] 
[9, 23, 4, 14, 20, 24][25, 0, 22, 19, 8, 26][5, 21, 2, 29, 27][1, 3, 11, 17, 28][6, 10, 15][10, 7, 16][12, 18, 13][10, 29][6, 13][7, 20][16, 28][25, 28] 
[25, 0, 22, 19, 8, 26][9, 23, 4, 14, 20, 24][5, 21, 2, 29, 27][1, 3, 11, 17, 28][10, 7, 16][6, 10, 15][12, 18, 13][10, 29][6, 13][16, 28][25, 28][7, 20] 
[25, 0, 22, 19, 8, 26][4, 14, 24, 23, 9][1, 3, 11, 17, 28][5, 21, 2, 29, 27][12, 18, 13, 6, 15][10, 7, 16][7, 20][14, 20][16, 28][10, 29][6, 10][25, 28] 
[9, 23, 4, 14, 20, 24][25, 0, 22, 19, 8, 26][1, 3, 11, 17, 28][5, 21, 2, 29, 27][10, 7, 16][6, 10, 15][12, 18, 13][16, 28][10, 29][7, 20][25, 28][6, 13] 
