[2, 27, 29, 10, 21, 6][12, 17, 22, 0, 26][8, 19, 18, 0, 13][1, 23, 9, 3, 14][5, 15, 16, 7][4, 24, 20][11, 25, 28][7, 20][16, 28][17, 28][4, 23][7, 27] 
[8, 12, 19, 18, 0, 13][2, 27, 29, 10, 21, 6][1, 23, 9, 3, 14][17, 22, 0, 26][5, 15, 16, 7][11, 25, 28][4, 24, 20][17, 28][16, 28][7, 20][4, 23][7, 27] 
[2, 27, 29, 10, 21, 6][8, 12, 19, 18, 0, 13][1, 23, 9, 3, 14][5, 15, 16, 7][17, 22, 0, 26][4, 24, 20][11, 25, 28][7, 27][7, 20][16, 28][14, 24][17, 28] 
[2, 27, 29, 10, 21, 6][8, 12, 19, 18, 0, 13][1, 23, 9, 3, 14][5, 15, 16, 7][17, 22, 0, 26][4, 24, 20][11, 25, 28][7, 27][7, 20][14, 24][16, 28][17, 28] 
[2, 27, 29, 10, 21, 6][8, 12, 17, 22, 0, 26][1, 23, 9, 3, 14][5, 15, 16, 7][13, 0, 18, 19][11, 25, 28][4, 24, 20][7, 27][16, 28][17, 28][7, 20][14, 24] 
[2, 27, 29, 10, 21, 6][8, 12, 17, 22, 0, 26][1, 23, 9, 3, 14][5, 15, 16, 7][13, 0, 18, 19][4, 24, 20][11, 25, 28][14, 24][7, 20][7, 27][16, 28][17, 28] 
[2, 27, 29, 10, 21, 6][8, 12, 17, 22, 0, 26][1, 23, 9, 3, 14][5, 15, 16, 7][13, 0, 18, 19][4, 24, 20][11, 25, 28][7, 20][14, 24][7, 27][16, 28][17, 28] 
[8, 12, 17, 22, 0, 26][2, 27, 29, 10, 21, 6][1, 23, 9, 3, 14][13, 0, 18, 19][5, 15, 16, 7][11, 25, 28][4, 24, 20][17, 28][16, 28][7, 20][14, 24][7, 27] 
[2, 27, 29, 10, 21, 6][8, 12, 17, 22, 0, 26][1, 23, 9, 3, 14][13, 0, 18, 19, 17][5, 15, 16, 7][4, 24, 20][11, 25, 28][7, 20][14, 24][7, 27][16, 28][17, 28] 
[8, 12, 17, 22, 0, 26][2, 27, 29, 10, 21, 6][1, 23, 9, 3, 14][13, 0, 18, 19][5, 15, 16, 7][11, 25, 28][4, 24, 20][17, 28][16, 28][7, 27][7, 20][14, 24] 
[2, 27, 29, 10, 21, 6][1, 23, 9, 3, 14][12, 17, 22, 0, 26][8, 19, 18, 0, 13][5, 15, 16, 7][4, 24, 20][11, 25, 28][4, 23][7, 20][7, 27][16, 28][17, 28] 
[8, 12, 19, 18, 0, 13][2, 27, 29, 10, 21, 6][1, 23, 9, 3, 14][17, 22, 0, 26][5, 15, 16, 7][11, 25, 28][4, 24, 20][17, 28][16, 28][7, 20][4, 23][7, 27] 
[2, 27, 29, 10, 21, 6][8, 12, 19, 18, 0, 13][1, 23, 9, 3, 14][5, 15, 16, 7][17, 22, 0, 26][4, 24, 20][11, 25, 28][7, 27][7, 20][14, 24][16, 28][17, 28] 
[2, 27, 29, 10, 21, 6][8, 12, 17, 22, 0, 26][1, 23, 9, 3, 14][5, 15, 16, 7][13, 0, 18, 19][11, 25, 28][4, 24, 20][7, 27][16, 28][17, 28][7, 20][14, 24] 
[8, 12, 17, 22, 0, 26][2, 27, 29, 10, 21, 6][1, 23, 9, 3, 14][5, 15, 16, 7][13, 0, 18, 19][4, 24, 20][11, 25, 28][14, 24][7, 20][16, 28][17, 28][7, 27] 
[8, 12, 17, 22, 0, 26][2, 27, 29, 10, 21, 6][1, 23, 9, 3, 14][13, 0, 18, 19][5, 15, 16, 7][11, 25, 28][4, 24, 20][17, 28][16, 28][7, 27][7, 20][14, 24] 
[2, 27, 29, 10, 21, 6][1, 23, 9, 3, 14][12, 17, 22, 0, 26][8, 19, 18, 0, 13][5, 15, 16, 7][4, 24, 20][11, 25, 28][4, 23][7, 20][16, 28][17, 28][7, 27] 
[8, 12, 19, 18, 0, 13][2, 27, 29, 10, 21, 6][1, 23, 9, 3, 14][17, 22, 0, 26][5, 15, 16, 7][11, 25, 28][4, 24, 20][17, 28][16, 28][7, 20][7, 27][4, 23] 
[8, 12, 17, 22, 0, 26][2, 27, 29, 10, 21, 6][1, 23, 9, 3, 14][13, 0, 18, 19, 17][5, 15, 16, 7][4, 24, 20][11, 25, 28][14, 24][7, 20][16, 28][17, 28][7, 27] 
[2, 27, 29, 10, 21, 6][1, 23, 9, 3, 14][12, 17, 22, 0, 26][8, 19, 18, 0, 13][5, 15, 16, 7][4, 24, 20][11, 25, 28][4, 23][7, 20][16, 28][17, 28][7, 27] 
[2, 27, 29, 10, 21, 6][12, 17, 22, 0, 26][8, 19, 18, 0, 13][1, 23, 9, 3, 14][5, 15, 16, 7][4, 24, 20][11, 25, 28][7, 20][16, 28][17, 28][4, 23][7, 27] 
[8, 12, 19, 18, 0, 13][2, 27, 29, 10, 21, 6][1, 23, 9, 3, 14][17, 22, 0, 26][5, 15, 16, 7][11, 25, 28][4, 24, 20][17, 28][16, 28][7, 20][4, 23][7, 27] 
[2, 27, 29, 10, 21, 6][8, 12, 19, 18, 0, 13][1, 23, 9, 3, 14][5, 15, 16, 7][17, 22, 0, 26][4, 24, 20][11, 25, 28][7, 27][7, 20][16, 28][14, 24][17, 28] 
[2, 27, 29, 10, 21, 6][8, 12, 17, 22, 0, 26][1, 23, 9, 3, 14][5, 15, 16, 7][13, 0, 18, 19][11, 25, 28][4, 24, 20][7, 27][16, 28][7, 20][14, 24][17, 28] 
[2, 27, 29, 10, 21, 6][8, 12, 17, 22, 0, 26][1, 23, 9, 3, 14][5, 15, 16, 7][13, 0, 18, 19][4, 24, 20][11, 25, 28][7, 27][7, 20][16, 28][14, 24][17, 28] 
[2, 27, 29, 10, 21, 6][8, 12, 17, 22, 0, 26][1, 23, 9, 3, 14][5, 15, 16, 7][13, 0, 18, 19][4, 24, 20][11, 25, 28][7, 20][14, 24][7, 27][16, 28][17, 28] 
[2, 27, 29, 10, 21, 6][1, 23, 9, 3, 14][12, 17, 22, 0, 26][8, 19, 18, 0, 13][5, 15, 16, 7][4, 24, 20][11, 25, 28][4, 23][7, 20][7, 27][16, 28][17, 28] 
[8, 12, 19, 18, 0, 13][2, 27, 29, 10, 21, 6][1, 23, 9, 3, 14][17, 22, 0, 26][5, 15, 16, 7][11, 25, 28][4, 24, 20][17, 28][16, 28][7, 20][4, 23][7, 27] 
[8, 12, 17, 22, 0, 26][2, 27, 29, 10, 21, 6][1, 23, 9, 3, 14][13, 0, 18, 19, 17][5, 15, 16, 7][4, 24, 20][11, 25, 28][14, 24][7, 20][16, 28][17, 28][7, 27] 
[2, 27, 29, 10, 21, 6][12, 17, 22, 0, 26][8, 19, 18, 0, 13][1, 23, 9, 3, 14][5, 15, 16, 7][4, 24, 20][11, 25, 28][7, 20][16, 28][17, 28][7, 27][4, 23] 
[2, 27, 29, 10, 21, 6][1, 23, 9, 3, 14][12, 17, 22, 0, 26][8, 19, 18, 0, 13][5, 15, 16, 7][4, 24, 20][11, 25, 28][4, 23][7, 20][7, 27][16, 28][17, 28] 
[8, 12, 19, 18, 0, 13][2, 27, 29, 10, 21, 6][1, 23, 9, 3, 14][17, 22, 0, 26][5, 15, 16, 7][11, 25, 28][4, 24, 20][17, 28][16, 28][7, 20][4, 23][7, 27] 
[2, 27, 29, 10, 21, 6][8, 12, 17, 22, 0, 26][1, 23, 9, 3, 14][5, 15, 16, 7][13, 0, 18, 19][4, 24, 20][11, 25, 28][7, 27][7, 20][14, 24][16, 28][17, 28] 
[2, 27, 29, 10, 21, 6][12, 17, 22, 0, 26][8, 19, 18, 0, 13][1, 23, 9, 3, 14][5, 15, 16, 7][11, 25, 28][4, 24, 20][7, 27][16, 28][17, 28][7, 20][4, 23] 
[2, 27, 29, 10, 21, 6][12, 17, 22, 0, 26][8, 19, 18, 0, 13][1, 23, 9, 3, 14][5, 15, 16, 7][11, 25, 28][4, 24, 20][7, 27][16, 28][17, 28][7, 20][4, 23] 
[6, 13, 0, 26, 8, 12, 18, 19, 22, 17, 28, 16, 27][5, 15, 16, 7, 14, 1, 4, 3, 9, 23][20, 14, 11, 3, 1, 24, 4, 7, 25][2, 27, 29, 10, 21][8, 12][8, 12][8, 12][0, 13][8, 12][8, 12][0, 13][8, 12] 
[6, 13, 0, 26, 8, 12, 18, 19, 22, 17, 28, 16, 27][5, 15, 16, 7, 14, 1, 4, 3, 9, 23][20, 14, 11, 3, 1, 24, 4, 7, 25][2, 27, 29, 10, 21][8, 12][8, 12][8, 12][0, 13][8, 12][8, 12][0, 13][8, 12] 
[6, 13, 0, 26, 8, 12, 18, 19, 22, 17, 28, 16, 27][5, 15, 16, 7, 14, 1, 4, 3, 9, 23][20, 14, 11, 3, 1, 24, 4, 7, 25][2, 27, 29, 10, 21][8, 12][8, 12][8, 12][0, 13][8, 12][8, 12][0, 13][8, 12] 
[6, 13, 0, 26, 8, 12, 18, 19, 22, 17, 28, 16][9, 23, 20, 14, 11, 3, 1, 24, 4, 7, 25][2, 27, 29, 10, 21, 6][5, 15, 16, 7][0, 13][8, 12][4, 24][0, 13][17, 28][8, 12][8, 12][8, 12] 
[6, 13, 0, 26, 8, 12, 18, 19, 22, 17, 28, 16][9, 23, 20, 14, 11, 3, 1, 24, 4, 7, 25][2, 27, 29, 10, 21, 6][5, 15, 16, 7][0, 13][8, 12][4, 24][0, 13][17, 28][8, 12][8, 12][8, 12] 
[6, 13, 0, 26, 8, 12, 18, 19, 22, 17, 28][9, 23, 20, 14, 11, 3, 1, 24, 4, 7, 25][2, 27, 29, 10, 21, 6][5, 15, 16, 7][0, 13][6, 13][5, 15][16, 28][4, 24][6, 13][8, 12][8, 12] 
[6, 13, 0, 26, 8, 12, 18, 19, 22, 17, 28, 16, 27][5, 15, 16, 7, 14, 1, 4, 3, 9, 23][20, 14, 11, 3, 1, 24, 4, 7, 25][2, 27, 29, 10, 21][8, 12][8, 12][0, 13][0, 13][8, 12][8, 12][8, 12][8, 12] 
[6, 13, 0, 26, 8, 12, 18, 19, 22, 17, 28, 16, 27][5, 15, 16, 7, 14, 1, 4, 3, 9, 23][20, 14, 11, 3, 1, 24, 4, 7, 25][2, 27, 29, 10, 21][8, 12][8, 12][8, 12][0, 13][8, 12][8, 12][0, 13][8, 12] 
[6, 13, 0, 26, 8, 12, 18, 19, 22, 17, 28, 16][9, 23, 20, 14, 11, 3, 1, 24, 4, 7, 25][2, 27, 29, 10, 21, 6][5, 15, 16, 7][0, 13][8, 12][4, 24][0, 13][17, 28][8, 12][8, 12][8, 12] 
[6, 13, 0, 26, 8, 12, 18, 19, 22, 17, 28, 16, 27][5, 15, 16, 7, 14, 1, 4, 3, 9, 23][20, 14, 11, 3, 1, 24, 4, 7, 25][2, 27, 29, 10, 21][8, 12][8, 12][8, 12][0, 13][8, 12][8, 12][0, 13][8, 12] 
[6, 13, 0, 26, 8, 12, 18, 19, 22, 17, 28, 16, 27][5, 15, 16, 7, 14, 1, 4, 3, 9, 23][20, 14, 11, 3, 1, 24, 4, 7, 25][2, 27, 29, 10, 21][8, 12][8, 12][8, 12][0, 13][8, 12][8, 12][0, 13][8, 12] 
[6, 13, 0, 26, 8, 12, 18, 19, 22, 17, 28, 16, 27][5, 15, 16, 7, 14, 1, 4, 3, 9, 23][20, 14, 11, 3, 1, 24, 4, 7, 25][2, 27, 29, 10, 21][8, 12][8, 12][0, 13][0, 13][8, 12][8, 12][8, 12][8, 12] 
[6, 13, 0, 26, 8, 12, 18, 19, 22, 17, 28, 16][9, 23, 20, 14, 11, 3, 1, 24, 4, 7, 25][2, 27, 29, 10, 21, 6][5, 15, 16, 7][0, 13][8, 12][4, 24][0, 13][17, 28][8, 12][8, 12][8, 12] 
[6, 13, 0, 26, 8, 12, 18, 19, 22, 17, 28, 16, 27][5, 15, 16, 7, 14, 1, 4, 3, 9, 23][20, 14, 11, 3, 1, 24, 4, 7, 25][2, 27, 29, 10, 21][8, 12][8, 12][0, 13][0, 13][8, 12][8, 12][8, 12][8, 12] 
[6, 13, 0, 26, 8, 12, 18, 19, 22, 17, 28, 16, 27][5, 15, 16, 7, 14, 1, 4, 3, 9, 23][20, 14, 11, 3, 1, 24, 4, 7, 25][2, 27, 29, 10, 21][8, 12][8, 12][0, 13][0, 13][8, 12][8, 12][8, 12][8, 12] 
[6, 13, 0, 26, 8, 12, 18, 19, 22, 17, 28, 16, 27][9, 23, 20, 14, 11, 3, 1, 24, 4, 7, 25, 22][2, 27, 29, 10, 21][5, 15, 16][8, 12][17, 28][7, 25][4, 24][8, 12][0, 13][7, 25][16, 28] 
[6, 13, 0, 26, 8, 12, 18, 19, 22, 17, 28, 16, 27][9, 23, 20, 14, 11, 3, 1, 24, 4, 7, 25, 22][2, 27, 29, 10, 21][5, 15, 16][8, 12][0, 13][8, 12][7, 25][8, 12][7, 25][4, 24][0, 13] 
[6, 13, 0, 26, 8, 12, 18, 19, 22, 17, 28, 16, 27][9, 23, 20, 14, 11, 3, 1, 24, 4, 7, 25][2, 27, 29, 10, 21][5, 15, 16, 7][8, 12][0, 13][0, 13][8, 12][0, 13][8, 12][0, 13][0, 13] 
[6, 13, 0, 26, 8, 12, 18, 19, 22, 17, 28, 16, 27][9, 23, 20, 14, 11, 3, 1, 24, 4, 7, 25, 22][2, 27, 29, 10, 21][5, 15, 16][8, 12][17, 28][7, 25][4, 24][8, 12][0, 13][7, 25][16, 28] 
[6, 13, 0, 26, 8, 12, 18, 19, 22, 17, 28, 16, 27][9, 23, 20, 14, 11, 3, 1, 24, 4, 7, 25, 22][2, 27, 29, 10, 21][5, 15, 16][0, 13][0, 13][8, 12][16, 28][7, 25][8, 12][7, 25][8, 12] 
[6, 13, 0, 26, 8, 12, 18, 19, 22, 17, 28, 16, 27][9, 23, 20, 14, 11, 3, 1, 24, 4, 7, 25, 22][2, 27, 29, 10, 21][5, 15, 16][0, 13][0, 13][8, 12][16, 28][7, 25][8, 12][7, 25][8, 12] 
[2, 27, 29, 10, 21, 6][8, 12, 17, 22, 0, 26][1, 23, 9, 3, 14][12, 19, 18, 0, 13][5, 15, 16, 7][4, 24, 20][11, 25, 28][7, 27][7, 20][14, 24][16, 28][17, 28] 
[2, 27, 29, 10, 21, 6][8, 12, 19, 18, 0, 13][1, 23, 9, 3, 14][5, 15, 16, 7][17, 22, 0, 26][11, 25, 28][4, 24, 20][14, 24, 23][7, 27][16, 28][7, 20][17, 28] 
[8, 12, 17, 22, 0, 26][2, 27, 29, 10, 21, 6][8, 19, 18, 0, 13][1, 23, 9, 3, 14][5, 15, 16, 7][11, 25, 28][4, 24, 20][17, 28][16, 28][7, 20][7, 27][14, 24] 
[8, 12, 19, 18, 0, 13][2, 27, 29, 10, 21, 6][12, 17, 22, 0, 26][1, 23, 9, 3, 14][5, 15, 16, 7][11, 25, 28][4, 24, 20][17, 28][16, 28][7, 27][7, 20][14, 24] 
[8, 12, 19, 18, 0, 13][2, 27, 29, 10, 21, 6][1, 23, 9, 3, 14][17, 22, 0, 26][5, 15, 16, 7][11, 25, 28][4, 24, 20][17, 28][16, 28][7, 27][7, 20][14, 24] 
[8, 12, 17, 22, 0, 26][2, 27, 29, 10, 21, 6][8, 19, 18, 0, 13][1, 23, 9, 3, 14][5, 15, 16, 7][11, 25, 28][4, 24, 20][17, 28][16, 28][7, 27][7, 20][14, 24] 
[8, 12, 19, 18, 0, 13][2, 27, 29, 10, 21, 6][1, 23, 9, 3, 14][17, 22, 0, 26][5, 15, 16, 7][11, 25, 28][4, 24, 20][17, 28][16, 28][7, 20][14, 24][7, 27] 
[2, 27, 29, 10, 21, 6][8, 12, 19, 18, 0, 13][1, 23, 9, 3, 14][5, 15, 16, 7][17, 22, 0, 26][4, 24, 20][11, 25, 28][14, 24][7, 20][7, 27][16, 28][17, 28] 
[2, 27, 29, 10, 21, 6][8, 12, 17, 22, 0, 26][1, 23, 9, 3, 14][12, 19, 18, 0, 13][5, 15, 16, 7][4, 24, 20][11, 25, 28][7, 27][7, 20][14, 24][16, 28][17, 28] 
[2, 27, 29, 10, 21, 6][8, 12, 19, 18, 0, 13][1, 23, 9, 3, 14][5, 15, 16, 7][17, 22, 0, 26][4, 24, 20][11, 25, 28][7, 27][7, 20][14, 24][16, 28][17, 28] 
[2, 27, 29, 10, 21, 6][8, 12, 17, 22, 0, 26][1, 23, 9, 3, 14][12, 19, 18, 0, 13][5, 15, 16, 7][4, 24, 20][11, 25, 28][14, 24][7, 20][16, 28][7, 27][17, 28] 
[2, 27, 29, 10, 21, 6][8, 12, 19, 18, 0, 13][1, 23, 9, 3, 14][5, 15, 16, 7][17, 22, 0, 26][4, 24, 20][11, 25, 28][7, 27][7, 20][14, 24][16, 28][17, 28] 
[8, 12, 19, 18, 0, 13][2, 27, 29, 10, 21, 6][1, 23, 9, 3, 14][17, 22, 0, 26][5, 15, 16, 7][11, 25, 28][4, 24, 20][17, 28][16, 28][7, 27][7, 20][14, 24] 
[2, 27, 29, 10, 21, 6][8, 12, 19, 18, 0, 13][1, 23, 9, 3, 14][5, 15, 16, 7][17, 22, 0, 26][4, 24, 20][11, 25, 28][14, 24, 23][7, 27][7, 20][16, 28][17, 28] 
[2, 27, 29, 10, 21, 6][8, 12, 19, 18, 0, 13][1, 23, 9, 3, 14][5, 15, 16, 7][17, 22, 0, 26][4, 24, 20][11, 25, 28][14, 24, 23][7, 27][7, 20][16, 28][17, 28] 
[2, 27, 29, 10, 21, 6][1, 23, 9, 3, 14][12, 17, 22, 0, 26][8, 19, 18, 0, 13][5, 15, 16, 7][4, 24, 20][11, 25, 28][4, 23][7, 20][7, 27][16, 28][17, 28] 
[2, 27, 29, 10, 21, 6][1, 23, 9, 3, 14][12, 17, 22, 0, 26][8, 19, 18, 0, 13][5, 15, 16, 7][4, 24, 20][11, 25, 28][4, 23][7, 20][16, 28][17, 28][7, 27] 
[2, 27, 29, 10, 21, 6][12, 17, 22, 0, 26][8, 19, 18, 0, 13][1, 23, 9, 3, 14][5, 15, 16, 7][11, 25, 28][4, 24, 20][16, 28][7, 27][7, 20][17, 28][4, 23] 
[2, 27, 29, 10, 21, 6][12, 17, 22, 0, 26][8, 19, 18, 0, 13][1, 23, 9, 3, 14][5, 15, 16, 7][11, 25, 28][4, 24, 20][16, 28][7, 27][17, 28][7, 20][4, 23] 
[2, 27, 29, 10, 21, 6][1, 23, 9, 3, 14][12, 17, 22, 0, 26][8, 19, 18, 0, 13][5, 15, 16, 7][4, 24, 20][11, 25, 28][4, 23][7, 20][16, 28][7, 27][17, 28] 
[2, 27, 29, 10, 21, 6][1, 23, 9, 3, 14][12, 17, 22, 0, 26][8, 19, 18, 0, 13][5, 15, 16, 7][4, 24, 20][11, 25, 28][4, 23][7, 20][7, 27][16, 28][17, 28] 
[8, 12, 19, 18, 0, 13][2, 27, 29, 10, 21, 6][1, 23, 9, 3, 14][5, 15, 16, 7][17, 22, 0, 26][11, 25, 28][4, 24, 20][16, 28][17, 28][7, 20][7, 27][14, 24] 
[2, 27, 29, 10, 21, 6][8, 12, 19, 18, 0, 13][1, 23, 9, 3, 14][5, 15, 16, 7][17, 22, 0, 26][4, 24, 20][11, 25, 28][7, 27][7, 20][14, 24][16, 28][17, 28] 
[2, 27, 29, 10, 21, 6][8, 12, 19, 18, 0, 13][1, 23, 9, 3, 14][5, 15, 16, 7][17, 22, 0, 26][11, 25, 28][4, 24, 20][7, 27][16, 28][7, 20][14, 24][17, 28] 
[2, 27, 29, 10, 21, 6][8, 12, 19, 18, 0, 13][1, 23, 9, 3, 14][5, 15, 16, 7][17, 22, 0, 26][4, 24, 20][11, 25, 28][14, 24][7, 20][7, 27][16, 28][17, 28] 
[2, 27, 29, 10, 21, 6][8, 12, 19, 18, 0, 13][1, 23, 9, 3, 14][5, 15, 16, 7][17, 22, 0, 26][4, 24, 20][11, 25, 28][7, 27][7, 20][14, 24][16, 28][17, 28] 
[8, 12, 19, 18, 0, 13][2, 27, 29, 10, 21, 6][1, 23, 9, 3, 14][5, 15, 16, 7][17, 22, 0, 26][11, 25, 28][4, 24, 20][16, 28][7, 20][17, 28][4, 23][7, 27] 
[2, 27, 29, 10, 21, 6][8, 12, 19, 18, 0, 13][1, 23, 9, 3, 14][5, 15, 16, 7][17, 22, 0, 26][4, 24, 20][11, 25, 28][14, 24][7, 20][7, 27][16, 28][17, 28] 
[2, 27, 29, 10, 21, 6][12, 17, 22, 0, 26][8, 19, 18, 0, 13][1, 23, 9, 3, 14][5, 15, 16, 7][11, 25, 28][4, 24, 20][16, 28][17, 28][7, 20][4, 23][7, 27] 
[2, 27, 29, 10, 21, 6][1, 23, 9, 3, 14][12, 17, 22, 0, 26][8, 19, 18, 0, 13][5, 15, 16, 7][4, 24, 20][11, 25, 28][4, 23][7, 20][16, 28][17, 28][7, 27] 
[2, 27, 29, 10, 21, 6][1, 23, 9, 3, 14][12, 17, 22, 0, 26][8, 19, 18, 0, 13][5, 15, 16, 7][4, 24, 20][11, 25, 28][4, 23][7, 20][16, 28][17, 28][7, 27] 
[2, 27, 29, 10, 21, 6][1, 23, 9, 3, 14][12, 17, 22, 0, 26][8, 19, 18, 0, 13][5, 15, 16, 7][4, 24, 20][11, 25, 28][4, 23][7, 20][16, 28][7, 27][17, 28] 
[2, 27, 29, 10, 21, 6][12, 17, 22, 0, 26][8, 19, 18, 0, 13][1, 23, 9, 3, 14][5, 15, 16, 7][11, 25, 28][4, 24, 20][16, 28][17, 28][7, 20][4, 23][7, 27] 
[2, 27, 29, 10, 21, 6][12, 17, 22, 0, 26][8, 19, 18, 0, 13][1, 23, 9, 3, 14][5, 15, 16, 7][11, 25, 28][4, 24, 20][16, 28][17, 28][7, 20][4, 23][7, 27] 
[2, 27, 29, 10, 21, 6][12, 17, 22, 0, 26][8, 19, 18, 0, 13][1, 23, 9, 3, 14][5, 15, 16, 7][4, 24, 20][11, 25, 28][7, 20][16, 28][17, 28][7, 27][4, 23] 
[2, 27, 29, 10, 21, 6][1, 23, 9, 3, 14][12, 17, 22, 0, 26][8, 19, 18, 0, 13][5, 15, 16, 7][4, 24, 20][11, 25, 28][4, 23][7, 20][16, 28][17, 28][7, 27] 
[2, 27, 29, 10, 21, 6][12, 17, 22, 0, 26][8, 19, 18, 0, 13][1, 23, 9, 3, 14][5, 15, 16, 7][11, 25, 28][4, 24, 20][16, 28][17, 28][7, 20][4, 23][7, 27] 
[2, 27, 29, 10, 21, 6][12, 17, 22, 0, 26][8, 19, 18, 0, 13][1, 23, 9, 3, 14][5, 15, 16, 7][11, 25, 28][4, 24, 20][16, 28][7, 27][17, 28][7, 20][4, 23] 
[2, 27, 29, 10, 21, 6][12, 17, 22, 0, 26][8, 19, 18, 0, 13][1, 23, 9, 3, 14][5, 15, 16, 7][11, 25, 28][4, 24, 20][7, 27][16, 28][17, 28][7, 20][4, 23] 
[2, 27, 29, 10, 21, 6][1, 23, 9, 3, 14][12, 17, 22, 0, 26][8, 19, 18, 0, 13][5, 15, 16, 7][4, 24, 20][11, 25, 28][4, 23][7, 20][16, 28][17, 28][7, 27] 
[2, 27, 29, 10, 21, 6][1, 23, 9, 3, 14][12, 17, 22, 0, 26][8, 19, 18, 0, 13][5, 15, 16, 7][4, 24, 20][11, 25, 28][4, 23][7, 20][16, 28][7, 27][17, 28] 
[2, 27, 29, 10, 21, 6][1, 23, 9, 3, 14][12, 17, 22, 0, 26][8, 19, 18, 0, 13][5, 15, 16, 7][4, 24, 20][11, 25, 28][4, 23][7, 20][16, 28][7, 27][17, 28] 
[2, 27, 29, 10, 21, 6][1, 23, 9, 3, 14][12, 17, 22, 0, 26][8, 19, 18, 0, 13][5, 15, 16, 7][4, 24, 20][11, 25, 28][4, 23][7, 20][16, 28][7, 27][17, 28] 
[9, 23, 4, 24, 1, 3, 14][8, 12, 19, 18, 0, 13][2, 27, 29, 10, 21, 6][17, 22, 0, 26][5, 15, 16, 7][11, 25, 28][17, 28][16, 28][7, 27][7, 20][20, 24][4, 23] 
[9, 23, 4, 24, 1, 3, 14][2, 27, 29, 10, 21, 6][8, 12, 19, 18, 0, 13][5, 15, 16, 7][17, 22, 0, 26][11, 25, 28][4, 23][20, 24][7, 20][7, 27][16, 28][17, 28] 
[9, 23, 4, 24, 1, 3, 14][2, 27, 29, 10, 21, 6][8, 12, 19, 18, 0, 13][5, 15, 16, 7][17, 22, 0, 26][11, 25, 28][4, 23][20, 24][7, 20][7, 27][16, 28][17, 28] 
[9, 23, 4, 24, 1, 3, 14][2, 27, 29, 10, 21, 6][8, 12, 19, 18, 0, 13][5, 15, 16, 7][17, 22, 0, 26][11, 25, 28][4, 23][20, 24][7, 20][7, 27][16, 28][17, 28] 
[9, 23, 4, 24, 1, 3, 14][8, 12, 19, 18, 0, 13][2, 27, 29, 10, 21, 6][17, 22, 0, 26][5, 15, 16, 7][11, 25, 28][17, 28][16, 28][7, 27][7, 20][20, 24][4, 23] 
[9, 23, 4, 24, 1, 3, 14][2, 27, 29, 10, 21, 6][12, 17, 22, 0, 26][8, 19, 18, 0, 13][5, 15, 16, 7][11, 25, 28][4, 23][20, 24][7, 20][16, 28][17, 28][7, 27] 
[8, 12, 19, 18, 0, 13][2, 27, 29, 10, 21, 6][1, 23, 9, 3, 14][5, 15, 16, 7][17, 22, 0, 26][11, 25, 28][4, 24, 20][16, 28][17, 28][7, 20][7, 27][14, 24] 
[8, 12, 19, 18, 0, 13][2, 27, 29, 10, 21, 6][1, 23, 9, 3, 14][17, 22, 0, 26][5, 15, 16, 7][11, 25, 28][4, 24, 20][17, 28][16, 28][7, 27][7, 20][14, 24] 
[2, 27, 29, 10, 21, 6][8, 12, 19, 18, 0, 13][1, 23, 9, 3, 14][5, 15, 16, 7][17, 22, 0, 26][4, 24, 20][11, 25, 28][14, 24][7, 20][7, 27][16, 28][17, 28] 
[2, 27, 29, 10, 21, 6][8, 12, 19, 18, 0, 13][1, 23, 9, 3, 14][5, 15, 16, 7][17, 22, 0, 26][4, 24, 20][11, 25, 28][14, 24][7, 20][7, 27][16, 28][17, 28] 
[2, 27, 29, 10, 21, 6][8, 12, 19, 18, 0, 13][1, 23, 9, 3, 14][5, 15, 16, 7][17, 22, 0, 26][4, 24, 20][11, 25, 28][14, 24][7, 20][7, 27][16, 28][17, 28] 
[2, 27, 29, 10, 21, 6][1, 23, 9, 3, 14][12, 17, 22, 0, 26][8, 19, 18, 0, 13][5, 15, 16, 7][4, 24, 20][11, 25, 28][4, 23][7, 20][7, 27][16, 28][17, 28] 
[2, 27, 29, 10, 21, 6][8, 12, 19, 18, 0, 13][1, 23, 9, 3, 14][5, 15, 16, 7][17, 22, 0, 26][11, 25, 28][4, 24, 20][7, 27][16, 28][7, 20][14, 24][17, 28] 
