[4, 23, 9, 3, 1, 24, 14, 20][7, 16, 15, 10, 27][18, 19, 12, 17, 28][8, 26, 0, 13][5, 21, 6][21, 2, 29][11, 25, 22][7, 24][6, 10][6, 13][8, 12][17, 22] 
[4, 23, 9, 3, 1, 24, 14, 20][18, 19, 12, 17, 28][15, 10, 27, 2, 29][8, 26, 0, 13][5, 21, 6][16, 7, 27][11, 25, 22][6, 13][8, 12][6, 10][7, 24][17, 22] 
[4, 23, 9, 3, 1, 24, 14, 20][18, 19, 12, 17, 28][6, 10, 2, 29][8, 26, 0, 13][16, 7, 27][15, 10, 27][5, 21, 6][11, 25, 22][7, 24][6, 13][8, 12][17, 22] 
[4, 23, 9, 3, 1, 24, 14, 20][18, 19, 12, 17, 28][6, 10, 2, 29][8, 26, 0, 13][16, 7, 27][15, 10, 27][5, 21, 6][11, 25, 22][7, 24][6, 13][8, 12][17, 22] 
[4, 23, 9, 3, 1, 24, 14, 20][18, 19, 12, 17, 28][15, 10, 16, 7, 27][8, 26, 0, 13][11, 25, 22][5, 21, 6][21, 2, 29][17, 22][8, 12][6, 13][6, 10][7, 24] 
[4, 23, 9, 3, 1, 24, 14, 20][15, 10, 16, 7, 27][18, 19, 12, 17, 28][8, 26, 0, 13][5, 21, 6][21, 2, 29][11, 25, 22][6, 13][6, 10][7, 24][8, 12][17, 22] 
[4, 23, 9, 3, 1, 24, 14, 20][18, 19, 12, 17, 28][15, 10, 27, 29][8, 26, 0, 13][2, 10, 6][5, 21, 6][16, 7, 27][11, 25, 22][6, 13][8, 12][7, 24][17, 22] 
[4, 23, 9, 3, 1, 24, 14, 20][18, 19, 12, 17, 28][15, 10, 16, 7, 27][8, 26, 0, 13][5, 21, 6][21, 2, 29][11, 25, 22][6, 13][8, 12][6, 10][17, 22][7, 24] 
[4, 23, 9, 3, 1, 24, 14, 20][18, 19, 12, 17, 28][15, 10, 16, 7, 27][8, 26, 0, 13][11, 25, 22][5, 21, 6][21, 2, 29][17, 22][8, 12][6, 13][6, 10][7, 24] 
[4, 23, 9, 3, 1, 24, 14, 20][18, 19, 12, 17, 28][15, 10, 16, 7, 27][8, 26, 0, 13][11, 25, 22][5, 21, 6][21, 2, 29][17, 22][8, 12][6, 13][6, 10][7, 24] 
[4, 23, 9, 3, 1, 24, 14, 20][18, 19, 12, 17, 28][7, 16, 15, 10, 27][8, 26, 0, 13][21, 2, 29][5, 21, 6][11, 25, 22][6, 13][8, 12][17, 22][6, 10][7, 24] 
[4, 23, 9, 3, 1, 24, 14, 20][18, 19, 12, 17, 28][15, 10, 27, 2, 29][8, 26, 0, 13][5, 21, 6][16, 7, 27][11, 25, 22][6, 13][8, 12][6, 10][7, 24][17, 22] 
[4, 23, 9, 3, 1, 24, 14, 20][18, 19, 12, 17, 28][6, 10, 2, 29][8, 26, 0, 13][15, 10, 27][5, 21, 6][11, 25, 22][16, 7, 27][6, 13][8, 12][17, 22][7, 24] 
[4, 23, 9, 3, 1, 24, 14, 20][15, 10, 16, 7, 27][18, 19, 12, 17, 28][8, 26, 0, 13][21, 2, 29][5, 21, 6][11, 25, 22][6, 13][6, 10][7, 24][8, 12][17, 22] 
[4, 23, 9, 3, 1, 24, 14, 20][18, 19, 12, 17, 28][15, 10, 16, 7, 27][8, 26, 0, 13][11, 25, 22][5, 21, 6][21, 2, 29][8, 12][17, 22][6, 13][6, 10][7, 24] 
[4, 23, 9, 3, 1, 24, 14, 20][15, 10, 16, 7, 27][18, 19, 12, 17, 28][8, 26, 0, 13][5, 21, 6][21, 2, 29][11, 25, 22][7, 24][6, 10][6, 13][8, 12][17, 22] 
[4, 23, 9, 3, 1, 24, 14, 20][18, 19, 12, 17, 28][7, 16, 15, 10, 27][8, 26, 0, 13][5, 21, 6][21, 2, 29][11, 25, 22][6, 13][8, 12][17, 22][6, 10][7, 24] 
[4, 23, 9, 3, 1, 24, 14, 20][18, 19, 12, 17, 28][15, 10, 27, 2, 29][8, 26, 0, 13][5, 21, 6][16, 7, 27][11, 25, 22][6, 13][8, 12][6, 10][7, 24][17, 22] 
[4, 23, 9, 3, 1, 24, 14, 20][15, 10, 16, 7, 27][18, 19, 12, 17, 28][8, 26, 0, 13][5, 21, 6][21, 2, 29][11, 25, 22][6, 10][6, 13][8, 12][17, 22][7, 24] 
[4, 23, 9, 3, 1, 24, 14, 20][18, 19, 12, 17, 28][7, 16, 15, 10, 27][8, 26, 0, 13][21, 2, 29][5, 21, 6][11, 25, 22][6, 13][8, 12][17, 22][6, 10][7, 24] 
[4, 23, 9, 3, 1, 24, 14, 20][18, 19, 12, 17, 28][7, 16, 15, 10, 27][8, 26, 0, 13][21, 2, 29][5, 21, 6][11, 25, 22][6, 13][8, 12][17, 22][6, 10][7, 24] 
[4, 23, 9, 3, 1, 24, 14, 20][18, 19, 12, 17, 28][15, 10, 27, 2, 29][8, 26, 0, 13][5, 21, 6][16, 7, 27][11, 25, 22][6, 13][8, 12][6, 10][7, 24][17, 22] 
[4, 23, 9, 3, 1, 24, 14, 20][18, 19, 12, 17, 28][6, 10, 2, 29][8, 26, 0, 13][15, 10, 27][5, 21, 6][11, 25, 22][16, 7, 27][6, 13][8, 12][17, 22][7, 24] 
[4, 23, 9, 3, 1, 24, 14, 20][18, 19, 12, 17, 28][15, 10, 16, 7, 27][8, 26, 0, 13][11, 25, 22][5, 21, 6][21, 2, 29][17, 22][8, 12][6, 13][6, 10][7, 24] 
[4, 23, 9, 3, 1, 24, 14, 20][15, 10, 16, 7, 27][18, 19, 12, 17, 28][8, 26, 0, 13][5, 21, 6][21, 2, 29][11, 25, 22][6, 13][6, 10][7, 24][8, 12][17, 22] 
[4, 23, 9, 3, 1, 24, 14, 20][18, 19, 12, 17, 28][15, 10, 16, 7, 27][8, 26, 0, 13][11, 25, 22][5, 21, 6][21, 2, 29][17, 22][8, 12][6, 13][6, 10][7, 24] 
[4, 23, 9, 3, 1, 24, 14, 20][7, 16, 15, 10, 27][18, 19, 12, 17, 28][8, 26, 0, 13][5, 21, 6][21, 2, 29][11, 25, 22][7, 24][6, 10][6, 13][8, 12][17, 22] 
[4, 23, 9, 3, 1, 24, 14, 20][18, 19, 12, 17, 28][15, 10, 27, 2, 29][8, 26, 0, 13][5, 21, 6][16, 7, 27][11, 25, 22][6, 13][8, 12][6, 10][7, 24][17, 22] 
[4, 23, 9, 3, 1, 24, 14, 20][18, 19, 12, 17, 28][15, 10, 16, 7, 27][8, 26, 0, 13][11, 25, 22][5, 21, 6][21, 2, 29][8, 12][17, 22][6, 13][6, 10][7, 24] 
[4, 23, 9, 3, 1, 24, 14, 20][18, 19, 12, 17, 28][7, 16, 15, 10, 27][8, 26, 0, 13][21, 2, 29][5, 21, 6][11, 25, 22][6, 13][8, 12][17, 22][6, 10][7, 24] 
[4, 23, 9, 3, 1, 24, 14, 20][7, 16, 15, 10, 27][18, 19, 12, 17, 28][8, 26, 0, 13][5, 21, 6][21, 2, 29][11, 25, 22][7, 24][6, 10][6, 13][8, 12][17, 22] 
[4, 23, 9, 3, 1, 24, 14, 20][15, 10, 27, 2, 29][18, 19, 12, 17, 28][8, 26, 0, 13][16, 7, 27][5, 21, 6][11, 25, 22][7, 24][6, 10][6, 13][8, 12][17, 22] 
[4, 23, 9, 3, 1, 24, 14, 20][18, 19, 12, 17, 28][15, 10, 16, 7, 27][8, 26, 0, 13][5, 21, 6][21, 2, 29][11, 25, 22][6, 13][8, 12][6, 10][17, 22][7, 24] 
[4, 23, 9, 3, 1, 24, 14, 20][7, 16, 15, 10, 27][18, 19, 12, 17, 28][8, 26, 0, 13][5, 21, 6][21, 2, 29][11, 25, 22][7, 24][6, 10][6, 13][8, 12][17, 22] 
[4, 23, 9, 3, 1, 24, 14, 20][7, 16, 15, 10, 27][18, 19, 12, 17, 28][8, 26, 0, 13][21, 2, 29][11, 25, 22][5, 21, 6][6, 13][6, 10][8, 12][17, 22][7, 24] 
[19, 12, 8, 26, 0, 13, 18, 17, 22, 25][9, 3, 1, 24, 20, 23, 4, 14, 11, 25][7, 16, 15, 5, 21, 6, 10][21, 2, 29][17, 22][17, 28][6, 13][6, 21][10, 27][17, 22][0, 13][6, 21] 
[19, 12, 8, 26, 0, 13, 18, 17, 22, 25][9, 3, 1, 24, 20, 23, 4, 14, 11, 25][7, 16, 15, 5, 21, 6, 10][21, 2, 29][17, 22][17, 28][6, 13][6, 21][10, 27][17, 22][0, 13][6, 21] 
[19, 12, 8, 26, 0, 13, 18, 17, 22, 25][9, 3, 1, 24, 20, 23, 4, 14, 11, 25][7, 16, 15, 5, 21, 6, 10][21, 2, 29][17, 22][17, 28][6, 13][6, 21][10, 27][17, 22][0, 13][6, 21] 
[9, 1, 4, 23, 3, 24, 20, 7, 2, 16, 27][19, 12, 8, 26, 0, 13, 18, 17, 22, 25][6, 5, 15, 29, 2, 21][14, 11, 25, 28][7, 20][10, 27][14, 24][11, 25][25, 28][5, 15][5, 15][5, 15] 
[9, 3, 1, 24, 20, 23, 4, 14, 11, 25][8, 26, 0, 13, 18, 17, 22, 25][7, 16, 15, 5, 21, 6, 10][19, 12, 17, 28][21, 2, 29][6, 13][10, 27][6, 21][17, 22][0, 13][17, 22][0, 13] 
[19, 12, 8, 26, 0, 13, 18, 17, 22, 25][9, 3, 1, 24, 20, 23, 4, 14][7, 16, 15, 5, 21, 6, 10][14, 11, 25, 28][21, 2, 29][5, 15][16, 27][6, 13][0, 13][5, 15][0, 13][5, 15] 
[19, 12, 8, 26, 0, 13, 18, 17, 22, 25][9, 3, 1, 24, 20, 23, 4, 14, 11, 25][7, 16, 15, 5, 21, 6, 10][21, 2, 29][17, 22][17, 28][6, 13][6, 21][10, 27][17, 22][0, 13][6, 21] 
[19, 12, 8, 26, 0, 13, 18, 17, 22, 25][9, 3, 1, 24, 20, 23, 4, 14, 11, 25][7, 16, 15, 5, 21, 6, 10][21, 2, 29][17, 22][17, 28][6, 13][6, 21][10, 27][17, 22][0, 13][6, 21] 
[9, 3, 1, 24, 20, 23, 4, 14, 11, 25][8, 26, 0, 13, 18, 17, 22, 25][7, 16, 15, 5, 21, 6, 10][19, 12, 17, 28][21, 2, 29][6, 13][10, 27][6, 21][17, 22][0, 13][17, 22][0, 13] 
[19, 12, 8, 26, 0, 13, 18, 17, 22, 25][9, 3, 1, 24, 20, 23, 4, 14, 11, 25][7, 16, 15, 5, 21, 6, 10][21, 2, 29][17, 22][17, 28][6, 13][6, 21][10, 27][17, 22][0, 13][6, 21] 
[19, 12, 8, 26, 0, 13, 18, 17, 22, 25][9, 3, 1, 24, 20, 23, 4, 14, 11, 25][7, 16, 15, 5, 21, 6, 10][21, 2, 29][17, 22][17, 28][6, 13][6, 21][10, 27][17, 22][0, 13][6, 21] 
[19, 12, 8, 26, 0, 13, 18, 17, 22, 25][9, 3, 1, 24, 20, 23, 4, 14, 11, 25][7, 16, 15, 5, 21, 6, 10][21, 2, 29][17, 22][17, 28][6, 13][6, 21][10, 27][17, 22][0, 13][6, 21] 
[9, 1, 4, 23, 3, 24, 20, 7, 2, 16, 27][19, 12, 8, 26, 0, 13, 18, 17, 22, 25][6, 5, 15, 29, 2, 21][14, 11, 25, 28][7, 20][10, 27][14, 24][11, 25][25, 28][5, 15][5, 15][5, 15] 
[19, 12, 8, 26, 0, 13, 18, 17, 22, 25][9, 3, 1, 24, 20, 23, 4, 14, 11, 25][7, 16, 15, 5, 21, 6, 10][21, 2, 29][17, 22][17, 28][6, 13][6, 21][10, 27][17, 22][0, 13][6, 21] 
[19, 12, 8, 26, 0, 13, 18, 17, 22, 25][9, 3, 1, 24, 20, 23, 4, 14, 11, 25][7, 16, 15, 5, 21, 6, 10][21, 2, 29][17, 22][17, 28][6, 13][6, 21][10, 27][17, 22][0, 13][6, 21] 
[19, 12, 8, 26, 0, 13, 18, 17, 22, 25][9, 3, 1, 24, 20, 23, 4, 14, 11, 25][7, 16, 15, 5, 21, 6, 10, 29][10, 27][6, 13][2, 29][17, 28][0, 13][0, 13][0, 13][0, 13][6, 21] 
[19, 12, 8, 26, 0, 13, 18, 17, 22, 25][9, 3, 1, 24, 20, 23, 4, 14, 11, 25][7, 16, 15, 5, 21, 6, 10, 29][10, 27][6, 13][2, 29][17, 28][0, 13][0, 13][0, 13][0, 13][6, 21] 
[19, 12, 8, 26, 0, 13, 18, 17, 22, 25][9, 3, 1, 24, 20, 23, 4, 14, 11, 25][7, 16, 15, 5, 21, 6, 10][21, 2, 29][17, 22][17, 28][6, 13][6, 21][10, 27][17, 22][0, 13][6, 21] 
[19, 12, 8, 26, 0, 13, 18, 17, 22, 25][9, 3, 1, 24, 20, 23, 4, 14, 11, 25][7, 16, 15, 5, 21, 6, 10, 29][10, 27][6, 13][2, 29][17, 28][0, 13][0, 13][0, 13][0, 13][6, 21] 
[19, 12, 8, 26, 0, 13, 18, 17, 22, 25][9, 3, 1, 24, 20, 23, 4, 14, 11, 25][7, 16, 15, 5, 21, 6, 10, 29][10, 27][6, 13][2, 29][17, 28][0, 13][0, 13][0, 13][0, 13][6, 21] 
[19, 12, 8, 26, 0, 13, 18, 17, 22, 25][9, 3, 1, 24, 20, 23, 4, 14, 11, 25][7, 16, 15, 5, 21, 6, 10, 29][0, 13][6, 13][2, 29][10, 27][17, 28][0, 13][0, 13][0, 13][0, 13] 
[4, 23, 9, 3, 1, 24, 14, 20][15, 10, 16, 7, 27][18, 19, 12, 17, 28][8, 26, 0, 13][5, 21, 6][21, 2, 29][11, 25, 22][6, 10][7, 24][6, 13][8, 12][17, 22] 
[4, 23, 9, 3, 1, 24, 14, 20][15, 10, 16, 7, 27][18, 19, 12, 17, 28][8, 26, 0, 13][5, 21, 6][21, 2, 29][11, 25, 22][6, 13][6, 10][7, 24][8, 12][17, 22] 
[4, 23, 9, 3, 1, 24, 14, 20][15, 10, 16, 7, 27][18, 19, 12, 17, 28][8, 26, 0, 13][5, 21, 6][21, 2, 29][11, 25, 22][6, 13][6, 10][7, 24][8, 12][17, 22] 
[4, 23, 9, 3, 1, 24, 14, 20][18, 19, 12, 17, 28][15, 10, 16, 7, 27][8, 26, 0, 13][11, 25, 22][5, 21, 6][21, 2, 29][17, 22][8, 12][6, 13][6, 10][7, 24] 
[4, 23, 9, 3, 1, 24, 14, 20][18, 19, 12, 17, 28][15, 10, 16, 7, 27][8, 26, 0, 13][11, 25, 22][5, 21, 6][21, 2, 29][17, 22][8, 12][6, 13][6, 10][7, 24] 
[4, 23, 9, 3, 1, 24, 14, 20][15, 10, 16, 7, 27][18, 19, 12, 17, 28][8, 26, 0, 13][21, 2, 29][5, 21, 6][11, 25, 22][6, 13][6, 10][7, 24][8, 12][17, 22] 
[4, 23, 9, 3, 1, 24, 14, 20][15, 10, 16, 7, 27][18, 19, 12, 17, 28][8, 26, 0, 13][21, 2, 29][5, 21, 6][11, 25, 22][6, 13][6, 10][7, 24][8, 12][17, 22] 
[4, 23, 9, 3, 1, 24, 14, 20][18, 19, 12, 17, 28][15, 10, 16, 7, 27][8, 26, 0, 13][21, 2, 29][5, 21, 6][11, 25, 22][6, 13][8, 12][6, 10][17, 22][7, 24] 
[4, 23, 9, 3, 1, 24, 14, 20][18, 19, 12, 17, 28][15, 10, 16, 7, 27][8, 26, 0, 13][11, 25, 22][5, 21, 6][21, 2, 29][17, 22][8, 12][6, 13][6, 10][7, 24] 
[4, 23, 9, 3, 1, 24, 14, 20][15, 10, 16, 7, 27][18, 19, 12, 17, 28][8, 26, 0, 13][21, 2, 29][5, 21, 6][11, 25, 22][6, 13][6, 10][7, 24][8, 12][17, 22] 
[4, 23, 9, 3, 1, 24, 14, 20][18, 19, 12, 17, 28][15, 10, 16, 7, 27][8, 26, 0, 13][11, 25, 22][5, 21, 6][21, 2, 29][17, 22][8, 12][6, 13][6, 10][7, 24] 
[4, 23, 9, 3, 1, 24, 14, 20][18, 19, 12, 17, 28][15, 10, 16, 7, 27][8, 26, 0, 13][21, 2, 29][5, 21, 6][11, 25, 22][6, 13][8, 12][6, 10][17, 22][7, 24] 
[4, 23, 9, 3, 1, 24, 14, 20][15, 10, 16, 7, 27][18, 19, 12, 17, 28][8, 26, 0, 13][5, 21, 6][21, 2, 29][11, 25, 22][6, 13][6, 10][8, 12][17, 22][7, 24] 
[4, 23, 9, 3, 1, 24, 14, 20][18, 19, 12, 17, 28][15, 10, 16, 7, 27][8, 26, 0, 13][5, 21, 6][21, 2, 29][11, 25, 22][8, 12][6, 13][6, 10][17, 22][7, 24] 
[4, 23, 9, 3, 1, 24, 14, 20][15, 10, 16, 7, 27][18, 19, 12, 17, 28][8, 26, 0, 13][5, 21, 6][21, 2, 29][11, 25, 22][6, 13][6, 10][8, 12][17, 22][7, 24] 
[4, 23, 9, 3, 1, 24, 14, 20][18, 19, 12, 17, 28][7, 16, 15, 10, 27][8, 26, 0, 13][11, 25, 22][5, 21, 6][21, 2, 29][8, 12][17, 22][6, 13][6, 10][7, 24] 
[4, 23, 9, 3, 1, 24, 14, 20][18, 19, 12, 17, 28][7, 16, 15, 10, 27][8, 26, 0, 13][11, 25, 22][5, 21, 6][21, 2, 29][8, 12][17, 22][6, 13][6, 10][7, 24] 
[4, 23, 9, 3, 1, 24, 14, 20][7, 16, 15, 10, 27][18, 19, 12, 17, 28][8, 26, 0, 13][21, 2, 29][11, 25, 22][5, 21, 6][6, 10][7, 24][6, 13][8, 12][17, 22] 
[4, 23, 9, 3, 1, 24, 14, 20][18, 19, 12, 17, 28][7, 16, 15, 10, 27][8, 26, 0, 13][11, 25, 22][5, 21, 6][21, 2, 29][8, 12][17, 22][6, 13][6, 10][7, 24] 
[4, 23, 9, 3, 1, 24, 14, 20][18, 19, 12, 17, 28][7, 16, 15, 10, 27][8, 26, 0, 13][5, 21, 6][21, 2, 29][11, 25, 22][8, 12][6, 13][17, 22][6, 10][7, 24] 
[4, 23, 9, 3, 1, 24, 14, 20][7, 16, 15, 10, 27][18, 19, 12, 17, 28][8, 26, 0, 13][21, 2, 29][11, 25, 22][5, 21, 6][6, 10][7, 24][6, 13][8, 12][17, 22] 
[4, 23, 9, 3, 1, 24, 14, 20][18, 19, 12, 17, 28][15, 10, 16, 7, 27][8, 26, 0, 13][11, 25, 22][5, 21, 6][21, 2, 29][17, 22][8, 12][6, 13][6, 10][7, 24] 
[4, 23, 9, 3, 1, 24, 14, 20][15, 10, 16, 7, 27][18, 19, 12, 17, 28][8, 26, 0, 13][21, 2, 29][5, 21, 6][11, 25, 22][6, 13][6, 10][7, 24][8, 12][17, 22] 
[4, 23, 9, 3, 1, 24, 14, 20][18, 19, 12, 17, 28][15, 10, 16, 7, 27][8, 26, 0, 13][11, 25, 22][5, 21, 6][21, 2, 29][8, 12][17, 22][6, 13][6, 10][7, 24] 
[4, 23, 9, 3, 1, 24, 14, 20][15, 10, 16, 7, 27][18, 19, 12, 17, 28][8, 26, 0, 13][21, 2, 29][5, 21, 6][11, 25, 22][6, 13][6, 10][7, 24][8, 12][17, 22] 
[4, 23, 9, 3, 1, 24, 14, 20][18, 19, 12, 17, 28][15, 10, 16, 7, 27][8, 26, 0, 13][5, 21, 6][21, 2, 29][11, 25, 22][8, 12][6, 13][6, 10][17, 22][7, 24] 
[4, 23, 9, 3, 1, 24, 14, 20][18, 19, 12, 17, 28][2, 6, 21, 5][8, 26, 0, 13][15, 10, 27, 29][16, 7, 27][11, 25, 22][6, 13][6, 10][8, 12][17, 22][7, 24] 
[4, 23, 9, 3, 1, 24, 14, 20][18, 19, 12, 17, 28][15, 10, 16, 7, 27][8, 26, 0, 13][11, 25, 22][5, 21, 6][21, 2, 29][17, 22][8, 12][6, 13][6, 10][7, 24] 
[4, 23, 9, 3, 1, 24, 14, 20][7, 16, 15, 10, 27][18, 19, 12, 17, 28][8, 26, 0, 13][5, 21, 6][21, 2, 29][11, 25, 22][7, 24][6, 10][6, 13][8, 12][17, 22] 
[4, 23, 9, 3, 1, 24, 14, 20][7, 16, 15, 10, 27][18, 19, 12, 17, 28][8, 26, 0, 13][5, 21, 6][21, 2, 29][11, 25, 22][7, 24][6, 10][6, 13][8, 12][17, 22] 
[4, 23, 9, 3, 1, 24, 14, 20][7, 16, 15, 10, 27][18, 19, 12, 17, 28][8, 26, 0, 13][5, 21, 6][21, 2, 29][11, 25, 22][7, 24][6, 10][6, 13][8, 12][17, 22] 
[4, 23, 9, 3, 1, 24, 14, 20][7, 16, 15, 10, 27][18, 19, 12, 17, 28][8, 26, 0, 13][21, 2, 29][11, 25, 22][5, 21, 6][6, 13][6, 10][8, 12][17, 22][7, 24] 
[4, 23, 9, 3, 1, 24, 14, 20][7, 16, 15, 10, 27][18, 19, 12, 17, 28][8, 26, 0, 13][5, 21, 6][21, 2, 29][11, 25, 22][7, 24][6, 10][6, 13][8, 12][17, 22] 
[4, 23, 9, 3, 1, 24, 14, 20][7, 16, 15, 10, 27][18, 19, 12, 17, 28][8, 26, 0, 13][5, 21, 6][21, 2, 29][11, 25, 22][7, 24][6, 10][6, 13][8, 12][17, 22] 
[4, 23, 9, 3, 1, 24, 14, 20][7, 16, 15, 10, 27][18, 19, 12, 17, 28][8, 26, 0, 13][5, 21, 6][21, 2, 29][11, 25, 22][7, 24][6, 10][6, 13][8, 12][17, 22] 
[4, 23, 9, 3, 1, 24, 14, 20][7, 16, 15, 10, 27][18, 19, 12, 17, 28][8, 26, 0, 13][5, 21, 6][21, 2, 29][11, 25, 22][7, 24][6, 10][6, 13][8, 12][17, 22] 
[4, 23, 9, 3, 1, 24, 14, 20][7, 16, 15, 10, 27][18, 19, 12, 17, 28][8, 26, 0, 13][21, 2, 29][11, 25, 22][5, 21, 6][6, 13][6, 10][8, 12][17, 22][7, 24] 
[4, 23, 9, 3, 1, 24, 14, 20][18, 19, 12, 17, 28][7, 16, 15, 10, 27][8, 26, 0, 13][21, 2, 29][5, 21, 6][11, 25, 22][6, 13][8, 12][17, 22][6, 10][7, 24] 
[4, 23, 9, 3, 1, 24, 14, 20][7, 16, 15, 10, 27][18, 19, 12, 17, 28][8, 26, 0, 13][5, 21, 6][21, 2, 29][11, 25, 22][7, 24][6, 10][6, 13][8, 12][17, 22] 
[4, 23, 9, 3, 1, 24, 14, 20][7, 16, 15, 10, 27][18, 19, 12, 17, 28][8, 26, 0, 13][5, 21, 6][21, 2, 29][11, 25, 22][7, 24][6, 10][6, 13][8, 12][17, 22] 
[4, 23, 9, 3, 1, 24, 14, 20][7, 16, 15, 10, 27][18, 19, 12, 17, 28][8, 26, 0, 13][5, 21, 6][21, 2, 29][11, 25, 22][7, 24][6, 10][6, 13][8, 12][17, 22] 
[4, 23, 9, 3, 1, 24, 14, 20][18, 19, 12, 17, 28][7, 16, 15, 10, 27][8, 26, 0, 13][5, 21, 6][21, 2, 29][11, 25, 22][6, 13][8, 12][17, 22][6, 10][7, 24] 
[4, 23, 9, 3, 1, 24, 14, 20][18, 19, 12, 17, 28][7, 16, 15, 10, 27][8, 26, 0, 13][5, 21, 6][21, 2, 29][11, 25, 22][8, 12][6, 13][17, 22][6, 10][7, 24] 
[4, 23, 9, 3, 1, 24, 14, 20][7, 16, 15, 10, 27][18, 19, 12, 17, 28][8, 26, 0, 13][5, 21, 6][10, 2, 29][11, 25, 22][6, 13][6, 10][7, 24][8, 12][17, 22] 
[4, 23, 9, 3, 1, 24, 14, 20][7, 16, 15, 10, 27][18, 19, 12, 17, 28][8, 26, 0, 13][5, 21, 6][10, 2, 29][11, 25, 22][6, 10][7, 24][6, 13][8, 12][17, 22] 
[4, 23, 9, 3, 1, 24, 14, 20][7, 16, 15, 10, 27][18, 19, 12, 17, 28][8, 26, 0, 13][10, 2, 29][5, 21, 6][11, 25, 22][7, 24][6, 10][6, 13][8, 12][17, 22] 
[4, 23, 9, 3, 1, 24, 14, 20][7, 16, 15, 10, 27][18, 19, 12, 17, 28][8, 26, 0, 13][10, 2, 29][5, 21, 6][11, 25, 22][7, 24][6, 10][6, 13][8, 12][17, 22] 
[4, 23, 9, 3, 1, 24, 14, 20][7, 16, 15, 10, 27][18, 19, 12, 17, 28][8, 26, 0, 13][5, 21, 6][10, 2, 29][11, 25, 22][6, 13][6, 10][7, 24][8, 12][17, 22] 
[4, 23, 9, 3, 1, 24, 14, 20][7, 16, 15, 10, 27, 29][18, 19, 12, 17, 28][8, 26, 0, 13][2, 6, 21, 5][11, 25, 22][17, 22][8, 12][6, 13][6, 10][10, 27][7, 24] 
[4, 23, 9, 3, 1, 24, 14, 20][18, 19, 12, 17, 28][15, 10, 27, 29][2, 6, 21, 5][8, 26, 0, 13][16, 7, 27][11, 25, 22][6, 10][7, 24][6, 13][8, 12][17, 22] 
[4, 23, 9, 3, 1, 24, 14, 20][18, 19, 12, 17, 28][15, 10, 27, 29][2, 6, 21, 5][8, 26, 0, 13][16, 7, 27][11, 25, 22][6, 10][7, 24][6, 13][8, 12][17, 22] 
[4, 23, 9, 3, 1, 24, 14, 20][18, 19, 12, 17, 28][15, 10, 27, 29][2, 6, 21, 5][8, 26, 0, 13][16, 7, 27][11, 25, 22][6, 10][7, 24][6, 13][8, 12][17, 22] 
[4, 23, 9, 3, 1, 24, 14, 20][18, 19, 12, 17, 28][15, 10, 27, 29][2, 6, 21, 5][8, 26, 0, 13][16, 7, 27][11, 25, 22][6, 10][7, 24][6, 13][8, 12][17, 22] 
[4, 23, 9, 3, 1, 24, 14, 20][18, 19, 12, 17, 28][15, 10, 27, 29][2, 6, 21, 5][8, 26, 0, 13][16, 7, 27][11, 25, 22][6, 10][7, 24][6, 13][8, 12][17, 22] 
[4, 23, 9, 3, 1, 24, 14, 20][18, 19, 12, 17, 28][7, 16, 15, 10, 27][8, 26, 0, 13][11, 25, 22][5, 21, 6][21, 2, 29][8, 12][17, 22][6, 13][6, 10][7, 24] 
[4, 23, 9, 3, 1, 24, 14, 20][18, 19, 12, 17, 28][15, 10, 27, 29][2, 6, 21, 5][8, 26, 0, 13][16, 7, 27][11, 25, 22][6, 10][7, 24][6, 13][8, 12][17, 22] 
