[16, 2, 10, 27, 7, 20][3, 1, 4, 24, 23, 9][19, 22, 12, 8, 26][14, 11, 25, 28, 17][13, 6, 5, 21][15, 10, 29][0, 22][18, 22][13, 18][5, 15][0, 28][14, 24] 
[3, 1, 4, 24, 23, 9][16, 2, 10, 27, 7, 20][19, 22, 12, 8, 26][14, 11, 25, 28, 17][13, 6, 5, 21][15, 10, 29][18, 22][13, 18][0, 22][0, 28][14, 24][5, 15] 
[3, 1, 4, 24, 23, 9][7, 27, 10, 2, 16][19, 22, 12, 8, 26][14, 11, 25, 28, 17][5, 6, 13][15, 5, 21][15, 10, 29][0, 22, 18][13, 18][0, 28][14, 24][7, 20] 
[3, 1, 4, 24, 23, 9][16, 2, 10, 27, 7, 20][14, 11, 25, 28, 17][19, 22, 12, 8, 26][13, 6, 5, 21][15, 10, 29][14, 24][0, 28][0, 22][18, 22][13, 18][5, 15] 
[3, 1, 4, 24, 23, 9][7, 27, 10, 2, 16][19, 22, 12, 8, 26][14, 11, 25, 28, 17][13, 6, 5, 21][15, 10, 29][0, 22, 18][5, 15][13, 18][0, 28][7, 20][14, 24] 
[3, 1, 4, 24, 23, 9][14, 11, 25, 28, 17][19, 22, 12, 8, 26][7, 27, 10, 2, 16][13, 6, 5, 21][0, 22, 18][15, 10, 29][14, 24][0, 28][13, 18][5, 15][7, 20] 
[3, 1, 4, 24, 23, 9][14, 11, 25, 28, 17][19, 22, 12, 8, 26][7, 27, 10, 2, 16][0, 22, 18][5, 6, 13][15, 5, 21][15, 10, 29][0, 28][14, 24][13, 18][7, 20] 
[3, 1, 4, 24, 23, 9][7, 27, 10, 2, 16][19, 22, 12, 8, 26][14, 11, 25, 28, 17][13, 6, 5, 21][15, 10, 29][0, 22, 18][7, 20][5, 15][13, 18][0, 28][14, 24] 
[3, 1, 4, 24, 23, 9][14, 11, 25, 28, 17][19, 22, 12, 8, 26][7, 27, 10, 2, 16][13, 6, 5, 21][0, 22, 18][15, 10, 29][14, 24][0, 28][13, 18][5, 15][7, 20] 
[3, 1, 4, 24, 23, 9][7, 27, 10, 2, 16][19, 22, 12, 8, 26][14, 11, 25, 28, 17][13, 6, 5, 21][15, 10, 29][0, 22, 18][5, 15][7, 20][13, 18][0, 28][14, 24] 
[3, 1, 4, 24, 23, 9][16, 2, 10, 27, 7, 20][14, 11, 25, 28, 17][19, 22, 12, 8, 26][13, 6, 5, 21][15, 10, 29][0, 28][14, 24][0, 22][18, 22][13, 18][5, 15] 
[16, 2, 10, 27, 7, 20][3, 1, 4, 24, 23, 9][19, 22, 12, 8, 26][14, 11, 25, 28, 17][13, 6, 5, 21][15, 10, 29][13, 18][18, 22][5, 15][0, 22][0, 28][14, 24] 
[16, 2, 10, 27, 7, 20][3, 1, 4, 24, 23, 9][19, 22, 12, 8, 26][14, 11, 25, 28, 17][15, 10, 29][5, 6, 13][0, 22, 18][5, 15][13, 18][0, 28][14, 24][5, 21] 
[3, 1, 4, 24, 23, 9][7, 27, 10, 2, 16][19, 22, 12, 8, 26][14, 11, 25, 28, 17][13, 6, 5, 21][15, 10, 29][0, 22, 18][5, 15][13, 18][0, 28][7, 20][14, 24] 
[3, 1, 4, 24, 23, 9][7, 27, 10, 2, 16][19, 22, 12, 8, 26][14, 11, 25, 28, 17][13, 6, 5, 21][15, 10, 29][0, 22, 18][7, 20][5, 15][13, 18][0, 28][14, 24] 
[3, 1, 4, 24, 23, 9][19, 22, 12, 8, 26][14, 11, 25, 28, 17][7, 27, 10, 2, 16][13, 6, 5, 21][0, 22, 18][15, 10, 29][0, 28][14, 24][13, 18][5, 15][7, 20] 
[16, 2, 10, 27, 7, 20][3, 1, 4, 24, 23, 9][19, 22, 12, 8, 26][14, 11, 25, 28, 17][13, 6, 5, 21][15, 10, 29][5, 15][13, 18][18, 22][0, 22][0, 28][14, 24] 
[3, 1, 4, 24, 23, 9][16, 2, 10, 27, 7, 20][14, 11, 25, 28, 17][19, 22, 12, 8, 26][13, 6, 5, 21][15, 10, 29][14, 24][0, 28][0, 22][18, 22][13, 18][5, 15] 
[3, 1, 4, 24, 23, 9][19, 22, 12, 8, 26][14, 11, 25, 28, 17][7, 27, 10, 2, 16][13, 6, 5, 21][0, 22, 18][15, 10, 29][0, 28][14, 24][13, 18][5, 15][7, 20] 
[3, 1, 4, 24, 23, 9][16, 2, 10, 27, 7, 20][19, 22, 12, 8, 26][14, 11, 25, 28, 17][13, 6, 5, 21][15, 10, 29][0, 22][0, 28][14, 24][18, 22][13, 18][5, 15] 
[16, 2, 10, 27, 7, 20][3, 1, 4, 24, 23, 9][19, 22, 12, 8, 26][14, 11, 25, 28, 17][13, 6, 5, 21][15, 10, 29][5, 15][13, 18][18, 22][0, 22][0, 28][14, 24] 
[16, 2, 10, 27, 7, 20][3, 1, 4, 24, 23, 9][19, 22, 12, 8, 26][14, 11, 25, 28, 17][13, 6, 5, 21][15, 10, 29][13, 18][18, 22][5, 15][0, 22][0, 28][14, 24] 
[16, 2, 10, 27, 7, 20][3, 1, 4, 24, 23, 9][19, 22, 12, 8, 26][14, 11, 25, 28, 17][15, 10, 29][15, 5, 21][5, 6, 13][13, 18][18, 22][0, 22][0, 28][14, 24] 
[3, 1, 4, 24, 23, 9][7, 27, 10, 2, 16][19, 22, 12, 8, 26][14, 11, 25, 28, 17][13, 6, 5, 21][15, 10, 29][0, 22, 18][5, 15][13, 18][7, 20][0, 28][14, 24] 
[3, 1, 4, 24, 23, 9][14, 11, 25, 28, 17][19, 22, 12, 8, 26][7, 27, 10, 2, 16][13, 6, 5, 21][0, 22, 18][15, 10, 29][0, 28][13, 18][14, 24][5, 15][7, 20] 
[3, 1, 4, 24, 23, 9][7, 27, 10, 2, 16][19, 22, 12, 8, 26][14, 11, 25, 28, 17][13, 6, 5, 21][15, 10, 29][0, 22, 18][5, 15][7, 20][13, 18][0, 28][14, 24] 
[16, 2, 10, 27, 7, 20][3, 1, 4, 24, 23, 9][19, 22, 12, 8, 26][14, 11, 25, 28, 17][13, 6, 5, 21][15, 10, 29][5, 15][13, 18][18, 22][0, 22][0, 28][14, 24] 
[3, 1, 4, 24, 23, 9][16, 2, 10, 27, 7, 20][14, 11, 25, 28, 17][19, 22, 12, 8, 26][13, 6, 5, 21][15, 10, 29][14, 24][0, 28][0, 22][18, 22][13, 18][5, 15] 
[3, 1, 4, 24, 23, 9][19, 22, 12, 8, 26][14, 11, 25, 28, 17][7, 27, 10, 2, 16][13, 6, 5, 21][0, 22, 18][15, 10, 29][13, 18][0, 28][14, 24][5, 15][7, 20] 
[16, 2, 10, 27, 7, 20][3, 1, 4, 24, 23, 9][19, 22, 12, 8, 26][14, 11, 25, 28, 17][13, 6, 5, 21][15, 10, 29][5, 15][13, 18][18, 22][0, 22][0, 28][14, 24] 
[3, 1, 4, 24, 23, 9][16, 2, 10, 27, 7, 20][14, 11, 25, 28, 17][19, 22, 12, 8, 26][13, 6, 5, 21][15, 10, 29][14, 24][0, 28][0, 22][18, 22][13, 18][5, 15] 
[16, 2, 10, 27, 7, 20][3, 1, 4, 24, 23, 9][19, 22, 12, 8, 26][14, 11, 25, 28, 17][13, 6, 5, 21][15, 10, 29][13, 18][18, 22][0, 22][5, 15][0, 28][14, 24] 
[3, 1, 4, 24, 23, 9][7, 27, 10, 2, 16][19, 22, 12, 8, 26][14, 11, 25, 28, 17][13, 6, 5, 21][15, 10, 29][0, 22, 18][7, 20][5, 15][13, 18][0, 28][14, 24] 
[16, 2, 10, 27, 7, 20][3, 1, 4, 24, 23, 9][19, 22, 12, 8, 26][14, 11, 25, 28, 17][13, 6, 5, 21][15, 10, 29][5, 15][13, 18][18, 22][0, 22][0, 28][14, 24] 
[3, 1, 4, 24, 23, 9][16, 2, 10, 27, 7, 20][19, 22, 12, 8, 26][14, 11, 25, 28, 17][13, 6, 5, 21][15, 10, 29][0, 22][0, 28][14, 24][18, 22][13, 18][5, 15] 
[20, 24, 1, 3, 14, 9, 23, 4, 7, 25, 11, 17, 28][5, 6, 21, 2, 27, 29, 15, 16, 10][17, 12, 18, 19, 8, 26, 0, 22][11, 17][13, 18][6, 13][7, 25][7, 25][12, 18][15, 16][12, 18][15, 16] 
[20, 24, 1, 3, 14, 9, 23, 4, 7, 25, 11, 17, 28][5, 6, 21, 2, 27, 29, 15, 16, 10][17, 12, 18, 19, 8, 26, 0, 22][11, 17][13, 18][6, 13][7, 25][7, 25][12, 18][15, 16][12, 18][15, 16] 
[20, 24, 1, 3, 14, 9, 23, 4, 7, 25, 11, 17, 28][5, 6, 21, 2, 27, 29, 15, 16, 10][17, 12, 18, 19, 8, 26, 0, 22][11, 17][13, 18][6, 13][7, 25][7, 25][12, 18][15, 16][12, 18][15, 16] 
[17, 11, 25, 7, 4, 23, 9, 14, 3, 1, 24, 20][5, 6, 21, 2, 27, 29, 15, 16, 10][17, 12, 18, 19, 8, 26, 0, 22][13, 18][17, 28][6, 13][15, 16][7, 25][15, 16][15, 16][15, 16][9, 23] 
[17, 11, 25, 7, 4, 23, 9, 14, 3, 1, 24, 20][5, 6, 21, 2, 27, 29, 15, 16, 10][17, 12, 18, 19, 8, 26, 0, 22][13, 18][17, 28][6, 13][15, 16][7, 25][15, 16][15, 16][15, 16][9, 23] 
[20, 24, 1, 3, 14, 9, 23, 4, 7, 25, 11, 17, 28][5, 6, 21, 2, 27, 29, 15, 16, 10][12, 18, 19, 8, 26, 0, 22][15, 16][6, 13][13, 18][15, 16][15, 16][7, 25][12, 17][15, 16][7, 25] 
[20, 24, 1, 3, 14, 9, 23, 4, 7, 25, 11, 17, 28][5, 6, 21, 2, 27, 29, 15, 16, 10][17, 12, 18, 19, 8, 26, 0, 22][11, 17][13, 18][6, 13][7, 25][7, 25][12, 18][15, 16][12, 18][15, 16] 
[20, 24, 1, 3, 14, 9, 23, 4, 7, 25, 11, 17, 28][5, 6, 21, 2, 27, 29, 15, 16, 10][17, 12, 18, 19, 8, 26, 0, 22][11, 17][13, 18][6, 13][7, 25][7, 25][12, 18][15, 16][12, 18][15, 16] 
[17, 11, 25, 7, 4, 23, 9, 14, 3, 1, 24, 20][5, 6, 21, 2, 27, 29, 15, 16, 10][17, 12, 18, 19, 8, 26, 0, 22][13, 18][17, 28][6, 13][15, 16][7, 25][15, 16][15, 16][15, 16][9, 23] 
[20, 24, 1, 3, 14, 9, 23, 4, 7, 25, 11, 17, 28][5, 6, 21, 2, 27, 29, 15, 16, 10][17, 12, 18, 19, 8, 26, 0, 22][11, 17][13, 18][6, 13][7, 25][7, 25][12, 18][15, 16][12, 18][15, 16] 
[20, 24, 1, 3, 14, 9, 23, 4, 7, 25, 11, 17, 28][5, 6, 21, 2, 27, 29, 15, 16, 10][17, 12, 18, 19, 8, 26, 0, 22][11, 17][13, 18][6, 13][7, 25][7, 25][12, 18][15, 16][12, 18][15, 16] 
[20, 24, 1, 3, 14, 9, 23, 4, 7, 25, 11, 17, 28][5, 6, 21, 2, 27, 29, 15, 16, 10][17, 12, 18, 19, 8, 26, 0, 22][11, 17][13, 18][6, 13][7, 25][7, 25][12, 18][15, 16][12, 18][15, 16] 
[17, 11, 25, 7, 4, 23, 9, 14, 3, 1, 24, 20][5, 6, 21, 2, 27, 29, 15, 16, 10][17, 12, 18, 19, 8, 26, 0, 22][13, 18][17, 28][6, 13][15, 16][7, 25][15, 16][15, 16][15, 16][9, 23] 
[20, 24, 1, 3, 14, 9, 23, 4, 7, 25, 11, 17, 28][5, 6, 21, 2, 27, 29, 15, 16, 10][17, 12, 18, 19, 8, 26, 0, 22][11, 17][13, 18][6, 13][7, 25][7, 25][12, 18][15, 16][12, 18][15, 16] 
[20, 24, 1, 3, 14, 9, 23, 4, 7, 25, 11, 17, 28][5, 6, 21, 2, 27, 29, 15, 16, 10][17, 12, 18, 19, 8, 26, 0, 22][11, 17][13, 18][6, 13][7, 25][7, 25][12, 18][15, 16][12, 18][15, 16] 
[20, 24, 1, 3, 14, 9, 23, 4, 7, 25, 11, 17, 28][5, 6, 21, 2, 27, 29, 15, 16, 10][17, 12, 18, 19, 8, 26, 0, 22][13, 18][6, 13][15, 16][15, 16][12, 18][15, 16][15, 16][15, 16][15, 16] 
[20, 24, 1, 3, 14, 9, 23, 4, 7, 25, 11, 17, 28][5, 6, 21, 2, 27, 29, 15, 16, 10][17, 12, 18, 19, 8, 26, 0, 22][13, 18][6, 13][15, 16][15, 16][12, 18][15, 16][15, 16][15, 16][15, 16] 
[20, 24, 1, 3, 14, 9, 23, 4, 7, 25, 11, 17, 28][5, 6, 21, 2, 27, 29, 15, 16, 10][17, 12, 18, 19, 8, 26, 0, 22][11, 17][6, 13][13, 18][9, 23][7, 25][11, 17][7, 25][11, 17][15, 16] 
[20, 24, 1, 3, 14, 9, 23, 4, 7, 25, 11, 17, 28][5, 6, 21, 2, 27, 29, 15, 16, 10][17, 12, 18, 19, 8, 26, 0, 22][13, 18][6, 13][15, 16][15, 16][12, 18][15, 16][15, 16][15, 16][15, 16] 
[20, 24, 1, 3, 14, 9, 23, 4, 7, 25, 11, 17, 28][5, 6, 21, 2, 27, 29, 15, 16, 10][17, 12, 18, 19, 8, 26, 0, 22][13, 18][6, 13][15, 16][15, 16][12, 18][15, 16][15, 16][15, 16][15, 16] 
[20, 24, 1, 3, 14, 9, 23, 4, 7, 25, 11, 17, 28][5, 6, 21, 2, 27, 29, 15, 16, 10][17, 12, 18, 19, 8, 26, 0, 22][13, 18][6, 13][15, 16][12, 18][15, 16][9, 23][15, 16][15, 16][15, 16] 
[16, 2, 10, 27, 7, 20][3, 1, 4, 24, 23, 9][19, 22, 12, 8, 26][14, 11, 25, 28, 17][15, 10, 29][6, 5, 21][0, 22, 18][5, 15][6, 13][13, 18][0, 28][14, 24] 
[3, 1, 4, 24, 23, 9][16, 2, 10, 27, 7, 20][19, 22, 12, 8, 26][14, 11, 25, 28, 17][0, 22, 18][6, 5, 21][15, 10, 29][13, 18][0, 28][14, 24][6, 13][5, 15] 
[3, 1, 4, 24, 23, 9][16, 2, 10, 27, 7, 20][19, 22, 12, 8, 26][14, 11, 25, 28, 17][0, 22, 18][15, 10, 29][6, 5, 21][0, 28][13, 18][6, 13][14, 24][5, 15] 
[3, 1, 4, 24, 23, 9][16, 2, 10, 27, 7, 20][14, 11, 25, 28, 17][19, 22, 12, 8, 26][0, 22, 18][6, 5, 21][15, 10, 29][0, 28][14, 24][13, 18][6, 13][5, 15] 
[3, 1, 4, 24, 23, 9][16, 2, 10, 27, 7, 20][14, 11, 25, 28, 17][19, 22, 12, 8, 26][0, 22, 18][6, 5, 21][15, 10, 29][14, 24][0, 28][13, 18][6, 13][5, 15] 
[16, 2, 10, 27, 7, 20][3, 1, 4, 24, 23, 9][19, 22, 12, 8, 26][14, 11, 25, 28, 17][6, 5, 21][15, 10, 29][0, 22, 18][6, 13][5, 15][13, 18][0, 28][14, 24] 
[3, 1, 4, 24, 23, 9][16, 2, 10, 27, 7, 20][14, 11, 25, 28, 17][19, 22, 12, 8, 26][0, 22, 18][6, 5, 21][15, 10, 29][14, 24][0, 28][13, 18][6, 13][5, 15] 
[16, 2, 10, 27, 7, 20][3, 1, 4, 24, 23, 9][19, 22, 12, 8, 26][14, 11, 25, 28, 17][6, 5, 21][0, 22, 18][15, 10, 29][13, 18][0, 28][5, 15][14, 24][6, 13] 
[16, 2, 10, 27, 7, 20][3, 1, 4, 24, 23, 9][19, 22, 12, 8, 26][14, 11, 25, 28, 17][6, 5, 21][15, 10, 29][0, 22, 18][6, 13][5, 15][13, 18][0, 28][14, 24] 
[16, 2, 10, 27, 7, 20][3, 1, 4, 24, 23, 9][19, 22, 12, 8, 26][14, 11, 25, 28, 17][0, 22, 18][6, 5, 21][15, 10, 29][0, 28][13, 18][6, 13][5, 15][14, 24] 
[16, 2, 10, 27, 7, 20][3, 1, 4, 24, 23, 9][19, 22, 12, 8, 26][14, 11, 25, 28, 17][6, 5, 21][15, 10, 29][0, 22, 18][6, 13][5, 15][13, 18][0, 28][14, 24] 
[3, 1, 4, 24, 23, 9][16, 2, 10, 27, 7, 20][14, 11, 25, 28, 17][19, 22, 12, 8, 26][0, 22, 18][6, 5, 21][15, 10, 29][14, 24][0, 28][13, 18][5, 15][6, 13] 
[3, 1, 4, 24, 23, 9][16, 2, 10, 27, 7, 20][14, 11, 25, 28, 17][19, 22, 12, 8, 26][0, 22, 18][6, 5, 21][15, 10, 29][14, 24][0, 28][13, 18][6, 13][5, 15] 
[3, 1, 4, 24, 23, 9][16, 2, 10, 27, 7, 20][19, 22, 12, 8, 26][14, 11, 25, 28, 17][0, 22, 18][6, 5, 21][15, 10, 29][13, 18][0, 28][6, 13][14, 24][5, 15] 
[3, 1, 4, 24, 23, 9][16, 2, 10, 27, 7, 20][19, 22, 12, 8, 26][14, 11, 25, 28, 17][0, 22, 18][6, 5, 21][15, 10, 29][13, 18][0, 28][6, 13][14, 24][5, 15] 
[3, 1, 4, 24, 23, 9][16, 2, 10, 27, 7, 20][14, 11, 25, 28, 17][19, 22, 12, 8, 26][13, 6, 5, 21][15, 10, 29][14, 24][0, 28][0, 22][18, 22][13, 18][5, 15] 
[3, 1, 4, 24, 23, 9][16, 2, 10, 27, 7, 20][14, 11, 25, 28, 17][19, 22, 12, 8, 26][13, 6, 5, 21][15, 10, 29][14, 24][0, 28][0, 22][18, 22][13, 18][5, 15] 
[3, 1, 4, 24, 23, 9][16, 2, 10, 27, 7, 20][19, 22, 12, 8, 26][14, 11, 25, 28, 17][13, 6, 5, 21][15, 10, 29][13, 18][18, 22][0, 28][14, 24][5, 15][0, 22] 
[3, 1, 4, 24, 23, 9][16, 2, 10, 27, 7, 20][19, 22, 12, 8, 26][14, 11, 25, 28, 17][13, 6, 5, 21][15, 10, 29][13, 18][18, 22][0, 28][14, 24][5, 15][0, 22] 
[3, 1, 4, 24, 23, 9][16, 2, 10, 27, 7, 20][14, 11, 25, 28, 17][19, 22, 12, 8, 26][13, 6, 5, 21][15, 10, 29][0, 28][14, 24][0, 22][18, 22][13, 18][5, 15] 
[16, 2, 10, 27, 7, 20][3, 1, 4, 24, 23, 9][14, 11, 25, 28, 17][19, 22, 12, 8, 26][13, 6, 5, 21][0, 22, 18][15, 10, 29][1, 3][14, 24][0, 28][13, 18][5, 15] 
[3, 1, 4, 24, 23, 9][16, 2, 10, 27, 7, 20][14, 11, 25, 28, 17][19, 22, 12, 8, 26][0, 22, 18][6, 5, 21][15, 10, 29][0, 28][14, 24][13, 18][6, 13][5, 15] 
[3, 1, 4, 24, 23, 9][16, 2, 10, 27, 7, 20][19, 22, 12, 8, 26][14, 11, 25, 28, 17][0, 22, 18][15, 10, 29][6, 5, 21][0, 28][13, 18][6, 13][14, 24][5, 15] 
[16, 2, 10, 27, 7, 20][3, 1, 4, 24, 23, 9][19, 22, 12, 8, 26][14, 11, 25, 28, 17][15, 10, 29][6, 5, 21][0, 22, 18][5, 15][6, 13][13, 18][0, 28][14, 24] 
[16, 2, 10, 27, 7, 20][3, 1, 4, 24, 23, 9][19, 22, 12, 8, 26][14, 11, 25, 28, 17][6, 5, 21][0, 22, 18][15, 10, 29][13, 18][0, 28][5, 15][14, 24][6, 13] 
[16, 2, 10, 27, 7, 20][3, 1, 4, 24, 23, 9][19, 22, 12, 8, 26][14, 11, 25, 28, 17][0, 22, 18][6, 5, 21][15, 10, 29][0, 28][13, 18][6, 13][5, 15][14, 24] 
[16, 2, 10, 27, 7, 20][3, 1, 4, 24, 23, 9][19, 22, 12, 8, 26][14, 11, 25, 28, 17][15, 10, 29][6, 5, 21][0, 22, 18][5, 15][6, 13][13, 18][0, 28][14, 24] 
[16, 2, 10, 27, 7, 20][3, 1, 4, 24, 23, 9][19, 22, 12, 8, 26][14, 11, 25, 28, 17][15, 10, 29][6, 5, 21][0, 22, 18][5, 15][6, 13][13, 18][0, 28][14, 24] 
[16, 2, 10, 27, 7, 20][3, 1, 4, 24, 23, 9][19, 22, 12, 8, 26][14, 11, 25, 28, 17][13, 6, 5, 21][15, 10, 29][13, 18][5, 15][18, 22][0, 22][0, 28][14, 24] 
[3, 1, 4, 24, 23, 9][16, 2, 10, 27, 7, 20][14, 11, 25, 28, 17][19, 22, 12, 8, 26][13, 6, 5, 21][15, 10, 29][14, 24][0, 28][0, 22][18, 22][13, 18][5, 15] 
[3, 1, 4, 24, 23, 9][16, 2, 10, 27, 7, 20][19, 22, 12, 8, 26][14, 11, 25, 28, 17][13, 6, 5, 21][15, 10, 29][0, 22][18, 22][13, 18][0, 28][14, 24][5, 15] 
[16, 2, 10, 27, 7, 20][3, 1, 4, 24, 23, 9][19, 22, 12, 8, 26][14, 11, 25, 28, 17][13, 6, 5, 21][15, 10, 29][5, 15][13, 18][18, 22][0, 22][0, 28][14, 24] 
[3, 1, 4, 24, 23, 9][16, 2, 10, 27, 7, 20][14, 11, 25, 28, 17][19, 22, 12, 8, 26][13, 6, 5, 21][15, 10, 29][14, 24][0, 28][0, 22][18, 22][13, 18][5, 15] 
[16, 2, 10, 27, 7, 20][3, 1, 4, 24, 23, 9][19, 22, 12, 8, 26][14, 11, 25, 28, 17][13, 6, 5, 21][15, 10, 29][5, 15][13, 18][18, 22][0, 22][0, 28][14, 24] 
[3, 1, 4, 24, 23, 9][16, 2, 10, 27, 7, 20][14, 11, 25, 28, 17][19, 22, 12, 8, 26][13, 6, 5, 21][15, 10, 29][0, 28][14, 24][0, 22][18, 22][13, 18][5, 15] 
[16, 2, 10, 27, 7, 20][3, 1, 4, 24, 23, 9][19, 22, 12, 8, 26][14, 11, 25, 28, 17][13, 6, 5, 21][15, 10, 29][5, 15][13, 18][18, 22][0, 22][0, 28][14, 24] 
[3, 1, 4, 24, 23, 9][16, 2, 10, 27, 7, 20][14, 11, 25, 28, 17][19, 22, 12, 8, 26][13, 6, 5, 21][15, 10, 29][0, 28][14, 24][0, 22][18, 22][13, 18][5, 15] 
[3, 1, 4, 24, 23, 9][16, 2, 10, 27, 7, 20][14, 11, 25, 28, 17][19, 22, 12, 8, 26][13, 6, 5, 21][15, 10, 29][14, 24][0, 28][0, 22][18, 22][13, 18][5, 15] 
[16, 2, 10, 27, 7, 20][3, 1, 4, 24, 23, 9][19, 22, 12, 8, 26][14, 11, 25, 28, 17][13, 6, 5, 21][15, 10, 29][5, 15][13, 18][18, 22][0, 22][0, 28][14, 24] 
[3, 1, 4, 24, 23, 9][16, 2, 10, 27, 7, 20][19, 22, 12, 8, 26][14, 11, 25, 28, 17][13, 6, 5, 21][15, 10, 29][0, 22][18, 22][13, 18][0, 28][14, 24][5, 15] 
[3, 1, 4, 24, 23, 9][16, 2, 10, 27, 7, 20][14, 11, 25, 28, 17][19, 22, 12, 8, 26][13, 6, 5, 21][15, 10, 29][0, 28][14, 24][0, 22][18, 22][13, 18][5, 15] 
[3, 1, 4, 24, 23, 9][16, 2, 10, 27, 7, 20][14, 11, 25, 28, 17][19, 22, 12, 8, 26][13, 6, 5, 21][15, 10, 29][14, 24][0, 28][0, 22][18, 22][13, 18][5, 15] 
[3, 1, 4, 24, 23, 9][16, 2, 10, 27, 7, 20][14, 11, 25, 28, 17][19, 22, 12, 8, 26][13, 6, 5, 21][15, 10, 29][14, 24][0, 28][0, 22][18, 22][13, 18][5, 15] 
[3, 1, 4, 24, 23, 9][16, 2, 10, 27, 7, 20][19, 22, 12, 8, 26][14, 11, 25, 28, 17][13, 6, 5, 21][0, 22, 18][15, 5, 21][15, 10, 29][13, 18][0, 28][14, 24][1, 3] 
[16, 2, 10, 27, 7, 20][3, 1, 4, 24, 23, 9][19, 22, 12, 8, 26][14, 11, 25, 28, 17][13, 6, 5, 21][15, 10, 29][15, 5, 21][0, 22, 18][13, 18][0, 28][14, 24][7, 20] 
[3, 1, 4, 24, 23, 9][16, 2, 10, 27, 7, 20][14, 11, 25, 28, 17][19, 22, 12, 8, 26][13, 6, 5, 21][0, 22, 18][15, 10, 29][14, 24][0, 28][13, 18][5, 15][1, 3] 
[3, 1, 4, 24, 23, 9][16, 2, 10, 27, 7, 20][19, 22, 12, 8, 26][14, 11, 25, 28, 17][13, 6, 5, 21][0, 22, 18][15, 5, 21][15, 10, 29][13, 18][0, 28][14, 24][1, 3] 
[3, 1, 4, 24, 23, 9][16, 2, 10, 27, 7, 20][14, 11, 25, 28, 17][19, 22, 12, 8, 26][13, 6, 5, 21][0, 22, 18][15, 10, 29][14, 24][0, 28][13, 18][5, 15][1, 3] 
[16, 2, 10, 27, 7, 20][3, 1, 4, 24, 23, 9][19, 22, 12, 8, 26][14, 11, 25, 28, 17][13, 6, 5, 21][0, 22, 18][21, 2, 29][13, 18][0, 28][14, 24][1, 3][5, 15] 
[16, 2, 10, 27, 7, 20][3, 1, 4, 24, 23, 9][19, 22, 12, 8, 26][14, 11, 25, 28, 17][15, 10, 29][6, 5, 21][0, 22, 18][5, 15][6, 13][13, 18][0, 28][14, 24] 
[3, 1, 4, 24, 23, 9][16, 2, 10, 27, 7, 20][14, 11, 25, 28, 17][19, 22, 12, 8, 26][0, 22, 18][6, 5, 21][15, 10, 29][14, 24][0, 28][13, 18][5, 15][6, 13] 
[3, 1, 4, 24, 23, 9][16, 2, 10, 27, 7, 20][14, 11, 25, 28, 17][19, 22, 12, 8, 26][0, 22, 18][6, 5, 21][15, 10, 29][14, 24][0, 28][13, 18][6, 13][5, 15] 
[16, 2, 10, 27, 7, 20][3, 1, 4, 24, 23, 9][19, 22, 12, 8, 26][14, 11, 25, 28, 17][15, 10, 29][6, 5, 21][0, 22, 18][5, 15][6, 13][13, 18][0, 28][14, 24] 
[16, 2, 10, 27, 7, 20][3, 1, 4, 24, 23, 9][19, 22, 12, 8, 26][14, 11, 25, 28, 17][15, 10, 29][6, 5, 21][0, 22, 18][5, 15][6, 13][13, 18][0, 28][14, 24] 
[3, 1, 4, 24, 23, 9][16, 2, 10, 27, 7, 20][14, 11, 25, 28, 17][19, 22, 12, 8, 26][13, 6, 5, 21][15, 10, 29][0, 28][14, 24][0, 22][18, 22][13, 18][5, 15] 
[16, 2, 10, 27, 7, 20][3, 1, 4, 24, 23, 9][19, 22, 12, 8, 26][14, 11, 25, 28, 17][6, 5, 21][15, 10, 29][0, 22, 18][6, 13][5, 15][13, 18][0, 28][14, 24] 
