[10, 2, 27, 16, 7, 20][11, 25, 28, 0, 26][21, 5, 6, 15, 29][4, 14, 1, 23][13, 18, 22, 17][12, 8, 19, 18][9, 3, 24][1, 9][20, 24][3, 11][11, 17][6, 13] 
[2, 27, 16, 7, 20, 24][10, 29, 15, 6, 5, 21][11, 25, 28, 0, 26][4, 14, 1, 23][13, 18, 22, 17][1, 9, 3][8, 19, 12][14, 24][16, 28][11, 17][18, 19][6, 13] 
[10, 2, 27, 16, 7, 20, 24][11, 25, 28, 0, 26][21, 5, 6, 15, 29][4, 14, 1, 23][13, 18, 22, 17][3, 1, 9][8, 19, 12][14, 24][16, 28][11, 17][6, 13][18, 19] 
[10, 2, 27, 16, 7, 20, 24][11, 25, 28, 0, 26][21, 5, 6, 15, 29][4, 14, 1, 23][13, 18, 22, 17][3, 1, 9][8, 19, 12][14, 24][16, 28][11, 17][6, 13][18, 19] 
[2, 27, 16, 7, 20, 24][10, 29, 15, 6, 5, 21][11, 25, 28, 0, 26][4, 14, 1, 23, 9][13, 18, 22, 17][8, 19, 12][3, 11][1, 3][11, 17][16, 28][18, 19][6, 13] 
[2, 27, 16, 7, 20, 24][10, 29, 15, 6, 5, 21][11, 25, 28, 0, 26][4, 14, 1, 23][13, 18, 22, 17][1, 9, 3][8, 19, 12][14, 24][16, 28][11, 17][18, 19][6, 13] 
[10, 29, 15, 6, 5, 21][2, 27, 16, 7, 20, 24][11, 25, 28, 0, 26][13, 18, 22, 17][4, 14, 1, 23][8, 19, 12][3, 1, 9][6, 13][18, 19][11, 17][16, 28][14, 24] 
[2, 27, 16, 7, 20, 24][10, 29, 15, 6, 5, 21][11, 25, 28, 0, 26][4, 14, 1, 23][13, 18, 22, 17][3, 1, 9][8, 19, 12][14, 24][16, 28][11, 17][6, 13][18, 19] 
[10, 29, 15, 6, 5, 21][2, 27, 16, 7, 20, 24][11, 25, 28, 0, 26][13, 18, 22, 17][4, 14, 1, 23][8, 19, 12][3, 1, 9][6, 13][18, 19][11, 17][16, 28][14, 24] 
[10, 29, 15, 6, 5, 21][2, 27, 16, 7, 20, 24][11, 25, 28, 0, 26][13, 18, 22, 17][4, 14, 1, 23][8, 19, 12][3, 1, 9][18, 19][6, 13][11, 17][16, 28][14, 24] 
[10, 2, 27, 16, 7, 20][11, 25, 28, 0, 26][21, 5, 6, 15, 29][4, 14, 1, 23][13, 18, 22, 17][12, 8, 19, 18][9, 3, 24][1, 9][20, 24][3, 11][11, 17][6, 13] 
[2, 27, 16, 7, 20, 24][10, 29, 15, 6, 5, 21][11, 25, 28, 0, 26][4, 14, 1, 23][13, 18, 22, 17][1, 9, 3][8, 19, 12][14, 24][16, 28][11, 17][18, 19][6, 13] 
[10, 2, 27, 16, 7, 20, 24][11, 25, 28, 0, 26][21, 5, 6, 15, 29][4, 14, 1, 23][13, 18, 22, 17][3, 1, 9][8, 19, 12][14, 24][16, 28][11, 17][6, 13][18, 19] 
[2, 27, 16, 7, 20, 24][10, 29, 15, 6, 5, 21][11, 25, 28, 0, 26][4, 14, 1, 23, 9][13, 18, 22, 17][8, 19, 12][16, 28][3, 11][1, 3][11, 17][18, 19][6, 13] 
[2, 27, 16, 7, 20, 24][10, 29, 15, 6, 5, 21][11, 25, 28, 0, 26][4, 14, 1, 23][13, 18, 22, 17][1, 9, 3][8, 19, 12][14, 24][16, 28][11, 17][18, 19][6, 13] 
[2, 27, 16, 7, 20, 24][10, 29, 15, 6, 5, 21][11, 25, 28, 0, 26][4, 14, 1, 23][13, 18, 22, 17][3, 1, 9][8, 19, 12][14, 24][16, 28][11, 17][6, 13][18, 19] 
[10, 2, 27, 16, 7, 20][11, 25, 28, 0, 26][21, 5, 6, 15, 29][13, 18, 22, 17][12, 8, 19, 18][4, 14, 1, 23][9, 3, 24][11, 17][6, 13][3, 11][1, 9][20, 24] 
[2, 27, 16, 7, 20, 24][10, 29, 15, 6, 5, 21][11, 25, 28, 0, 26][4, 14, 1, 23][13, 18, 22, 17][1, 9, 3][8, 19, 12][14, 24][16, 28][11, 17][18, 19][6, 13] 
[2, 27, 16, 7, 20, 24][10, 29, 15, 6, 5, 21][11, 25, 28, 0, 26][4, 14, 1, 23, 9][13, 18, 22, 17][8, 19, 12][16, 28][3, 11][11, 17][18, 19][6, 13][1, 3] 
[10, 2, 27, 16, 7, 20][21, 5, 6, 15, 29][11, 25, 28, 0, 26][13, 18, 22, 17][12, 8, 19, 18][4, 14, 1, 23][9, 3, 24][6, 13][11, 17][3, 11][1, 9][20, 24] 
[10, 2, 27, 16, 7, 20][11, 25, 28, 0, 26][21, 5, 6, 15, 29][13, 18, 22, 17][12, 8, 19, 18][4, 14, 1, 23][9, 3, 24][11, 17][6, 13][3, 11][20, 24][1, 9] 
[2, 27, 16, 7, 20, 24][10, 29, 15, 6, 5, 21][11, 25, 28, 0, 26][4, 14, 1, 23][13, 18, 22, 17][1, 9, 3][8, 19, 12][14, 24][16, 28][11, 17][18, 19][6, 13] 
[10, 2, 27, 16, 7, 20, 24][11, 25, 28, 0, 26][21, 5, 6, 15, 29][4, 14, 1, 23][13, 18, 22, 17][3, 1, 9][8, 19, 12][14, 24][16, 28][11, 17][6, 13][18, 19] 
[2, 27, 16, 7, 20, 24][10, 29, 15, 6, 5, 21][11, 25, 28, 0, 26][4, 14, 1, 23, 9][13, 18, 22, 17][8, 19, 12][16, 28][3, 11][1, 3][11, 17][18, 19][6, 13] 
[2, 27, 16, 7, 20, 24][10, 29, 15, 6, 5, 21][11, 25, 28, 0, 26][4, 14, 1, 23][13, 18, 22, 17][1, 9, 3][8, 19, 12][14, 24][16, 28][11, 17][18, 19][6, 13] 
[2, 27, 16, 7, 20, 24][10, 29, 15, 6, 5, 21][11, 25, 28, 0, 26][4, 14, 1, 23][13, 18, 22, 17][3, 1, 9][8, 19, 12][14, 24][16, 28][11, 17][6, 13][18, 19] 
[10, 2, 27, 16, 7, 20][11, 25, 28, 0, 26][21, 5, 6, 15, 29][13, 18, 22, 17][12, 8, 19, 18][4, 14, 1, 23][9, 3, 24][11, 17][6, 13][3, 11][1, 9][20, 24] 
[2, 27, 16, 7, 20, 24][10, 29, 15, 6, 5, 21][11, 25, 28, 0, 26][4, 14, 1, 23][13, 18, 22, 17][1, 9, 3][8, 19, 12][14, 24][16, 28][11, 17][18, 19][6, 13] 
[2, 27, 16, 7, 20, 24][10, 29, 15, 6, 5, 21][4, 14, 1, 23, 9][11, 25, 28, 0, 26][13, 18, 22, 17][8, 19, 12][1, 3][3, 11][16, 28][11, 17][18, 19][6, 13] 
[10, 2, 27, 16, 7, 20][21, 5, 6, 15, 29][11, 25, 28, 0, 26][12, 8, 19, 18][13, 18, 22, 17][4, 14, 1, 23][9, 3, 24][6, 13][11, 17][3, 11][1, 9][20, 24] 
[10, 2, 27, 16, 7, 20][21, 5, 6, 15, 29][11, 25, 28, 0, 26][12, 8, 19, 18][13, 18, 22, 17][4, 14, 1, 23][9, 3, 24][6, 13][11, 17][3, 11][1, 9][20, 24] 
[2, 27, 16, 7, 20, 24][10, 29, 15, 6, 5, 21][11, 25, 28, 0, 26][4, 14, 1, 23][13, 18, 22, 17][1, 9, 3][8, 19, 12][14, 24][16, 28][11, 17][18, 19][6, 13] 
[2, 27, 16, 7, 20, 24][10, 29, 15, 6, 5, 21][4, 14, 1, 23, 9][11, 25, 28, 0, 26][13, 18, 22, 17][8, 19, 12][1, 3][3, 11][16, 28][11, 17][18, 19][6, 13] 
[10, 2, 27, 16, 7, 20][21, 5, 6, 15, 29][11, 25, 28, 0, 26][12, 8, 19, 18][13, 18, 22, 17][4, 14, 1, 23][9, 3, 24][6, 13][11, 17][3, 11][1, 9][20, 24] 
[10, 2, 27, 16, 7, 20][11, 25, 28, 0, 26][21, 5, 6, 15, 29][4, 14, 1, 23][13, 18, 22, 17][12, 8, 19, 18][9, 3, 24][1, 9][3, 11][11, 17][20, 24][6, 13] 
[16, 10, 27, 29, 15, 5, 21, 6, 13, 0, 26, 8, 19][7, 24, 20, 4, 14, 9, 23, 1, 3, 11, 17, 28][2, 27, 7, 25, 22, 18, 12][15, 29][15, 29][15, 29][3, 11][15, 29][15, 29][15, 29][15, 29][15, 29] 
[16, 10, 27, 29, 15, 5, 21, 6, 13, 0, 26, 8, 19][7, 24, 20, 4, 14, 9, 23, 1, 3, 11, 17, 28][2, 27, 7, 25, 22, 18, 12][15, 29][15, 29][15, 29][3, 11][15, 29][15, 29][15, 29][15, 29][15, 29] 
[16, 10, 27, 29, 15, 5, 21, 6, 13, 0, 26, 8, 19][7, 24, 20, 4, 14, 9, 23, 1, 3, 11, 17, 28][2, 27, 7, 25, 22, 18, 12][15, 29][15, 29][15, 29][3, 11][15, 29][15, 29][15, 29][15, 29][15, 29] 
[16, 10, 27, 29, 15, 5, 21, 6, 13, 0, 26, 8, 19][7, 24, 20, 4, 14, 9, 23, 1, 3, 11, 17, 28][2, 27, 7, 25, 22, 18][15, 29][15, 29][15, 29][12, 18][15, 29][15, 29][15, 29][15, 29][15, 29] 
[16, 10, 27, 29, 15, 5, 21, 6, 13, 0, 26, 8, 19][7, 24, 20, 4, 14, 9, 23, 1, 3, 11, 17, 28][2, 27, 7, 25, 22, 18][15, 29][15, 29][15, 29][12, 18][15, 29][15, 29][15, 29][15, 29][15, 29] 
[16, 10, 27, 29, 15, 5, 21, 6, 13, 0, 26, 8, 19][7, 24, 20, 4, 14, 9, 23, 1, 3, 11, 17, 28][2, 27, 7, 25, 22][12, 18, 22][15, 29][10, 27][15, 29][15, 29][15, 29][11, 17][15, 29][15, 29] 
[16, 10, 27, 29, 15, 5, 21, 6, 13, 0, 26, 8, 19][7, 24, 20, 4, 14, 9, 23, 1, 3, 11, 17, 28][2, 27, 7, 25, 22, 18, 12][15, 29][15, 29][15, 29][3, 11][15, 29][15, 29][15, 29][15, 29][15, 29] 
[16, 10, 27, 29, 15, 5, 21, 6, 13, 0, 26, 8, 19][7, 24, 20, 4, 14, 9, 23, 1, 3, 11, 17, 28][2, 27, 7, 25, 22, 18, 12][15, 29][15, 29][15, 29][3, 11][15, 29][15, 29][15, 29][15, 29][15, 29] 
[16, 10, 27, 29, 15, 5, 21, 6, 13, 0, 26, 8, 19][7, 24, 20, 4, 14, 9, 23, 1, 3, 11, 17, 28][2, 27, 7, 25, 22, 18][15, 29][15, 29][15, 29][12, 18][15, 29][15, 29][15, 29][15, 29][15, 29] 
[16, 10, 27, 29, 15, 5, 21, 6, 13, 0, 26, 8, 19][7, 24, 20, 4, 14, 9, 23, 1, 3, 11, 17, 28][2, 27, 7, 25, 22, 18, 12][15, 29][15, 29][15, 29][3, 11][15, 29][15, 29][15, 29][15, 29][15, 29] 
[16, 10, 27, 29, 15, 5, 21, 6, 13, 0, 26, 8, 19][7, 24, 20, 4, 14, 9, 23, 1, 3, 11, 17, 28][2, 27, 7, 25, 22, 18, 12][15, 29][15, 29][15, 29][3, 11][15, 29][15, 29][15, 29][15, 29][15, 29] 
[16, 10, 27, 29, 15, 5, 21, 6, 13, 0, 26, 8, 19][7, 24, 20, 4, 14, 9, 23, 1, 3, 11, 17, 28][2, 27, 7, 25, 22, 18, 12][15, 29][15, 29][15, 29][3, 11][15, 29][15, 29][15, 29][15, 29][15, 29] 
[16, 10, 27, 29, 15, 5, 21, 6, 13, 0, 26, 8, 19][7, 24, 20, 4, 14, 9, 23, 1, 3, 11, 17, 28][2, 27, 7, 25, 22, 18][15, 29][15, 29][15, 29][12, 18][15, 29][15, 29][15, 29][15, 29][15, 29] 
[16, 10, 27, 29, 15, 5, 21, 6, 13, 0, 26, 8, 19][7, 24, 20, 4, 14, 9, 23, 1, 3, 11, 17, 28][2, 27, 7, 25, 22, 18, 12][15, 29][15, 29][15, 29][3, 11][15, 29][15, 29][15, 29][15, 29][15, 29] 
[16, 10, 27, 29, 15, 5, 21, 6, 13, 0, 26, 8, 19][7, 24, 20, 4, 14, 9, 23, 1, 3, 11, 17, 28][2, 27, 7, 25, 22, 18, 12][15, 29][15, 29][15, 29][3, 11][15, 29][15, 29][15, 29][15, 29][15, 29] 
[16, 10, 27, 29, 15, 5, 21, 6, 13, 0, 26, 8, 19][7, 24, 20, 4, 14, 9, 23, 1, 3, 11, 17, 28][2, 27, 7, 25, 22, 18, 12][15, 29][15, 29][15, 29][15, 29][15, 29][15, 29][15, 29][15, 29][15, 29] 
[16, 10, 27, 29, 15, 5, 21, 6, 13, 0, 26, 8, 19][7, 24, 20, 4, 14, 9, 23, 1, 3, 11, 17, 28][2, 27, 7, 25, 22, 18, 12][15, 29][15, 29][15, 29][15, 29][15, 29][15, 29][15, 29][15, 29][15, 29] 
[16, 10, 27, 29, 15, 5, 21, 6, 13, 0, 26, 8, 19][7, 24, 20, 4, 14, 9, 23, 1, 3, 11, 17, 28][2, 27, 7, 25, 22, 18, 12][5, 15, 29, 27, 10, 16][15, 29][10, 16][17, 28][11, 17][15, 29][15, 29][15, 29][3, 11] 
[16, 10, 27, 29, 15, 5, 21, 6, 13, 0, 26, 8, 19][7, 24, 20, 4, 14, 9, 23, 1, 3, 11, 17, 28][2, 27, 7, 25, 22, 18, 12][15, 29][15, 29][15, 29][15, 29][15, 29][15, 29][15, 29][15, 29][15, 29] 
[16, 10, 27, 29, 15, 5, 21, 6, 13, 0, 26, 8, 19][7, 24, 20, 4, 14, 9, 23, 1, 3, 11, 17, 28][2, 27, 7, 25, 22, 18, 12][15, 29][15, 29][15, 29][15, 29][15, 29][15, 29][15, 29][15, 29][15, 29] 
[16, 10, 27, 29, 15, 5, 21, 6, 13, 0, 26, 8, 19][7, 24, 20, 4, 14, 9, 23, 1, 3, 11, 17, 28][2, 27, 7, 25, 22, 18, 12][15, 29][15, 29][15, 29][15, 29][15, 29][15, 29][15, 29][15, 29][15, 29] 
[10, 2, 27, 16, 7, 20, 24][11, 25, 28, 0, 26][21, 5, 6, 15, 29][4, 14, 1, 23, 9][13, 18, 22, 17][8, 19, 12][16, 28][3, 11][11, 17][6, 13][1, 3][18, 19] 
[10, 2, 27, 16, 7, 20, 24][21, 5, 6, 15, 29][11, 25, 28, 0, 26][4, 14, 1, 23, 9][13, 18, 22, 17][8, 19, 12][6, 13][11, 17][16, 28][18, 19][3, 11][1, 3] 
[10, 2, 27, 16, 7, 20, 24][21, 5, 6, 15, 29][11, 25, 28, 0, 26][4, 14, 1, 23, 9][13, 18, 22, 17][8, 19, 12][6, 13][11, 17][16, 28][18, 19][3, 11][1, 3] 
[10, 2, 27, 16, 7, 20, 24][11, 25, 28, 0, 26][21, 5, 6, 15, 29][4, 14, 1, 23, 9][13, 18, 22, 17][8, 19, 12][16, 28][3, 11][11, 17][6, 13][1, 3][18, 19] 
[10, 2, 27, 16, 7, 20, 24][21, 5, 6, 15, 29][11, 25, 28, 0, 26][4, 14, 1, 23, 9][13, 18, 22, 17][8, 19, 12][6, 13][11, 17][3, 11][16, 28][1, 3][18, 19] 
[10, 2, 27, 16, 7, 20, 24][11, 25, 28, 0, 26][21, 5, 6, 15, 29][4, 14, 1, 23, 9][13, 18, 22, 17][8, 19, 12][11, 17][6, 13][18, 19][3, 11][16, 28][1, 3] 
[10, 2, 27, 16, 7, 20, 24][11, 25, 28, 0, 26][21, 5, 6, 15, 29][4, 14, 1, 23, 9][13, 18, 22, 17][8, 19, 12][3, 11][16, 28][11, 17][6, 13][18, 19][1, 3] 
[10, 2, 27, 16, 7, 20, 24][11, 25, 28, 0, 26][4, 14, 1, 23, 9][21, 5, 6, 15, 29][13, 18, 22, 17][8, 19, 12][3, 11][1, 3][16, 28][11, 17][6, 13][18, 19] 
[10, 2, 27, 16, 7, 20, 24][21, 5, 6, 15, 29][11, 25, 28, 0, 26][4, 14, 1, 23, 9][13, 18, 22, 17][8, 19, 12][6, 13][11, 17][3, 11][16, 28][1, 3][18, 19] 
[10, 2, 27, 16, 7, 20, 24][11, 25, 28, 0, 26][4, 14, 1, 23, 9][21, 5, 6, 15, 29][13, 18, 22, 17][8, 19, 12][16, 28][3, 11][11, 17][1, 3][18, 19][6, 13] 
[10, 2, 27, 16, 7, 20, 24][11, 25, 28, 0, 26][21, 5, 6, 15, 29][4, 14, 1, 23, 9][13, 18, 22, 17][8, 19, 12][11, 17][6, 13][18, 19][3, 11][16, 28][1, 3] 
[10, 2, 27, 16, 7, 20, 24][21, 5, 6, 15, 29][11, 25, 28, 0, 26][4, 14, 1, 23, 9][13, 18, 22, 17][8, 19, 12][6, 13][11, 17][3, 11][16, 28][1, 3][18, 19] 
[10, 2, 27, 16, 7, 20, 24][11, 25, 28, 0, 26][4, 14, 1, 23, 9][21, 5, 6, 15, 29][13, 18, 22, 17][8, 19, 12][16, 28][3, 11][11, 17][1, 3][18, 19][6, 13] 
[10, 2, 27, 16, 7, 20, 24][11, 25, 28, 0, 26][21, 5, 6, 15, 29][4, 14, 1, 23, 9][13, 18, 22, 17][8, 19, 12][11, 17][6, 13][18, 19][3, 11][16, 28][1, 3] 
[10, 2, 27, 16, 7, 20, 24][11, 25, 28, 0, 26][21, 5, 6, 15, 29][4, 14, 1, 23, 9][13, 18, 22, 17][8, 19, 12][11, 17][6, 13][18, 19][3, 11][16, 28][1, 3] 
[10, 2, 27, 16, 7, 20][11, 25, 28, 0, 26][21, 5, 6, 15, 29][13, 18, 22, 17][12, 8, 19, 18][4, 14, 1, 23][9, 3, 24][11, 17][3, 11][1, 9][20, 24][6, 13] 
[10, 2, 27, 16, 7, 20][11, 25, 28, 0, 26][21, 5, 6, 15, 29][13, 18, 22, 17][12, 8, 19, 18][4, 14, 1, 23][9, 3, 24][11, 17][3, 11][1, 9][20, 24][6, 13] 
[10, 2, 27, 16, 7, 20][11, 25, 28, 0, 26][21, 5, 6, 15, 29][13, 18, 22, 17][12, 8, 19, 18][4, 14, 1, 23][9, 3, 24][11, 17][6, 13][3, 11][20, 24][1, 9] 
[10, 2, 27, 16, 7, 20][11, 25, 28, 0, 26][21, 5, 6, 15, 29][13, 18, 22, 17][12, 8, 19, 18][4, 14, 1, 23][9, 3, 24][3, 11][20, 24][11, 17][1, 9][6, 13] 
[10, 2, 27, 16, 7, 20][21, 5, 6, 15, 29][11, 25, 28, 0, 26][13, 18, 22, 17][12, 8, 19, 18][4, 14, 1, 23][9, 3, 24][6, 13][11, 17][3, 11][1, 9][20, 24] 
[10, 2, 27, 16, 7, 20][4, 14, 1, 23, 9][11, 25, 28, 0, 26][21, 5, 6, 15, 29][13, 18, 22, 17][12, 8, 19, 18][3, 24][20, 24][3, 11][11, 17][6, 13][3, 23] 
[10, 2, 27, 16, 7, 20, 24][4, 14, 1, 23, 9][11, 25, 28, 0, 26][21, 5, 6, 15, 29][13, 18, 22, 17][8, 19, 12][1, 3][3, 11][16, 28][11, 17][6, 13][18, 19] 
[10, 2, 27, 16, 7, 20, 24][11, 25, 28, 0, 26][4, 14, 1, 23, 9][21, 5, 6, 15, 29][13, 18, 22, 17][8, 19, 12][18, 19][11, 17][3, 11][1, 3][16, 28][6, 13] 
[10, 2, 27, 16, 7, 20, 24][11, 25, 28, 0, 26][4, 14, 1, 23, 9][21, 5, 6, 15, 29][13, 18, 22, 17][8, 19, 12][3, 11][1, 3][16, 28][11, 17][6, 13][18, 19] 
[10, 2, 27, 16, 7, 20, 24][11, 25, 28, 0, 26][21, 5, 6, 15, 29][4, 14, 1, 23, 9][13, 18, 22, 17][8, 19, 12][3, 11][16, 28][11, 17][6, 13][18, 19][1, 3] 
[10, 2, 27, 16, 7, 20, 24][11, 25, 28, 0, 26][21, 5, 6, 15, 29][4, 14, 1, 23, 9][13, 18, 22, 17][8, 19, 12][11, 17][6, 13][18, 19][3, 11][16, 28][1, 3] 
[10, 2, 27, 16, 7, 20, 24][21, 5, 6, 15, 29][11, 25, 28, 0, 26][4, 14, 1, 23, 9][13, 18, 22, 17][8, 19, 12][6, 13][18, 19][11, 17][3, 11][3, 23][16, 28] 
[10, 2, 27, 16, 7, 20, 24][11, 25, 28, 0, 26][4, 14, 1, 23, 9][21, 5, 6, 15, 29][13, 18, 22, 17][8, 19, 12][18, 19][11, 17][3, 11][1, 3][16, 28][6, 13] 
[10, 2, 27, 16, 7, 20][11, 25, 28, 0, 26][21, 5, 6, 15, 29][4, 14, 1, 23][13, 18, 22, 17][12, 8, 19, 18][9, 3, 24][3, 11][1, 9][11, 17][6, 13][20, 24] 
[10, 2, 27, 16, 7, 20][11, 25, 28, 0, 26][21, 5, 6, 15, 29][13, 18, 22, 17][12, 8, 19, 18][4, 14, 1, 23][9, 3, 24][11, 17][6, 13][3, 11][20, 24][1, 9] 
[10, 2, 27, 16, 7, 20][11, 25, 28, 0, 26][21, 5, 6, 15, 29][13, 18, 22, 17][12, 8, 19, 18][4, 14, 1, 23][9, 3, 24][11, 17][6, 13][3, 11][20, 24][1, 9] 
[10, 2, 27, 16, 7, 20][11, 25, 28, 0, 26][21, 5, 6, 15, 29][13, 18, 22, 17][12, 8, 19, 18][4, 14, 1, 23][9, 3, 24][11, 17][3, 11][6, 13][20, 24][1, 9] 
[10, 2, 27, 16, 7, 20][11, 25, 28, 0, 26][21, 5, 6, 15, 29][13, 18, 22, 17][12, 8, 19, 18][4, 14, 1, 23][9, 3, 24][11, 17][3, 11][6, 13][20, 24][1, 9] 
[10, 2, 27, 16, 7, 20][11, 25, 28, 0, 26][21, 5, 6, 15, 29][13, 18, 22, 17][12, 8, 19, 18][4, 14, 1, 23][9, 3, 24][11, 17][3, 11][6, 13][20, 24][1, 9] 
[10, 2, 27, 16, 7, 20][21, 5, 6, 15, 29][11, 25, 28, 0, 26][13, 18, 22, 17][12, 8, 19, 18][4, 14, 1, 23][9, 3, 24][6, 13][11, 17][3, 11][20, 24][1, 9] 
[10, 2, 27, 16, 7, 20][21, 5, 6, 15, 29][11, 25, 28, 0, 26][13, 18, 22, 17][12, 8, 19, 18][4, 14, 1, 23][9, 3, 24][6, 13][11, 17][3, 11][20, 24][1, 9] 
[10, 2, 27, 16, 7, 20][21, 5, 6, 15, 29][11, 25, 28, 0, 26][12, 8, 19, 18][13, 18, 22, 17][4, 14, 1, 23][9, 3, 24][6, 13][11, 17][3, 11][1, 9][20, 24] 
[10, 2, 27, 16, 7, 20][21, 5, 6, 15, 29][11, 25, 28, 0, 26][13, 18, 22, 17][12, 8, 19, 18][4, 14, 1, 23][9, 3, 24][6, 13][11, 17][3, 11][1, 9][20, 24] 
[10, 2, 27, 16, 7, 20][11, 25, 28, 0, 26][21, 5, 6, 15, 29][4, 14, 1, 23][13, 18, 22, 17][12, 8, 19, 18][9, 3, 24][1, 9][3, 11][11, 17][20, 24][6, 13] 
[10, 2, 27, 16, 7, 20][21, 5, 6, 15, 29][11, 25, 28, 0, 26][12, 8, 19, 18][13, 18, 22, 17][4, 14, 1, 23][9, 3, 24][6, 13][11, 17][3, 11][1, 9][20, 24] 
[10, 2, 27, 16, 7, 20][21, 5, 6, 15, 29][11, 25, 28, 0, 26][12, 8, 19, 18][13, 18, 22, 17][4, 14, 1, 23][9, 3, 24][6, 13][11, 17][3, 11][1, 9][20, 24] 
[10, 2, 27, 16, 7, 20][11, 25, 28, 0, 26][21, 5, 6, 15, 29][13, 18, 22, 17][12, 8, 19, 18][4, 14, 1, 23][9, 3, 24][3, 11][20, 24][11, 17][1, 9][6, 13] 
[10, 2, 27, 16, 7, 20][21, 5, 6, 15, 29][11, 25, 28, 0, 26][13, 18, 22, 17][12, 8, 19, 18][4, 14, 1, 23][9, 3, 24][6, 13][11, 17][3, 11][1, 9][20, 24] 
[10, 2, 27, 16, 7, 20, 24][11, 25, 28, 0, 26][21, 5, 6, 15, 29][4, 14, 1, 23, 9][13, 18, 22, 17][12, 8, 19, 18][1, 23][3, 23][3, 24][3, 11][11, 17][6, 13] 
[10, 2, 27, 16, 7, 20, 24][4, 14, 1, 23, 9][11, 25, 28, 0, 26][21, 5, 6, 15, 29][13, 18, 22, 17][12, 8, 19, 18][1, 23][3, 23][3, 11][3, 24][11, 17][6, 13] 
[10, 2, 27, 16, 7, 20, 24][4, 14, 1, 23, 9][11, 25, 28, 0, 26][21, 5, 6, 15, 29][13, 18, 22, 17][12, 8, 19, 18][1, 23][3, 23][3, 11][3, 24][11, 17][6, 13] 
[10, 2, 27, 16, 7, 20, 24][4, 14, 1, 23, 9][11, 25, 28, 0, 26][21, 5, 6, 15, 29][13, 18, 22, 17][12, 8, 19, 18][1, 23][3, 23][3, 11][3, 24][11, 17][6, 13] 
[10, 2, 27, 16, 7, 20, 24][11, 25, 28, 0, 26][21, 5, 6, 15, 29][4, 14, 1, 23, 9][13, 18, 22, 17][12, 8, 19, 18][1, 23][3, 23][3, 24][3, 11][11, 17][6, 13] 
[10, 2, 27, 16, 7, 20, 24][3, 11, 25, 28, 0, 26][21, 5, 6, 15, 29][4, 14, 1, 23, 9][13, 18, 22, 17][12, 8, 19, 18][11, 17][3, 11][6, 13][16, 28][3, 23][1, 23] 
[10, 2, 27, 16, 7, 20, 24][21, 5, 6, 15, 29][11, 25, 28, 0, 26][9, 1, 4, 14, 23][13, 18, 22, 17][12, 8, 19][18, 19][6, 13][11, 17][16, 28][3, 11][1, 3] 
[10, 2, 27, 16, 7, 20, 24][11, 25, 28, 0, 26][9, 1, 4, 14, 23][21, 5, 6, 15, 29][13, 18, 22, 17][12, 8, 19][3, 11][1, 3][16, 28][11, 17][18, 19][6, 13] 
[10, 2, 27, 16, 7, 20, 24][9, 1, 4, 14, 23][11, 25, 28, 0, 26][21, 5, 6, 15, 29][13, 18, 22, 17][12, 8, 19][1, 3][3, 11][11, 17][16, 28][18, 19][6, 13] 
[10, 2, 27, 16, 7, 20, 24][11, 25, 28, 0, 26][21, 5, 6, 15, 29][9, 1, 4, 14, 23][13, 18, 22, 17][8, 19, 12][18, 19][11, 17][16, 28][3, 11][1, 3][6, 13] 
[10, 2, 27, 16, 7, 20, 24][9, 1, 4, 14, 23][11, 25, 28, 0, 26][21, 5, 6, 15, 29][13, 18, 22, 17][12, 8, 19][1, 3][3, 11][11, 17][16, 28][6, 13][18, 19] 
[10, 2, 27, 16, 7, 20][21, 5, 6, 15, 29][11, 25, 28, 0, 26][13, 18, 22, 17][12, 8, 19, 18][4, 14, 1, 23][9, 3, 24][6, 13][11, 17][3, 11][20, 24][1, 9] 
[10, 2, 27, 16, 7, 20, 24][11, 25, 28, 0, 26][21, 5, 6, 15, 29][4, 14, 1, 23, 9][13, 18, 22, 17][8, 19, 12][11, 17][6, 13][18, 19][3, 11][16, 28][1, 3] 
