[8, 19, 17, 0, 12, 22][27, 2, 10, 15, 29][18, 13, 6, 5, 21][1, 9, 23, 24, 3][4, 20, 14, 7][26, 0, 28][11, 25, 28][7, 16][16, 27][16, 28][6, 10][14, 24] 
[27, 2, 10, 15, 29][1, 9, 23, 24, 3][18, 13, 6, 5, 21][16, 7, 14, 20][8, 19, 22, 12][4, 24, 14][11, 25, 28][26, 0, 28][0, 17, 19][16, 27][6, 10][16, 28] 
[18, 13, 6, 5, 21][1, 9, 23, 24, 3][27, 2, 10, 15, 29][8, 19, 22, 12][16, 7, 14, 20][0, 17, 19][26, 0, 28][11, 25, 28][4, 24, 14][17, 18][16, 28][16, 27] 
[18, 13, 6, 5, 21][1, 9, 23, 24, 3][27, 2, 10, 15, 29][8, 19, 22, 12][16, 7, 14, 20][0, 17, 19][26, 0, 28][11, 25, 28][4, 24, 14][17, 18][16, 28][16, 27] 
[18, 13, 6, 5, 21][27, 2, 10, 15, 29][4, 20, 14, 7, 16][1, 9, 23, 24, 3][8, 19, 22, 12][0, 17, 19][26, 0, 28][11, 25, 28][6, 10][17, 18][16, 27][14, 24] 
[18, 13, 6, 5, 21][4, 20, 14, 7, 16][27, 2, 10, 15, 29][1, 9, 23, 24, 3][8, 19, 22, 12][0, 17, 19][26, 0, 28][11, 25, 28][17, 18][11, 14][16, 27][4, 24] 
[1, 9, 23, 24, 3][27, 2, 10, 15, 29][18, 13, 6, 5, 21][8, 19, 22, 12][16, 7, 14, 20][11, 25, 28][26, 0, 28][0, 17, 19][4, 24, 14][11, 14][16, 27][17, 18] 
[1, 9, 23, 24, 3][4, 20, 14, 7, 16][27, 2, 10, 15, 29][18, 13, 6, 5, 21][8, 19, 22, 12][11, 25, 28][26, 0, 28][0, 17, 19][14, 24][11, 14][16, 27][6, 10] 
[4, 20, 14, 7, 16][27, 2, 10, 15, 29][18, 13, 6, 5, 21][1, 9, 23, 24, 3][8, 19, 22, 12][11, 25, 28][26, 0, 28][0, 17, 19][11, 14][16, 27][17, 18][4, 24] 
[4, 20, 14, 7, 16][1, 9, 23, 24, 3][27, 2, 10, 15, 29][18, 13, 6, 5, 21][8, 19, 22, 12][11, 25, 28][26, 0, 28][0, 17, 19][11, 14][14, 24][16, 27][6, 10] 
[8, 19, 17, 0, 12, 22][27, 2, 10, 15, 29][18, 13, 6, 5, 21][1, 9, 23, 24, 3][4, 20, 14, 7][26, 0, 28][11, 25, 28][7, 16][16, 27][16, 28][6, 10][14, 24] 
[27, 2, 10, 15, 29][1, 9, 23, 24, 3][18, 13, 6, 5, 21][16, 7, 14, 20][8, 19, 22, 12][4, 24, 14][11, 25, 28][26, 0, 28][0, 17, 19][16, 27][6, 10][16, 28] 
[18, 13, 6, 5, 21][1, 9, 23, 24, 3][27, 2, 10, 15, 29][8, 19, 22, 12][16, 7, 14, 20][0, 17, 19][26, 0, 28][11, 25, 28][4, 24, 14][17, 18][16, 28][16, 27] 
[4, 20, 14, 7, 16][1, 9, 23, 24, 3][27, 2, 10, 15, 29][18, 13, 6, 5, 21][8, 19, 22, 12][0, 17, 19][26, 0, 28][11, 25, 28][14, 24][16, 27][6, 10][17, 18] 
[18, 13, 6, 5, 21][4, 20, 14, 7, 16][27, 2, 10, 15, 29][1, 9, 23, 24, 3][8, 19, 22, 12][0, 17, 19][26, 0, 28][11, 25, 28][17, 18][11, 14][16, 27][4, 24] 
[4, 20, 14, 7, 16][1, 9, 23, 24, 3][27, 2, 10, 15, 29][18, 13, 6, 5, 21][8, 19, 22, 12][11, 25, 28][26, 0, 28][0, 17, 19][11, 14][14, 24][16, 27][6, 10] 
[8, 19, 17, 0, 12, 22][1, 9, 23, 24, 3][27, 2, 10, 15, 29][18, 13, 6, 5, 21][4, 20, 14, 7][26, 0, 28][11, 25, 28][16, 28][7, 16][14, 24][16, 27][6, 10] 
[27, 2, 10, 15, 29][1, 9, 23, 24, 3][18, 13, 6, 5, 21][16, 7, 14, 20][8, 19, 22, 12][4, 24, 14][11, 25, 28][26, 0, 28][0, 17, 19][16, 27][6, 10][16, 28] 
[18, 13, 6, 5, 21][27, 2, 10, 15, 29][4, 20, 14, 7, 16][1, 9, 23, 24, 3][8, 19, 22, 12][0, 17, 19][26, 0, 28][11, 25, 28][17, 18][6, 10][16, 27][14, 24] 
[8, 19, 17, 0, 12, 22][1, 9, 23, 24, 3][27, 2, 10, 15, 29][18, 13, 6, 5, 21][4, 20, 14, 7][26, 0, 28][11, 25, 28][16, 28][7, 16][16, 27][6, 10][14, 24] 
[8, 19, 17, 0, 12, 22][27, 2, 10, 15, 29][18, 13, 6, 5, 21][1, 9, 23, 24, 3][4, 20, 14, 7][26, 0, 28][11, 25, 28][7, 16][16, 27][16, 28][6, 10][14, 24] 
[1, 9, 23, 24, 3][27, 2, 10, 15, 29][18, 13, 6, 5, 21][16, 7, 14, 20][8, 19, 22, 12][4, 24, 14][11, 25, 28][26, 0, 28][0, 17, 19][16, 28][16, 27][6, 10] 
[18, 13, 6, 5, 21][1, 9, 23, 24, 3][27, 2, 10, 15, 29][8, 19, 22, 12][16, 7, 14, 20][26, 0, 28][0, 17, 19][11, 25, 28][4, 24, 14][17, 18][11, 14][16, 27] 
[18, 13, 6, 5, 21][27, 2, 10, 15, 29][4, 20, 14, 7, 16][1, 9, 23, 24, 3][8, 19, 22, 12][0, 17, 19][26, 0, 28][11, 25, 28][17, 18][6, 10][16, 27][14, 24] 
[4, 20, 14, 7, 16][27, 2, 10, 15, 29][18, 13, 6, 5, 21][1, 9, 23, 24, 3][8, 19, 22, 12][11, 25, 28][26, 0, 28][0, 17, 19][11, 14][16, 27][17, 18][4, 24] 
[1, 9, 23, 24, 3][4, 20, 14, 7, 16][27, 2, 10, 15, 29][18, 13, 6, 5, 21][8, 19, 22, 12][11, 25, 28][26, 0, 28][0, 17, 19][14, 24][11, 14][16, 27][6, 10] 
[8, 19, 17, 0, 12, 22][1, 9, 23, 24, 3][27, 2, 10, 15, 29][18, 13, 6, 5, 21][4, 20, 14, 7][26, 0, 28][11, 25, 28][16, 28][7, 16][16, 27][6, 10][14, 24] 
[27, 2, 10, 15, 29][1, 9, 23, 24, 3][18, 13, 6, 5, 21][16, 7, 14, 20][8, 19, 22, 12][4, 24, 14][11, 25, 28][26, 0, 28][0, 17, 19][16, 27][6, 10][16, 28] 
[18, 13, 6, 5, 21][27, 2, 10, 15, 29][4, 20, 14, 7, 16][1, 9, 23, 24, 3][8, 19, 22, 12][0, 17, 19][26, 0, 28][11, 25, 28][17, 18][6, 10][16, 27][14, 24] 
[8, 19, 17, 0, 12, 22][27, 2, 10, 15, 29][18, 13, 6, 5, 21][1, 9, 23, 24, 3][4, 20, 14, 7][26, 0, 28][11, 25, 28][16, 27][6, 10][7, 16][14, 24][16, 28] 
[8, 19, 17, 0, 12, 22][27, 2, 10, 15, 29][18, 13, 6, 5, 21][1, 9, 23, 24, 3][4, 20, 14, 7][26, 0, 28][11, 25, 28][7, 16][16, 27][16, 28][6, 10][14, 24] 
[27, 2, 10, 15, 29][1, 9, 23, 24, 3][18, 13, 6, 5, 21][16, 7, 14, 20][8, 19, 22, 12][4, 24, 14][11, 25, 28][26, 0, 28][0, 17, 19][16, 27][6, 10][16, 28] 
[18, 13, 6, 5, 21][27, 2, 10, 15, 29][4, 20, 14, 7, 16][1, 9, 23, 24, 3][8, 19, 22, 12][0, 17, 19][26, 0, 28][11, 25, 28][17, 18][6, 10][16, 27][14, 24] 
[8, 19, 17, 0, 12, 22][1, 9, 23, 24, 3][27, 2, 10, 15, 29][18, 13, 6, 5, 21][4, 20, 14, 7][26, 0, 28][11, 25, 28][16, 28][7, 16][16, 27][6, 10][14, 24] 
[8, 19, 17, 0, 12, 22][18, 13, 6, 5, 21][27, 2, 10, 15, 29][1, 9, 23, 24, 3][4, 20, 14, 7][11, 25, 28][26, 0, 28][6, 10][16, 27][16, 28][7, 16][14, 24] 
[14, 11, 25, 28, 17, 22, 12, 18, 0, 26, 8, 19][13, 6, 10, 21, 5, 15, 29, 2, 16, 7, 27][3, 23, 1, 24, 20, 4, 14, 7][11, 25][9, 23][0, 26][11, 25][15, 29][4, 20][4, 20][15, 29][0, 26] 
[14, 11, 25, 28, 17, 22, 12, 18, 0, 26, 8, 19][13, 6, 10, 21, 5, 15, 29, 2, 16, 7, 27][3, 23, 1, 24, 20, 4, 14, 7][19, 8, 26][11, 25][9, 23][4, 20][4, 20][4, 20][15, 29][11, 25][11, 25] 
[14, 11, 25, 28, 17, 22, 12, 18, 0, 26, 8, 19][13, 6, 10, 21, 5, 15, 29, 2, 16, 7, 27][3, 23, 1, 24, 20, 4, 14, 7][11, 25][9, 23][0, 26][11, 25][15, 29][4, 20][4, 20][15, 29][0, 26] 
[14, 11, 25, 28, 17, 22, 12, 18, 0, 26, 8, 19][13, 6, 10, 21, 5, 15, 29, 2, 16, 7, 27][7, 14, 20, 4, 24][1, 9, 23, 24, 3][15, 29][15, 29][0, 26][0, 26][4, 20][15, 29][4, 20][11, 25] 
[14, 11, 25, 28, 17, 22, 12, 18, 0, 26, 8, 19][13, 6, 10, 21, 5, 15, 29, 2, 16, 7, 27][7, 14, 20, 4, 24][1, 9, 23, 24, 3][15, 29][15, 29][0, 26][0, 26][4, 20][15, 29][4, 20][11, 25] 
[14, 11, 25, 28, 17, 22, 12, 18, 0, 26, 8, 19][13, 6, 10, 21, 5, 15, 29, 2, 16, 7, 27][7, 14, 20, 4, 24][3, 23, 1, 24][6, 13][9, 23][0, 26][4, 20][4, 20][11, 25][15, 29][15, 29] 
[14, 11, 25, 28, 17, 22, 12, 18, 0, 26, 8, 19][13, 6, 10, 21, 5, 15, 29, 2, 16, 7, 27][3, 23, 1, 24, 20, 4, 14, 7][11, 25][9, 23][0, 26][11, 25][15, 29][4, 20][4, 20][15, 29][0, 26] 
[14, 11, 25, 28, 17, 22, 12, 18, 0, 26, 8, 19][13, 6, 10, 21, 5, 15, 29, 2, 16, 7, 27][3, 23, 1, 24, 20, 4, 14, 7][11, 25][9, 23][0, 26][11, 25][15, 29][4, 20][4, 20][15, 29][0, 26] 
[14, 11, 25, 28, 17, 22, 12, 18, 0, 26, 8, 19][13, 6, 10, 21, 5, 15, 29, 2, 16, 7, 27][7, 14, 20, 4, 24][1, 9, 23, 24, 3][15, 29][15, 29][0, 26][0, 26][4, 20][15, 29][4, 20][11, 25] 
[14, 11, 25, 28, 17, 22, 12, 18, 0, 26, 8, 19][13, 6, 10, 21, 5, 15, 29, 2, 16, 7, 27][3, 23, 1, 24, 20, 4, 14, 7][11, 25][9, 23][0, 26][11, 25][15, 29][4, 20][4, 20][15, 29][0, 26] 
[14, 11, 25, 28, 17, 22, 12, 18, 0, 26, 8, 19][13, 6, 10, 21, 5, 15, 29, 2, 16, 7, 27][3, 23, 1, 24, 20, 4, 14, 7][11, 25][9, 23][0, 26][11, 25][15, 29][4, 20][4, 20][15, 29][0, 26] 
[14, 11, 25, 28, 17, 22, 12, 18, 0, 26, 8, 19][13, 6, 10, 21, 5, 15, 29, 2, 16, 7, 27][3, 23, 1, 24, 20, 4, 14, 7][19, 8, 26][11, 25][9, 23][4, 20][4, 20][4, 20][15, 29][11, 25][11, 25] 
[14, 11, 25, 28, 17, 22, 12, 18, 0, 26, 8, 19][13, 6, 10, 21, 5, 15, 29, 2, 16, 7, 27][7, 14, 20, 4, 24][1, 9, 23, 24, 3][15, 29][15, 29][0, 26][0, 26][4, 20][15, 29][4, 20][11, 25] 
[14, 11, 25, 28, 17, 22, 12, 18, 0, 26, 8, 19][13, 6, 10, 21, 5, 15, 29, 2, 16, 7, 27][3, 23, 1, 24, 20, 4, 14, 7][11, 25][9, 23][0, 26][11, 25][15, 29][4, 20][4, 20][15, 29][0, 26] 
[14, 11, 25, 28, 17, 22, 12, 18, 0, 26, 8, 19][13, 6, 10, 21, 5, 15, 29, 2, 16, 7, 27][3, 23, 1, 24, 20, 4, 14, 7][11, 25][9, 23][0, 26][11, 25][15, 29][4, 20][4, 20][15, 29][0, 26] 
[14, 11, 25, 28, 17, 22, 12, 18, 0, 26, 8, 19][13, 6, 10, 21, 5, 15, 29, 2, 16, 7, 27][3, 23, 1, 24, 20, 4, 14, 7][11, 25][9, 23][0, 26][11, 25][15, 29][4, 20][4, 20][15, 29][0, 26] 
[14, 11, 25, 28, 17, 22, 12, 18, 0, 26, 8, 19][13, 6, 10, 21, 5, 15, 29, 2, 16, 7, 27][3, 23, 1, 24, 20, 4, 14, 7][11, 25][9, 23][0, 26][11, 25][15, 29][4, 20][4, 20][15, 29][0, 26] 
[14, 11, 25, 28, 17, 22, 12, 18, 0, 26, 8, 19][13, 6, 10, 21, 5, 15, 29, 2, 16, 7, 27][3, 23, 1, 24, 20, 4, 14, 7][11, 25][9, 23][0, 26][11, 25][15, 29][4, 20][4, 20][15, 29][0, 26] 
[14, 11, 25, 28, 17, 22, 12, 18, 0, 26, 8, 19][13, 6, 10, 21, 5, 15, 29, 2, 16, 7, 27][3, 23, 1, 24, 20, 4, 14, 7][11, 25][9, 23][0, 26][11, 25][15, 29][4, 20][4, 20][15, 29][0, 26] 
[14, 11, 25, 28, 17, 22, 12, 18, 0, 26, 8, 19][13, 6, 10, 21, 5, 15, 29, 2, 16, 7, 27][3, 23, 1, 24, 20, 4, 14, 7][11, 25][9, 23][0, 26][11, 25][15, 29][4, 20][4, 20][15, 29][0, 26] 
[14, 11, 25, 28, 17, 22, 12, 18, 0, 26, 8, 19][13, 6, 10, 21, 5, 15, 29, 2, 16, 7, 27][3, 23, 1, 24, 20, 4, 14, 7][11, 25][9, 23][0, 26][11, 25][15, 29][4, 20][4, 20][15, 29][0, 26] 
[4, 20, 14, 7, 16][1, 9, 23, 24, 3][27, 2, 10, 15, 29][18, 13, 6, 5, 21][8, 19, 22, 12][0, 17, 19][26, 0, 28][11, 25, 28][11, 14][14, 24][16, 27][6, 10] 
[4, 20, 14, 7, 16][1, 9, 23, 24, 3][27, 2, 10, 15, 29][18, 13, 6, 5, 21][8, 19, 22, 12][0, 17, 19][26, 0, 28][11, 25, 28][11, 14][14, 24][16, 27][6, 10] 
[27, 2, 10, 15, 29][18, 13, 6, 5, 21][4, 20, 14, 7, 16][1, 9, 23, 24, 3][8, 19, 22, 12][11, 25, 28][26, 0, 28][0, 17, 19][6, 10][16, 27][14, 24][11, 14] 
[4, 20, 14, 7, 16][1, 9, 23, 24, 3][27, 2, 10, 15, 29][18, 13, 6, 5, 21][8, 19, 22, 12][11, 25, 28][26, 0, 28][0, 17, 19][11, 14][14, 24][16, 27][6, 10] 
[4, 20, 14, 7, 16][27, 2, 10, 15, 29][1, 9, 23, 24, 3][18, 13, 6, 5, 21][8, 19, 22, 12][11, 25, 28][26, 0, 28][0, 17, 19][11, 14][16, 27][14, 24][6, 10] 
[18, 13, 6, 5, 21][27, 2, 10, 15, 29][4, 20, 14, 7, 16][1, 9, 23, 24, 3][8, 19, 22, 12][11, 25, 28][26, 0, 28][0, 17, 19][6, 10][16, 27][11, 14][14, 24] 
[4, 20, 14, 7, 16][1, 9, 23, 24, 3][27, 2, 10, 15, 29][18, 13, 6, 5, 21][8, 19, 22, 12][0, 17, 19][26, 0, 28][11, 25, 28][11, 14][14, 24][16, 27][6, 10] 
[1, 9, 23, 24, 3][4, 20, 14, 7, 16][27, 2, 10, 15, 29][18, 13, 6, 5, 21][8, 19, 22, 12][11, 25, 28][26, 0, 28][0, 17, 19][14, 24][16, 27][11, 14][6, 10] 
[4, 20, 14, 7, 16][1, 9, 23, 24, 3][27, 2, 10, 15, 29][18, 13, 6, 5, 21][8, 19, 22, 12][0, 17, 19][26, 0, 28][11, 25, 28][11, 14][14, 24][16, 27][6, 10] 
[4, 20, 14, 7, 16][27, 2, 10, 15, 29][18, 13, 6, 5, 21][1, 9, 23, 24, 3][8, 19, 22, 12][0, 17, 19][26, 0, 28][11, 25, 28][11, 14][16, 27][6, 10][14, 24] 
[1, 9, 23, 24, 3][4, 20, 14, 7, 16][27, 2, 10, 15, 29][18, 13, 6, 5, 21][8, 19, 22, 12][11, 25, 28][26, 0, 28][0, 17, 19][14, 24][16, 27][11, 14][6, 10] 
[4, 20, 14, 7, 16][1, 9, 23, 24, 3][27, 2, 10, 15, 29][18, 13, 6, 5, 21][8, 19, 22, 12][0, 17, 19][26, 0, 28][11, 25, 28][11, 14][14, 24][16, 27][6, 10] 
[4, 20, 14, 7, 16][1, 9, 23, 24, 3][27, 2, 10, 15, 29][18, 13, 6, 5, 21][8, 19, 22, 12][11, 25, 28][26, 0, 28][0, 17, 19][11, 14][14, 24][16, 27][6, 10] 
[4, 20, 14, 7, 16][1, 9, 23, 24, 3][27, 2, 10, 15, 29][18, 13, 6, 5, 21][8, 19, 22, 12][0, 17, 19][26, 0, 28][11, 25, 28][11, 14][14, 24][16, 27][6, 10] 
[1, 9, 23, 24, 3][4, 20, 14, 7, 16][27, 2, 10, 15, 29][18, 13, 6, 5, 21][8, 19, 22, 12][11, 25, 28][26, 0, 28][0, 17, 19][14, 24][11, 14][16, 27][6, 10] 
[8, 19, 17, 0, 12, 22][1, 9, 23, 24, 3][27, 2, 10, 15, 29][18, 13, 6, 5, 21][4, 20, 14, 7][11, 25, 28][26, 0, 28][14, 24][7, 16][16, 27][6, 10][16, 28] 
[8, 19, 17, 0, 12, 22][1, 9, 23, 24, 3][27, 2, 10, 15, 29][18, 13, 6, 5, 21][4, 20, 14, 7][26, 0, 28][11, 25, 28][16, 28][7, 16][16, 27][6, 10][14, 24] 
[8, 19, 17, 0, 12, 22][27, 2, 10, 15, 29][18, 13, 6, 5, 21][1, 9, 23, 24, 3][4, 20, 14, 7][11, 25, 28][26, 0, 28][7, 16][16, 28][16, 27][6, 10][14, 24] 
[8, 19, 17, 0, 12, 22][1, 9, 23, 24, 3][27, 2, 10, 15, 29][18, 13, 6, 5, 21][4, 20, 14, 7][11, 25, 28][26, 0, 28][14, 24][7, 16][16, 27][6, 10][16, 28] 
[8, 19, 17, 0, 12, 22][1, 9, 23, 24, 3][27, 2, 10, 15, 29][18, 13, 6, 5, 21][4, 20, 14, 7][26, 0, 28][11, 25, 28][16, 28][7, 16][16, 27][6, 10][14, 24] 
[0, 17, 19, 8, 12, 22][1, 9, 23, 24, 3][27, 2, 10, 15, 29][18, 13, 6, 5, 21][4, 20, 14, 7][11, 25, 28][26, 0, 28][7, 16][14, 24][16, 27][16, 28][6, 10] 
[4, 20, 14, 7, 16][1, 9, 23, 24, 3][27, 2, 10, 15, 29][18, 13, 6, 5, 21][8, 19, 22, 12][0, 17, 19][26, 0, 28][11, 25, 28][11, 14][14, 24][16, 27][6, 10] 
[4, 20, 14, 7, 16][1, 9, 23, 24, 3][27, 2, 10, 15, 29][18, 13, 6, 5, 21][8, 19, 22, 12][0, 17, 19][26, 0, 28][11, 25, 28][11, 14][14, 24][16, 27][6, 10] 
[18, 13, 6, 5, 21][27, 2, 10, 15, 29][4, 20, 14, 7, 16][1, 9, 23, 24, 3][8, 19, 22, 12][11, 25, 28][26, 0, 28][0, 17, 19][6, 10][16, 27][11, 14][14, 24] 
[1, 9, 23, 24, 3][4, 20, 14, 7, 16][27, 2, 10, 15, 29][18, 13, 6, 5, 21][8, 19, 22, 12][11, 25, 28][26, 0, 28][0, 17, 19][14, 24][16, 27][11, 14][6, 10] 
[27, 2, 10, 15, 29][18, 13, 6, 5, 21][4, 20, 14, 7, 16][1, 9, 23, 24, 3][8, 19, 22, 12][11, 25, 28][26, 0, 28][0, 17, 19][6, 10][16, 27][11, 14][14, 24] 
[27, 2, 10, 15, 29][18, 13, 6, 5, 21][4, 20, 14, 7, 16][1, 9, 23, 24, 3][8, 19, 22, 12][0, 17, 19][26, 0, 28][11, 25, 28][6, 10][17, 18][11, 14][14, 24] 
[1, 9, 23, 24, 3][4, 20, 14, 7, 16][27, 2, 10, 15, 29][18, 13, 6, 5, 21][8, 19, 22, 12][11, 25, 28][26, 0, 28][0, 17, 19][14, 24][11, 14][16, 27][6, 10] 
[8, 19, 17, 0, 12, 22][27, 2, 10, 15, 29][18, 13, 6, 5, 21][1, 9, 23, 24, 3][4, 20, 14, 7][26, 0, 28][11, 25, 28][16, 27][16, 28][6, 10][14, 24][7, 16] 
[8, 19, 17, 0, 12, 22][1, 9, 23, 24, 3][27, 2, 10, 15, 29][18, 13, 6, 5, 21][4, 20, 14, 7][26, 0, 28][11, 25, 28][16, 28][7, 16][16, 27][6, 10][14, 24] 
[8, 19, 17, 0, 12, 22][1, 9, 23, 24, 3][27, 2, 10, 15, 29][18, 13, 6, 5, 21][4, 20, 14, 7][26, 0, 28][11, 25, 28][16, 28][7, 16][16, 27][6, 10][14, 24] 
[8, 19, 17, 0, 12, 22][27, 2, 10, 15, 29][18, 13, 6, 5, 21][1, 9, 23, 24, 3][4, 20, 14, 7][26, 0, 28][11, 25, 28][7, 16][16, 27][16, 28][6, 10][14, 24] 
[8, 19, 17, 0, 12, 22][1, 9, 23, 24, 3][27, 2, 10, 15, 29][18, 13, 6, 5, 21][4, 20, 14, 7][26, 0, 28][11, 25, 28][14, 24][7, 16][16, 27][16, 28][6, 10] 
[8, 19, 17, 0, 12, 22][27, 2, 10, 15, 29][18, 13, 6, 5, 21][1, 9, 23, 24, 3][4, 20, 14, 7][11, 25, 28][26, 0, 28][7, 16][16, 28][16, 27][6, 10][14, 24] 
[8, 19, 17, 0, 12, 22][1, 9, 23, 24, 3][27, 2, 10, 15, 29][18, 13, 6, 5, 21][4, 20, 14, 7][11, 25, 28][26, 0, 28][14, 24][7, 16][16, 27][6, 10][16, 28] 
[8, 19, 17, 0, 12, 22][1, 9, 23, 24, 3][27, 2, 10, 15, 29][18, 13, 6, 5, 21][4, 20, 14, 7][26, 0, 28][11, 25, 28][16, 28][7, 16][16, 27][6, 10][14, 24] 
[8, 19, 17, 0, 12, 22][27, 2, 10, 15, 29][18, 13, 6, 5, 21][1, 9, 23, 24, 3][4, 20, 14, 7][26, 0, 28][11, 25, 28][7, 16][16, 27][6, 10][16, 28][14, 24] 
[8, 19, 17, 0, 12, 22][1, 9, 23, 24, 3][27, 2, 10, 15, 29][18, 13, 6, 5, 21][4, 20, 14, 7][26, 0, 28][11, 25, 28][16, 28][7, 16][16, 27][6, 10][14, 24] 
[8, 19, 17, 0, 12, 22][27, 2, 10, 15, 29][18, 13, 6, 5, 21][1, 9, 23, 24, 3][4, 20, 14, 7][26, 0, 28][11, 25, 28][16, 27][16, 28][6, 10][14, 24][7, 16] 
[8, 19, 17, 0, 12, 22][1, 9, 23, 24, 3][27, 2, 10, 15, 29][18, 13, 6, 5, 21][4, 20, 14, 7][26, 0, 28][11, 25, 28][16, 28][7, 16][16, 27][6, 10][14, 24] 
[8, 19, 17, 0, 12, 22][1, 9, 23, 24, 3][27, 2, 10, 15, 29][18, 13, 6, 5, 21][4, 20, 14, 7][26, 0, 28][11, 25, 28][7, 16][16, 28][14, 24][16, 27][6, 10] 
[8, 19, 17, 0, 12, 22][1, 9, 23, 24, 3][27, 2, 10, 15, 29][18, 13, 6, 5, 21][4, 20, 14, 7][26, 0, 28][11, 25, 28][16, 28][7, 16][16, 27][6, 10][14, 24] 
[8, 19, 17, 0, 12, 22][1, 9, 23, 24, 3][27, 2, 10, 15, 29][18, 13, 6, 5, 21][4, 20, 14, 7][26, 0, 28][11, 25, 28][16, 28][7, 16][16, 27][6, 10][14, 24] 
[1, 9, 23, 24, 3, 4][8, 19, 17, 0, 12, 22][27, 2, 10, 15, 29][18, 13, 6, 5, 21][16, 7, 14, 20][26, 0, 28][11, 25, 28][16, 27][6, 10][14, 24][16, 28][11, 25] 
[1, 9, 23, 24, 3, 4][8, 19, 17, 0, 12, 22][18, 13, 6, 5, 21][27, 2, 10, 15, 29][16, 7, 14, 20][26, 0, 28][11, 25, 28][6, 10][16, 27][14, 24][16, 28][8, 19] 
[1, 9, 23, 24, 3, 4][8, 19, 17, 0, 12, 22][27, 2, 10, 15, 29][18, 13, 6, 5, 21][16, 7, 14, 20][26, 0, 28][11, 25, 28][16, 27][6, 10][14, 24][16, 28][11, 25] 
[1, 9, 23, 24, 3, 4][8, 19, 17, 0, 12, 22][27, 2, 10, 15, 29][18, 13, 6, 5, 21][16, 7, 14, 20][26, 0, 28][11, 25, 28][14, 24][16, 28][8, 19][16, 27][6, 10] 
[1, 9, 23, 24, 3, 4][8, 19, 17, 0, 12, 22][27, 2, 10, 15, 29][18, 13, 6, 5, 21][16, 7, 14, 20][26, 0, 28][11, 25, 28][14, 24][16, 28][8, 19][16, 27][6, 10] 
[8, 19, 17, 0, 12, 22][14, 24, 1, 3, 9, 23][18, 13, 6, 5, 21][27, 2, 10, 15, 29][4, 20, 14, 7][11, 25, 28][26, 0, 28][7, 16][16, 28][17, 19][17, 18][6, 10] 
[18, 13, 6, 5, 21][27, 2, 10, 15, 29][4, 20, 14, 7, 16][1, 9, 23, 24, 3][8, 19, 22, 12][0, 17, 19][26, 0, 28][11, 25, 28][6, 10][17, 18][11, 14][14, 24] 
[18, 13, 6, 5, 21][27, 2, 10, 15, 29][4, 20, 14, 7, 16][1, 9, 23, 24, 3][8, 19, 22, 12][0, 17, 19][26, 0, 28][11, 25, 28][6, 10][17, 18][11, 14][14, 24] 
[27, 2, 10, 15, 29][18, 13, 6, 5, 21][4, 20, 14, 7, 16][1, 9, 23, 24, 3][8, 19, 22, 12][0, 17, 19][26, 0, 28][11, 25, 28][6, 10][17, 18][11, 14][14, 24] 
[18, 13, 6, 5, 21][27, 2, 10, 15, 29][4, 20, 14, 7, 16][1, 9, 23, 24, 3][8, 19, 22, 12][0, 17, 19][26, 0, 28][11, 25, 28][6, 10][17, 18][11, 14][14, 24] 
[18, 13, 6, 5, 21][27, 2, 10, 15, 29][4, 20, 14, 7, 16][1, 9, 23, 24, 3][8, 19, 22, 12][0, 17, 19][26, 0, 28][11, 25, 28][6, 10][17, 18][11, 14][14, 24] 
[8, 19, 17, 0, 12, 22][1, 9, 23, 24, 3][27, 2, 10, 15, 29][18, 13, 6, 5, 21][4, 20, 14, 7][11, 25, 28][26, 0, 28][14, 24][7, 16][16, 27][6, 10][16, 28] 
[18, 13, 6, 5, 21][27, 2, 10, 15, 29][4, 20, 14, 7, 16][1, 9, 23, 24, 3][8, 19, 22, 12][0, 17, 19][26, 0, 28][11, 25, 28][6, 10][17, 18][11, 14][14, 24] 
