[14, 1, 3, 9, 23, 24, 20][5, 21, 10, 16, 6, 13][19, 18, 0, 22][17, 12, 8, 26][27, 7, 25, 28][15, 2, 29, 27][13, 18][12, 19][11, 17][11, 25][4, 7][4, 24] 
[14, 1, 3, 9, 23, 24, 20][5, 21, 10, 16, 6, 13][19, 18, 0, 22][17, 12, 8, 26][27, 7, 25, 28][15, 2, 29, 27][13, 18][12, 19][11, 17][11, 25][4, 7][4, 24] 
[14, 1, 3, 9, 23, 24, 20][5, 21, 10, 16, 6, 13][19, 18, 0, 22][17, 12, 8, 26][27, 7, 25, 28][15, 2, 29, 27][13, 18][12, 19][11, 17][11, 25][4, 7][4, 24] 
[3, 9, 23, 1, 14, 24, 4][5, 21, 10, 16, 6, 13][27, 7, 25, 28][15, 2, 29, 27][17, 12, 8, 26][19, 18, 0, 22][11, 25][7, 20][14, 20][11, 17][12, 19][13, 18] 
[3, 9, 23, 1, 14, 24][5, 21, 10, 16, 6, 13][17, 12, 8, 26][27, 7, 25, 28][15, 2, 29, 27][19, 18, 0, 22][4, 7, 20][11, 17][11, 25][12, 19][4, 24][13, 18] 
[3, 9, 23, 1, 14, 24][5, 21, 10, 16, 6, 13][15, 2, 29, 27][27, 7, 25, 28][17, 12, 8, 26][19, 18, 0, 22][4, 7, 20][11, 25][11, 17][12, 19][4, 24][13, 18] 
[3, 9, 23, 1, 14, 24][5, 21, 10, 16, 6, 13][27, 7, 25, 28][15, 2, 29, 27][17, 12, 8, 26][19, 18, 0, 22][4, 7, 20][11, 25][4, 24][11, 17][12, 19][13, 18] 
[3, 9, 23, 1, 14, 24][5, 21, 10, 16, 6, 13][27, 7, 25, 28][15, 2, 29, 27][17, 12, 8, 26][19, 18, 0, 22][4, 7, 20][11, 25][11, 17][14, 20][12, 19][13, 18] 
[5, 21, 10, 16, 6, 13][3, 9, 23, 1, 14, 24][17, 12, 8, 26][19, 18, 0, 22][27, 7, 25, 28][15, 2, 29, 27][4, 7, 20][11, 17][12, 19][13, 18][11, 25][14, 20] 
[3, 9, 23, 1, 14, 24][5, 21, 10, 16, 6, 13][27, 7, 25, 28][15, 2, 29, 27][17, 12, 8, 26][19, 18, 0, 22][4, 7, 20][11, 25][11, 17][14, 20][12, 19][13, 18] 
[14, 1, 3, 9, 23, 24, 20][5, 21, 10, 16, 6, 13][19, 18, 0, 22][17, 12, 8, 26][27, 7, 25, 28][15, 2, 29, 27][13, 18][12, 19][11, 17][11, 25][4, 7][4, 24] 
[14, 1, 3, 9, 23, 24, 20][5, 21, 10, 16, 6, 13][27, 7, 25, 28][15, 2, 29, 27][17, 12, 8, 26][19, 18, 0, 22][4, 24][4, 7][11, 25][11, 17][12, 19][13, 18] 
[14, 1, 3, 9, 23, 24, 20][5, 21, 10, 16, 6, 13][27, 7, 25, 28][15, 2, 29, 27][17, 12, 8, 26][19, 18, 0, 22][4, 24][4, 7][11, 25][11, 17][12, 19][13, 18] 
[5, 21, 10, 16, 6, 13][3, 9, 23, 1, 14, 24][19, 18, 0, 22][17, 12, 8, 26][27, 7, 25, 28][15, 2, 29, 27][4, 7, 20][13, 18][12, 19][11, 17][11, 25][4, 24] 
[5, 21, 10, 16, 6, 13][3, 9, 23, 1, 14, 24][19, 18, 0, 22][17, 12, 8, 26][27, 7, 25, 28][15, 2, 29, 27][4, 7, 20][13, 18][12, 19][11, 17][11, 25][4, 24] 
[5, 21, 10, 16, 6, 13][3, 9, 23, 1, 14, 24][19, 18, 0, 22][17, 12, 8, 26][27, 7, 25, 28][15, 2, 29, 27][4, 7, 20][13, 18][12, 19][11, 17][11, 25][14, 20] 
[14, 1, 3, 9, 23, 24, 20][5, 21, 10, 16, 6, 13][19, 18, 0, 22][17, 12, 8, 26][27, 7, 25, 28][15, 2, 29, 27][13, 18][12, 19][11, 17][11, 25][4, 7][4, 24] 
[14, 1, 3, 9, 23, 24, 20][5, 21, 10, 16, 6, 13][27, 7, 25, 28][15, 2, 29, 27][17, 12, 8, 26][19, 18, 0, 22][11, 25][4, 7][11, 17][12, 19][13, 18][4, 24] 
[5, 21, 10, 16, 6, 13][3, 9, 23, 1, 14, 24][19, 18, 0, 22][17, 12, 8, 26][27, 7, 25, 28][15, 2, 29, 27][4, 7, 20][13, 18][12, 19][11, 17][11, 25][4, 24] 
[14, 1, 3, 9, 23, 24, 20][5, 21, 10, 16, 6, 13][17, 12, 8, 26][19, 18, 0, 22][27, 7, 25, 28][15, 2, 29, 27][11, 17][12, 19][11, 25][4, 7][13, 18][4, 24] 
[14, 1, 3, 9, 23, 24, 20][5, 21, 10, 16, 6, 13][19, 18, 0, 22][17, 12, 8, 26][27, 7, 25, 28][15, 2, 29, 27][13, 18][12, 19][11, 17][11, 25][4, 7][4, 24] 
[14, 1, 3, 9, 23, 24, 20][5, 21, 10, 16, 6, 13][19, 18, 0, 22][17, 12, 8, 26][27, 7, 25, 28][15, 2, 29, 27][13, 18][12, 19][11, 17][11, 25][4, 7][4, 24] 
[14, 1, 3, 9, 23, 24, 20][5, 21, 10, 16, 6, 13][17, 12, 8, 26][19, 18, 0, 22][27, 7, 25, 28][15, 2, 29, 27][11, 17][12, 19][11, 25][13, 18][4, 7][4, 24] 
[3, 9, 23, 1, 14, 24][5, 21, 10, 16, 6, 13][27, 7, 25, 28][15, 2, 29, 27][17, 12, 8, 26][19, 18, 0, 22][4, 7, 20][4, 24][11, 25][11, 17][12, 19][13, 18] 
[3, 9, 23, 1, 14, 24][5, 21, 10, 16, 6, 13][19, 18, 0, 22][17, 12, 8, 26][27, 7, 25, 28][15, 2, 29, 27][4, 7, 20][12, 19][11, 17][11, 25][4, 24][13, 18] 
[5, 21, 10, 16, 6, 13][3, 9, 23, 1, 14, 24][17, 12, 8, 26][19, 18, 0, 22][27, 7, 25, 28][15, 2, 29, 27][4, 7, 20][12, 19][13, 18][11, 17][11, 25][14, 20] 
[14, 1, 3, 9, 23, 24, 20][5, 21, 10, 16, 6, 13][19, 18, 0, 22][17, 12, 8, 26][27, 7, 25, 28][15, 2, 29, 27][13, 18][12, 19][11, 17][11, 25][4, 7][4, 24] 
[14, 1, 3, 9, 23, 24, 20][5, 21, 10, 16, 6, 13][27, 7, 25, 28][15, 2, 29, 27][17, 12, 8, 26][19, 18, 0, 22][4, 24][4, 7][11, 25][11, 17][12, 19][13, 18] 
[3, 9, 23, 1, 14, 24][5, 21, 10, 16, 6, 13][27, 7, 25, 28][15, 2, 29, 27][17, 12, 8, 26][19, 18, 0, 22][4, 7, 20][11, 25][11, 17][4, 24][12, 19][13, 18] 
[14, 1, 3, 9, 23, 24, 20][5, 21, 10, 16, 6, 13][27, 7, 25, 28][15, 2, 29, 27][17, 12, 8, 26][19, 18, 0, 22][11, 25][4, 7][11, 17][12, 19][13, 18][4, 24] 
[14, 1, 3, 9, 23, 24, 20][5, 21, 10, 16, 6, 13][17, 12, 8, 26][27, 7, 25, 28][15, 2, 29, 27][19, 18, 0, 22][11, 17][11, 25][12, 19][4, 7][13, 18][4, 24] 
[14, 1, 3, 9, 23, 24, 20][5, 21, 10, 16, 6, 13][27, 7, 25, 28][15, 2, 29, 27][17, 12, 8, 26][19, 18, 0, 22][4, 24][4, 7][11, 25][11, 17][12, 19][13, 18] 
[3, 9, 23, 1, 14, 24][5, 21, 10, 16, 6, 13][27, 7, 25, 28][15, 2, 29, 27][17, 12, 8, 26][19, 18, 0, 22][4, 7, 20][4, 24][11, 25][11, 17][12, 19][13, 18] 
[14, 1, 3, 9, 23, 24, 20][5, 21, 10, 16, 6, 13][15, 2, 29, 27][27, 7, 25, 28][17, 12, 8, 26][19, 18, 0, 22][11, 25][4, 7][4, 24][11, 17][12, 19][13, 18] 
[14, 1, 3, 9, 23, 24, 20][5, 21, 10, 16, 6, 13][19, 18, 0, 22][17, 12, 8, 26][27, 7, 25, 28][15, 2, 29, 27][13, 18][12, 19][11, 17][11, 25][4, 7][4, 24] 
[1, 24, 4, 14, 9, 3, 23, 20, 7, 25, 11, 17, 19, 22][12, 17, 28, 16, 10, 21, 2, 6, 5, 15, 29, 27][0, 18, 13, 6][19, 8, 26][11, 25][11, 17][15, 29][5, 15][11, 17][5, 15][15, 29][11, 17] 
[1, 24, 4, 14, 9, 3, 23, 20, 7, 25, 11, 17, 19, 22][12, 17, 28, 16, 10, 21, 2, 6, 5, 15, 29, 27][0, 18, 13, 6][19, 8, 26][11, 25][11, 17][15, 29][5, 15][11, 17][5, 15][15, 29][11, 17] 
[1, 24, 4, 14, 9, 3, 23, 20, 7, 25, 11, 17, 19, 22][12, 17, 28, 16, 10, 21, 2, 6, 5, 15, 29, 27][0, 18, 13, 6][19, 8, 26][11, 25][11, 17][15, 29][5, 15][11, 17][5, 15][15, 29][11, 17] 
[1, 24, 4, 14, 9, 3, 23, 20, 7, 25, 11, 17, 19, 22][27, 29, 15, 5, 6, 2, 21, 10, 16, 28][17, 12, 8, 26][0, 18, 13, 6][11, 17][18, 19][13, 18][11, 25][11, 17][11, 17][13, 18][4, 24] 
[1, 24, 4, 14, 9, 3, 23, 20, 7, 25, 11, 17, 19, 22][27, 29, 15, 5, 6, 2, 21, 10, 16, 28][17, 12, 8, 26][0, 18, 13, 6][11, 17][18, 19][13, 18][11, 25][11, 17][11, 17][13, 18][4, 24] 
[1, 24, 4, 14, 9, 3, 23, 20, 7, 25, 11, 17, 19, 22][27, 29, 15, 5, 6, 2, 21, 10, 16, 28][17, 12, 8, 26][0, 18, 13, 6][11, 17][18, 19][13, 18][11, 25][11, 17][11, 17][13, 18][4, 24] 
[1, 24, 4, 14, 9, 3, 23, 20, 7, 25, 11, 17, 19, 22][12, 17, 28, 16, 10, 21, 2, 6, 5, 15, 29, 27][0, 18, 13, 6][19, 8, 26][11, 25][11, 17][15, 29][5, 15][11, 17][5, 15][15, 29][11, 17] 
[1, 24, 4, 14, 9, 3, 23, 20, 7, 25, 11, 17, 19, 22][12, 17, 28, 16, 10, 21, 2, 6, 5, 15, 29, 27][0, 18, 13, 6][19, 8, 26][11, 25][11, 17][15, 29][5, 15][11, 17][5, 15][15, 29][11, 17] 
[1, 24, 4, 14, 9, 3, 23, 20, 7, 25, 11, 17, 19, 22][27, 29, 15, 5, 6, 2, 21, 10, 16, 28][17, 12, 8, 26][0, 18, 13, 6][11, 17][18, 19][13, 18][11, 25][11, 17][11, 17][13, 18][4, 24] 
[1, 24, 4, 14, 9, 3, 23, 20, 7, 25, 11, 17, 19, 22][12, 17, 28, 16, 10, 21, 2, 6, 5, 15, 29, 27][0, 18, 13, 6][19, 8, 26][11, 25][11, 17][15, 29][5, 15][11, 17][5, 15][15, 29][11, 17] 
[1, 24, 4, 14, 9, 3, 23, 20, 7, 25, 11, 17, 19, 22][12, 17, 28, 16, 10, 21, 2, 6, 5, 15, 29, 27][0, 18, 13, 6][19, 8, 26][11, 25][11, 17][15, 29][5, 15][11, 17][5, 15][15, 29][11, 17] 
[1, 24, 4, 14, 9, 3, 23, 20, 7, 25, 11, 17, 19, 22][12, 17, 28, 16, 10, 21, 2, 6, 5, 15, 29, 27][0, 18, 13, 6][19, 8, 26][11, 25][11, 17][15, 29][5, 15][11, 17][5, 15][15, 29][11, 17] 
[1, 24, 4, 14, 9, 3, 23, 20, 7, 25, 11, 17, 19, 22][27, 29, 15, 5, 6, 2, 21, 10, 16, 28][17, 12, 8, 26][0, 18, 13, 6][11, 17][18, 19][13, 18][11, 25][11, 17][11, 17][13, 18][4, 24] 
[1, 24, 4, 14, 9, 3, 23, 20, 7, 25, 11, 17, 19, 22][12, 17, 28, 16, 10, 21, 2, 6, 5, 15, 29, 27][0, 18, 13, 6][19, 8, 26][11, 25][11, 17][15, 29][5, 15][11, 17][5, 15][15, 29][11, 17] 
[1, 24, 4, 14, 9, 3, 23, 20, 7, 25, 11, 17, 19, 22][12, 17, 28, 16, 10, 21, 2, 6, 5, 15, 29, 27][0, 18, 13, 6][19, 8, 26][11, 25][11, 17][15, 29][5, 15][11, 17][5, 15][15, 29][11, 17] 
[1, 24, 4, 14, 9, 3, 23, 20, 7, 25, 11, 17, 19, 22][12, 17, 28, 16, 10, 21, 2, 6, 5, 15, 29, 27][0, 18, 13, 6][19, 8, 26][11, 25][11, 17][15, 29][5, 15][11, 17][5, 15][15, 29][11, 17] 
[1, 24, 4, 14, 9, 3, 23, 20, 7, 25, 11, 17, 19, 22][12, 17, 28, 16, 10, 21, 2, 6, 5, 15, 29, 27][0, 18, 13, 6][19, 8, 26][11, 25][11, 17][15, 29][5, 15][11, 17][5, 15][15, 29][11, 17] 
[1, 24, 4, 14, 9, 3, 23, 20, 7, 25, 11, 17, 19, 22][17, 28, 16, 10, 21, 2, 6, 5, 15, 29][0, 18, 13, 6][19, 12, 8, 26][12, 8, 26][11, 17][11, 25][27, 29][5, 15][11, 17][11, 25][11, 25] 
[1, 24, 4, 14, 9, 3, 23, 20, 7, 25, 11, 17, 19, 22][12, 17, 28, 16, 10, 21, 2, 6, 5, 15, 29, 27][0, 18, 13, 6][19, 8, 26][11, 25][11, 17][15, 29][5, 15][11, 17][5, 15][15, 29][11, 17] 
[1, 24, 4, 14, 9, 3, 23, 20, 7, 25, 11, 17, 19, 22][12, 17, 28, 16, 10, 21, 2, 6, 5, 15, 29, 27][0, 18, 13, 6][19, 8, 26][11, 25][11, 17][15, 29][5, 15][11, 17][5, 15][15, 29][11, 17] 
[1, 24, 4, 14, 9, 3, 23, 20, 7, 25, 11, 17, 19, 22][12, 17, 28, 16, 10, 21, 2, 6, 5, 15, 29, 27][0, 18, 13, 6][19, 8, 26][15, 29][5, 15][11, 17][11, 25][11, 25][11, 25][11, 25][5, 15] 
[5, 21, 10, 16, 6, 13][3, 9, 23, 1, 14, 24][19, 18, 0, 22][17, 12, 8, 26][27, 7, 25, 28][15, 2, 29, 27][4, 7, 20][13, 18][12, 19][11, 17][11, 25][14, 20] 
[5, 21, 10, 16, 6, 13][3, 9, 23, 1, 14, 24][19, 18, 0, 22][17, 12, 8, 26][27, 7, 25, 28][15, 2, 29, 27][4, 7, 20][13, 18][12, 19][11, 17][11, 25][14, 20] 
[5, 21, 10, 16, 6, 13][3, 9, 23, 1, 14, 24][17, 12, 8, 26][19, 18, 0, 22][27, 7, 25, 28][15, 2, 29, 27][4, 7, 20][12, 19][11, 17][13, 18][11, 25][14, 20] 
[3, 9, 23, 1, 14, 24][5, 21, 10, 16, 6, 13][27, 7, 25, 28][15, 2, 29, 27][17, 12, 8, 26][19, 18, 0, 22][4, 7, 20][11, 25][14, 20][11, 17][12, 19][13, 18] 
[3, 9, 23, 1, 14, 24][5, 21, 10, 16, 6, 13][27, 7, 25, 28][15, 2, 29, 27][17, 12, 8, 26][19, 18, 0, 22][4, 7, 20][14, 20][11, 25][11, 17][12, 19][13, 18] 
[5, 21, 10, 16, 6, 13][3, 9, 23, 1, 14, 24][17, 12, 8, 26][19, 18, 0, 22][27, 7, 25, 28][15, 2, 29, 27][4, 7, 20][11, 17][12, 19][11, 25][13, 18][14, 20] 
[5, 21, 10, 16, 6, 13][3, 9, 23, 1, 14, 24][17, 12, 8, 26][19, 18, 0, 22][27, 7, 25, 28][15, 2, 29, 27][4, 7, 20][11, 17][12, 19][11, 25][13, 18][14, 20] 
[5, 21, 10, 16, 6, 13][3, 9, 23, 1, 14, 24][17, 12, 8, 26][19, 18, 0, 22][27, 7, 25, 28][15, 2, 29, 27][4, 7, 20][11, 17][12, 19][11, 25][13, 18][14, 20] 
[3, 9, 23, 1, 14, 24][5, 21, 10, 16, 6, 13][27, 7, 25, 28][15, 2, 29, 27][17, 12, 8, 26][19, 18, 0, 22][4, 7, 20][14, 20][11, 25][11, 17][12, 19][13, 18] 
[5, 21, 10, 16, 6, 13][3, 9, 23, 1, 14, 24][19, 18, 0, 22][17, 12, 8, 26][27, 7, 25, 28][15, 2, 29, 27][4, 7, 20][13, 18][12, 19][11, 17][11, 25][14, 20] 
[3, 9, 23, 1, 14, 24][5, 21, 10, 16, 6, 13][27, 7, 25, 28][15, 2, 29, 27][17, 12, 8, 26][19, 18, 0, 22][4, 7, 20][14, 20][11, 25][11, 17][12, 19][13, 18] 
[3, 9, 23, 1, 14, 24][5, 21, 10, 16, 6, 13][15, 2, 29, 27][27, 7, 25, 28][17, 12, 8, 26][19, 18, 0, 22][4, 7, 20][11, 25][14, 20][11, 17][12, 19][13, 18] 
[5, 21, 10, 16, 6, 13][3, 9, 23, 1, 14, 24][19, 18, 0, 22][17, 12, 8, 26][27, 7, 25, 28][15, 2, 29, 27][4, 7, 20][13, 18][12, 19][11, 17][11, 25][14, 20] 
[3, 9, 23, 1, 14, 24][5, 21, 10, 16, 6, 13][15, 2, 29, 27][27, 7, 25, 28][17, 12, 8, 26][19, 18, 0, 22][4, 7, 20][11, 25][14, 20][11, 17][12, 19][13, 18] 
[3, 9, 23, 1, 14, 24][5, 21, 10, 16, 6, 13][27, 7, 25, 28][15, 2, 29, 27][17, 12, 8, 26][19, 18, 0, 22][4, 7, 20][11, 25][14, 20][11, 17][12, 19][13, 18] 
[14, 1, 3, 9, 23, 24, 20][5, 21, 10, 16, 6, 13][19, 18, 0, 22][17, 12, 8, 26][27, 7, 25, 28][15, 2, 29, 27][13, 18][12, 19][11, 17][11, 25][4, 7][4, 24] 
[14, 1, 3, 9, 23, 24, 20][5, 21, 10, 16, 6, 13][17, 12, 8, 26][19, 18, 0, 22][27, 7, 25, 28][15, 2, 29, 27][11, 17][12, 19][11, 25][13, 18][4, 7][4, 24] 
[14, 1, 3, 9, 23, 24, 20][5, 21, 10, 16, 6, 13][19, 18, 0, 22][17, 12, 8, 26][27, 7, 25, 28][15, 2, 29, 27][13, 18][12, 19][11, 17][11, 25][4, 7][4, 24] 
[14, 1, 3, 9, 23, 24, 20][5, 21, 10, 16, 6, 13][19, 18, 0, 22][17, 12, 8, 26][27, 7, 25, 28][15, 2, 29, 27][13, 18][12, 19][11, 17][11, 25][4, 7][4, 24] 
[14, 1, 3, 9, 23, 24, 20][5, 21, 10, 16, 6, 13][27, 7, 25, 28][15, 2, 29, 27][17, 12, 8, 26][19, 18, 0, 22][11, 25][11, 17][4, 7][12, 19][4, 24][13, 18] 
[14, 1, 3, 9, 23, 24, 20][5, 21, 10, 16, 6, 13][27, 7, 25, 28][15, 2, 29, 27][17, 12, 8, 26][19, 18, 0, 22][4, 7][11, 25][4, 24][11, 17][0, 26][13, 18] 
[3, 9, 23, 1, 14, 24][5, 21, 10, 16, 6, 13][15, 2, 29, 27][27, 7, 25, 28][17, 12, 8, 26][19, 18, 0, 22][4, 7, 20][11, 25][14, 20][11, 17][12, 19][13, 18] 
[3, 9, 23, 1, 14, 24][5, 21, 10, 16, 6, 13][27, 7, 25, 28][15, 2, 29, 27][17, 12, 8, 26][19, 18, 0, 22][4, 7, 20][14, 20][11, 25][11, 17][12, 19][13, 18] 
[5, 21, 10, 16, 6, 13][3, 9, 23, 1, 14, 24][19, 18, 0, 22][17, 12, 8, 26][27, 7, 25, 28][15, 2, 29, 27][4, 7, 20][13, 18][12, 19][11, 17][11, 25][14, 20] 
[5, 21, 10, 16, 6, 13][3, 9, 23, 1, 14, 24][17, 12, 8, 26][19, 18, 0, 22][27, 7, 25, 28][15, 2, 29, 27][4, 7, 20][11, 17][12, 19][11, 25][13, 18][14, 20] 
[3, 9, 23, 1, 14, 24][5, 21, 10, 16, 6, 13][15, 2, 29, 27][27, 7, 25, 28][17, 12, 8, 26][19, 18, 0, 22][4, 7, 20][14, 20][11, 25][11, 17][12, 19][13, 18] 
[14, 1, 3, 9, 23, 24][5, 21, 10, 16, 6, 13][27, 7, 25, 28][15, 2, 29, 27][17, 12, 8, 26][19, 18, 0, 22][7, 4, 20][4, 24][11, 25][11, 17][12, 19][13, 18] 
[3, 9, 23, 1, 14, 24][5, 21, 10, 16, 6, 13][15, 2, 29, 27][27, 7, 25, 28][17, 12, 8, 26][19, 18, 0, 22][4, 7, 20][14, 20][11, 25][11, 17][12, 19][13, 18] 
[14, 1, 3, 9, 23, 24, 20][5, 21, 10, 16, 6, 13][27, 7, 25, 28][15, 2, 29, 27][17, 12, 8, 26][19, 18, 0, 22][4, 7][4, 24][11, 25][11, 17][12, 19][13, 18] 
[14, 1, 3, 9, 23, 24, 20][5, 21, 10, 16, 6, 13][19, 18, 0, 22][17, 12, 8, 26][27, 7, 25, 28][15, 2, 29, 27][13, 18][12, 19][11, 17][11, 25][4, 7][4, 24] 
[14, 1, 3, 9, 23, 24, 20][5, 21, 10, 16, 6, 13][27, 7, 25, 28][15, 2, 29, 27][17, 12, 8, 26][19, 18, 0, 22][4, 24][4, 7][11, 25][11, 17][12, 19][13, 18] 
[14, 1, 3, 9, 23, 24, 20][5, 21, 10, 16, 6, 13][19, 18, 0, 22][17, 12, 8, 26][27, 7, 25, 28][15, 2, 29, 27][13, 18][12, 19][11, 17][11, 25][4, 7][4, 24] 
[14, 1, 3, 9, 23, 24, 20][5, 21, 10, 16, 6, 13][19, 18, 0, 22][17, 12, 8, 26][27, 7, 25, 28][15, 2, 29, 27][12, 19][13, 18][11, 17][11, 25][4, 7][4, 24] 
[14, 1, 3, 9, 23, 24, 20][5, 21, 10, 16, 6, 13][27, 7, 25, 28][15, 2, 29, 27][17, 12, 8, 26][19, 18, 0, 22][11, 25][4, 7][11, 17][12, 19][13, 18][4, 24] 
[14, 1, 3, 9, 23, 24, 20][5, 21, 10, 16, 6, 13][19, 18, 0, 22][17, 12, 8, 26][27, 7, 25, 28][15, 2, 29, 27][13, 18][12, 19][11, 17][11, 25][4, 7][4, 24] 
[14, 1, 3, 9, 23, 24, 20][5, 21, 10, 16, 6, 13][17, 12, 8, 26][19, 18, 0, 22][27, 7, 25, 28][15, 2, 29, 27][11, 17][12, 19][11, 25][13, 18][4, 7][4, 24] 
[14, 1, 3, 9, 23, 24, 20][5, 21, 10, 16, 6, 13][19, 18, 0, 22][17, 12, 8, 26][27, 7, 25, 28][15, 2, 29, 27][13, 18][12, 19][11, 17][11, 25][4, 7][4, 24] 
[14, 1, 3, 9, 23, 24, 20][5, 21, 10, 16, 6, 13][27, 7, 25, 28][15, 2, 29, 27][17, 12, 8, 26][19, 18, 0, 22][11, 25][11, 17][4, 7][12, 19][4, 24][13, 18] 
[14, 1, 3, 9, 23, 24, 20][5, 21, 10, 16, 6, 13][19, 18, 0, 22][17, 12, 8, 26][27, 7, 25, 28][15, 2, 29, 27][13, 18][12, 19][11, 17][11, 25][4, 7][4, 24] 
[14, 1, 3, 9, 23, 24, 20][5, 21, 10, 16, 6, 13][15, 2, 29, 27][27, 7, 25, 28][17, 12, 8, 26][19, 18, 0, 22][11, 25][4, 7][4, 24][11, 17][12, 19][13, 18] 
[14, 1, 3, 9, 23, 24, 20][5, 21, 10, 16, 6, 13][27, 7, 25, 28][15, 2, 29, 27][17, 12, 8, 26][19, 18, 0, 22][4, 24][4, 7][11, 25][11, 17][12, 19][13, 18] 
[14, 1, 3, 9, 23, 24, 20][5, 21, 10, 16, 6, 13][27, 7, 25, 28][15, 2, 29, 27][17, 12, 8, 26][19, 18, 0, 22][4, 24][4, 7][11, 25][11, 17][12, 19][13, 18] 
[14, 1, 3, 9, 23, 24, 20][5, 21, 10, 16, 6, 13][27, 7, 25, 28][15, 2, 29, 27][17, 12, 8, 26][19, 18, 0, 22][11, 25][4, 7][11, 17][12, 19][13, 18][4, 24] 
[3, 9, 23, 1, 14, 24, 4, 20][5, 21, 10, 16, 6, 13][19, 18, 0, 22][17, 12, 8, 26][27, 7, 25, 28][15, 2, 29, 27][12, 19][11, 17][13, 18][11, 25][4, 7][4, 24] 
[3, 9, 23, 1, 14, 24, 4, 20][5, 21, 10, 16, 6, 13][27, 7, 25, 28][15, 2, 29, 27][17, 12, 8, 26][19, 18, 0, 22][11, 25][4, 7][4, 24][11, 17][12, 19][13, 18] 
[14, 1, 3, 9, 23, 24, 20][5, 21, 10, 16, 6, 13][19, 18, 0, 22][17, 12, 8, 26][27, 7, 25, 28][15, 2, 29, 27][17, 11, 25][12, 19][13, 18][11, 25][4, 7][4, 24] 
[14, 1, 3, 9, 23, 24, 20][5, 21, 10, 16, 6, 13][17, 12, 8, 26][19, 18, 0, 22][27, 7, 25, 28][15, 2, 29, 27][17, 11, 25][12, 19][11, 25][13, 18][4, 7][4, 24] 
[3, 9, 23, 1, 14, 24, 4, 20][5, 21, 10, 16, 6, 13][27, 7, 25, 28][15, 2, 29, 27][17, 12, 8, 26][19, 18, 0, 22][11, 25][4, 7][4, 24][11, 17][12, 19][13, 18] 
[3, 9, 23, 1, 14, 24, 4, 20][5, 21, 10, 16, 6, 13][19, 18, 0, 22][17, 12, 8, 26][27, 7, 25, 28][15, 2, 29, 27][13, 18][0, 26][11, 17][11, 25][4, 7][4, 24] 
[14, 1, 3, 9, 23, 24][5, 21, 10, 16, 6, 13][27, 7, 25, 28][15, 2, 29, 27][17, 12, 8, 26][19, 18, 0, 22][4, 7, 20][11, 25][4, 24][11, 17][12, 19][13, 18] 
[14, 1, 3, 9, 23, 24][5, 21, 10, 16, 6, 13][27, 7, 25, 28][15, 2, 29, 27][17, 12, 8, 26][19, 18, 0, 22][4, 7, 20][4, 24][11, 25][11, 17][12, 19][13, 18] 
[14, 1, 3, 9, 23, 24][5, 21, 10, 16, 6, 13][27, 7, 25, 28][15, 2, 29, 27][17, 12, 8, 26][19, 18, 0, 22][4, 7, 20][4, 24][11, 25][11, 17][12, 19][13, 18] 
[14, 1, 3, 9, 23, 24][5, 21, 10, 16, 6, 13][27, 7, 25, 28][15, 2, 29, 27][17, 12, 8, 26][19, 18, 0, 22][4, 7, 20][11, 25][4, 24][11, 17][12, 19][13, 18] 
[14, 1, 3, 9, 23, 24][5, 21, 10, 16, 6, 13][27, 7, 25, 28][15, 2, 29, 27][17, 12, 8, 26][19, 18, 0, 22][4, 7, 20][4, 24][11, 25][11, 17][12, 19][13, 18] 
[14, 1, 3, 9, 23, 24, 20][5, 21, 10, 16, 6, 13][17, 12, 8, 26][19, 18, 0, 22][27, 7, 25, 28][15, 2, 29, 27][11, 17][12, 19][11, 25][4, 7][13, 18][4, 24] 
[14, 1, 3, 9, 23, 24][5, 21, 10, 16, 6, 13][27, 7, 25, 28][15, 2, 29, 27][17, 12, 8, 26][19, 18, 0, 22][4, 7, 20][4, 24][11, 25][11, 17][12, 19][13, 18] 
