[4, 3, 1, 23, 9, 14][13, 0, 22, 12, 18][21, 10, 7, 20, 24][17, 19, 8, 26][6, 5, 15, 27][0, 28, 16][16, 2, 29][11, 25, 28][3, 11][12, 19][16, 27][5, 21] 
[4, 3, 1, 23, 9, 14][13, 0, 22, 12, 18][21, 10, 7, 20, 24][6, 5, 15, 27][17, 19, 8, 26][0, 28, 16][11, 25, 28][2, 29, 27][3, 11][16, 27][10, 15][12, 19] 
[4, 3, 1, 23, 9, 14][13, 0, 22, 12, 18][21, 10, 7, 20, 24][6, 5, 15, 27][17, 19, 8, 26][2, 29, 27][0, 28, 16][11, 25, 28][16, 27][3, 11][10, 15][12, 19] 
[4, 3, 1, 23, 9, 14][15, 10, 7, 20, 24][13, 0, 22, 12, 18][6, 5, 15, 27][17, 19, 8, 26][2, 29, 27][0, 28, 16][11, 25, 28][16, 27][5, 21][3, 11][12, 19] 
[4, 3, 1, 23, 9, 14][13, 0, 22, 12, 18][21, 10, 7, 20, 24][6, 5, 15, 27][17, 19, 8, 26][0, 28, 16][11, 25, 28][16, 2, 29][11, 3, 23][16, 27][10, 15][12, 19] 
[4, 3, 1, 23, 9, 14][13, 0, 22, 12, 18][21, 10, 7, 20, 24][17, 19, 8, 26][6, 5, 15, 27][11, 25, 28][0, 28, 16][16, 2, 29][3, 11][12, 19][16, 27][10, 15] 
[4, 3, 1, 23, 9, 14][13, 0, 22, 12, 18][21, 10, 7, 20, 24][17, 19, 8, 26][6, 5, 15, 27][0, 28, 16][11, 25, 28][16, 2, 29][12, 19][3, 11][16, 27][10, 15] 
[4, 3, 1, 23, 9, 14][13, 0, 22, 12, 18][21, 10, 7, 20, 24][17, 19, 8, 26][6, 5, 15, 27][0, 28, 16][11, 25, 28][16, 2, 29][12, 19][3, 11][16, 27][10, 15] 
[4, 3, 1, 23, 9, 14][13, 0, 22, 12, 18][21, 10, 7, 20, 24][17, 19, 8, 26][6, 5, 15, 27][0, 28, 16][11, 25, 28][16, 2, 29][12, 19][3, 11][16, 27][10, 15] 
[4, 3, 1, 23, 9, 14][13, 0, 22, 12, 18][21, 10, 7, 20, 24][17, 19, 8, 26][6, 5, 15, 27][11, 25, 28][0, 28, 16][16, 2, 29][3, 11][12, 19][16, 27][10, 15] 
[4, 3, 1, 23, 9, 14][13, 0, 22, 12, 18][21, 10, 7, 20, 24][6, 5, 15, 27][17, 19, 8, 26][0, 28, 16][11, 25, 28][16, 2, 29][16, 27][5, 21][12, 19][3, 11] 
[4, 3, 1, 23, 9, 14][13, 0, 22, 12, 18][21, 10, 7, 20, 24][6, 5, 15, 27][17, 19, 8, 26][2, 29, 27][0, 28, 16][11, 25, 28][16, 27][3, 11][10, 15][12, 19] 
[4, 3, 1, 23, 9, 14][21, 10, 7, 20, 24][13, 0, 22, 12, 18][6, 5, 15, 27][17, 19, 8, 26][2, 29, 27][0, 28, 16][11, 25, 28][10, 15][16, 27][12, 19][3, 11] 
[4, 3, 1, 23, 9, 14][21, 10, 7, 20, 24][13, 0, 22, 12, 18][6, 5, 15, 27][17, 19, 8, 26][0, 28, 16][11, 25, 28][16, 2, 29][11, 3, 23][10, 15][16, 27][12, 19] 
[4, 3, 1, 23, 9, 14][13, 0, 22, 12, 18][21, 10, 7, 20, 24][6, 5, 15, 27][17, 19, 8, 26][0, 28, 16][11, 25, 28][16, 2, 29][16, 27][3, 11][10, 15][12, 19] 
[4, 3, 1, 23, 9, 14][13, 0, 22, 12, 18][21, 10, 7, 20, 24][6, 5, 15, 27][17, 19, 8, 26][0, 28, 16][11, 25, 28][16, 2, 29][16, 27][3, 11][10, 15][12, 19] 
[4, 3, 1, 23, 9, 14][21, 10, 7, 20, 24][13, 0, 22, 12, 18][6, 5, 15, 27][17, 19, 8, 26][16, 2, 29][0, 28, 16][11, 25, 28][5, 21][16, 27][12, 19][3, 11] 
[4, 3, 1, 23, 9, 14][21, 10, 7, 20, 24][13, 0, 22, 12, 18][6, 5, 15, 27][17, 19, 8, 26][2, 29, 27][0, 28, 16][11, 25, 28][10, 15][16, 27][12, 19][3, 11] 
[4, 3, 1, 23, 9, 14][13, 0, 22, 12, 18][21, 10, 7, 20, 24][17, 19, 8, 26][6, 5, 15, 27][16, 2, 29][0, 28, 16][11, 25, 28][11, 3, 23][12, 19][16, 27][10, 15] 
[4, 3, 1, 23, 9, 14][13, 0, 22, 12, 18][21, 10, 7, 20, 24][17, 19, 8, 26][6, 5, 15, 27][0, 28, 16][11, 25, 28][16, 2, 29][12, 19][3, 11][16, 27][5, 21] 
[4, 3, 1, 23, 9, 14][21, 10, 7, 20, 24][13, 0, 22, 12, 18][6, 5, 15, 27][17, 19, 8, 26][0, 28, 16][16, 2, 29][11, 25, 28][5, 21][16, 27][3, 11][12, 19] 
[4, 3, 1, 23, 9, 14][13, 0, 22, 12, 18][21, 10, 7, 20, 24][6, 5, 15, 27][17, 19, 8, 26][0, 28, 16][11, 25, 28][2, 29, 27][3, 11][16, 27][10, 15][12, 19] 
[4, 3, 1, 23, 9, 14][13, 0, 22, 12, 18][21, 10, 7, 20, 24][6, 5, 15, 27][17, 19, 8, 26][11, 25, 28][0, 28, 16][2, 29, 27][3, 11][16, 27][10, 15][12, 19] 
[4, 3, 1, 23, 9, 14][13, 0, 22, 12, 18][21, 10, 7, 20, 24][6, 5, 15, 27][17, 19, 8, 26][0, 28, 16][11, 25, 28][16, 2, 29][11, 3, 23][16, 27][10, 15][12, 19] 
[4, 3, 1, 23, 9, 14][13, 0, 22, 12, 18][21, 10, 7, 20, 24][6, 5, 15, 27][17, 19, 8, 26][0, 28, 16][11, 25, 28][16, 2, 29][3, 11][16, 27][12, 19][10, 15] 
[4, 3, 1, 23, 9, 14][21, 10, 7, 20, 24][13, 0, 22, 12, 18][6, 5, 15, 27][17, 19, 8, 26][0, 28, 16][16, 2, 29][11, 25, 28][10, 15][16, 27][3, 11][12, 19] 
[4, 3, 1, 23, 9, 14][13, 0, 22, 12, 18][21, 10, 7, 20, 24][6, 5, 15, 27][17, 19, 8, 26][16, 2, 29][0, 28, 16][11, 25, 28][16, 27][12, 19][3, 11][5, 21] 
[4, 3, 1, 23, 9, 14][13, 0, 22, 12, 18][21, 10, 7, 20, 24][17, 19, 8, 26][6, 5, 15, 27][0, 28, 16][11, 25, 28][2, 29, 27][12, 19][3, 11][16, 27][10, 15] 
[4, 3, 1, 23, 9, 14][13, 0, 22, 12, 18][21, 10, 7, 20, 24][17, 19, 8, 26][6, 5, 15, 27][16, 2, 29][0, 28, 16][11, 25, 28][11, 3, 23][12, 19][16, 27][10, 15] 
[4, 3, 1, 23, 9, 14][13, 0, 22, 12, 18][21, 10, 7, 20, 24][6, 5, 15, 27][17, 19, 8, 26][0, 28, 16][11, 25, 28][16, 2, 29][16, 27][5, 21][12, 19][3, 11] 
[4, 3, 1, 23, 9, 14][13, 0, 22, 12, 18][21, 10, 7, 20, 24][6, 5, 15, 27][17, 19, 8, 26][16, 2, 29][0, 28, 16][11, 25, 28][16, 27][12, 19][3, 11][5, 21] 
[4, 3, 1, 23, 9, 14][13, 0, 22, 12, 18][21, 10, 7, 20, 24][6, 5, 15, 27][17, 19, 8, 26][0, 28, 16][11, 25, 28][2, 29, 27][3, 11][16, 27][10, 15][12, 19] 
[4, 3, 1, 23, 9, 14][21, 10, 7, 20, 24][13, 0, 22, 12, 18][6, 5, 15, 27][17, 19, 8, 26][0, 28, 16][11, 25, 28][16, 2, 29][11, 3, 23][10, 15][16, 27][12, 19] 
[4, 3, 1, 23, 9, 14][21, 10, 7, 20, 24][13, 0, 22, 12, 18][6, 5, 15, 27][17, 19, 8, 26][16, 2, 29][0, 28, 16][11, 25, 28][5, 21][16, 27][12, 19][3, 11] 
[4, 3, 1, 23, 9, 14][21, 10, 7, 20, 24][13, 0, 22, 12, 18][6, 5, 15, 27][17, 19, 8, 26][16, 2, 29][0, 28, 16][11, 25, 28][5, 21][16, 27][12, 19][3, 11] 
[10, 7, 16, 6, 13, 18, 22, 12, 19, 8, 26, 0, 25, 28][11, 25, 7, 4, 24, 3, 1, 9, 14, 20][6, 5, 15, 27][16, 2, 29][5, 21][1, 23][17, 19][8, 26][12, 19][8, 26][8, 26][8, 26] 
[10, 7, 16, 6, 13, 18, 22, 12, 19, 8, 26, 0, 25, 28][11, 25, 7, 4, 24, 3, 1, 9, 14, 20][6, 5, 15, 27][16, 2, 29][5, 21][1, 23][17, 19][8, 26][12, 19][8, 26][8, 26][8, 26] 
[10, 7, 16, 6, 13, 18, 22, 12, 19, 8, 26, 0, 25, 28][11, 25, 7, 4, 24, 3, 1, 9, 14, 20][6, 5, 15, 27][16, 2, 29][5, 21][1, 23][17, 19][8, 26][12, 19][8, 26][8, 26][8, 26] 
[7, 16, 6, 13, 18, 22, 12, 19, 8, 26, 0, 25, 28][7, 4, 24, 3, 1, 9, 14, 20][5, 21, 15, 29, 10, 2, 27][17, 19][0, 25][1, 23][2, 16][6, 13][6, 13][4, 24][8, 26][11, 25] 
[7, 16, 6, 13, 18, 22, 12, 19, 8, 26, 0, 25, 28][7, 4, 24, 3, 1, 9, 14, 20][5, 21, 15, 29, 10, 2, 27][17, 19][0, 25][1, 23][2, 16][6, 13][6, 13][4, 24][8, 26][11, 25] 
[11, 25, 7, 4, 24, 3, 1, 9, 14, 20][2, 10, 29, 15, 21, 5, 6, 13, 18, 12][22, 12, 19, 8, 26, 0, 25][17, 19][2, 16][5, 6][2, 27][3, 23][6, 13][4, 7][25, 28][6, 13] 
[10, 7, 16, 6, 13, 18, 22, 12, 19, 8, 26, 0, 25, 28][11, 25, 7, 4, 24, 3, 1, 9, 14, 20][6, 5, 15, 27][16, 2, 29][5, 21][1, 23][17, 19][8, 26][12, 19][8, 26][8, 26][8, 26] 
[10, 7, 16, 6, 13, 18, 22, 12, 19, 8, 26, 0, 25, 28][11, 25, 7, 4, 24, 3, 1, 9, 14, 20][6, 5, 15, 27][16, 2, 29][5, 21][1, 23][17, 19][8, 26][12, 19][8, 26][8, 26][8, 26] 
[7, 16, 6, 13, 18, 22, 12, 19, 8, 26, 0, 25, 28][7, 4, 24, 3, 1, 9, 14, 20][5, 21, 15, 29, 10, 2, 27][17, 19][0, 25][1, 23][2, 16][6, 13][6, 13][4, 24][8, 26][11, 25] 
[10, 7, 16, 6, 13, 18, 22, 12, 19, 8, 26, 0, 25, 28][11, 25, 7, 4, 24, 3, 1, 9, 14, 20][6, 5, 15, 27][16, 2, 29][5, 21][1, 23][17, 19][8, 26][12, 19][8, 26][8, 26][8, 26] 
[10, 7, 16, 6, 13, 18, 22, 12, 19, 8, 26, 0, 25, 28][11, 25, 7, 4, 24, 3, 1, 9, 14, 20][6, 5, 15, 27][16, 2, 29][5, 21][1, 23][17, 19][8, 26][12, 19][8, 26][8, 26][8, 26] 
[10, 7, 16, 6, 13, 18, 22, 12, 19, 8, 26, 0, 25, 28][11, 25, 7, 4, 24, 3, 1, 9, 14, 20][6, 5, 15, 27][16, 2, 29][5, 21][1, 23][17, 19][8, 26][12, 19][8, 26][8, 26][8, 26] 
[7, 16, 6, 13, 18, 22, 12, 19, 8, 26, 0, 25, 28][7, 4, 24, 3, 1, 9, 14, 20][5, 21, 15, 29, 10, 2, 27][17, 19][0, 25][1, 23][2, 16][6, 13][6, 13][4, 24][8, 26][11, 25] 
[10, 7, 16, 6, 13, 18, 22, 12, 19, 8, 26, 0, 25, 28][11, 25, 7, 4, 24, 3, 1, 9, 14, 20][6, 5, 15, 27][16, 2, 29][5, 21][1, 23][17, 19][8, 26][12, 19][8, 26][8, 26][8, 26] 
[10, 7, 16, 6, 13, 18, 22, 12, 19, 8, 26, 0, 25, 28][11, 25, 7, 4, 24, 3, 1, 9, 14, 20][6, 5, 15, 27][16, 2, 29][5, 21][1, 23][17, 19][8, 26][12, 19][8, 26][8, 26][8, 26] 
[10, 7, 16, 6, 13, 18, 22, 12, 19, 8, 26, 0, 25, 28][11, 25, 7, 4, 24, 3, 1, 9, 14, 20][6, 5, 15, 27][16, 2, 29][5, 21][1, 23][17, 19][8, 26][12, 19][8, 26][8, 26][8, 26] 
[28, 25, 0, 26, 8, 19, 12, 22, 18, 13, 6, 16, 7, 10, 29][1, 23, 20, 7, 4, 14, 3, 11, 17, 12, 0, 26, 8, 19, 22][19, 17, 11, 25, 7, 4, 24, 3, 1, 9, 14, 20, 23][6, 5, 15, 27][16, 2, 29][5, 21][17, 19][8, 26][12, 19][8, 26][8, 26][8, 26] 
[16, 6, 13, 18, 22, 12, 19, 8, 26, 0, 25, 28][11, 25, 7, 4, 24, 3, 1, 9, 14, 20][2, 10, 29, 15, 21, 5, 6][1, 23][2, 27][17, 19][2, 27][5, 21][8, 26][8, 26][8, 26][5, 21] 
[10, 7, 16, 6, 13, 18, 22, 12, 19, 8, 26, 0, 25, 28][11, 25, 7, 4, 24, 3, 1, 9, 14, 20][6, 5, 15, 27][16, 2, 29][5, 21][1, 23][17, 19][8, 26][12, 19][8, 26][8, 26][8, 26] 
[10, 7, 16, 6, 13, 18, 22, 12, 19, 8, 26, 0, 25, 28][11, 25, 7, 4, 24, 3, 1, 9, 14, 20][6, 5, 15, 27][16, 2, 29][5, 21][1, 23][17, 19][8, 26][12, 19][8, 26][8, 26][8, 26] 
[10, 7, 16, 6, 13, 18, 22, 12, 19, 8, 26, 0, 25, 28][11, 25, 7, 4, 24, 3, 1, 9, 14, 20][6, 5, 15, 27][16, 2, 29][5, 21][1, 23][17, 19][8, 26][12, 19][8, 26][8, 26][8, 26] 
[4, 3, 1, 23, 9, 14][13, 0, 22, 12, 18][21, 10, 7, 20, 24][17, 19, 8, 26][6, 5, 15, 27][11, 25, 28][0, 28, 16][16, 2, 29][3, 11][12, 19][16, 27][10, 15] 
[4, 3, 1, 23, 9, 14][13, 0, 22, 12, 18][21, 10, 7, 20, 24][17, 19, 8, 26][6, 5, 15, 27][11, 25, 28][0, 28, 16][16, 2, 29][3, 11][12, 19][16, 27][10, 15] 
[4, 3, 1, 23, 9, 14][13, 0, 22, 12, 18][21, 10, 7, 20, 24][6, 5, 15, 27][17, 19, 8, 26][11, 25, 28][0, 28, 16][16, 2, 29][3, 11][16, 27][12, 19][10, 15] 
[4, 3, 1, 23, 9, 14][13, 0, 22, 12, 18][21, 10, 7, 20, 24][17, 19, 8, 26][6, 5, 15, 27][11, 25, 28][0, 28, 16][16, 2, 29][3, 11][12, 19][16, 27][10, 15] 
[4, 3, 1, 23, 9, 14][13, 0, 22, 12, 18][21, 10, 7, 20, 24][17, 19, 8, 26][6, 5, 15, 27][0, 28, 16][11, 25, 28][16, 2, 29][12, 19][3, 11][16, 27][10, 15] 
[4, 3, 1, 23, 9, 14][13, 0, 22, 12, 18][21, 10, 7, 20, 24][17, 19, 8, 26][6, 5, 15, 27][0, 28, 16][11, 25, 28][16, 2, 29][12, 19][3, 11][16, 27][10, 15] 
[4, 3, 1, 23, 9, 14][13, 0, 22, 12, 18][21, 10, 7, 20, 24][17, 19, 8, 26][6, 5, 15, 27][11, 25, 28][0, 28, 16][16, 2, 29][3, 11][12, 19][16, 27][10, 15] 
[4, 3, 1, 23, 9, 14][13, 0, 22, 12, 18][21, 10, 7, 20, 24][17, 19, 8, 26][6, 5, 15, 27][16, 2, 29][0, 28, 16][11, 25, 28][12, 19][16, 27][10, 15][3, 11] 
[4, 3, 1, 23, 9, 14][21, 10, 7, 20, 24][13, 0, 22, 12, 18][6, 5, 15, 27][17, 19, 8, 26][16, 2, 29][0, 28, 16][11, 25, 28][10, 15][16, 27][3, 11][12, 19] 
[4, 3, 1, 23, 9, 14][13, 0, 22, 12, 18][21, 10, 7, 20, 24][6, 5, 15, 27][17, 19, 8, 26][11, 25, 28][0, 28, 16][16, 2, 29][3, 11][16, 27][10, 15][12, 19] 
[4, 3, 1, 23, 9, 14][13, 0, 22, 12, 18][21, 10, 7, 20, 24][6, 5, 15, 27][17, 19, 8, 26][11, 25, 28][0, 28, 16][16, 2, 29][3, 11][16, 27][12, 19][10, 15] 
[4, 3, 1, 23, 9, 14][13, 0, 22, 12, 18][21, 10, 7, 20, 24][6, 5, 15, 27][17, 19, 8, 26][11, 25, 28][0, 28, 16][16, 2, 29][3, 11][16, 27][12, 19][10, 15] 
[4, 3, 1, 23, 9, 14][21, 10, 7, 20, 24][13, 0, 22, 12, 18][6, 5, 15, 27][17, 19, 8, 26][16, 2, 29][0, 28, 16][11, 25, 28][10, 15][16, 27][12, 19][3, 11] 
[4, 3, 1, 23, 9, 14][21, 10, 7, 20, 24][13, 0, 22, 12, 18][6, 5, 15, 27][17, 19, 8, 26][0, 28, 16][16, 2, 29][11, 25, 28][10, 15][16, 27][3, 11][12, 19] 
[4, 3, 1, 23, 9, 14][13, 0, 22, 12, 18][21, 10, 7, 20, 24][6, 5, 15, 27][17, 19, 8, 26][11, 25, 28][0, 28, 16][16, 2, 29][3, 11][16, 27][12, 19][10, 15] 
[4, 3, 1, 23, 9, 14][13, 0, 22, 12, 18][21, 10, 7, 20, 24][6, 5, 15, 27][17, 19, 8, 26][11, 25, 28][0, 28, 16][16, 2, 29][3, 11][16, 27][12, 19][5, 21] 
[4, 3, 1, 23, 9, 14][21, 10, 7, 20, 24][13, 0, 22, 12, 18][6, 5, 15, 27][17, 19, 8, 26][16, 2, 29][0, 28, 16][11, 25, 28][5, 21][16, 27][12, 19][3, 11] 
[4, 3, 1, 23, 9, 14][21, 10, 7, 20, 24][13, 0, 22, 12, 18][6, 5, 15, 27][17, 19, 8, 26][16, 2, 29][0, 28, 16][11, 25, 28][5, 21][16, 27][12, 19][3, 11] 
[4, 3, 1, 23, 9, 14][13, 0, 22, 12, 18][21, 10, 7, 20, 24][17, 19, 8, 26][6, 5, 15, 27][0, 28, 16][11, 25, 28][16, 2, 29][12, 19][16, 27][3, 11][5, 21] 
[4, 3, 1, 23, 9, 14][13, 0, 22, 12, 18][21, 10, 7, 20, 24][17, 19, 8, 26][6, 5, 15, 27][0, 28, 16][16, 2, 29][11, 25, 28][12, 19][3, 11][16, 27][5, 21] 
[4, 3, 1, 23, 9, 14][13, 0, 22, 12, 18][21, 10, 7, 20, 24][17, 19, 8, 26][6, 5, 15, 27][0, 28, 16][11, 25, 28][2, 29, 27][12, 19][3, 11][16, 27][10, 15] 
[4, 3, 1, 23, 9, 14][13, 0, 22, 12, 18][21, 10, 7, 20, 24][17, 19, 8, 26][6, 5, 15, 27][11, 25, 28][0, 28, 16][16, 2, 29][3, 11][12, 19][16, 27][10, 15] 
[4, 3, 1, 23, 9, 14][13, 0, 22, 12, 18][21, 10, 7, 20, 24][17, 19, 8, 26][6, 5, 15, 27][16, 2, 29][0, 28, 16][11, 25, 28][12, 19][16, 27][10, 15][3, 11] 
[4, 3, 1, 23, 9, 14][21, 10, 7, 20, 24][13, 0, 22, 12, 18][6, 5, 15, 27][17, 19, 8, 26][16, 2, 29][0, 28, 16][11, 25, 28][10, 15][16, 27][3, 11][12, 19] 
[4, 3, 1, 23, 9, 14][13, 0, 22, 12, 18][21, 10, 7, 20, 24][6, 5, 15, 27][17, 19, 8, 26][11, 25, 28][0, 28, 16][16, 2, 29][3, 11][16, 27][10, 15][12, 19] 
[4, 3, 1, 23, 9, 14][21, 10, 7, 20, 24][13, 0, 22, 12, 18][6, 5, 15, 27][17, 19, 8, 26][0, 28, 16][16, 2, 29][11, 25, 28][10, 15][16, 27][3, 11][12, 19] 
[4, 3, 1, 23, 9, 14][21, 10, 7, 20, 24][13, 0, 22, 12, 18][6, 5, 15, 27][17, 19, 8, 26][0, 28, 16][16, 2, 29][11, 25, 28][10, 15][16, 27][3, 11][12, 19] 
[4, 3, 1, 23, 9, 14][13, 0, 22, 12, 18][21, 10, 7, 20, 24][17, 19, 8, 26][6, 5, 15, 27][11, 25, 28][0, 28, 16][16, 2, 29][3, 11][12, 19][16, 27][10, 15] 
[4, 3, 1, 23, 9, 14][21, 10, 7, 20, 24][13, 0, 22, 12, 18][6, 5, 15, 27][17, 19, 8, 26][16, 2, 29][0, 28, 16][11, 25, 28][5, 21][16, 27][12, 19][3, 11] 
[4, 3, 1, 23, 9, 14][21, 10, 7, 20, 24][13, 0, 22, 12, 18][6, 5, 15, 27][17, 19, 8, 26][16, 2, 29][0, 28, 16][11, 25, 28][5, 21][16, 27][12, 19][3, 11] 
[4, 3, 1, 23, 9, 14][21, 10, 7, 20, 24][13, 0, 22, 12, 18][6, 5, 15, 27][17, 19, 8, 26][16, 2, 29][0, 28, 16][11, 25, 28][5, 21][16, 27][12, 19][3, 11] 
[4, 3, 1, 23, 9, 14][13, 0, 22, 12, 18][21, 10, 7, 20, 24][17, 19, 8, 26][6, 5, 15, 27][11, 25, 28][0, 28, 16][16, 2, 29][3, 11][12, 19][16, 27][5, 21] 
[4, 3, 1, 23, 9, 14][21, 10, 7, 20, 24][13, 0, 22, 12, 18][6, 5, 15, 27][17, 19, 8, 26][16, 2, 29][0, 28, 16][11, 25, 28][5, 21][16, 27][12, 19][3, 11] 
[4, 3, 1, 23, 9, 14][13, 0, 22, 12, 18][21, 10, 7, 20, 24][6, 5, 15, 27][17, 19, 8, 26][0, 28, 16][16, 2, 29][11, 25, 28][16, 27][5, 21][3, 11][12, 19] 
[4, 3, 1, 23, 9, 14][21, 10, 7, 20, 24][13, 0, 22, 12, 18][6, 5, 15, 27][17, 19, 8, 26][0, 28, 16][16, 2, 29][11, 25, 28][5, 21][16, 27][3, 11][12, 19] 
[4, 3, 1, 23, 9, 14][21, 10, 7, 20, 24][13, 0, 22, 12, 18][6, 5, 15, 27][17, 19, 8, 26][16, 2, 29][0, 28, 16][11, 25, 28][5, 21][16, 27][12, 19][3, 11] 
[4, 3, 1, 23, 9, 14][13, 0, 22, 12, 18][21, 10, 7, 20, 24][17, 19, 8, 26][6, 5, 15, 27][0, 28, 16][11, 25, 28][16, 2, 29][12, 19][3, 11][16, 27][5, 21] 
[4, 3, 1, 23, 9, 14][13, 0, 22, 12, 18][21, 10, 7, 20, 24][17, 19, 8, 26][6, 5, 15, 27][0, 28, 16][11, 25, 28][16, 2, 29][12, 19][16, 27][3, 11][5, 21] 
[4, 3, 1, 23, 9, 14][13, 0, 22, 12, 18][21, 10, 7, 20, 24][17, 19, 8, 26][6, 5, 15, 27][11, 25, 28][0, 28, 16][16, 2, 29][12, 19][16, 27][3, 11][5, 21] 
[4, 3, 1, 23, 9, 14][21, 10, 7, 20, 24][13, 0, 22, 12, 18][6, 5, 15, 27][17, 19, 8, 26][16, 2, 29][0, 28, 16][11, 25, 28][5, 21][16, 27][12, 19][3, 11] 
[4, 3, 1, 23, 9, 14][21, 10, 7, 20, 24][13, 0, 22, 12, 18][6, 5, 15, 27][17, 19, 8, 26][0, 28, 16][16, 2, 29][11, 25, 28][5, 21][16, 27][3, 11][12, 19] 
[4, 3, 1, 23, 9, 14][21, 10, 7, 20, 24][13, 0, 22, 12, 18][6, 5, 15, 27][17, 19, 8, 26][0, 28, 16][16, 2, 29][11, 25, 28][5, 21][16, 27][3, 11][12, 19] 
[4, 3, 1, 23, 9, 14][13, 0, 22, 12, 18][21, 10, 7, 20, 24][17, 19, 8, 26][6, 5, 15, 27][11, 25, 28][0, 28, 16][16, 2, 29][12, 19][16, 27][3, 11][5, 21] 
[4, 3, 1, 23, 9, 14][13, 0, 22, 12, 18][20, 24, 7, 10, 21][27, 16, 2, 29][6, 5, 15, 27][17, 19, 8, 26][0, 28, 16][11, 25, 28][3, 11][12, 19][10, 15][7, 10] 
[4, 3, 1, 23, 9, 14][13, 0, 22, 12, 18][21, 10, 7, 20, 24][17, 19, 8, 26][27, 16, 2, 29][6, 5, 15, 27][0, 28, 16][11, 25, 28][12, 19][5, 6][10, 15][3, 11] 
[4, 3, 1, 23, 9, 14][13, 0, 22, 12, 18][20, 24, 7, 10, 21][27, 16, 2, 29][6, 5, 15, 27][17, 19, 8, 26][0, 28, 16][11, 25, 28][12, 19][10, 15][7, 10][3, 11] 
[4, 3, 1, 23, 9, 14][13, 0, 22, 12, 18][20, 24, 7, 10, 21][27, 16, 2, 29][6, 5, 15, 27][17, 19, 8, 26][11, 25, 28][0, 28, 16][3, 11][12, 19][10, 15][7, 10] 
[4, 3, 1, 23, 9, 14][13, 0, 22, 12, 18][20, 24, 7, 10, 21][6, 5, 15, 27][27, 16, 2, 29][17, 19, 8, 26][0, 28, 16][11, 25, 28][12, 19][3, 11][10, 15][7, 10] 
[21, 15, 10, 7, 20, 24][4, 3, 1, 23, 9, 14][13, 0, 22, 12, 18][6, 5, 15, 27][17, 19, 8, 26][0, 28, 16][11, 25, 28][16, 2, 29][7, 10][16, 27][12, 19][3, 11] 
[4, 3, 1, 23, 9, 14][13, 0, 22, 12, 18][21, 10, 7, 20, 24][17, 19, 8, 26][6, 5, 15, 27][11, 25, 28][0, 28, 16][16, 2, 29][3, 11][12, 19][16, 27][10, 15] 
[4, 3, 1, 23, 9, 14][21, 10, 7, 20, 24][13, 0, 22, 12, 18][6, 5, 15, 27][17, 19, 8, 26][0, 28, 16][16, 2, 29][11, 25, 28][10, 15][16, 27][3, 11][12, 19] 
[4, 3, 1, 23, 9, 14][21, 10, 7, 20, 24][13, 0, 22, 12, 18][6, 5, 15, 27][17, 19, 8, 26][16, 2, 29][0, 28, 16][11, 25, 28][10, 15][16, 27][12, 19][3, 11] 
[4, 3, 1, 23, 9, 14][13, 0, 22, 12, 18][21, 10, 7, 20, 24][17, 19, 8, 26][6, 5, 15, 27][11, 25, 28][0, 28, 16][16, 2, 29][3, 11][12, 19][16, 27][10, 15] 
[4, 3, 1, 23, 9, 14][13, 0, 22, 12, 18][21, 10, 7, 20, 24][6, 5, 15, 27][17, 19, 8, 26][0, 28, 16][11, 25, 28][16, 2, 29][3, 11][16, 27][10, 15][12, 19] 
[4, 3, 1, 23, 9, 14][21, 10, 7, 20, 24][13, 0, 22, 12, 18][6, 5, 15, 27][17, 19, 8, 26][16, 2, 29][0, 28, 16][11, 25, 28][5, 21][16, 27][12, 19][3, 11] 
[4, 3, 1, 23, 9, 14][21, 10, 7, 20, 24][13, 0, 22, 12, 18][6, 5, 15, 27][17, 19, 8, 26][0, 28, 16][16, 2, 29][11, 25, 28][10, 15][16, 27][3, 11][12, 19] 
