[9, 3, 1, 23, 20, 7, 24][5, 21, 10, 27, 29, 15][25, 22, 12, 8, 26][4, 14, 11, 17][19, 18, 0, 28][6, 2, 16][17, 19][13, 18][25, 28][6, 13][7, 16][2, 29] 
[20, 23, 9, 1, 3, 24][5, 21, 10, 27, 29, 15][25, 22, 12, 8, 26][4, 14, 11, 17][19, 18, 0, 28][2, 16, 7][6, 13, 18][4, 24][7, 20][17, 19][16, 27][25, 28] 
[20, 23, 9, 1, 3, 24][5, 21, 10, 27, 29, 15][25, 22, 12, 8, 26][4, 14, 11, 17][19, 18, 0, 28][6, 13, 18][2, 16, 7][17, 19][4, 24][25, 28][7, 20][2, 29] 
[20, 23, 9, 1, 3, 24][5, 21, 10, 27, 29, 15][25, 22, 12, 8, 26][4, 14, 11, 17][19, 18, 0, 28][6, 13, 18][2, 16, 7][17, 19][4, 24][25, 28][7, 20][2, 29] 
[20, 23, 9, 1, 3, 24][5, 21, 10, 27, 29, 15][25, 22, 12, 8, 26][4, 14, 11, 17][6, 2, 16, 7][19, 18, 0, 28][4, 24][7, 20][6, 13][2, 29][13, 18][25, 28] 
[5, 21, 10, 27, 29, 15][20, 23, 9, 1, 3, 24][25, 22, 12, 8, 26][19, 18, 0, 28][4, 14, 11, 17][2, 6, 13][2, 16, 7][25, 28][13, 18][2, 29][7, 20][4, 24] 
[20, 23, 9, 1, 3, 24][5, 21, 10, 27, 29, 15][25, 22, 12, 8, 26][4, 14, 11, 17][19, 18, 0, 28][6, 13, 18][2, 16, 7][17, 19][4, 24][25, 28][7, 20][2, 29] 
[20, 23, 9, 1, 3, 24][5, 21, 10, 27, 29, 15][25, 22, 12, 8, 26][6, 2, 16, 7][4, 14, 11, 17][19, 18, 0, 28][7, 20][2, 29][4, 24][6, 13][13, 18][25, 28] 
[5, 21, 10, 27, 29, 15][20, 23, 9, 1, 3, 24][25, 22, 12, 8, 26][19, 18, 0, 28][4, 14, 11, 17][2, 6, 13][2, 16, 7][13, 18][25, 28][2, 29][7, 20][4, 24] 
[5, 21, 10, 27, 29, 15][20, 23, 9, 1, 3, 24][25, 22, 12, 8, 26][19, 18, 0, 28][6, 2, 16, 7][4, 14, 11, 17][13, 18][6, 13][2, 29][7, 20][4, 24][25, 28] 
[9, 3, 1, 23, 20, 7, 24][5, 21, 10, 27, 29, 15][25, 22, 12, 8, 26][19, 18, 0, 28][4, 14, 11, 17][6, 2, 16][25, 28][13, 18][17, 19][6, 13][2, 29][7, 16] 
[20, 23, 9, 1, 3, 24][5, 21, 10, 27, 29, 15][25, 22, 12, 8, 26][4, 14, 11, 17][19, 18, 0, 28][2, 16, 7][6, 13, 18][4, 24][7, 20][17, 19][16, 27][25, 28] 
[20, 23, 9, 1, 3, 24][5, 21, 10, 27, 29, 15][25, 22, 12, 8, 26][4, 14, 11, 17][19, 18, 0, 28][6, 13, 18][2, 16, 7][17, 19][4, 24][25, 28][7, 20][2, 29] 
[20, 23, 9, 1, 3, 24][5, 21, 10, 27, 29, 15][25, 22, 12, 8, 26][19, 18, 0, 28][6, 2, 16, 7][4, 14, 11, 17][13, 18][6, 13][7, 20][2, 29][4, 24][25, 28] 
[5, 21, 10, 27, 29, 15][20, 23, 9, 1, 3, 24][25, 22, 12, 8, 26][19, 18, 0, 28][4, 14, 11, 17][2, 16, 7][2, 6, 13][2, 29][7, 20][13, 18][4, 24][25, 28] 
[20, 23, 9, 1, 3, 24][5, 21, 10, 27, 29, 15][25, 22, 12, 8, 26][6, 2, 16, 7][4, 14, 11, 17][19, 18, 0, 28][7, 20][2, 29][4, 24][6, 13][13, 18][25, 28] 
[9, 3, 1, 23, 20, 7, 24][5, 21, 10, 27, 29, 15][25, 22, 12, 8, 26][19, 18, 0, 28][4, 14, 11, 17][6, 2, 16][17, 19][25, 28][13, 18][6, 13][2, 29][7, 16] 
[5, 21, 10, 27, 29, 15][20, 23, 9, 1, 3, 24][25, 22, 12, 8, 26][4, 14, 11, 17][19, 18, 0, 28][2, 16, 7][6, 13, 18][16, 27][7, 20][4, 24][17, 19][25, 28] 
[5, 21, 10, 27, 29, 15][20, 23, 9, 1, 3, 24][25, 22, 12, 8, 26][19, 18, 0, 28][6, 2, 16, 7][4, 14, 11, 17][6, 13][13, 18][25, 28][2, 29][7, 20][4, 24] 
[9, 3, 1, 23, 20, 7, 24][5, 21, 10, 27, 29, 15][25, 22, 12, 8, 26][19, 18, 0, 28][4, 14, 11, 17][6, 2, 16][25, 28][13, 18][17, 19][6, 13][7, 16][2, 29] 
[9, 3, 1, 23, 20, 7, 24][5, 21, 10, 27, 29, 15][25, 22, 12, 8, 26][19, 18, 0, 28][4, 14, 11, 17][6, 2, 16][6, 13][13, 18][17, 19][25, 28][2, 29][7, 16] 
[20, 23, 9, 1, 3, 24][5, 21, 10, 27, 29, 15][25, 22, 12, 8, 26][4, 14, 11, 17][19, 18, 0, 28][2, 16, 7][6, 13, 18][4, 24][7, 20][17, 19][16, 27][25, 28] 
[20, 23, 9, 1, 3, 24][5, 21, 10, 27, 29, 15][25, 22, 12, 8, 26][4, 14, 11, 17][19, 18, 0, 28][6, 13, 18][2, 16, 7][17, 19][4, 24][25, 28][7, 20][2, 29] 
[20, 23, 9, 1, 3, 24][5, 21, 10, 27, 29, 15][25, 22, 12, 8, 26][19, 18, 0, 28][6, 2, 16, 7][4, 14, 11, 17][13, 18][6, 13][7, 20][2, 29][4, 24][25, 28] 
[20, 23, 9, 1, 3, 24][5, 21, 10, 27, 29, 15][25, 22, 12, 8, 26][19, 18, 0, 28][4, 14, 11, 17][2, 16, 7][2, 6, 13][13, 18][7, 20][25, 28][2, 29][4, 24] 
[5, 21, 10, 27, 29, 15][20, 23, 9, 1, 3, 24][25, 22, 12, 8, 26][19, 18, 0, 28][6, 2, 16, 7][4, 14, 11, 17][13, 18][6, 13][2, 29][7, 20][4, 24][25, 28] 
[9, 3, 1, 23, 20, 7, 24][5, 21, 10, 27, 29, 15][25, 22, 12, 8, 26][19, 18, 0, 28][4, 14, 11, 17][6, 2, 16][25, 28][17, 19][13, 18][6, 13][2, 29][7, 16] 
[20, 23, 9, 1, 3, 24][5, 21, 10, 27, 29, 15][25, 22, 12, 8, 26][4, 14, 11, 17][19, 18, 0, 28][2, 16, 7][6, 13, 18][4, 24][7, 20][17, 19][16, 27][25, 28] 
[20, 23, 9, 1, 3, 24][5, 21, 10, 27, 29, 15][25, 22, 12, 8, 26][6, 2, 16, 7][4, 14, 11, 17][19, 18, 0, 28][7, 20][6, 13][4, 24][13, 18][2, 29][25, 28] 
[9, 3, 1, 23, 20, 7, 24][5, 21, 10, 27, 29, 15][25, 22, 12, 8, 26][19, 18, 0, 28][4, 14, 11, 17][6, 2, 16][6, 13][2, 29][13, 18][17, 19][25, 28][7, 16] 
[9, 3, 1, 23, 20, 7, 24][5, 21, 10, 27, 29, 15][25, 22, 12, 8, 26][19, 18, 0, 28][4, 14, 11, 17][6, 2, 16][25, 28][17, 19][13, 18][6, 13][2, 29][7, 16] 
[5, 21, 10, 27, 29, 15][20, 23, 9, 1, 3, 24][25, 22, 12, 8, 26][4, 14, 11, 17][19, 18, 0, 28][2, 16, 7][6, 13, 18][16, 27][7, 20][4, 24][17, 19][25, 28] 
[20, 23, 9, 1, 3, 24][5, 21, 10, 27, 29, 15][25, 22, 12, 8, 26][6, 2, 16, 7][4, 14, 11, 17][19, 18, 0, 28][7, 20][6, 13][4, 24][13, 18][2, 29][25, 28] 
[9, 3, 1, 23, 20, 7, 24][5, 21, 10, 27, 29, 15][25, 22, 12, 8, 26][19, 18, 0, 28][4, 14, 11, 17][6, 2, 16][17, 19][13, 18][6, 13][25, 28][2, 29][7, 16] 
[9, 3, 1, 23, 20, 7, 24][5, 21, 10, 27, 29, 15][25, 22, 12, 8, 26][19, 18, 0, 28][4, 14, 11, 17][6, 2, 16][7, 16][6, 13][2, 29][13, 18][17, 19][25, 28] 
[8, 19, 17, 18, 13, 6, 5, 21, 10, 27, 29][4, 3, 9, 23, 1, 24, 20, 14, 11, 17][7, 16, 2, 21, 10, 6, 5, 15][25, 22, 12, 8, 26][0, 28, 25][11, 14][5, 21][5, 21][13, 18][5, 21][5, 21][5, 21] 
[8, 19, 17, 18, 13, 6, 5, 21, 10, 27, 29][4, 3, 9, 23, 1, 24, 20, 14, 11, 17][7, 16, 2, 21, 10, 6, 5, 15][25, 22, 12, 8, 26][0, 28, 25][11, 14][5, 21][5, 21][13, 18][5, 21][5, 21][5, 21] 
[8, 19, 17, 18, 13, 6, 5, 21, 10, 27, 29][4, 3, 9, 23, 1, 24, 20, 14, 11, 17][7, 16, 2, 21, 10, 6, 5, 15, 29][25, 22, 12, 8, 26][0, 28, 25][11, 14][5, 21][5, 21][13, 18][5, 21][5, 21][5, 21] 
[4, 3, 9, 23, 1, 24, 20, 14, 11, 17][19, 17, 18, 13, 6, 5, 21, 10, 27, 29][7, 16, 2, 21, 10, 6, 5, 15][25, 22, 12, 8, 26][0, 28, 25][8, 19][5, 21][13, 18][5, 21][5, 21][13, 18][5, 21] 
[4, 3, 9, 23, 1, 24, 20, 14, 11, 17][19, 17, 18, 13, 6, 5, 21, 10, 27, 29][7, 16, 2, 21, 10, 6, 5, 15][25, 22, 12, 8, 26][0, 28, 25][8, 19][5, 21][13, 18][5, 21][5, 21][13, 18][5, 21] 
[8, 19, 17, 18, 13, 6, 5, 21, 10, 27, 29][4, 3, 9, 23, 1, 24, 20, 14, 11][7, 16, 2, 21, 10, 6, 5, 15][25, 22, 12, 8, 26][0, 28, 25][5, 21][5, 21][11, 17][5, 21][5, 21][5, 21][5, 21] 
[8, 19, 17, 18, 13, 6, 5, 21, 10, 27, 29][4, 3, 9, 23, 1, 24, 20, 14, 11, 17][7, 16, 2, 21, 10, 6, 5, 15][25, 22, 12, 8, 26][0, 28, 25][11, 14][5, 21][5, 21][13, 18][5, 21][5, 21][5, 21] 
[8, 19, 17, 18, 13, 6, 5, 21, 10, 27, 29][4, 3, 9, 23, 1, 24, 20, 14, 11, 17][7, 16, 2, 21, 10, 6, 5, 15][25, 22, 12, 8, 26][0, 28, 25][11, 14][5, 21][5, 21][13, 18][5, 21][5, 21][5, 21] 
[4, 3, 9, 23, 1, 24, 20, 14, 11, 17][19, 17, 18, 13, 6, 5, 21, 10, 27, 29][7, 16, 2, 21, 10, 6, 5, 15, 27][25, 22, 12, 8, 26][0, 28, 25][8, 19][5, 21][13, 18][5, 21][5, 21][13, 18][5, 21] 
[8, 19, 17, 18, 13, 6, 5, 21, 10, 27, 29][4, 3, 9, 23, 1, 24, 20, 14, 11, 17][7, 16, 2, 21, 10, 6, 5, 15][25, 22, 12, 8, 26][0, 28, 25][11, 14][5, 21][5, 21][13, 18][5, 21][5, 21][5, 21] 
[8, 19, 17, 18, 13, 6, 5, 21, 10, 27, 29][4, 3, 9, 23, 1, 24, 20, 14, 11, 17][7, 16, 2, 21, 10, 6, 5, 15][25, 22, 12, 8, 26][0, 28, 25][11, 14][5, 21][5, 21][13, 18][5, 21][5, 21][5, 21] 
[8, 19, 17, 18, 13, 6, 5, 21, 10, 27, 29][4, 3, 9, 23, 1, 24, 20, 14, 11, 17][7, 16, 2, 21, 10, 6, 5, 15, 29][25, 22, 12, 8, 26][0, 28, 25][11, 14][5, 21][5, 21][13, 18][5, 21][5, 21][5, 21] 
[4, 3, 9, 23, 1, 24, 20, 14, 11, 17][19, 17, 18, 13, 6, 5, 21, 10, 27, 29][7, 16, 2, 21, 10, 6, 5, 15, 27][25, 22, 12, 8, 26][0, 28, 25][8, 19][5, 21][13, 18][5, 21][5, 21][13, 18][5, 21] 
[8, 19, 17, 18, 13, 6, 5, 21, 10, 27, 29][4, 3, 9, 23, 1, 24, 20, 14, 11, 17][7, 16, 2, 21, 10, 6, 5, 15][25, 22, 12, 8, 26][0, 28, 25][11, 14][5, 21][5, 21][13, 18][5, 21][5, 21][5, 21] 
[8, 19, 17, 18, 13, 6, 5, 21, 10, 27, 29][4, 3, 9, 23, 1, 24, 20, 14, 11, 17][7, 16, 2, 21, 10, 6, 5, 15][25, 22, 12, 8, 26][0, 28, 25][11, 14][5, 21][5, 21][13, 18][5, 21][5, 21][5, 21] 
[8, 19, 17, 18, 13, 6, 5, 21, 10, 27, 29, 15][4, 3, 9, 23, 1, 24, 20, 14, 11, 17][7, 16, 2, 21, 10, 6, 5, 15][25, 22, 12, 8, 26][0, 28, 25][11, 14][5, 21][5, 21][13, 18][5, 21][5, 21][5, 21] 
[8, 19, 17, 18, 13, 6, 5, 21, 10, 27, 29, 15][4, 3, 9, 23, 1, 24, 20, 14, 11, 17][25, 22, 12, 8, 26][7, 16, 2, 21][0, 28, 25][11, 14][5, 21][5, 21][13, 18][5, 21][5, 21][5, 21] 
[4, 3, 9, 23, 1, 24, 20, 14, 11, 17][8, 19, 17, 18, 13, 6, 5, 21, 10, 27][7, 16, 2, 21, 10, 6, 5, 15, 29][25, 22, 12, 8, 26][0, 28, 25][11, 14][5, 21][5, 21][13, 18][5, 21][5, 21][5, 21] 
[8, 19, 17, 18, 13, 6, 5, 21, 10, 27, 29, 15][4, 3, 9, 23, 1, 24, 20, 14, 11, 17][25, 22, 12, 8, 26][7, 16, 2, 21][0, 28, 25][11, 14][5, 21][5, 21][13, 18][5, 21][5, 21][5, 21] 
[8, 19, 17, 18, 13, 6, 5, 21, 10, 27, 29, 15][4, 3, 9, 23, 1, 24, 20, 14, 11, 17][7, 16, 2, 21, 10, 6, 5, 15][25, 22, 12, 8, 26][0, 28, 25][11, 14][5, 21][5, 21][13, 18][5, 21][5, 21][5, 21] 
[8, 19, 17, 18, 13, 6, 5, 21, 10, 27, 29, 15][4, 3, 9, 23, 1, 24, 20, 14, 11, 17][25, 22, 12, 8, 26][7, 16, 2, 21][0, 28, 25][11, 14][13, 18][5, 21][5, 21][5, 21][5, 21][13, 18] 
[20, 23, 9, 1, 3, 24][5, 21, 10, 27, 29, 15][25, 22, 12, 8, 26][6, 2, 16, 7][19, 18, 0, 28][4, 14, 11, 17][6, 13][13, 18][7, 20][16, 27][25, 28][17, 19] 
[20, 23, 9, 1, 3, 24][5, 21, 10, 27, 29, 15][25, 22, 12, 8, 26][6, 2, 16, 7][19, 18, 0, 28][4, 14, 11, 17][6, 13][13, 18][7, 20][16, 27][25, 28][17, 19] 
[5, 21, 10, 27, 29, 15][20, 23, 9, 1, 3, 24][25, 22, 12, 8, 26][6, 2, 16, 7][19, 18, 0, 28][4, 14, 11, 17][16, 27][7, 20][6, 13][13, 18][17, 19][25, 28] 
[20, 23, 9, 1, 3, 24][5, 21, 10, 27, 29, 15][25, 22, 12, 8, 26][6, 2, 16, 7][19, 18, 0, 28][4, 14, 11, 17][6, 13][13, 18][7, 20][16, 27][25, 28][17, 19] 
[20, 23, 9, 1, 3, 24][5, 21, 10, 27, 29, 15][25, 22, 12, 8, 26][6, 2, 16, 7][19, 18, 0, 28][4, 14, 11, 17][6, 13][13, 18][7, 20][16, 27][25, 28][17, 19] 
[5, 21, 10, 27, 29, 15][20, 23, 9, 1, 3, 24][25, 22, 12, 8, 26][4, 14, 11, 17][19, 18, 0, 28][6, 2, 16, 7][17, 19][25, 28][13, 18][6, 13][16, 27][7, 20] 
[20, 23, 9, 1, 3, 24][5, 21, 10, 27, 29, 15][25, 22, 12, 8, 26][19, 18, 0, 28][6, 2, 16, 7][4, 14, 11, 17][25, 28][13, 18][6, 13][17, 19][7, 20][16, 27] 
[20, 23, 9, 1, 3, 24][5, 21, 10, 27, 29, 15][25, 22, 12, 8, 26][6, 2, 16, 7][19, 18, 0, 28][4, 14, 11, 17][7, 20][16, 27][6, 13][13, 18][25, 28][17, 19] 
[20, 23, 9, 1, 3, 24][5, 21, 10, 27, 29, 15][25, 22, 12, 8, 26][19, 18, 0, 28][4, 14, 11, 17][6, 2, 16, 7][25, 28][13, 18][17, 19][6, 13][7, 20][16, 27] 
[20, 23, 9, 1, 3, 24][5, 21, 10, 27, 29, 15][25, 22, 12, 8, 26][6, 2, 16, 7][19, 18, 0, 28][4, 14, 11, 17][6, 13][7, 20][13, 18][25, 28][16, 27][17, 19] 
[20, 23, 9, 1, 3, 24][5, 21, 10, 27, 29, 15][25, 22, 12, 8, 26][6, 2, 16, 7][19, 18, 0, 28][4, 14, 11, 17][7, 20][16, 27][6, 13][13, 18][17, 19][25, 28] 
[5, 21, 10, 27, 29, 15][20, 23, 9, 1, 3, 24][25, 22, 12, 8, 26][4, 14, 11, 17][19, 18, 0, 28][6, 2, 16, 7][17, 19][25, 28][13, 18][6, 13][16, 27][7, 20] 
[5, 21, 10, 27, 29, 15][20, 23, 9, 1, 3, 24][25, 22, 12, 8, 26][4, 14, 11, 17][19, 18, 0, 28][6, 2, 16, 7][17, 19][25, 28][13, 18][6, 13][16, 27][7, 20] 
[20, 23, 9, 1, 3, 24][5, 21, 10, 27, 29, 15][25, 22, 12, 8, 26][19, 18, 0, 28][4, 14, 11, 17][6, 2, 16, 7][17, 19][25, 28][13, 18][6, 13][7, 20][16, 27] 
[20, 23, 9, 1, 3, 24][5, 21, 10, 27, 29, 15][25, 22, 12, 8, 26][19, 18, 0, 28][4, 14, 11, 17][6, 2, 16, 7][17, 19][25, 28][13, 18][6, 13][7, 20][16, 27] 
[9, 3, 1, 23, 20, 7, 24][5, 21, 10, 27, 29, 15][25, 22, 12, 8, 26][19, 18, 0, 28][4, 14, 11, 17][6, 2, 16][17, 19][25, 28][13, 18][6, 13][2, 29][7, 16] 
[9, 3, 1, 23, 20, 7, 24][5, 21, 10, 27, 29, 15][25, 22, 12, 8, 26][19, 18, 0, 28][4, 14, 11, 17][6, 2, 16][25, 28][13, 18][17, 19][6, 13][7, 16][2, 29] 
[9, 3, 1, 23, 20, 7, 24][5, 21, 10, 27, 29, 15][25, 22, 12, 8, 26][19, 18, 0, 28][4, 14, 11, 17][6, 2, 16][25, 28][13, 18][17, 19][6, 13][7, 16][2, 29] 
[9, 3, 1, 23, 20, 7, 24][5, 21, 10, 27, 29, 15][25, 22, 12, 8, 26][19, 18, 0, 28][4, 14, 11, 17][6, 2, 16][25, 28][13, 18][17, 19][6, 13][7, 16][2, 29] 
[9, 3, 1, 23, 20, 7, 24][5, 21, 10, 27, 29, 15][25, 22, 12, 8, 26][19, 18, 0, 28][4, 14, 11, 17][6, 2, 16][25, 28][13, 18][17, 19][6, 13][7, 16][2, 29] 
[9, 3, 1, 23, 20, 7, 24][5, 21, 10, 27, 29, 15][25, 22, 12, 8, 26][19, 18, 0, 28][4, 14, 11, 17][6, 2, 16][16, 27][7, 16][6, 13][13, 18][25, 28][17, 19] 
[5, 21, 10, 27, 29, 15][20, 23, 9, 1, 3, 24][25, 22, 12, 8, 26][19, 18, 0, 28][6, 2, 16, 7][4, 14, 11, 17][25, 28][13, 18][6, 13][17, 19][16, 27][7, 20] 
[5, 21, 10, 27, 29, 15][20, 23, 9, 1, 3, 24][25, 22, 12, 8, 26][19, 18, 0, 28][6, 2, 16, 7][4, 14, 11, 17][25, 28][13, 18][6, 13][17, 19][16, 27][7, 20] 
[20, 23, 9, 1, 3, 24][5, 21, 10, 27, 29, 15][25, 22, 12, 8, 26][6, 2, 16, 7][19, 18, 0, 28][4, 14, 11, 17][6, 13][7, 20][13, 18][25, 28][16, 27][17, 19] 
[20, 23, 9, 1, 3, 24][5, 21, 10, 27, 29, 15][25, 22, 12, 8, 26][19, 18, 0, 28][4, 14, 11, 17][6, 2, 16, 7][25, 28][13, 18][17, 19][6, 13][7, 20][16, 27] 
[20, 23, 9, 1, 3, 24][5, 21, 10, 27, 29, 15][25, 22, 12, 8, 26][19, 18, 0, 28][4, 14, 11, 17][6, 2, 16, 7][25, 28][17, 19][13, 18][6, 13][7, 20][16, 27] 
[20, 23, 9, 1, 3, 24][5, 21, 10, 27, 29, 15][25, 22, 12, 8, 26][19, 18, 0, 28][6, 2, 16, 7][4, 14, 11, 17][25, 28][13, 18][6, 13][7, 20][16, 27][17, 19] 
[20, 23, 9, 1, 3, 24][5, 21, 10, 27, 29, 15][25, 22, 12, 8, 26][6, 2, 16, 7][19, 18, 0, 28][4, 14, 11, 17][7, 20][6, 13][13, 18][25, 28][17, 19][16, 27] 
[9, 3, 1, 23, 20, 7, 24][5, 21, 10, 27, 29, 15][25, 22, 12, 8, 26][19, 18, 0, 28][4, 14, 11, 17][6, 2, 16][25, 28][13, 18][17, 19][6, 13][2, 29][7, 16] 
[9, 3, 1, 23, 20, 7, 24][5, 21, 10, 27, 29, 15][25, 22, 12, 8, 26][19, 18, 0, 28][4, 14, 11, 17][6, 2, 16][17, 19][25, 28][13, 18][6, 13][2, 29][7, 16] 
[9, 3, 1, 23, 20, 7, 24][5, 21, 10, 27, 29, 15][25, 22, 12, 8, 26][19, 18, 0, 28][4, 14, 11, 17][6, 2, 16][25, 28][17, 19][13, 18][6, 13][2, 29][7, 16] 
[9, 3, 1, 23, 20, 7, 24][5, 21, 10, 27, 29, 15][25, 22, 12, 8, 26][19, 18, 0, 28][4, 14, 11, 17][6, 2, 16][6, 13][13, 18][17, 19][25, 28][2, 29][7, 16] 
[9, 3, 1, 23, 20, 7, 24][5, 21, 10, 27, 29, 15][25, 22, 12, 8, 26][19, 18, 0, 28][4, 14, 11, 17][6, 2, 16][25, 28][13, 18][17, 19][6, 13][7, 16][2, 29] 
[9, 3, 1, 23, 20, 7, 24][5, 21, 10, 27, 29, 15][25, 22, 12, 8, 26][4, 14, 11, 17][19, 18, 0, 28][6, 2, 16][17, 19][13, 18][6, 13][2, 29][25, 28][7, 16] 
[9, 3, 1, 23, 20, 7, 24][5, 21, 10, 27, 29, 15][25, 22, 12, 8, 26][19, 18, 0, 28][4, 14, 11, 17][6, 2, 16][17, 19][25, 28][13, 18][6, 13][2, 29][7, 16] 
[9, 3, 1, 23, 20, 7, 24][5, 21, 10, 27, 29, 15][25, 22, 12, 8, 26][19, 18, 0, 28][4, 14, 11, 17][6, 2, 16][25, 28][13, 18][17, 19][6, 13][7, 16][2, 29] 
[9, 3, 1, 23, 20, 7, 24][5, 21, 10, 27, 29, 15][25, 22, 12, 8, 26][19, 18, 0, 28][4, 14, 11, 17][6, 2, 16][17, 19][13, 18][6, 13][25, 28][2, 29][7, 16] 
[9, 3, 1, 23, 20, 7, 24][5, 21, 10, 27, 29, 15][25, 22, 12, 8, 26][4, 14, 11, 17][19, 18, 0, 28][6, 2, 16][17, 19][13, 18][6, 13][2, 29][25, 28][7, 16] 
[9, 3, 1, 23, 20, 7, 24][5, 21, 10, 27, 29, 15][25, 22, 12, 8, 26][19, 18, 0, 28][4, 14, 11, 17][6, 2, 16][17, 19][25, 28][13, 18][6, 13][2, 29][7, 16] 
[9, 3, 1, 23, 20, 7, 24][5, 21, 10, 27, 29, 15][25, 22, 12, 8, 26][19, 18, 0, 28][4, 14, 11, 17][6, 2, 16][25, 28][17, 19][13, 18][6, 13][2, 29][7, 16] 
[9, 3, 1, 23, 20, 7, 24][5, 21, 10, 27, 29, 15][25, 22, 12, 8, 26][19, 18, 0, 28][4, 14, 11, 17][6, 2, 16][17, 19][25, 28][13, 18][6, 13][2, 29][7, 16] 
[9, 3, 1, 23, 20, 7, 24][5, 21, 10, 27, 29, 15][25, 22, 12, 8, 26][19, 18, 0, 28][4, 14, 11, 17][6, 2, 16][25, 28][17, 19][13, 18][6, 13][2, 29][7, 16] 
[9, 3, 1, 23, 20, 7, 24][5, 21, 10, 27, 29, 15][25, 22, 12, 8, 26][19, 18, 0, 28][4, 14, 11, 17][6, 2, 16][7, 16][6, 13][2, 29][13, 18][17, 19][25, 28] 
[4, 14, 11, 17, 12, 8, 26][9, 3, 1, 23, 20, 7, 24][5, 21, 10, 27, 29, 15][19, 18, 0, 28][2, 6, 13][22, 25, 28][2, 16][13, 18][12, 22][16, 27][7, 16][7, 20] 
[4, 14, 11, 17, 12, 8, 26][9, 3, 1, 23, 20, 7, 24][5, 21, 10, 27, 29, 15][19, 18, 0, 28][2, 6, 13][22, 25, 28][2, 16][13, 18][12, 22][16, 27][7, 16][7, 20] 
[4, 14, 11, 17, 12, 8, 26][9, 3, 1, 23, 20, 7, 24][5, 21, 10, 27, 29, 15][19, 18, 0, 28][2, 6, 13][22, 25, 28][2, 16][13, 18][12, 22][16, 27][7, 16][7, 20] 
[4, 14, 11, 17, 12, 8, 26][9, 3, 1, 23, 20, 7, 24][5, 21, 10, 27, 29, 15][19, 18, 0, 28][2, 6, 13][22, 25, 28][2, 16][13, 18][12, 22][16, 27][7, 16][7, 20] 
[4, 14, 11, 17, 12, 8, 26][9, 3, 1, 23, 20, 7, 24][5, 21, 10, 27, 29, 15][19, 18, 0, 28][22, 25, 28][2, 6, 13][13, 18][2, 16][12, 22][16, 27][7, 16][7, 20] 
[9, 3, 1, 23, 20, 7, 24][4, 14, 11, 17, 12, 8, 26][5, 21, 10, 27, 29, 15][22, 19, 18, 0, 28][2, 6, 13][16, 27][7, 16][7, 20][2, 29][13, 18][17, 19][25, 28] 
[5, 21, 10, 27, 29, 15][20, 23, 9, 1, 3, 24][25, 22, 12, 8, 26][4, 14, 11, 17][19, 18, 0, 28][6, 2, 16, 7][17, 19][25, 28][13, 18][6, 13][16, 27][7, 20] 
[20, 23, 9, 1, 3, 24][5, 21, 10, 27, 29, 15][25, 22, 12, 8, 26][19, 18, 0, 28][6, 2, 16, 7][4, 14, 11, 17][25, 28][13, 18][6, 13][7, 20][16, 27][17, 19] 
[20, 23, 9, 1, 3, 24][5, 21, 10, 27, 29, 15][25, 22, 12, 8, 26][19, 18, 0, 28][4, 14, 11, 17][6, 2, 16, 7][25, 28][13, 18][17, 19][6, 13][7, 20][16, 27] 
[20, 23, 9, 1, 3, 24][5, 21, 10, 27, 29, 15][25, 22, 12, 8, 26][19, 18, 0, 28][4, 14, 11, 17][6, 2, 16, 7][25, 28][13, 18][17, 19][6, 13][7, 20][16, 27] 
[20, 23, 9, 1, 3, 24][5, 21, 10, 27, 29, 15][25, 22, 12, 8, 26][6, 2, 16, 7][19, 18, 0, 28][4, 14, 11, 17][7, 20][16, 27][6, 13][13, 18][17, 19][25, 28] 
[9, 3, 1, 23, 20, 7, 24][5, 21, 10, 27, 29, 15][25, 22, 12, 8, 26][19, 18, 0, 28][4, 14, 11, 17][6, 2, 16][25, 28][13, 18][17, 19][6, 13][7, 16][2, 29] 
[20, 23, 9, 1, 3, 24][5, 21, 10, 27, 29, 15][25, 22, 12, 8, 26][6, 2, 16, 7][19, 18, 0, 28][4, 14, 11, 17][7, 20][16, 27][6, 13][13, 18][17, 19][25, 28] 
