[5, 21, 15, 2, 29, 27][17, 0, 26, 8, 12, 19][4, 1, 3, 9, 23][14, 24, 7, 20][13, 6, 16, 28][11, 25, 22, 18][1, 14][7, 28][11, 14][10, 16][2, 10][0, 22] 
[5, 21, 15, 2, 29, 27][17, 0, 26, 8, 12, 19][4, 1, 3, 9, 23][14, 24, 7, 20][11, 25, 22, 18][16, 7, 28][13, 6, 16][9, 14][10, 16][2, 10][11, 14][0, 22] 
[5, 21, 15, 2, 29, 27][17, 0, 26, 8, 12, 19][4, 1, 3, 9, 23][13, 6, 16, 28][14, 24, 7, 20][11, 25, 22, 18][10, 16][2, 10][7, 16][11, 14][1, 14][0, 22] 
[5, 21, 15, 2, 29, 27][17, 0, 26, 8, 12, 19][4, 1, 3, 9, 23][13, 6, 16, 28][14, 24, 7, 20][11, 25, 22, 18][2, 10][10, 16][7, 16][1, 14][11, 14][0, 22] 
[17, 0, 26, 8, 12, 19][5, 21, 15, 2, 29, 27][4, 1, 3, 9, 23][13, 6, 16, 28][14, 24, 7, 20][11, 25, 22, 18][7, 28][11, 14][0, 22][9, 14][10, 16][10, 27] 
[17, 0, 26, 8, 12, 19][5, 21, 15, 2, 29, 27][4, 1, 3, 9, 23][11, 25, 22, 18][14, 24, 7, 20][13, 6, 16, 28][0, 22][11, 14][7, 16][9, 14][10, 16][2, 10] 
[17, 0, 26, 8, 12, 19][5, 21, 15, 2, 29, 27][4, 1, 3, 9, 23][11, 25, 22, 18][14, 24, 7, 20][13, 6, 16, 28][0, 22][11, 14][7, 16][10, 16][2, 10][9, 14] 
[17, 0, 26, 8, 12, 19][5, 21, 15, 2, 29, 27][4, 1, 3, 9, 23][14, 24, 7, 20][13, 6, 16, 28][11, 25, 22, 18][9, 14][7, 28][11, 14][0, 22][10, 16][10, 27] 
[5, 21, 15, 2, 29, 27][17, 0, 26, 8, 12, 19][4, 1, 3, 9, 23][14, 24, 7, 20][13, 6, 16, 28][11, 25, 22, 18][7, 16][10, 16][9, 14][2, 10][11, 14][0, 22] 
[17, 0, 26, 8, 12, 19][5, 21, 15, 2, 29, 27][4, 1, 3, 9, 23][11, 25, 22, 18][14, 24, 7, 20][13, 6, 16, 28][0, 22][11, 14][7, 28][9, 14][10, 16][10, 27] 
[5, 21, 15, 2, 29, 27][17, 0, 26, 8, 12, 19][4, 1, 3, 9, 23][13, 6, 16, 28][14, 24, 7, 20][11, 25, 22, 18][2, 10][10, 16][7, 28][1, 14][11, 14][0, 22] 
[17, 0, 26, 8, 12, 19][5, 21, 15, 2, 29, 27][4, 1, 3, 9, 23][11, 25, 22, 18][14, 24, 7, 20][16, 7, 28][13, 6, 16][0, 22][11, 14][10, 16][2, 10][9, 14] 
[5, 21, 15, 2, 29, 27][17, 0, 26, 8, 12, 19][4, 1, 3, 9, 23][13, 6, 16, 28][14, 24, 7, 20][11, 25, 22, 18][2, 10][10, 16][7, 16][1, 14][11, 14][0, 22] 
[17, 0, 26, 8, 12, 19][5, 21, 15, 2, 29, 27][4, 1, 3, 9, 23][14, 24, 7, 20][11, 25, 22, 18][13, 6, 16, 28][11, 14][9, 14][0, 22][7, 28][10, 16][10, 27] 
[17, 0, 26, 8, 12, 19][5, 21, 15, 2, 29, 27][4, 1, 3, 9, 23][11, 25, 22, 18][14, 24, 7, 20][13, 6, 16, 28][0, 22][11, 14][7, 16][10, 16][2, 10][9, 14] 
[17, 0, 26, 8, 12, 19][5, 21, 15, 2, 29, 27][4, 1, 3, 9, 23][11, 25, 22, 18][14, 24, 7, 20][13, 6, 16, 28][0, 22][11, 14][7, 28][9, 14][10, 16][10, 27] 
[5, 21, 15, 2, 29, 27][17, 0, 26, 8, 12, 19][4, 1, 3, 9, 23][13, 6, 16, 28][14, 24, 7, 20][11, 25, 22, 18][7, 28][10, 16][1, 14][11, 14][2, 10][0, 22] 
[17, 0, 26, 8, 12, 19][5, 21, 15, 2, 29, 27][4, 1, 3, 9, 23][11, 25, 22, 18][14, 24, 7, 20][16, 7, 28][13, 6, 16][0, 22][11, 14][10, 16][2, 10][9, 14] 
[17, 0, 26, 8, 12, 19][5, 21, 15, 2, 29, 27][4, 1, 3, 9, 23][14, 24, 7, 20][11, 25, 22, 18][13, 6, 16, 28][11, 14][0, 22][9, 14][7, 28][10, 16][10, 27] 
[17, 0, 26, 8, 12, 19][5, 21, 15, 2, 29, 27][4, 1, 3, 9, 23][14, 24, 7, 20][13, 6, 16, 28][11, 25, 22, 18][1, 14][7, 28][11, 14][10, 16][0, 22][2, 10] 
[5, 21, 15, 2, 29, 27][17, 0, 26, 8, 12, 19][4, 1, 3, 9, 23][14, 24, 7, 20][13, 6, 16, 28][11, 25, 22, 18][1, 14][7, 28][11, 14][10, 16][2, 10][0, 22] 
[17, 0, 26, 8, 12, 19][5, 21, 15, 2, 29, 27][4, 1, 3, 9, 23][14, 24, 7, 20][11, 25, 22, 18][16, 7, 28][13, 6, 16][9, 14][10, 16][11, 14][0, 22][2, 10] 
[5, 21, 15, 2, 29, 27][17, 0, 26, 8, 12, 19][4, 1, 3, 9, 23][13, 6, 16, 28][14, 24, 7, 20][11, 25, 22, 18][2, 10][10, 16][7, 16][1, 14][11, 14][0, 22] 
[17, 0, 26, 8, 12, 19][5, 21, 15, 2, 29, 27][4, 1, 3, 9, 23][11, 25, 22, 18][14, 24, 7, 20][13, 6, 16, 28][0, 22][11, 14][9, 14][7, 28][10, 16][10, 27] 
[5, 21, 15, 2, 29, 27][17, 0, 26, 8, 12, 19][4, 1, 3, 9, 23][14, 24, 7, 20][13, 6, 16, 28][11, 25, 22, 18][7, 16][10, 16][9, 14][2, 10][11, 14][0, 22] 
[17, 0, 26, 8, 12, 19][5, 21, 15, 2, 29, 27][4, 1, 3, 9, 23][11, 25, 22, 18][14, 24, 7, 20][13, 6, 16, 28][11, 14][0, 22][9, 14][7, 28][10, 16][10, 27] 
[17, 0, 26, 8, 12, 19][5, 21, 15, 2, 29, 27][4, 1, 3, 9, 23][11, 25, 22, 18][14, 24, 7, 20][13, 6, 16, 28][11, 14][7, 28][10, 16][0, 22][2, 10][1, 14] 
[5, 21, 15, 2, 29, 27][17, 0, 26, 8, 12, 19][4, 1, 3, 9, 23][14, 24, 7, 20][11, 25, 22, 18][16, 7, 28][13, 6, 16][10, 16][11, 14][2, 10][9, 14][0, 22] 
[17, 0, 26, 8, 12, 19][5, 21, 15, 2, 29, 27][4, 1, 3, 9, 23][14, 24, 7, 20][13, 6, 16, 28][11, 25, 22, 18][9, 14][7, 28][10, 16][11, 14][0, 22][10, 27] 
[17, 0, 26, 8, 12, 19][5, 21, 15, 2, 29, 27][4, 1, 3, 9, 23][11, 25, 22, 18][14, 24, 7, 20][13, 6, 16, 28][0, 22][11, 14][7, 28][10, 16][2, 10][1, 14] 
[17, 0, 26, 8, 12, 19][5, 21, 15, 2, 29, 27][4, 1, 3, 9, 23][14, 24, 7, 20][13, 6, 16, 28][11, 25, 22, 18][1, 14][7, 28][11, 14][0, 22][10, 16][2, 10] 
[5, 21, 15, 2, 29, 27][17, 0, 26, 8, 12, 19][4, 1, 3, 9, 23][11, 25, 22, 18][14, 24, 7, 20][16, 7, 28][13, 6, 16][11, 14][10, 16][2, 10][0, 22][9, 14] 
[17, 0, 26, 8, 12, 19][5, 21, 15, 2, 29, 27][4, 1, 3, 9, 23][14, 24, 7, 20][13, 6, 16, 28][11, 25, 22, 18][9, 14][7, 28][10, 16][11, 14][0, 22][10, 27] 
[5, 21, 15, 2, 29, 27][17, 0, 26, 8, 12, 19][4, 1, 3, 9, 23][13, 6, 16, 28][14, 24, 7, 20][11, 25, 22, 18][7, 28][10, 16][2, 10][1, 14][11, 14][0, 22] 
[17, 0, 26, 8, 12, 19][5, 21, 15, 2, 29, 27][4, 1, 3, 9, 23][14, 24, 7, 20][13, 6, 16, 28][11, 25, 22, 18][1, 14][7, 28][11, 14][0, 22][10, 16][2, 10] 
[10, 27, 29, 2, 15, 21, 5, 6, 16, 28, 7, 24][0, 13, 6, 16, 7, 14, 9, 23, 3, 4, 20][17, 0, 26, 8, 12, 19][11, 25, 22, 18][7, 16][1, 3][11, 14][9, 14][9, 14][9, 14][8, 26][7, 16] 
[10, 27, 29, 2, 15, 21, 5, 6, 16, 28, 7, 24][0, 13, 6, 16, 7, 14, 9, 23, 3, 4, 20][17, 0, 26, 8, 12, 19][11, 25, 22, 18][7, 16][1, 3][11, 14][9, 14][9, 14][9, 14][8, 26][7, 16] 
[10, 27, 29, 2, 15, 21, 5, 6, 16, 28, 7, 24][0, 13, 6, 16, 7, 14, 9, 23, 3, 4, 20][17, 0, 26, 8, 12, 19][11, 25, 22, 18][7, 16][1, 3][11, 14][9, 14][9, 14][9, 14][8, 26][7, 16] 
[13, 6, 16, 7, 14, 9, 23, 3, 4, 20, 24][11, 25, 22, 12, 8, 26, 0, 19, 18][6, 5, 21, 15, 2, 29, 27, 10][27, 29][27, 29][16, 28][11, 14][1, 3][0, 17][9, 14][9, 23][9, 23] 
[13, 6, 16, 7, 14, 9, 23, 3, 4, 20, 24][11, 25, 22, 12, 8, 26, 0, 19, 18][6, 5, 21, 15, 2, 29, 27, 10][4, 14, 11][27, 29][27, 29][16, 28][0, 17][1, 3][27, 29][8, 12][9, 23] 
[6, 16, 7, 14, 9, 23, 3, 4, 20, 24][11, 25, 22, 12, 8, 26, 0, 19, 18][6, 5, 21, 15, 2, 29, 27, 10][11, 14][0, 17][1, 3][16, 28][9, 23][6, 13][27, 29][27, 29][8, 12] 
[10, 27, 29, 2, 15, 21, 5, 6, 16, 28, 7, 24][0, 13, 6, 16, 7, 14, 9, 23, 3, 4, 20][17, 0, 26, 8, 12, 19][11, 25, 22, 18][7, 16][1, 3][11, 14][9, 14][9, 14][9, 14][8, 26][7, 16] 
[10, 27, 29, 2, 15, 21, 5, 6, 16, 28, 7, 24][0, 13, 6, 16, 7, 14, 9, 23, 3, 4, 20][17, 0, 26, 8, 12, 19][11, 25, 22, 18][7, 16][1, 3][11, 14][9, 14][9, 14][9, 14][8, 26][7, 16] 
[13, 6, 16, 7, 14, 9, 23, 3, 4, 20, 24][11, 25, 22, 12, 8, 26, 0, 19, 18][6, 5, 21, 15, 2, 29, 27, 10][27, 29][27, 29][16, 28][11, 14][1, 3][0, 17][9, 14][9, 23][9, 23] 
[10, 27, 29, 2, 15, 21, 5, 6, 16, 28, 7, 24][0, 13, 6, 16, 7, 14, 9, 23, 3, 4, 20][17, 0, 26, 8, 12, 19][11, 25, 22, 18][7, 16][1, 3][11, 14][9, 14][9, 14][9, 14][8, 26][7, 16] 
[10, 27, 29, 2, 15, 21, 5, 6, 16, 28, 7, 24][0, 13, 6, 16, 7, 14, 9, 23, 3, 4, 20][17, 0, 26, 8, 12, 19][11, 25, 22, 18][7, 16][1, 3][11, 14][9, 14][9, 14][9, 14][8, 26][7, 16] 
[10, 27, 29, 2, 15, 21, 5, 6, 16, 28, 7, 24][0, 13, 6, 16, 7, 14, 9, 23, 3, 4, 20][17, 0, 26, 8, 12, 19][11, 25, 22, 18][7, 16][1, 3][11, 14][9, 14][9, 14][9, 14][8, 26][7, 16] 
[13, 6, 16, 7, 14, 9, 23, 3, 4, 20, 24][11, 25, 22, 12, 8, 26, 0, 19, 18][6, 5, 21, 15, 2, 29, 27, 10][4, 14, 11][27, 29][27, 29][16, 28][0, 17][1, 3][27, 29][8, 12][9, 23] 
[10, 27, 29, 2, 15, 21, 5, 6, 16, 28, 7, 24][0, 13, 6, 16, 7, 14, 9, 23, 3, 4, 20][17, 0, 26, 8, 12, 19][11, 25, 22, 18][7, 16][1, 3][11, 14][9, 14][9, 14][9, 14][8, 26][7, 16] 
[10, 27, 29, 2, 15, 21, 5, 6, 16, 28, 7, 24][0, 13, 6, 16, 7, 14, 9, 23, 3, 4, 20][17, 0, 26, 8, 12, 19][11, 25, 22, 18][7, 16][1, 3][11, 14][9, 14][9, 14][9, 14][8, 26][7, 16] 
[10, 27, 29, 2, 15, 21, 5, 6, 16, 28, 7, 24][0, 13, 6, 16, 7, 14, 9, 23, 3, 4, 20][18, 19, 0, 26, 8, 12, 22, 25][8, 26][11, 25][0, 17][16, 28][1, 3][27, 29][27, 29][27, 29][27, 29] 
[10, 27, 29, 2, 15, 21, 5, 6, 16, 28, 7, 24][0, 13, 6, 16, 7, 14, 9, 23, 3, 4, 20][18, 19, 0, 26, 8, 12, 22, 25][8, 26][11, 25][0, 17][16, 28][1, 3][27, 29][27, 29][27, 29][27, 29] 
[10, 27, 29, 2, 15, 21, 5, 6, 16, 28, 7, 24][0, 13, 6, 16, 7, 14, 9, 23, 3, 4, 20][17, 0, 26, 8, 12, 19][11, 25, 22, 18][9, 14][1, 3][11, 14][7, 16][16, 28][9, 23][16, 28][16, 28] 
[10, 27, 29, 2, 15, 21, 5, 6, 16, 28, 7, 24][0, 13, 6, 16, 7, 14, 9, 23, 3, 4, 20][18, 19, 0, 26, 8, 12, 22, 25][8, 26][11, 25][0, 17][16, 28][1, 3][27, 29][27, 29][27, 29][27, 29] 
[10, 27, 29, 2, 15, 21, 5, 6, 16, 28, 7, 24][0, 13, 6, 16, 7, 14, 9, 23, 3, 4, 20][18, 19, 0, 26, 8, 12, 22, 25][8, 26][11, 25][0, 17][16, 28][1, 3][27, 29][27, 29][27, 29][27, 29] 
[10, 27, 29, 2, 15, 21, 5, 6, 16, 28, 7, 24][0, 13, 6, 16, 7, 14, 9, 23, 3, 4, 20][18, 19, 0, 26, 8, 12, 22, 25][11, 25, 22][1, 3][0, 17][22, 25][10, 27][27, 29][9, 23][8, 26][27, 29] 
[5, 21, 15, 2, 29, 27][17, 0, 26, 8, 12, 19][4, 1, 3, 9, 23][13, 6, 16, 28][14, 24, 7, 20][11, 25, 22, 18][2, 10][10, 16][7, 28][9, 14][11, 14][0, 22] 
[5, 21, 15, 2, 29, 27][17, 0, 26, 8, 12, 19][4, 1, 3, 9, 23][13, 6, 16, 28][14, 24, 7, 20][11, 25, 22, 18][2, 10][10, 16][7, 28][9, 14][11, 14][0, 22] 
[17, 0, 26, 8, 12, 19][5, 21, 15, 2, 29, 27][4, 1, 3, 9, 23][14, 24, 7, 20][13, 6, 16, 28][11, 25, 22, 18][9, 14][7, 28][11, 14][10, 16][0, 22][2, 10] 
[5, 21, 15, 2, 29, 27][17, 0, 26, 8, 12, 19][4, 1, 3, 9, 23][13, 6, 16, 28][14, 24, 7, 20][11, 25, 22, 18][10, 16][2, 10][7, 28][11, 14][0, 22][9, 14] 
[5, 21, 15, 2, 29, 27][17, 0, 26, 8, 12, 19][4, 1, 3, 9, 23][13, 6, 16, 28][14, 24, 7, 20][11, 25, 22, 18][2, 10][10, 16][7, 28][11, 14][0, 22][9, 14] 
[5, 21, 15, 2, 29, 27][17, 0, 26, 8, 12, 19][4, 1, 3, 9, 23][13, 6, 16, 28][14, 24, 7, 20][11, 25, 22, 18][2, 10][10, 16][7, 28][11, 14][0, 22][9, 14] 
[17, 0, 26, 8, 12, 19][5, 21, 15, 2, 29, 27][4, 1, 3, 9, 23][13, 6, 16, 28][14, 24, 7, 20][11, 25, 22, 18][10, 16][7, 28][11, 14][0, 22][9, 14][2, 10] 
[17, 0, 26, 8, 12, 19][5, 21, 15, 2, 29, 27][4, 1, 3, 9, 23][11, 25, 22, 18][14, 24, 7, 20][13, 6, 16, 28][0, 22][11, 14][9, 14][7, 28][10, 16][2, 10] 
[5, 21, 15, 2, 29, 27][17, 0, 26, 8, 12, 19][4, 1, 3, 9, 23][13, 6, 16, 28][14, 24, 7, 20][11, 25, 22, 18][2, 10][10, 16][7, 28][9, 14][11, 14][0, 22] 
[5, 21, 15, 2, 29, 27][17, 0, 26, 8, 12, 19][4, 1, 3, 9, 23][13, 6, 16, 28][14, 24, 7, 20][11, 25, 22, 18][2, 10][10, 16][7, 28][11, 14][0, 22][9, 14] 
[17, 0, 26, 8, 12, 19][5, 21, 15, 2, 29, 27][4, 1, 3, 9, 23][11, 25, 22, 18][14, 24, 7, 20][13, 6, 16, 28][0, 22][11, 14][7, 28][10, 16][9, 14][2, 10] 
[17, 0, 26, 8, 12, 19][5, 21, 15, 2, 29, 27][4, 1, 3, 9, 23][14, 24, 7, 20][13, 6, 16, 28][11, 25, 22, 18][9, 14][7, 28][11, 14][10, 16][0, 22][2, 10] 
[17, 0, 26, 8, 12, 19][5, 21, 15, 2, 29, 27][4, 1, 3, 9, 23][11, 25, 22, 18][14, 24, 7, 20][13, 6, 16, 28][0, 22][11, 14][7, 28][10, 16][9, 14][2, 10] 
[5, 21, 15, 2, 29, 27][17, 0, 26, 8, 12, 19][4, 1, 3, 9, 23][13, 6, 16, 28][14, 24, 7, 20][11, 25, 22, 18][2, 10][10, 16][7, 28][11, 14][0, 22][9, 14] 
[17, 0, 26, 8, 12, 19][5, 21, 15, 2, 29, 27][4, 1, 3, 9, 23][14, 24, 7, 20][11, 25, 22, 18][13, 6, 16, 28][11, 14][7, 28][10, 16][9, 14][0, 22][2, 10] 
[5, 21, 15, 2, 29, 27][17, 0, 26, 8, 12, 19][4, 1, 3, 9, 23][13, 6, 16, 28][14, 24, 7, 20][11, 25, 22, 18][7, 28][10, 16][11, 14][1, 14][2, 10][0, 22] 
[17, 0, 26, 8, 12, 19][5, 21, 15, 2, 29, 27][4, 1, 3, 9, 23][11, 25, 22, 18][14, 24, 7, 20][13, 6, 16, 28][0, 22][11, 14][7, 28][1, 14][10, 16][2, 10] 
[17, 0, 26, 8, 12, 19][5, 21, 15, 2, 29, 27][4, 1, 3, 9, 23][11, 25, 22, 18][14, 24, 7, 20][13, 6, 16, 28][11, 14][7, 28][10, 16][0, 22][2, 10][1, 14] 
[5, 21, 15, 2, 29, 27][17, 0, 26, 8, 12, 19][4, 1, 3, 9, 23][13, 6, 16, 28][14, 24, 7, 20][11, 25, 22, 18][10, 16][2, 10][7, 28][1, 14][11, 14][0, 22] 
[17, 0, 26, 8, 12, 19][5, 21, 15, 2, 29, 27][4, 1, 3, 9, 23][11, 25, 22, 18][14, 24, 7, 20][13, 6, 16, 28][0, 22][11, 14][7, 28][1, 14][10, 16][2, 10] 
[17, 0, 26, 8, 12, 19][5, 21, 15, 2, 29, 27][4, 1, 3, 9, 23][11, 25, 22, 18][14, 24, 7, 20][16, 7, 28][13, 6, 16][0, 22][11, 14][10, 16][1, 14][10, 27] 
[17, 0, 26, 8, 12, 19][5, 21, 15, 2, 29, 27][4, 1, 3, 9, 23][11, 25, 22, 18][14, 24, 7, 20][13, 6, 16, 28][0, 22][11, 14][7, 28][10, 16][9, 14][2, 10] 
[17, 0, 26, 8, 12, 19][5, 21, 15, 2, 29, 27][4, 1, 3, 9, 23][11, 25, 22, 18][14, 24, 7, 20][13, 6, 16, 28][0, 22][11, 14][9, 14][7, 28][10, 16][2, 10] 
[5, 21, 15, 2, 29, 27][17, 0, 26, 8, 12, 19][4, 1, 3, 9, 23][13, 6, 16, 28][14, 24, 7, 20][11, 25, 22, 18][10, 16][7, 28][9, 14][11, 14][2, 10][0, 22] 
[17, 0, 26, 8, 12, 19][5, 21, 15, 2, 29, 27][4, 1, 3, 9, 23][11, 25, 22, 18][14, 24, 7, 20][13, 6, 16, 28][0, 22][11, 14][9, 14][7, 28][10, 16][2, 10] 
[17, 0, 26, 8, 12, 19][5, 21, 15, 2, 29, 27][4, 1, 3, 9, 23][11, 25, 22, 18][14, 24, 7, 20][13, 6, 16, 28][0, 22][11, 14][9, 14][7, 28][10, 16][2, 10] 
[5, 21, 15, 2, 29, 27][17, 0, 26, 8, 12, 19][4, 1, 3, 9, 23][13, 6, 16, 28][14, 24, 7, 20][11, 25, 22, 18][7, 28][10, 16][1, 14][11, 14][2, 10][0, 22] 
[17, 0, 26, 8, 12, 19][5, 21, 15, 2, 29, 27][4, 1, 3, 9, 23][11, 25, 22, 18][14, 24, 7, 20][13, 6, 16, 28][0, 22][11, 14][7, 28][10, 16][9, 14][2, 10] 
[17, 0, 26, 8, 12, 19][5, 21, 15, 2, 29, 27][4, 1, 3, 9, 23][11, 25, 22, 18][14, 24, 7, 20][13, 6, 16, 28][11, 14][7, 28][10, 16][0, 22][2, 10][1, 14] 
[5, 21, 15, 2, 29, 27][17, 0, 26, 8, 12, 19][4, 1, 3, 9, 23][13, 6, 16, 28][14, 24, 7, 20][11, 25, 22, 18][10, 16][2, 10][7, 28][11, 14][0, 22][1, 14] 
[17, 0, 26, 8, 12, 19][5, 21, 15, 2, 29, 27][4, 1, 3, 9, 23][11, 25, 22, 18][14, 24, 7, 20][13, 6, 16, 28][11, 14][7, 28][10, 16][0, 22][2, 10][1, 14] 
[17, 0, 26, 8, 12, 19][5, 21, 15, 2, 29, 27][4, 1, 3, 9, 23][11, 25, 22, 18][14, 24, 7, 20][13, 6, 16, 28][0, 22][11, 14][7, 28][10, 16][2, 10][1, 14] 
[17, 0, 26, 8, 12, 19][5, 21, 15, 2, 29, 27][4, 1, 3, 9, 23][11, 25, 22, 18][14, 24, 7, 20][13, 6, 16, 28][0, 22][11, 14][7, 28][10, 16][2, 10][1, 14] 
[17, 0, 26, 8, 12, 19][5, 21, 15, 2, 29, 27][4, 1, 3, 9, 23][11, 25, 22, 18][14, 24, 7, 20][13, 6, 16, 28][11, 14][7, 28][10, 16][0, 22][2, 10][1, 14] 
[17, 0, 26, 8, 12, 19][5, 21, 15, 2, 29, 27][4, 1, 3, 9, 23][11, 25, 22, 18][14, 24, 7, 20][13, 6, 16, 28][0, 22][11, 14][1, 14][7, 28][10, 16][2, 10] 
[17, 0, 26, 8, 12, 19][5, 21, 15, 2, 29, 27][4, 1, 3, 9, 23][11, 25, 22, 18][14, 24, 7, 20][13, 6, 16, 28][0, 22][11, 14][7, 28][10, 16][2, 10][1, 14] 
[5, 21, 15, 2, 29, 27][17, 0, 26, 8, 12, 19][4, 1, 3, 9, 23][13, 6, 16, 28][14, 24, 7, 20][11, 25, 22, 18][7, 28][10, 16][11, 14][1, 14][2, 10][0, 22] 
[5, 21, 15, 2, 29, 27][17, 0, 26, 8, 12, 19][4, 1, 3, 9, 23][13, 6, 16, 28][14, 24, 7, 20][11, 25, 22, 18][7, 28][10, 16][11, 14][1, 14][2, 10][0, 22] 
[5, 21, 15, 2, 29, 27][17, 0, 26, 8, 12, 19][4, 1, 3, 9, 23][13, 6, 16, 28][14, 24, 7, 20][11, 25, 22, 18][2, 10][10, 16][7, 28][1, 14][11, 14][0, 22] 
[17, 0, 26, 8, 12, 19][5, 21, 15, 2, 29, 27][4, 1, 3, 9, 23][11, 25, 22, 18][14, 24, 7, 20][13, 6, 16, 28][11, 14][7, 28][10, 16][0, 22][2, 10][1, 14] 
[17, 0, 26, 8, 12, 19][5, 21, 15, 2, 29, 27][4, 1, 3, 9, 23][11, 25, 22, 18][14, 24, 7, 20][13, 6, 16, 28][11, 14][7, 28][10, 16][0, 22][2, 10][1, 14] 
[17, 0, 26, 8, 12, 19][5, 21, 15, 2, 29, 27][4, 1, 3, 9, 23][11, 25, 22, 18][14, 24, 7, 20][13, 6, 16, 28][0, 22][11, 14][1, 14][7, 28][10, 16][2, 10] 
[17, 0, 26, 8, 12, 19][5, 21, 15, 2, 29, 27][4, 1, 3, 9, 23][11, 25, 22, 18][14, 24, 7, 20][13, 6, 16, 28][11, 14][7, 28][10, 16][0, 22][2, 10][1, 14] 
[17, 0, 26, 8, 12, 19][5, 21, 15, 2, 29, 27][4, 1, 3, 9, 23][14, 24, 7, 20][13, 6, 16, 28][11, 25, 22, 18][22, 0, 28][7, 24][7, 16][1, 14][10, 16][10, 27] 
[17, 0, 26, 8, 12, 19][5, 21, 15, 2, 29, 27][4, 1, 3, 9, 23][13, 6, 16, 28][14, 24, 7, 20][11, 25, 22, 18][22, 0, 28][7, 24][7, 16][10, 16][10, 27][1, 14] 
[17, 0, 26, 8, 12, 19][5, 21, 15, 2, 29, 27][4, 1, 3, 9, 23][13, 6, 16, 28][14, 24, 7, 20][11, 25, 22, 18][22, 0, 28][7, 24][7, 16][10, 16][10, 27][1, 14] 
[17, 0, 26, 8, 12, 19][5, 21, 15, 2, 29, 27][4, 1, 3, 9, 23][13, 6, 16, 28][14, 24, 7, 20][11, 25, 22, 18][22, 0, 28][7, 24][7, 16][10, 16][10, 27][1, 14] 
[17, 0, 26, 8, 12, 19][5, 21, 15, 2, 29, 27][4, 1, 3, 9, 23][13, 6, 16, 28][14, 24, 7, 20][11, 25, 22, 18][22, 0, 28][7, 24][7, 16][10, 16][10, 27][1, 14] 
[5, 21, 15, 2, 29, 27, 10][17, 0, 26, 8, 12, 19][4, 1, 3, 9, 23][13, 6, 16, 28][14, 24, 7, 20][11, 25, 22, 18][7, 16][9, 14][11, 14][0, 13][8, 26][10, 16] 
[5, 21, 15, 2, 29, 27][17, 0, 26, 8, 12, 19][4, 1, 3, 9, 23][13, 6, 16, 28][14, 24, 7, 20][11, 25, 22, 18][10, 16][7, 28][9, 14][11, 14][2, 10][0, 22] 
[17, 0, 26, 8, 12, 19][5, 21, 15, 2, 29, 27][4, 1, 3, 9, 23][13, 6, 16, 28][14, 24, 7, 20][11, 25, 22, 18][10, 16][7, 28][11, 14][0, 22][9, 14][2, 10] 
[5, 21, 15, 2, 29, 27][17, 0, 26, 8, 12, 19][4, 1, 3, 9, 23][13, 6, 16, 28][14, 24, 7, 20][11, 25, 22, 18][2, 10][10, 16][7, 28][9, 14][11, 14][0, 22] 
[17, 0, 26, 8, 12, 19][5, 21, 15, 2, 29, 27][4, 1, 3, 9, 23][11, 25, 22, 18][14, 24, 7, 20][13, 6, 16, 28][0, 22][11, 14][7, 28][10, 16][9, 14][2, 10] 
[17, 0, 26, 8, 12, 19][5, 21, 15, 2, 29, 27][4, 1, 3, 9, 23][11, 25, 22, 18][14, 24, 7, 20][13, 6, 16, 28][0, 22][11, 14][7, 28][10, 16][9, 14][2, 10] 
[17, 0, 26, 8, 12, 19][5, 21, 15, 2, 29, 27][4, 1, 3, 9, 23][11, 25, 22, 18][14, 24, 7, 20][13, 6, 16, 28][0, 22][11, 14][7, 28][1, 14][10, 16][2, 10] 
[17, 0, 26, 8, 12, 19][5, 21, 15, 2, 29, 27][4, 1, 3, 9, 23][11, 25, 22, 18][14, 24, 7, 20][13, 6, 16, 28][0, 22][11, 14][9, 14][7, 28][10, 16][2, 10] 
