[12, 18, 22, 25, 11, 17, 28][3, 1, 24, 7, 16][9, 14, 23, 4, 20][0, 19, 8, 26][2, 10, 6, 5][21, 15, 27, 29][0, 13][13, 18][6, 13][5, 21][16, 27][3, 14] 
[12, 18, 22, 25, 11, 17, 28][3, 1, 24, 7, 16][9, 23, 14, 4, 20][21, 15, 27, 29][2, 10, 6, 5][0, 19, 8, 26][16, 27][3, 14][5, 21][6, 13][13, 18][0, 13] 
[12, 18, 22, 25, 11, 17, 28][3, 1, 24, 7, 16][9, 23, 14, 4, 20][21, 15, 27, 29][2, 10, 6, 5][0, 19, 8, 26][16, 27][3, 14][5, 21][6, 13][13, 18][0, 13] 
[12, 18, 22, 25, 11, 17, 28][3, 1, 24, 7, 16][9, 23, 14, 4, 20][21, 15, 27, 29][2, 10, 6, 5][0, 19, 8, 26][16, 27][3, 14][5, 21][6, 13][13, 18][0, 13] 
[12, 18, 22, 25, 11, 17, 28][3, 1, 24, 7, 16][9, 23, 14, 4, 20][21, 15, 27, 29][2, 10, 6, 5][0, 19, 8, 26][16, 27][3, 14][5, 21][6, 13][13, 18][0, 13] 
[12, 18, 22, 25, 11, 17, 28][3, 1, 24, 7, 16][9, 23, 14, 4, 20][21, 15, 27, 29][2, 10, 6, 5][0, 19, 8, 26][16, 27][3, 14][5, 21][6, 13][13, 18][0, 13] 
[12, 18, 22, 25, 11, 17, 28][3, 1, 24, 7, 16][9, 23, 14, 4, 20][21, 15, 27, 29][2, 10, 6, 5][0, 19, 8, 26][16, 27][5, 21][3, 14][6, 13][0, 13][13, 18] 
[12, 18, 22, 25, 11, 17, 28][3, 1, 24, 7, 16][9, 23, 14, 4, 20][0, 19, 8, 26][2, 10, 6, 5][21, 15, 27, 29][13, 18][0, 13][6, 13][5, 21][16, 27][1, 14] 
[12, 18, 22, 25, 11, 17, 28][3, 1, 24, 7, 16][9, 23, 14, 4, 20][21, 15, 27, 29][2, 10, 6, 5][0, 19, 8, 26][16, 27][1, 14][5, 21][6, 13][13, 18][0, 13] 
[12, 18, 22, 25, 11, 17, 28][3, 1, 24, 7, 16][9, 23, 14, 4, 20][21, 15, 27, 29][2, 10, 6, 5][0, 19, 8, 26][16, 27][1, 14][5, 21][6, 13][13, 18][0, 13] 
[12, 18, 22, 25, 11, 17, 28][3, 1, 24, 7, 16][9, 14, 23, 4, 20][2, 10, 6, 5][21, 15, 27, 29][0, 19, 8, 26][5, 21][16, 27][6, 13][0, 13][13, 18][3, 14] 
[12, 18, 22, 25, 11, 17, 28][3, 1, 24, 7, 16][9, 23, 14, 4, 20][21, 15, 27, 29][2, 10, 6, 5][0, 19, 8, 26][16, 27][3, 14][5, 21][6, 13][13, 18][0, 13] 
[12, 18, 22, 25, 11, 17, 28][3, 1, 24, 7, 16][9, 23, 14, 4, 20][21, 15, 27, 29][2, 10, 6, 5][0, 19, 8, 26][16, 27][3, 14][5, 21][6, 13][13, 18][0, 13] 
[12, 18, 22, 25, 11, 17, 28][3, 1, 24, 7, 16][9, 23, 14, 4, 20][21, 15, 27, 29][2, 10, 6, 5][0, 19, 8, 26][16, 27][3, 14][5, 21][6, 13][13, 18][0, 13] 
[12, 18, 22, 25, 11, 17, 28][3, 1, 24, 7, 16][9, 23, 14, 4, 20][21, 15, 27, 29][2, 10, 6, 5][0, 19, 8, 26][16, 27][3, 14][5, 21][6, 13][13, 18][0, 13] 
[12, 18, 22, 25, 11, 17, 28][3, 1, 24, 7, 16][9, 23, 14, 4, 20][0, 19, 8, 26][2, 10, 6, 5][21, 15, 27, 29][13, 18][0, 13][6, 13][5, 21][16, 27][1, 14] 
[12, 18, 22, 25, 11, 17, 28][3, 1, 24, 7, 16][9, 14, 23, 4, 20][21, 15, 27, 29][2, 10, 6, 5][0, 19, 8, 26][3, 14][16, 27][5, 21][6, 13][13, 18][0, 13] 
[12, 18, 22, 25, 11, 17, 28][3, 1, 24, 7, 16][9, 23, 14, 4, 20][21, 15, 27, 29][2, 10, 6, 5][0, 19, 8, 26][16, 27][3, 14][5, 21][6, 13][13, 18][0, 13] 
[12, 18, 22, 25, 11, 17, 28][3, 1, 24, 7, 16][9, 23, 14, 4, 20][21, 15, 27, 29][2, 10, 6, 5][0, 19, 8, 26][16, 27][3, 14][5, 21][6, 13][13, 18][0, 13] 
[12, 18, 22, 25, 11, 17, 28][3, 1, 24, 7, 16][9, 14, 23, 4, 20][0, 19, 8, 26][2, 10, 6, 5][21, 15, 27, 29][0, 13][13, 18][6, 13][5, 21][16, 27][3, 14] 
[12, 18, 22, 25, 11, 17, 28][3, 1, 24, 7, 16][9, 14, 23, 4, 20][0, 19, 8, 26][2, 10, 6, 5][21, 15, 27, 29][0, 13][13, 18][6, 13][5, 21][16, 27][3, 14] 
[12, 18, 22, 25, 11, 17, 28][3, 1, 24, 7, 16][9, 23, 14, 4, 20][21, 15, 27, 29][2, 10, 6, 5][0, 19, 8, 26][16, 27][3, 14][5, 21][6, 13][13, 18][0, 13] 
[12, 18, 22, 25, 11, 17, 28][3, 1, 24, 7, 16][9, 23, 14, 4, 20][0, 19, 8, 26][2, 10, 6, 5][21, 15, 27, 29][13, 18][0, 13][6, 13][5, 21][16, 27][1, 14] 
[12, 18, 22, 25, 11, 17, 28][3, 1, 24, 7, 16][9, 23, 14, 4, 20][21, 15, 27, 29][2, 10, 6, 5][0, 19, 8, 26][16, 27][3, 14][5, 21][6, 13][13, 18][0, 13] 
[12, 18, 22, 25, 11, 17, 28][3, 1, 24, 7, 16][9, 23, 14, 4, 20][21, 15, 27, 29][2, 10, 6, 5][0, 19, 8, 26][16, 27][3, 14][5, 21][6, 13][13, 18][0, 13] 
[12, 18, 22, 25, 11, 17, 28][3, 1, 24, 7, 16][9, 23, 14, 4, 20][0, 19, 8, 26][2, 10, 6, 5][21, 15, 27, 29][13, 18][0, 13][6, 13][5, 21][16, 27][1, 14] 
[12, 18, 22, 25, 11, 17, 28][3, 1, 24, 7, 16][9, 14, 23, 4, 20][0, 19, 8, 26][2, 10, 6, 5][21, 15, 27, 29][0, 13][13, 18][6, 13][5, 21][16, 27][3, 14] 
[12, 18, 22, 25, 11, 17, 28][3, 1, 24, 7, 16][9, 23, 14, 4, 20][21, 15, 27, 29][2, 10, 6, 5][0, 19, 8, 26][16, 27][5, 21][3, 14][6, 13][0, 13][13, 18] 
[12, 18, 22, 25, 11, 17, 28][3, 1, 24, 7, 16][9, 23, 14, 4, 20][21, 15, 27, 29][2, 10, 6, 5][0, 19, 8, 26][16, 27][3, 14][5, 21][6, 13][13, 18][0, 13] 
[12, 18, 22, 25, 11, 17, 28][3, 1, 24, 7, 16][9, 14, 23, 4, 20][0, 19, 8, 26][2, 10, 6, 5][21, 15, 27, 29][0, 13][13, 18][6, 13][5, 21][16, 27][3, 14] 
[12, 18, 22, 25, 11, 17, 28][3, 1, 24, 7, 16][9, 14, 23, 4, 20][0, 19, 8, 26][2, 10, 6, 5][21, 15, 27, 29][0, 13][13, 18][6, 13][5, 21][16, 27][3, 14] 
[12, 18, 22, 25, 11, 17, 28][3, 1, 24, 7, 16][9, 23, 14, 4, 20][21, 15, 27, 29][2, 10, 6, 5][0, 19, 8, 26][16, 27][5, 21][3, 14][6, 13][0, 13][13, 18] 
[12, 18, 22, 25, 11, 17, 28][3, 1, 24, 7, 16][9, 23, 14, 4, 20][21, 15, 27, 29][2, 10, 6, 5][0, 19, 8, 26][16, 27][5, 21][3, 14][6, 13][0, 13][13, 18] 
[12, 18, 22, 25, 11, 17, 28][3, 1, 24, 7, 16][9, 14, 23, 4, 20][0, 19, 8, 26][2, 10, 6, 5][21, 15, 27, 29][0, 13][13, 18][6, 13][5, 21][16, 27][3, 14] 
[12, 18, 22, 25, 11, 17, 28][3, 1, 24, 7, 16][9, 14, 23, 4, 20][0, 19, 8, 26][2, 10, 6, 5][21, 15, 27, 29][0, 13][13, 18][6, 13][5, 21][16, 27][3, 14] 
[20, 24, 23, 4, 3, 9, 1, 14, 7, 25, 0, 19, 8, 26][15, 21, 5, 6, 13, 18, 0, 12, 22][2, 7, 25, 11, 17, 28, 16, 27][1, 9, 3][7, 25][3, 4][2, 7][17, 28][2, 10][15, 29][5, 6][11, 17] 
[20, 24, 23, 4, 3, 9, 1, 14, 7, 25, 0, 19, 8, 26][15, 21, 5, 6, 13, 18, 0, 12, 22][2, 7, 25, 11, 17, 28, 16, 27][7, 25][3, 4][2, 7][17, 28][2, 10][3, 9][15, 29][5, 6][11, 17] 
[20, 24, 23, 4, 3, 9, 1, 14, 7, 25, 0, 19, 8, 26][15, 21, 5, 6, 13, 18, 0, 12, 22][2, 7, 25, 11, 17, 28, 16, 27][7, 25][3, 4][2, 7][17, 28][2, 10][3, 9][15, 29][5, 6][11, 17] 
[20, 24, 23, 4, 3, 9, 1, 14, 7, 25, 0, 19, 8, 26][15, 21, 5, 6, 13, 18, 12, 22][25, 11, 17, 28, 16, 27][2, 29, 15][7, 25][3, 4][2, 7][17, 28][2, 10][3, 9][5, 6][11, 17] 
[20, 24, 23, 4, 3, 9, 1, 14, 7, 25, 0, 19, 8, 26][15, 21, 5, 6, 13, 18, 12, 22][25, 11, 17, 28, 16, 27][2, 29, 15][7, 25][3, 4][2, 7][17, 28][2, 10][3, 9][5, 6][11, 17] 
[20, 24, 23, 4, 3, 9, 1, 14, 7, 25, 0, 19, 8, 26][15, 21, 5, 6, 13, 18, 12, 22][25, 11, 17, 28, 16, 27][2, 29, 15][7, 25][3, 4][2, 7][17, 28][2, 10][3, 9][5, 6][11, 17] 
[20, 24, 23, 4, 3, 9, 1, 14, 7, 25, 0, 19, 8, 26][15, 21, 5, 6, 13, 18, 0, 12, 22][25, 11, 17, 28, 16, 27][7, 2, 10][7, 25][3, 4][17, 28][2, 10][3, 9][15, 29][5, 6][11, 17] 
[20, 24, 23, 4, 3, 9, 1, 14, 7, 25, 0, 19, 8, 26][15, 21, 5, 6, 13, 18, 0, 12, 22][2, 7, 25, 11, 17, 28, 16, 27][7, 25][3, 4][2, 7][17, 28][2, 10][3, 9][15, 29][5, 6][11, 17] 
[20, 24, 23, 4, 3, 9, 1, 14, 7, 25, 0, 19, 8, 26][15, 21, 5, 6, 13, 18, 12, 22][25, 11, 17, 28, 16, 27][2, 29, 15][7, 25][3, 4][2, 7][17, 28][2, 10][3, 9][5, 6][11, 17] 
[20, 24, 23, 4, 3, 9, 1, 14, 7, 25, 0, 19, 8, 26][15, 21, 5, 6, 13, 18, 0, 12, 22][2, 7, 25, 11, 17, 28, 16, 27][7, 25][3, 4][2, 7][17, 28][2, 10][3, 9][15, 29][5, 6][11, 17] 
[20, 24, 23, 4, 3, 9, 1, 14, 7, 25, 0, 19, 8, 26][15, 21, 5, 6, 13, 18, 0, 12, 22][2, 7, 25, 11, 17, 28, 16, 27][1, 9, 3][7, 25][3, 4][2, 7][17, 28][2, 10][15, 29][5, 6][11, 17] 
[20, 24, 23, 4, 3, 9, 1, 14, 7, 25, 0, 19, 8, 26][15, 21, 5, 6, 13, 18, 0, 12, 22][2, 7, 25, 11, 17, 28, 16, 27][6, 5, 21][7, 25][3, 4][2, 7][17, 28][2, 10][3, 9][15, 29][11, 17] 
[20, 24, 23, 4, 3, 9, 1, 14, 7, 25, 0, 19, 8, 26][15, 21, 5, 6, 13, 18, 12, 22][25, 11, 17, 28, 16, 27][2, 29, 15][7, 25][3, 4][2, 7][17, 28][2, 10][3, 9][5, 6][11, 17] 
[20, 24, 23, 4, 3, 9, 1, 14, 7, 25, 0, 19, 8, 26][15, 21, 5, 6, 13, 18, 0, 12, 22][2, 7, 25, 11, 17, 28, 16, 27][7, 25][3, 4][2, 7][17, 28][2, 10][3, 9][15, 29][5, 6][11, 17] 
[20, 24, 23, 4, 3, 9, 1, 14, 7, 25, 0, 19, 8, 26][15, 21, 5, 6, 13, 18, 0, 12, 22][2, 7, 25, 11, 17, 28, 16, 27][6, 5, 21][7, 25][3, 4][2, 7][17, 28][2, 10][3, 9][15, 29][11, 17] 
[20, 24, 23, 4, 3, 9, 1, 14, 7, 25, 0, 19, 8, 26][11, 17, 22, 19, 0, 28, 7, 27, 10, 2, 29][5, 6, 13, 18, 0, 12][21, 15, 29][13, 18][20, 24][20, 24][20, 24][7, 16][6, 13][6, 13][13, 18] 
[20, 24, 23, 4, 3, 9, 1, 14, 7, 25, 0, 19, 8, 26][11, 17, 22, 19, 0, 28, 7, 27, 16, 10, 2, 29][5, 6, 13, 18, 0, 12][21, 15, 29][20, 24, 23][13, 18][20, 24][20, 24][7, 16][6, 13][6, 13][13, 18] 
[20, 24, 23, 4, 3, 9, 1, 14, 7, 25, 0, 19, 8, 26][15, 21, 5, 6, 13, 18, 0, 12, 22][25, 11, 17, 28, 16, 27][7, 25][3, 4][2, 7][17, 28][2, 10][3, 9][15, 29][5, 6][11, 17] 
[20, 24, 23, 4, 3, 9, 1, 14, 7, 25, 0, 19, 8, 26][11, 17, 22, 19, 0, 28, 7, 27, 10, 2, 29][5, 6, 13, 18, 0, 12][21, 15, 29][13, 18][20, 24][20, 24][20, 24][7, 16][6, 13][6, 13][13, 18] 
[20, 24, 23, 4, 3, 9, 1, 14, 7, 25, 0, 19, 8, 26][15, 21, 5, 6, 13, 18, 0, 12, 22][25, 11, 17, 28, 16, 27][7, 2, 10][7, 25][3, 4][17, 28][2, 10][3, 9][15, 29][5, 6][11, 17] 
[20, 24, 23, 4, 3, 9, 1, 14, 7, 25, 0, 19, 8, 26][11, 17, 22, 19, 0, 28, 7, 27, 16, 10, 2, 29][12, 0, 18, 13, 6, 5, 21][5, 6][6, 13][0, 19][7, 16][2, 10][3, 9][13, 18][15, 21][13, 18] 
[12, 18, 22, 25, 11, 17, 28][3, 1, 24, 7, 16][9, 23, 14, 4, 20][21, 15, 27, 29][2, 10, 6, 5][0, 19, 8, 26][16, 27][1, 14][5, 21][6, 13][13, 18][0, 13] 
[12, 18, 22, 25, 11, 17, 28][3, 1, 24, 7, 16][9, 23, 14, 4, 20][0, 19, 8, 26][2, 10, 6, 5][21, 15, 27, 29][13, 18][0, 13][6, 13][5, 21][16, 27][1, 14] 
[12, 18, 22, 25, 11, 17, 28][3, 1, 24, 7, 16][9, 23, 14, 4, 20][0, 19, 8, 26][2, 10, 6, 5][21, 15, 27, 29][13, 18][0, 13][6, 13][5, 21][16, 27][1, 14] 
[12, 18, 22, 25, 11, 17, 28][3, 1, 24, 7, 16][9, 23, 14, 4, 20][21, 15, 27, 29][2, 10, 6, 5][0, 19, 8, 26][16, 27][1, 14][5, 21][6, 13][13, 18][0, 13] 
[12, 18, 22, 25, 11, 17, 28][3, 1, 24, 7, 16][9, 23, 14, 4, 20][21, 15, 27, 29][2, 10, 6, 5][0, 19, 8, 26][16, 27][1, 14][5, 21][6, 13][13, 18][0, 13] 
[12, 18, 22, 25, 11, 17, 28][3, 1, 24, 7, 16][9, 23, 14, 4, 20][0, 19, 8, 26][2, 10, 6, 5][21, 15, 27, 29][13, 18][0, 13][6, 13][5, 21][16, 27][1, 14] 
[12, 18, 22, 25, 11, 17, 28][3, 1, 24, 7, 16][9, 23, 14, 4, 20][0, 19, 8, 26][2, 10, 6, 5][21, 15, 27, 29][13, 18][0, 13][6, 13][5, 21][16, 27][1, 14] 
[12, 18, 22, 25, 11, 17, 28][3, 1, 24, 7, 16][9, 23, 14, 4, 20][0, 19, 8, 26][2, 10, 6, 5][21, 15, 27, 29][13, 18][0, 13][6, 13][5, 21][16, 27][1, 14] 
[12, 18, 22, 25, 11, 17, 28][3, 1, 24, 7, 16][9, 23, 14, 4, 20][0, 19, 8, 26][2, 10, 6, 5][21, 15, 27, 29][13, 18][0, 13][6, 13][5, 21][16, 27][1, 14] 
[12, 18, 22, 25, 11, 17, 28][3, 1, 24, 7, 16][9, 23, 14, 4, 20][21, 15, 27, 29][2, 10, 6, 5][0, 19, 8, 26][5, 21][6, 13][0, 13][16, 27][1, 14][13, 18] 
[12, 18, 22, 25, 11, 17, 28][3, 1, 24, 7, 16][9, 23, 14, 4, 20][0, 19, 8, 26][2, 10, 6, 5][21, 15, 27, 29][13, 18][0, 13][6, 13][5, 21][16, 27][1, 14] 
[12, 18, 22, 25, 11, 17, 28][3, 1, 24, 7, 16][9, 23, 14, 4, 20][0, 19, 8, 26][2, 10, 6, 5][21, 15, 27, 29][13, 18][0, 13][6, 13][5, 21][16, 27][1, 14] 
[12, 18, 22, 25, 11, 17, 28][3, 1, 24, 7, 16][9, 23, 14, 4, 20][0, 19, 8, 26][2, 10, 6, 5][21, 15, 27, 29][13, 18][0, 13][6, 13][5, 21][16, 27][1, 14] 
[12, 18, 22, 25, 11, 17, 28][3, 1, 24, 7, 16][9, 23, 14, 4, 20][0, 19, 8, 26][2, 10, 6, 5][21, 15, 27, 29][13, 18][0, 13][6, 13][5, 21][16, 27][1, 14] 
[12, 18, 22, 25, 11, 17, 28][3, 1, 24, 7, 16][9, 23, 14, 4, 20][0, 19, 8, 26][2, 10, 6, 5][21, 15, 27, 29][13, 18][0, 13][6, 13][5, 21][16, 27][1, 14] 
[12, 18, 22, 25, 11, 17, 28][3, 1, 24, 7, 16][9, 14, 23, 4, 20][0, 19, 8, 26][2, 10, 6, 5][21, 15, 27, 29][0, 13][13, 18][6, 13][5, 21][16, 27][3, 14] 
[12, 18, 22, 25, 11, 17, 28][3, 1, 24, 7, 16][9, 14, 23, 4, 20][0, 19, 8, 26][2, 10, 6, 5][21, 15, 27, 29][0, 13][13, 18][6, 13][5, 21][16, 27][3, 14] 
[12, 18, 22, 25, 11, 17, 28][3, 1, 24, 7, 16][9, 14, 23, 4, 20][2, 10, 6, 5][21, 15, 27, 29][0, 19, 8, 26][5, 21][6, 13][13, 18][16, 27][0, 13][3, 14] 
[12, 18, 22, 25, 11, 17, 28][3, 1, 24, 7, 16][9, 14, 23, 4, 20][0, 19, 8, 26][2, 10, 6, 5][21, 15, 27, 29][0, 13][13, 18][6, 13][5, 21][16, 27][3, 14] 
[12, 18, 22, 25, 11, 17, 28][3, 1, 24, 7, 16][9, 14, 23, 4, 20][0, 19, 8, 26][2, 10, 6, 5][21, 15, 27, 29][0, 13][13, 18][6, 13][5, 21][16, 27][3, 14] 
[12, 18, 22, 25, 11, 17, 28][3, 1, 24, 7, 16][9, 14, 23, 4, 20][2, 10, 6, 5][21, 15, 27, 29][0, 19, 8, 26][5, 21][6, 13][13, 18][16, 27][0, 13][3, 14] 
[12, 18, 22, 25, 11, 17, 28][3, 1, 24, 7, 16][9, 23, 14, 4, 20][0, 19, 8, 26][2, 10, 6, 5][21, 15, 27, 29][13, 18][0, 13][6, 13][5, 21][16, 27][1, 14] 
[12, 18, 22, 25, 11, 17, 28][3, 1, 24, 7, 16][9, 23, 14, 4, 20][0, 19, 8, 26][2, 10, 6, 5][21, 15, 27, 29][13, 18][0, 13][6, 13][5, 21][16, 27][1, 14] 
[12, 18, 22, 25, 11, 17, 28][3, 1, 24, 7, 16][9, 23, 14, 4, 20][0, 19, 8, 26][2, 10, 6, 5][21, 15, 27, 29][13, 18][0, 13][6, 13][5, 21][16, 27][1, 14] 
[12, 18, 22, 25, 11, 17, 28][3, 1, 24, 7, 16][9, 23, 14, 4, 20][0, 19, 8, 26][2, 10, 6, 5][21, 15, 27, 29][13, 18][0, 13][6, 13][5, 21][16, 27][1, 14] 
[12, 18, 22, 25, 11, 17, 28][3, 1, 24, 7, 16][9, 23, 14, 4, 20][0, 19, 8, 26][2, 10, 6, 5][21, 15, 27, 29][13, 18][0, 13][6, 13][5, 21][16, 27][1, 14] 
[12, 18, 22, 25, 11, 17, 28][3, 1, 24, 7, 16][9, 23, 14, 4, 20][21, 15, 27, 29][2, 10, 6, 5][0, 19, 8, 26][16, 27][3, 14][5, 21][6, 13][13, 18][0, 13] 
[12, 18, 22, 25, 11, 17, 28][3, 1, 24, 7, 16][9, 23, 14, 4, 20][0, 19, 8, 26][2, 10, 6, 5][21, 15, 27, 29][0, 13][13, 18][6, 13][5, 21][16, 27][1, 14] 
[12, 18, 22, 25, 11, 17, 28][3, 1, 24, 7, 16][9, 14, 23, 4, 20][2, 10, 6, 5][21, 15, 27, 29][0, 19, 8, 26][5, 21][16, 27][6, 13][0, 13][13, 18][3, 14] 
[12, 18, 22, 25, 11, 17, 28][3, 1, 24, 7, 16][9, 14, 23, 4, 20][0, 19, 8, 26][2, 10, 6, 5][21, 15, 27, 29][0, 13][13, 18][6, 13][5, 21][16, 27][3, 14] 
[12, 18, 22, 25, 11, 17, 28][3, 1, 24, 7, 16][9, 14, 23, 4, 20][0, 19, 8, 26][2, 10, 6, 5][21, 15, 27, 29][0, 13][13, 18][6, 13][5, 21][16, 27][3, 14] 
[12, 18, 22, 25, 11, 17, 28][3, 1, 24, 7, 16][9, 14, 23, 4, 20][0, 19, 8, 26][2, 10, 6, 5][21, 15, 27, 29][0, 13][13, 18][6, 13][5, 21][16, 27][3, 14] 
[12, 18, 22, 25, 11, 17, 28][3, 1, 24, 7, 16][9, 14, 23, 4, 20][0, 19, 8, 26][2, 10, 6, 5][21, 15, 27, 29][0, 13][13, 18][6, 13][5, 21][16, 27][3, 14] 
[12, 18, 22, 25, 11, 17, 28][3, 1, 24, 7, 16][9, 14, 23, 4, 20][0, 19, 8, 26][2, 10, 6, 5][21, 15, 27, 29][0, 13][13, 18][6, 13][5, 21][16, 27][3, 14] 
[12, 18, 22, 25, 11, 17, 28][3, 1, 24, 7, 16][9, 14, 23, 4, 20][0, 19, 8, 26][2, 10, 6, 5][21, 15, 27, 29][0, 13][13, 18][6, 13][5, 21][16, 27][3, 14] 
[12, 18, 22, 25, 11, 17, 28][3, 1, 24, 7, 16][9, 14, 23, 4, 20][0, 19, 8, 26][2, 10, 6, 5][21, 15, 27, 29][0, 13][13, 18][6, 13][5, 21][16, 27][3, 14] 
[12, 18, 22, 25, 11, 17, 28][3, 1, 24, 7, 16][9, 14, 23, 4, 20][0, 19, 8, 26][2, 10, 6, 5][21, 15, 27, 29][0, 13][13, 18][6, 13][5, 21][16, 27][3, 14] 
[12, 18, 22, 25, 11, 17, 28][3, 1, 24, 7, 16][9, 14, 23, 4, 20][0, 19, 8, 26][2, 10, 6, 5][21, 15, 27, 29][0, 13][13, 18][6, 13][5, 21][16, 27][3, 14] 
[12, 18, 22, 25, 11, 17, 28][3, 1, 24, 7, 16][9, 14, 23, 4, 20][0, 19, 8, 26][2, 10, 6, 5][21, 15, 27, 29][0, 13][13, 18][6, 13][5, 21][16, 27][3, 14] 
[12, 18, 22, 25, 11, 17, 28][3, 1, 24, 7, 16][9, 14, 23, 4, 20][0, 19, 8, 26][2, 10, 6, 5][21, 15, 27, 29][0, 13][13, 18][6, 13][5, 21][16, 27][3, 14] 
[12, 18, 22, 25, 11, 17, 28][3, 1, 24, 7, 16][9, 14, 23, 4, 20][0, 19, 8, 26][2, 10, 6, 5][21, 15, 27, 29][0, 13][13, 18][6, 13][5, 21][16, 27][3, 14] 
[12, 18, 22, 25, 11, 17, 28][3, 1, 24, 7, 16][9, 14, 23, 4, 20][0, 19, 8, 26][2, 10, 6, 5][21, 15, 27, 29][0, 13][13, 18][6, 13][5, 21][16, 27][3, 14] 
[12, 18, 22, 25, 11, 17, 28][3, 1, 24, 7, 16][9, 14, 23, 4, 20][0, 19, 8, 26][2, 10, 6, 5][21, 15, 27, 29][0, 13][13, 18][6, 13][5, 21][16, 27][3, 14] 
[12, 18, 22, 25, 11, 17, 28][3, 1, 24, 7, 16][9, 14, 23, 4, 20][0, 19, 8, 26][2, 10, 6, 5][21, 15, 27, 29][5, 21, 15][0, 13][13, 18][6, 13][16, 27][3, 14] 
[16, 7, 24, 1, 3, 4, 20][12, 18, 22, 25, 11, 17, 28][21, 15, 27, 29][2, 10, 6, 5][0, 19, 8, 26][9, 23, 14][16, 27][3, 14][5, 21][6, 13][13, 18][0, 13] 
[16, 7, 24, 1, 3, 4, 20][12, 18, 22, 25, 11, 17, 28][21, 15, 27, 29][2, 10, 6, 5][0, 19, 8, 26][9, 23, 14][16, 27][3, 14][5, 21][6, 13][13, 18][0, 13] 
[16, 7, 24, 1, 3, 4, 20][12, 18, 22, 25, 11, 17, 28][21, 15, 27, 29][2, 10, 6, 5][0, 19, 8, 26][9, 23, 14][16, 27][3, 14][5, 21][6, 13][13, 18][0, 13] 
[16, 7, 24, 1, 3, 4, 20][12, 18, 22, 25, 11, 17, 28][21, 15, 27, 29][2, 10, 6, 5][0, 19, 8, 26][9, 23, 14][16, 27][3, 14][5, 21][6, 13][13, 18][0, 13] 
[12, 18, 22, 25, 11, 17, 28][14, 9, 3, 4, 20, 23][2, 21, 15, 27, 29][3, 1, 24, 7][0, 19, 8, 26][5, 6, 10][7, 16][16, 27][5, 21][6, 13][13, 18][0, 13] 
[12, 18, 22, 25, 11, 17, 28][3, 1, 24, 7, 16][9, 23, 14, 4, 20][0, 19, 8, 26][2, 10, 6, 5][21, 15, 27, 29][0, 13][13, 18][6, 13][5, 21][16, 27][1, 14] 
[12, 18, 22, 25, 11, 17, 28][3, 1, 24, 7, 16][9, 23, 14, 4, 20][0, 19, 8, 26][2, 10, 6, 5][21, 15, 27, 29][13, 18][0, 13][6, 13][5, 21][16, 27][1, 14] 
[12, 18, 22, 25, 11, 17, 28][3, 1, 24, 7, 16][9, 23, 14, 4, 20][0, 19, 8, 26][2, 10, 6, 5][21, 15, 27, 29][13, 18][0, 13][6, 13][5, 21][16, 27][1, 14] 
[12, 18, 22, 25, 11, 17, 28][3, 1, 24, 7, 16][9, 23, 14, 4, 20][21, 15, 27, 29][2, 10, 6, 5][0, 19, 8, 26][16, 27][1, 14][5, 21][6, 13][13, 18][0, 13] 
[12, 18, 22, 25, 11, 17, 28][3, 1, 24, 7, 16][9, 23, 14, 4, 20][0, 19, 8, 26][2, 10, 6, 5][21, 15, 27, 29][13, 18][0, 13][6, 13][5, 21][16, 27][1, 14] 
[12, 18, 22, 25, 11, 17, 28][3, 1, 24, 7, 16][9, 14, 23, 4, 20][0, 19, 8, 26][2, 10, 6, 5][21, 15, 27, 29][0, 13][13, 18][6, 13][5, 21][16, 27][3, 14] 
[12, 18, 22, 25, 11, 17, 28][3, 1, 24, 7, 16][9, 23, 14, 4, 20][0, 19, 8, 26][2, 10, 6, 5][21, 15, 27, 29][13, 18][0, 13][6, 13][5, 21][16, 27][1, 14] 
