[21, 5, 15, 2, 29, 27][4, 1, 3, 11, 17][13, 18, 12, 8, 19][10, 7, 20, 14][6, 16, 28, 25][9, 23, 24, 14][22, 0, 26][7, 28][22, 25][6, 15][3, 24][18, 22] 
[21, 5, 15, 2, 29, 27][4, 1, 3, 11, 17][13, 18, 12, 8, 19][10, 7, 20, 14][6, 16, 28, 25][9, 23, 24, 14][22, 0, 26][7, 28][22, 25][6, 15][3, 24][18, 22] 
[4, 1, 3, 11, 17][21, 5, 15, 2, 29][13, 18, 12, 8, 19][10, 7, 20, 14][9, 23, 24, 14][6, 15, 27, 16][16, 28, 25][22, 0, 26][3, 24][7, 28][22, 25][18, 22] 
[4, 1, 3, 11, 17][21, 5, 15, 2, 29][13, 18, 12, 8, 19][9, 23, 24, 14][10, 7, 20, 14][6, 15, 27, 16][22, 25, 28][22, 0, 26][3, 24][7, 28][16, 28][18, 22] 
[21, 5, 15, 2, 29, 27][4, 1, 3, 11, 17][13, 18, 12, 8, 19][10, 7, 20, 14][6, 16, 28, 25][9, 23, 24, 14][22, 0, 26][7, 28][22, 25][6, 15][3, 24][18, 22] 
[21, 5, 15, 2, 29, 27][4, 1, 3, 11, 17][13, 18, 12, 8, 19][10, 7, 20, 14][6, 16, 28, 25][9, 23, 24, 14][22, 0, 26][7, 28][22, 25][6, 15][3, 24][18, 22] 
[21, 5, 15, 2, 29, 27][4, 1, 3, 11, 17][13, 18, 12, 8, 19][10, 7, 20, 14][6, 16, 28, 25][9, 23, 24, 14][22, 0, 26][7, 28][22, 25][6, 15][3, 24][18, 22] 
[21, 5, 15, 2, 29, 27][4, 1, 3, 11, 17][13, 18, 12, 8, 19][10, 7, 20, 14][6, 16, 28, 25][9, 23, 24, 14][22, 0, 26][7, 28][22, 25][6, 15][3, 24][18, 22] 
[21, 5, 15, 2, 29, 27][4, 1, 3, 11, 17][13, 18, 12, 8, 19][10, 7, 20, 14][6, 16, 28, 25][9, 23, 24, 14][22, 0, 26][7, 28][22, 25][6, 15][3, 24][18, 22] 
[21, 5, 15, 2, 29, 27][4, 1, 3, 11, 17][13, 18, 12, 8, 19][6, 16, 28, 25][10, 7, 20, 14][9, 23, 24, 14][22, 0, 26][22, 25][6, 15][7, 28][3, 24][18, 22] 
[21, 5, 15, 2, 29, 27][4, 1, 3, 11, 17][13, 18, 12, 8, 19][10, 7, 20, 14][6, 16, 28, 25][9, 23, 24, 14][22, 0, 26][7, 28][22, 25][6, 15][3, 24][18, 22] 
[21, 5, 15, 2, 29, 27][4, 1, 3, 11, 17][13, 18, 12, 8, 19][10, 7, 20, 14][6, 16, 28, 25][9, 23, 24, 14][22, 0, 26][7, 28][22, 25][6, 15][3, 24][18, 22] 
[4, 1, 3, 11, 17][21, 5, 15, 2, 29][13, 18, 12, 8, 19][10, 7, 20, 14][9, 23, 24, 14][6, 15, 27, 16][16, 28, 25][22, 0, 26][3, 24][7, 28][22, 25][18, 22] 
[21, 5, 15, 2, 29, 27][4, 1, 3, 11, 17][13, 18, 12, 8, 19][10, 7, 20, 14][6, 16, 28, 25][9, 23, 24, 14][22, 0, 26][7, 28][22, 25][6, 15][3, 24][18, 22] 
[21, 5, 15, 2, 29, 27][4, 1, 3, 11, 17][13, 18, 12, 8, 19][10, 7, 20, 14][6, 16, 28, 25][9, 23, 24, 14][22, 0, 26][7, 28][22, 25][6, 15][3, 24][18, 22] 
[21, 5, 15, 2, 29, 27][4, 1, 3, 11, 17][13, 18, 12, 8, 19][10, 7, 20, 14][6, 16, 28, 25][9, 23, 24, 14][22, 0, 26][7, 28][22, 25][6, 15][3, 24][18, 22] 
[21, 5, 15, 2, 29, 27][4, 1, 3, 11, 17][13, 18, 12, 8, 19][10, 7, 20, 14][6, 16, 28, 25][9, 23, 24, 14][22, 0, 26][7, 28][22, 25][6, 15][3, 24][18, 22] 
[21, 5, 15, 2, 29, 27][4, 1, 3, 11, 17][13, 18, 12, 8, 19][10, 7, 20, 14][6, 16, 28, 25][9, 23, 24, 14][22, 0, 26][7, 28][22, 25][6, 15][3, 24][18, 22] 
[21, 5, 15, 2, 29, 27][4, 1, 3, 11, 17][13, 18, 12, 8, 19][10, 7, 20, 14][6, 16, 28, 25][9, 23, 24, 14][22, 0, 26][7, 28][22, 25][6, 15][3, 24][18, 22] 
[21, 5, 15, 2, 29, 27][4, 1, 3, 11, 17][13, 18, 12, 8, 19][10, 7, 20, 14][6, 16, 28, 25][9, 23, 24, 14][22, 0, 26][7, 28][22, 25][6, 15][3, 24][18, 22] 
[21, 5, 15, 2, 29, 27][4, 1, 3, 11, 17][13, 18, 12, 8, 19][10, 7, 20, 14][6, 16, 28, 25][9, 23, 24, 14][22, 0, 26][7, 28][22, 25][6, 15][3, 24][18, 22] 
[21, 5, 15, 2, 29, 27][4, 1, 3, 11, 17][13, 18, 12, 8, 19][9, 23, 24, 14][10, 7, 20, 14][6, 16, 28, 25][22, 0, 26][3, 24][10, 29][7, 28][22, 25][18, 22] 
[4, 1, 3, 11, 17][21, 5, 15, 2, 29][13, 18, 12, 8, 19][10, 7, 20, 14][9, 23, 24, 14][6, 15, 27, 16][16, 28, 25][22, 0, 26][3, 24][7, 28][22, 25][18, 22] 
[21, 5, 15, 2, 29, 27][4, 1, 3, 11, 17][13, 18, 12, 8, 19][10, 7, 20, 14][6, 16, 28, 25][9, 23, 24, 14][22, 0, 26][7, 28][22, 25][6, 15][3, 24][18, 22] 
[21, 5, 15, 2, 29, 27][4, 1, 3, 11, 17][13, 18, 12, 8, 19][10, 7, 20, 14][6, 16, 28, 25][9, 23, 24, 14][22, 0, 26][7, 28][22, 25][6, 15][3, 24][18, 22] 
[21, 5, 15, 2, 29, 27][4, 1, 3, 11, 17][13, 18, 12, 8, 19][10, 7, 20, 14][6, 16, 28, 25][9, 23, 24, 14][22, 0, 26][7, 28][22, 25][6, 15][3, 24][18, 22] 
[21, 5, 15, 2, 29, 27][4, 1, 3, 11, 17][13, 18, 12, 8, 19][6, 16, 28, 25][10, 7, 20, 14][9, 23, 24, 14][22, 0, 26][7, 28][3, 24][22, 25][18, 22][6, 15] 
[21, 5, 15, 2, 29, 27][4, 1, 3, 11, 17][13, 18, 12, 8, 19][10, 7, 20, 14][6, 16, 28, 25][9, 23, 24, 14][22, 0, 26][7, 28][22, 25][6, 15][3, 24][18, 22] 
[21, 5, 15, 2, 29, 27][4, 1, 3, 11, 17][13, 18, 12, 8, 19][10, 7, 20, 14][6, 16, 28, 25][9, 23, 24, 14][22, 0, 26][7, 28][22, 25][6, 15][3, 24][18, 22] 
[21, 5, 15, 2, 29, 27][4, 1, 3, 11, 17][13, 18, 12, 8, 19][10, 7, 20, 14][6, 16, 28, 25][9, 23, 24, 14][22, 0, 26][7, 28][22, 25][6, 15][3, 24][18, 22] 
[21, 5, 15, 2, 29, 27][4, 1, 3, 11, 17][13, 18, 12, 8, 19][10, 7, 20, 14][6, 16, 28, 25][9, 23, 24, 14][22, 0, 26][7, 28][22, 25][6, 15][3, 24][18, 22] 
[21, 5, 15, 2, 29, 27][4, 1, 3, 11, 17][13, 18, 12, 8, 19][9, 23, 24, 14][10, 7, 20, 14][6, 16, 28, 25][22, 0, 26][3, 24][10, 29][7, 28][22, 25][18, 22] 
[21, 5, 15, 2, 29, 27][4, 1, 3, 11, 17][13, 18, 12, 8, 19][10, 7, 20, 14][6, 16, 28, 25][9, 23, 24, 14][22, 0, 26][7, 28][22, 25][6, 15][3, 24][18, 22] 
[21, 5, 15, 2, 29, 27][4, 1, 3, 11, 17][13, 18, 12, 8, 19][10, 7, 20, 14][6, 16, 28, 25][9, 23, 24, 14][22, 0, 26][7, 28][22, 25][6, 15][3, 24][18, 22] 
[21, 5, 15, 2, 29, 27][4, 1, 3, 11, 17][13, 18, 12, 8, 19][10, 7, 20, 14][6, 16, 28, 25][9, 23, 24, 14][22, 0, 26][7, 28][22, 25][6, 15][3, 24][18, 22] 
[4, 3, 9, 23, 24, 14, 11, 17, 0, 19, 12, 8, 26][16, 27, 29, 2, 15, 5, 21, 6, 13, 0, 18][1, 14, 11, 25, 22, 17, 28, 7, 10][22, 25][20, 24][2, 29][9, 23][6, 13][9, 23][9, 23][2, 29][6, 21] 
[4, 3, 9, 23, 24, 14, 11, 17, 0, 19, 12, 8, 26][16, 27, 29, 2, 15, 5, 21, 6, 13, 0, 18][1, 14, 11, 25, 22, 17, 28, 7, 10][22, 25][20, 24][2, 29][9, 23][6, 13][9, 23][9, 23][2, 29][6, 21] 
[4, 3, 9, 23, 24, 14, 11, 17, 0, 19, 12, 8, 26][16, 27, 29, 2, 15, 5, 21, 6, 13, 0, 18][1, 14, 11, 25, 22, 17, 28, 7, 10][22, 25][20, 24][2, 29][9, 23][6, 13][9, 23][9, 23][2, 29][6, 21] 
[3, 1, 9, 23, 24, 14, 11, 17, 0, 19, 12, 8, 26][16, 27, 29, 2, 15, 5, 21, 6, 13, 0, 18][10, 7, 28, 17, 22][2, 29][22, 25][20, 24][9, 23][2, 29][2, 29][9, 23][6, 21][3, 4] 
[3, 1, 9, 23, 24, 14, 11, 17, 0, 19, 12, 8, 26][16, 27, 29, 2, 15, 5, 21, 6, 13, 0, 18][10, 7, 28, 17, 22][2, 29][22, 25][20, 24][9, 23][2, 29][2, 29][9, 23][6, 21][3, 4] 
[10, 7, 28, 17, 22, 25, 11, 14, 1, 9, 3, 24][16, 27, 29, 2, 15, 5, 21, 6, 13, 0, 18][17, 0, 19, 12, 8, 26][9, 23][4, 20][22, 25][6, 13][2, 29][20, 24][22, 25][22, 25][2, 29] 
[4, 3, 9, 23, 24, 14, 11, 17, 0, 19, 12, 8, 26][16, 27, 29, 2, 15, 5, 21, 6, 13, 0, 18][1, 14, 11, 25, 22, 17, 28, 7, 10][22, 25][20, 24][2, 29][9, 23][6, 13][9, 23][9, 23][2, 29][6, 21] 
[4, 3, 9, 23, 24, 14, 11, 17, 0, 19, 12, 8, 26][16, 27, 29, 2, 15, 5, 21, 6, 13, 0, 18][1, 14, 11, 25, 22, 17, 28, 7, 10][22, 25][20, 24][2, 29][9, 23][6, 13][9, 23][9, 23][2, 29][6, 21] 
[3, 1, 9, 23, 24, 14, 11, 17, 0, 19, 12, 8, 26][16, 27, 29, 2, 15, 5, 21, 6, 13, 0, 18][10, 7, 28, 17, 22][2, 29][22, 25][20, 24][9, 23][2, 29][2, 29][9, 23][6, 21][3, 4] 
[4, 3, 9, 23, 24, 14, 11, 17, 0, 19, 12, 8, 26][16, 27, 29, 2, 15, 5, 21, 6, 13, 0, 18][1, 14, 11, 25, 22, 17, 28, 7, 10][22, 25][20, 24][2, 29][9, 23][6, 13][9, 23][9, 23][2, 29][6, 21] 
[4, 3, 9, 23, 24, 14, 11, 17, 0, 19, 12, 8, 26][16, 27, 29, 2, 15, 5, 21, 6, 13, 0, 18][1, 14, 11, 25, 22, 17, 28, 7, 10][22, 25][20, 24][2, 29][9, 23][6, 13][9, 23][9, 23][2, 29][6, 21] 
[4, 3, 9, 23, 24, 14, 11, 17, 0, 19, 12, 8, 26][16, 27, 29, 2, 15, 5, 21, 6, 13, 0, 18][1, 14, 11, 25, 22, 17, 28, 7, 10][22, 25][20, 24][2, 29][9, 23][6, 13][9, 23][9, 23][2, 29][6, 21] 
[3, 1, 9, 23, 24, 14, 11, 17, 0, 19, 12, 8, 26][16, 27, 29, 2, 15, 5, 21, 6, 13, 0, 18][10, 7, 28, 17, 22][2, 29][22, 25][20, 24][9, 23][2, 29][2, 29][9, 23][6, 21][3, 4] 
[4, 3, 9, 23, 24, 14, 11, 17, 0, 19, 12, 8, 26][16, 27, 29, 2, 15, 5, 21, 6, 13, 0, 18][1, 14, 11, 25, 22, 17, 28, 7, 10][22, 25][20, 24][2, 29][9, 23][6, 13][9, 23][9, 23][2, 29][6, 21] 
[4, 3, 9, 23, 24, 14, 11, 17, 0, 19, 12, 8, 26][16, 27, 29, 2, 15, 5, 21, 6, 13, 0, 18][1, 14, 11, 25, 22, 17, 28, 7, 10][22, 25][20, 24][2, 29][9, 23][6, 13][9, 23][9, 23][2, 29][6, 21] 
[1, 4, 3, 9, 23, 24, 14, 11, 17, 0, 19, 12, 8, 26][16, 27, 29, 2, 15, 5, 21, 6, 13, 0, 18][1, 14, 11, 25, 22, 17, 28, 7, 10][22, 25][20, 24][2, 29][9, 23][6, 13][9, 23][9, 23][2, 29][6, 21] 
[4, 3, 1, 9, 23, 24, 14, 11, 17, 0, 19, 12, 8, 26][16, 27, 29, 2, 15, 5, 21, 6, 13, 0, 18][10, 7, 28, 17, 22, 25, 11, 14][22, 25][20, 24][2, 29][9, 23][6, 13][9, 23][9, 23][2, 29][6, 21] 
[4, 3, 1, 9, 23, 24, 14, 11, 17, 0, 19, 12, 8, 26][16, 27, 29, 2, 15, 5, 21, 6, 13, 0, 18][10, 7, 28, 17, 22][22, 25][20, 24][2, 29][9, 23][6, 13][9, 23][9, 23][2, 29][6, 21] 
[4, 3, 1, 9, 23, 24, 14, 11, 17, 0, 19, 12, 8, 26][16, 27, 29, 2, 15, 5, 21, 6, 13, 0, 18][1, 14, 11, 25, 22, 17, 28, 7, 10][22, 25][20, 24][2, 29][9, 23][6, 13][9, 23][9, 23][2, 29][6, 21] 
[4, 3, 1, 9, 23, 24, 14, 11, 17, 0, 19, 12, 8, 26][16, 27, 29, 2, 15, 5, 21, 6, 13, 0, 18][10, 7, 28, 17, 22, 25, 11, 14][22, 25][20, 24][2, 29][9, 23][6, 13][9, 23][9, 23][2, 29][6, 21] 
[4, 3, 1, 9, 23, 24, 14, 11, 17, 0, 19, 12, 8, 26][16, 27, 29, 2, 15, 5, 21, 6, 13, 0, 18][10, 7, 28, 17, 22, 25][22, 25][20, 24][2, 29][9, 23][6, 13][9, 23][9, 23][2, 29][6, 21] 
[21, 5, 15, 2, 29, 27][4, 1, 3, 11, 17][13, 18, 12, 8, 19][10, 7, 20, 14][6, 16, 28, 25][9, 23, 24, 14][22, 0, 26][7, 28][22, 25][6, 15][3, 24][18, 22] 
[21, 5, 15, 2, 29, 27][4, 1, 3, 11, 17][13, 18, 12, 8, 19][6, 16, 28, 25][10, 7, 20, 14][9, 23, 24, 14][22, 0, 26][7, 28][3, 24][22, 25][18, 22][6, 15] 
[21, 5, 15, 2, 29, 27][4, 1, 3, 11, 17][13, 18, 12, 8, 19][10, 7, 20, 14][6, 16, 28, 25][9, 23, 24, 14][22, 0, 26][7, 28][22, 25][6, 15][3, 24][18, 22] 
[21, 5, 15, 2, 29, 27][4, 1, 3, 11, 17][13, 18, 12, 8, 19][6, 16, 28, 25][10, 7, 20, 14][9, 23, 24, 14][22, 0, 26][22, 25][6, 15][7, 28][3, 24][18, 22] 
[21, 5, 15, 2, 29, 27][4, 1, 3, 11, 17][13, 18, 12, 8, 19][10, 7, 20, 14][6, 16, 28, 25][9, 23, 24, 14][22, 0, 26][7, 28][22, 25][6, 15][3, 24][18, 22] 
[21, 5, 15, 2, 29, 27][4, 1, 3, 11, 17][13, 18, 12, 8, 19][10, 7, 20, 14][6, 16, 28, 25][9, 23, 24, 14][22, 0, 26][7, 28][22, 25][6, 15][3, 24][18, 22] 
[21, 5, 15, 2, 29, 27][4, 1, 3, 11, 17][13, 18, 12, 8, 19][10, 7, 20, 14][6, 16, 28, 25][9, 23, 24, 14][22, 0, 26][7, 28][22, 25][6, 15][3, 24][18, 22] 
[21, 5, 15, 2, 29, 27][4, 1, 3, 11, 17][13, 18, 12, 8, 19][10, 7, 20, 14][6, 16, 28, 25][9, 23, 24, 14][22, 0, 26][7, 28][22, 25][6, 15][3, 24][18, 22] 
[21, 5, 15, 2, 29, 27][4, 1, 3, 11, 17][13, 18, 12, 8, 19][10, 7, 20, 14][6, 16, 28, 25][9, 23, 24, 14][22, 0, 26][7, 28][22, 25][6, 15][3, 24][18, 22] 
[21, 5, 15, 2, 29, 27][4, 1, 3, 11, 17][13, 18, 12, 8, 19][10, 7, 20, 14][6, 16, 28, 25][9, 23, 24, 14][22, 0, 26][7, 28][22, 25][6, 15][3, 24][18, 22] 
[21, 5, 15, 2, 29, 27][4, 1, 3, 11, 17][13, 18, 12, 8, 19][10, 7, 20, 14][6, 16, 28, 25][9, 23, 24, 14][22, 0, 26][7, 28][22, 25][6, 15][3, 24][18, 22] 
[21, 5, 15, 2, 29, 27][4, 1, 3, 11, 17][13, 18, 12, 8, 19][10, 7, 20, 14][6, 16, 28, 25][9, 23, 24, 14][22, 0, 26][7, 28][22, 25][6, 15][3, 24][18, 22] 
[21, 5, 15, 2, 29, 27][4, 1, 3, 11, 17][13, 18, 12, 8, 19][10, 7, 20, 14][6, 16, 28, 25][9, 23, 24, 14][22, 0, 26][7, 28][22, 25][6, 15][3, 24][18, 22] 
[21, 5, 15, 2, 29, 27][4, 1, 3, 11, 17][13, 18, 12, 8, 19][10, 7, 20, 14][6, 16, 28, 25][9, 23, 24, 14][22, 0, 26][7, 28][22, 25][6, 15][3, 24][18, 22] 
[21, 5, 15, 2, 29, 27][4, 1, 3, 11, 17][13, 18, 12, 8, 19][10, 7, 20, 14][6, 16, 28, 25][9, 23, 24, 14][22, 0, 26][7, 28][22, 25][6, 15][3, 24][18, 22] 
[21, 5, 15, 2, 29, 27][4, 1, 3, 11, 17][13, 18, 12, 8, 19][10, 7, 20, 14][6, 16, 28, 25][9, 23, 24, 14][22, 0, 26][7, 28][22, 25][6, 15][3, 24][18, 22] 
[21, 5, 15, 2, 29, 27][4, 1, 3, 11, 17][13, 18, 12, 8, 19][10, 7, 20, 14][6, 16, 28, 25][9, 23, 24, 14][22, 0, 26][7, 28][22, 25][6, 15][3, 24][18, 22] 
[21, 5, 15, 2, 29, 27][4, 1, 3, 11, 17][13, 18, 12, 8, 19][10, 7, 20, 14][6, 16, 28, 25][9, 23, 24, 14][22, 0, 26][7, 28][22, 25][6, 15][3, 24][18, 22] 
[21, 5, 15, 2, 29, 27][4, 1, 3, 11, 17][13, 18, 12, 8, 19][10, 7, 20, 14][6, 16, 28, 25][9, 23, 24, 14][22, 0, 26][7, 28][22, 25][6, 15][3, 24][18, 22] 
[21, 5, 15, 2, 29, 27][4, 1, 3, 11, 17][13, 18, 12, 8, 19][10, 7, 20, 14][6, 16, 28, 25][9, 23, 24, 14][22, 0, 26][7, 28][22, 25][6, 15][3, 24][18, 22] 
[21, 5, 15, 2, 29, 27][4, 1, 3, 11, 17][13, 18, 12, 8, 19][10, 7, 20, 14][6, 16, 28, 25][9, 23, 24, 14][22, 25, 28][22, 0, 26][7, 28][6, 15][3, 24][18, 22] 
[21, 5, 15, 2, 29, 27][4, 1, 3, 11, 17][13, 18, 12, 8, 19][10, 7, 20, 14][6, 16, 28, 25][9, 23, 24, 14][22, 0, 26][7, 28][22, 25][6, 15][3, 24][18, 22] 
[21, 5, 15, 2, 29, 27][4, 1, 3, 11, 17][13, 18, 12, 8, 19][10, 7, 20, 14][6, 16, 28, 25][9, 23, 24, 14][22, 0, 26][7, 28][22, 25][6, 15][3, 24][18, 22] 
[21, 5, 15, 2, 29, 27][4, 1, 3, 11, 17][13, 18, 12, 8, 19][10, 7, 20, 14][6, 16, 28, 25][9, 23, 24, 14][22, 0, 26][7, 28][22, 25][6, 15][3, 24][18, 22] 
[21, 5, 15, 2, 29, 27][4, 1, 3, 11, 17][13, 18, 12, 8, 19][10, 7, 20, 14][6, 16, 28, 25][9, 23, 24, 14][22, 0, 26][7, 28][22, 25][6, 15][3, 24][18, 22] 
[21, 5, 15, 2, 29, 27][13, 18, 12, 8, 19][4, 1, 3, 11, 17][6, 16, 28, 25][10, 7, 20, 14][9, 23, 24, 14][22, 0, 26][6, 15][7, 28][22, 25][18, 22][3, 24] 
[21, 5, 15, 2, 29, 27][4, 1, 3, 11, 17][13, 18, 12, 8, 19][10, 7, 20, 14][6, 16, 28, 25][9, 23, 24, 14][22, 0, 26][7, 28][22, 25][6, 15][3, 24][18, 22] 
[21, 5, 15, 2, 29, 27][4, 1, 3, 11, 17][13, 18, 12, 8, 19][10, 7, 20, 14][6, 16, 28, 25][9, 23, 24, 14][22, 0, 26][7, 28][22, 25][6, 15][3, 24][18, 22] 
[21, 5, 15, 2, 29, 27][4, 1, 3, 11, 17][13, 18, 12, 8, 19][10, 7, 20, 14][6, 16, 28, 25][9, 23, 24, 14][22, 0, 26][7, 28][22, 25][6, 15][3, 24][18, 22] 
[21, 5, 15, 2, 29, 27][4, 1, 3, 11, 17][13, 18, 12, 8, 19][6, 16, 28, 25][10, 7, 20, 14][9, 23, 24, 14][22, 0, 26][7, 28][3, 24][22, 25][18, 22][6, 15] 
[21, 5, 15, 2, 29, 27][4, 1, 3, 11, 17][13, 18, 12, 8, 19][10, 7, 20, 14][6, 16, 28, 25][9, 23, 24, 14][22, 0, 26][7, 28][22, 25][6, 15][3, 24][18, 22] 
[21, 5, 15, 2, 29, 27][4, 1, 3, 11, 17][13, 18, 12, 8, 19][10, 7, 20, 14][6, 16, 28, 25][9, 23, 24, 14][22, 0, 26][7, 28][22, 25][6, 15][3, 24][18, 22] 
[21, 5, 15, 2, 29, 27][4, 1, 3, 11, 17][13, 18, 12, 8, 19][10, 7, 20, 14][6, 16, 28, 25][9, 23, 24, 14][22, 0, 26][7, 28][22, 25][6, 15][3, 24][18, 22] 
[21, 5, 15, 2, 29, 27][4, 1, 3, 11, 17][13, 18, 12, 8, 19][10, 7, 20, 14][6, 16, 28, 25][9, 23, 24, 14][22, 0, 26][7, 28][22, 25][6, 15][3, 24][18, 22] 
[21, 5, 15, 2, 29, 27][4, 1, 3, 11, 17][13, 18, 12, 8, 19][10, 7, 20, 14][6, 16, 28, 25][9, 23, 24, 14][22, 0, 26][7, 28][22, 25][6, 15][3, 24][18, 22] 
[21, 5, 15, 2, 29, 27][4, 1, 3, 11, 17][13, 18, 12, 8, 19][10, 7, 20, 14][6, 16, 28, 25][9, 23, 24, 14][22, 0, 26][7, 28][22, 25][6, 15][3, 24][18, 22] 
[21, 5, 15, 2, 29, 27][4, 1, 3, 11, 17][13, 18, 12, 8, 19][10, 7, 20, 14][6, 16, 28, 25][9, 23, 24, 14][22, 0, 26][7, 28][22, 25][6, 15][3, 24][18, 22] 
[21, 5, 15, 2, 29, 27][4, 1, 3, 11, 17][13, 18, 12, 8, 19][10, 7, 20, 14][6, 16, 28, 25][9, 23, 24, 14][22, 0, 26][7, 28][22, 25][6, 15][3, 24][18, 22] 
[21, 5, 15, 2, 29, 27][4, 1, 3, 11, 17][13, 18, 12, 8, 19][10, 7, 20, 14][6, 16, 28, 25][9, 23, 24, 14][22, 0, 26][7, 28][22, 25][6, 15][3, 24][18, 22] 
[21, 5, 15, 2, 29, 27][4, 1, 3, 11, 17][13, 18, 12, 8, 19][10, 7, 20, 14][6, 16, 28, 25][9, 23, 24, 14][22, 0, 26][7, 28][22, 25][6, 15][3, 24][18, 22] 
[21, 5, 15, 2, 29, 27][4, 1, 3, 11, 17][13, 18, 12, 8, 19][10, 7, 20, 14][6, 16, 28, 25][9, 23, 24, 14][22, 0, 26][7, 28][22, 25][6, 15][3, 24][18, 22] 
[21, 5, 15, 2, 29, 27][4, 1, 3, 11, 17][13, 18, 12, 8, 19][10, 7, 20, 14][6, 16, 28, 25][9, 23, 24, 14][22, 0, 26][7, 28][22, 25][6, 15][3, 24][18, 22] 
[21, 5, 15, 2, 29, 27][4, 1, 3, 11, 17][13, 18, 12, 8, 19][10, 7, 20, 14][6, 16, 28, 25][9, 23, 24, 14][22, 0, 26][7, 28][22, 25][6, 15][3, 24][18, 22] 
[21, 5, 15, 2, 29, 27][4, 1, 3, 11, 17][13, 18, 12, 8, 19][9, 23, 24, 14][10, 7, 20, 14][6, 16, 28, 25][18, 22, 25][22, 0, 26][3, 24][7, 28][6, 15][22, 25] 
[21, 5, 15, 2, 29, 27][4, 1, 3, 11, 17][13, 18, 12, 8, 19][9, 23, 24, 14][10, 7, 20, 14][6, 16, 28, 25][18, 22, 25][22, 0, 26][3, 24][7, 28][6, 15][22, 25] 
[21, 5, 15, 2, 29, 27][4, 1, 3, 11, 17][13, 18, 12, 8, 19][9, 23, 24, 14][10, 7, 20, 14][6, 16, 28, 25][18, 22, 25][22, 0, 26][3, 24][7, 28][6, 15][22, 25] 
[21, 5, 15, 2, 29, 27][4, 1, 3, 11, 17][13, 18, 12, 8, 19][9, 23, 24, 14][10, 7, 20, 14][6, 16, 28, 25][18, 22, 25][22, 0, 26][3, 24][7, 28][6, 15][22, 25] 
[21, 5, 15, 2, 29, 27][4, 1, 3, 11, 17][13, 18, 12, 8, 19][9, 23, 24, 14][10, 7, 20, 14][6, 16, 28, 25][18, 22, 25][22, 0, 26][3, 24][7, 28][6, 15][22, 25] 
[21, 5, 15, 2, 29, 27][4, 1, 3, 11, 17][13, 18, 12, 8, 19][9, 23, 24, 14][10, 7, 20, 14][6, 16, 28, 25][18, 22, 25][22, 0, 26][3, 24][7, 28][6, 15][22, 25] 
[21, 5, 15, 2, 29, 27][4, 1, 3, 11, 17][13, 18, 12, 8, 19][10, 7, 20, 14][6, 16, 28, 25][9, 23, 24, 14][22, 0, 26][7, 28][22, 25][6, 15][3, 24][18, 22] 
[21, 5, 15, 2, 29, 27][4, 1, 3, 11, 17][13, 18, 12, 8, 19][10, 7, 20, 14][6, 16, 28, 25][9, 23, 24, 14][22, 0, 26][7, 28][22, 25][6, 15][3, 24][18, 22] 
[21, 5, 15, 2, 29, 27][4, 1, 3, 11, 17][13, 18, 12, 8, 19][10, 7, 20, 14][6, 16, 28, 25][9, 23, 24, 14][22, 0, 26][7, 28][22, 25][6, 15][3, 24][18, 22] 
[21, 5, 15, 2, 29, 27][4, 1, 3, 11, 17][13, 18, 12, 8, 19][10, 7, 20, 14][6, 16, 28, 25][9, 23, 24, 14][22, 0, 26][7, 28][22, 25][6, 15][3, 24][18, 22] 
[21, 5, 15, 2, 29, 27][4, 1, 3, 11, 17][13, 18, 12, 8, 19][10, 7, 20, 14][6, 16, 28, 25][9, 23, 24, 14][22, 0, 26][7, 28][22, 25][6, 15][3, 24][18, 22] 
[21, 5, 15, 2, 29, 27][4, 1, 3, 11, 17][13, 18, 12, 8, 19][10, 7, 20, 14][6, 16, 28, 25][9, 23, 24, 14][22, 0, 26][7, 28][22, 25][6, 15][3, 24][18, 22] 
[21, 5, 15, 2, 29, 27][4, 1, 3, 11, 17][13, 18, 12, 8, 19][6, 16, 28, 25][10, 7, 20, 14][9, 23, 24, 14][22, 0, 26][7, 28][3, 24][22, 25][18, 22][6, 15] 
