[2, 27, 7, 25, 11][3, 23, 20, 4, 24][12, 8, 26, 0, 19][5, 6, 10, 29][21, 15, 16, 28][17, 11, 25][1, 14, 7][1, 9, 3][0, 18, 22][6, 13, 18][17, 22][15, 29] 
[3, 23, 20, 4, 24][2, 27, 7, 25, 11][12, 8, 26, 0, 19][5, 6, 10, 29][21, 15, 16, 28][1, 9, 3][1, 14, 7][6, 13, 18][0, 18, 22][11, 17][17, 22][15, 29] 
[19, 17, 22, 12, 8, 26][2, 27, 7, 25, 11][3, 23, 20, 4, 24][5, 6, 10, 29][21, 15, 16, 28][0, 18, 22][6, 13, 18][1, 14, 7][11, 17][3, 9][15, 29][1, 9] 
[19, 17, 22, 12, 8, 26][2, 27, 7, 25, 11][3, 23, 20, 4, 24][5, 6, 10, 29][21, 15, 16, 28][0, 18, 22][6, 13, 18][1, 14, 7][11, 17][3, 9][15, 29][1, 9] 
[12, 8, 26, 0, 19][2, 27, 7, 25, 11][3, 23, 20, 4, 24][5, 6, 10, 29][21, 15, 16, 28][6, 13, 18][18, 17, 22][1, 14, 7][1, 9, 3][0, 18][15, 29][11, 17] 
[3, 23, 20, 4, 24][12, 8, 26, 0, 19][2, 27, 7, 25][5, 6, 10, 29][21, 15, 16, 28][1, 9, 3][1, 14, 7][17, 11, 25][6, 13, 18][0, 18, 22][17, 22][15, 29] 
[3, 23, 20, 4, 24][2, 27, 7, 25, 11][12, 8, 26, 0, 19][5, 6, 10, 29][21, 15, 16, 28][1, 9, 3][1, 14, 7][6, 13, 18][0, 18, 22][11, 17][17, 22][15, 29] 
[2, 27, 7, 25, 11][3, 23, 20, 4, 24][12, 8, 26, 0, 19][5, 6, 10, 29][21, 15, 16, 28][1, 14, 7][18, 17, 22][6, 13, 18][1, 9, 3][11, 17][15, 29][0, 22] 
[12, 8, 26, 0, 19][2, 27, 7, 25, 11][3, 23, 20, 4, 24][5, 6, 10, 29][21, 15, 16, 28][6, 13, 18][18, 17, 22][1, 14, 7][1, 9, 3][0, 18][15, 29][11, 17] 
[2, 27, 7, 25, 11][3, 23, 20, 4, 24][12, 8, 26, 0, 19][5, 6, 10, 29][21, 15, 16, 28][1, 14, 7][18, 17, 22][6, 13, 18][1, 9, 3][11, 17][15, 29][0, 22] 
[2, 27, 7, 25, 11][3, 23, 20, 4, 24][12, 8, 26, 0, 19][5, 6, 10, 29][21, 15, 16, 28][17, 11, 25][1, 14, 7][1, 9, 3][0, 18, 22][6, 13, 18][17, 22][15, 29] 
[12, 8, 26, 0, 19][2, 27, 7, 25, 11][3, 23, 20, 4, 24][5, 6, 10, 29][21, 15, 16, 28][0, 18, 22][6, 13, 18][1, 14, 7][1, 9, 3][15, 29][17, 22][11, 17] 
[19, 17, 22, 12, 8, 26][3, 23, 20, 4, 24][2, 27, 7, 25, 11][5, 6, 10, 29][21, 15, 16, 28][1, 14, 7][0, 18, 22][6, 13, 18][3, 9][1, 9][11, 17][15, 29] 
[12, 8, 26, 0, 19][2, 27, 7, 25, 11][3, 23, 20, 4, 24][5, 6, 10, 29][21, 15, 16, 28][6, 13, 18][18, 17, 22][1, 14, 7][1, 9, 3][0, 18][15, 29][11, 17] 
[3, 23, 20, 4, 24][12, 8, 26, 0, 19][2, 27, 7, 25][5, 6, 10, 29][21, 15, 16, 28][1, 9, 3][1, 14, 7][17, 11, 25][6, 13, 18][0, 18, 22][17, 22][15, 29] 
[2, 27, 7, 25, 11][3, 23, 20, 4, 24][12, 8, 26, 0, 19][5, 6, 10, 29][21, 15, 16, 28][1, 14, 7][18, 17, 22][6, 13, 18][1, 9, 3][11, 17][15, 29][0, 22] 
[3, 23, 20, 4, 24][2, 27, 7, 25, 11][12, 8, 26, 0, 19][5, 6, 10, 29][21, 15, 16, 28][1, 9, 3][1, 14, 7][17, 11, 25][6, 13, 18][0, 18, 22][17, 22][15, 29] 
[3, 23, 20, 4, 24][2, 27, 7, 25, 11][12, 8, 26, 0, 19][5, 6, 10, 29][21, 15, 16, 28][1, 9, 3][1, 14, 7][6, 13, 18][0, 18, 22][11, 17][17, 22][15, 29] 
[12, 8, 26, 0, 19][2, 27, 7, 25, 11][3, 23, 20, 4, 24][5, 6, 10, 29][21, 15, 16, 28][6, 13, 18][18, 17, 22][1, 14, 7][1, 9, 3][0, 18][15, 29][11, 17] 
[3, 23, 20, 4, 24][2, 27, 7, 25, 11][12, 8, 26, 0, 19][5, 6, 10, 29][21, 15, 16, 28][1, 9, 3][1, 14, 7][17, 11, 25][6, 13, 18][0, 18, 22][17, 22][15, 29] 
[2, 27, 7, 25, 11][3, 23, 20, 4, 24][12, 8, 26, 0, 19][5, 6, 10, 29][21, 15, 16, 28][17, 11, 25][1, 14, 7][1, 9, 3][0, 18, 22][6, 13, 18][17, 22][15, 29] 
[3, 23, 20, 4, 24][2, 27, 7, 25, 11][12, 8, 26, 0, 19][5, 6, 10, 29][21, 15, 16, 28][1, 9, 3][1, 14, 7][6, 13, 18][0, 18, 22][11, 17][17, 22][15, 29] 
[19, 17, 22, 12, 8, 26][2, 27, 7, 25, 11][3, 23, 20, 4, 24][5, 6, 10, 29][21, 15, 16, 28][0, 18, 22][6, 13, 18][1, 14, 7][11, 17][3, 9][15, 29][1, 9] 
[12, 8, 26, 0, 19][2, 27, 7, 25, 11][3, 23, 20, 4, 24][5, 6, 10, 29][21, 15, 16, 28][6, 13, 18][18, 17, 22][1, 14, 7][1, 9, 3][0, 18][15, 29][11, 17] 
[3, 23, 20, 4, 24][12, 8, 26, 0, 19][2, 27, 7, 25][5, 6, 10, 29][21, 15, 16, 28][17, 11, 25][1, 14, 7][6, 13, 18][1, 9, 3][0, 18, 22][17, 22][15, 29] 
[2, 27, 7, 25, 11][3, 23, 20, 4, 24][12, 8, 26, 0, 19][5, 6, 10, 29][21, 15, 16, 28][1, 14, 7][18, 17, 22][6, 13, 18][1, 9, 3][11, 17][15, 29][0, 22] 
[12, 8, 26, 0, 19][2, 27, 7, 25, 11][3, 23, 20, 4, 24][5, 6, 10, 29][21, 15, 16, 28][17, 11, 25][0, 18, 22][6, 13, 18][1, 14, 7][1, 9, 3][17, 22][15, 29] 
[3, 23, 20, 4, 24][2, 27, 7, 25, 11][12, 8, 26, 0, 19][5, 6, 10, 29][21, 15, 16, 28][1, 9, 3][1, 14, 7][6, 13, 18][0, 18, 22][11, 17][17, 22][15, 29] 
[12, 8, 26, 0, 19][2, 27, 7, 25, 11][3, 23, 20, 4, 24][5, 6, 10, 29][21, 15, 16, 28][6, 13, 18][18, 17, 22][1, 14, 7][1, 9, 3][0, 18][15, 29][11, 17] 
[3, 23, 20, 4, 24][2, 27, 7, 25, 11][12, 8, 26, 0, 19][5, 6, 10, 29][21, 15, 16, 28][1, 9, 3][1, 14, 7][17, 11, 25][6, 13, 18][0, 18, 22][17, 22][15, 29] 
[12, 8, 26, 0, 19][2, 27, 7, 25, 11][3, 23, 20, 4, 24][5, 6, 10, 29][21, 15, 16, 28][17, 11, 25][0, 18, 22][6, 13, 18][1, 14, 7][1, 9, 3][17, 22][15, 29] 
[3, 23, 20, 4, 24][2, 27, 7, 25, 11][12, 8, 26, 0, 19][5, 6, 10, 29][21, 15, 16, 28][1, 9, 3][1, 14, 7][6, 13, 18][0, 18, 22][11, 17][17, 22][15, 29] 
[12, 8, 26, 0, 19][2, 27, 7, 25, 11][3, 23, 20, 4, 24][5, 6, 10, 29][21, 15, 16, 28][6, 13, 18][18, 17, 22][1, 14, 7][1, 9, 3][0, 18][15, 29][11, 17] 
[3, 23, 20, 4, 24][2, 27, 7, 25, 11][12, 8, 26, 0, 19][5, 6, 10, 29][21, 15, 16, 28][1, 9, 3][1, 14, 7][17, 11, 25][6, 13, 18][0, 18, 22][17, 22][15, 29] 
[2, 27, 7, 25, 11][3, 23, 20, 4, 24][12, 8, 26, 0, 19][5, 6, 10, 29][21, 15, 16, 28][17, 11, 25][1, 14, 7][1, 9, 3][0, 18, 22][6, 13, 18][17, 22][15, 29] 
[25, 22, 17, 28, 16, 6, 13, 18, 19, 0, 12, 8, 26][24, 23, 1, 4, 7, 10, 15, 2, 16, 27, 29][3, 14, 11, 17][6, 5, 21][9, 14][20, 23][7, 10][7, 10][8, 12][7, 10][7, 10][8, 12] 
[25, 22, 17, 28, 16, 6, 13, 18, 19, 0, 12, 8, 26][24, 23, 1, 4, 7, 10, 15, 2, 16, 27, 29][3, 14, 11, 17][6, 5, 21][9, 14][20, 23][7, 10][7, 10][8, 12][7, 10][7, 10][8, 12] 
[25, 22, 17, 28, 16, 6, 13, 18, 19, 0, 12, 8, 26][24, 23, 1, 4, 7, 10, 15, 2, 16, 27, 29][3, 14, 11, 17][6, 5, 21][9, 14][20, 23][7, 10][7, 10][8, 12][7, 10][7, 10][8, 12] 
[25, 22, 17, 28, 16, 6, 13, 18, 19, 0, 12, 8, 26][24, 23, 1, 4, 7, 10, 15, 2, 27, 29][17, 11, 14, 3, 23][6, 5, 21][9, 14][20, 23][7, 10][7, 10][8, 12][7, 10][7, 10][8, 12] 
[25, 22, 17, 28, 16, 6, 13, 18, 19, 0, 12, 8, 26][24, 23, 1, 4, 7, 10, 15, 2, 27, 29][17, 11, 14, 3, 23][6, 5, 21][9, 14][20, 23][7, 10][7, 10][8, 12][7, 10][7, 10][8, 12] 
[3, 14, 24, 23, 1, 4, 7, 10, 21, 5, 15, 2, 29][25, 22, 17, 28, 16, 6, 13, 18, 19, 0, 12, 8, 26][9, 14][5, 6][20, 23][16, 27][11, 17][16, 28][8, 12][7, 10][16, 28][7, 10] 
[25, 22, 17, 28, 16, 6, 13, 18, 19, 0, 12, 8, 26][24, 23, 1, 4, 7, 10, 15, 2, 16, 27, 29][3, 14, 11, 17][6, 5, 21][9, 14][20, 23][7, 10][7, 10][8, 12][7, 10][7, 10][8, 12] 
[25, 22, 17, 28, 16, 6, 13, 18, 19, 0, 12, 8, 26][24, 23, 1, 4, 7, 10, 15, 2, 16, 27, 29][3, 14, 11, 17][6, 5, 21][9, 14][20, 23][7, 10][7, 10][8, 12][7, 10][7, 10][8, 12] 
[25, 22, 17, 28, 16, 6, 13, 18, 19, 0, 12, 8, 26][24, 23, 1, 4, 7, 10, 15, 2, 27, 29][17, 11, 14, 3, 23][6, 5, 21][9, 14][20, 23][7, 10][7, 10][8, 12][7, 10][7, 10][8, 12] 
[25, 22, 17, 28, 16, 6, 13, 18, 19, 0, 12, 8, 26][24, 23, 1, 4, 7, 10, 15, 2, 16, 27, 29][3, 14, 11, 17][6, 5, 21][9, 14][20, 23][7, 10][7, 10][8, 12][7, 10][7, 10][8, 12] 
[25, 22, 17, 28, 16, 6, 13, 18, 19, 0, 12, 8, 26][24, 23, 1, 4, 7, 10, 15, 2, 16, 27, 29][3, 14, 11, 17][6, 5, 21][9, 14][20, 23][7, 10][7, 10][8, 12][7, 10][7, 10][8, 12] 
[25, 22, 17, 28, 16, 6, 13, 18, 19, 0, 12, 8, 26][24, 23, 1, 4, 7, 10, 15, 2, 16, 27, 29][3, 14, 11, 17][6, 5, 21][9, 14][20, 23][7, 10][7, 10][8, 12][7, 10][7, 10][8, 12] 
[25, 22, 17, 28, 16, 6, 13, 18, 19, 0, 12, 8, 26][24, 23, 1, 4, 7, 10, 15, 2, 27, 29][17, 11, 14, 3, 23][6, 5, 21][9, 14][20, 23][7, 10][7, 10][8, 12][7, 10][7, 10][8, 12] 
[25, 22, 17, 28, 16, 6, 13, 18, 19, 0, 12, 8, 26][24, 23, 1, 4, 7, 10, 15, 2, 16, 27, 29][3, 14, 11, 17][6, 5, 21][9, 14][20, 23][7, 10][7, 10][8, 12][7, 10][7, 10][8, 12] 
[25, 22, 17, 28, 16, 6, 13, 18, 19, 0, 12, 8, 26][24, 23, 1, 4, 7, 10, 15, 2, 16, 27, 29][3, 14, 11, 17][6, 5, 21][9, 14][20, 23][7, 10][7, 10][8, 12][7, 10][7, 10][8, 12] 
[25, 22, 17, 28, 16, 6, 13, 18, 19, 0, 12, 8, 26][24, 23, 1, 4, 7, 10, 15, 2, 16, 27, 29][3, 14, 11, 17][6, 5, 21][9, 14][20, 23][7, 10][7, 10][8, 12][7, 10][7, 10][8, 12] 
[25, 22, 17, 28, 16, 6, 13, 18, 19, 0, 12, 8, 26][24, 23, 1, 4, 7, 10, 15, 2, 16, 27, 29][3, 14, 11, 17][6, 5, 21][9, 14][20, 23][7, 10][7, 10][8, 12][7, 10][7, 10][8, 12] 
[25, 22, 17, 28, 16, 6, 13, 18, 19, 0, 12, 8, 26][24, 23, 1, 4, 7, 10, 15, 2, 27, 29][9, 23, 3, 11, 17][6, 5, 21][9, 14][20, 23][7, 10][7, 10][8, 12][7, 10][7, 10][8, 12] 
[25, 22, 17, 28, 16, 6, 13, 18, 19, 0, 12, 8, 26][24, 23, 1, 4, 7, 10, 15, 2, 16, 27, 29][3, 14, 11, 17][6, 5, 21][9, 14][20, 23][7, 10][7, 10][8, 12][7, 10][7, 10][8, 12] 
[25, 22, 17, 28, 16, 6, 13, 18, 19, 0, 12, 8, 26][24, 23, 1, 4, 7, 10, 15, 2, 16, 27, 29][3, 14, 11, 17][6, 5, 21][9, 14][20, 23][7, 10][7, 10][8, 12][7, 10][7, 10][8, 12] 
[25, 22, 17, 28, 16, 6, 13, 18, 19, 0, 12, 8, 26][24, 23, 1, 4, 7, 10, 15, 2, 16, 27, 29][3, 14, 11, 17][6, 5, 21][9, 14][20, 23][7, 10][7, 10][8, 12][7, 10][7, 10][8, 12] 
[3, 23, 20, 4, 24][2, 27, 7, 25, 11][12, 8, 26, 0, 19][3, 9, 1, 24][5, 6, 10, 29][21, 15, 16, 28][1, 14, 7][6, 13, 18][0, 18, 22][11, 17][17, 22][15, 29] 
[3, 23, 20, 4, 24][2, 27, 7, 25, 11][12, 8, 26, 0, 19][3, 9, 1, 24][5, 6, 10, 29][21, 15, 16, 28][1, 14, 7][6, 13, 18][0, 18, 22][11, 17][17, 22][15, 29] 
[3, 23, 20, 4, 24][2, 27, 7, 25, 11][12, 8, 26, 0, 19][3, 9, 1, 24][5, 6, 10, 29][21, 15, 16, 28][1, 14, 7][6, 13, 18][0, 18, 22][11, 17][17, 22][15, 29] 
[3, 23, 20, 4, 24][2, 27, 7, 25, 11][12, 8, 26, 0, 19][3, 9, 1, 24][5, 6, 10, 29][21, 15, 16, 28][1, 14, 7][6, 13, 18][0, 18, 22][11, 17][17, 22][15, 29] 
[3, 23, 20, 4, 24][2, 27, 7, 25, 11][12, 8, 26, 0, 19][3, 9, 1, 24][5, 6, 10, 29][21, 15, 16, 28][1, 14, 7][6, 13, 18][0, 18, 22][11, 17][17, 22][15, 29] 
[3, 23, 20, 4, 24][2, 27, 7, 25, 11][12, 8, 26, 0, 19][3, 9, 1, 24][5, 6, 10, 29][21, 15, 16, 28][1, 14, 7][6, 13, 18][0, 18, 22][11, 17][17, 22][15, 29] 
[12, 8, 26, 0, 19][2, 27, 7, 25, 11][3, 23, 20, 4, 24][5, 6, 10, 29][3, 9, 1, 24][21, 15, 16, 28][0, 18, 22][6, 13, 18][1, 14, 7][17, 22][11, 17][15, 29] 
[3, 23, 20, 4, 24][2, 27, 7, 25, 11][12, 8, 26, 0, 19][3, 9, 1, 24][5, 6, 10, 29][21, 15, 16, 28][1, 14, 7][6, 13, 18][0, 18, 22][11, 17][17, 22][15, 29] 
[3, 23, 20, 4, 24][2, 27, 7, 25, 11][12, 8, 26, 0, 19][3, 9, 1, 24][5, 6, 10, 29][21, 15, 16, 28][1, 14, 7][6, 13, 18][0, 18, 22][11, 17][17, 22][15, 29] 
[3, 23, 20, 4, 24][2, 27, 7, 25, 11][12, 8, 26, 0, 19][3, 9, 1, 24][5, 6, 10, 29][21, 15, 16, 28][1, 14, 7][6, 13, 18][0, 18, 22][11, 17][17, 22][15, 29] 
[12, 8, 26, 0, 19][2, 27, 7, 25, 11][3, 23, 20, 4, 24][5, 6, 10, 29][21, 15, 16, 28][3, 9, 1, 24][6, 13, 18][0, 18, 22][1, 14, 7][17, 22][15, 29][11, 17] 
[3, 23, 20, 4, 24][2, 27, 7, 25, 11][12, 8, 26, 0, 19][3, 9, 1, 24][5, 6, 10, 29][21, 15, 16, 28][1, 14, 7][6, 13, 18][0, 18, 22][11, 17][17, 22][15, 29] 
[3, 23, 20, 4, 24][2, 27, 7, 25, 11][12, 8, 26, 0, 19][3, 9, 1, 24][5, 6, 10, 29][21, 15, 16, 28][1, 14, 7][6, 13, 18][0, 18, 22][11, 17][17, 22][15, 29] 
[3, 23, 20, 4, 24][2, 27, 7, 25, 11][12, 8, 26, 0, 19][3, 9, 1, 24][5, 6, 10, 29][21, 15, 16, 28][1, 14, 7][6, 13, 18][0, 18, 22][11, 17][17, 22][15, 29] 
[2, 27, 7, 25, 11][3, 23, 20, 4, 24][12, 8, 26, 0, 19][3, 9, 1, 24][5, 6, 10, 29][21, 15, 16, 28][1, 14, 7][0, 18, 22][6, 13, 18][11, 17][17, 22][15, 29] 
[3, 23, 20, 4, 24][2, 27, 7, 25, 11][12, 8, 26, 0, 19][5, 6, 10, 29][21, 15, 16, 28][1, 9, 3][1, 14, 7][17, 11, 25][6, 13, 18][0, 18, 22][17, 22][15, 29] 
[3, 23, 20, 4, 24][2, 27, 7, 25, 11][12, 8, 26, 0, 19][5, 6, 10, 29][21, 15, 16, 28][1, 9, 3][1, 14, 7][17, 11, 25][6, 13, 18][0, 18, 22][17, 22][15, 29] 
[3, 23, 20, 4, 24][2, 27, 7, 25, 11][12, 8, 26, 0, 19][5, 6, 10, 29][21, 15, 16, 28][1, 9, 3][1, 14, 7][17, 11, 25][6, 13, 18][0, 18, 22][17, 22][15, 29] 
[3, 23, 20, 4, 24][2, 27, 7, 25, 11][12, 8, 26, 0, 19][5, 6, 10, 29][21, 15, 16, 28][1, 9, 3][1, 14, 7][17, 11, 25][6, 13, 18][0, 18, 22][17, 22][15, 29] 
[3, 23, 20, 4, 24][2, 27, 7, 25, 11][12, 8, 26, 0, 19][5, 6, 10, 29][21, 15, 16, 28][1, 9, 3][1, 14, 7][17, 11, 25][6, 13, 18][0, 18, 22][17, 22][15, 29] 
[2, 27, 7, 25, 11][3, 23, 20, 4, 24][19, 22, 12, 8, 26][5, 6, 10, 29][21, 15, 16, 28][1, 14, 7][1, 9, 3][6, 13, 18][0, 18, 22][11, 17][17, 22][15, 29] 
[12, 8, 26, 0, 19][2, 27, 7, 25, 11][3, 23, 20, 4, 24][5, 6, 10, 29][21, 15, 16, 28][3, 9, 1, 24][6, 13, 18][0, 18, 22][1, 14, 7][17, 22][15, 29][11, 17] 
[3, 23, 20, 4, 24][2, 27, 7, 25, 11][12, 8, 26, 0, 19][3, 9, 1, 24][5, 6, 10, 29][21, 15, 16, 28][1, 14, 7][6, 13, 18][0, 18, 22][11, 17][17, 22][15, 29] 
[3, 23, 20, 4, 24][2, 27, 7, 25, 11][12, 8, 26, 0, 19][3, 9, 1, 24][5, 6, 10, 29][21, 15, 16, 28][1, 14, 7][6, 13, 18][0, 18, 22][11, 17][17, 22][15, 29] 
[3, 23, 20, 4, 24][2, 27, 7, 25, 11][12, 8, 26, 0, 19][3, 9, 1, 24][5, 6, 10, 29][21, 15, 16, 28][1, 14, 7][6, 13, 18][0, 18, 22][11, 17][17, 22][15, 29] 
[2, 27, 7, 25, 11][3, 23, 20, 4, 24][12, 8, 26, 0, 19][3, 9, 1, 24][5, 6, 10, 29][21, 15, 16, 28][1, 14, 7][0, 18, 22][6, 13, 18][11, 17][17, 22][15, 29] 
[3, 23, 20, 4, 24][2, 27, 7, 25, 11][12, 8, 26, 0, 19][5, 6, 10, 29][21, 15, 16, 28][1, 9, 3][1, 14, 7][6, 13, 18][0, 18, 22][11, 17][17, 22][15, 29] 
[3, 23, 20, 4, 24][2, 27, 7, 25, 11][12, 8, 26, 0, 19][3, 9, 1, 24][5, 6, 10, 29][21, 15, 16, 28][1, 14, 7][6, 13, 18][0, 18, 22][11, 17][17, 22][15, 29] 
[12, 8, 26, 0, 19][2, 27, 7, 25, 11][3, 23, 20, 4, 24][5, 6, 10, 29][21, 15, 16, 28][17, 11, 25][0, 18, 22][6, 13, 18][1, 14, 7][1, 9, 3][17, 22][15, 29] 
[3, 23, 20, 4, 24][2, 27, 7, 25, 11][12, 8, 26, 0, 19][5, 6, 10, 29][21, 15, 16, 28][1, 9, 3][1, 14, 7][17, 11, 25][6, 13, 18][0, 18, 22][17, 22][15, 29] 
[3, 23, 20, 4, 24][2, 27, 7, 25, 11][12, 8, 26, 0, 19][5, 6, 10, 29][21, 15, 16, 28][1, 9, 3][1, 14, 7][17, 11, 25][6, 13, 18][0, 18, 22][17, 22][15, 29] 
[2, 27, 7, 25, 11][3, 23, 20, 4, 24][12, 8, 26, 0, 19][5, 6, 10, 29][21, 15, 16, 28][17, 11, 25][1, 14, 7][1, 9, 3][0, 18, 22][6, 13, 18][17, 22][15, 29] 
[3, 23, 20, 4, 24][2, 27, 7, 25, 11][12, 8, 26, 0, 19][5, 6, 10, 29][21, 15, 16, 28][1, 9, 3][1, 14, 7][17, 11, 25][6, 13, 18][0, 18, 22][17, 22][15, 29] 
[12, 8, 26, 0, 19][2, 27, 7, 25, 11][3, 23, 20, 4, 24][5, 6, 10, 29][21, 15, 16, 28][17, 11, 25][0, 18, 22][6, 13, 18][1, 14, 7][1, 9, 3][17, 22][15, 29] 
[2, 27, 7, 25, 11][3, 23, 20, 4, 24][12, 8, 26, 0, 19][5, 6, 10, 29][21, 15, 16, 28][17, 11, 25][1, 14, 7][1, 9, 3][0, 18, 22][6, 13, 18][17, 22][15, 29] 
[12, 8, 26, 0, 19][2, 27, 7, 25, 11][3, 23, 20, 4, 24][5, 6, 10, 29][21, 15, 16, 28][6, 13, 18][0, 18, 22][17, 11, 25][1, 14, 7][1, 9, 3][15, 29][17, 22] 
[12, 8, 26, 0, 19][2, 27, 7, 25, 11][3, 23, 20, 4, 24][5, 6, 10, 29][21, 15, 16, 28][6, 13, 18][0, 18, 22][17, 11, 25][1, 14, 7][1, 9, 3][15, 29][17, 22] 
[3, 23, 20, 4, 24][2, 27, 7, 25, 11][12, 8, 26, 0, 19][5, 6, 10, 29][21, 15, 16, 28][1, 9, 3][1, 14, 7][17, 11, 25][6, 13, 18][0, 18, 22][17, 22][15, 29] 
[2, 27, 7, 25, 11][3, 23, 20, 4, 24][12, 8, 26, 0, 19][5, 6, 10, 29][21, 15, 16, 28][17, 11, 25][1, 14, 7][1, 9, 3][0, 18, 22][6, 13, 18][17, 22][15, 29] 
[12, 8, 26, 0, 19][2, 27, 7, 25, 11][3, 23, 20, 4, 24][5, 6, 10, 29][21, 15, 16, 28][6, 13, 18][0, 18, 22][17, 11, 25][1, 14, 7][1, 9, 3][15, 29][17, 22] 
[2, 27, 7, 25, 11][3, 23, 20, 4, 24][12, 8, 26, 0, 19][5, 6, 10, 29][21, 15, 16, 28][17, 11, 25][1, 14, 7][1, 9, 3][0, 18, 22][6, 13, 18][17, 22][15, 29] 
[3, 23, 20, 4, 24][2, 27, 7, 25, 11][12, 8, 26, 0, 19][5, 6, 10, 29][21, 15, 16, 28][1, 9, 3][1, 14, 7][17, 11, 25][6, 13, 18][0, 18, 22][17, 22][15, 29] 
[3, 23, 20, 4, 24][2, 27, 7, 25, 11][12, 8, 26, 0, 19][5, 6, 10, 29][21, 15, 16, 28][1, 9, 3][1, 14, 7][17, 11, 25][6, 13, 18][0, 18, 22][17, 22][15, 29] 
[19, 17, 22, 12, 8, 26][2, 27, 7, 25, 11][3, 23, 20, 4, 24][5, 6, 10, 29][21, 15, 16, 28][1, 14, 7][1, 9, 3][6, 13, 18][0, 18, 22][11, 17][17, 22][15, 29] 
[19, 17, 22, 12, 8, 26][2, 27, 7, 25, 11][3, 23, 20, 4, 24][5, 6, 10, 29][21, 15, 16, 28][1, 14, 7][1, 9, 3][6, 13, 18][0, 18, 22][11, 17][17, 22][15, 29] 
[19, 17, 22, 12, 8, 26][2, 27, 7, 25, 11][3, 23, 20, 4, 24][5, 6, 10, 29][21, 15, 16, 28][1, 14, 7][1, 9, 3][6, 13, 18][0, 18, 22][11, 17][17, 22][15, 29] 
[19, 17, 22, 12, 8, 26][2, 27, 7, 25, 11][3, 23, 20, 4, 24][5, 6, 10, 29][21, 15, 16, 28][1, 14, 7][1, 9, 3][6, 13, 18][0, 18, 22][11, 17][17, 22][15, 29] 
[19, 17, 22, 12, 8, 26][2, 27, 7, 25, 11][3, 23, 20, 4, 24][5, 6, 10, 29][21, 15, 16, 28][1, 14, 7][1, 9, 3][6, 13, 18][0, 18, 22][11, 17][17, 22][15, 29] 
[2, 27, 7, 25, 11, 17][12, 8, 26, 0, 19, 22][3, 23, 20, 4, 24][5, 6, 10, 29][21, 15, 16, 28][1, 9, 3][1, 14, 7][6, 13, 18][11, 25][17, 18][18, 22][15, 29] 
[3, 23, 20, 4, 24][2, 27, 7, 25, 11][12, 8, 26, 0, 19][3, 9, 1, 24][5, 6, 10, 29][21, 15, 16, 28][1, 14, 7][6, 13, 18][0, 18, 22][11, 17][17, 22][15, 29] 
[3, 23, 20, 4, 24][2, 27, 7, 25, 11][12, 8, 26, 0, 19][3, 9, 1, 24][5, 6, 10, 29][21, 15, 16, 28][1, 14, 7][6, 13, 18][0, 18, 22][11, 17][17, 22][15, 29] 
[12, 8, 26, 0, 19][2, 27, 7, 25, 11][3, 23, 20, 4, 24][5, 6, 10, 29][3, 9, 1, 24][21, 15, 16, 28][0, 18, 22][6, 13, 18][1, 14, 7][17, 22][11, 17][15, 29] 
[3, 23, 20, 4, 24][2, 27, 7, 25, 11][12, 8, 26, 0, 19][3, 9, 1, 24][5, 6, 10, 29][21, 15, 16, 28][1, 14, 7][6, 13, 18][0, 18, 22][11, 17][17, 22][15, 29] 
[3, 23, 20, 4, 24][2, 27, 7, 25, 11][12, 8, 26, 0, 19][3, 9, 1, 24][5, 6, 10, 29][21, 15, 16, 28][1, 14, 7][6, 13, 18][0, 18, 22][11, 17][17, 22][15, 29] 
[12, 8, 26, 0, 19][2, 27, 7, 25, 11][3, 23, 20, 4, 24][5, 6, 10, 29][21, 15, 16, 28][6, 13, 18][0, 18, 22][17, 11, 25][1, 14, 7][1, 9, 3][15, 29][17, 22] 
[3, 23, 20, 4, 24][2, 27, 7, 25, 11][12, 8, 26, 0, 19][3, 9, 1, 24][5, 6, 10, 29][21, 15, 16, 28][1, 14, 7][6, 13, 18][0, 18, 22][11, 17][17, 22][15, 29] 
