[13, 18, 22, 12, 17, 28][6, 5, 15, 2, 29][21, 10, 7, 25][23, 9, 3, 24][11, 14, 4, 20][0, 19, 8, 26][7, 27, 16][1, 24, 7][15, 27][9, 14][11, 17][12, 19] 
[13, 18, 22, 12, 17, 28][6, 5, 15, 2, 29][21, 10, 7, 25][23, 9, 3, 24][11, 14, 4, 20][0, 19, 8, 26][7, 27, 16][1, 24, 7][2, 27][9, 14][11, 17][12, 19] 
[13, 18, 22, 12, 17, 28][6, 5, 15, 2, 29][21, 10, 7, 25][23, 9, 3, 24][11, 14, 4, 20][0, 19, 8, 26][7, 27, 16][1, 24, 7][2, 27][9, 14][11, 17][12, 19] 
[13, 18, 22, 12, 17, 28][6, 5, 15, 2, 29][11, 14, 4, 20][23, 9, 3, 24][1, 24, 7, 27][21, 10, 7, 25][0, 19, 8, 26][9, 14][27, 29][11, 17][16, 27][12, 19] 
[6, 5, 15, 2, 29, 27][13, 18, 22, 12, 17, 28][21, 10, 7, 25][23, 9, 3, 24][11, 14, 4, 20][0, 19, 8, 26][1, 24, 7][7, 16][9, 14][11, 17][12, 19][16, 27] 
[6, 5, 15, 2, 29, 27][13, 18, 22, 12, 17, 28][21, 10, 7, 25][23, 9, 3, 24][11, 14, 4, 20][0, 19, 8, 26][1, 24, 7][7, 16][9, 14][11, 17][12, 19][16, 27] 
[6, 5, 15, 2, 29, 27][13, 18, 22, 12, 17, 28][21, 10, 7, 25][23, 9, 3, 24][11, 14, 4, 20][0, 19, 8, 26][1, 24, 7][7, 16][9, 14][11, 17][12, 19][16, 27] 
[6, 5, 15, 2, 29, 27][13, 18, 22, 12, 17, 28][21, 10, 7, 25][23, 9, 3, 24][11, 14, 4, 20][0, 19, 8, 26][1, 24, 7][10, 16][16, 27][9, 14][11, 17][12, 19] 
[6, 5, 15, 2, 29, 27][13, 18, 22, 12, 17, 28][21, 10, 7, 25][23, 9, 3, 24][11, 14, 4, 20][0, 19, 8, 26][1, 24, 7][10, 16][16, 27][9, 14][11, 17][12, 19] 
[6, 5, 15, 2, 29, 27][13, 18, 22, 12, 17, 28][21, 10, 7, 25][23, 9, 3, 24][11, 14, 4, 20][0, 19, 8, 26][1, 24, 7][10, 16][16, 27][9, 14][11, 17][12, 19] 
[13, 18, 22, 12, 17, 28][6, 5, 15, 2, 29][11, 14, 4, 20][0, 19, 8, 26][23, 9, 3, 24][21, 10, 7, 25][1, 24, 7][7, 27, 16][11, 17][12, 19][9, 14][15, 27] 
[13, 18, 22, 12, 17, 28][6, 5, 15, 2, 29][21, 10, 7, 25][23, 9, 3, 24][11, 14, 4, 20][0, 19, 8, 26][7, 27, 16][1, 24, 7][2, 27][9, 14][11, 17][12, 19] 
[13, 18, 22, 12, 17, 28][6, 5, 15, 2, 29][21, 10, 7, 25][23, 9, 3, 24][11, 14, 4, 20][0, 19, 8, 26][7, 27, 16][1, 24, 7][2, 27][9, 14][11, 17][12, 19] 
[6, 5, 15, 2, 29, 27][13, 18, 22, 12, 17, 28][21, 10, 7, 25][23, 9, 3, 24][11, 14, 4, 20][0, 19, 8, 26][1, 24, 7][7, 16][9, 14][11, 17][12, 19][16, 27] 
[6, 5, 15, 2, 29, 27][13, 18, 22, 12, 17, 28][21, 10, 7, 25][23, 9, 3, 24][11, 14, 4, 20][0, 19, 8, 26][1, 24, 7][7, 16][9, 14][11, 17][12, 19][16, 27] 
[6, 5, 15, 2, 29, 27][13, 18, 22, 12, 17, 28][23, 9, 3, 24][11, 14, 4, 20][21, 10, 7, 25][0, 19, 8, 26][1, 24, 7][9, 14][10, 16][16, 27][11, 17][12, 19] 
[13, 18, 22, 12, 17, 28][6, 5, 15, 2, 29][21, 10, 7, 25][23, 9, 3, 24][11, 14, 4, 20][0, 19, 8, 26][7, 27, 16][1, 24, 7][15, 27][9, 14][11, 17][12, 19] 
[13, 18, 22, 12, 17, 28][6, 5, 15, 2, 29][21, 10, 7, 25][23, 9, 3, 24][11, 14, 4, 20][0, 19, 8, 26][7, 27, 16][1, 24, 7][2, 27][9, 14][11, 17][12, 19] 
[6, 5, 15, 2, 29, 27][13, 18, 22, 12, 17, 28][21, 10, 7, 25][23, 9, 3, 24][11, 14, 4, 20][0, 19, 8, 26][1, 24, 7][7, 16][9, 14][11, 17][12, 19][16, 27] 
[13, 18, 22, 12, 17, 28][6, 5, 15, 2, 29][21, 10, 7, 25][23, 9, 3, 24][11, 14, 4, 20][0, 19, 8, 26][7, 27, 16][1, 24, 7][15, 27][9, 14][11, 17][12, 19] 
[13, 18, 22, 12, 17, 28][6, 5, 15, 2, 29][11, 14, 4, 20][0, 19, 8, 26][23, 9, 3, 24][21, 10, 7, 25][1, 24, 7][7, 27, 16][11, 17][12, 19][9, 14][15, 27] 
[13, 18, 22, 12, 17, 28][6, 5, 15, 2, 29][21, 10, 7, 25][23, 9, 3, 24][11, 14, 4, 20][0, 19, 8, 26][7, 27, 16][1, 24, 7][2, 27][9, 14][11, 17][12, 19] 
[13, 18, 22, 12, 17, 28][6, 5, 15, 2, 29][21, 10, 7, 25][23, 9, 3, 24][11, 14, 4, 20][0, 19, 8, 26][7, 27, 16][1, 24, 7][2, 27][9, 14][11, 17][12, 19] 
[6, 5, 15, 2, 29, 27][13, 18, 22, 12, 17, 28][21, 10, 7, 25][23, 9, 3, 24][11, 14, 4, 20][0, 19, 8, 26][1, 24, 7][7, 16][9, 14][11, 17][12, 19][16, 27] 
[6, 5, 15, 2, 29, 27][13, 18, 22, 12, 17, 28][21, 10, 7, 25][23, 9, 3, 24][11, 14, 4, 20][0, 19, 8, 26][1, 24, 7][7, 16][9, 14][11, 17][12, 19][16, 27] 
[6, 5, 15, 2, 29, 27][13, 18, 22, 12, 17, 28][21, 10, 7, 25][23, 9, 3, 24][11, 14, 4, 20][0, 19, 8, 26][1, 24, 7][10, 16][16, 27][9, 14][11, 17][12, 19] 
[13, 18, 22, 12, 17, 28][6, 5, 15, 2, 29][21, 10, 7, 25][23, 9, 3, 24][11, 14, 4, 20][0, 19, 8, 26][7, 27, 16][1, 24, 7][15, 27][9, 14][11, 17][12, 19] 
[13, 18, 22, 12, 17, 28][6, 5, 15, 2, 29][21, 10, 7, 25][23, 9, 3, 24][11, 14, 4, 20][0, 19, 8, 26][7, 27, 16][1, 24, 7][2, 27][9, 14][11, 17][12, 19] 
[6, 5, 15, 2, 29, 27][13, 18, 22, 12, 17, 28][21, 10, 7, 25][23, 9, 3, 24][11, 14, 4, 20][0, 19, 8, 26][1, 24, 7][7, 16][9, 14][11, 17][12, 19][16, 27] 
[13, 18, 22, 12, 17, 28][6, 5, 15, 2, 29][21, 10, 7, 25][23, 9, 3, 24][11, 14, 4, 20][0, 19, 8, 26][7, 27, 16][1, 24, 7][15, 27][9, 14][11, 17][12, 19] 
[13, 18, 22, 12, 17, 28][6, 5, 15, 2, 29][21, 10, 7, 25][23, 9, 3, 24][11, 14, 4, 20][0, 19, 8, 26][7, 27, 16][1, 24, 7][15, 27][9, 14][11, 17][12, 19] 
[13, 18, 22, 12, 17, 28][6, 5, 15, 2, 29][21, 10, 7, 25][23, 9, 3, 24][11, 14, 4, 20][0, 19, 8, 26][7, 27, 16][1, 24, 7][9, 14][2, 27][11, 17][12, 19] 
[6, 5, 15, 2, 29, 27][13, 18, 22, 12, 17, 28][21, 10, 7, 25][23, 9, 3, 24][11, 14, 4, 20][0, 19, 8, 26][1, 24, 7][7, 16][9, 14][11, 17][12, 19][16, 27] 
[13, 18, 22, 12, 17, 28][6, 5, 15, 2, 29][21, 10, 7, 25][23, 9, 3, 24][11, 14, 4, 20][0, 19, 8, 26][7, 27, 16][1, 24, 7][15, 27][9, 14][11, 17][12, 19] 
[13, 18, 22, 12, 17, 28][6, 5, 15, 2, 29][21, 10, 7, 25][23, 9, 3, 24][11, 14, 4, 20][0, 19, 8, 26][7, 27, 16][1, 24, 7][15, 27][9, 14][11, 17][12, 19] 
[20, 24, 1, 9, 3, 23, 4, 14, 11, 25, 7, 27][16, 6, 5, 15, 2, 21, 10, 29][12, 22, 25, 0, 17, 28, 7, 16][18, 13, 0, 26, 8, 19][8, 26][8, 26][2, 21][7, 28][7, 28][7, 28][8, 26][8, 26] 
[20, 24, 1, 9, 3, 23, 4, 14, 11, 25, 7, 27][16, 6, 5, 15, 2, 21, 10, 29][12, 22, 25, 0, 17, 28, 7, 16][18, 13, 0, 26, 8, 19][8, 26][8, 26][2, 21][7, 28][7, 28][7, 28][8, 26][8, 26] 
[20, 24, 1, 9, 3, 23, 4, 14, 11, 25, 7, 27][16, 6, 5, 15, 2, 21, 10, 29][12, 22, 25, 0, 17, 28, 7, 16][18, 13, 0, 26, 8, 19][8, 26][8, 26][2, 21][7, 28][7, 28][7, 28][8, 26][8, 26] 
[20, 24, 1, 9, 3, 23, 4, 14, 11, 25, 7, 27][16, 6, 5, 15, 2, 21, 10, 29][19, 8, 26, 0, 13, 18, 12, 22][0, 17, 28, 7, 16][7, 28][8, 26][8, 26][8, 26][8, 26][8, 26][8, 26][2, 21] 
[20, 24, 1, 9, 3, 23, 4, 14, 11, 25, 7, 27][16, 6, 5, 15, 2, 21, 10, 29][19, 8, 26, 0, 13, 18, 12, 22][0, 17, 28, 7, 16][7, 28][8, 26][8, 26][8, 26][8, 26][8, 26][8, 26][2, 21] 
[20, 24, 1, 9, 3, 23, 4, 14, 11, 25, 7, 27][16, 6, 5, 15, 2, 21, 10, 29][19, 8, 26, 0, 13, 18, 12, 22][0, 17, 28, 7, 16][8, 26][8, 26][2, 21][7, 28][7, 28][7, 28][8, 26][8, 26] 
[20, 24, 1, 9, 3, 23, 4, 14, 11, 25, 7, 27][16, 6, 5, 15, 2, 21, 10, 29][12, 22, 25, 0, 17, 28, 7, 16][12, 18, 13, 0, 26, 8, 19][8, 26][8, 26][2, 21][7, 28][7, 28][7, 28][8, 26][8, 26] 
[20, 24, 1, 9, 3, 23, 4, 14, 11, 25, 7, 27][16, 6, 5, 15, 2, 21, 10, 29][17, 22, 18, 13, 0, 26, 8, 19][12, 22, 25, 0, 17, 28, 7, 16][8, 26][8, 26][2, 21][7, 28][7, 28][7, 28][8, 26][8, 26] 
[20, 24, 1, 9, 3, 23, 4, 14, 11, 25, 7, 27][16, 6, 5, 15, 2, 21, 10, 29][19, 8, 26, 0, 13, 18, 12, 22][0, 17, 28, 7, 16][7, 28][8, 26][8, 26][8, 26][8, 26][8, 26][8, 26][2, 21] 
[20, 24, 1, 9, 3, 23, 4, 14, 11, 25, 7, 27][16, 6, 5, 15, 2, 21, 10, 29][12, 22, 25, 0, 17, 28, 7, 16][19, 8, 26, 0, 13, 18, 22][8, 26][8, 26][2, 21][7, 28][7, 28][7, 28][8, 26][8, 26] 
[20, 24, 1, 9, 3, 23, 4, 14, 11, 25, 7, 27][19, 8, 26, 0, 13, 18, 12, 22, 25][16, 6, 5, 15, 2, 21, 10, 29][16, 7, 28, 17, 0, 25][8, 26][8, 26][2, 21][7, 28][7, 28][7, 28][8, 26][8, 26] 
[20, 24, 1, 9, 3, 23, 4, 14, 11, 25, 7, 27][16, 6, 5, 15, 2, 21, 10, 29][17, 22, 18, 13, 0, 26, 8, 19][12, 22, 25, 0, 17, 28, 7, 16][8, 26][8, 26][2, 21][7, 28][7, 28][7, 28][8, 26][8, 26] 
[20, 24, 1, 9, 3, 23, 4, 14, 11, 25, 7, 27][16, 6, 5, 15, 2, 21, 10, 29][19, 8, 26, 0, 13, 18, 12, 22][0, 17, 28, 7, 16][7, 28][8, 26][8, 26][8, 26][8, 26][8, 26][8, 26][2, 21] 
[20, 24, 1, 9, 3, 23, 4, 14, 11, 25, 7, 27][16, 6, 5, 15, 2, 21, 10, 29][12, 22, 25, 0, 17, 28, 7, 16][19, 8, 26, 0, 13, 18, 22][8, 26][8, 26][2, 21][7, 28][7, 28][7, 28][8, 26][8, 26] 
[20, 24, 1, 9, 3, 23, 4, 14, 11, 25, 7, 27][19, 8, 26, 0, 13, 18, 12, 22, 25][16, 6, 5, 15, 2, 21, 10, 29][16, 7, 28, 17, 0, 25][8, 26][8, 26][2, 21][7, 28][7, 28][7, 28][8, 26][8, 26] 
[20, 24, 1, 9, 3, 23, 4, 14, 11, 25, 7, 27][16, 6, 5, 15, 2, 21, 10, 29][19, 8, 26, 0, 13, 18, 12, 22][12, 22, 25, 0, 17, 28, 7, 16][8, 26][8, 26][2, 21][7, 28][7, 28][7, 28][8, 26][8, 26] 
[20, 24, 1, 9, 3, 23, 4, 14, 11, 25, 7, 27][19, 8, 26, 0, 13, 18, 12, 22, 25][16, 6, 5, 15, 2, 21, 10, 29][12, 22, 25, 0, 17, 28, 7, 16][8, 26][8, 26][2, 21][7, 28][7, 28][7, 28][8, 26][8, 26] 
[20, 24, 1, 9, 3, 23, 4, 14, 11, 25, 7, 27][16, 6, 5, 15, 2, 21, 10, 29][12, 22, 25, 0, 17, 28, 7, 16][18, 13, 0, 26, 8, 19][8, 26][8, 26][2, 21][7, 28][7, 28][7, 28][8, 26][8, 26] 
[20, 24, 1, 9, 3, 23, 4, 14, 11, 25, 7, 27][6, 16, 7, 28, 17, 0, 25, 22, 12, 8, 26][16, 6, 5, 15, 2, 21, 10, 29][12, 19, 8, 26, 0, 13, 18][11, 14][8, 12][1, 9][2, 21][7, 28][5, 15][1, 24][8, 26] 
[20, 24, 1, 9, 3, 23, 4, 14, 11, 25, 7, 27][16, 7, 28, 17, 0, 25, 22, 12, 8, 26][18, 13, 0, 26, 8, 19, 12, 17, 22][16, 6, 5, 15, 2, 21, 10, 29][11, 14][8, 12][1, 9][2, 21][7, 28][5, 15][1, 24][8, 26] 
[20, 24, 1, 9, 3, 23, 4, 14, 11, 25, 7, 27][6, 16, 7, 28, 17, 0, 25, 22, 12, 8, 26][16, 6, 5, 15, 2, 21, 10, 29][12, 19, 8, 26, 0, 13, 18][11, 14][8, 12][1, 9][2, 21][7, 28][5, 15][1, 24][8, 26] 
[6, 5, 15, 2, 29, 27][13, 18, 22, 12, 17, 28][21, 10, 7, 25][23, 9, 3, 24][11, 14, 4, 20][0, 19, 8, 26][1, 24, 7][10, 16][16, 27][9, 14][11, 17][12, 19] 
[6, 5, 15, 2, 29, 27][13, 18, 22, 12, 17, 28][21, 10, 7, 25][23, 9, 3, 24][11, 14, 4, 20][0, 19, 8, 26][1, 24, 7][10, 16][16, 27][9, 14][11, 17][12, 19] 
[6, 5, 15, 2, 29, 27][13, 18, 22, 12, 17, 28][21, 10, 7, 25][23, 9, 3, 24][11, 14, 4, 20][0, 19, 8, 26][1, 24, 7][10, 16][16, 27][9, 14][11, 17][12, 19] 
[6, 5, 15, 2, 29, 27][13, 18, 22, 12, 17, 28][21, 10, 7, 25][23, 9, 3, 24][11, 14, 4, 20][0, 19, 8, 26][1, 24, 7][10, 16][16, 27][9, 14][11, 17][12, 19] 
[6, 5, 15, 2, 29, 27][13, 18, 22, 12, 17, 28][21, 10, 7, 25][23, 9, 3, 24][11, 14, 4, 20][0, 19, 8, 26][1, 24, 7][10, 16][16, 27][9, 14][11, 17][12, 19] 
[6, 5, 15, 2, 29, 27][13, 18, 22, 12, 17, 28][21, 10, 7, 25][23, 9, 3, 24][11, 14, 4, 20][0, 19, 8, 26][1, 24, 7][10, 16][16, 27][9, 14][11, 17][12, 19] 
[6, 5, 15, 2, 29, 27][13, 18, 22, 12, 17, 28][21, 10, 7, 25][23, 9, 3, 24][11, 14, 4, 20][0, 19, 8, 26][1, 24, 7][10, 16][16, 27][9, 14][11, 17][12, 19] 
[6, 5, 15, 2, 29, 27][13, 18, 22, 12, 17, 28][21, 10, 7, 25][23, 9, 3, 24][11, 14, 4, 20][0, 19, 8, 26][1, 24, 7][10, 16][16, 27][9, 14][11, 17][12, 19] 
[6, 5, 15, 2, 29, 27][13, 18, 22, 12, 17, 28][23, 9, 3, 24][11, 14, 4, 20][21, 10, 7, 25][0, 19, 8, 26][1, 24, 7][9, 14][10, 16][16, 27][11, 17][12, 19] 
[6, 5, 15, 2, 29, 27][13, 18, 22, 12, 17, 28][21, 10, 7, 25][23, 9, 3, 24][11, 14, 4, 20][0, 19, 8, 26][1, 24, 7][10, 16][16, 27][9, 14][11, 17][12, 19] 
[6, 5, 15, 2, 29, 27][13, 18, 22, 12, 17, 28][21, 10, 7, 25][23, 9, 3, 24][11, 14, 4, 20][0, 19, 8, 26][1, 24, 7][10, 16][16, 27][9, 14][11, 17][12, 19] 
[6, 5, 15, 2, 29, 27][13, 18, 22, 12, 17, 28][21, 10, 7, 25][23, 9, 3, 24][11, 14, 4, 20][0, 19, 8, 26][1, 24, 7][2, 16, 27][10, 16][9, 14][11, 17][12, 19] 
[6, 5, 15, 2, 29, 27][13, 18, 22, 12, 17, 28][21, 10, 7, 25][23, 9, 3, 24][11, 14, 4, 20][0, 19, 8, 26][1, 24, 7][10, 16][16, 27][9, 14][11, 17][12, 19] 
[6, 5, 15, 2, 29, 27][13, 18, 22, 12, 17, 28][21, 10, 7, 25][23, 9, 3, 24][11, 14, 4, 20][0, 19, 8, 26][1, 24, 7][10, 16][16, 27][9, 14][11, 17][12, 19] 
[6, 5, 15, 2, 29, 27][13, 18, 22, 12, 17, 28][21, 10, 7, 25][23, 9, 3, 24][11, 14, 4, 20][0, 19, 8, 26][1, 24, 7][10, 16][16, 27][9, 14][11, 17][12, 19] 
[13, 18, 22, 12, 17, 28][6, 5, 15, 2, 29][21, 10, 7, 25][23, 9, 3, 24][11, 14, 4, 20][0, 19, 8, 26][7, 27, 16][1, 24, 7][15, 27][9, 14][11, 17][12, 19] 
[13, 18, 22, 12, 17, 28][6, 5, 15, 2, 29][21, 10, 7, 25][23, 9, 3, 24][11, 14, 4, 20][0, 19, 8, 26][7, 27, 16][1, 24, 7][15, 27][9, 14][11, 17][12, 19] 
[13, 18, 22, 12, 17, 28][6, 5, 15, 2, 29][21, 10, 7, 25][23, 9, 3, 24][11, 14, 4, 20][0, 19, 8, 26][7, 27, 16][1, 24, 7][15, 27][9, 14][11, 17][12, 19] 
[13, 18, 22, 12, 17, 28][6, 5, 15, 2, 29][21, 10, 7, 25][23, 9, 3, 24][11, 14, 4, 20][0, 19, 8, 26][7, 27, 16][1, 24, 7][15, 27][9, 14][11, 17][12, 19] 
[13, 18, 22, 12, 17, 28][6, 5, 15, 2, 29][21, 10, 7, 25][23, 9, 3, 24][11, 14, 4, 20][0, 19, 8, 26][7, 27, 16][1, 24, 7][15, 27][9, 14][11, 17][12, 19] 
[6, 5, 15, 16, 2, 29][13, 18, 22, 12, 17, 28][23, 9, 3, 24][11, 14, 4, 20][21, 10, 7, 25][0, 19, 8, 26][1, 24, 7][9, 14][7, 27][2, 27][11, 17][12, 19] 
[6, 5, 15, 2, 29, 27][13, 18, 22, 12, 17, 28][21, 10, 7, 25][23, 9, 3, 24][11, 14, 4, 20][0, 19, 8, 26][1, 24, 7][10, 16][16, 27][9, 14][11, 17][12, 19] 
[6, 5, 15, 2, 29, 27][13, 18, 22, 12, 17, 28][21, 10, 7, 25][23, 9, 3, 24][11, 14, 4, 20][0, 19, 8, 26][1, 24, 7][10, 16][16, 27][9, 14][11, 17][12, 19] 
[6, 5, 15, 2, 29, 27][13, 18, 22, 12, 17, 28][21, 10, 7, 25][23, 9, 3, 24][11, 14, 4, 20][0, 19, 8, 26][1, 24, 7][10, 16][16, 27][9, 14][11, 17][12, 19] 
[6, 5, 15, 2, 29, 27][13, 18, 22, 12, 17, 28][23, 9, 3, 24][11, 14, 4, 20][21, 10, 7, 25][0, 19, 8, 26][1, 24, 7][9, 14][10, 16][16, 27][11, 17][12, 19] 
[6, 5, 15, 2, 29, 27][13, 18, 22, 12, 17, 28][21, 10, 7, 25][23, 9, 3, 24][11, 14, 4, 20][0, 19, 8, 26][1, 24, 7][10, 16][16, 27][9, 14][11, 17][12, 19] 
[13, 18, 22, 12, 17, 28][6, 5, 15, 27, 2, 29][0, 19, 8, 26][11, 14, 4, 20][23, 9, 3, 24][21, 10, 7, 25][1, 24, 7][12, 19][11, 17][9, 14][7, 16][16, 27] 
[6, 5, 15, 2, 29, 27][13, 18, 22, 12, 17, 28][21, 10, 7, 25][23, 9, 3, 24][11, 14, 4, 20][0, 19, 8, 26][1, 24, 7][10, 16][16, 27][9, 14][11, 17][12, 19] 
[13, 18, 22, 12, 17, 28][6, 5, 15, 2, 29][21, 10, 7, 25][23, 9, 3, 24][11, 14, 4, 20][0, 19, 8, 26][7, 27, 16][1, 24, 7][15, 27][9, 14][11, 17][12, 19] 
[13, 18, 22, 12, 17, 28][6, 5, 15, 2, 29][21, 10, 7, 25][23, 9, 3, 24][11, 14, 4, 20][0, 19, 8, 26][7, 27, 16][1, 24, 7][15, 27][9, 14][11, 17][12, 19] 
[13, 18, 22, 12, 17, 28][6, 5, 15, 2, 29][21, 10, 7, 25][23, 9, 3, 24][11, 14, 4, 20][0, 19, 8, 26][7, 27, 16][1, 24, 7][15, 27][9, 14][11, 17][12, 19] 
[13, 18, 22, 12, 17, 28][6, 5, 15, 2, 29][21, 10, 7, 25][23, 9, 3, 24][11, 14, 4, 20][0, 19, 8, 26][7, 27, 16][1, 24, 7][15, 27][9, 14][11, 17][12, 19] 
[13, 18, 22, 12, 17, 28][6, 5, 15, 2, 29][21, 10, 7, 25][23, 9, 3, 24][11, 14, 4, 20][0, 19, 8, 26][7, 27, 16][1, 24, 7][15, 27][9, 14][11, 17][12, 19] 
[13, 18, 22, 12, 17, 28][6, 5, 15, 2, 29][21, 10, 7, 25][23, 9, 3, 24][11, 14, 4, 20][0, 19, 8, 26][7, 27, 16][1, 24, 7][15, 27][9, 14][11, 17][12, 19] 
[13, 18, 22, 12, 17, 28][6, 5, 15, 2, 29][21, 10, 7, 25][23, 9, 3, 24][11, 14, 4, 20][0, 19, 8, 26][7, 27, 16][1, 24, 7][15, 27][9, 14][11, 17][12, 19] 
[13, 18, 22, 12, 17, 28][6, 5, 15, 2, 29][21, 10, 7, 25][23, 9, 3, 24][11, 14, 4, 20][0, 19, 8, 26][7, 27, 16][1, 24, 7][15, 27][9, 14][11, 17][12, 19] 
[13, 18, 22, 12, 17, 28][6, 5, 15, 2, 29][21, 10, 7, 25][23, 9, 3, 24][11, 14, 4, 20][0, 19, 8, 26][7, 27, 16][1, 24, 7][15, 27][9, 14][11, 17][12, 19] 
[13, 18, 22, 12, 17, 28][6, 5, 15, 2, 29][21, 10, 7, 25][23, 9, 3, 24][11, 14, 4, 20][0, 19, 8, 26][7, 27, 16][1, 24, 7][15, 27][9, 14][11, 17][12, 19] 
[13, 18, 22, 12, 17, 28][6, 5, 15, 2, 29][21, 10, 7, 25][23, 9, 3, 24][11, 14, 4, 20][0, 19, 8, 26][7, 27, 16][1, 24, 7][15, 27][9, 14][11, 17][12, 19] 
[13, 18, 22, 12, 17, 28][6, 5, 15, 2, 29][21, 10, 7, 25][23, 9, 3, 24][11, 14, 4, 20][0, 19, 8, 26][7, 27, 16][1, 24, 7][15, 27][9, 14][11, 17][12, 19] 
[13, 18, 22, 12, 17, 28][6, 5, 15, 2, 29][21, 10, 7, 25][23, 9, 3, 24][11, 14, 4, 20][0, 19, 8, 26][7, 27, 16][1, 24, 7][15, 27][9, 14][11, 17][12, 19] 
[13, 18, 22, 12, 17, 28][6, 5, 15, 2, 29][21, 10, 7, 25][23, 9, 3, 24][11, 14, 4, 20][0, 19, 8, 26][7, 27, 16][1, 24, 7][15, 27][9, 14][11, 17][12, 19] 
[13, 18, 22, 12, 17, 28][6, 5, 15, 2, 29][21, 10, 7, 25][23, 9, 3, 24][11, 14, 4, 20][0, 19, 8, 26][7, 27, 16][1, 24, 7][15, 27][9, 14][11, 17][12, 19] 
[6, 5, 15, 27, 16, 2, 29][13, 18, 22, 12, 17, 28][21, 10, 7, 25][23, 9, 3, 24][11, 14, 4, 20][0, 19, 8, 26][1, 24, 7][16, 27][7, 16][9, 14][11, 17][12, 19] 
[6, 5, 15, 27, 16, 2, 29][13, 18, 22, 12, 17, 28][21, 10, 7, 25][23, 9, 3, 24][11, 14, 4, 20][0, 19, 8, 26][1, 24, 7][16, 27][7, 16][9, 14][11, 17][12, 19] 
[6, 5, 15, 27, 16, 2, 29][13, 18, 22, 12, 17, 28][21, 10, 7, 25][23, 9, 3, 24][11, 14, 4, 20][0, 19, 8, 26][1, 24, 7][16, 27][7, 16][9, 14][11, 17][12, 19] 
[6, 5, 15, 27, 16, 2, 29][13, 18, 22, 12, 17, 28][21, 10, 7, 25][23, 9, 3, 24][11, 14, 4, 20][0, 19, 8, 26][1, 24, 7][16, 27][7, 16][9, 14][11, 17][12, 19] 
[6, 5, 15, 27, 16, 2, 29][13, 18, 22, 12, 17, 28][21, 10, 7, 25][23, 9, 3, 24][11, 14, 4, 20][0, 19, 8, 26][1, 24, 7][16, 27][7, 16][9, 14][11, 17][12, 19] 
[6, 5, 15, 27, 16, 2, 29][13, 18, 22, 12, 17, 28][21, 10, 7, 25][23, 9, 3, 24][11, 14, 4, 20][0, 19, 8, 26][1, 24, 7][16, 27][7, 16][9, 14][11, 17][12, 19] 
[6, 5, 15, 2, 29, 27][13, 18, 22, 12, 17, 28][21, 10, 7, 25][23, 9, 3, 24][11, 14, 4, 20][0, 19, 8, 26][1, 24, 7][10, 16][16, 27][9, 14][11, 17][12, 19] 
[6, 5, 15, 2, 29, 27][13, 18, 22, 12, 17, 28][21, 10, 7, 25][23, 9, 3, 24][11, 14, 4, 20][0, 19, 8, 26][1, 24, 7][10, 16][16, 27][9, 14][11, 17][12, 19] 
[6, 5, 15, 2, 29, 27][13, 18, 22, 12, 17, 28][21, 10, 7, 25][23, 9, 3, 24][11, 14, 4, 20][0, 19, 8, 26][1, 24, 7][10, 16][16, 27][9, 14][11, 17][12, 19] 
[6, 5, 15, 2, 29, 27][13, 18, 22, 12, 17, 28][21, 10, 7, 25][23, 9, 3, 24][11, 14, 4, 20][0, 19, 8, 26][1, 24, 7][10, 16][16, 27][9, 14][11, 17][12, 19] 
[6, 5, 15, 2, 29, 27][13, 18, 22, 12, 17, 28][21, 10, 7, 25][23, 9, 3, 24][11, 14, 4, 20][0, 19, 8, 26][1, 24, 7][10, 16][16, 27][9, 14][11, 17][12, 19] 
[13, 18, 22, 12, 17, 28][6, 5, 15, 2, 29][21, 10, 7, 25][23, 9, 3, 24][11, 14, 4, 20][0, 19, 8, 26][7, 27, 16][1, 24, 7][15, 27][9, 14][11, 17][12, 19] 
[6, 5, 15, 2, 29, 27][13, 18, 22, 12, 17, 28][21, 10, 7, 25][23, 9, 3, 24][11, 14, 4, 20][0, 19, 8, 26][1, 24, 7][10, 16][16, 27][9, 14][11, 17][12, 19] 
