[13, 18, 0, 12, 8, 26][2, 29, 27, 15, 5][14, 9, 1, 4, 24][11, 25, 22, 19][17, 28, 7, 20][6, 21, 10][16, 28, 25][3, 1, 23][10, 29][7, 10][20, 24][6, 13] 
[13, 18, 0, 12, 8, 26][2, 29, 27, 15, 5][14, 9, 1, 4, 24][11, 25, 22, 19][17, 28, 7, 20][6, 21, 10][16, 28, 25][3, 1, 23][10, 29][7, 10][20, 24][6, 13] 
[13, 18, 0, 12, 8, 26][2, 29, 27, 15, 5][14, 9, 1, 4, 24][17, 28, 7, 20][11, 25, 22, 19][6, 21, 10][16, 28, 25][3, 1, 23][5, 21][6, 13][7, 10][20, 24] 
[13, 18, 0, 12, 8, 26][14, 9, 1, 4, 24][16, 15, 2, 29][11, 25, 22, 19][17, 28, 7, 20][16, 28, 25][5, 15, 27][3, 1, 23][6, 21, 10][20, 24][5, 21][6, 13] 
[13, 18, 0, 12, 8, 26][17, 28, 7, 20, 24][2, 29, 27, 15, 5][11, 25, 22, 19][4, 1, 9, 14][16, 28, 25][3, 1, 23][6, 21, 10][7, 10][6, 13][10, 29][3, 11] 
[13, 18, 0, 12, 8, 26][2, 29, 27, 15, 5][17, 28, 7, 20, 24][11, 25, 22, 19][4, 1, 9, 14][6, 21, 10][16, 28, 25][3, 1, 23][6, 13][10, 29][15, 16][3, 11] 
[13, 18, 0, 12, 8, 26][2, 29, 27, 15, 5][14, 9, 1, 4, 24][17, 28, 7, 20][11, 25, 22, 19][6, 21, 10][16, 28, 25][3, 1, 23][5, 21][6, 13][7, 10][20, 24] 
[13, 18, 0, 12, 8, 26][17, 28, 7, 20, 24][2, 29, 27, 15, 5][11, 25, 22, 19][4, 1, 9, 14][16, 28, 25][3, 1, 23][6, 21, 10][7, 10][6, 13][10, 29][3, 11] 
[13, 18, 0, 12, 8, 26][17, 28, 7, 20, 24][2, 29, 27, 15, 5][11, 25, 22, 19][4, 1, 9, 14][16, 28, 25][3, 1, 23][6, 21, 10][7, 10][6, 13][10, 29][3, 11] 
[13, 18, 0, 12, 8, 26][17, 28, 7, 20, 24][2, 29, 27, 15, 5][11, 25, 22, 19][4, 1, 9, 14][16, 28, 25][3, 1, 23][6, 21, 10][7, 10][6, 13][10, 29][3, 11] 
[13, 18, 0, 12, 8, 26][2, 29, 27, 15, 5][14, 9, 1, 4, 24][11, 25, 22, 19][17, 28, 7, 20][6, 21, 10][16, 28, 25][3, 1, 23][10, 29][7, 10][20, 24][6, 13] 
[13, 18, 0, 12, 8, 26][2, 29, 27, 15, 5][14, 9, 1, 4, 24][11, 25, 22, 19][17, 28, 7, 20][6, 21, 10][16, 28, 25][3, 1, 23][10, 29][7, 10][20, 24][6, 13] 
[13, 18, 0, 12, 8, 26][2, 29, 27, 15, 5][14, 9, 1, 4, 24][17, 28, 7, 20][11, 25, 22, 19][6, 21, 10][16, 28, 25][3, 1, 23][5, 21][6, 13][7, 10][20, 24] 
[13, 18, 0, 12, 8, 26][17, 28, 7, 20, 24][2, 29, 27, 15, 5][11, 25, 22, 19][4, 1, 9, 14][16, 28, 25][3, 1, 23][6, 21, 10][7, 10][6, 13][10, 29][3, 11] 
[13, 18, 0, 12, 8, 26][2, 29, 27, 15, 5][17, 28, 7, 20, 24][11, 25, 22, 19][4, 1, 9, 14][6, 21, 10][16, 28, 25][3, 1, 23][6, 13][10, 29][15, 16][3, 11] 
[13, 18, 0, 12, 8, 26][17, 28, 7, 20, 24][2, 29, 27, 15, 5][11, 25, 22, 19][4, 1, 9, 14][16, 28, 25][3, 1, 23][6, 21, 10][7, 10][6, 13][10, 29][3, 11] 
[13, 18, 0, 12, 8, 26][2, 29, 27, 15, 5][14, 9, 1, 4, 24][11, 25, 22, 19][17, 28, 7, 20][6, 21, 10][16, 28, 25][3, 1, 23][10, 29][7, 10][20, 24][6, 13] 
[13, 18, 0, 12, 8, 26][2, 29, 27, 15, 5][14, 9, 1, 4, 24][17, 28, 7, 20][11, 25, 22, 19][6, 21, 10][16, 28, 25][3, 1, 23][7, 10][10, 29][6, 13][20, 24] 
[13, 18, 0, 12, 8, 26][17, 28, 7, 20, 24][2, 29, 27, 15, 5][11, 25, 22, 19][4, 1, 9, 14][16, 28, 25][3, 1, 23][6, 21, 10][7, 10][6, 13][10, 29][3, 11] 
[13, 18, 0, 12, 8, 26][2, 29, 27, 15, 5][14, 9, 1, 4, 24][11, 25, 22, 19][17, 28, 7, 20][6, 21, 10][16, 28, 25][3, 1, 23][10, 29][7, 10][20, 24][6, 13] 
[13, 18, 0, 12, 8, 26][2, 29, 27, 15, 5][14, 9, 1, 4, 24][11, 25, 22, 19][17, 28, 7, 20][6, 21, 10][16, 28, 25][3, 1, 23][10, 29][7, 10][20, 24][6, 13] 
[13, 18, 0, 12, 8, 26][2, 29, 27, 15, 5][14, 9, 1, 4, 24][11, 25, 22, 19][17, 28, 7, 20][6, 21, 10][16, 28, 25][3, 1, 23][10, 29][7, 10][20, 24][6, 13] 
[13, 18, 0, 12, 8, 26][2, 29, 27, 15, 5][14, 9, 1, 4, 24][17, 28, 7, 20][11, 25, 22, 19][6, 21, 10][16, 28, 25][3, 1, 23][5, 21][6, 13][7, 10][20, 24] 
[13, 18, 0, 12, 8, 26][17, 28, 7, 20, 24][2, 29, 27, 15, 5][11, 25, 22, 19][4, 1, 9, 14][16, 28, 25][3, 1, 23][6, 21, 10][3, 11][7, 10][6, 13][10, 29] 
[13, 18, 0, 12, 8, 26][2, 29, 27, 15, 5][17, 28, 7, 20, 24][11, 25, 22, 19][4, 1, 9, 14][6, 21, 10][16, 28, 25][3, 1, 23][6, 13][10, 29][15, 16][3, 11] 
[13, 18, 0, 12, 8, 26][17, 28, 7, 20, 24][2, 29, 27, 15, 5][11, 25, 22, 19][4, 1, 9, 14][16, 28, 25][3, 1, 23][6, 21, 10][7, 10][6, 13][10, 29][3, 11] 
[13, 18, 0, 12, 8, 26][2, 29, 27, 15, 5][14, 9, 1, 4, 24][11, 25, 22, 19][17, 28, 7, 20][6, 21, 10][16, 28, 25][3, 1, 23][10, 29][7, 10][20, 24][6, 13] 
[13, 18, 0, 12, 8, 26][2, 29, 27, 15, 5][14, 9, 1, 4, 24][11, 25, 22, 19][17, 28, 7, 20][6, 21, 10][16, 28, 25][3, 1, 23][10, 29][7, 10][20, 24][6, 13] 
[13, 18, 0, 12, 8, 26][17, 28, 7, 20, 24][2, 29, 27, 15, 5][11, 25, 22, 19][4, 1, 9, 14][16, 28, 25][3, 1, 23][6, 21, 10][7, 10][6, 13][10, 29][3, 11] 
[13, 18, 0, 12, 8, 26][2, 29, 27, 15, 5][14, 9, 1, 4, 24][17, 28, 7, 20][11, 25, 22, 19][6, 21, 10][16, 28, 25][3, 1, 23][7, 10][10, 29][6, 13][20, 24] 
[13, 18, 0, 12, 8, 26][2, 29, 27, 15, 5][14, 9, 1, 4, 24][11, 25, 22, 19][17, 28, 7, 20][6, 21, 10][16, 28, 25][3, 1, 23][10, 29][7, 10][20, 24][6, 13] 
[13, 18, 0, 12, 8, 26][2, 29, 27, 15, 5][14, 9, 1, 4, 24][17, 28, 7, 20][11, 25, 22, 19][6, 21, 10][16, 28, 25][3, 1, 23][10, 29][6, 13][7, 10][20, 24] 
[13, 18, 0, 12, 8, 26][17, 28, 7, 20, 24][2, 29, 27, 15, 5][11, 25, 22, 19][4, 1, 9, 14][16, 28, 25][3, 1, 23][6, 21, 10][7, 10][6, 13][10, 29][3, 11] 
[13, 18, 0, 12, 8, 26][2, 29, 27, 15, 5][14, 9, 1, 4, 24][17, 28, 7, 20][11, 25, 22, 19][6, 21, 10][16, 28, 25][3, 1, 23][10, 29][6, 13][7, 10][20, 24] 
[13, 18, 0, 12, 8, 26][2, 29, 27, 15, 5][14, 9, 1, 4, 24][17, 28, 7, 20][11, 25, 22, 19][6, 21, 10][16, 28, 25][3, 1, 23][10, 29][6, 13][7, 10][20, 24] 
[5, 6, 21, 10, 29, 2, 15, 16, 28, 0, 18, 22, 17, 12, 19][17, 11, 3, 4, 1, 23, 20][24, 14, 9, 3, 11, 25][12, 8, 26][7, 27, 15][9, 14][6, 13][10, 21][3, 11][9, 14][6, 21][10, 21] 
[5, 6, 21, 10, 29, 2, 15, 16, 28, 0, 18, 22, 17, 12, 19][17, 11, 3, 4, 1, 23, 20][5, 21, 2, 29, 15, 6, 13][24, 14, 9, 3, 11, 25][12, 8, 26][7, 27, 15][9, 14][10, 21][3, 11][9, 14][6, 21][10, 21] 
[5, 6, 21, 10, 29, 2, 15, 16, 28, 0, 18, 22, 17, 12, 19][17, 11, 3, 4, 1, 23, 20][24, 14, 9, 3, 11, 25][12, 8, 26][7, 27, 15][9, 14][6, 13][10, 21][3, 11][9, 14][6, 21][10, 21] 
[5, 6, 21, 10, 29, 2, 15, 16, 28][3, 11, 17, 18, 19, 22, 0, 25][4, 3, 1, 9, 14, 24, 20][23, 3, 14, 7, 16, 27][0, 26, 8, 12][6, 13][6, 21][6, 21][10, 21][10, 21][6, 21][6, 21] 
[5, 6, 21, 10, 29, 2, 15, 16, 28][3, 11, 17, 18, 19, 22, 0, 25][4, 3, 1, 9, 14, 24, 20][23, 3, 14, 7, 16, 27][0, 26, 8, 12][6, 13][6, 21][6, 21][10, 21][10, 21][6, 21][6, 21] 
[4, 3, 11, 17, 18, 19, 22, 0, 25][5, 6, 21, 10, 29, 2, 15, 16, 28][23, 3, 14, 7, 16, 27][1, 9, 14, 24, 20][0, 26, 8, 12][10, 29][10, 21][6, 21][3, 11][6, 13][6, 21][6, 21] 
[5, 6, 21, 10, 29, 2, 15, 16, 28, 0, 18, 22, 17, 12, 19][17, 11, 3, 4, 1, 23, 20][24, 14, 9, 3, 11, 25][12, 8, 26][7, 27, 15][9, 14][6, 13][10, 21][3, 11][9, 14][6, 21][10, 21] 
[5, 6, 21, 10, 29, 2, 15, 16, 28, 0, 18, 22, 17, 12, 19][17, 11, 3, 4, 1, 23, 20][5, 21, 2, 29, 15, 6, 13][24, 14, 9, 3, 11, 25][12, 8, 26][7, 27, 15][9, 14][10, 21][3, 11][9, 14][6, 21][10, 21] 
[5, 6, 21, 10, 29, 2, 15, 16, 28][3, 11, 17, 18, 19, 22, 0, 25][4, 3, 1, 9, 14, 24, 20][23, 3, 14, 7, 16, 27][0, 26, 8, 12][6, 13][6, 21][6, 21][10, 21][10, 21][6, 21][6, 21] 
[5, 6, 21, 10, 29, 2, 15, 16, 28, 0, 18, 22, 17, 12, 19][17, 11, 3, 4, 1, 23, 20][24, 14, 9, 3, 11, 25][12, 8, 26][7, 27, 15][9, 14][6, 13][10, 21][3, 11][9, 14][6, 21][10, 21] 
[5, 6, 21, 10, 29, 2, 15, 16, 28, 0, 18, 22, 17, 12, 19][17, 11, 3, 4, 1, 23, 20][24, 14, 9, 3, 11, 25][12, 8, 26][7, 27, 15][9, 14][6, 13][10, 21][3, 11][9, 14][6, 21][10, 21] 
[5, 6, 21, 10, 29, 2, 15, 16, 28, 0, 18, 22, 17, 12, 19][17, 11, 3, 4, 1, 23, 20][24, 14, 9, 3, 11, 25][12, 8, 26][7, 27, 15][9, 14][6, 13][10, 21][3, 11][9, 14][6, 21][10, 21] 
[5, 6, 21, 10, 29, 2, 15, 16, 28][3, 11, 17, 18, 19, 22, 0, 25][4, 3, 1, 9, 14, 24, 20][23, 3, 14, 7, 16, 27][0, 26, 8, 12][6, 13][6, 21][6, 21][10, 21][10, 21][6, 21][6, 21] 
[5, 6, 21, 10, 29, 2, 15, 16, 28, 0, 18, 22, 17, 12, 19][17, 11, 3, 4, 1, 23, 20][24, 14, 9, 3, 11, 25][12, 8, 26][7, 27, 15][9, 14][6, 13][10, 21][3, 11][9, 14][6, 21][10, 21] 
[5, 6, 21, 10, 29, 2, 15, 16, 28, 0, 18, 22, 17, 12, 19][17, 11, 3, 4, 1, 23, 20][24, 14, 9, 3, 11, 25][12, 8, 26][7, 27, 15][9, 14][6, 13][10, 21][3, 11][9, 14][6, 21][10, 21] 
[5, 6, 21, 10, 29, 2, 15, 16, 28, 0, 18, 22, 17, 12, 19][17, 11, 3, 4, 1, 23, 20][24, 14, 9, 3, 11, 25][12, 8, 26][7, 27, 15][9, 14][6, 13][10, 21][3, 11][9, 14][6, 21][10, 21] 
[5, 6, 21, 10, 29, 2, 15, 16, 28, 0, 18, 22, 17, 12, 19][17, 11, 3, 4, 1, 23, 20][24, 14, 9, 3, 11, 25][12, 8, 26][7, 27, 15][9, 14][6, 13][10, 21][3, 11][9, 14][6, 21][10, 21] 
[4, 3, 11, 17, 18, 19, 22, 0, 25][5, 6, 21, 10, 29, 2, 15, 16, 28][23, 3, 9, 14, 7, 16, 27][4, 3, 1, 9, 14, 24, 20][0, 26, 8, 12][6, 13][6, 21][6, 21][10, 21][10, 21][6, 21][6, 21] 
[5, 6, 21, 10, 29, 2, 15, 16, 28, 0, 18, 22, 17, 12, 19][17, 11, 3, 4, 1, 23, 20][24, 14, 9, 3, 11, 25][12, 8, 26][7, 27, 15][9, 14][6, 13][10, 21][3, 11][9, 14][6, 21][10, 21] 
[5, 6, 21, 10, 29, 2, 15, 16, 28, 0, 18, 22, 17, 12, 19][17, 11, 3, 4, 1, 23, 20][24, 14, 9, 3, 11, 25][12, 8, 26][7, 27, 15][9, 14][6, 13][10, 21][3, 11][9, 14][6, 21][10, 21] 
[5, 6, 21, 10, 29, 2, 15, 16, 28, 0, 18, 22, 17, 12, 19][17, 11, 3, 4, 1, 23, 20][24, 14, 9, 3, 11, 25][2, 15, 27, 7][12, 8, 26][9, 14][6, 13][10, 21][3, 11][9, 14][6, 21][10, 21] 
[13, 18, 0, 12, 8, 26][17, 28, 7, 20, 24][2, 29, 27, 15, 5][11, 25, 22, 19][4, 1, 9, 14][16, 28, 25][3, 1, 23][6, 21, 10][7, 10][6, 13][10, 29][3, 11] 
[13, 18, 0, 12, 8, 26][17, 28, 7, 20, 24][2, 29, 27, 15, 5][11, 25, 22, 19][4, 1, 9, 14][16, 28, 25][3, 1, 23][6, 21, 10][7, 10][6, 13][10, 29][3, 11] 
[13, 18, 0, 12, 8, 26][17, 28, 7, 20, 24][2, 29, 27, 15, 5][11, 25, 22, 19][4, 1, 9, 14][16, 28, 25][3, 1, 23][6, 21, 10][3, 11][7, 10][10, 29][6, 13] 
[13, 18, 0, 12, 8, 26][17, 28, 7, 20, 24][2, 29, 27, 15, 5][11, 25, 22, 19][4, 1, 9, 14][16, 28, 25][3, 1, 23][6, 21, 10][7, 10][6, 13][10, 29][3, 11] 
[13, 18, 0, 12, 8, 26][17, 28, 7, 20, 24][2, 29, 27, 15, 5][11, 25, 22, 19][4, 1, 9, 14][16, 28, 25][3, 1, 23][6, 21, 10][7, 10][6, 13][10, 29][3, 11] 
[13, 18, 0, 12, 8, 26][17, 28, 7, 20, 24][2, 29, 27, 15, 5][11, 25, 22, 19][4, 1, 9, 14][16, 28, 25][3, 1, 23][6, 21, 10][7, 10][6, 13][10, 29][3, 11] 
[13, 18, 0, 12, 8, 26][17, 28, 7, 20, 24][2, 29, 27, 15, 5][11, 25, 22, 19][4, 1, 9, 14][16, 28, 25][3, 1, 23][6, 21, 10][7, 10][6, 13][10, 29][3, 11] 
[13, 18, 0, 12, 8, 26][17, 28, 7, 20, 24][2, 29, 27, 15, 5][11, 25, 22, 19][4, 1, 9, 14][16, 28, 25][3, 1, 23][6, 21, 10][7, 10][6, 13][10, 29][3, 11] 
[13, 18, 0, 12, 8, 26][17, 28, 7, 20, 24][2, 29, 27, 15, 5][11, 25, 22, 19][4, 1, 9, 14][16, 28, 25][3, 1, 23][6, 21, 10][7, 10][6, 13][10, 29][3, 11] 
[13, 18, 0, 12, 8, 26][17, 28, 7, 20, 24][2, 29, 27, 15, 5][11, 25, 22, 19][4, 1, 9, 14][16, 28, 25][3, 1, 23][6, 21, 10][7, 10][6, 13][10, 29][3, 11] 
[13, 18, 0, 12, 8, 26][17, 28, 7, 20, 24][2, 29, 27, 15, 5][11, 25, 22, 19][4, 1, 9, 14][16, 28, 25][3, 1, 23][6, 21, 10][3, 11][7, 10][6, 13][10, 29] 
[13, 18, 0, 12, 8, 26][17, 28, 7, 20, 24][2, 29, 27, 15, 5][11, 25, 22, 19][4, 1, 9, 14][16, 28, 25][3, 1, 23][6, 21, 10][7, 10][6, 13][10, 29][3, 11] 
[13, 18, 0, 12, 8, 26][17, 28, 7, 20, 24][2, 29, 27, 15, 5][11, 25, 22, 19][4, 1, 9, 14][16, 28, 25][3, 1, 23][6, 21, 10][7, 10][6, 13][10, 29][3, 11] 
[13, 18, 0, 12, 8, 26][17, 28, 7, 20, 24][2, 29, 27, 15, 5][11, 25, 22, 19][4, 1, 9, 14][16, 28, 25][3, 1, 23][6, 21, 10][7, 10][6, 13][10, 29][3, 11] 
[13, 18, 0, 12, 8, 26][17, 28, 7, 20, 24][2, 29, 27, 15, 5][11, 25, 22, 19][4, 1, 9, 14][16, 28, 25][3, 1, 23][6, 21, 10][3, 11][7, 10][10, 29][6, 13] 
[13, 18, 0, 12, 8, 26][2, 29, 27, 15, 5][14, 9, 1, 4, 24][11, 25, 22, 19][17, 28, 7, 20][6, 21, 10][16, 28, 25][3, 1, 23][10, 29][7, 10][20, 24][6, 13] 
[13, 18, 0, 12, 8, 26][2, 29, 27, 15, 5][14, 9, 1, 4, 24][11, 25, 22, 19][17, 28, 7, 20][6, 21, 10][16, 28, 25][3, 1, 23][10, 29][7, 10][20, 24][6, 13] 
[13, 18, 0, 12, 8, 26][2, 29, 27, 15, 5][14, 9, 1, 4, 24][11, 25, 22, 19][17, 28, 7, 20][6, 21, 10][16, 28, 25][3, 1, 23][10, 29][7, 10][20, 24][6, 13] 
[13, 18, 0, 12, 8, 26][2, 29, 27, 15, 5][14, 9, 1, 4, 24][11, 25, 22, 19][17, 28, 7, 20][6, 21, 10][16, 28, 25][3, 1, 23][10, 29][7, 10][20, 24][6, 13] 
[13, 18, 0, 12, 8, 26][2, 29, 27, 15, 5][14, 9, 1, 4, 24][11, 25, 22, 19][17, 28, 7, 20][6, 21, 10][16, 28, 25][3, 1, 23][10, 29][7, 10][20, 24][6, 13] 
[13, 18, 0, 12, 8, 26][2, 29, 27, 15, 5][17, 28, 7, 20, 24][11, 25, 22, 19][9, 14, 4, 23][6, 21, 10][16, 28, 25][3, 1, 23][10, 29][6, 13][7, 10][3, 11] 
[13, 18, 0, 12, 8, 26][17, 28, 7, 20, 24][2, 29, 27, 15, 5][11, 25, 22, 19][4, 1, 9, 14][16, 28, 25][3, 1, 23][6, 21, 10][7, 10][6, 13][10, 29][3, 11] 
[13, 18, 0, 12, 8, 26][17, 28, 7, 20, 24][2, 29, 27, 15, 5][11, 25, 22, 19][4, 1, 9, 14][16, 28, 25][3, 1, 23][6, 21, 10][7, 10][6, 13][10, 29][3, 11] 
[13, 18, 0, 12, 8, 26][17, 28, 7, 20, 24][2, 29, 27, 15, 5][11, 25, 22, 19][4, 1, 9, 14][16, 28, 25][3, 1, 23][6, 21, 10][3, 11][7, 10][6, 13][10, 29] 
[13, 18, 0, 12, 8, 26][17, 28, 7, 20, 24][2, 29, 27, 15, 5][11, 25, 22, 19][4, 1, 9, 14][16, 28, 25][3, 1, 23][6, 21, 10][7, 10][6, 13][10, 29][3, 11] 
[13, 18, 0, 12, 8, 26][17, 28, 7, 20, 24][2, 29, 27, 15, 5][11, 25, 22, 19][4, 1, 9, 14][16, 28, 25][3, 1, 23][6, 21, 10][7, 10][6, 13][10, 29][3, 11] 
[13, 18, 0, 12, 8, 26][17, 28, 7, 20, 24][2, 29, 27, 15, 5][11, 25, 22, 19][4, 1, 9, 14][16, 28, 25][3, 1, 23][6, 21, 10][3, 11][7, 10][6, 13][10, 29] 
[13, 18, 0, 12, 8, 26][17, 28, 7, 20, 24][2, 29, 27, 15, 5][11, 25, 22, 19][4, 1, 9, 14][16, 28, 25][3, 1, 23][6, 21, 10][7, 10][6, 13][10, 29][3, 11] 
[13, 18, 0, 12, 8, 26][2, 29, 27, 15, 5][14, 9, 1, 4, 24][11, 25, 22, 19][17, 28, 7, 20][6, 21, 10][16, 28, 25][3, 1, 23][10, 29][7, 10][20, 24][6, 13] 
[13, 18, 0, 12, 8, 26][2, 29, 27, 15, 5][14, 9, 1, 4, 24][11, 25, 22, 19][17, 28, 7, 20][6, 21, 10][16, 28, 25][3, 1, 23][10, 29][7, 10][20, 24][6, 13] 
[13, 18, 0, 12, 8, 26][2, 29, 27, 15, 5][14, 9, 1, 4, 24][11, 25, 22, 19][17, 28, 7, 20][6, 21, 10][16, 28, 25][3, 1, 23][10, 29][7, 10][20, 24][6, 13] 
[13, 18, 0, 12, 8, 26][2, 29, 27, 15, 5][14, 9, 1, 4, 24][11, 25, 22, 19][17, 28, 7, 20][6, 21, 10][16, 28, 25][3, 1, 23][10, 29][7, 10][20, 24][6, 13] 
[13, 18, 0, 12, 8, 26][2, 29, 27, 15, 5][14, 9, 1, 4, 24][11, 25, 22, 19][17, 28, 7, 20][6, 21, 10][16, 28, 25][3, 1, 23][10, 29][7, 10][20, 24][6, 13] 
[13, 18, 0, 12, 8, 26][2, 29, 27, 15, 5][14, 9, 1, 4, 24][17, 28, 7, 20][11, 25, 22, 19][6, 21, 10][16, 28, 25][3, 1, 23][10, 29][6, 13][7, 10][20, 24] 
[13, 18, 0, 12, 8, 26][2, 29, 27, 15, 5][14, 9, 1, 4, 24][17, 28, 7, 20][11, 25, 22, 19][6, 21, 10][16, 28, 25][3, 1, 23][7, 10][10, 29][6, 13][20, 24] 
[13, 18, 0, 12, 8, 26][2, 29, 27, 15, 5][14, 9, 1, 4, 24][17, 28, 7, 20][11, 25, 22, 19][6, 21, 10][16, 28, 25][3, 1, 23][7, 10][10, 29][6, 13][20, 24] 
[13, 18, 0, 12, 8, 26][2, 29, 27, 15, 5][14, 9, 1, 4, 24][11, 25, 22, 19][17, 28, 7, 20][6, 21, 10][16, 28, 25][3, 1, 23][10, 29][7, 10][20, 24][6, 13] 
[13, 18, 0, 12, 8, 26][2, 29, 27, 15, 5][14, 9, 1, 4, 24][11, 25, 22, 19][17, 28, 7, 20][6, 21, 10][16, 28, 25][3, 1, 23][10, 29][7, 10][20, 24][6, 13] 
[13, 18, 0, 12, 8, 26][2, 29, 27, 15, 5][14, 9, 1, 4, 24][11, 25, 22, 19][17, 28, 7, 20][6, 21, 10][16, 28, 25][3, 1, 23][10, 29][7, 10][20, 24][6, 13] 
[13, 18, 0, 12, 8, 26][2, 29, 27, 15, 5][14, 9, 1, 4, 24][17, 28, 7, 20][11, 25, 22, 19][6, 21, 10][16, 28, 25][3, 1, 23][7, 10][10, 29][6, 13][20, 24] 
[13, 18, 0, 12, 8, 26][2, 29, 27, 15, 5][14, 9, 1, 4, 24][11, 25, 22, 19][17, 28, 7, 20][6, 21, 10][16, 28, 25][3, 1, 23][10, 29][7, 10][20, 24][6, 13] 
[13, 18, 0, 12, 8, 26][2, 29, 27, 15, 5][14, 9, 1, 4, 24][11, 25, 22, 19][17, 28, 7, 20][6, 21, 10][16, 28, 25][3, 1, 23][10, 29][7, 10][20, 24][6, 13] 
[13, 18, 0, 12, 8, 26][2, 29, 27, 15, 5][14, 9, 1, 4, 24][11, 25, 22, 19][17, 28, 7, 20][6, 21, 10][16, 28, 25][3, 1, 23][10, 29][7, 10][20, 24][6, 13] 
[13, 18, 0, 12, 8, 26][2, 29, 27, 15, 5][17, 28, 7, 20, 24][11, 25, 22, 19][9, 14, 4, 23][6, 21, 10][16, 28, 25][3, 1, 23][10, 29][6, 13][7, 10][3, 11] 
[13, 18, 0, 12, 8, 26][2, 29, 27, 15, 5][17, 28, 7, 20, 24][11, 25, 22, 19][9, 14, 4, 23][6, 21, 10][16, 28, 25][3, 1, 23][10, 29][6, 13][7, 10][3, 11] 
[13, 18, 0, 12, 8, 26][2, 29, 27, 15, 5][17, 28, 7, 20, 24][11, 25, 22, 19][9, 14, 4, 23][6, 21, 10][16, 28, 25][3, 1, 23][10, 29][6, 13][7, 10][3, 11] 
[13, 18, 0, 12, 8, 26][2, 29, 27, 15, 5][17, 28, 7, 20, 24][11, 25, 22, 19][9, 14, 4, 23][6, 21, 10][16, 28, 25][3, 1, 23][10, 29][6, 13][7, 10][3, 11] 
[13, 18, 0, 12, 8, 26][2, 29, 27, 15, 5][17, 28, 7, 20, 24][11, 25, 22, 19][9, 14, 4, 23][6, 21, 10][16, 28, 25][3, 1, 23][10, 29][6, 13][7, 10][3, 11] 
[12, 8, 26, 0, 18, 17][9, 14, 4, 1, 3, 24][2, 29, 27, 15, 5][23, 20, 7, 28][11, 25, 22, 19][6, 10, 21][7, 10, 29][16, 28, 25][13, 18][6, 13][3, 11][1, 3] 
[13, 18, 0, 12, 8, 26][17, 28, 7, 20, 24][2, 29, 27, 15, 5][11, 25, 22, 19][4, 1, 9, 14][16, 28, 25][3, 1, 23][6, 21, 10][7, 10][6, 13][10, 29][3, 11] 
[13, 18, 0, 12, 8, 26][17, 28, 7, 20, 24][2, 29, 27, 15, 5][11, 25, 22, 19][4, 1, 9, 14][16, 28, 25][3, 1, 23][6, 21, 10][7, 10][6, 13][10, 29][3, 11] 
[13, 18, 0, 12, 8, 26][17, 28, 7, 20, 24][2, 29, 27, 15, 5][11, 25, 22, 19][4, 1, 9, 14][16, 28, 25][3, 1, 23][6, 21, 10][7, 10][6, 13][10, 29][3, 11] 
[13, 18, 0, 12, 8, 26][17, 28, 7, 20, 24][2, 29, 27, 15, 5][11, 25, 22, 19][4, 1, 9, 14][16, 28, 25][3, 1, 23][6, 21, 10][7, 10][6, 13][10, 29][3, 11] 
[13, 18, 0, 12, 8, 26][17, 28, 7, 20, 24][2, 29, 27, 15, 5][11, 25, 22, 19][4, 1, 9, 14][16, 28, 25][3, 1, 23][6, 21, 10][7, 10][6, 13][10, 29][3, 11] 
[13, 18, 0, 12, 8, 26][2, 29, 27, 15, 5][14, 9, 1, 4, 24][11, 25, 22, 19][17, 28, 7, 20][6, 21, 10][16, 28, 25][3, 1, 23][10, 29][7, 10][20, 24][6, 13] 
[13, 18, 0, 12, 8, 26][17, 28, 7, 20, 24][2, 29, 27, 15, 5][11, 25, 22, 19][4, 1, 9, 14][16, 28, 25][3, 1, 23][6, 21, 10][7, 10][6, 13][10, 29][3, 11] 
