[3, 23, 20, 7, 2, 21][5, 15, 10, 16, 27, 29][17, 19, 12, 8, 26][4, 14, 11, 25][6, 13, 0, 28][17, 22, 18][9, 1, 24][11, 17][9, 14][1, 3][0, 18][6, 15] 
[3, 23, 20, 7, 2, 21][17, 19, 12, 8, 26][10, 29, 27, 16][6, 13, 0, 28][4, 14, 11, 25][14, 9, 1, 24][5, 15, 10][17, 22, 18][6, 15][0, 18][11, 17][1, 3] 
[3, 23, 20, 7, 2, 21][17, 19, 12, 8, 26][6, 13, 0, 28][4, 14, 11, 25][14, 9, 1, 24][10, 29, 27, 16][17, 22, 18][5, 15, 10][6, 15][0, 18][11, 17][1, 3] 
[3, 23, 20, 7, 2, 21][17, 19, 12, 8, 26][6, 13, 0, 28][4, 14, 11, 25][14, 9, 1, 24][10, 29, 27, 16][17, 22, 18][5, 15, 10][6, 15][0, 18][11, 17][1, 3] 
[5, 15, 10, 16, 27, 29][3, 23, 20, 7, 2, 21][19, 12, 8, 26][6, 13, 0, 28][4, 14, 11, 25][14, 9, 1, 24][17, 22, 18][17, 19][0, 18][6, 15][11, 17][1, 3] 
[3, 23, 20, 7, 2, 21][5, 15, 10, 16, 27, 29][14, 9, 1, 24][4, 14, 11, 25][6, 13, 0, 28][19, 12, 8, 26][17, 22, 18][1, 3][11, 17][0, 18][6, 15][17, 19] 
[3, 23, 20, 7, 2, 21][5, 15, 10, 16, 27, 29][17, 19, 12, 8, 26][14, 9, 1, 24][4, 14, 11, 25][6, 13, 0, 28][1, 3][11, 17][17, 22][0, 18][6, 15][18, 22] 
[5, 15, 10, 16, 27, 29][3, 23, 20, 7, 2, 21][6, 13, 0, 28][19, 12, 8, 26][4, 14, 11, 25][14, 9, 1, 24][17, 22, 18][0, 18][6, 15][17, 19][11, 17][1, 3] 
[5, 15, 10, 16, 27, 29][3, 23, 20, 7, 2, 21][19, 12, 8, 26][6, 13, 0, 28][4, 14, 11, 25][14, 9, 1, 24][17, 22, 18][17, 19][0, 18][6, 15][11, 17][1, 3] 
[3, 23, 20, 7, 2, 21][5, 15, 10, 16, 27, 29][14, 9, 1, 24][4, 14, 11, 25][6, 13, 0, 28][19, 12, 8, 26][17, 22, 18][1, 3][11, 17][0, 18][6, 15][17, 19] 
[3, 23, 20, 7, 2, 21][5, 15, 10, 16, 27, 29][17, 19, 12, 8, 26][4, 14, 11, 25][6, 13, 0, 28][17, 22, 18][9, 1, 24][11, 17][9, 14][1, 3][0, 18][6, 15] 
[3, 23, 20, 7, 2, 21][17, 19, 12, 8, 26][6, 13, 0, 28][10, 29, 27, 16][4, 14, 11, 25][14, 9, 1, 24][5, 15, 10][17, 22, 18][6, 15][0, 18][11, 17][1, 3] 
[3, 23, 20, 7, 2, 21][17, 19, 12, 8, 26][6, 13, 0, 28][4, 14, 11, 25][14, 9, 1, 24][10, 29, 27, 16][17, 22, 18][5, 15, 10][6, 15][0, 18][11, 17][1, 3] 
[5, 15, 10, 16, 27, 29][3, 23, 20, 7, 2, 21][19, 12, 8, 26][6, 13, 0, 28][4, 14, 11, 25][14, 9, 1, 24][17, 22, 18][17, 19][0, 18][6, 15][11, 17][1, 3] 
[5, 15, 10, 16, 27, 29][3, 23, 20, 7, 2, 21][19, 12, 8, 26][6, 13, 0, 28][4, 14, 11, 25][14, 9, 1, 24][17, 22, 18][17, 19][0, 18][6, 15][11, 17][1, 3] 
[3, 23, 20, 7, 2, 21][5, 15, 10, 16, 27, 29][14, 9, 1, 24][4, 14, 11, 25][6, 13, 0, 28][19, 12, 8, 26][17, 22, 18][1, 3][11, 17][0, 18][6, 15][17, 19] 
[3, 23, 20, 7, 2, 21][5, 15, 10, 16, 27, 29][17, 19, 12, 8, 26][4, 14, 11, 25][6, 13, 0, 28][17, 22, 18][9, 1, 24][11, 17][9, 14][1, 3][0, 18][6, 15] 
[3, 23, 20, 7, 2, 21][17, 19, 12, 8, 26][6, 13, 0, 28][4, 14, 11, 25][14, 9, 1, 24][10, 29, 27, 16][17, 22, 18][5, 15, 10][6, 15][0, 18][11, 17][1, 3] 
[3, 23, 20, 7, 2, 21][5, 15, 10, 16, 27, 29][14, 9, 1, 24][4, 14, 11, 25][19, 12, 8, 26][6, 13, 0, 28][17, 22, 18][1, 3][11, 17][17, 19][0, 18][6, 15] 
[5, 15, 10, 16, 27, 29][3, 23, 20, 7, 2, 21][17, 19, 12, 8, 26][6, 13, 0, 28][4, 14, 11, 25][17, 22, 18][9, 1, 24][0, 18][11, 17][6, 15][1, 3][9, 14] 
[5, 15, 10, 16, 27, 29][3, 23, 20, 7, 2, 21][17, 19, 12, 8, 26][4, 14, 11, 25][6, 13, 0, 28][17, 22, 18][9, 1, 24][11, 17][0, 18][6, 15][9, 14][1, 3] 
[3, 23, 20, 7, 2, 21][17, 19, 12, 8, 26][6, 13, 0, 28][4, 14, 11, 25][14, 9, 1, 24][10, 29, 27, 16][17, 22, 18][5, 15, 10][6, 15][0, 18][11, 17][1, 3] 
[3, 23, 20, 7, 2, 21][17, 19, 12, 8, 26][6, 13, 0, 28][4, 14, 11, 25][14, 9, 1, 24][10, 29, 27, 16][17, 22, 18][5, 15, 10][6, 15][0, 18][11, 17][1, 3] 
[5, 15, 10, 16, 27, 29][3, 23, 20, 7, 2, 21][19, 12, 8, 26][6, 13, 0, 28][4, 14, 11, 25][14, 9, 1, 24][17, 22, 18][17, 19][0, 18][6, 15][11, 17][1, 3] 
[3, 23, 20, 7, 2, 21][5, 15, 10, 16, 27, 29][14, 9, 1, 24][4, 14, 11, 25][6, 13, 0, 28][19, 12, 8, 26][17, 22, 18][1, 3][11, 17][0, 18][6, 15][17, 19] 
[5, 15, 10, 16, 27, 29][3, 23, 20, 7, 2, 21][6, 13, 0, 28][19, 12, 8, 26][4, 14, 11, 25][14, 9, 1, 24][17, 22, 18][0, 18][6, 15][17, 19][11, 17][1, 3] 
[3, 23, 20, 7, 2, 21][5, 15, 10, 16, 27, 29][17, 19, 12, 8, 26][4, 14, 11, 25][6, 13, 0, 28][9, 1, 24][17, 22, 18][1, 3][9, 14][11, 17][0, 18][6, 15] 
[3, 23, 20, 7, 2, 21][17, 19, 12, 8, 26][6, 13, 0, 28][4, 14, 11, 25][14, 9, 1, 24][10, 29, 27, 16][17, 22, 18][5, 15, 10][6, 15][0, 18][11, 17][1, 3] 
[5, 15, 10, 16, 27, 29][3, 23, 20, 7, 2, 21][19, 12, 8, 26][6, 13, 0, 28][4, 14, 11, 25][14, 9, 1, 24][17, 22, 18][17, 19][0, 18][6, 15][11, 17][1, 3] 
[3, 23, 20, 7, 2, 21][5, 15, 10, 16, 27, 29][17, 19, 12, 8, 26][4, 14, 11, 25][6, 13, 0, 28][17, 22, 18][9, 1, 24][11, 17][9, 14][1, 3][0, 18][6, 15] 
[3, 23, 20, 7, 2, 21][5, 15, 10, 16, 27, 29][17, 19, 12, 8, 26][4, 14, 11, 25][6, 13, 0, 28][17, 22, 18][9, 1, 24][11, 17][9, 14][1, 3][0, 18][6, 15] 
[3, 23, 20, 7, 2, 21][17, 19, 12, 8, 26][6, 13, 0, 28][4, 14, 11, 25][14, 9, 1, 24][10, 29, 27, 16][17, 22, 18][5, 15, 10][6, 15][0, 18][11, 17][1, 3] 
[3, 23, 20, 7, 2, 21][5, 15, 10, 16, 27, 29][14, 9, 1, 24][4, 14, 11, 25][19, 12, 8, 26][6, 13, 0, 28][17, 22, 18][1, 3][11, 17][17, 19][0, 18][6, 15] 
[3, 23, 20, 7, 2, 21][5, 15, 10, 16, 27, 29][17, 19, 12, 8, 26][4, 14, 11, 25][6, 13, 0, 28][9, 1, 24][17, 22, 18][1, 3][9, 14][11, 17][0, 18][6, 15] 
[3, 23, 20, 7, 2, 21][5, 15, 10, 16, 27, 29][17, 19, 12, 8, 26][4, 14, 11, 25][6, 13, 0, 28][9, 1, 24][17, 22, 18][1, 3][9, 14][11, 17][0, 18][6, 15] 
[11, 17, 22, 19, 0, 13, 6, 5, 21, 15, 16, 28, 25][7, 14, 23, 24, 20, 4, 3, 1, 9][7, 2, 6, 16, 27, 29, 15, 10][13, 18, 12, 8, 26][4, 20][17, 22][20, 24][1, 3][12, 18][12, 18][12, 18][12, 18] 
[11, 17, 22, 19, 0, 13, 6, 5, 21, 15, 16, 28, 25][7, 14, 23, 24, 20, 4, 3, 1, 9][7, 2, 6, 16, 27, 29, 15, 10][13, 18, 12, 8, 26][4, 20][17, 22][20, 24][1, 3][12, 18][12, 18][12, 18][12, 18] 
[11, 17, 22, 19, 0, 13, 6, 5, 21, 15, 16, 28, 25][7, 14, 23, 24, 20, 4, 3, 1, 9][7, 2, 6, 16, 27, 29, 15, 10][13, 18, 12, 8, 26][4, 20][17, 22][20, 24][1, 3][12, 18][12, 18][12, 18][12, 18] 
[11, 17, 22, 19, 0, 13, 6, 5, 21, 15, 16, 28, 25][2, 27, 7, 14, 23, 24, 20, 4, 3, 1, 9][13, 18, 12, 8, 26][10, 15, 29, 27][4, 20][17, 22][20, 24][1, 3][12, 18][12, 18][12, 18][12, 18] 
[11, 17, 22, 19, 0, 13, 6, 5, 21, 15, 16, 28, 25][2, 27, 7, 14, 23, 24, 20, 4, 3, 1, 9][13, 18, 12, 8, 26][10, 15, 29, 27][4, 20][17, 22][20, 24][1, 3][12, 18][12, 18][12, 18][12, 18] 
[11, 17, 19, 0, 13, 6, 5, 21, 15, 16, 28, 25][2, 27, 7, 14, 23, 24, 20, 4, 3, 1, 9][13, 18, 12, 8, 26][10, 15, 29, 27][4, 20][17, 22][20, 24][1, 3][12, 18][12, 18][12, 18][12, 18] 
[11, 17, 22, 19, 0, 13, 6, 5, 21, 15, 16, 28, 25][7, 14, 23, 24, 20, 4, 3, 1, 9][7, 2, 6, 16, 27, 29, 15, 10][13, 18, 12, 8, 26][4, 20][17, 22][20, 24][1, 3][12, 18][12, 18][12, 18][12, 18] 
[11, 17, 22, 19, 0, 13, 6, 5, 21, 15, 16, 28, 25][7, 14, 23, 24, 20, 4, 3, 1, 9][7, 2, 6, 16, 27, 29, 15, 10][13, 18, 12, 8, 26][4, 20][17, 22][20, 24][1, 3][12, 18][12, 18][12, 18][12, 18] 
[11, 17, 22, 19, 0, 13, 6, 5, 21, 15, 16, 28, 25][2, 27, 7, 14, 23, 24, 20, 4, 3, 1, 9][13, 18, 12, 8, 26][10, 15, 29, 27][4, 20][17, 22][20, 24][1, 3][12, 18][12, 18][12, 18][12, 18] 
[11, 17, 22, 19, 0, 13, 6, 5, 21, 15, 16, 28, 25][7, 14, 23, 24, 20, 4, 3, 1, 9][7, 2, 6, 16, 27, 29, 15, 10][13, 18, 12, 8, 26][4, 20][17, 22][20, 24][1, 3][12, 18][12, 18][12, 18][12, 18] 
[11, 17, 22, 19, 0, 13, 6, 5, 21, 15, 16, 28, 25][7, 14, 23, 24, 20, 4, 3, 1, 9][7, 2, 6, 16, 27, 29, 15, 10][13, 18, 12, 8, 26][4, 20][17, 22][20, 24][1, 3][12, 18][12, 18][12, 18][12, 18] 
[11, 17, 22, 19, 0, 13, 6, 5, 21, 15, 16, 28, 25][7, 14, 23, 24, 20, 4, 3, 1, 9][7, 2, 6, 16, 27, 29, 15, 10][13, 18, 12, 8, 26][4, 20][17, 22][20, 24][1, 3][12, 18][12, 18][12, 18][12, 18] 
[11, 17, 22, 19, 0, 13, 6, 5, 21, 15, 16, 28, 25][2, 27, 7, 14, 23, 24, 20, 4, 3, 1, 9][13, 18, 12, 8, 26][10, 15, 29, 27][4, 20][17, 22][20, 24][1, 3][12, 18][12, 18][12, 18][12, 18] 
[11, 17, 22, 19, 0, 13, 6, 5, 21, 15, 16, 28, 25][7, 14, 23, 24, 20, 4, 3, 1, 9][7, 2, 6, 16, 27, 29, 15, 10][13, 18, 12, 8, 26][4, 20][17, 22][20, 24][1, 3][12, 18][12, 18][12, 18][12, 18] 
[11, 17, 22, 19, 0, 13, 6, 5, 21, 15, 16, 28, 25][7, 14, 23, 24, 20, 4, 3, 1, 9][7, 2, 6, 16, 27, 29, 15, 10][13, 18, 12, 8, 26][4, 20][17, 22][20, 24][1, 3][12, 18][12, 18][12, 18][12, 18] 
[10, 15, 29, 27, 16, 6, 2, 7, 4, 23, 24, 20, 14, 11, 25][11, 17, 22, 19, 0, 13, 6, 5, 21, 15, 16, 28, 25][7, 14, 23, 24, 20, 4, 3, 1, 9][13, 18, 12, 8, 26][14, 24, 4, 20][17, 22][20, 24][1, 3][12, 18][12, 18][12, 18][12, 18] 
[10, 15, 29, 27, 16, 6, 2, 7, 4, 23, 24, 20, 14, 11, 25][11, 17, 22, 19, 0, 13, 6, 5, 21, 15, 16, 28, 25][7, 14, 23, 24, 20, 4, 3, 1, 9][13, 18, 12, 8, 26][4, 20][17, 22][20, 24][1, 3][12, 18][12, 18][12, 18][12, 18] 
[11, 17, 22, 19, 0, 13, 6, 5, 21, 15, 16, 28, 25][2, 27, 7, 14, 23, 24, 20, 4, 3, 1, 9][2, 27, 29, 15, 10][13, 18, 12, 8, 26][4, 20][17, 22][20, 24][1, 3][12, 18][12, 18][12, 18][12, 18] 
[11, 17, 22, 19, 0, 13, 6, 5, 21, 15, 16, 28, 25][10, 29, 27, 16, 2, 7, 4, 23, 24, 20, 14, 11, 25][7, 14, 23, 24, 20, 4, 3, 1, 9][13, 18, 12, 8, 26][14, 24, 4, 20][17, 22][20, 24][1, 3][12, 18][12, 18][12, 18][12, 18] 
[11, 17, 22, 19, 0, 13, 6, 5, 21, 15, 16, 28, 25][10, 29, 27, 16, 2, 7, 4, 23, 24, 20, 14, 11, 25][7, 14, 23, 24, 20, 4, 3, 1, 9][13, 18, 12, 8, 26][14, 24, 4, 20][17, 22][20, 24][1, 3][12, 18][12, 18][12, 18][12, 18] 
[10, 15, 29, 27, 16, 6, 2, 7, 4, 23, 24, 20, 14, 11, 25][11, 17, 22, 19, 0, 13, 6, 5, 21, 15, 16, 28, 25][7, 14, 23, 24, 20, 4, 3, 1, 9][13, 18, 12, 8, 26][14, 24, 4, 20][17, 22][20, 24][1, 3][12, 18][12, 18][12, 18][12, 18] 
[3, 23, 20, 7, 2, 21][5, 15, 10, 16, 27, 29][14, 9, 1, 24][4, 14, 11, 25][19, 12, 8, 26][6, 13, 0, 28][17, 22, 18][1, 3][11, 17][17, 19][0, 18][6, 15] 
[5, 15, 10, 16, 27, 29][3, 23, 20, 7, 2, 21][19, 12, 8, 26][6, 13, 0, 28][4, 14, 11, 25][14, 9, 1, 24][17, 22, 18][17, 19][0, 18][6, 15][11, 17][1, 3] 
[5, 15, 10, 16, 27, 29][3, 23, 20, 7, 2, 21][19, 12, 8, 26][6, 13, 0, 28][4, 14, 11, 25][14, 9, 1, 24][17, 22, 18][17, 19][0, 18][6, 15][11, 17][1, 3] 
[3, 23, 20, 7, 2, 21][5, 15, 10, 16, 27, 29][14, 9, 1, 24][4, 14, 11, 25][6, 13, 0, 28][19, 12, 8, 26][17, 22, 18][1, 3][11, 17][17, 19][0, 18][6, 15] 
[5, 15, 10, 16, 27, 29][3, 23, 20, 7, 2, 21][19, 12, 8, 26][6, 13, 0, 28][4, 14, 11, 25][14, 9, 1, 24][17, 22, 18][17, 19][0, 18][6, 15][11, 17][1, 3] 
[3, 23, 20, 7, 2, 21][5, 15, 10, 16, 27, 29][14, 9, 1, 24][4, 14, 11, 25][6, 13, 0, 28][19, 12, 8, 26][17, 22, 18][1, 3][11, 17][0, 18][6, 15][17, 19] 
[5, 15, 10, 16, 27, 29][3, 23, 20, 7, 2, 21][19, 12, 8, 26][6, 13, 0, 28][4, 14, 11, 25][14, 9, 1, 24][17, 22, 18][17, 19][0, 18][6, 15][11, 17][1, 3] 
[5, 15, 10, 16, 27, 29][3, 23, 20, 7, 2, 21][19, 12, 8, 26][6, 13, 0, 28][4, 14, 11, 25][14, 9, 1, 24][17, 22, 18][17, 19][0, 18][6, 15][11, 17][1, 3] 
[5, 15, 10, 16, 27, 29][3, 23, 20, 7, 2, 21][19, 12, 8, 26][6, 13, 0, 28][4, 14, 11, 25][14, 9, 1, 24][17, 22, 18][17, 19][0, 18][6, 15][11, 17][1, 3] 
[5, 15, 10, 16, 27, 29][3, 23, 20, 7, 2, 21][19, 12, 8, 26][6, 13, 0, 28][4, 14, 11, 25][14, 9, 1, 24][17, 22, 18][17, 19][0, 18][6, 15][11, 17][1, 3] 
[5, 15, 10, 16, 27, 29][3, 23, 20, 7, 2, 21][19, 12, 8, 26][6, 13, 0, 28][4, 14, 11, 25][14, 9, 1, 24][17, 22, 18][17, 19][0, 18][6, 15][11, 17][1, 3] 
[5, 15, 10, 16, 27, 29][3, 23, 20, 7, 2, 21][19, 12, 8, 26][6, 13, 0, 28][4, 14, 11, 25][14, 9, 1, 24][17, 22, 18][17, 19][0, 18][6, 15][11, 17][1, 3] 
[5, 15, 10, 16, 27, 29][3, 23, 20, 7, 2, 21][19, 12, 8, 26][6, 13, 0, 28][4, 14, 11, 25][14, 9, 1, 24][17, 22, 18][17, 19][0, 18][6, 15][11, 17][1, 3] 
[5, 15, 10, 16, 27, 29][3, 23, 20, 7, 2, 21][19, 12, 8, 26][6, 13, 0, 28][4, 14, 11, 25][14, 9, 1, 24][17, 22, 18][17, 19][0, 18][6, 15][11, 17][1, 3] 
[5, 15, 10, 16, 27, 29][3, 23, 20, 7, 2, 21][19, 12, 8, 26][6, 13, 0, 28][4, 14, 11, 25][14, 9, 1, 24][17, 22, 18][17, 19][0, 18][6, 15][11, 17][1, 3] 
[5, 15, 10, 16, 27, 29][3, 23, 20, 7, 2, 21][17, 19, 12, 8, 26][6, 13, 0, 28][4, 14, 11, 25][17, 22, 18][9, 1, 24][6, 15][0, 18][11, 17][9, 14][1, 3] 
[5, 15, 10, 16, 27, 29][3, 23, 20, 7, 2, 21][17, 19, 12, 8, 26][6, 13, 0, 28][4, 14, 11, 25][17, 22, 18][9, 1, 24][6, 15][0, 18][11, 17][9, 14][1, 3] 
[5, 15, 10, 16, 27, 29][3, 23, 20, 7, 2, 21][17, 19, 12, 8, 26][6, 13, 0, 28][4, 14, 11, 25][17, 22, 18][9, 1, 24][6, 15][0, 18][11, 17][9, 14][1, 3] 
[5, 15, 10, 16, 27, 29][3, 23, 20, 7, 2, 21][17, 19, 12, 8, 26][6, 13, 0, 28][4, 14, 11, 25][17, 22, 18][9, 1, 24][6, 15][0, 18][11, 17][9, 14][1, 3] 
[5, 15, 10, 16, 27, 29][3, 23, 20, 7, 2, 21][17, 19, 12, 8, 26][6, 13, 0, 28][4, 14, 11, 25][17, 22, 18][9, 1, 24][6, 15][0, 18][11, 17][9, 14][1, 3] 
[3, 23, 20, 7, 2, 21][5, 15, 10, 16, 27, 29][17, 19, 12, 8, 26][4, 14, 11, 25][6, 13, 0, 28][17, 22, 18][9, 1, 24][11, 17][9, 14][1, 3][13, 18][6, 15] 
[3, 23, 20, 7, 2, 21][5, 15, 10, 16, 27, 29][14, 9, 1, 24][4, 14, 11, 25][6, 13, 0, 28][19, 12, 8, 26][17, 22, 18][1, 3][11, 17][0, 18][6, 15][17, 19] 
[5, 15, 10, 16, 27, 29][3, 23, 20, 7, 2, 21][19, 12, 8, 26][6, 13, 0, 28][4, 14, 11, 25][14, 9, 1, 24][17, 22, 18][17, 19][0, 18][6, 15][11, 17][1, 3] 
[5, 15, 10, 16, 27, 29][3, 23, 20, 7, 2, 21][19, 12, 8, 26][6, 13, 0, 28][4, 14, 11, 25][14, 9, 1, 24][17, 22, 18][17, 19][0, 18][6, 15][11, 17][1, 3] 
[5, 15, 10, 16, 27, 29][3, 23, 20, 7, 2, 21][19, 12, 8, 26][6, 13, 0, 28][4, 14, 11, 25][14, 9, 1, 24][17, 22, 18][17, 19][0, 18][6, 15][11, 17][1, 3] 
[5, 15, 10, 16, 27, 29][3, 23, 20, 7, 2, 21][19, 12, 8, 26][6, 13, 0, 28][4, 14, 11, 25][14, 9, 1, 24][17, 22, 18][17, 19][0, 18][6, 15][11, 17][1, 3] 
[3, 23, 20, 7, 2, 21][5, 15, 10, 16, 27, 29][17, 19, 12, 8, 26][4, 14, 11, 25][6, 13, 0, 28][9, 1, 24][17, 22, 18][1, 3][9, 14][11, 17][0, 18][6, 15] 
[3, 23, 20, 7, 2, 21][5, 15, 10, 16, 27, 29][14, 9, 1, 24][4, 14, 11, 25][6, 13, 0, 28][19, 12, 8, 26][17, 22, 18][1, 3][11, 17][17, 19][0, 18][6, 15] 
[5, 15, 10, 16, 27, 29][3, 23, 20, 7, 2, 21][17, 19, 12, 8, 26][6, 13, 0, 28][4, 14, 11, 25][17, 22, 18][9, 1, 24][6, 15][0, 18][11, 17][9, 14][1, 3] 
[5, 15, 10, 16, 27, 29][3, 23, 20, 7, 2, 21][17, 19, 12, 8, 26][6, 13, 0, 28][4, 14, 11, 25][17, 22, 18][9, 1, 24][6, 15][0, 18][11, 17][9, 14][1, 3] 
[5, 15, 10, 16, 27, 29][3, 23, 20, 7, 2, 21][17, 19, 12, 8, 26][6, 13, 0, 28][4, 14, 11, 25][17, 22, 18][9, 1, 24][6, 15][0, 18][11, 17][9, 14][1, 3] 
[5, 15, 10, 16, 27, 29][3, 23, 20, 7, 2, 21][17, 19, 12, 8, 26][6, 13, 0, 28][4, 14, 11, 25][17, 22, 18][9, 1, 24][6, 15][0, 18][11, 17][9, 14][1, 3] 
[3, 23, 20, 7, 2, 21][5, 15, 10, 16, 27, 29][17, 19, 12, 8, 26][4, 14, 11, 25][6, 13, 0, 28][17, 22, 18][9, 1, 24][13, 0, 18][11, 17][9, 14][1, 3][6, 15] 
[3, 23, 20, 7, 2, 21][5, 15, 10, 16, 27, 29][17, 19, 12, 8, 26][4, 14, 11, 25][6, 13, 0, 28][17, 22, 18][9, 1, 24][13, 0, 18][11, 17][9, 14][1, 3][6, 15] 
[5, 15, 10, 16, 27, 29][3, 23, 20, 7, 2, 21][17, 19, 12, 8, 26][4, 14, 11, 25][6, 13, 0, 28][17, 22, 18][9, 1, 24][11, 17][0, 18][6, 15][9, 14][1, 3] 
[5, 15, 10, 16, 27, 29][3, 23, 20, 7, 2, 21][17, 19, 12, 8, 26][6, 13, 0, 28][4, 14, 11, 25][17, 22, 18][9, 1, 24][6, 15][0, 18][11, 17][9, 14][1, 3] 
[3, 23, 20, 7, 2, 21][5, 15, 10, 16, 27, 29][17, 19, 12, 8, 26][4, 14, 11, 25][6, 13, 0, 28][17, 22, 18][9, 1, 24][11, 17][9, 14][1, 3][0, 18][6, 15] 
[5, 15, 10, 16, 27, 29][3, 23, 20, 7, 2, 21][17, 19, 12, 8, 26][6, 13, 0, 28][4, 14, 11, 25][17, 22, 18][9, 1, 24][6, 15][0, 18][11, 17][9, 14][1, 3] 
[3, 23, 20, 7, 2, 21][5, 15, 10, 16, 27, 29][17, 19, 12, 8, 26][4, 14, 11, 25][6, 13, 0, 28][17, 22, 18][9, 1, 24][11, 17][9, 14][1, 3][0, 18][6, 15] 
[5, 15, 10, 16, 27, 29][3, 23, 20, 7, 2, 21][17, 19, 12, 8, 26][6, 13, 0, 28][4, 14, 11, 25][17, 22, 18][9, 1, 24][6, 15][0, 18][11, 17][9, 14][1, 3] 
[5, 15, 10, 16, 27, 29][3, 23, 20, 7, 2, 21][17, 19, 12, 8, 26][6, 13, 0, 28][4, 14, 11, 25][17, 22, 18][9, 1, 24][6, 15][0, 18][11, 17][9, 14][1, 3] 
[3, 23, 20, 7, 2, 21][5, 15, 10, 16, 27, 29][17, 19, 12, 8, 26][4, 14, 11, 25][6, 13, 0, 28][17, 22, 18][9, 1, 24][11, 17][9, 14][1, 3][0, 18][6, 15] 
[5, 15, 10, 16, 27, 29][3, 23, 20, 7, 2, 21][17, 19, 12, 8, 26][6, 13, 0, 28][4, 14, 11, 25][17, 22, 18][9, 1, 24][6, 15][0, 18][11, 17][9, 14][1, 3] 
[3, 23, 20, 7, 2, 21][5, 15, 10, 16, 27, 29][17, 19, 12, 8, 26][4, 14, 11, 25][14, 9, 1, 24][6, 13, 0, 28][17, 22, 18][11, 17][1, 3][0, 18][6, 15][12, 19] 
[3, 23, 20, 7, 2, 21][5, 15, 10, 16, 27, 29][17, 19, 12, 8, 26][4, 14, 11, 25][14, 9, 1, 24][6, 13, 0, 28][17, 22, 18][11, 17][1, 3][0, 18][6, 15][12, 19] 
[3, 23, 20, 7, 2, 21][5, 15, 10, 16, 27, 29][17, 19, 12, 8, 26][4, 14, 11, 25][14, 9, 1, 24][6, 13, 0, 28][17, 22, 18][11, 17][1, 3][0, 18][6, 15][12, 19] 
[3, 23, 20, 7, 2, 21][5, 15, 10, 16, 27, 29][17, 19, 12, 8, 26][4, 14, 11, 25][14, 9, 1, 24][6, 13, 0, 28][17, 22, 18][11, 17][1, 3][0, 18][6, 15][12, 19] 
[3, 23, 20, 7, 2, 21][5, 15, 10, 16, 27, 29][17, 19, 12, 8, 26][4, 14, 11, 25][14, 9, 1, 24][6, 13, 0, 28][17, 22, 18][11, 17][1, 3][0, 18][6, 15][12, 19] 
[4, 3, 23, 20, 7, 2, 21][5, 15, 10, 16, 27, 29][17, 19, 12, 8, 26][6, 13, 0, 28][14, 9, 1, 24][17, 22, 18][14, 11, 25][6, 15][0, 18][11, 17][4, 14][12, 19] 
[3, 23, 20, 7, 2, 21][5, 15, 10, 16, 27, 29][14, 9, 1, 24][4, 14, 11, 25][19, 12, 8, 26][6, 13, 0, 28][17, 22, 18][1, 3][11, 17][17, 19][0, 18][6, 15] 
[5, 15, 10, 16, 27, 29][3, 23, 20, 7, 2, 21][19, 12, 8, 26][6, 13, 0, 28][4, 14, 11, 25][14, 9, 1, 24][17, 22, 18][17, 19][0, 18][6, 15][11, 17][1, 3] 
[5, 15, 10, 16, 27, 29][3, 23, 20, 7, 2, 21][19, 12, 8, 26][6, 13, 0, 28][4, 14, 11, 25][14, 9, 1, 24][17, 22, 18][17, 19][0, 18][6, 15][11, 17][1, 3] 
[3, 23, 20, 7, 2, 21][5, 15, 10, 16, 27, 29][14, 9, 1, 24][4, 14, 11, 25][19, 12, 8, 26][6, 13, 0, 28][17, 22, 18][1, 3][11, 17][17, 19][0, 18][6, 15] 
[3, 23, 20, 7, 2, 21][5, 15, 10, 16, 27, 29][14, 9, 1, 24][4, 14, 11, 25][19, 12, 8, 26][6, 13, 0, 28][17, 22, 18][1, 3][11, 17][17, 19][0, 18][6, 15] 
[3, 23, 20, 7, 2, 21][5, 15, 10, 16, 27, 29][17, 19, 12, 8, 26][4, 14, 11, 25][6, 13, 0, 28][17, 22, 18][9, 1, 24][11, 17][9, 14][1, 3][0, 18][6, 15] 
[5, 15, 10, 16, 27, 29][3, 23, 20, 7, 2, 21][19, 12, 8, 26][6, 13, 0, 28][4, 14, 11, 25][14, 9, 1, 24][17, 22, 18][17, 19][0, 18][6, 15][11, 17][1, 3] 
