[19, 17, 11, 14, 24][6, 5, 15, 10, 16][4, 3, 1, 23, 9][25, 22, 17, 28][20, 7, 2, 21][0, 18, 12][6, 13, 18][0, 26, 8][27, 2, 29][12, 22][10, 29][20, 23] 
[19, 17, 11, 14, 24][6, 5, 15, 10, 16][4, 3, 1, 23, 9][25, 22, 17, 28][20, 7, 2, 21][0, 18, 12][6, 13, 18][0, 26, 8][27, 2, 29][12, 22][10, 29][20, 23] 
[6, 5, 15, 10, 16][4, 3, 1, 23, 9][19, 17, 11, 14, 24][20, 7, 2, 21][25, 22, 17, 28][6, 13, 18][27, 2, 29][0, 18, 12][0, 26, 8][10, 29][20, 23][12, 22] 
[19, 17, 11, 14, 24][6, 5, 15, 10, 16][4, 3, 1, 23, 9][25, 22, 17, 28][20, 7, 2, 21][0, 18, 12][6, 13, 18][0, 26, 8][27, 2, 29][12, 22][10, 29][20, 23] 
[6, 5, 15, 10, 16][4, 3, 1, 23, 9][19, 17, 11, 14, 24][20, 7, 2, 21][0, 26, 8, 12][25, 22, 17, 28][6, 13, 18][27, 2, 29][0, 18, 12][10, 29][20, 23][12, 22] 
[19, 17, 11, 14, 24][6, 5, 15, 10, 16][4, 3, 1, 23, 9][25, 22, 17, 28][20, 7, 2, 21][0, 18, 12][6, 13, 18][0, 26, 8][27, 2, 29][12, 22][10, 29][20, 23] 
[19, 17, 11, 14, 24][6, 5, 15, 10, 16][4, 3, 1, 23, 9][25, 22, 17, 28][20, 7, 2, 21][0, 18, 12][6, 13, 18][0, 26, 8][27, 2, 29][12, 22][10, 29][20, 23] 
[6, 5, 15, 10, 16][19, 17, 11, 14, 24][4, 3, 1, 23, 9][20, 7, 2, 21][0, 26, 8, 12][25, 22, 17, 28][6, 13, 18][27, 2, 29][0, 18, 12][10, 29][12, 22][20, 23] 
[6, 5, 15, 10, 16][4, 3, 1, 23, 9][19, 17, 11, 14, 24][20, 7, 2, 21][0, 26, 8, 12][25, 22, 17, 28][6, 13, 18][27, 2, 29][0, 18, 12][10, 29][20, 23][12, 22] 
[4, 3, 1, 23, 9][6, 5, 15, 10, 16][19, 17, 11, 14, 24][20, 7, 2, 21][0, 26, 8, 12][25, 22, 17, 28][27, 2, 29][6, 13, 18][0, 18, 12][20, 23][10, 29][12, 22] 
[19, 17, 11, 14, 24][6, 5, 15, 10, 16][4, 3, 1, 23, 9][25, 22, 17, 28][20, 7, 2, 21][0, 18, 12][6, 13, 18][0, 26, 8][27, 2, 29][12, 22][10, 29][20, 23] 
[19, 17, 11, 14, 24][6, 5, 15, 10, 16][4, 3, 1, 23, 9][25, 22, 17, 28][20, 7, 2, 21][0, 18, 12][6, 13, 18][27, 2, 29][0, 26, 8][12, 22][10, 29][20, 23] 
[19, 17, 11, 14, 24][6, 5, 15, 10, 16][4, 3, 1, 23, 9][25, 22, 17, 28][20, 7, 2, 21][0, 18, 12][6, 13, 18][0, 26, 8][27, 2, 29][12, 22][10, 29][20, 23] 
[6, 5, 15, 10, 16][4, 3, 1, 23, 9][19, 17, 11, 14, 24][20, 7, 2, 21][0, 26, 8, 12][25, 22, 17, 28][6, 13, 18][27, 2, 29][0, 18, 12][10, 29][20, 23][12, 22] 
[19, 17, 11, 14, 24][6, 5, 15, 10, 16][4, 3, 1, 23, 9][25, 22, 17, 28][20, 7, 2, 21][0, 18, 12][6, 13, 18][0, 26, 8][27, 2, 29][12, 22][10, 29][20, 23] 
[6, 5, 15, 10, 16][4, 3, 1, 23, 9][19, 17, 11, 14, 24][20, 7, 2, 21][0, 26, 8, 12][25, 22, 17, 28][6, 13, 18][27, 2, 29][0, 18, 12][10, 29][20, 23][12, 22] 
[19, 17, 11, 14, 24][6, 5, 15, 10, 16][4, 3, 1, 23, 9][25, 22, 17, 28][20, 7, 2, 21][0, 18, 12][6, 13, 18][27, 2, 29][0, 26, 8][12, 22][10, 29][20, 23] 
[19, 17, 11, 14, 24][6, 5, 15, 10, 16][4, 3, 1, 23, 9][25, 22, 17, 28][20, 7, 2, 21][0, 18, 12][6, 13, 18][0, 26, 8][27, 2, 29][12, 22][10, 29][20, 23] 
[6, 5, 15, 10, 16][4, 3, 1, 23, 9][19, 17, 11, 14, 24][20, 7, 2, 21][0, 26, 8, 12][25, 22, 17, 28][6, 13, 18][27, 2, 29][0, 18, 12][10, 29][20, 23][12, 22] 
[19, 17, 11, 14, 24][6, 5, 15, 10, 16][4, 3, 1, 23, 9][25, 22, 17, 28][20, 7, 2, 21][0, 18, 12][6, 13, 18][0, 26, 8][27, 2, 29][12, 22][10, 29][20, 23] 
[19, 17, 11, 14, 24][6, 5, 15, 10, 16][4, 3, 1, 23, 9][25, 22, 17, 28][20, 7, 2, 21][0, 18, 12][6, 13, 18][27, 2, 29][0, 26, 8][12, 22][10, 29][20, 23] 
[19, 17, 11, 14, 24][6, 5, 15, 10, 16][4, 3, 1, 23, 9][25, 22, 17, 28][20, 7, 2, 21][0, 18, 12][6, 13, 18][0, 26, 8][27, 2, 29][12, 22][10, 29][20, 23] 
[6, 5, 15, 10, 16][4, 3, 1, 23, 9][19, 17, 11, 14, 24][20, 7, 2, 21][25, 22, 17, 28][6, 13, 18][27, 2, 29][0, 18, 12][0, 26, 8][10, 29][20, 23][12, 22] 
[6, 5, 15, 10, 16][4, 3, 1, 23, 9][19, 17, 11, 14, 24][20, 7, 2, 21][0, 26, 8, 12][25, 22, 17, 28][6, 13, 18][27, 2, 29][0, 18, 12][10, 29][20, 23][12, 22] 
[19, 17, 11, 14, 24][6, 5, 15, 10, 16][4, 3, 1, 23, 9][25, 22, 17, 28][20, 7, 2, 21][0, 18, 12][6, 13, 18][0, 26, 8][27, 2, 29][12, 22][10, 29][20, 23] 
[6, 5, 15, 10, 16][19, 17, 11, 14, 24][4, 3, 1, 23, 9][20, 7, 2, 21][0, 26, 8, 12][25, 22, 17, 28][6, 13, 18][27, 2, 29][0, 18, 12][10, 29][12, 22][20, 23] 
[19, 17, 11, 14, 24][6, 5, 15, 10, 16][4, 3, 1, 23, 9][25, 22, 17, 28][20, 7, 2, 21][0, 18, 12][6, 13, 18][0, 26, 8][27, 2, 29][12, 22][10, 29][20, 23] 
[19, 17, 11, 14, 24][6, 5, 15, 10, 16][4, 3, 1, 23, 9][25, 22, 17, 28][20, 7, 2, 21][0, 18, 12][6, 13, 18][0, 26, 8][27, 2, 29][12, 22][10, 29][20, 23] 
[6, 5, 15, 10, 16][4, 3, 1, 23, 9][19, 17, 11, 14, 24][20, 7, 2, 21][0, 26, 8, 12][25, 22, 17, 28][6, 13, 18][27, 2, 29][0, 18, 12][10, 29][20, 23][12, 22] 
[19, 17, 11, 14, 24][6, 5, 15, 10, 16][4, 3, 1, 23, 9][25, 22, 17, 28][20, 7, 2, 21][0, 18, 12][6, 13, 18][0, 26, 8][27, 2, 29][12, 22][10, 29][20, 23] 
[19, 17, 11, 14, 24][6, 5, 15, 10, 16][4, 3, 1, 23, 9][25, 22, 17, 28][20, 7, 2, 21][0, 18, 12][6, 13, 18][0, 26, 8][27, 2, 29][12, 22][10, 29][20, 23] 
[19, 17, 11, 14, 24][6, 5, 15, 10, 16][4, 3, 1, 23, 9][25, 22, 17, 28][20, 7, 2, 21][0, 18, 12][6, 13, 18][0, 26, 8][27, 2, 29][12, 22][10, 29][20, 23] 
[6, 5, 15, 10, 16][4, 3, 1, 23, 9][19, 17, 11, 14, 24][20, 7, 2, 21][0, 26, 8, 12][25, 22, 17, 28][6, 13, 18][27, 2, 29][0, 18, 12][10, 29][20, 23][12, 22] 
[19, 17, 11, 14, 24][6, 5, 15, 10, 16][4, 3, 1, 23, 9][25, 22, 17, 28][20, 7, 2, 21][0, 18, 12][6, 13, 18][0, 26, 8][27, 2, 29][12, 22][10, 29][20, 23] 
[19, 17, 11, 14, 24][6, 5, 15, 10, 16][4, 3, 1, 23, 9][25, 22, 17, 28][20, 7, 2, 21][0, 18, 12][6, 13, 18][0, 26, 8][27, 2, 29][12, 22][10, 29][20, 23] 
[22, 12, 0, 26, 8, 19, 17, 11, 14, 1, 4, 24, 3, 23][6, 13, 18, 0, 25, 11, 3, 24, 7, 20, 14, 9, 23][5, 15, 29, 10, 7, 25, 28][16, 27, 15, 21][7, 20][17, 19][13, 18][7, 20][0, 26][0, 26][2, 7][10, 29] 
[22, 12, 0, 26, 8, 19, 17, 11, 14, 1, 4, 24, 3, 23][6, 13, 18, 0, 25, 11, 3, 24, 7, 20, 14, 9][5, 15, 29, 10, 7, 28][16, 27, 15, 21][7, 20][17, 19][13, 18][7, 20][0, 26][0, 26][2, 7][10, 29] 
[22, 12, 0, 26, 8, 19, 17, 11, 14, 1, 4, 24, 3, 23][6, 13, 18, 0, 25, 11, 3, 24, 7, 20, 14, 9][5, 15, 29, 10, 7, 28][16, 27, 15, 21][7, 20][17, 19][13, 18][7, 20][0, 26][0, 26][2, 7][10, 29] 
[22, 12, 0, 26, 8, 19, 17, 11, 14, 1, 4, 23][3, 24, 7, 20, 14, 9, 23][5, 15, 29, 10, 7, 25, 28][6, 21, 15, 27, 16][6, 13, 18][0, 26][17, 19][2, 7][0, 26][0, 26][7, 20][7, 20] 
[22, 12, 0, 26, 8, 19, 17, 11, 14, 1, 4, 23][5, 15, 29, 10, 7, 25, 28][3, 24, 7, 20, 14, 9][6, 21, 15, 27, 16][6, 13, 18][0, 26][17, 19][2, 7][0, 26][0, 26][7, 20][7, 20] 
[22, 12, 0, 26, 8, 19, 17, 11, 14, 1, 4, 23][5, 15, 29, 10, 7, 25, 28][3, 24, 7, 20, 14, 9][6, 21, 15, 27, 16][7, 20][6, 13][17, 19][2, 7][13, 18][0, 26][17, 19][17, 19] 
[22, 12, 0, 26, 8, 19, 17, 11, 14, 1, 4, 24, 3, 23][6, 13, 18, 0, 25, 11, 3, 24, 7, 20, 14, 9][5, 15, 29, 10, 7, 28][16, 27, 15, 21][7, 20][17, 19][13, 18][7, 20][0, 26][0, 26][2, 7][10, 29] 
[22, 12, 0, 26, 8, 19, 17, 11, 14, 1, 4, 24, 3, 23][6, 13, 18, 0, 25, 11, 3, 24, 7, 20, 14, 9][5, 15, 29, 10, 7, 28][16, 27, 15, 21][7, 20][17, 19][13, 18][7, 20][0, 26][0, 26][2, 7][10, 29] 
[22, 12, 0, 26, 8, 19, 17, 11, 14, 1, 4, 23][3, 24, 7, 20, 14, 9, 23][5, 15, 29, 10, 7, 25, 28][6, 21, 15, 27, 16][6, 13, 18][0, 26][17, 19][2, 7][0, 26][0, 26][7, 20][7, 20] 
[22, 12, 0, 26, 8, 19, 17, 11, 14, 1, 4, 24, 3, 23][6, 13, 18, 0, 25, 11, 3, 24, 7, 20, 14, 9][5, 15, 29, 10, 7, 28][16, 27, 15, 21][7, 20][17, 19][13, 18][7, 20][0, 26][0, 26][2, 7][10, 29] 
[22, 12, 0, 26, 8, 19, 17, 11, 14, 1, 4, 24, 3, 23][6, 13, 18, 0, 25, 11, 3, 24, 7, 20, 14, 9, 23][5, 15, 29, 10, 7, 25, 28][16, 27, 15, 21][7, 20][17, 19][13, 18][7, 20][0, 26][0, 26][2, 7][10, 29] 
[22, 12, 0, 26, 8, 19, 17, 11, 14, 1, 4, 24, 3, 23][6, 13, 18, 0, 25, 11, 3, 24, 7, 20, 14, 9][5, 15, 29, 10, 7, 28][16, 27, 15, 21][7, 20][17, 19][13, 18][7, 20][0, 26][0, 26][2, 7][10, 29] 
[22, 12, 0, 26, 8, 19, 17, 11, 14, 1, 4, 23][5, 15, 29, 10, 7, 25, 28][3, 24, 7, 20, 14, 9][6, 21, 15, 27, 16][6, 13, 18][0, 26][17, 19][2, 7][0, 26][0, 26][7, 20][7, 20] 
[22, 12, 0, 26, 8, 19, 17, 11, 14, 1, 4, 24, 3, 23][6, 13, 18, 0, 25, 11, 3, 24, 7, 20, 14, 9][5, 15, 29, 10, 7, 28][16, 27, 15, 21][7, 20][17, 19][13, 18][7, 20][0, 26][0, 26][2, 7][10, 29] 
[22, 12, 0, 26, 8, 19, 17, 11, 14, 1, 4, 24, 3, 23][6, 13, 18, 0, 25, 11, 3, 24, 7, 20, 14, 9][5, 15, 29, 10, 7, 28][16, 27, 15, 21][7, 20][17, 19][13, 18][7, 20][0, 26][0, 26][2, 7][10, 29] 
[22, 12, 0, 26, 8, 19, 17, 11, 14, 1, 4, 24, 3, 23][6, 13, 18, 0, 25, 11, 3, 24, 7, 20, 14, 9][5, 15, 29, 10, 7, 28][16, 27, 15, 21][7, 20][17, 19][13, 18][7, 20][0, 26][0, 26][2, 7][10, 29] 
[22, 12, 0, 26, 8, 19, 17, 11, 14, 1, 4, 24, 3, 23][6, 13, 18, 0, 25, 11, 3, 24, 7, 20, 14, 9][5, 15, 29, 10, 7, 28][16, 27, 15, 21][7, 20][17, 19][13, 18][7, 20][0, 26][0, 26][2, 7][10, 29] 
[22, 12, 0, 26, 8, 19, 17, 11, 14, 1, 4, 23][6, 13, 18, 0, 25, 11, 3, 24, 7, 20, 14, 9][5, 15, 10, 7, 28][16, 27, 15, 21][7, 20][17, 19][13, 18][7, 20][0, 26][0, 26][2, 7][10, 29] 
[22, 12, 0, 26, 8, 19, 17, 11, 14, 1, 4, 24, 3, 23][6, 13, 18, 0, 25, 11, 3, 24, 7, 20, 14, 9][5, 15, 29, 10, 7, 28][16, 27, 15, 21][7, 20][17, 19][13, 18][7, 20][0, 26][0, 26][2, 7][10, 29] 
[22, 12, 0, 26, 8, 19, 17, 11, 14, 1, 4, 24, 3, 23][6, 13, 18, 0, 25, 11, 3, 24, 7, 20, 14, 9][5, 15, 29, 10, 7, 28][16, 27, 15, 21][7, 20][17, 19][13, 18][7, 20][0, 26][0, 26][2, 7][10, 29] 
[6, 13, 18, 0, 25, 11, 3, 24, 7, 20, 14, 9, 23][4, 1, 14, 11, 17, 19, 8, 26, 0, 12, 22][5, 15, 29, 10, 7, 25, 28][16, 27, 15, 21][7, 20][17, 19][13, 18][7, 20][0, 26][0, 26][2, 7][10, 29] 
[6, 5, 15, 10, 16][4, 3, 1, 23, 9][19, 17, 11, 14, 24][20, 7, 2, 21][0, 26, 8, 12][25, 22, 17, 28][6, 13, 18][27, 2, 29][0, 18, 12][10, 29][20, 23][12, 22] 
[6, 5, 15, 10, 16][19, 17, 11, 14, 24][4, 3, 1, 23, 9][20, 7, 2, 21][0, 26, 8, 12][25, 22, 17, 28][6, 13, 18][27, 2, 29][0, 18, 12][10, 29][12, 22][20, 23] 
[6, 5, 15, 10, 16][4, 3, 1, 23, 9][19, 17, 11, 14, 24][20, 7, 2, 21][0, 26, 8, 12][25, 22, 17, 28][6, 13, 18][27, 2, 29][0, 18, 12][10, 29][20, 23][12, 22] 
[6, 5, 15, 10, 16][4, 3, 1, 23, 9][19, 17, 11, 14, 24][20, 7, 2, 21][0, 26, 8, 12][25, 22, 17, 28][6, 13, 18][27, 2, 29][0, 18, 12][10, 29][20, 23][12, 22] 
[6, 5, 15, 10, 16][4, 3, 1, 23, 9][19, 17, 11, 14, 24][20, 7, 2, 21][0, 26, 8, 12][25, 22, 17, 28][6, 13, 18][27, 2, 29][0, 18, 12][10, 29][20, 23][12, 22] 
[6, 5, 15, 10, 16][4, 3, 1, 23, 9][19, 17, 11, 14, 24][20, 7, 2, 21][0, 26, 8, 12][25, 22, 17, 28][6, 13, 18][27, 2, 29][0, 18, 12][10, 29][20, 23][12, 22] 
[6, 5, 15, 10, 16][4, 3, 1, 23, 9][19, 17, 11, 14, 24][20, 7, 2, 21][0, 26, 8, 12][25, 22, 17, 28][6, 13, 18][27, 2, 29][0, 18, 12][10, 29][20, 23][12, 22] 
[6, 5, 15, 10, 16][4, 3, 1, 23, 9][19, 17, 11, 14, 24][20, 7, 2, 21][0, 26, 8, 12][25, 22, 17, 28][6, 13, 18][27, 2, 29][0, 18, 12][10, 29][20, 23][12, 22] 
[6, 5, 15, 10, 16][4, 3, 1, 23, 9][19, 17, 11, 14, 24][20, 7, 2, 21][0, 26, 8, 12][25, 22, 17, 28][6, 13, 18][27, 2, 29][0, 18, 12][10, 29][20, 23][12, 22] 
[4, 3, 1, 23, 9][6, 5, 15, 10, 16][19, 17, 11, 14, 24][20, 7, 2, 21][25, 22, 17, 28][0, 26, 8, 12][27, 2, 29][6, 13, 18][0, 18, 12][20, 23][10, 29][12, 22] 
[19, 17, 11, 14, 24][6, 5, 15, 10, 16][4, 3, 1, 23, 9][0, 26, 8, 12][25, 22, 17, 28][20, 7, 2, 21][0, 18, 12][6, 13, 18][27, 2, 29][12, 22][10, 29][20, 23] 
[6, 5, 15, 10, 16][4, 3, 1, 23, 9][19, 17, 11, 14, 24][20, 7, 2, 21][0, 26, 8, 12][25, 22, 17, 28][6, 13, 18][27, 2, 29][0, 18, 12][10, 29][20, 23][12, 22] 
[6, 5, 15, 10, 16][4, 3, 1, 23, 9][19, 17, 11, 14, 24][20, 7, 2, 21][0, 26, 8, 12][25, 22, 17, 28][6, 13, 18][27, 2, 29][0, 18, 12][10, 29][20, 23][12, 22] 
[6, 5, 15, 10, 16][19, 17, 11, 14, 24][4, 3, 1, 23, 9][7, 27, 2, 29][20, 7, 2, 21][25, 22, 17, 28][6, 13, 18][0, 18, 12][0, 26, 8][10, 29][12, 22][20, 23] 
[6, 5, 15, 10, 16][19, 17, 11, 14, 24][4, 3, 1, 23, 9][7, 27, 2, 29][20, 7, 2, 21][25, 22, 17, 28][6, 13, 18][0, 18, 12][0, 26, 8][10, 29][12, 22][20, 23] 
[19, 17, 11, 14, 24][6, 5, 15, 10, 16][4, 3, 1, 23, 9][25, 22, 17, 28][20, 7, 2, 21][0, 18, 12][6, 13, 18][0, 26, 8][27, 2, 29][12, 22][10, 29][20, 23] 
[19, 17, 11, 14, 24][6, 5, 15, 10, 16][4, 3, 1, 23, 9][25, 22, 17, 28][20, 7, 2, 21][0, 18, 12][6, 13, 18][0, 26, 8][27, 2, 29][12, 22][10, 29][20, 23] 
[19, 17, 11, 14, 24][6, 5, 15, 10, 16][4, 3, 1, 23, 9][25, 22, 17, 28][20, 7, 2, 21][0, 18, 12][6, 13, 18][0, 26, 8][27, 2, 29][12, 22][10, 29][20, 23] 
[19, 17, 11, 14, 24][6, 5, 15, 10, 16][4, 3, 1, 23, 9][25, 22, 17, 28][20, 7, 2, 21][0, 18, 12][0, 26, 8][6, 13, 18][27, 2, 29][12, 22][10, 29][20, 23] 
[19, 17, 11, 14, 24][6, 5, 15, 10, 16][4, 3, 1, 23, 9][25, 22, 17, 28][20, 7, 2, 21][0, 18, 12][6, 13, 18][0, 26, 8][27, 2, 29][12, 22][10, 29][20, 23] 
[6, 5, 15, 10, 16][4, 3, 1, 23, 9][19, 17, 11, 14, 24][20, 7, 2, 21][25, 22, 17, 28][0, 18, 12][6, 13, 18][0, 26, 8][7, 27, 29][10, 29][20, 23][12, 22] 
[6, 5, 15, 10, 16][4, 3, 1, 23, 9][19, 17, 11, 14, 24][20, 7, 2, 21][0, 26, 8, 12][25, 22, 17, 28][6, 13, 18][27, 2, 29][0, 18, 12][10, 29][20, 23][12, 22] 
[6, 5, 15, 10, 16][4, 3, 1, 23, 9][19, 17, 11, 14, 24][20, 7, 2, 21][0, 26, 8, 12][25, 22, 17, 28][6, 13, 18][27, 2, 29][0, 18, 12][10, 29][20, 23][12, 22] 
[6, 5, 15, 10, 16][4, 3, 1, 23, 9][19, 17, 11, 14, 24][20, 7, 2, 21][0, 26, 8, 12][25, 22, 17, 28][6, 13, 18][27, 2, 29][0, 18, 12][10, 29][20, 23][12, 22] 
[6, 5, 15, 10, 16][4, 3, 1, 23, 9][19, 17, 11, 14, 24][20, 7, 2, 21][0, 26, 8, 12][25, 22, 17, 28][6, 13, 18][27, 2, 29][0, 18, 12][10, 29][20, 23][12, 22] 
[6, 5, 15, 10, 16][4, 3, 1, 23, 9][19, 17, 11, 14, 24][20, 7, 2, 21][0, 26, 8, 12][25, 22, 17, 28][6, 13, 18][27, 2, 29][0, 18, 12][10, 29][20, 23][12, 22] 
[19, 17, 11, 14, 24][6, 5, 15, 10, 16][4, 3, 1, 23, 9][25, 22, 17, 28][20, 7, 2, 21][0, 18, 12][6, 13, 18][0, 26, 8][27, 2, 29][12, 22][10, 29][20, 23] 
[6, 5, 15, 10, 16][4, 3, 1, 23, 9][19, 17, 11, 14, 24][20, 7, 2, 21][0, 26, 8, 12][25, 22, 17, 28][6, 13, 18][27, 2, 29][0, 18, 12][10, 29][20, 23][12, 22] 
[19, 17, 11, 14, 24][6, 5, 15, 10, 16][4, 3, 1, 23, 9][25, 22, 17, 28][20, 7, 2, 21][0, 18, 12][6, 13, 18][27, 2, 29][0, 26, 8][12, 22][10, 29][20, 23] 
[19, 17, 11, 14, 24][6, 5, 15, 10, 16][4, 3, 1, 23, 9][25, 22, 17, 28][20, 7, 2, 21][0, 18, 12][6, 13, 18][0, 26, 8][27, 2, 29][12, 22][10, 29][20, 23] 
[19, 17, 11, 14, 24][6, 5, 15, 10, 16][4, 3, 1, 23, 9][25, 22, 17, 28][20, 7, 2, 21][0, 18, 12][6, 13, 18][0, 26, 8][27, 2, 29][12, 22][10, 29][20, 23] 
[19, 17, 11, 14, 24][6, 5, 15, 10, 16][4, 3, 1, 23, 9][25, 22, 17, 28][20, 7, 2, 21][0, 18, 12][6, 13, 18][0, 26, 8][27, 2, 29][12, 22][10, 29][20, 23] 
[19, 17, 11, 14, 24][6, 5, 15, 10, 16][4, 3, 1, 23, 9][25, 22, 17, 28][20, 7, 2, 21][0, 18, 12][6, 13, 18][0, 26, 8][27, 2, 29][12, 22][10, 29][20, 23] 
[19, 17, 11, 14, 24][6, 5, 15, 10, 16][4, 3, 1, 23, 9][25, 22, 17, 28][20, 7, 2, 21][0, 18, 12][6, 13, 18][0, 26, 8][27, 2, 29][12, 22][10, 29][20, 23] 
[19, 17, 11, 14, 24][6, 5, 15, 10, 16][4, 3, 1, 23, 9][25, 22, 17, 28][20, 7, 2, 21][0, 18, 12][6, 13, 18][0, 26, 8][27, 2, 29][12, 22][10, 29][20, 23] 
[19, 17, 11, 14, 24][6, 5, 15, 10, 16][4, 3, 1, 23, 9][25, 22, 17, 28][20, 7, 2, 21][0, 18, 12][6, 13, 18][0, 26, 8][27, 2, 29][12, 22][10, 29][20, 23] 
[19, 17, 11, 14, 24][6, 5, 15, 10, 16][4, 3, 1, 23, 9][25, 22, 17, 28][20, 7, 2, 21][0, 18, 12][6, 13, 18][0, 26, 8][27, 2, 29][12, 22][10, 29][20, 23] 
[19, 17, 11, 14, 24][6, 5, 15, 10, 16][4, 3, 1, 23, 9][25, 22, 17, 28][20, 7, 2, 21][0, 18, 12][6, 13, 18][0, 26, 8][27, 2, 29][12, 22][10, 29][20, 23] 
[19, 17, 11, 14, 24][6, 5, 15, 10, 16][4, 3, 1, 23, 9][25, 22, 17, 28][20, 7, 2, 21][0, 18, 12][6, 13, 18][0, 26, 8][27, 2, 29][12, 22][10, 29][20, 23] 
[19, 17, 11, 14, 24][6, 5, 15, 10, 16][4, 3, 1, 23, 9][25, 22, 17, 28][20, 7, 2, 21][0, 18, 12][6, 13, 18][0, 26, 8][27, 2, 29][12, 22][10, 29][20, 23] 
[19, 17, 11, 14, 24][6, 5, 15, 10, 16][4, 3, 1, 23, 9][25, 22, 17, 28][20, 7, 2, 21][0, 18, 12][6, 13, 18][0, 26, 8][27, 2, 29][12, 22][10, 29][20, 23] 
[19, 17, 11, 14, 24][6, 5, 15, 10, 16][4, 3, 1, 23, 9][25, 22, 17, 28][20, 7, 2, 21][0, 18, 12][6, 13, 18][27, 2, 29][0, 26, 8][12, 22][10, 29][20, 23] 
[19, 17, 11, 14, 24][6, 5, 15, 10, 16][4, 3, 1, 23, 9][25, 22, 17, 28][20, 7, 2, 21][0, 18, 12][6, 13, 18][0, 26, 8][27, 2, 29][12, 22][10, 29][20, 23] 
[6, 5, 15, 10, 16][4, 3, 1, 23, 9][19, 17, 11, 14, 24][20, 7, 2, 21][25, 22, 17, 28][0, 26, 8, 12][7, 27, 29][6, 13, 18][10, 29][20, 23][12, 18][12, 22] 
[6, 5, 15, 10, 16][4, 3, 1, 23, 9][19, 17, 11, 14, 24][20, 7, 2, 21][25, 22, 17, 28][0, 26, 8, 12][7, 27, 29][6, 13, 18][10, 29][20, 23][12, 18][12, 22] 
[6, 5, 15, 10, 16][4, 3, 1, 23, 9][19, 17, 11, 14, 24][20, 7, 2, 21][25, 22, 17, 28][0, 26, 8, 12][7, 27, 29][6, 13, 18][10, 29][20, 23][12, 18][12, 22] 
[6, 5, 15, 10, 16][4, 3, 1, 23, 9][19, 17, 11, 14, 24][20, 7, 2, 21][25, 22, 17, 28][0, 26, 8, 12][7, 27, 29][6, 13, 18][10, 29][20, 23][12, 18][12, 22] 
[6, 5, 15, 10, 16][4, 3, 1, 23, 9][19, 17, 11, 14, 24][20, 7, 2, 21][25, 22, 17, 28][0, 26, 8, 12][7, 27, 29][6, 13, 18][10, 29][20, 23][12, 18][12, 22] 
[19, 17, 11, 14, 24][6, 5, 15, 10, 16][3, 1, 4, 23, 9][25, 22, 17, 28][0, 26, 8, 12][20, 7, 2, 21][6, 13, 18][7, 27, 29][12, 22][12, 18][10, 29][20, 23] 
[6, 5, 15, 10, 16][4, 3, 1, 23, 9][19, 17, 11, 14, 24][20, 7, 2, 21][0, 26, 8, 12][25, 22, 17, 28][6, 13, 18][27, 2, 29][0, 18, 12][10, 29][20, 23][12, 22] 
[6, 5, 15, 10, 16][4, 3, 1, 23, 9][19, 17, 11, 14, 24][20, 7, 2, 21][0, 26, 8, 12][25, 22, 17, 28][6, 13, 18][27, 2, 29][0, 18, 12][10, 29][20, 23][12, 22] 
[6, 5, 15, 10, 16][4, 3, 1, 23, 9][19, 17, 11, 14, 24][7, 27, 2, 29][20, 7, 2, 21][0, 26, 8, 12][25, 22, 17, 28][6, 13, 18][0, 18, 12][10, 29][20, 23][12, 22] 
[6, 5, 15, 10, 16][4, 3, 1, 23, 9][19, 17, 11, 14, 24][20, 7, 2, 21][0, 26, 8, 12][25, 22, 17, 28][6, 13, 18][27, 2, 29][0, 18, 12][10, 29][20, 23][12, 22] 
[6, 5, 15, 10, 16][4, 3, 1, 23, 9][19, 17, 11, 14, 24][7, 27, 2, 29][20, 7, 2, 21][0, 26, 8, 12][25, 22, 17, 28][6, 13, 18][0, 18, 12][10, 29][20, 23][12, 22] 
[19, 17, 11, 14, 24][6, 5, 15, 10, 16][4, 3, 1, 23, 9][25, 22, 17, 28][20, 7, 2, 21][0, 18, 12][6, 13, 18][0, 26, 8][27, 2, 29][12, 22][10, 29][20, 23] 
[6, 5, 15, 10, 16][4, 3, 1, 23, 9][19, 17, 11, 14, 24][20, 7, 2, 21][0, 26, 8, 12][25, 22, 17, 28][6, 13, 18][27, 2, 29][0, 18, 12][10, 29][20, 23][12, 22] 
