[7, 20, 24, 4, 14, 9][16, 15, 6, 13, 18][11, 17, 28, 25, 22][12, 0, 26, 8, 19][2, 10, 29, 27][5, 21, 10][3, 1, 23][7, 27][6, 10][20, 23][0, 28][3, 11] 
[3, 11, 17, 28, 25, 22][7, 20, 24, 4, 14, 9][12, 8, 26, 0, 19][16, 15, 6, 13, 18][2, 10, 29, 27][5, 21, 10][1, 3][0, 28][1, 23][20, 23][7, 27][6, 10] 
[7, 20, 24, 4, 14, 9][3, 11, 17, 28, 25, 22][16, 15, 6, 13, 18][12, 8, 26, 0, 19][2, 10, 29, 27][5, 21, 10][7, 27][20, 23][6, 10][1, 23][1, 3][0, 28] 
[7, 20, 24, 4, 14, 9][16, 15, 6, 13, 18][11, 17, 28, 25, 22][12, 8, 26, 0, 19][2, 10, 29, 27][5, 21, 10][3, 1, 23][6, 10][7, 27][20, 23][0, 28][3, 11] 
[7, 20, 24, 4, 14, 9][11, 17, 28, 25, 22][12, 8, 26, 0, 19][16, 15, 6, 13, 18][2, 10, 29, 27][3, 1, 23][5, 21, 10][3, 11][20, 23][0, 28][7, 27][6, 10] 
[7, 20, 24, 4, 14, 9][16, 15, 6, 13, 18][11, 17, 28, 25, 22][12, 8, 26, 0, 19][2, 10, 29, 27][5, 21, 10][3, 1, 23][6, 10][7, 27][20, 23][0, 28][3, 11] 
[7, 20, 24, 4, 14, 9][16, 15, 6, 13, 18][11, 17, 28, 25, 22][12, 8, 26, 0, 19][2, 10, 29, 27][5, 21, 10][3, 1, 23][7, 27][6, 10][20, 23][3, 11][0, 28] 
[7, 20, 24, 4, 14, 9][16, 15, 6, 13, 18][11, 17, 28, 25, 22][12, 8, 26, 0, 19][2, 10, 29, 27][5, 21, 10][3, 1, 23][6, 10][7, 27][20, 23][0, 28][3, 11] 
[7, 20, 24, 4, 14, 9][11, 17, 28, 25, 22][12, 8, 26, 0, 19][16, 15, 6, 13, 18][2, 10, 29, 27][3, 1, 23][5, 21, 10][0, 28][3, 11][20, 23][7, 27][6, 10] 
[7, 20, 24, 4, 14, 9][11, 17, 28, 25, 22][12, 8, 26, 0, 19][16, 15, 6, 13, 18][2, 10, 29, 27][3, 1, 23][5, 21, 10][0, 28][3, 11][20, 23][7, 27][6, 10] 
[7, 20, 24, 4, 14, 9][16, 15, 6, 13, 18][11, 17, 28, 25, 22][12, 0, 26, 8, 19][2, 10, 29, 27][5, 21, 10][3, 1, 23][7, 27][6, 10][20, 23][0, 28][3, 11] 
[3, 11, 17, 28, 25, 22][7, 20, 24, 4, 14, 9][12, 8, 26, 0, 19][16, 15, 6, 13, 18][2, 10, 29, 27][5, 21, 10][1, 3][0, 28][1, 23][20, 23][7, 27][6, 10] 
[7, 20, 24, 4, 14, 9][3, 11, 17, 28, 25, 22][16, 15, 6, 13, 18][12, 8, 26, 0, 19][2, 10, 29, 27][5, 21, 10][7, 27][20, 23][6, 10][1, 23][1, 3][0, 28] 
[7, 20, 24, 4, 14, 9][11, 17, 28, 25, 22][12, 8, 26, 0, 19][16, 15, 6, 13, 18][2, 10, 29, 27][3, 1, 23][5, 21, 10][0, 28][3, 11][20, 23][7, 27][6, 10] 
[7, 20, 24, 4, 14, 9][16, 15, 6, 13, 18][11, 17, 28, 25, 22][12, 8, 26, 0, 19][2, 10, 29, 27][5, 21, 10][3, 1, 23][6, 10][7, 27][20, 23][0, 28][3, 11] 
[7, 20, 24, 4, 14, 9][11, 17, 28, 25, 22][12, 8, 26, 0, 19][16, 15, 6, 13, 18][2, 10, 29, 27][3, 1, 23][5, 21, 10][0, 28][3, 11][20, 23][7, 27][6, 10] 
[7, 20, 24, 4, 14, 9][16, 15, 6, 13, 18][11, 17, 28, 25, 22][12, 0, 26, 8, 19][2, 10, 29, 27][5, 21, 10][3, 1, 23][6, 10][7, 27][20, 23][3, 11][0, 28] 
[7, 20, 24, 4, 14, 9][3, 11, 17, 28, 25, 22][16, 15, 6, 13, 18][12, 8, 26, 0, 19][2, 10, 29, 27][5, 21, 10][7, 27][20, 23][6, 10][1, 23][1, 3][0, 28] 
[7, 20, 24, 4, 14, 9][16, 15, 6, 13, 18][11, 17, 28, 25, 22][12, 8, 26, 0, 19][2, 10, 29, 27][5, 21, 10][3, 1, 23][6, 10][7, 27][20, 23][0, 28][3, 11] 
[7, 20, 24, 4, 14, 9][16, 15, 6, 13, 18][11, 17, 28, 25, 22][12, 0, 26, 8, 19][2, 10, 29, 27][5, 21, 10][3, 1, 23][6, 10][7, 27][20, 23][3, 11][0, 28] 
[7, 20, 24, 4, 14, 9][16, 15, 6, 13, 18][11, 17, 28, 25, 22][12, 0, 26, 8, 19][2, 10, 29, 27][5, 21, 10][3, 1, 23][7, 27][6, 10][20, 23][0, 28][3, 11] 
[7, 20, 24, 4, 14, 9][3, 11, 17, 28, 25, 22][16, 15, 6, 13, 18][12, 8, 26, 0, 19][2, 10, 29, 27][5, 21, 10][7, 27][20, 23][6, 10][1, 23][1, 3][0, 28] 
[7, 20, 24, 4, 14, 9][3, 11, 17, 28, 25, 22][16, 15, 6, 13, 18][12, 8, 26, 0, 19][2, 10, 29, 27][5, 21, 10][7, 27][20, 23][6, 10][1, 23][1, 3][0, 28] 
[7, 20, 24, 4, 14, 9][16, 15, 6, 13, 18][11, 17, 28, 25, 22][12, 8, 26, 0, 19][2, 10, 29, 27][5, 21, 10][3, 1, 23][7, 27][6, 10][20, 23][3, 11][0, 28] 
[7, 20, 24, 4, 14, 9][16, 15, 6, 13, 18][11, 17, 28, 25, 22][12, 8, 26, 0, 19][2, 10, 29, 27][5, 21, 10][3, 1, 23][7, 27][6, 10][20, 23][3, 11][0, 28] 
[7, 20, 24, 4, 14, 9][16, 15, 6, 13, 18][11, 17, 28, 25, 22][12, 8, 26, 0, 19][2, 10, 29, 27][5, 21, 10][3, 1, 23][7, 27][6, 10][20, 23][3, 11][0, 28] 
[7, 20, 24, 4, 14, 9][16, 15, 6, 13, 18][11, 17, 28, 25, 22][12, 0, 26, 8, 19][2, 10, 29, 27][5, 21, 10][3, 1, 23][6, 10][7, 27][20, 23][3, 11][0, 28] 
[7, 20, 24, 4, 14, 9][3, 11, 17, 28, 25, 22][16, 15, 6, 13, 18][12, 8, 26, 0, 19][2, 10, 29, 27][5, 21, 10][7, 27][20, 23][6, 10][1, 23][1, 3][0, 28] 
[7, 20, 24, 4, 14, 9][16, 15, 6, 13, 18][11, 17, 28, 25, 22][12, 8, 26, 0, 19][2, 10, 29, 27][5, 21, 10][3, 1, 23][6, 10][7, 27][20, 23][0, 28][3, 11] 
[7, 20, 24, 4, 14, 9][16, 15, 6, 13, 18][11, 17, 28, 25, 22][12, 0, 26, 8, 19][2, 10, 29, 27][5, 21, 10][3, 1, 23][6, 10][7, 27][20, 23][3, 11][0, 28] 
[7, 20, 24, 4, 14, 9][16, 15, 6, 13, 18][11, 17, 28, 25, 22][12, 0, 26, 8, 19][2, 10, 29, 27][5, 21, 10][3, 1, 23][6, 10][7, 27][20, 23][3, 11][0, 28] 
[3, 11, 17, 28, 25, 22][7, 20, 24, 4, 14, 9][12, 8, 26, 0, 19][16, 15, 6, 13, 18][2, 10, 29, 27][5, 21, 10][1, 3][0, 28][1, 23][20, 23][7, 27][6, 10] 
[7, 20, 24, 4, 14, 9][16, 15, 6, 13, 18][11, 17, 28, 25, 22][12, 8, 26, 0, 19][2, 10, 29, 27][5, 21, 10][3, 1, 23][6, 10][7, 27][20, 23][0, 28][3, 11] 
[7, 20, 24, 4, 14, 9][16, 15, 6, 13, 18][11, 17, 28, 25, 22][12, 0, 26, 8, 19][2, 10, 29, 27][5, 21, 10][3, 1, 23][6, 10][7, 27][20, 23][0, 28][3, 11] 
[7, 20, 24, 4, 14, 9][16, 15, 6, 13, 18][11, 17, 28, 25, 22][12, 0, 26, 8, 19][2, 10, 29, 27][5, 21, 10][3, 1, 23][6, 10][7, 27][20, 23][3, 11][0, 28] 
[9, 14, 3, 11, 17, 0, 19, 18, 22, 12, 8, 26][4, 24, 23, 20, 7, 2, 27, 15, 29, 10][15, 10, 21, 5, 6, 13, 18][25, 28, 16, 10, 27, 29][0, 19][1, 23][16, 28][0, 19][23, 24][0, 19][8, 12][0, 19] 
[9, 14, 3, 11, 17, 0, 19, 18, 22, 12, 8, 26][4, 24, 23, 20, 7, 2, 27, 15, 29, 10][15, 10, 21, 5, 6, 13, 18][25, 28, 16, 10, 27, 29][0, 19][1, 23][16, 28][0, 19][23, 24][0, 19][8, 12][0, 19] 
[26, 8, 12, 18, 13, 6, 5, 21, 15, 27][9, 14, 3, 11, 17, 0, 19, 18, 22][4, 24, 23, 20, 7, 2, 27][25, 28, 16, 10, 27, 29][0, 19][1, 23][16, 28][0, 19][23, 24][0, 19][8, 12][0, 19] 
[9, 14, 3, 11, 17, 0, 19, 18, 22, 12, 8, 26][4, 24, 23, 20, 7, 2, 27][15, 10, 21, 5, 6, 13, 18][25, 28, 16, 10, 27, 29][0, 19][1, 23][16, 28][0, 19][23, 24][0, 19][8, 12][0, 19] 
[9, 14, 3, 11, 17, 0, 19, 18, 22, 12, 8, 26][4, 24, 23, 20, 7, 2, 27][15, 10, 21, 5, 6, 13, 18][25, 28, 16, 10, 27, 29][0, 19][1, 23][16, 28][0, 19][23, 24][0, 19][8, 12][0, 19] 
[14, 3, 11, 17, 0, 19, 18, 22, 12, 8, 26][15, 10, 21, 5, 6, 13, 18][4, 24, 23, 20, 7, 2, 27][25, 28, 16, 10, 27, 29][8, 12][9, 14][1, 23][0, 19][0, 19][0, 19][0, 19][8, 12] 
[26, 8, 12, 18, 13, 6, 5, 21, 15, 27][9, 14, 3, 11, 17, 0, 19, 18, 22][4, 24, 23, 20, 7, 2, 27][25, 28, 16, 10, 27, 29][23, 1, 24][0, 19][16, 28][0, 19][23, 24][0, 19][8, 12][0, 19] 
[26, 8, 12, 18, 13, 6, 5, 21, 15, 27][9, 14, 3, 11, 17, 0, 19, 18, 22][4, 24, 23, 20, 7, 2, 27][25, 28, 16, 10, 27, 29][0, 19][1, 23][16, 28][0, 19][23, 24][0, 19][8, 12][0, 19] 
[9, 14, 3, 11, 17, 0, 19, 18, 22, 12, 8, 26][4, 24, 23, 20, 7, 2, 27][15, 10, 21, 5, 6, 13, 18][25, 28, 16, 10, 27, 29][0, 19][1, 23][16, 28][0, 19][23, 24][0, 19][8, 12][0, 19] 
[26, 8, 12, 18, 13, 6, 5, 21, 15, 27][9, 14, 3, 11, 17, 0, 19, 18, 22][4, 24, 23, 20, 7, 2, 27][25, 28, 16, 10, 27, 29][0, 19][1, 23][16, 28][0, 19][23, 24][0, 19][8, 12][0, 19] 
[26, 8, 12, 18, 13, 6, 5, 21, 15, 27][9, 14, 3, 11, 17, 0, 19, 18, 22][4, 24, 23, 20, 7, 2, 27][25, 28, 16, 10, 27, 29][23, 1, 24][0, 19][16, 28][0, 19][23, 24][0, 19][8, 12][0, 19] 
[26, 8, 12, 18, 13, 6, 5, 21, 15, 27][9, 14, 3, 11, 17, 0, 19, 18, 22][4, 24, 23, 20, 7, 2, 27][25, 28, 16, 10, 27, 29][0, 19][1, 23][16, 28][0, 19][23, 24][0, 19][8, 12][0, 19] 
[9, 14, 3, 11, 17, 0, 19, 18, 22, 12, 8, 26][4, 24, 23, 20, 7, 2, 27][15, 10, 21, 5, 6, 13, 18][25, 28, 16, 10, 27, 29][0, 19][1, 23][16, 28][0, 19][23, 24][0, 19][8, 12][0, 19] 
[26, 8, 12, 18, 13, 6, 5, 21, 15, 27][9, 14, 3, 11, 17, 0, 19, 18, 22][4, 24, 23, 20, 7, 2, 27][25, 28, 16, 10, 27, 29][23, 1, 24][12, 8, 26][0, 19][16, 28][0, 19][23, 24][0, 19][0, 19] 
[26, 8, 12, 18, 13, 6, 5, 21, 15, 27][9, 14, 3, 11, 17, 0, 19, 18, 22][4, 24, 23, 20, 7, 2, 27][25, 28, 16, 10, 27, 29][0, 19][1, 23][16, 28][0, 19][23, 24][0, 19][8, 12][0, 19] 
[26, 8, 12, 18, 13, 6, 5, 21, 15, 27][9, 14, 3, 11, 17, 0, 19, 18, 22][4, 24, 23, 20, 7, 2, 27][25, 28, 16, 10, 27, 29][0, 19][1, 23][16, 28][0, 19][23, 24][0, 19][8, 12][0, 19] 
[26, 8, 12, 18, 13, 6, 5, 21, 15, 27][9, 14, 3, 11, 17, 0, 19, 18, 22][4, 24, 23, 20, 7, 2, 27][25, 28, 16, 10, 27, 29][0, 19][1, 23][16, 28][0, 19][23, 24][0, 19][8, 12][0, 19] 
[15, 10, 21, 5, 6, 13, 18, 0, 19, 17, 22, 12, 8, 26][4, 24, 23, 20, 7, 2, 27][25, 28, 16, 10, 27, 29][9, 14, 3, 11, 17][0, 19][1, 23][16, 28][0, 19][23, 24][0, 19][8, 12][0, 19] 
[26, 8, 12, 18, 13, 6, 5, 21, 15, 27][9, 14, 3, 11, 17, 0, 19, 18, 22][4, 24, 23, 20, 7, 2, 27][25, 28, 16, 10, 27, 29][0, 19][1, 23][16, 28][0, 19][23, 24][0, 19][8, 12][0, 19] 
[26, 8, 12, 18, 13, 6, 5, 21, 15, 27][9, 14, 3, 11, 17, 0, 19, 18, 22][4, 24, 23, 20, 7, 2, 27][25, 28, 16, 10, 27, 29][0, 19][1, 23][16, 28][0, 19][23, 24][0, 19][8, 12][0, 19] 
[26, 8, 12, 18, 13, 6, 5, 21, 15, 27][9, 14, 3, 11, 17, 0, 19, 18, 22][4, 24, 23, 20, 7, 2, 27][25, 28, 16, 10, 27, 29][0, 19][1, 23][16, 28][0, 19][23, 24][0, 19][8, 12][0, 19] 
[7, 20, 24, 4, 14, 9][11, 17, 28, 25, 22][12, 8, 26, 0, 19][16, 15, 6, 13, 18][2, 10, 29, 27][3, 1, 23][5, 21, 10][3, 11][20, 23][0, 28][7, 27][6, 10] 
[7, 20, 24, 4, 14, 9][16, 15, 6, 13, 18][11, 17, 28, 25, 22][12, 8, 26, 0, 19][2, 10, 29, 27][5, 21, 10][3, 1, 23][6, 10][7, 27][20, 23][0, 28][3, 11] 
[7, 20, 24, 4, 14, 9][16, 15, 6, 13, 18][11, 17, 28, 25, 22][12, 8, 26, 0, 19][2, 10, 29, 27][5, 21, 10][3, 1, 23][7, 27][6, 10][20, 23][3, 11][0, 28] 
[7, 20, 24, 4, 14, 9][16, 15, 6, 13, 18][11, 17, 28, 25, 22][12, 8, 26, 0, 19][2, 10, 29, 27][5, 21, 10][3, 1, 23][6, 10][7, 27][20, 23][0, 28][3, 11] 
[7, 20, 24, 4, 14, 9][11, 17, 28, 25, 22][12, 8, 26, 0, 19][16, 15, 6, 13, 18][2, 10, 29, 27][3, 1, 23][5, 21, 10][0, 28][3, 11][20, 23][7, 27][6, 10] 
[7, 20, 24, 4, 14, 9][16, 15, 6, 13, 18][11, 17, 28, 25, 22][12, 8, 26, 0, 19][2, 10, 29, 27][5, 21, 10][3, 1, 23][6, 10][7, 27][20, 23][0, 28][3, 11] 
[7, 20, 24, 4, 14, 9][16, 15, 6, 13, 18][11, 17, 28, 25, 22][12, 8, 26, 0, 19][2, 10, 29, 27][5, 21, 10][3, 1, 23][6, 10][7, 27][20, 23][0, 28][3, 11] 
[7, 20, 24, 4, 14, 9][16, 15, 6, 13, 18][11, 17, 28, 25, 22][12, 8, 26, 0, 19][2, 10, 29, 27][5, 21, 10][3, 1, 23][6, 10][7, 27][20, 23][0, 28][3, 11] 
[7, 20, 24, 4, 14, 9][16, 15, 6, 13, 18][11, 17, 28, 25, 22][12, 8, 26, 0, 19][2, 10, 29, 27][5, 21, 10][3, 1, 23][6, 10][7, 27][20, 23][0, 28][3, 11] 
[7, 20, 24, 4, 14, 9][16, 15, 6, 13, 18][11, 17, 28, 25, 22][12, 8, 26, 0, 19][2, 10, 29, 27][5, 21, 10][3, 1, 23][6, 10][7, 27][20, 23][0, 28][3, 11] 
[7, 20, 24, 4, 14, 9][16, 15, 6, 13, 18][11, 17, 28, 25, 22][12, 8, 26, 0, 19][2, 10, 29, 27][5, 21, 10][3, 1, 23][6, 10][7, 27][20, 23][0, 28][3, 11] 
[7, 20, 24, 4, 14, 9][16, 15, 6, 13, 18][11, 17, 28, 25, 22][12, 8, 26, 0, 19][2, 10, 29, 27][5, 21, 10][3, 1, 23][6, 10][7, 27][20, 23][0, 28][3, 11] 
[7, 20, 24, 4, 14, 9][16, 15, 6, 13, 18][11, 17, 28, 25, 22][12, 8, 26, 0, 19][2, 10, 29, 27][5, 21, 10][3, 1, 23][6, 10][7, 27][20, 23][0, 28][3, 11] 
[7, 20, 24, 4, 14, 9][16, 15, 6, 13, 18][11, 17, 28, 25, 22][12, 8, 26, 0, 19][2, 10, 29, 27][5, 21, 10][3, 1, 23][6, 10][7, 27][20, 23][0, 28][3, 11] 
[7, 20, 24, 4, 14, 9][16, 15, 6, 13, 18][11, 17, 28, 25, 22][12, 8, 26, 0, 19][2, 10, 29, 27][5, 21, 10][3, 1, 23][6, 10][7, 27][20, 23][0, 28][3, 11] 
[7, 20, 24, 4, 14, 9][16, 15, 6, 13, 18][11, 17, 28, 25, 22][12, 0, 26, 8, 19][2, 10, 29, 27][5, 21, 10][3, 1, 23][7, 27][6, 10][20, 23][0, 28][3, 11] 
[7, 20, 24, 4, 14, 9][16, 15, 6, 13, 18][11, 17, 28, 25, 22][12, 0, 26, 8, 19][2, 10, 29, 27][5, 21, 10][3, 1, 23][7, 27][6, 10][20, 23][0, 28][3, 11] 
[7, 20, 24, 4, 14, 9][16, 15, 6, 13, 18][11, 17, 28, 25, 22][12, 0, 26, 8, 19][2, 10, 29, 27][5, 21, 10][3, 1, 23][7, 27][6, 10][20, 23][0, 28][3, 11] 
[7, 20, 24, 4, 14, 9][11, 17, 28, 25, 22][12, 0, 26, 8, 19][16, 15, 6, 13, 18][2, 10, 29, 27][3, 1, 23][5, 21, 10][3, 11][0, 28][20, 23][7, 27][6, 10] 
[7, 20, 24, 4, 14, 9][16, 15, 6, 13, 18][11, 17, 28, 25, 22][12, 0, 26, 8, 19][2, 10, 29, 27][5, 21, 10][3, 1, 23][7, 27][6, 10][20, 23][0, 28][3, 11] 
[7, 20, 24, 4, 14, 9][12, 0, 26, 8, 19][16, 15, 6, 13, 18][11, 17, 28, 25, 22][2, 10, 29, 27][3, 1, 23][5, 21, 10][0, 28][3, 11][20, 23][7, 27][6, 10] 
[7, 20, 24, 4, 14, 9][16, 15, 6, 13, 18][11, 17, 28, 25, 22][12, 8, 26, 0, 19][2, 10, 29, 27][5, 21, 10][3, 1, 23][6, 10][7, 27][20, 23][0, 28][3, 11] 
[7, 20, 24, 4, 14, 9][16, 15, 6, 13, 18][11, 17, 28, 25, 22][12, 8, 26, 0, 19][2, 10, 29, 27][5, 21, 10][3, 1, 23][6, 10][7, 27][20, 23][0, 28][3, 11] 
[7, 20, 24, 4, 14, 9][16, 15, 6, 13, 18][11, 17, 28, 25, 22][12, 8, 26, 0, 19][2, 10, 29, 27][5, 21, 10][3, 1, 23][6, 10][7, 27][20, 23][0, 28][3, 11] 
[7, 20, 24, 4, 14, 9][16, 15, 6, 13, 18][11, 17, 28, 25, 22][12, 8, 26, 0, 19][2, 10, 29, 27][5, 21, 10][14, 23, 20][3, 1, 23][6, 10][7, 27][0, 28][3, 11] 
[7, 20, 24, 4, 14, 9][16, 15, 6, 13, 18][11, 17, 28, 25, 22][12, 8, 26, 0, 19][2, 10, 29, 27][5, 21, 10][3, 1, 23][6, 10][7, 27][20, 23][0, 28][3, 11] 
[7, 20, 24, 4, 14, 9][12, 8, 26, 0, 19][11, 17, 28, 25, 22][16, 15, 6, 13, 18][2, 10, 29, 27][3, 1, 23][5, 21, 10][0, 28][3, 11][20, 23][7, 27][6, 10] 
[7, 20, 24, 4, 14, 9][16, 15, 6, 13, 18][11, 17, 28, 25, 22][12, 8, 26, 0, 19][2, 10, 29, 27][5, 21, 10][3, 1, 23][6, 10][7, 27][20, 23][0, 28][3, 11] 
[7, 20, 24, 4, 14, 9][16, 15, 6, 13, 18][11, 17, 28, 25, 22][12, 0, 26, 8, 19][2, 10, 29, 27][5, 21, 10][3, 1, 23][7, 27][6, 10][20, 23][0, 28][3, 11] 
[7, 20, 24, 4, 14, 9][16, 15, 6, 13, 18][11, 17, 28, 25, 22][12, 0, 26, 8, 19][2, 10, 29, 27][5, 21, 10][3, 1, 23][7, 27][6, 10][20, 23][0, 28][3, 11] 
[7, 20, 24, 4, 14, 9][16, 15, 6, 13, 18][11, 17, 28, 25, 22][12, 0, 26, 8, 19][2, 10, 29, 27][5, 21, 10][3, 1, 23][7, 27][6, 10][20, 23][0, 28][3, 11] 
[7, 20, 24, 4, 14, 9][16, 15, 6, 13, 18][11, 17, 28, 25, 22][12, 0, 26, 8, 19][2, 10, 29, 27][5, 21, 10][3, 1, 23][7, 27][6, 10][20, 23][0, 28][3, 11] 
[7, 20, 24, 4, 14, 9][16, 15, 6, 13, 18][11, 17, 28, 25, 22][12, 0, 26, 8, 19][2, 10, 29, 27][5, 21, 10][3, 1, 23][7, 27][6, 10][20, 23][0, 28][3, 11] 
[7, 20, 24, 4, 14, 9][16, 15, 6, 13, 18][11, 17, 28, 25, 22][12, 0, 26, 8, 19][2, 10, 29, 27][5, 21, 10][3, 1, 23][7, 27][6, 10][20, 23][0, 28][3, 11] 
[7, 20, 24, 4, 14, 9][16, 15, 6, 13, 18][11, 17, 28, 25, 22][12, 0, 26, 8, 19][2, 10, 29, 27][5, 21, 10][3, 1, 23][7, 27][6, 10][20, 23][0, 28][3, 11] 
[7, 20, 24, 4, 14, 9][16, 15, 6, 13, 18][11, 17, 28, 25, 22][12, 0, 26, 8, 19][2, 10, 29, 27][5, 21, 10][3, 1, 23][7, 27][6, 10][20, 23][0, 28][3, 11] 
[7, 20, 24, 4, 14, 9][11, 17, 28, 25, 22][12, 0, 26, 8, 19][16, 15, 6, 13, 18][2, 10, 29, 27][3, 1, 23][5, 21, 10][3, 11][0, 28][20, 23][7, 27][6, 10] 
[7, 20, 24, 4, 14, 9][16, 15, 6, 13, 18][11, 17, 28, 25, 22][12, 0, 26, 8, 19][2, 10, 29, 27][5, 21, 10][3, 1, 23][7, 27][6, 10][20, 23][0, 28][3, 11] 
[7, 20, 24, 4, 14, 9][16, 15, 6, 13, 18][11, 17, 28, 25, 22][12, 0, 26, 8, 19][2, 10, 29, 27][5, 21, 10][3, 1, 23][6, 10][7, 27][20, 23][0, 28][3, 11] 
[7, 20, 24, 4, 14, 9][16, 15, 6, 13, 18][11, 17, 28, 25, 22][12, 0, 26, 8, 19][2, 10, 29, 27][5, 21, 10][3, 1, 23][7, 27][6, 10][20, 23][0, 28][3, 11] 
[7, 20, 24, 4, 14, 9][16, 15, 6, 13, 18][11, 17, 28, 25, 22][12, 0, 26, 8, 19][2, 10, 29, 27][5, 21, 10][3, 1, 23][7, 27][6, 10][20, 23][0, 28][3, 11] 
[7, 20, 24, 4, 14, 9][16, 15, 6, 13, 18][11, 17, 28, 25, 22][12, 0, 26, 8, 19][2, 10, 29, 27][5, 21, 10][3, 1, 23][7, 27][6, 10][20, 23][0, 28][3, 11] 
[7, 20, 24, 4, 14, 9][16, 15, 6, 13, 18][11, 17, 28, 25, 22][12, 0, 26, 8, 19][2, 10, 29, 27][5, 21, 10][3, 1, 23][7, 27][6, 10][20, 23][0, 28][3, 11] 
[3, 11, 17, 28, 25, 22][7, 20, 24, 4, 14, 9][12, 0, 26, 8, 19][16, 15, 6, 13, 18][2, 10, 29, 27][5, 21, 10][0, 28][1, 3][1, 23][20, 23][7, 27][6, 10] 
[3, 11, 17, 28, 25, 22][7, 20, 24, 4, 14, 9][12, 0, 26, 8, 19][16, 15, 6, 13, 18][2, 10, 29, 27][5, 21, 10][1, 3][1, 23][20, 23][0, 28][7, 27][6, 10] 
[3, 11, 17, 28, 25, 22][7, 20, 24, 4, 14, 9][12, 0, 26, 8, 19][16, 15, 6, 13, 18][2, 10, 29, 27][5, 21, 10][0, 28][1, 3][1, 23][20, 23][7, 27][6, 10] 
[3, 11, 17, 28, 25, 22][7, 20, 24, 4, 14, 9][12, 0, 26, 8, 19][16, 15, 6, 13, 18][2, 10, 29, 27][5, 21, 10][1, 3][1, 23][20, 23][0, 28][7, 27][6, 10] 
[3, 11, 17, 28, 25, 22][7, 20, 24, 4, 14, 9][12, 0, 26, 8, 19][16, 15, 6, 13, 18][2, 10, 29, 27][5, 21, 10][1, 3][1, 23][20, 23][0, 28][7, 27][6, 10] 
[7, 20, 24, 4, 14, 9][3, 11, 17, 28, 25, 22][16, 15, 6, 13, 18][12, 0, 26, 8, 19][2, 10, 29, 27][5, 21, 10][3, 1, 23][6, 10][7, 27][20, 23][3, 11][0, 28] 
[7, 20, 24, 4, 14, 9][16, 15, 6, 13, 18][11, 17, 28, 25, 22][12, 8, 26, 0, 19][2, 10, 29, 27][5, 21, 10][3, 1, 23][6, 10][7, 27][20, 23][0, 28][3, 11] 
[7, 20, 24, 4, 14, 9][16, 15, 6, 13, 18][11, 17, 28, 25, 22][12, 8, 26, 0, 19][2, 10, 29, 27][5, 21, 10][3, 1, 23][7, 27][6, 10][20, 23][3, 11][0, 28] 
[7, 20, 24, 4, 14, 9][16, 15, 6, 13, 18][11, 17, 28, 25, 22][12, 8, 26, 0, 19][2, 10, 29, 27][5, 21, 10][3, 1, 23][6, 10][7, 27][20, 23][0, 28][3, 11] 
[7, 20, 24, 4, 14, 9][16, 15, 6, 13, 18][11, 17, 28, 25, 22][12, 8, 26, 0, 19][2, 10, 29, 27][5, 21, 10][3, 1, 23][6, 10][7, 27][20, 23][0, 28][3, 11] 
[7, 20, 24, 4, 14, 9][16, 15, 6, 13, 18][11, 17, 28, 25, 22][12, 8, 26, 0, 19][2, 10, 29, 27][5, 21, 10][3, 1, 23][6, 10][7, 27][20, 23][0, 28][3, 11] 
[7, 20, 24, 4, 14, 9][16, 15, 6, 13, 18][11, 17, 28, 25, 22][12, 0, 26, 8, 19][2, 10, 29, 27][5, 21, 10][3, 1, 23][7, 27][6, 10][20, 23][0, 28][3, 11] 
[7, 20, 24, 4, 14, 9][16, 15, 6, 13, 18][11, 17, 28, 25, 22][12, 8, 26, 0, 19][2, 10, 29, 27][5, 21, 10][3, 1, 23][6, 10][7, 27][20, 23][0, 28][3, 11] 
