[9, 23, 20, 4, 24, 14][16, 7, 28, 17, 22, 19][6, 13, 18, 12, 8][5, 15, 10, 29][21, 2, 29, 27][1, 3, 11][25, 0, 26][1, 9][11, 25][0, 18][17, 18][10, 16] 
[9, 23, 20, 4, 24, 14][16, 7, 28, 17, 22, 19][6, 13, 18, 12, 8][5, 21, 2, 29, 27][1, 3, 11][25, 0, 26][15, 10, 29][1, 9][11, 25][0, 18][17, 18][10, 16] 
[9, 23, 20, 4, 24, 14][16, 7, 28, 17, 22, 19][6, 13, 18, 12, 8][5, 21, 2, 29, 27][1, 3, 11][25, 0, 26][15, 10, 29][1, 9][11, 25][0, 18][17, 18][10, 16] 
[9, 23, 20, 4, 24, 14][16, 7, 28, 17, 22, 19][6, 13, 18, 12, 8][5, 21, 2, 29, 27][1, 3, 11][25, 0, 26][15, 10, 29][1, 9][11, 25][0, 18][17, 18][10, 16] 
[16, 7, 28, 17, 22, 19][9, 23, 20, 4, 24, 14][6, 13, 18, 12, 8][5, 21, 2, 29, 27][25, 0, 26][1, 3, 11][15, 10, 29][0, 18][17, 18][11, 25][1, 9][10, 16] 
[9, 23, 20, 4, 24, 14][16, 7, 28, 17, 22, 19][6, 13, 18, 12, 8][5, 21, 2, 29, 27][1, 3, 11][25, 0, 26][15, 10, 29][1, 9][11, 25][0, 18][17, 18][10, 16] 
[9, 23, 20, 4, 24, 14][16, 7, 28, 17, 22, 19][6, 13, 18, 12, 8][5, 21, 2, 29, 27][1, 3, 11][25, 0, 26][15, 10, 29][1, 9][11, 25][0, 18][17, 18][10, 16] 
[16, 7, 28, 17, 22, 19][9, 23, 20, 4, 24, 14][6, 13, 18, 12, 8][5, 21, 2, 29, 27][25, 0, 26][1, 3, 11][15, 10, 29][0, 18][17, 18][11, 25][1, 9][10, 16] 
[9, 23, 20, 4, 24, 14][16, 7, 28, 17, 22, 19][6, 13, 18, 12, 8][5, 21, 2, 29, 27][25, 0, 26][1, 3, 11][15, 10, 29][11, 25][0, 18][1, 9][17, 18][10, 16] 
[9, 23, 20, 4, 24, 14][16, 7, 28, 17, 22, 19][6, 13, 18, 12, 8][5, 21, 2, 29, 27][25, 0, 26][1, 3, 11][15, 10, 29][11, 25][0, 18][1, 9][17, 18][10, 16] 
[9, 23, 20, 4, 24, 14][16, 7, 28, 17, 22, 19][6, 13, 18, 12, 8][5, 15, 10, 29][21, 2, 29, 27][1, 3, 11][25, 0, 26][1, 9][11, 25][0, 18][17, 18][10, 16] 
[9, 23, 20, 4, 24, 14][16, 7, 28, 17, 22, 19][6, 13, 18, 12, 8][5, 21, 2, 29, 27][1, 3, 11][25, 0, 26][15, 10, 29][1, 9][11, 25][0, 18][17, 18][10, 16] 
[9, 23, 20, 4, 24, 14][16, 7, 28, 17, 22, 19][6, 13, 18, 12, 8][5, 21, 2, 29, 27][1, 3, 11][25, 0, 26][15, 10, 29][1, 9][11, 25][0, 18][17, 18][10, 16] 
[9, 23, 20, 4, 24, 14][16, 7, 28, 17, 22, 19][6, 13, 18, 12, 8][5, 21, 2, 29, 27][1, 3, 11][25, 0, 26][15, 10, 29][1, 9][11, 25][0, 18][17, 18][10, 16] 
[9, 23, 20, 4, 24, 14][16, 7, 28, 17, 22, 19][6, 13, 18, 12, 8][5, 21, 2, 29, 27][1, 3, 11][25, 0, 26][15, 10, 29][1, 9][11, 25][0, 18][17, 18][10, 16] 
[9, 23, 20, 4, 24, 14][16, 7, 28, 17, 22, 19][6, 13, 18, 12, 8][5, 21, 2, 29, 27][1, 3, 11][25, 0, 26][15, 10, 29][1, 9][11, 25][0, 18][17, 18][10, 16] 
[9, 23, 20, 4, 24, 14][16, 7, 28, 17, 22, 19][6, 13, 18, 12, 8][5, 15, 10, 29][21, 2, 29, 27][1, 3, 11][25, 0, 26][1, 9][11, 25][0, 18][17, 18][10, 16] 
[9, 23, 20, 4, 24, 14][16, 7, 28, 17, 22, 19][6, 13, 18, 12, 8][5, 21, 2, 29, 27][1, 3, 11][25, 0, 26][15, 10, 29][1, 9][11, 25][0, 18][17, 18][10, 16] 
[9, 23, 20, 4, 24, 14][16, 7, 28, 17, 22, 19][6, 13, 18, 12, 8][5, 21, 2, 29, 27][1, 3, 11][25, 0, 26][15, 10, 29][1, 9][11, 25][0, 18][17, 18][10, 16] 
[9, 23, 20, 4, 24, 14][16, 7, 28, 17, 22, 19][6, 13, 18, 12, 8][5, 15, 10, 29][21, 2, 29, 27][1, 3, 11][25, 0, 26][1, 9][11, 25][0, 18][17, 18][10, 16] 
[9, 23, 20, 4, 24, 14][16, 7, 28, 17, 22, 19][6, 13, 18, 12, 8][5, 15, 10, 29][21, 2, 29, 27][1, 3, 11][25, 0, 26][1, 9][11, 25][0, 18][17, 18][10, 16] 
[9, 23, 20, 4, 24, 14][16, 7, 28, 17, 22, 19][6, 13, 18, 12, 8][5, 21, 2, 29, 27][1, 3, 11][25, 0, 26][15, 10, 29][1, 9][11, 25][0, 18][17, 18][10, 16] 
[9, 23, 20, 4, 24, 14][16, 7, 28, 17, 22, 19][6, 13, 18, 12, 8][5, 21, 2, 29, 27][1, 3, 11][25, 0, 26][15, 10, 29][1, 9][11, 25][0, 18][17, 18][10, 16] 
[9, 23, 20, 4, 24, 14][16, 7, 28, 17, 22, 19][6, 13, 18, 12, 8][5, 21, 2, 29, 27][1, 3, 11][25, 0, 26][15, 10, 29][1, 9][11, 25][0, 18][17, 18][10, 16] 
[9, 23, 20, 4, 24, 14][16, 7, 28, 17, 22, 19][6, 13, 18, 12, 8][5, 21, 2, 29, 27][1, 3, 11][25, 0, 26][15, 10, 29][1, 9][11, 25][0, 18][17, 18][10, 16] 
[9, 23, 20, 4, 24, 14][16, 7, 28, 17, 22, 19][6, 13, 18, 12, 8][5, 21, 2, 29, 27][1, 3, 11][25, 0, 26][15, 10, 29][1, 9][11, 25][0, 18][17, 18][10, 16] 
[9, 23, 20, 4, 24, 14][16, 7, 28, 17, 22, 19][6, 13, 18, 12, 8][5, 15, 10, 29][21, 2, 29, 27][1, 3, 11][25, 0, 26][1, 9][11, 25][0, 18][17, 18][10, 16] 
[9, 23, 20, 4, 24, 14][16, 7, 28, 17, 22, 19][6, 13, 18, 12, 8][5, 21, 2, 29, 27][1, 3, 11][25, 0, 26][15, 10, 29][1, 9][11, 25][0, 18][17, 18][10, 16] 
[9, 23, 20, 4, 24, 14][16, 7, 28, 17, 22, 19][6, 13, 18, 12, 8][5, 21, 2, 29, 27][1, 3, 11][25, 0, 26][15, 10, 29][1, 9][11, 25][0, 18][17, 18][10, 16] 
[9, 23, 20, 4, 24, 14][16, 7, 28, 17, 22, 19][6, 13, 18, 12, 8][5, 15, 10, 29][21, 2, 29, 27][1, 3, 11][25, 0, 26][1, 9][11, 25][0, 18][17, 18][10, 16] 
[9, 23, 20, 4, 24, 14][16, 7, 28, 17, 22, 19][6, 13, 18, 12, 8][5, 15, 10, 29][21, 2, 29, 27][1, 3, 11][25, 0, 26][1, 9][11, 25][0, 18][17, 18][10, 16] 
[9, 23, 20, 4, 24, 14][16, 7, 28, 17, 22, 19][6, 13, 18, 12, 8][5, 21, 2, 29, 27][1, 3, 11][25, 0, 26][15, 10, 29][1, 9][11, 25][0, 18][17, 18][10, 16] 
[9, 23, 20, 4, 24, 14][16, 7, 28, 17, 22, 19][6, 13, 18, 12, 8][5, 21, 2, 29, 27][1, 3, 11][25, 0, 26][15, 10, 29][1, 9][11, 25][0, 18][17, 18][10, 16] 
[9, 23, 20, 4, 24, 14][16, 7, 28, 17, 22, 19][6, 13, 18, 12, 8][5, 15, 10, 29][21, 2, 29, 27][1, 3, 11][25, 0, 26][1, 9][11, 25][0, 18][17, 18][10, 16] 
[9, 23, 20, 4, 24, 14][16, 7, 28, 17, 22, 19][6, 13, 18, 12, 8][5, 15, 10, 29][21, 2, 29, 27][1, 3, 11][25, 0, 26][1, 9][11, 25][0, 18][17, 18][10, 16] 
[19, 18, 0, 17, 22, 25, 11, 3, 1, 9, 23, 20, 4, 24][8, 12, 18, 13, 6, 15, 27, 10, 29, 2, 16, 28][7, 16, 6, 5, 21][2, 29][0, 26][11, 25][3, 11][11, 25][3, 11][14, 24][3, 11][11, 25] 
[19, 18, 0, 17, 22, 25, 11, 3, 1, 9, 23, 20, 4, 24][8, 12, 18, 13, 6, 15, 27, 10, 29, 2, 16, 28][7, 16, 6, 5, 21][2, 29][0, 26][11, 25][3, 11][11, 25][3, 11][14, 24][3, 11][11, 25] 
[19, 18, 0, 17, 22, 25, 11, 3, 1, 9, 23, 20, 4, 24][8, 12, 18, 13, 6, 15, 27, 10, 29, 2, 16, 28][7, 16, 6, 5, 21][2, 29][0, 26][11, 25][3, 11][11, 25][3, 11][14, 24][3, 11][11, 25] 
[2, 15, 27, 29, 10, 21, 5, 6, 16, 7, 28, 17, 19, 12][24, 4, 20, 23, 9, 1, 3, 11, 25, 22, 0, 26][6, 13, 18, 12, 8][2, 29][0, 18][11, 25][3, 11][11, 25][3, 11][14, 24][3, 11][11, 25] 
[15, 27, 29, 10, 21, 5, 6, 16, 7, 28, 17, 19][24, 4, 20, 23, 9, 1, 3, 11, 25, 22, 0, 26][6, 13, 18, 12, 8][2, 29][0, 18][11, 25][3, 11][11, 25][3, 11][14, 24][3, 11][11, 25] 
[15, 27, 29, 10, 21, 5, 6, 16, 7, 28, 17, 19][0, 22, 25, 11, 3, 1, 9, 23, 20, 4, 24][6, 13, 18, 12, 8][18, 0, 26][2, 29][11, 25][3, 11][11, 25][3, 11][14, 24][3, 11][11, 25] 
[19, 18, 0, 17, 22, 25, 11, 3, 1, 9, 23, 20, 4, 24][8, 12, 18, 13, 6, 15, 27, 10, 29, 2, 16, 28][7, 16, 6, 5, 21][2, 29][0, 26][11, 25][3, 11][11, 25][3, 11][14, 24][3, 11][11, 25] 
[19, 18, 0, 17, 22, 25, 11, 3, 1, 9, 23, 20, 4, 24][8, 12, 18, 13, 6, 15, 27, 10, 29, 2, 16, 28][7, 16, 6, 5, 21][2, 29][0, 26][11, 25][3, 11][11, 25][3, 11][14, 24][3, 11][11, 25] 
[2, 15, 27, 29, 10, 21, 5, 6, 16, 7, 28, 17, 19, 12][24, 4, 20, 23, 9, 1, 3, 11, 25, 22, 0, 26][6, 13, 18, 12, 8][2, 29][0, 18][11, 25][3, 11][11, 25][3, 11][14, 24][3, 11][11, 25] 
[19, 18, 0, 17, 22, 25, 11, 3, 1, 9, 23, 20, 4, 24][8, 12, 18, 13, 6, 15, 27, 10, 29, 2, 16, 28][7, 16, 6, 5, 21][2, 29][0, 26][11, 25][3, 11][11, 25][3, 11][14, 24][3, 11][11, 25] 
[19, 18, 0, 17, 22, 25, 11, 3, 1, 9, 23, 20, 4, 24][8, 12, 18, 13, 6, 15, 27, 10, 29, 2, 16, 28][7, 16, 6, 5, 21, 2, 29, 15][2, 29][0, 26][11, 25][3, 11][11, 25][3, 11][14, 24][3, 11][11, 25] 
[19, 18, 0, 17, 22, 25, 11, 3, 1, 9, 23, 20, 4, 24][8, 12, 18, 13, 6, 15, 27, 10, 29, 2, 16, 28][7, 16, 6, 5, 21][2, 29][0, 26][11, 25][3, 11][11, 25][3, 11][14, 24][3, 11][11, 25] 
[15, 27, 29, 10, 21, 5, 6, 16, 7, 28, 17, 19][24, 4, 20, 23, 9, 1, 3, 11, 25, 22, 0, 26][6, 13, 18, 12, 8][2, 29][0, 18][11, 25][3, 11][11, 25][3, 11][14, 24][3, 11][11, 25] 
[19, 18, 0, 17, 22, 25, 11, 3, 1, 9, 23, 20, 4, 24][8, 12, 18, 13, 6, 15, 27, 10, 29, 2, 16, 28][7, 16, 6, 5, 21, 2, 29, 15][2, 29][0, 26][11, 25][3, 11][11, 25][3, 11][14, 24][3, 11][11, 25] 
[19, 18, 0, 17, 22, 25, 11, 3, 1, 9, 23, 20, 4, 24][8, 12, 18, 13, 6, 15, 27, 10, 29, 2, 16, 28][7, 16, 6, 5, 21][2, 29][0, 26][11, 25][3, 11][11, 25][3, 11][14, 24][3, 11][11, 25] 
[19, 18, 0, 17, 22, 25, 11, 3, 1, 9, 23, 20, 4, 24][8, 12, 18, 13, 6, 15, 27, 10, 29, 2, 16, 28][7, 16, 6, 5, 21][2, 29][0, 26][11, 25][3, 11][11, 25][3, 11][14, 24][3, 11][11, 25] 
[19, 18, 0, 17, 22, 25, 11, 3, 1, 9, 23, 20, 4, 24][8, 12, 18, 13, 6, 15, 27, 10, 29, 2, 16, 28][7, 16, 6, 5, 21][2, 29][0, 26][11, 25][3, 11][11, 25][3, 11][14, 24][3, 11][11, 25] 
[15, 27, 29, 10, 21, 5, 6, 16, 7, 28, 17, 22, 19][0, 22, 25, 11, 3, 1, 9, 23, 20, 4, 24][6, 13, 18, 12, 8][2, 29][0, 26][11, 25][3, 11][11, 25][3, 11][14, 24][3, 11][11, 25] 
[19, 18, 0, 17, 22, 25, 11, 3, 1, 9, 23, 20, 4, 24][8, 12, 18, 13, 6, 15, 27, 10, 29, 2, 16, 28][7, 16, 6, 5, 21][2, 29][0, 26][11, 25][3, 11][11, 25][3, 11][14, 24][3, 11][11, 25] 
[19, 18, 0, 17, 22, 25, 11, 3, 1, 9, 23, 20, 4, 24][8, 12, 18, 13, 6, 15, 27, 10, 29, 2, 16, 28][7, 16, 6, 5, 21][2, 29][0, 26][11, 25][3, 11][11, 25][3, 11][14, 24][3, 11][11, 25] 
[19, 18, 13, 0, 17, 22, 25, 11, 3, 1, 9, 23, 20, 4, 24][8, 12, 18, 13, 6, 15, 27, 10, 29, 2, 16, 28][7, 16, 6, 5, 21][2, 29][0, 26][11, 25][3, 11][11, 25][3, 11][14, 24][3, 11][11, 25] 
[16, 7, 28, 17, 22, 19][9, 23, 20, 4, 24, 14][6, 13, 18, 12, 8][5, 21, 2, 29, 27][25, 0, 26][1, 3, 11][15, 10, 29][0, 18][17, 18][11, 25][10, 16][1, 9] 
[16, 7, 28, 17, 22, 19][9, 23, 20, 4, 24, 14][6, 13, 18, 12, 8][5, 21, 2, 29, 27][1, 3, 11][25, 0, 26][15, 10, 29][11, 25][0, 18][17, 18][1, 9][10, 16] 
[9, 23, 20, 4, 24, 14][16, 7, 28, 17, 22, 19][6, 13, 18, 12, 8][5, 21, 2, 29, 27][1, 3, 11][25, 0, 26][15, 10, 29][1, 9][11, 25][0, 18][17, 18][10, 16] 
[16, 7, 28, 17, 22, 19][9, 23, 20, 4, 24, 14][6, 13, 18, 12, 8][5, 21, 2, 29, 27][25, 0, 26][1, 3, 11][15, 10, 29][0, 18][17, 18][11, 25][10, 16][1, 9] 
[9, 23, 20, 4, 24, 14][16, 7, 28, 17, 22, 19][6, 13, 18, 12, 8][5, 21, 2, 29, 27][1, 3, 11][25, 0, 26][15, 10, 29][1, 9][11, 25][0, 18][17, 18][10, 16] 
[9, 23, 20, 4, 24, 14][16, 7, 28, 17, 22, 19][6, 13, 18, 12, 8][5, 21, 2, 29, 27][25, 0, 26][1, 3, 11][15, 10, 29][11, 25][0, 18][1, 9][17, 18][10, 16] 
[9, 23, 20, 4, 24, 14][16, 7, 28, 17, 22, 19][6, 13, 18, 12, 8][5, 21, 2, 29, 27][25, 0, 26][1, 3, 11][15, 10, 29][11, 25][0, 18][1, 9][17, 18][10, 16] 
[9, 23, 20, 4, 24, 14][16, 7, 28, 17, 22, 19][6, 13, 18, 12, 8][5, 21, 2, 29, 27][1, 3, 11][25, 0, 26][15, 10, 29][1, 9][11, 25][0, 18][17, 18][10, 16] 
[9, 23, 20, 4, 24, 14][16, 7, 28, 17, 22, 19][6, 13, 18, 12, 8][5, 21, 2, 29, 27][1, 3, 11][25, 0, 26][15, 10, 29][1, 9][11, 25][0, 18][17, 18][10, 16] 
[9, 23, 20, 4, 24, 14][16, 7, 28, 17, 22, 19][6, 13, 18, 12, 8][5, 21, 2, 29, 27][1, 3, 11][25, 0, 26][15, 10, 29][1, 9][11, 25][0, 18][17, 18][10, 16] 
[9, 23, 20, 4, 24, 14][16, 7, 28, 17, 22, 19][6, 13, 18, 12, 8][5, 21, 2, 29, 27][1, 3, 11][25, 0, 26][15, 10, 29][1, 9][11, 25][0, 18][17, 18][10, 16] 
[9, 23, 20, 4, 24, 14][16, 7, 28, 17, 22, 19][6, 13, 18, 12, 8][5, 21, 2, 29, 27][1, 3, 11][25, 0, 26][15, 10, 29][1, 9][11, 25][0, 18][17, 18][10, 16] 
[9, 23, 20, 4, 24, 14][16, 7, 28, 17, 22, 19][6, 13, 18, 12, 8][5, 21, 2, 29, 27][25, 0, 26][1, 3, 11][15, 10, 29][11, 25][0, 18][1, 9][17, 18][10, 16] 
[9, 23, 20, 4, 24, 14][16, 7, 28, 17, 22, 19][6, 13, 18, 12, 8][5, 21, 2, 29, 27][1, 3, 11][25, 0, 26][15, 10, 29][1, 9][11, 25][0, 18][17, 18][10, 16] 
[16, 7, 28, 17, 22, 19][9, 23, 20, 4, 24, 14][6, 13, 18, 12, 8][5, 21, 2, 29, 27][1, 3, 11][25, 0, 26][15, 10, 29][11, 25][0, 18][17, 18][1, 9][10, 16] 
[9, 23, 20, 4, 24, 14][16, 7, 28, 17, 22, 19][6, 13, 18, 12, 8][5, 15, 10, 29][21, 2, 29, 27][1, 3, 11][25, 0, 26][1, 9][11, 25][0, 18][17, 18][10, 16] 
[9, 23, 20, 4, 24, 14][16, 7, 28, 17, 22, 19][6, 13, 18, 12, 8][5, 15, 10, 29][21, 2, 29, 27][1, 3, 11][25, 0, 26][1, 9][11, 25][0, 18][17, 18][10, 16] 
[9, 23, 20, 4, 24, 14][16, 7, 28, 17, 22, 19][6, 13, 18, 12, 8][5, 15, 10, 29][21, 2, 29, 27][1, 3, 11][25, 0, 26][1, 9][11, 25][0, 18][17, 18][10, 16] 
[9, 23, 20, 4, 24, 14][16, 7, 28, 17, 22, 19][6, 13, 18, 12, 8][5, 15, 10, 29][21, 2, 29, 27][1, 3, 11][25, 0, 26][1, 9][11, 25][0, 18][17, 18][10, 16] 
[9, 23, 20, 4, 24, 14][16, 7, 28, 17, 22, 19][6, 13, 18, 12, 8][5, 15, 10, 29][21, 2, 29, 27][1, 3, 11][25, 0, 26][1, 9][11, 25][0, 18][17, 18][10, 16] 
[9, 23, 20, 4, 24, 14][16, 7, 28, 17, 22, 19][6, 13, 18, 12, 8][5, 15, 10, 29][21, 2, 29, 27][1, 3, 11][25, 0, 26][1, 9][11, 25][0, 18][17, 18][10, 16] 
[9, 23, 20, 4, 24, 14][16, 7, 28, 17, 22, 19][6, 13, 18, 12, 8][5, 21, 2, 29, 27][1, 3, 11][25, 0, 26][15, 10, 29][11, 25][0, 18][1, 9][17, 18][10, 16] 
[9, 23, 20, 4, 24, 14][16, 7, 28, 17, 22, 19][6, 13, 18, 12, 8][5, 21, 2, 29, 27][1, 3, 11][25, 0, 26][15, 10, 29][1, 9][11, 25][0, 18][17, 18][10, 16] 
[9, 23, 20, 4, 24, 14][16, 7, 28, 17, 22, 19][6, 13, 18, 12, 8][5, 21, 2, 29, 27][1, 3, 11][25, 0, 26][15, 10, 29][1, 9][11, 25][0, 18][17, 18][10, 16] 
[9, 23, 20, 4, 24, 14][16, 7, 28, 17, 22, 19][6, 13, 18, 12, 8][5, 21, 2, 29, 27][25, 0, 26][1, 3, 11][15, 10, 29][11, 25][0, 18][1, 9][17, 18][10, 16] 
[16, 7, 28, 17, 22, 19][9, 23, 20, 4, 24, 14][6, 13, 18, 12, 8][5, 21, 2, 29, 27][1, 3, 11][25, 0, 26][15, 10, 29][11, 25][0, 18][17, 18][1, 9][10, 16] 
[9, 23, 20, 4, 24, 14][16, 7, 28, 17, 22, 19][6, 13, 18, 12, 8][5, 21, 2, 29, 27][1, 3, 11][25, 0, 26][15, 10, 29][1, 9][11, 25][0, 18][17, 18][10, 16] 
[16, 7, 28, 17, 22, 19][9, 23, 20, 4, 24, 14][6, 13, 18, 12, 8][5, 21, 2, 29, 27][25, 0, 26][1, 3, 11][15, 10, 29][0, 18][17, 18][11, 25][10, 16][1, 9] 
[9, 23, 20, 4, 24, 14][16, 7, 28, 17, 22, 19][6, 13, 18, 12, 8][5, 15, 10, 29][21, 2, 29, 27][1, 3, 11][25, 0, 26][1, 9][11, 25][0, 18][17, 18][10, 16] 
[9, 23, 20, 4, 24, 14][16, 7, 28, 17, 22, 19][6, 13, 18, 12, 8][5, 15, 10, 29][21, 2, 29, 27][1, 3, 11][25, 0, 26][1, 9][11, 25][0, 18][17, 18][10, 16] 
[9, 23, 20, 4, 24, 14][16, 7, 28, 17, 22, 19][6, 13, 18, 12, 8][5, 15, 10, 29][21, 2, 29, 27][1, 3, 11][25, 0, 26][1, 9][11, 25][0, 18][17, 18][10, 16] 
[9, 23, 20, 4, 24, 14][16, 7, 28, 17, 22, 19][6, 13, 18, 12, 8][5, 15, 10, 29][21, 2, 29, 27][1, 3, 11][25, 0, 26][1, 9][11, 25][0, 18][17, 18][10, 16] 
[9, 23, 20, 4, 24, 14][16, 7, 28, 17, 22, 19][6, 13, 18, 12, 8][5, 15, 10, 29][21, 2, 29, 27][1, 3, 11][25, 0, 26][1, 9][11, 25][0, 18][17, 18][10, 16] 
[9, 23, 20, 4, 24, 14][16, 7, 28, 17, 22, 19][6, 13, 18, 12, 8][5, 15, 10, 29][21, 2, 29, 27][1, 3, 11][25, 0, 26][1, 9][11, 25][0, 18][17, 18][10, 16] 
[9, 23, 20, 4, 24, 14][16, 7, 28, 17, 22, 19][6, 13, 18, 12, 8][5, 15, 10, 29][21, 2, 29, 27][1, 3, 11][25, 0, 26][1, 9][11, 25][0, 18][17, 18][10, 16] 
[9, 23, 20, 4, 24, 14][16, 7, 28, 17, 22, 19][6, 13, 18, 12, 8][5, 15, 10, 29][21, 2, 29, 27][1, 3, 11][25, 0, 26][1, 9][11, 25][0, 18][17, 18][10, 16] 
[9, 23, 20, 4, 24, 14][16, 7, 28, 17, 22, 19][6, 13, 18, 12, 8][5, 15, 10, 29][21, 2, 29, 27][1, 3, 11][25, 0, 26][1, 9][11, 25][0, 18][17, 18][10, 16] 
[9, 23, 20, 4, 24, 14][16, 7, 28, 17, 22, 19][6, 13, 18, 12, 8][5, 15, 10, 29][21, 2, 29, 27][1, 3, 11][25, 0, 26][1, 9][11, 25][0, 18][17, 18][10, 16] 
[9, 23, 20, 4, 24, 14][16, 7, 28, 17, 22, 19][6, 13, 18, 12, 8][5, 15, 10, 29][21, 2, 29, 27][1, 3, 11][25, 0, 26][1, 9][11, 25][0, 18][17, 18][10, 16] 
[9, 23, 20, 4, 24, 14][16, 7, 28, 17, 22, 19][6, 13, 18, 12, 8][5, 15, 10, 29][21, 2, 29, 27][1, 3, 11][25, 0, 26][1, 9][11, 25][0, 18][17, 18][10, 16] 
[9, 23, 20, 4, 24, 14][16, 7, 28, 17, 22, 19][6, 13, 18, 12, 8][5, 15, 10, 29][21, 2, 29, 27][1, 3, 11][25, 0, 26][1, 9][11, 25][0, 18][17, 18][10, 16] 
[9, 23, 20, 4, 24, 14][16, 7, 28, 17, 22, 19][6, 13, 18, 12, 8][5, 15, 10, 29][21, 2, 29, 27][1, 3, 11][25, 0, 26][1, 9][11, 25][0, 18][17, 18][10, 16] 
[9, 23, 20, 4, 24, 14][16, 7, 28, 17, 22, 19][6, 13, 18, 12, 8][5, 15, 10, 29][21, 2, 29, 27][1, 3, 11][25, 0, 26][1, 9][11, 25][0, 18][17, 18][10, 16] 
[9, 23, 20, 4, 24, 14][16, 7, 28, 17, 22, 19][6, 13, 18, 12, 8][1, 3, 11, 25][5, 15, 10, 29][21, 2, 29, 27][25, 0, 26][1, 9][3, 11][0, 18][17, 18][10, 16] 
[9, 23, 20, 4, 24, 14][16, 7, 28, 17, 22, 19][6, 13, 18, 12, 8][1, 3, 11, 25][5, 15, 10, 29][21, 2, 29, 27][25, 0, 26][1, 9][3, 11][0, 18][17, 18][10, 16] 
[9, 23, 20, 4, 24, 14][16, 7, 28, 17, 22, 19][6, 13, 18, 12, 8][1, 3, 11, 25][5, 15, 10, 29][21, 2, 29, 27][25, 0, 26][1, 9][3, 11][0, 18][17, 18][10, 16] 
[9, 23, 20, 4, 24, 14][16, 7, 28, 17, 22, 19][6, 13, 18, 12, 8][1, 3, 11, 25][5, 15, 10, 29][21, 2, 29, 27][25, 0, 26][1, 9][3, 11][0, 18][17, 18][10, 16] 
[9, 23, 20, 4, 24, 14][16, 7, 28, 17, 22, 19][6, 13, 18, 12, 8][1, 3, 11, 25][5, 15, 10, 29][21, 2, 29, 27][25, 0, 26][1, 9][3, 11][0, 18][17, 18][10, 16] 
[3, 1, 9, 23, 20, 4, 24, 14][6, 13, 18, 12, 8, 26][16, 7, 28, 17, 22, 19][21, 15, 2, 29, 27][5, 15, 10][17, 18][10, 16][2, 29][0, 18][0, 25][11, 25][3, 11] 
[16, 7, 28, 17, 22, 19][9, 23, 20, 4, 24, 14][6, 13, 18, 12, 8][5, 21, 2, 29, 27][25, 0, 26][1, 3, 11][15, 10, 29][0, 18][17, 18][11, 25][10, 16][1, 9] 
[9, 23, 20, 4, 24, 14][16, 7, 28, 17, 22, 19][6, 13, 18, 12, 8][5, 21, 2, 29, 27][1, 3, 11][25, 0, 26][15, 10, 29][11, 25][0, 18][1, 9][17, 18][10, 16] 
[16, 7, 28, 17, 22, 19][9, 23, 20, 4, 24, 14][6, 13, 18, 12, 8][5, 21, 2, 29, 27][1, 3, 11][25, 0, 26][15, 10, 29][11, 25][0, 18][17, 18][1, 9][10, 16] 
[9, 23, 20, 4, 24, 14][16, 7, 28, 17, 22, 19][6, 13, 18, 12, 8][5, 21, 2, 29, 27][1, 3, 11][25, 0, 26][15, 10, 29][1, 9][11, 25][0, 18][17, 18][10, 16] 
[16, 7, 28, 17, 22, 19][9, 23, 20, 4, 24, 14][6, 13, 18, 12, 8][5, 21, 2, 29, 27][25, 0, 26][1, 3, 11][15, 10, 29][0, 18][17, 18][11, 25][10, 16][1, 9] 
[9, 23, 20, 4, 24, 14][16, 7, 28, 17, 22, 19][6, 13, 18, 12, 8][5, 15, 10, 29][21, 2, 29, 27][1, 3, 11][25, 0, 26][1, 9][11, 25][0, 18][17, 18][10, 16] 
[9, 23, 20, 4, 24, 14][16, 7, 28, 17, 22, 19][6, 13, 18, 12, 8][5, 21, 2, 29, 27][1, 3, 11][25, 0, 26][15, 10, 29][11, 25][0, 18][1, 9][17, 18][10, 16] 
