[9, 23, 14, 1, 3, 24, 4, 20][12, 17, 18, 0, 26][2, 27, 15, 10, 29][13, 6, 5, 21][11, 25, 7, 16][8, 19, 22][0, 13][18, 22][22, 25][4, 7][10, 16][25, 28] 
[9, 23, 14, 1, 3, 24, 4, 20][12, 17, 18, 0, 26][2, 27, 15, 10, 29][13, 6, 5, 21][11, 25, 7, 16][8, 19, 22][0, 13][18, 22][22, 25][4, 7][10, 16][25, 28] 
[9, 23, 14, 1, 3, 24, 4, 20][12, 17, 18, 0, 26][2, 27, 15, 10, 29][13, 6, 5, 21][11, 25, 7, 16][8, 19, 22][0, 13][18, 22][22, 25][4, 7][10, 16][25, 28] 
[9, 23, 14, 1, 3, 24, 4, 20][12, 17, 18, 0, 26][2, 27, 15, 10, 29][13, 6, 5, 21][11, 25, 7, 16][8, 19, 22][0, 13][18, 22][22, 25][4, 7][10, 16][25, 28] 
[4, 24, 1, 3, 9, 14, 20, 23][12, 17, 18, 0, 26][2, 27, 15, 10, 29][13, 6, 5, 21][8, 19, 22][16, 7, 25][11, 25, 28][0, 13][18, 22][22, 25][4, 7][10, 16] 
[4, 24, 1, 3, 9, 14, 20, 23][2, 27, 15, 10, 29][12, 17, 18, 0, 26][13, 6, 5, 21][8, 19, 22][11, 25, 28][16, 7, 25][22, 25][4, 7][10, 16][18, 22][0, 13] 
[4, 24, 1, 3, 9, 14, 20, 23][2, 27, 15, 10, 29][12, 17, 18, 0, 26][13, 6, 5, 21][8, 19, 22][16, 7, 25][11, 25, 28][22, 25][10, 16][18, 22][4, 7][0, 13] 
[4, 24, 1, 3, 9, 14, 20, 23][12, 17, 18, 0, 26][2, 27, 15, 10, 29][13, 6, 5, 21][8, 19, 22][11, 25, 28][16, 7, 25][0, 13][18, 22][22, 25][10, 16][4, 7] 
[4, 24, 1, 3, 9, 14, 20, 23][12, 17, 18, 0, 26][2, 27, 15, 10, 29][13, 6, 5, 21][8, 19, 22][11, 25, 28][16, 7, 25][0, 13][18, 22][22, 25][10, 16][4, 7] 
[4, 24, 1, 3, 9, 14, 20, 23][12, 17, 18, 0, 26][2, 27, 15, 10, 29][13, 6, 5, 21][8, 19, 22][16, 7, 25][11, 25, 28][0, 13][18, 22][22, 25][4, 7][10, 16] 
[9, 23, 14, 1, 3, 24, 4, 20][12, 17, 18, 0, 26][2, 27, 15, 10, 29][13, 6, 5, 21][11, 25, 7, 16][8, 19, 22][0, 13][18, 22][22, 25][4, 7][10, 16][25, 28] 
[9, 23, 14, 1, 3, 24, 4, 20][12, 17, 18, 0, 26][2, 27, 15, 10, 29][13, 6, 5, 21][11, 25, 7, 16][8, 19, 22][0, 13][18, 22][22, 25][4, 7][10, 16][25, 28] 
[9, 23, 14, 1, 3, 24, 4, 20][12, 17, 18, 0, 26][2, 27, 15, 10, 29][13, 6, 5, 21][11, 25, 7, 16][8, 19, 22][0, 13][18, 22][22, 25][4, 7][10, 16][25, 28] 
[4, 24, 1, 3, 9, 14, 20, 23][2, 27, 15, 10, 29][12, 17, 18, 0, 26][13, 6, 5, 21][8, 19, 22][16, 7, 25][11, 25, 28][22, 25][10, 16][18, 22][4, 7][0, 13] 
[4, 24, 1, 3, 9, 14, 20, 23][2, 27, 15, 10, 29][12, 17, 18, 0, 26][13, 6, 5, 21][8, 19, 22][16, 7, 25][11, 25, 28][22, 25][10, 16][18, 22][4, 7][0, 13] 
[4, 24, 1, 3, 9, 14, 20, 23][12, 17, 18, 0, 26][2, 27, 15, 10, 29][13, 6, 5, 21][8, 19, 22][11, 25, 28][16, 7, 25][0, 13][18, 22][22, 25][10, 16][4, 7] 
[9, 23, 14, 1, 3, 24, 4, 20][12, 17, 18, 0, 26][2, 27, 15, 10, 29][13, 6, 5, 21][11, 25, 7, 16][8, 19, 22][0, 13][18, 22][22, 25][4, 7][10, 16][25, 28] 
[9, 23, 14, 1, 3, 24, 4, 20][12, 17, 18, 0, 26][2, 27, 15, 10, 29][13, 6, 5, 21][11, 25, 7, 16][8, 19, 22][0, 13][18, 22][22, 25][4, 7][10, 16][25, 28] 
[4, 24, 1, 3, 9, 14, 20, 23][12, 17, 18, 0, 26][2, 27, 15, 10, 29][13, 6, 5, 21][8, 19, 22][16, 7, 25][11, 25, 28][0, 13][18, 22][22, 25][4, 7][10, 16] 
[9, 23, 14, 1, 3, 24, 4, 20][12, 17, 18, 0, 26][2, 27, 15, 10, 29][13, 6, 5, 21][11, 25, 7, 16][8, 19, 22][0, 13][18, 22][22, 25][4, 7][10, 16][25, 28] 
[9, 23, 14, 1, 3, 24, 4, 20][12, 17, 18, 0, 26][2, 27, 15, 10, 29][13, 6, 5, 21][11, 25, 7, 16][8, 19, 22][0, 13][18, 22][22, 25][4, 7][10, 16][25, 28] 
[9, 23, 14, 1, 3, 24, 4, 20][12, 17, 18, 0, 26][2, 27, 15, 10, 29][13, 6, 5, 21][11, 25, 7, 16][8, 19, 22][0, 13][18, 22][22, 25][4, 7][10, 16][25, 28] 
[9, 23, 14, 1, 3, 24, 4, 20][12, 17, 18, 0, 26][2, 27, 15, 10, 29][13, 6, 5, 21][11, 25, 7, 16][8, 19, 22][0, 13][18, 22][22, 25][4, 7][10, 16][25, 28] 
[4, 24, 1, 3, 9, 14, 20, 23][12, 17, 18, 0, 26][2, 27, 15, 10, 29][13, 6, 5, 21][8, 19, 22][16, 7, 25][11, 25, 28][0, 13][18, 22][22, 25][4, 7][10, 16] 
[4, 24, 1, 3, 9, 14, 20, 23][2, 27, 15, 10, 29][12, 17, 18, 0, 26][13, 6, 5, 21][8, 19, 22][16, 7, 25][11, 25, 28][22, 25][10, 16][18, 22][4, 7][0, 13] 
[4, 24, 1, 3, 9, 14, 20, 23][2, 27, 15, 10, 29][12, 17, 18, 0, 26][13, 6, 5, 21][8, 19, 22][16, 7, 25][11, 25, 28][22, 25][10, 16][18, 22][4, 7][0, 13] 
[9, 23, 14, 1, 3, 24, 4, 20][12, 17, 18, 0, 26][2, 27, 15, 10, 29][13, 6, 5, 21][11, 25, 7, 16][8, 19, 22][0, 13][18, 22][22, 25][4, 7][10, 16][25, 28] 
[9, 23, 14, 1, 3, 24, 4, 20][12, 17, 18, 0, 26][2, 27, 15, 10, 29][13, 6, 5, 21][11, 25, 7, 16][8, 19, 22][0, 13][18, 22][22, 25][4, 7][10, 16][25, 28] 
[4, 24, 1, 3, 9, 14, 20, 23][12, 17, 18, 0, 26][2, 27, 15, 10, 29][13, 6, 5, 21][8, 19, 22][16, 7, 25][11, 25, 28][0, 13][18, 22][22, 25][4, 7][10, 16] 
[9, 23, 14, 1, 3, 24, 4, 20][12, 17, 18, 0, 26][2, 27, 15, 10, 29][13, 6, 5, 21][11, 25, 7, 16][8, 19, 22][0, 13][18, 22][22, 25][4, 7][10, 16][25, 28] 
[9, 23, 14, 1, 3, 24, 4, 20][12, 17, 18, 0, 26][2, 27, 15, 10, 29][13, 6, 5, 21][11, 25, 7, 16][8, 19, 22][0, 13][18, 22][22, 25][4, 7][10, 16][25, 28] 
[9, 23, 14, 1, 3, 24, 4, 20][12, 17, 18, 0, 26][2, 27, 15, 10, 29][13, 6, 5, 21][11, 25, 7, 16][8, 19, 22][0, 13][18, 22][22, 25][4, 7][10, 16][25, 28] 
[4, 24, 1, 3, 9, 14, 20, 23][12, 17, 18, 0, 26][2, 27, 15, 10, 29][13, 6, 5, 21][8, 19, 22][16, 7, 25][11, 25, 28][0, 13][18, 22][22, 25][4, 7][10, 16] 
[9, 23, 14, 1, 3, 24, 4, 20][12, 17, 18, 0, 26][2, 27, 15, 10, 29][13, 6, 5, 21][11, 25, 7, 16][8, 19, 22][0, 13][18, 22][22, 25][4, 7][10, 16][25, 28] 
[9, 23, 14, 1, 3, 24, 4, 20][12, 17, 18, 0, 26][2, 27, 15, 10, 29][13, 6, 5, 21][11, 25, 7, 16][8, 19, 22][0, 13][18, 22][22, 25][4, 7][10, 16][25, 28] 
[7, 16, 28, 25, 22, 17, 19, 0, 13, 18, 12, 8, 26][1, 9, 23, 20, 4, 14, 11, 3, 24, 7][10, 27, 15, 2, 21, 5, 6, 16][3, 24][10, 29][5, 6][20, 23][20, 23][5, 6][20, 23][13, 18][0, 19] 
[7, 16, 28, 25, 22, 17, 19, 0, 13, 18, 12, 8, 26][1, 9, 23, 20, 4, 14, 11, 3, 24, 7][10, 27, 15, 2, 21, 5, 6, 16][3, 24][10, 29][5, 6][20, 23][20, 23][5, 6][20, 23][13, 18][0, 19] 
[7, 16, 28, 25, 22, 17, 19, 0, 13, 18, 12, 8, 26][1, 9, 23, 20, 4, 14, 11, 3, 24, 7][10, 27, 15, 2, 21, 5, 6, 16][3, 24][10, 29][5, 6][20, 23][20, 23][5, 6][20, 23][13, 18][0, 19] 
[16, 28, 25, 22, 17, 19, 0, 13, 18, 12, 8, 26][1, 9, 23, 20, 4, 14, 11, 3, 24, 7, 10][10, 29, 27, 2, 15, 5, 6, 21][3, 24][6, 16][5, 6][20, 23][20, 23][5, 6][20, 23][13, 18][0, 19] 
[16, 28, 25, 22, 17, 19, 0, 13, 18, 12, 8, 26][1, 9, 23, 20, 4, 14, 11, 3, 24, 7, 10][10, 29, 27, 2, 15, 5, 6, 21][3, 24][6, 16][5, 6][20, 23][20, 23][5, 6][20, 23][13, 18][0, 19] 
[16, 28, 25, 22, 17, 19, 0, 13, 18, 12, 8, 26][1, 9, 23, 20, 4, 14, 11, 3, 24, 7, 10][10, 29, 27, 2, 15, 5, 6, 21][3, 24][6, 16][5, 6][20, 23][20, 23][5, 6][20, 23][13, 18][0, 19] 
[7, 16, 28, 25, 22, 17, 19, 0, 13, 18, 12, 8, 26][1, 9, 23, 20, 4, 14, 11, 3, 24, 7][10, 27, 15, 2, 21, 5, 6, 16][3, 24][10, 29][5, 6][20, 23][20, 23][5, 6][20, 23][13, 18][0, 19] 
[7, 16, 28, 25, 22, 17, 19, 0, 13, 18, 12, 8, 26][1, 9, 23, 20, 4, 14, 11, 3, 24, 7][10, 27, 15, 2, 21, 5, 6, 16][3, 24][10, 29][5, 6][20, 23][20, 23][5, 6][20, 23][13, 18][0, 19] 
[16, 28, 25, 22, 17, 19, 0, 13, 18, 12, 8, 26][1, 9, 23, 20, 4, 14, 11, 3, 24, 7, 10][10, 29, 27, 2, 15, 5, 6, 21][3, 24][6, 16][5, 6][20, 23][20, 23][5, 6][20, 23][13, 18][0, 19] 
[7, 16, 28, 25, 22, 17, 19, 0, 13, 18, 12, 8, 26][1, 9, 23, 20, 4, 14, 11, 3, 24, 7][10, 27, 15, 2, 21, 5, 6, 16][3, 24][10, 29][5, 6][20, 23][20, 23][5, 6][20, 23][13, 18][0, 19] 
[7, 16, 28, 25, 22, 17, 19, 0, 13, 18, 12, 8, 26][1, 9, 23, 20, 4, 14, 11, 3, 24, 7][10, 27, 15, 2, 21, 5, 6, 16][3, 24][10, 29][5, 6][20, 23][20, 23][5, 6][20, 23][13, 18][0, 19] 
[7, 16, 28, 25, 22, 17, 19, 0, 13, 18, 12, 8, 26][1, 9, 23, 20, 4, 14, 11, 3, 24, 7][10, 27, 15, 2, 21, 5, 6, 16][3, 24][10, 29][5, 6][20, 23][20, 23][5, 6][20, 23][13, 18][0, 19] 
[16, 28, 25, 22, 17, 19, 0, 13, 18, 12, 8, 26][1, 9, 23, 20, 4, 14, 11, 3, 24, 7, 10][10, 29, 27, 2, 15, 5, 6, 21][3, 24][6, 16][5, 6][20, 23][20, 23][5, 6][20, 23][13, 18][0, 19] 
[7, 16, 28, 25, 22, 17, 19, 0, 13, 18, 12, 8, 26][1, 9, 23, 20, 4, 14, 11, 3, 24, 7][10, 27, 15, 2, 21, 5, 6, 16][3, 24][10, 29][5, 6][20, 23][20, 23][5, 6][20, 23][13, 18][0, 19] 
[7, 16, 28, 25, 22, 17, 19, 0, 13, 18, 12, 8, 26][1, 9, 23, 20, 4, 14, 11, 3, 24, 7][10, 27, 15, 2, 21, 5, 6, 16][3, 24][10, 29][5, 6][20, 23][20, 23][5, 6][20, 23][13, 18][0, 19] 
[7, 16, 28, 25, 22, 17, 19, 0, 13, 18, 12, 8, 26][1, 9, 23, 20, 4, 14, 11, 3, 24, 7, 10][10, 29, 27, 2, 15, 5, 6, 21][6, 5, 15][20, 23][20, 23][0, 19][3, 24][0, 19][5, 6][5, 6][16, 28] 
[7, 16, 28, 25, 22, 17, 19, 0, 13, 18, 12, 8, 26][1, 9, 23, 20, 4, 14, 11, 3, 24, 7, 10][10, 29, 27, 2, 15, 5, 6, 21][20, 23][5, 6][20, 23][0, 19][3, 24][0, 19][5, 6][5, 6][16, 28] 
[16, 28, 25, 22, 17, 19, 0, 13, 18, 12, 8, 26][1, 9, 23, 20, 4, 14, 11, 3, 24, 7][7, 16, 6, 5, 21, 2, 15, 27, 10][3, 24][10, 29][5, 6][20, 23][20, 23][5, 6][20, 23][13, 18][0, 19] 
[7, 16, 28, 25, 22, 17, 19, 0, 13, 18, 12, 8, 26][1, 9, 23, 20, 4, 14, 11, 3, 24, 7, 10][10, 29, 27, 2, 15, 5, 6, 21][6, 5, 15][20, 23][20, 23][0, 19][3, 24][0, 19][5, 6][5, 6][16, 28] 
[7, 16, 28, 25, 22, 17, 19, 0, 13, 18, 12, 8, 26][1, 9, 23, 20, 4, 14, 11, 3, 24, 7, 10][10, 29, 27, 2, 15, 5, 6, 21][20, 23][5, 6][20, 23][0, 19][3, 24][0, 19][5, 6][5, 6][16, 28] 
[7, 16, 28, 25, 22, 17, 19, 0, 13, 18, 12, 8, 26][1, 9, 23, 20, 4, 14, 11, 3, 24, 7, 10][10, 29, 27, 2, 15, 5, 6, 21][20, 23][5, 6][20, 23][0, 19][3, 24][0, 19][5, 6][5, 6][16, 28] 
[9, 23, 14, 1, 3, 24, 4, 20][2, 27, 15, 10, 29][12, 17, 18, 0, 26][13, 6, 5, 21][16, 7, 25][11, 25, 28][8, 19, 22][10, 16][4, 7][22, 25][18, 22][0, 13] 
[9, 23, 14, 1, 3, 24, 4, 20][2, 27, 15, 10, 29][12, 17, 18, 0, 26][13, 6, 5, 21][16, 7, 25][11, 25, 28][8, 19, 22][10, 16][4, 7][22, 25][18, 22][0, 13] 
[9, 23, 14, 1, 3, 24, 4, 20][12, 17, 18, 0, 26][2, 27, 15, 10, 29][13, 6, 5, 21][16, 7, 25][11, 25, 28][8, 19, 22][22, 25][18, 22][4, 7][0, 13][10, 16] 
[9, 23, 14, 1, 3, 24, 4, 20][12, 17, 18, 0, 26][2, 27, 15, 10, 29][13, 6, 5, 21][8, 19, 22][11, 25, 28][16, 7, 25][22, 25][10, 16][18, 22][0, 13][4, 7] 
[9, 23, 14, 1, 3, 24, 4, 20][2, 27, 15, 10, 29][12, 17, 18, 0, 26][13, 6, 5, 21][16, 7, 25][11, 25, 28][8, 19, 22][10, 16][4, 7][22, 25][18, 22][0, 13] 
[9, 23, 14, 1, 3, 24, 4, 20][12, 17, 18, 0, 26][2, 27, 15, 10, 29][13, 6, 5, 21][8, 19, 22][11, 25, 28][16, 7, 25][22, 25][10, 16][18, 22][0, 13][4, 7] 
[9, 23, 14, 1, 3, 24, 4, 20][2, 27, 15, 10, 29][12, 17, 18, 0, 26][13, 6, 5, 21][16, 7, 25][11, 25, 28][8, 19, 22][10, 16][4, 7][22, 25][18, 22][0, 13] 
[9, 23, 14, 1, 3, 24, 4, 20][12, 17, 18, 0, 26][2, 27, 15, 10, 29][13, 6, 5, 21][8, 19, 22][16, 7, 25][11, 25, 28][18, 22][22, 25][10, 16][0, 13][4, 7] 
[9, 23, 14, 1, 3, 24, 4, 20][12, 17, 18, 0, 26][2, 27, 15, 10, 29][13, 6, 5, 21][8, 19, 22][11, 25, 28][16, 7, 25][22, 25][10, 16][18, 22][0, 13][4, 7] 
[9, 23, 14, 1, 3, 24, 4, 20][12, 17, 18, 0, 26][2, 27, 15, 10, 29][13, 6, 5, 21][8, 19, 22][11, 25, 28][16, 7, 25][22, 25][10, 16][18, 22][0, 13][4, 7] 
[9, 23, 14, 1, 3, 24, 4, 20][12, 17, 18, 0, 26][2, 27, 15, 10, 29][13, 6, 5, 21][8, 19, 22][11, 25, 28][16, 7, 25][22, 25][10, 16][18, 22][0, 13][4, 7] 
[9, 23, 14, 1, 3, 24, 4, 20][12, 17, 18, 0, 26][2, 27, 15, 10, 29][13, 6, 5, 21][8, 19, 22][11, 25, 28][16, 7, 25][22, 25][10, 16][18, 22][0, 13][4, 7] 
[9, 23, 14, 1, 3, 24, 4, 20][12, 17, 18, 0, 26][2, 27, 15, 10, 29][13, 6, 5, 21][16, 7, 25][11, 25, 28][8, 19, 22][4, 7][22, 25][18, 22][0, 13][10, 16] 
[9, 23, 14, 1, 3, 24, 4, 20][12, 17, 18, 0, 26][2, 27, 15, 10, 29][13, 6, 5, 21][8, 19, 22][11, 25, 28][16, 7, 25][22, 25][10, 16][18, 22][0, 13][4, 7] 
[9, 23, 14, 1, 3, 24, 4, 20][12, 17, 18, 0, 26][2, 27, 15, 10, 29][13, 6, 5, 21][8, 19, 22][11, 25, 28][16, 7, 25][22, 25][10, 16][18, 22][0, 13][4, 7] 
[9, 23, 14, 1, 3, 24, 4, 20][12, 17, 18, 0, 26][2, 27, 15, 10, 29][13, 6, 5, 21][11, 25, 7, 16][8, 19, 22][0, 13][18, 22][22, 25][4, 7][10, 16][25, 28] 
[9, 23, 14, 1, 3, 24, 4, 20][2, 27, 15, 10, 29][12, 17, 18, 0, 26][11, 25, 7, 16][13, 6, 5, 21][8, 19, 22][10, 16][25, 28][4, 7][22, 25][18, 22][0, 13] 
[9, 23, 14, 1, 3, 24, 4, 20][12, 17, 18, 0, 26][2, 27, 15, 10, 29][13, 6, 5, 21][11, 25, 7, 16][8, 19, 22][0, 13][18, 22][22, 25][4, 7][10, 16][25, 28] 
[9, 23, 14, 1, 3, 24, 4, 20][12, 17, 18, 0, 26][2, 27, 15, 10, 29][13, 6, 5, 21][11, 25, 7, 16][8, 19, 22][0, 13][18, 22][22, 25][4, 7][10, 16][25, 28] 
[9, 23, 14, 1, 3, 24, 4, 20][12, 17, 18, 0, 26][2, 27, 15, 10, 29][13, 6, 5, 21][11, 25, 7, 16][8, 19, 22][0, 13][18, 22][22, 25][4, 7][10, 16][25, 28] 
[9, 23, 14, 1, 3, 24, 4, 20][12, 17, 18, 0, 26][2, 27, 15, 10, 29][13, 6, 5, 21][11, 25, 7, 16][0, 18, 22][8, 19, 22][0, 13][22, 25][4, 7][10, 16][25, 28] 
[9, 23, 14, 1, 3, 24, 4, 20][2, 27, 15, 10, 29][12, 17, 18, 0, 26][13, 6, 5, 21][16, 7, 25][11, 25, 28][8, 19, 22][4, 7][10, 16][22, 25][18, 22][0, 13] 
[9, 23, 14, 1, 3, 24, 4, 20][12, 17, 18, 0, 26][2, 27, 15, 10, 29][13, 6, 5, 21][8, 19, 22][11, 25, 28][16, 7, 25][22, 25][10, 16][18, 22][0, 13][4, 7] 
[9, 23, 14, 1, 3, 24, 4, 20][2, 27, 15, 10, 29][12, 17, 18, 0, 26][13, 6, 5, 21][16, 7, 25][11, 25, 28][8, 19, 22][4, 7][10, 16][22, 25][18, 22][0, 13] 
[9, 23, 14, 1, 3, 24, 4, 20][12, 17, 18, 0, 26][2, 27, 15, 10, 29][13, 6, 5, 21][8, 19, 22][11, 25, 28][16, 7, 25][22, 25][10, 16][18, 22][0, 13][4, 7] 
[9, 23, 14, 1, 3, 24, 4, 20][12, 17, 18, 0, 26][2, 27, 15, 10, 29][13, 6, 5, 21][8, 19, 22][11, 25, 28][16, 7, 25][22, 25][10, 16][18, 22][0, 13][4, 7] 
[9, 23, 14, 1, 3, 24, 4, 20][12, 17, 18, 0, 26][2, 27, 15, 10, 29][13, 6, 5, 21][8, 19, 22][11, 25, 28][16, 7, 25][22, 25][10, 16][18, 22][0, 13][4, 7] 
[9, 23, 14, 1, 3, 24, 4, 20][12, 17, 18, 0, 26][2, 27, 15, 10, 29][13, 6, 5, 21][8, 19, 22][11, 25, 28][16, 7, 25][22, 25][10, 16][18, 22][0, 13][4, 7] 
[9, 23, 14, 1, 3, 24, 4, 20][12, 17, 18, 0, 26][2, 27, 15, 10, 29][13, 6, 5, 21][11, 25, 7, 16][8, 19, 22][0, 13][18, 22][22, 25][4, 7][10, 16][25, 28] 
[9, 23, 14, 1, 3, 24, 4, 20][12, 17, 18, 0, 26][2, 27, 15, 10, 29][13, 6, 5, 21][11, 25, 7, 16][8, 19, 22][0, 13][18, 22][22, 25][4, 7][10, 16][25, 28] 
[9, 23, 14, 1, 3, 24, 4, 20][2, 27, 15, 10, 29][12, 17, 18, 0, 26][11, 25, 7, 16][13, 6, 5, 21][8, 19, 22][10, 16][25, 28][4, 7][22, 25][18, 22][0, 13] 
[9, 23, 14, 1, 3, 24, 4, 20][12, 17, 18, 0, 26][2, 27, 15, 10, 29][13, 6, 5, 21][11, 25, 7, 16][8, 19, 22][0, 13][18, 22][22, 25][4, 7][10, 16][25, 28] 
[9, 23, 14, 1, 3, 24, 4, 20][12, 17, 18, 0, 26][2, 27, 15, 10, 29][13, 6, 5, 21][11, 25, 7, 16][8, 19, 22][0, 13][18, 22][22, 25][4, 7][10, 16][25, 28] 
[9, 23, 14, 1, 3, 24, 4, 20][12, 17, 18, 0, 26][2, 27, 15, 10, 29][13, 6, 5, 21][11, 25, 7, 16][8, 19, 22][0, 13][18, 22][22, 25][4, 7][10, 16][25, 28] 
[9, 23, 14, 1, 3, 24, 4, 20][12, 17, 18, 0, 26][2, 27, 15, 10, 29][13, 6, 5, 21][11, 25, 7, 16][8, 19, 22][0, 13][18, 22][22, 25][4, 7][10, 16][25, 28] 
[9, 23, 14, 1, 3, 24, 4, 20][12, 17, 18, 0, 26][2, 27, 15, 10, 29][13, 6, 5, 21][11, 25, 7, 16][8, 19, 22][0, 13][18, 22][22, 25][4, 7][10, 16][25, 28] 
[9, 23, 14, 1, 3, 24, 4, 20][12, 17, 18, 0, 26][2, 27, 15, 10, 29][13, 6, 5, 21][11, 25, 7, 16][8, 19, 22][0, 13][18, 22][22, 25][4, 7][10, 16][25, 28] 
[9, 23, 14, 1, 3, 24, 4, 20][12, 17, 18, 0, 26][2, 27, 15, 10, 29][13, 6, 5, 21][11, 25, 7, 16][8, 19, 22][0, 13][18, 22][22, 25][4, 7][10, 16][25, 28] 
[9, 23, 14, 1, 3, 24, 4, 20][12, 17, 18, 0, 26][2, 27, 15, 10, 29][13, 6, 5, 21][11, 25, 7, 16][8, 19, 22][0, 13][18, 22][22, 25][4, 7][10, 16][25, 28] 
[9, 23, 14, 1, 3, 24, 4, 20][12, 17, 18, 0, 26][2, 27, 15, 10, 29][13, 6, 5, 21][11, 25, 7, 16][8, 19, 22][0, 13][18, 22][22, 25][4, 7][10, 16][25, 28] 
[9, 23, 14, 1, 3, 24, 4, 20][12, 17, 18, 0, 26][2, 27, 15, 10, 29][13, 6, 5, 21][11, 25, 7, 16][8, 19, 22][0, 13][18, 22][22, 25][4, 7][10, 16][25, 28] 
[9, 23, 14, 1, 3, 24, 4, 20][12, 17, 18, 0, 26][2, 27, 15, 10, 29][13, 6, 5, 21][11, 25, 7, 16][8, 19, 22][0, 13][18, 22][22, 25][4, 7][10, 16][25, 28] 
[9, 23, 14, 1, 3, 24, 4, 20][12, 17, 18, 0, 26][2, 27, 15, 10, 29][13, 6, 5, 21][11, 25, 7, 16][8, 19, 22][0, 13][18, 22][22, 25][4, 7][10, 16][25, 28] 
[9, 23, 14, 1, 3, 24, 4, 20][2, 27, 15, 10, 29][8, 19, 22, 25, 11][12, 17, 18, 0, 26][13, 6, 5, 21][16, 7, 25][10, 16][4, 7][22, 25][25, 28][18, 22][0, 13] 
[9, 23, 14, 1, 3, 24, 4, 20][2, 27, 15, 10, 29][8, 19, 22, 25, 11][12, 17, 18, 0, 26][13, 6, 5, 21][16, 7, 25][10, 16][4, 7][22, 25][25, 28][18, 22][0, 13] 
[9, 23, 14, 1, 3, 24, 4, 20][2, 27, 15, 10, 29][8, 19, 22, 25, 11][12, 17, 18, 0, 26][13, 6, 5, 21][16, 7, 25][10, 16][4, 7][18, 22][0, 26][0, 13][25, 28] 
[9, 23, 14, 1, 3, 24, 4, 20][2, 27, 15, 10, 29][8, 19, 22, 25, 11][12, 17, 18, 0, 26][13, 6, 5, 21][16, 7, 25][10, 16][4, 7][18, 22][0, 26][0, 13][25, 28] 
[9, 23, 14, 1, 3, 24, 4, 20][8, 19, 22, 25, 11][12, 17, 18, 0, 26][2, 27, 15, 10, 29][13, 6, 5, 21][16, 7, 25][22, 25][25, 28][18, 22][0, 13][4, 7][10, 16] 
[9, 23, 14, 1, 3, 24, 4, 20][2, 16, 10, 15, 27, 29][8, 19, 22, 25, 11][12, 17, 18, 0, 26][13, 6, 5, 21][18, 22][7, 25][25, 28][0, 13][7, 16][10, 16][4, 7] 
[9, 23, 14, 1, 3, 24, 4, 20][12, 17, 18, 0, 26][2, 27, 15, 10, 29][13, 6, 5, 21][8, 19, 22][11, 25, 28][16, 7, 25][22, 25][10, 16][18, 22][0, 13][4, 7] 
[9, 23, 14, 1, 3, 24, 4, 20][12, 17, 18, 0, 26][2, 27, 15, 10, 29][13, 6, 5, 21][8, 19, 22][11, 25, 28][16, 7, 25][22, 25][10, 16][18, 22][0, 13][4, 7] 
[9, 23, 14, 1, 3, 24, 4, 20][12, 17, 18, 0, 26][2, 27, 15, 10, 29][13, 6, 5, 21][8, 19, 22][11, 25, 28][16, 7, 25][22, 25][10, 16][18, 22][0, 13][4, 7] 
[9, 23, 14, 1, 3, 24, 4, 20][12, 17, 18, 0, 26][2, 27, 15, 10, 29][13, 6, 5, 21][8, 19, 22][11, 25, 28][16, 7, 25][22, 25][10, 16][18, 22][0, 13][4, 7] 
[9, 23, 14, 1, 3, 24, 4, 20][12, 17, 18, 0, 26][2, 27, 15, 10, 29][13, 6, 5, 21][8, 19, 22][11, 25, 28][16, 7, 25][22, 25][10, 16][18, 22][0, 13][4, 7] 
[9, 23, 14, 1, 3, 24, 4, 20][12, 17, 18, 0, 26][2, 27, 15, 10, 29][13, 6, 5, 21][11, 25, 7, 16][8, 19, 22][0, 13][18, 22][22, 25][4, 7][10, 16][25, 28] 
[9, 23, 14, 1, 3, 24, 4, 20][12, 17, 18, 0, 26][2, 27, 15, 10, 29][13, 6, 5, 21][8, 19, 22][11, 25, 28][16, 7, 25][22, 25][10, 16][18, 22][0, 13][4, 7] 
