[25, 22, 19, 12, 8, 26][1, 9, 3, 4, 20][6, 5, 15, 10, 21][11, 14, 23, 24][13, 0, 18, 17][14, 7, 16][0, 28, 16][2, 29, 27][1, 14][7, 25][6, 13][16, 27] 
[25, 22, 19, 12, 8, 26][1, 9, 3, 4, 20][6, 5, 21, 15, 10][11, 14, 23, 24][13, 0, 18, 17][14, 7, 16][0, 28, 16][2, 29, 27][7, 25][1, 14][6, 13][16, 27] 
[25, 22, 19, 12, 8, 26][6, 5, 21, 15, 10][1, 9, 3, 4, 20][11, 14, 23, 24][13, 0, 18, 17][2, 29, 27][14, 7, 16][0, 28, 16][10, 27][16, 27][7, 25][1, 14] 
[25, 22, 19, 12, 8, 26][6, 5, 21, 15, 10][1, 9, 3, 4, 20][11, 14, 23, 24][13, 0, 18, 17][2, 29, 27][14, 7, 16][0, 28, 16][10, 27][16, 27][7, 25][1, 14] 
[25, 22, 19, 12, 8, 26][6, 5, 21, 15, 10][1, 9, 3, 4, 20][13, 0, 18, 17][11, 14, 23, 24][0, 28, 16][14, 7, 16][2, 29, 27][6, 13][10, 27][1, 14][7, 25] 
[25, 22, 19, 12, 8, 26][6, 5, 21, 15, 10][1, 9, 3, 4, 20][13, 0, 18, 17][11, 14, 23, 24][0, 28, 16][14, 7, 16][2, 29, 27][7, 25][16, 27][10, 27][1, 14] 
[25, 22, 19, 12, 8, 26][6, 5, 21, 15, 10][1, 9, 3, 4, 20][11, 14, 23, 24][13, 0, 18, 17][2, 29, 27][14, 7, 16][0, 28, 16][10, 27][16, 27][7, 25][1, 14] 
[25, 22, 19, 12, 8, 26][6, 5, 21, 15, 10][1, 9, 3, 4, 20][13, 0, 18, 17][11, 14, 23, 24][0, 28, 16][14, 7, 16][2, 29, 27][6, 13][10, 27][1, 14][7, 25] 
[25, 22, 19, 12, 8, 26][6, 5, 21, 15, 10][1, 9, 3, 4, 20][13, 0, 18, 17][11, 14, 23, 24][0, 28, 16][14, 7, 16][2, 29, 27][6, 13][10, 27][1, 14][7, 25] 
[25, 22, 19, 12, 8, 26][6, 5, 21, 15, 10][1, 9, 3, 4, 20][13, 0, 18, 17][11, 14, 23, 24][0, 28, 16][14, 7, 16][2, 29, 27][6, 13][10, 27][1, 14][7, 25] 
[25, 22, 19, 12, 8, 26][1, 9, 3, 4, 20][6, 5, 15, 10, 21][11, 14, 23, 24][13, 0, 18, 17][14, 7, 16][0, 28, 16][2, 29, 27][1, 14][7, 25][6, 13][16, 27] 
[25, 22, 19, 12, 8, 26][1, 9, 3, 4, 20][6, 5, 21, 15, 10][11, 14, 23, 24][13, 0, 18, 17][14, 7, 16][0, 28, 16][2, 29, 27][1, 14][16, 27][6, 13][7, 25] 
[25, 22, 19, 12, 8, 26][6, 5, 21, 15, 10][1, 9, 3, 4, 20][13, 0, 18, 17][11, 14, 23, 24][0, 28, 16][14, 7, 16][2, 29, 27][7, 25][16, 27][10, 27][1, 14] 
[25, 22, 19, 12, 8, 26][6, 5, 21, 15, 10][1, 9, 3, 4, 20][13, 0, 18, 17][11, 14, 23, 24][0, 28, 16][14, 7, 16][2, 29, 27][6, 13][10, 27][1, 14][7, 25] 
[25, 22, 19, 12, 8, 26][6, 5, 21, 15, 10][1, 9, 3, 4, 20][11, 14, 23, 24][13, 0, 18, 17][2, 29, 27][14, 7, 16][0, 28, 16][10, 27][16, 27][7, 25][1, 14] 
[25, 22, 19, 12, 8, 26][6, 5, 21, 15, 10][1, 9, 3, 4, 20][13, 0, 18, 17][11, 14, 23, 24][0, 28, 16][14, 7, 16][2, 29, 27][6, 13][10, 27][1, 14][7, 25] 
[25, 22, 19, 12, 8, 26][1, 9, 3, 4, 20][6, 5, 15, 10, 21][11, 14, 23, 24][13, 0, 18, 17][14, 7, 16][0, 28, 16][2, 29, 27][1, 14][7, 25][6, 13][16, 27] 
[25, 22, 19, 12, 8, 26][1, 9, 3, 4, 20][6, 5, 21, 15, 10][11, 14, 23, 24][13, 0, 18, 17][14, 7, 16][0, 28, 16][2, 29, 27][7, 25][1, 14][6, 13][16, 27] 
[25, 22, 19, 12, 8, 26][6, 5, 21, 15, 10][1, 9, 3, 4, 20][13, 0, 18, 17][11, 14, 23, 24][0, 28, 16][14, 7, 16][2, 29, 27][6, 13][10, 27][1, 14][7, 25] 
[25, 22, 19, 12, 8, 26][6, 5, 15, 10, 21][1, 9, 3, 4, 20][13, 0, 18, 17][11, 14, 23, 24][0, 28, 16][14, 7, 16][2, 29, 27][6, 13][7, 25][16, 27][1, 14] 
[25, 22, 19, 12, 8, 26][1, 9, 3, 4, 20][6, 5, 15, 10, 21][11, 14, 23, 24][13, 0, 18, 17][14, 7, 16][0, 28, 16][2, 29, 27][1, 14][7, 25][6, 13][16, 27] 
[25, 22, 19, 12, 8, 26][1, 9, 3, 4, 20][6, 5, 21, 15, 10][11, 14, 23, 24][13, 0, 18, 17][14, 7, 16][0, 28, 16][2, 29, 27][1, 14][16, 27][6, 13][7, 25] 
[25, 22, 19, 12, 8, 26][6, 5, 21, 15, 10][1, 9, 3, 4, 20][13, 0, 18, 17][11, 14, 23, 24][0, 28, 16][14, 7, 16][2, 29, 27][7, 25][16, 27][10, 27][1, 14] 
[25, 22, 19, 12, 8, 26][6, 5, 21, 15, 10][1, 9, 3, 4, 20][13, 0, 18, 17][11, 14, 23, 24][0, 28, 16][14, 7, 16][2, 29, 27][6, 13][10, 27][1, 14][7, 25] 
[25, 22, 19, 12, 8, 26][6, 5, 21, 15, 10][1, 9, 3, 4, 20][13, 0, 18, 17][11, 14, 23, 24][0, 28, 16][14, 7, 16][2, 29, 27][7, 25][16, 27][10, 27][1, 14] 
[25, 22, 19, 12, 8, 26][6, 5, 21, 15, 10][1, 9, 3, 4, 20][13, 0, 18, 17][11, 14, 23, 24][0, 28, 16][14, 7, 16][2, 29, 27][6, 13][10, 27][1, 14][7, 25] 
[25, 22, 19, 12, 8, 26][1, 9, 3, 4, 20][6, 5, 15, 10, 21][11, 14, 23, 24][13, 0, 18, 17][14, 7, 16][0, 28, 16][2, 29, 27][1, 14][7, 25][6, 13][16, 27] 
[25, 22, 19, 12, 8, 26][1, 9, 3, 4, 20][6, 5, 21, 15, 10][11, 14, 23, 24][13, 0, 18, 17][14, 7, 16][0, 28, 16][2, 29, 27][1, 14][16, 27][6, 13][7, 25] 
[25, 22, 19, 12, 8, 26][6, 5, 21, 15, 10][1, 9, 3, 4, 20][13, 0, 18, 17][11, 14, 23, 24][0, 28, 16][14, 7, 16][2, 29, 27][6, 13][10, 27][1, 14][7, 25] 
[25, 22, 19, 12, 8, 26][1, 9, 3, 4, 20][6, 5, 15, 10, 21][11, 14, 23, 24][13, 0, 18, 17][14, 7, 16][0, 28, 16][2, 29, 27][1, 14][7, 25][6, 13][16, 27] 
[25, 22, 19, 12, 8, 26][1, 9, 3, 4, 20][6, 5, 15, 10, 21][11, 14, 23, 24][13, 0, 18, 17][14, 7, 16][0, 28, 16][2, 29, 27][1, 14][7, 25][6, 13][16, 27] 
[25, 22, 19, 12, 8, 26][1, 9, 3, 4, 20][6, 5, 21, 15, 10][11, 14, 23, 24][13, 0, 18, 17][14, 7, 16][0, 28, 16][2, 29, 27][7, 25][1, 14][6, 13][16, 27] 
[25, 22, 19, 12, 8, 26][6, 5, 21, 15, 10][1, 9, 3, 4, 20][13, 0, 18, 17][11, 14, 23, 24][0, 28, 16][14, 7, 16][2, 29, 27][6, 13][10, 27][1, 14][7, 25] 
[25, 22, 19, 12, 8, 26][1, 9, 3, 4, 20][6, 5, 15, 10, 21][11, 14, 23, 24][13, 0, 18, 17][14, 7, 16][0, 28, 16][2, 29, 27][1, 14][7, 25][6, 13][16, 27] 
[25, 22, 19, 12, 8, 26][1, 9, 3, 4, 20][6, 5, 15, 10, 21][11, 14, 23, 24][13, 0, 18, 17][14, 7, 16][0, 28, 16][2, 29, 27][1, 14][7, 25][6, 13][16, 27] 
[6, 13, 0, 26, 8, 12, 19, 18, 22, 17, 11, 25, 28, 16][5, 6, 10, 29, 2, 7, 14, 1, 24, 20, 4, 3, 9][21, 15, 27, 29][1, 24][9, 23][1, 24][1, 24][1, 24][1, 24][1, 24][3, 4][1, 24] 
[6, 13, 0, 26, 8, 12, 19, 18, 22, 17, 11, 25, 28, 16][5, 6, 10, 29, 2, 7, 14, 1, 24, 20, 4, 3, 9][21, 15, 27, 29][1, 24][9, 23][1, 24][1, 24][1, 24][1, 24][1, 24][3, 4][1, 24] 
[6, 13, 0, 26, 8, 12, 19, 18, 22, 17, 11, 25, 28, 16][5, 6, 10, 29, 2, 7, 14, 1, 24, 20, 4, 3, 9][21, 15, 27, 29][1, 24][9, 23][1, 24][1, 24][1, 24][1, 24][1, 24][3, 4][1, 24] 
[5, 6, 10, 29, 2, 7, 14, 1, 24, 20, 4, 3, 9, 23][13, 0, 26, 8, 12, 19, 18, 22, 17, 11, 25, 28, 16][10, 2, 21, 15, 27, 29][18, 17, 22][17, 18][11, 14][1, 24][10, 29][1, 24][17, 18][1, 24][1, 24] 
[5, 6, 10, 29, 2, 7, 14, 1, 24, 20, 4, 3, 9, 23][13, 0, 26, 8, 12, 19, 18, 22, 17, 11, 25, 28, 16][10, 2, 21, 15, 27, 29][18, 17, 22][17, 18][11, 14][1, 24][10, 29][1, 24][17, 18][1, 24][1, 24] 
[5, 6, 10, 29, 2, 7, 14, 1, 24, 20, 4, 3, 9, 23][13, 0, 26, 8, 12, 19, 18, 22, 17, 11, 25, 28, 16][21, 15, 27, 29][17, 18][11, 14][1, 24][10, 29][1, 24][17, 18][1, 24][17, 18][1, 24] 
[6, 13, 0, 26, 8, 12, 19, 18, 22, 17, 11, 25, 28, 16][5, 6, 10, 29, 2, 7, 14, 1, 24, 20, 4, 3, 9][21, 15, 27, 29][1, 24][9, 23][1, 24][1, 24][1, 24][1, 24][1, 24][3, 4][1, 24] 
[6, 13, 0, 26, 8, 12, 19, 18, 22, 17, 11, 25, 28, 16][5, 6, 10, 29, 2, 7, 14, 1, 24, 20, 4, 3, 9][21, 15, 27, 29][1, 24][9, 23][1, 24][1, 24][1, 24][1, 24][1, 24][3, 4][1, 24] 
[5, 6, 10, 29, 2, 7, 14, 1, 24, 20, 4, 3, 9, 23][13, 0, 26, 8, 12, 19, 18, 22, 17, 11, 25, 28, 16][10, 2, 21, 15, 27, 29][17, 18][11, 14][1, 24][10, 29][1, 24][17, 18][1, 24][17, 18][1, 24] 
[6, 13, 0, 26, 8, 12, 19, 18, 22, 17, 11, 25, 28, 16][5, 6, 10, 29, 2, 7, 14, 1, 24, 20, 4, 3, 9][21, 15, 27, 29][1, 24][9, 23][1, 24][1, 24][1, 24][1, 24][1, 24][3, 4][1, 24] 
[6, 13, 0, 26, 8, 12, 19, 18, 22, 17, 11, 25, 28, 16][5, 6, 10, 29, 2, 7, 14, 1, 24, 20, 4, 3, 9][21, 15, 27, 29][1, 24][9, 23][1, 24][1, 24][1, 24][1, 24][1, 24][3, 4][1, 24] 
[6, 13, 0, 26, 8, 12, 19, 18, 22, 17, 11, 25, 28, 16][5, 6, 10, 29, 2, 7, 14, 1, 24, 20, 4, 3, 9][21, 15, 27, 29][1, 24][9, 23][1, 24][1, 24][1, 24][1, 24][1, 24][3, 4][1, 24] 
[5, 6, 10, 29, 2, 7, 14, 1, 24, 20, 4, 3, 9, 23][13, 0, 26, 8, 12, 19, 18, 22, 17, 11, 25, 28, 16][2, 6, 10, 21, 15, 27, 29][17, 18][11, 14][1, 24][10, 29][1, 24][17, 18][1, 24][17, 18][1, 24] 
[6, 13, 0, 26, 8, 12, 19, 18, 22, 17, 11, 25, 28, 16][5, 6, 10, 29, 2, 7, 14, 1, 24, 20, 4, 3, 9][21, 15, 27, 29][1, 24][9, 23][1, 24][1, 24][1, 24][1, 24][1, 24][3, 4][1, 24] 
[6, 13, 0, 26, 8, 12, 19, 18, 22, 17, 11, 25, 28, 16][5, 6, 10, 29, 2, 7, 14, 1, 24, 20, 4, 3, 9][21, 15, 27, 29][1, 24][9, 23][1, 24][1, 24][1, 24][1, 24][1, 24][3, 4][1, 24] 
[5, 6, 10, 29, 2, 7, 14, 1, 24, 20, 4, 3, 9, 23][6, 13, 0, 26, 8, 12, 19, 18, 22, 17, 11, 25, 28, 16][21, 15, 27, 29][1, 24][1, 24][1, 24][1, 24][1, 24][27, 29][10, 29][10, 29][1, 24] 
[5, 6, 10, 29, 2, 7, 14, 1, 24, 20, 4, 3, 9, 23][6, 13, 0, 26, 8, 12, 19, 18, 22, 17, 11, 25, 28, 16][21, 15, 27, 29][1, 24][1, 24][1, 24][1, 24][1, 24][27, 29][10, 29][10, 29][1, 24] 
[6, 13, 0, 26, 8, 12, 19, 18, 22, 17, 11, 25, 28, 16][5, 6, 10, 29, 2, 7, 14, 1, 24, 20, 4, 3, 9][21, 15, 27, 29][1, 24][9, 23][1, 24][1, 24][1, 24][1, 24][1, 24][3, 4][1, 24] 
[5, 6, 10, 29, 2, 7, 14, 1, 24, 20, 4, 3, 9, 23][6, 13, 0, 26, 8, 12, 19, 18, 22, 17, 11, 25, 28, 16][21, 15, 27, 29][1, 24, 20][1, 24][1, 24][1, 24][1, 24][27, 29][10, 29][10, 29][1, 24] 
[5, 6, 10, 29, 2, 7, 14, 1, 24, 20, 4, 3, 9, 23][6, 13, 0, 26, 8, 12, 19, 18, 22, 17, 11, 25, 28, 16][21, 15, 27, 29][1, 24, 20][1, 24][1, 24][1, 24][1, 24][27, 29][10, 29][10, 29][1, 24] 
[5, 6, 10, 29, 2, 7, 14, 1, 24, 20, 4, 3, 9, 23][6, 13, 0, 26, 8, 12, 19, 18, 22, 17, 11, 25, 28, 16][21, 15, 27, 29][10, 29][10, 29][1, 24][10, 29][1, 24][10, 29][1, 24][1, 24][1, 24] 
[25, 22, 19, 12, 8, 26][6, 5, 21, 15, 10][1, 9, 3, 4, 20][13, 0, 18, 17][11, 14, 23, 24][0, 28, 16][14, 7, 16][2, 29, 27][6, 13][10, 27][1, 14][7, 25] 
[25, 22, 19, 12, 8, 26][6, 5, 21, 15, 10][1, 9, 3, 4, 20][13, 0, 18, 17][11, 14, 23, 24][0, 28, 16][14, 7, 16][2, 29, 27][6, 13][10, 27][1, 14][7, 25] 
[25, 22, 19, 12, 8, 26][6, 5, 21, 15, 10][1, 9, 3, 4, 20][13, 0, 18, 17][11, 14, 23, 24][0, 28, 16][14, 7, 16][2, 29, 27][6, 13][10, 27][1, 14][7, 25] 
[25, 22, 19, 12, 8, 26][6, 5, 21, 15, 10][1, 9, 3, 4, 20][13, 0, 18, 17][11, 14, 23, 24][0, 28, 16][14, 7, 16][2, 29, 27][6, 13][10, 27][1, 14][7, 25] 
[25, 22, 19, 12, 8, 26][6, 5, 21, 15, 10][1, 9, 3, 4, 20][13, 0, 18, 17][11, 14, 23, 24][0, 28, 16][14, 7, 16][2, 29, 27][6, 13][10, 27][1, 14][7, 25] 
[25, 22, 19, 12, 8, 26][6, 5, 21, 15, 10][1, 9, 3, 4, 20][13, 0, 18, 17][11, 14, 23, 24][0, 28, 16][14, 7, 16][2, 29, 27][6, 13][10, 27][1, 14][7, 25] 
[25, 22, 19, 12, 8, 26][6, 5, 21, 15, 10][1, 9, 3, 4, 20][13, 0, 18, 17][11, 14, 23, 24][0, 28, 16][14, 7, 16][2, 29, 27][6, 13][10, 27][1, 14][7, 25] 
[25, 22, 19, 12, 8, 26][6, 5, 21, 15, 10][1, 9, 3, 4, 20][13, 0, 18, 17][11, 14, 23, 24][0, 28, 16][14, 7, 16][2, 29, 27][6, 13][10, 27][1, 14][7, 25] 
[25, 22, 19, 12, 8, 26][6, 5, 21, 15, 10][1, 9, 3, 4, 20][13, 0, 18, 17][11, 14, 23, 24][0, 28, 16][14, 7, 16][2, 29, 27][6, 13][10, 27][1, 14][7, 25] 
[25, 22, 19, 12, 8, 26][6, 5, 21, 15, 10][1, 9, 3, 4, 20][13, 0, 18, 17][11, 14, 23, 24][0, 28, 16][14, 7, 16][2, 29, 27][6, 13][10, 27][1, 14][7, 25] 
[25, 22, 19, 12, 8, 26][6, 5, 21, 15, 10][1, 9, 3, 4, 20][13, 0, 18, 17][11, 14, 23, 24][0, 28, 16][14, 7, 16][2, 29, 27][6, 13][10, 27][1, 14][7, 25] 
[25, 22, 19, 12, 8, 26][6, 5, 21, 15, 10][1, 9, 3, 4, 20][13, 0, 18, 17][11, 14, 23, 24][0, 28, 16][14, 7, 16][2, 29, 27][6, 13][10, 27][1, 14][7, 25] 
[25, 22, 19, 12, 8, 26][6, 5, 21, 15, 10][1, 9, 3, 4, 20][13, 0, 18, 17][11, 14, 23, 24][0, 28, 16][14, 7, 16][2, 29, 27][6, 13][10, 27][1, 14][7, 25] 
[25, 22, 19, 12, 8, 26][6, 5, 21, 15, 10][1, 9, 3, 4, 20][13, 0, 18, 17][11, 14, 23, 24][0, 28, 16][14, 7, 16][2, 29, 27][6, 13][10, 27][1, 14][7, 25] 
[25, 22, 19, 12, 8, 26][6, 5, 21, 15, 10][1, 9, 3, 4, 20][13, 0, 18, 17][11, 14, 23, 24][0, 28, 16][14, 7, 16][2, 29, 27][6, 13][10, 27][1, 14][7, 25] 
[25, 22, 19, 12, 8, 26][1, 9, 3, 4, 20][6, 5, 15, 10, 21][11, 14, 23, 24][13, 0, 18, 17][14, 7, 16][0, 28, 16][2, 29, 27][1, 14][7, 25][6, 13][16, 27] 
[25, 22, 19, 12, 8, 26][1, 9, 3, 4, 20][6, 5, 15, 10, 21][11, 14, 23, 24][13, 0, 18, 17][14, 7, 16][0, 28, 16][2, 29, 27][1, 14][7, 25][6, 13][16, 27] 
[25, 22, 19, 12, 8, 26][1, 9, 3, 4, 20][6, 5, 15, 10, 21][11, 14, 23, 24][13, 0, 18, 17][14, 7, 16][0, 28, 16][2, 29, 27][1, 14][7, 25][6, 13][16, 27] 
[25, 22, 19, 12, 8, 26][1, 9, 3, 4, 20][6, 5, 15, 10, 21][11, 14, 23, 24][13, 0, 18, 17][14, 7, 16][0, 28, 16][2, 29, 27][1, 14][7, 25][6, 13][16, 27] 
[25, 22, 19, 12, 8, 26][1, 9, 3, 4, 20][6, 5, 15, 10, 21][11, 14, 23, 24][13, 0, 18, 17][14, 7, 16][0, 28, 16][2, 29, 27][1, 14][7, 25][6, 13][16, 27] 
[25, 22, 19, 12, 8, 26][1, 9, 3, 4, 20][5, 21, 15, 10, 27][13, 0, 18, 17][11, 14, 23, 24][0, 28, 16][14, 7, 16][7, 2, 29][6, 13][1, 14][16, 27][7, 25] 
[25, 22, 19, 12, 8, 26][6, 5, 21, 15, 10][1, 9, 3, 4, 20][13, 0, 18, 17][11, 14, 23, 24][0, 28, 16][14, 7, 16][2, 29, 27][6, 13][10, 27][1, 14][7, 25] 
[25, 22, 19, 12, 8, 26][6, 5, 21, 15, 10][1, 9, 3, 4, 20][13, 0, 18, 17][11, 14, 23, 24][0, 28, 16][14, 7, 16][2, 29, 27][6, 13][10, 27][1, 14][7, 25] 
[25, 22, 19, 12, 8, 26][6, 5, 21, 15, 10][1, 9, 3, 4, 20][13, 0, 18, 17][11, 14, 23, 24][0, 28, 16][14, 7, 16][2, 29, 27][6, 13][10, 27][1, 14][7, 25] 
[25, 22, 19, 12, 8, 26][6, 5, 21, 15, 10][1, 9, 3, 4, 20][13, 0, 18, 17][11, 14, 23, 24][0, 28, 16][14, 7, 16][2, 29, 27][6, 13][10, 27][1, 14][7, 25] 
[25, 22, 19, 12, 8, 26][6, 5, 21, 15, 10][1, 9, 3, 4, 20][13, 0, 18, 17][11, 14, 23, 24][0, 28, 16][14, 7, 16][2, 29, 27][6, 13][10, 27][1, 14][7, 25] 
[25, 22, 19, 12, 8, 26][1, 9, 3, 4, 20][6, 5, 21, 15, 10][11, 14, 23, 24][13, 0, 18, 17][14, 7, 16][0, 28, 16][2, 29, 27][1, 14][16, 27][6, 13][7, 25] 
[25, 22, 19, 12, 8, 26][6, 5, 21, 15, 10][1, 9, 3, 4, 20][13, 0, 18, 17][11, 14, 23, 24][0, 28, 16][14, 7, 16][2, 29, 27][6, 13][10, 27][1, 14][7, 25] 
[25, 22, 19, 12, 8, 26][1, 9, 3, 4, 20][6, 5, 15, 10, 21][11, 14, 23, 24][13, 0, 18, 17][14, 7, 16][0, 28, 16][2, 29, 27][1, 14][7, 25][6, 13][16, 27] 
[25, 22, 19, 12, 8, 26][1, 9, 3, 4, 20][6, 5, 15, 10, 21][11, 14, 23, 24][13, 0, 18, 17][14, 7, 16][0, 28, 16][2, 29, 27][1, 14][7, 25][6, 13][16, 27] 
[25, 22, 19, 12, 8, 26][1, 9, 3, 4, 20][6, 5, 15, 10, 21][11, 14, 23, 24][13, 0, 18, 17][14, 7, 16][0, 28, 16][2, 29, 27][1, 14][7, 25][6, 13][16, 27] 
[25, 22, 19, 12, 8, 26][1, 9, 3, 4, 20][6, 5, 15, 10, 21][11, 14, 23, 24][13, 0, 18, 17][14, 7, 16][0, 28, 16][2, 29, 27][1, 14][7, 25][6, 13][16, 27] 
[25, 22, 19, 12, 8, 26][1, 9, 3, 4, 20][6, 5, 15, 10, 21][11, 14, 23, 24][13, 0, 18, 17][14, 7, 16][0, 28, 16][2, 29, 27][1, 14][7, 25][6, 13][16, 27] 
[25, 22, 19, 12, 8, 26][1, 9, 3, 4, 20][6, 5, 15, 10, 21][11, 14, 23, 24][13, 0, 18, 17][14, 7, 16][0, 28, 16][2, 29, 27][1, 14][7, 25][6, 13][16, 27] 
[25, 22, 19, 12, 8, 26][1, 9, 3, 4, 20][6, 5, 15, 10, 21][11, 14, 23, 24][13, 0, 18, 17][14, 7, 16][0, 28, 16][2, 29, 27][1, 14][7, 25][6, 13][16, 27] 
[25, 22, 19, 12, 8, 26][1, 9, 3, 4, 20][6, 5, 15, 10, 21][11, 14, 23, 24][13, 0, 18, 17][14, 7, 16][0, 28, 16][2, 29, 27][1, 14][7, 25][6, 13][16, 27] 
[25, 22, 19, 12, 8, 26][1, 9, 3, 4, 20][6, 5, 15, 10, 21][11, 14, 23, 24][13, 0, 18, 17][14, 7, 16][0, 28, 16][2, 29, 27][1, 14][7, 25][6, 13][16, 27] 
[25, 22, 19, 12, 8, 26][1, 9, 3, 4, 20][6, 5, 15, 10, 21][11, 14, 23, 24][13, 0, 18, 17][14, 7, 16][0, 28, 16][2, 29, 27][1, 14][7, 25][6, 13][16, 27] 
[25, 22, 19, 12, 8, 26][1, 9, 3, 4, 20][6, 5, 15, 10, 21][11, 14, 23, 24][13, 0, 18, 17][14, 7, 16][0, 28, 16][2, 29, 27][1, 14][7, 25][6, 13][16, 27] 
[25, 22, 19, 12, 8, 26][1, 9, 3, 4, 20][6, 5, 15, 10, 21][11, 14, 23, 24][13, 0, 18, 17][14, 7, 16][0, 28, 16][2, 29, 27][1, 14][7, 25][6, 13][16, 27] 
[25, 22, 19, 12, 8, 26][1, 9, 3, 4, 20][6, 5, 15, 10, 21][11, 14, 23, 24][13, 0, 18, 17][14, 7, 16][0, 28, 16][2, 29, 27][1, 14][7, 25][6, 13][16, 27] 
[25, 22, 19, 12, 8, 26][1, 9, 3, 4, 20][6, 5, 15, 10, 21][11, 14, 23, 24][13, 0, 18, 17][14, 7, 16][0, 28, 16][2, 29, 27][1, 14][7, 25][6, 13][16, 27] 
[25, 22, 19, 12, 8, 26][1, 9, 3, 4, 20][6, 5, 15, 10, 21][11, 14, 23, 24][13, 0, 18, 17][14, 7, 16][0, 28, 16][2, 29, 27][1, 14][7, 25][6, 13][16, 27] 
[25, 22, 19, 12, 8, 26][6, 5, 15, 10, 21][1, 9, 3, 4, 20][13, 0, 18, 17][11, 14, 23, 24][7, 2, 29, 27][0, 28, 16][14, 7, 16][6, 13][7, 25][1, 14][19, 22] 
[25, 22, 19, 12, 8, 26][6, 5, 15, 10, 21][1, 9, 3, 4, 20][13, 0, 18, 17][11, 14, 23, 24][7, 2, 29, 27][0, 28, 16][14, 7, 16][6, 13][7, 25][1, 14][19, 22] 
[25, 22, 19, 12, 8, 26][6, 5, 15, 10, 21][1, 9, 3, 4, 20][13, 0, 18, 17][11, 14, 23, 24][7, 2, 29, 27][0, 28, 16][14, 7, 16][6, 13][7, 25][1, 14][19, 22] 
[25, 22, 19, 12, 8, 26][6, 5, 15, 10, 21][1, 9, 3, 4, 20][13, 0, 18, 17][11, 14, 23, 24][7, 2, 29, 27][0, 28, 16][14, 7, 16][6, 13][7, 25][1, 14][19, 22] 
[25, 22, 19, 12, 8, 26][6, 5, 15, 10, 21][1, 9, 3, 4, 20][13, 0, 18, 17][11, 14, 23, 24][7, 2, 29, 27][0, 28, 16][14, 7, 16][6, 13][7, 25][1, 14][19, 22] 
[25, 22, 19, 12, 8, 26][6, 5, 15, 10, 21][1, 9, 3, 4, 20][13, 0, 18, 17][11, 14, 7, 16][11, 14, 23, 24][7, 2, 29, 27][0, 28, 16][6, 13][7, 25][1, 14][19, 22] 
[25, 22, 19, 12, 8, 26][1, 9, 3, 4, 20][6, 5, 21, 15, 10][11, 14, 23, 24][13, 0, 18, 17][14, 7, 16][0, 28, 16][2, 29, 27][7, 25][1, 14][6, 13][16, 27] 
[25, 22, 19, 12, 8, 26][6, 5, 21, 15, 10][1, 9, 3, 4, 20][13, 0, 18, 17][11, 14, 23, 24][0, 28, 16][14, 7, 16][2, 29, 27][6, 13][7, 25][1, 14][16, 27] 
[25, 22, 19, 12, 8, 26][1, 9, 3, 4, 20][6, 5, 21, 15, 10][11, 14, 23, 24][13, 0, 18, 17][14, 7, 16][0, 28, 16][2, 29, 27][1, 14][16, 27][6, 13][7, 25] 
[25, 22, 19, 12, 8, 26][1, 9, 3, 4, 20][6, 5, 21, 15, 10][11, 14, 23, 24][13, 0, 18, 17][14, 7, 16][0, 28, 16][2, 29, 27][1, 14][16, 27][6, 13][7, 25] 
[25, 22, 19, 12, 8, 26][1, 9, 3, 4, 20][6, 5, 21, 15, 10][11, 14, 23, 24][13, 0, 18, 17][14, 7, 16][0, 28, 16][2, 29, 27][1, 14][16, 27][6, 13][7, 25] 
[25, 22, 19, 12, 8, 26][1, 9, 3, 4, 20][6, 5, 15, 10, 21][11, 14, 23, 24][13, 0, 18, 17][14, 7, 16][0, 28, 16][2, 29, 27][1, 14][7, 25][6, 13][16, 27] 
[25, 22, 19, 12, 8, 26][1, 9, 3, 4, 20][6, 5, 21, 15, 10][11, 14, 23, 24][13, 0, 18, 17][14, 7, 16][0, 28, 16][2, 29, 27][1, 14][16, 27][6, 13][7, 25] 
