[4, 23, 9, 3, 1, 14, 11][17, 19, 18, 0, 22, 25][13, 6, 5, 21, 15][2, 27, 10, 29][24, 7, 16, 28][12, 8, 26][7, 10][15, 16][20, 23][0, 13][12, 19][7, 20] 
[17, 19, 18, 0, 22, 25][13, 6, 5, 21, 15][1, 3, 9, 23, 4][24, 7, 16, 28][2, 27, 10, 29][12, 8, 26][1, 14, 11][10, 7, 20][0, 13][12, 19][15, 16][14, 24] 
[17, 19, 18, 0, 22, 25][1, 3, 9, 23, 4][13, 6, 5, 21, 15][2, 27, 10, 29][24, 7, 16, 28][10, 7, 20][11, 14, 24][12, 8, 26][20, 23][15, 16][0, 13][12, 19] 
[17, 19, 18, 0, 22, 25][1, 3, 9, 23, 4][13, 6, 5, 21, 15][24, 7, 16, 28][2, 27, 10, 29][10, 7, 20][11, 14, 24][12, 8, 26][20, 23][15, 16][0, 13][12, 19] 
[17, 19, 18, 0, 22, 25][13, 6, 5, 21, 15][1, 3, 9, 23, 4][24, 7, 16, 28][2, 27, 10, 29][10, 7, 20][11, 14, 24][12, 8, 26][0, 13][15, 16][1, 14][12, 19] 
[17, 19, 18, 0, 22, 25][13, 6, 5, 21, 15][1, 3, 9, 23, 4][24, 7, 16, 28][2, 27, 10, 29][11, 14, 24][10, 7, 20][12, 8, 26][0, 13][15, 16][12, 19][1, 14] 
[17, 19, 18, 0, 22, 25][13, 6, 5, 21, 15][1, 3, 9, 23, 4][24, 7, 16, 28][2, 27, 10, 29][11, 14, 24][10, 7, 20][12, 8, 26][15, 16][1, 14][0, 13][12, 19] 
[17, 19, 18, 0, 22, 25][1, 3, 9, 23, 4][13, 6, 5, 21, 15][24, 7, 16, 28][2, 27, 10, 29][11, 14, 24][10, 7, 20][12, 8, 26][1, 14][15, 16][0, 13][12, 19] 
[17, 19, 18, 0, 22, 25][1, 3, 9, 23, 4][13, 6, 5, 21, 15][24, 7, 16, 28][2, 27, 10, 29][11, 14, 24][10, 7, 20][12, 8, 26][1, 14][15, 16][0, 13][12, 19] 
[17, 19, 18, 0, 22, 25][13, 6, 5, 21, 15][1, 3, 9, 23, 4][24, 7, 16, 28][2, 27, 10, 29][10, 7, 20][11, 14, 24][12, 8, 26][15, 16][0, 13][1, 14][12, 19] 
[4, 23, 9, 3, 1, 14, 11][17, 19, 18, 0, 22, 25][13, 6, 5, 21, 15][2, 27, 10, 29][24, 7, 16, 28][12, 8, 26][7, 10][15, 16][20, 23][0, 13][12, 19][7, 20] 
[17, 19, 18, 0, 22, 25][13, 6, 5, 21, 15][1, 3, 9, 23, 4][24, 7, 16, 28][2, 27, 10, 29][12, 8, 26][1, 14, 11][10, 7, 20][0, 13][12, 19][15, 16][14, 24] 
[17, 19, 18, 0, 22, 25][1, 3, 9, 23, 4][13, 6, 5, 21, 15][2, 27, 10, 29][24, 7, 16, 28][10, 7, 20][11, 14, 24][12, 8, 26][20, 23][15, 16][0, 13][12, 19] 
[17, 19, 18, 0, 22, 25][13, 6, 5, 21, 15][1, 3, 9, 23, 4][24, 7, 16, 28][2, 27, 10, 29][10, 7, 20][11, 14, 24][12, 8, 26][15, 16][0, 13][1, 14][12, 19] 
[17, 19, 18, 0, 22, 25][13, 6, 5, 21, 15][1, 3, 9, 23, 4][24, 7, 16, 28][2, 27, 10, 29][10, 7, 20][11, 14, 24][12, 8, 26][0, 13][15, 16][1, 14][12, 19] 
[17, 19, 18, 0, 22, 25][13, 6, 5, 21, 15][1, 3, 9, 23, 4][24, 7, 16, 28][2, 27, 10, 29][10, 7, 20][11, 14, 24][12, 8, 26][15, 16][0, 13][1, 14][12, 19] 
[4, 23, 9, 3, 1, 14, 11][17, 19, 18, 0, 22, 25][13, 6, 5, 21, 15][2, 27, 10, 29][24, 7, 16, 28][12, 8, 26][7, 10][15, 16][20, 23][0, 13][12, 19][7, 20] 
[17, 19, 18, 0, 22, 25][13, 6, 5, 21, 15][1, 3, 9, 23, 4][2, 27, 10, 29][24, 7, 16, 28][10, 7, 20][12, 8, 26][1, 14, 11][14, 24][15, 16][0, 13][12, 19] 
[17, 19, 18, 0, 22, 25][13, 6, 5, 21, 15][1, 3, 9, 23, 4][24, 7, 16, 28][2, 27, 10, 29][10, 7, 20][11, 14, 24][12, 8, 26][0, 13][15, 16][1, 14][12, 19] 
[4, 23, 9, 3, 1, 14, 11][17, 19, 18, 0, 22, 25][13, 6, 5, 21, 15][2, 27, 10, 29][24, 7, 16, 28][12, 8, 26][7, 10][15, 16][20, 23][0, 13][12, 19][7, 20] 
[4, 23, 9, 3, 1, 14, 11][17, 19, 18, 0, 22, 25][13, 6, 5, 21, 15][2, 27, 10, 29][24, 7, 16, 28][12, 8, 26][7, 10][15, 16][20, 23][0, 13][12, 19][7, 20] 
[17, 19, 18, 0, 22, 25][13, 6, 5, 21, 15][1, 3, 9, 23, 4][24, 7, 16, 28][2, 27, 10, 29][12, 8, 26][1, 14, 11][10, 7, 20][0, 13][12, 19][15, 16][14, 24] 
[17, 19, 18, 0, 22, 25][13, 6, 5, 21, 15][1, 3, 9, 23, 4][24, 7, 16, 28][2, 27, 10, 29][12, 8, 26][10, 7, 20][11, 14, 24][12, 19][0, 13][15, 16][20, 23] 
[17, 19, 18, 0, 22, 25][13, 6, 5, 21, 15][1, 3, 9, 23, 4][24, 7, 16, 28][2, 27, 10, 29][12, 8, 26][11, 14, 24][10, 7, 20][12, 19][0, 13][15, 16][1, 14] 
[17, 19, 18, 0, 22, 25][13, 6, 5, 21, 15][1, 3, 9, 23, 4][24, 7, 16, 28][2, 27, 10, 29][10, 7, 20][11, 14, 24][12, 8, 26][0, 13][15, 16][1, 14][12, 19] 
[17, 19, 18, 0, 22, 25][1, 3, 9, 23, 4][13, 6, 5, 21, 15][24, 7, 16, 28][2, 27, 10, 29][11, 14, 24][10, 7, 20][12, 8, 26][1, 14][15, 16][0, 13][12, 19] 
[4, 23, 9, 3, 1, 14, 11][17, 19, 18, 0, 22, 25][13, 6, 5, 21, 15][2, 27, 10, 29][24, 7, 16, 28][12, 8, 26][7, 10][15, 16][20, 23][0, 13][12, 19][7, 20] 
[17, 19, 18, 0, 22, 25][13, 6, 5, 21, 15][1, 3, 9, 23, 4][2, 27, 10, 29][24, 7, 16, 28][10, 7, 20][12, 8, 26][1, 14, 11][14, 24][15, 16][0, 13][12, 19] 
[17, 19, 18, 0, 22, 25][13, 6, 5, 21, 15][1, 3, 9, 23, 4][24, 7, 16, 28][2, 27, 10, 29][10, 7, 20][11, 14, 24][12, 8, 26][15, 16][0, 13][1, 14][12, 19] 
[4, 23, 9, 3, 1, 14, 11][17, 19, 18, 0, 22, 25][13, 6, 5, 21, 15][2, 27, 10, 29][24, 7, 16, 28][12, 8, 26][7, 10][15, 16][20, 23][0, 13][12, 19][7, 20] 
[4, 23, 9, 3, 1, 14, 11][17, 19, 18, 0, 22, 25][13, 6, 5, 21, 15][2, 27, 10, 29][24, 7, 16, 28][12, 8, 26][7, 10][15, 16][20, 23][0, 13][12, 19][7, 20] 
[17, 19, 18, 0, 22, 25][13, 6, 5, 21, 15][1, 3, 9, 23, 4][2, 27, 10, 29][24, 7, 16, 28][10, 7, 20][12, 8, 26][1, 14, 11][14, 24][15, 16][0, 13][12, 19] 
[17, 19, 18, 0, 22, 25][1, 3, 9, 23, 4][13, 6, 5, 21, 15][24, 7, 16, 28][2, 27, 10, 29][11, 14, 24][10, 7, 20][12, 8, 26][1, 14][15, 16][0, 13][12, 19] 
[4, 23, 9, 3, 1, 14, 11][17, 19, 18, 0, 22, 25][13, 6, 5, 21, 15][2, 27, 10, 29][24, 7, 16, 28][12, 8, 26][7, 10][15, 16][20, 23][0, 13][12, 19][7, 20] 
[4, 23, 9, 3, 1, 14, 11][17, 19, 18, 0, 22, 25][13, 6, 5, 21, 15][2, 27, 10, 29][24, 7, 16, 28][12, 8, 26][7, 10][15, 16][20, 23][0, 13][12, 19][7, 20] 
[24, 4, 3, 23, 1, 9, 14, 11, 17, 12, 19, 8, 26][19, 0, 13, 6, 5, 21, 15, 29, 10, 7, 20, 24][12, 18, 22, 25, 28, 16, 27][25, 28][2, 7][25, 28][11, 17][25, 28][0, 13][25, 28][5, 21][11, 17] 
[4, 3, 23, 1, 9, 14, 11, 17, 12, 19, 8, 26][19, 0, 13, 6, 5, 21, 15, 29, 10, 7, 20, 24][12, 18, 22, 25, 28, 16, 27][2, 7, 24][25, 28][25, 28][11, 17][25, 28][0, 13][25, 28][5, 21][11, 17] 
[20, 4, 3, 23, 1, 9, 14, 11, 17, 12, 19, 8, 26][19, 0, 13, 6, 5, 21, 15, 29, 10, 7, 20, 24][12, 18, 22, 25, 28, 16, 27][25, 28][2, 7][25, 28][11, 17][25, 28][0, 13][25, 28][5, 21][11, 17] 
[4, 3, 23, 1, 9, 14, 11, 17, 12, 19, 8, 26][0, 13, 6, 5, 21, 15, 29, 10, 7, 20, 24][12, 18, 22, 25, 28, 16, 27][2, 7][5, 21][0, 12][11, 17][25, 28][5, 6][25, 28][25, 28][16, 28] 
[4, 3, 23, 1, 9, 14, 11, 17, 12, 19, 8, 26][0, 13, 6, 5, 21, 15, 29, 10, 7, 20, 24][12, 18, 22, 25, 28, 16, 27][12, 0, 13][2, 7][5, 21][11, 17][25, 28][5, 6][25, 28][25, 28][16, 28] 
[4, 3, 23, 1, 9, 14, 11, 17, 12, 19, 8, 26][13, 6, 5, 21, 15, 29, 10, 7, 20, 24][0, 12, 18, 22, 25, 28, 16, 27][2, 7][5, 21][0, 13][11, 17][25, 28][5, 6][25, 28][25, 28][16, 28] 
[24, 4, 3, 23, 1, 9, 14, 11, 17, 12, 19, 8, 26][19, 0, 13, 6, 5, 21, 15, 29, 10, 7, 20, 24][12, 18, 22, 25, 28, 16, 27][25, 28][2, 7][25, 28][11, 17][25, 28][0, 13][25, 28][5, 21][11, 17] 
[4, 3, 23, 1, 9, 14, 11, 17, 12, 19, 8, 26][19, 0, 13, 6, 5, 21, 15, 29, 10, 7, 20, 24][12, 18, 22, 25, 28, 16, 27][25, 28][2, 7][25, 28][11, 17][25, 28][0, 13][25, 28][5, 21][11, 17] 
[4, 3, 23, 1, 9, 14, 11, 17, 12, 19, 8, 26][0, 13, 6, 5, 21, 15, 29, 10, 7, 20, 24][12, 18, 22, 25, 28, 16, 27][2, 7][5, 21][0, 12][11, 17][25, 28][5, 6][25, 28][25, 28][16, 28] 
[20, 4, 3, 23, 1, 9, 14, 11, 17, 12, 19, 8, 26][19, 0, 13, 6, 5, 21, 15, 29, 10, 7, 20, 24][12, 18, 22, 25, 28, 16, 27][25, 28][2, 7][25, 28][11, 17][25, 28][0, 13][25, 28][5, 21][11, 17] 
[4, 3, 23, 1, 9, 14, 11, 17, 12, 19, 8, 26][19, 0, 13, 6, 5, 21, 15, 29, 10, 7, 20, 24][12, 18, 22, 25, 28, 16, 27][2, 7, 24][25, 28][25, 28][11, 17][25, 28][0, 13][25, 28][5, 21][11, 17] 
[4, 3, 23, 1, 9, 14, 11, 17, 12, 19, 8, 26][19, 0, 13, 6, 5, 21, 15, 29, 10, 7, 20, 24][12, 18, 22, 25, 28, 16, 27][2, 7, 24][22, 25, 28][25, 28][11, 17][25, 28][0, 13][25, 28][5, 21][11, 17] 
[4, 3, 23, 1, 9, 14, 11, 17, 12, 19, 8, 26][0, 13, 6, 5, 21, 15, 29, 10, 7, 20, 24][12, 18, 22, 25, 28, 16, 27][12, 0, 13][2, 7][5, 21][11, 17][25, 28][5, 6][25, 28][25, 28][16, 28] 
[4, 3, 23, 1, 9, 14, 11, 17, 12, 19, 8, 26][19, 0, 13, 6, 5, 21, 15, 29, 10, 7, 20, 24][12, 18, 22, 25, 28, 16, 27][25, 28][2, 7][25, 28][11, 17][25, 28][0, 13][25, 28][5, 21][11, 17] 
[4, 3, 23, 1, 9, 14, 11, 17, 12, 19, 8, 26][19, 0, 13, 6, 5, 21, 15, 29, 10, 7, 20, 24][12, 18, 22, 25, 28, 16, 27][2, 7, 24][22, 25, 28][25, 28][11, 17][25, 28][0, 13][25, 28][5, 21][11, 17] 
[18, 22, 19, 0, 13, 6, 5, 21, 15, 29, 10, 7, 20, 24][4, 3, 23, 1, 9, 14, 11, 17, 12, 19, 8, 26][22, 25, 28, 16, 27][25, 28][2, 7][25, 28][11, 17][25, 28][0, 13][25, 28][5, 21][11, 17] 
[18, 22, 19, 0, 13, 6, 5, 21, 15, 29, 10, 7, 20, 24][4, 3, 23, 1, 9, 14, 11, 17, 12, 19, 8, 26][22, 25, 28, 16, 27][25, 28][2, 7][25, 28][11, 17][25, 28][0, 13][25, 28][5, 21][11, 17] 
[4, 3, 23, 1, 9, 14, 11, 17, 12, 19, 8, 26][19, 0, 13, 6, 5, 21, 15, 29, 10, 7, 20][12, 18, 22, 25, 28, 16, 27][2, 7, 24, 23, 20, 4][25, 28][25, 28][11, 17][25, 28][0, 13][25, 28][5, 21][11, 17] 
[18, 22, 19, 0, 13, 6, 5, 21, 15, 29, 10, 7, 20, 24][4, 3, 23, 1, 9, 14, 11, 17, 12, 19, 8, 26][22, 25, 28, 16, 27][25, 28][2, 7][25, 28][11, 17][25, 28][0, 13][25, 28][5, 21][11, 17] 
[18, 22, 19, 0, 13, 6, 5, 21, 15, 29, 10, 7, 20, 24][4, 3, 23, 1, 9, 14, 11, 17, 12, 19, 8, 26][22, 25, 28, 16, 27][25, 28][2, 7][25, 28][11, 17][25, 28][0, 13][25, 28][5, 21][11, 17] 
[18, 22, 19, 0, 13, 6, 5, 21, 15, 29, 10, 7, 20, 24][4, 3, 23, 1, 9, 14, 11, 17, 12, 19, 8, 26][12, 18, 22, 25, 28, 16, 27][2, 7, 24][25, 28][25, 28][11, 17][25, 28][0, 13][25, 28][5, 21][11, 17] 
[17, 19, 18, 0, 22, 25][13, 6, 5, 21, 15][1, 3, 9, 23, 4][24, 7, 16, 28][2, 27, 10, 29][10, 7, 20][11, 14, 24][12, 8, 26][0, 13][15, 16][1, 14][12, 19] 
[17, 19, 18, 0, 22, 25][13, 6, 5, 21, 15][1, 3, 9, 23, 4][24, 7, 16, 28][2, 27, 10, 29][10, 7, 20][11, 14, 24][12, 8, 26][0, 13][15, 16][1, 14][12, 19] 
[17, 19, 18, 0, 22, 25][1, 3, 9, 23, 4][13, 6, 5, 21, 15][24, 7, 16, 28][2, 27, 10, 29][11, 14, 24][10, 7, 20][12, 8, 26][1, 14][15, 16][0, 13][12, 19] 
[17, 19, 18, 0, 22, 25][13, 6, 5, 21, 15][1, 3, 9, 23, 4][24, 7, 16, 28][2, 27, 10, 29][11, 14, 24][10, 7, 20][12, 8, 26][0, 13][15, 16][12, 19][1, 14] 
[17, 19, 18, 0, 22, 25][13, 6, 5, 21, 15][1, 3, 9, 23, 4][24, 7, 16, 28][2, 27, 10, 29][11, 14, 24][10, 7, 20][12, 8, 26][15, 16][1, 14][0, 13][12, 19] 
[17, 19, 18, 0, 22, 25][13, 6, 5, 21, 15][1, 3, 9, 23, 4][24, 7, 16, 28][2, 27, 10, 29][12, 8, 26][11, 14, 24][10, 7, 20][12, 19][0, 13][15, 16][1, 14] 
[17, 19, 18, 0, 22, 25][13, 6, 5, 21, 15][1, 3, 9, 23, 4][24, 7, 16, 28][2, 27, 10, 29][10, 7, 20][11, 14, 24][12, 8, 26][0, 13][15, 16][1, 14][12, 19] 
[17, 19, 18, 0, 22, 25][13, 6, 5, 21, 15][1, 3, 9, 23, 4][24, 7, 16, 28][2, 27, 10, 29][10, 7, 20][11, 14, 24][12, 8, 26][0, 13][15, 16][1, 14][12, 19] 
[17, 19, 18, 0, 22, 25][13, 6, 5, 21, 15][1, 3, 9, 23, 4][24, 7, 16, 28][2, 27, 10, 29][10, 7, 20][11, 14, 24][12, 8, 26][0, 13][15, 16][1, 14][12, 19] 
[17, 19, 18, 0, 22, 25][13, 6, 5, 21, 15][1, 3, 9, 23, 4][24, 7, 16, 28][2, 27, 10, 29][10, 7, 20][11, 14, 24][12, 8, 26][0, 13][15, 16][1, 14][12, 19] 
[17, 19, 18, 0, 22, 25][13, 6, 5, 21, 15][1, 3, 9, 23, 4][24, 7, 16, 28][2, 27, 10, 29][10, 7, 20][11, 14, 24][12, 8, 26][0, 13][15, 16][1, 14][12, 19] 
[17, 19, 18, 0, 22, 25][1, 3, 9, 23, 4][13, 6, 5, 21, 15][24, 7, 16, 28][2, 27, 10, 29][11, 14, 24][10, 7, 20][12, 8, 26][1, 14][15, 16][0, 13][12, 19] 
[17, 19, 18, 0, 22, 25][1, 3, 9, 23, 4][13, 6, 5, 21, 15][24, 7, 16, 28][2, 27, 10, 29][11, 14, 24][10, 7, 20][12, 8, 26][1, 14][15, 16][0, 13][12, 19] 
[17, 19, 18, 0, 22, 25][13, 6, 5, 21, 15][1, 3, 9, 23, 4][24, 7, 16, 28][2, 27, 10, 29][10, 7, 20][11, 14, 24][12, 8, 26][0, 13][15, 16][1, 14][12, 19] 
[17, 19, 18, 0, 22, 25][13, 6, 5, 21, 15][1, 3, 9, 23, 4][24, 7, 16, 28][2, 27, 10, 29][12, 8, 26][11, 14, 24][10, 7, 20][12, 19][0, 13][15, 16][1, 14] 
[4, 23, 9, 3, 1, 14, 11][17, 19, 18, 0, 22, 25][13, 6, 5, 21, 15][2, 27, 10, 29][24, 7, 16, 28][12, 8, 26][7, 10][15, 16][20, 23][0, 13][12, 19][7, 20] 
[4, 23, 9, 3, 1, 14, 11][17, 19, 18, 0, 22, 25][13, 6, 5, 21, 15][2, 27, 10, 29][24, 7, 16, 28][12, 8, 26][7, 10][15, 16][20, 23][0, 13][12, 19][7, 20] 
[4, 23, 9, 3, 1, 14, 11][17, 19, 18, 0, 22, 25][13, 6, 5, 21, 15][2, 27, 10, 29][24, 7, 16, 28][12, 8, 26][7, 10][15, 16][20, 23][0, 13][12, 19][7, 20] 
[4, 23, 9, 3, 1, 14, 11][17, 19, 18, 0, 22, 25][13, 6, 5, 21, 15][2, 27, 10, 29][24, 7, 16, 28][12, 8, 26][7, 10][15, 16][20, 23][0, 13][12, 19][7, 20] 
[4, 23, 9, 3, 1, 14, 11][17, 19, 18, 0, 22, 25][13, 6, 5, 21, 15][2, 27, 10, 29][24, 7, 16, 28][12, 8, 26][7, 10][15, 16][20, 23][0, 13][12, 19][7, 20] 
[4, 23, 9, 3, 1, 14, 11][17, 19, 18, 0, 22, 25][13, 6, 5, 21, 15][24, 7, 16, 28][2, 27, 10, 29][12, 8, 26][10, 7, 20][0, 13][12, 19][15, 16][20, 23][1, 3] 
[17, 19, 18, 0, 22, 25][13, 6, 5, 21, 15][1, 3, 9, 23, 4][24, 7, 16, 28][2, 27, 10, 29][12, 8, 26][10, 7, 20][11, 14, 24][12, 19][0, 13][15, 16][1, 14] 
[17, 19, 18, 0, 22, 25][13, 6, 5, 21, 15][1, 3, 9, 23, 4][24, 7, 16, 28][2, 27, 10, 29][12, 8, 26][10, 7, 20][11, 14, 24][12, 19][0, 13][15, 16][1, 14] 
[17, 19, 18, 0, 22, 25][13, 6, 5, 21, 15][1, 3, 9, 23, 4][24, 7, 16, 28][2, 27, 10, 29][10, 7, 20][11, 14, 24][12, 8, 26][15, 16][1, 14][0, 13][12, 19] 
[17, 19, 18, 0, 22, 25][13, 6, 5, 21, 15][1, 3, 9, 23, 4][24, 7, 16, 28][2, 27, 10, 29][10, 7, 20][11, 14, 24][12, 8, 26][0, 13][15, 16][1, 14][12, 19] 
[17, 19, 18, 0, 22, 25][13, 6, 5, 21, 15][1, 3, 9, 23, 4][24, 7, 16, 28][2, 27, 10, 29][10, 7, 20][11, 14, 24][12, 8, 26][0, 13][15, 16][1, 14][12, 19] 
[17, 19, 18, 0, 22, 25][13, 6, 5, 21, 15][1, 3, 9, 23, 4][24, 7, 16, 28][2, 27, 10, 29][10, 7, 20][11, 14, 24][12, 8, 26][15, 16][1, 14][0, 13][12, 19] 
[17, 19, 18, 0, 22, 25][13, 6, 5, 21, 15][1, 3, 9, 23, 4][24, 7, 16, 28][2, 27, 10, 29][10, 7, 20][11, 14, 24][12, 8, 26][15, 16][1, 14][0, 13][12, 19] 
[4, 23, 9, 3, 1, 14, 11][17, 19, 18, 0, 22, 25][13, 6, 5, 21, 15][2, 27, 10, 29][24, 7, 16, 28][12, 8, 26][7, 10][15, 16][20, 23][0, 13][12, 19][7, 20] 
[4, 23, 9, 3, 1, 14, 11][17, 19, 18, 0, 22, 25][13, 6, 5, 21, 15][2, 27, 10, 29][24, 7, 16, 28][12, 8, 26][7, 10][15, 16][20, 23][0, 13][12, 19][7, 20] 
[4, 23, 9, 3, 1, 14, 11][17, 19, 18, 0, 22, 25][13, 6, 5, 21, 15][2, 27, 10, 29][24, 7, 16, 28][12, 8, 26][7, 10][15, 16][20, 23][0, 13][12, 19][7, 20] 
[4, 23, 9, 3, 1, 14, 11][17, 19, 18, 0, 22, 25][13, 6, 5, 21, 15][2, 27, 10, 29][24, 7, 16, 28][12, 8, 26][7, 10][15, 16][20, 23][0, 13][12, 19][7, 20] 
[4, 23, 9, 3, 1, 14, 11][17, 19, 18, 0, 22, 25][13, 6, 5, 21, 15][2, 27, 10, 29][24, 7, 16, 28][12, 8, 26][7, 10][15, 16][20, 23][0, 13][12, 19][7, 20] 
[4, 23, 9, 3, 1, 14, 11][17, 19, 18, 0, 22, 25][13, 6, 5, 21, 15][2, 27, 10, 29][24, 7, 16, 28][12, 8, 26][7, 10][15, 16][20, 23][0, 13][12, 19][7, 20] 
[4, 23, 9, 3, 1, 14, 11][17, 19, 18, 0, 22, 25][13, 6, 5, 21, 15][2, 27, 10, 29][24, 7, 16, 28][12, 8, 26][7, 10][15, 16][20, 23][0, 13][12, 19][7, 20] 
[4, 23, 9, 3, 1, 14, 11][17, 19, 18, 0, 22, 25][13, 6, 5, 21, 15][2, 27, 10, 29][24, 7, 16, 28][12, 8, 26][7, 10][15, 16][20, 23][0, 13][12, 19][7, 20] 
[4, 23, 9, 3, 1, 14, 11][17, 19, 18, 0, 22, 25][13, 6, 5, 21, 15][2, 27, 10, 29][24, 7, 16, 28][12, 8, 26][7, 10][15, 16][20, 23][0, 13][12, 19][7, 20] 
[4, 23, 9, 3, 1, 14, 11][17, 19, 18, 0, 22, 25][13, 6, 5, 21, 15][2, 27, 10, 29][24, 7, 16, 28][12, 8, 26][7, 10][15, 16][20, 23][0, 13][12, 19][7, 20] 
[4, 23, 9, 3, 1, 14, 11][17, 19, 18, 0, 22, 25][13, 6, 5, 21, 15][2, 27, 10, 29][24, 7, 16, 28][12, 8, 26][7, 10][15, 16][20, 23][0, 13][12, 19][7, 20] 
[4, 23, 9, 3, 1, 14, 11][17, 19, 18, 0, 22, 25][13, 6, 5, 21, 15][2, 27, 10, 29][24, 7, 16, 28][12, 8, 26][7, 10][15, 16][20, 23][0, 13][12, 19][7, 20] 
[4, 23, 9, 3, 1, 14, 11][17, 19, 18, 0, 22, 25][13, 6, 5, 21, 15][2, 27, 10, 29][24, 7, 16, 28][12, 8, 26][7, 10][15, 16][20, 23][0, 13][12, 19][7, 20] 
[4, 23, 9, 3, 1, 14, 11][17, 19, 18, 0, 22, 25][13, 6, 5, 21, 15][2, 27, 10, 29][24, 7, 16, 28][12, 8, 26][7, 10][15, 16][20, 23][0, 13][12, 19][7, 20] 
[4, 23, 9, 3, 1, 14, 11][17, 19, 18, 0, 22, 25][13, 6, 5, 21, 15][2, 27, 10, 29][24, 7, 16, 28][12, 8, 26][7, 10][15, 16][20, 23][0, 13][12, 19][7, 20] 
[4, 23, 9, 3, 1, 14, 11][17, 19, 18, 0, 22, 25][13, 6, 5, 21, 15][24, 7, 16, 28][2, 27, 10, 29][12, 8, 26][10, 7, 20][0, 13][12, 19][15, 16][20, 23][1, 3] 
[4, 23, 9, 3, 1, 14, 11][17, 19, 18, 0, 22, 25][13, 6, 5, 21, 15][24, 7, 16, 28][2, 27, 10, 29][13, 0, 22][12, 8, 26][10, 7, 20][12, 19][15, 16][20, 23][1, 3] 
[4, 23, 9, 3, 1, 14, 11][17, 19, 18, 0, 22, 25][13, 6, 5, 21, 15][24, 7, 16, 28][2, 27, 10, 29][12, 8, 26][10, 7, 20][0, 13][12, 19][15, 16][20, 23][1, 3] 
[4, 23, 9, 3, 1, 14, 11][17, 19, 18, 0, 22, 25][13, 6, 5, 21, 15][24, 7, 16, 28][2, 27, 10, 29][13, 0, 22][12, 8, 26][10, 7, 20][12, 19][15, 16][20, 23][1, 3] 
[4, 23, 9, 3, 1, 14, 11][17, 19, 18, 0, 22, 25][13, 6, 5, 21, 15][24, 7, 16, 28][2, 27, 10, 29][12, 8, 26][10, 7, 20][0, 13][12, 19][15, 16][20, 23][1, 3] 
[4, 23, 9, 3, 1, 14, 11][17, 19, 18, 0, 22, 25][13, 6, 5, 21, 15][24, 7, 16, 28][2, 27, 10, 29][13, 0, 22][12, 8, 26][10, 7, 20][4, 23, 20][12, 19][15, 16][1, 3] 
[17, 19, 18, 0, 22, 25][13, 6, 5, 21, 15][1, 3, 9, 23, 4][24, 7, 16, 28][2, 27, 10, 29][11, 14, 24][10, 7, 20][12, 8, 26][15, 16][1, 14][0, 13][12, 19] 
[17, 19, 18, 0, 22, 25][13, 6, 5, 21, 15][1, 3, 9, 23, 4][24, 7, 16, 28][2, 27, 10, 29][10, 7, 20][11, 14, 24][12, 8, 26][15, 16][0, 13][1, 14][12, 19] 
[17, 19, 18, 0, 22, 25][13, 6, 5, 21, 15][1, 3, 9, 23, 4][24, 7, 16, 28][2, 27, 10, 29][12, 8, 26][11, 14, 24][10, 7, 20][12, 19][0, 13][15, 16][1, 14] 
[17, 19, 18, 0, 22, 25][13, 6, 5, 21, 15][1, 3, 9, 23, 4][24, 7, 16, 28][2, 27, 10, 29][10, 7, 20][11, 14, 24][12, 8, 26][0, 13][15, 16][1, 14][12, 19] 
[17, 19, 18, 0, 22, 25][13, 6, 5, 21, 15][1, 3, 9, 23, 4][24, 7, 16, 28][2, 27, 10, 29][12, 8, 26][11, 14, 24][10, 7, 20][12, 19][0, 13][15, 16][1, 14] 
[4, 23, 9, 3, 1, 14, 11][17, 19, 18, 0, 22, 25][13, 6, 5, 21, 15][2, 27, 10, 29][24, 7, 16, 28][12, 8, 26][7, 10][15, 16][20, 23][0, 13][12, 19][7, 20] 
[17, 19, 18, 0, 22, 25][13, 6, 5, 21, 15][1, 3, 9, 23, 4][24, 7, 16, 28][2, 27, 10, 29][12, 8, 26][11, 14, 24][10, 7, 20][12, 19][0, 13][15, 16][1, 14] 
