[13, 18, 0, 12, 8, 26][16, 28, 17, 22, 19][9, 3, 4, 20, 23][6, 5, 21, 2, 29][7, 27, 15, 10][14, 11, 25][1, 24, 7][11, 17][1, 14][1, 9][18, 22][6, 15] 
[13, 18, 0, 12, 8, 26][10, 15, 27, 7, 24][6, 5, 21, 2, 29][9, 3, 4, 20, 23][16, 28, 17, 22, 19][14, 11, 25][6, 15][1, 9][11, 17][18, 22][1, 24][1, 14] 
[13, 18, 0, 12, 8, 26][6, 5, 21, 2, 29][9, 3, 4, 20, 23][7, 27, 15, 10][1, 14, 11, 25][19, 22, 17, 28][7, 20, 24][6, 15][11, 17][18, 22][16, 28][7, 16] 
[13, 18, 0, 12, 8, 26][6, 5, 21, 2, 29][9, 3, 4, 20, 23][7, 27, 15, 10][1, 14, 11, 25][19, 22, 17, 28][7, 20, 24][6, 15][11, 17][18, 22][16, 28][7, 16] 
[13, 18, 0, 12, 8, 26][16, 28, 17, 22, 19][9, 3, 4, 20, 23][6, 5, 21, 2, 29][7, 27, 15, 10][14, 1, 24][14, 11, 25][11, 17][18, 22][7, 24][1, 9][6, 15] 
[13, 18, 0, 12, 8, 26][16, 28, 17, 22, 19][9, 3, 4, 20, 23][6, 5, 21, 2, 29][7, 27, 15, 10][14, 11, 25][14, 1, 24][11, 17][18, 22][1, 9][6, 15][7, 24] 
[13, 18, 0, 12, 8, 26][16, 28, 17, 22, 19][9, 3, 4, 20, 23][6, 5, 21, 2, 29][7, 27, 15, 10][14, 11, 25][14, 1, 24][11, 17][18, 22][1, 9][6, 15][7, 24] 
[13, 18, 0, 12, 8, 26][16, 28, 17, 22, 19][9, 3, 4, 20, 23][6, 5, 21, 2, 29][7, 27, 15, 10][14, 11, 25][14, 1, 24][11, 17][18, 22][1, 9][6, 15][7, 24] 
[13, 18, 0, 12, 8, 26][16, 28, 17, 22, 19][9, 3, 4, 20, 23][6, 5, 21, 2, 29][7, 27, 15, 10][14, 1, 24][14, 11, 25][11, 17][18, 22][7, 24][1, 9][6, 15] 
[13, 18, 0, 12, 8, 26][16, 28, 17, 22, 19][9, 3, 4, 20, 23][6, 5, 21, 2, 29][7, 27, 15, 10][14, 11, 25][14, 1, 24][11, 17][18, 22][1, 9][6, 15][7, 24] 
[13, 18, 0, 12, 8, 26][16, 28, 17, 22, 19][9, 3, 4, 20, 23][6, 5, 21, 2, 29][7, 27, 15, 10][14, 11, 25][1, 24, 7][18, 22][11, 17][1, 14][1, 9][6, 15] 
[13, 18, 0, 12, 8, 26][10, 15, 27, 7, 24][9, 3, 4, 20, 23][6, 5, 21, 2, 29][16, 28, 17, 22, 19][14, 11, 25][1, 24][1, 9][6, 15][1, 14][11, 17][18, 22] 
[13, 18, 0, 12, 8, 26][6, 5, 21, 2, 29][9, 3, 4, 20, 23][7, 27, 15, 10][1, 14, 11, 25][19, 22, 17, 28][7, 20, 24][6, 15][11, 17][18, 22][16, 28][7, 16] 
[13, 18, 0, 12, 8, 26][16, 28, 17, 22, 19][9, 3, 4, 20, 23][6, 5, 21, 2, 29][7, 27, 15, 10][14, 11, 25][14, 1, 24][11, 17][18, 22][1, 9][6, 15][7, 24] 
[13, 18, 0, 12, 8, 26][16, 28, 17, 22, 19][9, 3, 4, 20, 23][6, 5, 21, 2, 29][7, 27, 15, 10][14, 11, 25][14, 1, 24][11, 17][18, 22][1, 9][6, 15][7, 24] 
[13, 18, 0, 12, 8, 26][16, 28, 17, 22, 19][9, 3, 4, 20, 23][6, 5, 21, 2, 29][7, 27, 15, 10][14, 11, 25][14, 1, 24][11, 17][18, 22][1, 9][6, 15][7, 24] 
[13, 18, 0, 12, 8, 26][9, 3, 4, 20, 23][16, 28, 17, 22, 19][6, 5, 21, 2, 29][7, 27, 15, 10][14, 11, 25][1, 24, 7][1, 14][1, 9][11, 17][18, 22][6, 15] 
[13, 18, 0, 12, 8, 26][10, 15, 27, 7, 24][9, 3, 4, 20, 23][6, 5, 21, 2, 29][16, 28, 17, 22, 19][14, 11, 25][1, 24][1, 9][6, 15][1, 14][11, 17][18, 22] 
[13, 18, 0, 12, 8, 26][16, 28, 17, 22, 19][9, 3, 4, 20, 23][6, 5, 21, 2, 29][7, 27, 15, 10][14, 11, 25][14, 1, 24][11, 17][18, 22][1, 9][6, 15][7, 24] 
[13, 18, 0, 12, 8, 26][9, 3, 4, 20, 23][16, 28, 17, 22, 19][6, 5, 21, 2, 29][7, 27, 15, 10][14, 11, 25][1, 24, 7][1, 14][1, 9][11, 17][18, 22][6, 15] 
[13, 18, 0, 12, 8, 26][16, 28, 17, 22, 19][9, 3, 4, 20, 23][6, 5, 21, 2, 29][7, 27, 15, 10][14, 11, 25][1, 24, 7][18, 22][11, 17][1, 14][1, 9][6, 15] 
[13, 18, 0, 12, 8, 26][10, 15, 27, 7, 24][6, 5, 21, 2, 29][9, 3, 4, 20, 23][16, 28, 17, 22, 19][14, 11, 25][6, 15][1, 9][11, 17][18, 22][1, 24][1, 14] 
[13, 18, 0, 12, 8, 26][6, 5, 21, 2, 29][9, 3, 4, 20, 23][7, 27, 15, 10][1, 14, 11, 25][19, 22, 17, 28][7, 20, 24][6, 15][11, 17][18, 22][16, 28][7, 16] 
[13, 18, 0, 12, 8, 26][16, 28, 17, 22, 19][9, 3, 4, 20, 23][6, 5, 21, 2, 29][7, 27, 15, 10][14, 11, 25][14, 1, 24][11, 17][18, 22][1, 9][6, 15][7, 24] 
[13, 18, 0, 12, 8, 26][16, 28, 17, 22, 19][9, 3, 4, 20, 23][6, 5, 21, 2, 29][7, 27, 15, 10][14, 11, 25][14, 1, 24][11, 17][18, 22][1, 9][6, 15][7, 24] 
[13, 18, 0, 12, 8, 26][16, 28, 17, 22, 19][9, 3, 4, 20, 23][6, 5, 21, 2, 29][7, 27, 15, 10][14, 11, 25][14, 1, 24][11, 17][18, 22][1, 9][6, 15][7, 24] 
[13, 18, 0, 12, 8, 26][16, 28, 17, 22, 19][9, 3, 4, 20, 23][6, 5, 21, 2, 29][7, 27, 15, 10][14, 11, 25][1, 24, 7][11, 17][1, 14][1, 9][18, 22][6, 15] 
[13, 18, 0, 12, 8, 26][10, 15, 27, 7, 24][9, 3, 4, 20, 23][6, 5, 21, 2, 29][16, 28, 17, 22, 19][14, 11, 25][1, 24][1, 9][6, 15][1, 14][11, 17][18, 22] 
[13, 18, 0, 12, 8, 26][16, 28, 17, 22, 19][9, 3, 4, 20, 23][6, 5, 21, 2, 29][7, 27, 15, 10][14, 11, 25][14, 1, 24][11, 17][18, 22][1, 9][6, 15][7, 24] 
[13, 18, 0, 12, 8, 26][16, 28, 17, 22, 19][9, 3, 4, 20, 23][6, 5, 21, 2, 29][7, 27, 15, 10][14, 11, 25][1, 24, 7][11, 17][1, 14][1, 9][18, 22][6, 15] 
[13, 18, 0, 12, 8, 26][16, 28, 17, 22, 19][9, 3, 4, 20, 23][6, 5, 21, 2, 29][7, 27, 15, 10][14, 11, 25][1, 24, 7][18, 22][11, 17][1, 14][1, 9][6, 15] 
[13, 18, 0, 12, 8, 26][10, 15, 27, 7, 24][9, 3, 4, 20, 23][6, 5, 21, 2, 29][16, 28, 17, 22, 19][14, 11, 25][1, 24][1, 9][6, 15][1, 14][11, 17][18, 22] 
[13, 18, 0, 12, 8, 26][9, 3, 4, 20, 23][6, 5, 21, 2, 29][16, 28, 17, 22, 19][7, 27, 15, 10][14, 1, 24][14, 11, 25][1, 9][7, 24][6, 15][11, 17][18, 22] 
[13, 18, 0, 12, 8, 26][16, 28, 17, 22, 19][9, 3, 4, 20, 23][6, 5, 21, 2, 29][7, 27, 15, 10][14, 11, 25][1, 24, 7][18, 22][11, 17][1, 14][1, 9][6, 15] 
[13, 18, 0, 12, 8, 26][16, 28, 17, 22, 19][9, 3, 4, 20, 23][6, 5, 21, 2, 29][7, 27, 15, 10][14, 11, 25][1, 24, 7][11, 17][1, 14][1, 9][18, 22][6, 15] 
[5, 21, 15, 29, 10, 27, 2, 6, 13, 18, 12, 8, 26, 0, 28][7, 24, 4, 1, 9, 23, 20, 14, 3, 11, 17, 19, 22][4, 14, 7, 16, 15, 29, 10, 2, 27][7, 25][20, 23][8, 26][10, 29][12, 18][10, 29][7, 14][1, 4][7, 14] 
[5, 21, 15, 29, 10, 27, 2, 6, 13, 18, 12, 8, 26, 0, 28][7, 24, 4, 1, 9, 23, 20, 14, 3, 11, 17, 19, 22][4, 14, 7, 16, 15, 29, 10, 2, 27][7, 25][20, 23][8, 26][10, 29][12, 18][10, 29][7, 14][1, 4][7, 14] 
[5, 21, 15, 29, 10, 27, 2, 6, 13, 18, 12, 8, 26, 0, 28][1, 9, 23, 20, 14, 3, 11, 17, 19, 22][15, 16, 7, 14, 4, 24][10, 29][7, 25][10, 29][20, 23][7, 14][8, 26][12, 18][8, 26][10, 29] 
[5, 21, 15, 29, 10, 27, 2, 6, 13, 18, 12, 8, 26, 0, 28][22, 19, 17, 11, 3, 14, 20, 23, 9, 1, 4, 24][14, 7, 16, 15][0, 28][7, 25][8, 26][10, 29][20, 23][10, 29][19, 22][7, 14][10, 29] 
[5, 21, 15, 29, 10, 27, 2, 6, 13, 18, 12, 8, 26, 0, 28][22, 19, 17, 11, 3, 14, 20, 23, 9, 1, 4, 24][14, 7, 16, 15][2, 7, 25][0, 28][8, 26][10, 29][20, 23][10, 29][19, 22][7, 14][10, 29] 
[5, 21, 15, 29, 10, 27, 2, 6, 13, 18, 12, 8, 26, 0, 28][1, 9, 23, 20, 14, 3, 11, 17, 19, 22][16, 7, 14, 4, 24][25, 7, 28][10, 29][10, 29][20, 23][7, 14][8, 26][12, 18][8, 26][10, 29] 
[5, 21, 15, 29, 10, 27, 2, 6, 13, 18, 12, 8, 26, 0, 28][1, 9, 23, 20, 14, 3, 11, 17, 19, 22][15, 16, 7, 14, 4, 24][10, 29][7, 25][10, 29][20, 23][7, 14][8, 26][12, 18][8, 26][10, 29] 
[5, 21, 15, 29, 10, 27, 2, 6, 13, 18, 12, 8, 26, 0, 28][7, 24, 4, 1, 9, 23, 20, 14, 3, 11, 17, 19, 22][4, 14, 7, 16, 15, 29, 10, 2, 27][6, 13, 18, 12][7, 25][20, 23][8, 26][10, 29][10, 29][7, 14][1, 4][7, 14] 
[5, 21, 15, 29, 10, 27, 2, 6, 13, 18, 12, 8, 26, 0, 28][22, 19, 17, 11, 3, 14, 20, 23, 9, 1, 4, 24][14, 7, 16, 15][0, 28][7, 25][8, 26][10, 29][20, 23][10, 29][19, 22][7, 14][10, 29] 
[5, 21, 15, 29, 10, 27, 2, 6, 13, 18, 12, 8, 26, 0, 28][7, 24, 4, 1, 9, 23, 20, 14, 3, 11, 17, 19, 22][1, 24, 4, 14, 7, 16, 15, 29, 10, 2, 27][7, 25][20, 23][8, 26][10, 29][12, 18][10, 29][7, 14][1, 4][7, 14] 
[5, 21, 15, 29, 10, 27, 2, 6, 13, 18, 12, 8, 26, 0, 28][7, 24, 4, 1, 9, 23, 20, 14, 3, 11, 17, 19, 22][9, 1, 24, 4, 14, 7, 16, 15, 29, 10, 2, 27][2, 27, 10, 29][7, 25][20, 23][8, 26][10, 29][12, 18][7, 14][1, 4][7, 14] 
[5, 21, 15, 29, 10, 27, 2, 6, 13, 18, 12, 8, 26, 0, 28][7, 24, 4, 1, 9, 23, 20, 14, 3, 11, 17, 19, 22][9, 1, 24, 4, 14, 7, 16, 15, 29, 10, 2, 27][21, 10, 29, 27, 15, 2, 7, 25][2, 27, 10, 29][20, 23][8, 26][10, 29][12, 18][7, 14][1, 4][7, 14] 
[5, 21, 15, 29, 10, 27, 2, 6, 13, 18, 12, 8, 26, 0, 28][22, 19, 17, 11, 3, 14, 20, 23, 9, 1, 4, 24][14, 7, 16, 15][2, 7, 25][0, 28][8, 26][10, 29][20, 23][10, 29][19, 22][7, 14][10, 29] 
[5, 21, 15, 29, 10, 27, 2, 6, 13, 18, 12, 8, 26, 0, 28][7, 24, 4, 1, 9, 23, 20, 14, 3, 11, 17, 19, 22][4, 14, 7, 16, 15, 29, 10, 2, 27][6, 13, 18, 12][7, 25][20, 23][8, 26][10, 29][10, 29][7, 14][1, 4][7, 14] 
[5, 21, 15, 29, 10, 27, 2, 6, 13, 18, 12, 8, 26, 0, 28][1, 9, 23, 20, 14, 3, 11, 17, 19, 22][15, 16, 7, 14, 4, 24][10, 29][7, 25][10, 29][20, 23][7, 14][8, 26][12, 18][8, 26][10, 29] 
[20, 23, 3, 9, 1, 24, 4, 14, 7, 16, 15, 29, 10, 2, 27][5, 21, 15, 29, 10, 27, 2, 6, 13, 18, 12, 8, 26, 0, 28][7, 24, 4, 1, 9, 23, 20, 14, 3, 11, 17, 19, 22][2, 10, 29][7, 25][20, 23][8, 26][12, 18][10, 29][7, 14][1, 4][7, 14] 
[5, 21, 15, 29, 10, 27, 2, 6, 13, 18, 12, 8, 26, 0, 28][7, 24, 4, 1, 9, 23, 20, 14, 3, 11, 17, 19, 22][9, 1, 24, 4, 14, 7, 16, 15, 29, 10, 2, 27][7, 25][20, 23][8, 26][10, 29][12, 18][10, 29][7, 14][1, 4][7, 14] 
[5, 21, 15, 29, 10, 27, 2, 6, 13, 18, 12, 8, 26, 0, 28][1, 9, 23, 20, 14, 3, 11, 17, 19, 22][15, 16, 7, 14, 4, 24][10, 29][7, 25][10, 29][20, 23][7, 14][8, 26][12, 18][8, 26][10, 29] 
[5, 21, 15, 29, 10, 27, 2, 6, 13, 18, 12, 8, 26, 0, 28][7, 24, 4, 1, 9, 23, 20, 14, 3, 11, 17, 19, 22][14, 7, 16, 15, 29, 10, 2, 27][7, 25][20, 23][8, 26][10, 29][12, 18][10, 29][7, 14][1, 4][7, 14] 
[5, 21, 15, 29, 10, 27, 2, 6, 13, 18, 12, 8, 26, 0, 28][7, 24, 4, 1, 9, 23, 20, 14, 3, 11, 17, 19, 22][14, 7, 16, 15, 29, 10, 2, 27][7, 25][20, 23][8, 26][10, 29][12, 18][10, 29][7, 14][1, 4][7, 14] 
[5, 21, 15, 29, 10, 27, 2, 6, 13, 18, 12, 8, 26, 0, 28][7, 24, 4, 1, 9, 23, 20, 14, 3, 11, 17, 19, 22][4, 14, 7, 16, 15, 29, 10, 2, 27][7, 25][20, 23][8, 26][10, 29][12, 18][10, 29][7, 14][1, 4][7, 14] 
[13, 18, 0, 12, 8, 26][9, 3, 4, 20, 23][16, 28, 17, 22, 19][6, 5, 21, 2, 29][7, 27, 15, 10][14, 1, 24][14, 11, 25][1, 9][7, 24][11, 17][6, 15][18, 22] 
[13, 18, 0, 12, 8, 26][16, 28, 17, 22, 19][9, 3, 4, 20, 23][6, 5, 21, 2, 29][7, 27, 15, 10][14, 11, 25][14, 1, 24][11, 17][18, 22][1, 9][6, 15][7, 24] 
[13, 18, 0, 12, 8, 26][16, 28, 17, 22, 19][9, 3, 4, 20, 23][6, 5, 21, 2, 29][7, 27, 15, 10][14, 11, 25][14, 1, 24][11, 17][18, 22][1, 9][6, 15][7, 24] 
[13, 18, 0, 12, 8, 26][16, 28, 17, 22, 19][9, 3, 4, 20, 23][6, 5, 21, 2, 29][7, 27, 15, 10][14, 11, 25][14, 1, 24][11, 17][18, 22][1, 9][6, 15][7, 24] 
[13, 18, 0, 12, 8, 26][16, 28, 17, 22, 19][9, 3, 4, 20, 23][6, 5, 21, 2, 29][7, 27, 15, 10][14, 11, 25][14, 1, 24][11, 17][18, 22][1, 9][6, 15][7, 24] 
[13, 18, 0, 12, 8, 26][16, 28, 17, 22, 19][9, 3, 4, 20, 23][6, 5, 21, 2, 29][7, 27, 15, 10][14, 11, 25][14, 1, 24][11, 17][18, 22][1, 9][6, 15][7, 24] 
[13, 18, 0, 12, 8, 26][16, 28, 17, 22, 19][9, 3, 4, 20, 23][6, 5, 21, 2, 29][7, 27, 15, 10][14, 11, 25][14, 1, 24][11, 17][18, 22][1, 9][6, 15][7, 24] 
[13, 18, 0, 12, 8, 26][16, 28, 17, 22, 19][9, 3, 4, 20, 23][6, 5, 21, 2, 29][7, 27, 15, 10][14, 11, 25][14, 1, 24][11, 17][18, 22][1, 9][6, 15][7, 24] 
[13, 18, 0, 12, 8, 26][16, 28, 17, 22, 19][9, 3, 4, 20, 23][6, 5, 21, 2, 29][7, 27, 15, 10][14, 11, 25][14, 1, 24][11, 17][18, 22][1, 9][6, 15][7, 24] 
[13, 18, 0, 12, 8, 26][16, 28, 17, 22, 19][9, 3, 4, 20, 23][6, 5, 21, 2, 29][7, 27, 15, 10][14, 11, 25][14, 1, 24][11, 17][18, 22][1, 9][6, 15][7, 24] 
[13, 18, 0, 12, 8, 26][16, 28, 17, 22, 19][9, 3, 4, 20, 23][6, 5, 21, 2, 29][7, 27, 15, 10][14, 11, 25][14, 1, 24][11, 17][18, 22][1, 9][6, 15][7, 24] 
[13, 18, 0, 12, 8, 26][16, 28, 17, 22, 19][9, 3, 4, 20, 23][6, 5, 21, 2, 29][7, 27, 15, 10][14, 11, 25][14, 1, 24][18, 22][11, 17][1, 9][7, 24][6, 15] 
[13, 18, 0, 12, 8, 26][16, 28, 17, 22, 19][9, 3, 4, 20, 23][6, 5, 21, 2, 29][7, 27, 15, 10][14, 11, 25][14, 1, 24][11, 17][18, 22][1, 9][6, 15][7, 24] 
[13, 18, 0, 12, 8, 26][16, 28, 17, 22, 19][9, 3, 4, 20, 23][6, 5, 21, 2, 29][7, 27, 15, 10][14, 11, 25][14, 1, 24][11, 17][18, 22][1, 9][6, 15][7, 24] 
[13, 18, 0, 12, 8, 26][16, 28, 17, 22, 19][9, 3, 4, 20, 23][6, 5, 21, 2, 29][7, 27, 15, 10][14, 11, 25][14, 1, 24][11, 17][18, 22][1, 9][6, 15][7, 24] 
[13, 18, 0, 12, 8, 26][16, 28, 17, 22, 19][6, 5, 21, 2, 29][9, 3, 4, 20, 23][7, 27, 15, 10][14, 11, 25][1, 24, 7][11, 17][1, 14][6, 15][1, 9][18, 22] 
[13, 18, 0, 12, 8, 26][16, 28, 17, 22, 19][9, 3, 4, 20, 23][6, 5, 21, 2, 29][7, 27, 15, 10][14, 11, 25][1, 24, 7][18, 22][11, 17][1, 14][1, 9][6, 15] 
[13, 18, 0, 12, 8, 26][16, 28, 17, 22, 19][9, 3, 4, 20, 23][6, 5, 21, 2, 29][7, 27, 15, 10][14, 11, 25][1, 24, 7][18, 22][11, 17][1, 14][1, 9][6, 15] 
[13, 18, 0, 12, 8, 26][16, 28, 17, 22, 19][9, 3, 4, 20, 23][6, 5, 21, 2, 29][7, 27, 15, 10][14, 11, 25][1, 24, 7][18, 22][11, 17][1, 14][1, 9][6, 15] 
[13, 18, 0, 12, 8, 26][16, 28, 17, 22, 19][9, 3, 4, 20, 23][6, 5, 21, 2, 29][7, 27, 15, 10][14, 11, 25][1, 24, 7][18, 22][11, 17][1, 14][1, 9][6, 15] 
[13, 18, 0, 12, 8, 26][6, 5, 21, 2, 29][16, 28, 17, 22, 19][9, 3, 4, 20, 23][7, 24, 1, 14][10, 15, 27][14, 11, 25][6, 15][10, 16][11, 17][18, 22][1, 9] 
[13, 18, 0, 12, 8, 26][16, 28, 17, 22, 19][9, 3, 4, 20, 23][6, 5, 21, 2, 29][7, 27, 15, 10][14, 11, 25][14, 1, 24][11, 17][18, 22][1, 9][6, 15][7, 24] 
[13, 18, 0, 12, 8, 26][16, 28, 17, 22, 19][9, 3, 4, 20, 23][6, 5, 21, 2, 29][7, 27, 15, 10][14, 11, 25][14, 1, 24][11, 17][18, 22][1, 9][6, 15][7, 24] 
[13, 18, 0, 12, 8, 26][9, 3, 4, 20, 23][16, 28, 17, 22, 19][6, 5, 21, 2, 29][7, 27, 15, 10][14, 1, 24][14, 11, 25][1, 9][11, 17][18, 22][7, 24][6, 15] 
[13, 18, 0, 12, 8, 26][16, 28, 17, 22, 19][9, 3, 4, 20, 23][6, 5, 21, 2, 29][7, 27, 15, 10][14, 11, 25][14, 1, 24][11, 17][18, 22][1, 9][6, 15][7, 24] 
[13, 18, 0, 12, 8, 26][9, 3, 4, 20, 23][16, 28, 17, 22, 19][6, 5, 21, 2, 29][7, 27, 15, 10][14, 1, 24][14, 11, 25][1, 9][7, 24][11, 17][6, 15][18, 22] 
[13, 18, 0, 12, 8, 26][16, 28, 17, 22, 19][9, 3, 4, 20, 23][6, 5, 21, 2, 29][7, 27, 15, 10][14, 11, 25][14, 1, 24][11, 17][18, 22][1, 9][6, 15][7, 24] 
[13, 18, 0, 12, 8, 26][9, 3, 4, 20, 23][16, 28, 17, 22, 19][6, 5, 21, 2, 29][7, 27, 15, 10][14, 1, 24][14, 11, 25][1, 9][11, 17][18, 22][7, 24][6, 15] 
[13, 18, 0, 12, 8, 26][16, 28, 17, 22, 19][6, 5, 21, 2, 29][9, 3, 4, 20, 23][7, 27, 15, 10][14, 11, 25][1, 24, 7][11, 17][1, 14][6, 15][1, 9][18, 22] 
[13, 18, 0, 12, 8, 26][16, 28, 17, 22, 19][6, 5, 21, 2, 29][9, 3, 4, 20, 23][7, 27, 15, 10][14, 11, 25][1, 24, 7][11, 17][1, 14][6, 15][1, 9][18, 22] 
[13, 18, 0, 12, 8, 26][16, 28, 17, 22, 19][9, 3, 4, 20, 23][6, 5, 21, 2, 29][7, 27, 15, 10][14, 11, 25][1, 24, 7][11, 17][1, 14][1, 9][18, 22][6, 15] 
[13, 18, 0, 12, 8, 26][16, 28, 17, 22, 19][9, 3, 4, 20, 23][6, 5, 21, 2, 29][7, 27, 15, 10][14, 11, 25][1, 24, 7][11, 17][1, 14][1, 9][18, 22][6, 15] 
[13, 18, 0, 12, 8, 26][16, 28, 17, 22, 19][6, 5, 21, 2, 29][9, 3, 4, 20, 23][7, 27, 15, 10][14, 11, 25][1, 24, 7][11, 17][1, 14][6, 15][1, 9][18, 22] 
[13, 18, 0, 12, 8, 26][16, 28, 17, 22, 19][9, 3, 4, 20, 23][6, 5, 21, 2, 29][7, 27, 15, 10][14, 11, 25][1, 24, 7][18, 22][11, 17][1, 14][1, 9][6, 15] 
[13, 18, 0, 12, 8, 26][16, 28, 17, 22, 19][6, 5, 21, 2, 29][9, 3, 4, 20, 23][7, 27, 15, 10][14, 11, 25][1, 24, 7][11, 17][1, 14][6, 15][1, 9][18, 22] 
[13, 18, 0, 12, 8, 26][16, 28, 17, 22, 19][6, 5, 21, 2, 29][9, 3, 4, 20, 23][7, 27, 15, 10][14, 11, 25][1, 24, 7][11, 17][1, 14][6, 15][1, 9][18, 22] 
[13, 18, 0, 12, 8, 26][16, 28, 17, 22, 19][9, 3, 4, 20, 23][6, 5, 21, 2, 29][7, 27, 15, 10][14, 11, 25][1, 24, 7][11, 17][1, 14][1, 9][18, 22][6, 15] 
[13, 18, 0, 12, 8, 26][16, 28, 17, 22, 19][9, 3, 4, 20, 23][6, 5, 21, 2, 29][7, 27, 15, 10][14, 11, 25][1, 24, 7][18, 22][11, 17][1, 14][1, 9][6, 15] 
[13, 18, 0, 12, 8, 26][16, 28, 17, 22, 19][9, 3, 4, 20, 23][6, 5, 21, 2, 29][7, 27, 15, 10][14, 11, 25][1, 24, 7][18, 22][11, 17][1, 14][1, 9][6, 15] 
[13, 18, 0, 12, 8, 26][16, 28, 17, 22, 19][9, 3, 4, 20, 23][6, 5, 21, 2, 29][7, 27, 15, 10][14, 11, 25][1, 24, 7][11, 17][1, 14][1, 9][18, 22][6, 15] 
[13, 18, 0, 12, 8, 26][16, 28, 17, 22, 19][9, 3, 4, 20, 23][6, 5, 21, 2, 29][7, 27, 15, 10][14, 11, 25][1, 24, 7][11, 17][1, 14][1, 9][18, 22][6, 15] 
[13, 18, 0, 12, 8, 26][16, 28, 17, 22, 19][9, 3, 4, 20, 23][6, 5, 21, 2, 29][7, 27, 15, 10][14, 11, 25][1, 24, 7][11, 17][1, 14][1, 9][18, 22][6, 15] 
[13, 18, 0, 12, 8, 26][16, 28, 17, 22, 19][9, 3, 4, 20, 23][6, 5, 21, 2, 29][7, 27, 15, 10][14, 11, 25][1, 24, 7][18, 22][11, 17][1, 14][1, 9][6, 15] 
[13, 18, 0, 12, 8, 26][6, 5, 21, 2, 29][10, 15, 27, 7, 24][16, 28, 17, 22, 19][9, 3, 4, 20, 23][14, 1, 24][14, 11, 25][6, 15][15, 27][11, 17][18, 22][1, 9] 
[13, 18, 0, 12, 8, 26][6, 5, 21, 2, 29][10, 15, 27, 7, 24][16, 28, 17, 22, 19][9, 3, 4, 20, 23][14, 1, 24][14, 11, 25][6, 15][15, 27][11, 17][18, 22][1, 9] 
[13, 18, 0, 12, 8, 26][6, 5, 21, 2, 29][10, 15, 27, 7, 24][16, 28, 17, 22, 19][9, 3, 4, 20, 23][14, 1, 24][14, 11, 25][6, 15][15, 27][11, 17][18, 22][1, 9] 
[13, 18, 0, 12, 8, 26][6, 5, 21, 2, 29][10, 15, 27, 7, 24][16, 28, 17, 22, 19][9, 3, 4, 20, 23][14, 1, 24][14, 11, 25][6, 15][15, 27][11, 17][18, 22][1, 9] 
[13, 18, 0, 12, 8, 26][6, 5, 21, 2, 29][10, 15, 27, 7, 24][16, 28, 17, 22, 19][9, 3, 4, 20, 23][14, 1, 24][14, 11, 25][6, 15][15, 27][11, 17][18, 22][1, 9] 
[13, 18, 0, 12, 8, 26][16, 28, 17, 22, 19][6, 5, 21, 2, 29][24, 1, 14, 11, 25][9, 3, 4, 20, 23][10, 15, 27][6, 15, 10][7, 20, 24][18, 22][10, 16][11, 17][1, 14] 
[13, 18, 0, 12, 8, 26][16, 28, 17, 22, 19][9, 3, 4, 20, 23][6, 5, 21, 2, 29][7, 27, 15, 10][14, 11, 25][14, 1, 24][11, 17][18, 22][1, 9][6, 15][7, 24] 
[13, 18, 0, 12, 8, 26][16, 28, 17, 22, 19][9, 3, 4, 20, 23][6, 5, 21, 2, 29][7, 27, 15, 10][14, 11, 25][14, 1, 24][11, 17][18, 22][1, 9][6, 15][7, 24] 
[13, 18, 0, 12, 8, 26][16, 28, 17, 22, 19][9, 3, 4, 20, 23][6, 5, 21, 2, 29][7, 27, 15, 10][14, 11, 25][14, 1, 24][11, 17][18, 22][1, 9][6, 15][7, 24] 
[13, 18, 0, 12, 8, 26][16, 28, 17, 22, 19][9, 3, 4, 20, 23][6, 5, 21, 2, 29][7, 27, 15, 10][14, 11, 25][14, 1, 24][11, 17][18, 22][1, 9][6, 15][7, 24] 
[13, 18, 0, 12, 8, 26][16, 28, 17, 22, 19][9, 3, 4, 20, 23][6, 5, 21, 2, 29][7, 27, 15, 10][14, 11, 25][14, 1, 24][11, 17][18, 22][1, 9][6, 15][7, 24] 
[13, 18, 0, 12, 8, 26][16, 28, 17, 22, 19][6, 5, 21, 2, 29][9, 3, 4, 20, 23][7, 27, 15, 10][14, 11, 25][1, 24, 7][11, 17][1, 14][6, 15][1, 9][18, 22] 
[13, 18, 0, 12, 8, 26][16, 28, 17, 22, 19][9, 3, 4, 20, 23][6, 5, 21, 2, 29][7, 27, 15, 10][14, 11, 25][14, 1, 24][11, 17][18, 22][1, 9][6, 15][7, 24] 
