[5, 15, 10, 16, 28, 17][22, 19, 12, 8, 26][1, 24, 23, 3, 9][2, 29, 27, 7, 4][20, 14, 11, 25][0, 13, 6, 21][18, 19][0, 18][22, 25][25, 28][14, 24][2, 6] 
[5, 15, 10, 16, 28, 17][23, 9, 3, 1, 24][22, 19, 12, 8, 26][2, 29, 27, 7, 4][20, 14, 11, 25][0, 13, 6, 21][14, 24][22, 25][18, 19][0, 18][2, 6][25, 28] 
[5, 15, 10, 16, 28, 17][22, 19, 12, 8, 26][23, 9, 3, 1, 24][2, 29, 27, 7, 4][20, 14, 11, 25][0, 13, 6, 21][25, 28][22, 25][14, 24][18, 19][0, 18][2, 6] 
[5, 15, 10, 16, 28, 17][23, 9, 3, 1, 24][22, 19, 12, 8, 26][2, 29, 27, 7, 4][20, 14, 11, 25][0, 13, 6, 21][14, 24][22, 25][18, 19][0, 18][2, 6][25, 28] 
[5, 15, 10, 16, 28, 17][2, 29, 27, 7, 4][22, 19, 12, 8, 26][23, 9, 3, 1, 24][0, 13, 6, 21][20, 14, 11, 25][0, 18][2, 6][18, 19][22, 25][25, 28][14, 24] 
[5, 15, 10, 16, 28, 17][23, 9, 3, 1, 24][22, 19, 12, 8, 26][2, 29, 27, 7, 4][20, 14, 11, 25][0, 13, 6, 21][14, 24][22, 25][18, 19][0, 18][2, 6][25, 28] 
[5, 15, 10, 16, 28, 17][23, 9, 3, 1, 24][22, 19, 12, 8, 26][2, 29, 27, 7, 4][20, 14, 11, 25][0, 13, 6, 21][14, 24][22, 25][18, 19][0, 18][2, 6][25, 28] 
[5, 15, 10, 16, 28, 17][22, 19, 12, 8, 26][23, 9, 3, 1, 24][2, 29, 27, 7, 4][20, 14, 11, 25][0, 13, 6, 21][22, 25][18, 19][14, 24][25, 28][0, 18][2, 6] 
[5, 15, 10, 16, 28, 17][22, 19, 12, 8, 26][23, 9, 3, 1, 24][2, 29, 27, 7, 4][20, 14, 11, 25][0, 13, 6, 21][25, 28][22, 25][14, 24][18, 19][0, 18][2, 6] 
[5, 15, 10, 16, 28, 17][23, 9, 3, 1, 24][22, 19, 12, 8, 26][2, 29, 27, 7, 4][20, 14, 11, 25][0, 13, 6, 21][14, 24][22, 25][18, 19][0, 18][2, 6][25, 28] 
[5, 15, 10, 16, 28, 17][22, 19, 12, 8, 26][1, 24, 23, 3, 9][2, 29, 27, 7, 4][20, 14, 11, 25][0, 13, 6, 21][22, 25][25, 28][14, 24][18, 19][0, 18][2, 6] 
[5, 15, 10, 16, 28, 17][23, 9, 3, 1, 24][22, 19, 12, 8, 26][2, 29, 27, 7, 4][20, 14, 11, 25][0, 13, 6, 21][14, 24][22, 25][18, 19][0, 18][2, 6][25, 28] 
[5, 15, 10, 16, 28, 17][23, 9, 3, 1, 24][22, 19, 12, 8, 26][2, 29, 27, 7, 4][20, 14, 11, 25][0, 13, 6, 21][14, 24][22, 25][18, 19][0, 18][2, 6][25, 28] 
[5, 15, 10, 16, 28, 17][2, 29, 27, 7, 4][22, 19, 12, 8, 26][23, 9, 3, 1, 24][0, 13, 6, 21][20, 14, 11, 25][0, 18][2, 6][18, 19][22, 25][25, 28][14, 24] 
[5, 15, 10, 16, 28, 17][23, 9, 3, 1, 24][22, 19, 12, 8, 26][2, 29, 27, 7, 4][20, 14, 11, 25][0, 13, 6, 21][14, 24][22, 25][18, 19][0, 18][2, 6][25, 28] 
[5, 15, 10, 16, 28, 17][22, 19, 12, 8, 26][23, 9, 3, 1, 24][2, 29, 27, 7, 4][20, 14, 11, 25][0, 13, 6, 21][22, 25][18, 19][14, 24][25, 28][0, 18][2, 6] 
[5, 15, 10, 16, 28, 17][22, 19, 12, 8, 26][1, 24, 23, 3, 9][2, 29, 27, 7, 4][20, 14, 11, 25][0, 13, 6, 21][22, 25][25, 28][14, 24][18, 19][0, 18][2, 6] 
[5, 15, 10, 16, 28, 17][23, 9, 3, 1, 24][22, 19, 12, 8, 26][2, 29, 27, 7, 4][20, 14, 11, 25][0, 13, 6, 21][14, 24][22, 25][18, 19][0, 18][2, 6][25, 28] 
[5, 15, 10, 16, 28, 17][22, 19, 12, 8, 26][23, 9, 3, 1, 24][2, 29, 27, 7, 4][20, 14, 11, 25][0, 13, 6, 21][22, 25][18, 19][14, 24][25, 28][0, 18][2, 6] 
[5, 15, 10, 16, 28, 17][22, 19, 12, 8, 26][1, 24, 23, 3, 9][2, 29, 27, 7, 4][20, 14, 11, 25][0, 13, 6, 21][22, 25][25, 28][14, 24][18, 19][0, 18][2, 6] 
[5, 15, 10, 16, 28, 17][22, 19, 12, 8, 26][1, 24, 23, 3, 9][2, 29, 27, 7, 4][20, 14, 11, 25][0, 13, 6, 21][22, 25][25, 28][14, 24][18, 19][0, 18][2, 6] 
[5, 15, 10, 16, 28, 17][23, 9, 3, 1, 24][22, 19, 12, 8, 26][2, 29, 27, 7, 4][20, 14, 11, 25][0, 13, 6, 21][14, 24][22, 25][18, 19][0, 18][2, 6][25, 28] 
[5, 15, 10, 16, 28, 17][23, 9, 3, 1, 24][22, 19, 12, 8, 26][2, 29, 27, 7, 4][20, 14, 11, 25][0, 13, 6, 21][14, 24][22, 25][18, 19][0, 18][2, 6][25, 28] 
[5, 15, 10, 16, 28, 17][23, 9, 3, 1, 24][22, 19, 12, 8, 26][2, 29, 27, 7, 4][20, 14, 11, 25][0, 13, 6, 21][14, 24][22, 25][18, 19][0, 18][2, 6][25, 28] 
[5, 15, 10, 16, 28, 17][22, 19, 12, 8, 26][23, 9, 3, 1, 24][2, 29, 27, 7, 4][20, 14, 11, 25][0, 13, 6, 21][22, 25][18, 19][14, 24][25, 28][0, 18][2, 6] 
[5, 15, 10, 16, 28, 17][22, 19, 12, 8, 26][23, 9, 3, 1, 24][2, 29, 27, 7, 4][20, 14, 11, 25][0, 13, 6, 21][22, 25][18, 19][14, 24][25, 28][0, 18][2, 6] 
[5, 15, 10, 16, 28, 17][22, 19, 12, 8, 26][1, 24, 23, 3, 9][2, 29, 27, 7, 4][20, 14, 11, 25][0, 13, 6, 21][22, 25][25, 28][14, 24][18, 19][0, 18][2, 6] 
[5, 15, 10, 16, 28, 17][23, 9, 3, 1, 24][22, 19, 12, 8, 26][2, 29, 27, 7, 4][20, 14, 11, 25][0, 13, 6, 21][14, 24][22, 25][18, 19][0, 18][2, 6][25, 28] 
[5, 15, 10, 16, 28, 17][23, 9, 3, 1, 24][22, 19, 12, 8, 26][2, 29, 27, 7, 4][20, 14, 11, 25][0, 13, 6, 21][14, 24][22, 25][18, 19][0, 18][2, 6][25, 28] 
[5, 15, 10, 16, 28, 17][22, 19, 12, 8, 26][1, 24, 23, 3, 9][2, 29, 27, 7, 4][20, 14, 11, 25][0, 13, 6, 21][22, 25][25, 28][14, 24][18, 19][0, 18][2, 6] 
[5, 15, 10, 16, 28, 17][22, 19, 12, 8, 26][1, 24, 23, 3, 9][2, 29, 27, 7, 4][20, 14, 11, 25][0, 13, 6, 21][25, 28][22, 25][14, 24][18, 19][0, 18][2, 6] 
[5, 15, 10, 16, 28, 17][23, 9, 3, 1, 24][22, 19, 12, 8, 26][2, 29, 27, 7, 4][20, 14, 11, 25][0, 13, 6, 21][14, 24][22, 25][18, 19][0, 18][2, 6][25, 28] 
[5, 15, 10, 16, 28, 17][22, 19, 12, 8, 26][23, 9, 3, 1, 24][2, 29, 27, 7, 4][20, 14, 11, 25][0, 13, 6, 21][22, 25][18, 19][14, 24][25, 28][0, 18][2, 6] 
[5, 15, 10, 16, 28, 17][22, 19, 12, 8, 26][1, 24, 23, 3, 9][2, 29, 27, 7, 4][20, 14, 11, 25][0, 13, 6, 21][18, 19][22, 25][14, 24][0, 18][2, 6][25, 28] 
[5, 15, 10, 16, 28, 17][22, 19, 12, 8, 26][1, 24, 23, 3, 9][2, 29, 27, 7, 4][20, 14, 11, 25][0, 13, 6, 21][25, 28][22, 25][14, 24][18, 19][0, 18][2, 6] 
[14, 4, 20, 23, 24, 3, 11, 17, 28, 25][2, 15, 5, 6, 16, 28, 7, 27, 29, 10][17, 19, 18, 13, 0, 22, 12, 8, 26][9, 1, 24][12, 22][15, 21][6, 16][6, 16][6, 16][6, 16][7, 27][6, 16] 
[2, 15, 5, 6, 16, 28, 7, 27, 29, 10][17, 19, 18, 13, 0, 22, 12, 8, 26][20, 23, 24, 3, 11, 17, 28, 25][3, 4, 24, 1, 9, 14, 11, 17][12, 22][15, 21][6, 16][6, 16][6, 16][6, 16][7, 27][6, 16] 
[14, 4, 20, 23, 24, 3, 11, 17, 28, 25][2, 15, 5, 6, 16, 28, 7, 27, 29, 10][17, 19, 18, 13, 0, 22, 12, 8, 26][9, 1, 24][12, 22][15, 21][6, 16][6, 16][6, 16][6, 16][7, 27][6, 16] 
[2, 15, 5, 6, 16, 28, 7, 27, 29, 10][17, 19, 18, 13, 0, 22, 12, 8, 26][20, 23, 24, 3, 11, 17, 28, 25][4, 24, 1, 9, 14][12, 22][15, 21][6, 16][6, 16][6, 16][6, 16][7, 27][6, 16] 
[17, 19, 18, 13, 0, 22, 12, 8, 26][2, 15, 5, 6, 16, 28, 7, 27, 29][20, 23, 24, 3, 11, 17, 28, 25][4, 24, 1, 9, 14][10, 6, 21, 15][12, 22][6, 16][6, 16][6, 16][6, 16][7, 27][6, 16] 
[2, 15, 5, 6, 16, 28, 7, 27, 29, 10][14, 4, 20, 23, 24, 3, 11, 17, 28][19, 18, 13, 0, 22, 12, 8, 26][9, 1, 24][25, 28][17, 19][15, 21][6, 16][6, 16][6, 16][6, 16][6, 16] 
[14, 4, 20, 23, 24, 3, 11, 17, 28, 25][2, 15, 5, 6, 16, 28, 7, 27, 29, 10][17, 19, 18, 13, 0, 22, 12, 8, 26][23, 9, 1, 24][12, 22][15, 21][6, 16][6, 16][6, 16][6, 16][7, 27][6, 16] 
[2, 15, 5, 6, 16, 28, 7, 27, 29, 10][17, 19, 18, 13, 0, 22, 12, 8, 26][20, 23, 24, 3, 11, 17, 28, 25][3, 4, 24, 1, 9, 14, 11, 17][12, 22][15, 21][6, 16][6, 16][6, 16][6, 16][7, 27][6, 16] 
[2, 15, 5, 6, 16, 28, 7, 27, 29, 10][17, 19, 18, 13, 0, 22, 12, 8, 26][20, 23, 24, 3, 11, 17, 28, 25][4, 24, 1, 9, 14][12, 22][15, 21][6, 16][6, 16][6, 16][6, 16][7, 27][6, 16] 
[2, 15, 5, 6, 16, 28, 7, 27, 29, 10][17, 19, 18, 13, 0, 22, 12, 8, 26][20, 23, 24, 3, 11, 17, 28, 25][3, 4, 24, 1, 9, 14, 11, 17][12, 22][15, 21][6, 16][6, 16][6, 16][6, 16][7, 27][6, 16] 
[2, 15, 5, 6, 16, 28, 7, 27, 29, 10][17, 19, 18, 13, 0, 22, 12, 8, 26][20, 23, 24, 3, 11, 17, 28, 25][3, 4, 24, 1, 9, 14, 11, 17][12, 22][15, 21][6, 16][6, 16][6, 16][6, 16][7, 27][6, 16] 
[14, 4, 20, 23, 24, 3, 11, 17, 28, 25][2, 15, 5, 6, 16, 28, 7, 27, 29, 10][17, 19, 18, 13, 0, 22, 12, 8, 26][9, 1, 24][12, 22][15, 21][6, 16][6, 16][6, 16][6, 16][7, 27][6, 16] 
[2, 15, 5, 6, 16, 28, 7, 27, 29, 10][17, 19, 18, 13, 0, 22, 12, 8, 26][20, 23, 24, 3, 11, 17, 28, 25][4, 24, 1, 9, 14][12, 22][15, 21][6, 16][6, 16][6, 16][6, 16][7, 27][6, 16] 
[14, 4, 20, 23, 24, 3, 11, 17, 28, 25][2, 15, 5, 6, 16, 28, 7, 27, 29, 10][17, 19, 18, 13, 0, 22, 12, 8, 26][23, 9, 1, 24][12, 22][15, 21][6, 16][6, 16][6, 16][6, 16][7, 27][6, 16] 
[14, 4, 20, 23, 24, 3, 11, 17, 28, 25][2, 15, 5, 6, 16, 28, 7, 27, 29, 10][17, 19, 18, 13, 0, 22, 12, 8, 26][9, 1, 24][12, 22][15, 21][6, 16][6, 16][6, 16][6, 16][7, 27][6, 16] 
[14, 4, 20, 23, 24, 3, 11, 17, 28, 25][2, 15, 5, 6, 16, 28, 7, 27, 29, 10][17, 19, 18, 13, 0, 22, 12, 8, 26][9, 1, 24][12, 22][15, 21][6, 16][6, 16][6, 16][6, 16][7, 27][6, 16] 
[14, 4, 20, 23, 24, 3, 11, 17, 28, 25][2, 15, 5, 6, 16, 28, 7, 27, 29, 10][17, 19, 18, 13, 0, 22, 12, 8, 26][9, 1, 24][12, 22][15, 21][6, 16][6, 16][6, 16][6, 16][7, 27][6, 16] 
[2, 15, 5, 6, 16, 28, 7, 27, 29, 10][17, 19, 18, 13, 0, 22, 12, 8, 26][20, 23, 24, 3, 11, 17, 28, 25][3, 4, 24, 1, 9, 14][12, 22][15, 21][6, 16][6, 16][6, 16][6, 16][7, 27][6, 16] 
[14, 4, 20, 23, 24, 3, 11, 17, 28, 25][2, 15, 5, 6, 16, 28, 7, 27, 29, 10][17, 19, 18, 13, 0, 22, 12, 8, 26][9, 1, 24][12, 22][15, 21][6, 16][6, 16][6, 16][6, 16][7, 27][6, 16] 
[14, 4, 20, 23, 24, 3, 11, 17, 28, 25][2, 15, 5, 6, 16, 28, 7, 27, 29, 10][17, 19, 18, 13, 0, 22, 12, 8, 26][9, 1, 24][12, 22][15, 21][6, 16][6, 16][6, 16][6, 16][7, 27][6, 16] 
[1, 9, 14, 20, 23, 24, 3, 11, 17, 28, 25][2, 15, 5, 6, 16, 28, 7, 27, 29, 10][17, 19, 18, 13, 0, 22, 12, 8, 26][12, 22][3, 4][15, 21][6, 16][6, 16][6, 16][6, 16][7, 27][6, 16] 
[5, 15, 10, 16, 28, 17][22, 19, 12, 8, 26][23, 9, 3, 1, 24][2, 29, 27, 7, 4][20, 14, 11, 25][0, 13, 6, 21][22, 25][18, 19][14, 24][25, 28][0, 18][2, 6] 
[5, 15, 10, 16, 28, 17][23, 9, 3, 1, 24][22, 19, 12, 8, 26][2, 29, 27, 7, 4][20, 14, 11, 25][0, 13, 6, 21][14, 24][22, 25][18, 19][0, 18][2, 6][25, 28] 
[5, 15, 10, 16, 28, 17][23, 9, 3, 1, 24][22, 19, 12, 8, 26][2, 29, 27, 7, 4][20, 14, 11, 25][0, 13, 6, 21][14, 24][22, 25][18, 19][0, 18][2, 6][25, 28] 
[5, 15, 10, 16, 28, 17][23, 9, 3, 1, 24][22, 19, 12, 8, 26][2, 29, 27, 7, 4][20, 14, 11, 25][0, 13, 6, 21][14, 24][22, 25][18, 19][0, 18][2, 6][25, 28] 
[5, 15, 10, 16, 28, 17][22, 19, 12, 8, 26][23, 9, 3, 1, 24][2, 29, 27, 7, 4][20, 14, 11, 25][0, 13, 6, 21][22, 25][18, 19][14, 24][25, 28][0, 18][2, 6] 
[5, 15, 10, 16, 28, 17][23, 9, 3, 1, 24][22, 19, 12, 8, 26][2, 29, 27, 7, 4][20, 14, 11, 25][0, 13, 6, 21][14, 24][22, 25][18, 19][0, 18][2, 6][25, 28] 
[5, 15, 10, 16, 28, 17][23, 9, 3, 1, 24][22, 19, 12, 8, 26][2, 29, 27, 7, 4][20, 14, 11, 25][0, 13, 6, 21][14, 24][22, 25][18, 19][0, 18][2, 6][25, 28] 
[5, 15, 10, 16, 28, 17][23, 9, 3, 1, 24][22, 19, 12, 8, 26][2, 29, 27, 7, 4][20, 14, 11, 25][0, 13, 6, 21][14, 24][22, 25][18, 19][0, 18][2, 6][25, 28] 
[5, 15, 10, 16, 28, 17][23, 9, 3, 1, 24][22, 19, 12, 8, 26][2, 29, 27, 7, 4][20, 14, 11, 25][0, 13, 6, 21][14, 24][22, 25][18, 19][0, 18][2, 6][25, 28] 
[5, 15, 10, 16, 28, 17][22, 19, 12, 8, 26][23, 9, 3, 1, 24][2, 29, 27, 7, 4][20, 14, 11, 25][0, 13, 6, 21][22, 25][18, 19][14, 24][25, 28][0, 18][2, 6] 
[5, 15, 10, 16, 28, 17][23, 9, 3, 1, 24][22, 19, 12, 8, 26][2, 29, 27, 7, 4][20, 14, 11, 25][0, 13, 6, 21][14, 24][22, 25][18, 19][0, 18][2, 6][25, 28] 
[5, 15, 10, 16, 28, 17][23, 9, 3, 1, 24][22, 19, 12, 8, 26][2, 29, 27, 7, 4][20, 14, 11, 25][0, 13, 6, 21][14, 24][22, 25][18, 19][0, 18][2, 6][25, 28] 
[5, 15, 10, 16, 28, 17][22, 19, 12, 8, 26][23, 9, 3, 1, 24][2, 29, 27, 7, 4][20, 14, 11, 25][0, 13, 6, 21][22, 25][18, 19][14, 24][25, 28][0, 18][2, 6] 
[5, 15, 10, 16, 28, 17][23, 9, 3, 1, 24][22, 19, 12, 8, 26][2, 29, 27, 7, 4][20, 14, 11, 25][0, 13, 6, 21][14, 24][22, 25][18, 19][0, 18][2, 6][25, 28] 
[5, 15, 10, 16, 28, 17][23, 9, 3, 1, 24][22, 19, 12, 8, 26][2, 29, 27, 7, 4][20, 14, 11, 25][0, 13, 6, 21][14, 24][22, 25][18, 19][0, 18][2, 6][25, 28] 
[5, 15, 10, 16, 28, 17][22, 19, 12, 8, 26][1, 24, 23, 3, 9][2, 29, 27, 7, 4][20, 14, 11, 25][0, 13, 6, 21][22, 25][25, 28][14, 24][18, 19][0, 18][2, 6] 
[5, 15, 10, 16, 28, 17][22, 19, 12, 8, 26][1, 24, 23, 3, 9][2, 29, 27, 7, 4][20, 14, 11, 25][0, 13, 6, 21][22, 25][25, 28][14, 24][18, 19][0, 18][2, 6] 
[5, 15, 10, 16, 28, 17][22, 19, 12, 8, 26][1, 24, 23, 3, 9][2, 29, 27, 7, 4][20, 14, 11, 25][0, 13, 6, 21][22, 25][25, 28][14, 24][18, 19][0, 18][2, 6] 
[5, 15, 10, 16, 28, 17][22, 19, 12, 8, 26][1, 24, 23, 3, 9][2, 29, 27, 7, 4][20, 14, 11, 25][0, 13, 6, 21][25, 28][22, 25][14, 24][18, 19][0, 18][2, 6] 
[5, 15, 10, 16, 28, 17][22, 19, 12, 8, 26][1, 24, 23, 3, 9][2, 29, 27, 7, 4][20, 14, 11, 25][0, 13, 6, 21][22, 25][25, 28][14, 24][18, 19][0, 18][2, 6] 
[5, 15, 10, 16, 28, 17][18, 0, 13, 6, 21][1, 24, 23, 3, 9][2, 29, 27, 7, 4][20, 14, 11, 25][19, 12, 8, 26][25, 28][22, 25][19, 22][18, 19][14, 24][2, 6] 
[5, 15, 10, 16, 28, 17][22, 19, 12, 8, 26][23, 9, 3, 1, 24][2, 29, 27, 7, 4][20, 14, 11, 25][0, 13, 6, 21][22, 25][18, 19][14, 24][25, 28][0, 18][2, 6] 
[5, 15, 10, 16, 28, 17][23, 9, 3, 1, 24][22, 19, 12, 8, 26][2, 29, 27, 7, 4][20, 14, 11, 25][0, 13, 6, 21][14, 24][22, 25][18, 19][0, 18][2, 6][25, 28] 
[5, 15, 10, 16, 28, 17][23, 9, 3, 1, 24][22, 19, 12, 8, 26][2, 29, 27, 7, 4][20, 14, 11, 25][0, 13, 6, 21][14, 24][22, 25][18, 19][0, 18][2, 6][25, 28] 
[5, 15, 10, 16, 28, 17][23, 9, 3, 1, 24][22, 19, 12, 8, 26][2, 29, 27, 7, 4][20, 14, 11, 25][0, 13, 6, 21][14, 24][22, 25][18, 19][0, 18][2, 6][25, 28] 
[5, 15, 10, 16, 28, 17][23, 9, 3, 1, 24][22, 19, 12, 8, 26][2, 29, 27, 7, 4][20, 14, 11, 25][0, 13, 6, 21][14, 24][22, 25][18, 19][0, 18][2, 6][25, 28] 
[5, 15, 10, 16, 28, 17][23, 9, 3, 1, 24][22, 19, 12, 8, 26][2, 29, 27, 7, 4][20, 14, 11, 25][0, 13, 6, 21][14, 24][22, 25][18, 19][0, 18][2, 6][25, 28] 
[5, 15, 10, 16, 28, 17][22, 19, 12, 8, 26][23, 9, 3, 1, 24][2, 29, 27, 7, 4][20, 14, 11, 25][0, 13, 6, 21][22, 25][18, 19][14, 24][25, 28][0, 18][2, 6] 
[5, 15, 10, 16, 28, 17][22, 19, 12, 8, 26][1, 24, 23, 3, 9][2, 29, 27, 7, 4][20, 14, 11, 25][0, 13, 6, 21][22, 25][25, 28][18, 19][14, 24][0, 18][2, 6] 
[5, 15, 10, 16, 28, 17][22, 19, 12, 8, 26][1, 24, 23, 3, 9][2, 29, 27, 7, 4][20, 14, 11, 25][0, 13, 6, 21][22, 25][25, 28][18, 19][14, 24][0, 18][2, 6] 
[5, 15, 10, 16, 28, 17][22, 19, 12, 8, 26][1, 24, 23, 3, 9][2, 29, 27, 7, 4][20, 14, 11, 25][0, 13, 6, 21][22, 25][25, 28][14, 24][18, 19][0, 18][2, 6] 
[5, 15, 10, 16, 28, 17][22, 19, 12, 8, 26][1, 24, 23, 3, 9][2, 29, 27, 7, 4][20, 14, 11, 25][0, 13, 6, 21][22, 25][25, 28][14, 24][18, 19][0, 18][2, 6] 
[5, 15, 10, 16, 28, 17][22, 19, 12, 8, 26][1, 24, 23, 3, 9][2, 29, 27, 7, 4][20, 14, 11, 25][0, 13, 6, 21][22, 25][25, 28][14, 24][18, 19][0, 18][2, 6] 
[5, 15, 10, 16, 28, 17][22, 19, 12, 8, 26][1, 24, 23, 3, 9][2, 29, 27, 7, 4][20, 14, 11, 25][0, 13, 6, 21][22, 25][25, 28][18, 19][14, 24][0, 18][2, 6] 
[5, 15, 10, 16, 28, 17][22, 19, 12, 8, 26][1, 24, 23, 3, 9][2, 29, 27, 7, 4][20, 14, 11, 25][0, 13, 6, 21][22, 25][25, 28][14, 24][18, 19][0, 18][2, 6] 
[5, 15, 10, 16, 28, 17][22, 19, 12, 8, 26][1, 24, 23, 3, 9][2, 29, 27, 7, 4][20, 14, 11, 25][0, 13, 6, 21][22, 25][25, 28][14, 24][18, 19][0, 18][2, 6] 
[5, 15, 10, 16, 28, 17][22, 19, 12, 8, 26][1, 24, 23, 3, 9][2, 29, 27, 7, 4][20, 14, 11, 25][0, 13, 6, 21][22, 25][25, 28][14, 24][18, 19][0, 18][2, 6] 
[5, 15, 10, 16, 28, 17][22, 19, 12, 8, 26][1, 24, 23, 3, 9][2, 29, 27, 7, 4][20, 14, 11, 25][0, 13, 6, 21][22, 25][25, 28][14, 24][18, 19][0, 18][2, 6] 
[5, 15, 10, 16, 28, 17][22, 19, 12, 8, 26][1, 24, 23, 3, 9][2, 29, 27, 7, 4][20, 14, 11, 25][0, 13, 6, 21][22, 25][25, 28][18, 19][14, 24][0, 18][2, 6] 
[5, 15, 10, 16, 28, 17][22, 19, 12, 8, 26][1, 24, 23, 3, 9][2, 29, 27, 7, 4][20, 14, 11, 25][0, 13, 6, 21][22, 25][25, 28][18, 19][14, 24][0, 18][2, 6] 
[5, 15, 10, 16, 28, 17][1, 24, 23, 3, 9][22, 19, 12, 8, 26][2, 29, 27, 7, 4][20, 14, 11, 25][0, 13, 6, 21][14, 24][22, 25][18, 19][0, 18][25, 28][2, 6] 
[5, 15, 10, 16, 28, 17][22, 19, 12, 8, 26][1, 24, 23, 3, 9][2, 29, 27, 7, 4][20, 14, 11, 25][0, 13, 6, 21][22, 25][25, 28][14, 24][18, 19][0, 18][2, 6] 
[5, 15, 10, 16, 28, 17][22, 19, 12, 8, 26][1, 24, 23, 3, 9][2, 29, 27, 7, 4][20, 14, 11, 25][0, 13, 6, 21][22, 25][25, 28][14, 24][18, 19][0, 18][2, 6] 
[5, 15, 10, 16, 28, 17][1, 24, 23, 3, 9][22, 19, 12, 8, 26][18, 0, 13, 6, 21][2, 29, 27, 7, 4][20, 14, 11, 25][14, 24][25, 28][22, 25][18, 19][0, 13][2, 6] 
[5, 15, 10, 16, 28, 17][22, 19, 12, 8, 26][1, 24, 23, 3, 9][18, 0, 13, 6, 21][2, 29, 27, 7, 4][20, 14, 11, 25][22, 25][14, 24][18, 19][0, 13][25, 28][2, 6] 
[5, 15, 10, 16, 28, 17][22, 19, 12, 8, 26][1, 24, 23, 3, 9][18, 0, 13, 6, 21][2, 29, 27, 7, 4][20, 14, 11, 25][22, 25][14, 24][18, 19][0, 13][25, 28][2, 6] 
[5, 15, 10, 16, 28, 17][22, 19, 12, 8, 26][1, 24, 23, 3, 9][18, 0, 13, 6, 21][2, 29, 27, 7, 4][20, 14, 11, 25][22, 25][14, 24][18, 19][0, 13][25, 28][2, 6] 
[5, 15, 10, 16, 28, 17][1, 24, 23, 3, 9][22, 19, 12, 8, 26][18, 0, 13, 6, 21][2, 29, 27, 7, 4][20, 14, 11, 25][14, 24][25, 28][22, 25][18, 19][0, 13][2, 6] 
[5, 15, 10, 16, 28, 17][4, 7, 27, 29, 2, 21][22, 19, 12, 8, 26][1, 24, 23, 3, 9][20, 14, 11, 25][6, 13, 0, 18][20, 14, 24][25, 28][22, 25][18, 19][6, 21][12, 19] 
[5, 15, 10, 16, 28, 17][23, 9, 3, 1, 24][22, 19, 12, 8, 26][2, 29, 27, 7, 4][20, 14, 11, 25][0, 13, 6, 21][14, 24][22, 25][18, 19][0, 18][2, 6][25, 28] 
[5, 15, 10, 16, 28, 17][23, 9, 3, 1, 24][22, 19, 12, 8, 26][2, 29, 27, 7, 4][20, 14, 11, 25][0, 13, 6, 21][14, 24][22, 25][18, 19][0, 18][2, 6][25, 28] 
[5, 15, 10, 16, 28, 17][22, 19, 12, 8, 26][23, 9, 3, 1, 24][2, 29, 27, 7, 4][20, 14, 11, 25][0, 13, 6, 21][22, 25][18, 19][14, 24][25, 28][0, 18][2, 6] 
[5, 15, 10, 16, 28, 17][22, 19, 12, 8, 26][23, 9, 3, 1, 24][2, 29, 27, 7, 4][20, 14, 11, 25][0, 13, 6, 21][22, 25][18, 19][14, 24][25, 28][0, 18][2, 6] 
[5, 15, 10, 16, 28, 17][23, 9, 3, 1, 24][22, 19, 12, 8, 26][2, 29, 27, 7, 4][20, 14, 11, 25][0, 13, 6, 21][14, 24][22, 25][18, 19][0, 18][2, 6][25, 28] 
[5, 15, 10, 16, 28, 17][22, 19, 12, 8, 26][1, 24, 23, 3, 9][2, 29, 27, 7, 4][20, 14, 11, 25][0, 13, 6, 21][22, 25][25, 28][14, 24][18, 19][0, 18][2, 6] 
[5, 15, 10, 16, 28, 17][23, 9, 3, 1, 24][22, 19, 12, 8, 26][2, 29, 27, 7, 4][20, 14, 11, 25][0, 13, 6, 21][14, 24][22, 25][18, 19][0, 18][2, 6][25, 28] 
