[20, 24, 4, 7, 28][13, 6, 10, 16, 27][5, 21, 15, 2, 29][8, 26, 0, 22, 25][11, 17, 12, 18][1, 23, 3, 9][3, 14, 20][17, 19][11, 14][13, 18][10, 15][19, 22] 
[20, 24, 4, 7, 28][13, 6, 10, 16, 27][5, 21, 15, 2, 29][8, 26, 0, 22, 25][11, 17, 12, 18][1, 23, 3, 9][3, 14, 20][17, 19][11, 14][13, 18][10, 15][19, 22] 
[5, 21, 15, 2, 29][13, 6, 10, 16, 27][8, 26, 0, 22, 25][20, 24, 4, 7, 28][11, 17, 12, 18][1, 23, 3, 9][3, 14, 20][10, 15][13, 18][17, 19][11, 14][19, 22] 
[5, 21, 15, 2, 29][13, 6, 10, 16, 27][8, 26, 0, 22, 25][20, 24, 4, 7, 28][11, 17, 12, 18][1, 23, 3, 9][3, 14, 20][10, 15][13, 18][17, 19][11, 14][19, 22] 
[8, 26, 0, 22, 25][13, 6, 10, 16, 27][5, 21, 15, 2, 29][20, 24, 4, 7, 28][11, 17, 12, 18][1, 23, 3, 9][17, 19, 22][11, 14][4, 14][13, 18][10, 15][3, 14] 
[8, 26, 0, 22, 25][13, 6, 10, 16, 27][5, 21, 15, 2, 29][20, 24, 4, 7, 28][11, 17, 12, 18][1, 23, 3, 9][17, 19, 22][11, 14][4, 14][13, 18][10, 15][3, 14] 
[8, 26, 0, 22, 25][13, 6, 10, 16, 27][20, 24, 4, 7, 28][5, 21, 15, 2, 29][11, 17, 12, 18][1, 23, 3, 9][17, 19, 22][11, 14][13, 18][3, 14][14, 20][10, 15] 
[13, 6, 10, 16, 27][8, 26, 0, 22, 25][5, 21, 15, 2, 29][20, 24, 4, 7, 28][11, 17, 12, 18][1, 23, 3, 9][17, 19, 22][13, 18][11, 14][10, 15][3, 14][14, 20] 
[13, 6, 10, 16, 27][8, 26, 0, 22, 25][5, 21, 15, 2, 29][20, 24, 4, 7, 28][11, 17, 12, 18][1, 23, 3, 9][17, 19, 22][13, 18][11, 14][10, 15][3, 14][14, 20] 
[5, 21, 15, 2, 29][13, 6, 10, 16, 27][8, 26, 0, 22, 25][20, 24, 4, 7, 28][11, 17, 12, 18][1, 23, 3, 9][17, 19, 22][10, 15][13, 18][11, 14][14, 20][3, 14] 
[5, 21, 15, 2, 29][13, 6, 10, 16, 27][8, 26, 0, 22, 25][20, 24, 4, 7, 28][11, 17, 12, 18][1, 23, 3, 9][3, 14, 20][10, 15][13, 18][17, 19][11, 14][19, 22] 
[5, 21, 15, 2, 29][13, 6, 10, 16, 27][8, 26, 0, 22, 25][20, 24, 4, 7, 28][11, 17, 12, 18][1, 23, 3, 9][3, 14, 20][10, 15][13, 18][17, 19][11, 14][19, 22] 
[5, 21, 15, 2, 29][13, 6, 10, 16, 27][8, 26, 0, 22, 25][20, 24, 4, 7, 28][11, 17, 12, 18][1, 23, 3, 9][3, 14, 20][10, 15][13, 18][17, 19][11, 14][19, 22] 
[8, 26, 0, 22, 25][13, 6, 10, 16, 27][5, 21, 15, 2, 29][20, 24, 4, 7, 28][11, 17, 12, 18][1, 23, 3, 9][17, 19, 22][11, 14][4, 14][13, 18][10, 15][3, 14] 
[8, 26, 0, 22, 25][13, 6, 10, 16, 27][5, 21, 15, 2, 29][20, 24, 4, 7, 28][11, 17, 12, 18][1, 23, 3, 9][17, 19, 22][11, 14][4, 14][13, 18][10, 15][3, 14] 
[13, 6, 10, 16, 27][8, 26, 0, 22, 25][5, 21, 15, 2, 29][20, 24, 4, 7, 28][11, 17, 12, 18][1, 23, 3, 9][17, 19, 22][13, 18][10, 15][11, 14][14, 20][3, 14] 
[5, 21, 15, 2, 29][13, 6, 10, 16, 27][8, 26, 0, 22, 25][20, 24, 4, 7, 28][11, 17, 12, 18][1, 23, 3, 9][3, 14, 20][10, 15][13, 18][17, 19][11, 14][19, 22] 
[5, 21, 15, 2, 29][13, 6, 10, 16, 27][8, 26, 0, 22, 25][20, 24, 4, 7, 28][11, 17, 12, 18][1, 23, 3, 9][3, 14, 20][10, 15][13, 18][17, 19][11, 14][19, 22] 
[8, 26, 0, 22, 25][13, 6, 10, 16, 27][5, 21, 15, 2, 29][20, 24, 4, 7, 28][11, 17, 12, 18][1, 23, 3, 9][17, 19, 22][11, 14][4, 14][13, 18][10, 15][3, 14] 
[5, 21, 15, 2, 29][13, 6, 10, 16, 27][8, 26, 0, 22, 25][20, 24, 4, 7, 28][11, 17, 12, 18][1, 23, 3, 9][3, 14, 20][10, 15][13, 18][17, 19][11, 14][19, 22] 
[5, 21, 15, 2, 29][13, 6, 10, 16, 27][8, 26, 0, 22, 25][20, 24, 4, 7, 28][11, 17, 12, 18][1, 23, 3, 9][3, 14, 20][10, 15][13, 18][17, 19][11, 14][19, 22] 
[5, 21, 15, 2, 29][13, 6, 10, 16, 27][8, 26, 0, 22, 25][20, 24, 4, 7, 28][11, 17, 12, 18][1, 23, 3, 9][3, 14, 20][10, 15][13, 18][17, 19][11, 14][19, 22] 
[5, 21, 15, 2, 29][13, 6, 10, 16, 27][20, 24, 4, 7, 28][8, 26, 0, 22, 25][11, 17, 12, 18][1, 23, 3, 9][3, 14, 20][10, 15][13, 18][11, 14][17, 19][19, 22] 
[20, 24, 4, 7, 28][8, 26, 0, 22, 25][13, 6, 10, 16, 27][5, 21, 15, 2, 29][11, 17, 12, 18][1, 23, 3, 9][17, 19, 22][4, 14][11, 14][3, 14][13, 18][10, 15] 
[8, 26, 0, 22, 25][13, 6, 10, 16, 27][5, 21, 15, 2, 29][20, 24, 4, 7, 28][11, 17, 12, 18][1, 23, 3, 9][17, 19, 22][11, 14][4, 14][13, 18][10, 15][3, 14] 
[8, 26, 0, 22, 25][20, 24, 4, 7, 28][13, 6, 10, 16, 27][5, 21, 15, 2, 29][11, 17, 12, 18][1, 23, 3, 9][17, 19, 22][11, 14][3, 14][14, 20][13, 18][10, 15] 
[5, 21, 15, 2, 29][13, 6, 10, 16, 27][8, 26, 0, 22, 25][20, 24, 4, 7, 28][11, 17, 12, 18][1, 23, 3, 9][3, 14, 20][10, 15][13, 18][17, 19][11, 14][19, 22] 
[5, 21, 15, 2, 29][13, 6, 10, 16, 27][8, 26, 0, 22, 25][20, 24, 4, 7, 28][11, 17, 12, 18][1, 23, 3, 9][3, 14, 20][10, 15][13, 18][17, 19][11, 14][19, 22] 
[8, 26, 0, 22, 25][13, 6, 10, 16, 27][5, 21, 15, 2, 29][20, 24, 4, 7, 28][11, 17, 12, 18][1, 23, 3, 9][17, 19, 22][11, 14][4, 14][13, 18][10, 15][3, 14] 
[5, 21, 15, 2, 29][13, 6, 10, 16, 27][8, 26, 0, 22, 25][20, 24, 4, 7, 28][11, 17, 12, 18][1, 23, 3, 9][3, 14, 20][10, 15][13, 18][17, 19][11, 14][19, 22] 
[5, 21, 15, 2, 29][13, 6, 10, 16, 27][8, 26, 0, 22, 25][20, 24, 4, 7, 28][11, 17, 12, 18][1, 23, 3, 9][3, 14, 20][10, 15][13, 18][17, 19][11, 14][19, 22] 
[5, 21, 15, 2, 29][13, 6, 10, 16, 27][8, 26, 0, 22, 25][20, 24, 4, 7, 28][11, 17, 12, 18][1, 23, 3, 9][3, 14, 20][10, 15][13, 18][17, 19][11, 14][19, 22] 
[8, 26, 0, 22, 25][13, 6, 10, 16, 27][5, 21, 15, 2, 29][20, 24, 4, 7, 28][11, 17, 12, 18][1, 23, 3, 9][17, 19, 22][11, 14][4, 14][13, 18][10, 15][3, 14] 
[5, 21, 15, 2, 29][13, 6, 10, 16, 27][8, 26, 0, 22, 25][20, 24, 4, 7, 28][11, 17, 12, 18][1, 23, 3, 9][3, 14, 20][10, 15][13, 18][17, 19][11, 14][19, 22] 
[5, 21, 15, 2, 29][13, 6, 10, 16, 27][8, 26, 0, 22, 25][20, 24, 4, 7, 28][11, 17, 12, 18][1, 23, 3, 9][3, 14, 20][10, 15][13, 18][17, 19][11, 14][19, 22] 
[13, 0, 25, 11, 3, 9, 23, 1, 14, 24, 20, 7, 27][4, 3, 11, 25, 22, 12, 18, 0, 26, 8, 19, 17][28, 16, 27, 2, 15, 21, 5, 6, 10, 29][0, 26][0, 26][8, 19][11, 25][7, 20][11, 25][7, 20][8, 19][7, 20] 
[13, 0, 25, 11, 3, 9, 23, 1, 14, 24, 20, 7, 27][4, 3, 11, 25, 22, 12, 18, 0, 26, 8, 19, 17][28, 16, 27, 2, 15, 21, 5, 6, 10, 29][0, 26][0, 26][8, 19][11, 25][7, 20][11, 25][7, 20][8, 19][7, 20] 
[13, 0, 25, 11, 3, 9, 23, 1, 14, 24, 20, 7, 27][4, 3, 11, 25, 22, 12, 18, 0, 26, 8, 19, 17][28, 16, 27, 2, 15, 21, 5, 6, 10, 29][0, 26][0, 26][8, 19][11, 25][7, 20][11, 25][7, 20][8, 19][7, 20] 
[3, 11, 25, 22, 12, 18, 0, 26, 8, 19, 17][28, 16, 27, 2, 15, 21, 5, 6, 10, 29][9, 23, 1, 14, 24, 20, 7, 27][3, 14, 7, 24, 20, 23, 4][0, 26][0, 13][11, 25][8, 19][8, 19][11, 25][11, 25][7, 20] 
[3, 11, 25, 22, 12, 18, 0, 26, 8, 19, 17][28, 16, 27, 2, 15, 21, 5, 6, 10, 29][9, 23, 1, 14, 24, 20, 7, 27][3, 14, 7, 24, 20, 23, 4][0, 26][0, 13][11, 25][8, 19][8, 19][11, 25][11, 25][7, 20] 
[3, 11, 25, 22, 12, 18, 0, 26, 8, 19, 17][28, 16, 27, 2, 15, 21, 5, 6, 10, 29][9, 23, 1, 14, 24, 20, 7, 27][3, 23, 4][15, 21][6, 13][11, 25][8, 19][8, 19][0, 26][7, 20][11, 25] 
[13, 0, 25, 11, 3, 9, 23, 1, 14, 24, 20, 7, 27][4, 3, 11, 25, 22, 12, 18, 0, 26, 8, 19, 17][28, 16, 27, 2, 15, 21, 5, 6, 10, 29][0, 26][0, 26][8, 19][11, 25][7, 20][11, 25][7, 20][8, 19][7, 20] 
[13, 0, 25, 11, 3, 9, 23, 1, 14, 24, 20, 7, 27][4, 3, 11, 25, 22, 12, 18, 0, 26, 8, 19, 17][28, 16, 27, 2, 15, 21, 5, 6, 10, 29][0, 26][0, 26][8, 19][11, 25][7, 20][11, 25][7, 20][8, 19][7, 20] 
[3, 11, 25, 22, 12, 18, 0, 26, 8, 19, 17][28, 16, 27, 2, 15, 21, 5, 6, 10, 29][9, 23, 1, 14, 24, 20, 7, 27][3, 14, 7, 24, 20, 23, 4][0, 26][0, 13][11, 25][8, 19][8, 19][11, 25][11, 25][7, 20] 
[13, 0, 25, 11, 3, 9, 23, 1, 14, 24, 20, 7, 27][4, 3, 11, 25, 22, 12, 18, 0, 26, 8, 19, 17][28, 16, 27, 2, 15, 21, 5, 6, 10, 29][0, 26][0, 26][8, 19][11, 25][7, 20][11, 25][7, 20][8, 19][7, 20] 
[13, 0, 25, 11, 3, 9, 23, 1, 14, 24, 20, 7, 27][4, 3, 11, 25, 22, 12, 18, 0, 26, 8, 19, 17][28, 16, 27, 2, 15, 21, 5, 6, 10, 29][0, 26][0, 26][8, 19][11, 25][7, 20][11, 25][7, 20][8, 19][7, 20] 
[13, 0, 25, 11, 3, 9, 23, 1, 14, 24, 20, 7, 27][4, 3, 11, 25, 22, 12, 18, 0, 26, 8, 19, 17][28, 16, 27, 2, 15, 21, 5, 6, 10, 29][0, 26][0, 26][8, 19][11, 25][7, 20][11, 25][7, 20][8, 19][7, 20] 
[3, 11, 25, 22, 12, 18, 0, 26, 8, 19, 17][28, 16, 27, 2, 15, 21, 5, 6, 10, 29][9, 23, 1, 14, 24, 20, 7, 27][3, 14, 7, 24, 20, 23, 4][0, 26][0, 13][11, 25][8, 19][8, 19][11, 25][11, 25][7, 20] 
[13, 0, 25, 11, 3, 9, 23, 1, 14, 24, 20, 7, 27][4, 3, 11, 25, 22, 12, 18, 0, 26, 8, 19, 17][28, 16, 27, 2, 15, 21, 5, 6, 10, 29][0, 26][0, 26][8, 19][11, 25][7, 20][11, 25][7, 20][8, 19][7, 20] 
[13, 0, 25, 11, 3, 9, 23, 1, 14, 24, 20, 7, 27][4, 3, 11, 25, 22, 12, 18, 0, 26, 8, 19, 17][28, 16, 27, 2, 15, 21, 5, 6, 10, 29][0, 26][0, 26][8, 19][11, 25][7, 20][11, 25][7, 20][8, 19][7, 20] 
[13, 0, 25, 11, 3, 9, 23, 1, 14, 24, 20, 7, 27][4, 3, 11, 25, 22, 12, 18, 0, 26, 8, 19, 17][28, 16, 27, 2, 15, 21, 5, 6, 10, 29][7, 20][11, 25][7, 20][7, 20][7, 20][8, 19][8, 19][8, 19][8, 19] 
[13, 0, 25, 11, 3, 9, 23, 1, 14, 24, 20, 7, 27][4, 3, 11, 25, 22, 12, 18, 0, 26, 8, 19, 17][28, 16, 27, 2, 15, 21, 5, 6, 10, 29][7, 20][11, 25][7, 20][7, 20][7, 20][8, 19][8, 19][8, 19][8, 19] 
[13, 0, 25, 11, 3, 9, 23, 1, 14, 24, 20, 7, 27][4, 3, 11, 25, 22, 12, 18, 0, 26, 8, 19, 17][28, 16, 27, 2, 15, 21, 5, 6, 10, 29][15, 21][0, 26][0, 26][0, 26][8, 19][8, 19][7, 20][11, 25][11, 25] 
[13, 0, 25, 11, 3, 9, 23, 1, 14, 24, 20, 7, 27][4, 3, 11, 25, 22, 12, 18, 0, 26, 8, 19, 17][28, 16, 27, 2, 15, 21, 5, 6, 10, 29][7, 20][11, 25][7, 20][7, 20][7, 20][8, 19][8, 19][8, 19][8, 19] 
[13, 0, 25, 11, 3, 9, 23, 1, 14, 24, 20, 7, 27][4, 3, 11, 25, 22, 12, 18, 0, 26, 8, 19, 17][28, 16, 27, 2, 15, 21, 5, 6, 10, 29][7, 20][11, 25][7, 20][7, 20][7, 20][8, 19][8, 19][8, 19][8, 19] 
[13, 0, 25, 11, 3, 9, 23, 1, 14, 24, 20, 7, 27][4, 3, 11, 25, 22, 12, 18, 0, 26, 8, 19, 17][28, 16, 27, 2, 15, 21, 5, 6, 10, 29][7, 20][11, 25][7, 20][7, 20][7, 20][8, 19][8, 19][8, 19][8, 19] 
[5, 21, 15, 2, 29][13, 6, 10, 16, 27][8, 26, 0, 22, 25][20, 24, 4, 7, 28][11, 17, 12, 18][1, 23, 3, 9][17, 19, 22][10, 15][13, 18][11, 14][14, 20][3, 14] 
[8, 26, 0, 22, 25][13, 6, 10, 16, 27][20, 24, 4, 7, 28][5, 21, 15, 2, 29][11, 17, 12, 18][1, 23, 3, 9][17, 19, 22][11, 14][13, 18][3, 14][14, 20][10, 15] 
[5, 21, 15, 2, 29][13, 6, 10, 16, 27][8, 26, 0, 22, 25][20, 24, 4, 7, 28][11, 17, 12, 18][1, 23, 3, 9][17, 19, 22][10, 15][13, 18][11, 14][14, 20][3, 14] 
[13, 6, 10, 16, 27][8, 26, 0, 22, 25][5, 21, 15, 2, 29][20, 24, 4, 7, 28][11, 17, 12, 18][1, 23, 3, 9][17, 19, 22][13, 18][11, 14][10, 15][3, 14][14, 20] 
[5, 21, 15, 2, 29][13, 6, 10, 16, 27][8, 26, 0, 22, 25][20, 24, 4, 7, 28][11, 17, 12, 18][1, 23, 3, 9][17, 19, 22][10, 15][13, 18][11, 14][14, 20][3, 14] 
[5, 21, 15, 2, 29][13, 6, 10, 16, 27][8, 26, 0, 22, 25][20, 24, 4, 7, 28][11, 17, 12, 18][1, 23, 3, 9][17, 19, 22][10, 15][13, 18][11, 14][14, 20][3, 14] 
[5, 21, 15, 2, 29][13, 6, 10, 16, 27][8, 26, 0, 22, 25][20, 24, 4, 7, 28][11, 17, 12, 18][1, 23, 3, 9][17, 19, 22][10, 15][13, 18][11, 14][14, 20][3, 14] 
[8, 26, 0, 22, 25][20, 24, 4, 7, 28][13, 6, 10, 16, 27][5, 21, 15, 2, 29][11, 17, 12, 18][1, 23, 3, 9][17, 19, 22][11, 14][3, 14][14, 20][13, 18][10, 15] 
[13, 6, 10, 16, 27][8, 26, 0, 22, 25][5, 21, 15, 2, 29][20, 24, 4, 7, 28][11, 17, 12, 18][1, 23, 3, 9][17, 19, 22][13, 18][10, 15][11, 14][14, 20][3, 14] 
[8, 26, 0, 22, 25][20, 24, 4, 7, 28][13, 6, 10, 16, 27][5, 21, 15, 2, 29][11, 17, 12, 18][1, 23, 3, 9][17, 19, 22][11, 14][3, 14][14, 20][13, 18][10, 15] 
[5, 21, 15, 2, 29][13, 6, 10, 16, 27][8, 26, 0, 22, 25][20, 24, 4, 7, 28][11, 17, 12, 18][1, 23, 3, 9][17, 19, 22][10, 15][13, 18][11, 14][14, 20][3, 14] 
[5, 21, 15, 2, 29][13, 6, 10, 16, 27][8, 26, 0, 22, 25][20, 24, 4, 7, 28][11, 17, 12, 18][1, 23, 3, 9][17, 19, 22][10, 15][13, 18][11, 14][14, 20][3, 14] 
[5, 21, 15, 2, 29][13, 6, 10, 16, 27][8, 26, 0, 22, 25][20, 24, 4, 7, 28][11, 17, 12, 18][1, 23, 3, 9][17, 19, 22][10, 15][13, 18][11, 14][14, 20][3, 14] 
[5, 21, 15, 2, 29][13, 6, 10, 16, 27][8, 26, 0, 22, 25][20, 24, 4, 7, 28][11, 17, 12, 18][1, 23, 3, 9][17, 19, 22][10, 15][13, 18][11, 14][14, 20][3, 14] 
[5, 21, 15, 2, 29][13, 6, 10, 16, 27][8, 26, 0, 22, 25][20, 24, 4, 7, 28][11, 17, 12, 18][1, 23, 3, 9][17, 19, 22][10, 15][13, 18][11, 14][14, 20][3, 14] 
[13, 6, 10, 16, 27][20, 24, 4, 7, 28][5, 21, 15, 2, 29][8, 26, 0, 22, 25][11, 17, 12, 18][1, 23, 3, 9][3, 14, 20][13, 18][17, 19][11, 14][10, 15][19, 22] 
[5, 21, 15, 2, 29][13, 6, 10, 16, 27][8, 26, 0, 22, 25][20, 24, 4, 7, 28][11, 17, 12, 18][1, 23, 3, 9][3, 14, 20][10, 15][13, 18][17, 19][11, 14][19, 22] 
[13, 6, 10, 16, 27][20, 24, 4, 7, 28][5, 21, 15, 2, 29][8, 26, 0, 22, 25][11, 17, 12, 18][1, 23, 3, 9][3, 14, 20][13, 18][17, 19][11, 14][10, 15][19, 22] 
[5, 21, 15, 2, 29][13, 6, 10, 16, 27][8, 26, 0, 22, 25][20, 24, 4, 7, 28][11, 17, 12, 18][1, 23, 3, 9][3, 14, 20][10, 15][13, 18][17, 19][11, 14][19, 22] 
[5, 21, 15, 2, 29][13, 6, 10, 16, 27][8, 26, 0, 22, 25][20, 24, 4, 7, 28][11, 17, 12, 18][1, 23, 3, 9][3, 14, 20][10, 15][13, 18][17, 19][11, 14][19, 22] 
[5, 21, 15, 2, 29][13, 6, 10, 16, 27][8, 26, 0, 22, 25][20, 24, 4, 7, 28][11, 17, 12, 18][1, 23, 3, 9][3, 14, 20][10, 15][13, 18][17, 19][11, 14][19, 22] 
[5, 21, 15, 2, 29][13, 6, 10, 16, 27][8, 26, 0, 22, 25][20, 24, 4, 7, 28][11, 17, 12, 18][1, 23, 3, 9][17, 19, 22][10, 15][13, 18][11, 14][14, 20][3, 14] 
[20, 24, 4, 7, 28][8, 26, 0, 22, 25][13, 6, 10, 16, 27][5, 21, 15, 2, 29][11, 17, 12, 18][1, 23, 3, 9][17, 19, 22][14, 20][11, 14][3, 14][13, 18][10, 15] 
[5, 21, 15, 2, 29][13, 6, 10, 16, 27][8, 26, 0, 22, 25][20, 24, 4, 7, 28][11, 17, 12, 18][1, 23, 3, 9][17, 19, 22][10, 15][13, 18][11, 14][14, 20][3, 14] 
[5, 21, 15, 2, 29][13, 6, 10, 16, 27][8, 26, 0, 22, 25][20, 24, 4, 7, 28][11, 17, 12, 18][1, 23, 3, 9][17, 19, 22][10, 15][13, 18][11, 14][14, 20][3, 14] 
[5, 21, 15, 2, 29][13, 6, 10, 16, 27][8, 26, 0, 22, 25][20, 24, 4, 7, 28][11, 17, 12, 18][1, 23, 3, 9][17, 19, 22][10, 15][13, 18][11, 14][14, 20][3, 14] 
[8, 26, 0, 22, 25][13, 6, 10, 16, 27][5, 21, 15, 2, 29][20, 24, 4, 7, 28][11, 17, 12, 18][1, 23, 3, 9][17, 19, 22][11, 14][4, 14][13, 18][10, 15][3, 14] 
[20, 24, 4, 7, 28][8, 26, 0, 22, 25][13, 6, 10, 16, 27][5, 21, 15, 2, 29][11, 17, 12, 18][1, 23, 3, 9][17, 19, 22][14, 20][11, 14][3, 14][13, 18][10, 15] 
[5, 21, 15, 2, 29][13, 6, 10, 16, 27][8, 26, 0, 22, 25][20, 24, 4, 7, 28][11, 17, 12, 18][1, 23, 3, 9][3, 14, 20][10, 15][13, 18][17, 19][11, 14][19, 22] 
[5, 21, 15, 2, 29][13, 6, 10, 16, 27][8, 26, 0, 22, 25][20, 24, 4, 7, 28][11, 17, 12, 18][1, 23, 3, 9][3, 14, 20][10, 15][13, 18][17, 19][11, 14][19, 22] 
[5, 21, 15, 2, 29][13, 6, 10, 16, 27][8, 26, 0, 22, 25][20, 24, 4, 7, 28][11, 17, 12, 18][1, 23, 3, 9][3, 14, 20][10, 15][13, 18][17, 19][11, 14][19, 22] 
[20, 24, 4, 7, 28][8, 26, 0, 22, 25][13, 6, 10, 16, 27][5, 21, 15, 2, 29][11, 17, 12, 18][1, 23, 3, 9][3, 14, 20][11, 14][17, 19][19, 22][13, 18][10, 15] 
[5, 21, 15, 2, 29][13, 6, 10, 16, 27][8, 26, 0, 22, 25][20, 24, 4, 7, 28][11, 17, 12, 18][1, 23, 3, 9][3, 14, 20][10, 15][13, 18][17, 19][11, 14][19, 22] 
[5, 21, 15, 2, 29][13, 6, 10, 16, 27][8, 26, 0, 22, 25][20, 24, 4, 7, 28][11, 17, 12, 18][1, 23, 3, 9][3, 14, 20][10, 15][13, 18][17, 19][11, 14][19, 22] 
[20, 24, 4, 7, 28][8, 26, 0, 22, 25][13, 6, 10, 16, 27][5, 21, 15, 2, 29][11, 17, 12, 18][1, 23, 3, 9][3, 14, 20][11, 14][17, 19][19, 22][13, 18][10, 15] 
[5, 21, 15, 2, 29][13, 6, 10, 16, 27][8, 26, 0, 22, 25][20, 24, 4, 7, 28][11, 17, 12, 18][1, 23, 3, 9][3, 14, 20][10, 15][13, 18][17, 19][11, 14][19, 22] 
[5, 21, 15, 2, 29][13, 6, 10, 16, 27][8, 26, 0, 22, 25][20, 24, 4, 7, 28][11, 17, 12, 18][1, 23, 3, 9][3, 14, 20][10, 15][13, 18][17, 19][11, 14][19, 22] 
[5, 21, 15, 2, 29][13, 6, 10, 16, 27][8, 26, 0, 22, 25][20, 24, 4, 7, 28][11, 17, 12, 18][1, 23, 3, 9][3, 14, 20][10, 15][13, 18][17, 19][11, 14][19, 22] 
[20, 24, 4, 7, 28][13, 6, 10, 16, 27][5, 21, 15, 2, 29][8, 26, 0, 22, 25][11, 17, 12, 18][1, 23, 3, 9][3, 14, 20][17, 19][11, 14][13, 18][10, 15][19, 22] 
[5, 21, 15, 2, 29][13, 6, 10, 16, 27][8, 26, 0, 22, 25][20, 24, 4, 7, 28][11, 17, 12, 18][1, 23, 3, 9][3, 14, 20][10, 15][13, 18][17, 19][11, 14][19, 22] 
[5, 21, 15, 2, 29][13, 6, 10, 16, 27][8, 26, 0, 22, 25][20, 24, 4, 7, 28][11, 17, 12, 18][1, 23, 3, 9][3, 14, 20][10, 15][13, 18][17, 19][11, 14][19, 22] 
[5, 21, 15, 2, 29][13, 6, 10, 16, 27][8, 26, 0, 22, 25][20, 24, 4, 7, 28][11, 17, 12, 18][1, 23, 3, 9][3, 14, 20][10, 15][13, 18][17, 19][11, 14][19, 22] 
[5, 21, 15, 2, 29][13, 6, 10, 16, 27][8, 26, 0, 22, 25][20, 24, 4, 7, 28][11, 17, 12, 18][1, 23, 3, 9][3, 14, 20][10, 15][13, 18][17, 19][11, 14][19, 22] 
[19, 8, 26, 0, 22, 25][5, 21, 15, 2, 29][13, 6, 10, 16, 27][20, 24, 4, 7, 28][11, 17, 12, 18][1, 23, 3, 9][17, 19, 22][3, 14, 20][10, 15][13, 18][11, 14][14, 20] 
[19, 8, 26, 0, 22, 25][20, 24, 4, 7, 28][13, 6, 10, 16, 27][5, 21, 15, 2, 29][1, 23, 3, 9][11, 17, 12, 18][3, 14, 20][11, 14][13, 18][10, 15][17, 19][3, 23] 
[19, 8, 26, 0, 22, 25][20, 24, 4, 7, 28][13, 6, 10, 16, 27][5, 21, 15, 2, 29][1, 23, 3, 9][11, 17, 12, 18][3, 14, 20][11, 14][13, 18][10, 15][17, 19][3, 23] 
[19, 8, 26, 0, 22, 25][20, 24, 4, 7, 28][13, 6, 10, 16, 27][5, 21, 15, 2, 29][1, 23, 3, 9][11, 17, 12, 18][3, 14, 20][11, 14][13, 18][10, 15][17, 19][3, 23] 
[19, 8, 26, 0, 22, 25][5, 21, 15, 2, 29][13, 6, 10, 16, 27][20, 24, 4, 7, 28][11, 17, 12, 18][1, 23, 3, 9][17, 19, 22][3, 14, 20][10, 15][13, 18][11, 14][14, 20] 
[19, 8, 26, 0, 22, 25][24, 20, 14, 4, 7, 28][13, 6, 10, 16, 27][5, 21, 15, 2, 29][11, 17, 12, 18][1, 23, 3, 9][10, 16][13, 18][17, 19][11, 14][10, 15][3, 14] 
[8, 26, 0, 22, 25][13, 6, 10, 16, 27][5, 21, 15, 2, 29][20, 24, 4, 7, 28][11, 17, 12, 18][1, 23, 3, 9][17, 19, 22][11, 14][4, 14][13, 18][10, 15][3, 14] 
[8, 26, 0, 22, 25][13, 6, 10, 16, 27][5, 21, 15, 2, 29][20, 24, 4, 7, 28][11, 17, 12, 18][1, 23, 3, 9][17, 19, 22][11, 14][4, 14][13, 18][10, 15][3, 14] 
[8, 26, 0, 22, 25][13, 6, 10, 16, 27][5, 21, 15, 2, 29][20, 24, 4, 7, 28][11, 17, 12, 18][1, 23, 3, 9][17, 19, 22][11, 14][4, 14][13, 18][10, 15][3, 14] 
[8, 26, 0, 22, 25][13, 6, 10, 16, 27][20, 24, 4, 7, 28][5, 21, 15, 2, 29][11, 17, 12, 18][1, 23, 3, 9][17, 19, 22][11, 14][13, 18][4, 14][10, 15][3, 14] 
[8, 26, 0, 22, 25][13, 6, 10, 16, 27][5, 21, 15, 2, 29][20, 24, 4, 7, 28][11, 17, 12, 18][1, 23, 3, 9][17, 19, 22][11, 14][4, 14][13, 18][10, 15][3, 14] 
[5, 21, 15, 2, 29][13, 6, 10, 16, 27][8, 26, 0, 22, 25][20, 24, 4, 7, 28][11, 17, 12, 18][1, 23, 3, 9][3, 14, 20][10, 15][13, 18][17, 19][11, 14][19, 22] 
[5, 21, 15, 2, 29][13, 6, 10, 16, 27][8, 26, 0, 22, 25][20, 24, 4, 7, 28][11, 17, 12, 18][1, 23, 3, 9][17, 19, 22][10, 15][13, 18][11, 14][14, 20][3, 14] 
