[3, 9, 1, 24, 23, 20][5, 6, 13, 18, 22][21, 15, 2, 27, 29][8, 12, 19, 17, 11][4, 7, 16, 10][26, 0, 25, 28][7, 14][7, 28][0, 22][5, 21][17, 28][9, 14] 
[3, 9, 1, 24, 23, 20][8, 12, 19, 17, 11][5, 6, 13, 18, 22][21, 15, 2, 27, 29][26, 0, 25, 28][4, 7, 16, 10][17, 28][0, 22][7, 28][14, 24][5, 21][7, 14] 
[3, 9, 1, 24, 23, 20][5, 6, 13, 18, 22][21, 15, 2, 27, 29][8, 12, 19, 17, 11][26, 0, 25, 28][4, 7, 16, 10][5, 21][0, 22][7, 28][14, 24][17, 28][4, 24] 
[3, 9, 1, 24, 23, 20][5, 6, 13, 18, 22][21, 15, 2, 27, 29][8, 12, 19, 17, 11][26, 0, 25, 28][4, 7, 16, 10][5, 21][0, 22][7, 28][14, 24][17, 28][4, 24] 
[3, 9, 1, 24, 23, 20][8, 12, 19, 17, 11][5, 6, 13, 18, 22][21, 15, 2, 27, 29][26, 0, 25, 28][4, 7, 16, 10][17, 28][0, 22][7, 28][14, 24][5, 21][7, 14] 
[3, 9, 1, 24, 23, 20][8, 12, 19, 17, 11][5, 6, 13, 18, 22][21, 15, 2, 27, 29][26, 0, 25, 28][4, 7, 16, 10][17, 28][0, 22][7, 28][14, 24][5, 21][7, 14] 
[3, 9, 1, 24, 23, 20][8, 12, 19, 17, 11][5, 6, 13, 18, 22][21, 15, 2, 27, 29][4, 7, 16, 10][26, 0, 25, 28][7, 14][7, 28][17, 28][0, 22][5, 21][14, 24] 
[3, 9, 1, 24, 23, 20][5, 6, 13, 18, 22][21, 15, 2, 27, 29][8, 12, 19, 17, 11][4, 7, 16, 10][26, 0, 25, 28][14, 24][7, 14][7, 28][0, 22][5, 21][17, 28] 
[3, 9, 1, 24, 23, 20][8, 12, 19, 17, 11][5, 6, 13, 18, 22][21, 15, 2, 27, 29][26, 0, 25, 28][4, 7, 16, 10][17, 28][7, 28][0, 22][7, 14][5, 21][14, 24] 
[3, 9, 1, 24, 23, 20][8, 12, 19, 17, 11][5, 6, 13, 18, 22][21, 15, 2, 27, 29][26, 0, 25, 28][4, 7, 16, 10][17, 28][7, 28][0, 22][7, 14][5, 21][14, 24] 
[3, 9, 1, 24, 23, 20][5, 6, 13, 18, 22][21, 15, 2, 27, 29][8, 12, 19, 17, 11][4, 7, 16, 10][26, 0, 25, 28][7, 14][7, 28][0, 22][5, 21][17, 28][9, 14] 
[3, 9, 1, 24, 23, 20][8, 12, 19, 17, 11][5, 6, 13, 18, 22][21, 15, 2, 27, 29][26, 0, 25, 28][4, 7, 16, 10][7, 28][17, 28][7, 14][14, 24][0, 22][5, 21] 
[3, 9, 1, 24, 23, 20][5, 6, 13, 18, 22][21, 15, 2, 27, 29][8, 12, 19, 17, 11][26, 0, 25, 28][4, 7, 16, 10][5, 21][0, 22][7, 28][14, 24][17, 28][4, 24] 
[3, 9, 1, 24, 23, 20][8, 12, 19, 17, 11][5, 6, 13, 18, 22][21, 15, 2, 27, 29][26, 0, 25, 28][4, 7, 16, 10][17, 28][0, 22][7, 28][14, 24][5, 21][7, 14] 
[3, 9, 1, 24, 23, 20][5, 6, 13, 18, 22][8, 12, 19, 17, 11][21, 15, 2, 27, 29][26, 0, 25, 28][4, 7, 16, 10][0, 22][17, 28][5, 21][7, 28][7, 14][14, 24] 
[3, 9, 1, 24, 23, 20][8, 12, 19, 17, 11][5, 6, 13, 18, 22][21, 15, 2, 27, 29][26, 0, 25, 28][4, 7, 16, 10][17, 28][0, 22][7, 28][14, 24][5, 21][7, 14] 
[3, 9, 1, 24, 23, 20][5, 6, 13, 18, 22][8, 12, 19, 17, 11][21, 15, 2, 27, 29][4, 7, 16, 10][26, 0, 25, 28][9, 14][7, 14][7, 28][0, 22][17, 28][5, 21] 
[3, 9, 1, 24, 23, 20][8, 12, 19, 17, 11][5, 6, 13, 18, 22][21, 15, 2, 27, 29][26, 0, 25, 28][4, 7, 16, 10][17, 28][0, 22][7, 28][14, 24][5, 21][7, 14] 
[3, 9, 1, 24, 23, 20][5, 6, 13, 18, 22][8, 12, 19, 17, 11][21, 15, 2, 27, 29][26, 0, 25, 28][4, 7, 16, 10][0, 22][17, 28][5, 21][7, 28][7, 14][14, 24] 
[3, 9, 1, 24, 23, 20][5, 6, 13, 18, 22][21, 15, 2, 27, 29][8, 12, 19, 17, 11][4, 7, 16, 10][26, 0, 25, 28][7, 14][7, 28][0, 22][5, 21][17, 28][9, 14] 
[3, 9, 1, 24, 23, 20][5, 6, 13, 18, 22][21, 15, 2, 27, 29][8, 12, 19, 17, 11][4, 7, 16, 10][26, 0, 25, 28][7, 14][7, 28][0, 22][5, 21][17, 28][9, 14] 
[3, 9, 1, 24, 23, 20][8, 12, 19, 17, 11][5, 6, 13, 18, 22][21, 15, 2, 27, 29][26, 0, 25, 28][4, 7, 16, 10][7, 28][17, 28][7, 14][14, 24][0, 22][5, 21] 
[3, 9, 1, 24, 23, 20][5, 6, 13, 18, 22][21, 15, 2, 27, 29][8, 12, 19, 17, 11][26, 0, 25, 28][4, 7, 16, 10][5, 21][0, 22][7, 28][14, 24][17, 28][4, 24] 
[3, 9, 1, 24, 23, 20][8, 12, 19, 17, 11][5, 6, 13, 18, 22][21, 15, 2, 27, 29][26, 0, 25, 28][4, 7, 16, 10][17, 28][0, 22][7, 28][14, 24][5, 21][7, 14] 
[3, 9, 1, 24, 23, 20][8, 12, 19, 17, 11][5, 6, 13, 18, 22][21, 15, 2, 27, 29][26, 0, 25, 28][4, 7, 16, 10][7, 28][17, 28][7, 14][14, 24][0, 22][5, 21] 
[3, 9, 1, 24, 23, 20][8, 12, 19, 17, 11][5, 6, 13, 18, 22][21, 15, 2, 27, 29][26, 0, 25, 28][4, 7, 16, 10][7, 28][17, 28][7, 14][14, 24][0, 22][5, 21] 
[3, 9, 1, 24, 23, 20][5, 6, 13, 18, 22][21, 15, 2, 27, 29][8, 12, 19, 17, 11][4, 7, 16, 10][26, 0, 25, 28][7, 14][7, 28][0, 22][5, 21][17, 28][9, 14] 
[3, 9, 1, 24, 23, 20][8, 12, 19, 17, 11][5, 6, 13, 18, 22][21, 15, 2, 27, 29][26, 0, 25, 28][4, 7, 16, 10][17, 28][0, 22][7, 28][14, 24][5, 21][7, 14] 
[3, 9, 1, 24, 23, 20][5, 6, 13, 18, 22][21, 15, 2, 27, 29][8, 12, 19, 17, 11][4, 7, 16, 10][26, 0, 25, 28][14, 24][7, 14][7, 28][0, 22][5, 21][17, 28] 
[3, 9, 1, 24, 23, 20][5, 6, 13, 18, 22][21, 15, 2, 27, 29][8, 12, 19, 17, 11][4, 7, 16, 10][26, 0, 25, 28][7, 14][7, 28][0, 22][5, 21][17, 28][9, 14] 
[3, 9, 1, 24, 23, 20][5, 6, 13, 18, 22][21, 15, 2, 27, 29][8, 12, 19, 17, 11][4, 7, 16, 10][26, 0, 25, 28][7, 14][7, 28][0, 22][5, 21][17, 28][9, 14] 
[3, 9, 1, 24, 23, 20][8, 12, 19, 17, 11][5, 6, 13, 18, 22][21, 15, 2, 27, 29][26, 0, 25, 28][4, 7, 16, 10][17, 28][0, 22][7, 28][14, 24][5, 21][7, 14] 
[3, 9, 1, 24, 23, 20][8, 12, 19, 17, 11][5, 6, 13, 18, 22][21, 15, 2, 27, 29][26, 0, 25, 28][4, 7, 16, 10][7, 28][17, 28][7, 14][14, 24][0, 22][5, 21] 
[3, 9, 1, 24, 23, 20][5, 6, 13, 18, 22][21, 15, 2, 27, 29][8, 12, 19, 17, 11][4, 7, 16, 10][26, 0, 25, 28][7, 14][7, 28][0, 22][5, 21][17, 28][9, 14] 
[3, 9, 1, 24, 23, 20][5, 6, 13, 18, 22][21, 15, 2, 27, 29][8, 12, 19, 17, 11][4, 7, 16, 10][26, 0, 25, 28][7, 14][7, 28][0, 22][5, 21][17, 28][9, 14] 
[1, 9, 14, 3, 4, 23, 20, 24, 7, 16, 28, 0, 13, 6, 21][6, 16, 27, 7, 25, 11, 14, 4, 23, 20, 24, 3, 1, 9][6, 13, 0, 26, 8, 12, 17, 18, 22, 19][5, 15, 21, 10, 2, 29, 27][20, 23][23, 24][1, 14][6, 16][16, 28][2, 29][1, 24][0, 26] 
[6, 16, 27, 7, 25, 11, 14, 4, 23, 20, 24, 3, 1, 9][0, 28, 16, 7, 24, 20, 23, 4, 3, 14, 9, 1][6, 13, 0, 26, 8, 12, 17, 18, 22, 19][5, 15, 21, 10, 2, 29, 27, 16][7, 4, 14, 20, 23, 9, 1, 24][20, 4, 1, 24, 23][1, 14, 9][20, 23][6, 16][16, 28][2, 29][0, 26] 
[6, 16, 27, 7, 25, 11, 14, 4, 23, 20, 24, 3, 1, 9][0, 28, 16, 7, 24, 20, 23, 4, 3, 14, 9, 1][13, 0, 26, 8, 12, 17, 18, 22, 19][5, 15, 21, 10, 2, 29, 27, 16][1, 14, 9][20, 23][23, 24][6, 16][16, 28][2, 29][1, 24][0, 26] 
[0, 28, 16, 7, 24, 20, 23, 4, 3, 14, 9, 1][13, 0, 26, 8, 12, 17, 18, 22, 19][5, 15, 21, 10, 2, 29, 27][6, 16, 27, 7, 25, 11][2, 29][16, 27][0, 26][16, 28][20, 23][16, 28][16, 28][20, 23] 
[0, 28, 16, 7, 24, 20, 23, 4, 3, 14, 9, 1][13, 0, 26, 8, 12, 17, 18, 22, 19][5, 15, 21, 10, 2, 29, 27][6, 16, 27, 7, 25, 11][2, 29][16, 27][0, 26][16, 28][20, 23][16, 28][16, 28][20, 23] 
[14, 23, 20, 7, 27, 10, 15, 16, 6, 21, 2, 29][5, 6, 13, 0, 26, 8][7, 4, 3, 9, 1, 24][22, 19, 12, 17, 28][0, 18, 12, 17][7, 25, 11][2, 29][2, 29][20, 23][6, 16][2, 29][2, 29] 
[1, 9, 14, 3, 4, 23, 20, 24, 7, 16, 28, 0, 13, 6, 21][6, 16, 27, 7, 25, 11, 14, 4, 23, 20, 24, 3, 1, 9][13, 0, 26, 8, 12, 17, 18, 22, 19][5, 15, 21, 10, 2, 29, 27, 16][4, 14, 9, 1, 24][20, 23][23, 24][1, 14][6, 16][16, 28][2, 29][0, 26] 
[6, 16, 27, 7, 25, 11, 14, 4, 23, 20, 24, 3, 1, 9][0, 28, 16, 7, 24, 20, 23, 4, 3, 14, 9, 1][13, 0, 26, 8, 12, 17, 18, 22, 19][5, 15, 21, 10, 2, 29, 27, 16][1, 14, 9][20, 23][23, 24][6, 16][16, 28][2, 29][1, 24][0, 26] 
[0, 28, 16, 7, 24, 20, 23, 4, 3, 14, 9, 1][13, 0, 26, 8, 12, 17, 18, 22, 19][5, 15, 21, 10, 2, 29, 27][6, 16, 27, 7, 25, 11][2, 29][16, 27][0, 26][16, 28][20, 23][16, 28][16, 28][20, 23] 
[1, 9, 14, 3, 4, 23, 20, 24, 7, 16, 28, 0, 13, 6, 21][6, 16, 27, 7, 25, 11, 14, 4, 23, 20, 24, 3, 1, 9][6, 13, 0, 26, 8, 12, 17, 18, 22, 19][5, 15, 21, 10, 2, 29, 27, 16][20, 23][23, 24][1, 14][6, 16][16, 28][2, 29][1, 24][0, 26] 
[1, 3, 24, 20, 23, 4, 14, 11, 25, 7, 27, 16, 6][0, 28, 16, 7, 24, 20, 23, 4, 3, 14, 9, 1][13, 0, 26, 8, 12, 17, 18, 22, 19][5, 15, 21, 10, 2, 29, 27][0, 26, 8][20, 23][23, 24][1, 14][6, 16][16, 28][2, 29][1, 24] 
[1, 3, 24, 20, 23, 4, 14, 11, 25, 7, 27, 16, 6][0, 28, 16, 7, 24, 20, 23, 4, 3, 14, 9, 1][13, 0, 26, 8, 12, 17, 18, 22, 19][5, 15, 21, 10, 2, 29, 27][20, 23][23, 24][1, 14][6, 16][16, 28][2, 29][1, 24][0, 26] 
[0, 28, 16, 7, 24, 20, 23, 4, 3, 14, 9, 1][13, 0, 26, 8, 12, 17, 18, 22, 19][5, 15, 21, 10, 2, 29, 27][6, 16, 27, 7, 25, 11][2, 29][16, 27][0, 26][16, 28][20, 23][16, 28][16, 28][20, 23] 
[1, 9, 14, 3, 4, 23, 20, 24, 7, 16, 28, 0, 13, 6, 21][6, 16, 27, 7, 25, 11, 14, 4, 23, 20, 24, 3, 1, 9][6, 13, 0, 26, 8, 12, 17, 18, 22, 19][5, 15, 21, 10, 2, 29, 27, 16][20, 23][23, 24][1, 14][6, 16][16, 28][2, 29][1, 24][0, 26] 
[1, 3, 24, 20, 23, 4, 14, 11, 25, 7, 27, 16, 6][0, 28, 16, 7, 24, 20, 23, 4, 3, 14, 9, 1][13, 0, 26, 8, 12, 17, 18, 22, 19][5, 15, 21, 10, 2, 29, 27][14, 20, 4, 24, 23][0, 26, 8][20, 23][1, 14][6, 16][16, 28][2, 29][1, 24] 
[6, 16, 27, 7, 25, 11, 14, 4, 23, 20, 24, 3, 1, 9][0, 28, 16, 7, 24, 20, 23, 4, 3, 14, 9, 1][6, 13, 0, 26, 8, 12, 17, 18, 22, 19][5, 15, 21, 10, 2, 29, 27, 16][1, 14, 9][20, 23][23, 24][6, 16][16, 28][2, 29][1, 24][0, 26] 
[1, 3, 24, 20, 23, 4, 14, 11, 25, 7, 27, 16, 6][0, 28, 16, 7, 24, 20, 23, 4, 3, 14, 9, 1][13, 0, 26, 8, 12, 17, 18, 22, 19][5, 15, 21, 10, 2, 29, 27][20, 23][23, 24][1, 14][6, 16][16, 28][2, 29][1, 24][0, 26] 
[0, 28, 16, 7, 24, 20, 23, 4, 3, 14, 9, 1][13, 0, 26, 8, 12, 17, 18, 22, 19][5, 15, 21, 10, 2, 29, 27][6, 16, 27, 7, 25, 11][2, 29][16, 27][0, 26][16, 28][20, 23][16, 28][16, 28][20, 23] 
[1, 3, 24, 20, 23, 4, 14, 11, 25, 7, 27, 16, 6][0, 28, 16, 7, 24, 20, 23, 4, 3, 14, 9, 1][13, 0, 26, 8, 12, 17, 18, 22, 19][5, 15, 21, 10, 2, 29, 27][14, 20, 4, 24, 23][0, 26, 8][20, 23][1, 14][6, 16][16, 28][2, 29][1, 24] 
[1, 3, 24, 20, 23, 4, 14, 11, 25, 7, 27, 16, 6][0, 28, 16, 7, 24, 20, 23, 4, 3, 14, 9, 1][13, 0, 26, 8, 12, 17, 18, 22, 19][5, 15, 21, 10, 2, 29, 27][0, 26, 8][20, 23][23, 24][1, 14][6, 16][16, 28][2, 29][1, 24] 
[1, 9, 14, 3, 4, 23, 20, 24, 7, 16, 28, 0, 13, 6, 21][6, 16, 27, 7, 25, 11, 14, 4, 23, 20, 24, 3, 1, 9][15, 5, 6, 13, 0, 26, 8, 12, 17, 18, 22, 19][10, 2, 29, 27][3, 23, 20][23, 24][1, 14][6, 16][16, 28][2, 29][1, 24][0, 26] 
[3, 9, 1, 24, 23, 20][8, 12, 19, 17, 11][5, 6, 13, 18, 22][21, 15, 2, 27, 29][26, 0, 25, 28][4, 7, 16, 10][17, 28][0, 22][7, 28][14, 24][5, 21][7, 14] 
[3, 9, 1, 24, 23, 20][8, 12, 19, 17, 11][5, 6, 13, 18, 22][21, 15, 2, 27, 29][26, 0, 25, 28][4, 7, 16, 10][17, 28][0, 22][7, 28][14, 24][5, 21][7, 14] 
[3, 9, 1, 24, 23, 20][8, 12, 19, 17, 11][5, 6, 13, 18, 22][21, 15, 2, 27, 29][26, 0, 25, 28][4, 7, 16, 10][7, 28][17, 28][7, 14][14, 24][0, 22][5, 21] 
[3, 9, 1, 24, 23, 20][8, 12, 19, 17, 11][5, 6, 13, 18, 22][21, 15, 2, 27, 29][26, 0, 25, 28][4, 7, 16, 10][17, 28][0, 22][7, 28][14, 24][5, 21][7, 14] 
[3, 9, 1, 24, 23, 20][5, 6, 13, 18, 22][21, 15, 2, 27, 29][8, 12, 19, 17, 11][4, 7, 16, 10][26, 0, 25, 28][14, 24][7, 14][7, 28][0, 22][5, 21][17, 28] 
[3, 9, 1, 24, 23, 20][8, 12, 19, 17, 11][5, 6, 13, 18, 22][21, 15, 2, 27, 29][4, 7, 16, 10][26, 0, 25, 28][7, 14][7, 28][17, 28][0, 22][5, 21][14, 24] 
[3, 9, 1, 24, 23, 20][8, 12, 19, 17, 11][5, 6, 13, 18, 22][21, 15, 2, 27, 29][26, 0, 25, 28][4, 7, 16, 10][17, 28][0, 22][7, 28][14, 24][5, 21][7, 14] 
[3, 9, 1, 24, 23, 20][5, 6, 13, 18, 22][8, 12, 19, 17, 11][21, 15, 2, 27, 29][26, 0, 25, 28][4, 7, 16, 10][0, 22][17, 28][5, 21][7, 28][7, 14][14, 24] 
[3, 9, 1, 24, 23, 20][8, 12, 19, 17, 11][5, 6, 13, 18, 22][21, 15, 2, 27, 29][26, 0, 25, 28][4, 7, 16, 10][17, 28][0, 22][7, 28][14, 24][5, 21][7, 14] 
[3, 9, 1, 24, 23, 20][5, 6, 13, 18, 22][8, 12, 19, 17, 11][21, 15, 2, 27, 29][26, 0, 25, 28][4, 7, 16, 10][0, 22][17, 28][5, 21][7, 28][7, 14][14, 24] 
[3, 9, 1, 24, 23, 20][8, 12, 19, 17, 11][5, 6, 13, 18, 22][21, 15, 2, 27, 29][26, 0, 25, 28][4, 7, 16, 10][17, 28][0, 22][7, 28][14, 24][5, 21][7, 14] 
[3, 9, 1, 24, 23, 20][8, 12, 19, 17, 11][5, 6, 13, 18, 22][21, 15, 2, 27, 29][26, 0, 25, 28][4, 7, 16, 10][17, 28][0, 22][7, 28][14, 24][5, 21][7, 14] 
[3, 9, 1, 24, 23, 20][8, 12, 19, 17, 11][5, 6, 13, 18, 22][21, 15, 2, 27, 29][26, 0, 25, 28][4, 7, 16, 10][17, 28][0, 22][7, 28][14, 24][5, 21][7, 14] 
[3, 9, 1, 24, 23, 20][8, 12, 19, 17, 11][5, 6, 13, 18, 22][21, 15, 2, 27, 29][26, 0, 25, 28][4, 7, 16, 10][17, 28][0, 22][7, 28][14, 24][5, 21][7, 14] 
[3, 9, 1, 24, 23, 20][8, 12, 19, 17, 11][5, 6, 13, 18, 22][21, 15, 2, 27, 29][4, 7, 16, 10][26, 0, 25, 28][7, 14][7, 28][17, 28][0, 22][5, 21][14, 24] 
[3, 9, 1, 24, 23, 20][5, 6, 13, 18, 22][21, 15, 2, 27, 29][8, 12, 19, 17, 11][4, 7, 16, 10][26, 0, 25, 28][7, 14][7, 28][0, 22][5, 21][17, 28][9, 14] 
[3, 9, 1, 24, 23, 20][5, 6, 13, 18, 22][21, 15, 2, 27, 29][8, 12, 19, 17, 11][4, 7, 16, 10][26, 0, 25, 28][7, 14][7, 28][0, 22][5, 21][17, 28][9, 14] 
[3, 9, 1, 24, 23, 20][5, 6, 13, 18, 22][21, 15, 2, 27, 29][8, 12, 19, 17, 11][4, 7, 16, 10][26, 0, 25, 28][7, 14][7, 28][0, 22][5, 21][17, 28][9, 14] 
[3, 9, 1, 24, 23, 20][5, 6, 13, 18, 22][21, 15, 2, 27, 29][8, 12, 19, 17, 11][4, 7, 16, 10][26, 0, 25, 28][7, 14][7, 28][0, 22][5, 21][17, 28][9, 14] 
[3, 9, 1, 24, 23, 20][5, 6, 13, 18, 22][21, 15, 2, 27, 29][8, 12, 19, 17, 11][4, 7, 16, 10][26, 0, 25, 28][7, 14][7, 28][0, 22][5, 21][17, 28][9, 14] 
[3, 9, 1, 24, 23, 20][8, 12, 19, 17, 11][5, 6, 13, 18, 22][21, 15, 2, 27, 29][26, 0, 25, 28][4, 7, 16, 10][17, 28][7, 28][7, 14][4, 24][0, 22][5, 21] 
[3, 9, 1, 24, 23, 20][8, 12, 19, 17, 11][5, 6, 13, 18, 22][21, 15, 2, 27, 29][26, 0, 25, 28][4, 7, 16, 10][7, 28][17, 28][0, 22][5, 21][7, 14][14, 24] 
[3, 9, 1, 24, 23, 20][8, 12, 19, 17, 11][5, 6, 13, 18, 22][21, 15, 2, 27, 29][4, 7, 16, 10][26, 0, 25, 28][7, 14][7, 28][17, 28][0, 22][5, 21][14, 24] 
[3, 9, 1, 24, 23, 20][8, 12, 19, 17, 11][5, 6, 13, 18, 22][21, 15, 2, 27, 29][4, 7, 16, 10][26, 0, 25, 28][7, 14][7, 28][17, 28][0, 22][5, 21][14, 24] 
[3, 9, 1, 24, 23, 20][8, 12, 19, 17, 11][5, 6, 13, 18, 22][21, 15, 2, 27, 29][26, 0, 25, 28][4, 7, 16, 10][17, 28][0, 22][7, 28][14, 24][5, 21][7, 14] 
[3, 9, 1, 24, 23, 20][8, 12, 19, 17, 11][5, 6, 13, 18, 22][21, 15, 2, 27, 29][4, 7, 16, 10][26, 0, 25, 28][7, 14][7, 28][17, 28][0, 22][5, 21][14, 24] 
[3, 9, 1, 24, 23, 20][8, 12, 19, 17, 11][5, 6, 13, 18, 22][21, 15, 2, 27, 29][26, 0, 25, 28][4, 7, 16, 10][17, 28][0, 22][7, 28][14, 24][5, 21][7, 14] 
[3, 9, 1, 24, 23, 20][8, 12, 19, 17, 11][5, 6, 13, 18, 22][21, 15, 2, 27, 29][26, 0, 25, 28][4, 7, 16, 10][7, 28][17, 28][0, 22][5, 21][7, 14][14, 24] 
[3, 9, 1, 24, 23, 20][5, 6, 13, 18, 22][21, 15, 2, 27, 29][8, 12, 19, 17, 11][4, 7, 16, 10][26, 0, 25, 28][7, 14][7, 28][0, 22][5, 21][17, 28][9, 14] 
[3, 9, 1, 24, 23, 20][5, 6, 13, 18, 22][21, 15, 2, 27, 29][8, 12, 19, 17, 11][4, 7, 16, 10][26, 0, 25, 28][7, 14][7, 28][0, 22][5, 21][17, 28][9, 14] 
[3, 9, 1, 24, 23, 20][5, 6, 13, 18, 22][21, 15, 2, 27, 29][8, 12, 19, 17, 11][4, 7, 16, 10][26, 0, 25, 28][7, 14][7, 28][0, 22][5, 21][17, 28][9, 14] 
[3, 9, 1, 24, 23, 20][8, 12, 19, 17, 11][5, 6, 13, 18, 22][21, 15, 2, 27, 29][4, 7, 16, 10][26, 0, 25, 28][9, 14][7, 14][7, 28][17, 28][0, 22][5, 21] 
[3, 9, 1, 24, 23, 20][5, 6, 13, 18, 22][21, 15, 2, 27, 29][8, 12, 19, 17, 11][4, 7, 16, 10][26, 0, 25, 28][7, 14][7, 28][0, 22][5, 21][17, 28][9, 14] 
[3, 9, 1, 24, 23, 20][5, 6, 13, 18, 22][21, 15, 2, 27, 29][8, 12, 19, 17, 11][4, 7, 16, 10][26, 0, 25, 28][7, 14][7, 28][0, 22][5, 21][17, 28][9, 14] 
[3, 9, 1, 24, 23, 20][5, 6, 13, 18, 22][21, 15, 2, 27, 29][8, 12, 19, 17, 11][4, 7, 16, 10][26, 0, 25, 28][7, 14][7, 28][0, 22][5, 21][17, 28][9, 14] 
[3, 9, 1, 24, 23, 20][5, 6, 13, 18, 22][8, 12, 19, 17, 11][21, 15, 2, 27, 29][4, 7, 16, 10][26, 0, 25, 28][9, 14][7, 14][7, 28][0, 22][17, 28][5, 21] 
[3, 9, 1, 24, 23, 20][8, 12, 19, 17, 11][5, 6, 13, 18, 22][21, 15, 2, 27, 29][4, 7, 16, 10][26, 0, 25, 28][9, 14][7, 14][7, 28][17, 28][0, 22][5, 21] 
[3, 9, 1, 24, 23, 20][8, 12, 19, 17, 11][5, 6, 13, 18, 22][21, 15, 2, 27, 29][4, 7, 16, 10][26, 0, 25, 28][9, 14][7, 14][7, 28][17, 28][0, 22][5, 21] 
[3, 9, 1, 24, 23, 20][5, 6, 13, 18, 22][21, 15, 2, 27, 29][8, 12, 19, 17, 11][4, 7, 16, 10][26, 0, 25, 28][7, 14][7, 28][0, 22][5, 21][17, 28][9, 14] 
[3, 9, 1, 24, 23, 20][5, 6, 13, 18, 22][21, 15, 2, 27, 29][8, 12, 19, 17, 11][4, 7, 16, 10][26, 0, 25, 28][7, 14][7, 28][0, 22][5, 21][17, 28][9, 14] 
[3, 9, 1, 24, 23, 20][5, 6, 13, 18, 22][21, 15, 2, 27, 29][8, 12, 19, 17, 11][4, 7, 16, 10][26, 0, 25, 28][7, 14][7, 28][0, 22][5, 21][17, 28][9, 14] 
[3, 9, 1, 24, 23, 20][8, 12, 19, 17, 11][5, 6, 13, 18, 22][21, 15, 2, 27, 29][4, 7, 16, 10][26, 0, 25, 28][9, 14][7, 14][7, 28][17, 28][0, 22][5, 21] 
[3, 9, 1, 24, 23, 20][5, 6, 13, 18, 22][21, 15, 2, 27, 29][8, 12, 19, 17, 11][4, 7, 16, 10][26, 0, 25, 28][7, 14][7, 28][0, 22][5, 21][17, 28][9, 14] 
[5, 21, 15, 2, 27, 29][3, 9, 1, 24, 23, 20][6, 13, 18, 22, 0, 26][8, 12, 19, 17, 11][4, 7, 16, 10][0, 25, 28][2, 7][7, 14][7, 28][14, 24][0, 22][17, 28] 
[5, 21, 15, 2, 27, 29][3, 9, 1, 24, 23, 20][6, 13, 18, 22, 0, 26][8, 12, 19, 17, 11][4, 7, 16, 10][0, 25, 28][2, 7][7, 14][7, 28][14, 24][0, 22][17, 28] 
[5, 21, 15, 2, 27, 29][3, 9, 1, 24, 23, 20][6, 13, 18, 22, 0, 26][8, 12, 19, 17, 11][4, 7, 16, 10][0, 25, 28][2, 7][7, 14][7, 28][14, 24][0, 22][17, 28] 
[5, 21, 15, 2, 27, 29][3, 9, 1, 24, 23, 20][6, 13, 18, 22, 0, 26][8, 12, 19, 17, 11][4, 7, 16, 10][0, 25, 28][2, 7][7, 14][7, 28][14, 24][0, 22][17, 28] 
[5, 21, 15, 2, 27, 29][3, 9, 1, 24, 23, 20][6, 13, 18, 22, 0, 26][8, 12, 19, 17, 11][4, 7, 16, 10][0, 25, 28][2, 7][7, 14][7, 28][14, 24][0, 22][17, 28] 
[3, 9, 1, 24, 23, 20][6, 13, 18, 22, 0, 26][5, 21, 15, 2, 27, 29][8, 12, 19, 17, 11][4, 7, 16, 10][0, 25, 28][9, 14][7, 14][7, 28][17, 28][2, 7][15, 21] 
[3, 9, 1, 24, 23, 20][8, 12, 19, 17, 11][5, 6, 13, 18, 22][21, 15, 2, 27, 29][26, 0, 25, 28][4, 7, 16, 10][17, 28][0, 22][7, 28][14, 24][5, 21][7, 14] 
[3, 9, 1, 24, 23, 20][5, 6, 13, 18, 22][21, 15, 2, 27, 29][8, 12, 19, 17, 11][4, 7, 16, 10][26, 0, 25, 28][14, 24][7, 14][7, 28][0, 22][5, 21][17, 28] 
[3, 9, 1, 24, 23, 20][8, 12, 19, 17, 11][5, 6, 13, 18, 22][21, 15, 2, 27, 29][26, 0, 25, 28][4, 7, 16, 10][17, 28][0, 22][7, 28][14, 24][5, 21][7, 14] 
[3, 9, 1, 24, 23, 20][8, 12, 19, 17, 11][5, 6, 13, 18, 22][21, 15, 2, 27, 29][26, 0, 25, 28][4, 7, 16, 10][17, 28][0, 22][7, 28][14, 24][5, 21][7, 14] 
[3, 9, 1, 24, 23, 20][8, 12, 19, 17, 11][5, 6, 13, 18, 22][21, 15, 2, 27, 29][4, 7, 16, 10][26, 0, 25, 28][7, 14][7, 28][17, 28][0, 22][5, 21][14, 24] 
[3, 9, 1, 24, 23, 20][5, 6, 13, 18, 22][21, 15, 2, 27, 29][8, 12, 19, 17, 11][4, 7, 16, 10][26, 0, 25, 28][7, 14][7, 28][0, 22][5, 21][17, 28][9, 14] 
[3, 9, 1, 24, 23, 20][8, 12, 19, 17, 11][5, 6, 13, 18, 22][21, 15, 2, 27, 29][4, 7, 16, 10][26, 0, 25, 28][7, 14][7, 28][17, 28][0, 22][5, 21][14, 24] 
