[5, 21, 10, 2, 27, 7, 20][4, 24, 3, 1, 9, 23][14, 11, 17, 28, 16][19, 12, 8, 26][6, 15, 29][13, 0, 25][17, 22, 18][5, 6][0, 26][12, 22][14, 24][6, 13] 
[5, 21, 10, 2, 27, 7, 20][4, 24, 3, 1, 9, 23][14, 11, 17, 28, 16][19, 12, 8, 26][6, 15, 29][13, 0, 25][17, 22, 18][5, 6][0, 26][12, 22][14, 24][6, 13] 
[5, 21, 10, 2, 27, 7, 20][4, 24, 3, 1, 9, 23][14, 11, 17, 28, 16][19, 12, 8, 26][6, 15, 29][13, 0, 25][17, 22, 18][5, 6][6, 13][0, 26][12, 22][14, 24] 
[5, 21, 10, 2, 27, 7, 20][4, 24, 3, 1, 9, 23][14, 11, 17, 28, 16][19, 12, 8, 26][6, 15, 29][13, 0, 25][17, 22, 18][6, 13][0, 26][5, 6][12, 22][14, 24] 
[5, 21, 10, 2, 27, 7, 20][4, 24, 3, 1, 9, 23][14, 11, 17, 28, 16][19, 12, 8, 26][6, 15, 29][13, 0, 25][17, 22, 18][5, 6][6, 13][0, 26][12, 22][14, 24] 
[5, 21, 10, 2, 27, 7, 20][4, 24, 3, 1, 9, 23][14, 11, 17, 28, 16][19, 12, 8, 26][17, 22, 18][13, 0, 25][6, 15, 29][12, 22][14, 24][0, 26][6, 13][5, 6] 
[5, 21, 10, 2, 27, 7, 20][4, 24, 3, 1, 9, 23][14, 11, 17, 28, 16][19, 12, 8, 26][6, 15, 29][13, 0, 25][17, 22, 18][5, 6][6, 13][0, 26][12, 22][14, 24] 
[5, 21, 10, 2, 27, 7, 20][4, 24, 3, 1, 9, 23][14, 11, 17, 28, 16][13, 6, 15, 29][19, 12, 8, 26][17, 22, 18][5, 6][0, 25][0, 26][12, 22][14, 24][0, 13] 
[5, 21, 10, 2, 27, 7, 20][4, 24, 3, 1, 9, 23][14, 11, 17, 28, 16][13, 6, 15, 29][19, 12, 8, 26][17, 22, 18][5, 6][0, 25][0, 26][12, 22][14, 24][0, 13] 
[5, 21, 10, 2, 27, 7, 20][4, 24, 3, 1, 9, 23][14, 11, 17, 28, 16][13, 6, 15, 29][19, 12, 8, 26][17, 22, 18][5, 6][0, 25][0, 26][12, 22][14, 24][0, 13] 
[5, 21, 10, 2, 27, 7, 20][4, 24, 3, 1, 9, 23][14, 11, 17, 28, 16][19, 12, 8, 26][6, 15, 29][13, 0, 25][17, 22, 18][5, 6][6, 13][0, 26][12, 22][14, 24] 
[5, 21, 10, 2, 27, 7, 20][4, 24, 3, 1, 9, 23][14, 11, 17, 28, 16][19, 12, 8, 26][6, 15, 29][13, 0, 25][17, 22, 18][5, 6][6, 13][0, 26][12, 22][14, 24] 
[5, 21, 10, 2, 27, 7, 20][4, 24, 3, 1, 9, 23][14, 11, 17, 28, 16][19, 12, 8, 26][6, 15, 29][13, 0, 25][17, 22, 18][5, 6][0, 26][12, 22][14, 24][6, 13] 
[5, 21, 10, 2, 27, 7, 20][4, 24, 3, 1, 9, 23][14, 11, 17, 28, 16][19, 12, 8, 26][6, 15, 29][13, 0, 25][17, 22, 18][5, 6][6, 13][0, 26][12, 22][14, 24] 
[5, 21, 10, 2, 27, 7, 20][4, 24, 3, 1, 9, 23][14, 11, 17, 28, 16][19, 12, 8, 26][17, 22, 18][13, 0, 25][6, 15, 29][14, 24][12, 22][0, 26][6, 13][5, 6] 
[5, 21, 10, 2, 27, 7, 20][4, 24, 3, 1, 9, 23][14, 11, 17, 28, 16][19, 12, 8, 26][13, 6, 15, 29][17, 22, 18][0, 26][0, 13][12, 22][5, 6][14, 24][0, 25] 
[5, 21, 10, 2, 27, 7, 20][4, 24, 3, 1, 9, 23][14, 11, 17, 28, 16][19, 12, 8, 26][13, 0, 25][6, 15, 29][17, 22, 18][6, 13][5, 6][0, 26][12, 22][14, 24] 
[5, 21, 10, 2, 27, 7, 20][4, 24, 3, 1, 9, 23][14, 11, 17, 28, 16][19, 12, 8, 26][6, 15, 29][13, 0, 25][17, 22, 18][5, 6][0, 26][12, 22][14, 24][6, 13] 
[5, 21, 10, 2, 27, 7, 20][4, 24, 3, 1, 9, 23][14, 11, 17, 28, 16][19, 12, 8, 26][13, 0, 25][6, 15, 29][17, 22, 18][6, 13][5, 6][0, 26][12, 22][14, 24] 
[5, 21, 10, 2, 27, 7, 20][4, 24, 3, 1, 9, 23][14, 11, 17, 28, 16][19, 12, 8, 26][13, 0, 25][6, 15, 29][17, 22, 18][6, 13][5, 6][0, 26][12, 22][14, 24] 
[5, 21, 10, 2, 27, 7, 20][4, 24, 3, 1, 9, 23][14, 11, 17, 28, 16][19, 12, 8, 26][6, 15, 29][13, 0, 25][17, 22, 18][5, 6][6, 13][0, 26][12, 22][14, 24] 
[5, 21, 10, 2, 27, 7, 20][4, 24, 3, 1, 9, 23][14, 11, 17, 28, 16][19, 12, 8, 26][6, 15, 29][13, 0, 25][17, 22, 18][5, 6][6, 13][0, 26][12, 22][14, 24] 
[5, 21, 10, 2, 27, 7, 20][4, 24, 3, 1, 9, 23][14, 11, 17, 28, 16][19, 12, 8, 26][6, 15, 29][13, 0, 25][17, 22, 18][6, 13][0, 26][5, 6][12, 22][14, 24] 
[5, 21, 10, 2, 27, 7, 20][4, 24, 3, 1, 9, 23][14, 11, 17, 28, 16][19, 12, 8, 26][6, 15, 29][13, 0, 25][17, 22, 18][5, 6][6, 13][0, 26][12, 22][14, 24] 
[5, 21, 10, 2, 27, 7, 20][4, 24, 3, 1, 9, 23][14, 11, 17, 28, 16][19, 12, 8, 26][17, 22, 18][13, 0, 25][6, 15, 29][12, 22][14, 24][0, 26][6, 13][5, 6] 
[5, 21, 10, 2, 27, 7, 20][4, 24, 3, 1, 9, 23][14, 11, 17, 28, 16][13, 6, 15, 29][19, 12, 8, 26][17, 22, 18][5, 6][0, 25][0, 26][12, 22][14, 24][0, 13] 
[5, 21, 10, 2, 27, 7, 20][4, 24, 3, 1, 9, 23][14, 11, 17, 28, 16][19, 12, 8, 26][6, 15, 29][13, 0, 25][17, 22, 18][5, 6][0, 26][12, 22][14, 24][6, 13] 
[5, 21, 10, 2, 27, 7, 20][4, 24, 3, 1, 9, 23][14, 11, 17, 28, 16][19, 12, 8, 26][6, 15, 29][13, 0, 25][17, 22, 18][5, 6][0, 26][12, 22][14, 24][6, 13] 
[5, 21, 10, 2, 27, 7, 20][4, 24, 3, 1, 9, 23][14, 11, 17, 28, 16][19, 12, 8, 26][6, 15, 29][13, 0, 25][17, 22, 18][5, 6][0, 26][12, 22][14, 24][6, 13] 
[5, 21, 10, 2, 27, 7, 20][4, 24, 3, 1, 9, 23][14, 11, 17, 28, 16][19, 12, 8, 26][13, 0, 25][6, 15, 29][17, 22, 18][6, 13][5, 6][0, 26][12, 22][14, 24] 
[5, 21, 10, 2, 27, 7, 20][4, 24, 3, 1, 9, 23][14, 11, 17, 28, 16][19, 12, 8, 26][6, 15, 29][13, 0, 25][17, 22, 18][5, 6][0, 26][12, 22][14, 24][6, 13] 
[5, 21, 10, 2, 27, 7, 20][4, 24, 3, 1, 9, 23][14, 11, 17, 28, 16][19, 12, 8, 26][6, 15, 29][13, 0, 25][17, 22, 18][5, 6][0, 26][12, 22][14, 24][6, 13] 
[5, 21, 10, 2, 27, 7, 20][4, 24, 3, 1, 9, 23][14, 11, 17, 28, 16][19, 12, 8, 26][17, 22, 18][13, 0, 25][6, 15, 29][14, 24][12, 22][0, 26][6, 13][5, 6] 
[5, 21, 10, 2, 27, 7, 20][4, 24, 3, 1, 9, 23][14, 11, 17, 28, 16][19, 12, 8, 26][17, 22, 18][13, 0, 25][6, 15, 29][14, 24][12, 22][0, 26][6, 13][5, 6] 
[5, 21, 10, 2, 27, 7, 20][4, 24, 3, 1, 9, 23][14, 11, 17, 28, 16][19, 12, 8, 26][6, 15, 29][13, 0, 25][17, 22, 18][5, 6][6, 13][0, 26][12, 22][14, 24] 
[14, 4, 24, 20, 23, 9, 1, 3, 11, 25, 7, 27][12, 8, 26, 0, 13, 18, 22, 19, 17, 28, 25][7, 10, 21, 6, 5, 15, 29, 2, 16][5, 6][0, 26][5, 6][5, 6][5, 6][0, 26][20, 23][6, 21][0, 26] 
[14, 4, 24, 20, 23, 9, 1, 3, 11, 25, 7, 27][12, 8, 26, 0, 13, 18, 22, 19, 17, 28, 25][7, 10, 21, 6, 5, 15, 29, 2, 16][5, 6][0, 26][5, 6][5, 6][5, 6][0, 26][20, 23][6, 21][0, 26] 
[14, 4, 24, 20, 23, 9, 1, 3, 11, 25, 7, 27][12, 8, 26, 0, 13, 18, 22, 19, 17, 28, 25][7, 10, 21, 6, 5, 15, 29, 2, 16][5, 6][0, 26][5, 6][5, 6][5, 6][0, 26][20, 23][6, 21][0, 26] 
[14, 4, 24, 20, 23, 9, 1, 3, 11, 25, 7, 27][12, 8, 26, 0, 13, 18, 22, 19, 17, 28, 25][10, 21, 6, 5, 15, 29, 2, 16][5, 6][0, 26][5, 6][7, 10][5, 6][0, 26][5, 6][20, 23][0, 26] 
[14, 4, 24, 20, 23, 9, 1, 3, 11, 25, 7, 27][12, 8, 26, 0, 13, 18, 22, 19, 17, 28, 25][10, 21, 6, 5, 15, 29, 2, 16][5, 6][0, 26][5, 6][7, 10][5, 6][0, 26][5, 6][20, 23][0, 26] 
[12, 8, 26, 0, 13, 18, 22, 19, 17, 28, 25, 11, 14][4, 23, 9, 1, 3, 11, 25, 7, 27][10, 21, 6, 5, 15, 29, 2, 16][4, 24, 20, 23][0, 26][0, 13][6, 13][5, 6][5, 6][8, 26][17, 28][0, 13] 
[14, 4, 24, 20, 23, 9, 1, 3, 11, 25, 7, 27][12, 8, 26, 0, 13, 18, 22, 19, 17, 28, 25][7, 10, 21, 6, 5, 15, 29, 2, 16][0, 26][0, 26][0, 26][6, 21][20, 23][0, 26][0, 26][5, 6][20, 23] 
[14, 4, 24, 20, 23, 9, 1, 3, 11, 25, 7, 27][12, 8, 26, 0, 13, 18, 22, 19, 17, 28, 25][7, 10, 21, 6, 5, 15, 29, 2, 16][5, 6][0, 26][5, 6][5, 6][5, 6][0, 26][20, 23][6, 21][0, 26] 
[14, 4, 24, 20, 23, 9, 1, 3, 11, 25, 7, 27][12, 8, 26, 0, 13, 18, 22, 19, 17, 28, 25][10, 21, 6, 5, 15, 29, 2, 16][5, 6][0, 26][5, 6][7, 10][5, 6][0, 26][5, 6][20, 23][0, 26] 
[14, 4, 24, 20, 23, 9, 1, 3, 11, 25, 7, 27][12, 8, 26, 0, 13, 18, 22, 19, 17, 28, 25][7, 10, 21, 6, 5, 15, 29, 2, 16][5, 6][0, 26][5, 6][5, 6][5, 6][0, 26][20, 23][6, 21][0, 26] 
[14, 4, 24, 20, 23, 9, 1, 3, 11, 25, 7, 27][12, 8, 26, 0, 13, 18, 22, 19, 17, 28, 25][7, 10, 21, 6, 5, 15, 29, 2, 16][0, 26][0, 26][0, 26][6, 21][20, 23][0, 26][0, 26][5, 6][20, 23] 
[14, 4, 24, 20, 23, 9, 1, 3, 11, 25, 7, 27][12, 8, 26, 0, 13, 18, 22, 19, 17, 28, 25][7, 10, 21, 6, 5, 15, 29, 2, 16][5, 6][0, 26][5, 6][5, 6][5, 6][0, 26][20, 23][6, 21][0, 26] 
[14, 4, 24, 20, 23, 9, 1, 3, 11, 25, 7, 27][12, 8, 26, 0, 13, 18, 22, 19, 17, 28, 25][10, 21, 6, 5, 15, 29, 2, 16][5, 6][0, 26][5, 6][7, 10][5, 6][0, 26][5, 6][20, 23][0, 26] 
[14, 4, 24, 20, 23, 9, 1, 3, 11, 25, 7, 27][12, 8, 26, 0, 13, 18, 22, 19, 17, 28, 25][7, 10, 21, 6, 5, 15, 29, 2, 16][5, 6][0, 26][5, 6][5, 6][5, 6][0, 26][20, 23][6, 21][0, 26] 
[14, 4, 24, 20, 23, 9, 1, 3, 11, 25, 7, 27][12, 8, 26, 0, 13, 18, 22, 19, 17, 28, 25][7, 10, 21, 6, 5, 15, 29, 2, 16][5, 6][0, 26][5, 6][5, 6][5, 6][0, 26][20, 23][6, 21][0, 26] 
[14, 4, 24, 20, 23, 9, 1, 3, 11, 25, 7, 27][12, 8, 26, 0, 13, 18, 22, 19, 17, 28, 25][7, 10, 21, 6, 5, 15, 29, 2, 16][5, 6][0, 26][5, 6][5, 6][5, 6][0, 26][20, 23][6, 21][0, 26] 
[14, 4, 24, 20, 23, 9, 1, 3, 11, 25, 7, 27][12, 8, 26, 0, 13, 18, 22, 19, 17, 28, 25][7, 10, 21, 6, 5, 15, 29, 2, 16][5, 6][0, 26][5, 6][5, 6][5, 6][0, 26][20, 23][6, 21][0, 26] 
[12, 8, 26, 0, 13, 18, 22, 19, 17, 28, 25, 11, 14][20, 4, 23, 9, 1, 3, 11, 25, 7, 27][7, 10, 21, 6, 5, 15, 29, 2, 16][20, 24][17, 28][17, 28][5, 6][5, 6][5, 6][17, 28][5, 6][5, 6] 
[14, 4, 24, 20, 23, 9, 1, 3, 11, 25, 7, 27][12, 8, 26, 0, 13, 18, 22, 19, 17, 28, 25][7, 10, 21, 6, 5, 15, 29, 2, 16][5, 6][0, 26][5, 6][5, 6][5, 6][0, 26][20, 23][6, 21][0, 26] 
[14, 4, 24, 20, 23, 9, 1, 3, 11, 25, 7, 27][12, 8, 26, 0, 13, 18, 22, 19, 17, 28, 25][7, 10, 21, 6, 5, 15, 29, 2, 16][5, 6][0, 26][5, 6][5, 6][5, 6][0, 26][20, 23][6, 21][0, 26] 
[14, 4, 24, 20, 23, 9, 1, 3, 11, 25, 7, 27][12, 8, 26, 0, 13, 18, 22, 19, 17, 28, 25][7, 10, 21, 6, 5, 15, 29, 2, 16][0, 26][0, 26][0, 26][6, 21][20, 23][0, 26][0, 26][5, 6][20, 23] 
[5, 21, 10, 2, 27, 7, 20][4, 24, 3, 1, 9, 23][14, 11, 17, 28, 16][19, 12, 8, 26][13, 6, 15, 29][17, 22, 18][14, 24][12, 22][0, 26][0, 25][0, 13][5, 6] 
[5, 21, 10, 2, 27, 7, 20][4, 24, 3, 1, 9, 23][14, 11, 17, 28, 16][13, 6, 15, 29][19, 12, 8, 26][17, 22, 18][5, 6][0, 25][0, 26][12, 22][14, 24][0, 13] 
[5, 21, 10, 2, 27, 7, 20][4, 24, 3, 1, 9, 23][14, 11, 17, 28, 16][13, 6, 15, 29][19, 12, 8, 26][17, 22, 18][0, 13][0, 26][12, 22][0, 25][5, 6][14, 24] 
[5, 21, 10, 2, 27, 7, 20][4, 24, 3, 1, 9, 23][14, 11, 17, 28, 16][13, 6, 15, 29][19, 12, 8, 26][17, 22, 18][5, 6][0, 25][0, 26][12, 22][14, 24][0, 13] 
[5, 21, 10, 2, 27, 7, 20][4, 24, 3, 1, 9, 23][14, 11, 17, 28, 16][19, 12, 8, 26][13, 6, 15, 29][17, 22, 18][14, 24][12, 22][0, 26][0, 25][0, 13][5, 6] 
[5, 21, 10, 2, 27, 7, 20][4, 24, 3, 1, 9, 23][14, 11, 17, 28, 16][13, 6, 15, 29][19, 12, 8, 26][17, 22, 18][5, 6][0, 25][0, 26][12, 22][14, 24][0, 13] 
[5, 21, 10, 2, 27, 7, 20][4, 24, 3, 1, 9, 23][14, 11, 17, 28, 16][19, 12, 8, 26][13, 6, 15, 29][17, 22, 18][14, 24][12, 22][0, 26][0, 13][5, 6][0, 25] 
[5, 21, 10, 2, 27, 7, 20][4, 24, 3, 1, 9, 23][14, 11, 17, 28, 16][19, 12, 8, 26][13, 6, 15, 29][17, 22, 18][0, 26][0, 13][12, 22][5, 6][14, 24][0, 25] 
[5, 21, 10, 2, 27, 7, 20][4, 24, 3, 1, 9, 23][14, 11, 17, 28, 16][13, 6, 15, 29][19, 12, 8, 26][17, 22, 18][5, 6][0, 25][0, 26][12, 22][14, 24][0, 13] 
[5, 21, 10, 2, 27, 7, 20][4, 24, 3, 1, 9, 23][14, 11, 17, 28, 16][13, 6, 15, 29][19, 12, 8, 26][17, 22, 18][5, 6][0, 25][0, 26][12, 22][14, 24][0, 13] 
[5, 21, 10, 2, 27, 7, 20][4, 24, 3, 1, 9, 23][14, 11, 17, 28, 16][13, 6, 15, 29][19, 12, 8, 26][17, 22, 18][0, 25][0, 13][5, 6][0, 26][12, 22][14, 24] 
[5, 21, 10, 2, 27, 7, 20][4, 24, 3, 1, 9, 23][14, 11, 17, 28, 16][13, 6, 15, 29][19, 12, 8, 26][17, 22, 18][0, 13][0, 26][12, 22][0, 25][5, 6][14, 24] 
[5, 21, 10, 2, 27, 7, 20][4, 24, 3, 1, 9, 23][14, 11, 17, 28, 16][13, 6, 15, 29][19, 12, 8, 26][17, 22, 18][5, 6][0, 25][0, 26][12, 22][14, 24][0, 13] 
[5, 21, 10, 2, 27, 7, 20][4, 24, 3, 1, 9, 23][14, 11, 17, 28, 16][13, 6, 15, 29][19, 12, 8, 26][17, 22, 18][5, 6][0, 25][0, 26][12, 22][14, 24][0, 13] 
[5, 21, 10, 2, 27, 7, 20][4, 24, 3, 1, 9, 23][14, 11, 17, 28, 16][13, 6, 15, 29][19, 12, 8, 26][17, 22, 18][0, 25][0, 13][5, 6][0, 26][12, 22][14, 24] 
[5, 21, 10, 2, 27, 7, 20][4, 24, 3, 1, 9, 23][14, 11, 17, 28, 16][19, 12, 8, 26][6, 15, 29][13, 0, 25][17, 22, 18][5, 6][0, 26][12, 22][14, 24][6, 13] 
[5, 21, 10, 2, 27, 7, 20][4, 24, 3, 1, 9, 23][14, 11, 17, 28, 16][19, 12, 8, 26][17, 22, 18][13, 0, 25][6, 15, 29][12, 22][0, 26][14, 24][6, 13][5, 6] 
[5, 21, 10, 2, 27, 7, 20][4, 24, 3, 1, 9, 23][14, 11, 17, 28, 16][19, 12, 8, 26][17, 22, 18][13, 0, 25][6, 15, 29][12, 22][0, 26][14, 24][6, 13][5, 6] 
[5, 21, 10, 2, 27, 7, 20][4, 24, 3, 1, 9, 23][14, 11, 17, 28, 16][19, 12, 8, 26][6, 15, 29][13, 0, 25][17, 22, 18][5, 6][6, 13][0, 26][12, 22][14, 24] 
[5, 21, 10, 2, 27, 7, 20][4, 24, 3, 1, 9, 23][14, 11, 17, 28, 16][19, 12, 8, 26][6, 15, 29][13, 0, 25][17, 22, 18][5, 6][0, 26][12, 22][14, 24][6, 13] 
[5, 21, 10, 2, 27, 7, 20][4, 24, 3, 1, 9, 23][14, 11, 17, 28, 16][13, 6, 15, 29][19, 12, 8, 26][13, 0, 25][17, 22, 18][5, 6][6, 15][0, 26][12, 22][14, 24] 
[5, 21, 10, 2, 27, 7, 20][4, 24, 3, 1, 9, 23][14, 11, 17, 28, 16][19, 12, 8, 26][13, 6, 15, 29][17, 22, 18][14, 24][12, 22][0, 26][0, 25][0, 13][5, 6] 
[5, 21, 10, 2, 27, 7, 20][4, 24, 3, 1, 9, 23][14, 11, 17, 28, 16][19, 12, 8, 26][13, 6, 15, 29][17, 22, 18][14, 24][12, 22][0, 26][0, 25][0, 13][5, 6] 
[5, 21, 10, 2, 27, 7, 20][4, 24, 3, 1, 9, 23][14, 11, 17, 28, 16][19, 12, 8, 26][13, 6, 15, 29][17, 22, 18][0, 26][0, 13][12, 22][5, 6][14, 24][0, 25] 
[5, 21, 10, 2, 27, 7, 20][4, 24, 3, 1, 9, 23][14, 11, 17, 28, 16][13, 6, 15, 29][19, 12, 8, 26][17, 22, 18][5, 6][0, 25][0, 26][12, 22][14, 24][0, 13] 
[5, 21, 10, 2, 27, 7, 20][4, 24, 3, 1, 9, 23][14, 11, 17, 28, 16][13, 6, 15, 29][19, 12, 8, 26][17, 22, 18][5, 6][0, 25][0, 26][12, 22][14, 24][0, 13] 
[5, 21, 10, 2, 27, 7, 20][4, 24, 3, 1, 9, 23][14, 11, 17, 28, 16][19, 12, 8, 26][6, 15, 29][13, 0, 25][17, 22, 18][5, 6][6, 13][0, 26][12, 22][14, 24] 
[5, 21, 10, 2, 27, 7, 20][4, 24, 3, 1, 9, 23][14, 11, 17, 28, 16][13, 6, 15, 29][19, 12, 8, 26][17, 22, 18][5, 6][0, 25][0, 26][12, 22][14, 24][0, 13] 
[5, 21, 10, 2, 27, 7, 20][4, 24, 3, 1, 9, 23][14, 11, 17, 28, 16][19, 12, 8, 26][6, 15, 29][13, 0, 25][17, 22, 18][5, 6][0, 26][12, 22][14, 24][6, 13] 
[5, 21, 10, 2, 27, 7, 20][4, 24, 3, 1, 9, 23][14, 11, 17, 28, 16][19, 12, 8, 26][6, 15, 29][13, 0, 25][17, 22, 18][6, 13][0, 26][5, 6][12, 22][14, 24] 
[5, 21, 10, 2, 27, 7, 20][4, 24, 3, 1, 9, 23][14, 11, 17, 28, 16][19, 12, 8, 26][17, 22, 18][13, 0, 25][6, 15, 29][12, 22][0, 26][14, 24][6, 13][5, 6] 
[5, 21, 10, 2, 27, 7, 20][4, 24, 3, 1, 9, 23][14, 11, 17, 28, 16][19, 12, 8, 26][6, 15, 29][13, 0, 25][17, 22, 18][5, 6][0, 26][12, 22][14, 24][6, 13] 
[5, 21, 10, 2, 27, 7, 20][4, 24, 3, 1, 9, 23][14, 11, 17, 28, 16][19, 12, 8, 26][17, 22, 18][13, 0, 25][6, 15, 29][12, 22][0, 26][14, 24][6, 13][5, 6] 
[5, 21, 10, 2, 27, 7, 20][4, 24, 3, 1, 9, 23][14, 11, 17, 28, 16][19, 12, 8, 26][6, 15, 29][13, 0, 25][17, 22, 18][5, 6][6, 13][0, 26][12, 22][14, 24] 
[5, 21, 10, 2, 27, 7, 20][4, 24, 3, 1, 9, 23][14, 11, 17, 28, 16][19, 12, 8, 26][6, 15, 29][13, 0, 25][17, 22, 18][5, 6][0, 26][12, 22][14, 24][6, 13] 
[5, 21, 10, 2, 27, 7, 20][4, 24, 3, 1, 9, 23][14, 11, 17, 28, 16][19, 12, 8, 26][6, 15, 29][13, 0, 25][17, 22, 18][5, 6][0, 26][12, 22][14, 24][6, 13] 
[5, 21, 10, 2, 27, 7, 20][4, 24, 3, 1, 9, 23][14, 11, 17, 28, 16][19, 12, 8, 26][17, 22, 18][13, 0, 25][6, 15, 29][12, 22][0, 26][14, 24][6, 13][5, 6] 
[5, 21, 10, 2, 27, 7, 20][4, 24, 3, 1, 9, 23][14, 11, 17, 28, 16][19, 12, 8, 26][6, 15, 29][13, 0, 25][17, 22, 18][5, 6][6, 13][0, 26][12, 22][14, 24] 
[5, 21, 10, 2, 27, 7, 20][4, 24, 3, 1, 9, 23][14, 11, 17, 28, 16][19, 12, 8, 26][6, 15, 29][13, 0, 25][17, 22, 18][5, 6][0, 26][12, 22][14, 24][6, 13] 
[5, 21, 10, 2, 27, 7, 20][4, 24, 3, 1, 9, 23][14, 11, 17, 28, 16][19, 12, 8, 26][6, 15, 29][13, 0, 25][17, 22, 18][6, 13][0, 26][5, 6][12, 22][14, 24] 
[5, 21, 10, 2, 27, 7, 20][4, 24, 3, 1, 9, 23][14, 11, 17, 28, 16][19, 12, 8, 26][17, 22, 18][13, 0, 25][6, 15, 29][14, 24][12, 22][0, 26][6, 13][5, 6] 
[5, 21, 10, 2, 27, 7, 20][4, 24, 3, 1, 9, 23][14, 11, 17, 28, 16][19, 12, 8, 26][6, 15, 29][13, 0, 25][17, 22, 18][5, 6][0, 26][12, 22][14, 24][6, 13] 
[5, 21, 10, 2, 27, 7, 20][4, 24, 3, 1, 9, 23][14, 11, 17, 28, 16][19, 12, 8, 26][6, 15, 29][13, 0, 25][17, 22, 18][5, 6][6, 13][0, 26][12, 22][14, 24] 
[5, 21, 10, 2, 27, 7, 20][4, 24, 3, 1, 9, 23][14, 11, 17, 28, 16][13, 6, 15, 29][19, 12, 8, 26][13, 0, 25][17, 22, 18][5, 6][0, 26][8, 26][12, 22][14, 24] 
[5, 21, 10, 2, 27, 7, 20][4, 24, 3, 1, 9, 23][14, 11, 17, 28, 16][13, 6, 15, 29][19, 12, 8, 26][13, 0, 25][17, 22, 18][5, 6][6, 15][0, 26][12, 22][14, 24] 
[5, 21, 10, 2, 27, 7, 20][4, 24, 3, 1, 9, 23][14, 11, 17, 28, 16][13, 6, 15, 29][19, 12, 8, 26][13, 0, 25][17, 22, 18][5, 6][6, 15][0, 26][12, 22][14, 24] 
[5, 21, 10, 2, 27, 7, 20][4, 24, 3, 1, 9, 23][14, 11, 17, 28, 16][13, 6, 15, 29][19, 12, 8, 26][13, 0, 25][17, 22, 18][5, 6][6, 15][0, 26][12, 22][14, 24] 
[5, 21, 10, 2, 27, 7, 20][4, 24, 3, 1, 9, 23][14, 11, 17, 28, 16][13, 6, 15, 29][19, 12, 8, 26][13, 0, 25][17, 22, 18][5, 6][0, 26][8, 26][12, 22][14, 24] 
[5, 21, 10, 2, 27, 7, 20][4, 24, 3, 1, 9, 23][0, 26, 8, 12, 19][14, 11, 17, 28, 16][13, 6, 15, 29][13, 0, 25][17, 22, 18][5, 6][0, 26][8, 26][12, 22][14, 24] 
[5, 21, 10, 2, 27, 7, 20][4, 24, 3, 1, 9, 23][14, 11, 17, 28, 16][19, 12, 8, 26][6, 15, 29][13, 0, 25][17, 22, 18][5, 6][6, 13][0, 26][12, 22][14, 24] 
[5, 21, 10, 2, 27, 7, 20][4, 24, 3, 1, 9, 23][14, 11, 17, 28, 16][19, 12, 8, 26][17, 22, 18][13, 0, 25][6, 15, 29][12, 22][0, 26][14, 24][6, 13][5, 6] 
[5, 21, 10, 2, 27, 7, 20][4, 24, 3, 1, 9, 23][14, 11, 17, 28, 16][19, 12, 8, 26][17, 22, 18][13, 0, 25][6, 15, 29][12, 22][0, 26][14, 24][6, 13][5, 6] 
[5, 21, 10, 2, 27, 7, 20][4, 24, 3, 1, 9, 23][14, 11, 17, 28, 16][19, 12, 8, 26][17, 22, 18][13, 0, 25][6, 15, 29][12, 22][0, 26][14, 24][6, 13][5, 6] 
[5, 21, 10, 2, 27, 7, 20][4, 24, 3, 1, 9, 23][14, 11, 17, 28, 16][19, 12, 8, 26][17, 22, 18][13, 0, 25][6, 15, 29][12, 22][0, 26][14, 24][6, 13][5, 6] 
[5, 21, 10, 2, 27, 7, 20][4, 24, 3, 1, 9, 23][14, 11, 17, 28, 16][19, 12, 8, 26][6, 15, 29][13, 0, 25][17, 22, 18][5, 6][6, 13][0, 26][12, 22][14, 24] 
[5, 21, 10, 2, 27, 7, 20][4, 24, 3, 1, 9, 23][14, 11, 17, 28, 16][19, 12, 8, 26][17, 22, 18][13, 0, 25][6, 15, 29][12, 22][0, 26][14, 24][6, 13][5, 6] 
