[19, 18, 17, 12, 8, 26][6, 10, 21, 5, 15, 27][4, 3, 1, 9, 23, 20][14, 11, 25, 7, 24][13, 0, 22][16, 2, 29][12, 22][0, 28][16, 28][15, 16][25, 28][3, 11] 
[19, 18, 17, 12, 8, 26][6, 10, 21, 5, 15, 27][4, 3, 1, 9, 23, 20][14, 11, 25, 7, 24][13, 0, 22][16, 2, 29][0, 18][17, 28][16, 28][15, 16][25, 28][3, 11] 
[6, 10, 21, 5, 15, 27, 7, 24][19, 18, 17, 12, 8, 26][4, 3, 1, 9, 23, 20][2, 16, 28][14, 11, 25][13, 0, 22][15, 16][17, 28][25, 28][3, 11][0, 18][2, 29] 
[6, 10, 21, 5, 15, 27, 7, 24][19, 18, 17, 12, 8, 26][4, 3, 1, 9, 23, 20][13, 0, 22][2, 16, 28][14, 11, 25][0, 18][17, 28][2, 29][15, 16][25, 28][3, 11] 
[4, 3, 1, 9, 23, 20][6, 10, 21, 5, 15, 27][14, 11, 25, 7, 24][13, 18, 19, 8, 26][22, 0, 28][16, 2, 29][12, 17, 22][3, 11][25, 28][16, 28][0, 13][15, 16] 
[19, 18, 17, 12, 8, 26][4, 3, 1, 9, 23, 20][6, 10, 21, 5, 15, 27][14, 11, 25, 7, 24][22, 0, 28][16, 2, 29][25, 28][16, 28][17, 22][3, 11][15, 16][0, 13] 
[19, 18, 17, 12, 8, 26][6, 10, 21, 5, 15, 27][4, 3, 1, 9, 23, 20][14, 11, 25, 7, 24][13, 0, 22][16, 2, 29][0, 18][17, 28][16, 28][15, 16][25, 28][3, 11] 
[4, 3, 1, 9, 23, 20][6, 10, 21, 5, 15, 27][14, 11, 25, 7, 24][13, 18, 19, 8, 26][22, 0, 28][16, 2, 29][12, 22, 17][3, 11][25, 28][16, 28][15, 16][0, 13] 
[19, 18, 17, 12, 8, 26][6, 10, 21, 5, 15, 27][4, 3, 1, 9, 23, 20][14, 11, 25, 7, 24][13, 0, 22][16, 2, 29][12, 22][0, 28][16, 28][15, 16][25, 28][3, 11] 
[4, 3, 1, 9, 23, 20][6, 10, 21, 5, 15, 27][14, 11, 25, 7, 24][13, 18, 19, 8, 26][22, 0, 28][16, 2, 29][12, 22, 17][3, 11][25, 28][16, 28][15, 16][0, 13] 
[19, 18, 17, 12, 8, 26][6, 10, 21, 5, 15, 27][4, 3, 1, 9, 23, 20][14, 11, 25, 7, 24][13, 0, 22][16, 2, 29][12, 22][0, 28][16, 28][15, 16][25, 28][3, 11] 
[19, 18, 17, 12, 8, 26][6, 10, 21, 5, 15, 27][4, 3, 1, 9, 23, 20][14, 11, 25, 7, 24][13, 0, 22][16, 2, 29][0, 18][17, 28][16, 28][15, 16][25, 28][3, 11] 
[6, 10, 21, 5, 15, 27, 7, 24][19, 18, 17, 12, 8, 26][4, 3, 1, 9, 23, 20][13, 0, 22][2, 16, 28][14, 11, 25][0, 18][17, 28][2, 29][15, 16][25, 28][3, 11] 
[4, 3, 1, 9, 23, 20][6, 10, 21, 5, 15, 27][14, 11, 25, 7, 24][13, 18, 19, 8, 26][22, 0, 28][16, 2, 29][12, 17, 22][3, 11][25, 28][16, 28][0, 13][15, 16] 
[19, 18, 17, 12, 8, 26][4, 3, 1, 9, 23, 20][6, 10, 21, 5, 15, 27][14, 11, 25, 7, 24][22, 0, 28][16, 2, 29][25, 28][16, 28][17, 22][3, 11][15, 16][0, 13] 
[4, 3, 1, 9, 23, 20][6, 10, 21, 5, 15, 27][14, 11, 25, 7, 24][13, 18, 19, 8, 26][22, 0, 28][16, 2, 29][12, 22, 17][3, 11][25, 28][16, 28][15, 16][0, 13] 
[19, 18, 17, 12, 8, 26][6, 10, 21, 5, 15, 27][4, 3, 1, 9, 23, 20][14, 11, 25, 7, 24][13, 0, 22][16, 2, 29][12, 22][0, 28][16, 28][15, 16][25, 28][3, 11] 
[19, 18, 17, 12, 8, 26][6, 10, 21, 5, 15, 27][4, 3, 1, 9, 23, 20][14, 11, 25, 7, 24][13, 0, 22][16, 2, 29][0, 18][17, 28][16, 28][15, 16][25, 28][3, 11] 
[4, 3, 1, 9, 23, 20][6, 10, 21, 5, 15, 27][14, 11, 25, 7, 24][13, 18, 19, 8, 26][22, 0, 28][16, 2, 29][12, 17, 22][3, 11][25, 28][16, 28][0, 13][15, 16] 
[19, 18, 17, 12, 8, 26][4, 3, 1, 9, 23, 20][6, 10, 21, 5, 15, 27][14, 11, 25, 7, 24][13, 0, 22][16, 2, 29][12, 22][0, 28][16, 28][25, 28][3, 11][15, 16] 
[19, 18, 17, 12, 8, 26][4, 3, 1, 9, 23, 20][6, 10, 21, 5, 15, 27][14, 11, 25, 7, 24][13, 0, 22][16, 2, 29][12, 22][0, 28][16, 28][25, 28][3, 11][15, 16] 
[19, 18, 17, 12, 8, 26][6, 10, 21, 5, 15, 27][4, 3, 1, 9, 23, 20][14, 11, 25, 7, 24][13, 0, 22][16, 2, 29][0, 18][17, 28][16, 28][15, 16][25, 28][3, 11] 
[6, 10, 21, 5, 15, 27, 7, 24][19, 18, 17, 12, 8, 26][4, 3, 1, 9, 23, 20][13, 0, 22][2, 16, 28][14, 11, 25][0, 18][17, 28][2, 29][15, 16][25, 28][3, 11] 
[4, 3, 1, 9, 23, 20][6, 10, 21, 5, 15, 27][14, 11, 25, 7, 24][13, 18, 19, 8, 26][22, 0, 28][16, 2, 29][12, 17, 22][3, 11][25, 28][16, 28][0, 13][15, 16] 
[19, 18, 17, 12, 8, 26][4, 3, 1, 9, 23, 20][6, 10, 21, 5, 15, 27][14, 11, 25, 7, 24][22, 0, 28][16, 2, 29][25, 28][17, 22][3, 11][0, 13][16, 28][15, 16] 
[4, 3, 1, 9, 23, 20][6, 10, 21, 5, 15, 27][14, 11, 25, 7, 24][13, 18, 19, 8, 26][22, 0, 28][16, 2, 29][12, 22, 17][3, 11][25, 28][16, 28][15, 16][0, 13] 
[19, 18, 17, 12, 8, 26][4, 3, 1, 9, 23, 20][6, 10, 21, 5, 15, 27][14, 11, 25, 7, 24][13, 0, 22][16, 2, 29][12, 22][0, 28][16, 28][25, 28][3, 11][15, 16] 
[19, 18, 17, 12, 8, 26][6, 10, 21, 5, 15, 27][4, 3, 1, 9, 23, 20][14, 11, 25, 7, 24][13, 0, 22][16, 2, 29][0, 18][17, 28][16, 28][15, 16][25, 28][3, 11] 
[4, 3, 1, 9, 23, 20][6, 10, 21, 5, 15, 27][14, 11, 25, 7, 24][13, 18, 19, 8, 26][22, 0, 28][16, 2, 29][12, 17, 22][3, 11][25, 28][16, 28][0, 13][15, 16] 
[4, 3, 1, 9, 23, 20][6, 10, 21, 5, 15, 27][19, 18, 17, 12, 8, 26][14, 11, 25, 7, 24][16, 2, 29][13, 0, 22][3, 11][25, 28][16, 28][15, 16][0, 28][12, 22] 
[4, 3, 1, 9, 23, 20][6, 10, 21, 5, 15, 27][19, 18, 17, 12, 8, 26][14, 11, 25, 7, 24][16, 2, 29][13, 0, 22][3, 11][25, 28][16, 28][15, 16][0, 28][12, 22] 
[19, 18, 17, 12, 8, 26][6, 10, 21, 5, 15, 27][4, 3, 1, 9, 23, 20][14, 11, 25, 7, 24][13, 0, 22][16, 2, 29][0, 18][17, 28][16, 28][15, 16][25, 28][3, 11] 
[4, 3, 1, 9, 23, 20][6, 10, 21, 5, 15, 27][14, 11, 25, 7, 24][13, 18, 19, 8, 26][22, 0, 28][16, 2, 29][12, 17, 22][3, 11][25, 28][16, 28][0, 13][15, 16] 
[4, 3, 1, 9, 23, 20][6, 10, 21, 5, 15, 27][19, 18, 17, 12, 8, 26][14, 11, 25, 7, 24][16, 2, 29][13, 0, 22][3, 11][25, 28][16, 28][15, 16][0, 28][12, 22] 
[4, 3, 1, 9, 23, 20][19, 18, 17, 12, 8, 26][6, 10, 21, 5, 15, 27][14, 11, 25, 7, 24][13, 0, 22][16, 2, 29][3, 11][25, 28][0, 28][16, 28][12, 22][15, 16] 
[5, 21, 10, 6, 16, 7, 2, 29, 27, 15][9, 3, 1, 23, 14, 7, 4, 24][0, 28, 25, 11, 14, 7, 20][17, 0, 13, 18, 19, 8, 26][17, 12, 22][0, 13][7, 14][11, 25][2, 29][11, 25][27, 29][11, 25] 
[5, 21, 10, 6, 16, 7, 2, 29, 27, 15][9, 3, 1, 23, 14, 7, 4, 24][0, 28, 25, 11, 14, 7, 20][17, 0, 13, 18, 19, 8, 26][17, 12, 22][0, 13][7, 14][11, 25][2, 29][11, 25][27, 29][11, 25] 
[5, 21, 10, 6, 16, 7, 2, 29, 27, 15][9, 3, 1, 23, 14, 7, 4, 24][0, 28, 25, 11, 14, 7, 20][17, 0, 13, 18, 19, 8, 26][17, 12, 22][0, 13][7, 14][11, 25][2, 29][11, 25][27, 29][11, 25] 
[5, 21, 10, 6, 16, 7, 2, 29, 27, 15][9, 3, 1, 23, 14, 7, 4, 24, 20][17, 0, 13, 18, 19, 8, 26][0, 28, 25, 11, 14][17, 12, 22][0, 13][7, 14][11, 25][2, 29][11, 25][27, 29][11, 25] 
[5, 21, 10, 6, 16, 7, 2, 29, 27, 15][9, 3, 1, 23, 14, 7, 4, 24, 20][17, 0, 13, 18, 19, 8, 26][0, 28, 25, 11, 14][17, 12, 22][0, 13][7, 14][11, 25][2, 29][11, 25][27, 29][11, 25] 
[5, 21, 10, 6, 16, 7, 2, 29, 27, 15][3, 9, 1, 24, 14, 20, 23, 4][12, 22, 0, 28, 25, 11, 14][17, 0, 13, 18, 19, 8, 26][20, 23][11, 25][2, 29][11, 25][0, 13][11, 25][0, 13][7, 14] 
[5, 21, 10, 6, 16, 7, 2, 29, 27, 15][9, 3, 1, 23, 14, 7, 4, 24][0, 28, 25, 11, 14, 7, 20][17, 0, 13, 18, 19, 8, 26][17, 12, 22][0, 13][7, 14][11, 25][2, 29][11, 25][27, 29][11, 25] 
[5, 21, 10, 6, 16, 7, 2, 29, 27, 15][9, 3, 1, 23, 14, 7, 4, 24][0, 28, 25, 11, 14, 7, 20][17, 0, 13, 18, 19, 8, 26][17, 12, 22][0, 13][7, 14][11, 25][2, 29][11, 25][27, 29][11, 25] 
[5, 21, 10, 6, 16, 7, 2, 29, 27, 15][9, 3, 1, 23, 14, 7, 4, 24, 20][17, 0, 13, 18, 19, 8, 26][0, 28, 25, 11, 14][17, 12, 22][0, 13][7, 14][11, 25][2, 29][11, 25][27, 29][11, 25] 
[5, 21, 10, 6, 16, 7, 2, 29, 27, 15][9, 3, 1, 23, 14, 7, 4, 24][0, 28, 25, 11, 14, 7, 20][17, 0, 13, 18, 19, 8, 26][17, 12, 22][0, 13][7, 14][11, 25][2, 29][11, 25][27, 29][11, 25] 
[5, 21, 10, 6, 16, 7, 2, 29, 27, 15][9, 3, 1, 23, 14, 7, 4, 24][0, 28, 25, 11, 14, 7, 20][17, 0, 13, 18, 19, 8, 26][17, 12, 22][0, 13][7, 14][11, 25][2, 29][11, 25][27, 29][11, 25] 
[5, 21, 10, 6, 16, 7, 2, 29, 27, 15][9, 3, 1, 23, 14, 7, 4, 24, 20][22, 12, 17, 0, 13, 18, 19, 8, 26][0, 28, 25, 11, 14][17, 12, 22][0, 13][7, 14][11, 25][2, 29][11, 25][27, 29][11, 25] 
[5, 21, 10, 6, 16, 7, 2, 29, 27, 15][9, 3, 1, 23, 14, 7, 4, 24, 20][17, 0, 13, 18, 19, 8, 26][0, 28, 25, 11, 14][17, 12, 22][0, 13][7, 14][11, 25][2, 29][11, 25][27, 29][11, 25] 
[5, 21, 10, 6, 16, 7, 2, 29, 27, 15][9, 3, 1, 23, 14, 7, 4, 24, 20][22, 12, 17, 0, 13, 18, 19, 8, 26][0, 28, 25, 11, 14][17, 12, 22][0, 13][7, 14][11, 25][2, 29][11, 25][27, 29][11, 25] 
[5, 21, 10, 6, 16, 7, 2, 29, 27, 15][9, 3, 1, 23, 14, 7, 4, 24][0, 28, 25, 11, 14, 7, 20][17, 0, 13, 18, 19, 8, 26][17, 12, 22][0, 13][7, 14][11, 25][2, 29][11, 25][27, 29][11, 25] 
[5, 21, 10, 6, 16, 7, 2, 29, 27, 15][9, 3, 1, 23, 14, 7, 4, 24, 20][0, 28, 25, 11, 14, 7, 20, 24][17, 0, 13, 18, 19, 8, 26][17, 12, 22][0, 13][7, 14][11, 25][2, 29][11, 25][27, 29][11, 25] 
[5, 21, 10, 6, 16, 7, 2, 29, 27, 15][9, 3, 1, 23, 14, 7, 4, 24, 20][0, 28, 25, 11, 14, 7, 20, 24][17, 0, 13, 18, 19, 8, 26][17, 12, 22][0, 13][7, 14][11, 25][2, 29][11, 25][27, 29][11, 25] 
[5, 21, 10, 6, 16, 7, 2, 29, 27, 15][9, 3, 1, 23, 14, 7, 4, 24, 20][22, 12, 17, 0, 13, 18, 19, 8, 26][0, 28, 25, 11, 14][0, 17, 12, 22][0, 13][7, 14][11, 25][2, 29][11, 25][27, 29][11, 25] 
[5, 21, 10, 6, 16, 7, 2, 29, 27, 15][9, 3, 1, 23, 14, 7, 4, 24, 20][0, 28, 25, 11, 14, 7, 20, 24][17, 0, 13, 18, 19, 8, 26][17, 12, 22][0, 13][7, 14][11, 25][2, 29][11, 25][27, 29][11, 25] 
[5, 21, 10, 6, 16, 7, 2, 29, 27, 15][9, 3, 1, 23, 14, 7, 4, 24, 20][0, 28, 25, 11, 14, 7, 20, 24][17, 0, 13, 18, 19, 8, 26][17, 12, 22][0, 13][7, 14][11, 25][2, 29][11, 25][27, 29][11, 25] 
[5, 21, 10, 6, 16, 7, 2, 29, 27, 15][11, 25, 28, 17, 0, 13, 18, 19, 8, 26][9, 3, 1, 23, 14, 7, 4, 24, 20][0, 28, 25, 11, 14, 7, 20, 24][17, 12, 22][0, 13][7, 14][11, 25][2, 29][11, 25][27, 29][11, 25] 
[19, 18, 17, 12, 8, 26][6, 10, 21, 5, 15, 27][4, 3, 1, 9, 23, 20][14, 11, 25, 7, 24][13, 0, 22][16, 2, 29][12, 22][0, 28][16, 28][15, 16][25, 28][3, 11] 
[19, 18, 17, 12, 8, 26][4, 3, 1, 9, 23, 20][6, 10, 21, 5, 15, 27][14, 11, 25, 7, 24][13, 0, 22][16, 2, 29][12, 22][0, 28][16, 28][25, 28][3, 11][15, 16] 
[19, 18, 17, 12, 8, 26][6, 10, 21, 5, 15, 27][4, 3, 1, 9, 23, 20][14, 11, 25, 7, 24][13, 0, 22][16, 2, 29][12, 22][0, 28][16, 28][15, 16][25, 28][3, 11] 
[19, 18, 17, 12, 8, 26][4, 3, 1, 9, 23, 20][6, 10, 21, 5, 15, 27][14, 11, 25, 7, 24][13, 0, 22][16, 2, 29][12, 22][0, 28][16, 28][25, 28][3, 11][15, 16] 
[19, 18, 17, 12, 8, 26][6, 10, 21, 5, 15, 27][4, 3, 1, 9, 23, 20][14, 11, 25, 7, 24][13, 0, 22][16, 2, 29][12, 22][0, 28][16, 28][15, 16][25, 28][3, 11] 
[19, 18, 17, 12, 8, 26][6, 10, 21, 5, 15, 27][4, 3, 1, 9, 23, 20][14, 11, 25, 7, 24][13, 0, 22][16, 2, 29][12, 22][0, 28][16, 28][15, 16][25, 28][3, 11] 
[19, 18, 17, 12, 8, 26][6, 10, 21, 5, 15, 27][4, 3, 1, 9, 23, 20][14, 11, 25, 7, 24][13, 0, 22][16, 2, 29][12, 22][0, 28][16, 28][15, 16][25, 28][3, 11] 
[19, 18, 17, 12, 8, 26][6, 10, 21, 5, 15, 27][4, 3, 1, 9, 23, 20][14, 11, 25, 7, 24][13, 0, 22][16, 2, 29][12, 22][0, 28][16, 28][15, 16][25, 28][3, 11] 
[19, 18, 17, 12, 8, 26][6, 10, 21, 5, 15, 27][4, 3, 1, 9, 23, 20][14, 11, 25, 7, 24][13, 0, 22][16, 2, 29][12, 22][0, 28][16, 28][15, 16][25, 28][3, 11] 
[19, 18, 17, 12, 8, 26][6, 10, 21, 5, 15, 27][4, 3, 1, 9, 23, 20][14, 11, 25, 7, 24][13, 0, 22][16, 2, 29][12, 22][0, 28][16, 28][15, 16][25, 28][3, 11] 
[6, 10, 21, 5, 15, 27][4, 3, 1, 9, 23, 20][19, 18, 17, 12, 8, 26][14, 11, 25, 7, 24][16, 2, 29][13, 0, 22][25, 28][16, 28][15, 16][0, 28][3, 11][17, 22] 
[19, 18, 17, 12, 8, 26][6, 10, 21, 5, 15, 27][4, 3, 1, 9, 23, 20][14, 11, 25, 7, 24][13, 0, 22][16, 2, 29][12, 22][0, 28][16, 28][15, 16][25, 28][3, 11] 
[6, 10, 21, 5, 15, 27][4, 3, 1, 9, 23, 20][19, 18, 17, 12, 8, 26][14, 11, 25, 7, 24][16, 2, 29][13, 0, 22][25, 28][16, 28][15, 16][0, 28][3, 11][17, 22] 
[19, 18, 17, 12, 8, 26][6, 10, 21, 5, 15, 27][4, 3, 1, 9, 23, 20][14, 11, 25, 7, 24][13, 0, 22][16, 2, 29][12, 22][0, 28][16, 28][15, 16][25, 28][3, 11] 
[19, 18, 17, 12, 8, 26][6, 10, 21, 5, 15, 27][4, 3, 1, 9, 23, 20][14, 11, 25, 7, 24][13, 0, 22][16, 2, 29][12, 22][0, 28][16, 28][15, 16][25, 28][3, 11] 
[19, 18, 17, 12, 8, 26][6, 10, 21, 5, 15, 27][4, 3, 1, 9, 23, 20][14, 11, 25, 7, 24][13, 0, 22][16, 2, 29][12, 22][0, 28][16, 28][15, 16][25, 28][3, 11] 
[4, 3, 1, 9, 23, 20][6, 10, 21, 5, 15, 27][14, 11, 25, 7, 24][13, 18, 19, 8, 26][22, 0, 28][12, 17, 22][16, 2, 29][3, 11][25, 28][16, 28][0, 13][15, 16] 
[4, 3, 1, 9, 23, 20][6, 10, 21, 5, 15, 27][14, 11, 25, 7, 24][13, 18, 19, 8, 26][22, 0, 28][16, 2, 29][12, 17, 22][3, 11][25, 28][16, 28][0, 13][15, 16] 
[4, 3, 1, 9, 23, 20][6, 10, 21, 5, 15, 27][14, 11, 25, 7, 24][13, 18, 19, 8, 26][22, 0, 28][16, 2, 29][12, 17, 22][3, 11][25, 28][16, 28][0, 13][15, 16] 
[19, 18, 17, 12, 8, 26][4, 3, 1, 9, 23, 20][6, 10, 21, 5, 15, 27][14, 11, 25, 7, 24][13, 0, 22][16, 2, 29][17, 22][0, 28][16, 28][25, 28][3, 11][15, 16] 
[4, 3, 1, 9, 23, 20][6, 10, 21, 5, 15, 27][14, 11, 25, 7, 24][13, 18, 19, 8, 26][0, 22, 12, 17][16, 2, 29][25, 28][16, 28][3, 11][15, 16][0, 28][0, 13] 
[6, 10, 21, 5, 15, 27][4, 3, 1, 9, 23, 20][19, 18, 17, 12, 8, 26][14, 11, 25, 7, 24][16, 2, 29][13, 0, 22][25, 28][16, 28][15, 16][0, 28][3, 11][17, 22] 
[19, 18, 17, 12, 8, 26][6, 10, 21, 5, 15, 27][4, 3, 1, 9, 23, 20][14, 11, 25, 7, 24][13, 0, 22][16, 2, 29][12, 22][0, 28][16, 28][15, 16][25, 28][3, 11] 
[19, 18, 17, 12, 8, 26][6, 10, 21, 5, 15, 27][4, 3, 1, 9, 23, 20][14, 11, 25, 7, 24][13, 0, 22][16, 2, 29][17, 22][0, 28][25, 28][16, 28][15, 16][3, 11] 
[19, 18, 17, 12, 8, 26][6, 10, 21, 5, 15, 27][4, 3, 1, 9, 23, 20][14, 11, 25, 7, 24][13, 0, 22][16, 2, 29][12, 22][0, 28][16, 28][15, 16][25, 28][3, 11] 
[19, 18, 17, 12, 8, 26][4, 3, 1, 9, 23, 20][6, 10, 21, 5, 15, 27][14, 11, 25, 7, 24][13, 0, 22][16, 2, 29][17, 22][0, 28][16, 28][25, 28][3, 11][15, 16] 
[19, 18, 17, 12, 8, 26][6, 10, 21, 5, 15, 27][4, 3, 1, 9, 23, 20][14, 11, 25, 7, 24][13, 0, 22][16, 2, 29][12, 22][0, 28][16, 28][15, 16][25, 28][3, 11] 
[19, 18, 17, 12, 8, 26][6, 10, 21, 5, 15, 27][4, 3, 1, 9, 23, 20][14, 11, 25, 7, 24][13, 0, 22][16, 2, 29][17, 22][0, 28][25, 28][16, 28][15, 16][3, 11] 
[19, 18, 17, 12, 8, 26][6, 10, 21, 5, 15, 27][4, 3, 1, 9, 23, 20][14, 11, 25, 7, 24][13, 0, 22][16, 2, 29][12, 22][0, 28][16, 28][15, 16][25, 28][3, 11] 
[4, 3, 1, 9, 23, 20][6, 10, 21, 5, 15, 27][14, 11, 25, 7, 24][13, 18, 19, 8, 26][22, 0, 28][12, 17, 22][16, 2, 29][3, 11][25, 28][16, 28][0, 13][15, 16] 
[4, 3, 1, 9, 23, 20][6, 10, 21, 5, 15, 27][14, 11, 25, 7, 24][13, 18, 19, 8, 26][22, 0, 28][12, 17, 22][16, 2, 29][3, 11][25, 28][16, 28][0, 13][15, 16] 
[4, 3, 1, 9, 23, 20][6, 10, 21, 5, 15, 27][14, 11, 25, 7, 24][13, 18, 19, 8, 26][22, 0, 28][12, 17, 22][16, 2, 29][3, 11][25, 28][16, 28][0, 13][15, 16] 
[4, 3, 1, 9, 23, 20][6, 10, 21, 5, 15, 27][14, 11, 25, 7, 24][13, 18, 19, 8, 26][22, 0, 28][16, 2, 29][12, 17, 22][3, 11][25, 28][16, 28][0, 13][15, 16] 
[19, 18, 17, 12, 8, 26][4, 3, 1, 9, 23, 20][6, 10, 21, 5, 15, 27][14, 11, 25, 7, 24][13, 0, 22][16, 2, 29][17, 22][0, 28][16, 28][25, 28][3, 11][15, 16] 
[4, 3, 1, 9, 23, 20][6, 10, 21, 5, 15, 27][14, 11, 25, 7, 24][13, 18, 19, 8, 26][22, 0, 28][16, 2, 29][12, 17, 22][3, 11][25, 28][16, 28][0, 13][15, 16] 
[4, 3, 1, 9, 23, 20][6, 10, 21, 5, 15, 27][14, 11, 25, 7, 24][13, 18, 19, 8, 26][22, 0, 28][12, 17, 22][16, 2, 29][3, 11][25, 28][16, 28][0, 13][15, 16] 
[4, 3, 1, 9, 23, 20][6, 10, 21, 5, 15, 27][14, 11, 25, 7, 24][13, 18, 19, 8, 26][22, 0, 28][16, 2, 29][12, 17, 22][3, 11][25, 28][16, 28][0, 13][15, 16] 
[4, 3, 1, 9, 23, 20][6, 10, 21, 5, 15, 27][14, 11, 25, 7, 24][13, 18, 19, 8, 26][22, 0, 28][16, 2, 29][12, 17, 22][3, 11][25, 28][16, 28][0, 13][15, 16] 
[19, 18, 17, 12, 8, 26][4, 3, 1, 9, 23, 20][6, 10, 21, 5, 15, 27][14, 11, 25, 7, 24][13, 0, 22][16, 2, 29][12, 22][0, 28][16, 28][25, 28][3, 11][15, 16] 
[4, 3, 1, 9, 23, 20][6, 10, 21, 5, 15, 27][14, 11, 25, 7, 24][13, 18, 19, 8, 26][22, 0, 28][12, 17, 22][16, 2, 29][3, 11][25, 28][16, 28][0, 13][15, 16] 
[4, 3, 1, 9, 23, 20][6, 10, 21, 5, 15, 27][19, 18, 17, 12, 8, 26][14, 11, 25, 7, 24][16, 2, 29][13, 0, 22][3, 11][25, 28][16, 28][15, 16][0, 28][12, 22] 
[4, 3, 1, 9, 23, 20][6, 10, 21, 5, 15, 27][14, 11, 25, 7, 24][13, 18, 19, 8, 26][22, 0, 28][16, 2, 29][12, 17, 22][3, 11][25, 28][16, 28][0, 13][15, 16] 
[19, 18, 17, 12, 8, 26][4, 3, 1, 9, 23, 20][6, 10, 21, 5, 15, 27][14, 11, 25, 7, 24][13, 0, 22][16, 2, 29][12, 22][0, 28][16, 28][25, 28][3, 11][15, 16] 
[4, 3, 1, 9, 23, 20][6, 10, 21, 5, 15, 27][14, 11, 25, 7, 24][13, 18, 19, 8, 26][0, 22, 12, 17][16, 2, 29][25, 28][16, 28][3, 11][15, 16][0, 28][0, 13] 
[4, 3, 1, 9, 23, 20][6, 10, 21, 5, 15, 27][14, 11, 25, 7, 24][13, 18, 19, 8, 26][0, 22, 12, 17][16, 2, 29][0, 28, 16][25, 28][16, 28][3, 11][15, 16][0, 13] 
[4, 3, 1, 9, 23, 20][6, 10, 21, 5, 15, 27][13, 18, 19, 8, 26][14, 11, 25, 7, 24][0, 22, 12, 17][16, 2, 29][0, 13][0, 28][25, 28][3, 11][16, 28][15, 16] 
[4, 3, 1, 9, 23, 20][6, 10, 21, 5, 15, 27][14, 11, 25, 7, 24][13, 18, 19, 8, 26][0, 22, 12, 17][16, 2, 29][25, 28][16, 28][3, 11][15, 16][0, 28][0, 13] 
[4, 3, 1, 9, 23, 20][6, 10, 21, 5, 15, 27][13, 18, 19, 8, 26][14, 11, 25, 7, 24][0, 22, 12, 17][16, 2, 29][0, 13][0, 28][25, 28][3, 11][16, 28][15, 16] 
[4, 3, 1, 9, 23, 20][6, 10, 21, 5, 15, 27][17, 22, 0, 13, 18][13, 18, 19, 8, 26][14, 11, 25, 7, 24][16, 2, 29][0, 28][12, 22][16, 28][25, 28][3, 11][15, 16] 
[19, 18, 17, 12, 8, 26][4, 3, 1, 9, 23, 20][6, 10, 21, 5, 15, 27][14, 11, 25, 7, 24][13, 0, 22][16, 2, 29][17, 22][0, 28][16, 28][25, 28][3, 11][15, 16] 
[19, 18, 17, 12, 8, 26][6, 10, 21, 5, 15, 27][4, 3, 1, 9, 23, 20][14, 11, 25, 7, 24][13, 0, 22][16, 2, 29][12, 22][0, 28][16, 28][15, 16][25, 28][3, 11] 
[19, 18, 17, 12, 8, 26][4, 3, 1, 9, 23, 20][6, 10, 21, 5, 15, 27][14, 11, 25, 7, 24][13, 0, 22][16, 2, 29][17, 22][0, 28][16, 28][25, 28][3, 11][15, 16] 
[6, 10, 21, 5, 15, 27][4, 3, 1, 9, 23, 20][19, 18, 17, 12, 8, 26][14, 11, 25, 7, 24][16, 2, 29][13, 0, 22][25, 28][16, 28][15, 16][0, 28][3, 11][17, 22] 
[19, 18, 17, 12, 8, 26][4, 3, 1, 9, 23, 20][6, 10, 21, 5, 15, 27][14, 11, 25, 7, 24][13, 0, 22][16, 2, 29][12, 22][0, 28][16, 28][25, 28][3, 11][15, 16] 
[4, 3, 1, 9, 23, 20][6, 10, 21, 5, 15, 27][14, 11, 25, 7, 24][13, 18, 19, 8, 26][22, 0, 28][16, 2, 29][12, 17, 22][3, 11][25, 28][16, 28][0, 13][15, 16] 
[19, 18, 17, 12, 8, 26][6, 10, 21, 5, 15, 27][4, 3, 1, 9, 23, 20][14, 11, 25, 7, 24][13, 0, 22][16, 2, 29][12, 22][0, 28][16, 28][15, 16][25, 28][3, 11] 
