[0, 22, 19, 12, 8, 26][14, 9, 1, 3, 23, 24][15, 10, 27, 2, 29][18, 13, 6, 5, 21][16, 28, 17][7, 4, 20][7, 25, 11][15, 16][12, 17][0, 18][20, 24][7, 28] 
[0, 22, 19, 12, 8, 26][14, 9, 1, 3, 23, 24][15, 10, 27, 2, 29][18, 13, 6, 5, 21][16, 28, 17][7, 4, 20][7, 25, 11][15, 16][12, 17][0, 18][20, 24][7, 28] 
[0, 22, 19, 12, 8, 26][14, 9, 1, 3, 23, 24][15, 10, 27, 2, 29][18, 13, 6, 5, 21][16, 28, 17][7, 4, 20][7, 25, 11][15, 16][12, 17][0, 18][20, 24][7, 28] 
[14, 9, 1, 3, 23, 24][0, 22, 19, 12, 8, 26][15, 10, 27, 2, 29][18, 13, 6, 5, 21][16, 28, 17][7, 25, 11][7, 4, 20][15, 16][7, 28][20, 24][12, 17][0, 18] 
[0, 22, 19, 12, 8, 26][14, 9, 1, 3, 23, 24][15, 10, 27, 2, 29][18, 13, 6, 5, 21][16, 28, 17][7, 4, 20][7, 25, 11][15, 16][12, 17][0, 18][20, 24][7, 28] 
[0, 22, 19, 12, 8, 26][14, 9, 1, 3, 23, 24][15, 10, 27, 2, 29][18, 13, 6, 5, 21][16, 28, 17][7, 4, 20][7, 25, 11][15, 16][12, 17][0, 18][20, 24][7, 28] 
[0, 22, 19, 12, 8, 26][14, 9, 1, 3, 23, 24][15, 10, 27, 2, 29][18, 13, 6, 5, 21][16, 28, 17][7, 4, 20][7, 25, 11][15, 16][12, 17][0, 18][7, 28][20, 24] 
[0, 22, 19, 12, 8, 26][14, 9, 1, 3, 23, 24][15, 10, 27, 2, 29][18, 13, 6, 5, 21][7, 4, 20][7, 25, 11][16, 28, 17][7, 28][12, 17][20, 24][15, 16][0, 18] 
[0, 22, 19, 12, 8, 26][14, 9, 1, 3, 23, 24][15, 10, 27, 2, 29][18, 13, 6, 5, 21][7, 4, 20][7, 25, 11][16, 28, 17][7, 28][12, 17][20, 24][15, 16][0, 18] 
[14, 9, 1, 3, 23, 24][0, 22, 19, 12, 8, 26][18, 13, 6, 5, 21][20, 4, 7, 28][10, 27, 2, 29][7, 25, 11][16, 28, 17][20, 24][12, 17][0, 18][15, 16][10, 15] 
[14, 9, 1, 3, 23, 24][0, 22, 19, 12, 8, 26][15, 10, 27, 2, 29][18, 13, 6, 5, 21][16, 28, 17][7, 25, 11][7, 4, 20][15, 16][7, 28][20, 24][12, 17][0, 18] 
[14, 9, 1, 3, 23, 24][0, 22, 19, 12, 8, 26][15, 10, 27, 2, 29][18, 13, 6, 5, 21][16, 28, 17][7, 25, 11][7, 4, 20][15, 16][7, 28][20, 24][12, 17][0, 18] 
[0, 22, 19, 12, 8, 26][14, 9, 1, 3, 23, 24][15, 10, 27, 2, 29][18, 13, 6, 5, 21][16, 28, 17][7, 4, 20][7, 25, 11][15, 16][12, 17][0, 18][7, 28][20, 24] 
[14, 9, 1, 3, 23, 24][0, 22, 19, 12, 8, 26][15, 10, 27, 2, 29][18, 13, 6, 5, 21][16, 28, 17][7, 25, 11][7, 4, 20][15, 16][7, 28][20, 24][12, 17][0, 18] 
[0, 22, 19, 12, 8, 26][14, 9, 1, 3, 23, 24][18, 13, 6, 5, 21][15, 10, 27, 2, 29][16, 28, 17][7, 4, 20][7, 25, 11][0, 18][12, 17][15, 16][7, 28][20, 24] 
[0, 22, 19, 12, 8, 26][14, 9, 1, 3, 23, 24][18, 13, 6, 5, 21][15, 10, 27, 2, 29][16, 28, 17][7, 4, 20][7, 25, 11][0, 18][12, 17][15, 16][7, 28][20, 24] 
[14, 9, 1, 3, 23, 24][0, 22, 19, 12, 8, 26][15, 10, 27, 2, 29][18, 13, 6, 5, 21][16, 28, 17][7, 25, 11][7, 4, 20][15, 16][7, 28][20, 24][12, 17][0, 18] 
[14, 9, 1, 3, 23, 24][0, 22, 19, 12, 8, 26][15, 10, 27, 2, 29][18, 13, 6, 5, 21][16, 28, 17][7, 25, 11][7, 4, 20][15, 16][7, 28][20, 24][12, 17][0, 18] 
[0, 22, 19, 12, 8, 26][14, 9, 1, 3, 23, 24][15, 10, 27, 2, 29][18, 13, 6, 5, 21][16, 28, 17][7, 4, 20][7, 25, 11][15, 16][12, 17][0, 18][20, 24][7, 28] 
[0, 22, 19, 12, 8, 26][14, 9, 1, 3, 23, 24][15, 10, 27, 2, 29][18, 13, 6, 5, 21][16, 28, 17][7, 4, 20][7, 25, 11][15, 16][12, 17][0, 18][20, 24][7, 28] 
[14, 9, 1, 3, 23, 24][0, 22, 19, 12, 8, 26][15, 10, 27, 2, 29][18, 13, 6, 5, 21][16, 28, 17][7, 25, 11][7, 4, 20][15, 16][7, 28][20, 24][12, 17][0, 18] 
[0, 22, 19, 12, 8, 26][14, 9, 1, 3, 23, 24][15, 10, 27, 2, 29][18, 13, 6, 5, 21][16, 28, 17][7, 4, 20][7, 25, 11][15, 16][12, 17][0, 18][20, 24][7, 28] 
[0, 22, 19, 12, 8, 26][14, 9, 1, 3, 23, 24][15, 10, 27, 2, 29][18, 13, 6, 5, 21][16, 28, 17][7, 4, 20][7, 25, 11][15, 16][12, 17][0, 18][20, 24][7, 28] 
[0, 22, 19, 12, 8, 26][14, 9, 1, 3, 23, 24][15, 10, 27, 2, 29][18, 13, 6, 5, 21][16, 28, 17][7, 4, 20][7, 25, 11][15, 16][12, 17][0, 18][20, 24][7, 28] 
[0, 22, 19, 12, 8, 26][14, 9, 1, 3, 23, 24][15, 10, 27, 2, 29][18, 13, 6, 5, 21][16, 28, 17][7, 4, 20][7, 25, 11][15, 16][12, 17][0, 18][20, 24][7, 28] 
[14, 9, 1, 3, 23, 24][0, 22, 19, 12, 8, 26][15, 10, 27, 2, 29][18, 13, 6, 5, 21][16, 28, 17][7, 25, 11][7, 4, 20][15, 16][7, 28][20, 24][12, 17][0, 18] 
[14, 9, 1, 3, 23, 24][0, 22, 19, 12, 8, 26][15, 10, 27, 2, 29][18, 13, 6, 5, 21][16, 28, 17][7, 25, 11][7, 4, 20][15, 16][7, 28][20, 24][12, 17][0, 18] 
[14, 9, 1, 3, 23, 24][0, 22, 19, 12, 8, 26][18, 13, 6, 5, 21][15, 10, 27, 2, 29][7, 4, 20][7, 25, 11][16, 28, 17][20, 24][7, 28][12, 17][0, 18][15, 16] 
[0, 22, 19, 12, 8, 26][14, 9, 1, 3, 23, 24][18, 13, 6, 5, 21][15, 10, 27, 2, 29][16, 28, 17][7, 25, 11][7, 4, 20][0, 18][12, 17][15, 16][7, 28][20, 24] 
[0, 22, 19, 12, 8, 26][14, 9, 1, 3, 23, 24][15, 10, 27, 2, 29][18, 13, 6, 5, 21][16, 28, 17][7, 4, 20][7, 25, 11][15, 16][12, 17][0, 18][20, 24][7, 28] 
[0, 22, 19, 12, 8, 26][14, 9, 1, 3, 23, 24][18, 13, 6, 5, 21][15, 10, 27, 2, 29][16, 28, 17][7, 4, 20][7, 25, 11][0, 18][12, 17][15, 16][7, 28][20, 24] 
[0, 22, 19, 12, 8, 26][14, 9, 1, 3, 23, 24][15, 10, 27, 2, 29][18, 13, 6, 5, 21][16, 28, 17][7, 4, 20][7, 25, 11][15, 16][12, 17][0, 18][20, 24][7, 28] 
[0, 22, 19, 12, 8, 26][14, 9, 1, 3, 23, 24][18, 13, 6, 5, 21][15, 10, 27, 2, 29][16, 28, 17][7, 4, 20][7, 25, 11][0, 18][12, 17][15, 16][7, 28][20, 24] 
[0, 22, 19, 12, 8, 26][14, 9, 1, 3, 23, 24][18, 13, 6, 5, 21][15, 10, 27, 2, 29][16, 28, 17][7, 4, 20][7, 25, 11][12, 17][0, 18][7, 28][15, 16][20, 24] 
[0, 22, 19, 12, 8, 26][14, 9, 1, 3, 23, 24][15, 10, 27, 2, 29][18, 13, 6, 5, 21][16, 28, 17][7, 4, 20][7, 25, 11][15, 16][12, 17][0, 18][20, 24][7, 28] 
[0, 13, 6, 5, 21, 15, 10, 29, 2, 27][6, 13, 0, 25, 11, 17, 12, 18, 19, 22][9, 1, 23, 20, 14, 3, 11, 17][4, 24, 7, 28, 16, 10][12, 8, 26][6, 13][11, 17][6, 13][11, 17][12, 18][5, 21][6, 13] 
[0, 13, 6, 5, 21, 15, 10, 29, 2, 27][0, 25, 11, 17, 12, 18, 19, 22][9, 1, 23, 20, 14, 3, 11][4, 24, 7, 28, 16, 10][12, 8, 26][6, 13][11, 17][6, 13][11, 17][12, 18][5, 21][6, 13] 
[0, 13, 6, 5, 21, 15, 10, 29, 2, 27][0, 25, 11, 17, 12, 18, 19, 22][9, 1, 23, 20, 14, 3, 11][4, 24, 7, 28, 16, 10][12, 8, 26][6, 13][11, 17][6, 13][11, 17][12, 18][5, 21][6, 13] 
[0, 13, 6, 5, 21, 15, 10, 29, 2, 27][9, 1, 23, 20, 14, 3, 11, 17, 22][0, 25, 11, 17, 12, 18, 19][4, 24, 7, 28, 16, 10][12, 8, 26][11, 17][5, 21][6, 13][6, 13][12, 18][5, 21][11, 17] 
[0, 13, 6, 5, 21, 15, 10, 29, 2, 27][9, 1, 23, 20, 14, 3, 11, 17, 22][0, 25, 11, 17, 12, 18, 19][4, 24, 7, 28, 16, 10][12, 8, 26][11, 17][5, 21][6, 13][6, 13][12, 18][5, 21][11, 17] 
[0, 13, 6, 5, 21, 15, 10, 29, 2, 27][4, 24, 7, 28, 16, 10][14, 9, 1, 3, 23, 24][0, 22, 19, 12, 8, 26][18, 12, 17, 11, 25][10, 15][20, 24][5, 21][16, 28][11, 17][7, 28][5, 21] 
[0, 13, 6, 5, 21, 15, 10, 29, 2, 27][0, 25, 11, 17, 12, 18, 19, 22][9, 1, 23, 20, 14, 3, 11][4, 24, 7, 28, 16, 10][12, 8, 26][6, 13][11, 17][6, 13][11, 17][12, 18][5, 21][6, 13] 
[0, 13, 6, 5, 21, 15, 10, 29, 2, 27][6, 13, 0, 25, 11, 17, 12, 18, 19, 22][9, 1, 23, 20, 14, 3, 11][4, 24, 7, 28, 16, 10][12, 8, 26][6, 13][11, 17][6, 13][11, 17][12, 18][5, 21][6, 13] 
[0, 13, 6, 5, 21, 15, 10, 29, 2, 27][9, 1, 23, 20, 14, 3, 11, 17, 22][0, 25, 11, 17, 12, 18, 19][4, 24, 7, 28, 16, 10][12, 8, 26][11, 17][5, 21][6, 13][6, 13][12, 18][5, 21][11, 17] 
[0, 13, 6, 5, 21, 15, 10, 29, 2, 27][0, 25, 11, 17, 12, 18, 19, 22][9, 1, 23, 20, 14, 3, 11][4, 24, 7, 28, 16, 10][12, 8, 26][6, 13][11, 17][6, 13][11, 17][12, 18][5, 21][6, 13] 
[0, 13, 6, 5, 21, 15, 10, 29, 2, 27][0, 25, 11, 17, 12, 18, 19, 22][9, 1, 23, 20, 14, 3, 11][4, 24, 7, 28, 16, 10][12, 8, 26][6, 13][11, 17][6, 13][11, 17][12, 18][5, 21][6, 13] 
[6, 13, 0, 25, 11, 17, 12, 18, 19, 22][13, 6, 5, 21, 15, 10, 29, 2, 27][9, 1, 23, 20, 14, 3, 11][4, 24, 7, 28, 16, 10][12, 8, 26][6, 13][11, 17][6, 13][11, 17][12, 18][5, 21][6, 13] 
[0, 13, 6, 5, 21, 15, 10, 29, 2, 27][9, 1, 23, 20, 14, 3, 11, 17, 22][0, 25, 11, 17, 12, 18, 19][4, 24, 7, 28, 16, 10][12, 8, 26][11, 17][5, 21][6, 13][6, 13][12, 18][5, 21][11, 17] 
[0, 13, 6, 5, 21, 15, 10, 29, 2, 27][0, 25, 11, 17, 12, 18, 19, 22][9, 1, 23, 20, 14, 3, 11][4, 24, 7, 28, 16, 10][12, 8, 26][6, 13][11, 17][6, 13][11, 17][12, 18][5, 21][6, 13] 
[0, 13, 6, 5, 21, 15, 10, 29, 2, 27][0, 25, 11, 17, 12, 18, 19, 22][9, 1, 23, 20, 14, 3, 11][4, 24, 7, 28, 16, 10][12, 8, 26][6, 13][11, 17][6, 13][11, 17][12, 18][5, 21][6, 13] 
[10, 16, 15, 5, 21, 6, 13, 0, 25, 11, 17, 12, 18, 19, 22][0, 13, 6, 5, 21, 15, 10, 29, 2, 27][9, 1, 23, 20, 14, 3, 11][4, 24, 7, 28, 16, 10][12, 8, 26][11, 17][5, 21][6, 13][6, 13][12, 18][5, 21][11, 17] 
[10, 16, 15, 5, 21, 6, 13, 0, 25, 11, 17, 12, 18, 19, 22][0, 13, 6, 5, 21, 15, 10, 29, 2, 27][9, 1, 23, 20, 14, 3, 11][4, 24, 7, 28, 16, 10][12, 8, 26][11, 17][5, 21][6, 13][6, 13][12, 18][5, 21][11, 17] 
[0, 13, 6, 5, 21, 15, 10, 29, 2, 27][0, 25, 11, 17, 12, 18, 19, 22][9, 1, 23, 20, 14, 3, 11][4, 24, 7, 28, 16, 10][12, 8, 26][11, 17][5, 21][6, 13][6, 13][12, 18][5, 21][11, 17] 
[0, 13, 6, 5, 21, 15, 10, 29, 2, 27][6, 13, 0, 25, 11, 17, 12, 18, 19, 22][9, 1, 23, 20, 14, 3, 11, 17][4, 24, 7, 28, 16, 10][12, 8, 26][6, 13][11, 17][6, 13][11, 17][12, 18][5, 21][6, 13] 
[0, 13, 6, 5, 21, 15, 10, 29, 2, 27][0, 25, 11, 17, 12, 18, 19, 22][9, 1, 23, 20, 14, 3, 11][4, 24, 7, 28, 16, 10][12, 8, 26][6, 13][11, 17][6, 13][11, 17][12, 18][5, 21][6, 13] 
[0, 13, 6, 5, 21, 15, 10, 29, 2, 27][0, 25, 11, 17, 12, 18, 19, 22][9, 1, 23, 20, 14, 3, 11][4, 24, 7, 28, 16, 10][12, 8, 26][6, 13][11, 17][6, 13][11, 17][12, 18][5, 21][6, 13] 
[0, 22, 19, 12, 8, 26][14, 9, 1, 3, 23, 24][18, 13, 6, 5, 21][20, 4, 7, 28][10, 27, 2, 29][16, 28, 17][7, 25, 11][12, 17][6, 16][20, 24][15, 16][10, 15] 
[0, 22, 19, 12, 8, 26][14, 9, 1, 3, 23, 24][18, 13, 6, 5, 21][20, 4, 7, 28][10, 27, 2, 29][16, 28, 17][7, 25, 11][14, 20, 24][12, 17][6, 16][15, 16][10, 15] 
[0, 22, 19, 12, 8, 26][14, 9, 1, 3, 23, 24][18, 13, 6, 5, 21][20, 4, 7, 28][10, 27, 2, 29][16, 28, 17][7, 25, 11][12, 17][6, 16][15, 16][10, 15][20, 24] 
[0, 22, 19, 12, 8, 26][14, 9, 1, 3, 23, 24][18, 13, 6, 5, 21][20, 4, 7, 28][10, 27, 2, 29][16, 28, 17][7, 25, 11][14, 20, 24][12, 17][6, 16][15, 16][10, 15] 
[0, 22, 19, 12, 8, 26][14, 9, 1, 3, 23, 24][18, 13, 6, 5, 21][20, 4, 7, 28][10, 27, 2, 29][16, 28, 17][7, 25, 11][14, 20, 24][12, 17][6, 16][15, 16][10, 15] 
[0, 22, 19, 12, 8, 26][14, 9, 1, 3, 23, 24][18, 13, 6, 5, 21][20, 4, 7, 28][10, 27, 2, 29][16, 28, 17][7, 25, 11][12, 17][6, 16][20, 24][15, 16][10, 15] 
[0, 22, 19, 12, 8, 26][14, 9, 1, 3, 23, 24][18, 13, 6, 5, 21][20, 4, 7, 28][10, 27, 2, 29][16, 28, 17][7, 25, 11][12, 17][6, 16][20, 24][15, 16][10, 15] 
[0, 22, 19, 12, 8, 26][14, 9, 1, 3, 23, 24][18, 13, 6, 5, 21][20, 4, 7, 28][10, 27, 2, 29][16, 28, 17][7, 25, 11][12, 17][6, 16][20, 24][15, 16][10, 15] 
[0, 22, 19, 12, 8, 26][14, 9, 1, 3, 23, 24][18, 13, 6, 5, 21][20, 4, 7, 28][10, 27, 2, 29][16, 28, 17][7, 25, 11][12, 17][6, 16][20, 24][15, 16][10, 15] 
[0, 22, 19, 12, 8, 26][14, 9, 1, 3, 23, 24][18, 13, 6, 5, 21][20, 4, 7, 28][10, 27, 2, 29][16, 28, 17][7, 25, 11][12, 17][6, 16][20, 24][15, 16][10, 15] 
[0, 22, 19, 12, 8, 26][14, 9, 1, 3, 23, 24][18, 13, 6, 5, 21][20, 4, 7, 28][10, 27, 2, 29][16, 28, 17][7, 25, 11][12, 17][6, 16][20, 24][15, 16][10, 15] 
[0, 22, 19, 12, 8, 26][14, 9, 1, 3, 23, 24][18, 13, 6, 5, 21][20, 4, 7, 28][10, 27, 2, 29][16, 28, 17][7, 25, 11][12, 17][6, 16][20, 24][15, 16][10, 15] 
[0, 22, 19, 12, 8, 26][14, 9, 1, 3, 23, 24][18, 13, 6, 5, 21][20, 4, 7, 28][10, 27, 2, 29][16, 28, 17][7, 25, 11][12, 17][6, 16][20, 24][15, 16][10, 15] 
[0, 22, 19, 12, 8, 26][14, 9, 1, 3, 23, 24][18, 13, 6, 5, 21][20, 4, 7, 28][10, 27, 2, 29][16, 28, 17][7, 25, 11][12, 17][6, 16][20, 24][15, 16][10, 15] 
[0, 22, 19, 12, 8, 26][14, 9, 1, 3, 23, 24][18, 13, 6, 5, 21][20, 4, 7, 28][10, 27, 2, 29][16, 28, 17][7, 25, 11][12, 17][6, 16][20, 24][15, 16][10, 15] 
[0, 22, 19, 12, 8, 26][14, 9, 1, 3, 23, 24][15, 10, 27, 2, 29][18, 13, 6, 5, 21][16, 28, 17][7, 4, 20][7, 25, 11][15, 16][12, 17][0, 18][20, 24][7, 28] 
[0, 22, 19, 12, 8, 26][14, 9, 1, 3, 23, 24][15, 10, 27, 2, 29][18, 13, 6, 5, 21][16, 28, 17][7, 4, 20][7, 25, 11][15, 16][12, 17][0, 18][20, 24][7, 28] 
[0, 22, 19, 12, 8, 26][14, 9, 1, 3, 23, 24][15, 10, 27, 2, 29][18, 13, 6, 5, 21][16, 28, 17][7, 4, 20][7, 25, 11][15, 16][12, 17][0, 18][20, 24][7, 28] 
[0, 22, 19, 12, 8, 26][14, 9, 1, 3, 23, 24][15, 10, 27, 2, 29][18, 13, 6, 5, 21][16, 28, 17][7, 4, 20][7, 25, 11][15, 16][12, 17][0, 18][20, 24][7, 28] 
[0, 22, 19, 12, 8, 26][14, 9, 1, 3, 23, 24][15, 10, 27, 2, 29][18, 13, 6, 5, 21][16, 28, 17][7, 4, 20][7, 25, 11][15, 16][12, 17][0, 18][20, 24][7, 28] 
[14, 9, 1, 3, 23, 24, 20][0, 22, 19, 12, 8, 26][18, 13, 6, 5, 21][15, 10, 27, 2, 29][16, 28, 17][7, 25, 11][6, 16][15, 16][7, 28][12, 17][4, 20][4, 7] 
[0, 22, 19, 12, 8, 26][14, 9, 1, 3, 23, 24][18, 13, 6, 5, 21][20, 4, 7, 28][10, 27, 2, 29][16, 28, 17][7, 25, 11][12, 17][6, 16][20, 24][15, 16][10, 15] 
[0, 22, 19, 12, 8, 26][14, 9, 1, 3, 23, 24][18, 13, 6, 5, 21][20, 4, 7, 28][10, 27, 2, 29][16, 28, 17][7, 25, 11][12, 17][6, 16][20, 24][15, 16][10, 15] 
[0, 22, 19, 12, 8, 26][14, 9, 1, 3, 23, 24][18, 13, 6, 5, 21][20, 4, 7, 28][10, 27, 2, 29][16, 28, 17][7, 25, 11][12, 17][6, 16][20, 24][15, 16][10, 15] 
[0, 22, 19, 12, 8, 26][14, 9, 1, 3, 23, 24][18, 13, 6, 5, 21][20, 4, 7, 28][10, 27, 2, 29][16, 28, 17][7, 25, 11][12, 17][6, 16][20, 24][15, 16][10, 15] 
[0, 22, 19, 12, 8, 26][14, 9, 1, 3, 23, 24][18, 13, 6, 5, 21][20, 4, 7, 28][10, 27, 2, 29][16, 28, 17][7, 25, 11][12, 17][6, 16][20, 24][15, 16][10, 15] 
[0, 22, 19, 12, 8, 26][14, 9, 1, 3, 23, 24][15, 10, 27, 2, 29][18, 13, 6, 5, 21][16, 28, 17][7, 25, 11][7, 4, 20][15, 16][12, 17][7, 28][6, 16][20, 24] 
[0, 22, 19, 12, 8, 26][14, 9, 1, 3, 23, 24][18, 13, 6, 5, 21][20, 4, 7, 28][10, 27, 2, 29][16, 28, 17][7, 25, 11][12, 17][6, 16][20, 24][15, 16][10, 15] 
[0, 22, 19, 12, 8, 26][14, 9, 1, 3, 23, 24][15, 10, 27, 2, 29][18, 13, 6, 5, 21][16, 28, 17][7, 4, 20][7, 25, 11][15, 16][12, 17][0, 18][20, 24][7, 28] 
[0, 22, 19, 12, 8, 26][14, 9, 1, 3, 23, 24][15, 10, 27, 2, 29][18, 13, 6, 5, 21][16, 28, 17][7, 4, 20][7, 25, 11][15, 16][12, 17][0, 18][20, 24][7, 28] 
[0, 22, 19, 12, 8, 26][14, 9, 1, 3, 23, 24][15, 10, 27, 2, 29][18, 13, 6, 5, 21][16, 28, 17][7, 4, 20][7, 25, 11][15, 16][12, 17][0, 18][20, 24][7, 28] 
[0, 22, 19, 12, 8, 26][14, 9, 1, 3, 23, 24][15, 10, 27, 2, 29][18, 13, 6, 5, 21][16, 28, 17][7, 4, 20][7, 25, 11][15, 16][12, 17][0, 18][20, 24][7, 28] 
[14, 9, 1, 3, 23, 24][0, 22, 19, 12, 8, 26][15, 10, 27, 2, 29][18, 13, 6, 5, 21][16, 28, 17][7, 25, 11][7, 4, 20][15, 16][7, 28][20, 24][12, 17][0, 18] 
[0, 22, 19, 12, 8, 26][14, 9, 1, 3, 23, 24][15, 10, 27, 2, 29][18, 13, 6, 5, 21][16, 28, 17][7, 4, 20][7, 25, 11][15, 16][12, 17][0, 18][20, 24][7, 28] 
[14, 9, 1, 3, 23, 24][0, 22, 19, 12, 8, 26][15, 10, 27, 2, 29][18, 13, 6, 5, 21][16, 28, 17][7, 25, 11][7, 4, 20][15, 16][7, 28][20, 24][12, 17][0, 18] 
[0, 22, 19, 12, 8, 26][14, 9, 1, 3, 23, 24][15, 10, 27, 2, 29][18, 13, 6, 5, 21][16, 28, 17][7, 4, 20][7, 25, 11][15, 16][12, 17][0, 18][20, 24][7, 28] 
[0, 22, 19, 12, 8, 26][14, 9, 1, 3, 23, 24][15, 10, 27, 2, 29][18, 13, 6, 5, 21][16, 28, 17][7, 4, 20][7, 25, 11][15, 16][12, 17][0, 18][20, 24][7, 28] 
[0, 22, 19, 12, 8, 26][14, 9, 1, 3, 23, 24][15, 10, 27, 2, 29][18, 13, 6, 5, 21][16, 28, 17][7, 4, 20][7, 25, 11][15, 16][12, 17][0, 18][20, 24][7, 28] 
[0, 22, 19, 12, 8, 26][14, 9, 1, 3, 23, 24][15, 10, 27, 2, 29][18, 13, 6, 5, 21][16, 28, 17][7, 4, 20][7, 25, 11][15, 16][12, 17][0, 18][20, 24][7, 28] 
[14, 9, 1, 3, 23, 24][0, 22, 19, 12, 8, 26][15, 10, 27, 2, 29][18, 13, 6, 5, 21][16, 28, 17][7, 25, 11][7, 4, 20][15, 16][7, 28][20, 24][12, 17][0, 18] 
[0, 22, 19, 12, 8, 26][14, 9, 1, 3, 23, 24][15, 10, 27, 2, 29][18, 13, 6, 5, 21][16, 28, 17][7, 4, 20][7, 25, 11][15, 16][12, 17][0, 18][20, 24][7, 28] 
[14, 9, 1, 3, 23, 24][0, 22, 19, 12, 8, 26][15, 10, 27, 2, 29][18, 13, 6, 5, 21][16, 28, 17][7, 25, 11][7, 4, 20][15, 16][7, 28][20, 24][12, 17][0, 18] 
[0, 22, 19, 12, 8, 26][14, 9, 1, 3, 23, 24][15, 10, 27, 2, 29][18, 13, 6, 5, 21][16, 28, 17][7, 4, 20][7, 25, 11][15, 16][12, 17][0, 18][20, 24][7, 28] 
[14, 9, 1, 3, 23, 24, 20][0, 22, 19, 12, 8, 26][15, 10, 27, 2, 29][18, 13, 6, 5, 21][7, 4, 20][7, 25, 11][12, 17][16, 28][15, 16][7, 28][6, 16][17, 28] 
[14, 9, 1, 3, 23, 24, 20][0, 22, 19, 12, 8, 26][15, 10, 27, 2, 29][18, 13, 6, 5, 21][7, 4, 20][7, 25, 11][12, 17][16, 28][15, 16][7, 28][6, 16][17, 28] 
[14, 9, 1, 3, 23, 24, 20][0, 22, 19, 12, 8, 26][15, 10, 27, 2, 29][18, 13, 6, 5, 21][7, 4, 20][7, 25, 11][12, 17][16, 28][15, 16][7, 28][6, 16][17, 28] 
[14, 9, 1, 3, 23, 24, 20][0, 22, 19, 12, 8, 26][15, 10, 27, 2, 29][18, 13, 6, 5, 21][7, 4, 20][7, 25, 11][12, 17][16, 28][15, 16][7, 28][6, 16][17, 28] 
[14, 9, 1, 3, 23, 24, 20][0, 22, 19, 12, 8, 26][15, 10, 27, 2, 29][18, 13, 6, 5, 21][7, 4, 20][7, 25, 11][12, 17][16, 28][15, 16][7, 28][6, 16][17, 28] 
[21, 5, 15, 10, 27, 2, 29][14, 9, 1, 3, 23, 24][0, 22, 19, 12, 8, 26][16, 6, 13, 18][7, 4, 20][7, 25, 11][16, 28, 17][20, 24][7, 28][15, 16][10, 15][12, 17] 
[0, 22, 19, 12, 8, 26][14, 9, 1, 3, 23, 24][18, 13, 6, 5, 21][20, 4, 7, 28][10, 27, 2, 29][16, 28, 17][7, 25, 11][12, 17][6, 16][20, 24][15, 16][10, 15] 
[0, 22, 19, 12, 8, 26][14, 9, 1, 3, 23, 24][18, 13, 6, 5, 21][20, 4, 7, 28][10, 27, 2, 29][16, 28, 17][7, 25, 11][12, 17][6, 16][20, 24][15, 16][10, 15] 
[0, 22, 19, 12, 8, 26][14, 9, 1, 3, 23, 24][18, 13, 6, 5, 21][20, 4, 7, 28][10, 27, 2, 29][16, 28, 17][7, 25, 11][12, 17][6, 16][20, 24][15, 16][10, 15] 
[0, 22, 19, 12, 8, 26][14, 9, 1, 3, 23, 24][18, 13, 6, 5, 21][20, 4, 7, 28][10, 27, 2, 29][16, 28, 17][7, 25, 11][12, 17][6, 16][20, 24][15, 16][10, 15] 
[0, 22, 19, 12, 8, 26][14, 9, 1, 3, 23, 24][18, 13, 6, 5, 21][20, 4, 7, 28][10, 27, 2, 29][16, 28, 17][7, 25, 11][12, 17][6, 16][20, 24][15, 16][10, 15] 
[0, 22, 19, 12, 8, 26][14, 9, 1, 3, 23, 24][15, 10, 27, 2, 29][18, 13, 6, 5, 21][16, 28, 17][7, 4, 20][7, 25, 11][15, 16][12, 17][0, 18][20, 24][7, 28] 
[0, 22, 19, 12, 8, 26][14, 9, 1, 3, 23, 24][18, 13, 6, 5, 21][20, 4, 7, 28][10, 27, 2, 29][16, 28, 17][7, 25, 11][14, 20, 24][12, 17][6, 16][15, 16][10, 15] 
