[3, 1, 24, 23, 9, 14, 11][2, 10, 15, 5, 21][22, 0, 12, 8, 26][6, 13, 18, 19, 17][4, 20, 7, 16][25, 7, 27][2, 29][27, 29][25, 28][20, 23][0, 28][12, 18] 
[3, 1, 24, 23, 9, 14, 11][2, 10, 15, 5, 21][22, 0, 12, 8, 26][6, 13, 18, 19, 17][4, 20, 7, 16][25, 7, 27][2, 29][27, 29][20, 23][25, 28][0, 28][12, 18] 
[3, 1, 24, 23, 9, 14, 11][22, 0, 12, 8, 26][6, 13, 18, 19, 17][2, 10, 15, 5, 21][4, 20, 7, 16][25, 7, 27][25, 28][12, 18][27, 29][20, 23][2, 29][0, 28] 
[3, 1, 24, 23, 9, 14, 11][22, 0, 12, 8, 26][6, 13, 18, 19, 17][2, 10, 15, 5, 21][4, 20, 7, 16][25, 7, 27][25, 28][12, 18][27, 29][20, 23][2, 29][0, 28] 
[3, 1, 24, 23, 9, 14, 11][6, 13, 18, 19, 17][2, 10, 15, 5, 21][4, 20, 7, 16][8, 12, 0, 22][25, 7, 27][26, 0, 28][12, 18][27, 29][2, 29][20, 23][25, 28] 
[3, 1, 24, 23, 9, 14, 11][2, 10, 15, 5, 21][6, 13, 18, 19, 17][4, 20, 7, 16][8, 12, 0, 22][25, 7, 27][26, 0, 28][2, 29][27, 29][25, 28][12, 18][20, 23] 
[3, 1, 24, 23, 9, 14, 11][6, 13, 18, 19, 17][2, 10, 15, 5, 21][4, 20, 7, 16][8, 12, 0, 22][25, 7, 27][26, 0, 28][12, 18][27, 29][2, 29][20, 23][25, 28] 
[3, 1, 24, 23, 9, 14, 11][2, 10, 15, 5, 21][6, 13, 18, 19, 17][4, 20, 7, 16][8, 12, 0, 22][25, 7, 27][26, 0, 28][2, 29][27, 29][25, 28][12, 18][20, 23] 
[3, 1, 24, 23, 9, 14, 11][2, 10, 15, 5, 21][6, 13, 18, 19, 17][4, 20, 7, 16][8, 12, 0, 22][25, 7, 27][26, 0, 28][2, 29][27, 29][25, 28][12, 18][20, 23] 
[3, 1, 24, 23, 9, 14, 11][2, 10, 15, 5, 21][6, 13, 18, 19, 17][4, 20, 7, 16][8, 12, 0, 22][25, 7, 27][26, 0, 28][2, 29][27, 29][20, 23][25, 28][12, 18] 
[3, 1, 24, 23, 9, 14, 11][22, 0, 12, 8, 26][6, 13, 18, 19, 17][2, 10, 15, 5, 21][4, 20, 7, 16][25, 7, 27][25, 28][12, 18][27, 29][20, 23][2, 29][0, 28] 
[3, 1, 24, 23, 9, 14, 11][2, 10, 15, 5, 21][22, 0, 12, 8, 26][6, 13, 18, 19, 17][4, 20, 7, 16][25, 7, 27][2, 29][27, 29][20, 23][25, 28][0, 28][12, 18] 
[3, 1, 24, 23, 9, 14, 11][22, 0, 12, 8, 26][6, 13, 18, 19, 17][2, 10, 15, 5, 21][4, 20, 7, 16][25, 7, 27][25, 28][12, 18][27, 29][20, 23][2, 29][0, 28] 
[3, 1, 24, 23, 9, 14, 11][2, 10, 15, 5, 21][6, 13, 18, 19, 17][4, 20, 7, 16][8, 12, 0, 22][25, 7, 27][26, 0, 28][2, 29][27, 29][25, 28][12, 18][20, 23] 
[3, 1, 24, 23, 9, 14, 11][2, 10, 15, 5, 21][6, 13, 18, 19, 17][4, 20, 7, 16][8, 12, 0, 22][25, 7, 27][26, 0, 28][2, 29][27, 29][20, 23][25, 28][12, 18] 
[3, 1, 24, 23, 9, 14, 11][2, 10, 15, 5, 21][6, 13, 18, 19, 17][4, 20, 7, 16][8, 12, 0, 22][25, 7, 27][26, 0, 28][2, 29][27, 29][25, 28][12, 18][20, 23] 
[3, 1, 24, 23, 9, 14, 11][6, 13, 18, 19, 17][22, 0, 12, 8, 26][2, 10, 15, 5, 21][4, 20, 7, 16][25, 7, 27][12, 18][0, 28][25, 28][20, 23][27, 29][2, 29] 
[3, 1, 24, 23, 9, 14, 11][22, 0, 12, 8, 26][6, 13, 18, 19, 17][2, 10, 15, 5, 21][4, 20, 7, 16][25, 7, 27][25, 28][12, 18][27, 29][20, 23][2, 29][0, 28] 
[3, 1, 24, 23, 9, 14, 11][2, 10, 15, 5, 21][6, 13, 18, 19, 17][4, 20, 7, 16][8, 12, 0, 22][25, 7, 27][26, 0, 28][2, 29][27, 29][20, 23][25, 28][12, 18] 
[3, 1, 24, 23, 9, 14, 11][22, 0, 12, 8, 26][6, 13, 18, 19, 17][2, 10, 15, 5, 21][4, 20, 7, 16][25, 7, 27][25, 28][12, 18][27, 29][20, 23][2, 29][0, 28] 
[3, 1, 24, 23, 9, 14, 11][2, 10, 15, 5, 21][22, 0, 12, 8, 26][6, 13, 18, 19, 17][4, 20, 7, 16][25, 7, 27][2, 29][27, 29][25, 28][20, 23][0, 28][12, 18] 
[3, 1, 24, 23, 9, 14, 11][22, 0, 12, 8, 26][6, 13, 18, 19, 17][2, 10, 15, 5, 21][4, 20, 7, 16][25, 7, 27][25, 28][12, 18][27, 29][20, 23][2, 29][0, 28] 
[3, 1, 24, 23, 9, 14, 11][22, 0, 12, 8, 26][6, 13, 18, 19, 17][2, 10, 15, 5, 21][4, 20, 7, 16][25, 7, 27][25, 28][12, 18][27, 29][20, 23][2, 29][0, 28] 
[3, 1, 24, 23, 9, 14, 11][2, 10, 15, 5, 21][6, 13, 18, 19, 17][4, 20, 7, 16][8, 12, 0, 22][25, 7, 27][26, 0, 28][2, 29][27, 29][25, 28][12, 18][20, 23] 
[3, 1, 24, 23, 9, 14, 11][6, 13, 18, 19, 17][2, 10, 15, 5, 21][4, 20, 7, 16][8, 12, 0, 22][25, 7, 27][26, 0, 28][12, 18][27, 29][2, 29][20, 23][25, 28] 
[3, 1, 24, 23, 9, 14, 11][6, 13, 18, 19, 17][2, 10, 15, 5, 21][4, 20, 7, 16][8, 12, 0, 22][25, 7, 27][26, 0, 28][12, 18][27, 29][2, 29][20, 23][25, 28] 
[3, 1, 24, 23, 9, 14, 11][22, 0, 12, 8, 26][6, 13, 18, 19, 17][2, 10, 15, 5, 21][4, 20, 7, 16][25, 7, 27][25, 28][0, 28][20, 23][12, 18][27, 29][2, 29] 
[3, 1, 24, 23, 9, 14, 11][22, 0, 12, 8, 26][6, 13, 18, 19, 17][2, 10, 15, 5, 21][4, 20, 7, 16][25, 7, 27][25, 28][12, 18][27, 29][20, 23][2, 29][0, 28] 
[3, 1, 24, 23, 9, 14, 11][2, 10, 15, 5, 21][6, 13, 18, 19, 17][4, 20, 7, 16][8, 12, 0, 22][25, 7, 27][26, 0, 28][2, 29][27, 29][25, 28][12, 18][20, 23] 
[3, 1, 24, 23, 9, 14, 11][22, 0, 12, 8, 26][6, 13, 18, 19, 17][2, 10, 15, 5, 21][4, 20, 7, 16][25, 7, 27][25, 28][0, 28][20, 23][12, 18][27, 29][2, 29] 
[3, 1, 24, 23, 9, 14, 11][2, 10, 15, 5, 21][22, 0, 12, 8, 26][6, 13, 18, 19, 17][4, 20, 7, 16][25, 7, 27][2, 29][27, 29][20, 23][25, 28][0, 28][12, 18] 
[3, 1, 24, 23, 9, 14, 11][22, 0, 12, 8, 26][6, 13, 18, 19, 17][2, 10, 15, 5, 21][4, 20, 7, 16][25, 7, 27][25, 28][12, 18][27, 29][20, 23][2, 29][0, 28] 
[3, 1, 24, 23, 9, 14, 11][6, 13, 18, 19, 17][2, 10, 15, 5, 21][4, 20, 7, 16][8, 12, 0, 22][25, 7, 27][26, 0, 28][12, 18][27, 29][2, 29][20, 23][25, 28] 
[3, 1, 24, 23, 9, 14, 11][22, 0, 12, 8, 26][6, 13, 18, 19, 17][2, 10, 15, 5, 21][4, 20, 7, 16][25, 7, 27][25, 28][12, 18][27, 29][20, 23][2, 29][0, 28] 
[3, 1, 24, 23, 9, 14, 11][22, 0, 12, 8, 26][6, 13, 18, 19, 17][2, 10, 15, 5, 21][4, 20, 7, 16][25, 7, 27][25, 28][12, 18][27, 29][20, 23][2, 29][0, 28] 
[24, 3, 14, 7, 2, 6, 21, 5, 15, 10, 29, 27][11, 17, 28, 16, 2, 21, 10, 6, 5, 15, 29, 27][13, 18, 19, 22, 0, 26, 8, 12, 17][4, 3, 1, 9, 23, 20][2, 10][27, 29][16, 28][9, 23][0, 26][0, 25][2, 7][5, 15] 
[24, 3, 14, 7, 2, 6, 21, 5, 15, 10, 29, 27][11, 17, 28, 16, 2, 21, 10, 6, 5, 15, 29][13, 18, 19, 22, 0, 26, 8, 12, 17][4, 3, 1, 9, 23, 20][2, 10][27, 29][16, 28][9, 23][0, 26][0, 25][2, 7][5, 15] 
[14, 7, 2, 6, 21, 5, 15, 10, 29, 27][11, 17, 28, 16, 2, 21, 10, 6, 15][2, 7, 24, 4, 3, 1, 9, 23, 20][13, 18, 19, 22, 0, 26, 8, 12, 17][2, 10][27, 29][16, 28][9, 23][0, 26][0, 25][2, 7][5, 15] 
[14, 7, 2, 6, 21, 5, 15, 10, 29, 27][12, 8, 26, 0, 22, 19, 18, 13][7, 24, 4, 3, 1, 9, 23, 20][2, 16, 28, 17, 11, 25][0, 26][0, 25][2, 7][16, 28][2, 7][0, 26][9, 23][5, 15] 
[14, 7, 2, 6, 21, 5, 15, 10, 29, 27][12, 8, 26, 0, 22, 19, 18, 13][7, 24, 4, 3, 1, 9, 23, 20][2, 16, 28, 17, 11, 25][0, 26][0, 25][2, 7][16, 28][2, 7][0, 26][9, 23][5, 15] 
[24, 3, 14, 7, 2, 6, 21, 5, 15, 10, 29][13, 18, 19, 22, 0, 26, 8, 12, 17][4, 3, 1, 9, 23, 20][2, 16, 28, 17, 11][0, 25][0, 26][27, 29][0, 26][0, 26][2, 7][0, 26][16, 28] 
[14, 7, 2, 6, 21, 5, 15, 10, 29, 27][2, 7, 24, 4, 3, 1, 9, 23, 20][13, 18, 19, 22, 0, 26, 8, 12, 17][7, 10, 21, 2, 16, 28, 17, 11][2, 10][27, 29][16, 28][9, 23][0, 26][0, 25][2, 7][5, 15] 
[14, 7, 2, 6, 21, 5, 15, 10, 29, 27][11, 17, 28, 16, 2, 21, 10, 6, 15][2, 7, 24, 4, 3, 1, 9, 23, 20][13, 18, 19, 22, 0, 26, 8, 12, 17][2, 10][27, 29][16, 28][9, 23][0, 26][0, 25][2, 7][5, 15] 
[14, 7, 2, 6, 21, 5, 15, 10, 29, 27][12, 8, 26, 0, 22, 19, 18, 13][7, 24, 4, 3, 1, 9, 23, 20][2, 16, 28, 17, 11, 25][0, 26][0, 25][2, 7][16, 28][2, 7][0, 26][9, 23][5, 15] 
[24, 3, 14, 7, 2, 6, 21, 5, 15, 10, 29, 27][11, 17, 28, 16, 2, 21, 10, 6, 5, 15, 29, 27][13, 18, 19, 22, 0, 26, 8, 12, 17][4, 3, 1, 9, 23, 20][2, 10][27, 29][16, 28][9, 23][0, 26][0, 25][2, 7][5, 15] 
[14, 7, 2, 6, 21, 5, 15, 10, 29, 27][2, 7, 24, 4, 3, 1, 9, 23, 20][13, 18, 19, 22, 0, 26, 8, 12, 17][7, 10, 21, 2, 16, 28, 17, 11][2, 10][27, 29][16, 28][9, 23][0, 26][0, 25][2, 7][5, 15] 
[11, 17, 28, 16, 2, 21, 10, 7, 4, 20, 24][14, 7, 2, 6, 21, 5, 15, 10, 29, 27][2, 7, 24, 4, 3, 1, 9, 23, 20][13, 18, 19, 22, 0, 26, 8, 12, 17][2, 10][27, 29][16, 28][9, 23][0, 26][0, 25][2, 7][5, 15] 
[14, 7, 2, 6, 21, 5, 15, 10, 29, 27][12, 8, 26, 0, 22, 19, 18, 13][7, 24, 4, 3, 1, 9, 23, 20][2, 16, 28, 17, 11, 25][0, 26][0, 25][2, 7][16, 28][2, 7][0, 26][9, 23][5, 15] 
[14, 7, 2, 6, 21, 5, 15, 10, 29, 27][2, 7, 24, 4, 3, 1, 9, 23, 20][13, 18, 19, 22, 0, 26, 8, 12, 17][7, 10, 21, 2, 16, 28, 17, 11][2, 10][27, 29][16, 28][9, 23][0, 26][0, 25][2, 7][5, 15] 
[14, 7, 2, 6, 21, 5, 15, 10, 29, 27][2, 7, 24, 4, 3, 1, 9, 23, 20][13, 18, 19, 22, 0, 26, 8, 12, 17][7, 10, 21, 2, 16, 28, 17, 11][2, 10][27, 29][16, 28][9, 23][0, 26][0, 25][2, 7][5, 15] 
[23, 4, 20, 24, 3, 14, 7, 2, 6, 21, 5, 15, 10, 29, 27][11, 17, 28, 16, 2, 21, 10, 6, 5, 15, 29][13, 18, 19, 22, 0, 26, 8, 12, 17][4, 3, 1, 9, 23, 20][2, 10][27, 29][16, 28][9, 23][0, 26][0, 25][2, 7][5, 15] 
[24, 3, 14, 7, 2, 6, 21, 5, 15, 10, 29, 27][11, 17, 28, 16, 2, 21, 10, 6, 5, 15, 29][13, 18, 19, 22, 0, 26, 8, 12, 17][4, 3, 1, 9, 23, 20][2, 10][27, 29][16, 28][9, 23][0, 26][0, 25][2, 7][5, 15] 
[14, 7, 2, 6, 21, 5, 15, 10, 29, 27][2, 7, 24, 4, 3, 1, 9, 23, 20][13, 18, 19, 22, 0, 26, 8, 12, 17][10, 21, 2, 16, 28, 17, 11][0, 26, 8, 12][2, 10][27, 29][16, 28][9, 23][0, 25][2, 7][5, 15] 
[11, 17, 28, 16, 2, 21, 10, 7, 25, 0, 22, 12][14, 7, 2, 6, 21, 5, 15, 10, 29, 27][7, 24, 4, 3, 1, 9, 23, 20][8, 26, 0, 22, 19, 18, 13][2, 10][27, 29][16, 28][9, 23][0, 26][0, 25][2, 7][5, 15] 
[11, 17, 28, 16, 2, 21, 10, 7, 4, 20, 24][14, 7, 2, 6, 21, 5, 15, 10, 29, 27][2, 7, 24, 4, 3, 1, 9, 23, 20][13, 18, 19, 22, 0, 26, 8, 12, 17][2, 10][27, 29][16, 28][9, 23][0, 26][0, 25][2, 7][5, 15] 
[23, 4, 20, 24, 3, 14, 7, 2, 6, 21, 5, 15, 10, 29, 27][11, 17, 28, 16, 2, 21, 10, 6, 5, 15, 29, 27][13, 18, 19, 22, 0, 26, 8, 12, 17][4, 3, 1, 9, 23, 20][2, 10][27, 29][16, 28][9, 23][0, 26][0, 25][2, 7][5, 15] 
[3, 1, 24, 23, 9, 14, 11][2, 10, 15, 5, 21][6, 13, 18, 19, 17][4, 20, 7, 16][8, 12, 0, 22][25, 7, 27][26, 0, 28][2, 29][27, 29][20, 23][25, 28][12, 18] 
[3, 1, 24, 23, 9, 14, 11][2, 10, 15, 5, 21][6, 13, 18, 19, 17][4, 20, 7, 16][8, 12, 0, 22][25, 7, 27][26, 0, 28][2, 29][27, 29][20, 23][25, 28][12, 18] 
[3, 1, 24, 23, 9, 14, 11][2, 10, 15, 5, 21][6, 13, 18, 19, 17][4, 20, 7, 16][8, 12, 0, 22][25, 7, 27][26, 0, 28][2, 29][27, 29][20, 23][25, 28][12, 18] 
[3, 1, 24, 23, 9, 14, 11][6, 13, 18, 19, 17][2, 10, 15, 5, 21][4, 20, 7, 16][8, 12, 0, 22][25, 7, 27][26, 0, 28][12, 18][27, 29][2, 29][20, 23][25, 28] 
[3, 1, 24, 23, 9, 14, 11][6, 13, 18, 19, 17][2, 10, 15, 5, 21][4, 20, 7, 16][8, 12, 0, 22][25, 7, 27][26, 0, 28][12, 18][27, 29][2, 29][20, 23][25, 28] 
[3, 1, 24, 23, 9, 14, 11][6, 13, 18, 19, 17][2, 10, 15, 5, 21][4, 20, 7, 16][8, 12, 0, 22][25, 7, 27][26, 0, 28][12, 18][27, 29][2, 29][20, 23][25, 28] 
[3, 1, 24, 23, 9, 14, 11][2, 10, 15, 5, 21][6, 13, 18, 19, 17][4, 20, 7, 16][8, 12, 0, 22][25, 7, 27][26, 0, 28][2, 29][27, 29][20, 23][25, 28][12, 18] 
[3, 1, 24, 23, 9, 14, 11][2, 10, 15, 5, 21][6, 13, 18, 19, 17][4, 20, 7, 16][8, 12, 0, 22][25, 7, 27][26, 0, 28][2, 29][27, 29][25, 28][12, 18][20, 23] 
[3, 1, 24, 23, 9, 14, 11][2, 10, 15, 5, 21][6, 13, 18, 19, 17][4, 20, 7, 16][8, 12, 0, 22][25, 7, 27][26, 0, 28][2, 29][27, 29][25, 28][12, 18][20, 23] 
[3, 1, 24, 23, 9, 14, 11][6, 13, 18, 19, 17][2, 10, 15, 5, 21][4, 20, 7, 16][8, 12, 0, 22][25, 7, 27][26, 0, 28][12, 18][27, 29][2, 29][20, 23][25, 28] 
[3, 1, 24, 23, 9, 14, 11][2, 10, 15, 5, 21][6, 13, 18, 19, 17][4, 20, 7, 16][8, 12, 0, 22][25, 7, 27][26, 0, 28][2, 29][27, 29][20, 23][25, 28][12, 18] 
[3, 1, 24, 23, 9, 14, 11][2, 10, 15, 5, 21][6, 13, 18, 19, 17][4, 20, 7, 16][8, 12, 0, 22][25, 7, 27][26, 0, 28][2, 29][27, 29][20, 23][25, 28][12, 18] 
[3, 1, 24, 23, 9, 14, 11][2, 10, 15, 5, 21][6, 13, 18, 19, 17][4, 20, 7, 16][8, 12, 0, 22][25, 7, 27][26, 0, 28][2, 29][27, 29][25, 28][12, 18][20, 23] 
[3, 1, 24, 23, 9, 14, 11][6, 13, 18, 19, 17][2, 10, 15, 5, 21][4, 20, 7, 16][8, 12, 0, 22][25, 7, 27][26, 0, 28][12, 18][27, 29][2, 29][20, 23][25, 28] 
[3, 1, 24, 23, 9, 14, 11][2, 10, 15, 5, 21][6, 13, 18, 19, 17][4, 20, 7, 16][8, 12, 0, 22][25, 7, 27][26, 0, 28][2, 29][27, 29][20, 23][25, 28][12, 18] 
[3, 1, 24, 23, 9, 14, 11][22, 0, 12, 8, 26][6, 13, 18, 19, 17][2, 10, 15, 5, 21][4, 20, 7, 16][25, 7, 27][0, 28][12, 18][25, 28][20, 23][27, 29][2, 29] 
[3, 1, 24, 23, 9, 14, 11][22, 0, 12, 8, 26][6, 13, 18, 19, 17][2, 10, 15, 5, 21][4, 20, 7, 16][25, 7, 27][25, 28][12, 18][27, 29][20, 23][2, 29][0, 28] 
[3, 1, 24, 23, 9, 14, 11][22, 0, 12, 8, 26][6, 13, 18, 19, 17][2, 10, 15, 5, 21][4, 20, 7, 16][25, 7, 27][25, 28][12, 18][27, 29][20, 23][2, 29][0, 28] 
[3, 1, 24, 23, 9, 14, 11][22, 0, 12, 8, 26][6, 13, 18, 19, 17][2, 10, 15, 5, 21][4, 20, 7, 16][25, 7, 27][25, 28][12, 18][27, 29][20, 23][2, 29][0, 28] 
[3, 1, 24, 23, 9, 14, 11][22, 0, 12, 8, 26][6, 13, 18, 19, 17][2, 10, 15, 5, 21][4, 20, 7, 16][25, 7, 27][25, 28][12, 18][27, 29][20, 23][2, 29][0, 28] 
[3, 1, 24, 23, 9, 14, 11][2, 10, 15, 5, 21][6, 13, 18, 19, 17][25, 28, 0, 26][4, 20, 7, 16][8, 12, 0, 22][2, 29][27, 29][7, 25][20, 23][12, 18][7, 27] 
[3, 1, 24, 23, 9, 14, 11][6, 13, 18, 19, 17][2, 10, 15, 5, 21][4, 20, 7, 16][8, 12, 0, 22][25, 7, 27][26, 0, 28][12, 18][27, 29][2, 29][20, 23][25, 28] 
[3, 1, 24, 23, 9, 14, 11][2, 10, 15, 5, 21][6, 13, 18, 19, 17][4, 20, 7, 16][8, 12, 0, 22][25, 7, 27][26, 0, 28][2, 29][27, 29][20, 23][25, 28][12, 18] 
[3, 1, 24, 23, 9, 14, 11][6, 13, 18, 19, 17][2, 10, 15, 5, 21][4, 20, 7, 16][8, 12, 0, 22][25, 7, 27][26, 0, 28][12, 18][27, 29][2, 29][20, 23][25, 28] 
[3, 1, 24, 23, 9, 14, 11][6, 13, 18, 19, 17][2, 10, 15, 5, 21][4, 20, 7, 16][8, 12, 0, 22][25, 7, 27][26, 0, 28][12, 18][27, 29][2, 29][20, 23][25, 28] 
[3, 1, 24, 23, 9, 14, 11][2, 10, 15, 5, 21][6, 13, 18, 19, 17][4, 20, 7, 16][8, 12, 0, 22][25, 7, 27][26, 0, 28][2, 29][27, 29][20, 23][25, 28][12, 18] 
[3, 1, 24, 23, 9, 14, 11][2, 10, 15, 5, 21][6, 13, 18, 19, 17][4, 20, 7, 16][8, 12, 0, 22][25, 7, 27][26, 0, 28][2, 29][27, 29][20, 23][25, 28][12, 18] 
[3, 1, 24, 23, 9, 14, 11][6, 13, 18, 19, 17][2, 10, 15, 5, 21][4, 20, 7, 16][8, 12, 0, 22][25, 7, 27][26, 0, 28][12, 18][27, 29][2, 29][20, 23][25, 28] 
[3, 1, 24, 23, 9, 14, 11][22, 0, 12, 8, 26][6, 13, 18, 19, 17][2, 10, 15, 5, 21][4, 20, 7, 16][25, 7, 27][25, 28][12, 18][27, 29][20, 23][2, 29][0, 28] 
[3, 1, 24, 23, 9, 14, 11][22, 0, 12, 8, 26][6, 13, 18, 19, 17][2, 10, 15, 5, 21][4, 20, 7, 16][25, 7, 27][25, 28][12, 18][27, 29][20, 23][2, 29][0, 28] 
[3, 1, 24, 23, 9, 14, 11][22, 0, 12, 8, 26][6, 13, 18, 19, 17][2, 10, 15, 5, 21][4, 20, 7, 16][25, 7, 27][25, 28][12, 18][27, 29][20, 23][2, 29][0, 28] 
[3, 1, 24, 23, 9, 14, 11][22, 0, 12, 8, 26][6, 13, 18, 19, 17][2, 10, 15, 5, 21][4, 20, 7, 16][25, 7, 27][0, 28][12, 18][25, 28][20, 23][27, 29][2, 29] 
[3, 1, 24, 23, 9, 14, 11][22, 0, 12, 8, 26][6, 13, 18, 19, 17][2, 10, 15, 5, 21][4, 20, 7, 16][25, 7, 27][0, 28][12, 18][25, 28][20, 23][27, 29][2, 29] 
[3, 1, 24, 23, 9, 14, 11][22, 0, 12, 8, 26][6, 13, 18, 19, 17][2, 10, 15, 5, 21][4, 20, 7, 16][25, 7, 27][0, 28][12, 18][25, 28][20, 23][27, 29][2, 29] 
[3, 1, 24, 23, 9, 14, 11][22, 0, 12, 8, 26][6, 13, 18, 19, 17][2, 10, 15, 5, 21][4, 20, 7, 16][25, 7, 27][25, 28][12, 18][27, 29][20, 23][2, 29][0, 28] 
[3, 1, 24, 23, 9, 14, 11][22, 0, 12, 8, 26][6, 13, 18, 19, 17][2, 10, 15, 5, 21][4, 20, 7, 16][25, 7, 27][25, 28][12, 18][27, 29][20, 23][2, 29][0, 28] 
[3, 1, 24, 23, 9, 14, 11][22, 0, 12, 8, 26][6, 13, 18, 19, 17][2, 10, 15, 5, 21][4, 20, 7, 16][25, 7, 27][25, 28][12, 18][27, 29][20, 23][2, 29][0, 28] 
[3, 1, 24, 23, 9, 14, 11][22, 0, 12, 8, 26][6, 13, 18, 19, 17][2, 10, 15, 5, 21][4, 20, 7, 16][25, 7, 27][25, 28][12, 18][27, 29][20, 23][2, 29][0, 28] 
[3, 1, 24, 23, 9, 14, 11][22, 0, 12, 8, 26][6, 13, 18, 19, 17][2, 10, 15, 5, 21][4, 20, 7, 16][25, 7, 27][25, 28][12, 18][27, 29][20, 23][2, 29][0, 28] 
[3, 1, 24, 23, 9, 14, 11][22, 0, 12, 8, 26][6, 13, 18, 19, 17][2, 10, 15, 5, 21][4, 20, 7, 16][25, 7, 27][25, 28][12, 18][27, 29][20, 23][2, 29][0, 28] 
[3, 1, 24, 23, 9, 14, 11][22, 0, 12, 8, 26][6, 13, 18, 19, 17][2, 10, 15, 5, 21][4, 20, 7, 16][25, 7, 27][25, 28][12, 18][27, 29][20, 23][2, 29][0, 28] 
[3, 1, 24, 23, 9, 14, 11][22, 0, 12, 8, 26][6, 13, 18, 19, 17][2, 10, 15, 5, 21][4, 20, 7, 16][25, 7, 27][25, 28][12, 18][27, 29][20, 23][2, 29][0, 28] 
[3, 1, 24, 23, 9, 14, 11][22, 0, 12, 8, 26][6, 13, 18, 19, 17][2, 10, 15, 5, 21][4, 20, 7, 16][25, 7, 27][25, 28][12, 18][27, 29][20, 23][2, 29][0, 28] 
[3, 1, 24, 23, 9, 14, 11][2, 10, 15, 5, 21][6, 13, 18, 19, 17][4, 20, 7, 16][25, 28, 0, 26][8, 12, 0, 22][25, 7, 27][2, 29][27, 29][12, 18][20, 23][11, 14] 
[3, 1, 24, 23, 9, 14, 11][6, 13, 18, 19, 17][2, 10, 15, 5, 21][25, 28, 0, 26][4, 20, 7, 16][8, 12, 0, 22][25, 7, 27][27, 29][12, 18][20, 23][2, 29][0, 28] 
[3, 1, 24, 23, 9, 14, 11][2, 10, 15, 5, 21][6, 13, 18, 19, 17][4, 20, 7, 16][25, 28, 0, 26][8, 12, 0, 22][25, 7, 27][2, 29][27, 29][12, 18][20, 23][11, 14] 
[3, 1, 24, 23, 9, 14, 11][6, 13, 18, 19, 17][2, 10, 15, 5, 21][25, 28, 0, 26][4, 20, 7, 16][8, 12, 0, 22][25, 7, 27][27, 29][12, 18][20, 23][2, 29][0, 28] 
[3, 1, 24, 23, 9, 14, 11][6, 13, 18, 19, 17][2, 10, 15, 5, 21][25, 28, 0, 26][4, 20, 7, 16][8, 12, 0, 22][25, 7, 27][12, 18, 19][27, 29][20, 23][2, 29][0, 28] 
[3, 1, 24, 23, 9, 14, 11][6, 13, 18, 19, 17][2, 10, 15, 5, 21][25, 28, 0, 26][4, 20, 7, 16][8, 12, 0, 22][25, 7, 27][27, 29][12, 18][20, 23][2, 29][0, 28] 
[3, 1, 24, 23, 9, 14, 11][2, 10, 15, 5, 21][6, 13, 18, 19, 17][4, 20, 7, 16][8, 12, 0, 22][25, 7, 27][26, 0, 28][2, 29][27, 29][20, 23][25, 28][12, 18] 
[3, 1, 24, 23, 9, 14, 11][2, 10, 15, 5, 21][6, 13, 18, 19, 17][4, 20, 7, 16][8, 12, 0, 22][25, 7, 27][26, 0, 28][2, 29][27, 29][20, 23][25, 28][12, 18] 
[3, 1, 24, 23, 9, 14, 11][2, 10, 15, 5, 21][6, 13, 18, 19, 17][4, 20, 7, 16][8, 12, 0, 22][25, 7, 27][26, 0, 28][2, 29][27, 29][25, 28][12, 18][20, 23] 
[3, 1, 24, 23, 9, 14, 11][2, 10, 15, 5, 21][6, 13, 18, 19, 17][4, 20, 7, 16][8, 12, 0, 22][25, 7, 27][26, 0, 28][2, 29][27, 29][20, 23][25, 28][12, 18] 
[3, 1, 24, 23, 9, 14, 11][2, 10, 15, 5, 21][6, 13, 18, 19, 17][4, 20, 7, 16][8, 12, 0, 22][25, 7, 27][26, 0, 28][2, 29][27, 29][25, 28][12, 18][20, 23] 
[3, 1, 24, 23, 9, 14, 11][22, 0, 12, 8, 26][6, 13, 18, 19, 17][2, 10, 15, 5, 21][4, 20, 7, 16][25, 7, 27][25, 28][12, 18][27, 29][20, 23][2, 29][0, 28] 
[3, 1, 24, 23, 9, 14, 11][6, 13, 18, 19, 17][2, 10, 15, 5, 21][4, 20, 7, 16][8, 12, 0, 22][25, 7, 27][26, 0, 28][12, 18][27, 29][2, 29][20, 23][25, 28] 
