[1, 9, 3, 24, 14, 23, 20][11, 17, 22, 25, 28, 16][0, 26, 8, 19][2, 29, 27, 10][15, 5, 6, 21][12, 18, 13][4, 7, 28][18, 22][7, 14][7, 27][6, 10][12, 19] 
[1, 9, 3, 24, 14, 23, 20][11, 17, 22, 25, 28, 16][2, 29, 27, 10][15, 5, 6, 21][13, 18, 12, 19][4, 7, 27][0, 26, 8][7, 14][6, 10][7, 28][18, 22][8, 12] 
[1, 9, 3, 24, 14, 23, 20][11, 17, 22, 25, 28, 16][2, 29, 27, 10][13, 18, 12, 19][15, 5, 6, 21][4, 7, 28][0, 26, 8][7, 27][18, 22][8, 12][7, 14][6, 10] 
[1, 9, 3, 24, 14, 23, 20, 4][11, 17, 22, 25, 28, 16][13, 18, 12, 19][2, 29, 27, 10][15, 5, 6, 21][0, 26, 8][8, 12][18, 22][7, 28][7, 27][6, 10][7, 14] 
[1, 9, 3, 24, 14, 23, 20][11, 17, 22, 25, 28, 16][2, 29, 27, 10][0, 26, 8, 19][15, 5, 6, 21][4, 7, 27][12, 18, 13][7, 14][7, 28][18, 22][12, 19][6, 10] 
[1, 9, 3, 24, 14, 23, 20][11, 17, 22, 25, 28, 16][2, 29, 27, 10][15, 5, 6, 21][13, 18, 12, 19][4, 7, 27][0, 26, 8][7, 14][6, 10][7, 28][18, 22][8, 12] 
[1, 9, 3, 24, 14, 23, 20][11, 17, 22, 25, 28, 16][2, 29, 27, 10][15, 5, 6, 21][13, 18, 12, 19][4, 7, 27][0, 26, 8][7, 14][6, 10][7, 28][18, 22][8, 12] 
[1, 9, 3, 24, 14, 23, 20][11, 17, 22, 25, 28, 16][2, 29, 27, 10][15, 5, 6, 21][13, 18, 12, 19][4, 7, 27][0, 26, 8][7, 14][6, 10][7, 28][18, 22][8, 12] 
[1, 9, 3, 24, 14, 23, 20][11, 17, 22, 25, 28, 16][2, 29, 27, 10][15, 5, 6, 21][13, 18, 12, 19][4, 7, 27][0, 26, 8][7, 14][6, 10][7, 28][18, 22][8, 12] 
[1, 9, 3, 24, 14, 23, 20][11, 17, 22, 25, 28, 16][2, 29, 27, 10][15, 5, 6, 21][13, 18, 12, 19][4, 7, 27][0, 26, 8][7, 14][6, 10][7, 28][18, 22][8, 12] 
[1, 9, 3, 24, 14, 23, 20][11, 17, 22, 25, 28, 16][0, 26, 8, 19][2, 29, 27, 10][15, 5, 6, 21][12, 18, 13][4, 7, 28][18, 22][7, 14][7, 27][6, 10][12, 19] 
[1, 9, 3, 24, 14, 23, 20][11, 17, 22, 25, 28, 16][2, 29, 27, 10][15, 5, 6, 21][13, 18, 12, 19][4, 7, 27][0, 26, 8][7, 14][6, 10][7, 28][18, 22][8, 12] 
[1, 9, 3, 24, 14, 23, 20][11, 17, 22, 25, 28, 16][2, 29, 27, 10][13, 18, 12, 19][15, 5, 6, 21][4, 7, 28][0, 26, 8][7, 27][18, 22][8, 12][7, 14][6, 10] 
[1, 9, 3, 24, 14, 23, 20][11, 17, 22, 25, 28, 16][2, 29, 27, 10][0, 26, 8, 19][15, 5, 6, 21][4, 7, 27][12, 18, 13][7, 14][7, 28][18, 22][12, 19][6, 10] 
[1, 9, 3, 24, 14, 23, 20][11, 17, 22, 25, 28, 16][2, 29, 27, 10][15, 5, 6, 21][13, 18, 12, 19][4, 7, 27][0, 26, 8][7, 14][6, 10][7, 28][18, 22][8, 12] 
[1, 9, 3, 24, 14, 23, 20][11, 17, 22, 25, 28, 16][2, 29, 27, 10][15, 5, 6, 21][13, 18, 12, 19][4, 7, 27][0, 26, 8][7, 14][6, 10][7, 28][18, 22][8, 12] 
[1, 9, 3, 24, 14, 23, 20][11, 17, 22, 25, 28, 16][0, 26, 8, 19][2, 29, 27, 10][15, 5, 6, 21][12, 18, 13][4, 7, 28][18, 22][7, 14][7, 27][6, 10][12, 19] 
[1, 9, 3, 24, 14, 23, 20][11, 17, 22, 25, 28, 16][2, 29, 27, 10][13, 18, 12, 19][15, 5, 6, 21][4, 7, 28][0, 26, 8][7, 27][18, 22][8, 12][7, 14][6, 10] 
[1, 9, 3, 24, 14, 23, 20][11, 17, 22, 25, 28, 16][2, 29, 27, 10][0, 26, 8, 19][15, 5, 6, 21][4, 7, 27][12, 18, 13][7, 14][7, 28][18, 22][12, 19][6, 10] 
[1, 9, 3, 24, 14, 23, 20][11, 17, 22, 25, 28, 16][0, 26, 8, 19][2, 29, 27, 10][15, 5, 6, 21][12, 18, 13][4, 7, 28][18, 22][7, 14][7, 27][6, 10][12, 19] 
[1, 9, 3, 24, 14, 23, 20][11, 17, 22, 25, 28, 16][0, 26, 8, 19][2, 29, 27, 10][15, 5, 6, 21][12, 18, 13][4, 7, 28][18, 22][7, 14][7, 27][6, 10][12, 19] 
[1, 9, 3, 24, 14, 23, 20][11, 17, 22, 25, 28, 16][2, 29, 27, 10][15, 5, 6, 21][13, 18, 12, 19][4, 7, 27][0, 26, 8][7, 14][6, 10][7, 28][18, 22][8, 12] 
[1, 9, 3, 24, 14, 23, 20][11, 17, 22, 25, 28, 16][2, 29, 27, 10][13, 18, 12, 19][15, 5, 6, 21][4, 7, 28][0, 26, 8][7, 27][18, 22][8, 12][7, 14][6, 10] 
[1, 9, 3, 24, 14, 23, 20][11, 17, 22, 25, 28, 16][2, 29, 27, 10][0, 26, 8, 19][15, 5, 6, 21][4, 7, 27][12, 18, 13][7, 14][7, 28][18, 22][12, 19][6, 10] 
[1, 9, 3, 24, 14, 23, 20][11, 17, 22, 25, 28, 16][2, 29, 27, 10][15, 5, 6, 21][13, 18, 12, 19][4, 7, 27][0, 26, 8][7, 14][6, 10][7, 28][18, 22][8, 12] 
[1, 9, 3, 24, 14, 23, 20][11, 17, 22, 25, 28, 16][2, 29, 27, 10][15, 5, 6, 21][13, 18, 12, 19][4, 7, 27][0, 26, 8][7, 14][6, 10][7, 28][18, 22][8, 12] 
[1, 9, 3, 24, 14, 23, 20][11, 17, 22, 25, 28, 16][0, 26, 8, 19][2, 29, 27, 10][15, 5, 6, 21][12, 18, 13][4, 7, 28][18, 22][7, 14][7, 27][6, 10][12, 19] 
[1, 9, 3, 24, 14, 23, 20][11, 17, 22, 25, 28, 16][2, 29, 27, 10][13, 18, 12, 19][15, 5, 6, 21][4, 7, 28][0, 26, 8][7, 27][18, 22][8, 12][7, 14][6, 10] 
[1, 9, 3, 24, 14, 23, 20][11, 17, 22, 25, 28, 16][2, 29, 27, 10][0, 26, 8, 19][15, 5, 6, 21][4, 7, 27][12, 18, 13][7, 14][7, 28][18, 22][12, 19][6, 10] 
[1, 9, 3, 24, 14, 23, 20][11, 17, 22, 25, 28, 16][0, 26, 8, 19][2, 29, 27, 10][15, 5, 6, 21][12, 18, 13][4, 7, 28][18, 22][7, 14][7, 27][6, 10][12, 19] 
[1, 9, 3, 24, 14, 23, 20][11, 17, 22, 25, 28, 16][0, 26, 8, 19][2, 29, 27, 10][15, 5, 6, 21][12, 18, 13][4, 7, 28][18, 22][7, 14][7, 27][6, 10][12, 19] 
[1, 9, 3, 24, 14, 23, 20][11, 17, 22, 25, 28, 16][2, 29, 27, 10][15, 5, 6, 21][13, 18, 12, 19][4, 7, 27][0, 26, 8][7, 14][6, 10][7, 28][18, 22][8, 12] 
[1, 9, 3, 24, 14, 23, 20][11, 17, 22, 25, 28, 16][0, 26, 8, 19][2, 29, 27, 10][15, 5, 6, 21][12, 18, 13][4, 7, 27][12, 19][18, 22][7, 28][6, 10][7, 14] 
[1, 9, 3, 24, 14, 23, 20][11, 17, 22, 25, 28, 16][0, 26, 8, 19][2, 29, 27, 10][15, 5, 6, 21][12, 18, 13][4, 7, 28][18, 22][7, 14][7, 27][6, 10][12, 19] 
[1, 9, 3, 24, 14, 23, 20][11, 17, 22, 25, 28, 16][0, 26, 8, 19][2, 29, 27, 10][15, 5, 6, 21][12, 18, 13][4, 7, 28][18, 22][7, 14][7, 27][6, 10][12, 19] 
[26, 8, 12, 22, 19, 17, 0, 13, 6, 5, 21, 10, 29, 2, 27][18, 12, 22, 17, 11, 14, 7, 20, 24, 23][3, 4, 20, 24, 14, 11, 25, 7, 28][5, 15, 16][1, 9, 3][12, 22][10, 29][12, 22][5, 21][10, 29][10, 29][12, 22] 
[26, 8, 12, 22, 19, 17, 0, 13, 6, 5, 21, 10, 29, 2, 27][18, 12, 22, 17, 11, 14, 7, 20, 24, 23][3, 4, 20, 24, 14, 11, 25, 7, 28][5, 15, 16][1, 9, 3][12, 22][10, 29][12, 22][5, 21][10, 29][10, 29][12, 22] 
[26, 8, 12, 22, 19, 17, 0, 13, 6, 5, 21, 10, 29, 2, 27][18, 12, 22, 17, 11, 14, 7, 20, 24, 23][3, 4, 20, 24, 14, 11, 25, 7, 28][5, 15, 16][1, 9, 3][12, 22][10, 29][12, 22][5, 21][10, 29][10, 29][12, 22] 
[26, 8, 12, 22, 19, 17, 0, 13, 6, 5, 21, 10, 29, 2, 27][1, 9, 14, 3, 24, 23, 4, 20][14, 11, 25, 7, 28][11, 17, 22, 12, 18][5, 15, 16][12, 22][10, 29][12, 22][5, 21][10, 29][10, 29][12, 22] 
[26, 8, 12, 22, 19, 17, 0, 13, 6, 5, 21, 10, 29, 2, 27][1, 9, 14, 3, 24, 23, 4, 20][14, 11, 25, 7, 28][11, 17, 22, 12, 18][5, 15, 16][12, 22][10, 29][12, 22][5, 21][10, 29][10, 29][12, 22] 
[26, 8, 12, 22, 19, 17, 0, 13, 6, 5, 21, 10, 29, 2, 27][1, 9, 14, 3, 24, 23, 4, 20][14, 11, 25, 7, 28][11, 17, 22, 12, 18][5, 15, 16][12, 22][10, 29][12, 22][5, 21][10, 29][10, 29][12, 22] 
[26, 8, 12, 22, 19, 17, 0, 13, 6, 5, 21, 10, 29, 2, 27][23, 9, 3, 4, 20, 24, 14, 11, 25, 7, 28][8, 19, 0, 13, 18, 12, 22, 17, 11][5, 15, 16][12, 22][10, 29][1, 9][12, 22][5, 21][10, 29][10, 29][12, 22] 
[26, 8, 12, 22, 19, 17, 0, 13, 6, 5, 21, 10, 29, 2, 27][23, 9, 3, 4, 20, 24, 14, 11, 25, 7, 28][8, 19, 0, 13, 18, 12, 22, 17, 11][5, 15, 16][12, 22][10, 29][1, 9][12, 22][5, 21][10, 29][10, 29][12, 22] 
[26, 8, 12, 22, 19, 17, 0, 13, 6, 5, 21, 10, 29, 2, 27][1, 9, 14, 3, 24, 23, 4, 20][14, 11, 25, 7, 28][11, 17, 22, 12, 18][5, 15, 16][12, 22][10, 29][12, 22][5, 21][10, 29][10, 29][12, 22] 
[26, 8, 12, 22, 19, 17, 0, 13, 6, 5, 21, 10, 29, 2, 27][23, 9, 3, 4, 20, 24, 14, 11, 25, 7, 28][0, 13, 18, 12, 22, 17, 11][5, 15, 16][12, 22][10, 29][1, 9][12, 22][5, 21][10, 29][10, 29][12, 22] 
[26, 8, 12, 22, 19, 17, 0, 13, 6, 5, 21, 10, 29, 2, 27][23, 9, 3, 4, 20, 24, 14, 11, 25, 7, 28][11, 17, 22, 12, 18, 19, 8, 26][5, 15, 16][12, 22][10, 29][1, 9][12, 22][5, 21][10, 29][10, 29][12, 22] 
[26, 8, 12, 22, 19, 17, 0, 13, 6, 5, 21, 10, 29, 2, 27][23, 9, 3, 4, 20, 24, 14, 11, 25, 7, 28][0, 13, 18, 12, 22, 17, 11][5, 15, 16][12, 22][10, 29][1, 9][12, 22][5, 21][10, 29][10, 29][12, 22] 
[26, 8, 12, 22, 19, 17, 0, 13, 6, 5, 21, 10, 29, 2, 27][1, 9, 14, 3, 24, 23, 4, 20][14, 11, 25, 7, 28][11, 17, 22, 12, 18][5, 15, 16][12, 22][10, 29][12, 22][5, 21][10, 29][10, 29][12, 22] 
[26, 8, 12, 22, 19, 17, 0, 13, 6, 5, 21, 10, 29, 2, 27][18, 12, 22, 17, 11, 14, 7, 20, 24, 23][3, 4, 20, 24, 14, 11, 25, 7, 28][5, 15, 16][1, 9, 3][12, 22][10, 29][12, 22][5, 21][10, 29][10, 29][12, 22] 
[26, 8, 12, 22, 19, 17, 0, 13, 6, 5, 21, 10, 29, 2, 27][18, 12, 22, 17, 11, 14, 7, 20, 24, 23][3, 4, 20, 24, 14, 11, 25, 7, 28][5, 15, 16][1, 9, 3][12, 22][10, 29][12, 22][5, 21][10, 29][10, 29][12, 22] 
[26, 8, 12, 22, 19, 17, 0, 13, 6, 5, 21, 10, 29, 2, 27][23, 9, 3, 4, 20, 24, 14, 11, 25, 7, 28][8, 19, 0, 13, 18, 12, 22, 17, 11][1, 9, 14, 4, 20, 24][5, 15, 16][12, 22][10, 29][12, 22][5, 21][10, 29][10, 29][12, 22] 
[26, 8, 12, 22, 19, 17, 0, 13, 6, 5, 21, 10, 29, 2, 27][23, 9, 3, 4, 20, 24, 14, 11, 25, 7, 28][11, 17, 22, 12, 18, 13, 0, 19, 8, 26][5, 15, 16][12, 22][10, 29][1, 9][12, 22][5, 21][10, 29][10, 29][12, 22] 
[23, 9, 3, 4, 20, 24, 14, 11, 25, 7, 28][17, 0, 13, 6, 5, 21, 10, 29, 2, 27][11, 17, 22, 12, 18, 19, 8, 26][5, 15, 16][12, 22][10, 29][1, 9][12, 22][5, 21][10, 29][10, 29][12, 22] 
[26, 8, 12, 22, 19, 17, 0, 13, 6, 5, 21, 10, 29, 2, 27][23, 9, 3, 4, 20, 24, 14, 11, 25, 7, 28][11, 17, 22, 12, 18, 13, 0, 19][5, 15, 16][12, 22][10, 29][1, 9][12, 22][5, 21][10, 29][10, 29][12, 22] 
[23, 24, 20, 7, 14, 11, 17, 22, 12, 18, 13, 0, 19, 8, 26][26, 8, 12, 22, 19, 17, 0, 13, 6, 5, 21, 10, 29, 2, 27][23, 9, 3, 4, 20, 24, 14, 11, 25, 7, 28][5, 15, 16][1, 9, 3][12, 22][10, 29][12, 22][5, 21][10, 29][10, 29][12, 22] 
[7, 25, 28, 0, 26, 8, 19, 18, 12, 22, 17, 11][23, 9, 3, 4, 20, 24, 14, 11, 25, 7, 28][17, 0, 13, 6, 5, 21, 10, 29, 2, 27][5, 15, 16][12, 22][10, 29][1, 9][12, 22][5, 21][10, 29][10, 29][12, 22] 
[1, 9, 3, 24, 14, 23, 20][11, 17, 22, 25, 28, 16][2, 29, 27, 10][15, 5, 6, 21][13, 18, 12, 19][4, 7, 27][0, 26, 8][7, 14][6, 10][7, 28][18, 22][8, 12] 
[1, 9, 3, 24, 14, 23, 20][11, 17, 22, 25, 28, 16][2, 29, 27, 10][15, 5, 6, 21][13, 18, 12, 19][4, 7, 27][0, 26, 8][7, 14][6, 10][7, 28][18, 22][8, 12] 
[1, 9, 3, 24, 14, 23, 20][11, 17, 22, 25, 28, 16][2, 29, 27, 10][15, 5, 6, 21][13, 18, 12, 19][4, 7, 27][0, 26, 8][7, 14][6, 10][7, 28][18, 22][8, 12] 
[1, 9, 3, 24, 14, 23, 20][11, 17, 22, 25, 28, 16][2, 29, 27, 10][15, 5, 6, 21][13, 18, 12, 19][4, 7, 27][0, 26, 8][7, 14][6, 10][7, 28][18, 22][8, 12] 
[1, 9, 3, 24, 14, 23, 20][11, 17, 22, 25, 28, 16][2, 29, 27, 10][15, 5, 6, 21][13, 18, 12, 19][4, 7, 27][0, 26, 8][7, 14][6, 10][7, 28][18, 22][8, 12] 
[1, 9, 3, 24, 14, 23, 20][11, 17, 22, 25, 28, 16][2, 29, 27, 10][15, 5, 6, 21][13, 18, 12, 19][4, 7, 27][0, 26, 8][7, 14][6, 10][7, 28][18, 22][8, 12] 
[1, 9, 3, 24, 14, 23, 20][11, 17, 22, 25, 28, 16][2, 29, 27, 10][15, 5, 6, 21][13, 18, 12, 19][4, 7, 27][0, 26, 8][7, 14][6, 10][7, 28][18, 22][8, 12] 
[1, 9, 3, 24, 14, 23, 20][11, 17, 22, 25, 28, 16][2, 29, 27, 10][15, 5, 6, 21][13, 18, 12, 19][4, 7, 27][0, 26, 8][7, 14][6, 10][7, 28][18, 22][8, 12] 
[1, 9, 3, 24, 14, 23, 20][11, 17, 22, 25, 28, 16][2, 29, 27, 10][15, 5, 6, 21][13, 18, 12, 19][4, 7, 27][0, 26, 8][7, 14][6, 10][7, 28][18, 22][8, 12] 
[1, 9, 3, 24, 14, 23, 20][11, 17, 22, 25, 28, 16][2, 29, 27, 10][15, 5, 6, 21][13, 18, 12, 19][4, 7, 27][0, 26, 8][7, 14][6, 10][7, 28][18, 22][8, 12] 
[1, 9, 3, 24, 14, 23, 20][11, 17, 22, 25, 28, 16][2, 29, 27, 10][15, 5, 6, 21][13, 18, 12, 19][4, 7, 27][0, 26, 8][7, 14][6, 10][7, 28][18, 22][8, 12] 
[1, 9, 3, 24, 14, 23, 20][11, 17, 22, 25, 28, 16][2, 29, 27, 10][15, 5, 6, 21][13, 18, 12, 19][4, 7, 27][0, 26, 8][7, 14][6, 10][7, 28][18, 22][8, 12] 
[1, 9, 3, 24, 14, 23, 20][11, 17, 22, 25, 28, 16][2, 29, 27, 10][15, 5, 6, 21][13, 18, 12, 19][4, 7, 27][0, 26, 8][7, 14][6, 10][7, 28][18, 22][8, 12] 
[1, 9, 3, 24, 14, 23, 20][11, 17, 22, 25, 28, 16][2, 29, 27, 10][15, 5, 6, 21][13, 18, 12, 19][4, 7, 27][0, 26, 8][7, 14][6, 10][7, 28][18, 22][8, 12] 
[1, 9, 3, 24, 14, 23, 20][11, 17, 22, 25, 28, 16][2, 29, 27, 10][15, 5, 6, 21][13, 18, 12, 19][4, 7, 27][0, 26, 8][7, 14][6, 10][7, 28][18, 22][8, 12] 
[1, 9, 3, 24, 14, 23, 20][11, 17, 22, 25, 28, 16][0, 26, 8, 19][2, 29, 27, 10][15, 5, 6, 21][12, 18, 13][4, 7, 28][18, 22][7, 14][7, 27][6, 10][12, 19] 
[1, 9, 3, 24, 14, 23, 20][11, 17, 22, 25, 28, 16][0, 26, 8, 19][2, 29, 27, 10][15, 5, 6, 21][12, 18, 13][4, 7, 28][18, 22][7, 14][7, 27][6, 10][12, 19] 
[1, 9, 3, 24, 14, 23, 20][11, 17, 22, 25, 28, 16][0, 26, 8, 19][2, 29, 27, 10][15, 5, 6, 21][12, 18, 13][4, 7, 28][18, 22][7, 14][7, 27][6, 10][12, 19] 
[1, 9, 3, 24, 14, 23, 20][11, 17, 22, 25, 28, 16][0, 26, 8, 19][2, 29, 27, 10][15, 5, 6, 21][12, 18, 13][4, 7, 28][18, 22][7, 14][7, 27][6, 10][12, 19] 
[1, 9, 3, 24, 14, 23, 20][11, 17, 22, 25, 28, 16][0, 26, 8, 19][2, 29, 27, 10][15, 5, 6, 21][12, 18, 13][4, 7, 28][18, 22][7, 14][7, 27][6, 10][12, 19] 
[1, 9, 3, 24, 14, 23, 20][11, 17, 22, 25, 28, 16][0, 26, 8, 19, 12][2, 29, 27, 10][15, 5, 6, 21][4, 7, 27][7, 28][18, 22][12, 18][7, 14][6, 10][13, 18] 
[1, 9, 3, 24, 14, 23, 20][11, 17, 22, 25, 28, 16][2, 29, 27, 10][15, 5, 6, 21][13, 18, 12, 19][4, 7, 27][0, 26, 8][7, 14][6, 10][7, 28][18, 22][8, 12] 
[1, 9, 3, 24, 14, 23, 20][11, 17, 22, 25, 28, 16][2, 29, 27, 10][15, 5, 6, 21][13, 18, 12, 19][4, 7, 27][0, 26, 8][7, 14][6, 10][7, 28][18, 22][8, 12] 
[1, 9, 3, 24, 14, 23, 20][11, 17, 22, 25, 28, 16][2, 29, 27, 10][15, 5, 6, 21][13, 18, 12, 19][4, 7, 27][0, 26, 8][7, 14][6, 10][7, 28][18, 22][8, 12] 
[1, 9, 3, 24, 14, 23, 20][11, 17, 22, 25, 28, 16][2, 29, 27, 10][15, 5, 6, 21][13, 18, 12, 19][4, 7, 27][0, 26, 8][7, 14][6, 10][7, 28][18, 22][8, 12] 
[1, 9, 3, 24, 14, 23, 20][11, 17, 22, 25, 28, 16][2, 29, 27, 10][15, 5, 6, 21][13, 18, 12, 19][4, 7, 27][0, 26, 8][7, 14][6, 10][7, 28][18, 22][8, 12] 
[1, 9, 3, 24, 14, 23, 20][11, 17, 22, 25, 28, 16][0, 26, 8, 19][2, 29, 27, 10][15, 5, 6, 21][12, 18, 13][4, 7, 27][12, 19][18, 22][7, 28][6, 10][7, 14] 
[1, 9, 3, 24, 14, 23, 20][11, 17, 22, 25, 28, 16][2, 29, 27, 10][15, 5, 6, 21][13, 18, 12, 19][4, 7, 27][0, 26, 8][7, 14][6, 10][7, 28][18, 22][8, 12] 
[1, 9, 3, 24, 14, 23, 20][11, 17, 22, 25, 28, 16][0, 26, 8, 19][2, 29, 27, 10][15, 5, 6, 21][12, 18, 13][4, 7, 28][18, 22][7, 14][7, 27][6, 10][12, 19] 
[1, 9, 3, 24, 14, 23, 20][11, 17, 22, 25, 28, 16][2, 29, 27, 10][15, 5, 6, 21][0, 26, 8, 19][4, 7, 28][12, 18, 13][7, 27][7, 14][6, 10][18, 22][12, 19] 
[1, 9, 3, 24, 14, 23, 20][11, 17, 22, 25, 28, 16][2, 29, 27, 10][15, 5, 6, 21][0, 26, 8, 19][4, 7, 28][12, 18, 13][7, 27][7, 14][6, 10][18, 22][12, 19] 
[1, 9, 3, 24, 14, 23, 20][11, 17, 22, 25, 28, 16][0, 26, 8, 19][2, 29, 27, 10][15, 5, 6, 21][12, 18, 13][4, 7, 28][18, 22][7, 14][7, 27][6, 10][12, 19] 
[1, 9, 3, 24, 14, 23, 20][11, 17, 22, 25, 28, 16][0, 26, 8, 19][2, 29, 27, 10][15, 5, 6, 21][12, 18, 13][4, 7, 28][18, 22][7, 14][7, 27][6, 10][12, 19] 
[1, 9, 3, 24, 14, 23, 20][11, 17, 22, 25, 28, 16][0, 26, 8, 19][2, 29, 27, 10][15, 5, 6, 21][12, 18, 13][4, 7, 28][18, 22][7, 14][7, 27][6, 10][12, 19] 
[1, 9, 3, 24, 14, 23, 20][11, 17, 22, 25, 28, 16][0, 26, 8, 19][2, 29, 27, 10][15, 5, 6, 21][12, 18, 13][4, 7, 28][18, 22][7, 14][7, 27][6, 10][12, 19] 
[1, 9, 3, 24, 14, 23, 20][11, 17, 22, 25, 28, 16][0, 26, 8, 19][2, 29, 27, 10][15, 5, 6, 21][12, 18, 13][4, 7, 28][18, 22][7, 14][7, 27][6, 10][12, 19] 
[1, 9, 3, 24, 14, 23, 20][11, 17, 22, 25, 28, 16][0, 26, 8, 19][2, 29, 27, 10][15, 5, 6, 21][12, 18, 13][4, 7, 28][18, 22][7, 14][7, 27][6, 10][12, 19] 
[1, 9, 3, 24, 14, 23, 20][11, 17, 22, 25, 28, 16][0, 26, 8, 19][2, 29, 27, 10][15, 5, 6, 21][12, 18, 13][4, 7, 28][18, 22][7, 14][7, 27][6, 10][12, 19] 
[1, 9, 3, 24, 14, 23, 20][11, 17, 22, 25, 28, 16][0, 26, 8, 19][2, 29, 27, 10][15, 5, 6, 21][12, 18, 13][4, 7, 28][18, 22][7, 14][7, 27][6, 10][12, 19] 
[1, 9, 3, 24, 14, 23, 20][11, 17, 22, 25, 28, 16][0, 26, 8, 19][2, 29, 27, 10][15, 5, 6, 21][12, 18, 13][4, 7, 28][18, 22][7, 14][7, 27][6, 10][12, 19] 
[1, 9, 3, 24, 14, 23, 20][11, 17, 22, 25, 28, 16][0, 26, 8, 19][2, 29, 27, 10][15, 5, 6, 21][12, 18, 13][4, 7, 28][18, 22][7, 14][7, 27][6, 10][12, 19] 
[1, 9, 3, 24, 14, 23, 20][11, 17, 22, 25, 28, 16][0, 26, 8, 19][2, 29, 27, 10][15, 5, 6, 21][12, 18, 13][4, 7, 28][18, 22][7, 14][7, 27][6, 10][12, 19] 
[1, 9, 3, 24, 14, 23, 20][11, 17, 22, 25, 28, 16][0, 26, 8, 19][2, 29, 27, 10][15, 5, 6, 21][12, 18, 13][4, 7, 28][18, 22][7, 14][7, 27][6, 10][12, 19] 
[1, 9, 3, 24, 14, 23, 20][11, 17, 22, 25, 28, 16][0, 26, 8, 19, 12][2, 29, 27, 10][15, 5, 6, 21][12, 18, 13][4, 7, 27][18, 22][7, 28][7, 14][6, 10][13, 18] 
[1, 9, 3, 24, 14, 23, 20][11, 17, 22, 25, 28, 16][0, 26, 8, 19, 12][2, 29, 27, 10][15, 5, 6, 21][12, 18, 13][4, 7, 27][18, 22][7, 28][7, 14][6, 10][0, 26] 
[1, 9, 3, 24, 14, 23, 20][11, 17, 22, 25, 28, 16][0, 26, 8, 19, 12][2, 29, 27, 10][15, 5, 6, 21][4, 7, 27][12, 18, 13][7, 28][18, 22][7, 14][6, 10][5, 6] 
[1, 9, 3, 24, 14, 23, 20][11, 17, 22, 25, 28, 16][2, 29, 27, 10][15, 5, 6, 21][13, 18, 12, 19][0, 26, 8, 19][4, 7, 27][6, 10][7, 28][7, 14][20, 23][18, 22] 
[1, 9, 3, 24, 14, 23, 20][11, 17, 22, 25, 28, 16][0, 26, 8, 19, 12][2, 29, 27, 10][15, 5, 6, 21][12, 18, 13][4, 7, 27][18, 22][7, 28][7, 14][6, 10][0, 26] 
[1, 9, 3, 24, 14, 23, 20][11, 17, 22, 25, 28, 16][0, 26, 8, 19, 12][15, 5, 6, 21][2, 29, 27, 10][4, 7, 28][12, 18, 13][7, 14][18, 22][7, 27][2, 29][6, 10] 
[1, 9, 3, 24, 14, 23, 20][11, 17, 22, 25, 28, 16][2, 29, 27, 10][0, 26, 8, 19][15, 5, 6, 21][4, 7, 27][12, 18, 13][7, 14][7, 28][18, 22][12, 19][6, 10] 
[1, 9, 3, 24, 14, 23, 20][11, 17, 22, 25, 28, 16][2, 29, 27, 10][0, 26, 8, 19][15, 5, 6, 21][4, 7, 27][12, 18, 13][7, 14][7, 28][18, 22][12, 19][6, 10] 
[1, 9, 3, 24, 14, 23, 20][11, 17, 22, 25, 28, 16][0, 26, 8, 19][2, 29, 27, 10][15, 5, 6, 21][12, 18, 13][4, 7, 27][12, 19][18, 22][7, 28][6, 10][7, 14] 
[1, 9, 3, 24, 14, 23, 20][11, 17, 22, 25, 28, 16][2, 29, 27, 10][0, 26, 8, 19][15, 5, 6, 21][4, 7, 27][12, 18, 13][7, 14][7, 28][18, 22][12, 19][6, 10] 
[1, 9, 3, 24, 14, 23, 20][11, 17, 22, 25, 28, 16][0, 26, 8, 19][2, 29, 27, 10][15, 5, 6, 21][12, 18, 13][4, 7, 27][12, 19][18, 22][7, 28][6, 10][7, 14] 
[1, 9, 3, 24, 14, 23, 20][11, 17, 22, 25, 28, 16][15, 5, 6, 21][2, 29, 27, 10][0, 26, 8, 19][4, 7, 28][12, 18, 13][6, 10][7, 27][18, 22][7, 14][12, 19] 
[1, 9, 3, 24, 14, 23, 20][11, 17, 22, 25, 28, 16][2, 29, 27, 10][0, 26, 8, 19][15, 5, 6, 21][4, 7, 27][12, 18, 13][7, 14][7, 28][18, 22][12, 19][6, 10] 
