[9, 1, 4, 3, 23, 14, 11][13, 18, 17, 19, 8, 26][5, 21, 15, 2, 29][6, 16, 27, 10][0, 12, 22][0, 25, 28][20, 7, 27][0, 17][7, 28][10, 15][20, 24][14, 24] 
[9, 1, 4, 3, 23, 14, 11][13, 18, 17, 19, 8, 26][5, 21, 15, 2, 29][6, 16, 27, 10][0, 25, 28][0, 12, 22][20, 7, 27][20, 24][10, 15][14, 24][7, 28][0, 17] 
[13, 18, 17, 19, 8, 26][4, 3, 1, 24, 20][5, 21, 15, 2, 29][6, 16, 27, 10][9, 23, 14, 11][20, 7, 27][0, 25, 28][0, 12, 22][10, 15][7, 28][3, 23][0, 17] 
[13, 18, 17, 19, 8, 26][4, 3, 1, 24, 20][5, 21, 15, 2, 29][6, 16, 27, 10][9, 23, 14, 11][20, 7, 27][0, 25, 28][0, 12, 22][10, 15][7, 28][3, 23][0, 17] 
[13, 18, 17, 19, 8, 26][9, 1, 4, 3, 23][5, 21, 15, 2, 29][24, 20, 7, 27][6, 16, 27, 10][1, 14, 11][0, 25, 28][0, 12, 22][11, 25][0, 17][7, 28][10, 15] 
[13, 18, 17, 19, 8, 26][9, 1, 4, 3, 23][5, 21, 15, 2, 29][24, 20, 7, 27][6, 16, 27, 10][0, 25, 28][1, 14, 11][0, 12, 22][11, 25][14, 24][0, 17][10, 15] 
[13, 18, 17, 19, 8, 26][4, 3, 1, 24, 20][5, 21, 15, 2, 29][6, 16, 27, 10][9, 23, 14, 11][20, 7, 27][0, 25, 28][0, 12, 22][10, 15][7, 28][14, 24][0, 17] 
[13, 18, 17, 19, 8, 26][9, 1, 4, 3, 23][5, 21, 15, 2, 29][24, 20, 7, 27][6, 16, 27, 10][0, 12, 22][0, 25, 28][1, 14, 11][0, 17][11, 25][7, 28][10, 15] 
[13, 18, 17, 19, 8, 26][9, 1, 4, 3, 23][5, 21, 15, 2, 29][24, 20, 7, 27][6, 16, 27, 10][0, 25, 28][1, 14, 11][0, 12, 22][11, 25][14, 24][0, 17][10, 15] 
[13, 18, 17, 19, 8, 26][9, 1, 4, 3, 23][5, 21, 15, 2, 29][24, 20, 7, 27][6, 16, 27, 10][1, 14, 11][0, 25, 28][0, 12, 22][11, 25][0, 17][7, 28][10, 15] 
[9, 1, 4, 3, 23, 14, 11][13, 18, 17, 19, 8, 26][5, 21, 15, 2, 29][6, 16, 27, 10][0, 25, 28][0, 12, 22][20, 7, 27][20, 24][10, 15][14, 24][7, 28][0, 17] 
[9, 1, 4, 3, 23, 14, 11][13, 18, 17, 19, 8, 26][5, 21, 15, 2, 29][6, 16, 27, 10][0, 25, 28][0, 12, 22][20, 7, 27][20, 24][10, 15][14, 24][7, 28][0, 17] 
[13, 18, 17, 19, 8, 26][4, 3, 1, 24, 20][5, 21, 15, 2, 29][6, 16, 27, 10][9, 23, 14, 11][20, 7, 27][0, 25, 28][0, 12, 22][10, 15][7, 28][3, 23][0, 17] 
[13, 18, 17, 19, 8, 26][9, 1, 4, 3, 23][5, 21, 15, 2, 29][24, 20, 7, 27][6, 16, 27, 10][1, 14, 11][0, 25, 28][0, 12, 22][11, 25][0, 17][7, 28][10, 15] 
[13, 18, 17, 19, 8, 26][9, 1, 4, 3, 23][5, 21, 15, 2, 29][24, 20, 7, 27][6, 16, 27, 10][0, 25, 28][1, 14, 11][0, 12, 22][11, 25][14, 24][0, 17][10, 15] 
[13, 18, 17, 19, 8, 26][9, 1, 4, 3, 23][5, 21, 15, 2, 29][24, 20, 7, 27][6, 16, 27, 10][1, 14, 11][0, 25, 28][0, 12, 22][11, 25][0, 17][7, 28][10, 15] 
[9, 1, 4, 3, 23, 14, 11][13, 18, 17, 19, 8, 26][5, 21, 15, 2, 29][6, 16, 27, 10][0, 25, 28][0, 12, 22][20, 7, 27][20, 24][10, 15][14, 24][7, 28][0, 17] 
[9, 1, 4, 3, 23, 14, 11][13, 18, 17, 19, 8, 26][5, 21, 15, 2, 29][6, 16, 27, 10][0, 12, 22][0, 25, 28][20, 7, 27][7, 28][0, 17][10, 15][20, 24][14, 24] 
[13, 18, 17, 19, 8, 26][9, 1, 4, 3, 23][5, 21, 15, 2, 29][24, 20, 7, 27][6, 16, 27, 10][0, 12, 22][0, 25, 28][1, 14, 11][0, 17][11, 25][7, 28][10, 15] 
[9, 1, 4, 3, 23, 14, 11][13, 18, 17, 19, 8, 26][5, 21, 15, 2, 29][6, 16, 27, 10][0, 25, 28][0, 12, 22][20, 7, 27][20, 24][10, 15][14, 24][7, 28][0, 17] 
[9, 1, 4, 3, 23, 14, 11][13, 18, 17, 19, 8, 26][5, 21, 15, 2, 29][6, 16, 27, 10][0, 25, 28][0, 12, 22][20, 7, 27][20, 24][10, 15][14, 24][7, 28][0, 17] 
[9, 1, 4, 3, 23, 14, 11][13, 18, 17, 19, 8, 26][5, 21, 15, 2, 29][6, 16, 27, 10][0, 25, 28][0, 12, 22][20, 7, 27][20, 24][10, 15][14, 24][7, 28][0, 17] 
[13, 18, 17, 19, 8, 26][4, 3, 1, 24, 20][5, 21, 15, 2, 29][6, 16, 27, 10][9, 23, 14, 11][20, 7, 27][0, 25, 28][0, 12, 22][10, 15][7, 28][3, 23][0, 17] 
[13, 18, 17, 19, 8, 26][9, 1, 4, 3, 23][5, 21, 15, 2, 29][24, 20, 7, 27][6, 16, 27, 10][0, 12, 22][0, 25, 28][1, 14, 11][0, 17][11, 25][7, 28][10, 15] 
[13, 18, 17, 19, 8, 26][9, 1, 4, 3, 23][5, 21, 15, 2, 29][24, 20, 7, 27][6, 16, 27, 10][0, 25, 28][1, 14, 11][0, 12, 22][11, 25][14, 24][0, 17][10, 15] 
[13, 18, 17, 19, 8, 26][5, 21, 15, 2, 29][9, 1, 4, 3, 23][24, 20, 7, 27][6, 16, 27, 10][0, 25, 28][0, 12, 22][1, 14, 11][10, 15][7, 28][11, 25][0, 17] 
[9, 1, 4, 3, 23, 14, 11][13, 18, 17, 19, 8, 26][5, 21, 15, 2, 29][6, 16, 27, 10][0, 25, 28][0, 12, 22][20, 7, 27][0, 17][7, 28][10, 15][20, 24][14, 24] 
[9, 1, 4, 3, 23, 14, 11][13, 18, 17, 19, 8, 26][5, 21, 15, 2, 29][6, 16, 27, 10][0, 25, 28][0, 12, 22][20, 7, 27][20, 24][10, 15][14, 24][7, 28][0, 17] 
[13, 18, 17, 19, 8, 26][9, 1, 4, 3, 23][5, 21, 15, 2, 29][24, 20, 7, 27][6, 16, 27, 10][1, 14, 11][0, 25, 28][0, 12, 22][11, 25][0, 17][7, 28][10, 15] 
[9, 1, 4, 3, 23, 14, 11][13, 18, 17, 19, 8, 26][5, 21, 15, 2, 29][6, 16, 27, 10][0, 12, 22][0, 25, 28][20, 7, 27][7, 28][0, 17][10, 15][20, 24][14, 24] 
[9, 1, 4, 3, 23, 14, 11][13, 18, 17, 19, 8, 26][5, 21, 15, 2, 29][6, 16, 27, 10][0, 25, 28][0, 12, 22][20, 7, 27][20, 24][10, 15][14, 24][7, 28][0, 17] 
[9, 1, 4, 3, 23, 14, 11][13, 18, 17, 19, 8, 26][5, 21, 15, 2, 29][6, 16, 27, 10][20, 7, 27][0, 25, 28][0, 12, 22][10, 15][20, 24][14, 24][7, 28][0, 17] 
[13, 18, 17, 19, 8, 26][5, 21, 15, 2, 29][9, 1, 4, 3, 23][24, 20, 7, 27][6, 16, 27, 10][0, 25, 28][0, 12, 22][1, 14, 11][10, 15][7, 28][11, 25][0, 17] 
[9, 1, 4, 3, 23, 14, 11][13, 18, 17, 19, 8, 26][5, 21, 15, 2, 29][6, 16, 27, 10][20, 7, 27][0, 25, 28][0, 12, 22][10, 15][20, 24][14, 24][7, 28][0, 17] 
[9, 1, 4, 3, 23, 14, 11][13, 18, 17, 19, 8, 26][5, 21, 15, 2, 29][6, 16, 27, 10][0, 25, 28][0, 12, 22][20, 7, 27][20, 24][10, 15][14, 24][7, 28][0, 17] 
[1, 3, 11, 17, 12, 0, 13, 18, 22, 19, 8, 26][12, 17, 28, 25, 11, 3, 24, 4, 23, 20, 14][7, 28, 16, 15, 6, 5, 21, 2, 27, 29, 10][12, 17][1, 9][17, 28][5, 21][12, 17][3, 11][12, 17][27, 29][20, 23] 
[1, 3, 11, 17, 12, 0, 13, 18, 22, 19, 8, 26][14, 20, 23, 4, 24, 3, 11, 25, 28, 17, 12, 19][7, 28, 16, 15, 6, 5, 21, 2, 27, 29, 10][12, 17][1, 9][17, 28][5, 21][12, 17][3, 11][12, 17][27, 29][20, 23] 
[1, 3, 11, 17, 12, 0, 13, 18, 22, 19, 8, 26][7, 28, 16, 15, 6, 5, 21, 2, 27, 29, 10][14, 20, 23, 4, 24, 3, 11, 25][12, 17][1, 9][17, 28][5, 21][12, 17][3, 11][12, 17][27, 29][20, 23] 
[1, 3, 11, 17, 12, 0, 13, 18, 22, 19, 8, 26][7, 28, 16, 15, 6, 5, 21, 2, 27, 29, 10][14, 20, 23, 4, 24, 3, 11, 25][12, 17][1, 9][17, 28][5, 21][12, 17][3, 11][12, 17][27, 29][20, 23] 
[1, 3, 11, 17, 12, 0, 13, 18, 22, 19, 8, 26][7, 28, 16, 15, 6, 5, 21, 2, 27, 29, 10][14, 20, 23, 4, 24, 3, 11, 25][12, 17][1, 9][17, 28][5, 21][12, 17][3, 11][12, 17][27, 29][20, 23] 
[1, 3, 11, 17, 12, 0, 13, 18, 22, 19, 8, 26][7, 28, 16, 15, 6, 5, 21, 2, 27, 29, 10][20, 23, 4, 24, 3, 11, 25][5, 21][17, 28][1, 3][1, 9][14, 20][3, 11][12, 17][12, 17][27, 29] 
[1, 3, 11, 17, 12, 0, 13, 18, 22, 19, 8, 26][12, 17, 28, 25, 11, 3, 24, 4, 23, 20, 14][7, 28, 16, 15, 6, 5, 21, 2, 27, 29, 10][12, 17][1, 9][17, 28][5, 21][12, 17][3, 11][12, 17][27, 29][20, 23] 
[1, 3, 11, 17, 12, 0, 13, 18, 22, 19, 8, 26][7, 28, 16, 15, 6, 5, 21, 2, 27, 29, 10][14, 20, 23, 4, 24, 3, 11, 25][12, 17][1, 9][17, 28][5, 21][12, 17][3, 11][12, 17][27, 29][20, 23] 
[1, 3, 11, 17, 12, 0, 13, 18, 22, 19, 8, 26][7, 28, 16, 15, 6, 5, 21, 2, 27, 29, 10][14, 20, 23, 4, 24, 3, 11, 25][12, 17][1, 9][17, 28][5, 21][12, 17][3, 11][12, 17][27, 29][20, 23] 
[17, 28, 7, 14, 1, 3, 11, 25, 22, 19, 12, 18, 13, 0, 26][10, 29, 27, 2, 21, 5, 6, 15, 16, 28][14, 20, 23, 4, 24][8, 19, 22][9, 1, 14][12, 17][5, 21][12, 17][3, 11][12, 17][27, 29][20, 23] 
[17, 28, 7, 14, 1, 3, 11, 25, 22, 19, 12, 18, 13, 0, 26][10, 29, 27, 2, 21, 5, 6, 15, 16, 28][14, 20, 23, 4, 24][12, 17][8, 19][1, 9][5, 21][12, 17][3, 11][12, 17][27, 29][20, 23] 
[17, 28, 7, 14, 1, 3, 11, 25, 22, 19, 12, 18, 13, 0, 26][10, 29, 27, 2, 21, 5, 6, 15, 16, 28][14, 20, 23, 4, 24][8, 19, 22][12, 17][1, 9][5, 21][12, 17][3, 11][12, 17][27, 29][20, 23] 
[1, 3, 11, 17, 12, 0, 13, 18, 22, 19, 8, 26][7, 28, 16, 15, 6, 5, 21, 2, 27, 29, 10][14, 20, 23, 4, 24, 3, 11, 25][12, 17][1, 9][17, 28][5, 21][12, 17][3, 11][12, 17][27, 29][20, 23] 
[1, 3, 11, 17, 12, 0, 13, 18, 22, 19, 8, 26][7, 28, 16, 15, 6, 5, 21, 2, 27, 29, 10][14, 20, 23, 4, 24, 3, 11, 25][12, 17][1, 9][17, 28][5, 21][12, 17][3, 11][12, 17][27, 29][20, 23] 
[17, 28, 7, 14, 1, 3, 11, 25, 22, 19, 12, 18, 13, 0, 26][1, 3, 11, 17, 12, 0, 13, 18, 22, 19, 8, 26][10, 29, 27, 2, 21, 5, 6, 15, 16, 28][14, 20, 23, 4, 24, 3, 11, 25][12, 17][1, 9][5, 21][12, 17][3, 11][12, 17][27, 29][20, 23] 
[17, 28, 7, 14, 1, 3, 11, 25, 22, 19, 12, 18, 13, 0, 26][10, 29, 27, 2, 21, 5, 6, 15, 16, 28][11, 3, 24, 4, 23, 20, 14][12, 17][8, 19][1, 9][5, 21][12, 17][3, 11][12, 17][27, 29][20, 23] 
[1, 3, 11, 17, 12, 0, 13, 18, 22, 19, 8, 26][7, 28, 16, 15, 6, 5, 21, 2, 27, 29, 10][14, 20, 23, 4, 24, 3, 11, 25][12, 17][1, 9][17, 28][5, 21][12, 17][3, 11][12, 17][27, 29][20, 23] 
[1, 3, 11, 17, 12, 0, 13, 18, 22, 19, 8, 26][7, 28, 16, 15, 6, 5, 21, 2, 27, 29, 10][14, 20, 23, 4, 24, 3, 11, 25][12, 17][1, 9][17, 28][5, 21][12, 17][3, 11][12, 17][27, 29][20, 23] 
[17, 28, 7, 14, 1, 3, 11, 25, 22, 19, 12, 18, 13, 0, 26][10, 29, 27, 2, 21, 5, 6, 15, 16, 28][14, 20, 23, 4, 24][8, 19, 22][12, 17][1, 9][5, 21][12, 17][3, 11][12, 17][27, 29][20, 23] 
[17, 28, 7, 14, 1, 3, 11, 25, 22, 19, 12, 18, 13, 0, 26][1, 3, 11, 17, 12, 0, 13, 18, 22, 19, 8, 26][10, 29, 27, 2, 21, 5, 6, 15, 16, 28][14, 20, 23, 4, 24, 3, 11, 25][12, 17][1, 9][5, 21][12, 17][3, 11][12, 17][27, 29][20, 23] 
[17, 28, 7, 14, 1, 3, 11, 25, 22, 19, 12, 18, 13, 0, 26][10, 29, 27, 2, 21, 5, 6, 15, 16, 28][11, 3, 24, 4, 23, 20, 14][12, 17][8, 19][1, 9][5, 21][12, 17][3, 11][12, 17][27, 29][20, 23] 
[13, 18, 17, 19, 8, 26][4, 3, 1, 24, 20][5, 21, 15, 2, 29][6, 16, 27, 10][9, 23, 14, 11][0, 12, 22][0, 25, 28][20, 7, 27][0, 17][7, 28][14, 24][10, 15] 
[13, 18, 17, 19, 8, 26][4, 3, 1, 24, 20][5, 21, 15, 2, 29][6, 16, 27, 10][9, 23, 14, 11][20, 7, 27][0, 25, 28][0, 12, 22][10, 15][7, 28][14, 24][0, 17] 
[13, 18, 17, 19, 8, 26][4, 3, 1, 24, 20][5, 21, 15, 2, 29][6, 16, 27, 10][9, 23, 14, 11][20, 7, 27][0, 25, 28][0, 12, 22][10, 15][7, 28][14, 24][0, 17] 
[13, 18, 17, 19, 8, 26][4, 3, 1, 24, 20][5, 21, 15, 2, 29][6, 16, 27, 10][9, 23, 14, 11][20, 7, 27][0, 25, 28][0, 12, 22][10, 15][7, 28][14, 24][0, 17] 
[13, 18, 17, 19, 8, 26][4, 3, 1, 24, 20][5, 21, 15, 2, 29][6, 16, 27, 10][9, 23, 14, 11][20, 7, 27][0, 25, 28][0, 12, 22][10, 15][7, 28][14, 24][0, 17] 
[13, 18, 17, 19, 8, 26][4, 3, 1, 24, 20][5, 21, 15, 2, 29][6, 16, 27, 10][9, 23, 14, 11][20, 7, 27][0, 25, 28][0, 12, 22][10, 15][7, 28][14, 24][0, 17] 
[13, 18, 17, 19, 8, 26][4, 3, 1, 24, 20][5, 21, 15, 2, 29][6, 16, 27, 10][9, 23, 14, 11][0, 12, 22][0, 25, 28][20, 7, 27][0, 17][7, 28][14, 24][10, 15] 
[13, 18, 17, 19, 8, 26][4, 3, 1, 24, 20][5, 21, 15, 2, 29][6, 16, 27, 10][9, 23, 14, 11][20, 7, 27][0, 25, 28][0, 12, 22][10, 15][7, 28][14, 24][0, 17] 
[13, 18, 17, 19, 8, 26][4, 3, 1, 24, 20][5, 21, 15, 2, 29][6, 16, 27, 10][9, 23, 14, 11][20, 7, 27][0, 25, 28][0, 12, 22][10, 15][7, 28][14, 24][0, 17] 
[13, 18, 17, 19, 8, 26][4, 3, 1, 24, 20][5, 21, 15, 2, 29][6, 16, 27, 10][9, 23, 14, 11][20, 7, 27][0, 25, 28][0, 12, 22][10, 15][7, 28][14, 24][0, 17] 
[13, 18, 17, 19, 8, 26][4, 3, 1, 24, 20][5, 21, 15, 2, 29][6, 16, 27, 10][9, 23, 14, 11][20, 7, 27][0, 25, 28][0, 12, 22][10, 15][7, 28][14, 24][0, 17] 
[13, 18, 17, 19, 8, 26][4, 3, 1, 24, 20][5, 21, 15, 2, 29][6, 16, 27, 10][9, 23, 14, 11][20, 7, 27][0, 25, 28][0, 12, 22][10, 15][7, 28][14, 24][0, 17] 
[13, 18, 17, 19, 8, 26][4, 3, 1, 24, 20][5, 21, 15, 2, 29][6, 16, 27, 10][9, 23, 14, 11][20, 7, 27][0, 25, 28][0, 12, 22][10, 15][7, 28][14, 24][0, 17] 
[13, 18, 17, 19, 8, 26][4, 3, 1, 24, 20][5, 21, 15, 2, 29][6, 16, 27, 10][9, 23, 14, 11][20, 7, 27][0, 25, 28][0, 12, 22][10, 15][7, 28][14, 24][0, 17] 
[13, 18, 17, 19, 8, 26][4, 3, 1, 24, 20][5, 21, 15, 2, 29][6, 16, 27, 10][9, 23, 14, 11][0, 25, 28][0, 12, 22][20, 7, 27][0, 17][7, 28][10, 15][14, 24] 
[9, 1, 4, 3, 23, 14, 11][13, 18, 17, 19, 8, 26][5, 21, 15, 2, 29][6, 16, 27, 10][0, 25, 28][0, 12, 22][20, 7, 27][20, 24][10, 15][14, 24][7, 28][0, 17] 
[9, 1, 4, 3, 23, 14, 11][13, 18, 17, 19, 8, 26][5, 21, 15, 2, 29][6, 16, 27, 10][0, 25, 28][0, 12, 22][20, 7, 27][20, 24][10, 15][14, 24][7, 28][0, 17] 
[9, 1, 4, 3, 23, 14, 11][13, 18, 17, 19, 8, 26][5, 21, 15, 2, 29][6, 16, 27, 10][0, 25, 28][0, 12, 22][20, 7, 27][20, 24][10, 15][14, 24][7, 28][0, 17] 
[9, 1, 4, 3, 23, 14, 11][13, 18, 17, 19, 8, 26][5, 21, 15, 2, 29][6, 16, 27, 10][0, 25, 28][0, 12, 22][20, 7, 27][0, 17][7, 28][10, 15][20, 24][14, 24] 
[9, 1, 4, 3, 23, 14, 11][13, 18, 17, 19, 8, 26][5, 21, 15, 2, 29][6, 16, 27, 10][0, 25, 28][0, 12, 22][20, 7, 27][20, 24][10, 15][14, 24][7, 28][0, 17] 
[9, 1, 4, 3, 23, 14, 11][13, 18, 17, 19, 8, 26][5, 21, 15, 2, 29][6, 16, 27, 10][16, 27, 7, 20][0, 25, 28][0, 12, 22][7, 28][10, 15][0, 17][20, 24][14, 24] 
[13, 18, 17, 19, 8, 26][4, 3, 1, 24, 20][5, 21, 15, 2, 29][6, 16, 27, 10][9, 23, 14, 11][20, 7, 27][0, 25, 28][0, 12, 22][10, 15][7, 28][14, 24][0, 17] 
[13, 18, 17, 19, 8, 26][4, 3, 1, 24, 20][5, 21, 15, 2, 29][6, 16, 27, 10][9, 23, 14, 11][20, 7, 27][0, 25, 28][0, 12, 22][10, 15][7, 28][14, 24][0, 17] 
[13, 18, 17, 19, 8, 26][4, 3, 1, 24, 20][5, 21, 15, 2, 29][6, 16, 27, 10][9, 23, 14, 11][20, 7, 27][0, 25, 28][0, 12, 22][7, 28][14, 24][10, 15][0, 17] 
[13, 18, 17, 19, 8, 26][4, 3, 1, 24, 20][5, 21, 15, 2, 29][6, 16, 27, 10][9, 23, 14, 11][20, 7, 27][0, 25, 28][0, 12, 22][10, 15][7, 28][14, 24][0, 17] 
[13, 18, 17, 19, 8, 26][4, 3, 1, 24, 20][5, 21, 15, 2, 29][6, 16, 27, 10][9, 23, 14, 11][0, 25, 28][0, 12, 22][20, 7, 27][0, 17][7, 28][10, 15][14, 24] 
[13, 18, 17, 19, 8, 26][9, 1, 4, 3, 23, 14][5, 21, 15, 2, 29][24, 20, 7, 27][6, 16, 27, 10][0, 12, 22][0, 25, 28][0, 17][11, 25][11, 14][7, 28][10, 15] 
[13, 18, 17, 19, 8, 26][4, 3, 1, 24, 20][5, 21, 15, 2, 29][6, 16, 27, 10][9, 23, 14, 11][20, 7, 27][0, 25, 28][0, 12, 22][7, 28][14, 24][10, 15][0, 17] 
[9, 1, 4, 3, 23, 14, 11][13, 18, 17, 19, 8, 26][5, 21, 15, 2, 29][6, 16, 27, 10][0, 25, 28][0, 12, 22][20, 7, 27][20, 24][10, 15][14, 24][7, 28][0, 17] 
[9, 1, 4, 3, 23, 14, 11][13, 18, 17, 19, 8, 26][5, 21, 15, 2, 29][6, 16, 27, 10][0, 25, 28][0, 12, 22][20, 7, 27][20, 24][10, 15][14, 24][7, 28][0, 17] 
[9, 1, 4, 3, 23, 14, 11][13, 18, 17, 19, 8, 26][5, 21, 15, 2, 29][6, 16, 27, 10][0, 12, 22][0, 25, 28][20, 7, 27][7, 28][0, 17][10, 15][20, 24][14, 24] 
[9, 1, 4, 3, 23, 14, 11][13, 18, 17, 19, 8, 26][5, 21, 15, 2, 29][6, 16, 27, 10][0, 25, 28][0, 12, 22][20, 7, 27][20, 24][10, 15][14, 24][7, 28][0, 17] 
[9, 1, 4, 3, 23, 14, 11][13, 18, 17, 19, 8, 26][5, 21, 15, 2, 29][6, 16, 27, 10][0, 12, 22][0, 25, 28][20, 7, 27][7, 28][0, 17][10, 15][20, 24][14, 24] 
[9, 1, 4, 3, 23, 14, 11][13, 18, 17, 19, 8, 26][5, 21, 15, 2, 29][6, 16, 27, 10][0, 25, 28][0, 12, 22][20, 7, 27][20, 24][10, 15][14, 24][7, 28][0, 17] 
[9, 1, 4, 3, 23, 14, 11][13, 18, 17, 19, 8, 26][5, 21, 15, 2, 29][6, 16, 27, 10][0, 25, 28][0, 12, 22][20, 7, 27][20, 24][10, 15][14, 24][7, 28][0, 17] 
[9, 1, 4, 3, 23, 14, 11][13, 18, 17, 19, 8, 26][5, 21, 15, 2, 29][6, 16, 27, 10][0, 12, 22][0, 25, 28][20, 7, 27][7, 28][0, 17][10, 15][20, 24][14, 24] 
[9, 1, 4, 3, 23, 14, 11][13, 18, 17, 19, 8, 26][5, 21, 15, 2, 29][6, 16, 27, 10][0, 25, 28][0, 12, 22][20, 7, 27][20, 24][10, 15][14, 24][7, 28][0, 17] 
[9, 1, 4, 3, 23, 14, 11][13, 18, 17, 19, 8, 26][5, 21, 15, 2, 29][6, 16, 27, 10][0, 25, 28][0, 12, 22][20, 7, 27][20, 24][10, 15][14, 24][7, 28][0, 17] 
[9, 1, 4, 3, 23, 14, 11][13, 18, 17, 19, 8, 26][5, 21, 15, 2, 29][6, 16, 27, 10][0, 25, 28][0, 12, 22][20, 7, 27][20, 24][10, 15][14, 24][7, 28][0, 17] 
[9, 1, 4, 3, 23, 14, 11][13, 18, 17, 19, 8, 26][5, 21, 15, 2, 29][6, 16, 27, 10][0, 25, 28][0, 12, 22][20, 7, 27][20, 24][10, 15][14, 24][7, 28][0, 17] 
[9, 1, 4, 3, 23, 14, 11][13, 18, 17, 19, 8, 26][5, 21, 15, 2, 29][6, 16, 27, 10][0, 25, 28][0, 12, 22][20, 7, 27][20, 24][10, 15][14, 24][7, 28][0, 17] 
[9, 1, 4, 3, 23, 14, 11][13, 18, 17, 19, 8, 26][5, 21, 15, 2, 29][6, 16, 27, 10][0, 25, 28][0, 12, 22][20, 7, 27][20, 24][10, 15][14, 24][7, 28][0, 17] 
[9, 1, 4, 3, 23, 14, 11][13, 18, 17, 19, 8, 26][5, 21, 15, 2, 29][6, 16, 27, 10][0, 25, 28][0, 12, 22][20, 7, 27][20, 24][10, 15][14, 24][7, 28][0, 17] 
[9, 1, 4, 3, 23, 14, 11][13, 18, 17, 19, 8, 26][5, 21, 15, 2, 29][24, 20, 7, 27][6, 16, 27, 10][0, 25, 28][0, 12, 22][10, 15][14, 24][7, 28][0, 17][7, 20] 
[9, 1, 4, 3, 23, 14, 11][13, 18, 17, 19, 8, 26][5, 21, 15, 2, 29][24, 20, 7, 27][6, 16, 27, 10][0, 25, 28][0, 12, 22][10, 15][14, 24][7, 28][0, 17][7, 20] 
[9, 1, 4, 3, 23, 14, 11][13, 18, 17, 19, 8, 26][5, 21, 15, 2, 29][24, 20, 7, 27][6, 16, 27, 10][0, 25, 28][0, 12, 22][14, 24][11, 14][10, 15][7, 28][0, 17] 
[9, 1, 4, 3, 23, 14, 11][13, 18, 17, 19, 8, 26][5, 21, 15, 2, 29][24, 20, 7, 27][6, 16, 27, 10][0, 25, 28][0, 12, 22][14, 24][11, 14][10, 15][7, 28][0, 17] 
[9, 1, 4, 3, 23, 14, 11][13, 18, 17, 19, 8, 26][5, 21, 15, 2, 29][24, 20, 7, 27][6, 16, 27, 10][0, 25, 28][0, 12, 22][10, 15][14, 24][7, 28][0, 17][7, 20] 
[9, 1, 4, 3, 23, 14, 11, 25][13, 18, 17, 19, 8, 26][5, 21, 15, 2, 29][24, 20, 7, 27][6, 16, 27, 10][12, 0, 28][0, 12, 22][7, 28][0, 17][8, 26][14, 24][10, 15] 
[13, 18, 17, 19, 8, 26][4, 3, 1, 24, 20][5, 21, 15, 2, 29][6, 16, 27, 10][9, 23, 14, 11][20, 7, 27][0, 25, 28][0, 12, 22][10, 15][7, 28][14, 24][0, 17] 
[13, 18, 17, 19, 8, 26][4, 3, 1, 24, 20][5, 21, 15, 2, 29][6, 16, 27, 10][9, 23, 14, 11][20, 7, 27][0, 25, 28][0, 12, 22][10, 15][7, 28][14, 24][0, 17] 
[13, 18, 17, 19, 8, 26][4, 3, 1, 24, 20][5, 21, 15, 2, 29][6, 16, 27, 10][9, 23, 14, 11][20, 7, 27][0, 25, 28][0, 12, 22][10, 15][7, 28][14, 24][0, 17] 
[13, 18, 17, 19, 8, 26][4, 3, 1, 24, 20][5, 21, 15, 2, 29][6, 16, 27, 10][9, 23, 14, 11][20, 7, 27][0, 25, 28][0, 12, 22][10, 15][7, 28][14, 24][0, 17] 
[13, 18, 17, 19, 8, 26][4, 3, 1, 24, 20][5, 21, 15, 2, 29][6, 16, 27, 10][9, 23, 14, 11][20, 7, 27][0, 25, 28][0, 12, 22][10, 15][7, 28][14, 24][0, 17] 
[9, 1, 4, 3, 23, 14, 11][13, 18, 17, 19, 8, 26][5, 21, 15, 2, 29][6, 16, 27, 10][0, 25, 28][0, 12, 22][20, 7, 27][20, 24][10, 15][14, 24][7, 28][0, 17] 
[13, 18, 17, 19, 8, 26][4, 3, 1, 24, 20][5, 21, 15, 2, 29][6, 16, 27, 10][9, 23, 14, 11][20, 7, 27][0, 25, 28][0, 12, 22][10, 15][7, 28][14, 24][0, 17] 
