[12, 8, 19, 18, 17, 22][9, 3, 1, 23, 24, 20][5, 21, 2, 10][28, 16, 27, 29][11, 25, 0, 26][5, 6, 13][6, 16, 15][7, 4, 14][0, 28][0, 18][7, 28][7, 20] 
[9, 3, 1, 23, 24, 20][12, 8, 19, 18, 17, 22][10, 2, 21, 5, 15][28, 16, 27, 29][11, 25, 0, 26][5, 6, 13][7, 4, 14][6, 16][7, 28][7, 20][0, 28][0, 18] 
[9, 3, 1, 23, 24, 20, 14][12, 8, 19, 18, 17, 22][28, 16, 27, 29][11, 25, 0, 26][13, 6, 5, 15][5, 21, 2, 10][7, 20][4, 7][7, 28][0, 28][0, 18][6, 16] 
[9, 3, 1, 23, 24, 20, 14][12, 8, 19, 18, 17, 22][11, 25, 0, 26][28, 16, 27, 29][13, 6, 5, 15][5, 21, 2, 10][0, 18][0, 28][6, 16][7, 28][7, 20][4, 24] 
[9, 3, 1, 23, 24, 20][12, 8, 19, 18, 17, 22][28, 16, 27, 29][5, 21, 2, 10][11, 25, 0, 26][7, 4, 14][6, 16, 15][5, 6, 13][14, 20][7, 28][0, 28][0, 18] 
[9, 3, 1, 23, 24, 20][12, 8, 19, 18, 17, 22][28, 16, 27, 29][5, 21, 2, 10][11, 25, 0, 26][7, 4, 14][6, 16, 15][5, 6, 13][14, 20][7, 28][0, 28][0, 18] 
[12, 8, 19, 18, 17, 22][9, 3, 1, 23, 24, 20][5, 21, 2, 10][28, 16, 27, 29][11, 25, 0, 26][5, 6, 13][6, 16, 15][7, 4, 14][0, 28][0, 18][7, 28][7, 20] 
[9, 3, 1, 23, 24, 20][12, 8, 19, 18, 17, 22][28, 16, 27, 29][5, 21, 2, 10][11, 25, 0, 26][7, 4, 14][6, 16, 15][5, 6, 13][14, 20][7, 28][0, 28][0, 18] 
[9, 3, 1, 23, 24, 20][12, 8, 19, 18, 17, 22][28, 16, 27, 29][5, 21, 2, 10][11, 25, 0, 26][7, 4, 14][6, 16, 15][5, 6, 13][14, 20][7, 28][0, 28][0, 18] 
[9, 3, 1, 23, 24, 20][12, 8, 19, 18, 17, 22][28, 16, 27, 29][5, 21, 2, 10][11, 25, 0, 26][7, 4, 14][6, 16, 15][5, 6, 13][14, 20][7, 28][0, 28][0, 18] 
[12, 8, 19, 18, 17, 22][9, 3, 1, 23, 24, 20][5, 21, 2, 10][28, 16, 27, 29][11, 25, 0, 26][6, 16, 15][7, 4, 14][5, 6, 13][0, 28][0, 18][7, 28][7, 20] 
[9, 3, 1, 23, 24, 20][12, 8, 19, 18, 17, 22][11, 25, 0, 26][28, 16, 27, 29][5, 21, 2, 10][7, 4, 14][6, 16, 15][5, 6, 13][0, 28][7, 28][7, 20][0, 18] 
[9, 3, 1, 23, 24, 20, 14][12, 8, 19, 18, 17, 22][28, 16, 27, 29][11, 25, 0, 26][13, 6, 5, 15][5, 21, 2, 10][7, 20][4, 7][7, 28][0, 28][0, 18][6, 16] 
[9, 3, 1, 23, 24, 20][12, 8, 19, 18, 17, 22][28, 16, 27, 29][5, 21, 2, 10][11, 25, 0, 26][7, 4, 14][6, 16, 15][5, 6, 13][14, 20][7, 28][0, 28][0, 18] 
[9, 3, 1, 23, 24, 20][12, 8, 19, 18, 17, 22][28, 16, 27, 29][5, 21, 2, 10][11, 25, 0, 26][7, 4, 14][6, 16, 15][5, 6, 13][14, 20][7, 28][0, 28][0, 18] 
[9, 3, 1, 23, 24, 20][12, 8, 19, 18, 17, 22][28, 16, 27, 29][5, 21, 2, 10][11, 25, 0, 26][7, 4, 14][6, 16, 15][5, 6, 13][14, 20][7, 28][0, 28][0, 18] 
[12, 8, 19, 18, 17, 22][9, 3, 1, 23, 24, 20][5, 21, 2, 10][28, 16, 27, 29][11, 25, 0, 26][6, 16, 15][7, 4, 14][5, 6, 13][0, 28][0, 18][7, 28][7, 20] 
[9, 3, 1, 23, 24, 20][12, 8, 19, 18, 17, 22][28, 16, 27, 29][11, 25, 0, 26][5, 21, 2, 10][7, 4, 14][6, 16, 15][5, 6, 13][7, 20][7, 28][0, 28][0, 18] 
[9, 3, 1, 23, 24, 20][12, 8, 19, 18, 17, 22][28, 16, 27, 29][5, 21, 2, 10][11, 25, 0, 26][6, 16, 15][5, 6, 13][7, 4, 14][0, 28][7, 28][14, 20][0, 18] 
[12, 8, 19, 18, 17, 22][9, 3, 1, 23, 24, 20][5, 21, 2, 10][28, 16, 27, 29][11, 25, 0, 26][5, 6, 13][6, 16, 15][7, 4, 14][0, 28][0, 18][7, 28][7, 20] 
[12, 8, 19, 18, 17, 22][9, 3, 1, 23, 24, 20][5, 21, 2, 10][28, 16, 27, 29][11, 25, 0, 26][5, 6, 13][6, 16, 15][7, 4, 14][0, 28][0, 18][7, 28][7, 20] 
[12, 8, 19, 18, 17, 22][9, 3, 1, 23, 24, 20][10, 2, 21, 5, 15][11, 25, 0, 26][28, 16, 27, 29][7, 4, 14][5, 6, 13][0, 28][0, 18][7, 28][7, 20][6, 16] 
[9, 3, 1, 23, 24, 20, 14][12, 8, 19, 18, 17, 22][28, 16, 27, 29][11, 25, 0, 26][13, 6, 5, 15][5, 21, 2, 10][7, 20][4, 7][7, 28][0, 28][0, 18][6, 16] 
[9, 3, 1, 23, 24, 20][12, 8, 19, 18, 17, 22][28, 16, 27, 29][5, 21, 2, 10][11, 25, 0, 26][7, 4, 14][6, 16, 15][5, 6, 13][14, 20][7, 28][0, 28][0, 18] 
[9, 3, 1, 23, 24, 20][12, 8, 19, 18, 17, 22][28, 16, 27, 29][5, 21, 2, 10][11, 25, 0, 26][7, 4, 14][6, 16, 15][5, 6, 13][14, 20][7, 28][0, 28][0, 18] 
[9, 3, 1, 23, 24, 20][12, 8, 19, 18, 17, 22][28, 16, 27, 29][11, 25, 0, 26][5, 21, 2, 10][7, 4, 14][6, 16, 15][5, 6, 13][7, 28][14, 20][0, 28][0, 18] 
[12, 8, 19, 18, 17, 22][9, 3, 1, 23, 24, 20][5, 21, 2, 10][28, 16, 27, 29][11, 25, 0, 26][6, 16, 15][7, 4, 14][5, 6, 13][0, 28][0, 18][7, 28][7, 20] 
[9, 3, 1, 23, 24, 20][12, 8, 19, 18, 17, 22][28, 16, 27, 29][11, 25, 0, 26][5, 21, 2, 10][7, 4, 14][6, 16, 15][5, 6, 13][7, 20][7, 28][0, 28][0, 18] 
[9, 3, 1, 23, 24, 20][12, 8, 19, 18, 17, 22][28, 16, 27, 29][5, 21, 2, 10][11, 25, 0, 26][7, 4, 14][6, 16, 15][5, 6, 13][14, 20][7, 28][0, 28][0, 18] 
[12, 8, 19, 18, 17, 22][9, 3, 1, 23, 24, 20][5, 21, 2, 10][28, 16, 27, 29][11, 25, 0, 26][6, 16, 15][7, 4, 14][5, 6, 13][0, 28][0, 18][7, 28][7, 20] 
[12, 8, 19, 18, 17, 22][9, 3, 1, 23, 24, 20][28, 16, 27, 29][11, 25, 0, 26][5, 21, 2, 10][6, 16, 15][5, 6, 13][7, 4, 14][0, 28][0, 18][7, 28][7, 20] 
[9, 3, 1, 23, 24, 20][12, 8, 19, 18, 17, 22][10, 2, 21, 5, 15][28, 16, 27, 29][11, 25, 0, 26][5, 6, 13][7, 4, 14][6, 16][7, 28][7, 20][0, 28][0, 18] 
[9, 3, 1, 23, 24, 20][12, 8, 19, 18, 17, 22][28, 16, 27, 29][5, 21, 2, 10][11, 25, 0, 26][7, 4, 14][6, 16, 15][5, 6, 13][14, 20][7, 28][0, 28][0, 18] 
[12, 8, 19, 18, 17, 22][9, 3, 1, 23, 24, 20][5, 21, 2, 10][28, 16, 27, 29][11, 25, 0, 26][6, 16, 15][7, 4, 14][5, 6, 13][0, 28][0, 18][7, 28][7, 20] 
[12, 8, 19, 18, 17, 22][9, 3, 1, 23, 24, 20][28, 16, 27, 29][11, 25, 0, 26][5, 21, 2, 10][6, 16, 15][5, 6, 13][7, 4, 14][0, 28][0, 18][7, 28][7, 20] 
[13, 0, 25, 7, 27, 2, 10, 29, 15, 5, 21, 6, 16, 28][4, 1, 3, 24, 14, 9, 23, 20, 7][11, 17, 18, 12, 8, 26, 0, 22][7, 20, 23, 9, 14, 24][8, 26][18, 19][8, 26][8, 26][8, 26][8, 26][8, 26][8, 26] 
[13, 0, 25, 7, 27, 2, 10, 29, 15, 5, 21, 6, 16, 28][6, 13, 18, 19, 17, 12, 22, 0, 26, 8][3, 11, 25, 0, 26, 8, 12, 17, 19][4, 1, 3, 24, 14, 9, 23, 20][0, 22][18, 19][8, 26][8, 26][8, 26][8, 26][8, 26][8, 26] 
[13, 0, 25, 7, 27, 2, 10, 29, 15, 5, 21, 6, 16, 28][4, 1, 3, 24, 14, 9, 23, 20, 7][11, 17, 18, 12, 8, 26, 0, 22][8, 26][18, 19][8, 26][8, 26][8, 26][8, 26][0, 26][8, 26][8, 26] 
[13, 0, 25, 7, 27, 2, 10, 29, 15, 5, 21, 6, 16, 28][11, 17, 18, 12, 8, 26, 0, 22][4, 1, 3, 24, 14, 9, 23, 20][8, 26][7, 20][18, 19][8, 26][8, 26][8, 26][8, 26][8, 26][8, 26] 
[13, 0, 25, 7, 27, 2, 10, 29, 15, 5, 21, 6, 16, 28][11, 17, 18, 12, 8, 26, 0, 22][4, 1, 3, 24, 14, 9, 23, 20][8, 26][7, 20][18, 19][8, 26][8, 26][8, 26][8, 26][8, 26][8, 26] 
[7, 27, 2, 10, 29, 15, 5, 21, 6, 16, 28][3, 11, 25, 0, 26, 8, 12, 17, 19][4, 1, 3, 24, 14, 9, 23, 20][6, 13, 18][0, 22][18, 19][8, 26][8, 26][8, 26][8, 26][8, 26][8, 26] 
[13, 0, 25, 7, 27, 2, 10, 29, 15, 5, 21, 6, 16, 28][4, 1, 3, 24, 14, 9, 23, 20, 7][11, 17, 18, 12, 8, 26, 0, 22][8, 26][18, 19][8, 26][8, 26][8, 26][8, 26][0, 26][8, 26][8, 26] 
[13, 0, 25, 7, 27, 2, 10, 29, 15, 5, 21, 6, 16, 28][4, 1, 3, 24, 14, 9, 23, 20, 7][11, 17, 18, 12, 8, 26, 0, 22][8, 26][18, 19][8, 26][8, 26][8, 26][8, 26][0, 26][8, 26][8, 26] 
[13, 0, 25, 7, 27, 2, 10, 29, 15, 5, 21, 6, 16, 28][11, 17, 18, 12, 8, 26, 0, 22][4, 1, 3, 24, 14, 9, 23, 20][8, 26][7, 20][18, 19][8, 26][8, 26][8, 26][8, 26][8, 26][8, 26] 
[13, 0, 25, 7, 27, 2, 10, 29, 15, 5, 21, 6, 16, 28][4, 1, 3, 24, 14, 9, 23, 20, 7][11, 17, 18, 12, 8, 26, 0, 22][8, 26][18, 19][8, 26][8, 26][8, 26][8, 26][0, 26][8, 26][8, 26] 
[13, 0, 25, 7, 27, 2, 10, 29, 15, 5, 21, 6, 16, 28][4, 1, 3, 24, 14, 9, 23, 20, 7][11, 17, 18, 12, 8, 26, 0, 22][0, 25][0, 26][18, 19][0, 13][8, 26][8, 26][8, 26][8, 26][8, 26] 
[13, 0, 25, 7, 27, 2, 10, 29, 15, 5, 21, 6, 16, 28][4, 1, 3, 24, 14, 9, 23, 20, 7][11, 17, 18, 12, 8, 26, 0, 22][8, 26][18, 19][8, 26][8, 26][8, 26][8, 26][0, 26][8, 26][8, 26] 
[13, 0, 25, 7, 27, 2, 10, 29, 15, 5, 21, 6, 16, 28][11, 17, 18, 12, 8, 26, 0, 22][4, 1, 3, 24, 14, 9, 23, 20][8, 26][7, 20][18, 19][8, 26][8, 26][8, 26][8, 26][8, 26][8, 26] 
[13, 0, 25, 7, 27, 2, 10, 29, 15, 5, 21, 6, 16, 28][4, 1, 3, 24, 14, 9, 23, 20, 7][11, 17, 18, 12, 8, 26, 0, 22][0, 25][0, 26][18, 19][0, 13][8, 26][8, 26][8, 26][8, 26][8, 26] 
[13, 0, 25, 7, 27, 2, 10, 29, 15, 5, 21, 6, 16, 28][4, 1, 3, 24, 14, 9, 23, 20, 7][11, 17, 18, 12, 8, 26, 0, 22][8, 26][18, 19][8, 26][8, 26][8, 26][8, 26][0, 26][8, 26][8, 26] 
[13, 0, 25, 7, 27, 2, 10, 29, 15, 5, 21, 6, 16, 28][4, 1, 3, 24, 14, 9, 23, 20, 7][11, 17, 18, 12, 8, 26, 0, 22][8, 26][18, 19][8, 26][8, 26][8, 26][8, 26][0, 26][8, 26][8, 26] 
[13, 0, 25, 7, 27, 2, 10, 29, 15, 5, 21, 6, 16, 28][4, 1, 3, 24, 14, 9, 23, 20, 7][11, 17, 18, 12, 8, 26, 0, 22][8, 26][18, 19][8, 26][8, 26][8, 26][8, 26][0, 26][8, 26][8, 26] 
[13, 0, 25, 7, 27, 2, 10, 29, 15, 5, 21, 6, 16, 28][11, 17, 18, 12, 8, 26, 0, 22][7, 20, 23, 9, 14, 24][4, 1, 3, 24][8, 26][18, 19][8, 26][8, 26][8, 26][8, 26][8, 26][8, 26] 
[13, 0, 25, 7, 27, 2, 10, 29, 15, 5, 21, 6, 16, 28][4, 1, 3, 24, 14, 9, 23, 20, 7][11, 17, 18, 12, 8, 26, 0, 22][8, 26][18, 19][8, 26][8, 26][0, 26][0, 26][0, 26][8, 26][8, 26] 
[13, 0, 25, 7, 27, 2, 10, 29, 15, 5, 21, 6, 16, 28][4, 1, 3, 24, 14, 9, 23, 20, 7][11, 17, 18, 12, 8, 26, 0, 22][8, 26][18, 19][8, 26][8, 26][0, 26][0, 26][0, 26][8, 26][8, 26] 
[13, 0, 25, 7, 27, 2, 10, 29, 15, 5, 21, 6, 16, 28][4, 1, 3, 24, 14, 9, 23, 20, 7][11, 17, 18, 12, 8, 26, 0, 22][8, 26][18, 19][8, 26][8, 26][8, 26][8, 26][0, 26][8, 26][8, 26] 
[9, 3, 1, 23, 24, 20][12, 8, 19, 18, 17, 22][28, 16, 27, 29][5, 21, 2, 10][11, 25, 0, 26][7, 4, 14][6, 16, 15][5, 6, 13][14, 20][7, 28][0, 28][0, 18] 
[9, 3, 1, 23, 24, 20][12, 8, 19, 18, 17, 22][28, 16, 27, 29][11, 25, 0, 26][5, 21, 2, 10][7, 4, 14][6, 16, 15][5, 6, 13][7, 28][14, 20][0, 28][0, 18] 
[9, 3, 1, 23, 24, 20][12, 8, 19, 18, 17, 22][28, 16, 27, 29][5, 21, 2, 10][11, 25, 0, 26][7, 4, 14][6, 16, 15][5, 6, 13][14, 20][7, 28][0, 28][0, 18] 
[9, 3, 1, 23, 24, 20][12, 8, 19, 18, 17, 22][28, 16, 27, 29][5, 21, 2, 10][11, 25, 0, 26][7, 4, 14][6, 16, 15][5, 6, 13][14, 20][7, 28][0, 28][0, 18] 
[9, 3, 1, 23, 24, 20][12, 8, 19, 18, 17, 22][28, 16, 27, 29][11, 25, 0, 26][5, 21, 2, 10][7, 4, 14][6, 16, 15][5, 6, 13][7, 28][14, 20][0, 28][0, 18] 
[9, 3, 1, 23, 24, 20][12, 8, 19, 18, 17, 22][28, 16, 27, 29][11, 25, 0, 26][5, 21, 2, 10][7, 4, 14][6, 16, 15][5, 6, 13][7, 28][14, 20][0, 28][0, 18] 
[9, 3, 1, 23, 24, 20][12, 8, 19, 18, 17, 22][28, 16, 27, 29][11, 25, 0, 26][5, 21, 2, 10][7, 4, 14][6, 16, 15][5, 6, 13][7, 28][14, 20][0, 28][0, 18] 
[9, 3, 1, 23, 24, 20][12, 8, 19, 18, 17, 22][28, 16, 27, 29][5, 21, 2, 10][11, 25, 0, 26][7, 4, 14][6, 16, 15][5, 6, 13][14, 20][7, 28][0, 28][0, 18] 
[9, 3, 1, 23, 24, 20][12, 8, 19, 18, 17, 22][28, 16, 27, 29][11, 25, 0, 26][5, 21, 2, 10][7, 4, 14][6, 16, 15][5, 6, 13][7, 28][14, 20][0, 28][0, 18] 
[9, 3, 1, 23, 24, 20][12, 8, 19, 18, 17, 22][28, 16, 27, 29][11, 25, 0, 26][5, 21, 2, 10][7, 4, 14][6, 16, 15][5, 6, 13][7, 28][14, 20][0, 28][0, 18] 
[9, 3, 1, 23, 24, 20][12, 8, 19, 18, 17, 22][28, 16, 27, 29][5, 21, 2, 10][11, 25, 0, 26][7, 4, 14][6, 16, 15][5, 6, 13][14, 20][7, 28][0, 28][0, 18] 
[9, 3, 1, 23, 24, 20][12, 8, 19, 18, 17, 22][28, 16, 27, 29][5, 21, 2, 10][11, 25, 0, 26][7, 4, 14][6, 16, 15][5, 6, 13][14, 20][7, 28][0, 28][0, 18] 
[9, 3, 1, 23, 24, 20][12, 8, 19, 18, 17, 22][28, 16, 27, 29][11, 25, 0, 26][5, 21, 2, 10][7, 4, 14][6, 16, 15][5, 6, 13][7, 28][14, 20][0, 28][0, 18] 
[9, 3, 1, 23, 24, 20][12, 8, 19, 18, 17, 22][28, 16, 27, 29][5, 21, 2, 10][11, 25, 0, 26][6, 16, 15][5, 6, 13][7, 4, 14][0, 28][7, 28][14, 20][0, 18] 
[9, 3, 1, 23, 24, 20][12, 8, 19, 18, 17, 22][28, 16, 27, 29][5, 21, 2, 10][11, 25, 0, 26][7, 4, 14][6, 16, 15][5, 6, 13][14, 20][7, 28][0, 28][0, 18] 
[9, 3, 1, 23, 24, 20][12, 8, 19, 18, 17, 22][28, 16, 27, 29][11, 25, 0, 26][5, 21, 2, 10][7, 4, 14][6, 16, 15][5, 6, 13][7, 20][7, 28][0, 28][0, 18] 
[12, 8, 19, 18, 17, 22][9, 3, 1, 23, 24, 20][5, 21, 2, 10][28, 16, 27, 29][11, 25, 0, 26][6, 16, 15][7, 4, 14][5, 6, 13][0, 28][0, 18][7, 28][7, 20] 
[12, 8, 19, 18, 17, 22][9, 3, 1, 23, 24, 20][5, 21, 2, 10][28, 16, 27, 29][11, 25, 0, 26][5, 6, 13][6, 16, 15][7, 4, 14][0, 28][0, 18][7, 28][7, 20] 
[9, 3, 1, 23, 24, 20][12, 8, 19, 18, 17, 22][28, 16, 27, 29][5, 21, 2, 10][11, 25, 0, 26][6, 16, 15][5, 6, 13][7, 4, 14][7, 28][0, 28][7, 20][0, 18] 
[9, 3, 1, 23, 24, 20][12, 8, 19, 18, 17, 22][11, 25, 0, 26][28, 16, 27, 29][5, 21, 2, 10][7, 4, 14][6, 16, 15][5, 6, 13][0, 28][7, 28][7, 20][0, 18] 
[9, 3, 1, 23, 24, 20][12, 8, 19, 18, 17, 22][10, 2, 21, 5, 15][28, 16, 27, 29][11, 25, 0, 26][5, 6, 13][7, 4, 14][6, 16][7, 28][7, 20][0, 28][0, 18] 
[9, 3, 1, 23, 24, 20][12, 8, 19, 18, 17, 22][28, 16, 27, 29][5, 21, 2, 10][11, 25, 0, 26][7, 4, 14][6, 16, 15][5, 6, 13][14, 20][7, 28][0, 28][0, 18] 
[9, 3, 1, 23, 24, 20][12, 8, 19, 18, 17, 22][28, 16, 27, 29][11, 25, 0, 26][5, 21, 2, 10][7, 4, 14][6, 16, 15][5, 6, 13][7, 28][14, 20][0, 28][0, 18] 
[12, 8, 19, 18, 17, 22][9, 3, 1, 23, 24, 20][11, 25, 0, 26][28, 16, 27, 29][5, 21, 2, 10][6, 16, 15][5, 6, 13][7, 4, 14][0, 18][0, 28][7, 28][14, 20] 
[9, 3, 1, 23, 24, 20][12, 8, 19, 18, 17, 22][28, 16, 27, 29][11, 25, 0, 26][5, 21, 2, 10][7, 4, 14][6, 16, 15][5, 6, 13][7, 28][14, 20][0, 28][0, 18] 
[9, 3, 1, 23, 24, 20][12, 8, 19, 18, 17, 22][28, 16, 27, 29][11, 25, 0, 26][5, 21, 2, 10][7, 4, 14][6, 16, 15][5, 6, 13][7, 28][14, 20][0, 28][0, 18] 
[12, 8, 19, 18, 17, 22][9, 3, 1, 23, 24, 20][5, 21, 2, 10][28, 16, 27, 29][11, 25, 0, 26][6, 16, 15][7, 4, 14][5, 6, 13][0, 28][0, 18][7, 28][7, 20] 
[12, 8, 19, 18, 17, 22][9, 3, 1, 23, 24, 20][11, 25, 0, 26][28, 16, 27, 29][5, 21, 2, 10][6, 16, 15][5, 6, 13][7, 4, 14][0, 18][0, 28][7, 28][14, 20] 
[9, 3, 1, 23, 24, 20][12, 8, 19, 18, 17, 22][11, 25, 0, 26][28, 16, 27, 29][5, 21, 2, 10][7, 4, 14][6, 16, 15][5, 6, 13][0, 28][7, 28][7, 20][0, 18] 
[12, 8, 19, 18, 17, 22][9, 3, 1, 23, 24, 20][28, 16, 27, 29][11, 25, 0, 26][5, 21, 2, 10][6, 16, 15][5, 6, 13][7, 4, 14][0, 28][0, 18][7, 28][7, 20] 
[12, 8, 19, 18, 17, 22][9, 3, 1, 23, 24, 20][28, 16, 27, 29][11, 25, 0, 26][5, 21, 2, 10][6, 16, 15][5, 6, 13][7, 4, 14][0, 28][0, 18][7, 28][7, 20] 
[12, 8, 19, 18, 17, 22][9, 3, 1, 23, 24, 20][5, 21, 2, 10][28, 16, 27, 29][11, 25, 0, 26][5, 6, 13][6, 16, 15][7, 4, 14][0, 28][0, 18][7, 28][7, 20] 
[12, 8, 19, 18, 17, 22][9, 3, 1, 23, 24, 20][28, 16, 27, 29][11, 25, 0, 26][5, 21, 2, 10][6, 16, 15][5, 6, 13][7, 4, 14][0, 28][0, 18][7, 28][7, 20] 
[9, 3, 1, 23, 24, 20][12, 8, 19, 18, 17, 22][11, 25, 0, 26][28, 16, 27, 29][5, 21, 2, 10][7, 4, 14][6, 16, 15][5, 6, 13][0, 28][7, 28][7, 20][0, 18] 
[12, 8, 19, 18, 17, 22][9, 3, 1, 23, 24, 20][5, 21, 2, 10][28, 16, 27, 29][11, 25, 0, 26][6, 16, 15][7, 4, 14][5, 6, 13][0, 28][0, 18][7, 28][7, 20] 
[12, 8, 19, 18, 17, 22][9, 3, 1, 23, 24, 20][28, 16, 27, 29][11, 25, 0, 26][5, 21, 2, 10][6, 16, 15][5, 6, 13][7, 4, 14][0, 28][0, 18][7, 28][7, 20] 
[12, 8, 19, 18, 17, 22][9, 3, 1, 23, 24, 20][5, 21, 2, 10][28, 16, 27, 29][11, 25, 0, 26][5, 6, 13][6, 16, 15][7, 4, 14][0, 28][0, 18][7, 28][7, 20] 
[12, 8, 19, 18, 17, 22][9, 3, 1, 23, 24, 20][5, 21, 2, 10][28, 16, 27, 29][11, 25, 0, 26][5, 6, 13][6, 16, 15][7, 4, 14][0, 28][0, 18][7, 28][7, 20] 
[9, 3, 1, 23, 24, 20][12, 8, 19, 18, 17, 22][11, 25, 0, 26][28, 16, 27, 29][5, 21, 2, 10][7, 4, 14][6, 16, 15][5, 6, 13][0, 28][7, 28][7, 20][0, 18] 
[12, 8, 19, 18, 17, 22][9, 3, 1, 23, 24, 20][5, 21, 2, 10][28, 16, 27, 29][11, 25, 0, 26][5, 6, 13][6, 16, 15][7, 4, 14][0, 28][0, 18][7, 28][7, 20] 
[12, 8, 19, 18, 17, 22][9, 3, 1, 23, 24, 20][5, 21, 2, 10][28, 16, 27, 29][11, 25, 0, 26][5, 6, 13][6, 16, 15][7, 4, 14][0, 28][0, 18][7, 28][7, 20] 
[12, 8, 19, 18, 17, 22][9, 3, 1, 23, 24, 20][5, 21, 2, 10][28, 16, 27, 29][11, 25, 0, 26][5, 6, 13][6, 16, 15][7, 4, 14][0, 28][0, 18][7, 28][7, 20] 
[9, 3, 1, 23, 24, 20][12, 8, 19, 18, 17, 22][11, 25, 0, 26][28, 16, 27, 29][5, 21, 2, 10][7, 4, 14][6, 16, 15][5, 6, 13][0, 28][7, 28][7, 20][0, 18] 
[9, 3, 1, 23, 24, 20][12, 8, 19, 18, 17, 22][10, 2, 21, 5, 15][28, 16, 27, 29][11, 25, 0, 26][5, 6, 13][7, 4, 14][6, 16][7, 28][7, 20][0, 28][0, 18] 
[9, 3, 1, 23, 24, 20][12, 8, 19, 18, 17, 22][10, 2, 21, 5, 15][28, 16, 27, 29][11, 25, 0, 26][5, 6, 13][7, 4, 14][6, 16][7, 28][7, 20][0, 28][0, 18] 
[9, 3, 1, 23, 24, 20][12, 8, 19, 18, 17, 22][10, 2, 21, 5, 15][28, 16, 27, 29][11, 25, 0, 26][5, 6, 13][7, 4, 14][6, 16][7, 28][7, 20][0, 28][0, 18] 
[9, 3, 1, 23, 24, 20][12, 8, 19, 18, 17, 22][10, 2, 21, 5, 15][28, 16, 27, 29][11, 25, 0, 26][5, 6, 13][7, 4, 14][6, 16][7, 28][7, 20][0, 28][0, 18] 
[9, 3, 1, 23, 24, 20][12, 8, 19, 18, 17, 22][10, 2, 21, 5, 15][28, 16, 27, 29][11, 25, 0, 26][5, 6, 13][7, 4, 14][6, 16][7, 28][7, 20][0, 28][0, 18] 
[9, 3, 1, 23, 24, 20][12, 8, 19, 18, 17, 22][10, 2, 21, 5, 15][28, 16, 27, 29][11, 25, 0, 26][5, 6, 13][7, 4, 14][6, 16][7, 28][7, 20][0, 28][0, 18] 
[9, 3, 1, 23, 24, 20][12, 8, 19, 18, 17, 22][28, 16, 27, 29][5, 21, 2, 10][11, 25, 0, 26][7, 4, 14][6, 16, 15][5, 6, 13][14, 20][7, 28][0, 28][0, 18] 
[9, 3, 1, 23, 24, 20][12, 8, 19, 18, 17, 22][28, 16, 27, 29][5, 21, 2, 10][11, 25, 0, 26][7, 4, 14][6, 16, 15][5, 6, 13][14, 20][7, 28][0, 28][0, 18] 
[9, 3, 1, 23, 24, 20][12, 8, 19, 18, 17, 22][28, 16, 27, 29][11, 25, 0, 26][5, 21, 2, 10][7, 4, 14][6, 16, 15][5, 6, 13][7, 28][14, 20][0, 28][0, 18] 
[9, 3, 1, 23, 24, 20][12, 8, 19, 18, 17, 22][28, 16, 27, 29][11, 25, 0, 26][5, 21, 2, 10][7, 4, 14][6, 16, 15][5, 6, 13][7, 28][14, 20][0, 28][0, 18] 
[9, 3, 1, 23, 24, 20][12, 8, 19, 18, 17, 22][28, 16, 27, 29][11, 25, 0, 26][5, 21, 2, 10][7, 4, 14][6, 16, 15][5, 6, 13][7, 28][14, 20][0, 28][0, 18] 
[9, 3, 1, 23, 24, 20][12, 8, 19, 18, 17, 22][28, 16, 27, 29][11, 25, 0, 26][5, 21, 2, 10][7, 4, 14][6, 16, 15][5, 6, 13][7, 20][7, 28][0, 28][0, 18] 
[9, 3, 1, 23, 24, 20][12, 8, 19, 18, 17, 22][28, 16, 27, 29][5, 21, 2, 10][11, 25, 0, 26][7, 4, 14][6, 16, 15][5, 6, 13][14, 20][7, 28][0, 28][0, 18] 
