[4, 24, 1, 3, 9, 23][15, 2, 16, 7, 20][11, 25, 28, 17, 22][8, 26, 0, 19, 12][21, 10, 29, 27][5, 6, 13, 18][16, 27][20, 24][6, 10][18, 22][12, 22][4, 14] 
[4, 24, 1, 3, 9, 23][15, 2, 16, 7, 20][11, 25, 28, 17, 22][8, 26, 0, 19, 12][21, 10, 29, 27][5, 6, 13, 18][16, 27][20, 24][6, 10][18, 22][12, 22][4, 14] 
[4, 24, 1, 3, 9, 23][15, 2, 16, 7, 20][11, 25, 28, 17, 22][8, 26, 0, 19, 12][21, 10, 29, 27][5, 6, 13, 18][16, 27][20, 24][6, 10][18, 22][12, 22][4, 14] 
[15, 2, 16, 7, 20][23, 9, 3, 1, 24][8, 26, 0, 19, 12][21, 10, 29, 27][5, 6, 13, 18][12, 22, 17, 28][14, 4, 24][11, 25, 28][16, 27][20, 24][6, 10][18, 22] 
[23, 1, 3, 9, 14, 11, 25][15, 2, 16, 7, 20][8, 26, 0, 19, 12][21, 10, 29, 27][5, 6, 13, 18][18, 22, 17, 28][6, 10][16, 27][12, 22][20, 24][4, 24][3, 4] 
[23, 1, 3, 9, 14, 11, 25][15, 2, 16, 7, 20][18, 0, 19, 8, 26][21, 10, 29, 27][12, 22, 17, 28][3, 4, 24][5, 6, 13][20, 24][16, 27][6, 10][13, 18][18, 22] 
[4, 24, 1, 3, 9, 23][11, 25, 28, 17, 22][8, 26, 0, 19, 12][15, 2, 16, 7, 20][5, 6, 13, 18][21, 10, 29, 27][18, 22][12, 22][6, 10][16, 27][20, 24][4, 14] 
[23, 1, 3, 9, 14, 11, 25][15, 2, 16, 7, 20][8, 26, 0, 19, 12][21, 10, 29, 27][5, 6, 13, 18][18, 22, 17, 28][6, 10][16, 27][12, 22][20, 24][4, 24][3, 4] 
[23, 1, 3, 9, 14, 11, 25][15, 2, 16, 7, 20][8, 26, 0, 19, 12][21, 10, 29, 27][5, 6, 13, 18][3, 4, 24][22, 17, 28][16, 27][20, 24][6, 10][18, 22][12, 22] 
[23, 1, 3, 9, 14, 11, 25][15, 2, 16, 7, 20][8, 26, 0, 19, 12][21, 10, 29, 27][5, 6, 13, 18][18, 22, 17, 28][16, 27][6, 10][20, 24][12, 22][4, 24][3, 4] 
[4, 24, 1, 3, 9, 23][15, 2, 16, 7, 20][11, 25, 28, 17, 22][8, 26, 0, 19, 12][21, 10, 29, 27][5, 6, 13, 18][16, 27][20, 24][6, 10][18, 22][12, 22][4, 14] 
[4, 24, 1, 3, 9, 23][15, 2, 16, 7, 20][11, 25, 28, 17, 22][8, 26, 0, 19, 12][21, 10, 29, 27][5, 6, 13, 18][16, 27][20, 24][6, 10][18, 22][12, 22][4, 14] 
[4, 24, 1, 3, 9, 23][15, 2, 16, 7, 20][11, 25, 28, 17, 22][8, 26, 0, 19, 12][21, 10, 29, 27][5, 6, 13, 18][16, 27][20, 24][6, 10][18, 22][12, 22][4, 14] 
[4, 24, 1, 3, 9, 23][15, 2, 16, 7, 20][8, 26, 0, 19, 12][21, 10, 29, 27][5, 6, 13, 18][18, 22, 17, 28][14, 11, 25][20, 24][16, 27][6, 10][4, 14][12, 22] 
[23, 1, 3, 9, 14, 11, 25][15, 2, 16, 7, 20][18, 0, 19, 8, 26][21, 10, 29, 27][12, 22, 17, 28][3, 4, 24][5, 6, 13][20, 24][16, 27][6, 10][13, 18][18, 22] 
[23, 1, 3, 9, 14, 11, 25][15, 2, 16, 7, 20][8, 26, 0, 19, 12][21, 10, 29, 27][5, 6, 13, 18][18, 22, 17, 28][6, 10][16, 27][12, 22][20, 24][4, 24][3, 4] 
[4, 24, 1, 3, 9, 23][15, 2, 16, 7, 20][11, 25, 28, 17, 22][8, 26, 0, 19, 12][21, 10, 29, 27][5, 6, 13, 18][16, 27][20, 24][6, 10][18, 22][12, 22][4, 14] 
[4, 24, 1, 3, 9, 23][15, 2, 16, 7, 20][11, 25, 28, 17, 22][8, 26, 0, 19, 12][21, 10, 29, 27][5, 6, 13, 18][16, 27][20, 24][6, 10][18, 22][12, 22][4, 14] 
[23, 1, 3, 9, 14, 11, 25][15, 2, 16, 7, 20][8, 26, 0, 19, 12][21, 10, 29, 27][5, 6, 13, 18][18, 22, 17, 28][6, 10][16, 27][12, 22][20, 24][4, 24][3, 4] 
[4, 24, 1, 3, 9, 23][15, 2, 16, 7, 20][11, 25, 28, 17, 22][8, 26, 0, 19, 12][21, 10, 29, 27][5, 6, 13, 18][16, 27][20, 24][6, 10][18, 22][12, 22][4, 14] 
[4, 24, 1, 3, 9, 23][15, 2, 16, 7, 20][11, 25, 28, 17, 22][8, 26, 0, 19, 12][21, 10, 29, 27][5, 6, 13, 18][16, 27][20, 24][6, 10][18, 22][12, 22][4, 14] 
[4, 24, 1, 3, 9, 23][15, 2, 16, 7, 20][11, 25, 28, 17, 22][8, 26, 0, 19, 12][21, 10, 29, 27][5, 6, 13, 18][16, 27][20, 24][6, 10][18, 22][12, 22][4, 14] 
[4, 24, 1, 3, 9, 23][15, 2, 16, 7, 20][11, 25, 28, 17, 22][8, 26, 0, 19, 12][21, 10, 29, 27][5, 6, 13, 18][16, 27][20, 24][6, 10][18, 22][12, 22][4, 14] 
[23, 1, 3, 9, 14, 11, 25][15, 2, 16, 7, 20][8, 26, 0, 19, 12][21, 10, 29, 27][5, 6, 13, 18][18, 22, 17, 28][6, 10][16, 27][12, 22][20, 24][4, 24][3, 4] 
[23, 1, 3, 9, 14, 11, 25][15, 2, 16, 7, 20][18, 0, 19, 8, 26][21, 10, 29, 27][12, 22, 17, 28][3, 4, 24][5, 6, 13][20, 24][16, 27][6, 10][13, 18][18, 22] 
[23, 1, 3, 9, 14, 11, 25][15, 2, 16, 7, 20][8, 26, 0, 19, 12][21, 10, 29, 27][5, 6, 13, 18][18, 22, 17, 28][16, 27][6, 10][20, 24][12, 22][4, 24][3, 4] 
[4, 24, 1, 3, 9, 23][15, 2, 16, 7, 20][11, 25, 28, 17, 22][8, 26, 0, 19, 12][21, 10, 29, 27][5, 6, 13, 18][16, 27][20, 24][6, 10][18, 22][12, 22][4, 14] 
[4, 24, 1, 3, 9, 23][15, 2, 16, 7, 20][11, 25, 28, 17, 22][8, 26, 0, 19, 12][21, 10, 29, 27][5, 6, 13, 18][16, 27][20, 24][6, 10][18, 22][12, 22][4, 14] 
[4, 24, 1, 3, 9, 23][15, 2, 16, 7, 20][8, 26, 0, 19, 12][21, 10, 29, 27][5, 6, 13, 18][18, 22, 17, 28][14, 11, 25][20, 24][16, 27][6, 10][4, 14][12, 22] 
[23, 1, 3, 9, 14, 11, 25][15, 2, 16, 7, 20][21, 10, 29, 27][5, 6, 13, 18][12, 22, 17, 28][0, 19, 8, 26][14, 4, 24][16, 27][6, 10][20, 24][18, 22][12, 19] 
[4, 24, 1, 3, 9, 23][15, 2, 16, 7, 20][11, 25, 28, 17, 22][8, 26, 0, 19, 12][21, 10, 29, 27][5, 6, 13, 18][16, 27][20, 24][6, 10][18, 22][12, 22][4, 14] 
[4, 24, 1, 3, 9, 23][15, 2, 16, 7, 20][11, 25, 28, 17, 22][8, 26, 0, 19, 12][21, 10, 29, 27][5, 6, 13, 18][16, 27][20, 24][6, 10][18, 22][12, 22][4, 14] 
[23, 1, 3, 9, 14, 11, 25][15, 2, 16, 7, 20][8, 26, 0, 19, 12][21, 10, 29, 27][5, 6, 13, 18][18, 22, 17, 28][6, 10][16, 27][12, 22][20, 24][4, 24][3, 4] 
[4, 24, 1, 3, 9, 23][15, 2, 16, 7, 20][11, 25, 28, 17, 22][8, 26, 0, 19, 12][21, 10, 29, 27][5, 6, 13, 18][16, 27][20, 24][6, 10][18, 22][12, 22][4, 14] 
[4, 24, 1, 3, 9, 23][15, 2, 16, 7, 20][11, 25, 28, 17, 22][8, 26, 0, 19, 12][21, 10, 29, 27][5, 6, 13, 18][16, 27][20, 24][6, 10][18, 22][12, 22][4, 14] 
[19, 22, 12, 8, 26, 0, 18, 13, 6, 5, 21, 10, 16, 2, 29][10, 15, 27, 16, 7, 20, 14, 1, 9, 3, 11][4, 3, 9, 23, 24, 20, 7][11, 25, 28, 17][0, 26, 8][16, 27][19, 22][3, 9][19, 22][8, 26][1, 14][2, 29] 
[19, 22, 12, 8, 26, 0, 18, 13, 6, 5, 21, 10, 16, 2, 29][11, 3, 9, 1, 14, 20, 7, 16, 27, 15][4, 3, 9, 23, 24][11, 25, 28, 17][16, 27][19, 22][3, 9][19, 22][8, 26][8, 26][1, 14][2, 29] 
[19, 22, 12, 8, 26, 0, 18, 13, 6, 5, 21, 10, 16, 2, 29][11, 3, 9, 1, 14, 20, 7, 16, 27, 15][4, 3, 9, 23, 24][11, 25, 28, 17][16, 27][19, 22][3, 9][19, 22][8, 26][8, 26][1, 14][2, 29] 
[2, 16, 10, 21, 5, 6, 13, 18, 0, 26, 8, 12, 22, 19][3, 9, 1, 14, 11, 25, 28, 17, 22][7, 2, 29, 15, 27][14, 24, 20][1, 14][3, 4][1, 14][8, 26][4, 23][8, 12][8, 26][13, 18] 
[2, 16, 10, 21, 5, 6, 13, 18, 0, 26, 8, 12, 22, 19][3, 9, 1, 14, 11, 25, 28, 17, 22][7, 2, 29, 15, 27][14, 24, 20][1, 14][3, 4][1, 14][8, 26][4, 23][8, 12][8, 26][13, 18] 
[22, 12, 8, 26, 0, 18, 13, 6, 5, 21, 10, 16, 2, 29][23, 4, 3, 9, 1, 14, 11, 25][10, 7, 20, 24, 23][22, 17, 28][15, 27, 16][19, 12, 22][5, 6][3, 9][10, 21][16, 27][17, 28][3, 9] 
[19, 22, 12, 8, 26, 0, 18, 13, 6, 5, 21, 10, 16, 2, 29][10, 15, 27, 16, 7, 20, 14, 1, 9, 3, 11][4, 3, 9, 23, 24, 20, 7][11, 25, 28, 17][0, 26, 8][16, 27][19, 22][3, 9][19, 22][8, 26][1, 14][2, 29] 
[19, 22, 12, 8, 26, 0, 18, 13, 6, 5, 21, 10, 16, 2, 29][11, 3, 9, 1, 14, 20, 7, 16, 27, 15][4, 3, 9, 23, 24][11, 25, 28, 17][0, 26, 8][16, 27][19, 22][3, 9][19, 22][8, 26][1, 14][2, 29] 
[2, 16, 10, 21, 5, 6, 13, 18, 0, 26, 8, 12, 22, 19][3, 9, 1, 14, 11, 25, 28, 17, 22][7, 2, 29, 15, 27][14, 24, 20][1, 14][3, 4][1, 14][8, 26][4, 23][8, 12][8, 26][13, 18] 
[19, 22, 12, 8, 26, 0, 18, 13, 6, 5, 21, 10, 16, 2, 29][11, 3, 9, 1, 14, 20, 7, 16, 27, 15][4, 3, 9, 23, 24, 20, 7][11, 25, 28, 17][16, 27][19, 22][3, 9][19, 22][8, 26][8, 26][1, 14][2, 29] 
[19, 22, 12, 8, 26, 0, 18, 13, 6, 5, 21, 10, 16, 2, 29][10, 15, 27, 16, 7, 20, 14, 1, 9, 3, 11][4, 3, 9, 23, 24, 20, 7][11, 25, 28, 17][16, 27][19, 22][3, 9][19, 22][8, 26][8, 26][1, 14][2, 29] 
[19, 22, 12, 8, 26, 0, 18, 13, 6, 5, 21, 10, 16, 2, 29][11, 3, 9, 1, 14, 20, 7, 16, 27, 15][4, 3, 9, 23, 24][11, 25, 28, 17][16, 27][19, 22][3, 9][19, 22][8, 26][8, 26][1, 14][2, 29] 
[2, 16, 10, 21, 5, 6, 13, 18, 0, 26, 8, 12, 22, 19][3, 9, 1, 14, 11, 25, 28, 17, 22][7, 2, 29, 15, 27][14, 24, 20][1, 14][3, 4][1, 14][8, 26][4, 23][8, 12][8, 26][13, 18] 
[19, 22, 12, 8, 26, 0, 18, 13, 6, 5, 21, 10, 16, 2, 29][11, 3, 9, 1, 14, 20, 7, 16, 27, 15][4, 3, 9, 23, 24, 20, 7][11, 25, 28, 17][16, 27][19, 22][3, 9][19, 22][8, 26][8, 26][1, 14][2, 29] 
[19, 22, 12, 8, 26, 0, 18, 13, 6, 5, 21, 10, 16, 2, 29][11, 3, 9, 1, 14, 20, 7, 16, 27, 15][4, 3, 9, 23, 24, 20][11, 25, 28, 17][16, 27][19, 22][3, 9][19, 22][8, 26][8, 26][1, 14][2, 29] 
[19, 22, 12, 8, 26, 0, 18, 13, 6, 5, 21, 10, 16, 2, 29][11, 3, 9, 1, 14, 20, 7, 16, 27, 15, 10, 2, 29][4, 3, 9, 23, 24, 20, 7][11, 25, 28, 17][15, 27, 16][19, 22][3, 9][19, 22][8, 26][8, 26][1, 14][2, 29] 
[19, 22, 12, 8, 26, 0, 18, 13, 6, 5, 21, 10, 16, 2, 29][2, 29, 15, 27, 16, 7, 20, 14, 1, 9, 3, 11][4, 3, 9, 23, 24, 20, 7][11, 25, 28, 17][16, 27][19, 22][3, 9][19, 22][8, 26][8, 26][1, 14][2, 29] 
[19, 22, 12, 8, 26, 0, 18, 13, 6, 5, 21, 10, 16, 2, 29][11, 3, 9, 1, 14, 20, 7, 16, 27, 15][4, 3, 9, 23, 24][11, 25, 28, 17][16, 27][19, 22][3, 9][19, 22][8, 26][8, 26][1, 14][2, 29] 
[19, 22, 12, 8, 26, 0, 18, 13, 6, 5, 21, 10, 16, 2, 29][11, 3, 9, 1, 14, 20, 7, 16, 27, 15, 10, 2, 29][7, 20, 24, 23, 9, 3, 4, 14, 11][11, 25, 28, 17][15, 27, 16][19, 22][3, 9][19, 22][8, 26][8, 26][1, 14][2, 29] 
[19, 22, 12, 8, 26, 0, 18, 13, 6, 5, 21, 10, 16, 2, 29][11, 3, 9, 1, 14, 20, 7, 16, 27, 15, 10, 2, 29][7, 20, 24, 23, 9, 3, 4, 14, 11][11, 25, 28, 17][15, 27, 16][19, 22][3, 9][19, 22][8, 26][8, 26][1, 14][2, 29] 
[19, 22, 12, 8, 26, 0, 18, 13, 6, 5, 21, 10, 16, 2, 29][10, 2, 29, 15, 27, 16, 7, 20, 14, 1, 9, 3, 11][4, 3, 9, 23, 24, 20, 7][11, 25, 28, 17][16, 27][19, 22][3, 9][19, 22][8, 26][8, 26][1, 14][2, 29] 
[23, 1, 3, 9, 14, 11, 25][15, 2, 16, 7, 20][5, 6, 13, 18][12, 22, 17, 28][21, 10, 29, 27][0, 19, 8, 26][3, 4, 24][18, 22][6, 10][16, 27][20, 24][12, 19] 
[23, 1, 3, 9, 14, 11, 25][15, 2, 16, 7, 20][5, 6, 13, 18][12, 22, 17, 28][21, 10, 29, 27][0, 19, 8, 26][3, 4, 24][18, 22][6, 10][16, 27][20, 24][12, 19] 
[23, 1, 3, 9, 14, 11, 25][15, 2, 16, 7, 20][5, 6, 13, 18][12, 22, 17, 28][21, 10, 29, 27][0, 19, 8, 26][3, 4, 24][18, 22][6, 10][16, 27][20, 24][12, 19] 
[23, 1, 3, 9, 14, 11, 25][15, 2, 16, 7, 20][5, 6, 13, 18][12, 22, 17, 28][21, 10, 29, 27][0, 19, 8, 26][3, 4, 24][18, 22][6, 10][16, 27][20, 24][12, 19] 
[23, 1, 3, 9, 14, 11, 25][15, 2, 16, 7, 20][5, 6, 13, 18][12, 22, 17, 28][21, 10, 29, 27][0, 19, 8, 26][3, 4, 24][18, 22][6, 10][16, 27][20, 24][12, 19] 
[23, 1, 3, 9, 14, 11, 25][15, 2, 16, 7, 20][5, 6, 13, 18][12, 22, 17, 28][21, 10, 29, 27][0, 19, 8, 26][3, 4, 24][18, 22][6, 10][16, 27][20, 24][12, 19] 
[23, 1, 3, 9, 14, 11, 25][15, 2, 16, 7, 20][21, 10, 29, 27][5, 6, 13, 18][12, 22, 17, 28][0, 19, 8, 26][3, 4, 24][16, 27][20, 24][6, 10][18, 22][12, 19] 
[23, 1, 3, 9, 14, 11, 25][15, 2, 16, 7, 20][5, 6, 13, 18][12, 22, 17, 28][21, 10, 29, 27][0, 19, 8, 26][3, 4, 24][18, 22][6, 10][16, 27][20, 24][12, 19] 
[23, 1, 3, 9, 14, 11, 25][15, 2, 16, 7, 20][5, 6, 13, 18][12, 22, 17, 28][21, 10, 29, 27][0, 19, 8, 26][3, 4, 24][18, 22][6, 10][16, 27][20, 24][12, 19] 
[23, 1, 3, 9, 14, 11, 25][15, 2, 16, 7, 20][21, 10, 29, 27][5, 6, 13, 18][12, 22, 17, 28][0, 19, 8, 26][3, 4, 24][16, 27][20, 24][6, 10][18, 22][12, 19] 
[23, 1, 3, 9, 14, 11, 25][15, 2, 16, 7, 20][5, 6, 13, 18][12, 22, 17, 28][21, 10, 29, 27][0, 19, 8, 26][3, 4, 24][18, 22][6, 10][16, 27][20, 24][12, 19] 
[23, 1, 3, 9, 14, 11, 25][15, 2, 16, 7, 20][5, 6, 13, 18][12, 22, 17, 28][21, 10, 29, 27][0, 19, 8, 26][3, 4, 24][18, 22][6, 10][16, 27][20, 24][12, 19] 
[23, 1, 3, 9, 14, 11, 25][15, 2, 16, 7, 20][5, 6, 13, 18][12, 22, 17, 28][21, 10, 29, 27][0, 19, 8, 26][3, 4, 24][18, 22][6, 10][16, 27][20, 24][12, 19] 
[23, 1, 3, 9, 14, 11, 25][15, 2, 16, 7, 20][5, 6, 13, 18][12, 22, 17, 28][21, 10, 29, 27][0, 19, 8, 26][3, 4, 24][18, 22][6, 10][16, 27][20, 24][12, 19] 
[23, 1, 3, 9, 14, 11, 25][15, 2, 16, 7, 20][5, 6, 13, 18][12, 22, 17, 28][21, 10, 29, 27][0, 19, 8, 26][3, 4, 24][18, 22][6, 10][16, 27][20, 24][12, 19] 
[4, 24, 1, 3, 9, 23][15, 2, 16, 7, 20][11, 25, 28, 17, 22][8, 26, 0, 19, 12][21, 10, 29, 27][5, 6, 13, 18][16, 27][20, 24][6, 10][18, 22][12, 22][4, 14] 
[4, 24, 1, 3, 9, 23][15, 2, 16, 7, 20][11, 25, 28, 17, 22][8, 26, 0, 19, 12][21, 10, 29, 27][5, 6, 13, 18][16, 27][20, 24][6, 10][18, 22][12, 22][4, 14] 
[4, 24, 1, 3, 9, 23][15, 2, 16, 7, 20][11, 25, 28, 17, 22][8, 26, 0, 19, 12][21, 10, 29, 27][5, 6, 13, 18][16, 27][20, 24][6, 10][18, 22][12, 22][4, 14] 
[4, 24, 1, 3, 9, 23][15, 2, 16, 7, 20][11, 25, 28, 17, 22][8, 26, 0, 19, 12][21, 10, 29, 27][5, 6, 13, 18][16, 27][20, 24][6, 10][18, 22][12, 22][4, 14] 
[4, 24, 1, 3, 9, 23][15, 2, 16, 7, 20][11, 25, 28, 17, 22][8, 26, 0, 19, 12][21, 10, 29, 27][5, 6, 13, 18][16, 27][20, 24][6, 10][18, 22][12, 22][4, 14] 
[23, 4, 3, 9, 1, 14, 11, 25][15, 2, 16, 7, 20][21, 10, 29, 27][5, 6, 13, 18][12, 22, 17, 28][0, 19, 8, 26][6, 10][16, 27][20, 24][18, 22][4, 24][12, 19] 
[23, 1, 3, 9, 14, 11, 25][15, 2, 16, 7, 20][5, 6, 13, 18][12, 22, 17, 28][21, 10, 29, 27][0, 19, 8, 26][3, 4, 24][18, 22][6, 10][16, 27][20, 24][12, 19] 
[23, 1, 3, 9, 14, 11, 25][15, 2, 16, 7, 20][5, 6, 13, 18][12, 22, 17, 28][21, 10, 29, 27][0, 19, 8, 26][3, 4, 24][18, 22][6, 10][16, 27][20, 24][12, 19] 
[23, 1, 3, 9, 14, 11, 25][15, 2, 16, 7, 20][5, 6, 13, 18][12, 22, 17, 28][21, 10, 29, 27][0, 19, 8, 26][3, 4, 24][18, 22][6, 10][16, 27][20, 24][12, 19] 
[23, 1, 3, 9, 14, 11, 25][15, 2, 16, 7, 20][5, 6, 13, 18][12, 22, 17, 28][21, 10, 29, 27][0, 19, 8, 26][3, 4, 24][18, 22][6, 10][16, 27][20, 24][12, 19] 
[23, 1, 3, 9, 14, 11, 25][15, 2, 16, 7, 20][5, 6, 13, 18][12, 22, 17, 28][21, 10, 29, 27][0, 19, 8, 26][3, 4, 24][18, 22][6, 10][16, 27][20, 24][12, 19] 
[23, 1, 3, 9, 14, 11, 25][15, 2, 16, 7, 20][21, 10, 29, 27][5, 6, 13, 18][12, 22, 17, 28][0, 19, 8, 26][14, 4, 24][20, 24][16, 27][6, 10][18, 22][12, 19] 
[23, 1, 3, 9, 14, 11, 25][15, 2, 16, 7, 20][21, 10, 29, 27][5, 6, 13, 18][12, 22, 17, 28][0, 19, 8, 26][3, 4, 24][16, 27][20, 24][6, 10][18, 22][12, 19] 
[4, 24, 1, 3, 9, 23][15, 2, 16, 7, 20][11, 25, 28, 17, 22][8, 26, 0, 19, 12][21, 10, 29, 27][5, 6, 13, 18][16, 27][20, 24][6, 10][18, 22][12, 22][4, 14] 
[4, 24, 1, 3, 9, 23][15, 2, 16, 7, 20][11, 25, 28, 17, 22][8, 26, 0, 19, 12][21, 10, 29, 27][5, 6, 13, 18][16, 27][20, 24][6, 10][18, 22][12, 22][4, 14] 
[4, 24, 1, 3, 9, 23][15, 2, 16, 7, 20][11, 25, 28, 17, 22][8, 26, 0, 19, 12][21, 10, 29, 27][5, 6, 13, 18][16, 27][20, 24][6, 10][18, 22][12, 22][4, 14] 
[4, 24, 1, 3, 9, 23][15, 2, 16, 7, 20][11, 25, 28, 17, 22][8, 26, 0, 19, 12][21, 10, 29, 27][5, 6, 13, 18][16, 27][20, 24][6, 10][18, 22][12, 22][4, 14] 
[4, 24, 1, 3, 9, 23][15, 2, 16, 7, 20][11, 25, 28, 17, 22][8, 26, 0, 19, 12][21, 10, 29, 27][5, 6, 13, 18][16, 27][20, 24][6, 10][18, 22][12, 22][4, 14] 
[4, 24, 1, 3, 9, 23][15, 2, 16, 7, 20][11, 25, 28, 17, 22][8, 26, 0, 19, 12][21, 10, 29, 27][5, 6, 13, 18][16, 27][20, 24][6, 10][18, 22][12, 22][4, 14] 
[4, 24, 1, 3, 9, 23][15, 2, 16, 7, 20][11, 25, 28, 17, 22][8, 26, 0, 19, 12][21, 10, 29, 27][5, 6, 13, 18][16, 27][20, 24][6, 10][18, 22][12, 22][4, 14] 
[4, 24, 1, 3, 9, 23][15, 2, 16, 7, 20][11, 25, 28, 17, 22][8, 26, 0, 19, 12][21, 10, 29, 27][5, 6, 13, 18][16, 27][20, 24][6, 10][18, 22][12, 22][4, 14] 
[4, 24, 1, 3, 9, 23][15, 2, 16, 7, 20][11, 25, 28, 17, 22][8, 26, 0, 19, 12][21, 10, 29, 27][5, 6, 13, 18][16, 27][20, 24][6, 10][18, 22][12, 22][4, 14] 
[4, 24, 1, 3, 9, 23][15, 2, 16, 7, 20][11, 25, 28, 17, 22][8, 26, 0, 19, 12][21, 10, 29, 27][5, 6, 13, 18][16, 27][20, 24][6, 10][18, 22][12, 22][4, 14] 
[4, 24, 1, 3, 9, 23][15, 2, 16, 7, 20][11, 25, 28, 17, 22][8, 26, 0, 19, 12][21, 10, 29, 27][5, 6, 13, 18][16, 27][20, 24][6, 10][18, 22][12, 22][4, 14] 
[4, 24, 1, 3, 9, 23][15, 2, 16, 7, 20][11, 25, 28, 17, 22][8, 26, 0, 19, 12][21, 10, 29, 27][5, 6, 13, 18][16, 27][20, 24][6, 10][18, 22][12, 22][4, 14] 
[4, 24, 1, 3, 9, 23][15, 2, 16, 7, 20][11, 25, 28, 17, 22][8, 26, 0, 19, 12][21, 10, 29, 27][5, 6, 13, 18][16, 27][20, 24][6, 10][18, 22][12, 22][4, 14] 
[4, 24, 1, 3, 9, 23][15, 2, 16, 7, 20][11, 25, 28, 17, 22][8, 26, 0, 19, 12][21, 10, 29, 27][5, 6, 13, 18][16, 27][20, 24][6, 10][18, 22][12, 22][4, 14] 
[4, 24, 1, 3, 9, 23][15, 2, 16, 7, 20][11, 25, 28, 17, 22][8, 26, 0, 19, 12][21, 10, 29, 27][5, 6, 13, 18][16, 27][20, 24][6, 10][18, 22][12, 22][4, 14] 
[23, 1, 3, 9, 14, 11, 25][15, 2, 16, 7, 20][8, 26, 0, 19, 12][21, 10, 29, 27][5, 6, 13, 18][12, 22, 17, 28][3, 4, 24][20, 24][16, 27][6, 10][18, 22][0, 19] 
[23, 1, 3, 9, 14, 11, 25][15, 2, 16, 7, 20][8, 26, 0, 19, 12][21, 10, 29, 27][5, 6, 13, 18][12, 22, 17, 28][3, 4, 24][20, 24][16, 27][6, 10][18, 22][0, 19] 
[23, 1, 3, 9, 14, 11, 25][15, 2, 16, 7, 20][8, 26, 0, 19, 12][21, 10, 29, 27][5, 6, 13, 18][12, 22, 17, 28][3, 4, 24][20, 24][16, 27][6, 10][18, 22][0, 19] 
[23, 1, 3, 9, 14, 11, 25][15, 2, 16, 7, 20][8, 26, 0, 19, 12][21, 10, 29, 27][5, 6, 13, 18][12, 22, 17, 28][3, 4, 24][20, 24][16, 27][6, 10][18, 22][0, 19] 
[23, 1, 3, 9, 14, 11, 25][15, 2, 16, 7, 20][8, 26, 0, 19, 12][21, 10, 29, 27][5, 6, 13, 18][12, 22, 17, 28][3, 4, 24][20, 24][16, 27][6, 10][18, 22][0, 19] 
[23, 4, 3, 9, 1, 14, 11, 25][8, 26, 0, 19, 12, 22][15, 2, 16, 7, 20][21, 10, 29, 27][5, 6, 13, 18][22, 17, 28][6, 10][18, 22][12, 19][16, 27][20, 24][4, 24] 
[23, 1, 3, 9, 14, 11, 25][15, 2, 16, 7, 20][21, 10, 29, 27][5, 6, 13, 18][12, 22, 17, 28][0, 19, 8, 26][14, 4, 24][20, 24][16, 27][6, 10][18, 22][12, 19] 
[23, 1, 3, 9, 14, 11, 25][15, 2, 16, 7, 20][21, 10, 29, 27][5, 6, 13, 18][12, 22, 17, 28][0, 19, 8, 26][14, 4, 24][20, 24][16, 27][6, 10][18, 22][12, 19] 
[23, 1, 3, 9, 14, 11, 25][15, 2, 16, 7, 20][21, 10, 29, 27][5, 6, 13, 18][12, 22, 17, 28][0, 19, 8, 26][14, 4, 24][16, 27][6, 10][20, 24][18, 22][12, 19] 
[23, 1, 3, 9, 14, 11, 25][15, 2, 16, 7, 20][21, 10, 29, 27][5, 6, 13, 18][12, 22, 17, 28][0, 19, 8, 26][14, 4, 24][20, 24][16, 27][6, 10][18, 22][12, 19] 
[23, 1, 3, 9, 14, 11, 25][15, 2, 16, 7, 20][21, 10, 29, 27][5, 6, 13, 18][12, 22, 17, 28][0, 19, 8, 26][14, 4, 24][16, 27][6, 10][20, 24][18, 22][12, 19] 
[4, 24, 1, 3, 9, 23][15, 2, 16, 7, 20][11, 25, 28, 17, 22][8, 26, 0, 19, 12][21, 10, 29, 27][5, 6, 13, 18][16, 27][20, 24][6, 10][18, 22][12, 22][4, 14] 
[4, 23, 1, 3, 9, 14, 11, 25][15, 2, 16, 7, 20][21, 10, 29, 27][5, 6, 13, 18][12, 22, 17, 28][0, 19, 8, 26][14, 4, 24][16, 27][6, 10][20, 24][18, 22][12, 19] 
