[23, 9, 1, 14, 20, 4, 24][17, 22, 12, 8, 19][5, 21, 10, 7][2, 10, 15, 6][13, 18, 0, 26][28, 16, 27, 29][3, 11, 25][7, 20][6, 13][18, 22][22, 25][0, 28] 
[23, 9, 1, 14, 20, 4, 24][17, 22, 12, 8, 19][13, 18, 0, 26][2, 10, 15, 6][5, 21, 10, 7][28, 16, 27, 29][18, 22, 25][11, 25][6, 13][0, 28][7, 20][3, 11] 
[3, 23, 9, 1, 14, 20, 4, 24][17, 22, 12, 8, 19][13, 18, 0, 26][2, 10, 15, 6][5, 21, 10, 7][28, 16, 27, 29][22, 25][11, 25][18, 22][6, 13][7, 20][0, 28] 
[3, 23, 9, 1, 14, 20, 4, 24][17, 22, 12, 8, 19][13, 18, 0, 26][28, 16, 27, 29][5, 21, 10, 7][18, 22, 25][2, 10, 15][11, 25][0, 28][6, 13][6, 15][7, 20] 
[23, 9, 1, 14, 20, 4, 24][17, 22, 12, 8, 19][13, 18, 0, 26][28, 16, 27, 29][5, 21, 10, 7][18, 22, 25][3, 11, 25][2, 10, 15][0, 28][6, 13][6, 15][7, 20] 
[23, 9, 1, 14, 20, 4, 24][17, 22, 12, 8, 19][13, 18, 0, 26][28, 16, 27, 29][2, 10, 15, 6][18, 22, 25][3, 11, 25][7, 10, 21][0, 28][6, 13][5, 21][7, 20] 
[23, 9, 1, 14, 20, 4, 24][17, 22, 12, 8, 19][13, 18, 0, 26][28, 16, 27, 29][2, 10, 15, 6][18, 22, 25][3, 11, 25][7, 10, 21][0, 28][6, 13][7, 20][5, 21] 
[23, 9, 1, 14, 20, 4, 24][17, 22, 12, 8, 19][13, 18, 0, 26][28, 16, 27, 29][5, 21, 10, 7][18, 22, 25][3, 11, 25][2, 10, 15][0, 28][6, 13][6, 15][7, 20] 
[23, 9, 1, 14, 20, 4, 24][17, 22, 12, 8, 19][13, 18, 0, 26][28, 16, 27, 29][5, 21, 10, 7][18, 22, 25][3, 11, 25][2, 10, 15][0, 28][6, 13][6, 15][7, 20] 
[23, 9, 1, 14, 20, 4, 24][17, 22, 12, 8, 19][13, 18, 0, 26][5, 21, 10, 7][28, 16, 27, 29][18, 22, 25][3, 11, 25][2, 10, 15][6, 13][6, 15][0, 28][7, 20] 
[23, 9, 1, 14, 20, 4, 24][17, 22, 12, 8, 19][5, 21, 10, 7][2, 10, 15, 6][13, 18, 0, 26][28, 16, 27, 29][3, 11, 25][0, 28, 16][7, 20][6, 13][18, 22][22, 25] 
[23, 9, 1, 14, 20, 4, 24][17, 22, 12, 8, 19][13, 18, 0, 26][28, 16, 27, 29][2, 10, 15, 6][18, 22, 25][3, 11, 25][7, 10, 21][0, 28][6, 13][7, 20][5, 21] 
[3, 23, 9, 1, 14, 20, 4, 24][17, 22, 12, 8, 19][13, 18, 0, 26][2, 10, 15, 6][5, 21, 10, 7][28, 16, 27, 29][22, 25][11, 25][18, 22][6, 13][7, 20][0, 28] 
[23, 9, 1, 14, 20, 4, 24][17, 22, 12, 8, 19][5, 21, 10, 7][13, 18, 0, 26][28, 16, 27, 29][2, 10, 15][18, 22, 25][3, 11, 25][7, 20][6, 13][0, 28][6, 15] 
[23, 9, 1, 14, 20, 4, 24][17, 22, 12, 8, 19][2, 10, 15, 6][13, 18, 0, 26][28, 16, 27, 29][7, 10, 21][18, 22, 25][3, 11, 25][6, 13][5, 21][7, 20][0, 28] 
[23, 9, 1, 14, 20, 4, 24][17, 22, 12, 8, 19][5, 21, 10, 7][13, 18, 0, 26][28, 16, 27, 29][2, 10, 15][18, 22, 25][3, 11, 25][6, 15][6, 13][7, 20][0, 28] 
[23, 9, 1, 14, 20, 4, 24][17, 22, 12, 8, 19][13, 18, 0, 26][28, 16, 27, 29][2, 10, 15, 6][5, 21, 10, 7][3, 11, 25][0, 28][6, 13][18, 22][7, 20][22, 25] 
[23, 9, 1, 14, 20, 4, 24][17, 22, 12, 8, 19][5, 21, 10, 7][2, 10, 15, 6][13, 18, 0, 26][28, 16, 27, 29][18, 22, 25][7, 20][6, 13][3, 11][0, 28][11, 25] 
[23, 9, 1, 14, 20, 4, 24][17, 22, 12, 8, 19][13, 18, 0, 26][28, 16, 27, 29][5, 21, 10, 7][18, 22, 25][3, 11, 25][2, 10, 15][0, 28][6, 13][6, 15][7, 20] 
[23, 9, 1, 14, 20, 4, 24][17, 22, 12, 8, 19][13, 18, 0, 26][28, 16, 27, 29][2, 10, 15, 6][5, 21, 10, 7][3, 11, 25][22, 25][18, 22][0, 28][6, 13][7, 20] 
[23, 9, 1, 14, 20, 4, 24][17, 22, 12, 8, 19][5, 21, 10, 7][2, 10, 15, 6][13, 18, 0, 26][28, 16, 27, 29][3, 11, 25][0, 28, 16][7, 20][6, 13][18, 22][22, 25] 
[23, 9, 1, 14, 20, 4, 24][17, 22, 12, 8, 19][2, 10, 15, 6][13, 18, 0, 26][28, 16, 27, 29][7, 10, 21][18, 22, 25][3, 11, 25][6, 13][5, 21][7, 20][0, 28] 
[3, 23, 9, 1, 14, 20, 4, 24][17, 22, 12, 8, 19][13, 18, 0, 26][2, 10, 15, 6][28, 16, 27, 29][5, 21, 10, 7][11, 25][22, 25][18, 22][6, 13][0, 28][7, 20] 
[23, 9, 1, 14, 20, 4, 24][17, 22, 12, 8, 19][13, 18, 0, 26][28, 16, 27, 29][5, 21, 10, 7][18, 22, 25][3, 11, 25][2, 10, 15][0, 28][6, 13][6, 15][7, 20] 
[23, 9, 1, 14, 20, 4, 24][17, 22, 12, 8, 19][2, 10, 15, 6][13, 18, 0, 26][28, 16, 27, 29][7, 10, 21][18, 22, 25][3, 11, 25][6, 13][5, 21][0, 28][7, 20] 
[23, 9, 1, 14, 20, 4, 24][17, 22, 12, 8, 19][5, 21, 10, 7][13, 18, 0, 26][28, 16, 27, 29][2, 10, 15][18, 22, 25][3, 11, 25][6, 15][6, 13][7, 20][0, 28] 
[23, 9, 1, 14, 20, 4, 24][17, 22, 12, 8, 19][13, 18, 0, 26][2, 10, 15, 6][5, 21, 10, 7][28, 16, 27, 29][3, 11, 25][6, 13][22, 25][7, 20][0, 28][18, 22] 
[23, 9, 1, 14, 20, 4, 24][17, 22, 12, 8, 19][13, 18, 0, 26][28, 16, 27, 29][2, 10, 15, 6][18, 22, 25][3, 11, 25][7, 10, 21][0, 28][6, 13][7, 20][5, 21] 
[23, 9, 1, 14, 20, 4, 24][17, 22, 12, 8, 19][5, 21, 10, 7][13, 18, 0, 26][28, 16, 27, 29][2, 10, 15][18, 22, 25][3, 11, 25][6, 15][7, 20][6, 13][0, 28] 
[23, 9, 1, 14, 20, 4, 24][17, 22, 12, 8, 19][13, 18, 0, 26][2, 10, 15, 6][5, 21, 10, 7][28, 16, 27, 29][3, 11, 25][6, 13][22, 25][7, 20][0, 28][18, 22] 
[23, 9, 1, 14, 20, 4, 24][17, 22, 12, 8, 19][13, 18, 0, 26][28, 16, 27, 29][2, 10, 15, 6][5, 21, 10, 7][3, 11, 25][22, 25][18, 22][0, 28][6, 13][7, 20] 
[23, 9, 1, 14, 20, 4, 24][17, 22, 12, 8, 19][13, 18, 0, 26][28, 16, 27, 29][2, 10, 15, 6][18, 22, 25][3, 11, 25][7, 10, 21][0, 28][6, 13][7, 20][5, 21] 
[23, 9, 1, 14, 20, 4, 24][17, 22, 12, 8, 19][13, 18, 0, 26][28, 16, 27, 29][5, 21, 10, 7][18, 22, 25][3, 11, 25][2, 10, 15][0, 28][6, 13][6, 15][7, 20] 
[23, 9, 1, 14, 20, 4, 24][17, 22, 12, 8, 19][13, 18, 0, 26][2, 10, 15, 6][5, 21, 10, 7][28, 16, 27, 29][3, 11, 25][6, 13][22, 25][7, 20][0, 28][18, 22] 
[23, 9, 1, 14, 20, 4, 24][17, 22, 12, 8, 19][13, 18, 0, 26][28, 16, 27, 29][2, 10, 15, 6][5, 21, 10, 7][3, 11, 25][22, 25][18, 22][0, 28][6, 13][7, 20] 
[20, 23, 9, 14, 24, 1, 3, 11, 17, 22, 0, 25][5, 21, 6, 13, 18, 22, 19, 12, 8][26, 0, 28, 16, 27, 29][2, 10, 15, 6][7, 4, 14][13, 18][3, 11][17, 22][3, 11][17, 22][17, 22][17, 22] 
[20, 23, 9, 14, 24, 1, 3, 11, 17, 22, 0, 25][5, 21, 6, 13, 18, 22, 19, 12, 8][26, 0, 28, 16, 27, 29][2, 10, 15, 6][7, 4, 14][13, 18][3, 11][17, 22][3, 11][17, 22][17, 22][17, 22] 
[20, 23, 9, 14, 24, 1, 3, 11, 17, 22, 0, 25][5, 21, 6, 13, 18, 22, 19, 12, 8][26, 0, 28, 16, 27, 29][2, 10, 15, 6][7, 4, 14][13, 18][3, 11][17, 22][3, 11][17, 22][17, 22][17, 22] 
[23, 9, 14, 24, 1, 3, 11, 17, 22, 0, 25][5, 21, 6, 13, 18, 22, 19, 12, 8][26, 0, 28, 16, 27, 29][2, 10, 15, 6][7, 4, 14][0, 28][16, 28][7, 20][17, 22][18, 22][17, 22][6, 13] 
[23, 9, 14, 24, 1, 3, 11, 17, 22, 0, 25][5, 21, 6, 13, 18, 22, 19, 12, 8][26, 0, 28, 16, 27, 29][2, 10, 15, 6][7, 4, 14][0, 28][16, 28][7, 20][17, 22][18, 22][17, 22][6, 13] 
[23, 9, 14, 24, 1, 3, 11, 17, 22, 0, 25][8, 12, 19, 22, 18, 13, 6, 21][26, 0, 28, 16, 27, 29][2, 10, 15, 6][4, 20, 14][6, 13][0, 28][7, 20][5, 21][17, 22][18, 22][17, 22] 
[20, 23, 9, 14, 24, 1, 3, 11, 17, 22, 0, 25][5, 21, 6, 13, 18, 22, 19, 12, 8][26, 0, 28, 16, 27, 29][2, 10, 15, 6][7, 4, 14][13, 18][3, 11][17, 22][3, 11][17, 22][17, 22][17, 22] 
[20, 23, 9, 14, 24, 1, 3, 11, 17, 22, 0, 25][5, 21, 6, 13, 18, 22, 19, 12, 8][26, 0, 28, 16, 27, 29][2, 10, 15, 6][7, 4, 14][13, 18][3, 11][17, 22][3, 11][17, 22][17, 22][17, 22] 
[23, 9, 14, 24, 1, 3, 11, 17, 22, 0, 25][5, 21, 6, 13, 18, 22, 19, 12, 8][26, 0, 28, 16, 27, 29][2, 10, 15, 6][7, 4, 14][0, 28][16, 28][7, 20][17, 22][18, 22][17, 22][6, 13] 
[20, 23, 9, 14, 24, 1, 3, 11, 17, 22, 0, 25][5, 21, 6, 13, 18, 22, 19, 12, 8][26, 0, 28, 16, 27, 29][2, 10, 15, 6][7, 4, 14][13, 18][3, 11][17, 22][3, 11][17, 22][17, 22][17, 22] 
[20, 23, 9, 14, 24, 1, 3, 11, 17, 22, 0, 25][5, 21, 6, 13, 18, 22, 19, 12, 8][26, 0, 28, 16, 27, 29][2, 10, 15, 6][7, 4, 14][13, 18][3, 11][17, 22][3, 11][17, 22][17, 22][17, 22] 
[20, 23, 9, 14, 24, 1, 3, 11, 17, 22, 0, 25][5, 21, 6, 13, 18, 22, 19, 12, 8][26, 0, 28, 16, 27, 29][2, 10, 15, 6][7, 4, 14][13, 18][3, 11][17, 22][3, 11][17, 22][17, 22][17, 22] 
[23, 9, 14, 24, 1, 3, 11, 17, 22, 0, 25][5, 21, 6, 13, 18, 22, 19, 12, 8][26, 0, 28, 16, 27, 29][2, 10, 15, 6][7, 4, 14][0, 28][16, 28][7, 20][17, 22][18, 22][17, 22][6, 13] 
[20, 23, 9, 14, 24, 1, 3, 11, 17, 22, 0, 25][5, 21, 6, 13, 18, 22, 19, 12, 8][26, 0, 28, 16, 27, 29][2, 10, 15, 6][7, 4, 14][13, 18][3, 11][17, 22][3, 11][17, 22][17, 22][17, 22] 
[20, 23, 9, 14, 24, 1, 3, 11, 17, 22, 0, 25][5, 21, 6, 13, 18, 22, 19, 12, 8][26, 0, 28, 16, 27, 29][2, 10, 15, 6][7, 4, 14][13, 18][3, 11][17, 22][3, 11][17, 22][17, 22][17, 22] 
[20, 23, 9, 14, 24, 1, 3, 11, 17, 22, 0, 25][8, 12, 19, 22, 18, 13, 6, 21, 5, 15][26, 0, 28, 16, 27, 29][7, 4, 14][2, 10, 15][17, 22][17, 22][17, 22][3, 11][17, 22][17, 22][17, 22] 
[20, 23, 9, 14, 24, 1, 3, 11, 17, 22, 0, 25][8, 12, 19, 22, 18, 13, 6, 21, 5, 15][26, 0, 28, 16, 27, 29][7, 4, 14][2, 10, 15][17, 22][17, 22][17, 22][3, 11][17, 22][17, 22][17, 22] 
[20, 23, 9, 14, 24, 1, 3, 11, 17, 22, 0, 25][5, 21, 6, 13, 18, 22, 19, 12, 8][26, 0, 28, 16, 27, 29][2, 10, 15, 6][7, 4, 14][0, 28][3, 11][3, 11][6, 13][3, 11][17, 22][13, 18] 
[20, 23, 9, 14, 24, 1, 3, 11, 17, 22, 0, 25][8, 12, 19, 22, 18, 13, 6, 21, 5, 15][26, 0, 28, 16, 27, 29][2, 10, 15, 6][7, 4, 14][13, 18][3, 11][17, 22][3, 11][17, 22][17, 22][17, 22] 
[20, 23, 9, 14, 24, 1, 3, 11, 17, 22, 0, 25][8, 12, 19, 22, 18, 13, 6, 21, 5, 15][26, 0, 28, 16, 27, 29][2, 10, 15][7, 4, 14][3, 11][17, 22][13, 18][17, 22][17, 22][17, 22][3, 11] 
[20, 23, 9, 14, 24, 1, 3, 11, 17, 22, 0, 25][8, 12, 19, 22, 18, 13, 6, 21, 5, 15][26, 0, 28, 16, 27, 29][2, 10, 15][7, 4, 14][3, 11][17, 22][13, 18][17, 22][17, 22][17, 22][3, 11] 
[23, 9, 1, 14, 20, 4, 24][17, 22, 12, 8, 19][13, 18, 0, 26][28, 16, 27, 29][2, 10, 15, 6][5, 21, 10, 7][3, 11, 25][18, 22][0, 28][22, 25][6, 13][7, 20] 
[23, 9, 1, 14, 20, 4, 24][17, 22, 12, 8, 19][2, 10, 15, 6][5, 21, 10, 7][13, 18, 0, 26][28, 16, 27, 29][3, 11, 25][6, 13][22, 25][7, 20][0, 28][18, 22] 
[23, 9, 1, 14, 20, 4, 24][17, 22, 12, 8, 19][13, 18, 0, 26][28, 16, 27, 29][2, 10, 15, 6][5, 21, 10, 7][3, 11, 25][22, 25][18, 22][0, 28][6, 13][7, 20] 
[23, 9, 1, 14, 20, 4, 24][17, 22, 12, 8, 19][13, 18, 0, 26][2, 10, 15, 6][5, 21, 10, 7][28, 16, 27, 29][3, 11, 25][6, 13][22, 25][7, 20][0, 28][18, 22] 
[23, 9, 1, 14, 20, 4, 24][17, 22, 12, 8, 19][13, 18, 0, 26][2, 10, 15, 6][5, 21, 10, 7][28, 16, 27, 29][3, 11, 25][6, 13][22, 25][7, 20][0, 28][18, 22] 
[23, 9, 1, 14, 20, 4, 24][17, 22, 12, 8, 19][5, 21, 10, 7][2, 10, 15, 6][13, 18, 0, 26][28, 16, 27, 29][3, 11, 25][7, 20][6, 13][0, 28][18, 22][22, 25] 
[23, 9, 1, 14, 20, 4, 24][17, 22, 12, 8, 19][13, 18, 0, 26][28, 16, 27, 29][2, 10, 15, 6][5, 21, 10, 7][3, 11, 25][22, 25][18, 22][0, 28][6, 13][7, 20] 
[23, 9, 1, 14, 20, 4, 24][17, 22, 12, 8, 19][13, 18, 0, 26][2, 10, 15, 6][5, 21, 10, 7][28, 16, 27, 29][3, 11, 25][6, 13][22, 25][7, 20][0, 28][18, 22] 
[23, 9, 1, 14, 20, 4, 24][17, 22, 12, 8, 19][5, 21, 10, 7][2, 10, 15, 6][13, 18, 0, 26][28, 16, 27, 29][3, 11, 25][7, 20][6, 13][0, 28][18, 22][22, 25] 
[23, 9, 1, 14, 20, 4, 24][17, 22, 12, 8, 19][13, 18, 0, 26][28, 16, 27, 29][2, 10, 15, 6][5, 21, 10, 7][3, 11, 25][18, 22][0, 28][22, 25][6, 13][7, 20] 
[23, 9, 1, 14, 20, 4, 24][17, 22, 12, 8, 19][13, 18, 0, 26][2, 10, 15, 6][5, 21, 10, 7][28, 16, 27, 29][3, 11, 25][6, 13][22, 25][7, 20][0, 28][18, 22] 
[23, 9, 1, 14, 20, 4, 24][17, 22, 12, 8, 19][13, 18, 0, 26][28, 16, 27, 29][2, 10, 15, 6][5, 21, 10, 7][3, 11, 25][0, 28][18, 22][6, 13][7, 20][22, 25] 
[23, 9, 1, 14, 20, 4, 24][17, 22, 12, 8, 19][2, 10, 15, 6][5, 21, 10, 7][13, 18, 0, 26][28, 16, 27, 29][3, 11, 25][6, 13][22, 25][7, 20][0, 28][18, 22] 
[23, 9, 1, 14, 20, 4, 24][17, 22, 12, 8, 19][13, 18, 0, 26][2, 10, 15, 6][5, 21, 10, 7][28, 16, 27, 29][3, 11, 25][6, 13][22, 25][7, 20][0, 28][18, 22] 
[23, 9, 1, 14, 20, 4, 24][17, 22, 12, 8, 19][13, 18, 0, 26][2, 10, 15, 6][5, 21, 10, 7][28, 16, 27, 29][3, 11, 25][6, 13][22, 25][7, 20][0, 28][18, 22] 
[23, 9, 1, 14, 20, 4, 24][17, 22, 12, 8, 19][13, 18, 0, 26][28, 16, 27, 29][2, 10, 15, 6][5, 21, 10, 7][3, 11, 25][0, 28][18, 22][6, 13][7, 20][22, 25] 
[23, 9, 1, 14, 20, 4, 24][17, 22, 12, 8, 19][13, 18, 0, 26][2, 10, 15, 6][5, 21, 10, 7][28, 16, 27, 29][3, 11, 25][6, 13][22, 25][7, 20][0, 28][18, 22] 
[23, 9, 1, 14, 20, 4, 24][17, 22, 12, 8, 19][28, 16, 27, 29][13, 18, 0, 26][2, 10, 15, 6][5, 21, 10, 7][3, 11, 25][22, 25][18, 22][0, 28][6, 13][7, 20] 
[23, 9, 1, 14, 20, 4, 24][17, 22, 12, 8, 19][13, 18, 0, 26][2, 10, 15, 6][5, 21, 10, 7][28, 16, 27, 29][3, 11, 25][6, 13][22, 25][7, 20][0, 28][18, 22] 
[23, 9, 1, 14, 20, 4, 24][17, 22, 12, 8, 19][13, 18, 0, 26][28, 16, 27, 29][2, 10, 15, 6][5, 21, 10, 7][3, 11, 25][0, 28][18, 22][6, 13][7, 20][22, 25] 
[23, 9, 1, 14, 20, 4, 24][17, 22, 12, 8, 19][13, 18, 0, 26][28, 16, 27, 29][2, 10, 15, 6][5, 21, 10, 7][3, 11, 25][4, 20, 7][22, 25][18, 22][0, 28][6, 13] 
[23, 9, 1, 14, 20, 4, 24][17, 22, 12, 8, 19][13, 18, 0, 26][28, 16, 27, 29][2, 10, 15, 6][5, 21, 10, 7][3, 11, 25][22, 25][18, 22][0, 28][6, 13][7, 20] 
[23, 9, 1, 14, 20, 4, 24][17, 22, 12, 8, 19][13, 18, 0, 26][28, 16, 27, 29][2, 10, 15, 6][5, 21, 10, 7][3, 11, 25][22, 25][18, 22][0, 28][6, 13][7, 20] 
[23, 9, 1, 14, 20, 4, 24][17, 22, 12, 8, 19][13, 18, 0, 26][2, 10, 15, 6][5, 21, 10, 7][28, 16, 27, 29][3, 11, 25][18, 22][6, 13][22, 25][7, 20][0, 28] 
[23, 9, 1, 14, 20, 4, 24][17, 22, 12, 8, 19][13, 18, 0, 26][28, 16, 27, 29][2, 10, 15, 6][5, 21, 10, 7][3, 11, 25][22, 25][18, 22][0, 28][6, 13][7, 20] 
[23, 9, 1, 14, 20, 4, 24][17, 22, 12, 8, 19][13, 18, 0, 26][28, 16, 27, 29][2, 10, 15, 6][5, 21, 10, 7][3, 11, 25][22, 25][18, 22][0, 28][6, 13][7, 20] 
[23, 9, 1, 14, 20, 4, 24][17, 22, 12, 8, 19][13, 18, 0, 26][2, 10, 15, 6][5, 21, 10, 7][28, 16, 27, 29][3, 11, 25][6, 13][22, 25][7, 20][0, 28][18, 22] 
[23, 9, 1, 14, 20, 4, 24][17, 22, 12, 8, 19][13, 18, 0, 26][2, 10, 15, 6][5, 21, 10, 7][28, 16, 27, 29][3, 11, 25][18, 22][6, 13][22, 25][7, 20][0, 28] 
[23, 9, 1, 14, 20, 4, 24][17, 22, 12, 8, 19][5, 21, 10, 7][2, 10, 15, 6][13, 18, 0, 26][28, 16, 27, 29][0, 28, 16][3, 11, 25][7, 20][6, 13][18, 22][22, 25] 
[23, 9, 1, 14, 20, 4, 24][17, 22, 12, 8, 19][5, 21, 10, 7][2, 10, 15, 6][13, 18, 0, 26][28, 16, 27, 29][0, 28, 16][3, 11, 25][7, 20][6, 13][18, 22][22, 25] 
[23, 9, 1, 14, 20, 4, 24][17, 22, 12, 8, 19][13, 18, 0, 26][2, 10, 15, 6][5, 21, 10, 7][28, 16, 27, 29][3, 11, 25][6, 13][22, 25][7, 20][0, 28][18, 22] 
[23, 9, 1, 14, 20, 4, 24][17, 22, 12, 8, 19][28, 16, 27, 29][13, 18, 0, 26][2, 10, 15, 6][5, 21, 10, 7][3, 11, 25][22, 25][18, 22][0, 28][6, 13][7, 20] 
[23, 9, 1, 14, 20, 4, 24][17, 22, 12, 8, 19][5, 21, 10, 7][2, 10, 15, 6][13, 18, 0, 26][28, 16, 27, 29][3, 11, 25][6, 13][22, 25][0, 28][7, 20][18, 22] 
[23, 9, 1, 14, 20, 4, 24][17, 22, 12, 8, 19][2, 10, 15, 6][5, 21, 10, 7][13, 18, 0, 26][28, 16, 27, 29][3, 11, 25][6, 13][22, 25][7, 20][0, 28][18, 22] 
[23, 9, 1, 14, 20, 4, 24][17, 22, 12, 8, 19][13, 18, 0, 26][28, 16, 27, 29][2, 10, 15, 6][5, 21, 10, 7][3, 11, 25][22, 25][18, 22][0, 28][6, 13][7, 20] 
[23, 9, 1, 14, 20, 4, 24][17, 22, 12, 8, 19][13, 18, 0, 26][2, 10, 15, 6][5, 21, 10, 7][28, 16, 27, 29][3, 11, 25][22, 25][18, 22][6, 13][7, 20][0, 28] 
[23, 9, 1, 14, 20, 4, 24][17, 22, 12, 8, 19][2, 10, 15, 6][5, 21, 10, 7][13, 18, 0, 26][28, 16, 27, 29][3, 11, 25][6, 13][22, 25][7, 20][0, 28][18, 22] 
[23, 9, 1, 14, 20, 4, 24][17, 22, 12, 8, 19][13, 18, 0, 26][2, 10, 15, 6][5, 21, 10, 7][28, 16, 27, 29][3, 11, 25][6, 13][22, 25][7, 20][0, 28][18, 22] 
[23, 9, 1, 14, 20, 4, 24][17, 22, 12, 8, 19][13, 18, 0, 26][28, 16, 27, 29][2, 10, 15, 6][5, 21, 10, 7][3, 11, 25][22, 25][18, 22][0, 28][6, 13][7, 20] 
[23, 9, 1, 14, 20, 4, 24][17, 22, 12, 8, 19][13, 18, 0, 26][28, 16, 27, 29][2, 10, 15, 6][5, 21, 10, 7][3, 11, 25][0, 28][18, 22][6, 13][7, 20][22, 25] 
[23, 9, 1, 14, 20, 4, 24][17, 22, 12, 8, 19][2, 10, 15, 6][5, 21, 10, 7][13, 18, 0, 26][28, 16, 27, 29][3, 11, 25][6, 13][22, 25][7, 20][0, 28][18, 22] 
[23, 9, 1, 14, 20, 4, 24][17, 22, 12, 8, 19][2, 10, 15, 6][5, 21, 10, 7][13, 18, 0, 26][28, 16, 27, 29][3, 11, 25][6, 13][22, 25][7, 20][0, 28][18, 22] 
[23, 9, 1, 14, 20, 4, 24][17, 22, 12, 8, 19][13, 18, 0, 26][28, 16, 27, 29][2, 10, 15, 6][5, 21, 10, 7][3, 11, 25][0, 28][18, 22][6, 13][7, 20][22, 25] 
[23, 9, 1, 14, 20, 4, 24][17, 22, 12, 8, 19][2, 10, 15, 6][13, 18, 0, 26][5, 21, 10, 7][28, 16, 27, 29][18, 22, 25][3, 11, 25][6, 13][0, 28][7, 20][14, 20] 
[23, 9, 1, 14, 20, 4, 24][17, 22, 12, 8, 19][13, 18, 0, 26][28, 16, 27, 29][2, 10, 15, 6][5, 21, 10, 7][18, 22, 25][3, 11, 25][0, 28][6, 13][7, 20][9, 23] 
[23, 9, 1, 14, 20, 4, 24][17, 22, 12, 8, 19][28, 16, 27, 29][13, 18, 0, 26][2, 10, 15, 6][5, 21, 10, 7][18, 22, 25][3, 11, 25][0, 28][6, 13][7, 20][14, 20] 
[23, 9, 1, 14, 20, 4, 24][17, 22, 12, 8, 19][13, 18, 0, 26][28, 16, 27, 29][2, 10, 15, 6][5, 21, 10, 7][18, 22, 25][3, 11, 25][0, 28][6, 13][7, 20][9, 23] 
[23, 9, 1, 14, 20, 4, 24][17, 22, 12, 8, 19][13, 18, 0, 26][2, 10, 15, 6][5, 21, 10, 7][28, 16, 27, 29][3, 11, 25][18, 22, 25][6, 13][0, 28][7, 20][14, 20] 
[23, 9, 1, 14, 20, 4, 24][17, 22, 12, 8, 19][13, 18, 0, 26][3, 11, 25, 22][28, 16, 27, 29][2, 10, 15, 6][5, 21, 10, 7][18, 22][0, 28][6, 13][7, 20][14, 20] 
[23, 9, 1, 14, 20, 4, 24][17, 22, 12, 8, 19][13, 18, 0, 26][2, 10, 15, 6][5, 21, 10, 7][28, 16, 27, 29][3, 11, 25][6, 13][22, 25][7, 20][0, 28][18, 22] 
[23, 9, 1, 14, 20, 4, 24][17, 22, 12, 8, 19][13, 18, 0, 26][2, 10, 15, 6][5, 21, 10, 7][28, 16, 27, 29][3, 11, 25][6, 13][22, 25][7, 20][0, 28][18, 22] 
[23, 9, 1, 14, 20, 4, 24][17, 22, 12, 8, 19][13, 18, 0, 26][2, 10, 15, 6][5, 21, 10, 7][28, 16, 27, 29][3, 11, 25][6, 13][22, 25][7, 20][0, 28][18, 22] 
[23, 9, 1, 14, 20, 4, 24][17, 22, 12, 8, 19][2, 10, 15, 6][5, 21, 10, 7][13, 18, 0, 26][28, 16, 27, 29][3, 11, 25][6, 13][22, 25][7, 20][0, 28][18, 22] 
[23, 9, 1, 14, 20, 4, 24][17, 22, 12, 8, 19][13, 18, 0, 26][28, 16, 27, 29][2, 10, 15, 6][5, 21, 10, 7][3, 11, 25][22, 25][18, 22][0, 28][6, 13][7, 20] 
[23, 9, 1, 14, 20, 4, 24][17, 22, 12, 8, 19][13, 18, 0, 26][2, 10, 15, 6][5, 21, 10, 7][28, 16, 27, 29][3, 11, 25][6, 13][22, 25][7, 20][0, 28][18, 22] 
[23, 9, 1, 14, 20, 4, 24][17, 22, 12, 8, 19][13, 18, 0, 26][2, 10, 15, 6][5, 21, 10, 7][28, 16, 27, 29][3, 11, 25][6, 13][22, 25][7, 20][0, 28][18, 22] 
