[9, 1, 23, 20, 7, 25][5, 21, 2, 29, 10][0, 22, 12, 8, 26][11, 3, 4, 24, 14][15, 27, 16, 28][6, 13, 18, 19][17, 28][10, 15][0, 28][11, 17][1, 3][19, 22] 
[9, 1, 23, 20, 7, 25][11, 3, 4, 24, 14][0, 22, 12, 8, 26][5, 21, 2, 29, 10][6, 13, 18, 19][15, 27, 16, 28][1, 3][11, 17][17, 19][19, 22][17, 28][10, 15] 
[9, 1, 23, 20, 7, 25][11, 3, 4, 24, 14][0, 22, 12, 8, 26][5, 21, 2, 29, 10][15, 27, 16, 28][6, 13, 18][17, 19, 18][11, 17][18, 22][1, 3][17, 28][10, 15] 
[9, 1, 23, 20, 7, 25][11, 3, 4, 24, 14][0, 22, 12, 8, 26][5, 21, 2, 29, 10][15, 27, 16, 28][6, 13, 18][17, 19, 18][11, 17][18, 22][1, 3][17, 28][10, 15] 
[9, 1, 23, 20, 7, 25][11, 3, 4, 24, 14][0, 22, 12, 8, 26][5, 21, 2, 29, 10][6, 13, 18, 19][15, 27, 16, 28][23, 24][11, 17][17, 19][18, 22][17, 28][10, 15] 
[9, 1, 23, 20, 7, 25][11, 3, 4, 24, 14][0, 22, 12, 8, 26][5, 21, 2, 29, 10][6, 13, 18, 19][15, 27, 16, 28][17, 19][11, 17][18, 22][17, 28][10, 15][23, 24] 
[9, 1, 23, 20, 7, 25][11, 3, 4, 24, 14][0, 22, 12, 8, 26][5, 21, 2, 29, 10][6, 13, 18, 19][15, 27, 16, 28][1, 3][11, 17][17, 19][17, 28][18, 22][10, 15] 
[9, 1, 23, 20, 7, 25][11, 3, 4, 24, 14][5, 21, 2, 29, 10][0, 22, 12, 8, 26][15, 27, 16, 28][6, 13, 18, 19][11, 17][17, 28][17, 19][23, 24][10, 15][18, 22] 
[9, 1, 23, 20, 7, 25][11, 3, 4, 24, 14][0, 22, 12, 8, 26][5, 21, 2, 29, 10][6, 13, 18, 19][15, 27, 16, 28][17, 19][11, 17][18, 22][17, 28][10, 15][23, 24] 
[9, 1, 23, 20, 7, 25][11, 3, 4, 24, 14][0, 22, 12, 8, 26][5, 21, 2, 29, 10][6, 13, 18, 19][15, 27, 16, 28][23, 24][11, 17][17, 19][18, 22][17, 28][10, 15] 
[9, 1, 23, 20, 7, 25][0, 22, 12, 8, 26][5, 21, 2, 29, 10][11, 3, 4, 24, 14][6, 13, 18, 19][15, 27, 16, 28][19, 22][0, 28][10, 15][17, 28][11, 17][1, 3] 
[9, 1, 23, 20, 7, 25][11, 3, 4, 24, 14][0, 22, 12, 8, 26][5, 21, 2, 29, 10][6, 13, 18, 19][15, 27, 16, 28][11, 17][17, 19][1, 3][19, 22][17, 28][10, 15] 
[9, 1, 23, 20, 7, 25][0, 22, 12, 8, 26][11, 3, 4, 24, 14][5, 21, 2, 29, 10][15, 27, 16, 28][17, 19, 18][6, 13, 18][17, 28][18, 22][11, 17][10, 15][1, 3] 
[9, 1, 23, 20, 7, 25][11, 3, 4, 24, 14][5, 21, 2, 29, 10][0, 22, 12, 8, 26][15, 27, 16, 28][6, 13, 18, 19][17, 28][17, 19][11, 17][23, 24][10, 15][18, 22] 
[9, 1, 23, 20, 7, 25][11, 3, 4, 24, 14][0, 22, 12, 8, 26][5, 21, 2, 29, 10][6, 13, 18, 19][15, 27, 16, 28][17, 19][11, 17][18, 22][17, 28][10, 15][23, 24] 
[9, 1, 23, 20, 7, 25][5, 21, 2, 29, 10][11, 3, 4, 24, 14][0, 22, 12, 8, 26][15, 27, 16, 28][6, 13, 18, 19][10, 15][17, 28][17, 19][11, 17][23, 24][18, 22] 
[9, 1, 23, 20, 7, 25][0, 22, 12, 8, 26][11, 3, 4, 24, 14][5, 21, 2, 29, 10][6, 13, 18, 19][15, 27, 16, 28][19, 22][0, 28][17, 28][11, 17][1, 3][10, 15] 
[9, 1, 23, 20, 7, 25][11, 3, 4, 24, 14][0, 22, 12, 8, 26][5, 21, 2, 29, 10][6, 13, 18, 19][15, 27, 16, 28][11, 17][17, 19][1, 3][19, 22][17, 28][10, 15] 
[9, 1, 23, 20, 7, 25][0, 22, 12, 8, 26][11, 3, 4, 24, 14][5, 21, 2, 29, 10][6, 13, 18, 19][15, 27, 16, 28][18, 22][17, 19][17, 28][11, 17][23, 24][10, 15] 
[9, 1, 23, 20, 7, 25][0, 22, 12, 8, 26][11, 3, 4, 24, 14][5, 21, 2, 29, 10][6, 13, 18, 19][15, 27, 16, 28][19, 22][0, 28][17, 28][11, 17][1, 3][10, 15] 
[9, 1, 23, 20, 7, 25][5, 21, 2, 29, 10][0, 22, 12, 8, 26][11, 3, 4, 24, 14][15, 27, 16, 28][6, 13, 18, 19][10, 15][17, 28][0, 28][19, 22][11, 17][1, 3] 
[9, 1, 23, 20, 7, 25][11, 3, 4, 24, 14][0, 22, 12, 8, 26][5, 21, 2, 29, 10][6, 13, 18, 19][15, 27, 16, 28][17, 19][17, 28][11, 17][19, 22][1, 3][10, 15] 
[9, 1, 23, 20, 7, 25][11, 3, 4, 24, 14][0, 22, 12, 8, 26][5, 21, 2, 29, 10][15, 27, 16, 28][6, 13, 18][17, 19, 18][11, 17][18, 22][1, 3][17, 28][10, 15] 
[9, 1, 23, 20, 7, 25][11, 3, 4, 24, 14][0, 22, 12, 8, 26][5, 21, 2, 29, 10][6, 13, 18, 19][15, 27, 16, 28][17, 19][11, 17][18, 22][17, 28][10, 15][23, 24] 
[9, 1, 23, 20, 7, 25][11, 3, 4, 24, 14][0, 22, 12, 8, 26][5, 21, 2, 29, 10][6, 13, 18, 19][15, 27, 16, 28][17, 19][11, 17][18, 22][17, 28][10, 15][23, 24] 
[9, 1, 23, 20, 7, 25][11, 3, 4, 24, 14][5, 21, 2, 29, 10][0, 22, 12, 8, 26][15, 27, 16, 28][6, 13, 18, 19][17, 28][17, 19][11, 17][23, 24][10, 15][18, 22] 
[9, 1, 23, 20, 7, 25][5, 21, 2, 29, 10][0, 22, 12, 8, 26][11, 3, 4, 24, 14][15, 27, 16, 28][6, 13, 18, 19][10, 15][17, 28][0, 28][19, 22][11, 17][1, 3] 
[9, 1, 23, 20, 7, 25][5, 21, 2, 29, 10][11, 3, 4, 24, 14][0, 22, 12, 8, 26][15, 27, 16, 28][6, 13, 18, 19][10, 15][17, 28][17, 19][11, 17][19, 22][1, 3] 
[9, 1, 23, 20, 7, 25][0, 22, 12, 8, 26][11, 3, 4, 24, 14][5, 21, 2, 29, 10][6, 13, 18, 19][15, 27, 16, 28][18, 22][17, 19][17, 28][11, 17][23, 24][10, 15] 
[9, 1, 23, 20, 7, 25][0, 22, 12, 8, 26][11, 3, 4, 24, 14][5, 21, 2, 29, 10][6, 13, 18, 19][15, 27, 16, 28][19, 22][0, 28][17, 28][11, 17][1, 3][10, 15] 
[9, 1, 23, 20, 7, 25][5, 21, 2, 29, 10][0, 22, 12, 8, 26][11, 3, 4, 24, 14][15, 27, 16, 28][6, 13, 18, 19][17, 28][10, 15][0, 28][11, 17][1, 3][19, 22] 
[9, 1, 23, 20, 7, 25][11, 3, 4, 24, 14][5, 21, 2, 29, 10][0, 22, 12, 8, 26][6, 13, 18, 19][15, 27, 16, 28][17, 19][17, 28][11, 17][1, 3][10, 15][19, 22] 
[9, 1, 23, 20, 7, 25][0, 22, 12, 8, 26][11, 3, 4, 24, 14][5, 21, 2, 29, 10][6, 13, 18, 19][15, 27, 16, 28][17, 19][18, 22][11, 17][23, 24][17, 28][10, 15] 
[9, 1, 23, 20, 7, 25][0, 22, 12, 8, 26][5, 21, 2, 29, 10][11, 3, 4, 24, 14][15, 27, 16, 28][6, 13, 18, 19][0, 28][19, 22][10, 15][17, 28][11, 17][1, 3] 
[9, 1, 23, 20, 7, 25][0, 22, 12, 8, 26][5, 21, 2, 29, 10][11, 3, 4, 24, 14][15, 27, 16, 28][6, 13, 18, 19][0, 28][19, 22][10, 15][17, 28][11, 17][1, 3] 
[1, 23, 9, 14, 7, 4, 24, 3, 11, 17, 22, 25, 28, 16][5, 21, 6, 13, 18, 12, 22, 25, 0, 19][15, 27, 29, 2, 10, 21][0, 26, 8][6, 13][20, 24][9, 23][9, 23][6, 13][6, 13][9, 23][9, 23] 
[1, 23, 9, 14, 7, 4, 24, 3, 11, 17, 22, 25, 28, 16][5, 21, 6, 13, 18, 12, 22, 25, 0, 19][15, 27, 29, 2, 10, 21][0, 26, 8][6, 13][20, 24][9, 23][9, 23][6, 13][6, 13][9, 23][9, 23] 
[1, 23, 9, 14, 7, 4, 24, 3, 11, 17, 22, 25, 28, 16][5, 21, 6, 13, 18, 12, 22, 25, 0, 19][15, 27, 29, 2, 10, 21][0, 26, 8][6, 13][20, 24][9, 23][9, 23][6, 13][6, 13][9, 23][9, 23] 
[1, 23, 9, 14, 7, 4, 24, 3, 11, 17, 22, 25, 28, 16][12, 18, 13, 6, 5, 21, 10, 2, 29, 27, 15][12, 22, 25, 0, 19][0, 26, 8][20, 24][9, 23][6, 13][9, 23][6, 13][6, 13][9, 23][6, 13] 
[1, 23, 9, 14, 7, 4, 24, 3, 11, 17, 22, 25, 28, 16][12, 18, 13, 6, 5, 21, 10, 2, 29, 27, 15][12, 22, 25, 0, 19][0, 26, 8][6, 13][20, 24][9, 23][9, 23][6, 13][6, 13][9, 23][9, 23] 
[1, 23, 9, 14, 7, 4, 24, 3, 11, 17, 22, 25, 28, 16][15, 27, 29, 2, 10, 21, 5, 6, 13, 18][0, 26, 8, 12, 17][5, 21][0, 19][20, 24][12, 18][9, 23][6, 13][9, 23][6, 13][6, 13] 
[1, 23, 9, 14, 7, 4, 24, 3, 11, 17, 22, 25, 28, 16][5, 21, 6, 13, 18, 12, 22, 25, 0, 19][15, 27, 29, 2, 10, 21][0, 26, 8][6, 13][20, 24][9, 23][9, 23][6, 13][6, 13][9, 23][9, 23] 
[1, 23, 9, 14, 7, 4, 24, 3, 11, 17, 22, 25, 28, 16][5, 21, 6, 13, 18, 12, 22, 25, 0, 19][15, 27, 29, 2, 10, 21][0, 26, 8][6, 13][20, 24][9, 23][9, 23][6, 13][6, 13][9, 23][9, 23] 
[1, 23, 9, 14, 7, 4, 24, 3, 11, 17, 22, 25, 28, 16][12, 18, 13, 6, 5, 21, 10, 2, 29, 27, 15][12, 22, 25, 0, 19][0, 26, 8][6, 13][20, 24][9, 23][9, 23][6, 13][6, 13][9, 23][9, 23] 
[1, 23, 9, 14, 7, 4, 24, 3, 11, 17, 22, 25, 28, 16][5, 21, 6, 13, 18, 12, 22, 25, 0, 19][15, 27, 29, 2, 10, 21][0, 26, 8][6, 13][20, 24][9, 23][9, 23][6, 13][6, 13][9, 23][9, 23] 
[1, 23, 9, 14, 7, 4, 24, 3, 11, 17, 22, 25, 28, 16][5, 21, 6, 13, 18, 12, 22, 25, 0, 19][15, 27, 29, 2, 10, 21][0, 26, 8][6, 13][20, 24][9, 23][9, 23][6, 13][6, 13][9, 23][9, 23] 
[1, 23, 9, 14, 7, 4, 24, 3, 11, 17, 22, 25, 28, 16][5, 21, 6, 13, 18, 12, 22, 25, 0, 19][15, 27, 29, 2, 10, 21][0, 26, 8][6, 13][20, 24][9, 23][9, 23][6, 13][6, 13][9, 23][9, 23] 
[1, 23, 9, 14, 7, 4, 24, 3, 11, 17, 22, 25, 28, 16][12, 18, 13, 6, 5, 21, 10, 2, 29, 27, 15][12, 22, 25, 0, 19][0, 26, 8][6, 13][20, 24][9, 23][9, 23][6, 13][6, 13][9, 23][9, 23] 
[1, 23, 9, 14, 7, 4, 24, 3, 11, 17, 22, 25, 28, 16][15, 27, 29, 2, 10, 21, 5, 6, 13, 18][19, 18, 22, 17, 12, 8, 26, 0, 25][6, 13][20, 24][18, 19][9, 23][6, 13][9, 23][9, 23][9, 23][9, 23] 
[1, 23, 9, 14, 7, 4, 24, 3, 11, 17, 22, 25, 28, 16][15, 27, 29, 2, 10, 21, 5, 6, 13, 18][19, 18, 22, 17, 12, 8, 26, 0, 25][6, 13][20, 24][18, 19][9, 23][6, 13][9, 23][9, 23][9, 23][9, 23] 
[1, 23, 9, 14, 7, 4, 24, 3, 11, 17, 22, 25, 28, 16, 27][15, 27, 29, 2, 10, 21, 5, 6, 13, 18][0, 26, 8, 12, 17][6, 13][20, 24][18, 19][6, 13][5, 21][9, 23][16, 28][9, 23][6, 13] 
[15, 21, 10, 16, 28, 25, 0, 26, 8, 12, 17, 22, 18, 19][1, 23, 9, 14, 7, 4, 24, 3, 11, 17, 22, 25, 28, 16][15, 27, 29, 2, 10, 21, 5, 6, 13, 18][6, 13][20, 24][18, 19][9, 23][6, 13][9, 23][9, 23][9, 23][9, 23] 
[1, 23, 9, 14, 7, 4, 24, 3, 11, 17, 22, 25, 28, 16][15, 27, 29, 2, 10, 21, 5, 6, 13, 18][0, 26, 8, 12, 17, 22, 18][6, 13][20, 24][18, 19][9, 23][6, 13][9, 23][9, 23][9, 23][9, 23] 
[1, 23, 9, 14, 7, 4, 24, 3, 11, 17, 22, 25, 28, 16, 27][15, 27, 29, 2, 10, 21, 5, 6, 13, 18][0, 26, 8, 12, 17][6, 13][20, 24][18, 19][6, 13][5, 21][9, 23][16, 28][9, 23][6, 13] 
[15, 21, 10, 16, 28, 25, 0, 26, 8, 12, 17, 22, 18, 19][1, 23, 9, 14, 7, 4, 24, 3, 11, 17, 22, 25, 28, 16][15, 27, 29, 2, 10, 21, 5, 6, 13, 18][6, 13][20, 24][18, 19][9, 23][6, 13][9, 23][9, 23][9, 23][9, 23] 
[1, 23, 9, 14, 7, 4, 24, 3, 11, 17, 22, 25, 28, 16, 27][15, 27, 29, 2, 10, 21, 5, 6, 13, 18][0, 26, 8, 12, 17][6, 13][20, 24][18, 19][6, 13][5, 21][9, 23][16, 28][9, 23][6, 13] 
[9, 1, 23, 20, 7, 25][11, 3, 4, 24, 14][5, 21, 2, 29, 10][0, 22, 12, 8, 26][15, 27, 16, 28][6, 13, 18, 19][11, 17][1, 3][17, 28][17, 19][10, 15][18, 22] 
[9, 1, 23, 20, 7, 25][5, 21, 2, 29, 10][0, 22, 12, 8, 26][11, 3, 4, 24, 14][15, 27, 16, 28][6, 13, 18, 19][10, 15][17, 28][17, 19][18, 22][11, 17][1, 3] 
[9, 1, 23, 20, 7, 25][11, 3, 4, 24, 14][0, 22, 12, 8, 26][5, 21, 2, 29, 10][6, 13, 18, 19][15, 27, 16, 28][1, 3][11, 17][17, 19][17, 28][18, 22][10, 15] 
[9, 1, 23, 20, 7, 25][11, 3, 4, 24, 14][0, 22, 12, 8, 26][5, 21, 2, 29, 10][15, 27, 16, 28][6, 13, 18, 19][11, 17][1, 3][17, 28][17, 19][18, 22][10, 15] 
[9, 1, 23, 20, 7, 25][5, 21, 2, 29, 10][0, 22, 12, 8, 26][11, 3, 4, 24, 14][15, 27, 16, 28][6, 13, 18, 19][10, 15][17, 28][17, 19][18, 22][11, 17][1, 3] 
[9, 1, 23, 20, 7, 25][11, 3, 4, 24, 14][5, 21, 2, 29, 10][0, 22, 12, 8, 26][6, 13, 18, 19][15, 27, 16, 28][1, 3][11, 17][17, 19][17, 28][10, 15][18, 22] 
[9, 1, 23, 20, 7, 25][11, 3, 4, 24, 14][0, 22, 12, 8, 26][5, 21, 2, 29, 10][6, 13, 18, 19][15, 27, 16, 28][1, 3][11, 17][17, 19][17, 28][18, 22][10, 15] 
[9, 1, 23, 20, 7, 25][0, 22, 12, 8, 26][11, 3, 4, 24, 14][5, 21, 2, 29, 10][15, 27, 16, 28][6, 13, 18, 19][18, 22][17, 19][17, 28][11, 17][1, 3][10, 15] 
[9, 1, 23, 20, 7, 25][11, 3, 4, 24, 14][5, 21, 2, 29, 10][0, 22, 12, 8, 26][6, 13, 18, 19][15, 27, 16, 28][1, 3][11, 17][17, 19][17, 28][10, 15][18, 22] 
[9, 1, 23, 20, 7, 25][5, 21, 2, 29, 10][11, 3, 4, 24, 14][0, 22, 12, 8, 26][15, 27, 16, 28][6, 13, 18, 19][10, 15][17, 28][11, 17][17, 19][18, 22][1, 3] 
[9, 1, 23, 20, 7, 25][5, 21, 2, 29, 10][11, 3, 4, 24, 14][0, 22, 12, 8, 26][15, 27, 16, 28][6, 13, 18, 19][10, 15][17, 28][11, 17][17, 19][18, 22][1, 3] 
[9, 1, 23, 20, 7, 25][5, 21, 2, 29, 10][0, 22, 12, 8, 26][11, 3, 4, 24, 14][15, 27, 16, 28][6, 13, 18, 19][10, 15][17, 28][17, 19][18, 22][11, 17][1, 3] 
[9, 1, 23, 20, 7, 25][11, 3, 4, 24, 14][5, 21, 2, 29, 10][0, 22, 12, 8, 26][6, 13, 18, 19][15, 27, 16, 28][1, 3][11, 17][17, 19][17, 28][10, 15][18, 22] 
[9, 1, 23, 20, 7, 25][5, 21, 2, 29, 10][11, 3, 4, 24, 14][0, 22, 12, 8, 26][15, 27, 16, 28][6, 13, 18, 19][10, 15][17, 28][11, 17][17, 19][18, 22][1, 3] 
[9, 1, 23, 20, 7, 25][11, 3, 4, 24, 14][0, 22, 12, 8, 26][5, 21, 2, 29, 10][6, 13, 18, 19][15, 27, 16, 28][1, 3][11, 17][17, 19][17, 28][18, 22][10, 15] 
[9, 1, 23, 20, 7, 25][0, 22, 12, 8, 26][5, 21, 2, 29, 10][11, 3, 4, 24, 14][15, 27, 16, 28][6, 13, 18, 19][0, 28][19, 22][10, 15][17, 28][11, 17][1, 3] 
[9, 1, 23, 20, 7, 25][0, 22, 12, 8, 26][5, 21, 2, 29, 10][11, 3, 4, 24, 14][15, 27, 16, 28][6, 13, 18, 19][0, 28][19, 22][10, 15][17, 28][11, 17][1, 3] 
[9, 1, 23, 20, 7, 25][5, 21, 2, 29, 10][0, 22, 12, 8, 26][11, 3, 4, 24, 14][15, 27, 16, 28][6, 13, 18, 19][10, 15][0, 28][19, 22][17, 28][11, 17][1, 3] 
[9, 1, 23, 20, 7, 25][0, 22, 12, 8, 26][5, 21, 2, 29, 10][11, 3, 4, 24, 14][15, 27, 16, 28][6, 13, 18, 19][0, 28][19, 22][10, 15][17, 28][11, 17][1, 3] 
[9, 1, 23, 20, 7, 25][11, 3, 4, 24, 14][5, 21, 2, 29, 10][0, 22, 12, 8, 26][15, 27, 16, 28][6, 13, 18, 19][11, 17][1, 3][17, 28][10, 15][0, 28][19, 22] 
[9, 1, 23, 20, 7, 25][0, 22, 12, 8, 26][5, 21, 2, 29, 10][11, 3, 4, 24, 14][15, 27, 16, 28][6, 13, 18, 19][0, 28][19, 22][10, 15][17, 28][11, 17][1, 3] 
[9, 1, 23, 20, 7, 25][5, 21, 2, 29, 10][11, 3, 4, 24, 14][0, 22, 12, 8, 26][15, 27, 16, 28][6, 13, 18, 19][10, 15][17, 28][11, 17][17, 19][18, 22][1, 3] 
[9, 1, 23, 20, 7, 25][11, 3, 4, 24, 14][0, 22, 12, 8, 26][5, 21, 2, 29, 10][6, 13, 18, 19][15, 27, 16, 28][1, 3][11, 17][17, 19][17, 28][18, 22][10, 15] 
[9, 1, 23, 20, 7, 25][11, 3, 4, 24, 14][0, 22, 12, 8, 26][5, 21, 2, 29, 10][15, 27, 16, 28][6, 13, 18, 19][11, 17][1, 3][17, 28][17, 19][18, 22][10, 15] 
[9, 1, 23, 20, 7, 25][11, 3, 4, 24, 14][5, 21, 2, 29, 10][0, 22, 12, 8, 26][15, 27, 16, 28][6, 13, 18, 19][11, 17][1, 3][17, 28][17, 19][10, 15][18, 22] 
[9, 1, 23, 20, 7, 25][11, 3, 4, 24, 14][5, 21, 2, 29, 10][0, 22, 12, 8, 26][6, 13, 18, 19][15, 27, 16, 28][1, 3][11, 17][17, 19][17, 28][10, 15][18, 22] 
[9, 1, 23, 20, 7, 25][5, 21, 2, 29, 10][0, 22, 12, 8, 26][11, 3, 4, 24, 14][15, 27, 16, 28][6, 13, 18, 19][10, 15][17, 28][17, 19][19, 22][11, 17][1, 3] 
[9, 1, 23, 20, 7, 25][11, 3, 4, 24, 14][0, 22, 12, 8, 26][5, 21, 2, 29, 10][6, 13, 18, 19][15, 27, 16, 28][1, 3][11, 17][17, 19][17, 28][18, 22][10, 15] 
[9, 1, 23, 20, 7, 25][5, 21, 2, 29, 10][0, 22, 12, 8, 26][11, 3, 4, 24, 14][15, 27, 16, 28][6, 13, 18, 19][10, 15][0, 28][19, 22][17, 28][11, 17][1, 3] 
[9, 1, 23, 20, 7, 25][0, 22, 12, 8, 26][11, 3, 4, 24, 14][5, 21, 2, 29, 10][6, 13, 18, 19][15, 27, 16, 28][19, 22][0, 28][17, 28][11, 17][1, 3][10, 15] 
[9, 1, 23, 20, 7, 25][0, 22, 12, 8, 26][11, 3, 4, 24, 14][5, 21, 2, 29, 10][6, 13, 18, 19][15, 27, 16, 28][19, 22][0, 28][17, 28][11, 17][1, 3][10, 15] 
[9, 1, 23, 20, 7, 25][5, 21, 2, 29, 10][0, 22, 12, 8, 26][11, 3, 4, 24, 14][15, 27, 16, 28][6, 13, 18, 19][17, 28][10, 15][0, 28][11, 17][1, 3][19, 22] 
[9, 1, 23, 20, 7, 25][0, 22, 12, 8, 26][5, 21, 2, 29, 10][11, 3, 4, 24, 14][15, 27, 16, 28][6, 13, 18, 19][0, 28][19, 22][10, 15][17, 28][11, 17][1, 3] 
[9, 1, 23, 20, 7, 25][11, 3, 4, 24, 14][5, 21, 2, 29, 10][0, 22, 12, 8, 26][15, 27, 16, 28][6, 13, 18, 19][11, 17][1, 3][17, 28][10, 15][0, 28][19, 22] 
[9, 1, 23, 20, 7, 25][0, 22, 12, 8, 26][11, 3, 4, 24, 14][5, 21, 2, 29, 10][6, 13, 18, 19][15, 27, 16, 28][19, 22][0, 28][17, 28][11, 17][1, 3][10, 15] 
[9, 1, 23, 20, 7, 25][0, 22, 12, 8, 26][11, 3, 4, 24, 14][5, 21, 2, 29, 10][6, 13, 18, 19][15, 27, 16, 28][19, 22][0, 28][17, 28][11, 17][1, 3][10, 15] 
[9, 1, 23, 20, 7, 25][0, 22, 12, 8, 26][11, 3, 4, 24, 14][5, 21, 2, 29, 10][6, 13, 18, 19][15, 27, 16, 28][19, 22][0, 28][17, 28][11, 17][1, 3][10, 15] 
[9, 1, 23, 20, 7, 25][0, 22, 12, 8, 26][11, 3, 4, 24, 14][5, 21, 2, 29, 10][6, 13, 18, 19][15, 27, 16, 28][19, 22][0, 28][17, 28][11, 17][1, 3][10, 15] 
[9, 1, 23, 20, 7, 25][0, 22, 12, 8, 26][5, 21, 2, 29, 10][11, 3, 4, 24, 14][6, 13, 18, 19][15, 27, 16, 28][19, 22][0, 28][10, 15][17, 28][11, 17][1, 3] 
[9, 1, 23, 20, 7, 25][0, 22, 12, 8, 26][5, 21, 2, 29, 10][11, 3, 4, 24, 14][15, 27, 16, 28][6, 13, 18, 19][0, 28][19, 22][10, 15][17, 28][11, 17][1, 3] 
[9, 1, 23, 20, 7, 25][11, 3, 4, 24, 14][5, 21, 2, 29, 10][0, 22, 12, 8, 26][15, 27, 16, 28][6, 13, 18, 19][11, 17][1, 3][17, 28][10, 15][0, 28][19, 22] 
[9, 1, 23, 20, 7, 25][0, 22, 12, 8, 26][11, 3, 4, 24, 14][5, 21, 2, 29, 10][6, 13, 18, 19][15, 27, 16, 28][19, 22][0, 28][17, 28][11, 17][1, 3][10, 15] 
[9, 1, 23, 20, 7, 25][0, 22, 12, 8, 26][5, 21, 2, 29, 10][11, 3, 4, 24, 14][15, 27, 16, 28][6, 13, 18, 19][0, 28][19, 22][10, 15][17, 28][11, 17][1, 3] 
[9, 1, 23, 20, 7, 25][12, 8, 26, 0, 22][11, 3, 4, 24, 14][5, 21, 2, 29, 10][15, 27, 16, 28][17, 19, 18, 22][6, 13, 18][0, 28][11, 17][1, 3][10, 15][8, 26] 
[9, 1, 23, 20, 7, 25][12, 8, 26, 0, 22][11, 3, 4, 24, 14][5, 21, 2, 29, 10][15, 27, 16, 28][17, 19, 18, 22][6, 13, 18][0, 28][11, 17][1, 3][10, 15][8, 26] 
[9, 1, 23, 20, 7, 25][12, 8, 26, 0, 22][11, 3, 4, 24, 14][5, 21, 2, 29, 10][15, 27, 16, 28][17, 19, 18, 22][6, 13, 18][0, 28][11, 17][1, 3][10, 15][8, 26] 
[9, 1, 23, 20, 7, 25][12, 8, 26, 0, 22][11, 3, 4, 24, 14][5, 21, 2, 29, 10][15, 27, 16, 28][17, 19, 18, 22][6, 13, 18][0, 28][11, 17][1, 3][10, 15][8, 26] 
[14, 24, 4, 3, 11, 17][9, 1, 23, 20, 7, 25][5, 21, 2, 29, 10][0, 22, 12, 8, 26][15, 27, 16, 28][6, 13, 18, 19][10, 15][17, 28][11, 17][0, 28][19, 22][1, 3] 
[9, 1, 23, 20, 7, 25][11, 3, 4, 24, 14][5, 21, 2, 29, 10][12, 8, 26, 0, 22][17, 19, 18, 22][15, 27, 16, 28][6, 13, 18][2, 10, 15][17, 28][8, 26][11, 17][1, 3] 
[9, 1, 23, 20, 7, 25][11, 3, 4, 24, 14][0, 22, 12, 8, 26][5, 21, 2, 29, 10][6, 13, 18, 19][15, 27, 16, 28][1, 3][11, 17][17, 19][17, 28][18, 22][10, 15] 
[9, 1, 23, 20, 7, 25][11, 3, 4, 24, 14][0, 22, 12, 8, 26][5, 21, 2, 29, 10][15, 27, 16, 28][6, 13, 18, 19][1, 3][11, 17][17, 28][17, 19][18, 22][10, 15] 
[9, 1, 23, 20, 7, 25][11, 3, 4, 24, 14][0, 22, 12, 8, 26][5, 21, 2, 29, 10][15, 27, 16, 28][6, 13, 18, 19][1, 3][11, 17][17, 28][17, 19][18, 22][10, 15] 
[9, 1, 23, 20, 7, 25][5, 21, 2, 29, 10][11, 3, 4, 24, 14][0, 22, 12, 8, 26][15, 27, 16, 28][6, 13, 18, 19][10, 15][17, 28][11, 17][17, 19][18, 22][1, 3] 
[9, 1, 23, 20, 7, 25][11, 3, 4, 24, 14][0, 22, 12, 8, 26][5, 21, 2, 29, 10][6, 13, 18, 19][15, 27, 16, 28][1, 3][11, 17][17, 19][17, 28][18, 22][10, 15] 
[9, 1, 23, 20, 7, 25][0, 22, 12, 8, 26][5, 21, 2, 29, 10][11, 3, 4, 24, 14][15, 27, 16, 28][6, 13, 18, 19][0, 28][19, 22][10, 15][17, 28][11, 17][1, 3] 
[9, 1, 23, 20, 7, 25][11, 3, 4, 24, 14][0, 22, 12, 8, 26][5, 21, 2, 29, 10][6, 13, 18, 19][15, 27, 16, 28][1, 3][11, 17][17, 19][17, 28][18, 22][10, 15] 
