[9, 23, 20, 4, 24, 14][5, 6, 15, 2, 21, 10][1, 3, 11, 25, 28][7, 16, 27, 29][12, 22, 18, 13][0, 19, 8, 26][7, 24][16, 28][17, 28][6, 16][12, 19][17, 22] 
[5, 6, 15, 2, 21, 10][1, 3, 11, 25, 28][0, 12, 19, 8, 26][14, 24, 4, 20, 23][7, 16, 27, 29][22, 17, 28][13, 18, 22][16, 28][1, 9][6, 16][0, 22][9, 23] 
[5, 6, 15, 2, 21, 10][1, 3, 11, 25, 28][0, 12, 19, 8, 26][14, 24, 4, 20, 23][7, 16, 27, 29][22, 17, 28][13, 18, 22][16, 28][1, 9][6, 16][0, 22][9, 23] 
[9, 23, 20, 4, 24, 14][5, 6, 15, 2, 21, 10][1, 3, 11, 25, 28][12, 19, 8, 26][7, 16, 27, 29][12, 17, 22][13, 18, 22][1, 9][17, 28][0, 22][16, 28][6, 16] 
[9, 23, 20, 4, 24, 14][5, 6, 15, 2, 21, 10][1, 3, 11, 25][12, 22, 18, 13][0, 19, 8, 26][7, 16, 27, 29][22, 17, 28][25, 28][0, 22][16, 28][7, 24][6, 16] 
[5, 6, 15, 2, 21, 10][1, 3, 11, 25, 28][0, 12, 19, 8, 26][14, 24, 4, 20, 23][7, 16, 27, 29][22, 17, 28][13, 18, 22][16, 28][1, 9][6, 16][0, 22][9, 23] 
[5, 6, 15, 2, 21, 10][1, 3, 11, 25, 28][0, 12, 19, 8, 26][14, 24, 4, 20, 23][7, 16, 27, 29][22, 17, 28][13, 18, 22][16, 28][1, 9][6, 16][0, 22][9, 23] 
[9, 23, 20, 4, 24, 14][5, 6, 15, 2, 21, 10][1, 3, 11, 25][12, 22, 18, 13][0, 19, 8, 26][7, 16, 27, 29][22, 17, 28][25, 28][0, 22][16, 28][7, 24][6, 16] 
[5, 6, 15, 2, 21, 10][9, 1, 3, 11, 25][14, 24, 4, 20, 23][0, 19, 8, 26][12, 22, 18, 13][7, 16, 27, 29][22, 17, 28][0, 22][25, 28][16, 28][6, 16][7, 24] 
[9, 23, 20, 4, 24, 14][5, 6, 15, 2, 21, 10][1, 3, 11, 25][12, 22, 18, 13][7, 16, 27, 29][0, 19, 8, 26][22, 17, 28][25, 28][16, 28][7, 24][6, 16][0, 22] 
[9, 23, 20, 4, 24, 14][5, 6, 15, 2, 21, 10][1, 3, 11, 25, 28][7, 16, 27, 29][12, 22, 18, 13][0, 19, 8, 26][7, 24][16, 28][17, 28][6, 16][12, 19][17, 22] 
[5, 6, 15, 2, 21, 10][1, 3, 11, 25, 28][0, 12, 19, 8, 26][14, 24, 4, 20, 23][7, 16, 27, 29][22, 17, 28][13, 18, 22][16, 28][1, 9][6, 16][0, 22][9, 23] 
[5, 6, 15, 2, 21, 10][1, 3, 11, 25, 28][0, 12, 19, 8, 26][14, 24, 4, 20, 23][7, 16, 27, 29][22, 17, 28][13, 18, 22][16, 28][1, 9][6, 16][0, 22][9, 23] 
[9, 23, 20, 4, 24, 14][5, 6, 15, 2, 21, 10][12, 22, 18, 13][0, 19, 8, 26][7, 16, 27, 29][1, 3, 11, 25][22, 17, 28][0, 22][16, 28][25, 28][7, 24][6, 16] 
[5, 6, 15, 2, 21, 10][1, 3, 11, 25, 28][0, 12, 19, 8, 26][14, 24, 4, 20, 23][7, 16, 27, 29][22, 17, 28][13, 18, 22][16, 28][1, 9][6, 16][0, 22][9, 23] 
[9, 23, 20, 4, 24, 14][5, 6, 15, 2, 21, 10][12, 22, 18, 13][0, 19, 8, 26][7, 16, 27, 29][1, 3, 11, 25][22, 17, 28][0, 22][16, 28][7, 24][6, 16][25, 28] 
[9, 23, 20, 4, 24, 14][5, 6, 15, 2, 21, 10][1, 3, 11, 25, 28][7, 16, 27, 29][12, 22, 18, 13][0, 19, 8, 26][7, 24][16, 28][17, 28][6, 16][12, 19][17, 22] 
[5, 6, 15, 2, 21, 10][1, 3, 11, 25, 28][0, 12, 19, 8, 26][14, 24, 4, 20, 23][7, 16, 27, 29][22, 17, 28][13, 18, 22][16, 28][1, 9][6, 16][0, 22][9, 23] 
[9, 23, 20, 4, 24, 14][5, 6, 15, 2, 21, 10][1, 3, 11, 25][12, 22, 18, 13][0, 19, 8, 26][7, 16, 27, 29][22, 17, 28][25, 28][0, 22][16, 28][7, 24][6, 16] 
[9, 23, 20, 4, 24, 14][5, 6, 15, 2, 21, 10][1, 3, 11, 25, 28][7, 16, 27, 29][12, 22, 18, 13][0, 19, 8, 26][7, 24][16, 28][17, 28][6, 16][12, 19][17, 22] 
[9, 23, 20, 4, 24, 14][5, 6, 15, 2, 21, 10][1, 3, 11, 25, 28][7, 16, 27, 29][12, 22, 18, 13][0, 19, 8, 26][7, 24][16, 28][17, 28][6, 16][12, 19][17, 22] 
[5, 6, 15, 2, 21, 10][1, 3, 11, 25, 28][0, 12, 19, 8, 26][14, 24, 4, 20, 23][7, 16, 27, 29][22, 17, 28][13, 18, 22][16, 28][1, 9][6, 16][0, 22][9, 23] 
[5, 6, 15, 2, 21, 10][1, 3, 11, 25, 28][0, 12, 19, 8, 26][14, 24, 4, 20, 23][7, 16, 27, 29][22, 17, 28][13, 18, 22][16, 28][1, 9][6, 16][0, 22][9, 23] 
[9, 23, 20, 4, 24, 14][5, 6, 15, 2, 21, 10][12, 22, 18, 13][0, 19, 8, 26][7, 16, 27, 29][1, 3, 11, 25][22, 17, 28][0, 22][16, 28][25, 28][7, 24][6, 16] 
[5, 6, 15, 2, 21, 10][1, 3, 11, 25, 28][0, 12, 19, 8, 26][14, 24, 4, 20, 23][7, 16, 27, 29][13, 18, 22][22, 17, 28][0, 22][16, 28][6, 16][1, 9][9, 23] 
[9, 23, 20, 4, 24, 14][5, 6, 15, 2, 21, 10][1, 3, 11, 25][12, 22, 18, 13][7, 16, 27, 29][0, 19, 8, 26][22, 17, 28][25, 28][16, 28][7, 24][6, 16][0, 22] 
[9, 23, 20, 4, 24, 14][5, 6, 15, 2, 21, 10][1, 3, 11, 25, 28][7, 16, 27, 29][12, 22, 18, 13][0, 19, 8, 26][7, 24][16, 28][17, 28][6, 16][12, 19][17, 22] 
[5, 6, 15, 2, 21, 10][1, 3, 11, 25, 28][0, 12, 19, 8, 26][14, 24, 4, 20, 23][7, 16, 27, 29][22, 17, 28][13, 18, 22][16, 28][1, 9][6, 16][0, 22][9, 23] 
[9, 23, 20, 4, 24, 14][5, 6, 15, 2, 21, 10][1, 3, 11, 25][12, 22, 18, 13][0, 19, 8, 26][7, 16, 27, 29][22, 17, 28][25, 28][0, 22][16, 28][7, 24][6, 16] 
[9, 23, 20, 4, 24, 14][5, 6, 15, 2, 21, 10][1, 3, 11, 25, 28][7, 16, 27, 29][12, 22, 18, 13][0, 19, 8, 26][7, 24][16, 28][17, 28][6, 16][12, 19][17, 22] 
[9, 23, 20, 4, 24, 14][5, 6, 15, 2, 21, 10][1, 3, 11, 25, 28][7, 16, 27, 29][12, 22, 18, 13][0, 19, 8, 26][7, 24][16, 28][17, 28][6, 16][12, 19][17, 22] 
[5, 6, 15, 2, 21, 10][1, 3, 11, 25, 28][0, 12, 19, 8, 26][14, 24, 4, 20, 23][7, 16, 27, 29][22, 17, 28][13, 18, 22][16, 28][1, 9][6, 16][0, 22][9, 23] 
[9, 23, 20, 4, 24, 14][5, 6, 15, 2, 21, 10][1, 3, 11, 25][12, 22, 18, 13][0, 19, 8, 26][7, 16, 27, 29][22, 17, 28][25, 28][0, 22][16, 28][7, 24][6, 16] 
[9, 23, 20, 4, 24, 14][5, 6, 15, 2, 21, 10][1, 3, 11, 25, 28][7, 16, 27, 29][12, 22, 18, 13][0, 19, 8, 26][7, 24][16, 28][17, 28][6, 16][12, 19][17, 22] 
[9, 23, 20, 4, 24, 14][5, 6, 15, 2, 21, 10][1, 3, 11, 25, 28][7, 16, 27, 29][12, 22, 18, 13][0, 19, 8, 26][7, 24][16, 28][17, 28][6, 16][12, 19][17, 22] 
[21, 5, 6, 13, 18, 12, 17, 0, 22, 19, 8, 26][0, 25, 11, 14, 24, 4, 20, 23, 9, 1, 3][6, 16, 7, 2, 27, 10, 29, 15][13, 18][17, 28][7, 16][1, 9][7, 16][13, 18][7, 16][13, 18][13, 18] 
[12, 18, 13, 6, 16, 7, 2, 27, 10, 29, 15, 5, 21][0, 25, 11, 14, 24, 4, 20, 23, 9, 1, 3][18, 12, 17, 0, 22, 19, 8, 26][1, 9][12, 18][17, 28][13, 18][1, 9][7, 16][1, 9][7, 16][13, 18] 
[21, 5, 6, 13, 18, 12, 17, 0, 22, 19, 8, 26][0, 25, 11, 14, 24, 4, 20, 23, 9, 1, 3][6, 16, 7, 2, 27, 10, 29, 15][13, 18][17, 28][7, 16][1, 9][7, 16][13, 18][7, 16][13, 18][13, 18] 
[21, 5, 6, 13, 18, 12, 17, 0, 22, 19, 8, 26][6, 16, 7, 2, 27, 10, 29, 15, 21][1, 9, 23, 20, 4, 24, 14, 11, 25][3, 11, 17, 28][7, 16][15, 21][13, 18][7, 16][7, 16][7, 16][13, 18][13, 18] 
[21, 5, 6, 13, 18, 12, 17, 0, 22, 19, 8, 26][1, 9, 23, 20, 4, 24, 14, 11, 25][6, 16, 7, 2, 27, 10, 29, 15][18, 13, 6, 5, 21][3, 11, 17, 28][7, 16][13, 18][17, 28][7, 16][7, 16][7, 16][7, 16] 
[0, 25, 11, 14, 24, 4, 20, 23, 9, 1, 3][12, 17, 0, 22, 19, 8, 26][2, 27, 10, 29, 15, 5, 21][2, 7, 16, 6, 13, 18, 12][17, 28][1, 9][13, 18][7, 16][13, 18][7, 16][7, 16][13, 18] 
[12, 18, 13, 6, 16, 7, 2, 27, 10, 29, 15, 5, 21][0, 25, 11, 14, 24, 4, 20, 23, 9, 1, 3][18, 12, 17, 0, 22, 19, 8, 26][1, 9][12, 18][17, 28][13, 18][1, 9][7, 16][1, 9][7, 16][13, 18] 
[12, 18, 13, 6, 16, 7, 2, 27, 10, 29, 15, 5, 21][21, 5, 6, 13, 18, 12, 17, 0, 22, 19, 8, 26][0, 25, 11, 14, 24, 4, 20, 23, 9, 1, 3][12, 18, 13, 6, 16][13, 18][17, 28][7, 16][7, 16][12, 18][13, 18][13, 18][13, 18] 
[15, 2, 21, 5, 6, 13, 18, 12, 17, 0, 22, 19, 8, 26][6, 16, 7, 2, 27, 10, 29, 15, 21][1, 9, 23, 20, 4, 24, 14, 11, 25][3, 11, 17, 28][7, 16][15, 21][13, 18][7, 16][7, 16][7, 16][13, 18][13, 18] 
[12, 18, 13, 6, 16, 7, 2, 27, 10, 29, 15, 5, 21][0, 25, 11, 14, 24, 4, 20, 23, 9, 1, 3][18, 12, 17, 0, 22, 19, 8, 26][12, 18, 13, 6, 16][13, 18][17, 28][7, 16][7, 16][12, 18][13, 18][13, 18][13, 18] 
[21, 5, 6, 13, 18, 12, 17, 0, 22, 19, 8, 26][0, 25, 11, 14, 24, 4, 20, 23, 9, 1, 3][2, 27, 10, 29, 15][2, 7, 16, 28, 17][13, 18][17, 28][1, 9][7, 16][13, 18][7, 16][13, 18][13, 18] 
[12, 18, 13, 6, 16, 7, 2, 27, 10, 29, 15, 5, 21][0, 25, 11, 14, 24, 4, 20, 23, 9, 1, 3][13, 18, 12, 17, 0, 22, 19, 8, 26][7, 16, 6, 13, 18, 12][1, 9][17, 28][13, 18][1, 9][7, 16][1, 9][7, 16][13, 18] 
[21, 5, 6, 13, 18, 12, 17, 0, 22, 19, 8, 26][1, 9, 23, 20, 4, 24, 14, 11, 25][6, 16, 7, 2, 27, 10, 29, 15][18, 13, 6, 5, 21][3, 11, 17, 28][7, 16][13, 18][17, 28][7, 16][7, 16][7, 16][7, 16] 
[21, 5, 6, 13, 18, 12, 17, 0, 22, 19, 8, 26][0, 25, 11, 14, 24, 4, 20, 23, 9, 1, 3][6, 16, 7, 2, 27, 10, 29, 15][6, 2, 7, 16, 28, 17][13, 18][17, 28][1, 9][7, 16][13, 18][7, 16][13, 18][13, 18] 
[12, 18, 13, 6, 16, 7, 2, 27, 10, 29, 15, 5, 21][21, 5, 6, 13, 18, 12, 17, 0, 22, 19, 8, 26][0, 25, 11, 14, 24, 4, 20, 23, 9, 1, 3][2, 7, 16, 6, 13, 18, 12][17, 28][1, 9][13, 18][7, 16][13, 18][7, 16][7, 16][13, 18] 
[21, 5, 6, 13, 18, 12, 17, 0, 22, 19, 8, 26][0, 25, 11, 14, 24, 4, 20, 23, 9, 1, 3][6, 16, 7, 2, 27, 10, 29, 15][13, 18][17, 28][7, 16][1, 9][7, 16][13, 18][7, 16][13, 18][13, 18] 
[21, 5, 6, 13, 18, 12, 17, 0, 22, 19, 8, 26][0, 25, 11, 14, 24, 4, 20, 23, 9, 1, 3][6, 16, 7, 2, 27, 10, 29, 15][13, 18][17, 28][7, 16][1, 9][7, 16][13, 18][7, 16][13, 18][13, 18] 
[12, 18, 13, 6, 16, 7, 2, 27, 10, 29, 15, 5, 21][0, 25, 11, 14, 24, 4, 20, 23, 9, 1, 3][18, 12, 17, 0, 22, 19, 8, 26][12, 18, 13, 6, 16][13, 18][17, 28][7, 16][7, 16][12, 18][13, 18][13, 18][13, 18] 
[21, 5, 6, 13, 18, 12, 17, 0, 22, 19, 8, 26][0, 25, 11, 14, 24, 4, 20, 23, 9, 1, 3][6, 16, 7, 2, 27, 10, 29, 15][13, 18][17, 28][7, 16][1, 9][7, 16][13, 18][7, 16][13, 18][13, 18] 
[21, 5, 6, 13, 18, 12, 17, 0, 22, 19, 8, 26][0, 25, 11, 14, 24, 4, 20, 23, 9, 1, 3][6, 16, 7, 2, 27, 10, 29, 15][13, 18][17, 28][7, 16][1, 9][7, 16][13, 18][7, 16][13, 18][13, 18] 
[21, 5, 6, 13, 18, 12, 17, 0, 22, 19, 8, 26][0, 25, 11, 14, 24, 4, 20, 23, 9, 1, 3][6, 16, 7, 2, 27, 10, 29, 15][13, 18][17, 28][7, 16][1, 9][7, 16][13, 18][7, 16][13, 18][13, 18] 
[9, 23, 20, 4, 24, 14][5, 6, 15, 2, 21, 10][12, 22, 18, 13][0, 19, 8, 26][7, 16, 27, 29][1, 3, 11, 25][22, 17, 28][20, 7, 24][0, 22][16, 28][6, 16][25, 28] 
[9, 23, 20, 4, 24, 14][5, 6, 15, 2, 21, 10][12, 22, 18, 13][0, 19, 8, 26][7, 16, 27, 29][1, 3, 11, 25][22, 17, 28][0, 22][16, 28][7, 24][6, 16][25, 28] 
[9, 23, 20, 4, 24, 14][5, 6, 15, 2, 21, 10][12, 22, 18, 13][0, 19, 8, 26][7, 16, 27, 29][1, 3, 11, 25][22, 17, 28][0, 22][16, 28][7, 24][6, 16][25, 28] 
[9, 23, 20, 4, 24, 14][5, 6, 15, 2, 21, 10][12, 22, 18, 13][0, 19, 8, 26][7, 16, 27, 29][1, 3, 11, 25][22, 17, 28][0, 22][16, 28][7, 24][6, 16][25, 28] 
[9, 23, 20, 4, 24, 14][5, 6, 15, 2, 21, 10][12, 22, 18, 13][0, 19, 8, 26][7, 16, 27, 29][1, 3, 11, 25][22, 17, 28][0, 22][16, 28][25, 28][7, 24][6, 16] 
[9, 23, 20, 4, 24, 14][5, 6, 15, 2, 21, 10][12, 22, 18, 13][0, 19, 8, 26][7, 16, 27, 29][1, 3, 11, 25][22, 17, 28][0, 22][16, 28][7, 24][6, 16][25, 28] 
[9, 23, 20, 4, 24, 14][5, 6, 15, 2, 21, 10][1, 3, 11, 25][12, 22, 18, 13][0, 19, 8, 26][7, 16, 27, 29][22, 17, 28][25, 28][0, 22][16, 28][7, 24][6, 16] 
[9, 23, 20, 4, 24, 14][5, 6, 15, 2, 21, 10][1, 3, 11, 25][12, 22, 18, 13][0, 19, 8, 26][7, 16, 27, 29][22, 17, 28][25, 28][0, 22][16, 28][7, 24][6, 16] 
[9, 23, 20, 4, 24, 14][5, 6, 15, 2, 21, 10][12, 22, 18, 13][0, 19, 8, 26][7, 16, 27, 29][1, 3, 11, 25][22, 17, 28][0, 22][16, 28][7, 24][6, 16][25, 28] 
[9, 23, 20, 4, 24, 14][5, 6, 15, 2, 21, 10][1, 3, 11, 25][12, 22, 18, 13][0, 19, 8, 26][7, 16, 27, 29][22, 17, 28][25, 28][0, 22][16, 28][7, 24][6, 16] 
[5, 6, 15, 2, 21, 10][9, 23, 20, 4, 24, 14][7, 16, 27, 29][12, 22, 18, 13][0, 19, 8, 26][1, 3, 11, 25][22, 17, 28][6, 16][7, 24][16, 28][0, 22][25, 28] 
[9, 23, 20, 4, 24, 14][5, 6, 15, 2, 21, 10][1, 3, 11, 25][12, 22, 18, 13][0, 19, 8, 26][7, 16, 27, 29][22, 17, 28][25, 28][0, 22][16, 28][7, 24][6, 16] 
[9, 23, 20, 4, 24, 14][5, 6, 15, 2, 21, 10][1, 3, 11, 25][12, 22, 18, 13][0, 19, 8, 26][7, 16, 27, 29][22, 17, 28][25, 28][0, 22][16, 28][7, 24][6, 16] 
[9, 23, 20, 4, 24, 14][5, 6, 15, 2, 21, 10][1, 3, 11, 25][12, 22, 18, 13][0, 19, 8, 26][7, 16, 27, 29][22, 17, 28][25, 28][0, 22][16, 28][7, 24][6, 16] 
[5, 6, 15, 2, 21, 10][9, 23, 20, 4, 24, 14][7, 16, 27, 29][12, 22, 18, 13][0, 19, 8, 26][1, 3, 11, 25][22, 17, 28][6, 16][7, 24][16, 28][0, 22][25, 28] 
[5, 6, 15, 2, 21, 10][9, 23, 20, 4, 24, 14][1, 3, 11, 25, 28][7, 16, 27, 29][12, 22, 18, 13][0, 19, 8, 26][6, 16][7, 24][16, 28][17, 28][17, 22][12, 19] 
[9, 23, 20, 4, 24, 14][5, 6, 15, 2, 21, 10][1, 3, 11, 25, 28][7, 16, 27, 29][12, 22, 18, 13][0, 19, 8, 26][7, 24][16, 28][17, 28][6, 16][12, 19][17, 22] 
[9, 23, 20, 4, 24, 14][5, 6, 15, 2, 21, 10][1, 3, 11, 25, 28][7, 16, 27, 29][12, 22, 18, 13][0, 19, 8, 26][7, 24][16, 28][17, 28][6, 16][12, 19][17, 22] 
[9, 23, 20, 4, 24, 14][5, 6, 15, 2, 21, 10][1, 3, 11, 25, 28][7, 16, 27, 29][12, 22, 18, 13][0, 19, 8, 26][7, 24][16, 28][17, 28][6, 16][12, 19][17, 22] 
[9, 23, 20, 4, 24, 14][5, 6, 15, 2, 21, 10][1, 3, 11, 25, 28][7, 16, 27, 29][12, 22, 18, 13][0, 19, 8, 26][7, 24][16, 28][17, 28][6, 16][12, 19][17, 22] 
[5, 6, 15, 2, 21, 10][9, 23, 20, 4, 24, 14][1, 3, 11, 25, 28][12, 22, 18, 13][0, 19, 8, 26][22, 17, 28][16, 27, 29][12, 19][16, 28][6, 16][7, 16][7, 24] 
[5, 6, 15, 2, 21, 10][9, 23, 20, 4, 24, 14][7, 16, 27, 29][12, 22, 18, 13][1, 3, 11, 25][0, 19, 8, 26][22, 17, 28][16, 28][25, 28][6, 16][7, 24][0, 22] 
[9, 23, 20, 4, 24, 14][5, 6, 15, 2, 21, 10][1, 3, 11, 25][12, 22, 18, 13][0, 19, 8, 26][7, 16, 27, 29][22, 17, 28][25, 28][0, 22][16, 28][7, 24][6, 16] 
[9, 23, 20, 4, 24, 14][5, 6, 15, 2, 21, 10][1, 3, 11, 25][12, 22, 18, 13][7, 16, 27, 29][0, 19, 8, 26][22, 17, 28][25, 28][16, 28][7, 24][6, 16][0, 22] 
[9, 23, 20, 4, 24, 14][5, 6, 15, 2, 21, 10][1, 3, 11, 25][12, 22, 18, 13][7, 16, 27, 29][0, 19, 8, 26][22, 17, 28][25, 28][16, 28][7, 24][6, 16][0, 22] 
[9, 23, 20, 4, 24, 14][5, 6, 15, 2, 21, 10][1, 3, 11, 25][12, 22, 18, 13][0, 19, 8, 26][7, 16, 27, 29][22, 17, 28][25, 28][0, 22][16, 28][7, 24][6, 16] 
[5, 6, 15, 2, 21, 10][9, 23, 20, 4, 24, 14][1, 3, 11, 25, 28][12, 22, 18, 13][0, 19, 8, 26][7, 16, 27, 29][17, 22][17, 28][0, 22][16, 28][6, 16][7, 24] 
[9, 23, 20, 4, 24, 14][5, 6, 15, 2, 21, 10][1, 3, 11, 25][12, 22, 18, 13][0, 19, 8, 26][7, 16, 27, 29][22, 17, 28][25, 28][0, 22][16, 28][7, 24][6, 16] 
[9, 23, 20, 4, 24, 14][5, 6, 15, 2, 21, 10][1, 3, 11, 25, 28][7, 16, 27, 29][12, 22, 18, 13][0, 19, 8, 26][7, 24][16, 28][17, 28][6, 16][12, 19][17, 22] 
[9, 23, 20, 4, 24, 14][5, 6, 15, 2, 21, 10][1, 3, 11, 25, 28][7, 16, 27, 29][12, 22, 18, 13][0, 19, 8, 26][7, 24][16, 28][17, 28][6, 16][12, 19][17, 22] 
[9, 23, 20, 4, 24, 14][5, 6, 15, 2, 21, 10][1, 3, 11, 25, 28][7, 16, 27, 29][12, 22, 18, 13][0, 19, 8, 26][7, 24][16, 28][17, 28][6, 16][12, 19][17, 22] 
[9, 23, 20, 4, 24, 14][5, 6, 15, 2, 21, 10][1, 3, 11, 25, 28][7, 16, 27, 29][12, 22, 18, 13][0, 19, 8, 26][7, 24][16, 28][17, 28][6, 16][12, 19][17, 22] 
[5, 6, 15, 2, 21, 10][9, 23, 20, 4, 24, 14][1, 3, 11, 25, 28][7, 16, 27, 29][12, 22, 18, 13][0, 19, 8, 26][6, 16][16, 28][17, 28][12, 19][7, 24][17, 22] 
[9, 23, 20, 4, 24, 14][5, 6, 15, 2, 21, 10][1, 3, 11, 25, 28][7, 16, 27, 29][12, 22, 18, 13][0, 19, 8, 26][7, 24][16, 28][17, 28][6, 16][12, 19][17, 22] 
[9, 23, 20, 4, 24, 14][5, 6, 15, 2, 21, 10][1, 3, 11, 25, 28][7, 16, 27, 29][12, 22, 18, 13][0, 19, 8, 26][7, 24][16, 28][17, 28][6, 16][12, 19][17, 22] 
[9, 23, 20, 4, 24, 14][5, 6, 15, 2, 21, 10][1, 3, 11, 25, 28][7, 16, 27, 29][12, 22, 18, 13][0, 19, 8, 26][7, 24][16, 28][17, 28][6, 16][12, 19][17, 22] 
[9, 23, 20, 4, 24, 14][5, 6, 15, 2, 21, 10][1, 3, 11, 25, 28][7, 16, 27, 29][12, 22, 18, 13][0, 19, 8, 26][7, 24][16, 28][17, 28][6, 16][12, 19][17, 22] 
[9, 23, 20, 4, 24, 14][5, 6, 15, 2, 21, 10][1, 3, 11, 25, 28][7, 16, 27, 29][12, 22, 18, 13][0, 19, 8, 26][7, 24][16, 28][17, 28][6, 16][12, 19][17, 22] 
[5, 6, 15, 2, 21, 10][9, 23, 20, 4, 24, 14][1, 3, 11, 25, 28][0, 19, 8, 26][12, 22, 18, 13][7, 16, 27, 29][12, 19][17, 22][17, 28][16, 28][6, 16][7, 24] 
[5, 6, 15, 2, 21, 10][9, 23, 20, 4, 24, 14][1, 3, 11, 25, 28][7, 16, 27, 29][12, 22, 18, 13][0, 19, 8, 26][6, 16][16, 28][17, 28][12, 19][7, 24][17, 22] 
[9, 23, 20, 4, 24, 14][5, 6, 15, 2, 21, 10][1, 3, 11, 25, 28][7, 16, 27, 29][12, 22, 18, 13][0, 19, 8, 26][7, 24][16, 28][17, 28][6, 16][12, 19][17, 22] 
[9, 23, 20, 4, 24, 14][5, 6, 15, 2, 21, 10][1, 3, 11, 25, 28][7, 16, 27, 29][12, 22, 18, 13][0, 19, 8, 26][7, 24][16, 28][17, 28][6, 16][12, 19][17, 22] 
[5, 6, 15, 2, 21, 10][9, 23, 20, 4, 24, 14][1, 3, 11, 25, 28][0, 19, 8, 26][12, 22, 18, 13][7, 16, 27, 29][12, 19][17, 22][17, 28][16, 28][6, 16][7, 24] 
[5, 6, 15, 2, 21, 10][9, 23, 20, 4, 24, 14][1, 3, 11, 25, 28][0, 12, 19, 8, 26][16, 7, 27, 29][22, 17, 28][13, 18, 22][6, 16][16, 28][7, 24][11, 25][12, 22] 
[5, 6, 15, 2, 21, 10][9, 23, 20, 4, 24, 14][1, 3, 11, 25, 28][0, 12, 19, 8, 26][16, 7, 27, 29][22, 17, 28][13, 18, 22][6, 16][16, 28][7, 24][11, 25][12, 22] 
[5, 6, 15, 2, 21, 10][9, 23, 20, 4, 24, 14][1, 3, 11, 25, 28][0, 12, 19, 8, 26][16, 7, 27, 29][22, 17, 28][13, 18, 22][6, 16][16, 28][7, 24][11, 25][12, 22] 
[5, 6, 15, 2, 21, 10][9, 23, 20, 4, 24, 14][1, 3, 11, 25, 28][0, 12, 19, 8, 26][16, 7, 27, 29][22, 17, 28][13, 18, 22][6, 16][16, 28][7, 24][11, 25][12, 22] 
[5, 6, 15, 2, 21, 10][9, 23, 20, 4, 24, 14][1, 3, 11, 25, 28][0, 12, 19, 8, 26][16, 7, 27, 29][22, 17, 28][13, 18, 22][6, 16][16, 28][7, 24][11, 25][12, 22] 
[9, 23, 20, 4, 24, 14][5, 6, 15, 2, 21, 10][0, 12, 19, 8, 26][1, 3, 11, 25, 28][12, 22, 18, 13][7, 16, 27, 29][22, 17, 28][12, 19][16, 28][7, 24][6, 16][11, 25] 
[9, 23, 20, 4, 24, 14][5, 6, 15, 2, 21, 10][0, 19, 8, 26][12, 22, 18, 13][7, 16, 27, 29][1, 3, 11, 25][22, 17, 28][0, 22][16, 28][25, 28][7, 24][6, 16] 
[9, 23, 20, 4, 24, 14][5, 6, 15, 2, 21, 10][12, 22, 18, 13][0, 19, 8, 26][7, 16, 27, 29][1, 3, 11, 25][22, 17, 28][0, 22][16, 28][25, 28][7, 24][6, 16] 
[5, 6, 15, 2, 21, 10][9, 23, 20, 4, 24, 14][7, 16, 27, 29][12, 22, 18, 13][1, 3, 11, 25][0, 19, 8, 26][22, 17, 28][6, 16][7, 24][16, 28][25, 28][0, 22] 
[9, 23, 20, 4, 24, 14][5, 6, 15, 2, 21, 10][0, 19, 8, 26][12, 22, 18, 13][7, 16, 27, 29][1, 3, 11, 25][22, 17, 28][0, 22][16, 28][25, 28][7, 24][6, 16] 
[5, 6, 15, 2, 21, 10][9, 23, 20, 4, 24, 14][7, 16, 27, 29][12, 22, 18, 13][1, 3, 11, 25][0, 19, 8, 26][22, 17, 28][6, 16][7, 24][16, 28][25, 28][0, 22] 
[9, 23, 20, 4, 24, 14][5, 6, 15, 2, 21, 10][1, 3, 11, 25, 28][7, 16, 27, 29][12, 22, 18, 13][0, 19, 8, 26][7, 24][16, 28][17, 28][6, 16][12, 19][17, 22] 
[9, 23, 20, 4, 24, 14][5, 6, 15, 2, 21, 10][12, 22, 18, 13][0, 19, 8, 26][7, 16, 27, 29][1, 3, 11, 25][22, 17, 28][0, 22][16, 28][25, 28][7, 24][6, 16] 
