[20, 23, 9, 3, 1, 4, 24][6, 5, 21, 15][13, 18, 12, 17][22, 19, 8, 26][2, 29, 27, 16][10, 7, 14, 11][0, 18, 19][0, 25, 28][6, 13][6, 16][2, 7][14, 20] 
[20, 23, 9, 3, 1, 4, 24][10, 6, 5, 21, 15][2, 29, 27, 16][13, 18, 12, 17][22, 19, 8, 26][7, 14, 11][0, 18, 19][0, 25, 28][14, 20][7, 27][6, 16][6, 13] 
[20, 23, 9, 3, 1, 4, 24][0, 22, 19, 8, 26][10, 6, 5, 21, 15][13, 18, 12, 17][2, 29, 27, 16][0, 25, 28][7, 14, 11][0, 18][6, 13][6, 16][7, 27][14, 20] 
[20, 23, 9, 3, 1, 4, 24][10, 6, 5, 21, 15][0, 22, 19, 8, 26][2, 29, 27, 16][13, 18, 12, 17][7, 14, 11][0, 25, 28][6, 16][7, 27][6, 13][14, 20][0, 18] 
[20, 23, 9, 3, 1, 4, 24][6, 5, 21, 15][2, 29, 27, 16][10, 7, 14, 11][13, 18, 12, 17][22, 19, 8, 26][0, 18, 19][0, 25, 28][6, 16][2, 7][6, 13][14, 20] 
[20, 23, 9, 3, 1, 4, 24][10, 6, 5, 21, 15][22, 19, 8, 26][13, 18, 12, 17][2, 29, 27, 16][0, 18, 19][0, 25, 28][7, 14, 11][6, 13][6, 16][7, 27][14, 20] 
[20, 23, 9, 3, 1, 4, 24][10, 6, 5, 21, 15][22, 19, 8, 26][13, 18, 12, 17][2, 29, 27, 16][0, 18, 19][0, 25, 28][7, 14, 11][6, 13][6, 16][7, 27][14, 20] 
[20, 23, 9, 3, 1, 4, 24][2, 7, 14, 11][10, 16, 27, 29][6, 5, 21, 15][13, 18, 12, 17][22, 19, 8, 26][0, 18, 19][0, 25, 28][7, 27][14, 20][6, 16][6, 13] 
[20, 23, 9, 3, 1, 4, 24][10, 6, 5, 21, 15][22, 19, 8, 26][13, 18, 12, 17][2, 29, 27, 16][0, 18, 19][0, 25, 28][7, 14, 11][6, 13][6, 16][7, 27][14, 20] 
[20, 23, 9, 3, 1, 4, 24][13, 18, 12, 17][22, 19, 8, 26][6, 5, 21, 15][10, 16, 27, 29][2, 7, 14, 11][0, 18, 19][0, 25, 28][6, 13][7, 27][14, 20][6, 10] 
[20, 23, 9, 3, 1, 4, 24][6, 5, 21, 15][13, 18, 12, 17][22, 19, 8, 26][2, 29, 27, 16][10, 7, 14, 11][0, 18, 19][0, 25, 28][6, 13][6, 16][2, 7][14, 20] 
[20, 23, 9, 3, 1, 4, 24][10, 6, 5, 21, 15][22, 19, 8, 26][13, 18, 12, 17][2, 29, 27, 16][0, 18, 19][0, 25, 28][7, 14, 11][6, 13][6, 16][7, 27][14, 20] 
[20, 23, 9, 3, 1, 4, 24][10, 6, 5, 21, 15][0, 22, 19, 8, 26][2, 29, 27, 16][13, 18, 12, 17][7, 14, 11][0, 25, 28][6, 16][7, 27][6, 13][14, 20][0, 18] 
[20, 23, 9, 3, 1, 4, 24][22, 19, 8, 26][13, 18, 12, 17][6, 5, 21, 15][2, 29, 27, 16][10, 7, 14, 11][0, 18, 19][0, 25, 28][6, 13][6, 16][2, 7][14, 20] 
[20, 23, 9, 3, 1, 4, 24][10, 6, 5, 21, 15][22, 19, 8, 26][13, 18, 12, 17][2, 29, 27, 16][0, 18, 19][0, 25, 28][7, 14, 11][6, 13][6, 16][7, 27][14, 20] 
[20, 23, 9, 3, 1, 4, 24][2, 7, 14, 11][10, 16, 27, 29][6, 5, 21, 15][13, 18, 12, 17][22, 19, 8, 26][0, 18, 19][0, 25, 28][7, 27][14, 20][6, 16][6, 13] 
[20, 23, 9, 3, 1, 4, 24][6, 5, 21, 15][13, 18, 12, 17][22, 19, 8, 26][2, 29, 27, 16][10, 7, 14, 11][0, 18, 19][0, 25, 28][6, 13][6, 16][2, 7][14, 20] 
[20, 23, 9, 3, 1, 4, 24][10, 6, 5, 21, 15][22, 19, 8, 26][13, 18, 12, 17][2, 29, 27, 16][0, 25, 28][0, 18, 19][7, 14, 11][6, 13][6, 16][7, 27][14, 20] 
[20, 23, 9, 3, 1, 4, 24][6, 5, 21, 15][13, 18, 12, 17][22, 19, 8, 26][2, 29, 27, 16][10, 7, 14, 11][0, 18, 19][0, 25, 28][6, 13][6, 16][2, 7][14, 20] 
[20, 23, 9, 3, 1, 4, 24][6, 5, 21, 15][13, 18, 12, 17][22, 19, 8, 26][2, 29, 27, 16][10, 7, 14, 11][0, 18, 19][0, 25, 28][6, 13][6, 16][2, 7][14, 20] 
[20, 23, 9, 3, 1, 4, 24][6, 5, 21, 15][13, 18, 12, 17][22, 19, 8, 26][2, 29, 27, 16][10, 7, 14, 11][0, 18, 19][0, 25, 28][6, 13][6, 16][2, 7][14, 20] 
[20, 23, 9, 3, 1, 4, 24][10, 6, 5, 21, 15][22, 19, 8, 26][13, 18, 12, 17][2, 29, 27, 16][0, 18, 19][0, 25, 28][7, 14, 11][6, 13][6, 16][7, 27][14, 20] 
[20, 23, 9, 3, 1, 4, 24][0, 22, 19, 8, 26][10, 6, 5, 21, 15][13, 18, 12, 17][2, 29, 27, 16][0, 25, 28][7, 14, 11][0, 18][6, 13][6, 16][7, 27][14, 20] 
[20, 23, 9, 3, 1, 4, 24][2, 29, 27, 16][10, 7, 14, 11][6, 5, 21, 15][13, 18, 12, 17][22, 19, 8, 26][0, 18, 19][0, 25, 28][2, 7][6, 16][14, 20][6, 13] 
[20, 23, 9, 3, 1, 4, 24][10, 6, 5, 21, 15][2, 29, 27, 16][13, 18, 12, 17][22, 19, 8, 26][7, 14, 11][0, 18, 19][0, 25, 28][6, 16][7, 27][6, 13][14, 20] 
[20, 23, 9, 3, 1, 4, 24][2, 7, 14, 11][10, 16, 27, 29][6, 5, 21, 15][13, 18, 12, 17][22, 19, 8, 26][0, 18, 19][0, 25, 28][7, 27][14, 20][6, 16][6, 13] 
[20, 23, 9, 3, 1, 4, 24][13, 18, 12, 17][6, 5, 21, 15][10, 7, 14, 11][22, 19, 8, 26][2, 29, 27, 16][0, 18, 19][0, 25, 28][6, 13][6, 16][14, 20][2, 7] 
[20, 23, 9, 3, 1, 4, 24][10, 6, 5, 21, 15][2, 29, 27, 16][13, 18, 12, 17][22, 19, 8, 26][7, 14, 11][0, 18, 19][0, 25, 28][14, 20][7, 27][6, 16][6, 13] 
[20, 23, 9, 3, 1, 4, 24][6, 5, 21, 15][13, 18, 12, 17][22, 19, 8, 26][2, 29, 27, 16][10, 7, 14, 11][0, 18, 19][0, 25, 28][6, 13][6, 16][2, 7][14, 20] 
[20, 23, 9, 3, 1, 4, 24][6, 5, 21, 15][13, 18, 12, 17][22, 19, 8, 26][2, 29, 27, 16][10, 7, 14, 11][0, 18, 19][0, 25, 28][6, 13][6, 16][2, 7][14, 20] 
[20, 23, 9, 3, 1, 4, 24][22, 19, 8, 26][13, 18, 12, 17][6, 5, 21, 15][2, 29, 27, 16][10, 7, 14, 11][0, 18, 19][0, 25, 28][6, 13][6, 16][2, 7][14, 20] 
[20, 23, 9, 3, 1, 4, 24][10, 6, 5, 21, 15][2, 29, 27, 16][13, 18, 12, 17][22, 19, 8, 26][0, 18, 19][0, 25, 28][7, 14, 11][6, 16][6, 13][7, 27][14, 20] 
[20, 23, 9, 3, 1, 4, 24][6, 5, 21, 15][13, 18, 12, 17][22, 19, 8, 26][2, 29, 27, 16][10, 7, 14, 11][0, 18, 19][0, 25, 28][6, 13][6, 16][2, 7][14, 20] 
[20, 23, 9, 3, 1, 4, 24][6, 5, 21, 15][13, 18, 12, 17][22, 19, 8, 26][2, 29, 27, 16][10, 7, 14, 11][0, 18, 19][0, 25, 28][6, 13][6, 16][2, 7][14, 20] 
[20, 23, 9, 3, 1, 4, 24][6, 5, 21, 15][13, 18, 12, 17][22, 19, 8, 26][2, 29, 27, 16][10, 7, 14, 11][0, 18, 19][0, 25, 28][6, 13][6, 16][2, 7][14, 20] 
[3, 9, 1, 4, 23, 20, 24, 14, 11, 25, 22, 17, 12, 8, 26][18, 13, 6, 15, 21, 2, 27, 16, 10, 29][7, 28, 0, 18, 19, 12][5, 21][6, 13][6, 13][16, 27][2, 27][16, 27][10, 16][2, 27][2, 27] 
[3, 9, 1, 4, 23, 20, 24, 14, 11, 25, 22, 17, 12, 8, 26][18, 13, 6, 15, 21, 2, 27, 16, 10, 29][7, 28, 0, 18, 19, 12][5, 21][6, 13][6, 13][16, 27][2, 27][16, 27][10, 16][2, 27][2, 27] 
[3, 9, 1, 4, 23, 20, 24, 14, 11, 25, 22, 17, 12, 8, 26][18, 13, 6, 15, 21, 2, 27, 16, 10, 29][7, 28, 0, 18, 19, 12][5, 21][6, 13][6, 13][16, 27][2, 27][16, 27][10, 16][2, 27][2, 27] 
[3, 9, 1, 4, 23, 20, 24, 14, 11, 25, 22, 17, 12, 8, 26][18, 13, 6, 15, 21, 2, 27, 16, 10, 29][12, 19, 18, 0, 28][6, 13][5, 21][6, 13][7, 28][16, 27][10, 16][16, 27][2, 27][16, 27] 
[3, 9, 1, 4, 23, 20, 24, 14, 11, 25, 22, 17, 12, 8, 26][18, 13, 6, 15, 21, 2, 27, 16, 10, 29][12, 19, 18, 0, 28][6, 13][5, 21][6, 13][7, 28][16, 27][10, 16][16, 27][2, 27][16, 27] 
[3, 9, 1, 4, 23, 20, 24, 14, 11, 25, 22, 17, 12, 8, 26][28, 0, 18, 13, 6, 15, 21, 2, 27, 16, 10, 29][7, 28, 25][6, 13][5, 21][17, 19][6, 13][16, 27][16, 27][16, 27][10, 16][12, 17] 
[3, 9, 1, 4, 23, 20, 24, 14, 11, 25, 22, 17, 12, 8, 26][18, 13, 6, 15, 21, 2, 27, 16, 10, 29][7, 28, 0, 18, 19, 12][5, 21][6, 13][6, 13][16, 27][2, 27][16, 27][10, 16][2, 27][2, 27] 
[3, 9, 1, 4, 23, 20, 24, 14, 11, 25, 22, 17, 12, 8, 26][18, 13, 6, 15, 21, 2, 27, 16, 10, 29][7, 28, 0, 18, 19, 12][5, 21][6, 13][6, 13][16, 27][2, 27][16, 27][10, 16][2, 27][2, 27] 
[3, 9, 1, 4, 23, 20, 24, 14, 11, 25, 22, 17, 12, 8, 26][18, 13, 6, 15, 21, 2, 27, 16, 10, 29][12, 19, 18, 0, 28][6, 13][5, 21][6, 13][7, 28][16, 27][10, 16][16, 27][2, 27][16, 27] 
[3, 9, 1, 4, 23, 20, 24, 14, 11, 25, 22, 17, 12, 8, 26][18, 13, 6, 15, 21, 2, 27, 16, 10, 29][7, 28, 0, 18, 19, 12][5, 21][6, 13][6, 13][16, 27][2, 27][16, 27][10, 16][2, 27][2, 27] 
[3, 9, 1, 4, 23, 20, 24, 14, 11, 25, 22, 17, 12, 8, 26][18, 13, 6, 15, 21, 2, 27, 16, 10, 29][7, 28, 0, 18, 19, 12][5, 21][6, 13][6, 13][16, 27][2, 27][16, 27][10, 16][2, 27][2, 27] 
[3, 9, 1, 4, 23, 20, 24, 14, 11, 25, 22, 17, 12, 8, 26][18, 13, 6, 15, 21, 2, 27, 16, 10, 29][7, 28, 0, 18, 19, 12][5, 21][6, 13][6, 13][16, 27][2, 27][16, 27][10, 16][2, 27][2, 27] 
[3, 9, 1, 4, 23, 20, 24, 14, 11, 25, 22, 17, 12, 8, 26][18, 13, 6, 15, 21, 2, 27, 16, 10, 29][12, 19, 18, 0, 28][6, 13][5, 21][6, 13][7, 28][16, 27][10, 16][16, 27][2, 27][16, 27] 
[3, 9, 1, 4, 23, 20, 24, 14, 11, 25, 22, 17, 12, 8, 26][18, 13, 6, 15, 21, 2, 27, 16, 10, 29][7, 28, 0, 18, 19, 12][5, 21][6, 13][6, 13][16, 27][2, 27][16, 27][10, 16][2, 27][2, 27] 
[3, 9, 1, 4, 23, 20, 24, 14, 11, 25, 22, 17, 12, 8, 26][18, 13, 6, 15, 21, 2, 27, 16, 10, 29][7, 28, 0, 18, 19, 12][5, 21][6, 13][6, 13][16, 27][2, 27][16, 27][10, 16][2, 27][2, 27] 
[3, 9, 1, 4, 23, 20, 24, 14, 11, 25, 22, 17, 12, 8, 26][7, 28, 0, 18, 19, 12, 22, 17, 11, 14, 9][18, 13, 6, 15, 21, 2, 27, 16, 10, 29][5, 21][6, 13][6, 13][16, 27][2, 27][16, 27][10, 16][2, 27][2, 27] 
[3, 9, 1, 4, 23, 20, 24, 14, 11, 25, 22, 17, 12, 8, 26][18, 13, 6, 15, 21, 2, 27, 16, 10, 29][7, 28, 0, 18, 19, 12][5, 21][2, 27][6, 13][6, 13][2, 27][16, 27][10, 16][16, 27][10, 16] 
[3, 9, 1, 4, 23, 20, 24, 14, 11, 25, 22, 17, 12, 8, 26][18, 13, 6, 15, 21, 2, 27, 16, 10, 29][7, 28, 0, 18, 19, 12][5, 21][6, 13][6, 13][16, 27][2, 27][16, 27][10, 16][2, 27][2, 27] 
[3, 9, 1, 4, 23, 20, 24, 14, 11, 25, 22, 17, 12, 8, 26][18, 13, 6, 15, 21, 2, 27, 16, 10, 29][7, 28, 0, 18, 19, 12][5, 21][6, 13][6, 13][16, 27][2, 27][16, 27][10, 16][2, 27][2, 27] 
[3, 9, 1, 4, 23, 20, 24, 14, 11, 25, 22, 17, 12, 8, 26][7, 28, 0, 18, 19, 12, 22, 17, 11, 14, 9][18, 13, 6, 15, 21, 2, 27, 16, 10, 29][5, 21][6, 13][6, 13][16, 27][2, 27][16, 27][10, 16][2, 27][2, 27] 
[3, 9, 1, 4, 23, 20, 24, 14, 11, 25, 22, 17, 12, 8, 26][18, 13, 6, 15, 21, 2, 27, 16, 10, 29][7, 28, 0, 18, 19, 12][5, 21][2, 27][6, 13][6, 13][2, 27][16, 27][10, 16][16, 27][10, 16] 
[20, 23, 9, 3, 1, 4, 24][22, 19, 8, 26][13, 18, 12, 17][6, 5, 21, 15][10, 16, 27, 29][2, 7, 14, 11][0, 18, 19][0, 25, 28][6, 13][6, 16][7, 27][14, 20] 
[20, 23, 9, 3, 1, 4, 24][10, 6, 5, 21, 15][20, 14, 4, 24][13, 18, 12, 17][22, 19, 8, 26][7, 14, 11][2, 27, 7][16, 27, 29][0, 18, 19][0, 25, 28][6, 16][6, 13] 
[20, 23, 9, 3, 1, 4, 24][10, 16, 27, 29][6, 5, 21, 15][13, 18, 12, 17][22, 19, 8, 26][2, 7, 14, 11][0, 18, 19][0, 25, 28][6, 16][6, 13][7, 27][14, 20] 
[20, 23, 9, 3, 1, 4, 24][22, 19, 8, 26][13, 18, 12, 17][6, 5, 21, 15][10, 16, 27, 29][2, 7, 14, 11][0, 18, 19][0, 25, 28][6, 13][6, 16][7, 27][14, 20] 
[20, 23, 9, 3, 1, 4, 24][22, 19, 8, 26][13, 18, 12, 17][6, 5, 21, 15][10, 16, 27, 29][2, 7, 14, 11][0, 18, 19][0, 25, 28][6, 13][6, 16][7, 27][14, 20] 
[20, 23, 9, 3, 1, 4, 24][22, 19, 8, 26][13, 18, 12, 17][6, 5, 21, 15][10, 16, 27, 29][2, 7, 14, 11][0, 18, 19][0, 25, 28][6, 13][6, 16][7, 27][14, 20] 
[20, 23, 9, 3, 1, 4, 24][2, 7, 14, 11][10, 16, 27, 29][6, 5, 21, 15][13, 18, 12, 17][22, 19, 8, 26][0, 18, 19][0, 25, 28][7, 27][6, 16][6, 13][14, 20] 
[20, 23, 9, 3, 1, 4, 24][2, 7, 14, 11][10, 16, 27, 29][6, 5, 21, 15][13, 18, 12, 17][22, 19, 8, 26][0, 18, 19][0, 25, 28][7, 27][14, 20][6, 16][6, 13] 
[20, 23, 9, 3, 1, 4, 24][22, 19, 8, 26][13, 18, 12, 17][6, 5, 21, 15][10, 16, 27, 29][2, 7, 14, 11][0, 18, 19][0, 25, 28][6, 13][6, 16][7, 27][14, 20] 
[20, 23, 9, 3, 1, 4, 24][22, 19, 8, 26][13, 18, 12, 17][6, 5, 21, 15][10, 16, 27, 29][2, 7, 14, 11][0, 18, 19][0, 25, 28][6, 13][6, 16][7, 27][14, 20] 
[20, 23, 9, 3, 1, 4, 24][22, 19, 8, 26][13, 18, 12, 17][6, 5, 21, 15][10, 16, 27, 29][2, 7, 14, 11][0, 18, 19][0, 25, 28][6, 13][6, 16][7, 27][14, 20] 
[20, 23, 9, 3, 1, 4, 24][22, 19, 8, 26][13, 18, 12, 17][6, 5, 21, 15][10, 16, 27, 29][2, 7, 14, 11][0, 18, 19][0, 25, 28][6, 13][6, 16][7, 27][14, 20] 
[20, 23, 9, 3, 1, 4, 24][22, 19, 8, 26][13, 18, 12, 17][6, 5, 21, 15][10, 16, 27, 29][2, 7, 14, 11][0, 18, 19][0, 25, 28][6, 13][6, 16][7, 27][14, 20] 
[20, 23, 9, 3, 1, 4, 24][2, 7, 14, 11][10, 16, 27, 29][6, 5, 21, 15][13, 18, 12, 17][22, 19, 8, 26][0, 18, 19][0, 25, 28][7, 27][6, 16][6, 13][14, 20] 
[20, 23, 9, 3, 1, 4, 24][22, 19, 8, 26][13, 18, 12, 17][6, 5, 21, 15][10, 16, 27, 29][2, 7, 14, 11][0, 18, 19][0, 25, 28][6, 13][6, 16][7, 27][14, 20] 
[20, 23, 9, 3, 1, 4, 24][6, 5, 21, 15][13, 18, 12, 17][22, 19, 8, 26][2, 29, 27, 16][10, 7, 14, 11][0, 18, 19][0, 25, 28][6, 13][6, 16][2, 7][14, 20] 
[20, 23, 9, 3, 1, 4, 24][6, 5, 21, 15][13, 18, 12, 17][22, 19, 8, 26][2, 29, 27, 16][10, 7, 14, 11][0, 18, 19][0, 25, 28][6, 13][6, 16][2, 7][14, 20] 
[20, 23, 9, 3, 1, 4, 24][6, 5, 21, 15][2, 29, 27, 16][10, 7, 14, 11][13, 18, 12, 17][22, 19, 8, 26][0, 18, 19][0, 25, 28][6, 16][2, 7][6, 13][14, 20] 
[20, 23, 9, 3, 1, 4, 24][6, 5, 21, 15][13, 18, 12, 17][22, 19, 8, 26][2, 29, 27, 16][10, 7, 14, 11][0, 18, 19][0, 25, 28][6, 13][6, 16][2, 7][14, 20] 
[20, 23, 9, 3, 1, 4, 24][2, 29, 27, 16][6, 5, 21, 15][13, 18, 12, 17][22, 19, 8, 26][10, 7, 14, 11][0, 18, 19][0, 25, 28][6, 16][2, 7][6, 13][14, 20] 
[20, 23, 9, 3, 1, 4, 24][26, 8, 19, 22, 0, 25, 28][6, 5, 21, 15][13, 18, 12, 17][10, 7, 14, 11][2, 29, 27][6, 16][16, 27][6, 13][7, 27][14, 20][0, 18] 
[20, 23, 9, 3, 1, 4, 24][22, 19, 8, 26][13, 18, 12, 17][6, 5, 21, 15][10, 16, 27, 29][2, 7, 14, 11][0, 18, 19][0, 25, 28][6, 13][6, 16][7, 27][14, 20] 
[20, 23, 9, 3, 1, 4, 24][2, 7, 14, 11][10, 16, 27, 29][6, 5, 21, 15][13, 18, 12, 17][22, 19, 8, 26][0, 18, 19][0, 25, 28][7, 27][6, 16][6, 13][14, 20] 
[20, 23, 9, 3, 1, 4, 24][22, 19, 8, 26][13, 18, 12, 17][6, 5, 21, 15][10, 16, 27, 29][2, 7, 14, 11][0, 18, 19][0, 25, 28][6, 13][6, 16][7, 27][14, 20] 
[20, 23, 9, 3, 1, 4, 24][22, 19, 8, 26][13, 18, 12, 17][6, 5, 21, 15][10, 16, 27, 29][2, 7, 14, 11][0, 18, 19][0, 25, 28][6, 13][6, 16][7, 27][14, 20] 
[20, 23, 9, 3, 1, 4, 24][22, 19, 8, 26][13, 18, 12, 17][6, 5, 21, 15][10, 16, 27, 29][2, 7, 14, 11][0, 18, 19][0, 25, 28][6, 13][6, 16][7, 27][14, 20] 
[20, 23, 9, 3, 1, 4, 24][2, 29, 27, 16][6, 5, 21, 15][10, 7, 14, 11][13, 18, 12, 17][22, 19, 8, 26][0, 18, 19][0, 25, 28][6, 16][7, 27][14, 20][6, 13] 
[20, 23, 9, 3, 1, 4, 24][22, 19, 8, 26][13, 18, 12, 17][6, 5, 21, 15][10, 16, 27, 29][2, 7, 14, 11][0, 18, 19][0, 25, 28][6, 13][6, 16][7, 27][14, 20] 
[20, 23, 9, 3, 1, 4, 24][6, 5, 21, 15][2, 29, 27, 16][10, 7, 14, 11][13, 18, 12, 17][22, 19, 8, 26][0, 18, 19][0, 25, 28][6, 16][2, 7][6, 13][14, 20] 
[20, 23, 9, 3, 1, 4, 24][6, 5, 21, 15][13, 18, 12, 17][22, 19, 8, 26][2, 29, 27, 16][10, 7, 14, 11][0, 18, 19][0, 25, 28][6, 13][6, 16][2, 7][14, 20] 
[20, 23, 9, 3, 1, 4, 24][6, 5, 21, 15][13, 18, 12, 17][22, 19, 8, 26][2, 29, 27, 16][10, 7, 14, 11][0, 18, 19][0, 25, 28][6, 13][6, 16][2, 7][14, 20] 
[20, 23, 9, 3, 1, 4, 24][22, 19, 8, 26][13, 18, 12, 17][6, 5, 21, 15][2, 29, 27, 16][10, 7, 14, 11][0, 18, 19][0, 25, 28][6, 13][6, 16][2, 7][14, 20] 
[20, 23, 9, 3, 1, 4, 24][2, 29, 27, 16][10, 7, 14, 11][6, 5, 21, 15][13, 18, 12, 17][22, 19, 8, 26][0, 18, 19][0, 25, 28][2, 7][6, 16][14, 20][6, 13] 
[20, 23, 9, 3, 1, 4, 24][2, 29, 27, 16][6, 5, 21, 15][13, 18, 12, 17][22, 19, 8, 26][10, 7, 14, 11][0, 18, 19][0, 25, 28][6, 16][2, 7][6, 13][14, 20] 
[20, 23, 9, 3, 1, 4, 24][6, 5, 21, 15][13, 18, 12, 17][22, 19, 8, 26][2, 29, 27, 16][10, 7, 14, 11][0, 18, 19][0, 25, 28][6, 13][6, 16][2, 7][14, 20] 
[20, 23, 9, 3, 1, 4, 24][10, 7, 14, 11][2, 29, 27, 16][6, 5, 21, 15][13, 18, 12, 17][22, 19, 8, 26][0, 18, 19][0, 25, 28][2, 7][14, 20][6, 16][6, 13] 
[20, 23, 9, 3, 1, 4, 24][10, 7, 14, 11][2, 29, 27, 16][6, 5, 21, 15][13, 18, 12, 17][22, 19, 8, 26][0, 18, 19][0, 25, 28][2, 7][14, 20][6, 16][6, 13] 
[20, 23, 9, 3, 1, 4, 24][22, 19, 8, 26][13, 18, 12, 17][6, 5, 21, 15][2, 29, 27, 16][10, 7, 14, 11][0, 18, 19][0, 25, 28][6, 13][6, 16][2, 7][14, 20] 
[20, 23, 9, 3, 1, 4, 24][6, 5, 21, 15][13, 18, 12, 17][22, 19, 8, 26][2, 29, 27, 16][10, 7, 14, 11][0, 18, 19][0, 25, 28][6, 13][6, 16][2, 7][14, 20] 
[20, 23, 9, 3, 1, 4, 24][13, 18, 12, 17][22, 19, 8, 26][6, 5, 21, 15][2, 29, 27, 16][10, 7, 14, 11][0, 25, 28][0, 18, 19][6, 13][6, 16][2, 7][14, 20] 
[20, 23, 9, 3, 1, 4, 24][13, 18, 12, 17][22, 19, 8, 26][6, 5, 21, 15][2, 29, 27, 16][10, 7, 14, 11][0, 25, 28][0, 18, 19][6, 13][6, 16][2, 7][14, 20] 
[20, 23, 9, 3, 1, 4, 24][13, 18, 12, 17][6, 5, 21, 15][10, 7, 14, 11][22, 19, 8, 26][2, 29, 27, 16][0, 18, 19][0, 25, 28][6, 13][6, 16][14, 20][2, 7] 
[20, 23, 9, 3, 1, 4, 24][6, 5, 21, 15][13, 18, 12, 17][22, 19, 8, 26][2, 29, 27, 16][10, 7, 14, 11][0, 18, 19][0, 25, 28][6, 13][6, 16][2, 7][14, 20] 
[26, 8, 19, 22, 0, 25, 28][20, 23, 9, 3, 1, 4, 24][13, 18, 12, 17][6, 5, 21, 15][2, 29, 27, 16][10, 7, 14, 11][19, 22][18, 19][6, 13][6, 16][2, 7][14, 20] 
[26, 8, 19, 22, 0, 25, 28][20, 23, 9, 3, 1, 4, 24][13, 18, 12, 17][6, 5, 21, 15][2, 29, 27, 16][10, 7, 14, 11][19, 22][18, 19][6, 13][6, 16][2, 7][14, 20] 
[26, 8, 19, 22, 0, 25, 28][20, 23, 9, 3, 1, 4, 24][13, 18, 12, 17][6, 5, 21, 15][2, 29, 27, 16][10, 7, 14, 11][19, 22][18, 19][6, 13][6, 16][2, 7][14, 20] 
[26, 8, 19, 22, 0, 25, 28][20, 23, 9, 3, 1, 4, 24][13, 18, 12, 17][6, 5, 21, 15][2, 29, 27, 16][10, 7, 14, 11][19, 22][18, 19][6, 13][6, 16][2, 7][14, 20] 
[26, 8, 19, 22, 0, 25, 28][20, 23, 9, 3, 1, 4, 24][13, 18, 12, 17][6, 5, 21, 15][2, 29, 27, 16][10, 7, 14, 11][19, 22][18, 19][6, 13][6, 16][2, 7][14, 20] 
[26, 8, 19, 22, 0, 25, 28][20, 23, 9, 3, 1, 4, 24][13, 18, 12, 17][6, 5, 21, 15][2, 29, 27, 16][10, 7, 14, 11][19, 22][18, 19][6, 13][6, 16][2, 7][14, 20] 
[20, 23, 9, 3, 1, 4, 24][22, 19, 8, 26][13, 18, 12, 17][6, 5, 21, 15][10, 16, 27, 29][2, 7, 14, 11][0, 18, 19][0, 25, 28][6, 13][6, 16][7, 27][14, 20] 
[20, 23, 9, 3, 1, 4, 24][2, 7, 14, 11][10, 16, 27, 29][6, 5, 21, 15][13, 18, 12, 17][22, 19, 8, 26][0, 18, 19][0, 25, 28][7, 27][6, 16][6, 13][14, 20] 
[20, 23, 9, 3, 1, 4, 24][22, 19, 8, 26][13, 18, 12, 17][6, 5, 21, 15][10, 16, 27, 29][2, 7, 14, 11][0, 18, 19][0, 25, 28][6, 13][6, 16][7, 27][14, 20] 
[20, 23, 9, 3, 1, 4, 24][22, 19, 8, 26][13, 18, 12, 17][6, 5, 21, 15][10, 16, 27, 29][2, 7, 14, 11][0, 18, 19][0, 25, 28][6, 13][6, 16][7, 27][14, 20] 
[20, 23, 9, 3, 1, 4, 24][22, 19, 8, 26][13, 18, 12, 17][6, 5, 21, 15][10, 16, 27, 29][2, 7, 14, 11][0, 18, 19][0, 25, 28][6, 13][6, 16][7, 27][14, 20] 
[20, 23, 9, 3, 1, 4, 24][6, 5, 21, 15][13, 18, 12, 17][22, 19, 8, 26][2, 29, 27, 16][10, 7, 14, 11][0, 18, 19][0, 25, 28][6, 13][6, 16][2, 7][14, 20] 
[20, 23, 9, 3, 1, 4, 24][2, 7, 14, 11][10, 16, 27, 29][6, 5, 21, 15][13, 18, 12, 17][22, 19, 8, 26][0, 18, 19][0, 25, 28][7, 27][6, 16][6, 13][14, 20] 
