[13, 6, 15, 5, 21][9, 1, 3, 11, 17][25, 28, 16, 2, 29][14, 20, 4, 23, 24][19, 18, 0, 26][8, 12, 18, 22][7, 27, 10][0, 13][10, 15][17, 22][7, 28][7, 20] 
[13, 6, 15, 5, 21][9, 1, 3, 11, 17][25, 28, 16, 2, 29][14, 20, 4, 23, 24][19, 18, 0, 26][8, 12, 18, 22][7, 27, 10][0, 13][10, 15][17, 22][7, 28][7, 20] 
[13, 6, 15, 5, 21][14, 20, 4, 23, 24][25, 28, 16, 2, 29][9, 1, 3, 11, 17][19, 18, 0, 26][8, 12, 18, 22][7, 27, 10][10, 15][0, 13][7, 20][7, 28][17, 22] 
[13, 6, 15, 5, 21][9, 1, 3, 11, 17][25, 28, 16, 2, 29][14, 24, 23, 4, 20][8, 12, 18, 22][19, 18, 0, 26][7, 27, 10][0, 13][17, 22][10, 15][7, 28][7, 20] 
[13, 6, 15, 5, 21][9, 1, 3, 11, 17][25, 28, 16, 2, 29][14, 24, 23, 4, 20][19, 18, 0, 26][8, 12, 18, 22][7, 27, 10][0, 13][17, 22][10, 15][7, 28][7, 20] 
[9, 1, 3, 11, 17][13, 6, 15, 5, 21][14, 24, 23, 4, 20][25, 28, 16, 2, 29][8, 12, 18, 22][19, 18, 0, 26][7, 27, 10][17, 22][0, 13][10, 15][7, 20][7, 28] 
[13, 6, 15, 5, 21][9, 1, 3, 11, 17][14, 24, 23, 4, 20][25, 28, 16, 2, 29][19, 18, 0, 26][8, 12, 18, 22][7, 27, 10][0, 13][17, 22][10, 15][7, 20][7, 28] 
[9, 1, 3, 11, 17][13, 6, 15, 5, 21][25, 28, 16, 2, 29][14, 24, 23, 4, 20][8, 12, 18, 22][19, 18, 0, 26][7, 27, 10][17, 22][0, 13][10, 15][7, 28][7, 20] 
[13, 6, 15, 5, 21][9, 1, 3, 11, 17][25, 28, 16, 2, 29][14, 24, 23, 4, 20][8, 12, 18, 22][19, 18, 0, 26][7, 27, 10][0, 13][17, 22][10, 15][7, 28][7, 20] 
[13, 6, 15, 5, 21][9, 1, 3, 11, 17][25, 28, 16, 2, 29][14, 24, 23, 4, 20][8, 12, 18, 22][19, 18, 0, 26][7, 27, 10][0, 13][17, 22][10, 15][7, 28][7, 20] 
[13, 6, 15, 5, 21][9, 1, 3, 11, 17][14, 20, 4, 23, 24][25, 28, 16, 2, 29][19, 18, 0, 26][8, 12, 18, 22][7, 27, 10][0, 13][10, 15][17, 22][7, 20][7, 28] 
[13, 6, 15, 5, 21][25, 28, 16, 2, 29][14, 20, 4, 23, 24][9, 1, 3, 11, 17][19, 18, 0, 26][8, 12, 18, 22][7, 27, 10][0, 13][10, 15][7, 28][7, 20][17, 22] 
[13, 6, 15, 5, 21][14, 20, 4, 23, 24][25, 28, 16, 2, 29][9, 1, 3, 11, 17][19, 18, 0, 26][8, 12, 18, 22][7, 27, 10][10, 15][0, 13][7, 20][7, 28][17, 22] 
[13, 6, 15, 5, 21][9, 1, 3, 11, 17][14, 24, 23, 4, 20][25, 28, 16, 2, 29][19, 18, 0, 26][8, 12, 18, 22][7, 27, 10][10, 15][0, 13][17, 22][7, 20][7, 28] 
[13, 6, 15, 5, 21][14, 24, 23, 4, 20][9, 1, 3, 11, 17][25, 28, 16, 2, 29][19, 18, 0, 26][8, 12, 18, 22][7, 27, 10][10, 15][0, 13][7, 20][17, 22][7, 28] 
[13, 6, 15, 5, 21][9, 1, 3, 11, 17][14, 24, 23, 4, 20][25, 28, 16, 2, 29][19, 18, 0, 26][8, 12, 18, 22][7, 27, 10][10, 15][0, 13][17, 22][7, 20][7, 28] 
[25, 28, 16, 2, 29][14, 20, 4, 23, 24][13, 6, 15, 5, 21][9, 1, 3, 11, 17][19, 18, 0, 26][8, 12, 18, 22][7, 27, 10][7, 28][7, 20][10, 15][0, 13][17, 22] 
[9, 1, 3, 11, 17][13, 6, 15, 5, 21][25, 28, 16, 2, 29][14, 20, 4, 23, 24][8, 12, 18, 22][19, 18, 0, 26][7, 27, 10][17, 22][0, 13][10, 15][7, 28][7, 20] 
[13, 6, 15, 5, 21][14, 24, 23, 4, 20][9, 1, 3, 11, 17][25, 28, 16, 2, 29][19, 18, 0, 26][8, 12, 18, 22][7, 27, 10][10, 15][0, 13][7, 20][17, 22][7, 28] 
[25, 28, 16, 2, 29][14, 20, 4, 23, 24][13, 6, 15, 5, 21][9, 1, 3, 11, 17][19, 18, 0, 26][8, 12, 18, 22][7, 27, 10][7, 28][7, 20][10, 15][0, 13][17, 22] 
[13, 6, 15, 5, 21][9, 1, 3, 11, 17][25, 28, 16, 2, 29][14, 20, 4, 23, 24][19, 18, 0, 26][8, 12, 18, 22][7, 27, 10][0, 13][10, 15][17, 22][7, 28][7, 20] 
[13, 6, 15, 5, 21][25, 28, 16, 2, 29][14, 20, 4, 23, 24][9, 1, 3, 11, 17][19, 18, 0, 26][8, 12, 18, 22][7, 27, 10][10, 15][7, 28][7, 20][0, 13][17, 22] 
[14, 20, 4, 23, 24][13, 6, 15, 5, 21][9, 1, 3, 11, 17][25, 28, 16, 2, 29][19, 18, 0, 26][8, 12, 18, 22][7, 27, 10][7, 20][10, 15][0, 13][17, 22][7, 28] 
[13, 6, 15, 5, 21][9, 1, 3, 11, 17][14, 24, 23, 4, 20][25, 28, 16, 2, 29][19, 18, 0, 26][8, 12, 18, 22][7, 27, 10][0, 13][17, 22][10, 15][7, 20][7, 28] 
[13, 6, 15, 5, 21][9, 1, 3, 11, 17][25, 28, 16, 2, 29][14, 24, 23, 4, 20][8, 12, 18, 22][19, 18, 0, 26][7, 27, 10][0, 13][17, 22][10, 15][7, 28][7, 20] 
[9, 1, 3, 11, 17][13, 6, 15, 5, 21][25, 28, 16, 2, 29][14, 24, 23, 4, 20][8, 12, 18, 22][19, 18, 0, 26][7, 27, 10][17, 22][0, 13][10, 15][7, 28][7, 20] 
[13, 6, 15, 5, 21][25, 28, 16, 2, 29][14, 20, 4, 23, 24][9, 1, 3, 11, 17][19, 18, 0, 26][8, 12, 18, 22][7, 27, 10][10, 15][7, 28][7, 20][0, 13][17, 22] 
[13, 6, 15, 5, 21][14, 20, 4, 23, 24][25, 28, 16, 2, 29][9, 1, 3, 11, 17][19, 18, 0, 26][8, 12, 18, 22][7, 27, 10][10, 15][7, 20][7, 28][0, 13][17, 22] 
[14, 24, 23, 4, 20][25, 28, 16, 2, 29][13, 6, 15, 5, 21][9, 1, 3, 11, 17][19, 18, 0, 26][8, 12, 18, 22][7, 27, 10][7, 20][7, 28][10, 15][0, 13][17, 22] 
[13, 6, 15, 5, 21][9, 1, 3, 11, 17][14, 20, 4, 23, 24][25, 28, 16, 2, 29][19, 18, 0, 26][8, 12, 18, 22][7, 27, 10][0, 13][10, 15][17, 22][7, 20][7, 28] 
[14, 20, 4, 23, 24][13, 6, 15, 5, 21][9, 1, 3, 11, 17][25, 28, 16, 2, 29][19, 18, 0, 26][8, 12, 18, 22][7, 27, 10][7, 20][10, 15][0, 13][17, 22][7, 28] 
[14, 20, 4, 23, 24][13, 6, 15, 5, 21][25, 28, 16, 2, 29][9, 1, 3, 11, 17][19, 18, 0, 26][8, 12, 18, 22][7, 27, 10][7, 20][10, 15][0, 13][7, 28][17, 22] 
[9, 1, 3, 11, 17][13, 6, 15, 5, 21][14, 24, 23, 4, 20][25, 28, 16, 2, 29][8, 12, 18, 22][19, 18, 0, 26][7, 27, 10][17, 22][0, 13][10, 15][7, 20][7, 28] 
[9, 1, 3, 11, 17][13, 6, 15, 5, 21][25, 28, 16, 2, 29][14, 20, 4, 23, 24][8, 12, 18, 22][19, 18, 0, 26][7, 27, 10][17, 22][0, 13][10, 15][7, 28][7, 20] 
[25, 28, 16, 2, 29][14, 20, 4, 23, 24][13, 6, 15, 5, 21][9, 1, 3, 11, 17][19, 18, 0, 26][8, 12, 18, 22][7, 27, 10][7, 28][7, 20][10, 15][0, 13][17, 22] 
[4, 20, 14, 9, 1, 3, 11, 17, 22, 19, 12, 8, 26][15, 27, 10, 29, 2, 16, 28, 7, 20][15, 6, 13, 18, 0, 25][4, 23, 24][5, 21, 15][1, 9][16, 28][8, 12][16, 28][16, 28][1, 9][16, 28] 
[4, 20, 14, 9, 1, 3, 11, 17, 22, 19, 12, 8, 26][15, 27, 10, 29, 2, 16, 28, 7, 20][15, 6, 13, 18, 0, 25][4, 23, 24][5, 21, 15][1, 9][16, 28][8, 12][16, 28][16, 28][1, 9][16, 28] 
[4, 20, 14, 9, 1, 3, 11, 17, 22, 19, 12, 8, 26][15, 27, 10, 29, 2, 16, 28, 7, 20][15, 6, 13, 18, 0, 25][4, 23, 24][5, 21, 15][1, 9][16, 28][8, 12][16, 28][16, 28][1, 9][16, 28] 
[23, 4, 20, 14, 9, 1, 3, 11, 17, 22, 19, 12, 8, 26][7, 28, 16, 2, 29, 10, 27, 15, 21, 5, 6, 13, 18][18, 0, 25][7, 20][23, 24][16, 28][8, 12][16, 28][5, 21][5, 21][1, 9][1, 9] 
[23, 4, 20, 14, 9, 1, 3, 11, 17, 22, 19, 12, 8, 26][7, 28, 16, 2, 29, 10, 27, 15, 21, 5, 6, 13, 18][18, 0, 25][7, 20][23, 24][16, 28][8, 12][16, 28][5, 21][5, 21][1, 9][1, 9] 
[7, 28, 16, 2, 29, 10, 27, 15, 21, 5, 6, 13, 18][14, 9, 1, 3, 11, 17, 22, 19, 12, 8, 26][14, 24, 23, 4, 20][1, 9][7, 20][10, 27][0, 13][0, 25][5, 21][8, 12][17, 22][5, 21] 
[4, 20, 14, 9, 1, 3, 11, 17, 22, 19, 12, 8, 26][15, 27, 10, 29, 2, 16, 28, 7, 20][15, 6, 13, 18, 0, 25][4, 23, 24][5, 21, 15][1, 9][16, 28][8, 12][16, 28][16, 28][1, 9][16, 28] 
[4, 20, 14, 9, 1, 3, 11, 17, 22, 19, 12, 8, 26][15, 27, 10, 29, 2, 16, 28, 7, 20][15, 6, 13, 18, 0, 25][4, 23, 24][5, 21, 15][1, 9][16, 28][8, 12][16, 28][16, 28][1, 9][16, 28] 
[7, 28, 16, 2, 29, 10, 27, 15, 21, 5, 6, 13, 18][14, 9, 1, 3, 11, 17, 22, 19, 12, 8, 26][14, 24, 23, 4, 20][13, 18, 0, 25][7, 20][1, 9][16, 28][0, 25][16, 28][8, 12][1, 9][0, 25] 
[23, 4, 20, 14, 9, 1, 3, 11, 17, 22, 19, 12, 8, 26][15, 27, 10, 29, 2, 16, 28, 7, 20][15, 6, 13, 18, 0, 25][15, 5, 21][16, 28][23, 24][8, 12][1, 9][16, 28][16, 28][16, 28][1, 9] 
[4, 20, 14, 9, 1, 3, 11, 17, 22, 19, 12, 8, 26][15, 27, 10, 29, 2, 16, 28, 7, 20][15, 6, 13, 18, 0, 25][4, 23, 24][5, 21, 15][1, 9][16, 28][8, 12][16, 28][16, 28][1, 9][16, 28] 
[4, 20, 14, 9, 1, 3, 11, 17, 22, 19, 12, 8, 26][15, 27, 10, 29, 2, 16, 28, 7, 20][15, 6, 13, 18, 0, 25][4, 23, 24][5, 21, 15][1, 9][16, 28][8, 12][16, 28][16, 28][1, 9][16, 28] 
[7, 28, 16, 2, 29, 10, 27, 15, 21, 5, 6, 13, 18][14, 9, 1, 3, 11, 17, 22, 19, 12, 8, 26][14, 24, 23, 4, 20][13, 18, 0, 25][7, 20][1, 9][16, 28][0, 25][16, 28][8, 12][1, 9][0, 25] 
[4, 20, 14, 9, 1, 3, 11, 17, 22, 19, 12, 8, 26][15, 27, 10, 29, 2, 16, 28, 7, 20][15, 6, 13, 18, 0, 25][4, 23, 24][5, 21, 15][1, 9][16, 28][8, 12][16, 28][16, 28][1, 9][16, 28] 
[4, 20, 14, 9, 1, 3, 11, 17, 22, 19, 12, 8, 26][15, 27, 10, 29, 2, 16, 28, 7, 20][15, 6, 13, 18, 0, 25][4, 23, 24][5, 21, 15][1, 9][16, 28][8, 12][16, 28][16, 28][1, 9][16, 28] 
[18, 13, 6, 5, 21, 15, 27, 10, 29, 2, 16, 28, 7, 20][4, 20, 14, 9, 1, 3, 11, 17, 22, 19, 12, 8, 26][4, 23, 24][8, 12][0, 25][16, 28][1, 9][7, 28][0, 26][16, 28][5, 21][8, 12] 
[19, 18, 13, 6, 5, 21, 15, 27, 10, 29, 2, 16, 28, 7, 20][4, 20, 14, 9, 1, 3, 11, 17, 22, 19, 12, 8, 26][4, 23, 24][8, 12][0, 25][16, 28][1, 9][7, 28][0, 26][16, 28][5, 21][8, 12] 
[23, 4, 20, 14, 9, 1, 3, 11, 17, 22, 19, 12, 8, 26][7, 28, 16, 2, 29, 10, 27, 15, 21, 5, 6, 13, 18][18, 0, 25][7, 20][23, 24][16, 28][8, 12][16, 28][5, 21][5, 21][1, 9][1, 9] 
[18, 13, 6, 5, 21, 15, 27, 10, 29, 2, 16, 28, 7, 20][4, 20, 14, 9, 1, 3, 11, 17, 22, 19, 12, 8, 26][4, 23, 24][8, 12][0, 25][16, 28][1, 9][7, 28][0, 26][16, 28][5, 21][8, 12] 
[19, 18, 13, 6, 5, 21, 15, 27, 10, 29, 2, 16, 28, 7, 20][4, 20, 14, 9, 1, 3, 11, 17, 22, 19, 12, 8, 26][4, 23, 24][8, 12][0, 25][16, 28][1, 9][7, 28][0, 26][16, 28][5, 21][8, 12] 
[18, 13, 6, 5, 21, 15, 27, 10, 29, 2, 16, 28, 7, 20][4, 20, 14, 9, 1, 3, 11, 17, 22, 19, 12, 8, 26][4, 23, 24][8, 12][0, 25][16, 28][1, 9][7, 28][0, 26][16, 28][5, 21][8, 12] 
[13, 6, 15, 5, 21][14, 24, 23, 4, 20][9, 1, 3, 11, 17][25, 28, 16, 2, 29][19, 18, 0, 26][8, 12, 18, 22][7, 27, 10][10, 15][7, 20][0, 13][17, 22][7, 28] 
[25, 28, 16, 2, 29][13, 6, 15, 5, 21][14, 24, 23, 4, 20][9, 1, 3, 11, 17][19, 18, 0, 26][8, 12, 18, 22][7, 27, 10][7, 28][10, 15][7, 20][0, 13][17, 22] 
[9, 1, 3, 11, 17][13, 6, 15, 5, 21][14, 24, 23, 4, 20][25, 28, 16, 2, 29][8, 12, 18, 22][19, 18, 0, 26][7, 27, 10][17, 22][0, 13][10, 15][7, 20][7, 28] 
[13, 6, 15, 5, 21][9, 1, 3, 11, 17][25, 28, 16, 2, 29][14, 24, 23, 4, 20][19, 18, 0, 26][8, 12, 18, 22][7, 27, 10][0, 13][17, 22][10, 15][7, 28][7, 20] 
[9, 1, 3, 11, 17][13, 6, 15, 5, 21][14, 24, 23, 4, 20][25, 28, 16, 2, 29][8, 12, 18, 22][19, 18, 0, 26][7, 27, 10][17, 22][0, 13][10, 15][7, 20][7, 28] 
[13, 6, 15, 5, 21][9, 1, 3, 11, 17][14, 24, 23, 4, 20][25, 28, 16, 2, 29][19, 18, 0, 26][8, 12, 18, 22][7, 27, 10][10, 15][0, 13][17, 22][7, 20][7, 28] 
[14, 24, 23, 4, 20][25, 28, 16, 2, 29][13, 6, 15, 5, 21][9, 1, 3, 11, 17][19, 18, 0, 26][8, 12, 18, 22][7, 27, 10][7, 20][7, 28][10, 15][0, 13][17, 22] 
[13, 6, 15, 5, 21][9, 1, 3, 11, 17][14, 24, 23, 4, 20][25, 28, 16, 2, 29][19, 18, 0, 26][8, 12, 18, 22][7, 27, 10][0, 13][17, 22][10, 15][7, 20][7, 28] 
[13, 6, 15, 5, 21][9, 1, 3, 11, 17][14, 24, 23, 4, 20][25, 28, 16, 2, 29][19, 18, 0, 26][8, 12, 18, 22][7, 27, 10][10, 15][0, 13][17, 22][7, 20][7, 28] 
[9, 1, 3, 11, 17][13, 6, 15, 5, 21][14, 24, 23, 4, 20][25, 28, 16, 2, 29][8, 12, 18, 22][19, 18, 0, 26][7, 27, 10][17, 22][0, 13][10, 15][7, 20][7, 28] 
[9, 1, 3, 11, 17][13, 6, 15, 5, 21][14, 24, 23, 4, 20][25, 28, 16, 2, 29][8, 12, 18, 22][19, 18, 0, 26][7, 27, 10][17, 22][0, 13][10, 15][7, 20][7, 28] 
[13, 6, 15, 5, 21][9, 1, 3, 11, 17][14, 24, 23, 4, 20][25, 28, 16, 2, 29][19, 18, 0, 26][8, 12, 18, 22][7, 27, 10][0, 13][17, 22][10, 15][7, 20][7, 28] 
[13, 6, 15, 5, 21][9, 1, 3, 11, 17][14, 24, 23, 4, 20][25, 28, 16, 2, 29][19, 18, 0, 26][8, 12, 18, 22][7, 27, 10][0, 13][17, 22][10, 15][7, 20][7, 28] 
[9, 1, 3, 11, 17][13, 6, 15, 5, 21][14, 24, 23, 4, 20][25, 28, 16, 2, 29][8, 12, 18, 22][19, 18, 0, 26][7, 27, 10][17, 22][0, 13][10, 15][7, 20][7, 28] 
[25, 28, 16, 2, 29][13, 6, 15, 5, 21][14, 24, 23, 4, 20][9, 1, 3, 11, 17][19, 18, 0, 26][8, 12, 18, 22][7, 27, 10][7, 28][10, 15][7, 20][0, 13][17, 22] 
[25, 28, 16, 2, 29][13, 6, 15, 5, 21][14, 20, 4, 23, 24][9, 1, 3, 11, 17][19, 18, 0, 26][8, 12, 18, 22][7, 27, 10][7, 28][10, 15][7, 20][0, 13][17, 22] 
[25, 28, 16, 2, 29][13, 6, 15, 5, 21][14, 20, 4, 23, 24][9, 1, 3, 11, 17][19, 18, 0, 26][8, 12, 18, 22][7, 27, 10][7, 28][10, 15][0, 13][7, 20][17, 22] 
[13, 6, 15, 5, 21][9, 1, 3, 11, 17][25, 28, 16, 2, 29][14, 20, 4, 23, 24][19, 18, 0, 26][8, 12, 18, 22][7, 27, 10][0, 13][10, 15][17, 22][7, 28][7, 20] 
[25, 28, 16, 2, 29][13, 6, 15, 5, 21][14, 20, 4, 23, 24][9, 1, 3, 11, 17][19, 18, 0, 26][8, 12, 18, 22][7, 27, 10][7, 28][10, 15][0, 13][7, 20][17, 22] 
[13, 6, 15, 5, 21][14, 20, 4, 23, 24][25, 28, 16, 2, 29][9, 1, 3, 11, 17][19, 18, 0, 26][8, 12, 18, 22][7, 27, 10][10, 15][0, 13][7, 20][7, 28][17, 22] 
[13, 6, 15, 5, 21][14, 20, 4, 23, 24][9, 1, 3, 11, 17][25, 28, 16, 2, 29][8, 26, 0, 18, 19][7, 27, 10][18, 12, 22][10, 15][0, 13][7, 20][17, 22][7, 28] 
[9, 1, 3, 11, 17][13, 6, 15, 5, 21][14, 24, 23, 4, 20][25, 28, 16, 2, 29][8, 12, 18, 22][19, 18, 0, 26][7, 27, 10][17, 22][0, 13][10, 15][7, 20][7, 28] 
[9, 1, 3, 11, 17][13, 6, 15, 5, 21][14, 24, 23, 4, 20][25, 28, 16, 2, 29][8, 12, 18, 22][19, 18, 0, 26][7, 27, 10][17, 22][0, 13][10, 15][7, 20][7, 28] 
[9, 1, 3, 11, 17][13, 6, 15, 5, 21][14, 24, 23, 4, 20][25, 28, 16, 2, 29][8, 12, 18, 22][19, 18, 0, 26][7, 27, 10][17, 22][0, 13][10, 15][7, 20][7, 28] 
[9, 1, 3, 11, 17][13, 6, 15, 5, 21][14, 24, 23, 4, 20][25, 28, 16, 2, 29][8, 12, 18, 22][19, 18, 0, 26][7, 27, 10][17, 22][0, 13][10, 15][7, 20][7, 28] 
[9, 1, 3, 11, 17][13, 6, 15, 5, 21][14, 24, 23, 4, 20][25, 28, 16, 2, 29][8, 12, 18, 22][19, 18, 0, 26][7, 27, 10][17, 22][0, 13][10, 15][7, 20][7, 28] 
[13, 6, 15, 5, 21][9, 1, 3, 11, 17][25, 28, 16, 2, 29][14, 20, 4, 23, 24][19, 18, 0, 26][8, 12, 18, 22][7, 27, 10][0, 13][10, 15][17, 22][7, 28][7, 20] 
[9, 1, 3, 11, 17][13, 6, 15, 5, 21][14, 24, 23, 4, 20][25, 28, 16, 2, 29][8, 12, 18, 22][19, 18, 0, 26][7, 27, 10][17, 22][0, 13][10, 15][7, 20][7, 28] 
[25, 28, 16, 2, 29][14, 20, 4, 23, 24][13, 6, 15, 5, 21][9, 1, 3, 11, 17][19, 18, 0, 26][8, 12, 18, 22][7, 27, 10][7, 28][7, 20][10, 15][0, 13][17, 22] 
[25, 28, 16, 2, 29][13, 6, 15, 5, 21][14, 20, 4, 23, 24][9, 1, 3, 11, 17][19, 18, 0, 26][8, 12, 18, 22][7, 27, 10][7, 28][10, 15][0, 13][7, 20][17, 22] 
[13, 6, 15, 5, 21][14, 20, 4, 23, 24][25, 28, 16, 2, 29][9, 1, 3, 11, 17][19, 18, 0, 26][8, 12, 18, 22][7, 27, 10][10, 15][0, 13][7, 20][7, 28][17, 22] 
[25, 28, 16, 2, 29][13, 6, 15, 5, 21][14, 20, 4, 23, 24][9, 1, 3, 11, 17][19, 18, 0, 26][8, 12, 18, 22][7, 27, 10][7, 28][10, 15][0, 13][7, 20][17, 22] 
[13, 6, 15, 5, 21][14, 20, 4, 23, 24][25, 28, 16, 2, 29][9, 1, 3, 11, 17][19, 18, 0, 26][8, 12, 18, 22][7, 27, 10][10, 15][0, 13][7, 20][7, 28][17, 22] 
[25, 28, 16, 2, 29][14, 20, 4, 23, 24][13, 6, 15, 5, 21][9, 1, 3, 11, 17][19, 18, 0, 26][8, 12, 18, 22][7, 27, 10][7, 28][7, 20][10, 15][0, 13][17, 22] 
[25, 28, 16, 2, 29][13, 6, 15, 5, 21][14, 20, 4, 23, 24][9, 1, 3, 11, 17][19, 18, 0, 26][8, 12, 18, 22][7, 27, 10][7, 28][10, 15][7, 20][0, 13][17, 22] 
[13, 6, 15, 5, 21][14, 20, 4, 23, 24][25, 28, 16, 2, 29][9, 1, 3, 11, 17][19, 18, 0, 26][8, 12, 18, 22][7, 27, 10][10, 15][0, 13][7, 20][7, 28][17, 22] 
[9, 1, 3, 11, 17][13, 6, 15, 5, 21][14, 20, 4, 23, 24][25, 28, 16, 2, 29][8, 12, 18, 22][19, 18, 0, 26][7, 27, 10][17, 22][0, 13][10, 15][7, 20][7, 28] 
[13, 6, 15, 5, 21][25, 28, 16, 2, 29][14, 20, 4, 23, 24][9, 1, 3, 11, 17][19, 18, 0, 26][8, 12, 18, 22][7, 27, 10][0, 13][10, 15][7, 28][7, 20][17, 22] 
[14, 20, 4, 23, 24][13, 6, 15, 5, 21][25, 28, 16, 2, 29][9, 1, 3, 11, 17][19, 18, 0, 26][8, 12, 18, 22][7, 27, 10][7, 20][10, 15][0, 13][7, 28][17, 22] 
[13, 6, 15, 5, 21][14, 20, 4, 23, 24][25, 28, 16, 2, 29][9, 1, 3, 11, 17][19, 18, 0, 26][8, 12, 18, 22][7, 27, 10][10, 15][0, 13][7, 20][7, 28][17, 22] 
[25, 28, 16, 2, 29][14, 20, 4, 23, 24][13, 6, 15, 5, 21][9, 1, 3, 11, 17][19, 18, 0, 26][8, 12, 18, 22][7, 27, 10][7, 28][7, 20][10, 15][0, 13][17, 22] 
[13, 6, 15, 5, 21][9, 1, 3, 11, 17][14, 20, 4, 23, 24][25, 28, 16, 2, 29][8, 12, 18, 22][19, 18, 0, 26][7, 27, 10][0, 13][17, 22][10, 15][7, 20][7, 28] 
[13, 6, 15, 5, 21][25, 28, 16, 2, 29][14, 20, 4, 23, 24][9, 1, 3, 11, 17][19, 18, 0, 26][8, 12, 18, 22][7, 27, 10][10, 15][7, 28][7, 20][0, 13][17, 22] 
[14, 20, 4, 23, 24][25, 28, 16, 2, 29][13, 6, 15, 5, 21][22, 12, 18, 0, 26][9, 1, 3, 11, 17][7, 27, 10][20, 7, 28][12, 8, 19][10, 15][5, 15][0, 13][17, 22] 
[14, 20, 4, 23, 24][25, 28, 16, 2, 29][13, 6, 15, 5, 21][22, 12, 18, 0, 26][9, 1, 3, 11, 17][7, 27, 10][20, 7, 28][12, 8, 19][10, 15][5, 15][0, 13][17, 22] 
[14, 20, 4, 23, 24][25, 28, 16, 2, 29][13, 6, 15, 5, 21][22, 12, 18, 0, 26][9, 1, 3, 11, 17][7, 27, 10][20, 7, 28][12, 8, 19][10, 15][5, 15][0, 13][17, 22] 
[14, 20, 4, 23, 24][25, 28, 16, 2, 29][13, 6, 15, 5, 21][22, 12, 18, 0, 26][9, 1, 3, 11, 17][7, 27, 10][20, 7, 28][12, 8, 19][10, 15][5, 15][0, 13][17, 22] 
[14, 20, 4, 23, 24][25, 28, 16, 2, 29][13, 6, 15, 5, 21][22, 12, 18, 0, 26][9, 1, 3, 11, 17][7, 27, 10][20, 7, 28][12, 8, 19][10, 15][5, 15][0, 13][17, 22] 
[19, 8, 26, 0, 18, 12, 22][25, 28, 16, 2, 29][14, 20, 4, 23, 24][13, 6, 15, 5, 21][9, 1, 3, 11, 17][7, 27, 10][7, 28][7, 20][10, 15][0, 13][8, 26][17, 22] 
[13, 6, 15, 5, 21][14, 24, 23, 4, 20][25, 28, 16, 2, 29][9, 1, 3, 11, 17][19, 18, 0, 26][8, 12, 18, 22][7, 27, 10][0, 13][10, 15][7, 20][7, 28][17, 22] 
[9, 1, 3, 11, 17][13, 6, 15, 5, 21][14, 24, 23, 4, 20][25, 28, 16, 2, 29][8, 12, 18, 22][19, 18, 0, 26][7, 27, 10][17, 22][0, 13][10, 15][7, 20][7, 28] 
[14, 24, 23, 4, 20][25, 28, 16, 2, 29][13, 6, 15, 5, 21][9, 1, 3, 11, 17][19, 18, 0, 26][8, 12, 18, 22][7, 27, 10][7, 20][7, 28][10, 15][0, 13][17, 22] 
[13, 6, 15, 5, 21][9, 1, 3, 11, 17][14, 24, 23, 4, 20][25, 28, 16, 2, 29][19, 18, 0, 26][8, 12, 18, 22][7, 27, 10][0, 13][17, 22][10, 15][7, 20][7, 28] 
[9, 1, 3, 11, 17][13, 6, 15, 5, 21][14, 24, 23, 4, 20][25, 28, 16, 2, 29][8, 12, 18, 22][19, 18, 0, 26][7, 27, 10][17, 22][0, 13][10, 15][7, 20][7, 28] 
[13, 6, 15, 5, 21][9, 1, 3, 11, 17][25, 28, 16, 2, 29][14, 20, 4, 23, 24][19, 18, 0, 26][8, 12, 18, 22][7, 27, 10][0, 13][10, 15][17, 22][7, 28][7, 20] 
[25, 28, 16, 2, 29][13, 6, 15, 5, 21][14, 24, 23, 4, 20][9, 1, 3, 11, 17][19, 18, 0, 26][8, 12, 18, 22][7, 27, 10][7, 28][10, 15][7, 20][0, 13][17, 22] 
