[12, 8, 26, 0, 18, 13][25, 28, 16, 27, 29][14, 7, 4, 20, 24][5, 6, 15, 21][11, 17, 19, 22][3, 9, 1, 23][2, 10, 6][10, 16][17, 28][3, 11][12, 17][9, 14] 
[12, 8, 26, 0, 18, 13][25, 28, 16, 27, 29][14, 7, 4, 20, 24][5, 6, 10, 2, 15][11, 17, 19, 22][3, 9, 1, 23][10, 16][5, 21][17, 28][3, 11][9, 14][12, 17] 
[12, 8, 26, 0, 18, 13][15, 2, 10, 6, 5, 21][14, 7, 4, 20, 24][25, 28, 16, 27, 29][11, 17, 19, 22][1, 9, 3][9, 23][3, 11][12, 17][17, 28][10, 16][9, 14] 
[12, 8, 26, 0, 18, 13][14, 7, 4, 20, 24, 23][15, 2, 10, 6, 5, 21][25, 28, 16, 27, 29][11, 17, 19][1, 9, 3][12, 17][17, 28][3, 11][9, 23][10, 16][19, 22] 
[12, 8, 26, 0, 18, 13][25, 28, 16, 27, 29][14, 7, 4, 20, 24][11, 17, 19, 22][3, 9, 1, 23][5, 6, 15, 21][10, 2, 15][17, 28][3, 11][12, 17][10, 16][9, 14] 
[12, 8, 26, 0, 18, 13][25, 28, 16, 27, 29][14, 7, 4, 20, 24][11, 17, 19, 22][5, 6, 15, 21][3, 9, 1, 23][10, 2, 15][10, 16][17, 28][3, 11][9, 14][12, 17] 
[12, 8, 26, 0, 18, 13][25, 28, 16, 27, 29][5, 6, 10, 2, 15][14, 7, 4, 20, 24][11, 17, 19, 22][3, 9, 1, 23][12, 17][3, 11][17, 28][10, 16][9, 14][5, 21] 
[12, 8, 26, 0, 18, 13][25, 28, 16, 27, 29][14, 7, 4, 20, 24][11, 17, 19, 22][5, 6, 15, 21][3, 9, 1, 23][10, 2, 15][10, 16][17, 28][3, 11][9, 14][12, 17] 
[12, 8, 26, 0, 18, 13][25, 28, 16, 27, 29][14, 7, 4, 20, 24][11, 17, 19, 22][5, 6, 15, 21][3, 9, 1, 23][10, 2, 15][10, 16][17, 28][3, 11][9, 14][12, 17] 
[12, 8, 26, 0, 18, 13][25, 28, 16, 27, 29][14, 7, 4, 20, 24][11, 17, 19, 22][5, 6, 15, 21][3, 9, 1, 23][10, 2, 15][10, 16][17, 28][3, 11][9, 14][12, 17] 
[12, 8, 26, 0, 18, 13][25, 28, 16, 27, 29][14, 7, 4, 20, 24][5, 6, 15, 21][11, 17, 19, 22][3, 9, 1, 23][2, 10, 6][10, 16][17, 28][3, 11][12, 17][9, 14] 
[12, 8, 26, 0, 18, 13][25, 28, 16, 27, 29][14, 7, 4, 20, 24][5, 6, 10, 2, 15][11, 17, 19, 22][3, 9, 1, 23][10, 16][5, 21][17, 28][3, 11][9, 14][12, 17] 
[12, 8, 26, 0, 18, 13][15, 2, 10, 6, 5, 21][25, 28, 16, 27, 29][14, 7, 4, 20, 24][11, 17, 19, 22][1, 9, 3][12, 17][17, 28][10, 16][3, 11][9, 23][9, 14] 
[12, 8, 26, 0, 18, 13][25, 28, 16, 27, 29][14, 7, 4, 20, 24][11, 17, 19, 22][5, 6, 15, 21][3, 9, 1, 23][10, 2, 15][10, 16][17, 28][3, 11][9, 14][12, 17] 
[12, 8, 26, 0, 18, 13][25, 28, 16, 27, 29][14, 7, 4, 20, 24][11, 17, 19, 22][5, 6, 15, 21][3, 9, 1, 23][10, 2, 15][10, 16][17, 28][3, 11][9, 14][12, 17] 
[12, 8, 26, 0, 18, 13][25, 28, 16, 27, 29][14, 7, 4, 20, 24][11, 17, 19, 22][5, 6, 15, 21][3, 9, 1, 23][10, 2, 15][10, 16][17, 28][3, 11][9, 14][12, 17] 
[12, 8, 26, 0, 18, 13][25, 28, 16, 27, 29][14, 7, 4, 20, 24][11, 17, 19, 22][5, 6, 15, 21][3, 9, 1, 23][2, 10, 6][12, 17][17, 28][10, 16][3, 11][9, 14] 
[12, 8, 26, 0, 18, 13][25, 28, 16, 27, 29][14, 7, 4, 20, 24][5, 6, 10, 2, 15][11, 17, 19, 22][3, 9, 1, 23][10, 16][5, 21][17, 28][3, 11][9, 14][12, 17] 
[12, 8, 26, 0, 18, 13][25, 28, 16, 27, 29][14, 7, 4, 20, 24][11, 17, 19, 22][5, 6, 15, 21][3, 9, 1, 23][10, 2, 15][10, 16][17, 28][3, 11][9, 14][12, 17] 
[12, 8, 26, 0, 18, 13][14, 7, 4, 20, 24][25, 28, 16, 27, 29][11, 17, 19, 22][3, 9, 1, 23][5, 6, 15, 21][2, 10, 6][12, 17][3, 11][9, 14][17, 28][10, 16] 
[12, 8, 26, 0, 18, 13][25, 28, 16, 27, 29][14, 7, 4, 20, 24][5, 6, 15, 21][11, 17, 19, 22][3, 9, 1, 23][2, 10, 6][10, 16][17, 28][3, 11][12, 17][9, 14] 
[12, 8, 26, 0, 18, 13][25, 28, 16, 27, 29][14, 7, 4, 20, 24][5, 6, 10, 2, 15][11, 17, 19, 22][3, 9, 1, 23][10, 16][5, 21][17, 28][3, 11][9, 14][12, 17] 
[12, 8, 26, 0, 18, 13][15, 2, 10, 6, 5, 21][25, 28, 16, 27, 29][14, 7, 4, 20, 24][11, 17, 19, 22][1, 9, 3][12, 17][17, 28][10, 16][3, 11][9, 23][9, 14] 
[12, 8, 26, 0, 18, 13][14, 7, 4, 20, 24][25, 28, 16, 27, 29][11, 17, 19, 22][3, 9, 1, 23][5, 6, 15, 21][10, 2, 15][3, 11][12, 17][9, 14][17, 28][10, 16] 
[12, 8, 26, 0, 18, 13][14, 7, 4, 20, 24][25, 28, 16, 27, 29][11, 17, 19, 22][3, 9, 1, 23][5, 6, 15, 21][10, 2, 15][3, 11][12, 17][9, 14][17, 28][10, 16] 
[12, 8, 26, 0, 18, 13][25, 28, 16, 27, 29][14, 7, 4, 20, 24][11, 17, 19, 22][5, 6, 15, 21][3, 9, 1, 23][10, 2, 15][10, 16][17, 28][3, 11][9, 14][12, 17] 
[12, 8, 26, 0, 18, 13][25, 28, 16, 27, 29][14, 7, 4, 20, 24][5, 6, 15, 21][11, 17, 19, 22][3, 9, 1, 23][2, 10, 6][10, 16][17, 28][3, 11][12, 17][9, 14] 
[12, 8, 26, 0, 18, 13][25, 28, 16, 27, 29][14, 7, 4, 20, 24][5, 6, 10, 2, 15][11, 17, 19, 22][3, 9, 1, 23][10, 16][5, 21][17, 28][3, 11][9, 14][12, 17] 
[12, 8, 26, 0, 18, 13][25, 28, 16, 27, 29][14, 7, 4, 20, 24][11, 17, 19, 22][5, 6, 15, 21][3, 9, 1, 23][10, 2, 15][10, 16][17, 28][3, 11][9, 14][12, 17] 
[12, 8, 26, 0, 18, 13][14, 7, 4, 20, 24][25, 28, 16, 27, 29][11, 17, 19, 22][3, 9, 1, 23][5, 6, 15, 21][2, 10, 6][12, 17][3, 11][9, 14][17, 28][10, 16] 
[12, 8, 26, 0, 18, 13][25, 28, 16, 27, 29][14, 7, 4, 20, 24][5, 6, 15, 21][11, 17, 19, 22][3, 9, 1, 23][2, 10, 6][10, 16][17, 28][3, 11][12, 17][9, 14] 
[12, 8, 26, 0, 18, 13][25, 28, 16, 27, 29][14, 7, 4, 20, 24][5, 6, 10, 2, 15][11, 17, 19, 22][3, 9, 1, 23][10, 16][5, 21][17, 28][3, 11][9, 14][12, 17] 
[12, 8, 26, 0, 18, 13][14, 7, 4, 20, 24][25, 28, 16, 27, 29][3, 9, 1, 23][11, 17, 19, 22][5, 6, 15, 21][10, 2, 15][9, 14][3, 11][17, 28][12, 17][10, 16] 
[12, 8, 26, 0, 18, 13][25, 28, 16, 27, 29][14, 7, 4, 20, 24][11, 17, 19, 22][5, 6, 15, 21][3, 9, 1, 23][2, 10, 6][12, 17][17, 28][10, 16][3, 11][9, 14] 
[12, 8, 26, 0, 18, 13][25, 28, 16, 27, 29][14, 7, 4, 20, 24][11, 17, 19, 22][5, 6, 15, 21][3, 9, 1, 23][2, 10, 6][12, 17][17, 28][10, 16][3, 11][9, 14] 
[1, 14, 7, 20, 23, 9, 3, 11, 17, 0, 26][6, 2, 21, 5, 15, 10, 29, 27, 7, 16][8, 12, 0, 19, 22, 25, 28, 17, 18, 13][3, 11][4, 23][1, 24][9, 23][9, 23][3, 11][3, 11][9, 23][9, 23] 
[1, 14, 7, 20, 23, 9, 3, 11, 17, 0, 26][6, 2, 21, 5, 15, 10, 29, 27, 7, 16][8, 12, 0, 19, 22, 25, 28, 17, 18, 13][3, 11][4, 23][1, 24][9, 23][9, 23][3, 11][3, 11][9, 23][9, 23] 
[1, 14, 7, 20, 23, 9, 3, 11, 17, 0, 26][6, 2, 21, 5, 15, 10, 29, 27, 7, 16][8, 12, 0, 19, 22, 25, 28, 17, 18, 13][3, 11][4, 23][1, 24][9, 23][9, 23][3, 11][3, 11][9, 23][9, 23] 
[8, 26, 0, 17, 11, 3, 9, 23, 20, 7, 14, 1, 24][25, 22, 19, 18, 13, 6, 2, 10, 21, 5, 15, 29][25, 28, 16, 27][0, 18][4, 7][12, 19][9, 23][3, 11][5, 21][3, 11][9, 23][9, 23] 
[8, 26, 0, 17, 11, 3, 9, 23, 20, 7, 14, 1, 24][25, 22, 19, 18, 13, 6, 2, 10, 21, 5, 15, 29][25, 28, 16, 27][0, 18][4, 7][12, 19][9, 23][3, 11][5, 21][3, 11][9, 23][9, 23] 
[1, 14, 7, 20, 23, 9, 3, 11, 17, 0, 26, 8][25, 22, 19, 18, 13, 6, 2, 10, 21, 5, 15, 29][25, 28, 16, 27][4, 20, 24][19, 22][12, 19][3, 11][12, 17][3, 11][19, 22][9, 23][19, 22] 
[1, 14, 7, 20, 23, 9, 3, 11, 17, 0, 26][6, 2, 21, 5, 15, 10, 29, 27, 7, 16][8, 12, 0, 19, 22, 25, 28, 17, 18, 13][3, 11][4, 23][1, 24][9, 23][9, 23][3, 11][3, 11][9, 23][9, 23] 
[1, 14, 7, 20, 23, 9, 3, 11, 17, 0, 26][6, 2, 21, 5, 15, 10, 29, 27, 7, 16][8, 12, 0, 19, 22, 25, 28, 17, 18, 13][3, 11][4, 23][1, 24][9, 23][9, 23][3, 11][3, 11][9, 23][9, 23] 
[8, 26, 0, 17, 11, 3, 9, 23, 20, 7, 14, 1, 24][25, 22, 19, 18, 13, 6, 2, 10, 21, 5, 15, 29][25, 28, 16, 27][0, 18][4, 7][12, 19][9, 23][3, 11][5, 21][3, 11][9, 23][9, 23] 
[1, 14, 7, 20, 23, 9, 3, 11, 17, 0, 26][6, 2, 21, 5, 15, 10, 29, 27, 7, 16][8, 12, 0, 19, 22, 25, 28, 17, 18, 13][4, 23][1, 24][9, 23][9, 23][3, 11][9, 23][9, 23][13, 18][9, 23] 
[1, 14, 7, 20, 23, 9, 3, 11, 17, 0, 26][6, 2, 21, 5, 15, 10, 29, 27, 7, 16][8, 12, 0, 19, 22, 25, 28, 17, 18, 13][3, 11][4, 23][1, 24][9, 23][9, 23][3, 11][3, 11][9, 23][9, 23] 
[1, 14, 7, 20, 23, 9, 3, 11, 17, 0, 26][6, 2, 21, 5, 15, 10, 29, 27, 7, 16][8, 12, 0, 19, 22, 25, 28, 17, 18, 13][3, 11][4, 23][1, 24][9, 23][9, 23][3, 11][3, 11][9, 23][9, 23] 
[8, 26, 0, 17, 11, 3, 9, 23, 20, 7, 14, 1, 24][25, 22, 19, 18, 13, 6, 2, 10, 21, 5, 15, 29][25, 28, 16, 27][0, 18][4, 7][12, 19][9, 23][3, 11][5, 21][3, 11][9, 23][9, 23] 
[1, 14, 7, 20, 23, 9, 3, 11, 17, 0, 26][6, 2, 21, 5, 15, 10, 29, 27, 7, 16][8, 12, 0, 19, 22, 25, 28, 17, 18, 13][4, 23][1, 24][9, 23][9, 23][3, 11][9, 23][9, 23][13, 18][9, 23] 
[1, 14, 7, 20, 23, 9, 3, 11, 17, 0, 26][6, 2, 21, 5, 15, 10, 29, 27, 7, 16][8, 12, 0, 19, 22, 25, 28, 17, 18, 13][3, 11][4, 23][1, 24][9, 23][9, 23][3, 11][3, 11][9, 23][9, 23] 
[1, 14, 7, 20, 23, 9, 3, 11, 17, 0, 26, 8][6, 2, 21, 5, 15, 10, 29, 27, 7, 16][12, 0, 19, 22, 25, 28, 17, 18, 13][3, 11][4, 23][1, 24][9, 23][9, 23][3, 11][3, 11][9, 23][9, 23] 
[1, 14, 7, 20, 23, 9, 3, 11, 17, 0, 26, 8][6, 2, 21, 5, 15, 10, 29, 27, 7, 16][12, 0, 19, 22, 25, 28, 17, 18, 13][3, 11][4, 23][1, 24][9, 23][9, 23][3, 11][3, 11][9, 23][9, 23] 
[13, 18, 17, 28, 25, 22, 19, 0, 12, 8, 26][6, 2, 21, 5, 15, 10, 29, 27, 7, 16][1, 14, 7, 20, 23, 9, 3, 11, 17][3, 11][4, 23][1, 24][9, 23][9, 23][3, 11][3, 11][9, 23][9, 23] 
[1, 14, 7, 20, 23, 9, 3, 11, 17, 0, 26, 8][6, 2, 21, 5, 15, 10, 29, 27, 7, 16][12, 0, 19, 22, 25, 28, 17, 18, 13][3, 11][4, 23][1, 24][9, 23][9, 23][3, 11][3, 11][9, 23][9, 23] 
[1, 14, 7, 20, 23, 9, 3, 11, 17, 0, 26, 8, 12, 19, 22][13, 18, 17, 28, 25, 22, 19, 0, 12, 8, 26][6, 2, 21, 5, 15, 10, 29, 27, 7, 16][3, 11][4, 23][1, 24][9, 23][9, 23][3, 11][3, 11][9, 23][9, 23] 
[1, 14, 7, 20, 23, 9, 3, 11, 17, 0, 26, 8][6, 2, 21, 5, 15, 10, 29, 27, 7, 16][12, 0, 19, 22, 25, 28, 17, 18, 13][3, 11][4, 23][1, 24][9, 23][9, 23][3, 11][3, 11][9, 23][9, 23] 
[12, 8, 26, 0, 18, 13][25, 28, 16, 27, 29][14, 7, 4, 20, 24][11, 17, 19, 22][5, 6, 15, 21][3, 9, 1, 23][10, 2, 15][10, 16][17, 28][3, 11][9, 14][12, 17] 
[12, 8, 26, 0, 18, 13][25, 28, 16, 27, 29][14, 7, 4, 20, 24][11, 17, 19, 22][5, 6, 15, 21][3, 9, 1, 23][10, 2, 15][10, 16][17, 28][3, 11][9, 14][12, 17] 
[12, 8, 26, 0, 18, 13][25, 28, 16, 27, 29][14, 7, 4, 20, 24][11, 17, 19, 22][5, 6, 15, 21][3, 9, 1, 23][10, 2, 15][10, 16][17, 28][3, 11][9, 14][12, 17] 
[12, 8, 26, 0, 18, 13][25, 28, 16, 27, 29][14, 7, 4, 20, 24][11, 17, 19, 22][5, 6, 15, 21][3, 9, 1, 23][10, 2, 15][10, 16][17, 28][3, 11][9, 14][12, 17] 
[12, 8, 26, 0, 18, 13][25, 28, 16, 27, 29][14, 7, 4, 20, 24][11, 17, 19, 22][5, 6, 15, 21][3, 9, 1, 23][10, 2, 15][10, 16][17, 28][3, 11][9, 14][12, 17] 
[12, 8, 26, 0, 18, 13][14, 7, 4, 20, 24][25, 28, 16, 27, 29][3, 9, 1, 23][11, 17, 19, 22][5, 6, 15, 21][10, 2, 15][9, 14][3, 11][12, 17][17, 28][10, 16] 
[12, 8, 26, 0, 18, 13][14, 7, 4, 20, 24][25, 28, 16, 27, 29][11, 17, 19, 22][3, 9, 1, 23][5, 6, 15, 21][10, 2, 15][12, 17][3, 11][9, 14][17, 28][10, 16] 
[12, 8, 26, 0, 18, 13][14, 7, 4, 20, 24][25, 28, 16, 27, 29][3, 9, 1, 23][11, 17, 19, 22][5, 6, 15, 21][10, 2, 15][9, 14][3, 11][17, 28][12, 17][10, 16] 
[12, 8, 26, 0, 18, 13][25, 28, 16, 27, 29][14, 7, 4, 20, 24][11, 17, 19, 22][5, 6, 15, 21][3, 9, 1, 23][10, 2, 15][10, 16][17, 28][3, 11][9, 14][12, 17] 
[12, 8, 26, 0, 18, 13][25, 28, 16, 27, 29][14, 7, 4, 20, 24][11, 17, 19, 22][5, 6, 15, 21][3, 9, 1, 23][10, 2, 15][10, 16][17, 28][3, 11][9, 14][12, 17] 
[12, 8, 26, 0, 18, 13][14, 7, 4, 20, 24][25, 28, 16, 27, 29][3, 9, 1, 23][11, 17, 19, 22][5, 6, 15, 21][10, 2, 15][9, 14][3, 11][17, 28][12, 17][10, 16] 
[12, 8, 26, 0, 18, 13][14, 7, 4, 20, 24][25, 28, 16, 27, 29][3, 9, 1, 23][11, 17, 19, 22][5, 6, 15, 21][10, 2, 15][9, 14][3, 11][17, 28][12, 17][10, 16] 
[12, 8, 26, 0, 18, 13][14, 7, 4, 20, 24][25, 28, 16, 27, 29][11, 17, 19, 22][3, 9, 1, 23][5, 6, 15, 21][10, 2, 15][12, 17][3, 11][9, 14][17, 28][10, 16] 
[12, 8, 26, 0, 18, 13][14, 7, 4, 20, 24][25, 28, 16, 27, 29][3, 9, 1, 23][11, 17, 19, 22][5, 6, 15, 21][10, 2, 15][9, 14][3, 11][12, 17][17, 28][10, 16] 
[12, 8, 26, 0, 18, 13][14, 7, 4, 20, 24][25, 28, 16, 27, 29][3, 9, 1, 23][11, 17, 19, 22][5, 6, 15, 21][10, 2, 15][9, 14][3, 11][17, 28][12, 17][10, 16] 
[12, 8, 26, 0, 18, 13][14, 7, 4, 20, 24][25, 28, 16, 27, 29][11, 17, 19, 22][3, 9, 1, 23][5, 6, 15, 21][2, 10, 6][12, 17][3, 11][9, 14][17, 28][10, 16] 
[12, 8, 26, 0, 18, 13][25, 28, 16, 27, 29][14, 7, 4, 20, 24][11, 17, 19, 22][5, 6, 15, 21][3, 9, 1, 23][2, 10, 6][12, 17][17, 28][10, 16][3, 11][9, 14] 
[12, 8, 26, 0, 18, 13][25, 28, 16, 27, 29][14, 7, 4, 20, 24][11, 17, 19, 22][5, 6, 15, 21][3, 9, 1, 23][2, 10, 6][17, 28][10, 16][3, 11][12, 17][9, 14] 
[12, 8, 26, 0, 18, 13][25, 28, 16, 27, 29][14, 7, 4, 20, 24][5, 6, 15, 21][11, 17, 19, 22][3, 9, 1, 23][2, 10, 6][10, 16][17, 28][3, 11][12, 17][9, 14] 
[12, 8, 26, 0, 18, 13][25, 28, 16, 27, 29][14, 7, 4, 20, 24][11, 17, 19, 22][5, 6, 15, 21][3, 9, 1, 23][2, 10, 6][12, 17][17, 28][10, 16][3, 11][9, 14] 
[15, 2, 10, 6, 5, 21][12, 8, 26, 0, 18, 13][25, 28, 16, 27, 29][14, 7, 4, 20, 24][3, 9, 1, 23][11, 17, 19, 22][3, 11][17, 28][12, 17][13, 18][9, 14][10, 16] 
[12, 8, 26, 0, 18, 13][14, 7, 4, 20, 24][25, 28, 16, 27, 29][3, 9, 1, 23][11, 17, 19, 22][5, 6, 15, 21][10, 2, 15][9, 14][3, 11][17, 28][12, 17][10, 16] 
[12, 8, 26, 0, 18, 13][14, 7, 4, 20, 24][25, 28, 16, 27, 29][3, 9, 1, 23][11, 17, 19, 22][5, 6, 15, 21][10, 2, 15][9, 14][3, 11][17, 28][12, 17][10, 16] 
[12, 8, 26, 0, 18, 13][25, 28, 16, 27, 29][14, 7, 4, 20, 24][5, 6, 15, 21][11, 17, 19, 22][3, 9, 1, 23][10, 2, 15][10, 16][17, 28][3, 11][9, 14][12, 17] 
[12, 8, 26, 0, 18, 13][14, 7, 4, 20, 24][25, 28, 16, 27, 29][3, 9, 1, 23][11, 17, 19, 22][5, 6, 15, 21][10, 2, 15][9, 14][3, 11][17, 28][12, 17][10, 16] 
[12, 8, 26, 0, 18, 13][14, 7, 4, 20, 24][25, 28, 16, 27, 29][3, 9, 1, 23][11, 17, 19, 22][5, 6, 15, 21][10, 2, 15][9, 14][3, 11][17, 28][12, 17][10, 16] 
[12, 8, 26, 0, 18, 13][25, 28, 16, 27, 29][14, 7, 4, 20, 24][11, 17, 19, 22][5, 6, 15, 21][3, 9, 1, 23][10, 2, 15][10, 16][17, 28][3, 11][9, 14][12, 17] 
[12, 8, 26, 0, 18, 13][25, 28, 16, 27, 29][14, 7, 4, 20, 24][11, 17, 19, 22][5, 6, 15, 21][3, 9, 1, 23][10, 2, 15][10, 16][17, 28][3, 11][9, 14][12, 17] 
[12, 8, 26, 0, 18, 13][25, 28, 16, 27, 29][14, 7, 4, 20, 24][5, 6, 15, 21][11, 17, 19, 22][3, 9, 1, 23][2, 10, 6][10, 16][17, 28][3, 11][12, 17][9, 14] 
[12, 8, 26, 0, 18, 13][14, 7, 4, 20, 24][25, 28, 16, 27, 29][11, 17, 19, 22][3, 9, 1, 23][5, 6, 15, 21][2, 10, 6][12, 17][3, 11][9, 14][17, 28][10, 16] 
[12, 8, 26, 0, 18, 13][25, 28, 16, 27, 29][14, 7, 4, 20, 24][11, 17, 19, 22][5, 6, 15, 21][3, 9, 1, 23][2, 10, 6][12, 17][17, 28][10, 16][3, 11][9, 14] 
[12, 8, 26, 0, 18, 13][14, 7, 4, 20, 24][25, 28, 16, 27, 29][11, 17, 19, 22][3, 9, 1, 23][5, 6, 15, 21][2, 10, 6][12, 17][3, 11][9, 14][17, 28][10, 16] 
[12, 8, 26, 0, 18, 13][25, 28, 16, 27, 29][14, 7, 4, 20, 24][11, 17, 19, 22][5, 6, 15, 21][3, 9, 1, 23][2, 10, 6][17, 28][10, 16][3, 11][12, 17][9, 14] 
[12, 8, 26, 0, 18, 13][25, 28, 16, 27, 29][14, 7, 4, 20, 24][11, 17, 19, 22][5, 6, 15, 21][3, 9, 1, 23][2, 10, 6][17, 28][10, 16][3, 11][12, 17][9, 14] 
[12, 8, 26, 0, 18, 13][25, 28, 16, 27, 29][14, 7, 4, 20, 24][5, 6, 15, 21][11, 17, 19, 22][3, 9, 1, 23][2, 10, 6][10, 16][17, 28][3, 11][12, 17][9, 14] 
[12, 8, 26, 0, 18, 13][25, 28, 16, 27, 29][14, 7, 4, 20, 24][11, 17, 19, 22][5, 6, 15, 21][3, 9, 1, 23][2, 10, 6][17, 28][10, 16][3, 11][12, 17][9, 14] 
[12, 8, 26, 0, 18, 13][25, 28, 16, 27, 29][14, 7, 4, 20, 24][11, 17, 19, 22][5, 6, 15, 21][3, 9, 1, 23][2, 10, 6][17, 28][10, 16][3, 11][12, 17][9, 14] 
[12, 8, 26, 0, 18, 13][25, 28, 16, 27, 29][14, 7, 4, 20, 24][11, 17, 19, 22][5, 6, 15, 21][3, 9, 1, 23][2, 10, 6][12, 17][17, 28][10, 16][3, 11][9, 14] 
[12, 8, 26, 0, 18, 13][25, 28, 16, 27, 29][14, 7, 4, 20, 24][5, 6, 15, 21][11, 17, 19, 22][3, 9, 1, 23][2, 10, 6][10, 16][17, 28][3, 11][12, 17][9, 14] 
[12, 8, 26, 0, 18, 13][25, 28, 16, 27, 29][14, 7, 4, 20, 24][5, 6, 15, 21][11, 17, 19, 22][3, 9, 1, 23][2, 10, 6][10, 16][17, 28][3, 11][12, 17][9, 14] 
[12, 8, 26, 0, 18, 13][25, 28, 16, 27, 29][14, 7, 4, 20, 24][11, 17, 19, 22][5, 6, 15, 21][3, 9, 1, 23][2, 10, 6][17, 28][10, 16][3, 11][12, 17][9, 14] 
[12, 8, 26, 0, 18, 13][25, 28, 16, 27, 29][14, 7, 4, 20, 24][5, 6, 15, 21][11, 17, 19, 22][3, 9, 1, 23][2, 10, 6][10, 16][17, 28][3, 11][12, 17][9, 14] 
[12, 8, 26, 0, 18, 13][14, 7, 4, 20, 24][25, 28, 16, 27, 29][11, 17, 19, 22][3, 9, 1, 23][5, 6, 15, 21][2, 10, 6][12, 17][3, 11][9, 14][17, 28][10, 16] 
[12, 8, 26, 0, 18, 13][15, 2, 10, 6, 5, 21][25, 28, 16, 27, 29][14, 7, 4, 20, 24][11, 17, 19, 22][3, 9, 1, 23][10, 16][5, 6][11, 25][3, 11][9, 14][12, 17] 
[12, 8, 26, 0, 18, 13][15, 2, 10, 6, 5, 21][25, 28, 16, 27, 29][14, 7, 4, 20, 24][11, 17, 19, 22][3, 9, 1, 23][7, 14, 9][10, 16][5, 6][11, 25][3, 11][12, 17] 
[12, 8, 26, 0, 18, 13][15, 2, 10, 6, 5, 21][25, 28, 16, 27, 29][14, 7, 4, 20, 24][11, 17, 19, 22][3, 9, 1, 23][10, 16][5, 6][11, 25][3, 11][9, 14][12, 17] 
[12, 8, 26, 0, 18, 13][15, 2, 10, 6, 5, 21][25, 28, 16, 27, 29][14, 7, 4, 20, 24][11, 17, 19, 22][3, 9, 1, 23][10, 16][5, 6][11, 25][3, 11][9, 14][12, 17] 
[12, 8, 26, 0, 18, 13][15, 2, 10, 6, 5, 21][25, 28, 16, 27, 29][14, 7, 4, 20, 24][11, 17, 19, 22][3, 9, 1, 23][7, 14, 9][10, 16][5, 6][11, 25][3, 11][12, 17] 
[12, 8, 26, 0, 18, 13][14, 7, 4, 20, 24, 23][15, 2, 10, 6, 5, 21][25, 28, 16, 27, 29][11, 17, 19, 22][3, 11, 25][1, 9, 3][12, 17][9, 23][10, 16][2, 10][2, 10] 
[12, 8, 26, 0, 18, 13][14, 7, 4, 20, 24][25, 28, 16, 27, 29][3, 9, 1, 23][11, 17, 19, 22][5, 6, 15, 21][10, 2, 15][9, 14][3, 11][17, 28][12, 17][10, 16] 
[12, 8, 26, 0, 18, 13][14, 7, 4, 20, 24][25, 28, 16, 27, 29][3, 9, 1, 23][11, 17, 19, 22][5, 6, 15, 21][10, 2, 15][9, 14][3, 11][12, 17][17, 28][10, 16] 
[12, 8, 26, 0, 18, 13][25, 28, 16, 27, 29][14, 7, 4, 20, 24][11, 17, 19, 22][5, 6, 15, 21][3, 9, 1, 23][10, 2, 15][10, 16][17, 28][3, 11][9, 14][12, 17] 
[12, 8, 26, 0, 18, 13][25, 28, 16, 27, 29][14, 7, 4, 20, 24][11, 17, 19, 22][5, 6, 15, 21][3, 9, 1, 23][10, 2, 15][10, 16][17, 28][3, 11][9, 14][12, 17] 
[12, 8, 26, 0, 18, 13][14, 7, 4, 20, 24][25, 28, 16, 27, 29][3, 9, 1, 23][11, 17, 19, 22][5, 6, 15, 21][10, 2, 15][9, 14][3, 11][12, 17][17, 28][10, 16] 
[12, 8, 26, 0, 18, 13][25, 28, 16, 27, 29][14, 7, 4, 20, 24][5, 6, 15, 21][11, 17, 19, 22][3, 9, 1, 23][2, 10, 6][10, 16][17, 28][3, 11][12, 17][9, 14] 
[12, 8, 26, 0, 18, 13][25, 28, 16, 27, 29][14, 7, 4, 20, 24][11, 17, 19, 22][5, 6, 15, 21][3, 9, 1, 23][10, 2, 15][10, 16][17, 28][3, 11][9, 14][12, 17] 
