[9, 23, 24, 14, 11, 25][17, 28, 16, 27][0, 19, 8, 26][13, 18, 12, 22][2, 29, 10, 15][5, 21, 15, 6][3, 1, 4, 20][17, 22, 19][2, 16][7, 10][25, 28][7, 20] 
[9, 23, 24, 14, 11, 25][13, 18, 12, 22][17, 28, 16, 27][0, 19, 8, 26][5, 21, 15, 6][3, 1, 4, 20][17, 22, 19][16, 2, 29][15, 10, 29][7, 10][25, 28][7, 20] 
[9, 23, 24, 14, 11][17, 28, 16, 27][5, 21, 15, 6][13, 18, 12, 22][0, 19, 8, 26][3, 1, 4, 20][16, 2, 29][15, 10, 29][17, 22, 19][7, 20, 23][25, 28][11, 25] 
[9, 23, 24, 14, 11][17, 28, 16, 27][5, 21, 15, 6][13, 18, 12, 22][0, 19, 8, 26][3, 1, 4, 20][16, 2, 29][15, 10, 29][17, 22, 19][7, 20, 23][25, 28][11, 25] 
[9, 23, 24, 14, 11, 25][13, 18, 12, 22][17, 28, 16, 27][0, 19, 8, 26][5, 21, 15, 6][3, 1, 4, 20][17, 22, 19][16, 2, 29][15, 10, 29][7, 10][25, 28][7, 20] 
[9, 23, 24, 14, 11, 25][17, 28, 16, 27][5, 21, 15, 6][13, 18, 12, 22][0, 19, 8, 26][3, 1, 4, 20][16, 2, 29][15, 10, 29][17, 22, 19][7, 10][25, 28][7, 20] 
[9, 23, 24, 14, 11, 25][5, 21, 15, 6][17, 28, 16, 27][0, 19, 8, 26][13, 18, 12, 22][3, 1, 4, 20][15, 10, 29][16, 2, 29][17, 22, 19][7, 10][25, 28][7, 20] 
[9, 23, 24, 14, 11, 25][13, 18, 12, 22][17, 28, 16, 27][0, 19, 8, 26][5, 21, 15, 6][3, 1, 4, 20][17, 22, 19][16, 2, 29][15, 10, 29][7, 10][25, 28][7, 20] 
[9, 23, 24, 14, 11, 25][17, 28, 16, 27][13, 18, 12, 22][0, 19, 8, 26][5, 21, 15, 6][3, 1, 4, 20][16, 2, 29][17, 22, 19][15, 10, 29][7, 10][7, 20][25, 28] 
[9, 23, 24, 14, 11, 25][5, 21, 15, 6][17, 28, 16, 27][13, 18, 12, 22][0, 19, 8, 26][3, 1, 4, 20][15, 10, 29][16, 2, 29][17, 22, 19][25, 28][7, 10][7, 20] 
[9, 23, 24, 14, 11, 25][17, 28, 16, 27][2, 29, 10, 15][5, 21, 15, 6][0, 19, 8, 26][13, 18, 12, 22][3, 1, 4, 20][17, 22, 19][2, 16][25, 28][7, 10][7, 20] 
[9, 23, 24, 14, 11, 25][17, 28, 16, 27][5, 21, 15, 6][0, 19, 8, 26][13, 18, 12, 22][3, 1, 4, 20][16, 2, 29][15, 10, 29][17, 22, 19][7, 10][25, 28][7, 20] 
[9, 23, 24, 14, 11][17, 28, 16, 27][5, 21, 15, 6][13, 18, 12, 22][0, 19, 8, 26][3, 1, 4, 20][16, 2, 29][15, 10, 29][17, 22, 19][7, 20, 23][25, 28][11, 25] 
[9, 23, 24, 14, 11, 25][13, 18, 12, 22][17, 28, 16, 27][0, 19, 8, 26][5, 21, 15, 6][3, 1, 4, 20][17, 22, 19][16, 2, 29][15, 10, 29][7, 10][25, 28][7, 20] 
[9, 23, 24, 14, 11, 25][17, 28, 16, 27][5, 21, 15, 6][13, 18, 12, 22][0, 19, 8, 26][3, 1, 4, 20][16, 2, 29][15, 10, 29][17, 22, 19][7, 10][25, 28][7, 20] 
[9, 23, 24, 14, 11, 25][17, 28, 16, 27][13, 18, 12, 22][0, 19, 8, 26][5, 21, 15, 6][3, 1, 4, 20][16, 2, 29][17, 22, 19][15, 10, 29][7, 10][7, 20][25, 28] 
[9, 23, 24, 14, 11, 25][3, 1, 4, 7, 20][0, 19, 8, 26][17, 28, 16, 27][13, 18, 12, 22][5, 21, 15, 6][17, 22, 19][15, 10, 29][2, 16][25, 28][2, 29][7, 10] 
[9, 23, 24, 14, 11, 25][5, 21, 15, 6][17, 28, 16, 27][0, 19, 8, 26][13, 18, 12, 22][3, 1, 4, 20][15, 10, 29][16, 2, 29][17, 22, 19][7, 10][25, 28][7, 20] 
[9, 23, 24, 14, 11, 25][5, 21, 15, 6][17, 28, 16, 27][0, 19, 8, 26][13, 18, 12, 22][3, 1, 4, 20][15, 10, 29][16, 2, 29][17, 22, 19][7, 10][25, 28][7, 20] 
[9, 23, 24, 14, 11, 25][3, 1, 4, 20][2, 29, 10, 15][5, 21, 15, 6][17, 28, 16, 27][0, 19, 8, 26][13, 18, 12, 22][17, 22, 19][7, 20][7, 10][2, 16][25, 28] 
[9, 23, 24, 14, 11, 25][17, 28, 16, 27][2, 29, 10, 15][5, 21, 15, 6][0, 19, 8, 26][13, 18, 12, 22][3, 1, 4, 20][17, 22, 19][2, 16][25, 28][7, 10][7, 20] 
[9, 23, 24, 14, 11, 25][13, 18, 12, 22][0, 19, 8, 26][17, 28, 16, 27][5, 21, 15, 6][3, 1, 4, 20][17, 22, 19][16, 2, 29][15, 10, 29][7, 10][7, 20][25, 28] 
[9, 23, 24, 14, 11][17, 28, 16, 27][5, 21, 15, 6][13, 18, 12, 22][0, 19, 8, 26][3, 1, 4, 20][16, 2, 29][15, 10, 29][17, 22, 19][7, 20, 23][25, 28][11, 25] 
[9, 23, 24, 14, 11, 25][17, 28, 16, 27][5, 21, 15, 6][0, 19, 8, 26][13, 18, 12, 22][3, 1, 4, 20][16, 2, 29][15, 10, 29][17, 22, 19][7, 10][25, 28][7, 20] 
[9, 23, 24, 14, 11, 25][13, 18, 12, 22][17, 28, 16, 27][0, 19, 8, 26][5, 21, 15, 6][3, 1, 4, 20][17, 22, 19][16, 2, 29][15, 10, 29][7, 10][25, 28][7, 20] 
[9, 23, 24, 14, 11, 25][3, 1, 4, 20][5, 21, 15, 6][17, 28, 16, 27][13, 18, 12, 22][0, 19, 8, 26][15, 10, 29][16, 2, 29][17, 22, 19][7, 20][7, 10][25, 28] 
[9, 23, 24, 14, 11, 25][17, 28, 16, 27][13, 18, 12, 22][0, 19, 8, 26][2, 29, 10, 15][5, 21, 15, 6][3, 1, 4, 20][17, 22, 19][25, 28][2, 16][7, 10][7, 20] 
[9, 23, 24, 14, 11, 25][17, 28, 16, 27][13, 18, 12, 22][0, 19, 8, 26][5, 21, 15, 6][3, 1, 4, 20][16, 2, 29][17, 22, 19][15, 10, 29][7, 10][7, 20][25, 28] 
[9, 23, 24, 14, 11, 25][0, 19, 8, 26][17, 28, 16, 27][13, 18, 12, 22][5, 21, 15, 6][3, 1, 4, 20][17, 22, 19][16, 2, 29][15, 10, 29][7, 10][7, 20][25, 28] 
[9, 23, 24, 14, 11, 25][17, 28, 16, 27][2, 29, 10, 15][5, 21, 15, 6][0, 19, 8, 26][13, 18, 12, 22][3, 1, 4, 20][17, 22, 19][2, 16][25, 28][7, 10][7, 20] 
[9, 23, 24, 14, 11, 25][17, 28, 16, 27][2, 29, 10, 15][5, 21, 15, 6][13, 18, 12, 22][0, 19, 8, 26][3, 1, 4, 20][17, 22, 19][2, 16][25, 28][7, 10][7, 20] 
[9, 23, 24, 14, 11, 25][17, 28, 16, 27][13, 18, 12, 22][0, 19, 8, 26][5, 21, 15, 6][3, 1, 4, 20][16, 2, 29][17, 22, 19][15, 10, 29][7, 10][7, 20][25, 28] 
[9, 23, 24, 14, 11, 25][5, 21, 15, 6][17, 28, 16, 27][13, 18, 12, 22][0, 19, 8, 26][3, 1, 4, 20][15, 10, 29][16, 2, 29][17, 22, 19][25, 28][7, 10][7, 20] 
[9, 23, 24, 14, 11, 25][3, 1, 4, 7, 20][0, 19, 8, 26][17, 28, 16, 27][13, 18, 12, 22][5, 21, 15, 6][17, 22, 19][15, 10, 29][2, 16][25, 28][2, 29][7, 10] 
[9, 23, 24, 14, 11, 25][17, 28, 16, 27][2, 29, 10, 15][5, 21, 15, 6][13, 18, 12, 22][0, 19, 8, 26][3, 1, 4, 20][17, 22, 19][2, 16][25, 28][7, 10][7, 20] 
[0, 26, 8, 19, 22, 17, 11, 25, 28, 7, 20, 23, 4][5, 21, 15, 6, 10, 29, 2, 27, 16, 7][11, 3, 9, 1, 14, 24][13, 18, 12, 22][7, 20][17, 22][17, 22][16, 27][7, 20][2, 29][17, 22][17, 22] 
[0, 26, 8, 19, 22, 17, 11, 25, 28, 7, 20, 23, 4][5, 21, 15, 6, 10, 29, 2, 27, 16, 7][11, 3, 9, 1, 14, 24][13, 18, 12, 22][7, 20][17, 22][17, 22][16, 27][7, 20][2, 29][17, 22][17, 22] 
[0, 26, 8, 19, 22, 17, 11, 25, 28, 7, 20, 23, 4][5, 21, 15, 6, 10, 29, 2, 27, 16, 7][11, 3, 9, 1, 14, 24][13, 18, 12, 22][7, 20][17, 22][17, 22][16, 27][7, 20][2, 29][17, 22][17, 22] 
[0, 26, 8, 19, 22, 17, 11, 25, 28, 7, 20, 23, 4][11, 3, 9, 1, 14, 24][7, 16, 27, 2, 29, 10][5, 21, 15, 6, 10][13, 18, 12, 22][7, 20][16, 27][2, 29][2, 29][7, 20][17, 22][16, 27] 
[0, 26, 8, 19, 22, 17, 11, 25, 28, 7, 20, 23, 4][11, 3, 9, 1, 14, 24][7, 16, 27, 2, 29, 10][5, 21, 15, 6, 10][13, 18, 12, 22][7, 20][16, 27][2, 29][2, 29][7, 20][17, 22][16, 27] 
[0, 26, 8, 19, 22, 17, 11, 25, 28, 7, 20, 23, 4][5, 21, 15, 6, 10, 29, 2, 27, 16][11, 3, 9, 1, 14, 24][13, 18, 12, 22][7, 20][10, 29][7, 20][11, 25][2, 29][7, 20][17, 22][7, 10] 
[0, 26, 8, 19, 22, 17, 11, 25, 28, 7, 20, 23, 4][5, 21, 15, 6, 10, 29, 2, 27, 16, 7][11, 3, 9, 1, 14, 24][13, 18, 12, 22][7, 20][17, 22][17, 22][16, 27][7, 20][2, 29][17, 22][17, 22] 
[0, 26, 8, 19, 22, 17, 11, 25, 28, 7, 20, 23, 4][5, 21, 15, 6, 10, 29, 2, 27, 16, 7][11, 3, 9, 1, 14, 24][13, 18, 12, 22][7, 20][17, 22][17, 22][16, 27][7, 20][2, 29][17, 22][17, 22] 
[0, 26, 8, 19, 22, 17, 11, 25, 28, 7, 20, 23, 4][11, 3, 9, 1, 14, 24][7, 16, 27, 2, 29, 10][5, 21, 15, 6, 10][13, 18, 12, 22][7, 20][16, 27][2, 29][2, 29][7, 20][17, 22][16, 27] 
[0, 26, 8, 19, 22, 17, 11, 25, 28, 7, 20, 23, 4][5, 21, 15, 6, 10, 29, 2, 27, 16, 7][11, 3, 9, 1, 14, 24][13, 18, 12, 22][7, 20][17, 22][17, 22][16, 27][7, 20][2, 29][17, 22][17, 22] 
[0, 26, 8, 19, 22, 17, 11, 25, 28, 7, 20, 23, 4][5, 21, 15, 6, 10, 29, 2, 27, 16, 7][11, 3, 9, 1, 14, 24][13, 18, 12, 22][7, 20][17, 22][17, 22][16, 27][7, 20][2, 29][17, 22][17, 22] 
[0, 26, 8, 19, 22, 17, 11, 25, 28, 7, 20, 23, 4][5, 21, 15, 6, 10, 29, 2, 27, 16, 7][11, 3, 9, 1, 14, 24][13, 18, 12, 22][7, 20][17, 22][17, 22][16, 27][7, 20][2, 29][17, 22][17, 22] 
[0, 26, 8, 19, 22, 17, 11, 25, 28, 7, 20, 23, 4][11, 3, 9, 1, 14, 24][7, 16, 27, 2, 29, 10][5, 21, 15, 6, 10][13, 18, 12, 22][7, 20][16, 27][2, 29][2, 29][7, 20][17, 22][16, 27] 
[0, 26, 8, 19, 22, 17, 11, 25, 28, 7, 20, 23, 4][5, 21, 15, 6, 10, 29, 2, 27, 16, 7][11, 3, 9, 1, 14, 24][13, 18, 12, 22][7, 20][17, 22][17, 22][16, 27][7, 20][2, 29][17, 22][17, 22] 
[0, 26, 8, 19, 22, 17, 11, 25, 28, 7, 20, 23, 4][5, 21, 15, 6, 10, 29, 2, 27, 16, 7][11, 3, 9, 1, 14, 24][13, 18, 12, 22][7, 20][17, 22][17, 22][16, 27][7, 20][2, 29][17, 22][17, 22] 
[0, 26, 8, 19, 22, 17, 11, 25, 28, 7, 20, 23, 4][5, 21, 15, 6, 10, 29, 2, 27, 16, 7][11, 3, 9, 1, 14, 24][13, 18, 12, 22][2, 29][7, 20][16, 27][17, 22][6, 10][2, 29][8, 26][7, 20] 
[0, 26, 8, 19, 22, 17, 11, 25, 28, 7, 20, 23, 4][5, 21, 15, 6, 10, 29, 2, 27, 16, 7][11, 3, 9, 1, 14, 24][13, 18, 12, 22][2, 29][7, 20][16, 27][17, 22][6, 10][2, 29][8, 26][7, 20] 
[0, 26, 8, 19, 22, 17, 11, 25, 28, 7, 20, 23, 4][5, 21, 15, 6, 10, 29, 2, 27, 16, 7][11, 3, 9, 1, 14, 24][13, 18, 12, 22][16, 27][2, 29][7, 20][16, 27][2, 29][17, 22][7, 20][7, 20] 
[0, 26, 8, 19, 22, 17, 11, 25, 28, 7, 20, 23, 4][5, 21, 15, 6, 10, 29, 2, 27, 16, 7][11, 3, 9, 1, 14, 24][13, 18, 12, 22][2, 29][7, 20][16, 27][17, 22][6, 10][2, 29][8, 26][7, 20] 
[0, 26, 8, 19, 22, 17, 11, 25, 28, 7, 20, 23, 4][5, 21, 15, 6, 10, 29, 2, 27, 16, 7][11, 3, 9, 1, 14, 24][13, 18, 12, 22][2, 29][7, 20][16, 27][17, 22][6, 10][2, 29][8, 26][7, 20] 
[0, 26, 8, 19, 22, 17, 11, 25, 28, 7, 20, 23, 4, 24][5, 21, 15, 6, 10, 29, 2, 27, 16, 7][11, 3, 9, 1, 14, 24][13, 18, 12, 22][16, 27][2, 29][7, 20][16, 27][2, 29][17, 22][7, 20][7, 20] 
[9, 23, 24, 14, 11, 25][0, 19, 8, 26][17, 28, 16, 27][13, 18, 12, 22][5, 21, 15, 6][3, 1, 4, 20][17, 22, 19][16, 2, 29][15, 10, 29][25, 28][7, 10][7, 20] 
[9, 23, 24, 14, 11, 25][0, 19, 8, 26][13, 18, 12, 22][17, 28, 16, 27][5, 21, 15, 6][3, 1, 4, 20][17, 22, 19][16, 2, 29][15, 10, 29][7, 10][25, 28][7, 20] 
[9, 23, 24, 14, 11, 25][0, 19, 8, 26][13, 18, 12, 22][17, 28, 16, 27][5, 21, 15, 6][3, 1, 4, 20][17, 22, 19][16, 2, 29][15, 10, 29][7, 10][25, 28][7, 20] 
[9, 23, 24, 14, 11, 25][3, 1, 4, 20][5, 21, 15, 6][17, 28, 16, 27][13, 18, 12, 22][0, 19, 8, 26][15, 10, 29][16, 2, 29][17, 22, 19][7, 20][7, 10][25, 28] 
[9, 23, 24, 14, 11, 25][17, 28, 16, 27][13, 18, 12, 22][0, 19, 8, 26][5, 21, 15, 6][3, 1, 4, 20][16, 2, 29][17, 22, 19][15, 10, 29][7, 10][7, 20][25, 28] 
[9, 23, 24, 14, 11, 25][17, 28, 16, 27][13, 18, 12, 22][0, 19, 8, 26][5, 21, 15, 6][3, 1, 4, 20][16, 2, 29][17, 22, 19][15, 10, 29][7, 10][7, 20][25, 28] 
[9, 23, 24, 14, 11, 25][17, 28, 16, 27][0, 19, 8, 26][13, 18, 12, 22][5, 21, 15, 6][3, 1, 4, 20][16, 2, 29][17, 22, 19][15, 10, 29][25, 28][7, 10][7, 20] 
[9, 23, 24, 14, 11, 25][5, 21, 15, 6][17, 28, 16, 27][13, 18, 12, 22][0, 19, 8, 26][3, 1, 4, 20][15, 10, 29][16, 2, 29][17, 22, 19][7, 10][25, 28][7, 20] 
[9, 23, 24, 14, 11, 25][3, 1, 4, 20][5, 21, 15, 6][17, 28, 16, 27][13, 18, 12, 22][0, 19, 8, 26][15, 10, 29][16, 2, 29][17, 22, 19][7, 20][7, 10][25, 28] 
[9, 23, 24, 14, 11, 25][5, 21, 15, 6][17, 28, 16, 27][0, 19, 8, 26][13, 18, 12, 22][3, 1, 4, 20][15, 10, 29][16, 2, 29][17, 22, 19][7, 10][25, 28][7, 20] 
[9, 23, 24, 14, 11, 25][17, 28, 16, 27][13, 18, 12, 22][0, 19, 8, 26][5, 21, 15, 6][3, 1, 4, 20][16, 2, 29][17, 22, 19][15, 10, 29][7, 10][7, 20][25, 28] 
[9, 23, 24, 14, 11, 25][3, 1, 4, 20][5, 21, 15, 6][17, 28, 16, 27][13, 18, 12, 22][0, 19, 8, 26][15, 10, 29][16, 2, 29][17, 22, 19][7, 20][7, 10][25, 28] 
[9, 23, 24, 14, 11, 25][17, 28, 16, 27][13, 18, 12, 22][0, 19, 8, 26][5, 21, 15, 6][3, 1, 4, 20][16, 2, 29][17, 22, 19][15, 10, 29][7, 10][7, 20][25, 28] 
[9, 23, 24, 14, 11, 25][17, 28, 16, 27][13, 18, 12, 22][0, 19, 8, 26][5, 21, 15, 6][3, 1, 4, 20][16, 2, 29][17, 22, 19][15, 10, 29][7, 10][7, 20][25, 28] 
[9, 23, 24, 14, 11, 25][17, 28, 16, 27][13, 18, 12, 22][0, 19, 8, 26][5, 21, 15, 6][3, 1, 4, 20][16, 2, 29][17, 22, 19][15, 10, 29][7, 10][7, 20][25, 28] 
[9, 23, 24, 14, 11, 25][3, 1, 4, 7, 20][17, 28, 16, 27][0, 19, 8, 26][13, 18, 12, 22][5, 21, 15, 6][17, 22, 19][15, 10, 29][2, 16][25, 28][2, 29][7, 10] 
[9, 23, 24, 14, 11, 25][3, 1, 4, 7, 20][17, 28, 16, 27][0, 19, 8, 26][13, 18, 12, 22][5, 21, 15, 6][17, 22, 19][15, 10, 29][2, 16][25, 28][2, 29][7, 10] 
[9, 23, 24, 14, 11, 25][17, 28, 16, 27][13, 18, 12, 22][0, 19, 8, 26][2, 29, 10, 15][5, 21, 15, 6][3, 1, 4, 20][17, 22, 19][2, 16][7, 10][7, 20][25, 28] 
[9, 23, 24, 14, 11, 25][17, 28, 16, 27][0, 19, 8, 26][13, 18, 12, 22][2, 29, 10, 15][5, 21, 15, 6][3, 1, 4, 20][17, 22, 19][2, 16][25, 28][7, 10][7, 20] 
[9, 23, 24, 14, 11, 25][17, 28, 16, 27][2, 29, 10, 15][5, 21, 15, 6][13, 18, 12, 22][0, 19, 8, 26][3, 1, 4, 20][17, 22, 19][2, 16][25, 28][7, 10][7, 20] 
[9, 23, 24, 14, 11, 25][17, 28, 16, 27][13, 18, 12, 22][0, 19, 8, 26][2, 29, 10, 15][5, 21, 15, 6][3, 1, 4, 20][16, 2, 29][17, 22, 19][7, 10][7, 20][25, 28] 
[9, 23, 24, 14, 11, 25][17, 28, 16, 27][13, 18, 12, 22][0, 19, 8, 26][5, 21, 15, 6][3, 1, 4, 20][16, 2, 29][17, 22, 19][15, 10, 29][7, 10][7, 20][25, 28] 
[9, 23, 24, 14, 11, 25][3, 1, 4, 20][5, 21, 15, 6][17, 28, 16, 27][13, 18, 12, 22][0, 19, 8, 26][15, 10, 29][16, 2, 29][17, 22, 19][7, 20][7, 10][25, 28] 
[9, 23, 24, 14, 11, 25][17, 28, 16, 27][13, 18, 12, 22][0, 19, 8, 26][5, 21, 15, 6][3, 1, 4, 20][16, 2, 29][17, 22, 19][15, 10, 29][7, 10][7, 20][25, 28] 
[9, 23, 24, 14, 11, 25][3, 1, 4, 20][5, 21, 15, 6][17, 28, 16, 27][13, 18, 12, 22][0, 19, 8, 26][15, 10, 29][16, 2, 29][17, 22, 19][7, 20][7, 10][25, 28] 
[9, 23, 24, 14, 11, 25][17, 28, 16, 27][13, 18, 12, 22][0, 19, 8, 26][5, 21, 15, 6][3, 1, 4, 20][16, 2, 29][17, 22, 19][15, 10, 29][7, 10][7, 20][25, 28] 
[9, 23, 24, 14, 11, 25][5, 21, 15, 6][17, 28, 16, 27][13, 18, 12, 22][0, 19, 8, 26][3, 1, 4, 20][15, 10, 29][16, 2, 29][17, 22, 19][25, 28][7, 10][7, 20] 
[9, 23, 24, 14, 11, 25][3, 1, 4, 20][5, 21, 15, 6][17, 28, 16, 27][13, 18, 12, 22][0, 19, 8, 26][15, 10, 29][16, 2, 29][17, 22, 19][7, 20][7, 10][25, 28] 
[9, 23, 24, 14, 11, 25][3, 1, 4, 20][2, 29, 10, 15][5, 21, 15, 6][17, 28, 16, 27][0, 19, 8, 26][13, 18, 12, 22][17, 22, 19][7, 20][7, 10][2, 16][25, 28] 
[9, 23, 24, 14, 11, 25][17, 28, 16, 27][0, 19, 8, 26][13, 18, 12, 22][2, 29, 10, 15][5, 21, 15, 6][3, 1, 4, 20][17, 22, 19][25, 28][2, 16][7, 10][7, 20] 
[9, 23, 24, 14, 11, 25][17, 28, 16, 27][2, 29, 10, 15][5, 21, 15, 6][13, 18, 12, 22][0, 19, 8, 26][3, 1, 4, 20][17, 22, 19][2, 16][25, 28][7, 10][7, 20] 
[9, 23, 24, 14, 11, 25][3, 1, 4, 20][2, 29, 10, 15][5, 21, 15, 6][17, 28, 16, 27][0, 19, 8, 26][13, 18, 12, 22][17, 22, 19][7, 20][7, 10][2, 16][25, 28] 
[9, 23, 24, 14, 11, 25][17, 28, 16, 27][2, 29, 10, 15][5, 21, 15, 6][13, 18, 12, 22][0, 19, 8, 26][3, 1, 4, 20][17, 22, 19][2, 16][25, 28][7, 10][7, 20] 
[9, 23, 24, 14, 11, 25][17, 28, 16, 27][2, 29, 10, 15][5, 21, 15, 6][13, 18, 12, 22][0, 19, 8, 26][3, 1, 4, 20][17, 22, 19][2, 16][25, 28][7, 10][7, 20] 
[9, 23, 24, 14, 11, 25][17, 28, 16, 27][2, 29, 10, 15][5, 21, 15, 6][0, 19, 8, 26][13, 18, 12, 22][3, 1, 4, 20][17, 22, 19][2, 16][25, 28][7, 10][7, 20] 
[9, 23, 24, 14, 11, 25][3, 1, 4, 20][2, 29, 10, 15][5, 21, 15, 6][17, 28, 16, 27][13, 18, 12, 22][0, 19, 8, 26][17, 22, 19][7, 20][7, 10][2, 16][25, 28] 
[9, 23, 24, 14, 11, 25][17, 28, 16, 27][13, 18, 12, 22][0, 19, 8, 26][2, 29, 10, 15][5, 21, 15, 6][3, 1, 4, 20][17, 22, 19][25, 28][2, 16][7, 10][7, 20] 
[9, 23, 24, 14, 11, 25][17, 28, 16, 27][2, 29, 10, 15][5, 21, 15, 6][0, 19, 8, 26][13, 18, 12, 22][3, 1, 4, 20][17, 22, 19][2, 16][25, 28][7, 10][7, 20] 
[9, 23, 24, 14, 11, 25][3, 1, 4, 7, 20][17, 28, 16, 27][0, 19, 8, 26][13, 18, 12, 22][5, 21, 15, 6][17, 22, 19][15, 10, 29][2, 16][25, 28][2, 29][7, 10] 
[9, 23, 24, 14, 11, 25][17, 28, 16, 27][2, 29, 10, 15][5, 21, 15, 6][13, 18, 12, 22][0, 19, 8, 26][3, 1, 4, 20][17, 22, 19][2, 16][25, 28][7, 10][7, 20] 
[9, 23, 24, 14, 11, 25][3, 1, 4, 7, 20][13, 18, 12, 22][0, 19, 8, 26][17, 28, 16, 27][5, 21, 15, 6][17, 22, 19][15, 10, 29][25, 28][2, 16][2, 29][7, 10] 
[9, 23, 24, 14, 11, 25][17, 28, 16, 27][2, 29, 10, 15][5, 21, 15, 6][13, 18, 12, 22][0, 19, 8, 26][3, 1, 4, 20][17, 22, 19][2, 16][25, 28][7, 10][7, 20] 
[9, 23, 24, 14, 11, 25][17, 28, 16, 27][13, 18, 12, 22][0, 19, 8, 26][2, 29, 10, 15][5, 21, 15, 6][3, 1, 4, 20][17, 22, 19][2, 16][7, 10][7, 20][25, 28] 
[9, 23, 24, 14, 11, 25][5, 21, 15, 6, 10][17, 28, 16, 27][13, 18, 12, 22][0, 19, 8, 26][3, 1, 4, 20][17, 22, 19][2, 29, 10][25, 28][2, 16][7, 10][7, 20] 
[9, 23, 24, 14, 11, 25][5, 21, 15, 6, 10][17, 28, 16, 27][13, 18, 12, 22][0, 19, 8, 26][3, 1, 4, 20][17, 22, 19][2, 29, 10][25, 28][2, 16][7, 10][7, 20] 
[9, 23, 24, 14, 11, 25][5, 21, 15, 6, 10][3, 1, 4, 7, 20][0, 19, 8, 26][17, 28, 16, 27][13, 18, 12, 22][17, 22, 19][25, 28][2, 16][2, 29][10, 29][7, 10] 
[9, 23, 24, 14, 11, 25][5, 21, 15, 6, 10][17, 28, 16, 27][13, 18, 12, 22][0, 19, 8, 26][3, 1, 4, 20][17, 22, 19][2, 29, 10][25, 28][2, 16][7, 10][7, 20] 
[9, 23, 24, 14, 11, 25][5, 21, 15, 6, 10][17, 28, 16, 27][13, 18, 12, 22][0, 19, 8, 26][3, 1, 4, 20][17, 22, 19][2, 29, 10][25, 28][2, 16][7, 10][7, 20] 
[3, 9, 23, 24, 14, 11, 25][13, 18, 12, 22][17, 28, 16, 27][5, 21, 15, 6][3, 23, 20, 7][0, 19, 8, 26][17, 22, 19][16, 2, 29][15, 10, 29][1, 4, 20][8, 26][7, 10] 
[9, 23, 24, 14, 11, 25][3, 1, 4, 7, 20][17, 28, 16, 27][0, 19, 8, 26][13, 18, 12, 22][5, 21, 15, 6][17, 22, 19][15, 10, 29][2, 16][25, 28][2, 29][7, 10] 
[9, 23, 24, 14, 11, 25][5, 21, 15, 6][17, 28, 16, 27][13, 18, 12, 22][0, 19, 8, 26][3, 1, 4, 20][15, 10, 29][16, 2, 29][17, 22, 19][7, 10][25, 28][7, 20] 
[9, 23, 24, 14, 11, 25][3, 1, 4, 7, 20][13, 18, 12, 22][0, 19, 8, 26][17, 28, 16, 27][5, 21, 15, 6][17, 22, 19][15, 10, 29][25, 28][2, 16][2, 29][7, 10] 
[9, 23, 24, 14, 11, 25][17, 28, 16, 27][13, 18, 12, 22][0, 19, 8, 26][5, 21, 15, 6][3, 1, 4, 20][16, 2, 29][17, 22, 19][15, 10, 29][7, 10][7, 20][25, 28] 
[9, 23, 24, 14, 11, 25][5, 21, 15, 6][17, 28, 16, 27][13, 18, 12, 22][0, 19, 8, 26][3, 1, 4, 20][15, 10, 29][16, 2, 29][17, 22, 19][25, 28][7, 10][7, 20] 
[9, 23, 24, 14, 11, 25][17, 28, 16, 27][13, 18, 12, 22][0, 19, 8, 26][2, 29, 10, 15][5, 21, 15, 6][3, 1, 4, 20][17, 22, 19][2, 16][7, 10][7, 20][25, 28] 
[9, 23, 24, 14, 11, 25][0, 19, 8, 26][13, 18, 12, 22][17, 28, 16, 27][5, 21, 15, 6][3, 1, 4, 20][17, 22, 19][16, 2, 29][15, 10, 29][7, 10][25, 28][7, 20] 
