[23, 9, 1, 3, 4, 24][17, 22, 12, 8, 19][11, 14, 20, 7, 25][5, 6, 21, 10, 15][2, 29, 27, 16][0, 28, 16][13, 0, 26][0, 18][18, 19][25, 28][14, 24][6, 13] 
[23, 9, 1, 3, 4, 24][5, 6, 21, 10, 15][17, 22, 12, 8, 19][11, 14, 20, 7, 25][2, 29, 27, 16][18, 0, 26][0, 28, 16][6, 13][0, 13][18, 19][25, 28][14, 24] 
[23, 9, 1, 3, 4, 24][11, 14, 20, 7, 25][17, 22, 12, 8, 19][5, 6, 21, 10, 15][2, 29, 27, 16][0, 28, 16][13, 0, 26][14, 24][25, 28][0, 18][18, 19][6, 13] 
[23, 9, 1, 3, 4, 24][17, 22, 12, 8, 19][11, 14, 20, 7, 25][5, 6, 21, 10, 15][2, 29, 27, 16][0, 28, 16][13, 0, 26][0, 22][25, 28][14, 24][6, 13][0, 18] 
[23, 9, 1, 3, 4, 24][11, 14, 20, 7, 25][5, 6, 21, 10, 15][17, 19, 8, 12, 22][2, 29, 27, 16][0, 28, 16][13, 0, 26][14, 24][25, 28][6, 13][0, 18][18, 19] 
[23, 9, 1, 3, 4, 24][17, 19, 8, 12, 22][5, 6, 21, 10, 15][11, 14, 20, 7, 25][2, 29, 27, 16][0, 28, 16][13, 0, 26][18, 19][0, 18][6, 13][25, 28][14, 24] 
[23, 9, 1, 3, 4, 24][5, 6, 21, 10, 15][11, 14, 20, 7, 25][2, 29, 27, 16][12, 8, 19, 17][0, 28, 16][18, 0, 26][18, 19, 22][6, 13][0, 13][25, 28][14, 24] 
[23, 9, 1, 3, 4, 24][11, 14, 20, 7, 25][5, 6, 21, 10, 15][17, 19, 8, 12, 22][2, 29, 27, 16][18, 0, 26][0, 28, 16][25, 28][14, 24][0, 13][6, 13][18, 19] 
[23, 9, 1, 3, 4, 24][11, 14, 20, 7, 25][5, 6, 21, 10, 15][17, 19, 8, 12, 22][2, 29, 27, 16][0, 28, 16][18, 0, 26][25, 28][0, 13][6, 13][14, 24][18, 19] 
[23, 9, 1, 3, 4, 24][11, 14, 20, 7, 25][5, 6, 21, 10, 15][17, 19, 8, 12, 22][2, 29, 27, 16][18, 0, 26][0, 28, 16][25, 28][14, 24][0, 13][6, 13][18, 19] 
[23, 9, 1, 3, 4, 24][11, 14, 20, 7, 25][17, 22, 12, 8, 19][5, 6, 21, 10, 15][2, 29, 27, 16][0, 28, 16][13, 0, 26][14, 24][25, 28][0, 18][18, 19][6, 13] 
[23, 9, 1, 3, 4, 24][17, 22, 12, 8, 19][11, 14, 20, 7, 25][5, 6, 21, 10, 15][2, 29, 27, 16][0, 28, 16][13, 0, 26][0, 18][18, 19][25, 28][14, 24][6, 13] 
[23, 9, 1, 3, 4, 24][5, 6, 21, 10, 15][11, 14, 20, 7, 25][17, 22, 12, 8, 19][2, 29, 27, 16][13, 0, 26][0, 28, 16][0, 18][6, 13][25, 28][18, 19][14, 24] 
[23, 9, 1, 3, 4, 24][5, 6, 21, 10, 15][17, 19, 8, 12, 22][11, 14, 20, 7, 25][2, 29, 27, 16][0, 28, 16][13, 0, 26][6, 13][0, 18][18, 19][25, 28][14, 24] 
[23, 9, 1, 3, 4, 24][5, 6, 21, 10, 15][17, 19, 8, 12, 22][11, 14, 20, 7, 25][2, 29, 27, 16][0, 28, 16][13, 0, 26][6, 13][0, 18][18, 19][25, 28][14, 24] 
[23, 9, 1, 3, 4, 24][11, 14, 20, 7, 25][5, 6, 21, 10, 15][17, 19, 8, 12, 22][2, 29, 27, 16][18, 0, 26][0, 28, 16][25, 28][14, 24][0, 13][6, 13][18, 19] 
[23, 9, 1, 3, 4, 24][5, 6, 21, 10, 15][11, 14, 20, 7, 25][17, 22, 12, 8, 19][2, 29, 27, 16][0, 28, 16][18, 0, 26][0, 13][6, 13][25, 28][18, 19][14, 24] 
[23, 9, 1, 3, 4, 24][5, 6, 21, 10, 15][11, 14, 20, 7, 25][17, 22, 12, 8, 19][2, 29, 27, 16][13, 0, 26][0, 28, 16][0, 18][6, 13][25, 28][18, 19][14, 24] 
[23, 9, 1, 3, 4, 24][11, 14, 20, 7, 25][5, 6, 21, 10, 15][17, 19, 8, 12, 22][2, 29, 27, 16][0, 28, 16][13, 0, 26][14, 24][25, 28][6, 13][0, 18][18, 19] 
[23, 9, 1, 3, 4, 24][11, 14, 20, 7, 25][17, 22, 12, 8, 19][5, 6, 21, 10, 15][2, 29, 27, 16][0, 28, 16][18, 0, 26][14, 24][25, 28][18, 19][0, 13][6, 13] 
[23, 9, 1, 3, 4, 24][5, 6, 21, 10, 15][17, 22, 12, 8, 19][11, 14, 20, 7, 25][2, 29, 27, 16][18, 0, 26][0, 28, 16][6, 13][0, 13][18, 19][25, 28][14, 24] 
[23, 9, 1, 3, 4, 24][11, 14, 20, 7, 25][17, 22, 12, 8, 19][5, 6, 21, 10, 15][2, 29, 27, 16][0, 28, 16][13, 0, 26][0, 18][25, 28][14, 24][18, 19][6, 13] 
[23, 9, 1, 3, 4, 24][11, 14, 20, 7, 25][17, 22, 12, 8, 19][5, 6, 21, 10, 15][2, 29, 27, 16][0, 28, 16][13, 0, 26][14, 24][25, 28][0, 18][18, 19][6, 13] 
[23, 9, 1, 3, 4, 24][17, 19, 8, 12, 22][11, 14, 20, 7, 25][5, 6, 21, 10, 15][2, 29, 27, 16][0, 28, 16][13, 0, 26][18, 19][0, 18][25, 28][14, 24][6, 13] 
[23, 9, 1, 3, 4, 24][17, 19, 8, 12, 22][5, 6, 21, 10, 15][11, 14, 20, 7, 25][2, 29, 27, 16][0, 28, 16][13, 0, 26][18, 19][0, 18][6, 13][25, 28][14, 24] 
[23, 9, 1, 3, 4, 24][5, 6, 21, 10, 15][11, 14, 20, 7, 25][17, 19, 8, 12, 22][2, 29, 27, 16][0, 28, 16][18, 0, 26][6, 13][0, 13][25, 28][14, 24][18, 19] 
[23, 9, 1, 3, 4, 24][11, 14, 20, 7, 25][17, 22, 12, 8, 19][5, 6, 21, 10, 15][2, 29, 27, 16][0, 28, 16][13, 0, 26][0, 18][25, 28][14, 24][18, 19][6, 13] 
[23, 9, 1, 3, 4, 24][11, 14, 20, 7, 25][17, 22, 12, 8, 19][5, 6, 21, 10, 15][2, 29, 27, 16][0, 28, 16][13, 0, 26][0, 18][25, 28][14, 24][18, 19][6, 13] 
[23, 9, 1, 3, 4, 24][11, 14, 20, 7, 25][5, 6, 21, 10, 15][17, 19, 8, 12, 22][2, 29, 27, 16][0, 28, 16][13, 0, 26][14, 24][25, 28][0, 18][6, 13][18, 19] 
[23, 9, 1, 3, 4, 24][11, 14, 20, 7, 25][5, 6, 21, 10, 15][17, 22, 12, 8, 19][2, 29, 27, 16][0, 28, 16][13, 0, 26][25, 28][14, 24][0, 18][6, 13][18, 19] 
[23, 9, 1, 3, 4, 24][5, 6, 21, 10, 15][11, 14, 20, 7, 25][17, 22, 12, 8, 19][2, 29, 27, 16][0, 28, 16][13, 0, 26][6, 13][0, 18][25, 28][14, 24][18, 19] 
[23, 9, 1, 3, 4, 24][11, 14, 20, 7, 25][5, 6, 21, 10, 15][17, 22, 12, 8, 19][2, 29, 27, 16][0, 28, 16][13, 0, 26][14, 24][25, 28][6, 13][0, 18][18, 19] 
[23, 9, 1, 3, 4, 24][17, 19, 8, 12, 22][11, 14, 20, 7, 25][5, 6, 21, 10, 15][2, 29, 27, 16][0, 28, 16][13, 0, 26][18, 19][0, 18][25, 28][14, 24][6, 13] 
[23, 9, 1, 3, 4, 24][5, 6, 21, 10, 15][11, 14, 20, 7, 25][17, 22, 12, 8, 19][2, 29, 27, 16][13, 0, 26][0, 28, 16][6, 13][25, 28][14, 24][0, 18][18, 19] 
[23, 9, 1, 3, 4, 24][11, 14, 20, 7, 25][17, 22, 12, 8, 19][5, 6, 21, 10, 15][2, 29, 27, 16][0, 28, 16][18, 0, 26][14, 24][25, 28][18, 19][0, 13][6, 13] 
[25, 28, 0, 26, 8, 19, 18, 13, 6, 15, 5, 21, 2, 29][14, 1, 4, 24, 3, 9, 23, 20, 7, 16, 10, 27, 15][8, 12, 22, 17][11, 14][9, 23][9, 23][9, 23][9, 23][9, 23][9, 23][9, 23][9, 23] 
[25, 28, 0, 26, 8, 19, 18, 13, 6, 15, 5, 21, 2, 29][14, 1, 4, 24, 3, 9, 23, 20, 7, 16, 10, 27, 15][8, 12, 22, 17][9, 23][11, 14][9, 23][9, 23][9, 23][9, 23][9, 23][0, 28][9, 23] 
[25, 28, 0, 26, 8, 19, 18, 13, 6, 15, 5, 21, 2, 29][14, 1, 4, 24, 3, 9, 23, 20, 7, 16, 10, 27, 15][8, 12, 22, 17][11, 14][9, 23][9, 23][9, 23][9, 23][9, 23][9, 23][9, 23][9, 23] 
[25, 28, 0, 26, 8, 19, 18, 13, 6, 15, 5, 21, 2, 29][11, 14, 1, 4, 24, 3, 9, 23, 20, 7, 16, 10, 27][8, 12, 22, 17][9, 23][1, 14][9, 23][27, 29][9, 23][9, 23][9, 23][9, 23][9, 23] 
[25, 28, 0, 26, 8, 19, 18, 13, 6, 15, 5, 21, 2, 29][11, 14, 1, 4, 24, 3, 9, 23, 20, 7, 16, 10, 27][8, 12, 22, 17][9, 23][1, 14][9, 23][27, 29][9, 23][9, 23][9, 23][9, 23][9, 23] 
[28, 0, 26, 8, 19, 18, 13, 6, 15, 5, 21, 2, 29][11, 14, 1, 4, 24, 3, 9, 23, 20, 7, 16, 10, 27][8, 12, 22, 17][27, 29][9, 23][25, 28][9, 23][1, 14][9, 23][9, 23][9, 23][1, 14] 
[25, 28, 0, 26, 8, 19, 18, 13, 6, 15, 5, 21, 2, 29][14, 1, 4, 24, 3, 9, 23, 20, 7, 16, 10, 27, 15][8, 12, 22, 17][11, 14][9, 23][9, 23][9, 23][9, 23][9, 23][9, 23][9, 23][9, 23] 
[25, 28, 0, 26, 8, 19, 18, 13, 6, 15, 5, 21, 2, 29][14, 1, 4, 24, 3, 9, 23, 20, 7, 16, 10, 27, 15][8, 12, 22, 17][11, 14][9, 23][9, 23][9, 23][9, 23][9, 23][9, 23][9, 23][9, 23] 
[25, 28, 0, 26, 8, 19, 18, 13, 6, 15, 5, 21, 2, 29][11, 14, 1, 4, 24, 3, 9, 23, 20, 7, 16, 10, 27][8, 12, 22, 17][9, 23][1, 14][9, 23][27, 29][9, 23][9, 23][9, 23][9, 23][9, 23] 
[25, 28, 0, 26, 8, 19, 18, 13, 6, 15, 5, 21, 2, 29][14, 1, 4, 24, 3, 9, 23, 20, 7, 16, 10, 27, 15][8, 12, 22, 17][11, 14][9, 23][9, 23][9, 23][9, 23][9, 23][9, 23][9, 23][9, 23] 
[25, 28, 0, 26, 8, 19, 18, 13, 6, 15, 5, 21, 2, 29][14, 1, 4, 24, 3, 9, 23, 20, 7, 16, 10, 27, 15][8, 12, 22, 17][11, 14][9, 23][9, 23][9, 23][9, 23][9, 23][9, 23][9, 23][9, 23] 
[25, 28, 0, 26, 8, 19, 18, 13, 6, 15, 5, 21, 2, 29][14, 1, 4, 24, 3, 9, 23, 20, 7, 16, 10, 27, 15][8, 12, 22, 17][11, 14][9, 23][9, 23][9, 23][9, 23][9, 23][9, 23][9, 23][9, 23] 
[25, 28, 0, 26, 8, 19, 18, 13, 6, 15, 5, 21, 2, 29][11, 14, 1, 4, 24, 3, 9, 23, 20, 7, 16, 10, 27][8, 12, 22, 17][9, 23][1, 14][9, 23][27, 29][9, 23][9, 23][9, 23][9, 23][9, 23] 
[25, 28, 0, 26, 8, 19, 18, 13, 6, 15, 5, 21, 2, 29][14, 1, 4, 24, 3, 9, 23, 20, 7, 16, 10, 27, 15][8, 12, 22, 17][11, 14][9, 23][9, 23][9, 23][9, 23][9, 23][9, 23][9, 23][9, 23] 
[25, 28, 0, 26, 8, 19, 18, 13, 6, 15, 5, 21, 2, 29][14, 1, 4, 24, 3, 9, 23, 20, 7, 16, 10, 27, 15][8, 12, 22, 17][9, 23][11, 14][9, 23][9, 23][9, 23][9, 23][9, 23][0, 28][9, 23] 
[10, 29, 2, 21, 5, 15, 6, 13, 18, 19, 8, 26, 0, 28, 25][11, 14, 1, 4, 24, 3, 9, 23, 20, 7, 16, 10, 27][4, 1, 14, 11][8, 12, 22, 17][9, 23][9, 23][5, 21][8, 12][0, 28][5, 21][5, 21][9, 23] 
[10, 29, 2, 21, 5, 15, 6, 13, 18, 19, 8, 26, 0, 28, 25][11, 14, 1, 4, 24, 3, 9, 23, 20, 7, 16, 10, 27][4, 1, 14, 11][8, 12, 22, 17][9, 23][9, 23][5, 21][8, 12][0, 28][5, 21][5, 21][9, 23] 
[25, 28, 0, 26, 8, 19, 18, 13, 6, 15, 5, 21, 2, 29][11, 14, 1, 4, 24, 3, 9, 23, 20, 7, 16, 10, 27][8, 12, 22, 17][9, 23][1, 14][9, 23][27, 29][9, 23][9, 23][9, 23][9, 23][9, 23] 
[10, 29, 2, 21, 5, 15, 6, 13, 18, 19, 8, 26, 0, 28, 25][11, 14, 1, 4, 24, 3, 9, 23, 20, 7, 16, 10, 27][8, 12, 22, 17][9, 23][1, 14][9, 23][9, 23][5, 21][6, 13][5, 21][9, 23][5, 21] 
[10, 29, 2, 21, 5, 15, 6, 13, 18, 19, 8, 26, 0, 28, 25][11, 14, 1, 4, 24, 3, 9, 23, 20, 7, 16, 10, 27][8, 12, 22, 17][9, 23][1, 14][9, 23][9, 23][5, 21][6, 13][5, 21][9, 23][5, 21] 
[10, 29, 2, 21, 5, 15, 6, 13, 18, 19, 8, 26, 0, 28, 25][11, 14, 1, 4, 24, 3, 9, 23, 20, 7, 16, 10, 27][8, 12, 22, 17][9, 23][1, 14][9, 23][9, 23][5, 21][6, 13][5, 21][9, 23][5, 21] 
[23, 9, 1, 3, 4, 24][5, 6, 21, 10, 15][11, 14, 20, 7, 25][2, 29, 27, 16][12, 8, 19, 17][0, 28, 16][18, 0, 26][18, 19, 22][6, 13][0, 13][25, 28][14, 24] 
[23, 9, 1, 3, 4, 24][5, 6, 21, 10, 15][11, 14, 20, 7, 25][12, 8, 19, 17, 22][2, 29, 27, 16][0, 28, 16][13, 0, 26][6, 13][25, 28][14, 24][0, 18][18, 19] 
[23, 9, 1, 3, 4, 24][11, 14, 20, 7, 25][5, 6, 21, 10, 15][17, 19, 8, 12, 22][2, 29, 27, 16][0, 28, 16][18, 0, 26][14, 24][25, 28][0, 13][6, 13][18, 19] 
[23, 9, 1, 3, 4, 24][5, 6, 21, 10, 15][11, 14, 20, 7, 25][12, 8, 19, 17, 22][2, 29, 27, 16][0, 28, 16][13, 0, 26][6, 13][25, 28][14, 24][0, 18][18, 19] 
[23, 9, 1, 3, 4, 24][5, 6, 21, 10, 15][11, 14, 20, 7, 25][2, 29, 27, 16][12, 8, 19, 17][0, 28, 16][18, 0, 26][18, 19, 22][6, 13][0, 13][25, 28][14, 24] 
[23, 9, 1, 3, 4, 24][5, 6, 21, 10, 15][11, 14, 20, 7, 25][12, 8, 19, 17, 22][2, 29, 27, 16][0, 28, 16][13, 0, 26][6, 13][25, 28][14, 24][0, 18][18, 19] 
[23, 9, 1, 3, 4, 24][11, 14, 20, 7, 25][5, 6, 21, 10, 15][12, 8, 19, 17, 22][2, 29, 27, 16][13, 0, 26][0, 28, 16][25, 28][0, 18][14, 24][6, 13][18, 19] 
[23, 9, 1, 3, 4, 24][5, 6, 21, 10, 15][11, 14, 20, 7, 25][2, 29, 27, 16][12, 8, 19, 17][0, 28, 16][18, 0, 26][18, 19, 22][6, 13][0, 13][25, 28][14, 24] 
[23, 9, 1, 3, 4, 24][11, 14, 20, 7, 25][5, 6, 21, 10, 15][12, 8, 19, 17, 22][2, 29, 27, 16][0, 28, 16][13, 0, 26][25, 28][6, 13][14, 24][0, 18][18, 19] 
[23, 9, 1, 3, 4, 24][11, 14, 20, 7, 25][5, 6, 21, 10, 15][12, 8, 19, 17][2, 29, 27, 16][18, 19, 22][18, 0, 26][0, 28, 16][25, 28][0, 13][14, 24][6, 13] 
[23, 9, 1, 3, 4, 24][5, 6, 21, 10, 15][11, 14, 20, 7, 25][12, 8, 19, 17, 22][2, 29, 27, 16][0, 28, 16][13, 0, 26][6, 13][25, 28][14, 24][0, 18][18, 19] 
[23, 9, 1, 3, 4, 24][5, 6, 21, 10, 15][11, 14, 20, 7, 25][12, 8, 19, 17, 22][2, 29, 27, 16][0, 28, 16][13, 0, 26][6, 13][25, 28][14, 24][0, 18][18, 19] 
[23, 9, 1, 3, 4, 24][5, 6, 21, 10, 15][11, 14, 20, 7, 25][12, 8, 19, 17, 22][2, 29, 27, 16][0, 28, 16][13, 0, 26][6, 13][25, 28][14, 24][0, 18][18, 19] 
[23, 9, 1, 3, 4, 24][11, 14, 20, 7, 25][5, 6, 21, 10, 15][12, 8, 19, 17, 22][2, 29, 27, 16][0, 28, 16][13, 0, 26][25, 28][6, 13][14, 24][0, 18][18, 19] 
[23, 9, 1, 3, 4, 24][5, 6, 21, 10, 15][11, 14, 20, 7, 25][12, 8, 19, 17, 22][2, 29, 27, 16][0, 28, 16][13, 0, 26][6, 13][25, 28][14, 24][0, 18][18, 19] 
[23, 9, 1, 3, 4, 24][11, 14, 20, 7, 25][17, 22, 12, 8, 19][5, 6, 21, 10, 15][2, 29, 27, 16][0, 28, 16][13, 0, 26][14, 24][25, 28][0, 18][18, 19][6, 13] 
[23, 9, 1, 3, 4, 24][11, 14, 20, 7, 25][17, 22, 12, 8, 19][5, 6, 21, 10, 15][2, 29, 27, 16][0, 28, 16][13, 0, 26][14, 24][25, 28][0, 18][18, 19][6, 13] 
[23, 9, 1, 3, 4, 24][11, 14, 20, 7, 25][17, 22, 12, 8, 19][5, 6, 21, 10, 15][2, 29, 27, 16][0, 28, 16][13, 0, 26][14, 24][25, 28][0, 18][18, 19][6, 13] 
[23, 9, 1, 3, 4, 24][11, 14, 20, 7, 25][17, 22, 12, 8, 19][5, 6, 21, 10, 15][2, 29, 27, 16][0, 28, 16][13, 0, 26][14, 24][25, 28][0, 18][18, 19][6, 13] 
[23, 9, 1, 3, 4, 24][17, 22, 12, 8, 19][11, 14, 20, 7, 25][5, 6, 21, 10, 15][2, 29, 27, 16][0, 28, 16][13, 0, 26][18, 19][0, 18][25, 28][6, 13][14, 24] 
[17, 22, 12, 8, 19, 18][23, 9, 1, 3, 4, 24][11, 14, 20, 7, 25][5, 6, 21, 10, 15][2, 29, 27, 16][0, 28, 16][13, 0, 26][25, 28][14, 24][1, 3][6, 13][0, 18] 
[23, 9, 1, 3, 4, 24][11, 14, 20, 7, 25][5, 6, 21, 10, 15][12, 8, 19, 17, 22][2, 29, 27, 16][13, 0, 26][0, 28, 16][25, 28][0, 18][14, 24][6, 13][18, 19] 
[23, 9, 1, 3, 4, 24][11, 14, 20, 7, 25][5, 6, 21, 10, 15][12, 8, 19, 17, 22][2, 29, 27, 16][0, 28, 16][13, 0, 26][25, 28][6, 13][14, 24][0, 18][18, 19] 
[23, 9, 1, 3, 4, 24][5, 6, 21, 10, 15][11, 14, 20, 7, 25][2, 29, 27, 16][12, 8, 19, 17][0, 28, 16][18, 0, 26][18, 19, 22][6, 13][0, 13][25, 28][14, 24] 
[23, 9, 1, 3, 4, 24][5, 6, 21, 10, 15][11, 14, 20, 7, 25][2, 29, 27, 16][12, 8, 19, 17][0, 28, 16][18, 0, 26][18, 19, 22][6, 13][0, 13][25, 28][14, 24] 
[23, 9, 1, 3, 4, 24][5, 6, 21, 10, 15][11, 14, 20, 7, 25][12, 8, 19, 17, 22][2, 29, 27, 16][0, 28, 16][13, 0, 26][6, 13][25, 28][14, 24][0, 18][18, 19] 
[23, 9, 1, 3, 4, 24][17, 22, 12, 8, 19][11, 14, 20, 7, 25][5, 6, 21, 10, 15][2, 29, 27, 16][0, 28, 16][18, 0, 26][25, 28][0, 13][14, 24][6, 13][0, 22] 
[23, 9, 1, 3, 4, 24][11, 14, 20, 7, 25][5, 6, 21, 10, 15][12, 8, 19, 17, 22][2, 29, 27, 16][0, 28, 16][13, 0, 26][25, 28][6, 13][14, 24][0, 18][18, 19] 
[23, 9, 1, 3, 4, 24][11, 14, 20, 7, 25][17, 22, 12, 8, 19][5, 6, 21, 10, 15][2, 29, 27, 16][0, 28, 16][13, 0, 26][14, 24][25, 28][0, 18][18, 19][6, 13] 
[23, 9, 1, 3, 4, 24][11, 14, 20, 7, 25][17, 22, 12, 8, 19][5, 6, 21, 10, 15][2, 29, 27, 16][0, 28, 16][13, 0, 26][14, 24][25, 28][0, 18][18, 19][6, 13] 
[23, 9, 1, 3, 4, 24][5, 6, 21, 10, 15][11, 14, 20, 7, 25][17, 22, 12, 8, 19][2, 29, 27, 16][13, 0, 26][0, 28, 16][6, 13][25, 28][14, 24][0, 18][18, 19] 
[23, 9, 1, 3, 4, 24][11, 14, 20, 7, 25][17, 22, 12, 8, 19][5, 6, 21, 10, 15][2, 29, 27, 16][0, 28, 16][13, 0, 26][14, 24][25, 28][0, 18][18, 19][6, 13] 
[23, 9, 1, 3, 4, 24][5, 6, 21, 10, 15][11, 14, 20, 7, 25][17, 22, 12, 8, 19][2, 29, 27, 16][13, 0, 26][0, 28, 16][6, 13][25, 28][14, 24][0, 18][18, 19] 
[23, 9, 1, 3, 4, 24][11, 14, 20, 7, 25][5, 6, 21, 10, 15][17, 22, 12, 8, 19][2, 29, 27, 16][0, 28, 16][13, 0, 26][14, 24][25, 28][6, 13][0, 18][18, 19] 
[23, 9, 1, 3, 4, 24][11, 14, 20, 7, 25][17, 22, 12, 8, 19][5, 6, 21, 10, 15][2, 29, 27, 16][0, 28, 16][13, 0, 26][14, 24][25, 28][0, 18][18, 19][6, 13] 
[23, 9, 1, 3, 4, 24][5, 6, 21, 10, 15][11, 14, 20, 7, 25][17, 22, 12, 8, 19][2, 29, 27, 16][13, 0, 26][0, 28, 16][0, 18][6, 13][25, 28][18, 19][14, 24] 
[23, 9, 1, 3, 4, 24][5, 6, 21, 10, 15][11, 14, 20, 7, 25][17, 22, 12, 8, 19][2, 29, 27, 16][13, 0, 26][0, 28, 16][6, 13][25, 28][14, 24][0, 18][18, 19] 
[23, 9, 1, 3, 4, 24][11, 14, 20, 7, 25][5, 6, 21, 10, 15][17, 22, 12, 8, 19][2, 29, 27, 16][0, 28, 16][13, 0, 26][25, 28][14, 24][0, 18][6, 13][18, 19] 
[23, 9, 1, 3, 4, 24][5, 6, 21, 10, 15][11, 14, 20, 7, 25][17, 22, 12, 8, 19][2, 29, 27, 16][0, 28, 16][13, 0, 26][6, 13][0, 18][25, 28][14, 24][18, 19] 
[23, 9, 1, 3, 4, 24][11, 14, 20, 7, 25][17, 22, 12, 8, 19][5, 6, 21, 10, 15][2, 29, 27, 16][0, 28, 16][13, 0, 26][0, 18][25, 28][14, 24][18, 19][6, 13] 
[23, 9, 1, 3, 4, 24][11, 14, 20, 7, 25][5, 6, 21, 10, 15][17, 22, 12, 8, 19][2, 29, 27, 16][0, 28, 16][13, 0, 26][14, 24][25, 28][6, 13][0, 18][18, 19] 
[23, 9, 1, 3, 4, 24][11, 14, 20, 7, 25][5, 6, 21, 10, 15][17, 22, 12, 8, 19][2, 29, 27, 16][0, 28, 16][13, 0, 26][14, 24][25, 28][6, 13][0, 18][18, 19] 
[23, 9, 1, 3, 4, 24][5, 6, 21, 10, 15][11, 14, 20, 7, 25][17, 22, 12, 8, 19][2, 29, 27, 16][13, 0, 26][0, 28, 16][0, 18][6, 13][25, 28][18, 19][14, 24] 
[13, 6, 5, 15, 10, 21][23, 9, 1, 3, 4, 24][17, 22, 12, 8, 19, 18][11, 14, 20, 7, 25][2, 29, 27, 16][0, 28, 16][25, 28][0, 26][0, 13][14, 24][0, 22][8, 19] 
[13, 6, 5, 15, 10, 21][23, 9, 1, 3, 4, 24][17, 22, 12, 8, 19, 18][11, 14, 20, 7, 25][2, 29, 27, 16][0, 28, 16][25, 28][0, 26][0, 13][14, 24][0, 22][8, 19] 
[13, 6, 5, 15, 10, 21][23, 9, 1, 3, 4, 24][17, 22, 12, 8, 19, 18][11, 14, 20, 7, 25][2, 29, 27, 16][0, 28, 16][25, 28][0, 26][0, 13][14, 24][0, 22][8, 19] 
[13, 6, 5, 15, 10, 21][23, 9, 1, 3, 4, 24][17, 22, 12, 8, 19, 18][11, 14, 20, 7, 25][2, 29, 27, 16][0, 28, 16][25, 28][0, 26][0, 13][14, 24][0, 22][8, 19] 
[13, 6, 5, 15, 10, 21][23, 9, 1, 3, 4, 24][17, 22, 12, 8, 19, 18][11, 14, 20, 7, 25][2, 29, 27, 16][0, 28, 16][25, 28][0, 26][0, 13][14, 24][0, 22][8, 19] 
[13, 6, 5, 15, 10, 21][23, 9, 1, 3, 4, 24][17, 22, 12, 8, 19, 18][11, 14, 20, 7, 25][2, 29, 27, 16][0, 28, 16][25, 28][0, 26][0, 13][14, 24][0, 22][8, 19] 
[23, 9, 1, 3, 4, 24][5, 6, 21, 10, 15][11, 14, 20, 7, 25][2, 29, 27, 16][12, 8, 19, 17][0, 28, 16][18, 0, 26][18, 19, 22][6, 13][0, 13][25, 28][14, 24] 
[23, 9, 1, 3, 4, 24][5, 6, 21, 10, 15][11, 14, 20, 7, 25][12, 8, 19, 17, 22][2, 29, 27, 16][13, 0, 26][0, 28, 16][6, 13][0, 18][25, 28][18, 19][14, 24] 
[23, 9, 1, 3, 4, 24][5, 6, 21, 10, 15][11, 14, 20, 7, 25][12, 8, 19, 17, 22][2, 29, 27, 16][13, 0, 26][0, 28, 16][6, 13][0, 18][25, 28][18, 19][14, 24] 
[23, 9, 1, 3, 4, 24][5, 6, 21, 10, 15][11, 14, 20, 7, 25][12, 8, 19, 17, 22][2, 29, 27, 16][0, 28, 16][13, 0, 26][6, 13][25, 28][14, 24][0, 18][18, 19] 
[23, 9, 1, 3, 4, 24][5, 6, 21, 10, 15][11, 14, 20, 7, 25][12, 8, 19, 17, 22][2, 29, 27, 16][0, 28, 16][13, 0, 26][6, 13][25, 28][14, 24][0, 18][18, 19] 
[23, 9, 1, 3, 4, 24][11, 14, 20, 7, 25][17, 22, 12, 8, 19][5, 6, 21, 10, 15][2, 29, 27, 16][0, 28, 16][13, 0, 26][14, 24][25, 28][0, 18][18, 19][6, 13] 
[23, 9, 1, 3, 4, 24][5, 6, 21, 10, 15][11, 14, 20, 7, 25][12, 8, 19, 17, 22][2, 29, 27, 16][0, 28, 16][13, 0, 26][6, 13][25, 28][14, 24][0, 18][18, 19] 
