[11, 25, 22, 12, 8, 26][6, 13, 18, 19, 17][2, 16, 15, 5, 21][14, 9, 1, 3, 23][4, 24, 20, 7][27, 7, 28][10, 29, 27][0, 17][0, 28][25, 28][2, 29][14, 20] 
[11, 25, 22, 12, 8, 26][6, 13, 18, 19, 17][2, 16, 15, 5, 21][14, 9, 1, 3, 23][4, 24, 20, 7][27, 7, 28][10, 29, 27][19, 22][25, 28][2, 29][0, 28][14, 20] 
[11, 25, 22, 12, 8, 26][14, 9, 1, 3, 23][2, 16, 15, 5, 21][0, 19, 18, 13, 6][4, 24, 20, 7][27, 7, 28][10, 29, 27][14, 20][25, 28][2, 29][19, 22][17, 19] 
[11, 25, 22, 12, 8, 26][6, 13, 18, 19, 17][14, 9, 1, 3, 23][2, 16, 15, 5, 21][4, 24, 20, 7][27, 7, 28][10, 29, 27][19, 22][0, 17][25, 28][14, 20][2, 29] 
[11, 25, 22, 12, 8, 26][2, 16, 15, 5, 21][14, 9, 1, 3, 23][6, 13, 18, 19, 17][4, 24, 20, 7][10, 29, 27][27, 7, 28][2, 29][0, 28][14, 20][0, 17][25, 28] 
[11, 25, 22, 12, 8, 26][2, 16, 15, 5, 21][14, 9, 1, 3, 23][6, 13, 18, 19, 17][4, 24, 20, 7][10, 29, 27][27, 7, 28][2, 29][0, 28][14, 20][0, 17][25, 28] 
[11, 25, 22, 12, 8, 26][14, 9, 1, 3, 23][2, 16, 15, 5, 21][6, 13, 18, 19, 17][4, 24, 20, 7][27, 7, 28][10, 29, 27][14, 20][2, 29][0, 28][25, 28][0, 17] 
[11, 25, 22, 12, 8, 26][14, 9, 1, 3, 23][2, 16, 15, 5, 21][6, 13, 18, 19, 17][4, 24, 20, 7][27, 7, 28][10, 29, 27][14, 20][2, 29][0, 28][25, 28][0, 17] 
[11, 25, 22, 12, 8, 26][6, 13, 18, 19, 17][2, 16, 15, 5, 21][14, 9, 1, 3, 23][4, 24, 20, 7][27, 7, 28][10, 29, 27][0, 28][0, 17][2, 29][25, 28][14, 20] 
[11, 25, 22, 12, 8, 26][6, 13, 18, 19, 17][2, 16, 15, 5, 21][14, 9, 1, 3, 23][4, 24, 20, 7][27, 7, 28][10, 29, 27][0, 17][0, 28][25, 28][2, 29][14, 20] 
[11, 25, 22, 12, 8, 26][6, 13, 18, 19, 17][2, 16, 15, 5, 21][14, 9, 1, 3, 23][4, 24, 20, 7][27, 7, 28][10, 29, 27][0, 17][0, 28][25, 28][2, 29][14, 20] 
[11, 25, 22, 12, 8, 26][14, 9, 1, 3, 23][2, 16, 15, 5, 21][6, 13, 18, 19, 17][4, 24, 20, 7][27, 7, 28][10, 29, 27][14, 20][25, 28][2, 29][0, 28][19, 22] 
[11, 25, 22, 12, 8, 26][6, 13, 18, 19, 17][14, 9, 1, 3, 23][2, 16, 15, 5, 21][4, 24, 20, 7][27, 7, 28][10, 29, 27][19, 22][0, 17][25, 28][14, 20][2, 29] 
[11, 25, 22, 12, 8, 26][2, 16, 15, 5, 21][14, 9, 1, 3, 23][6, 13, 18, 19, 17][4, 24, 20, 7][10, 29, 27][27, 7, 28][2, 29][0, 28][14, 20][0, 17][25, 28] 
[11, 25, 22, 12, 8, 26][14, 9, 1, 3, 23][6, 13, 18, 19, 17][2, 16, 15, 5, 21][4, 24, 20, 7][27, 7, 28][10, 29, 27][14, 20][0, 28][0, 17][25, 28][2, 29] 
[11, 25, 22, 12, 8, 26][2, 16, 15, 5, 21][14, 9, 1, 3, 23][6, 13, 18, 19, 17][4, 24, 20, 7][10, 29, 27][27, 7, 28][2, 29][0, 28][14, 20][0, 17][25, 28] 
[11, 25, 22, 12, 8, 26][14, 9, 1, 3, 23][6, 13, 18, 19, 17][2, 16, 15, 5, 21][4, 24, 20, 7][27, 7, 28][10, 29, 27][14, 20][0, 28][0, 17][25, 28][2, 29] 
[11, 25, 22, 12, 8, 26][14, 9, 1, 3, 23][2, 16, 15, 5, 21][6, 13, 18, 19, 17][4, 24, 20, 7][27, 7, 28][10, 29, 27][14, 20][25, 28][2, 29][0, 28][19, 22] 
[11, 25, 22, 12, 8, 26][6, 13, 18, 19, 17][2, 16, 15, 5, 21][14, 9, 1, 3, 23][4, 24, 20, 7][27, 7, 28][10, 29, 27][0, 17][0, 28][25, 28][2, 29][14, 20] 
[11, 25, 22, 12, 8, 26][6, 13, 18, 19, 17][2, 16, 15, 5, 21][14, 9, 1, 3, 23][4, 24, 20, 7][27, 7, 28][10, 29, 27][0, 17][0, 28][25, 28][2, 29][14, 20] 
[11, 25, 22, 12, 8, 26][2, 16, 15, 5, 21][14, 9, 1, 3, 23][6, 13, 18, 19, 17][4, 24, 20, 7][10, 29, 27][27, 7, 28][2, 29][0, 28][14, 20][0, 17][25, 28] 
[11, 25, 22, 12, 8, 26][14, 9, 1, 3, 23][2, 16, 15, 5, 21][6, 13, 18, 19, 17][4, 24, 20, 7][27, 7, 28][10, 29, 27][14, 20][25, 28][2, 29][0, 28][19, 22] 
[11, 25, 22, 12, 8, 26][14, 9, 1, 3, 23][2, 16, 15, 5, 21][0, 19, 18, 13, 6][4, 24, 20, 7][27, 7, 28][10, 29, 27][14, 20][25, 28][2, 29][19, 22][17, 19] 
[11, 25, 22, 12, 8, 26][6, 13, 18, 19, 17][2, 16, 15, 5, 21][14, 9, 1, 3, 23][4, 24, 20, 7][27, 7, 28][10, 29, 27][0, 17][0, 28][25, 28][2, 29][14, 20] 
[11, 25, 22, 12, 8, 26][14, 9, 1, 3, 23][2, 16, 15, 5, 21][6, 13, 18, 19, 17][4, 24, 20, 7][27, 7, 28][10, 29, 27][14, 20][0, 28][2, 29][25, 28][0, 17] 
[11, 25, 22, 12, 8, 26][6, 13, 18, 19, 17][2, 16, 15, 5, 21][14, 9, 1, 3, 23][4, 24, 20, 7][27, 7, 28][10, 29, 27][0, 28][0, 17][2, 29][25, 28][14, 20] 
[11, 25, 22, 12, 8, 26][14, 9, 1, 3, 23][2, 16, 15, 5, 21][6, 13, 18, 19, 17][4, 24, 20, 7][27, 7, 28][10, 29, 27][14, 20][0, 28][2, 29][25, 28][0, 17] 
[11, 25, 22, 12, 8, 26][14, 9, 1, 3, 23][2, 16, 15, 5, 21][6, 13, 18, 19, 17][4, 24, 20, 7][27, 7, 28][10, 29, 27][14, 20][25, 28][2, 29][0, 28][19, 22] 
[11, 25, 22, 12, 8, 26][6, 13, 18, 19, 17][2, 16, 15, 5, 21][14, 9, 1, 3, 23][4, 24, 20, 7][27, 7, 28][10, 29, 27][0, 17][0, 28][25, 28][2, 29][14, 20] 
[11, 25, 22, 12, 8, 26][14, 9, 1, 3, 23][2, 16, 15, 5, 21][6, 13, 18, 19, 17][4, 24, 20, 7][27, 7, 28][10, 29, 27][25, 28][14, 20][2, 29][0, 28][0, 17] 
[11, 25, 22, 12, 8, 26][14, 9, 1, 3, 23][2, 16, 15, 5, 21][6, 13, 18, 19, 17][4, 24, 20, 7][27, 7, 28][10, 29, 27][14, 20][0, 28][2, 29][25, 28][0, 17] 
[11, 25, 22, 12, 8, 26][14, 9, 1, 3, 23][2, 16, 15, 5, 21][6, 13, 18, 19, 17][4, 24, 20, 7][27, 7, 28][10, 29, 27][14, 20][25, 28][2, 29][0, 28][19, 22] 
[11, 25, 22, 12, 8, 26][6, 13, 18, 19, 17][2, 16, 15, 5, 21][14, 9, 1, 3, 23][4, 24, 20, 7][27, 7, 28][10, 29, 27][0, 17][0, 28][25, 28][2, 29][14, 20] 
[11, 25, 22, 12, 8, 26][14, 9, 1, 3, 23][2, 16, 15, 5, 21][6, 13, 18, 19, 17][4, 24, 20, 7][27, 7, 28][10, 29, 27][14, 20][0, 28][2, 29][25, 28][0, 17] 
[11, 25, 22, 12, 8, 26][6, 13, 18, 19, 17][2, 16, 15, 5, 21][14, 9, 1, 3, 23][4, 24, 20, 7][27, 7, 28][10, 29, 27][0, 17][0, 28][2, 29][14, 20][25, 28] 
[23, 20, 24, 3, 1, 4, 14, 7, 16, 27][6, 21, 5, 15, 10, 29, 2, 16, 28, 25][0, 17, 19, 18, 13, 6][11, 25, 22, 12, 8, 26][2, 29][2, 16][9, 14][22, 25][2, 16][1, 3][2, 29][10, 29] 
[23, 20, 24, 3, 1, 4, 14, 7, 16, 27][6, 21, 5, 15, 10, 29, 2, 16, 28, 25][0, 17, 19, 18, 13, 6][11, 25, 22, 12, 8, 26][2, 29][2, 16][9, 14][22, 25][2, 16][1, 3][2, 29][10, 29] 
[23, 20, 24, 3, 1, 4, 14, 7, 16, 27][6, 21, 5, 15, 10, 29, 2, 16, 28, 25][0, 17, 19, 18, 13, 6][11, 25, 22, 12, 8, 26][2, 29][2, 16][9, 14][22, 25][2, 16][1, 3][2, 29][10, 29] 
[23, 20, 24, 3, 1, 4, 14, 7, 16, 27][5, 15, 10, 29, 2, 16, 28, 25][0, 17, 19, 18, 13, 6, 5][11, 25, 22, 12, 8, 26][1, 3][2, 16][10, 29][2, 29][2, 16][3, 9][20, 24][5, 21] 
[23, 20, 24, 3, 1, 4, 14, 7, 16, 27][5, 15, 10, 29, 2, 16, 28, 25][0, 17, 19, 18, 13, 6, 5][11, 25, 22, 12, 8, 26][1, 3][2, 16][10, 29][2, 29][2, 16][3, 9][20, 24][5, 21] 
[23, 20, 24, 3, 1, 4, 14, 7, 16, 27][21, 5, 15, 10, 29, 2, 16, 28][0, 17, 19, 18, 13, 6][0, 25, 11, 3, 9][25, 22, 12, 8, 26][6, 13, 18, 19, 17][2, 29][11, 25][22, 25][2, 16][0, 17][22, 25] 
[23, 20, 24, 3, 1, 4, 14, 7, 16, 27][6, 21, 5, 15, 10, 29, 2, 16, 28, 25][0, 17, 19, 18, 13, 6][11, 25, 22, 12, 8, 26][2, 29][2, 16][9, 14][22, 25][2, 16][1, 3][2, 29][10, 29] 
[23, 20, 24, 3, 1, 4, 14, 7, 16, 27][6, 21, 5, 15, 10, 29, 2, 16, 28, 25][0, 17, 19, 18, 13, 6][11, 25, 22, 12, 8, 26][2, 29][2, 16][9, 14][22, 25][2, 16][1, 3][2, 29][10, 29] 
[23, 20, 24, 3, 1, 4, 14, 7, 16, 27][0, 17, 19, 18, 13, 6, 5, 15][5, 15, 10, 29, 2, 16, 28, 25][11, 25, 22, 12, 8, 26][1, 3][2, 16][10, 29][2, 29][2, 16][3, 9][20, 24][5, 21] 
[23, 20, 24, 3, 1, 4, 14, 7, 16, 27][6, 21, 5, 15, 10, 29, 2, 16, 28, 25][0, 17, 19, 18, 13, 6][11, 25, 22, 12, 8, 26][2, 29][2, 16][9, 14][22, 25][2, 16][1, 3][2, 29][10, 29] 
[23, 20, 24, 3, 1, 4, 14, 7, 16, 27][6, 21, 5, 15, 10, 29, 2, 16, 28, 25][0, 17, 19, 18, 13, 6][11, 25, 22, 12, 8, 26][2, 29][2, 16][9, 14][22, 25][2, 16][1, 3][2, 29][10, 29] 
[23, 20, 24, 3, 1, 4, 14, 7, 16, 27][6, 21, 5, 15, 10, 29, 2, 16, 28, 25][0, 17, 19, 18, 13, 6][11, 25, 22, 12, 8, 26][2, 29][2, 16][9, 14][22, 25][2, 16][1, 3][2, 29][10, 29] 
[23, 20, 24, 3, 1, 4, 14, 7, 16, 27][5, 15, 10, 29, 2, 16, 28, 25][0, 17, 19, 18, 13, 6, 5][11, 25, 22, 12, 8, 26][1, 3][2, 16][10, 29][2, 29][2, 16][3, 9][20, 24][5, 21] 
[23, 20, 24, 3, 1, 4, 14, 7, 16, 27][6, 21, 5, 15, 10, 29, 2, 16, 28, 25][0, 17, 19, 18, 13, 6][11, 25, 22, 12, 8, 26][2, 29][2, 16][9, 14][22, 25][2, 16][1, 3][2, 29][10, 29] 
[23, 20, 24, 3, 1, 4, 14, 7, 16, 27][6, 21, 5, 15, 10, 29, 2, 16, 28, 25][0, 17, 19, 18, 13, 6][11, 25, 22, 12, 8, 26][2, 29][2, 16][9, 14][22, 25][2, 16][1, 3][2, 29][10, 29] 
[6, 21, 5, 15, 10, 29, 2, 16, 28, 25, 11, 17][23, 20, 24, 3, 1, 4, 14, 7, 16, 27][0, 17, 19, 18, 13][25, 22, 12, 8, 26][3, 9][2, 16][2, 16][2, 29][2, 16][2, 29][2, 29][2, 16] 
[6, 21, 5, 15, 10, 29, 2, 16, 28, 25, 11, 17][23, 20, 24, 3, 1, 4, 14, 7, 16, 27][0, 17, 19, 18, 13][25, 22, 12, 8, 26][3, 9, 14][2, 29][2, 16][11, 25][2, 16][2, 16][2, 29][2, 29] 
[23, 20, 24, 3, 1, 4, 14, 7, 16, 27][6, 21, 5, 15, 10, 29, 2, 16, 28, 25][0, 17, 19, 18, 13, 6][11, 25, 22, 12, 8, 26][2, 29][2, 16][9, 14][22, 25][2, 16][1, 3][2, 29][10, 29] 
[6, 21, 5, 15, 10, 29, 2, 16, 28, 25, 11, 17][23, 20, 24, 3, 1, 4, 14, 7, 16, 27][0, 17, 19, 18, 13][25, 22, 12, 8, 26][3, 9, 14][2, 29][2, 16][11, 25][2, 16][2, 16][2, 29][2, 29] 
[6, 21, 5, 15, 10, 29, 2, 16, 28, 25, 11, 17][23, 20, 24, 3, 1, 4, 14, 7, 16, 27][0, 17, 19, 18, 13][25, 22, 12, 8, 26][3, 9, 1, 4][2, 16][2, 16][2, 29][2, 16][2, 29][2, 29][2, 16] 
[6, 21, 5, 15, 10, 29, 2, 16, 28, 25, 11, 17][23, 20, 24, 3, 1, 4, 14, 7, 16, 27][0, 17, 19, 18, 13][25, 22, 12, 8, 26][2, 29][2, 16][3, 9][11, 25][2, 16][2, 16][2, 29][2, 29] 
[11, 25, 22, 12, 8, 26][14, 9, 1, 3, 23][2, 16, 15, 5, 21][6, 13, 18, 19, 17][4, 24, 20, 7][27, 7, 28][10, 29, 27][21, 2, 29][14, 20][0, 28][25, 28][0, 17] 
[11, 25, 22, 12, 8, 26][14, 9, 1, 3, 23][2, 16, 15, 5, 21][6, 13, 18, 19, 17][4, 24, 20, 7][27, 7, 28][10, 29, 27][14, 20][2, 29][0, 28][25, 28][0, 17] 
[11, 25, 22, 12, 8, 26][14, 9, 1, 3, 23][2, 16, 15, 5, 21][6, 13, 18, 19, 17][4, 24, 20, 7][27, 7, 28][10, 29, 27][14, 20][2, 29][0, 28][25, 28][0, 17] 
[11, 25, 22, 12, 8, 26][6, 13, 18, 19, 17][2, 16, 15, 5, 21][14, 9, 1, 3, 23][4, 24, 20, 7][27, 7, 28][10, 29, 27][0, 17][0, 28][25, 28][2, 29][14, 20] 
[11, 25, 22, 12, 8, 26][2, 16, 15, 5, 21][14, 9, 1, 3, 23][6, 13, 18, 19, 17][4, 24, 20, 7][10, 29, 27][27, 7, 28][2, 29][0, 28][25, 28][14, 20][0, 17] 
[11, 25, 22, 12, 8, 26][14, 9, 1, 3, 23][2, 16, 15, 5, 21][6, 13, 18, 19, 17][4, 24, 20, 7][27, 7, 28][10, 29, 27][0, 28][14, 20][2, 29][25, 28][0, 17] 
[11, 25, 22, 12, 8, 26][2, 16, 15, 5, 21][14, 9, 1, 3, 23][6, 13, 18, 19, 17][4, 24, 20, 7][10, 29, 27][27, 7, 28][2, 29][0, 28][14, 20][0, 17][25, 28] 
[11, 25, 22, 12, 8, 26][6, 13, 18, 19, 17][2, 16, 15, 5, 21][14, 9, 1, 3, 23][4, 24, 20, 7][27, 7, 28][10, 29, 27][0, 17][0, 28][2, 29][14, 20][25, 28] 
[11, 25, 22, 12, 8, 26][14, 9, 1, 3, 23][6, 13, 18, 19, 17][2, 16, 15, 5, 21][4, 24, 20, 7][27, 7, 28][10, 29, 27][25, 28][14, 20][0, 28][0, 17][2, 29] 
[11, 25, 22, 12, 8, 26][2, 16, 15, 5, 21][14, 9, 1, 3, 23][6, 13, 18, 19, 17][4, 24, 20, 7][27, 7, 28][10, 29, 27][25, 28][2, 29][14, 20][0, 28][0, 17] 
[11, 25, 22, 12, 8, 26][14, 9, 1, 3, 23][2, 16, 15, 5, 21][6, 13, 18, 19, 17][4, 24, 20, 7][27, 7, 28][10, 29, 27][21, 2, 29][14, 20][0, 28][25, 28][0, 17] 
[11, 25, 22, 12, 8, 26][14, 9, 1, 3, 23][6, 13, 18, 19, 17][2, 16, 15, 5, 21][4, 24, 20, 7][27, 7, 28][10, 29, 27][25, 28][14, 20][0, 28][0, 17][2, 29] 
[11, 25, 22, 12, 8, 26][2, 16, 15, 5, 21][6, 13, 18, 19, 17][14, 9, 1, 3, 23][4, 24, 20, 7][27, 7, 28][10, 29, 27][25, 28][2, 29][0, 28][0, 17][14, 20] 
[11, 25, 22, 12, 8, 26][2, 16, 15, 5, 21][6, 13, 18, 19, 17][14, 9, 1, 3, 23][4, 24, 20, 7][27, 7, 28][10, 29, 27][25, 28][2, 29][0, 28][0, 17][14, 20] 
[11, 25, 22, 12, 8, 26][14, 9, 1, 3, 23][2, 16, 15, 5, 21][6, 13, 18, 19, 17][4, 24, 20, 7][27, 7, 28][10, 29, 27][25, 28][14, 20][2, 29][0, 28][0, 17] 
[11, 25, 22, 12, 8, 26][14, 9, 1, 3, 23][2, 16, 15, 5, 21][6, 13, 18, 19, 17][4, 24, 20, 7][27, 7, 28][10, 29, 27][14, 20][0, 28][2, 29][0, 17][25, 28] 
[11, 25, 22, 12, 8, 26][2, 16, 15, 5, 21][14, 9, 1, 3, 23][6, 13, 18, 19, 17][4, 24, 20, 7][10, 29, 27][27, 7, 28][2, 29][0, 28][14, 20][0, 17][25, 28] 
[11, 25, 22, 12, 8, 26][2, 16, 15, 5, 21][14, 9, 1, 3, 23][6, 13, 18, 19, 17][4, 24, 20, 7][10, 29, 27][27, 7, 28][2, 29][0, 28][25, 28][14, 20][0, 17] 
[11, 25, 22, 12, 8, 26][2, 16, 15, 5, 21][14, 9, 1, 3, 23][6, 13, 18, 19, 17][4, 24, 20, 7][27, 7, 28][10, 29, 27][25, 28][2, 29][14, 20][0, 28][0, 17] 
[11, 25, 22, 12, 8, 26][14, 9, 1, 3, 23][2, 16, 15, 5, 21][6, 13, 18, 19, 17][4, 24, 20, 7][27, 7, 28][10, 29, 27][0, 17, 19][25, 28][14, 20][2, 29][0, 28] 
[11, 25, 22, 12, 8, 26][14, 9, 1, 3, 23][6, 13, 18, 19, 17][2, 16, 15, 5, 21][4, 24, 20, 7][0, 28, 25][10, 29, 27][14, 20][7, 28][0, 17][7, 27][2, 29] 
[11, 25, 22, 12, 8, 26][14, 9, 1, 3, 23][6, 13, 18, 19, 17][2, 16, 15, 5, 21][4, 24, 20, 7][27, 7, 28][10, 29, 27][25, 28][14, 20][0, 28][0, 17][2, 29] 
[11, 25, 22, 12, 8, 26][14, 9, 1, 3, 23][2, 16, 15, 5, 21][6, 13, 18, 19, 17][4, 24, 20, 7][27, 7, 28][10, 29, 27][14, 20][2, 29][25, 28][0, 28][0, 17] 
[11, 25, 22, 12, 8, 26][2, 16, 15, 5, 21][6, 13, 18, 19, 17][14, 9, 1, 3, 23][4, 24, 20, 7][27, 7, 28][10, 29, 27][25, 28][2, 29][0, 28][0, 17][14, 20] 
[11, 25, 22, 12, 8, 26][2, 16, 15, 5, 21][14, 9, 1, 3, 23][6, 13, 18, 19, 17][4, 24, 20, 7][27, 7, 28][10, 29, 27][25, 28][2, 29][14, 20][0, 28][0, 17] 
[11, 25, 22, 12, 8, 26][14, 9, 1, 3, 23][2, 16, 15, 5, 21][6, 13, 18, 19, 17][4, 24, 20, 7][27, 7, 28][10, 29, 27][14, 20][0, 28][2, 29][0, 17][25, 28] 
[11, 25, 22, 12, 8, 26][14, 9, 1, 3, 23][2, 16, 15, 5, 21][6, 13, 18, 19, 17][4, 24, 20, 7][27, 7, 28][10, 29, 27][0, 17, 19][25, 28][14, 20][2, 29][0, 28] 
[11, 25, 22, 12, 8, 26][14, 9, 1, 3, 23][2, 16, 15, 5, 21][6, 13, 18, 19, 17][4, 24, 20, 7][27, 7, 28][10, 29, 27][14, 20][2, 29][25, 28][0, 28][0, 17] 
[11, 25, 22, 12, 8, 26][14, 9, 1, 3, 23][2, 16, 15, 5, 21][6, 13, 18, 19, 17][4, 24, 20, 7][27, 7, 28][10, 29, 27][14, 20][2, 29][0, 28][25, 28][0, 17] 
[11, 25, 22, 12, 8, 26][2, 16, 15, 5, 21][14, 9, 1, 3, 23][6, 13, 18, 19, 17][4, 24, 20, 7][10, 29, 27][27, 7, 28][2, 29][0, 28][14, 20][0, 17][25, 28] 
[11, 25, 22, 12, 8, 26][6, 13, 18, 19, 17][2, 16, 15, 5, 21][14, 9, 1, 3, 23][4, 24, 20, 7][0, 17, 19][27, 7, 28][10, 29, 27][0, 28][25, 28][2, 29][14, 20] 
[11, 25, 22, 12, 8, 26][2, 16, 15, 5, 21][14, 9, 1, 3, 23][6, 13, 18, 19, 17][4, 24, 20, 7][10, 29, 27][27, 7, 28][2, 29][0, 28][14, 20][0, 17][25, 28] 
[11, 25, 22, 12, 8, 26][2, 16, 15, 5, 21][14, 9, 1, 3, 23][6, 13, 18, 19, 17][4, 24, 20, 7][10, 29, 27][27, 7, 28][2, 29][0, 28][14, 20][0, 17][25, 28] 
[11, 25, 22, 12, 8, 26][6, 13, 18, 19, 17][2, 16, 15, 5, 21][14, 9, 1, 3, 23][4, 24, 20, 7][0, 17, 19][27, 7, 28][10, 29, 27][0, 28][25, 28][2, 29][14, 20] 
[11, 25, 22, 12, 8, 26][14, 9, 1, 3, 23][2, 16, 15, 5, 21][6, 13, 18, 19, 17][4, 24, 20, 7][27, 7, 28][10, 29, 27][14, 20][2, 29][0, 28][25, 28][0, 17] 
[11, 25, 22, 12, 8, 26][2, 16, 15, 5, 21][14, 9, 1, 3, 23][6, 13, 18, 19, 17][4, 24, 20, 7][10, 29, 27][27, 7, 28][2, 29][0, 28][14, 20][0, 17][25, 28] 
[11, 25, 22, 12, 8, 26][2, 16, 15, 5, 21][14, 9, 1, 3, 23][6, 13, 18, 19, 17][4, 24, 20, 7][10, 29, 27][27, 7, 28][2, 29][0, 28][14, 20][0, 17][25, 28] 
[11, 25, 22, 12, 8, 26][6, 13, 18, 19, 17][2, 16, 15, 5, 21][14, 9, 1, 3, 23][4, 24, 20, 7][27, 7, 28][10, 29, 27][0, 17][0, 28][2, 29][14, 20][25, 28] 
[11, 25, 22, 12, 8, 26][2, 16, 15, 5, 21][14, 9, 1, 3, 23][6, 13, 18, 19, 17][4, 24, 20, 7][10, 29, 27][27, 7, 28][2, 29][0, 28][14, 20][0, 17][25, 28] 
[11, 25, 22, 12, 8, 26][14, 9, 1, 3, 23][2, 16, 15, 5, 21][6, 13, 18, 19, 17][4, 24, 20, 7][27, 7, 28][10, 29, 27][14, 20][0, 28][2, 29][25, 28][0, 17] 
[11, 25, 22, 12, 8, 26][6, 13, 18, 19, 17][2, 16, 15, 5, 21][14, 9, 1, 3, 23][4, 24, 20, 7][27, 7, 28][10, 29, 27][0, 17][0, 28][25, 28][2, 29][14, 20] 
[11, 25, 22, 12, 8, 26][6, 13, 18, 19, 17][2, 16, 15, 5, 21][14, 9, 1, 3, 23][4, 24, 20, 7][27, 7, 28][10, 29, 27][0, 17][0, 28][2, 29][14, 20][25, 28] 
[11, 25, 22, 12, 8, 26][2, 16, 15, 5, 21][14, 9, 1, 3, 23][6, 13, 18, 19, 17][4, 24, 20, 7][10, 29, 27][27, 7, 28][2, 29][0, 28][14, 20][0, 17][25, 28] 
[0, 17, 19, 18, 13, 6][11, 25, 22, 12, 8, 26][14, 9, 1, 3, 23][2, 16, 15, 5, 21][4, 24, 20, 7][27, 7, 28][10, 29, 27][1, 3][14, 20][2, 29][0, 28][25, 28] 
[0, 17, 19, 18, 13, 6][11, 25, 22, 12, 8, 26][14, 9, 1, 3, 23][2, 16, 15, 5, 21][4, 24, 20, 7][27, 7, 28][10, 29, 27][1, 3][14, 20][2, 29][0, 28][25, 28] 
[0, 17, 19, 18, 13, 6][11, 25, 22, 12, 8, 26][14, 9, 1, 3, 23][2, 16, 15, 5, 21][4, 24, 20, 7][27, 7, 28][10, 29, 27][1, 3][14, 20][2, 29][0, 28][25, 28] 
[0, 17, 19, 18, 13, 6][11, 25, 22, 12, 8, 26][14, 9, 1, 3, 23][2, 16, 15, 5, 21][4, 24, 20, 7][27, 7, 28][10, 29, 27][1, 3][14, 20][2, 29][0, 28][25, 28] 
[0, 17, 19, 18, 13, 6][11, 25, 22, 12, 8, 26][14, 9, 1, 3, 23][2, 16, 15, 5, 21][4, 24, 20, 7][27, 7, 28][10, 29, 27][1, 3][14, 20][2, 29][0, 28][25, 28] 
[11, 25, 28, 0, 12, 8, 26][6, 13, 18, 19, 17, 22][14, 9, 1, 3, 23][2, 16, 15, 5, 21][4, 24, 20, 7][10, 29, 27][14, 20][7, 28][25, 28][0, 17][7, 27][2, 29] 
[11, 25, 22, 12, 8, 26][2, 16, 15, 5, 21][14, 9, 1, 3, 23][6, 13, 18, 19, 17][4, 24, 20, 7][27, 7, 28][10, 29, 27][25, 28][2, 29][14, 20][0, 28][0, 17] 
[11, 25, 22, 12, 8, 26][2, 16, 15, 5, 21][6, 13, 18, 19, 17][14, 9, 1, 3, 23][4, 24, 20, 7][27, 7, 28][10, 29, 27][25, 28][0, 28][2, 29][0, 17][14, 20] 
[11, 25, 22, 12, 8, 26][14, 9, 1, 3, 23][6, 13, 18, 19, 17][2, 16, 15, 5, 21][4, 24, 20, 7][27, 7, 28][10, 29, 27][25, 28][14, 20][0, 28][0, 17][2, 29] 
[11, 25, 22, 12, 8, 26][6, 13, 18, 19, 17][2, 16, 15, 5, 21][14, 9, 1, 3, 23][4, 24, 20, 7][27, 7, 28][10, 29, 27][0, 17][0, 28][2, 29][14, 20][25, 28] 
[11, 25, 22, 12, 8, 26][2, 16, 15, 5, 21][14, 9, 1, 3, 23][6, 13, 18, 19, 17][4, 24, 20, 7][10, 29, 27][27, 7, 28][2, 29][14, 20][0, 28][25, 28][0, 17] 
[11, 25, 22, 12, 8, 26][2, 16, 15, 5, 21][14, 9, 1, 3, 23][6, 13, 18, 19, 17][4, 24, 20, 7][10, 29, 27][27, 7, 28][0, 17, 19][2, 29][25, 28][14, 20][0, 28] 
[11, 25, 22, 12, 8, 26][2, 16, 15, 5, 21][14, 9, 1, 3, 23][6, 13, 18, 19, 17][4, 24, 20, 7][10, 29, 27][27, 7, 28][2, 29][14, 20][0, 28][25, 28][0, 17] 
