[2, 29, 10, 15, 16][5, 21, 6, 13, 18][9, 1, 4, 20, 14][27, 7, 25, 28][11, 3, 23, 24][17, 22, 12, 19][0, 12, 8, 26][27, 29][2, 6][11, 25][11, 14][18, 22] 
[9, 1, 4, 20, 14][5, 21, 6, 13, 18][11, 3, 23, 24][27, 7, 25, 28][2, 29, 10, 15][17, 22, 12, 19][0, 12, 8, 26][16, 27, 29][11, 14][11, 25][2, 6][18, 22] 
[9, 1, 4, 20, 14][5, 21, 6, 13, 18][11, 3, 23, 24][27, 7, 25, 28][2, 29, 10, 15][17, 22, 12, 19][0, 12, 8, 26][16, 27, 29][11, 14][11, 25][2, 6][18, 22] 
[5, 21, 6, 13, 18][9, 1, 4, 20, 14][27, 7, 25, 28][11, 3, 23, 24][2, 29, 10, 15][17, 22, 12, 19][0, 12, 8, 26][16, 27, 29][11, 25][2, 6][11, 14][18, 22] 
[5, 21, 6, 13, 18][9, 1, 4, 20, 14][27, 7, 25, 28][11, 3, 23, 24][2, 29, 10, 15][17, 22, 12, 19][0, 12, 8, 26][16, 27, 29][11, 25][2, 6][11, 14][18, 22] 
[5, 21, 6, 13, 18][9, 1, 4, 20, 14][27, 7, 25, 28][11, 3, 23, 24][2, 29, 10, 15][17, 22, 12, 19][0, 12, 8, 26][16, 27, 29][11, 25][2, 6][11, 14][18, 22] 
[5, 21, 6, 13, 18][9, 1, 4, 20, 14][27, 7, 25, 28][11, 3, 23, 24][2, 29, 10, 15][17, 22, 12, 19][0, 12, 8, 26][16, 27, 29][11, 25][2, 6][11, 14][18, 22] 
[14, 9, 1, 4, 20][5, 21, 6, 13, 18][27, 7, 25, 28][2, 29, 10, 15][11, 3, 23, 24][17, 22, 12, 19][0, 12, 8, 26][16, 27, 29][11, 25][11, 14][2, 6][18, 22] 
[5, 21, 6, 13, 18][9, 1, 4, 20, 14][17, 22, 12, 19][0, 12, 8, 26][2, 29, 10, 15][27, 7, 25, 28][11, 3, 23, 24][16, 27, 29][18, 22][2, 6][11, 25][11, 14] 
[14, 9, 1, 4, 20][5, 21, 6, 13, 18][27, 7, 25, 28][2, 29, 10, 15][11, 3, 23, 24][17, 22, 12, 19][0, 12, 8, 26][16, 27, 29][11, 25][11, 14][2, 6][18, 22] 
[2, 29, 10, 15, 16][5, 21, 6, 13, 18][9, 1, 4, 20, 14][27, 7, 25, 28][11, 3, 23, 24][17, 22, 12, 19][0, 12, 8, 26][27, 29][2, 6][11, 25][11, 14][18, 22] 
[9, 1, 4, 20, 14][5, 21, 6, 13, 18][11, 3, 23, 24][27, 7, 25, 28][2, 29, 10, 15][17, 22, 12, 19][0, 12, 8, 26][16, 27, 29][11, 14][11, 25][2, 6][18, 22] 
[9, 1, 4, 20, 14][5, 21, 6, 13, 18][11, 3, 23, 24][27, 7, 25, 28][2, 29, 10, 15][17, 22, 12, 19][0, 12, 8, 26][16, 27, 29][11, 14][11, 25][2, 6][18, 22] 
[5, 21, 6, 13, 18][9, 1, 4, 20, 14][27, 7, 25, 28][11, 3, 23, 24][2, 29, 10, 15][17, 22, 12, 19][0, 12, 8, 26][16, 27, 29][11, 25][2, 6][11, 14][18, 22] 
[9, 1, 4, 20, 14][5, 21, 6, 13, 18][11, 3, 23, 24][27, 7, 25, 28][2, 29, 10, 15][17, 22, 12, 19][0, 12, 8, 26][16, 27, 29][11, 14][11, 25][2, 6][18, 22] 
[14, 9, 1, 4, 20][5, 21, 6, 13, 18][27, 7, 25, 28][2, 29, 10, 15][11, 3, 23, 24][17, 22, 12, 19][0, 12, 8, 26][16, 27, 29][11, 25][11, 14][2, 6][18, 22] 
[2, 29, 10, 15, 16][5, 21, 6, 13, 18][9, 1, 4, 20, 14][27, 7, 25, 28][11, 3, 23, 24][17, 22, 12, 19][0, 12, 8, 26][27, 29][2, 6][11, 25][11, 14][18, 22] 
[9, 1, 4, 20, 14][5, 21, 6, 13, 18][11, 3, 23, 24][27, 7, 25, 28][2, 29, 10, 15][17, 22, 12, 19][0, 12, 8, 26][16, 27, 29][11, 14][11, 25][2, 6][18, 22] 
[9, 1, 4, 20, 14][5, 21, 6, 13, 18][11, 3, 23, 24][27, 7, 25, 28][2, 29, 10, 15][17, 22, 12, 19][0, 12, 8, 26][16, 27, 29][11, 14][11, 25][2, 6][18, 22] 
[2, 29, 10, 15, 16][5, 21, 6, 13, 18][9, 1, 4, 20, 14][27, 7, 25, 28][11, 3, 23, 24][17, 22, 12, 19][0, 12, 8, 26][27, 29][2, 6][11, 25][11, 14][18, 22] 
[2, 29, 10, 15, 16][5, 21, 6, 13, 18][9, 1, 4, 20, 14][27, 7, 25, 28][11, 3, 23, 24][17, 22, 12, 19][0, 12, 8, 26][27, 29][2, 6][11, 25][11, 14][18, 22] 
[5, 21, 6, 13, 18][9, 1, 4, 20, 14][17, 22, 12, 19][0, 12, 8, 26][2, 29, 10, 15][27, 7, 25, 28][11, 3, 23, 24][16, 27, 29][18, 22][2, 6][11, 25][11, 14] 
[5, 21, 6, 13, 18][9, 1, 4, 20, 14][27, 7, 25, 28][11, 3, 23, 24][2, 29, 10, 15][17, 22, 12, 19][0, 12, 8, 26][16, 27, 29][11, 25][2, 6][11, 14][18, 22] 
[5, 21, 6, 13, 18][9, 1, 4, 20, 14][27, 7, 25, 28][11, 3, 23, 24][2, 29, 10, 15][17, 22, 12, 19][0, 12, 8, 26][16, 27, 29][11, 25][2, 6][11, 14][18, 22] 
[5, 21, 6, 13, 18][9, 1, 4, 20, 14][27, 7, 25, 28][11, 3, 23, 24][2, 29, 10, 15][17, 22, 12, 19][0, 12, 8, 26][16, 27, 29][11, 25][2, 6][11, 14][18, 22] 
[14, 9, 1, 4, 20][5, 21, 6, 13, 18][27, 7, 25, 28][2, 29, 10, 15][11, 3, 23, 24][17, 22, 12, 19][0, 12, 8, 26][16, 27, 29][11, 25][11, 14][2, 6][18, 22] 
[9, 1, 4, 20, 14][2, 29, 10, 15, 16][5, 21, 6, 13, 18][11, 3, 23, 24][27, 7, 25, 28][17, 22, 12, 19][0, 12, 8, 26][11, 14][11, 25][27, 29][2, 6][18, 22] 
[5, 21, 6, 13, 18][9, 1, 4, 20, 14][27, 7, 25, 28][11, 3, 23, 24][2, 29, 10, 15][17, 22, 12, 19][0, 12, 8, 26][16, 27, 29][11, 25][2, 6][11, 14][18, 22] 
[5, 21, 6, 13, 18][9, 1, 4, 20, 14][27, 7, 25, 28][11, 3, 23, 24][2, 29, 10, 15][17, 22, 12, 19][0, 12, 8, 26][16, 27, 29][11, 25][2, 6][11, 14][18, 22] 
[2, 29, 10, 15, 16][5, 21, 6, 13, 18][9, 1, 4, 20, 14][27, 7, 25, 28][17, 22, 12, 19][0, 12, 8, 26][11, 3, 23, 24][27, 29][2, 6][18, 22][11, 25][11, 14] 
[2, 29, 10, 15, 16][5, 21, 6, 13, 18][9, 1, 4, 20, 14][27, 7, 25, 28][11, 3, 23, 24][17, 22, 12, 19][0, 12, 8, 26][27, 29][2, 6][11, 25][11, 14][18, 22] 
[5, 21, 6, 13, 18][9, 1, 4, 20, 14][27, 7, 25, 28][11, 3, 23, 24][2, 29, 10, 15][17, 22, 12, 19][0, 12, 8, 26][16, 27, 29][11, 25][2, 6][11, 14][18, 22] 
[5, 21, 6, 13, 18][9, 1, 4, 20, 14][17, 22, 12, 19][0, 12, 8, 26][2, 29, 10, 15][27, 7, 25, 28][11, 3, 23, 24][16, 27, 29][18, 22][2, 6][11, 25][11, 14] 
[2, 29, 10, 15, 16][5, 21, 6, 13, 18][9, 1, 4, 20, 14][27, 7, 25, 28][11, 3, 23, 24][17, 22, 12, 19][0, 12, 8, 26][27, 29][2, 6][11, 25][11, 14][18, 22] 
[2, 29, 10, 15, 16][5, 21, 6, 13, 18][9, 1, 4, 20, 14][27, 7, 25, 28][11, 3, 23, 24][17, 22, 12, 19][0, 12, 8, 26][27, 29][2, 6][11, 25][11, 14][18, 22] 
[6, 13, 18, 17, 11, 14, 20, 7, 4, 24, 3, 9, 1, 23][25, 28, 17, 12, 8, 19, 22, 0, 26][2, 21, 6, 5, 15, 29, 27, 16][4, 24][6, 10][4, 24][4, 24][4, 24][4, 24][13, 18][13, 18][13, 18] 
[6, 13, 18, 17, 11, 14, 20, 7, 4, 24, 3, 9, 1, 23][2, 21, 6, 5, 15, 29, 27, 16, 7, 20][25, 28, 17, 12, 8, 19, 22, 0, 26][6, 10][13, 18][4, 24][13, 18][4, 24][13, 18][4, 24][13, 18][4, 24] 
[13, 18, 17, 11, 14, 20, 7, 4, 24, 3, 9, 1, 23][25, 28, 17, 12, 8, 19, 22, 0, 26][2, 21, 6, 5, 15, 29, 27, 16][10, 6, 13, 18][13, 18][25, 28][6, 10][4, 24][13, 18][13, 18][4, 24][13, 18] 
[2, 21, 6, 5, 15, 29, 27, 16, 7, 24, 4, 20, 23][25, 28, 17, 12, 8, 19, 22, 0, 26][10, 6, 13, 18, 17, 11, 14][1, 3, 9][13, 18][1, 14][13, 18][27, 29][4, 24][4, 24][4, 24][13, 18] 
[2, 21, 6, 5, 15, 29, 27, 16, 7, 24, 4, 20, 23][25, 28, 17, 12, 8, 19, 22, 0, 26][10, 6, 13, 18, 17, 11, 14][1, 3, 9][13, 18][1, 14][13, 18][27, 29][4, 24][4, 24][4, 24][13, 18] 
[18, 17, 11, 14, 20, 7, 4, 24, 3, 9, 1, 23][25, 28, 17, 12, 8, 19, 22, 0, 26][2, 21, 6, 5, 15, 29, 27, 16][6, 10][13, 18][4, 24][4, 24][4, 24][6, 13][4, 24][4, 24][4, 24] 
[6, 13, 18, 17, 11, 14, 20, 7, 4, 24, 3, 9, 1, 23][2, 21, 6, 5, 15, 29, 27, 16, 7, 20][25, 28, 17, 12, 8, 19, 22, 0, 26][6, 10][13, 18][4, 24][13, 18][4, 24][13, 18][4, 24][13, 18][4, 24] 
[6, 13, 18, 17, 11, 14, 20, 7, 4, 24, 3, 9, 1, 23][25, 28, 17, 12, 8, 19, 22, 0, 26][2, 21, 6, 5, 15, 29, 27, 16][4, 24][6, 10][4, 24][4, 24][4, 24][4, 24][13, 18][13, 18][13, 18] 
[2, 21, 6, 5, 15, 29, 27, 16, 7, 24, 4, 20, 23][25, 28, 17, 12, 8, 19, 22, 0, 26][10, 6, 13, 18, 17, 11, 14][1, 3, 9][13, 18][1, 14][13, 18][27, 29][4, 24][4, 24][4, 24][13, 18] 
[6, 13, 18, 17, 11, 14, 20, 7, 4, 24, 3, 9, 1, 23][25, 28, 17, 12, 8, 19, 22, 0, 26][2, 21, 6, 5, 15, 29, 27, 16][4, 24][6, 10][4, 24][4, 24][4, 24][4, 24][13, 18][13, 18][13, 18] 
[6, 13, 18, 17, 11, 14, 20, 7, 4, 24, 3, 9, 1, 23][25, 28, 17, 12, 8, 19, 22, 0, 26][2, 21, 6, 5, 15, 29, 27, 16][4, 24][6, 10][4, 24][4, 24][4, 24][4, 24][13, 18][13, 18][13, 18] 
[13, 18, 17, 11, 14, 20, 7, 4, 24, 3, 9, 1, 23][25, 28, 17, 12, 8, 19, 22, 0, 26][2, 21, 6, 5, 15, 29, 27, 16][10, 6, 13, 18, 17, 11, 14][13, 18][25, 28][6, 10][4, 24][13, 18][13, 18][4, 24][13, 18] 
[2, 21, 6, 5, 15, 29, 27, 16, 7, 24, 4, 20, 23][25, 28, 17, 12, 8, 19, 22, 0, 26][10, 6, 13, 18, 17, 11, 14][1, 3, 9][13, 18][1, 14][13, 18][27, 29][4, 24][4, 24][4, 24][13, 18] 
[6, 13, 18, 17, 11, 14, 20, 7, 4, 24, 3, 9, 1, 23][25, 28, 17, 12, 8, 19, 22, 0, 26][2, 21, 6, 5, 15, 29, 27, 16][4, 24][6, 10][4, 24][4, 24][4, 24][4, 24][13, 18][13, 18][13, 18] 
[6, 13, 18, 17, 11, 14, 20, 7, 4, 24, 3, 9, 1, 23][25, 28, 17, 12, 8, 19, 22, 0, 26][2, 21, 6, 5, 15, 29, 27, 16][4, 24][6, 10][4, 24][4, 24][4, 24][4, 24][13, 18][13, 18][13, 18] 
[6, 13, 18, 17, 11, 14, 20, 7, 4, 24, 3, 9, 1, 23][25, 28, 17, 12, 8, 19, 22, 0, 26][2, 21, 6, 5, 15, 29, 27, 16][4, 24][6, 10][4, 24][4, 24][4, 24][4, 24][13, 18][13, 18][13, 18] 
[6, 13, 18, 17, 11, 14, 20, 7, 4, 24, 3, 9, 1, 23][25, 28, 17, 12, 8, 19, 22, 0, 26][2, 21, 6, 5, 15, 29, 27, 16][4, 24][6, 10][4, 24][4, 24][4, 24][4, 24][13, 18][13, 18][13, 18] 
[13, 18, 17, 11, 14, 20, 7, 4, 24, 3, 9, 1, 23][25, 28, 17, 12, 8, 19, 22, 0, 26][2, 21, 6, 5, 15, 29, 27, 16][10, 6, 13, 18, 17, 11, 14][13, 18][25, 28][6, 10][4, 24][13, 18][13, 18][4, 24][13, 18] 
[6, 13, 18, 17, 11, 14, 20, 7, 4, 24, 3, 9, 1, 23][25, 28, 17, 12, 8, 19, 22, 0, 26][2, 21, 6, 5, 15, 29, 27, 16][4, 24][6, 10][4, 24][4, 24][4, 24][4, 24][13, 18][13, 18][13, 18] 
[6, 13, 18, 17, 11, 14, 20, 7, 4, 24, 3, 9, 1, 23][25, 28, 17, 12, 8, 19, 22, 0, 26][2, 21, 6, 5, 15, 29, 27, 16][4, 24][6, 10][4, 24][4, 24][4, 24][4, 24][13, 18][13, 18][13, 18] 
[6, 13, 18, 17, 11, 14, 20, 7, 4, 24, 3, 9, 1, 23][25, 28, 17, 12, 8, 19, 22, 0, 26][2, 21, 6, 5, 15, 29, 27, 16][4, 24][6, 10][4, 24][4, 24][4, 24][4, 24][13, 18][13, 18][13, 18] 
[15, 27, 7, 25, 28, 16][5, 21, 6, 13, 18][14, 9, 1, 4, 20][17, 22, 12, 19][0, 12, 8, 26][11, 3, 23, 24][2, 29, 10][27, 29][2, 6][18, 22][11, 25][11, 14] 
[15, 27, 7, 25, 28, 16][5, 21, 6, 13, 18][14, 9, 1, 4, 20][17, 22, 12, 19][0, 12, 8, 26][11, 3, 23, 24][2, 29, 10][2, 6][18, 22][27, 29][11, 25][11, 14] 
[15, 27, 7, 25, 28, 16][5, 21, 6, 13, 18][14, 9, 1, 4, 20][17, 22, 12, 19][0, 12, 8, 26][11, 3, 23, 24][2, 29, 10][2, 6][18, 22][27, 29][11, 25][11, 14] 
[15, 27, 7, 25, 28, 16][5, 21, 6, 13, 18][14, 9, 1, 4, 20][17, 22, 12, 19][0, 12, 8, 26][11, 3, 23, 24][2, 29, 10][2, 6][18, 22][27, 29][11, 25][11, 14] 
[15, 27, 7, 25, 28, 16][5, 21, 6, 13, 18][14, 9, 1, 4, 20][17, 22, 12, 19][0, 12, 8, 26][11, 3, 23, 24][2, 29, 10][2, 6][18, 22][27, 29][11, 25][11, 14] 
[15, 27, 7, 25, 28, 16][5, 21, 6, 13, 18][14, 9, 1, 4, 20][17, 22, 12, 19][0, 12, 8, 26][11, 3, 23, 24][2, 29, 10][2, 6][18, 22][27, 29][11, 25][11, 14] 
[15, 27, 7, 25, 28, 16][5, 21, 6, 13, 18][14, 9, 1, 4, 20][17, 22, 12, 19][0, 12, 8, 26][11, 3, 23, 24][2, 29, 10][2, 6][18, 22][27, 29][11, 25][11, 14] 
[15, 27, 7, 25, 28, 16][5, 21, 6, 13, 18][14, 9, 1, 4, 20][17, 22, 12, 19][0, 12, 8, 26][11, 3, 23, 24][2, 29, 10][2, 6][18, 22][27, 29][11, 25][11, 14] 
[15, 27, 7, 25, 28, 16][5, 21, 6, 13, 18][14, 9, 1, 4, 20][17, 22, 12, 19][0, 12, 8, 26][11, 3, 23, 24][2, 29, 10][27, 29][2, 6][18, 22][11, 25][11, 14] 
[15, 27, 7, 25, 28, 16][5, 21, 6, 13, 18][14, 9, 1, 4, 20][17, 22, 12, 19][0, 12, 8, 26][11, 3, 23, 24][2, 29, 10][27, 29][2, 6][18, 22][11, 25][11, 14] 
[15, 27, 7, 25, 28, 16][5, 21, 6, 13, 18][14, 9, 1, 4, 20][17, 22, 12, 19][0, 12, 8, 26][11, 3, 23, 24][2, 29, 10][18, 22][2, 6][27, 29][11, 25][11, 14] 
[15, 27, 7, 25, 28, 16][5, 21, 6, 13, 18][14, 9, 1, 4, 20][17, 22, 12, 19][0, 12, 8, 26][11, 3, 23, 24][2, 29, 10][18, 22][2, 6][27, 29][11, 25][11, 14] 
[15, 27, 7, 25, 28, 16][5, 21, 6, 13, 18][14, 9, 1, 4, 20][11, 3, 23, 24][17, 22, 12, 19][0, 12, 8, 26][2, 29, 10][27, 29][11, 25][2, 6][11, 14][18, 22] 
[15, 27, 7, 25, 28, 16][5, 21, 6, 13, 18][14, 9, 1, 4, 20][17, 22, 12, 19][0, 12, 8, 26][11, 3, 23, 24][2, 29, 10][2, 6][18, 22][27, 29][11, 25][11, 14] 
[15, 27, 7, 25, 28, 16][5, 21, 6, 13, 18][14, 9, 1, 4, 20][17, 22, 12, 19][0, 12, 8, 26][11, 3, 23, 24][2, 29, 10][2, 6][18, 22][27, 29][11, 25][11, 14] 
[9, 1, 4, 20, 14][2, 29, 10, 15, 16][5, 21, 6, 13, 18][11, 3, 23, 24][27, 7, 25, 28][17, 22, 12, 19][0, 12, 8, 26][11, 14][11, 25][27, 29][2, 6][18, 22] 
[2, 29, 10, 15, 16][9, 1, 4, 20, 14][5, 21, 6, 13, 18][27, 7, 25, 28][11, 3, 23, 24][17, 22, 12, 19][0, 12, 8, 26][11, 25][27, 29][11, 14][2, 6][18, 22] 
[2, 29, 10, 15, 16][9, 1, 4, 20, 14][5, 21, 6, 13, 18][27, 7, 25, 28][11, 3, 23, 24][17, 22, 12, 19][0, 12, 8, 26][11, 25][27, 29][11, 14][2, 6][18, 22] 
[2, 29, 10, 15, 16][9, 1, 4, 20, 14][5, 21, 6, 13, 18][27, 7, 25, 28][11, 3, 23, 24][17, 22, 12, 19][0, 12, 8, 26][11, 25][27, 29][11, 14][2, 6][18, 22] 
[2, 29, 10, 15, 16][5, 21, 6, 13, 18][9, 1, 4, 20, 14][27, 7, 25, 28][11, 3, 23, 24][17, 22, 12, 19][0, 12, 8, 26][27, 29][2, 6][11, 25][11, 14][18, 22] 
[8, 26, 0, 19, 12, 22, 17][15, 27, 7, 25, 28, 16][5, 21, 6, 13, 18][9, 1, 4, 20, 14][2, 29, 10][3, 23, 24][18, 22][2, 6][10, 15][11, 25][11, 14][3, 11] 
[15, 27, 7, 25, 28, 16][5, 21, 6, 13, 18][14, 9, 1, 4, 20][17, 22, 12, 19][0, 12, 8, 26][11, 3, 23, 24][2, 29, 10][18, 22][2, 6][27, 29][11, 25][11, 14] 
[15, 27, 7, 25, 28, 16][5, 21, 6, 13, 18][14, 9, 1, 4, 20][17, 22, 12, 19][0, 12, 8, 26][11, 3, 23, 24][2, 29, 10][2, 6][18, 22][27, 29][11, 25][11, 14] 
[15, 27, 7, 25, 28, 16][5, 21, 6, 13, 18][14, 9, 1, 4, 20][17, 22, 12, 19][0, 12, 8, 26][11, 3, 23, 24][2, 29, 10][27, 29][2, 6][18, 22][11, 25][11, 14] 
[15, 27, 7, 25, 28, 16][5, 21, 6, 13, 18][14, 9, 1, 4, 20][17, 22, 12, 19][0, 12, 8, 26][11, 3, 23, 24][2, 29, 10][18, 22][2, 6][27, 29][11, 25][11, 14] 
[15, 27, 7, 25, 28, 16][5, 21, 6, 13, 18][14, 9, 1, 4, 20][17, 22, 12, 19][0, 12, 8, 26][11, 3, 23, 24][2, 29, 10][18, 22][2, 6][27, 29][11, 25][11, 14] 
[15, 27, 7, 25, 28, 16][5, 21, 6, 13, 18][9, 1, 4, 20, 14][0, 12, 8, 26][17, 22, 12, 19][11, 3, 23, 24][2, 29, 10][18, 22][2, 6][10, 15][11, 25][11, 14] 
[15, 27, 7, 25, 28, 16][5, 21, 6, 13, 18][14, 9, 1, 4, 20][17, 22, 12, 19][0, 12, 8, 26][11, 3, 23, 24][2, 29, 10][18, 22][2, 6][27, 29][11, 25][11, 14] 
[2, 29, 10, 15, 16][5, 21, 6, 13, 18][9, 1, 4, 20, 14][27, 7, 25, 28][11, 3, 23, 24][17, 22, 12, 19][0, 12, 8, 26][27, 29][2, 6][11, 25][11, 14][18, 22] 
[9, 1, 4, 20, 14][2, 29, 10, 15, 16][5, 21, 6, 13, 18][11, 3, 23, 24][27, 7, 25, 28][17, 22, 12, 19][0, 12, 8, 26][11, 14][11, 25][27, 29][2, 6][18, 22] 
[2, 29, 10, 15, 16][9, 1, 4, 20, 14][5, 21, 6, 13, 18][27, 7, 25, 28][11, 3, 23, 24][17, 22, 12, 19][0, 12, 8, 26][11, 25][27, 29][11, 14][2, 6][18, 22] 
[2, 29, 10, 15, 16][5, 21, 6, 13, 18][9, 1, 4, 20, 14][27, 7, 25, 28][11, 3, 23, 24][17, 22, 12, 19][0, 12, 8, 26][27, 29][2, 6][11, 25][11, 14][18, 22] 
[2, 29, 10, 15, 16][9, 1, 4, 20, 14][5, 21, 6, 13, 18][27, 7, 25, 28][11, 3, 23, 24][17, 22, 12, 19][0, 12, 8, 26][11, 25][27, 29][11, 14][2, 6][18, 22] 
[2, 29, 10, 15, 16][5, 21, 6, 13, 18][9, 1, 4, 20, 14][27, 7, 25, 28][11, 3, 23, 24][17, 22, 12, 19][0, 12, 8, 26][27, 29][2, 6][11, 25][11, 14][18, 22] 
[2, 29, 10, 15, 16][5, 21, 6, 13, 18][9, 1, 4, 20, 14][27, 7, 25, 28][11, 3, 23, 24][17, 22, 12, 19][0, 12, 8, 26][27, 29][2, 6][11, 25][11, 14][18, 22] 
[2, 29, 10, 15, 16][5, 21, 6, 13, 18][9, 1, 4, 20, 14][27, 7, 25, 28][11, 3, 23, 24][17, 22, 12, 19][0, 12, 8, 26][27, 29][2, 6][11, 25][11, 14][18, 22] 
[2, 29, 10, 15, 16][5, 21, 6, 13, 18][9, 1, 4, 20, 14][27, 7, 25, 28][11, 3, 23, 24][17, 22, 12, 19][0, 12, 8, 26][27, 29][2, 6][11, 25][11, 14][18, 22] 
[9, 1, 4, 20, 14][2, 29, 10, 15, 16][5, 21, 6, 13, 18][11, 3, 23, 24][27, 7, 25, 28][17, 22, 12, 19][0, 12, 8, 26][11, 14][11, 25][27, 29][2, 6][18, 22] 
[2, 29, 10, 15, 16][5, 21, 6, 13, 18][9, 1, 4, 20, 14][27, 7, 25, 28][11, 3, 23, 24][17, 22, 12, 19][0, 12, 8, 26][27, 29][2, 6][11, 25][11, 14][18, 22] 
[2, 29, 10, 15, 16][5, 21, 6, 13, 18][9, 1, 4, 20, 14][27, 7, 25, 28][11, 3, 23, 24][17, 22, 12, 19][0, 12, 8, 26][27, 29][2, 6][11, 25][11, 14][18, 22] 
[2, 29, 10, 15, 16][5, 21, 6, 13, 18][9, 1, 4, 20, 14][27, 7, 25, 28][11, 3, 23, 24][17, 22, 12, 19][0, 12, 8, 26][27, 29][2, 6][11, 25][11, 14][18, 22] 
[2, 29, 10, 15, 16][5, 21, 6, 13, 18][9, 1, 4, 20, 14][27, 7, 25, 28][11, 3, 23, 24][17, 22, 12, 19][0, 12, 8, 26][27, 29][2, 6][11, 25][11, 14][18, 22] 
[2, 29, 10, 15, 16][5, 21, 6, 13, 18][9, 1, 4, 20, 14][27, 7, 25, 28][11, 3, 23, 24][17, 22, 12, 19][0, 12, 8, 26][27, 29][2, 6][11, 25][11, 14][18, 22] 
[8, 26, 0, 19, 12, 22, 17][9, 1, 4, 20, 14][2, 29, 10, 15, 16][5, 21, 6, 13, 18][11, 3, 23, 24][27, 7, 25, 28][11, 14][11, 25][16, 28][2, 6][18, 22][12, 19] 
[8, 26, 0, 19, 12, 22, 17][9, 1, 4, 20, 14][2, 29, 10, 15, 16][5, 21, 6, 13, 18][11, 3, 23, 24][27, 7, 25, 28][11, 14][11, 25][16, 28][2, 6][18, 22][12, 19] 
[8, 26, 0, 19, 12, 22, 17][9, 1, 4, 20, 14][2, 29, 10, 15, 16][5, 21, 6, 13, 18][11, 3, 23, 24][27, 7, 25, 28][11, 14][11, 25][16, 28][2, 6][18, 22][12, 19] 
[8, 26, 0, 19, 12, 22, 17][9, 1, 4, 20, 14][2, 29, 10, 15, 16][5, 21, 6, 13, 18][11, 3, 23, 24][27, 7, 25, 28][11, 25][11, 14][16, 28][2, 6][18, 22][8, 26] 
[8, 26, 0, 19, 12, 22, 17][9, 1, 4, 20, 14][2, 29, 10, 15, 16][5, 21, 6, 13, 18][11, 3, 23, 24][27, 7, 25, 28][11, 25][11, 14][16, 28][2, 6][18, 22][8, 26] 
[8, 26, 0, 19, 12, 22, 17][15, 27, 7, 25, 28, 16][9, 1, 4, 20, 14, 24][5, 21, 6, 13, 18][2, 29, 10][3, 23, 24][12, 19][18, 22][2, 6][10, 15][11, 25][3, 11] 
[15, 27, 7, 25, 28, 16][5, 21, 6, 13, 18][14, 9, 1, 4, 20][0, 12, 8, 26][17, 22, 12, 19][11, 3, 23, 24][2, 29, 10][18, 22][2, 6][10, 15][11, 25][11, 14] 
[15, 27, 7, 25, 28, 16][14, 9, 1, 4, 20][5, 21, 6, 13, 18][11, 3, 23, 24][17, 22, 12, 19][0, 12, 8, 26][2, 29, 10][11, 14][11, 25][10, 15][2, 6][18, 22] 
[15, 27, 7, 25, 28, 16][5, 21, 6, 13, 18][14, 9, 1, 4, 20][0, 12, 8, 26][17, 22, 12, 19][11, 3, 23, 24][2, 29, 10][18, 22][2, 6][10, 15][11, 25][11, 14] 
[15, 27, 7, 25, 28, 16][5, 21, 6, 13, 18][14, 9, 1, 4, 20][11, 3, 23, 24][17, 22, 12, 19][0, 12, 8, 26][2, 29, 10][11, 25][10, 15][2, 6][11, 14][18, 22] 
[15, 27, 7, 25, 28, 16][14, 9, 1, 4, 20][5, 21, 6, 13, 18][11, 3, 23, 24][17, 22, 12, 19][0, 12, 8, 26][2, 29, 10][11, 14][11, 25][10, 15][2, 6][18, 22] 
[2, 29, 10, 15, 16][5, 21, 6, 13, 18][9, 1, 4, 20, 14][27, 7, 25, 28][11, 3, 23, 24][17, 22, 12, 19][0, 12, 8, 26][27, 29][2, 6][11, 25][11, 14][18, 22] 
[15, 27, 7, 25, 28, 16][5, 21, 6, 13, 18][14, 9, 1, 4, 20][17, 22, 12, 19][0, 12, 8, 26][11, 3, 23, 24][2, 29, 10][18, 22][2, 6][10, 15][11, 25][11, 14] 
