[6, 13, 18, 22, 12, 0, 26][24, 7, 25, 28][15, 27, 7, 20][5, 21, 10, 16][9, 1, 3, 23][8, 19, 17, 11][4, 20, 14][27, 2, 29][10, 15][9, 14][3, 11][17, 22] 
[6, 13, 18, 22, 12, 0, 26][15, 27, 7, 20][24, 7, 25, 28][9, 1, 3, 23][8, 19, 17, 11][5, 21, 10, 16][27, 2, 29][4, 20, 14][9, 14][3, 11][10, 15][17, 22] 
[6, 13, 18, 22, 12, 0, 26][8, 19, 17, 11][9, 1, 3, 23][15, 27, 7, 20][24, 7, 25, 28][5, 21, 10, 16][4, 20, 14][27, 2, 29][17, 22][3, 11][14, 23][10, 15] 
[13, 18, 22, 12, 0, 26][6, 5, 21, 10, 16][4, 24, 7, 25, 28][15, 27, 7, 20][9, 1, 3, 23][8, 19, 17, 11][27, 2, 29][10, 15][14, 20][14, 23][3, 11][17, 22] 
[13, 18, 22, 12, 0, 26][9, 1, 3, 23][15, 27, 7, 20][24, 7, 25, 28][5, 21, 10, 16][8, 19, 17, 11][4, 20, 14][6, 10, 15][27, 2, 29][9, 14][3, 11][17, 22] 
[13, 18, 22, 12, 0, 26][8, 19, 17, 11][9, 1, 3, 23][15, 27, 7, 20][24, 7, 25, 28][5, 21, 10, 16][4, 20, 14][6, 10, 15][27, 2, 29][3, 11][9, 14][17, 22] 
[13, 18, 22, 12, 0, 26][9, 1, 3, 23][15, 27, 7, 20][24, 7, 25, 28][5, 21, 10, 16][8, 19, 17, 11][4, 20, 14][6, 10, 15][27, 2, 29][9, 14][3, 11][17, 22] 
[13, 18, 22, 12, 0, 26][15, 27, 7, 20][24, 7, 25, 28][5, 21, 10, 16][9, 1, 3, 23][8, 19, 17, 11][4, 20, 14][27, 2, 29][6, 10, 15][9, 14][3, 11][17, 22] 
[13, 18, 22, 12, 0, 26][8, 19, 17, 11][9, 1, 3, 23][15, 27, 7, 20][24, 7, 25, 28][5, 21, 10, 16][4, 20, 14][6, 10, 15][27, 2, 29][3, 11][9, 14][17, 22] 
[13, 18, 22, 12, 0, 26][9, 1, 3, 23][15, 27, 7, 20][24, 7, 25, 28][5, 21, 10, 16][8, 19, 17, 11][4, 20, 14][6, 10, 15][27, 2, 29][9, 14][3, 11][17, 22] 
[6, 13, 18, 22, 12, 0, 26][9, 1, 3, 23][15, 27, 7, 20][24, 7, 25, 28][5, 21, 10, 16][8, 19, 17, 11][4, 20, 14][27, 2, 29][9, 14][10, 15][3, 11][17, 22] 
[6, 13, 18, 22, 12, 0, 26][9, 1, 3, 23][15, 27, 7, 20][24, 7, 25, 28][5, 21, 10, 16][8, 19, 17, 11][4, 20, 14][27, 2, 29][9, 14][10, 15][3, 11][17, 22] 
[6, 13, 18, 22, 12, 0, 26][15, 27, 7, 20][24, 7, 25, 28][5, 21, 10, 16][9, 1, 3, 23][8, 19, 17, 11][27, 2, 29][4, 20, 14][10, 15][14, 23][3, 11][17, 22] 
[13, 18, 22, 12, 0, 26][15, 27, 7, 20][5, 21, 10, 16][24, 7, 25, 28][9, 1, 3, 23][8, 19, 17, 11][6, 10, 15][27, 2, 29][4, 20, 14][9, 14][3, 11][17, 22] 
[13, 18, 22, 12, 0, 26][15, 27, 7, 20][5, 21, 10, 16][24, 7, 25, 28][9, 1, 3, 23][8, 19, 17, 11][6, 10, 15][27, 2, 29][4, 20, 14][9, 14][3, 11][17, 22] 
[13, 18, 22, 12, 0, 26][9, 1, 3, 23][15, 27, 7, 20][24, 7, 25, 28][5, 21, 10, 16][8, 19, 17, 11][4, 20, 14][6, 10, 15][27, 2, 29][9, 14][3, 11][17, 22] 
[6, 13, 18, 22, 12, 0, 26][15, 27, 7, 20][24, 7, 25, 28][5, 21, 10, 16][9, 1, 3, 23][8, 19, 17, 11][4, 20, 14][27, 2, 29][10, 15][9, 14][3, 11][17, 22] 
[6, 13, 18, 22, 12, 0, 26][15, 27, 7, 20][24, 7, 25, 28][5, 21, 10, 16][9, 1, 3, 23][8, 19, 17, 11][4, 20, 14][27, 2, 29][10, 15][9, 14][3, 11][17, 22] 
[13, 18, 22, 12, 0, 26][8, 19, 17, 11][9, 1, 3, 23][15, 27, 7, 20][24, 7, 25, 28][5, 21, 10, 16][4, 20, 14][6, 10, 15][27, 2, 29][3, 11][17, 22][9, 14] 
[6, 13, 18, 22, 12, 0, 26][9, 1, 3, 23][15, 27, 7, 20][24, 7, 25, 28][5, 21, 10, 16][8, 19, 17, 11][4, 20, 14][27, 2, 29][9, 14][10, 15][3, 11][17, 22] 
[6, 13, 18, 22, 12, 0, 26][15, 27, 7, 20][24, 7, 25, 28][5, 21, 10, 16][9, 1, 3, 23][8, 19, 17, 11][27, 2, 29][4, 20, 14][10, 15][9, 14][3, 11][17, 22] 
[6, 13, 18, 22, 12, 0, 26][24, 7, 25, 28][15, 27, 7, 20][5, 21, 10, 16][9, 1, 3, 23][8, 19, 17, 11][4, 20, 14][27, 2, 29][10, 15][9, 14][3, 11][17, 22] 
[6, 13, 18, 22, 12, 0, 26][15, 27, 7, 20][24, 7, 25, 28][5, 21, 10, 16][9, 1, 3, 23][8, 19, 17, 11][27, 2, 29][4, 20, 14][10, 15][14, 23][3, 11][17, 22] 
[13, 18, 22, 12, 0, 26][9, 1, 3, 23][15, 27, 7, 20][24, 7, 25, 28][5, 21, 10, 16][8, 19, 17, 11][4, 20, 14][6, 10, 15][27, 2, 29][9, 14][3, 11][17, 22] 
[13, 18, 22, 12, 0, 26][15, 27, 7, 20][24, 7, 25, 28][5, 21, 10, 16][9, 1, 3, 23][8, 19, 17, 11][27, 2, 29][4, 20, 14][6, 10, 15][9, 14][3, 11][17, 22] 
[13, 18, 22, 12, 0, 26][15, 27, 7, 20][24, 7, 25, 28][5, 21, 10, 16][9, 1, 3, 23][8, 19, 17, 11][6, 10, 15][27, 2, 29][4, 20, 14][9, 14][3, 11][17, 22] 
[6, 13, 18, 22, 12, 0, 26][9, 1, 3, 23][15, 27, 7, 20][24, 7, 25, 28][5, 21, 10, 16][8, 19, 17, 11][4, 20, 14][27, 2, 29][9, 14][10, 15][3, 11][17, 22] 
[6, 13, 18, 22, 12, 0, 26][15, 27, 7, 20][24, 7, 25, 28][5, 21, 10, 16][9, 1, 3, 23][8, 19, 17, 11][4, 20, 14][27, 2, 29][10, 15][9, 14][3, 11][17, 22] 
[13, 18, 22, 12, 0, 26][15, 27, 7, 20][24, 7, 25, 28][5, 21, 10, 16][9, 1, 3, 23][8, 19, 17, 11][27, 2, 29][4, 20, 14][6, 10, 15][9, 14][3, 11][17, 22] 
[6, 13, 18, 22, 12, 0, 26][15, 27, 7, 20][24, 7, 25, 28][5, 21, 10, 16][9, 1, 3, 23][8, 19, 17, 11][4, 20, 14][27, 2, 29][10, 15][9, 14][3, 11][17, 22] 
[6, 13, 18, 22, 12, 0, 26][15, 27, 7, 20][24, 7, 25, 28][9, 1, 3, 23][5, 21, 10, 16][8, 19, 17, 11][27, 2, 29][4, 20, 14][9, 14][10, 15][3, 11][17, 22] 
[6, 13, 18, 22, 12, 0, 26][15, 27, 7, 20][24, 7, 25, 28][9, 1, 3, 23][5, 21, 10, 16][8, 19, 17, 11][27, 2, 29][4, 20, 14][9, 14][10, 15][3, 11][17, 22] 
[13, 18, 22, 12, 0, 26][15, 27, 7, 20][24, 7, 25, 28][5, 21, 10, 16][9, 1, 3, 23][8, 19, 17, 11][6, 10, 15][27, 2, 29][4, 20, 14][9, 14][3, 11][17, 22] 
[6, 13, 18, 22, 12, 0, 26][9, 1, 3, 23][15, 27, 7, 20][24, 7, 25, 28][5, 21, 10, 16][8, 19, 17, 11][4, 20, 14][27, 2, 29][9, 14][10, 15][3, 11][17, 22] 
[6, 13, 18, 22, 12, 0, 26][15, 27, 7, 20][24, 7, 25, 28][5, 21, 10, 16][9, 1, 3, 23][8, 19, 17, 11][4, 20, 14][27, 2, 29][10, 15][9, 14][3, 11][17, 22] 
[24, 3, 11, 25, 28, 17, 19, 18, 0, 22, 12, 8, 26][0, 13, 6, 2, 27, 16, 10, 29, 15, 21, 5][4, 3, 23, 1, 9, 14, 7][3, 23][14, 20][3, 11][17, 28][2, 27][2, 27][2, 27][17, 28][10, 16] 
[24, 3, 11, 25, 28, 17, 19, 18, 0, 22, 12, 8, 26][0, 13, 6, 2, 27, 16, 10, 29, 15, 21, 5][4, 3, 23, 1, 9, 14, 7][3, 23][14, 20][3, 11][17, 28][2, 27][2, 27][2, 27][17, 28][10, 16] 
[24, 3, 11, 25, 28, 17, 19, 18, 0, 22, 12, 8, 26][0, 13, 6, 2, 27, 16, 10, 29, 15, 21, 5][4, 3, 23, 1, 9, 14, 7][3, 23][14, 20][3, 11][17, 28][2, 27][2, 27][2, 27][17, 28][10, 16] 
[4, 24, 3, 11, 25, 28, 17, 19, 18, 0, 22, 12, 8, 26][5, 21, 15, 29, 10, 16, 27, 2, 6, 13][3, 23, 1, 9, 14, 7][0, 13][20, 24][17, 28][1, 9][2, 27][2, 27][17, 28][2, 27][17, 28] 
[4, 24, 3, 11, 25, 28, 17, 19, 18, 0, 22, 12, 8, 26][5, 21, 15, 29, 10, 16, 27, 2, 6, 13][3, 23, 1, 9, 14, 7][0, 13][20, 24][17, 28][1, 9][2, 27][2, 27][17, 28][2, 27][17, 28] 
[24, 3, 11, 25, 28, 17, 19, 18, 0, 22, 12, 8, 26][5, 21, 15, 29, 10, 16, 27, 2, 6, 13][3, 23, 1, 9, 14, 7][9, 14][0, 13][20, 24][4, 23][17, 28][1, 9][2, 27][1, 9][2, 27] 
[24, 3, 11, 25, 28, 17, 19, 18, 0, 22, 12, 8, 26][0, 13, 6, 2, 27, 16, 10, 29, 15, 21, 5][4, 3, 23, 1, 9, 14, 7][3, 23][14, 20][3, 11][17, 28][2, 27][2, 27][2, 27][17, 28][10, 16] 
[24, 3, 11, 25, 28, 17, 19, 18, 0, 22, 12, 8, 26][0, 13, 6, 2, 27, 16, 10, 29, 15, 21, 5][4, 3, 23, 1, 9, 14, 7][3, 23][14, 20][3, 11][17, 28][2, 27][2, 27][2, 27][17, 28][10, 16] 
[4, 24, 3, 11, 25, 28, 17, 19, 18, 0, 22, 12, 8, 26][5, 21, 15, 29, 10, 16, 27, 2, 6, 13][3, 23, 1, 9, 14, 7][0, 13][20, 24][17, 28][1, 9][2, 27][2, 27][17, 28][2, 27][17, 28] 
[24, 3, 11, 25, 28, 17, 19, 18, 0, 22, 12, 8, 26][0, 13, 6, 2, 27, 16, 10, 29, 15, 21, 5][4, 3, 23, 1, 9, 14, 7][3, 23][14, 20][3, 11][17, 28][2, 27][2, 27][2, 27][17, 28][10, 16] 
[24, 3, 11, 25, 28, 17, 19, 18, 0, 22, 12, 8, 26][0, 13, 6, 2, 27, 16, 10, 29, 15, 21, 5][4, 3, 23, 1, 9, 14, 7][3, 23][14, 20][3, 11][17, 28][2, 27][2, 27][2, 27][17, 28][10, 16] 
[24, 3, 11, 25, 28, 17, 19, 18, 0, 22, 12, 8, 26][0, 13, 6, 2, 27, 16, 10, 29, 15, 21, 5][4, 3, 23, 1, 9, 14, 7][3, 23][14, 20][3, 11][17, 28][2, 27][2, 27][2, 27][17, 28][10, 16] 
[4, 24, 3, 11, 25, 28, 17, 19, 18, 0, 22, 12, 8, 26][5, 21, 15, 29, 10, 16, 27, 2, 6, 13][3, 23, 1, 9, 14, 7][0, 13][20, 24][17, 28][1, 9][2, 27][2, 27][17, 28][2, 27][17, 28] 
[24, 3, 11, 25, 28, 17, 19, 18, 0, 22, 12, 8, 26][0, 13, 6, 2, 27, 16, 10, 29, 15, 21, 5][4, 3, 23, 1, 9, 14, 7][3, 23][14, 20][3, 11][17, 28][2, 27][2, 27][2, 27][17, 28][10, 16] 
[24, 3, 11, 25, 28, 17, 19, 18, 0, 22, 12, 8, 26][0, 13, 6, 2, 27, 16, 10, 29, 15, 21, 5][4, 3, 23, 1, 9, 14, 7][3, 23][14, 20][3, 11][17, 28][2, 27][2, 27][2, 27][17, 28][10, 16] 
[24, 3, 11, 25, 28, 17, 19, 18, 0, 22, 12, 8, 26][0, 13, 6, 2, 27, 16, 10, 29, 15, 21, 5][4, 3, 23, 1, 9, 14, 7][2, 27][20, 24][1, 9][1, 9][2, 27][17, 28][17, 28][1, 9][1, 9] 
[24, 3, 11, 25, 28, 17, 19, 18, 0, 22, 12, 8, 26][0, 13, 6, 2, 27, 16, 10, 29, 15, 21, 5][4, 3, 23, 1, 9, 14, 7][2, 27][20, 24][1, 9][1, 9][2, 27][17, 28][17, 28][1, 9][1, 9] 
[24, 3, 11, 25, 28, 17, 19, 18, 0, 22, 12, 8, 26][0, 13, 6, 2, 27, 16, 10, 29, 15, 21, 5][3, 23, 1, 9, 14, 7][20, 24][15, 21][17, 28][25, 28][15, 21][17, 28][1, 9][17, 28][3, 4] 
[24, 3, 11, 25, 28, 17, 19, 18, 0, 22, 12, 8, 26][0, 13, 6, 2, 27, 16, 10, 29, 15, 21, 5][4, 3, 23, 1, 9, 14, 7][2, 27][20, 24][1, 9][1, 9][2, 27][17, 28][17, 28][1, 9][1, 9] 
[24, 3, 11, 25, 28, 17, 19, 18, 0, 22, 12, 8, 26][0, 13, 6, 2, 27, 16, 10, 29, 15, 21, 5][4, 3, 23, 1, 9, 14, 7][20, 24][15, 21][17, 28][17, 28][2, 27][1, 9][2, 27][17, 28][17, 28] 
[24, 3, 11, 25, 28, 17, 19, 18, 0, 22, 12, 8, 26][0, 13, 6, 2, 27, 16, 10, 29, 15, 21, 5][4, 3, 23, 1, 9, 14, 7][20, 24][15, 21][17, 28][17, 28][2, 27][1, 9][2, 27][17, 28][17, 28] 
[13, 18, 22, 12, 0, 26][8, 19, 17, 11][9, 1, 3, 23][15, 27, 7, 20][24, 7, 25, 28][5, 21, 10, 16][4, 20, 14][27, 2, 29][6, 10, 15][3, 11][17, 22][9, 14] 
[13, 18, 22, 12, 0, 26][8, 19, 17, 11][9, 1, 3, 23][15, 27, 7, 20][24, 7, 25, 28][5, 21, 10, 16][4, 20, 14][6, 10, 15][27, 2, 29][17, 22][3, 11][9, 14] 
[13, 18, 22, 12, 0, 26][15, 27, 7, 20][24, 7, 25, 28][5, 21, 10, 16][9, 1, 3, 23][8, 19, 17, 11][27, 2, 29][6, 10, 15][4, 20, 14][9, 14][3, 11][17, 22] 
[13, 18, 22, 12, 0, 26][8, 19, 17, 11][9, 1, 3, 23][15, 27, 7, 20][24, 7, 25, 28][5, 21, 10, 16][4, 20, 14][6, 10, 15][27, 2, 29][17, 22][3, 11][9, 14] 
[13, 18, 22, 12, 0, 26][9, 1, 3, 23][8, 19, 17, 11][15, 27, 7, 20][24, 7, 25, 28][5, 21, 10, 16][4, 20, 14][27, 2, 29][6, 10, 15][3, 11][17, 22][9, 14] 
[13, 18, 22, 12, 0, 26][8, 19, 17, 11][9, 1, 3, 23][15, 27, 7, 20][24, 7, 25, 28][5, 21, 10, 16][4, 20, 14][27, 2, 29][6, 10, 15][17, 22][3, 11][9, 14] 
[13, 18, 22, 12, 0, 26][8, 19, 17, 11][9, 1, 3, 23][15, 27, 7, 20][24, 7, 25, 28][5, 21, 10, 16][4, 20, 14][6, 10, 15][27, 2, 29][17, 22][3, 11][9, 14] 
[13, 18, 22, 12, 0, 26][8, 19, 17, 11][9, 1, 3, 23][15, 27, 7, 20][24, 7, 25, 28][5, 21, 10, 16][4, 20, 14][6, 10, 15][27, 2, 29][3, 11][17, 22][9, 14] 
[13, 18, 22, 12, 0, 26][9, 1, 3, 23][8, 19, 17, 11][15, 27, 7, 20][24, 7, 25, 28][5, 21, 10, 16][4, 20, 14][27, 2, 29][6, 10, 15][3, 11][17, 22][9, 14] 
[13, 18, 22, 12, 0, 26][15, 27, 7, 20][5, 21, 10, 16][24, 7, 25, 28][9, 1, 3, 23][8, 19, 17, 11][6, 10, 15][27, 2, 29][4, 20, 14][9, 14][3, 11][17, 22] 
[13, 18, 22, 12, 0, 26][15, 27, 7, 20][24, 7, 25, 28][5, 21, 10, 16][9, 1, 3, 23][8, 19, 17, 11][6, 10, 15][27, 2, 29][4, 20, 14][9, 14][3, 11][17, 22] 
[13, 18, 22, 12, 0, 26][9, 1, 3, 23][8, 19, 17, 11][15, 27, 7, 20][24, 7, 25, 28][5, 21, 10, 16][4, 20, 14][27, 2, 29][6, 10, 15][3, 11][17, 22][9, 14] 
[13, 18, 22, 12, 0, 26][8, 19, 17, 11][9, 1, 3, 23][15, 27, 7, 20][24, 7, 25, 28][5, 21, 10, 16][4, 20, 14][27, 2, 29][6, 10, 15][17, 22][3, 11][9, 14] 
[13, 18, 22, 12, 0, 26][9, 1, 3, 23][8, 19, 17, 11][15, 27, 7, 20][24, 7, 25, 28][5, 21, 10, 16][4, 20, 14][27, 2, 29][6, 10, 15][3, 11][17, 22][9, 14] 
[13, 18, 22, 12, 0, 26][8, 19, 17, 11][9, 1, 3, 23][15, 27, 7, 20][24, 7, 25, 28][5, 21, 10, 16][4, 20, 14][27, 2, 29][6, 10, 15][17, 22][3, 11][9, 14] 
[6, 13, 18, 22, 12, 0, 26][8, 19, 17, 11][9, 1, 3, 23][15, 27, 7, 20][24, 7, 25, 28][5, 21, 10, 16][4, 20, 14][27, 2, 29][3, 11][17, 22][9, 14][10, 15] 
[6, 13, 18, 22, 12, 0, 26][9, 1, 3, 23][8, 19, 17, 11][15, 27, 7, 20][24, 7, 25, 28][5, 21, 10, 16][4, 20, 14][27, 2, 29][3, 11][17, 22][9, 14][10, 15] 
[6, 13, 18, 22, 12, 0, 26][9, 1, 3, 23][15, 27, 7, 20][24, 7, 25, 28][5, 21, 10, 16][8, 19, 17, 11][4, 20, 14][27, 2, 29][9, 14][10, 15][3, 11][17, 22] 
[6, 13, 18, 22, 12, 0, 26][9, 1, 3, 23][15, 27, 7, 20][24, 7, 25, 28][5, 21, 10, 16][8, 19, 17, 11][4, 20, 14][27, 2, 29][9, 14][10, 15][3, 11][17, 22] 
[6, 13, 18, 22, 12, 0, 26][24, 7, 25, 28][15, 27, 7, 20][5, 21, 10, 16][9, 1, 3, 23][8, 19, 17, 11][4, 20, 14][27, 2, 29][10, 15][9, 14][3, 11][17, 22] 
[6, 13, 18, 22, 12, 0, 26][8, 19, 17, 11][4, 20, 14, 23][15, 27, 7, 20][24, 7, 25, 28][5, 21, 10, 16][3, 1, 9][27, 2, 29][17, 22][3, 11][9, 14][10, 15] 
[13, 18, 22, 12, 0, 26][8, 19, 17, 11][9, 1, 3, 23][15, 27, 7, 20][24, 7, 25, 28][5, 21, 10, 16][4, 20, 14][27, 2, 29][6, 10, 15][3, 11][17, 22][9, 14] 
[13, 18, 22, 12, 0, 26][9, 1, 3, 23][8, 19, 17, 11][15, 27, 7, 20][24, 7, 25, 28][5, 21, 10, 16][4, 20, 14][27, 2, 29][6, 10, 15][3, 11][17, 22][9, 14] 
[13, 18, 22, 12, 0, 26][15, 27, 7, 20][24, 7, 25, 28][5, 21, 10, 16][9, 1, 3, 23][8, 19, 17, 11][27, 2, 29][6, 10, 15][4, 20, 14][9, 14][3, 11][17, 22] 
[13, 18, 22, 12, 0, 26][9, 1, 3, 23][8, 19, 17, 11][15, 27, 7, 20][24, 7, 25, 28][5, 21, 10, 16][4, 20, 14][27, 2, 29][6, 10, 15][3, 11][17, 22][9, 14] 
[13, 18, 22, 12, 0, 26][8, 19, 17, 11][9, 1, 3, 23][15, 27, 7, 20][24, 7, 25, 28][5, 21, 10, 16][4, 20, 14][6, 10, 15][27, 2, 29][17, 22][3, 11][9, 14] 
[6, 13, 18, 22, 12, 0, 26][9, 1, 3, 23][8, 19, 17, 11][15, 27, 7, 20][24, 7, 25, 28][5, 21, 10, 16][4, 20, 14][27, 2, 29][3, 11][9, 14][10, 15][17, 22] 
[13, 18, 22, 12, 0, 26][9, 1, 3, 23][8, 19, 17, 11][15, 27, 7, 20][24, 7, 25, 28][5, 21, 10, 16][4, 20, 14][27, 2, 29][6, 10, 15][3, 11][17, 22][9, 14] 
[6, 13, 18, 22, 12, 0, 26][9, 1, 3, 23][8, 19, 17, 11][15, 27, 7, 20][24, 7, 25, 28][5, 21, 10, 16][4, 20, 14][27, 2, 29][3, 11][17, 22][9, 14][10, 15] 
[6, 13, 18, 22, 12, 0, 26][15, 27, 7, 20][24, 7, 25, 28][5, 21, 10, 16][9, 1, 3, 23][8, 19, 17, 11][27, 2, 29][4, 20, 14][10, 15][9, 14][3, 11][17, 22] 
[6, 13, 18, 22, 12, 0, 26][24, 7, 25, 28][15, 27, 7, 20][5, 21, 10, 16][9, 1, 3, 23][8, 19, 17, 11][4, 20, 14][27, 2, 29][10, 15][9, 14][3, 11][17, 22] 
[6, 13, 18, 22, 12, 0, 26][9, 1, 3, 23][8, 19, 17, 11][15, 27, 7, 20][24, 7, 25, 28][5, 21, 10, 16][4, 20, 14][27, 2, 29][3, 11][9, 14][10, 15][17, 22] 
[6, 13, 18, 22, 12, 0, 26][9, 1, 3, 23][8, 19, 17, 11][15, 27, 7, 20][24, 7, 25, 28][5, 21, 10, 16][4, 20, 14][27, 2, 29][3, 11][17, 22][9, 14][10, 15] 
[6, 13, 18, 22, 12, 0, 26][9, 1, 3, 23][8, 19, 17, 11][15, 27, 7, 20][24, 7, 25, 28][5, 21, 10, 16][4, 20, 14][27, 2, 29][3, 11][9, 14][10, 15][17, 22] 
[6, 13, 18, 22, 12, 0, 26][15, 27, 7, 20][24, 7, 25, 28][9, 1, 3, 23][8, 19, 17, 11][5, 21, 10, 16][27, 2, 29][4, 20, 14][9, 14][3, 11][10, 15][17, 22] 
[6, 13, 18, 22, 12, 0, 26][15, 27, 7, 20][24, 7, 25, 28][5, 21, 10, 16][9, 1, 3, 23][8, 19, 17, 11][4, 20, 14][27, 2, 29][10, 15][9, 14][3, 11][17, 22] 
[6, 13, 18, 22, 12, 0, 26][15, 27, 7, 20][24, 7, 25, 28][5, 21, 10, 16][9, 1, 3, 23][8, 19, 17, 11][4, 20, 14][27, 2, 29][10, 15][9, 14][3, 11][17, 22] 
[6, 13, 18, 22, 12, 0, 26][24, 7, 25, 28][15, 27, 7, 20][5, 21, 10, 16][9, 1, 3, 23][8, 19, 17, 11][4, 20, 14][27, 2, 29][10, 15][9, 14][3, 11][17, 22] 
[6, 13, 18, 22, 12, 0, 26][24, 7, 25, 28][15, 27, 7, 20][5, 21, 10, 16][9, 1, 3, 23][8, 19, 17, 11][4, 20, 14][27, 2, 29][10, 15][9, 14][3, 11][17, 22] 
[6, 13, 18, 22, 12, 0, 26][8, 19, 17, 11][9, 1, 3, 23][15, 27, 7, 20][24, 7, 25, 28][5, 21, 10, 16][4, 20, 14][27, 2, 29][3, 11][9, 14][17, 22][10, 15] 
[6, 13, 18, 22, 12, 0, 26][24, 7, 25, 28][15, 27, 7, 20][5, 21, 10, 16][9, 1, 3, 23][8, 19, 17, 11][4, 20, 14][27, 2, 29][10, 15][9, 14][3, 11][17, 22] 
[6, 13, 18, 22, 12, 0, 26][15, 27, 7, 20][24, 7, 25, 28][5, 21, 10, 16][9, 1, 3, 23][8, 19, 17, 11][4, 20, 14][27, 2, 29][10, 15][9, 14][3, 11][17, 22] 
[6, 13, 18, 22, 12, 0, 26][24, 7, 25, 28][15, 27, 7, 20][5, 21, 10, 16][9, 1, 3, 23][8, 19, 17, 11][4, 20, 14][27, 2, 29][10, 15][9, 14][3, 11][17, 22] 
[6, 13, 18, 22, 12, 0, 26][9, 1, 3, 23][4, 20, 14, 23][15, 27, 7, 20][24, 7, 25, 28][8, 19, 17, 11][5, 21, 10, 16][27, 2, 29][1, 3][3, 11][10, 15][17, 22] 
[13, 18, 22, 12, 0, 26][6, 5, 21, 10, 16][8, 19, 17, 11][9, 1, 3, 23][4, 20, 14, 23][15, 27, 7, 20][24, 7, 25, 28][27, 2, 29][17, 22][3, 11][1, 3][10, 15] 
[13, 18, 22, 12, 0, 26][6, 5, 21, 10, 16][8, 19, 17, 11][9, 1, 3, 23][4, 20, 14, 23][15, 27, 7, 20][24, 7, 25, 28][27, 2, 29][17, 22][3, 11][1, 3][10, 15] 
[13, 18, 22, 12, 0, 26][6, 5, 21, 10, 16][8, 19, 17, 11][9, 1, 3, 23][4, 20, 14, 23][15, 27, 7, 20][24, 7, 25, 28][27, 2, 29][17, 22][3, 11][1, 3][10, 15] 
[13, 18, 22, 12, 0, 26][6, 5, 21, 10, 16][8, 19, 17, 11][9, 1, 3, 23][4, 20, 14, 23][15, 27, 7, 20][24, 7, 25, 28][27, 2, 29][17, 22][3, 11][1, 3][10, 15] 
[13, 18, 22, 12, 0, 26][6, 5, 21, 10, 16][8, 19, 17, 11][9, 1, 3, 23][4, 20, 14, 23][15, 27, 7, 20][24, 7, 25, 28][27, 2, 29][17, 22][3, 11][1, 3][10, 15] 
[13, 18, 22, 12, 0, 26][15, 27, 7, 20][24, 7, 25, 28][5, 21, 10, 16][9, 1, 3, 23][8, 19, 17, 11][6, 15, 10][4, 20, 14][27, 2, 29][9, 14][3, 11][17, 22] 
[13, 18, 22, 12, 0, 26][15, 27, 7, 20][24, 7, 25, 28][5, 21, 10, 16][9, 1, 3, 23][8, 19, 17, 11][6, 15, 10][4, 20, 14][27, 2, 29][9, 14][3, 11][17, 22] 
[13, 18, 22, 12, 0, 26][15, 27, 7, 20][24, 7, 25, 28][5, 21, 10, 16][9, 1, 3, 23][8, 19, 17, 11][6, 15, 10][4, 20, 14][27, 2, 29][9, 14][3, 11][17, 22] 
[13, 18, 22, 12, 0, 26][15, 27, 7, 20][24, 7, 25, 28][5, 21, 10, 16][9, 1, 3, 23][8, 19, 17, 11][6, 15, 10][4, 20, 14][27, 2, 29][9, 14][3, 11][17, 22] 
[13, 18, 22, 12, 0, 26][15, 27, 7, 20][24, 7, 25, 28][5, 21, 10, 16][9, 1, 3, 23][8, 19, 17, 11][6, 15, 10][4, 20, 14][27, 2, 29][9, 14][3, 11][17, 22] 
[6, 13, 18, 22, 12, 0, 26][9, 1, 3, 23][8, 19, 17, 11][15, 27, 7, 20][24, 7, 25, 28][5, 21, 10, 16][4, 20, 14][27, 2, 29][3, 11][17, 22][9, 14][10, 15] 
[13, 18, 22, 12, 0, 26][15, 27, 7, 20][24, 7, 25, 28][5, 21, 10, 16][9, 1, 3, 23][8, 19, 17, 11][6, 15, 10][4, 20, 14][27, 2, 29][9, 14][3, 11][17, 22] 
