[12, 22, 0, 18, 19, 17][4, 24, 20, 7, 28, 25][1, 23, 3, 11, 14, 9][16, 6, 10, 21][5, 15, 2, 29][13, 0, 26][6, 13][16, 27][15, 27][8, 26][7, 27][14, 20] 
[12, 22, 0, 18, 19, 17][4, 24, 20, 7, 28, 25][1, 23, 3, 11, 14, 9][5, 15, 2, 29][6, 10, 21][2, 27, 16][13, 0, 26][2, 10][6, 13][7, 27][14, 20][8, 12] 
[4, 24, 20, 7, 28, 25][1, 23, 3, 11, 14, 9][8, 12, 22, 0, 18, 19][5, 15, 2, 29][13, 0, 26][6, 10, 21][2, 27, 16][17, 19][6, 13][2, 10][7, 27][14, 20] 
[4, 24, 20, 7, 28, 25][1, 23, 3, 11, 14, 9][8, 12, 22, 0, 18, 19][5, 15, 2, 29][13, 0, 26][6, 10, 21][2, 27, 16][17, 19][6, 13][2, 10][7, 27][14, 20] 
[12, 22, 0, 18, 19, 17][4, 24, 20, 7, 28, 25][1, 23, 3, 11, 14, 9][5, 15, 2, 29][13, 0, 26][6, 10, 21][2, 27, 16][8, 26][6, 13][6, 16][7, 27][14, 20] 
[12, 22, 0, 18, 19, 17][4, 24, 20, 7, 28, 25][1, 23, 3, 11, 14, 9][5, 15, 2, 29][13, 0, 26][6, 10, 21][2, 27, 16][8, 26][6, 13][2, 10][7, 27][14, 20] 
[4, 24, 20, 7, 28, 25][1, 23, 3, 11, 14, 9][8, 12, 22, 0, 18, 19][5, 15, 2, 29][13, 0, 26][6, 10, 21][2, 27, 16][17, 19][6, 13][2, 10][7, 27][14, 20] 
[4, 24, 20, 7, 28, 25][1, 23, 3, 11, 14, 9][12, 22, 0, 18, 19, 17][5, 15, 2, 29][2, 27, 16][6, 10, 21][13, 0, 26][14, 20][7, 27][6, 16][6, 13][8, 26] 
[1, 23, 3, 11, 14, 9][4, 24, 20, 7, 28, 25][12, 22, 0, 18, 19, 17][5, 15, 2, 29][2, 27, 16][6, 10, 21][13, 0, 26][14, 20][7, 27][2, 10][6, 13][8, 26] 
[12, 22, 0, 18, 19, 17][4, 24, 20, 7, 28, 25][1, 23, 3, 11, 14, 9][5, 15, 2, 29][6, 10, 21][2, 27, 16][13, 0, 26][6, 16][6, 13][7, 27][14, 20][8, 26] 
[4, 24, 20, 7, 28, 25][1, 23, 3, 11, 14, 9][12, 22, 0, 18, 19, 17][16, 6, 10, 21][5, 15, 2, 29][13, 0, 26][7, 27][16, 27][15, 27][14, 20][6, 13][8, 26] 
[1, 23, 3, 11, 14, 9][4, 24, 20, 7, 28, 25][12, 22, 0, 18, 19, 17][5, 15, 2, 29][2, 27, 16][6, 10, 21][13, 0, 26][14, 20][7, 27][2, 10][6, 13][8, 12] 
[4, 24, 20, 7, 28, 25][1, 23, 3, 11, 14, 9][8, 12, 22, 0, 18, 19][5, 15, 2, 29][13, 0, 26][6, 10, 21][2, 27, 16][17, 19][6, 13][2, 10][7, 27][14, 20] 
[12, 22, 0, 18, 19, 17][4, 24, 20, 7, 28, 25][1, 23, 3, 11, 14, 9][5, 15, 2, 29][6, 10, 21][2, 27, 16][13, 0, 26][6, 16][6, 13][8, 26][7, 27][14, 20] 
[12, 22, 0, 18, 19, 17][4, 24, 20, 7, 28, 25][1, 23, 3, 11, 14, 9][5, 15, 2, 29][6, 10, 21][13, 0, 26][2, 27, 16][6, 13][2, 10][7, 27][14, 20][8, 26] 
[1, 23, 3, 11, 14, 9][4, 24, 20, 7, 28, 25][12, 22, 0, 18, 19, 17][5, 15, 2, 29][2, 27, 16][6, 10, 21][13, 0, 26][14, 20][7, 27][6, 16][6, 13][8, 26] 
[1, 23, 3, 11, 14, 9][4, 24, 20, 7, 28, 25][12, 22, 0, 18, 19, 17][5, 15, 2, 29][16, 6, 10, 21][13, 0, 26][14, 20][7, 27][15, 27][16, 27][6, 13][8, 26] 
[1, 23, 3, 11, 14, 9][4, 24, 20, 7, 28, 25][12, 22, 0, 18, 19, 17][5, 15, 2, 29][2, 27, 16][6, 10, 21][13, 0, 26][14, 20][7, 27][2, 10][6, 13][8, 12] 
[4, 24, 20, 7, 28, 25][1, 23, 3, 11, 14, 9][12, 22, 0, 18, 19, 17][5, 15, 2, 29][6, 10, 21][2, 27, 16][13, 0, 26][6, 16][7, 27][14, 20][6, 13][8, 26] 
[4, 24, 20, 7, 28, 25][1, 23, 3, 11, 14, 9][12, 22, 0, 18, 19, 17][5, 15, 2, 29][16, 6, 10, 21][13, 0, 26][14, 20][7, 27][15, 27][16, 27][6, 13][8, 26] 
[4, 24, 20, 7, 28, 25][1, 23, 3, 11, 14, 9][12, 22, 0, 18, 19, 17][16, 6, 10, 21][5, 15, 2, 29][13, 0, 26][7, 27][16, 27][15, 27][14, 20][6, 13][8, 26] 
[4, 24, 20, 7, 28, 25][1, 23, 3, 11, 14, 9][12, 22, 0, 18, 19, 17][5, 15, 2, 29][2, 27, 16][6, 10, 21][13, 0, 26][2, 10][6, 13][8, 12][7, 27][14, 20] 
[4, 24, 20, 7, 28, 25][1, 23, 3, 11, 14, 9][8, 12, 22, 0, 18, 19][5, 15, 2, 29][13, 0, 26][6, 10, 21][2, 27, 16][17, 19][6, 13][2, 10][7, 27][14, 20] 
[4, 24, 20, 7, 28, 25][1, 23, 3, 11, 14, 9][12, 22, 0, 18, 19, 17][5, 15, 2, 29][2, 27, 16][6, 10, 21][13, 0, 26][14, 20][7, 27][6, 16][6, 13][8, 26] 
[1, 23, 3, 11, 14, 9][4, 24, 20, 7, 28, 25][12, 22, 0, 18, 19, 17][5, 15, 2, 29][2, 27, 16][6, 10, 21][13, 0, 26][14, 20][7, 27][2, 10][6, 13][8, 26] 
[1, 23, 3, 11, 14, 9][4, 24, 20, 7, 28, 25][12, 22, 0, 18, 19, 17][5, 15, 2, 29][2, 27, 16][6, 10, 21][13, 0, 26][14, 20][7, 27][6, 16][6, 13][8, 26] 
[1, 23, 3, 11, 14, 9][4, 24, 20, 7, 28, 25][12, 22, 0, 18, 19, 17][5, 15, 2, 29][16, 6, 10, 21][13, 0, 26][14, 20][7, 27][15, 27][16, 27][6, 13][8, 26] 
[12, 22, 0, 18, 19, 17][4, 24, 20, 7, 28, 25][1, 23, 3, 11, 14, 9][5, 15, 2, 29][6, 10, 21][2, 27, 16][13, 0, 26][2, 10][6, 13][7, 27][14, 20][8, 12] 
[1, 23, 3, 11, 14, 9][4, 24, 20, 7, 28, 25][12, 22, 0, 18, 19, 17][5, 15, 2, 29][2, 27, 16][6, 10, 21][13, 0, 26][14, 20][7, 27][6, 16][6, 13][8, 26] 
[4, 24, 20, 7, 28, 25][1, 23, 3, 11, 14, 9][12, 22, 0, 18, 19, 17][16, 6, 10, 21][5, 15, 2, 29][13, 0, 26][7, 27][16, 27][15, 27][14, 20][6, 13][8, 26] 
[1, 23, 3, 11, 14, 9][4, 24, 20, 7, 28, 25][12, 22, 0, 18, 19, 17][5, 15, 2, 29][16, 6, 10, 21][13, 0, 26][14, 20][7, 27][15, 27][16, 27][6, 13][8, 26] 
[12, 22, 0, 18, 19, 17][4, 24, 20, 7, 28, 25][1, 23, 3, 11, 14, 9][5, 15, 2, 29][6, 10, 21][2, 27, 16][13, 0, 26][2, 10][6, 13][7, 27][14, 20][8, 12] 
[12, 22, 0, 18, 19, 17][4, 24, 20, 7, 28, 25][1, 23, 3, 11, 14, 9][5, 15, 2, 29][6, 10, 21][13, 0, 26][2, 27, 16][6, 13][8, 26][6, 16][7, 27][14, 20] 
[1, 23, 3, 11, 14, 9][4, 24, 20, 7, 28, 25][12, 22, 0, 18, 19, 17][5, 15, 2, 29][16, 6, 10, 21][13, 0, 26][14, 20][7, 27][15, 27][16, 27][6, 13][8, 26] 
[1, 23, 3, 11, 14, 9][4, 24, 20, 7, 28, 25][12, 22, 0, 18, 19, 17][5, 15, 2, 29][16, 6, 10, 21][13, 0, 26][14, 20][7, 27][15, 27][16, 27][6, 13][8, 26] 
[9, 1, 4, 23, 14, 20, 24, 7, 27, 2, 10, 16, 28][14, 11, 25, 22, 19, 8, 26, 0, 18, 12, 17][2, 29, 15, 5, 21, 6, 13][4, 23][3, 11][3, 11][4, 23][4, 23][4, 23][4, 23][4, 23][4, 23] 
[9, 1, 4, 23, 14, 20, 24, 7, 27, 2, 10, 16, 28][14, 11, 25, 22, 19, 8, 26, 0, 18, 12, 17][2, 29, 15, 5, 21, 6, 13][3, 11][4, 23][4, 23][4, 23][4, 23][4, 23][4, 23][4, 23][4, 23] 
[9, 1, 4, 23, 14, 20, 24, 7, 27, 2, 10, 16, 28][14, 11, 25, 22, 19, 8, 26, 0, 18, 12, 17][2, 29, 15, 5, 21, 6, 13][3, 11][4, 23][4, 23][4, 23][4, 23][4, 23][4, 23][4, 23][4, 23] 
[9, 1, 4, 23, 14, 20, 24, 7, 27, 2, 10, 16, 28][11, 25, 22, 19, 8, 26, 0, 18, 12, 17][2, 29, 15, 5, 21, 6, 13][4, 23][25, 28][3, 11][4, 23][4, 23][4, 23][4, 23][4, 23][4, 23] 
[9, 1, 4, 23, 14, 20, 24, 7, 27, 2, 10, 16, 28][11, 25, 22, 19, 8, 26, 0, 18, 12, 17][2, 29, 15, 5, 21, 6, 13][4, 23][25, 28][3, 11][4, 23][4, 23][4, 23][4, 23][4, 23][4, 23] 
[9, 1, 4, 23, 14, 20, 24, 7, 27, 2, 10, 16][11, 25, 22, 19, 8, 26, 0, 18, 12, 17][2, 29, 15, 5, 21, 6, 13][1, 3, 11][4, 23][25, 28][4, 23][4, 23][4, 23][4, 23][4, 23][4, 23] 
[9, 1, 4, 23, 14, 20, 24, 7, 27, 2, 10, 16, 28][14, 11, 25, 22, 19, 8, 26, 0, 18, 12, 17][2, 29, 15, 5, 21, 6, 13][3, 11][4, 23][4, 23][4, 23][4, 23][4, 23][4, 23][4, 23][4, 23] 
[9, 1, 4, 23, 14, 20, 24, 7, 27, 2, 10, 16, 28][14, 11, 25, 22, 19, 8, 26, 0, 18, 12, 17][2, 29, 15, 5, 21, 6, 13][3, 11][4, 23][4, 23][4, 23][4, 23][4, 23][4, 23][4, 23][4, 23] 
[9, 1, 4, 23, 14, 20, 24, 7, 27, 2, 10, 16, 28][11, 25, 22, 19, 8, 26, 0, 18, 12, 17][2, 29, 15, 5, 21, 6, 13][4, 23][25, 28][3, 11][4, 23][4, 23][4, 23][4, 23][4, 23][4, 23] 
[9, 1, 4, 23, 14, 20, 24, 7, 27, 2, 10, 16, 28][14, 11, 25, 22, 19, 8, 26, 0, 18, 12, 17][2, 29, 15, 5, 21, 6, 13][3, 11][4, 23][4, 23][4, 23][4, 23][4, 23][4, 23][4, 23][4, 23] 
[9, 1, 4, 23, 14, 20, 24, 7, 27, 2, 10, 16, 28][14, 11, 25, 22, 19, 8, 26, 0, 18, 12, 17][2, 29, 15, 5, 21, 6, 13][3, 11][4, 23][4, 23][4, 23][4, 23][4, 23][4, 23][4, 23][4, 23] 
[9, 1, 4, 23, 14, 20, 24, 7, 27, 2, 10, 16, 28][14, 11, 25, 22, 19, 8, 26, 0, 18, 12, 17][2, 29, 15, 5, 21, 6, 13][3, 11][4, 23][4, 23][4, 23][4, 23][4, 23][4, 23][4, 23][4, 23] 
[9, 1, 4, 23, 14, 20, 24, 7, 27, 2, 10, 16, 28][11, 25, 22, 19, 8, 26, 0, 18, 12, 17][2, 29, 15, 5, 21, 6, 13][4, 23][25, 28][3, 11][4, 23][4, 23][4, 23][4, 23][4, 23][4, 23] 
[9, 1, 4, 23, 14, 20, 24, 7, 27, 2, 10, 16, 28][14, 11, 25, 22, 19, 8, 26, 0, 18, 12, 17][2, 29, 15, 5, 21, 6, 13][3, 11][4, 23][4, 23][4, 23][4, 23][4, 23][4, 23][4, 23][4, 23] 
[9, 1, 4, 23, 14, 20, 24, 7, 27, 2, 10, 16, 28][14, 11, 25, 22, 19, 8, 26, 0, 18, 12, 17][2, 29, 15, 5, 21, 6, 13][3, 11][4, 23][4, 23][4, 23][4, 23][4, 23][4, 23][4, 23][4, 23] 
[9, 1, 4, 23, 14, 20, 24, 7, 27, 2, 10, 16, 28][14, 11, 25, 22, 19, 8, 26, 0, 18, 12, 17][2, 29, 15, 5, 21, 6, 13][3, 11][4, 23][4, 23][4, 23][4, 23][4, 23][4, 23][4, 23][4, 23] 
[9, 1, 4, 23, 14, 20, 24, 7, 27, 2, 10, 16, 28][14, 11, 25, 22, 19, 8, 26, 0, 18, 12, 17][2, 29, 15, 5, 21, 6, 13][3, 11][4, 23][4, 23][4, 23][4, 23][4, 23][4, 23][4, 23][4, 23] 
[9, 1, 4, 23, 14, 20, 24, 7, 27, 2, 10, 16][11, 25, 22, 19, 8, 26, 0, 18, 12, 17][4, 24, 20, 14, 9, 23, 1, 3, 11][2, 29, 15, 5, 21, 6, 13][4, 23][25, 28][4, 23][4, 23][4, 23][4, 23][4, 23][4, 23] 
[9, 1, 4, 23, 14, 20, 24, 7, 27, 2, 10, 16, 28][14, 11, 25, 22, 19, 8, 26, 0, 18, 12, 17][2, 29, 15, 5, 21, 6, 13][3, 11][4, 23][4, 23][4, 23][4, 23][4, 23][4, 23][4, 23][4, 23] 
[9, 1, 4, 23, 14, 20, 24, 7, 27, 2, 10, 16, 28][14, 11, 25, 22, 19, 8, 26, 0, 18, 12, 17][2, 29, 15, 5, 21, 6, 13][3, 11][4, 23][4, 23][4, 23][4, 23][4, 23][4, 23][4, 23][4, 23] 
[9, 1, 4, 23, 14, 20, 24, 7, 27, 2, 10, 16, 28][14, 11, 25, 22, 19, 8, 26, 0, 18, 12, 17][2, 29, 15, 5, 21, 6, 13][3, 11][4, 23][4, 23][4, 23][4, 23][4, 23][4, 23][4, 23][4, 23] 
[12, 22, 0, 18, 19, 17][4, 24, 20, 7, 28, 25][1, 23, 3, 11, 14, 9][5, 15, 2, 29][6, 10, 21][2, 27, 16][13, 0, 26][6, 16][6, 13][8, 26][7, 27][14, 20] 
[12, 22, 0, 18, 19, 17][4, 24, 20, 7, 28, 25][1, 23, 3, 11, 14, 9][5, 15, 2, 29][6, 10, 21][13, 0, 26][2, 27, 16][6, 13][6, 16][7, 27][8, 26][14, 20] 
[12, 22, 0, 18, 19, 17][4, 24, 20, 7, 28, 25][1, 23, 3, 11, 14, 9][5, 15, 2, 29][6, 10, 21][13, 0, 26][2, 27, 16][6, 13][6, 16][7, 27][8, 26][14, 20] 
[12, 22, 0, 18, 19, 17][4, 24, 20, 7, 28, 25][1, 23, 3, 11, 14, 9][5, 15, 2, 29][6, 10, 21][2, 27, 16][13, 0, 26][6, 16][6, 13][7, 27][14, 20][8, 26] 
[1, 23, 3, 11, 14, 9][4, 24, 20, 7, 28, 25][12, 22, 0, 18, 19, 17][5, 15, 2, 29][2, 27, 16][6, 10, 21][13, 0, 26][14, 20][7, 27][6, 16][6, 13][8, 26] 
[4, 24, 20, 7, 28, 25][1, 23, 3, 11, 14, 9][12, 22, 0, 18, 19, 17][5, 15, 2, 29][2, 27, 16][6, 10, 21][13, 0, 26][14, 20][7, 27][6, 16][6, 13][8, 26] 
[1, 23, 3, 11, 14, 9][4, 24, 20, 7, 28, 25][12, 22, 0, 18, 19, 17][5, 15, 2, 29][2, 27, 16][6, 10, 21][13, 0, 26][14, 20][7, 27][6, 16][6, 13][8, 26] 
[12, 22, 0, 18, 19, 17][4, 24, 20, 7, 28, 25][1, 23, 3, 11, 14, 9][5, 15, 2, 29][2, 27, 16][6, 10, 21][13, 0, 26][6, 16][6, 13][7, 27][8, 26][14, 20] 
[1, 23, 3, 11, 14, 9][4, 24, 20, 7, 28, 25][12, 22, 0, 18, 19, 17][5, 15, 2, 29][2, 27, 16][6, 10, 21][13, 0, 26][14, 20][7, 27][6, 16][6, 13][8, 26] 
[12, 22, 0, 18, 19, 17][4, 24, 20, 7, 28, 25][1, 23, 3, 11, 14, 9][5, 15, 2, 29][13, 0, 26][6, 10, 21][2, 27, 16][8, 26][6, 13][6, 16][7, 27][14, 20] 
[12, 22, 0, 18, 19, 17][4, 24, 20, 7, 28, 25][1, 23, 3, 11, 14, 9][5, 15, 2, 29][6, 10, 21][13, 0, 26][2, 27, 16][6, 13][6, 16][7, 27][8, 26][14, 20] 
[4, 24, 20, 7, 28, 25][1, 23, 3, 11, 14, 9][12, 22, 0, 18, 19, 17][5, 15, 2, 29][2, 27, 16][6, 10, 21][13, 0, 26][14, 20][7, 27][6, 16][6, 13][8, 26] 
[12, 22, 0, 18, 19, 17][4, 24, 20, 7, 28, 25][1, 23, 3, 11, 14, 9][5, 15, 2, 29][6, 10, 21][2, 27, 16][13, 0, 26][6, 16][6, 13][7, 27][14, 20][8, 26] 
[12, 22, 0, 18, 19, 17][4, 24, 20, 7, 28, 25][1, 23, 3, 11, 14, 9][5, 15, 2, 29][13, 0, 26][6, 10, 21][2, 27, 16][8, 26][6, 13][6, 16][7, 27][14, 20] 
[4, 24, 20, 7, 28, 25][1, 23, 3, 11, 14, 9][12, 22, 0, 18, 19, 17][5, 15, 2, 29][2, 27, 16][6, 10, 21][13, 0, 26][7, 27][14, 20][6, 16][6, 13][8, 26] 
[12, 22, 0, 18, 19, 17][4, 24, 20, 7, 28, 25][1, 23, 3, 11, 14, 9][16, 6, 10, 21][5, 15, 2, 29][13, 0, 26][6, 13][16, 27][15, 27][8, 26][7, 27][14, 20] 
[12, 22, 0, 18, 19, 17][4, 24, 20, 7, 28, 25][1, 23, 3, 11, 14, 9][16, 6, 10, 21][5, 15, 2, 29][13, 0, 26][8, 26][6, 13][16, 27][15, 27][7, 27][14, 20] 
[1, 23, 3, 11, 14, 9][4, 24, 20, 7, 28, 25][12, 22, 0, 18, 19, 17][5, 15, 2, 29][16, 6, 10, 21][13, 0, 26][14, 20][7, 27][15, 27][16, 27][6, 13][8, 26] 
[4, 24, 20, 7, 28, 25][1, 23, 3, 11, 14, 9][12, 22, 0, 18, 19, 17][16, 6, 10, 21][5, 15, 2, 29][13, 0, 26][7, 27][16, 27][14, 20][6, 13][8, 26][15, 27] 
[1, 23, 3, 11, 14, 9][4, 24, 20, 7, 28, 25][12, 22, 0, 18, 19, 17][5, 15, 2, 29][16, 6, 10, 21][13, 0, 26][14, 20][7, 27][15, 27][16, 27][6, 13][8, 26] 
[17, 19, 18, 0, 22, 12, 8, 26][4, 24, 20, 7, 28, 25][1, 23, 3, 11, 14, 9][5, 15, 2, 29][6, 10, 21][7, 27][14, 20][15, 27][16, 27][6, 16][6, 13][0, 13] 
[1, 23, 3, 11, 14, 9][4, 24, 20, 7, 28, 25][12, 22, 0, 18, 19, 17][5, 15, 2, 29][2, 27, 16][6, 10, 21][13, 0, 26][14, 20][7, 27][6, 16][6, 13][8, 26] 
[4, 24, 20, 7, 28, 25][1, 23, 3, 11, 14, 9][12, 22, 0, 18, 19, 17][5, 15, 2, 29][2, 27, 16][6, 10, 21][13, 0, 26][7, 27][14, 20][6, 16][6, 13][8, 26] 
[1, 23, 3, 11, 14, 9][4, 24, 20, 7, 28, 25][12, 22, 0, 18, 19, 17][5, 15, 2, 29][2, 27, 16][6, 10, 21][13, 0, 26][14, 20][7, 27][6, 16][6, 13][8, 26] 
[12, 22, 0, 18, 19, 17][4, 24, 20, 7, 28, 25][1, 23, 3, 11, 14, 9][5, 15, 2, 29][13, 0, 26][6, 10, 21][2, 27, 16][8, 26][6, 13][6, 16][7, 27][14, 20] 
[1, 23, 3, 11, 14, 9][4, 24, 20, 7, 28, 25][12, 22, 0, 18, 19, 17][5, 15, 2, 29][2, 27, 16][6, 10, 21][13, 0, 26][14, 20][7, 27][6, 16][6, 13][8, 26] 
[1, 23, 3, 11, 14, 9][4, 24, 20, 7, 28, 25][12, 22, 0, 18, 19, 17][5, 15, 2, 29][16, 6, 10, 21][13, 0, 26][14, 20][7, 27][15, 27][16, 27][6, 13][8, 26] 
[1, 23, 3, 11, 14, 9][4, 24, 20, 7, 28, 25][12, 22, 0, 18, 19, 17][5, 15, 2, 29][2, 27, 16][6, 10, 21][13, 0, 26][14, 20][7, 27][6, 16][6, 13][8, 26] 
[4, 24, 20, 7, 28, 25][1, 23, 3, 11, 14, 9][12, 22, 0, 18, 19, 17][16, 6, 10, 21][5, 15, 2, 29][13, 0, 26][7, 27][16, 27][15, 27][14, 20][6, 13][8, 26] 
[1, 23, 3, 11, 14, 9][4, 24, 20, 7, 28, 25][12, 22, 0, 18, 19, 17][5, 15, 2, 29][16, 6, 10, 21][13, 0, 26][14, 20][7, 27][15, 27][16, 27][6, 13][8, 26] 
[12, 22, 0, 18, 19, 17][4, 24, 20, 7, 28, 25][1, 23, 3, 11, 14, 9][16, 6, 10, 21][5, 15, 2, 29][13, 0, 26][8, 26][6, 13][16, 27][15, 27][7, 27][14, 20] 
[1, 23, 3, 11, 14, 9][4, 24, 20, 7, 28, 25][12, 22, 0, 18, 19, 17][5, 15, 2, 29][16, 6, 10, 21][13, 0, 26][14, 20][7, 27][15, 27][16, 27][6, 13][8, 26] 
[12, 22, 0, 18, 19, 17][4, 24, 20, 7, 28, 25][1, 23, 3, 11, 14, 9][16, 6, 10, 21][5, 15, 2, 29][13, 0, 26][8, 26][6, 13][16, 27][15, 27][7, 27][14, 20] 
[12, 22, 0, 18, 19, 17][4, 24, 20, 7, 28, 25][1, 23, 3, 11, 14, 9][16, 6, 10, 21][5, 15, 2, 29][13, 0, 26][8, 26][6, 13][16, 27][15, 27][7, 27][14, 20] 
[1, 23, 3, 11, 14, 9][4, 24, 20, 7, 28, 25][12, 22, 0, 18, 19, 17][5, 15, 2, 29][16, 6, 10, 21][13, 0, 26][14, 20][7, 27][15, 27][16, 27][6, 13][8, 26] 
[4, 24, 20, 7, 28, 25][1, 23, 3, 11, 14, 9][12, 22, 0, 18, 19, 17][16, 6, 10, 21][5, 15, 2, 29][13, 0, 26][7, 27][16, 27][14, 20][6, 13][8, 26][15, 27] 
[1, 23, 3, 11, 14, 9][4, 24, 20, 7, 28, 25][12, 22, 0, 18, 19, 17][5, 15, 2, 29][16, 6, 10, 21][13, 0, 26][14, 20][7, 27][15, 27][16, 27][6, 13][8, 26] 
[1, 23, 3, 11, 14, 9][4, 24, 20, 7, 28, 25][12, 22, 0, 18, 19, 17][5, 15, 2, 29][16, 6, 10, 21][13, 0, 26][14, 20][7, 27][15, 27][16, 27][6, 13][8, 26] 
[1, 23, 3, 11, 14, 9][4, 24, 20, 7, 28, 25][12, 22, 0, 18, 19, 17][5, 15, 2, 29][16, 6, 10, 21][13, 0, 26][14, 20][7, 27][15, 27][16, 27][6, 13][8, 26] 
[1, 23, 3, 11, 14, 9][4, 24, 20, 7, 28, 25][12, 22, 0, 18, 19, 17][5, 15, 2, 29][16, 6, 10, 21][13, 0, 26][14, 20][7, 27][15, 27][16, 27][6, 13][8, 26] 
[1, 23, 3, 11, 14, 9][4, 24, 20, 7, 28, 25][12, 22, 0, 18, 19, 17][5, 15, 2, 29][16, 6, 10, 21][13, 0, 26][14, 20][7, 27][15, 27][16, 27][6, 13][8, 26] 
[1, 23, 3, 11, 14, 9][4, 24, 20, 7, 28, 25][12, 22, 0, 18, 19, 17][5, 15, 2, 29][16, 6, 10, 21][13, 0, 26][14, 20][7, 27][15, 27][16, 27][6, 13][8, 26] 
[1, 23, 3, 11, 14, 9][4, 24, 20, 7, 28, 25][12, 22, 0, 18, 19, 17][5, 15, 2, 29][16, 6, 10, 21][13, 0, 26][14, 20][7, 27][15, 27][16, 27][6, 13][8, 26] 
[17, 19, 18, 0, 22, 12, 8, 26][1, 23, 3, 11, 14, 9][4, 24, 20, 7, 28, 25][16, 6, 10, 21][5, 15, 2, 29][11, 14][1, 4][7, 27][16, 27][15, 27][6, 13][0, 13] 
[17, 19, 18, 0, 22, 12, 8, 26][1, 23, 3, 11, 14, 9][4, 24, 20, 7, 28, 25][16, 6, 10, 21][5, 15, 2, 29][11, 14][1, 4][7, 27][16, 27][15, 27][6, 13][0, 13] 
[17, 19, 18, 0, 22, 12, 8, 26][1, 23, 3, 11, 14, 9][4, 24, 20, 7, 28, 25][16, 6, 10, 21][5, 15, 2, 29][11, 14][1, 4][7, 27][16, 27][15, 27][6, 13][0, 13] 
[17, 19, 18, 0, 22, 12, 8, 26][1, 23, 3, 11, 14, 9][4, 24, 20, 7, 28, 25][16, 6, 10, 21][5, 15, 2, 29][11, 14][1, 4][7, 27][16, 27][15, 27][6, 13][0, 13] 
[17, 19, 18, 0, 22, 12, 8, 26][1, 23, 3, 11, 14, 9][4, 24, 20, 7, 28, 25][16, 6, 10, 21][5, 15, 2, 29][11, 14][1, 4][7, 27][16, 27][15, 27][6, 13][0, 13] 
[17, 19, 18, 0, 22, 12, 8, 26][4, 1, 23, 3, 11, 14, 9][24, 20, 7, 28, 25][5, 15, 27, 2, 16][10, 2, 29][6, 10, 21][11, 14][4, 20][7, 27][6, 13][0, 13][11, 14] 
[1, 23, 3, 11, 14, 9][4, 24, 20, 7, 28, 25][12, 22, 0, 18, 19, 17][5, 15, 2, 29][2, 27, 16][6, 10, 21][13, 0, 26][14, 20][7, 27][6, 16][6, 13][8, 26] 
[1, 23, 3, 11, 14, 9][4, 24, 20, 7, 28, 25][12, 22, 0, 18, 19, 17][5, 15, 2, 29][2, 27, 16][6, 10, 21][13, 0, 26][14, 20][7, 27][6, 16][6, 13][8, 26] 
[12, 22, 0, 18, 19, 17][4, 24, 20, 7, 28, 25][1, 23, 3, 11, 14, 9][5, 15, 2, 29][6, 10, 21][2, 27, 16][13, 0, 26][6, 16][6, 13][7, 27][14, 20][8, 26] 
[12, 22, 0, 18, 19, 17][4, 24, 20, 7, 28, 25][1, 23, 3, 11, 14, 9][5, 15, 2, 29][2, 27, 16][6, 10, 21][13, 0, 26][6, 16][6, 13][7, 27][8, 26][14, 20] 
[12, 22, 0, 18, 19, 17][4, 24, 20, 7, 28, 25][1, 23, 3, 11, 14, 9][5, 15, 2, 29][6, 10, 21][13, 0, 26][2, 27, 16][6, 13][8, 26][6, 16][7, 27][14, 20] 
[1, 23, 3, 11, 14, 9][4, 24, 20, 7, 28, 25][12, 22, 0, 18, 19, 17][5, 15, 2, 29][16, 6, 10, 21][13, 0, 26][14, 20][7, 27][15, 27][16, 27][6, 13][8, 26] 
[1, 23, 3, 11, 14, 9][4, 24, 20, 7, 28, 25][12, 22, 0, 18, 19, 17][5, 15, 2, 29][2, 27, 16][6, 10, 21][13, 0, 26][14, 20][7, 27][6, 16][6, 13][8, 26] 
