[12, 22, 18, 0, 17, 19, 8, 26][1, 23, 4, 20, 14, 11][15, 16, 28, 25][7, 24, 3, 9][2, 6, 21, 5][10, 27, 29][15, 29][7, 27][20, 24][2, 27][6, 13][13, 18] 
[8, 19, 17, 0, 18, 22, 12][1, 23, 4, 20, 14, 11][15, 16, 28, 25][13, 18, 0, 26][7, 24, 3, 9][5, 21, 6][2, 15, 6][10, 27, 29][6, 13][16, 27][7, 27][20, 24] 
[12, 22, 18, 0, 17, 19, 8, 26][1, 23, 4, 20, 14, 11][15, 16, 28, 25][7, 24, 3, 9][5, 21, 6][10, 27, 29][13, 6, 15][2, 27][7, 27][20, 24][0, 25][16, 27] 
[12, 22, 18, 0, 17, 19, 8, 26][1, 23, 4, 20, 14, 11][15, 16, 28, 25][7, 24, 3, 9][5, 21, 6][10, 27, 29][13, 6, 15][2, 27][7, 27][20, 24][0, 25][16, 27] 
[8, 19, 17, 0, 18, 22, 12][1, 23, 4, 20, 14, 11][15, 16, 28, 25][7, 24, 3, 9][2, 6, 21, 5][13, 18, 0, 26][10, 27, 29][15, 29][7, 27][2, 27][6, 13][20, 24] 
[8, 19, 17, 0, 18, 22, 12][1, 23, 4, 20, 14, 11][13, 18, 0, 26][2, 6, 21, 5][7, 24, 3, 9][15, 16, 28, 25][10, 27, 29][6, 13][2, 27][7, 27][20, 24][16, 27] 
[8, 19, 17, 0, 18, 22, 12][1, 23, 4, 20, 14, 11][15, 16, 28, 25][13, 18, 0, 26][7, 24, 3, 9][5, 21, 6][2, 15, 6][10, 27, 29][6, 13][16, 27][7, 27][20, 24] 
[8, 19, 17, 0, 18, 22, 12][1, 23, 4, 20, 14, 11][7, 24, 3, 9][2, 6, 21, 5][15, 16, 28, 25][13, 18, 0, 26][10, 27, 29][7, 27][2, 27][20, 24][15, 29][6, 13] 
[8, 19, 17, 0, 18, 22, 12][1, 23, 4, 20, 14, 11][13, 18, 0, 26][2, 6, 21, 5][7, 24, 3, 9][15, 16, 28, 25][10, 27, 29][6, 13][2, 27][7, 27][20, 24][16, 27] 
[8, 19, 17, 0, 18, 22, 12][1, 23, 4, 20, 14, 11][2, 6, 21, 5][7, 24, 3, 9][15, 16, 28, 25][13, 18, 0, 26][10, 27, 29][2, 27][7, 27][15, 29][6, 13][20, 24] 
[12, 22, 18, 0, 17, 19, 8, 26][1, 23, 4, 20, 14, 11][7, 24, 3, 9][15, 16, 28, 25][2, 6, 21, 5][10, 27, 29][7, 27][20, 24][15, 29][2, 27][6, 13][13, 18] 
[8, 19, 17, 0, 18, 22, 12][1, 23, 4, 20, 14, 11][15, 16, 28, 25][13, 18, 0, 26][7, 24, 3, 9][5, 21, 6][2, 15, 6][10, 27, 29][6, 13][16, 27][7, 27][20, 24] 
[12, 22, 18, 0, 17, 19, 8, 26][1, 23, 4, 20, 14, 11][15, 16, 28, 25][7, 24, 3, 9][5, 21, 6][10, 27, 29][13, 6, 15][2, 27][7, 27][20, 24][0, 25][16, 27] 
[8, 19, 17, 0, 18, 22, 12][1, 23, 4, 20, 14, 11][15, 16, 28, 25][7, 24, 3, 9][2, 6, 21, 5][13, 18, 0, 26][10, 27, 29][15, 29][7, 27][2, 27][20, 24][6, 13] 
[8, 19, 17, 0, 18, 22, 12][1, 23, 4, 20, 14, 11][13, 18, 0, 26][2, 6, 21, 5][7, 24, 3, 9][15, 16, 28, 25][10, 27, 29][6, 13][2, 27][7, 27][20, 24][16, 27] 
[8, 19, 17, 0, 18, 22, 12][1, 23, 4, 20, 14, 11][7, 24, 3, 9][2, 6, 21, 5][15, 16, 28, 25][13, 18, 0, 26][10, 27, 29][7, 27][2, 27][20, 24][15, 29][6, 13] 
[12, 22, 18, 0, 17, 19, 8, 26][1, 23, 4, 20, 14, 11][7, 24, 3, 9][15, 16, 28, 25][2, 6, 21, 5][10, 27, 29][7, 27][20, 24][15, 29][2, 27][6, 13][13, 18] 
[8, 19, 17, 0, 18, 22, 12][1, 23, 4, 20, 14, 11][15, 16, 28, 25][13, 18, 0, 26][7, 24, 3, 9][5, 21, 6][2, 15, 6][10, 27, 29][6, 13][16, 27][7, 27][20, 24] 
[8, 19, 17, 0, 18, 22, 12][1, 23, 4, 20, 14, 11][7, 24, 3, 9][2, 6, 21, 5][13, 18, 0, 26][15, 16, 28, 25][10, 27, 29][20, 24][7, 27][2, 27][6, 13][15, 29] 
[12, 22, 18, 0, 17, 19, 8, 26][1, 23, 4, 20, 14, 11][7, 24, 3, 9][2, 6, 21, 5][15, 16, 28, 25][10, 27, 29][20, 24][7, 27][2, 27][6, 13][13, 18][15, 29] 
[12, 22, 18, 0, 17, 19, 8, 26][1, 23, 4, 20, 14, 11][15, 16, 28, 25][7, 24, 3, 9][2, 6, 21, 5][10, 27, 29][15, 29][7, 27][20, 24][2, 27][6, 13][13, 18] 
[8, 19, 17, 0, 18, 22, 12][1, 23, 4, 20, 14, 11][15, 16, 28, 25][13, 18, 0, 26][7, 24, 3, 9][5, 21, 6][2, 15, 6][10, 27, 29][6, 13][16, 27][7, 27][20, 24] 
[12, 22, 18, 0, 17, 19, 8, 26][1, 23, 4, 20, 14, 11][15, 16, 28, 25][7, 24, 3, 9][5, 21, 6][10, 27, 29][13, 6, 15][2, 27][7, 27][20, 24][0, 25][16, 27] 
[8, 19, 17, 0, 18, 22, 12][1, 23, 4, 20, 14, 11][7, 24, 3, 9][15, 16, 28, 25][2, 6, 21, 5][13, 18, 0, 26][10, 27, 29][7, 27][20, 24][15, 29][2, 27][6, 13] 
[8, 19, 17, 0, 18, 22, 12][1, 23, 4, 20, 14, 11][13, 18, 0, 26][2, 6, 21, 5][7, 24, 3, 9][15, 16, 28, 25][10, 27, 29][6, 13][2, 27][7, 27][20, 24][16, 27] 
[8, 19, 17, 0, 18, 22, 12][1, 23, 4, 20, 14, 11][7, 24, 3, 9][15, 16, 28, 25][2, 6, 21, 5][13, 18, 0, 26][10, 27, 29][20, 24][7, 27][15, 29][2, 27][6, 13] 
[12, 22, 18, 0, 17, 19, 8, 26][1, 23, 4, 20, 14, 11][7, 24, 3, 9][2, 6, 21, 5][15, 16, 28, 25][10, 27, 29][20, 24][7, 27][2, 27][6, 13][13, 18][15, 29] 
[8, 19, 17, 0, 18, 22, 12][1, 23, 4, 20, 14, 11][15, 16, 28, 25][13, 18, 0, 26][7, 24, 3, 9][5, 21, 6][2, 15, 6][10, 27, 29][6, 13][16, 27][7, 27][20, 24] 
[8, 19, 17, 0, 18, 22, 12][1, 23, 4, 20, 14, 11][7, 24, 3, 9][2, 6, 21, 5][13, 18, 0, 26][15, 16, 28, 25][10, 27, 29][7, 27][2, 27][6, 13][20, 24][15, 29] 
[12, 22, 18, 0, 17, 19, 8, 26][1, 23, 4, 20, 14, 11][7, 24, 3, 9][15, 16, 28, 25][2, 6, 21, 5][10, 27, 29][7, 27][20, 24][15, 29][2, 27][6, 13][13, 18] 
[12, 22, 18, 0, 17, 19, 8, 26][1, 23, 4, 20, 14, 11][7, 24, 3, 9][15, 16, 28, 25][2, 6, 21, 5][10, 27, 29][7, 27][20, 24][15, 29][2, 27][6, 13][13, 18] 
[8, 19, 17, 0, 18, 22, 12][1, 23, 4, 20, 14, 11][15, 16, 28, 25][13, 18, 0, 26][7, 24, 3, 9][5, 21, 6][2, 15, 6][10, 27, 29][6, 13][16, 27][7, 27][20, 24] 
[8, 19, 17, 0, 18, 22, 12][1, 23, 4, 20, 14, 11][15, 16, 28, 25][7, 24, 3, 9][2, 6, 21, 5][13, 18, 0, 26][10, 27, 29][15, 29][7, 27][2, 27][6, 13][20, 24] 
[12, 22, 18, 0, 17, 19, 8, 26][1, 23, 4, 20, 14, 11][7, 24, 3, 9][15, 16, 28, 25][2, 6, 21, 5][10, 27, 29][7, 27][20, 24][15, 29][2, 27][6, 13][13, 18] 
[12, 22, 18, 0, 17, 19, 8, 26][1, 23, 4, 20, 14, 11][7, 24, 3, 9][15, 16, 28, 25][2, 6, 21, 5][10, 27, 29][7, 27][20, 24][15, 29][2, 27][6, 13][13, 18] 
[26, 8, 12, 0, 13, 6, 5, 21, 15, 16, 10, 2, 29, 27][1, 3, 9, 14, 4, 23, 24, 7, 25, 28][5, 21, 15, 16, 10, 2, 29, 27][13, 18, 22, 17, 11, 3, 14, 20][25, 28][13, 18][0, 19][11, 17][27, 29][27, 29][25, 28][4, 23] 
[26, 8, 12, 0, 13, 6, 5, 21, 15, 16, 10, 2, 29, 27][1, 3, 9, 14, 4, 23, 24, 7, 25, 28][13, 18, 22, 17, 11, 3, 14, 20][8, 26, 0, 19][11, 17][27, 29][27, 29][25, 28][11, 17][11, 17][2, 29][11, 17] 
[26, 8, 12, 0, 13, 6, 5, 21, 15, 16, 10, 2, 29, 27][1, 3, 9, 14, 4, 23, 24, 7, 25, 28, 17, 18, 22][13, 18, 22, 17, 11, 3, 14, 20][17, 12, 8, 26, 0, 19][11, 17][27, 29][27, 29][25, 28][11, 17][11, 17][2, 29][11, 17] 
[26, 8, 12, 0, 13, 6, 5, 21, 15, 16, 10, 2, 29, 27][1, 24, 4, 23, 20, 14, 3, 11, 17, 22, 18][9, 14, 4, 23, 24, 7, 25, 28][15, 16, 10, 2, 29, 27][11, 17][0, 19][13, 18][25, 28][27, 29][25, 28][4, 23][25, 28] 
[0, 13, 6, 5, 21, 15, 16, 10, 2, 29, 27][1, 3, 9, 14, 4, 23, 24, 7, 25, 28][18, 22, 17, 11, 3, 14, 20][17, 12, 8, 26, 0, 19][2, 29, 27][11, 17][27, 29][25, 28][11, 17][11, 17][2, 29][11, 17] 
[26, 8, 12, 0, 13, 6, 5, 21, 15, 16, 10, 2, 29, 27][1, 3, 9, 14, 4, 23, 24, 7, 25][18, 22, 17, 11, 3, 14, 20][25, 28][13, 18][0, 19][2, 29][11, 17][2, 29][11, 17][4, 23][11, 17] 
[26, 8, 12, 0, 13, 6, 5, 21, 15, 16, 10, 2, 29, 27][1, 3, 9, 14, 4, 23, 24, 7, 25, 28][13, 18, 22, 17, 11, 3, 14, 20][8, 26, 0, 19][11, 17][27, 29][27, 29][25, 28][11, 17][11, 17][2, 29][11, 17] 
[26, 8, 12, 0, 13, 6, 5, 21, 15, 16, 10, 2, 29, 27][1, 3, 9, 14, 4, 23, 24, 7, 25, 28][13, 18, 22, 17, 11, 3, 14, 20][17, 12, 8, 26, 0, 19][11, 17][27, 29][27, 29][25, 28][11, 17][11, 17][2, 29][11, 17] 
[26, 8, 12, 0, 13, 6, 5, 21, 15, 16, 10, 2, 29, 27][1, 24, 4, 23, 20, 14, 3, 11, 17, 22, 18][9, 14, 4, 23, 24, 7, 25, 28][11, 17][0, 19][13, 18][27, 29][25, 28][27, 29][25, 28][4, 23][25, 28] 
[12, 0, 13, 6, 5, 21, 15, 16, 10, 2, 29, 27][1, 3, 9, 14, 4, 23, 24, 7, 25, 28][13, 18, 22, 17, 11, 3, 14, 20][12, 8, 26, 0, 19][11, 17][27, 29][27, 29][25, 28][11, 17][11, 17][2, 29][11, 17] 
[12, 0, 13, 6, 5, 21, 15, 16, 10, 2, 29, 27][1, 3, 9, 14, 4, 23, 24, 7, 25, 28][13, 18, 22, 17, 11, 3, 14, 20][12, 8, 26, 0, 19][11, 17][27, 29][27, 29][25, 28][11, 17][11, 17][2, 29][11, 17] 
[1, 3, 9, 14, 4, 23, 24, 7, 25, 28][13, 6, 5, 21, 15, 16, 10, 2, 29, 27][13, 18, 22, 17, 12, 8, 26, 0, 19][13, 18, 22, 17, 11, 3, 14, 20][14, 3, 11, 17][2, 29, 27][11, 17][27, 29][25, 28][11, 17][2, 29][11, 17] 
[0, 13, 6, 5, 21, 15, 16, 10, 2, 29, 27][1, 3, 9, 14, 4, 23, 24, 7, 25, 28][18, 22, 17, 11, 3, 14, 20][17, 12, 8, 26, 0, 19][2, 29, 27][11, 17][27, 29][25, 28][11, 17][11, 17][2, 29][11, 17] 
[26, 8, 12, 0, 13, 6, 5, 21, 15, 16, 10, 2, 29, 27][1, 3, 9, 14, 4, 23, 24, 7, 25, 28][13, 18, 22, 17, 11, 3, 14, 20][17, 12, 8, 26, 0, 19][11, 17][27, 29][27, 29][25, 28][11, 17][11, 17][2, 29][11, 17] 
[26, 8, 12, 0, 13, 6, 5, 21, 15, 16, 10, 2, 29, 27][1, 3, 9, 14, 4, 23, 24, 7, 25, 28, 17, 18, 22][13, 18, 22, 17, 11, 3, 14, 20][17, 12, 8, 26, 0, 19][11, 17][27, 29][27, 29][25, 28][11, 17][11, 17][2, 29][11, 17] 
[26, 8, 12, 0, 13, 6, 5, 21, 15, 16, 10, 2, 29, 27][1, 3, 9, 14, 4, 23, 24, 7, 25, 28][13, 18, 22, 17, 11, 3, 14, 20][12, 8, 26, 0, 19][11, 17][27, 29][27, 29][25, 28][11, 17][11, 17][2, 29][11, 17] 
[26, 8, 12, 0, 13, 6, 5, 21, 15, 16, 10, 2, 29, 27][1, 3, 9, 14, 4, 23, 24, 7, 25, 28][5, 21, 15, 16, 10, 2, 29, 27][13, 18, 22, 17, 11, 3, 14, 20][25, 28][13, 18][0, 19][11, 17][27, 29][27, 29][25, 28][4, 23] 
[26, 8, 12, 0, 13, 6, 5, 21, 15, 16, 10, 2, 29, 27][1, 3, 9, 14, 4, 23, 24, 7, 25][13, 18, 22, 17, 11, 3, 14, 20][11, 17][2, 29][0, 19][11, 17][2, 29][4, 23][18, 22][2, 29][25, 28] 
[26, 8, 12, 0, 13, 6, 5, 21, 15, 16, 10, 2, 29, 27][1, 3, 9, 14, 4, 23, 24, 7, 25, 28][13, 18, 22, 17, 11, 3, 14, 20][12, 8, 26, 0, 19][11, 17][27, 29][27, 29][25, 28][11, 17][11, 17][2, 29][11, 17] 
[26, 8, 12, 0, 13, 6, 5, 21, 15, 16, 10, 2, 29, 27][1, 3, 9, 14, 4, 23, 24, 7, 25, 28][13, 18, 22, 17, 11, 3, 14, 20][19, 0, 26][11, 17][27, 29][27, 29][25, 28][11, 17][11, 17][2, 29][11, 17] 
[26, 8, 12, 0, 13, 6, 5, 21, 15, 16, 10, 2, 29, 27][1, 24, 4, 23, 20, 14, 3, 11, 17, 22, 18, 13][9, 14, 4, 23, 24, 7, 25, 28][5, 21, 15, 16, 10, 2, 29, 27][0, 19][4, 23][25, 28][11, 17][4, 23][4, 23][4, 23][25, 28] 
[8, 19, 17, 0, 18, 22, 12][1, 23, 4, 20, 14, 11][2, 6, 21, 5][7, 24, 3, 9][15, 16, 28, 25][13, 18, 0, 26][10, 27, 29][2, 27][7, 27][15, 29][6, 13][20, 24] 
[8, 19, 17, 0, 18, 22, 12][1, 23, 4, 20, 14, 11][2, 6, 21, 5][15, 16, 28, 25][13, 18, 0, 26][7, 24, 3, 9][10, 27, 29][2, 27][15, 29][6, 13][7, 27][20, 24] 
[8, 19, 17, 0, 18, 22, 12][1, 23, 4, 20, 14, 11][7, 24, 3, 9][15, 16, 28, 25][2, 6, 21, 5][13, 18, 0, 26][10, 27, 29][20, 24][7, 27][15, 29][2, 27][6, 13] 
[8, 19, 17, 0, 18, 22, 12][1, 23, 4, 20, 14, 11][15, 16, 28, 25][7, 24, 3, 9][2, 6, 21, 5][13, 18, 0, 26][10, 27, 29][15, 29][7, 27][2, 27][20, 24][6, 13] 
[8, 19, 17, 0, 18, 22, 12][1, 23, 4, 20, 14, 11][7, 24, 3, 9][15, 16, 28, 25][2, 6, 21, 5][13, 18, 0, 26][10, 27, 29][20, 24][7, 27][15, 29][2, 27][6, 13] 
[8, 19, 17, 0, 18, 22, 12][1, 23, 4, 20, 14, 11][15, 16, 28, 25][7, 24, 3, 9][2, 6, 21, 5][13, 18, 0, 26][10, 27, 29][15, 29][7, 27][2, 27][20, 24][6, 13] 
[8, 19, 17, 0, 18, 22, 12][1, 23, 4, 20, 14, 11][15, 16, 28, 25][7, 24, 3, 9][2, 6, 21, 5][13, 18, 0, 26][10, 27, 29][15, 29][7, 27][2, 27][20, 24][6, 13] 
[8, 19, 17, 0, 18, 22, 12][1, 23, 4, 20, 14, 11][2, 6, 21, 5][15, 16, 28, 25][13, 18, 0, 26][7, 24, 3, 9][10, 27, 29][2, 27][15, 29][6, 13][7, 27][20, 24] 
[8, 19, 17, 0, 18, 22, 12][1, 23, 4, 20, 14, 11][15, 16, 28, 25][7, 24, 3, 9][2, 6, 21, 5][13, 18, 0, 26][10, 27, 29][15, 29][7, 27][2, 27][20, 24][6, 13] 
[8, 19, 17, 0, 18, 22, 12][1, 23, 4, 20, 14, 11][15, 16, 28, 25][7, 24, 3, 9][2, 6, 21, 5][13, 18, 0, 26][10, 27, 29][15, 29][7, 27][20, 24][2, 27][6, 13] 
[8, 19, 17, 0, 18, 22, 12][1, 23, 4, 20, 14, 11][2, 6, 21, 5][15, 16, 28, 25][7, 24, 3, 9][13, 18, 0, 26][10, 27, 29][2, 27][15, 29][7, 27][20, 24][6, 13] 
[8, 19, 17, 0, 18, 22, 12][1, 23, 4, 20, 14, 11][7, 24, 3, 9][2, 6, 21, 5][15, 16, 28, 25][13, 18, 0, 26][10, 27, 29][7, 27][2, 27][15, 29][20, 24][6, 13] 
[8, 19, 17, 0, 18, 22, 12][1, 23, 4, 20, 14, 11][15, 16, 28, 25][7, 24, 3, 9][2, 6, 21, 5][13, 18, 0, 26][10, 27, 29][15, 29][7, 27][20, 24][2, 27][6, 13] 
[8, 19, 17, 0, 18, 22, 12][1, 23, 4, 20, 14, 11][7, 24, 3, 9][2, 6, 21, 5][13, 18, 0, 26][15, 16, 28, 25][10, 27, 29][7, 27][2, 27][6, 13][20, 24][15, 29] 
[8, 19, 17, 0, 18, 22, 12][1, 23, 4, 20, 14, 11][15, 16, 28, 25][7, 24, 3, 9][2, 6, 21, 5][13, 18, 0, 26][10, 27, 29][15, 29][7, 27][2, 27][6, 13][20, 24] 
[12, 22, 18, 0, 17, 19, 8, 26][1, 23, 4, 20, 14, 11][2, 6, 21, 5][15, 16, 28, 25][7, 24, 3, 9][10, 27, 29][13, 18][6, 13][2, 27][15, 29][7, 27][20, 24] 
[12, 22, 18, 0, 17, 19, 8, 26][1, 23, 4, 20, 14, 11][15, 16, 28, 25][7, 24, 3, 9][2, 6, 21, 5][10, 27, 29][15, 29][7, 27][20, 24][2, 27][6, 13][13, 18] 
[12, 22, 18, 0, 17, 19, 8, 26][1, 23, 4, 20, 14, 11][2, 6, 21, 5][15, 16, 28, 25][7, 24, 3, 9][10, 27, 29][13, 18][6, 13][2, 27][15, 29][7, 27][20, 24] 
[12, 22, 18, 0, 17, 19, 8, 26][1, 23, 4, 20, 14, 11][2, 6, 21, 5][15, 16, 28, 25][7, 24, 3, 9][10, 27, 29][13, 18][6, 13][2, 27][15, 29][7, 27][20, 24] 
[12, 22, 18, 0, 17, 19, 8, 26][1, 23, 4, 20, 14, 11][15, 16, 28, 25][7, 24, 3, 9][2, 6, 21, 5][10, 27, 29][15, 29][7, 27][20, 24][2, 27][6, 13][13, 18] 
[0, 25, 28, 17, 19, 8, 26][1, 23, 4, 20, 14, 11][10, 27, 29, 15][13, 18, 12, 22][2, 6, 21, 5][7, 24, 3, 9][16, 27][16, 28][6, 15][7, 27][20, 24][6, 13] 
[8, 19, 17, 0, 18, 22, 12][1, 23, 4, 20, 14, 11][15, 16, 28, 25][7, 24, 3, 9][2, 6, 21, 5][13, 18, 0, 26][10, 27, 29][15, 29][7, 27][2, 27][20, 24][6, 13] 
[8, 19, 17, 0, 18, 22, 12][1, 23, 4, 20, 14, 11][2, 6, 21, 5][15, 16, 28, 25][13, 18, 0, 26][7, 24, 3, 9][10, 27, 29][2, 27][15, 29][6, 13][7, 27][20, 24] 
[8, 19, 17, 0, 18, 22, 12][1, 23, 4, 20, 14, 11][15, 16, 28, 25][7, 24, 3, 9][2, 6, 21, 5][13, 18, 0, 26][10, 27, 29][15, 29][7, 27][2, 27][20, 24][6, 13] 
[8, 19, 17, 0, 18, 22, 12][1, 23, 4, 20, 14, 11][15, 16, 28, 25][7, 24, 3, 9][2, 6, 21, 5][13, 18, 0, 26][10, 27, 29][15, 29][7, 27][20, 24][2, 27][6, 13] 
[8, 19, 17, 0, 18, 22, 12][1, 23, 4, 20, 14, 11][15, 16, 28, 25][7, 24, 3, 9][2, 6, 21, 5][13, 18, 0, 26][10, 27, 29][15, 29][7, 27][2, 27][20, 24][6, 13] 
[12, 22, 18, 0, 17, 19, 8, 26][1, 23, 4, 20, 14, 11][13, 18, 0, 26][2, 6, 21, 5][7, 24, 3, 9][15, 16, 28, 25][10, 27, 29][6, 13][2, 27][7, 27][20, 24][16, 27] 
[8, 19, 17, 0, 18, 22, 12][1, 23, 4, 20, 14, 11][15, 16, 28, 25][7, 24, 3, 9][2, 6, 21, 5][13, 18, 0, 26][10, 27, 29][15, 29][7, 27][20, 24][2, 27][6, 13] 
[12, 22, 18, 0, 17, 19, 8, 26][1, 23, 4, 20, 14, 11][7, 24, 3, 9][15, 16, 28, 25][2, 6, 21, 5][10, 27, 29][7, 27][20, 24][15, 29][2, 27][6, 13][13, 18] 
[12, 22, 18, 0, 17, 19, 8, 26][1, 23, 4, 20, 14, 11][15, 16, 28, 25][7, 24, 3, 9][2, 6, 21, 5][10, 27, 29][15, 29][7, 27][20, 24][2, 27][6, 13][13, 18] 
[12, 22, 18, 0, 17, 19, 8, 26][1, 23, 4, 20, 14, 11][2, 6, 21, 5][7, 24, 3, 9][15, 16, 28, 25][10, 27, 29][13, 18][6, 13][2, 27][7, 27][15, 29][20, 24] 
[12, 22, 18, 0, 17, 19, 8, 26][1, 23, 4, 20, 14, 11][15, 16, 28, 25][7, 24, 3, 9][2, 6, 21, 5][10, 27, 29][15, 29][7, 27][20, 24][2, 27][6, 13][13, 18] 
[12, 22, 18, 0, 17, 19, 8, 26][1, 23, 4, 20, 14, 11][7, 24, 3, 9][2, 6, 21, 5][15, 16, 28, 25][10, 27, 29][20, 24][7, 27][2, 27][6, 13][13, 18][15, 29] 
[12, 22, 18, 0, 17, 19, 8, 26][1, 23, 4, 20, 14, 11][7, 24, 3, 9][15, 16, 28, 25][2, 6, 21, 5][10, 27, 29][7, 27][20, 24][15, 29][2, 27][6, 13][13, 18] 
[12, 22, 18, 0, 17, 19, 8, 26][1, 23, 4, 20, 14, 11][2, 6, 21, 5][7, 24, 3, 9][15, 16, 28, 25][10, 27, 29][13, 18][6, 13][2, 27][7, 27][15, 29][20, 24] 
[12, 22, 18, 0, 17, 19, 8, 26][1, 23, 4, 20, 14, 11][2, 6, 21, 5][7, 24, 3, 9][15, 16, 28, 25][10, 27, 29][13, 18][6, 13][2, 27][7, 27][15, 29][20, 24] 
[12, 22, 18, 0, 17, 19, 8, 26][1, 23, 4, 20, 14, 11][7, 24, 3, 9][15, 16, 28, 25][2, 6, 21, 5][10, 27, 29][7, 27][20, 24][15, 29][2, 27][6, 13][13, 18] 
[12, 22, 18, 0, 17, 19, 8, 26][1, 23, 4, 20, 14, 11][7, 24, 3, 9][2, 6, 21, 5][15, 16, 28, 25][10, 27, 29][20, 24][7, 27][2, 27][6, 13][13, 18][15, 29] 
[12, 22, 18, 0, 17, 19, 8, 26][1, 23, 4, 20, 14, 11][15, 16, 28, 25][7, 24, 3, 9][2, 6, 21, 5][10, 27, 29][15, 29][7, 27][20, 24][2, 27][6, 13][13, 18] 
[12, 22, 18, 0, 17, 19, 8, 26][1, 23, 4, 20, 14, 11][2, 6, 21, 5][7, 24, 3, 9][15, 16, 28, 25][10, 27, 29][13, 18][6, 13][2, 27][7, 27][15, 29][20, 24] 
[12, 22, 18, 0, 17, 19, 8, 26][1, 23, 4, 20, 14, 11][2, 6, 21, 5][7, 24, 3, 9][15, 16, 28, 25][10, 27, 29][13, 18][6, 13][2, 27][7, 27][15, 29][20, 24] 
[12, 22, 18, 0, 17, 19, 8, 26][1, 23, 4, 20, 14, 11][7, 24, 3, 9][15, 16, 28, 25][2, 6, 21, 5][10, 27, 29][7, 27][20, 24][15, 29][2, 27][6, 13][13, 18] 
[12, 22, 18, 0, 17, 19, 8, 26][1, 23, 4, 20, 14, 11][15, 16, 28, 25][7, 24, 3, 9][2, 6, 21, 5][10, 27, 29][15, 29][7, 27][20, 24][2, 27][6, 13][13, 18] 
[12, 22, 18, 0, 17, 19, 8, 26][1, 23, 4, 20, 14, 11][7, 24, 3, 9][2, 6, 21, 5][15, 16, 28, 25][10, 27, 29][13, 6, 15][7, 27][2, 27][20, 24][13, 18][8, 19] 
[12, 22, 18, 0, 17, 19, 8, 26][1, 23, 4, 20, 14, 11][7, 24, 3, 9][2, 6, 21, 5][15, 16, 28, 25][10, 27, 29][13, 6, 15][7, 27][2, 27][20, 24][13, 18][8, 19] 
[12, 22, 18, 0, 17, 19, 8, 26][1, 23, 4, 20, 14, 11][7, 24, 3, 9][2, 6, 21, 5][15, 16, 28, 25][10, 27, 29][13, 6, 15][7, 27][2, 27][20, 24][13, 18][8, 19] 
[12, 22, 18, 0, 17, 19, 8, 26][1, 23, 4, 20, 14, 11][7, 24, 3, 9][2, 6, 21, 5][15, 16, 28, 25][10, 27, 29][13, 6, 15][7, 27][2, 27][20, 24][13, 18][8, 19] 
[12, 22, 18, 0, 17, 19, 8, 26][1, 23, 4, 20, 14, 11][7, 24, 3, 9][2, 6, 21, 5][15, 16, 28, 25][10, 27, 29][13, 6, 15][7, 27][2, 27][20, 24][13, 18][8, 19] 
[12, 22, 18, 0, 17, 19, 8, 26][1, 23, 4, 20, 14, 11][2, 6, 21, 5][10, 27, 29, 15][15, 16, 28, 25][7, 24, 3, 9][8, 19][13, 18][6, 13][2, 27][7, 27][20, 24] 
[8, 19, 17, 0, 18, 22, 12][1, 23, 4, 20, 14, 11][13, 18, 0, 26][2, 6, 21, 5][7, 24, 3, 9][15, 16, 28, 25][10, 27, 29][6, 13][2, 27][7, 27][20, 24][16, 27] 
[8, 19, 17, 0, 18, 22, 12][1, 23, 4, 20, 14, 11][13, 18, 0, 26][2, 6, 21, 5][7, 24, 3, 9][15, 16, 28, 25][10, 27, 29][6, 13][2, 27][7, 27][20, 24][16, 27] 
[8, 19, 17, 0, 18, 22, 12][1, 23, 4, 20, 14, 11][13, 18, 0, 26][2, 6, 21, 5][7, 24, 3, 9][15, 16, 28, 25][10, 27, 29][6, 13][2, 27][7, 27][20, 24][16, 27] 
[8, 19, 17, 0, 18, 22, 12][1, 23, 4, 20, 14, 11][13, 18, 0, 26][2, 6, 21, 5][7, 24, 3, 9][15, 16, 28, 25][10, 27, 29][6, 13][2, 27][7, 27][20, 24][16, 27] 
[8, 19, 17, 0, 18, 22, 12][1, 23, 4, 20, 14, 11][13, 18, 0, 26][2, 6, 21, 5][7, 24, 3, 9][15, 16, 28, 25][10, 27, 29][6, 13][2, 27][7, 27][20, 24][16, 27] 
[12, 22, 18, 0, 17, 19, 8, 26][1, 23, 4, 20, 14, 11][2, 6, 21, 5][15, 16, 28, 25][7, 24, 3, 9][10, 27, 29][13, 18][6, 13][2, 27][15, 29][7, 27][20, 24] 
[8, 19, 17, 0, 18, 22, 12][1, 23, 4, 20, 14, 11][13, 18, 0, 26][2, 6, 21, 5][7, 24, 3, 9][15, 16, 28, 25][10, 27, 29][6, 13][2, 27][7, 27][20, 24][16, 27] 
