[3, 1, 9, 23, 24, 20, 7, 27][4, 14, 11, 17, 28][13, 6, 2, 10, 29][12, 18, 22, 25][5, 21, 15, 16][19, 8, 26][14, 24][25, 28][0, 18][0, 26][0, 13][5, 6] 
[3, 1, 9, 23, 24, 20, 7, 27][13, 6, 2, 10, 29][5, 21, 15, 16][12, 18, 22, 25][8, 19, 0, 26][4, 14, 11][11, 17, 28][5, 6][0, 13][0, 18][25, 28][14, 24] 
[3, 1, 9, 23, 24, 20, 7, 27][10, 2, 6, 13][8, 19, 0, 26][12, 18, 22, 25][5, 21, 15, 16][14, 11, 17, 28][4, 24, 14][10, 29][0, 13][0, 18][5, 6][25, 28] 
[3, 1, 9, 23, 24, 20, 7, 27][14, 11, 17, 28][12, 18, 22, 25][8, 19, 0, 26][10, 2, 6, 13][5, 21, 15, 16][4, 24, 14][25, 28][0, 18][0, 13][5, 6][10, 29] 
[3, 1, 9, 23, 24, 20, 7, 27][13, 6, 2, 10, 29][8, 19, 0, 26][12, 18, 22, 25][5, 21, 15, 16][11, 17, 28][4, 14, 11][0, 13][0, 18][5, 6][25, 28][14, 24] 
[3, 1, 9, 23, 24, 20, 7, 27][13, 6, 2, 10, 29][5, 21, 15, 16][8, 19, 0, 26][12, 18, 22, 25][11, 17, 28][4, 14, 11][5, 6][0, 13][0, 18][25, 28][14, 24] 
[3, 1, 9, 23, 24, 20, 7, 27][13, 6, 2, 10, 29][12, 18, 22, 25][14, 11, 17, 28][8, 19, 0, 26][5, 21, 15, 16][25, 28][0, 18][14, 24][0, 13][5, 6][4, 14] 
[3, 1, 9, 23, 24, 20, 7, 27][13, 6, 2, 10, 29][12, 18, 22, 25][8, 19, 0, 26][5, 21, 15, 16][11, 17, 28][4, 14, 11][25, 28][0, 18][0, 13][5, 6][14, 24] 
[3, 1, 9, 23, 24, 20, 7, 27][13, 6, 2, 10, 29][12, 18, 22, 25][8, 19, 0, 26][5, 21, 15, 16][11, 17, 28][4, 14, 11][25, 28][0, 18][0, 13][5, 6][14, 24] 
[3, 1, 9, 23, 24, 20, 7, 27][13, 6, 2, 10, 29][5, 21, 15, 16][8, 19, 0, 26][12, 18, 22, 25][11, 17, 28][4, 14, 11][5, 6][0, 13][0, 18][25, 28][14, 24] 
[3, 1, 9, 23, 24, 20, 7, 27][4, 14, 11, 17, 28][13, 6, 2, 10, 29][12, 18, 22, 25][5, 21, 15, 16][19, 8, 26][14, 24][25, 28][0, 18][0, 26][0, 13][5, 6] 
[3, 1, 9, 23, 24, 20, 7, 27][13, 6, 2, 10, 29][5, 21, 15, 16][8, 19, 0, 26][12, 18, 22, 25][11, 17, 28][4, 14, 11][5, 6][0, 13][0, 18][25, 28][14, 24] 
[3, 1, 9, 23, 24, 20, 7, 27][14, 11, 17, 28][12, 18, 22, 25][8, 19, 0, 26][10, 2, 6, 13][5, 21, 15, 16][4, 24, 14][25, 28][0, 18][0, 13][5, 6][10, 29] 
[3, 1, 9, 23, 24, 20, 7, 27][13, 6, 2, 10, 29][5, 21, 15, 16][8, 19, 0, 26][12, 18, 22, 25][11, 17, 28][4, 14, 11][5, 6][0, 13][0, 18][25, 28][14, 24] 
[3, 1, 9, 23, 24, 20, 7, 27][13, 6, 2, 10, 29][5, 21, 15, 16][8, 19, 0, 26][12, 18, 22, 25][11, 17, 28][4, 14, 11][5, 6][0, 13][0, 18][25, 28][14, 24] 
[3, 1, 9, 23, 24, 20, 7, 27][13, 6, 2, 10, 29][12, 18, 22, 25][8, 19, 0, 26][5, 21, 15, 16][11, 17, 28][4, 14, 11][25, 28][14, 24][0, 18][0, 13][5, 6] 
[3, 1, 9, 23, 24, 20, 7, 27][13, 6, 2, 10, 29][4, 14, 11, 17, 28][12, 18, 22, 25][5, 21, 15, 16][19, 8, 26][0, 26][0, 18][0, 13][25, 28][5, 6][14, 24] 
[3, 1, 9, 23, 24, 20, 7, 27][13, 6, 2, 10, 29][5, 21, 15, 16][8, 19, 0, 26][12, 18, 22, 25][11, 17, 28][4, 14, 11][5, 6][0, 13][0, 18][25, 28][14, 24] 
[3, 1, 9, 23, 24, 20, 7, 27][13, 6, 2, 10, 29][5, 21, 15, 16][8, 19, 0, 26][12, 18, 22, 25][11, 17, 28][4, 14, 11][5, 6][0, 13][0, 18][25, 28][14, 24] 
[3, 1, 9, 23, 24, 20, 7, 27][13, 6, 2, 10, 29][4, 14, 11, 17, 28][12, 18, 22, 25][5, 21, 15, 16][19, 8, 26][0, 13][0, 18][0, 26][25, 28][14, 24][5, 6] 
[3, 1, 9, 23, 24, 20, 7, 27][4, 14, 11, 17, 28][13, 6, 2, 10, 29][12, 18, 22, 25][5, 21, 15, 16][19, 8, 26][0, 18][0, 26][25, 28][0, 13][5, 6][14, 24] 
[3, 1, 9, 23, 24, 20, 7, 27][13, 6, 2, 10, 29][12, 18, 22, 25][8, 19, 0, 26][5, 21, 15, 16][4, 14, 11][11, 17, 28][14, 24][25, 28][0, 18][0, 13][5, 6] 
[3, 1, 9, 23, 24, 20, 7, 27][10, 2, 6, 13][8, 19, 0, 26][12, 18, 22, 25][5, 21, 15, 16][14, 11, 17, 28][4, 24, 14][10, 29][0, 13][0, 18][5, 6][25, 28] 
[3, 1, 9, 23, 24, 20, 7, 27][13, 6, 2, 10, 29][5, 21, 15, 16][8, 19, 0, 26][12, 18, 22, 25][11, 17, 28][4, 14, 11][5, 6][0, 13][0, 18][25, 28][14, 24] 
[3, 1, 9, 23, 24, 20, 7, 27][13, 6, 2, 10, 29][5, 21, 15, 16][8, 19, 0, 26][12, 18, 22, 25][11, 17, 28][4, 14, 11][5, 6][0, 13][0, 18][25, 28][14, 24] 
[3, 1, 9, 23, 24, 20, 7, 27][13, 6, 2, 10, 29][12, 18, 22, 25][8, 19, 0, 26][5, 21, 15, 16][11, 17, 28][4, 14, 11][25, 28][14, 24][0, 18][0, 13][5, 6] 
[3, 1, 9, 23, 24, 20, 7, 27][13, 6, 2, 10, 29][4, 14, 11, 17, 28][12, 18, 22, 25][5, 21, 15, 16][19, 8, 26][0, 26][0, 18][0, 13][25, 28][5, 6][14, 24] 
[3, 1, 9, 23, 24, 20, 7, 27][13, 6, 2, 10, 29][5, 21, 15, 16][8, 19, 0, 26][12, 18, 22, 25][11, 17, 28][4, 14, 11][5, 6][0, 13][0, 18][25, 28][14, 24] 
[3, 1, 9, 23, 24, 20, 7, 27][13, 6, 2, 10, 29][5, 21, 15, 16][8, 19, 0, 26][12, 18, 22, 25][11, 17, 28][4, 14, 11][5, 6][0, 13][0, 18][25, 28][14, 24] 
[3, 1, 9, 23, 24, 20, 7, 27][4, 14, 11, 17, 28][13, 6, 2, 10, 29][12, 18, 22, 25][5, 21, 15, 16][19, 8, 26][14, 24][25, 28][0, 18][0, 26][0, 13][5, 6] 
[3, 1, 9, 23, 24, 20, 7, 27][4, 14, 11, 17, 28][13, 6, 2, 10, 29][12, 18, 22, 25][5, 21, 15, 16][19, 8, 26][14, 24][25, 28][0, 18][0, 13][5, 6][0, 26] 
[3, 1, 9, 23, 24, 20, 7, 27][13, 6, 2, 10, 29][5, 21, 15, 16][8, 19, 0, 26][12, 18, 22, 25][11, 17, 28][4, 14, 11][5, 6][0, 13][0, 18][25, 28][14, 24] 
[3, 1, 9, 23, 24, 20, 7, 27][13, 6, 2, 10, 29][12, 18, 22, 25][8, 19, 0, 26][5, 21, 15, 16][11, 17, 28][4, 14, 11][25, 28][14, 24][0, 18][0, 13][5, 6] 
[3, 1, 9, 23, 24, 20, 7, 27][13, 6, 2, 10, 29][4, 14, 11, 17, 28][12, 18, 22, 25][5, 21, 15, 16][19, 8, 26][0, 13][0, 18][0, 26][25, 28][14, 24][5, 6] 
[3, 1, 9, 23, 24, 20, 7, 27][13, 6, 2, 10, 29][4, 14, 11, 17, 28][12, 18, 22, 25][5, 21, 15, 16][19, 8, 26][0, 13][0, 18][0, 26][25, 28][14, 24][5, 6] 
[11, 17, 18, 13, 0, 25, 22, 19, 12, 8, 26][28, 16, 15, 21, 6, 2, 7, 27, 10, 29][14, 11, 3, 4, 1, 9, 23, 24, 20][5, 6][6, 13][0, 13][0, 13][15, 16][0, 13][0, 13][0, 13][0, 13] 
[11, 17, 18, 13, 0, 25, 22, 19, 12, 8, 26][28, 16, 15, 21, 6, 2, 7, 27, 10, 29][14, 11, 3, 4, 1, 9, 23, 24, 20][5, 6][6, 13][0, 13][0, 13][15, 16][0, 13][0, 13][0, 13][0, 13] 
[14, 9, 1, 3, 11, 17, 18, 13, 0, 25, 22, 19, 12, 8, 26][28, 16, 15, 21, 6, 2, 7, 27, 10, 29][14, 11, 3, 4, 1, 9, 23, 24, 20][5, 6][6, 13][0, 13][0, 13][15, 16][0, 13][0, 13][0, 13][0, 13] 
[14, 3, 11, 17, 18, 13, 0, 25, 22, 19, 12, 8, 26][20, 7, 2, 6, 21, 15, 16, 28][4, 1, 9, 23, 24, 20][5, 6, 10, 27, 29][0, 13][15, 21][6, 13][0, 13][0, 13][15, 16][0, 13][3, 11] 
[14, 3, 11, 17, 18, 13, 0, 25, 22, 19, 12, 8, 26][20, 7, 2, 6, 21, 15, 16, 28][4, 1, 9, 23, 24, 20][5, 6, 10, 27, 29][0, 13][15, 21][6, 13][0, 13][0, 13][15, 16][0, 13][3, 11] 
[14, 11, 17, 18, 13, 0, 25, 22, 19, 12, 8, 26][28, 16, 15, 21, 6, 2, 7, 27, 10, 29][3, 4, 1, 9, 23, 24, 20][15, 21][6, 13][3, 11][5, 6][0, 13][0, 13][0, 13][0, 13][0, 13] 
[14, 9, 1, 3, 11, 17, 18, 13, 0, 25, 22, 19, 12, 8, 26][28, 16, 15, 21, 6, 2, 7, 27, 10, 29][11, 3, 4, 1, 9, 23, 24, 20][5, 6][6, 13][0, 13][0, 13][15, 16][0, 13][0, 13][0, 13][0, 13] 
[14, 9, 1, 3, 11, 17, 18, 13, 0, 25, 22, 19, 12, 8, 26][28, 16, 15, 21, 6, 2, 7, 27, 10, 29][3, 4, 1, 9, 23, 24, 20][5, 6][6, 13][0, 13][0, 13][15, 16][0, 13][0, 13][0, 13][0, 13] 
[14, 3, 11, 17, 18, 13, 0, 25, 22, 19, 12, 8, 26][20, 7, 2, 6, 21, 15, 16, 28][4, 1, 9, 23, 24, 20][5, 6, 10, 27, 29][0, 13][15, 21][6, 13][0, 13][0, 13][15, 16][0, 13][3, 11] 
[14, 9, 1, 3, 11, 17, 18, 13, 0, 25, 22, 19, 12, 8, 26][28, 16, 15, 21, 6, 2, 7, 27, 10, 29][3, 4, 1, 9, 23, 24, 20][5, 6][6, 13][0, 13][0, 13][15, 16][0, 13][0, 13][0, 13][0, 13] 
[11, 17, 18, 13, 0, 25, 22, 19, 12, 8, 26][28, 16, 15, 21, 6, 2, 7, 27, 10, 29][14, 11, 3, 4, 1, 9, 23, 24, 20][5, 6][6, 13][0, 13][0, 13][15, 16][0, 13][0, 13][0, 13][0, 13] 
[14, 9, 1, 3, 11, 17, 18, 13, 0, 25, 22, 19, 12, 8, 26][28, 16, 15, 21, 6, 2, 7, 27, 10, 29][3, 4, 1, 9, 23, 24, 20][5, 6][6, 13][0, 13][0, 13][15, 16][0, 13][0, 13][0, 13][0, 13] 
[14, 3, 11, 17, 18, 13, 0, 25, 22, 19, 12, 8, 26][20, 7, 2, 6, 21, 15, 16, 28][4, 1, 9, 23, 24, 20][5, 6, 10, 27, 29][0, 13][15, 21][6, 13][0, 13][0, 13][15, 16][0, 13][3, 11] 
[14, 9, 1, 3, 11, 17, 18, 13, 0, 25, 22, 19, 12, 8, 26][28, 16, 15, 21, 6, 2, 7, 27, 10, 29][20, 24, 23, 9, 1, 4, 3, 11, 25][5, 6][6, 13][0, 13][0, 13][15, 16][0, 13][0, 13][0, 13][0, 13] 
[14, 9, 1, 3, 11, 17, 18, 13, 0, 25, 22, 19, 12, 8, 26][28, 16, 15, 21, 6, 2, 7, 27, 10, 29][3, 4, 1, 9, 23, 24, 20][5, 6][6, 13][0, 13][0, 13][15, 16][0, 13][0, 13][0, 13][0, 13] 
[14, 11, 17, 18, 13, 0, 25, 22, 19, 12, 8, 26][28, 16, 15, 21, 6, 2, 7, 27, 10, 29][11, 3, 4, 1, 9, 23, 24, 20][5, 6][6, 13][0, 13][0, 13][15, 16][0, 13][0, 13][0, 13][0, 13] 
[14, 11, 17, 18, 13, 0, 25, 22, 19, 12, 8, 26][28, 16, 15, 21, 6, 2, 7, 27, 10, 29][14, 11, 3, 4, 1, 9, 23, 24, 20][5, 6][6, 13][0, 13][0, 13][15, 16][0, 13][0, 13][0, 13][0, 13] 
[14, 9, 1, 3, 11, 17, 18, 13, 0, 25, 22, 19, 12, 8, 26][28, 16, 15, 21, 6, 2, 7, 27, 10, 29][4, 1, 9, 23, 24, 20][5, 6][6, 13][0, 13][0, 13][15, 16][0, 13][0, 13][0, 13][0, 13] 
[14, 11, 17, 18, 13, 0, 25, 22, 19, 12, 8, 26][28, 16, 15, 21, 6, 2, 7, 27, 10, 29][11, 3, 4, 1, 9, 23, 24, 20][5, 6][6, 13][0, 13][0, 13][15, 16][0, 13][0, 13][0, 13][0, 13] 
[14, 11, 17, 18, 13, 0, 25, 22, 19, 12, 8, 26][28, 16, 15, 21, 6, 2, 7, 27, 10, 29][11, 3, 4, 1, 9, 23, 24, 20][5, 6][6, 13][0, 13][0, 13][15, 16][0, 13][0, 13][0, 13][0, 13] 
[1, 4, 20, 7, 2, 16, 15, 21, 5, 6, 10, 27, 29][11, 17, 18, 13, 0, 25, 22, 19, 12, 8, 26][7, 14, 11, 3, 4, 1, 9, 23, 24, 20][23, 4, 20, 7, 2, 6, 21, 15, 16, 28][0, 13][16, 28][27, 29][15, 16][0, 13][0, 13][0, 13][27, 29] 
[3, 1, 9, 23, 24, 20, 7, 27][13, 6, 2, 10, 29][5, 21, 15, 16][12, 18, 22, 25][8, 19, 0, 26][4, 14, 11][11, 17, 28][5, 6][0, 13][0, 18][25, 28][14, 24] 
[3, 1, 9, 23, 24, 20, 7, 27][13, 6, 2, 10, 29][5, 21, 15, 16][8, 19, 0, 26][12, 18, 22, 25][11, 17, 28][4, 14, 11][5, 6][0, 13][0, 18][25, 28][14, 24] 
[3, 1, 9, 23, 24, 20, 7, 27][13, 6, 2, 10, 29][5, 21, 15, 16][8, 19, 0, 26][12, 18, 22, 25][11, 17, 28][4, 14, 11][5, 6][0, 13][0, 18][25, 28][14, 24] 
[3, 1, 9, 23, 24, 20, 7, 27][13, 6, 2, 10, 29][5, 21, 15, 16][8, 19, 0, 26][12, 18, 22, 25][11, 17, 28][4, 14, 11][5, 6][0, 13][0, 18][25, 28][14, 24] 
[3, 1, 9, 23, 24, 20, 7, 27][13, 6, 2, 10, 29][5, 21, 15, 16][8, 19, 0, 26][12, 18, 22, 25][11, 17, 28][4, 14, 11][5, 6][0, 13][0, 18][25, 28][14, 24] 
[3, 1, 9, 23, 24, 20, 7, 27][13, 6, 2, 10, 29][5, 21, 15, 16][8, 19, 0, 26][12, 18, 22, 25][11, 17, 28][4, 14, 11][5, 6][0, 13][0, 18][25, 28][14, 24] 
[3, 1, 9, 23, 24, 20, 7, 27][13, 6, 2, 10, 29][5, 21, 15, 16][8, 19, 0, 26][12, 18, 22, 25][11, 17, 28][4, 14, 11][5, 6][0, 13][0, 18][25, 28][14, 24] 
[3, 1, 9, 23, 24, 20, 7, 27][13, 6, 2, 10, 29][5, 21, 15, 16][8, 19, 0, 26][12, 18, 22, 25][11, 17, 28][4, 14, 11][5, 6][0, 13][0, 18][25, 28][14, 24] 
[3, 1, 9, 23, 24, 20, 7, 27][13, 6, 2, 10, 29][5, 21, 15, 16][8, 19, 0, 26][12, 18, 22, 25][11, 17, 28][4, 14, 11][5, 6][0, 13][0, 18][25, 28][14, 24] 
[3, 1, 9, 23, 24, 20, 7, 27][13, 6, 2, 10, 29][12, 18, 22, 25][8, 19, 0, 26][5, 21, 15, 16][4, 14, 11][11, 17, 28][14, 24][25, 28][0, 18][0, 13][5, 6] 
[3, 1, 9, 23, 24, 20, 7, 27][13, 6, 2, 10, 29][5, 21, 15, 16][8, 19, 0, 26][12, 18, 22, 25][11, 17, 28][4, 14, 11][5, 6][0, 13][0, 18][25, 28][14, 24] 
[3, 1, 9, 23, 24, 20, 7, 27][13, 6, 2, 10, 29][5, 21, 15, 16][8, 19, 0, 26][12, 18, 22, 25][11, 17, 28][4, 14, 11][5, 6][0, 13][0, 18][25, 28][14, 24] 
[3, 1, 9, 23, 24, 20, 7, 27][13, 6, 2, 10, 29][5, 21, 15, 16][8, 19, 0, 26][12, 18, 22, 25][11, 17, 28][4, 14, 11][5, 6][0, 13][0, 18][25, 28][14, 24] 
[3, 1, 9, 23, 24, 20, 7, 27][13, 6, 2, 10, 29][12, 18, 22, 25][8, 19, 0, 26][5, 21, 15, 16][4, 14, 11][11, 17, 28][14, 24][25, 28][0, 18][0, 13][5, 6] 
[3, 1, 9, 23, 24, 20, 7, 27][13, 6, 2, 10, 29][12, 18, 22, 25][8, 19, 0, 26][5, 21, 15, 16][11, 17, 28][4, 14, 11][25, 28][14, 24][0, 18][0, 13][5, 6] 
[3, 1, 9, 23, 24, 20, 7, 27][13, 6, 2, 10, 29][4, 14, 11, 17, 28][5, 21, 15, 16][12, 18, 22, 25][19, 8, 26][0, 13][0, 26][5, 6][0, 18][25, 28][14, 24] 
[3, 1, 9, 23, 24, 20, 7, 27][4, 14, 11, 17, 28][13, 6, 2, 10, 29][12, 18, 22, 25][5, 21, 15, 16][19, 8, 26][0, 18][0, 26][25, 28][0, 13][5, 6][14, 24] 
[3, 1, 9, 23, 24, 20, 7, 27][4, 14, 11, 17, 28][13, 6, 2, 10, 29][12, 18, 22, 25][5, 21, 15, 16][19, 8, 26][14, 24][25, 28][0, 18][0, 26][0, 13][5, 6] 
[3, 1, 9, 23, 24, 20, 7, 27][4, 14, 11, 17, 28][13, 6, 2, 10, 29][12, 18, 22, 25][5, 21, 15, 16][19, 8, 26][25, 28][0, 18][14, 24][0, 13][5, 6][0, 26] 
[3, 1, 9, 23, 24, 20, 7, 27][4, 14, 11, 17, 28][13, 6, 2, 10, 29][12, 18, 22, 25][5, 21, 15, 16][19, 8, 26][25, 28][0, 18][14, 24][0, 13][5, 6][0, 26] 
[3, 1, 9, 23, 24, 20, 7, 27][4, 14, 11, 17, 28][5, 21, 15, 16][6, 2, 10, 29][0, 26, 8, 19][12, 18, 22, 25][5, 6][0, 13][0, 18][17, 18][14, 24][6, 13] 
[3, 1, 9, 23, 24, 20, 7, 27][13, 6, 2, 10, 29][5, 21, 15, 16][8, 19, 0, 26][12, 18, 22, 25][11, 17, 28][4, 14, 11][5, 6][0, 13][0, 18][25, 28][14, 24] 
[3, 1, 9, 23, 24, 20, 7, 27][13, 6, 2, 10, 29][5, 21, 15, 16][8, 19, 0, 26][12, 18, 22, 25][11, 17, 28][4, 14, 11][5, 6][0, 13][0, 18][25, 28][14, 24] 
[3, 1, 9, 23, 24, 20, 7, 27][13, 6, 2, 10, 29][12, 18, 22, 25][8, 19, 0, 26][5, 21, 15, 16][4, 14, 11][11, 17, 28][14, 24][25, 28][0, 18][0, 13][5, 6] 
[3, 1, 9, 23, 24, 20, 7, 27][13, 6, 2, 10, 29][12, 18, 22, 25][8, 19, 0, 26][5, 21, 15, 16][4, 14, 11][11, 17, 28][14, 24][25, 28][0, 18][0, 13][5, 6] 
[3, 1, 9, 23, 24, 20, 7, 27][13, 6, 2, 10, 29][5, 21, 15, 16][8, 19, 0, 26][12, 18, 22, 25][11, 17, 28][4, 14, 11][5, 6][0, 13][0, 18][25, 28][14, 24] 
[3, 1, 9, 23, 24, 20, 7, 27][13, 6, 2, 10, 29][5, 21, 15, 16][8, 19, 0, 26][12, 18, 22, 25][11, 17, 28][4, 14, 11][5, 6][0, 13][0, 18][25, 28][14, 24] 
[3, 1, 9, 23, 24, 20, 7, 27][13, 6, 2, 10, 29][5, 21, 15, 16][8, 19, 0, 26][12, 18, 22, 25][11, 17, 28][4, 14, 11][5, 6][0, 13][0, 18][25, 28][14, 24] 
[3, 1, 9, 23, 24, 20, 7, 27][13, 6, 2, 10, 29][4, 14, 11, 17, 28][5, 21, 15, 16][12, 18, 22, 25][19, 8, 26][0, 13][0, 26][5, 6][0, 18][25, 28][14, 24] 
[3, 1, 9, 23, 24, 20, 7, 27][4, 14, 11, 17, 28][13, 6, 2, 10, 29][12, 18, 22, 25][5, 21, 15, 16][19, 8, 26][14, 24][25, 28][0, 18][0, 26][0, 13][5, 6] 
[3, 1, 9, 23, 24, 20, 7, 27][4, 14, 11, 17, 28][13, 6, 2, 10, 29][12, 18, 22, 25][5, 21, 15, 16][19, 8, 26][14, 24][25, 28][0, 18][0, 26][0, 13][5, 6] 
[3, 1, 9, 23, 24, 20, 7, 27][4, 14, 11, 17, 28][13, 6, 2, 10, 29][12, 18, 22, 25][5, 21, 15, 16][19, 8, 26][25, 28][14, 24][0, 18][0, 26][0, 13][5, 6] 
[3, 1, 9, 23, 24, 20, 7, 27][13, 6, 2, 10, 29][4, 14, 11, 17, 28][12, 18, 22, 25][5, 21, 15, 16][19, 8, 26][0, 13][0, 18][0, 26][25, 28][14, 24][5, 6] 
[3, 1, 9, 23, 24, 20, 7, 27][4, 14, 11, 17, 28][13, 6, 2, 10, 29][12, 18, 22, 25][5, 21, 15, 16][19, 8, 26][14, 24][25, 28][0, 18][0, 26][0, 13][5, 6] 
[3, 1, 9, 23, 24, 20, 7, 27][4, 14, 11, 17, 28][13, 6, 2, 10, 29][12, 18, 22, 25][5, 21, 15, 16][19, 8, 26][14, 24][25, 28][0, 18][0, 26][0, 13][5, 6] 
[3, 1, 9, 23, 24, 20, 7, 27][13, 6, 2, 10, 29][4, 14, 11, 17, 28][12, 18, 22, 25][5, 21, 15, 16][19, 8, 26][0, 26][0, 18][0, 13][25, 28][5, 6][14, 24] 
[3, 1, 9, 23, 24, 20, 7, 27][4, 14, 11, 17, 28][13, 6, 2, 10, 29][12, 18, 22, 25][5, 21, 15, 16][19, 8, 26][14, 24][25, 28][0, 18][0, 26][0, 13][5, 6] 
[3, 1, 9, 23, 24, 20, 7, 27][4, 14, 11, 17, 28][13, 6, 2, 10, 29][12, 18, 22, 25][5, 21, 15, 16][19, 8, 26][0, 18][0, 26][25, 28][0, 13][5, 6][14, 24] 
[3, 1, 9, 23, 24, 20, 7, 27][13, 6, 2, 10, 29][4, 14, 11, 17, 28][12, 18, 22, 25][5, 21, 15, 16][19, 8, 26][0, 26][0, 18][0, 13][25, 28][5, 6][14, 24] 
[3, 1, 9, 23, 24, 20, 7, 27][13, 6, 2, 10, 29][4, 14, 11, 17, 28][12, 18, 22, 25][5, 21, 15, 16][19, 8, 26][0, 13][0, 18][0, 26][25, 28][14, 24][5, 6] 
[3, 1, 9, 23, 24, 20, 7, 27][4, 14, 11, 17, 28][13, 6, 2, 10, 29][12, 18, 22, 25][5, 21, 15, 16][19, 8, 26][14, 24][25, 28][0, 18][0, 13][5, 6][0, 26] 
[3, 1, 9, 23, 24, 20, 7, 27][13, 6, 2, 10, 29][4, 14, 11, 17, 28][12, 18, 22, 25][5, 21, 15, 16][19, 8, 26][0, 13][0, 18][0, 26][25, 28][14, 24][5, 6] 
[3, 1, 9, 23, 24, 20, 7, 27][4, 14, 11, 17, 28][13, 6, 2, 10, 29][12, 18, 22, 25][5, 21, 15, 16][19, 8, 26][25, 28][14, 24][0, 18][0, 26][0, 13][5, 6] 
[3, 1, 9, 23, 24, 20, 7, 27][4, 14, 11, 17, 28][13, 6, 2, 10, 29][12, 18, 22, 25][0, 26, 8, 19][5, 21, 15, 16][17, 18][0, 18][0, 13][5, 6][15, 16][14, 24] 
[3, 1, 9, 23, 24, 20, 7, 27][4, 14, 11, 17, 28][13, 6, 2, 10, 29][12, 18, 22, 25][0, 26, 8, 19][5, 21, 15, 16][17, 18][0, 18][0, 13][5, 6][15, 16][14, 24] 
[3, 1, 9, 23, 24, 20, 7, 27][4, 14, 11, 17, 28][13, 6, 2, 10, 29][12, 18, 22, 25][0, 26, 8, 19][5, 21, 15, 16][17, 18][0, 18][0, 13][14, 24][5, 6][8, 26] 
[3, 1, 9, 23, 24, 20, 7, 27][4, 14, 11, 17, 28][13, 6, 2, 10, 29][12, 18, 22, 25][0, 26, 8, 19][5, 21, 15, 16][17, 18][0, 18][0, 13][14, 24][5, 6][8, 26] 
[3, 1, 9, 23, 24, 20, 7, 27][4, 14, 11, 17, 28][13, 6, 2, 10, 29][12, 18, 22, 25][0, 26, 8, 19][5, 21, 15, 16][17, 18][0, 18][0, 13][14, 24][5, 6][8, 26] 
[3, 1, 9, 23, 24, 20, 7, 27][4, 14, 11, 17, 28][12, 18, 22, 25][0, 26, 8, 19][6, 2, 10, 29][5, 21, 15, 16][0, 18, 17][14, 24][11, 14][0, 13][6, 13][5, 6] 
[3, 1, 9, 23, 24, 20, 7, 27][13, 6, 2, 10, 29][5, 21, 15, 16][8, 19, 0, 26][12, 18, 22, 25][11, 17, 28][4, 14, 11][5, 6][0, 13][0, 18][25, 28][14, 24] 
[3, 1, 9, 23, 24, 20, 7, 27][13, 6, 2, 10, 29][5, 21, 15, 16][8, 19, 0, 26][12, 18, 22, 25][11, 17, 28][4, 14, 11][5, 6][0, 13][0, 18][25, 28][14, 24] 
[3, 1, 9, 23, 24, 20, 7, 27][13, 6, 2, 10, 29][5, 21, 15, 16][8, 19, 0, 26][12, 18, 22, 25][11, 17, 28][4, 14, 11][5, 6][0, 13][0, 18][25, 28][14, 24] 
[3, 1, 9, 23, 24, 20, 7, 27][13, 6, 2, 10, 29][5, 21, 15, 16][8, 19, 0, 26][12, 18, 22, 25][11, 17, 28][4, 14, 11][5, 6][0, 13][0, 18][25, 28][14, 24] 
[3, 1, 9, 23, 24, 20, 7, 27][13, 6, 2, 10, 29][5, 21, 15, 16][8, 19, 0, 26][12, 18, 22, 25][11, 17, 28][4, 14, 11][5, 6][0, 13][0, 18][25, 28][14, 24] 
[3, 1, 9, 23, 24, 20, 7, 27][4, 14, 11, 17, 28][13, 6, 2, 10, 29][12, 18, 22, 25][5, 21, 15, 16][19, 8, 26][25, 28][0, 18][14, 24][0, 13][5, 6][0, 26] 
[3, 1, 9, 23, 24, 20, 7, 27][13, 6, 2, 10, 29][5, 21, 15, 16][8, 19, 0, 26][12, 18, 22, 25][11, 17, 28][4, 14, 11][5, 6][0, 13][0, 18][25, 28][14, 24] 
