[4, 20, 24, 14, 23, 9][8, 26, 0, 19, 17][6, 5, 15, 27][2, 29, 10, 21][16, 7, 25, 28][12, 22, 18, 13][11, 25, 22][1, 3, 11][10, 27][10, 16][1, 9][19, 22] 
[4, 20, 24, 14, 23, 9][8, 26, 0, 19, 17][12, 22, 18, 13][16, 7, 25, 28][2, 29, 10, 21][6, 5, 15, 27][11, 25, 22][1, 3, 11][10, 16][1, 9][19, 22][10, 27] 
[8, 26, 0, 19, 17][4, 20, 24, 14, 23][16, 7, 25, 28][12, 22, 18, 13][9, 1, 3, 11][2, 29, 10, 21][6, 5, 15, 27][11, 25, 22][9, 23][10, 16][10, 27][19, 22] 
[8, 26, 0, 19, 17][4, 20, 24, 14, 23][16, 7, 25, 28][12, 22, 18, 13][9, 1, 3, 11][2, 29, 10, 21][6, 5, 15, 27][11, 25, 22][9, 23][10, 16][10, 27][19, 22] 
[8, 26, 0, 19, 17][4, 20, 24, 14, 23][12, 22, 18, 13][9, 1, 3, 11][16, 7, 25, 28][2, 29, 10, 21][6, 5, 15, 27][1, 14, 7][19, 22][11, 17][10, 16][10, 27] 
[4, 20, 24, 14, 23][8, 26, 0, 19, 17][16, 7, 25, 28][9, 1, 3, 11][2, 29, 10, 21][6, 5, 15, 27][12, 22, 18, 13][1, 14, 7][10, 16][11, 17][10, 27][19, 22] 
[4, 20, 24, 14, 23][8, 26, 0, 19, 17][2, 29, 10, 21][6, 5, 15, 27][16, 7, 25, 28][9, 1, 3, 11][12, 22, 18, 13][1, 14, 7][10, 27][10, 16][22, 25][19, 22] 
[8, 26, 0, 19, 17][4, 20, 24, 14, 23][12, 22, 18, 13][9, 1, 3, 11][16, 7, 25, 28][2, 29, 10, 21][6, 5, 15, 27][1, 14, 7][19, 22][11, 17][10, 16][10, 27] 
[8, 26, 0, 19, 17][4, 20, 24, 14, 23][12, 22, 18, 13][9, 1, 3, 11][16, 7, 25, 28][2, 29, 10, 21][6, 5, 15, 27][1, 14, 7][19, 22][11, 17][10, 16][10, 27] 
[4, 20, 24, 14, 23][8, 26, 0, 19, 17][9, 1, 3, 11][12, 22, 18, 13][16, 7, 25, 28][2, 29, 10, 21][6, 5, 15, 27][1, 14, 7][11, 17][19, 22][10, 16][10, 27] 
[4, 20, 24, 14, 23, 9][8, 26, 0, 19, 17][12, 22, 18, 13][16, 7, 25, 28][2, 29, 10, 21][6, 5, 15, 27][11, 25, 22][1, 3, 11][10, 16][1, 9][19, 22][10, 27] 
[4, 20, 24, 14, 23, 9][8, 26, 0, 19, 17][6, 5, 15, 27][2, 29, 10, 21][16, 7, 25, 28][12, 22, 18, 13][11, 25, 22][1, 3, 11][10, 27][10, 16][1, 9][19, 22] 
[4, 20, 24, 14, 23, 9][8, 26, 0, 19, 17][6, 5, 15, 27][2, 29, 10, 21][16, 7, 25, 28][12, 22, 18, 13][11, 25, 22][1, 3, 11][10, 27][10, 16][1, 9][19, 22] 
[4, 20, 24, 14, 23][8, 26, 0, 19, 17][9, 1, 3, 11][12, 22, 18, 13][16, 7, 25, 28][2, 29, 10, 21][6, 5, 15, 27][1, 14, 7][11, 17][19, 22][10, 16][10, 27] 
[4, 20, 24, 14, 23][8, 26, 0, 19, 17][9, 1, 3, 11][12, 22, 18, 13][16, 7, 25, 28][2, 29, 10, 21][6, 5, 15, 27][1, 14, 7][11, 17][19, 22][10, 16][10, 27] 
[4, 20, 24, 14, 23][8, 26, 0, 19, 17][9, 1, 3, 11][12, 22, 18, 13][16, 7, 25, 28][2, 29, 10, 21][6, 5, 15, 27][1, 14, 7][11, 17][19, 22][10, 16][10, 27] 
[4, 20, 24, 14, 23, 9][8, 26, 0, 19, 17][6, 5, 15, 27][2, 29, 10, 21][16, 7, 25, 28][12, 22, 18, 13][11, 25, 22][1, 3, 11][10, 27][10, 16][1, 9][19, 22] 
[4, 20, 24, 14, 23, 9][8, 26, 0, 19, 17][2, 29, 10, 21][16, 7, 25, 28][12, 22, 18, 13][6, 5, 15, 27][11, 25, 22][1, 3, 11][10, 16][10, 27][1, 9][19, 22] 
[4, 20, 24, 14, 23][8, 26, 0, 19, 17][9, 1, 3, 11][12, 22, 18, 13][16, 7, 25, 28][2, 29, 10, 21][6, 5, 15, 27][1, 14, 7][11, 17][19, 22][10, 16][10, 27] 
[4, 20, 24, 14, 23, 9][8, 26, 0, 19, 17][12, 22, 18, 13][16, 7, 25, 28][2, 29, 10, 21][6, 5, 15, 27][11, 25, 22][1, 3, 11][10, 16][19, 22][10, 27][1, 9] 
[4, 20, 24, 14, 23, 9][8, 26, 0, 19, 17][6, 5, 15, 27][2, 29, 10, 21][16, 7, 25, 28][12, 22, 18, 13][11, 25, 22][1, 3, 11][10, 27][10, 16][1, 9][19, 22] 
[4, 20, 24, 14, 23, 9][8, 26, 0, 19, 17][6, 5, 15, 27][2, 29, 10, 21][16, 7, 25, 28][12, 22, 18, 13][11, 25, 22][1, 3, 11][10, 27][10, 16][1, 9][19, 22] 
[8, 26, 0, 19, 17][4, 20, 24, 14, 23][16, 7, 25, 28][12, 22, 18, 13][9, 1, 3, 11][2, 29, 10, 21][6, 5, 15, 27][11, 25, 22][9, 23][10, 16][10, 27][19, 22] 
[4, 20, 24, 14, 23][8, 26, 0, 19, 17][16, 7, 25, 28][9, 1, 3, 11][2, 29, 10, 21][6, 5, 15, 27][12, 22, 18, 13][1, 14, 7][10, 16][11, 17][10, 27][19, 22] 
[4, 20, 24, 14, 23][8, 26, 0, 19, 17][9, 1, 3, 11][12, 22, 18, 13][16, 7, 25, 28][2, 29, 10, 21][6, 5, 15, 27][1, 14, 7][11, 17][19, 22][10, 16][10, 27] 
[4, 20, 24, 14, 23][8, 26, 0, 19, 17][16, 7, 25, 28][9, 1, 3, 11][2, 29, 10, 21][6, 5, 15, 27][12, 22, 18, 13][1, 14, 7][10, 16][11, 17][10, 27][19, 22] 
[4, 20, 24, 14, 23, 9][8, 26, 0, 19, 17][6, 5, 15, 27][2, 29, 10, 21][16, 7, 25, 28][12, 22, 18, 13][11, 25, 22][1, 3, 11][10, 27][10, 16][1, 9][19, 22] 
[4, 20, 24, 14, 23, 9][8, 26, 0, 19, 17][12, 22, 18, 13][16, 7, 25, 28][2, 29, 10, 21][6, 5, 15, 27][11, 25, 22][1, 3, 11][10, 16][19, 22][10, 27][1, 9] 
[4, 20, 24, 14, 23][8, 26, 0, 19, 17][9, 1, 3, 11][12, 22, 18, 13][16, 7, 25, 28][2, 29, 10, 21][6, 5, 15, 27][1, 14, 7][11, 17][19, 22][10, 16][10, 27] 
[4, 20, 24, 14, 23, 9][8, 26, 0, 19, 17][12, 22, 18, 13][16, 7, 25, 28][2, 29, 10, 21][6, 5, 15, 27][11, 25, 22][1, 3, 11][10, 16][19, 22][10, 27][1, 9] 
[4, 20, 24, 14, 23, 9][8, 26, 0, 19, 17][6, 5, 15, 27][2, 29, 10, 21][16, 7, 25, 28][12, 22, 18, 13][11, 25, 22][1, 3, 11][10, 27][10, 16][1, 9][19, 22] 
[4, 20, 24, 14, 23, 9][8, 26, 0, 19, 17][12, 22, 18, 13][16, 7, 25, 28][2, 29, 10, 21][6, 5, 15, 27][1, 3, 11][11, 25, 22][19, 22][1, 9][10, 16][10, 27] 
[4, 20, 24, 14, 23][8, 26, 0, 19, 17][16, 7, 25, 28][9, 1, 3, 11][2, 29, 10, 21][6, 5, 15, 27][12, 22, 18, 13][1, 14, 7][10, 16][11, 17][10, 27][19, 22] 
[4, 20, 24, 14, 23, 9][8, 26, 0, 19, 17][6, 5, 15, 27][2, 29, 10, 21][16, 7, 25, 28][12, 22, 18, 13][11, 25, 22][1, 3, 11][10, 27][10, 16][1, 9][19, 22] 
[4, 20, 24, 14, 23, 9][8, 26, 0, 19, 17][6, 5, 15, 27][2, 29, 10, 21][16, 7, 25, 28][12, 22, 18, 13][11, 25, 22][1, 3, 11][10, 27][10, 16][1, 9][19, 22] 
[8, 19, 0, 12, 17, 11, 3, 14, 9, 1, 4, 23, 20, 24][21, 5, 6, 15, 27, 16, 10, 29, 2, 7, 28, 25][13, 18, 12, 17, 22, 25, 0, 26][4, 23, 20, 24][13, 18][20, 24][20, 24][20, 24][25, 28][2, 29][20, 24][1, 9] 
[8, 19, 0, 12, 17, 11, 3, 14, 9, 1, 4, 23, 20, 24][21, 5, 6, 15, 27, 16, 10, 29, 2, 7, 28, 25][13, 18, 12, 17, 22, 25, 0, 26][4, 23, 20, 24][13, 18][20, 24][20, 24][20, 24][25, 28][2, 29][20, 24][1, 9] 
[8, 19, 0, 12, 17, 11, 3, 14, 9, 1, 4, 23, 20, 24][21, 5, 6, 15, 27, 16, 10, 29, 2, 7, 28, 25][13, 18, 12, 17, 22, 25, 0, 26][2, 29, 10][23, 20, 24][5, 6][20, 24][20, 24][1, 9][20, 24][5, 6][20, 24] 
[8, 19, 0, 12, 17, 11, 3, 14, 9, 1, 4, 23, 20, 24][21, 5, 6, 15, 27, 16, 10, 29, 2, 7, 28][13, 18, 12, 17, 22, 25, 0, 26][4, 23, 20, 24][13, 18][20, 24][20, 24][20, 24][25, 28][2, 29][20, 24][1, 9] 
[8, 19, 0, 12, 17, 11, 3, 14, 9, 1, 4, 23, 20, 24][21, 5, 6, 15, 27, 16, 10, 29, 2, 7, 28, 25][12, 22, 18, 13][25, 0, 26][25, 28][20, 24][10, 16][10, 16][13, 18][11, 17][25, 28][25, 28] 
[8, 19, 0, 12, 17, 11, 3, 14, 9, 1, 4, 23, 20][21, 5, 6, 15, 27, 16, 10, 29, 2, 7, 28, 25][12, 22, 18, 13][25, 0, 26][25, 28][20, 24][10, 16][10, 16][13, 18][11, 17][25, 28][25, 28] 
[8, 19, 0, 12, 17, 11, 3, 14, 9, 1, 4, 23, 20, 24][21, 5, 6, 15, 27, 16, 10, 29, 2, 7, 28, 25][13, 18, 12, 17, 22, 25, 0, 26][23, 20, 24][6, 5, 21][5, 6][2, 29][20, 24][1, 9][20, 24][20, 24][20, 24] 
[8, 19, 0, 12, 17, 11, 3, 14, 9, 1, 4, 23, 20, 24][21, 5, 6, 15, 27, 16, 10, 29, 2, 7, 28, 25][13, 18, 12, 17, 22, 25, 0, 26][2, 29, 10][23, 20, 24][5, 6][20, 24][20, 24][1, 9][20, 24][5, 6][20, 24] 
[8, 19, 0, 12, 17, 11, 3, 14, 9, 1, 4, 23, 20, 24][21, 5, 6, 15, 27, 16, 10, 29, 2, 7, 28, 25][12, 22, 18, 13][25, 0, 26][25, 28][20, 24][10, 16][10, 16][13, 18][11, 17][25, 28][25, 28] 
[8, 19, 0, 12, 17, 11, 3, 14, 9, 1, 4, 23, 20, 24][21, 5, 6, 15, 27, 16, 10, 29, 2, 7, 28, 25][13, 18, 12, 17, 22, 25, 0, 26][14, 9, 1, 4, 23, 20, 24][5, 6][2, 29][20, 24][1, 9][20, 24][5, 6][20, 24][20, 24] 
[8, 19, 0, 12, 17, 11, 3, 14, 9, 1, 4, 23, 20, 24][21, 5, 6, 15, 27, 16, 10, 29, 2, 7, 28, 25][13, 18, 12, 17, 22, 25, 0, 26][20, 24][20, 24][20, 24][20, 24][20, 24][20, 24][1, 9][20, 24][20, 24] 
[8, 19, 0, 12, 17, 11, 3, 14, 9, 1, 4, 23, 20, 24][21, 5, 6, 15, 27, 16, 10, 29, 2, 7, 28, 25][13, 18, 12, 17, 22, 25, 0, 26][20, 24][20, 24][20, 24][20, 24][20, 24][20, 24][1, 9][20, 24][20, 24] 
[21, 5, 6, 15, 27, 16, 10, 29, 2, 7, 28, 25][13, 18, 12, 17, 22, 25, 0, 26][3, 14, 9, 1, 4, 23, 20, 24][3, 11, 17, 12, 0, 19, 8][5, 6][2, 29][20, 24][1, 9][20, 24][5, 6][20, 24][20, 24] 
[8, 19, 0, 12, 17, 11, 3, 14, 9, 1, 4, 23, 20, 24][21, 5, 6, 15, 27, 16, 10, 29, 2, 7, 28, 25][13, 18, 12, 17, 22, 25, 0, 26][5, 6][2, 29][20, 24][20, 24][1, 9][20, 24][5, 6][20, 24][20, 24] 
[8, 19, 0, 12, 17, 11, 3, 14, 9, 1, 4, 23, 20, 24][21, 5, 6, 15, 27, 16, 10, 29, 2, 7, 28, 25][13, 18, 12, 17, 22, 25, 0, 26][5, 6][2, 29][20, 24][20, 24][1, 9][20, 24][5, 6][20, 24][20, 24] 
[8, 19, 0, 12, 17, 11, 3, 14, 9, 1, 4, 23, 20, 24][21, 5, 6, 15, 27, 16, 10, 29, 2, 7, 28, 25][13, 18, 12, 17, 22, 25, 0, 26][5, 6][2, 29][20, 24][20, 24][1, 9][20, 24][5, 6][20, 24][20, 24] 
[8, 19, 0, 12, 17, 11, 3, 14, 9, 1, 4, 23, 20, 24][21, 5, 6, 15, 27, 16, 10, 29, 2, 7, 28, 25][13, 18, 12, 17, 22, 25, 0, 26][5, 6][2, 29][20, 24][20, 24][1, 9][20, 24][5, 6][20, 24][20, 24] 
[8, 19, 0, 12, 17, 11, 3, 14, 9, 1, 4, 23, 20, 24][21, 5, 6, 15, 27, 16, 10, 29, 2, 7, 28, 25][13, 18, 12, 17, 22, 25, 0, 26][23, 20, 24][5, 6][2, 29][20, 24][20, 24][1, 9][20, 24][5, 6][20, 24] 
[8, 19, 0, 12, 17, 11, 3, 14, 9, 1, 4, 23, 20, 24][21, 5, 6, 15, 27, 16, 10, 29, 2, 7, 28, 25][13, 18, 12, 17, 22, 25, 0, 26][23, 20, 24][5, 6][2, 29][20, 24][1, 9][20, 24][5, 6][20, 24][20, 24] 
[24, 20, 23, 4, 1, 9, 14, 3, 11, 17, 12, 0, 19, 8, 26][21, 5, 6, 15, 27, 16, 10, 29, 2, 7, 28, 25][13, 18, 12, 17, 22, 25, 0, 26][5, 6][2, 29][20, 24][20, 24][1, 9][20, 24][5, 6][20, 24][20, 24] 
[21, 5, 6, 15, 27, 16, 10, 29, 2, 7, 28, 25, 0, 26][8, 19, 0, 12, 17, 11, 3, 14, 9, 1, 4, 23, 20, 24][11, 3, 14, 9, 1, 4, 23, 20, 24][13, 18, 12, 17, 22, 25, 0, 26][1, 9, 14, 4, 20, 24][5, 6][2, 29][20, 24][1, 9][5, 6][20, 24][20, 24] 
[4, 20, 24, 14, 23, 9][8, 26, 0, 19, 17][2, 29, 10, 21][16, 7, 25, 28][6, 5, 15, 27][12, 22, 18, 13][1, 14, 7][1, 3, 11][10, 16][10, 27][11, 17][19, 22] 
[4, 20, 24, 14, 23, 9][8, 26, 0, 19, 17][2, 29, 10, 21][16, 7, 25, 28][6, 5, 15, 27][12, 22, 18, 13][1, 14, 7][1, 3, 11][10, 16][10, 27][11, 17][19, 22] 
[4, 20, 24, 14, 23, 9][8, 26, 0, 19, 17][2, 29, 10, 21][16, 7, 25, 28][6, 5, 15, 27][12, 22, 18, 13][1, 14, 7][1, 3, 11][10, 16][10, 27][11, 17][19, 22] 
[4, 20, 24, 14, 23, 9][8, 26, 0, 19, 17][2, 29, 10, 21][16, 7, 25, 28][6, 5, 15, 27][12, 22, 18, 13][1, 14, 7][1, 3, 11][10, 16][10, 27][11, 17][19, 22] 
[4, 20, 24, 14, 23, 9][8, 26, 0, 19, 17][16, 7, 25, 28][12, 22, 18, 13][2, 29, 10, 21][6, 5, 15, 27][1, 14, 7][1, 3, 11][11, 17][19, 22][10, 16][10, 27] 
[4, 20, 24, 14, 23, 9][8, 26, 0, 19, 17][16, 7, 25, 28][12, 22, 18, 13][2, 29, 10, 21][6, 5, 15, 27][1, 14, 7][1, 3, 11][11, 17][19, 22][10, 16][10, 27] 
[4, 20, 24, 14, 23, 9][8, 26, 0, 19, 17][2, 29, 10, 21][16, 7, 25, 28][6, 5, 15, 27][12, 22, 18, 13][1, 14, 7][1, 3, 11][10, 16][10, 27][11, 17][19, 22] 
[4, 20, 24, 14, 23, 9][8, 26, 0, 19, 17][2, 29, 10, 21][16, 7, 25, 28][6, 5, 15, 27][12, 22, 18, 13][1, 14, 7][1, 3, 11][10, 16][10, 27][11, 17][19, 22] 
[4, 20, 24, 14, 23, 9][8, 26, 0, 19, 17][2, 29, 10, 21][16, 7, 25, 28][6, 5, 15, 27][12, 22, 18, 13][1, 14, 7][1, 3, 11][10, 16][10, 27][11, 17][19, 22] 
[4, 20, 24, 14, 23, 9][8, 26, 0, 19, 17][2, 29, 10, 21][16, 7, 25, 28][6, 5, 15, 27][12, 22, 18, 13][1, 14, 7][1, 3, 11][10, 16][10, 27][11, 17][19, 22] 
[4, 20, 24, 14, 23, 9][8, 26, 0, 19, 17][2, 29, 10, 21][16, 7, 25, 28][6, 5, 15, 27][12, 22, 18, 13][1, 14, 7][1, 3, 11][10, 16][10, 27][11, 17][19, 22] 
[4, 20, 24, 14, 23, 9][8, 26, 0, 19, 17][2, 29, 10, 21][16, 7, 25, 28][6, 5, 15, 27][12, 22, 18, 13][1, 14, 7][1, 3, 11][10, 16][10, 27][11, 17][19, 22] 
[4, 20, 24, 14, 23, 9][8, 26, 0, 19, 17][2, 29, 10, 21][16, 7, 25, 28][6, 5, 15, 27][12, 22, 18, 13][1, 14, 7][1, 3, 11][10, 16][10, 27][11, 17][19, 22] 
[4, 20, 24, 14, 23, 9][8, 26, 0, 19, 17][2, 29, 10, 21][16, 7, 25, 28][6, 5, 15, 27][12, 22, 18, 13][1, 14, 7][1, 3, 11][10, 16][10, 27][11, 17][19, 22] 
[4, 20, 24, 14, 23, 9][8, 26, 0, 19, 17][2, 29, 10, 21][16, 7, 25, 28][6, 5, 15, 27][12, 22, 18, 13][1, 14, 7][1, 3, 11][10, 16][10, 27][11, 17][19, 22] 
[4, 20, 24, 14, 23, 9][8, 26, 0, 19, 17][6, 5, 15, 27][2, 29, 10, 21][16, 7, 25, 28][12, 22, 18, 13][11, 25, 22][1, 3, 11][10, 27][10, 16][1, 9][19, 22] 
[4, 20, 24, 14, 23, 9][8, 26, 0, 19, 17][6, 5, 15, 27][2, 29, 10, 21][16, 7, 25, 28][12, 22, 18, 13][11, 25, 22][1, 3, 11][10, 27][10, 16][1, 9][19, 22] 
[4, 20, 24, 14, 23, 9][8, 26, 0, 19, 17][6, 5, 15, 27][2, 29, 10, 21][16, 7, 25, 28][12, 22, 18, 13][11, 25, 22][1, 3, 11][10, 27][10, 16][1, 9][19, 22] 
[4, 20, 24, 14, 23, 9][8, 26, 0, 19, 17][12, 22, 18, 13][16, 7, 25, 28][2, 29, 10, 21][6, 5, 15, 27][11, 25, 22][1, 3, 11][10, 16][19, 22][10, 27][1, 9] 
[4, 20, 24, 14, 23, 9][8, 26, 0, 19, 17][6, 5, 15, 27][2, 29, 10, 21][16, 7, 25, 28][12, 22, 18, 13][11, 25, 22][1, 3, 11][10, 27][10, 16][1, 9][19, 22] 
[3, 11, 17, 19, 0, 26, 8][4, 20, 24, 14, 23, 9][12, 22, 18, 13][16, 7, 25, 28][2, 29, 10, 21][6, 5, 15, 27][1, 3][1, 9][19, 22][7, 14][10, 16][10, 27] 
[4, 20, 24, 14, 23, 9][8, 26, 0, 19, 17][16, 7, 25, 28][2, 29, 10, 21][6, 5, 15, 27][12, 22, 18, 13][1, 14, 7][1, 3, 11][10, 16][10, 27][11, 17][19, 22] 
[4, 20, 24, 14, 23, 9][8, 26, 0, 19, 17][2, 29, 10, 21][16, 7, 25, 28][6, 5, 15, 27][12, 22, 18, 13][1, 14, 7][1, 3, 11][10, 16][10, 27][11, 17][19, 22] 
[4, 20, 24, 14, 23, 9][8, 26, 0, 19, 17][16, 7, 25, 28][2, 29, 10, 21][6, 5, 15, 27][12, 22, 18, 13][1, 14, 7][1, 3, 11][10, 16][10, 27][11, 17][19, 22] 
[4, 20, 24, 14, 23, 9][8, 26, 0, 19, 17][2, 29, 10, 21][16, 7, 25, 28][6, 5, 15, 27][12, 22, 18, 13][1, 14, 7][1, 3, 11][10, 16][10, 27][11, 17][19, 22] 
[4, 20, 24, 14, 23, 9][8, 26, 0, 19, 17][2, 29, 10, 21][16, 7, 25, 28][6, 5, 15, 27][12, 22, 18, 13][1, 14, 7][1, 3, 11][10, 16][10, 27][11, 17][19, 22] 
[4, 20, 24, 14, 23, 9][8, 26, 0, 19, 17][12, 22, 18, 13][16, 7, 25, 28][2, 29, 10, 21][6, 5, 15, 27][11, 25, 22][1, 3, 11][10, 16][19, 22][10, 27][1, 9] 
[4, 20, 24, 14, 23, 9][8, 26, 0, 19, 17][2, 29, 10, 21][16, 7, 25, 28][6, 5, 15, 27][12, 22, 18, 13][1, 14, 7][1, 3, 11][10, 16][10, 27][11, 17][19, 22] 
[4, 20, 24, 14, 23, 9][8, 26, 0, 19, 17][6, 5, 15, 27][2, 29, 10, 21][16, 7, 25, 28][12, 22, 18, 13][11, 25, 22][1, 3, 11][10, 27][10, 16][1, 9][19, 22] 
[4, 20, 24, 14, 23, 9][8, 26, 0, 19, 17][6, 5, 15, 27][2, 29, 10, 21][16, 7, 25, 28][12, 22, 18, 13][11, 25, 22][1, 3, 11][10, 27][10, 16][1, 9][19, 22] 
[4, 20, 24, 14, 23, 9][8, 26, 0, 19, 17][2, 29, 10, 21][16, 7, 25, 28][12, 22, 18, 13][6, 5, 15, 27][11, 25, 22][1, 3, 11][10, 16][10, 27][1, 9][19, 22] 
[4, 20, 24, 14, 23, 9][8, 26, 0, 19, 17][6, 5, 15, 27][2, 29, 10, 21][16, 7, 25, 28][12, 22, 18, 13][11, 25, 22][1, 3, 11][10, 27][10, 16][1, 9][19, 22] 
[4, 20, 24, 14, 23, 9][8, 26, 0, 19, 17][6, 5, 15, 27][2, 29, 10, 21][16, 7, 25, 28][12, 22, 18, 13][11, 25, 22][1, 3, 11][10, 27][10, 16][1, 9][19, 22] 
[4, 20, 24, 14, 23, 9][8, 26, 0, 19, 17][6, 5, 15, 27][2, 29, 10, 21][16, 7, 25, 28][12, 22, 18, 13][11, 25, 22][1, 3, 11][10, 27][10, 16][1, 9][19, 22] 
[4, 20, 24, 14, 23, 9][8, 26, 0, 19, 17][12, 22, 18, 13][16, 7, 25, 28][2, 29, 10, 21][6, 5, 15, 27][1, 3, 11][11, 25, 22][19, 22][1, 9][10, 16][10, 27] 
[4, 20, 24, 14, 23, 9][8, 26, 0, 19, 17][12, 22, 18, 13][16, 7, 25, 28][2, 29, 10, 21][6, 5, 15, 27][11, 25, 22][1, 3, 11][10, 16][19, 22][10, 27][1, 9] 
[4, 20, 24, 14, 23, 9][8, 26, 0, 19, 17][6, 5, 15, 27][2, 29, 10, 21][16, 7, 25, 28][12, 22, 18, 13][11, 25, 22][1, 3, 11][10, 27][10, 16][1, 9][19, 22] 
[4, 20, 24, 14, 23, 9][8, 26, 0, 19, 17][12, 22, 18, 13][16, 7, 25, 28][2, 29, 10, 21][6, 5, 15, 27][11, 25, 22][1, 3, 11][10, 16][19, 22][10, 27][1, 9] 
[4, 20, 24, 14, 23, 9][8, 26, 0, 19, 17][6, 5, 15, 27][2, 29, 10, 21][16, 7, 25, 28][12, 22, 18, 13][11, 25, 22][1, 3, 11][10, 27][10, 16][1, 9][19, 22] 
[4, 20, 24, 14, 23, 9][8, 26, 0, 19, 17][12, 22, 18, 13][16, 7, 25, 28][2, 29, 10, 21][6, 5, 15, 27][1, 3, 11][11, 25, 22][19, 22][1, 9][10, 16][10, 27] 
[4, 20, 24, 14, 23, 9][8, 26, 0, 19, 17][6, 5, 15, 27][2, 29, 10, 21][16, 7, 25, 28][12, 22, 18, 13][11, 25, 22][1, 3, 11][10, 27][10, 16][1, 9][19, 22] 
[4, 20, 24, 14, 23, 9][8, 26, 0, 19, 17][12, 22, 18, 13][16, 7, 25, 28][2, 29, 10, 21][6, 5, 15, 27][11, 25, 22][1, 3, 11][10, 16][19, 22][10, 27][1, 9] 
[4, 20, 24, 14, 23, 9][8, 26, 0, 19, 17][6, 5, 15, 27][2, 29, 10, 21][16, 7, 25, 28][12, 22, 18, 13][11, 25, 22][1, 3, 11][10, 27][10, 16][1, 9][19, 22] 
[3, 11, 17, 19, 0, 26, 8][4, 20, 24, 14, 23][2, 29, 10, 21][16, 7, 25, 28][7, 14, 1, 9][6, 5, 15, 27][12, 22, 18, 13][10, 16][10, 27][1, 3][11, 17][19, 22] 
[3, 11, 17, 19, 0, 26, 8][4, 20, 24, 14, 23][7, 14, 1, 9][16, 7, 25, 28][2, 29, 10, 21][12, 22, 18, 13][6, 5, 15, 27][10, 16][1, 3][19, 22][10, 27][2, 29] 
[3, 11, 17, 19, 0, 26, 8][4, 20, 24, 14, 23][7, 14, 1, 9][16, 7, 25, 28][2, 29, 10, 21][12, 22, 18, 13][6, 5, 15, 27][10, 16][1, 3][19, 22][10, 27][2, 29] 
[3, 11, 17, 19, 0, 26, 8][4, 20, 24, 14, 23][7, 14, 1, 9][16, 7, 25, 28][6, 5, 15, 27][2, 29, 10, 21][12, 22, 18, 13][10, 16][1, 3][19, 22][10, 27][8, 26] 
[3, 11, 17, 19, 0, 26, 8][4, 20, 24, 14, 23][7, 14, 1, 9][16, 7, 25, 28][12, 22, 18, 13][2, 29, 10, 21][6, 5, 15, 27][1, 3][11, 17][19, 22][10, 16][10, 27] 
[3, 11, 17, 19, 0, 26, 8][4, 20, 24, 14, 23][7, 14, 1, 9][12, 22, 18, 13][2, 29, 10, 21][6, 5, 15, 27][22, 25, 28][16, 10, 27][1, 3][11, 17][7, 16][19, 22] 
[4, 20, 24, 14, 23, 9][8, 26, 0, 19, 17][2, 29, 10, 21][16, 7, 25, 28][6, 5, 15, 27][12, 22, 18, 13][1, 14, 7][1, 3, 11][10, 16][10, 27][11, 17][19, 22] 
[4, 20, 24, 14, 23, 9][8, 26, 0, 19, 17][2, 29, 10, 21][16, 7, 25, 28][6, 5, 15, 27][12, 22, 18, 13][1, 14, 7][1, 3, 11][10, 16][10, 27][11, 17][19, 22] 
[4, 20, 24, 14, 23, 9][8, 26, 0, 19, 17][2, 29, 10, 21][16, 7, 25, 28][6, 5, 15, 27][12, 22, 18, 13][1, 14, 7][1, 3, 11][10, 16][10, 27][11, 17][19, 22] 
[4, 20, 24, 14, 23, 9][8, 26, 0, 19, 17][2, 29, 10, 21][16, 7, 25, 28][6, 5, 15, 27][12, 22, 18, 13][1, 14, 7][1, 3, 11][10, 16][10, 27][11, 17][19, 22] 
[4, 20, 24, 14, 23, 9][8, 26, 0, 19, 17][2, 29, 10, 21][16, 7, 25, 28][6, 5, 15, 27][12, 22, 18, 13][1, 14, 7][1, 3, 11][10, 16][10, 27][11, 17][19, 22] 
[4, 20, 24, 14, 23, 9][8, 26, 0, 19, 17][6, 5, 15, 27][2, 29, 10, 21][16, 7, 25, 28][12, 22, 18, 13][11, 25, 22][1, 3, 11][10, 27][10, 16][1, 9][19, 22] 
[4, 20, 24, 14, 23, 9][8, 26, 0, 19, 17][2, 29, 10, 21][16, 7, 25, 28][6, 5, 15, 27][12, 22, 18, 13][1, 14, 7][1, 3, 11][10, 16][10, 27][11, 17][19, 22] 
