[22, 17, 19, 12, 8, 26][11, 3, 9, 1, 23, 20][13, 6, 5, 15, 21][2, 16, 27, 29][18, 0, 28, 25][7, 24, 4, 14][2, 10][10, 15][16, 28][18, 19][7, 27][3, 24] 
[22, 17, 19, 12, 8, 26][11, 3, 9, 1, 23, 20][13, 6, 5, 15, 21][18, 0, 28, 25][2, 29, 27, 16][7, 24, 4, 14][18, 19][16, 28][10, 27][10, 15][7, 27][3, 24] 
[22, 17, 19, 12, 8, 26][11, 3, 9, 1, 23, 20][13, 6, 5, 15, 21][18, 0, 28, 25][2, 29, 27, 16][7, 24, 4, 14][16, 28][18, 19][2, 10][7, 27][3, 24][10, 15] 
[22, 17, 19, 12, 8, 26][11, 3, 9, 1, 23, 20][13, 6, 5, 15, 21][18, 0, 28, 25][2, 29, 27, 16][7, 24, 4, 14][18, 19][16, 28][2, 10][10, 15][7, 27][3, 24] 
[11, 3, 9, 1, 23, 20][22, 17, 19, 12, 8, 26][13, 6, 5, 15, 21][7, 24, 4, 14][2, 29, 27, 16][18, 0, 28, 25][7, 27][10, 27][16, 28][3, 24][10, 15][18, 19] 
[22, 17, 19, 12, 8, 26][11, 3, 9, 1, 23, 20][13, 6, 5, 15, 21][18, 0, 28, 25][2, 29, 27, 16][7, 24, 4, 14][18, 19][16, 28][7, 27][10, 27][10, 15][3, 24] 
[22, 17, 19, 12, 8, 26][11, 3, 9, 1, 23, 20][13, 6, 5, 15, 21][18, 0, 28, 25][2, 29, 27, 16][7, 24, 4, 14][18, 19][16, 28][2, 10][10, 15][7, 27][3, 24] 
[11, 3, 9, 1, 23, 20][22, 17, 19, 12, 8, 26][13, 6, 5, 15, 21][2, 29, 27, 16][7, 24, 4, 14][18, 0, 28, 25][10, 15][10, 27][7, 27][3, 24][16, 28][18, 19] 
[22, 17, 19, 12, 8, 26][11, 3, 9, 1, 23, 20][13, 6, 5, 15, 21][18, 0, 28, 25][2, 29, 27, 16][7, 24, 4, 14][18, 19][16, 28][7, 27][10, 27][10, 15][3, 24] 
[22, 17, 19, 12, 8, 26][11, 3, 9, 1, 23, 20][13, 6, 5, 15, 21][18, 0, 28, 25][2, 29, 27, 16][7, 24, 4, 14][18, 19][16, 28][7, 27][3, 24][10, 27][10, 15] 
[22, 17, 19, 12, 8, 26][11, 3, 9, 1, 23, 20][13, 6, 5, 15, 21][18, 0, 28, 25][2, 16, 27, 29][7, 24, 4, 14][18, 19][16, 28][2, 10][7, 27][10, 15][3, 24] 
[22, 17, 19, 12, 8, 26][11, 3, 9, 1, 23, 20][13, 6, 5, 15, 21][2, 29, 27, 16][18, 0, 28, 25][7, 24, 4, 14][16, 28][10, 27][7, 27][10, 15][18, 19][3, 24] 
[22, 17, 19, 12, 8, 26][11, 3, 9, 1, 23, 20][13, 6, 5, 15, 21][18, 0, 28, 25][2, 29, 27, 16][7, 24, 4, 14][18, 19][16, 28][2, 10][10, 15][7, 27][3, 24] 
[22, 17, 19, 12, 8, 26][11, 3, 9, 1, 23, 20][13, 6, 5, 15, 21][18, 0, 28, 25][2, 29, 27, 16][7, 24, 4, 14][18, 19][16, 28][7, 27][10, 27][10, 15][3, 24] 
[11, 3, 9, 1, 23, 20][22, 17, 19, 12, 8, 26][13, 6, 5, 15, 21][2, 29, 27, 16][7, 24, 4, 14][18, 0, 28, 25][10, 15][10, 27][7, 27][3, 24][16, 28][18, 19] 
[22, 17, 19, 12, 8, 26][11, 3, 9, 1, 23, 20][13, 6, 5, 15, 21][18, 0, 28, 25][2, 29, 27, 16][7, 24, 4, 14][6, 10, 15][18, 19][16, 28][7, 27][10, 27][3, 24] 
[22, 17, 19, 12, 8, 26][11, 3, 9, 1, 23, 20][13, 6, 5, 15, 21][2, 16, 27, 29][18, 0, 28, 25][7, 24, 4, 14][2, 10][10, 15][16, 28][18, 19][7, 27][3, 24] 
[22, 17, 19, 12, 8, 26][11, 3, 9, 1, 23, 20][13, 6, 5, 15, 21][18, 0, 28, 25][2, 29, 27, 16][7, 24, 4, 14][16, 28][10, 27][7, 27][18, 19][10, 15][3, 24] 
[11, 3, 9, 1, 23, 20][22, 17, 19, 12, 8, 26][13, 6, 5, 15, 21][2, 29, 27, 16][7, 24, 4, 14][18, 0, 28, 25][10, 15][10, 27][7, 27][3, 24][16, 28][18, 19] 
[22, 17, 19, 12, 8, 26][11, 3, 9, 1, 23, 20][13, 6, 5, 15, 21][2, 16, 27, 29][18, 0, 28, 25][7, 24, 4, 14][2, 10][10, 15][16, 28][18, 19][7, 27][3, 24] 
[22, 17, 19, 12, 8, 26][11, 3, 9, 1, 23, 20][13, 6, 5, 15, 21][2, 16, 27, 29][18, 0, 28, 25][7, 24, 4, 14][2, 10][10, 15][16, 28][18, 19][7, 27][3, 24] 
[22, 17, 19, 12, 8, 26][11, 3, 9, 1, 23, 20][13, 6, 5, 15, 21][18, 0, 28, 25][2, 29, 27, 16][7, 24, 4, 14][18, 19][16, 28][7, 27][10, 27][10, 15][3, 24] 
[22, 17, 19, 12, 8, 26][11, 3, 9, 1, 23, 20][13, 6, 5, 15, 21][18, 0, 28, 25][2, 29, 27, 16][7, 24, 4, 14][18, 19][16, 28][2, 10][10, 15][7, 27][3, 24] 
[22, 17, 19, 12, 8, 26][11, 3, 9, 1, 23, 20][13, 6, 5, 15, 21][18, 0, 28, 25][2, 29, 27, 16][7, 24, 4, 14][18, 19][16, 28][7, 27][10, 27][10, 15][3, 24] 
[22, 17, 19, 12, 8, 26][11, 3, 9, 1, 23, 20][13, 6, 5, 15, 21][18, 0, 28, 25][2, 29, 27, 16][7, 24, 4, 14][18, 19][16, 28][7, 27][3, 24][10, 27][10, 15] 
[22, 17, 19, 12, 8, 26][11, 3, 9, 1, 23, 20][13, 6, 5, 15, 21][18, 0, 28, 25][2, 29, 27, 16][7, 24, 4, 14][6, 10, 15][18, 19][16, 28][7, 27][10, 27][3, 24] 
[22, 17, 19, 12, 8, 26][11, 3, 9, 1, 23, 20][13, 6, 5, 15, 21][2, 16, 27, 29][18, 0, 28, 25][7, 24, 4, 14][2, 10][10, 15][16, 28][18, 19][7, 27][3, 24] 
[22, 17, 19, 12, 8, 26][11, 3, 9, 1, 23, 20][13, 6, 5, 15, 21][18, 0, 28, 25][2, 29, 27, 16][7, 24, 4, 14][18, 19][16, 28][7, 27][3, 24][10, 27][10, 15] 
[22, 17, 19, 12, 8, 26][11, 3, 9, 1, 23, 20][13, 6, 5, 15, 21][18, 0, 28, 25][2, 29, 27, 16][7, 24, 4, 14][18, 19][16, 28][7, 27][10, 27][10, 15][3, 24] 
[22, 17, 19, 12, 8, 26][11, 3, 9, 1, 23, 20][13, 6, 5, 15, 21][2, 16, 27, 29][18, 0, 28, 25][7, 24, 4, 14][2, 10][10, 15][16, 28][18, 19][7, 27][3, 24] 
[22, 17, 19, 12, 8, 26][11, 3, 9, 1, 23, 20][13, 6, 5, 15, 21][18, 0, 28, 25][2, 16, 27, 29][7, 24, 4, 14][18, 19][16, 28][7, 27][2, 10][3, 24][10, 15] 
[22, 17, 19, 12, 8, 26][11, 3, 9, 1, 23, 20][13, 6, 5, 15, 21][2, 29, 27, 16][18, 0, 28, 25][7, 24, 4, 14][16, 28][10, 27][7, 27][10, 15][18, 19][3, 24] 
[11, 3, 9, 1, 23, 20][22, 17, 19, 12, 8, 26][13, 6, 5, 15, 21][7, 24, 4, 14][2, 29, 27, 16][18, 0, 28, 25][3, 24][7, 27][10, 27][10, 15][16, 28][18, 19] 
[22, 17, 19, 12, 8, 26][11, 3, 9, 1, 23, 20][13, 6, 5, 15, 21][2, 16, 27, 29][18, 0, 28, 25][7, 24, 4, 14][2, 10][10, 15][16, 28][18, 19][7, 27][3, 24] 
[22, 17, 19, 12, 8, 26][11, 3, 9, 1, 23, 20][13, 6, 5, 15, 21][18, 0, 28, 25][2, 16, 27, 29][7, 24, 4, 14][18, 19][16, 28][7, 27][2, 10][3, 24][10, 15] 
[5, 6, 10, 15, 21, 2, 29, 27, 7, 16, 28, 17, 11][1, 23, 9, 3, 4, 14, 24, 20, 7, 25][0, 26, 8, 12, 19, 17, 22, 18, 13][9, 23][2, 29][9, 23][9, 23][9, 23][9, 23][9, 23][9, 23][9, 23] 
[5, 6, 10, 15, 21, 2, 29, 27, 7, 16, 28, 17, 11][1, 23, 9, 3, 4, 14, 24, 20, 7, 25, 28][0, 26, 8, 12, 19, 17, 22, 18, 13][9, 23][2, 29][9, 23][9, 23][9, 23][9, 23][9, 23][9, 23][9, 23] 
[5, 6, 10, 15, 21, 2, 29, 27, 7, 16, 28, 17, 11][1, 23, 9, 3, 4, 14, 24, 20, 7, 25][0, 26, 8, 12, 19, 17, 22, 18, 13][9, 23][2, 29][9, 23][9, 23][9, 23][9, 23][9, 23][9, 23][9, 23] 
[5, 6, 10, 15, 21, 2, 29, 27, 7, 16, 28, 17, 11][13, 18, 22, 17, 19, 12, 8, 26, 0, 28, 25][1, 23, 9, 3, 4, 14, 24, 20][9, 23][9, 23][2, 29][2, 29][2, 29][2, 29][2, 21][7, 20][9, 23] 
[5, 6, 10, 15, 21, 2, 29, 27, 7, 16, 28, 17, 11][13, 18, 22, 17, 19, 12, 8, 26, 0, 28, 25][1, 23, 9, 3, 4, 14, 24, 20][9, 23][9, 23][2, 29][2, 29][2, 29][2, 29][2, 21][7, 20][9, 23] 
[5, 6, 10, 15, 21, 2, 29, 27, 7, 16, 28][1, 23, 9, 3, 4, 14, 24, 20, 7, 25][0, 26, 8, 12, 19, 17, 22, 18, 13][17, 11, 25][9, 23][9, 23][9, 23][2, 29][9, 23][9, 23][9, 23][9, 23] 
[5, 6, 10, 15, 21, 2, 29, 27, 7, 16, 28, 17, 11][1, 23, 9, 3, 4, 14, 24, 20, 7, 25][0, 26, 8, 12, 19, 17, 22, 18, 13][9, 23][2, 29][9, 23][9, 23][9, 23][9, 23][9, 23][9, 23][9, 23] 
[5, 6, 10, 15, 21, 2, 29, 27, 7, 16, 28, 17, 11][1, 23, 9, 3, 4, 14, 24, 20, 7, 25, 28][0, 26, 8, 12, 19, 17, 22, 18, 13][9, 23][9, 23][9, 23][9, 23][9, 23][9, 23][9, 23][9, 23][9, 23] 
[5, 6, 10, 15, 21, 2, 29, 27, 7, 16, 28, 17, 11][13, 18, 22, 17, 19, 12, 8, 26, 0, 28, 25][1, 23, 9, 3, 4, 14, 24, 20][9, 23][9, 23][2, 29][2, 29][2, 29][2, 29][2, 21][7, 20][9, 23] 
[5, 6, 10, 15, 21, 2, 29, 27, 7, 16, 28, 17, 11][1, 23, 9, 3, 4, 14, 24, 20, 7, 25][0, 26, 8, 12, 19, 17, 22, 18, 13][9, 23][2, 29][9, 23][9, 23][9, 23][9, 23][9, 23][9, 23][9, 23] 
[5, 6, 10, 15, 21, 2, 29, 27, 7, 16, 28, 17, 11][1, 23, 9, 3, 4, 14, 24, 20, 7, 25][0, 26, 8, 12, 19, 17, 22, 18, 13][9, 23][2, 29][9, 23][9, 23][9, 23][9, 23][9, 23][9, 23][9, 23] 
[5, 6, 10, 15, 21, 2, 29, 27, 7, 16, 28, 17, 11][1, 23, 9, 3, 4, 14, 24, 20, 7, 25, 28][0, 26, 8, 12, 19, 17, 22, 18, 13][9, 23][9, 23][9, 23][9, 23][9, 23][9, 23][9, 23][9, 23][9, 23] 
[5, 6, 10, 15, 21, 2, 29, 27, 7, 16, 28, 17, 11][13, 18, 22, 17, 19, 12, 8, 26, 0, 28, 25][1, 23, 9, 3, 4, 14, 24, 20][9, 23][9, 23][2, 29][2, 29][2, 29][2, 29][2, 21][7, 20][9, 23] 
[5, 6, 10, 15, 21, 2, 29, 27, 7, 16, 28, 17, 11][1, 23, 9, 3, 4, 14, 24, 20, 7, 25][0, 26, 8, 12, 19, 17, 22, 18, 13][9, 23][2, 29][9, 23][9, 23][9, 23][9, 23][9, 23][9, 23][9, 23] 
[5, 6, 10, 15, 21, 2, 29, 27, 7, 16, 28, 17, 11][1, 23, 9, 3, 4, 14, 24, 20, 7, 25][0, 26, 8, 12, 19, 17, 22, 18, 13][9, 23][2, 29][9, 23][9, 23][9, 23][9, 23][9, 23][9, 23][9, 23] 
[5, 6, 10, 15, 21, 2, 29, 27, 7, 16, 28, 17, 11][13, 18, 22, 17, 19, 12, 8, 26, 0, 28, 25][1, 23, 9, 3, 4, 14, 24, 20, 7][9, 23][9, 23][9, 23][9, 23][9, 23][9, 23][9, 23][9, 23][9, 23] 
[5, 6, 10, 15, 21, 2, 29, 27, 7, 16, 28, 17, 11][13, 18, 22, 17, 19, 12, 8, 26, 0, 28, 25][1, 23, 9, 3, 4, 14, 24, 20, 7][9, 23][9, 23][9, 23][9, 23][9, 23][9, 23][9, 23][9, 23][9, 23] 
[1, 23, 9, 3, 4, 14, 24, 20, 7, 25, 11, 17][5, 6, 10, 15, 21, 2, 29, 27, 7, 16, 28][0, 26, 8, 12, 19, 17, 22, 18, 13][9, 23][9, 23][9, 23][9, 23][9, 23][9, 23][9, 23][9, 23][9, 23] 
[5, 6, 10, 15, 21, 2, 29, 27, 7, 16, 28, 17, 11][13, 18, 22, 17, 19, 12, 8, 26, 0, 28, 25][1, 23, 9, 3, 4, 14, 24, 20, 7][9, 23][9, 23][9, 23][9, 23][9, 23][9, 23][9, 23][9, 23][9, 23] 
[5, 6, 10, 15, 21, 2, 29, 27, 7, 16, 28, 17, 11][13, 18, 22, 17, 19, 12, 8, 26, 0, 28, 25][1, 23, 9, 3, 4, 14, 24, 20, 7][9, 23][9, 23][9, 23][9, 23][9, 23][9, 23][9, 23][9, 23][9, 23] 
[1, 23, 9, 3, 4, 14, 24, 20, 7, 25, 11, 17, 22][5, 6, 10, 15, 21, 2, 29, 27, 7, 16, 28, 17, 11][0, 26, 8, 12, 19, 17, 22, 18, 13][9, 23][9, 23][9, 23][9, 23][9, 23][9, 23][9, 23][9, 23][9, 23] 
[11, 3, 9, 1, 23, 20][22, 17, 19, 12, 8, 26][13, 6, 5, 15, 21][7, 24, 4, 14][2, 29, 27, 16][18, 0, 28, 25][3, 24][7, 27][16, 28][18, 19][10, 27][10, 15] 
[22, 17, 19, 12, 8, 26][11, 3, 9, 1, 23, 20][13, 6, 5, 15, 21][18, 0, 28, 25][2, 29, 27, 16][7, 24, 4, 14][18, 19][16, 28][7, 27][3, 24][10, 27][10, 15] 
[22, 17, 19, 12, 8, 26][11, 3, 9, 1, 23, 20][13, 6, 5, 15, 21][18, 0, 28, 25][2, 29, 27, 16][7, 24, 4, 14][18, 19][16, 28][7, 27][3, 24][10, 27][10, 15] 
[11, 3, 9, 1, 23, 20][22, 17, 19, 12, 8, 26][13, 6, 5, 15, 21][7, 24, 4, 14][2, 29, 27, 16][18, 0, 28, 25][3, 24][7, 27][16, 28][18, 19][10, 27][10, 15] 
[22, 17, 19, 12, 8, 26][11, 3, 9, 1, 23, 20][13, 6, 5, 15, 21][18, 0, 28, 25][2, 29, 27, 16][7, 24, 4, 14][18, 19][16, 28][7, 27][3, 24][10, 27][10, 15] 
[22, 17, 19, 12, 8, 26][11, 3, 9, 1, 23, 20][13, 6, 5, 15, 21][18, 0, 28, 25][2, 29, 27, 16][7, 24, 4, 14][18, 19][16, 28][7, 27][10, 27][10, 15][3, 24] 
[22, 17, 19, 12, 8, 26][11, 3, 9, 1, 23, 20][13, 6, 5, 15, 21][18, 0, 28, 25][2, 29, 27, 16][7, 24, 4, 14][18, 19][16, 28][7, 27][10, 27][10, 15][3, 24] 
[11, 3, 9, 1, 23, 20][22, 17, 19, 12, 8, 26][13, 6, 5, 15, 21][7, 24, 4, 14][2, 29, 27, 16][18, 0, 28, 25][3, 24][7, 27][16, 28][18, 19][10, 27][10, 15] 
[22, 17, 19, 12, 8, 26][11, 3, 9, 1, 23, 20][13, 6, 5, 15, 21][18, 0, 28, 25][2, 29, 27, 16][7, 24, 4, 14][18, 19][16, 28][7, 27][10, 27][10, 15][3, 24] 
[22, 17, 19, 12, 8, 26][11, 3, 9, 1, 23, 20][13, 6, 5, 15, 21][2, 29, 27, 16][18, 0, 28, 25][7, 24, 4, 14][16, 28][10, 27][7, 27][10, 15][18, 19][3, 24] 
[11, 3, 9, 1, 23, 20][22, 17, 19, 12, 8, 26][13, 6, 5, 15, 21][2, 29, 27, 16][7, 24, 4, 14][18, 0, 28, 25][10, 15][10, 27][7, 27][3, 24][16, 28][18, 19] 
[11, 3, 9, 1, 23, 20][22, 17, 19, 12, 8, 26][13, 6, 5, 15, 21][7, 24, 4, 14][2, 29, 27, 16][18, 0, 28, 25][3, 24][7, 27][16, 28][18, 19][10, 27][10, 15] 
[22, 17, 19, 12, 8, 26][11, 3, 9, 1, 23, 20][13, 6, 5, 15, 21][18, 0, 28, 25][2, 29, 27, 16][7, 24, 4, 14][18, 19][16, 28][7, 27][10, 27][10, 15][3, 24] 
[11, 3, 9, 1, 23, 20][22, 17, 19, 12, 8, 26][13, 6, 5, 15, 21][7, 24, 4, 14][2, 29, 27, 16][18, 0, 28, 25][3, 24][7, 27][16, 28][18, 19][10, 27][10, 15] 
[11, 3, 9, 1, 23, 20][22, 17, 19, 12, 8, 26][13, 6, 5, 15, 21][7, 24, 4, 14][2, 29, 27, 16][18, 0, 28, 25][3, 24][7, 27][16, 28][18, 19][10, 27][10, 15] 
[22, 17, 19, 12, 8, 26][11, 3, 9, 1, 23, 20][13, 6, 5, 15, 21][2, 16, 27, 29][18, 0, 28, 25][7, 24, 4, 14][2, 10][10, 15][16, 28][18, 19][7, 27][3, 24] 
[22, 17, 19, 12, 8, 26][11, 3, 9, 1, 23, 20][13, 6, 5, 15, 21][2, 16, 27, 29][18, 0, 28, 25][7, 24, 4, 14][2, 10][10, 15][16, 28][18, 19][7, 27][3, 24] 
[22, 17, 19, 12, 8, 26][11, 3, 9, 1, 23, 20][13, 6, 5, 15, 21][2, 16, 27, 29][18, 0, 28, 25][7, 24, 4, 14][2, 10][10, 15][16, 28][18, 19][7, 27][3, 24] 
[22, 17, 19, 12, 8, 26][11, 3, 9, 1, 23, 20][13, 6, 5, 15, 21][2, 16, 27, 29][18, 0, 28, 25][7, 24, 4, 14][2, 10][10, 15][16, 28][18, 19][7, 27][3, 24] 
[22, 17, 19, 12, 8, 26][11, 3, 9, 1, 23, 20][13, 6, 5, 15, 21][2, 16, 27, 29][18, 0, 28, 25][7, 24, 4, 14][2, 10][10, 15][16, 28][18, 19][7, 27][3, 24] 
[22, 17, 19, 12, 8, 26][11, 3, 9, 1, 23, 20][13, 6, 5, 15, 21][2, 16, 27, 29][18, 0, 28, 25][7, 24, 4, 14][2, 10][10, 15][16, 28][18, 19][7, 27][3, 24] 
[11, 3, 9, 1, 23, 20][22, 17, 19, 12, 8, 26][13, 6, 5, 15, 21][7, 24, 4, 14][2, 29, 27, 16][18, 0, 28, 25][3, 24][7, 27][16, 28][18, 19][10, 27][10, 15] 
[22, 17, 19, 12, 8, 26][11, 3, 9, 1, 23, 20][13, 6, 5, 15, 21][18, 0, 28, 25][2, 29, 27, 16][7, 24, 4, 14][18, 19][16, 28][7, 27][3, 24][10, 27][10, 15] 
[11, 3, 9, 1, 23, 20][22, 17, 19, 12, 8, 26][13, 6, 5, 15, 21][2, 29, 27, 16][7, 24, 4, 14][18, 0, 28, 25][10, 15][10, 27][7, 27][3, 24][16, 28][18, 19] 
[22, 17, 19, 12, 8, 26][11, 3, 9, 1, 23, 20][13, 6, 5, 15, 21][18, 0, 28, 25][2, 29, 27, 16][7, 24, 4, 14][18, 19][16, 28][7, 27][10, 27][10, 15][3, 24] 
[11, 3, 9, 1, 23, 20][22, 17, 19, 12, 8, 26][13, 6, 5, 15, 21][2, 29, 27, 16][7, 24, 4, 14][18, 0, 28, 25][10, 15][10, 27][7, 27][3, 24][16, 28][18, 19] 
[11, 3, 9, 1, 23, 20][22, 17, 19, 12, 8, 26][13, 6, 5, 15, 21][7, 24, 4, 14][2, 29, 27, 16][18, 0, 28, 25][0, 28, 16][3, 24][7, 27][10, 27][10, 15][18, 19] 
[22, 17, 19, 12, 8, 26][11, 3, 9, 1, 23, 20][13, 6, 5, 15, 21][18, 0, 28, 25][2, 29, 27, 16][7, 24, 4, 14][18, 19][16, 28][7, 27][3, 24][10, 27][10, 15] 
[22, 17, 19, 12, 8, 26][11, 3, 9, 1, 23, 20][13, 6, 5, 15, 21][2, 16, 27, 29][18, 0, 28, 25][7, 24, 4, 14][2, 10][10, 15][16, 28][18, 19][7, 27][3, 24] 
[22, 17, 19, 12, 8, 26][11, 3, 9, 1, 23, 20][13, 6, 5, 15, 21][2, 16, 27, 29][18, 0, 28, 25][7, 24, 4, 14][2, 10][10, 15][16, 28][18, 19][7, 27][3, 24] 
[22, 17, 19, 12, 8, 26][11, 3, 9, 1, 23, 20][13, 6, 5, 15, 21][2, 16, 27, 29][18, 0, 28, 25][7, 24, 4, 14][2, 10][10, 15][16, 28][18, 19][7, 27][3, 24] 
[22, 17, 19, 12, 8, 26][11, 3, 9, 1, 23, 20][13, 6, 5, 15, 21][2, 16, 27, 29][18, 0, 28, 25][7, 24, 4, 14][2, 10][10, 15][16, 28][18, 19][7, 27][3, 24] 
[22, 17, 19, 12, 8, 26][11, 3, 9, 1, 23, 20][13, 6, 5, 15, 21][2, 16, 27, 29][18, 0, 28, 25][7, 24, 4, 14][2, 10][10, 15][16, 28][18, 19][7, 27][3, 24] 
[22, 17, 19, 12, 8, 26][11, 3, 9, 1, 23, 20][13, 6, 5, 15, 21][2, 16, 27, 29][18, 0, 28, 25][7, 24, 4, 14][2, 10][10, 15][16, 28][18, 19][7, 27][3, 24] 
[22, 17, 19, 12, 8, 26][11, 3, 9, 1, 23, 20][13, 6, 5, 15, 21][18, 0, 28, 25][2, 16, 27, 29][7, 24, 4, 14][18, 19][16, 28][2, 10][7, 27][10, 15][3, 24] 
[22, 17, 19, 12, 8, 26][11, 3, 9, 1, 23, 20][13, 6, 5, 15, 21][18, 0, 28, 25][2, 16, 27, 29][7, 24, 4, 14][16, 28][2, 10][10, 15][7, 27][18, 19][3, 24] 
[22, 17, 19, 12, 8, 26][11, 3, 9, 1, 23, 20][13, 6, 5, 15, 21][2, 16, 27, 29][18, 0, 28, 25][7, 24, 4, 14][2, 10][10, 15][16, 28][18, 19][7, 27][3, 24] 
[22, 17, 19, 12, 8, 26][11, 3, 9, 1, 23, 20][13, 6, 5, 15, 21][2, 16, 27, 29][18, 0, 28, 25][7, 24, 4, 14][2, 10][10, 15][16, 28][18, 19][7, 27][3, 24] 
[22, 17, 19, 12, 8, 26][11, 3, 9, 1, 23, 20][13, 6, 5, 15, 21][2, 16, 27, 29][18, 0, 28, 25][7, 24, 4, 14][2, 10][10, 15][16, 28][18, 19][7, 27][3, 24] 
[22, 17, 19, 12, 8, 26][11, 3, 9, 1, 23, 20][13, 6, 5, 15, 21][2, 16, 27, 29][18, 0, 28, 25][7, 24, 4, 14][2, 10][10, 15][16, 28][18, 19][7, 27][3, 24] 
[22, 17, 19, 12, 8, 26][11, 3, 9, 1, 23, 20][13, 6, 5, 15, 21][2, 16, 27, 29][18, 0, 28, 25][7, 24, 4, 14][2, 10][10, 15][16, 28][18, 19][7, 27][3, 24] 
[22, 17, 19, 12, 8, 26][11, 3, 9, 1, 23, 20][13, 6, 5, 15, 21][18, 0, 28, 25][2, 16, 27, 29][7, 24, 4, 14][16, 28][2, 10][10, 15][7, 27][18, 19][3, 24] 
[22, 17, 19, 12, 8, 26][11, 3, 9, 1, 23, 20][13, 6, 5, 15, 21][2, 16, 27, 29][18, 0, 28, 25][7, 24, 4, 14][2, 10][10, 15][16, 28][18, 19][7, 27][3, 24] 
[22, 17, 19, 12, 8, 26][11, 3, 9, 1, 23, 20][13, 6, 5, 15, 21][7, 24, 4, 14][2, 29, 27, 16][18, 0, 28, 25][15, 10, 27][7, 27][16, 28][18, 19][10, 27][3, 24] 
[22, 17, 19, 12, 8, 26][11, 3, 9, 1, 23, 20][13, 6, 5, 15, 21][2, 16, 27, 29][18, 0, 28, 25][7, 24, 4, 14][2, 10][10, 15][16, 28][18, 19][7, 27][3, 24] 
[11, 3, 9, 1, 23, 20][22, 17, 19, 12, 8, 26][13, 6, 5, 15, 21][7, 24, 4, 14][2, 29, 27, 16][0, 25, 28, 16][18, 0, 28, 25][3, 24][7, 27][10, 27][10, 15][18, 19] 
[22, 17, 19, 12, 8, 26][11, 3, 9, 1, 23, 20][13, 6, 5, 15, 21][2, 16, 27, 29][18, 0, 28, 25][7, 24, 4, 14][2, 10][10, 15][16, 28][18, 19][7, 27][3, 24] 
[22, 17, 19, 12, 8, 26][11, 3, 9, 1, 23, 20][13, 6, 5, 15, 21][18, 0, 28, 25][2, 29, 27, 16][7, 24, 4, 14][0, 28, 16][24, 7, 27][18, 19][10, 27][10, 15][3, 24] 
[22, 17, 19, 12, 8, 26][14, 4, 24, 7, 27, 29][11, 3, 9, 1, 23, 20][13, 6, 5, 15, 21][2, 16, 27, 29][18, 0, 28, 25][2, 10][10, 15][16, 28][18, 19][7, 27][3, 24] 
[22, 17, 19, 12, 8, 26][11, 3, 9, 1, 23, 20][13, 6, 5, 15, 21][7, 24, 4, 14][2, 29, 27, 16][18, 0, 28, 25][7, 27][16, 28][18, 19][10, 27][3, 24][10, 15] 
[11, 3, 9, 1, 23, 20][22, 17, 19, 12, 8, 26][13, 6, 5, 15, 21][2, 29, 27, 16][7, 24, 4, 14][18, 0, 28, 25][10, 15][10, 27][7, 27][3, 24][16, 28][18, 19] 
[11, 3, 9, 1, 23, 20][22, 17, 19, 12, 8, 26][13, 6, 5, 15, 21][7, 24, 4, 14][2, 29, 27, 16][18, 0, 28, 25][7, 27][10, 27][16, 28][3, 24][10, 15][18, 19] 
[22, 17, 19, 12, 8, 26][11, 3, 9, 1, 23, 20][13, 6, 5, 15, 21][18, 0, 28, 25][2, 29, 27, 16][7, 24, 4, 14][16, 28][7, 27][18, 19][3, 24][10, 27][10, 15] 
[22, 17, 19, 12, 8, 26][11, 3, 9, 1, 23, 20][13, 6, 5, 15, 21][7, 24, 4, 14][2, 29, 27, 16][18, 0, 28, 25][7, 27][16, 28][18, 19][10, 27][3, 24][10, 15] 
[22, 17, 19, 12, 8, 26][11, 3, 9, 1, 23, 20][13, 6, 5, 15, 21][2, 16, 27, 29][18, 0, 28, 25][7, 24, 4, 14][2, 10][10, 15][16, 28][18, 19][7, 27][3, 24] 
[11, 3, 9, 1, 23, 20][22, 17, 19, 12, 8, 26][13, 6, 5, 15, 21][2, 29, 27, 16][7, 24, 4, 14][18, 0, 28, 25][10, 15][10, 27][7, 27][3, 24][16, 28][18, 19] 
