[9, 1, 4, 23, 20, 14][3, 11, 25, 22, 17][18, 19, 12, 0, 28][6, 10, 15, 29][5, 21, 2, 27][8, 26, 0, 13][16, 7, 24][7, 20][3, 24][7, 10][16, 27][6, 13] 
[9, 1, 4, 23, 20, 14][3, 11, 17, 22, 25][18, 19, 12, 0, 28][8, 26, 0, 13][6, 10, 15, 29][5, 21, 2, 27][16, 7, 24][3, 24][17, 18][16, 27][6, 13][7, 20] 
[9, 1, 4, 23, 20, 14][18, 19, 12, 0, 28][3, 11, 17, 22, 25][5, 21, 2, 27, 16][8, 26, 0, 13][6, 10, 15, 29][17, 18][3, 23][6, 13][7, 20][7, 24][7, 16] 
[9, 1, 4, 23, 20, 14][18, 19, 12, 0, 28][5, 21, 2, 27, 16][6, 10, 15, 29][24, 3, 11, 25][13, 0, 26][17, 22, 25][16, 7, 20][8, 26][6, 13][17, 18][3, 23] 
[9, 1, 4, 23, 20, 14][3, 11, 17, 22, 25][18, 19, 12, 0, 28][5, 21, 2, 27][6, 10, 15, 29][8, 26, 0, 13][16, 7, 24][7, 20][16, 27][7, 10][3, 24][6, 13] 
[9, 1, 4, 23, 20, 14][3, 11, 17, 22, 25][18, 19, 12, 0, 28][5, 21, 2, 27][8, 26, 0, 13][6, 10, 15, 29][16, 7, 24][16, 27][3, 24][7, 20][17, 18][7, 10] 
[9, 1, 4, 23, 20, 14][3, 11, 17, 22, 25][18, 19, 12, 0, 28][8, 26, 0, 13][6, 10, 15, 29][5, 21, 2, 27][16, 7, 24][3, 24][17, 18][16, 27][6, 13][7, 20] 
[9, 1, 4, 23, 20, 14][3, 11, 17, 22, 25][18, 19, 12, 0, 28][6, 10, 15, 29][8, 26, 0, 13][5, 21, 2, 27][16, 7, 24][3, 24][7, 10][6, 13][16, 27][7, 20] 
[9, 1, 4, 23, 20, 14][3, 11, 17, 22, 25][18, 19, 12, 0, 28][5, 21, 2, 27][8, 26, 0, 13][6, 10, 15, 29][16, 7, 24][16, 27][3, 24][7, 20][17, 18][7, 10] 
[9, 1, 4, 23, 20, 14][18, 19, 12, 0, 28][3, 11, 17, 22, 25][8, 26, 0, 13][6, 10, 15, 29][5, 21, 2, 27][16, 7, 24][6, 13][7, 10][3, 24][7, 20][16, 27] 
[9, 1, 4, 23, 20, 14][18, 19, 12, 0, 28][3, 11, 25, 22, 17][5, 21, 2, 27][6, 10, 15, 29][8, 26, 0, 13][16, 7, 24][16, 27][7, 20][7, 10][6, 13][3, 24] 
[9, 1, 4, 23, 20, 14][3, 11, 17, 22, 25][18, 19, 12, 0, 28][8, 26, 0, 13][6, 10, 15, 29][5, 21, 2, 27][16, 7, 24][3, 24][17, 18][16, 27][6, 13][7, 20] 
[9, 1, 4, 23, 20, 14][18, 19, 12, 0, 28][3, 11, 17, 22, 25][5, 21, 2, 27, 16][8, 26, 0, 13][6, 10, 15, 29][17, 18][3, 23][6, 13][7, 20][7, 24][7, 16] 
[9, 1, 4, 23, 20, 14][3, 11, 17, 22, 25][18, 19, 12, 0, 28][5, 21, 2, 27][6, 10, 15, 29][8, 26, 0, 13][16, 7, 24][3, 24][7, 20][16, 27][7, 10][6, 13] 
[9, 1, 4, 23, 20, 14][3, 11, 17, 22, 25][18, 19, 12, 0, 28][5, 21, 2, 27][8, 26, 0, 13][6, 10, 15, 29][16, 7, 24][16, 27][3, 24][7, 20][17, 18][7, 10] 
[9, 1, 4, 23, 20, 14][18, 19, 12, 0, 28][3, 11, 17, 22, 25][8, 26, 0, 13][6, 10, 15, 29][5, 21, 2, 27][16, 7, 24][6, 13][7, 10][3, 24][7, 20][16, 27] 
[9, 1, 4, 23, 20, 14][3, 11, 25, 22, 17][18, 19, 12, 0, 28][5, 21, 2, 27][6, 10, 15, 29][8, 26, 0, 13][16, 7, 24][16, 27][3, 24][7, 20][7, 10][6, 13] 
[9, 1, 4, 23, 20, 14][3, 11, 17, 22, 25][18, 19, 12, 0, 28][8, 26, 0, 13][6, 10, 15, 29][5, 21, 2, 27][16, 7, 24][3, 24][17, 18][16, 27][6, 13][7, 20] 
[9, 1, 4, 23, 20, 14][18, 19, 12, 0, 28][3, 11, 17, 22, 25][8, 26, 0, 13][6, 10, 15, 29][5, 21, 2, 27][16, 7, 24][6, 13][7, 10][3, 24][7, 20][16, 27] 
[9, 1, 4, 23, 20, 14][3, 11, 25, 22, 17][18, 19, 12, 0, 28][5, 21, 2, 27][6, 10, 15, 29][8, 26, 0, 13][16, 7, 24][3, 24][7, 20][16, 27][7, 10][6, 13] 
[9, 1, 4, 23, 20, 14][3, 11, 25, 22, 17][18, 19, 12, 0, 28][6, 10, 15, 29][5, 21, 2, 27][8, 26, 0, 13][16, 7, 24][7, 20][3, 24][7, 10][16, 27][6, 13] 
[9, 1, 4, 23, 20, 14][3, 11, 17, 22, 25][18, 19, 12, 0, 28][8, 26, 0, 13][6, 10, 15, 29][5, 21, 2, 27][16, 7, 24][3, 24][17, 18][16, 27][6, 13][7, 20] 
[9, 1, 4, 23, 20, 14][18, 19, 12, 0, 28][5, 21, 2, 27, 16][24, 3, 11, 25][8, 26, 0, 13][6, 10, 15, 29][17, 22, 25][3, 23][7, 20][17, 18][7, 16][6, 13] 
[9, 1, 4, 23, 20, 14][18, 19, 12, 0, 28][3, 11, 17, 22, 25][6, 10, 15, 29][8, 26, 0, 13][5, 21, 2, 27][16, 7, 24][6, 13][7, 10][16, 27][7, 20][3, 24] 
[9, 1, 4, 23, 20, 14][3, 11, 17, 22, 25][18, 19, 12, 0, 28][5, 21, 2, 27][8, 26, 0, 13][6, 10, 15, 29][16, 7, 24][16, 27][3, 24][7, 20][17, 18][7, 10] 
[9, 1, 4, 23, 20, 14][3, 11, 17, 22, 25][18, 19, 12, 0, 28][6, 10, 15, 29][8, 26, 0, 13][5, 21, 2, 27][16, 7, 24][3, 24][7, 10][6, 13][16, 27][7, 20] 
[9, 1, 4, 23, 20, 14][18, 19, 12, 0, 28][3, 11, 25, 22, 17][5, 21, 2, 27][6, 10, 15, 29][8, 26, 0, 13][16, 7, 24][16, 27][7, 20][7, 10][6, 13][3, 24] 
[9, 1, 4, 23, 20, 14][3, 11, 17, 22, 25][18, 19, 12, 0, 28][8, 26, 0, 13][6, 10, 15, 29][5, 21, 2, 27][16, 7, 24][3, 24][17, 18][16, 27][6, 13][7, 20] 
[9, 1, 4, 23, 20, 14][18, 19, 12, 0, 28][3, 11, 17, 22, 25][8, 26, 0, 13][6, 10, 15, 29][5, 21, 2, 27][16, 7, 24][6, 13][7, 10][3, 24][7, 20][16, 27] 
[9, 1, 4, 23, 20, 14][18, 19, 12, 0, 28][3, 11, 25, 22, 17][5, 21, 2, 27][6, 10, 15, 29][8, 26, 0, 13][16, 7, 24][16, 27][7, 10][6, 13][3, 24][7, 20] 
[9, 1, 4, 23, 20, 14][3, 11, 25, 22, 17][18, 19, 12, 0, 28][5, 21, 2, 27][6, 10, 15, 29][8, 26, 0, 13][16, 7, 24][7, 20][16, 27][7, 10][3, 24][6, 13] 
[9, 1, 4, 23, 20, 14][3, 11, 17, 22, 25][18, 19, 12, 0, 28][8, 26, 0, 13][6, 10, 15, 29][5, 21, 2, 27][16, 7, 24][3, 24][17, 18][16, 27][6, 13][7, 20] 
[9, 1, 4, 23, 20, 14][3, 11, 17, 22, 25][18, 19, 12, 0, 28][5, 21, 2, 27][6, 10, 15, 29][8, 26, 0, 13][16, 7, 24][7, 20][16, 27][7, 10][3, 24][6, 13] 
[9, 1, 4, 23, 20, 14][18, 19, 12, 0, 28][3, 11, 25, 22, 17][5, 21, 2, 27][6, 10, 15, 29][8, 26, 0, 13][16, 7, 24][16, 27][7, 10][6, 13][3, 24][7, 20] 
[9, 1, 4, 23, 20, 14][18, 19, 12, 0, 28][3, 11, 25, 22, 17][5, 21, 2, 27][6, 10, 15, 29][8, 26, 0, 13][16, 7, 24][16, 27][7, 10][6, 13][3, 24][7, 20] 
[13, 18, 19, 22, 12, 8, 26, 0, 25, 7, 2, 27, 16, 6, 21][7, 20, 4, 1, 3, 14, 24, 23, 9][15, 5, 6, 10, 29, 27, 16, 28][3, 11][11, 17][0, 25][1, 4][1, 4][16, 27][0, 25][16, 27][8, 26] 
[13, 18, 19, 22, 12, 8, 26, 0, 25, 7, 2, 27, 16, 6, 21][15, 5, 6, 10, 29, 27, 16, 28, 0, 26, 8, 19][7, 20, 4, 1, 3, 14, 24, 23, 9][3, 11][11, 17][0, 25][1, 4][1, 4][16, 27][0, 25][16, 27][8, 26] 
[13, 18, 19, 22, 12, 8, 26, 0, 25, 7, 2, 27, 16, 6, 21][12, 8, 26, 0, 28, 16, 27, 29, 10, 6, 5, 15][7, 20, 4, 1, 3, 14, 24, 23, 9][3, 11][11, 17][0, 25][1, 4][1, 4][16, 27][0, 25][16, 27][8, 26] 
[13, 18, 19, 22, 12, 8, 26, 0, 25, 7, 2, 27, 16, 6, 21][15, 5, 6, 10, 29, 27, 16, 28, 0, 26, 8, 19, 17][9, 23, 24, 14, 3, 1, 4, 20][3, 11][11, 17][0, 25][1, 4][1, 4][16, 27][0, 25][16, 27][8, 26] 
[13, 18, 19, 22, 12, 8, 26, 0, 25, 7, 2, 27, 16, 6, 21][15, 5, 6, 10, 29, 27, 16, 28, 0, 26, 8, 19, 17][9, 23, 24, 14, 3, 1, 4, 20][3, 11][11, 17][0, 25][1, 4][1, 4][16, 27][0, 25][16, 27][8, 26] 
[13, 18, 19, 22, 12, 8, 26, 0, 25, 7, 2, 27, 16, 6, 21][9, 23, 24, 14, 3, 1, 4, 20][5, 6, 10, 29, 27, 16, 28][3, 11, 17][16, 27][16, 27][1, 4][10, 15][0, 25][16, 27][1, 4][7, 20] 
[13, 18, 19, 22, 12, 8, 26, 0, 25, 7, 2, 27, 16, 6, 21][7, 20, 4, 1, 3, 14, 24, 23, 9][15, 5, 6, 10, 29, 27, 16, 28][3, 11][11, 17][0, 25][1, 4][1, 4][16, 27][0, 25][16, 27][8, 26] 
[13, 18, 19, 22, 12, 8, 26, 0, 25, 7, 2, 27, 16, 6, 21][15, 5, 6, 10, 29, 27, 16, 28, 0, 26, 8, 19][7, 20, 4, 1, 3, 14, 24, 23, 9][3, 11][11, 17][0, 25][1, 4][1, 4][16, 27][0, 25][16, 27][8, 26] 
[13, 18, 19, 22, 12, 8, 26, 0, 25, 7, 2, 27, 16, 6, 21][15, 5, 6, 10, 29, 27, 16, 28, 0, 26, 8, 19, 17][9, 23, 24, 14, 3, 1, 4, 20][3, 11][11, 17][0, 25][1, 4][1, 4][16, 27][0, 25][16, 27][8, 26] 
[13, 18, 19, 22, 12, 8, 26, 0, 25, 7, 2, 27, 16, 6, 21][15, 5, 6, 10, 29, 27, 16, 28, 0, 26, 8, 12, 19][7, 20, 4, 1, 3, 14, 24, 23, 9][3, 11][11, 17][0, 25][1, 4][1, 4][16, 27][0, 25][16, 27][8, 26] 
[13, 18, 19, 22, 12, 8, 26, 0, 25, 7, 2, 27, 16, 6, 21][7, 20, 4, 1, 3, 14, 24, 23, 9][15, 5, 6, 10, 29, 27, 16, 28][3, 11][11, 17][0, 25][1, 4][1, 4][16, 27][0, 25][16, 27][8, 26] 
[13, 18, 19, 22, 12, 8, 26, 0, 25, 7, 2, 27, 16, 6, 21][12, 8, 26, 0, 28, 16, 27, 29, 10, 6, 5, 15][7, 20, 4, 1, 3, 14, 24, 23, 9][3, 11][11, 17][0, 25][1, 4][1, 4][16, 27][0, 25][16, 27][8, 26] 
[13, 18, 19, 22, 12, 8, 26, 0, 25, 7, 2, 27, 16, 6, 21][15, 5, 6, 10, 29, 27, 16, 28, 0, 26, 8, 19, 17][9, 23, 24, 14, 3, 1, 4, 20][0, 25][11, 17][3, 11][8, 26][8, 26][16, 27][1, 4][0, 25][0, 25] 
[13, 18, 19, 22, 12, 8, 26, 0, 25, 7, 2, 27, 16, 6, 21][7, 20, 4, 1, 3, 14, 24, 23, 9][15, 5, 6, 10, 29, 27, 16, 28][3, 11][11, 17][0, 25][1, 4][1, 4][16, 27][0, 25][16, 27][8, 26] 
[13, 18, 19, 22, 12, 8, 26, 0, 25, 7, 2, 27, 16, 6, 21][7, 20, 4, 1, 3, 14, 24, 23, 9][15, 5, 6, 10, 29, 27, 16, 28][3, 11][11, 17][0, 25][1, 4][1, 4][16, 27][0, 25][16, 27][8, 26] 
[13, 18, 19, 22, 12, 8, 26, 0, 25, 7, 2, 27, 16, 6, 21][7, 20, 4, 1, 3, 14, 24, 23, 9][15, 5, 6, 10, 29, 27, 16, 28][3, 11][11, 17][0, 25][1, 4][1, 4][16, 27][0, 25][16, 27][8, 26] 
[13, 18, 19, 22, 12, 8, 26, 0, 25, 7, 2, 27, 16, 6, 21][7, 20, 4, 1, 3, 14, 24, 23, 9][15, 5, 6, 10, 29, 27, 16, 28][3, 11][11, 17][0, 25][1, 4][1, 4][16, 27][0, 25][16, 27][8, 26] 
[13, 18, 19, 22, 12, 8, 26, 0, 25, 7, 2, 27, 16, 6, 21][7, 20, 4, 1, 3, 14, 24, 23, 9][15, 5, 6, 10, 29, 27, 16, 28][3, 11][11, 17][0, 25][1, 4][1, 4][16, 27][0, 25][16, 27][8, 26] 
[13, 18, 19, 22, 12, 8, 26, 0, 25, 7, 2, 27, 16, 6, 21][11, 17, 19, 8, 26, 0, 28, 16, 27, 29, 10, 6, 5, 15][7, 20, 4, 1, 3, 14, 24, 23, 9][3, 11][11, 17][0, 25][1, 4][1, 4][16, 27][0, 25][16, 27][8, 26] 
[13, 18, 19, 22, 12, 8, 26, 0, 25, 7, 2, 27, 16, 6, 21][7, 20, 4, 1, 3, 14, 24, 23, 9][15, 5, 6, 10, 29, 27, 16, 28][3, 11][11, 17][0, 25][1, 4][1, 4][16, 27][0, 25][16, 27][8, 26] 
[13, 18, 19, 22, 12, 8, 26, 0, 25, 7, 2, 27, 16, 6, 21][7, 20, 4, 1, 3, 14, 24, 23, 9][15, 5, 6, 10, 29, 27, 16, 28][3, 11][11, 17][0, 25][1, 4][1, 4][16, 27][0, 25][16, 27][8, 26] 
[9, 1, 4, 23, 20, 14][3, 11, 17, 22, 25][18, 19, 12, 0, 28][6, 10, 15, 29][5, 21, 2, 27][8, 26, 0, 13][16, 7, 24][7, 10][3, 24][16, 27][7, 20][6, 13] 
[9, 1, 4, 23, 20, 14][18, 19, 12, 0, 28][3, 11, 17, 22, 25][8, 26, 0, 13][6, 10, 15, 29][5, 21, 2, 27][16, 7, 24][6, 13][7, 10][3, 24][7, 20][16, 27] 
[9, 1, 4, 23, 20, 14][18, 19, 12, 0, 28][3, 11, 17, 22, 25][8, 26, 0, 13][6, 10, 15, 29][5, 21, 2, 27][16, 7, 24][6, 13][7, 10][3, 24][7, 20][16, 27] 
[9, 1, 4, 23, 20, 14][18, 19, 12, 0, 28][3, 11, 17, 22, 25][8, 26, 0, 13][6, 10, 15, 29][5, 21, 2, 27][16, 7, 24][6, 13][7, 10][3, 24][7, 20][16, 27] 
[9, 1, 4, 23, 20, 14][18, 19, 12, 0, 28][3, 11, 17, 22, 25][8, 26, 0, 13][6, 10, 15, 29][5, 21, 2, 27][16, 7, 24][6, 13][7, 10][3, 24][7, 20][16, 27] 
[9, 1, 4, 23, 20, 14][18, 19, 12, 0, 28][3, 11, 17, 22, 25][8, 26, 0, 13][6, 10, 15, 29][5, 21, 2, 27][16, 7, 24][6, 13][7, 10][3, 24][7, 20][16, 27] 
[9, 1, 4, 23, 20, 14][3, 11, 17, 22, 25][18, 19, 12, 0, 28][6, 10, 15, 29][8, 26, 0, 13][5, 21, 2, 27][16, 7, 24][3, 24][7, 10][6, 13][16, 27][7, 20] 
[9, 1, 4, 23, 20, 14][18, 19, 12, 0, 28][3, 11, 17, 22, 25][8, 26, 0, 13][6, 10, 15, 29][5, 21, 2, 27][16, 7, 24][6, 13][7, 10][3, 24][7, 20][16, 27] 
[9, 1, 4, 23, 20, 14][18, 19, 12, 0, 28][3, 11, 17, 22, 25][8, 26, 0, 13][6, 10, 15, 29][5, 21, 2, 27][16, 7, 24][6, 13][7, 10][3, 24][7, 20][16, 27] 
[9, 1, 4, 23, 20, 14][18, 19, 12, 0, 28][3, 11, 17, 22, 25][8, 26, 0, 13][6, 10, 15, 29][5, 21, 2, 27][16, 7, 24][6, 13][7, 10][3, 24][7, 20][16, 27] 
[9, 1, 4, 23, 20, 14][18, 19, 12, 0, 28][3, 11, 17, 22, 25][8, 26, 0, 13][6, 10, 15, 29][5, 21, 2, 27][16, 7, 24][6, 13][7, 10][3, 24][7, 20][16, 27] 
[9, 1, 4, 23, 20, 14][18, 19, 12, 0, 28][3, 11, 17, 22, 25][8, 26, 0, 13][6, 10, 15, 29][5, 21, 2, 27][16, 7, 24][6, 13][7, 10][3, 24][7, 20][16, 27] 
[9, 1, 4, 23, 20, 14][3, 11, 17, 22, 25][18, 19, 12, 0, 28][5, 21, 2, 27][6, 10, 15, 29][8, 26, 0, 13][16, 7, 24][7, 20][16, 27][7, 10][3, 24][6, 13] 
[9, 1, 4, 23, 20, 14][18, 19, 12, 0, 28][3, 11, 17, 22, 25][8, 26, 0, 13][6, 10, 15, 29][5, 21, 2, 27][16, 7, 24][6, 13][7, 10][3, 24][7, 20][16, 27] 
[9, 1, 4, 23, 20, 14][18, 19, 12, 0, 28][3, 11, 17, 22, 25][8, 26, 0, 13][6, 10, 15, 29][5, 21, 2, 27][16, 7, 24][6, 13][7, 10][3, 24][7, 20][16, 27] 
[9, 1, 4, 23, 20, 14][18, 19, 12, 0, 28][3, 11, 25, 22, 17][5, 21, 2, 27][6, 10, 15, 29][8, 26, 0, 13][16, 7, 24][16, 27][7, 20][7, 10][6, 13][3, 24] 
[9, 1, 4, 23, 20, 14][18, 19, 12, 0, 28][3, 11, 25, 22, 17][5, 21, 2, 27][6, 10, 15, 29][8, 26, 0, 13][16, 7, 24][16, 27][7, 20][7, 10][6, 13][3, 24] 
[9, 1, 4, 23, 20, 14][18, 19, 12, 0, 28][3, 11, 25, 22, 17][5, 21, 2, 27][6, 10, 15, 29][8, 26, 0, 13][16, 7, 24][16, 27][7, 20][7, 10][6, 13][3, 24] 
[9, 1, 4, 23, 20, 14][3, 11, 25, 22, 17][18, 19, 12, 0, 28][6, 10, 15, 29][8, 26, 0, 13][5, 21, 2, 27][16, 7, 24][3, 24][7, 10][6, 13][7, 20][16, 27] 
[9, 1, 4, 23, 20, 14][18, 19, 12, 0, 28][3, 11, 25, 22, 17][5, 21, 2, 27][6, 10, 15, 29][8, 26, 0, 13][16, 7, 24][16, 27][7, 20][7, 10][6, 13][3, 24] 
[9, 1, 4, 23, 20, 14][18, 19, 12, 0, 28][5, 21, 2, 27, 16][3, 11, 25, 22, 17][8, 26, 0, 13][6, 10, 15, 29][6, 13][7, 10][7, 16][7, 24][3, 24][7, 20] 
[9, 1, 4, 23, 20, 14][18, 19, 12, 0, 28][3, 11, 17, 22, 25][8, 26, 0, 13][6, 10, 15, 29][5, 21, 2, 27][16, 7, 24][6, 13][7, 10][3, 24][7, 20][16, 27] 
[9, 1, 4, 23, 20, 14][3, 11, 17, 22, 25][18, 19, 12, 0, 28][5, 21, 2, 27][6, 10, 15, 29][8, 26, 0, 13][16, 7, 24][7, 20][16, 27][7, 10][3, 24][6, 13] 
[9, 1, 4, 23, 20, 14][18, 19, 12, 0, 28][3, 11, 17, 22, 25][8, 26, 0, 13][6, 10, 15, 29][5, 21, 2, 27][16, 7, 24][6, 13][7, 10][3, 24][7, 20][16, 27] 
[9, 1, 4, 23, 20, 14][18, 19, 12, 0, 28][3, 11, 17, 22, 25][8, 26, 0, 13][6, 10, 15, 29][5, 21, 2, 27][16, 7, 24][6, 13][7, 10][3, 24][7, 20][16, 27] 
[9, 1, 4, 23, 20, 14][3, 11, 17, 22, 25][18, 19, 12, 0, 28][5, 21, 2, 27][6, 10, 15, 29][8, 26, 0, 13][16, 7, 24][7, 20][16, 27][7, 10][3, 24][6, 13] 
[9, 1, 4, 23, 20, 14][18, 19, 12, 0, 28][3, 11, 25, 22, 17][5, 21, 2, 27][6, 10, 15, 29][8, 26, 0, 13][16, 7, 24][16, 27][7, 20][7, 10][6, 13][3, 24] 
[9, 1, 4, 23, 20, 14][3, 11, 17, 22, 25][18, 19, 12, 0, 28][5, 21, 2, 27][6, 10, 15, 29][8, 26, 0, 13][16, 7, 24][7, 20][16, 27][7, 10][3, 24][6, 13] 
[9, 1, 4, 23, 20, 14][3, 11, 25, 22, 17][18, 19, 12, 0, 28][5, 21, 2, 27][6, 10, 15, 29][8, 26, 0, 13][16, 7, 24][7, 20][16, 27][7, 10][3, 24][6, 13] 
[9, 1, 4, 23, 20, 14][18, 19, 12, 0, 28][3, 11, 25, 22, 17][5, 21, 2, 27][6, 10, 15, 29][8, 26, 0, 13][16, 7, 24][16, 27][7, 20][7, 10][6, 13][3, 24] 
[9, 1, 4, 23, 20, 14][18, 19, 12, 0, 28][3, 11, 25, 22, 17][5, 21, 2, 27][6, 10, 15, 29][8, 26, 0, 13][16, 7, 24][16, 27][7, 20][7, 10][6, 13][3, 24] 
[9, 1, 4, 23, 20, 14][18, 19, 12, 0, 28][3, 11, 25, 22, 17][5, 21, 2, 27][6, 10, 15, 29][8, 26, 0, 13][16, 7, 24][16, 27][7, 20][7, 10][6, 13][3, 24] 
[9, 1, 4, 23, 20, 14][3, 11, 25, 22, 17][18, 19, 12, 0, 28][6, 10, 15, 29][5, 21, 2, 27][8, 26, 0, 13][16, 7, 24][3, 24][7, 20][7, 10][16, 27][6, 13] 
[9, 1, 4, 23, 20, 14][3, 11, 25, 22, 17][18, 19, 12, 0, 28][6, 10, 15, 29][5, 21, 2, 27][8, 26, 0, 13][16, 7, 24][3, 24][7, 20][7, 10][16, 27][6, 13] 
[9, 1, 4, 23, 20, 14][3, 11, 25, 22, 17][18, 19, 12, 0, 28][5, 21, 2, 27][6, 10, 15, 29][8, 26, 0, 13][16, 7, 24][7, 20][16, 27][7, 10][3, 24][6, 13] 
[9, 1, 4, 23, 20, 14][18, 19, 12, 0, 28][3, 11, 25, 22, 17][8, 26, 0, 13][6, 10, 15, 29][5, 21, 2, 27][16, 7, 24][6, 13][7, 10][7, 20][16, 27][3, 24] 
[9, 1, 4, 23, 20, 14][18, 19, 12, 0, 28][3, 11, 25, 22, 17][8, 26, 0, 13][6, 10, 15, 29][5, 21, 2, 27][16, 7, 24][6, 13][7, 10][7, 20][16, 27][3, 24] 
[9, 1, 4, 23, 20, 14][3, 11, 25, 22, 17][18, 19, 12, 0, 28][5, 21, 2, 27][6, 10, 15, 29][8, 26, 0, 13][16, 7, 24][7, 20][16, 27][7, 10][3, 24][6, 13] 
[9, 1, 4, 23, 20, 14][3, 11, 25, 22, 17][18, 19, 12, 0, 28][5, 21, 2, 27][6, 10, 15, 29][8, 26, 0, 13][16, 7, 24][7, 20][16, 27][7, 10][3, 24][6, 13] 
[9, 1, 4, 23, 20, 14][3, 11, 25, 22, 17][18, 19, 12, 0, 28][6, 10, 15, 29][8, 26, 0, 13][5, 21, 2, 27][16, 7, 24][3, 24][7, 10][6, 13][7, 20][16, 27] 
[9, 1, 4, 23, 20, 14][18, 19, 12, 0, 28][3, 11, 25, 22, 17][5, 21, 2, 27][6, 10, 15, 29][8, 26, 0, 13][16, 7, 24][16, 27][7, 20][7, 10][6, 13][3, 24] 
[9, 1, 4, 23, 20, 14][18, 19, 12, 0, 28][3, 11, 25, 22, 17][5, 21, 2, 27][6, 10, 15, 29][8, 26, 0, 13][16, 7, 24][16, 27][7, 10][6, 13][3, 24][7, 20] 
[9, 1, 4, 23, 20, 14][18, 19, 12, 0, 28][3, 11, 25, 22, 17][5, 21, 2, 27][6, 10, 15, 29][8, 26, 0, 13][16, 7, 24][16, 27][7, 20][7, 10][6, 13][3, 24] 
[9, 1, 4, 23, 20, 14, 24][18, 19, 12, 0, 28][3, 11, 25, 22, 17][5, 21, 2, 27][6, 10, 15, 29][8, 26, 0, 13][7, 20][7, 16][16, 27][7, 10][6, 13][17, 18] 
[9, 1, 4, 23, 20, 14, 24][18, 19, 12, 0, 28][3, 11, 25, 22, 17][5, 21, 2, 27][6, 10, 15, 29][8, 26, 0, 13][7, 20][7, 16][16, 27][7, 10][6, 13][17, 18] 
[9, 1, 4, 23, 20, 14, 24][18, 19, 12, 0, 28][3, 11, 25, 22, 17][5, 21, 2, 27][6, 10, 15, 29][8, 26, 0, 13][7, 20][7, 16][16, 27][7, 10][6, 13][17, 18] 
[9, 1, 4, 23, 20, 14, 24][18, 19, 12, 0, 28][3, 11, 25, 22, 17][5, 21, 2, 27][6, 10, 15, 29][8, 26, 0, 13][7, 20][7, 16][16, 27][7, 10][6, 13][17, 18] 
[9, 1, 4, 23, 20, 14, 24][18, 19, 12, 0, 28][3, 11, 25, 22, 17][5, 21, 2, 27][6, 10, 15, 29][8, 26, 0, 13][7, 20][7, 16][16, 27][7, 10][6, 13][17, 18] 
[17, 22, 25, 11, 3, 24][9, 1, 4, 23, 20, 14][18, 19, 12, 0, 28][6, 10, 15, 29][8, 26, 0, 13][5, 21, 2, 27][16, 7, 24][6, 13][7, 10][7, 20][16, 27][3, 11] 
[9, 1, 4, 23, 20, 14][3, 11, 17, 22, 25][18, 19, 12, 0, 28][5, 21, 2, 27][6, 10, 15, 29][8, 26, 0, 13][16, 7, 24][7, 20][16, 27][7, 10][3, 24][6, 13] 
[9, 1, 4, 23, 20, 14][18, 19, 12, 0, 28][3, 11, 17, 22, 25][8, 26, 0, 13][6, 10, 15, 29][5, 21, 2, 27][16, 7, 24][6, 13][7, 10][3, 24][7, 20][16, 27] 
[9, 1, 4, 23, 20, 14][18, 19, 12, 0, 28][3, 11, 17, 22, 25][8, 26, 0, 13][6, 10, 15, 29][5, 21, 2, 27][16, 7, 24][6, 13][7, 10][3, 24][7, 20][16, 27] 
[9, 1, 4, 23, 20, 14][18, 19, 12, 0, 28][3, 11, 17, 22, 25][8, 26, 0, 13][6, 10, 15, 29][5, 21, 2, 27][16, 7, 24][6, 13][7, 10][3, 24][7, 20][16, 27] 
[9, 1, 4, 23, 20, 14][18, 19, 12, 0, 28][3, 11, 17, 22, 25][8, 26, 0, 13][6, 10, 15, 29][5, 21, 2, 27][16, 7, 24][6, 13][7, 10][3, 24][7, 20][16, 27] 
[9, 1, 4, 23, 20, 14][18, 19, 12, 0, 28][3, 11, 25, 22, 17][5, 21, 2, 27][6, 10, 15, 29][8, 26, 0, 13][16, 7, 24][16, 27][7, 20][7, 10][6, 13][3, 24] 
[9, 1, 4, 23, 20, 14][18, 19, 12, 0, 28][3, 11, 17, 22, 25][8, 26, 0, 13][6, 10, 15, 29][5, 21, 2, 27][16, 7, 24][6, 13][7, 10][3, 24][7, 20][16, 27] 
