[9, 23, 3, 1, 24, 20, 14][5, 21, 2, 29, 10, 27][12, 8, 26, 0, 18][11, 17, 28, 7, 16][19, 22, 25][13, 6, 15][0, 19][0, 13][10, 15][17, 22][7, 24][4, 24] 
[9, 23, 3, 1, 24, 20, 14][5, 21, 2, 29, 10, 27][12, 8, 26, 0, 18][11, 17, 28, 7, 16][19, 22, 25][13, 6, 15][0, 19][0, 13][10, 15][17, 22][7, 24][4, 24] 
[9, 23, 3, 1, 24, 20, 14][5, 21, 2, 29, 10, 27][12, 8, 26, 0, 18][11, 17, 28, 7, 16][19, 22, 25][13, 6, 15][0, 19][0, 13][10, 15][17, 22][7, 24][4, 24] 
[9, 23, 3, 1, 24, 20, 14][5, 21, 2, 29, 10, 27][11, 17, 28, 7, 16][12, 8, 26, 0, 18][19, 22, 25][13, 6, 15][7, 24][17, 22][12, 19][0, 13][10, 15][4, 24] 
[5, 21, 2, 29, 10, 27][12, 8, 26, 0, 18][11, 17, 28, 7, 16][14, 20, 24, 3, 23][4, 24, 1, 9][13, 6, 15][19, 22, 25][10, 15][0, 13][12, 22][17, 22][7, 24] 
[5, 21, 2, 29, 10, 27][12, 8, 26, 0, 18][11, 17, 28, 7, 16][14, 20, 24, 3, 23][4, 24, 1, 9][13, 6, 15][19, 22, 25][12, 19][17, 22][0, 13][7, 24][10, 15] 
[5, 21, 2, 29, 10, 27][11, 17, 28, 7, 16][14, 20, 24, 3, 23][12, 8, 26, 0, 18][4, 24, 1, 9][19, 22, 25][13, 6, 15][7, 24][17, 22][12, 19][0, 13][10, 15] 
[5, 21, 2, 29, 10, 27][14, 20, 24, 3, 23][11, 17, 28, 7, 16][12, 8, 26, 0, 18][4, 24, 1, 9][19, 22, 25][13, 6, 15][7, 24][17, 22][0, 19][0, 13][10, 15] 
[5, 21, 2, 29, 10, 27][11, 17, 28, 7, 16][14, 20, 24, 3, 23][12, 8, 26, 0, 18][4, 24, 1, 9][19, 22, 25][13, 6, 15][7, 24][17, 22][12, 19][0, 13][10, 15] 
[5, 21, 2, 29, 10, 27][11, 17, 28, 7, 16][14, 20, 24, 3, 23][12, 8, 26, 0, 18][4, 24, 1, 9][19, 22, 25][13, 6, 15][7, 24][17, 22][12, 19][0, 13][10, 15] 
[9, 23, 3, 1, 24, 20, 14][5, 21, 2, 29, 10, 27][12, 8, 26, 0, 18][11, 17, 28, 7, 16][13, 6, 15][19, 22, 25][10, 15][0, 13][0, 19][17, 22][7, 24][4, 24] 
[9, 23, 3, 1, 24, 20, 14][5, 21, 2, 29, 10, 27][11, 17, 28, 7, 16][12, 8, 26, 0, 18][19, 22, 25][13, 6, 15][7, 24][17, 22][0, 19][0, 13][10, 15][4, 24] 
[9, 23, 3, 1, 24, 20, 14][5, 21, 2, 29, 10, 27][12, 8, 26, 0, 18][11, 17, 28, 7, 16][19, 22, 25][13, 6, 15][0, 19][0, 13][10, 15][17, 22][7, 24][4, 24] 
[5, 21, 2, 29, 10, 27][12, 8, 26, 0, 18][11, 17, 28, 7, 16][14, 20, 24, 3, 23][4, 24, 1, 9][13, 6, 15][19, 22, 25][10, 15][0, 13][12, 22][17, 22][7, 24] 
[5, 21, 2, 29, 10, 27][12, 8, 26, 0, 18][11, 17, 28, 7, 16][14, 20, 24, 3, 23][4, 24, 1, 9][13, 6, 15][19, 22, 25][12, 19][17, 22][0, 13][7, 24][10, 15] 
[5, 21, 2, 29, 10, 27][12, 8, 26, 0, 18][11, 17, 28, 7, 16][14, 20, 24, 3, 23][4, 24, 1, 9][13, 6, 15][19, 22, 25][0, 13][10, 15][0, 19][17, 22][7, 24] 
[9, 23, 3, 1, 24, 20, 14][5, 21, 2, 29, 10, 27][11, 17, 28, 7, 16][12, 8, 26, 0, 18][19, 22, 25][13, 6, 15][17, 22][0, 19][0, 13][7, 24][10, 15][4, 24] 
[9, 23, 3, 1, 24, 20, 14][5, 21, 2, 29, 10, 27][12, 8, 26, 0, 18][11, 17, 28, 7, 16][19, 22, 25][13, 6, 15][0, 19][0, 13][10, 15][17, 22][7, 24][4, 24] 
[5, 21, 2, 29, 10, 27][12, 8, 26, 0, 18][11, 17, 28, 7, 16][14, 20, 24, 3, 23][4, 24, 1, 9][13, 6, 15][19, 22, 25][10, 15][0, 13][12, 22][17, 22][7, 24] 
[9, 23, 3, 1, 24, 20, 14][5, 21, 2, 29, 10, 27][12, 8, 26, 0, 18][11, 17, 28, 7, 16][19, 22, 25][13, 6, 15][0, 19][0, 13][10, 15][17, 22][7, 24][4, 24] 
[9, 23, 3, 1, 24, 20, 14][5, 21, 2, 29, 10, 27][12, 8, 26, 0, 18][11, 17, 28, 7, 16][19, 22, 25][13, 6, 15][0, 19][0, 13][10, 15][17, 22][7, 24][4, 24] 
[9, 23, 3, 1, 24, 20, 14][5, 21, 2, 29, 10, 27][12, 8, 26, 0, 18][11, 17, 28, 7, 16][13, 6, 15][19, 22, 25][0, 13][0, 19][17, 22][7, 24][4, 24][10, 15] 
[9, 23, 3, 1, 24, 20, 14][5, 21, 2, 29, 10, 27][12, 8, 26, 0, 18][11, 17, 28, 7, 16][19, 22, 25][13, 6, 15][0, 19][0, 13][10, 15][17, 22][7, 24][4, 24] 
[5, 21, 2, 29, 10, 27][12, 8, 26, 0, 18][11, 17, 28, 7, 16][14, 20, 24, 3, 23][4, 24, 1, 9][13, 6, 15][19, 22, 25][0, 13][12, 22][17, 22][10, 15][7, 24] 
[5, 21, 2, 29, 10, 27][12, 8, 26, 0, 18][11, 17, 28, 7, 16][14, 20, 24, 3, 23][4, 24, 1, 9][13, 6, 15][19, 22, 25][12, 19][17, 22][0, 13][7, 24][10, 15] 
[5, 21, 2, 29, 10, 27][14, 20, 24, 3, 23][11, 17, 28, 7, 16][12, 8, 26, 0, 18][4, 24, 1, 9][19, 22, 25][13, 6, 15][7, 24][17, 22][0, 19][0, 13][10, 15] 
[9, 23, 3, 1, 24, 20, 14][5, 21, 2, 29, 10, 27][12, 8, 26, 0, 18][11, 17, 28, 7, 16][19, 22, 25][13, 6, 15][0, 19][0, 13][10, 15][17, 22][7, 24][4, 24] 
[9, 23, 3, 1, 24, 20, 14][5, 21, 2, 29, 10, 27][12, 8, 26, 0, 18][11, 17, 28, 7, 16][19, 22, 25][13, 6, 15][0, 19][0, 13][10, 15][17, 22][7, 24][4, 24] 
[5, 21, 2, 29, 10, 27][12, 8, 26, 0, 18][11, 17, 28, 7, 16][14, 20, 24, 3, 23][4, 24, 1, 9][13, 6, 15][19, 22, 25][10, 15][0, 13][12, 22][17, 22][7, 24] 
[9, 23, 3, 1, 24, 20, 14][5, 21, 2, 29, 10, 27][12, 8, 26, 0, 18][11, 17, 28, 7, 16][19, 22, 25][13, 6, 15][0, 19][0, 13][10, 15][17, 22][7, 24][4, 24] 
[9, 23, 3, 1, 24, 20, 14][5, 21, 2, 29, 10, 27][12, 8, 26, 0, 18][11, 17, 28, 7, 16][19, 22, 25][13, 6, 15][0, 19][0, 13][10, 15][17, 22][7, 24][4, 24] 
[9, 23, 3, 1, 24, 20, 14][5, 21, 2, 29, 10, 27][12, 8, 26, 0, 18][11, 17, 28, 7, 16][19, 22, 25][13, 6, 15][0, 19][0, 13][10, 15][17, 22][7, 24][4, 24] 
[5, 21, 2, 29, 10, 27][11, 17, 28, 7, 16][12, 8, 26, 0, 18][14, 20, 24, 3, 23][4, 24, 1, 9][19, 22, 25][13, 6, 15][17, 22][12, 22][7, 24][0, 13][10, 15] 
[9, 23, 3, 1, 24, 20, 14][5, 21, 2, 29, 10, 27][12, 8, 26, 0, 18][11, 17, 28, 7, 16][19, 22, 25][13, 6, 15][0, 19][0, 13][10, 15][17, 22][7, 24][4, 24] 
[9, 23, 3, 1, 24, 20, 14][5, 21, 2, 29, 10, 27][11, 17, 28, 7, 16][12, 8, 26, 0, 18][19, 22, 25][13, 6, 15][4, 24][7, 24][17, 22][0, 19][0, 13][10, 15] 
[0, 13, 18, 12, 19, 22, 25, 11, 17, 28, 7][13, 6, 16, 15, 5, 21, 2, 29, 10, 27][9, 1, 23, 14, 3, 11, 17, 19, 8, 26][4, 20, 24, 7][13, 18][13, 18][20, 24][13, 18][13, 18][13, 18][13, 18][13, 18] 
[0, 13, 18, 12, 19, 22, 25, 11, 17, 28, 7][13, 6, 16, 15, 5, 21, 2, 29, 10, 27][9, 1, 23, 14, 3, 11, 17, 19, 8, 26][4, 20, 24, 7][13, 18][13, 18][20, 24][13, 18][13, 18][13, 18][13, 18][13, 18] 
[0, 13, 18, 12, 19, 22, 25, 11, 17, 28, 7][13, 6, 16, 15, 5, 21, 2, 29, 10, 27][9, 1, 23, 14, 3, 11, 17, 19, 8, 26][4, 20, 24, 7][13, 18][13, 18][20, 24][13, 18][13, 18][13, 18][13, 18][13, 18] 
[0, 13, 18, 12, 19, 22, 25, 11, 17, 28][13, 6, 16, 15, 5, 21, 2, 29, 10, 27][3, 9, 14, 23, 4, 20, 24, 7][3, 11, 17, 19, 8, 26][20, 24][1, 9][20, 24][20, 24][13, 18][13, 18][13, 18][20, 24] 
[0, 13, 18, 12, 19, 22, 25, 11, 17, 28][13, 6, 16, 15, 5, 21, 2, 29, 10, 27][3, 9, 14, 23, 4, 20, 24, 7][3, 11, 17, 19, 8, 26][20, 24][1, 9][20, 24][20, 24][13, 18][13, 18][13, 18][20, 24] 
[8, 26, 0, 13, 18, 12, 19, 22, 25, 11, 17, 28, 7, 16, 15][1, 9, 14, 3, 24, 20, 23, 4][5, 21, 2, 29, 10, 27][5, 15, 16][6, 13][7, 16][7, 24][0, 26][7, 16][13, 18][2, 29][0, 26] 
[0, 13, 18, 12, 19, 22, 25, 11, 17, 28, 7][13, 6, 16, 15, 5, 21, 2, 29, 10, 27][9, 1, 23, 14, 3, 11, 17, 19, 8, 26][4, 20, 24, 7][13, 18][13, 18][20, 24][13, 18][13, 18][13, 18][13, 18][13, 18] 
[0, 13, 18, 12, 19, 22, 25, 11, 17, 28, 7][13, 6, 16, 15, 5, 21, 2, 29, 10, 27][9, 1, 23, 14, 3, 11, 17, 19, 8, 26][4, 20, 24, 7][13, 18][13, 18][20, 24][13, 18][13, 18][13, 18][13, 18][13, 18] 
[0, 13, 18, 12, 19, 22, 25, 11, 17, 28][13, 6, 16, 15, 5, 21, 2, 29, 10, 27][3, 9, 14, 23, 4, 20, 24, 7][3, 11, 17, 19, 8, 26][20, 24][1, 9][20, 24][20, 24][13, 18][13, 18][13, 18][20, 24] 
[0, 13, 18, 12, 19, 22, 25, 11, 17, 28, 7][13, 6, 16, 15, 5, 21, 2, 29, 10, 27][9, 1, 23, 14, 3, 11, 17, 19, 8, 26][4, 20, 24, 7][13, 18][13, 18][20, 24][13, 18][13, 18][13, 18][13, 18][13, 18] 
[0, 13, 18, 12, 19, 22, 25, 11, 17, 28, 7][13, 6, 16, 15, 5, 21, 2, 29, 10, 27][9, 1, 23, 14, 3, 11, 17, 19, 8, 26][4, 20, 24, 7][13, 18][13, 18][20, 24][13, 18][13, 18][13, 18][13, 18][13, 18] 
[0, 13, 18, 12, 19, 22, 25, 11, 17, 28, 7][13, 6, 16, 15, 5, 21, 2, 29, 10, 27][9, 1, 23, 14, 3, 11, 17, 19, 8, 26][4, 20, 24, 7][13, 18][13, 18][20, 24][13, 18][13, 18][13, 18][13, 18][13, 18] 
[0, 13, 18, 12, 19, 22, 25, 11, 17, 28][13, 6, 16, 15, 5, 21, 2, 29, 10, 27][3, 9, 14, 23, 4, 20, 24, 7][3, 11, 17, 19, 8, 26][20, 24][1, 9][20, 24][20, 24][13, 18][13, 18][13, 18][20, 24] 
[0, 13, 18, 12, 19, 22, 25, 11, 17, 28, 7][13, 6, 16, 15, 5, 21, 2, 29, 10, 27][9, 1, 23, 14, 3, 11, 17, 19, 8, 26][4, 20, 24, 7][13, 18][13, 18][20, 24][13, 18][13, 18][13, 18][13, 18][13, 18] 
[0, 13, 18, 12, 19, 22, 25, 11, 17, 28, 7][13, 6, 16, 15, 5, 21, 2, 29, 10, 27][9, 1, 23, 14, 3, 11, 17, 19, 8, 26][4, 20, 24, 7][13, 18][13, 18][20, 24][13, 18][13, 18][13, 18][13, 18][13, 18] 
[18, 13, 6, 16, 15, 5, 21, 2, 29, 10, 27][0, 13, 18, 12, 19, 22, 25, 11, 17, 28, 7][9, 1, 23, 14, 3, 11, 17, 19, 8, 26][4, 20, 24, 7][13, 18][13, 18][20, 24][13, 18][13, 18][13, 18][13, 18][13, 18] 
[7, 28, 17, 11, 25, 22, 19, 12, 18, 13, 0, 26][13, 6, 16, 15, 5, 21, 2, 29, 10, 27][8, 19, 17, 11, 3, 14, 23, 1, 9][4, 20, 24, 7][13, 18][13, 18][20, 24][13, 18][13, 18][13, 18][13, 18][13, 18] 
[13, 6, 16, 15, 5, 21, 2, 29, 10, 27][0, 13, 18, 12, 19, 22, 25, 11, 17, 28][1, 23, 14, 3, 11, 17, 19, 8, 26][7, 24, 20, 4, 23, 14, 9][13, 18][20, 24][13, 18][13, 18][13, 18][20, 24][13, 18][13, 18] 
[18, 13, 6, 16, 15, 5, 21, 2, 29, 10, 27][0, 13, 18, 12, 19, 22, 25, 11, 17, 28, 7][9, 1, 23, 14, 3, 11, 17, 19, 8, 26][4, 20, 24, 7][13, 18][13, 18][20, 24][13, 18][13, 18][13, 18][13, 18][13, 18] 
[7, 28, 17, 11, 25, 22, 19, 12, 18, 13, 0, 26][13, 6, 16, 15, 5, 21, 2, 29, 10, 27][8, 19, 17, 11, 3, 14, 23, 1, 9][4, 20, 24, 7][13, 18][13, 18][20, 24][13, 18][13, 18][13, 18][13, 18][13, 18] 
[7, 28, 17, 11, 25, 22, 19, 12, 18, 13, 0, 26, 8][13, 6, 16, 15, 5, 21, 2, 29, 10, 27][3, 9, 14, 23, 4, 20, 24, 7][13, 18][1, 9][13, 18][13, 18][20, 24][20, 24][17, 28][13, 18][20, 24] 
[5, 21, 2, 29, 10, 27][14, 20, 24, 3, 23][11, 17, 28, 7, 16][12, 8, 26, 0, 18][4, 24, 1, 9][19, 22, 25][13, 6, 15][7, 24][17, 22][0, 19][0, 13][10, 15] 
[5, 21, 2, 29, 10, 27][12, 8, 26, 0, 18][11, 17, 28, 7, 16][14, 20, 24, 3, 23][4, 24, 1, 9][13, 6, 15][19, 22, 25][10, 15][0, 13][0, 19][17, 22][7, 24] 
[5, 21, 2, 29, 10, 27][12, 8, 26, 0, 18][11, 17, 28, 7, 16][14, 20, 24, 3, 23][4, 24, 1, 9][13, 6, 15][19, 22, 25][0, 13][10, 15][0, 19][17, 22][7, 24] 
[4, 24, 1, 9, 14, 23, 20][5, 21, 2, 29, 10, 27][14, 20, 24, 1, 3, 23][12, 8, 26, 0, 18][11, 17, 28, 7, 16][13, 6, 15][19, 22, 25][0, 13][0, 19][10, 15][17, 22][7, 24] 
[5, 21, 2, 29, 10, 27][9, 23, 3, 24, 20, 14][12, 8, 26, 0, 18][11, 17, 28, 7, 16][4, 24, 1, 9][13, 6, 15][19, 22, 25][0, 13][10, 15][0, 19][17, 22][7, 24] 
[9, 23, 3, 1, 24, 20, 14][4, 24, 1, 9, 14, 23, 20][5, 21, 2, 29, 10, 27][11, 17, 28, 7, 16][12, 8, 26, 0, 18][19, 22, 25][13, 6, 15][17, 22][0, 19][7, 24][0, 13][10, 15] 
[5, 21, 2, 29, 10, 27][9, 23, 3, 24, 20, 14][12, 8, 26, 0, 18][11, 17, 28, 7, 16][4, 24, 1, 9][13, 6, 15][19, 22, 25][0, 13][10, 15][0, 19][17, 22][7, 24] 
[9, 23, 3, 1, 24, 20, 14][4, 24, 1, 9, 14, 23, 20][5, 21, 2, 29, 10, 27][12, 8, 26, 0, 18][11, 17, 28, 7, 16][13, 6, 15][19, 22, 25][0, 13][10, 15][0, 19][17, 22][7, 24] 
[5, 21, 2, 29, 10, 27][14, 20, 24, 3, 23][11, 17, 28, 7, 16][12, 8, 26, 0, 18][4, 24, 1, 9][19, 22, 25][13, 6, 15][7, 24][17, 22][0, 19][0, 13][10, 15] 
[9, 23, 3, 24, 20, 14][5, 21, 2, 29, 10, 27][12, 8, 26, 0, 18][11, 17, 28, 7, 16][4, 24, 1, 9, 14][19, 22, 25][13, 6, 15][0, 19][17, 22][0, 13][7, 24][10, 15] 
[5, 21, 2, 29, 10, 27][12, 8, 26, 0, 18][11, 17, 28, 7, 16][14, 20, 24, 3, 23][4, 24, 1, 9][19, 22, 25][13, 6, 15][0, 19][0, 13][10, 15][17, 22][7, 24] 
[4, 24, 1, 9, 14, 23, 20][5, 21, 2, 29, 10, 27][14, 20, 24, 1, 3, 23][12, 8, 26, 0, 18][11, 17, 28, 7, 16][13, 6, 15][19, 22, 25][10, 15][0, 13][0, 19][17, 22][7, 24] 
[9, 23, 3, 1, 24, 20, 14][4, 24, 1, 9, 14, 23, 20][5, 21, 2, 29, 10, 27][11, 17, 28, 7, 16][12, 8, 26, 0, 18][19, 22, 25][13, 6, 15][17, 22][0, 19][7, 24][0, 13][10, 15] 
[5, 21, 2, 29, 10, 27][12, 8, 26, 0, 18][11, 17, 28, 7, 16][14, 20, 24, 3, 23][4, 24, 1, 9][19, 22, 25][13, 6, 15][0, 19][0, 13][10, 15][17, 22][7, 24] 
[5, 21, 2, 29, 10, 27][12, 8, 26, 0, 18][11, 17, 28, 7, 16][14, 20, 24, 3, 23][4, 24, 1, 9, 14][13, 6, 15][19, 22, 25][0, 13][10, 15][0, 19][17, 22][7, 24] 
[9, 23, 3, 1, 24, 20, 14][5, 21, 2, 29, 10, 27][12, 8, 26, 0, 18][11, 17, 28, 7, 16][19, 22, 25][13, 6, 15][0, 19][0, 13][10, 15][17, 22][7, 24][4, 24] 
[9, 23, 3, 1, 24, 20, 14][5, 21, 2, 29, 10, 27][12, 8, 26, 0, 18][11, 17, 28, 7, 16][19, 22, 25][13, 6, 15][0, 19][0, 13][10, 15][17, 22][7, 24][4, 24] 
[9, 23, 3, 1, 24, 20, 14][5, 21, 2, 29, 10, 27][12, 8, 26, 0, 18][11, 17, 28, 7, 16][19, 22, 25][13, 6, 15][0, 19][0, 13][10, 15][17, 22][7, 24][4, 24] 
[9, 23, 3, 1, 24, 20, 14][5, 21, 2, 29, 10, 27][12, 8, 26, 0, 18][11, 17, 28, 7, 16][19, 22, 25][13, 6, 15][0, 19][0, 13][10, 15][17, 22][7, 24][4, 24] 
[9, 23, 3, 1, 24, 20, 14][5, 21, 2, 29, 10, 27][12, 8, 26, 0, 18][11, 17, 28, 7, 16][19, 22, 25][13, 6, 15][0, 19][0, 13][10, 15][17, 22][7, 24][4, 24] 
[9, 14, 20, 24, 1, 3, 23][5, 21, 2, 29, 10, 27][12, 8, 26, 0, 18][11, 17, 28, 7, 16][13, 6, 15][19, 22, 25][10, 15][0, 13][18, 19][17, 22][7, 24][4, 24] 
[5, 21, 2, 29, 10, 27][14, 20, 24, 3, 23][11, 17, 28, 7, 16][12, 8, 26, 0, 18][4, 24, 1, 9][19, 22, 25][13, 6, 15][7, 24][17, 22][0, 19][0, 13][10, 15] 
[5, 21, 2, 29, 10, 27][12, 8, 26, 0, 18][11, 17, 28, 7, 16][14, 20, 24, 3, 23][4, 24, 1, 9, 14][13, 6, 15][19, 22, 25][0, 13][10, 15][0, 19][17, 22][7, 24] 
[5, 21, 2, 29, 10, 27][12, 8, 26, 0, 18][11, 17, 28, 7, 16][14, 20, 24, 3, 23][4, 24, 1, 9, 14][13, 6, 15][19, 22, 25][0, 13][10, 15][0, 19][17, 22][7, 24] 
[5, 21, 2, 29, 10, 27][9, 23, 3, 24, 20, 14][12, 8, 26, 0, 18][11, 17, 28, 7, 16][4, 24, 1, 9][13, 6, 15][19, 22, 25][10, 15][0, 13][0, 19][17, 22][7, 24] 
[5, 21, 2, 29, 10, 27][9, 23, 3, 24, 20, 14][12, 8, 26, 0, 18][11, 17, 28, 7, 16][4, 24, 1, 9][13, 6, 15][19, 22, 25][10, 15][0, 13][0, 19][17, 22][7, 24] 
[14, 20, 24, 1, 3, 23][5, 21, 2, 29, 10, 27][11, 17, 28, 7, 16][12, 8, 26, 0, 18][4, 24, 1, 9][19, 22, 25][13, 6, 15][7, 24][17, 22][0, 19][0, 13][10, 15] 
[5, 21, 2, 29, 10, 27][12, 8, 26, 0, 18][11, 17, 28, 7, 16][14, 20, 24, 3, 23][4, 24, 1, 9, 14][19, 22, 25][13, 6, 15][0, 19][17, 22][0, 13][7, 24][10, 15] 
[9, 23, 3, 1, 24, 20, 14][5, 21, 2, 29, 10, 27][11, 17, 28, 7, 16][12, 8, 26, 0, 18][19, 22, 25][13, 6, 15][7, 24][17, 22][0, 19][0, 13][10, 15][4, 24] 
[9, 23, 3, 1, 24, 20, 14][5, 21, 2, 29, 10, 27][12, 8, 26, 0, 18][11, 17, 28, 7, 16][19, 22, 25][13, 6, 15][0, 19][0, 13][10, 15][17, 22][7, 24][4, 24] 
[9, 23, 3, 1, 24, 20, 14][5, 21, 2, 29, 10, 27][12, 8, 26, 0, 18][11, 17, 28, 7, 16][19, 22, 25][13, 6, 15][0, 19][0, 13][10, 15][17, 22][7, 24][4, 24] 
[9, 23, 3, 1, 24, 20, 14][5, 21, 2, 29, 10, 27][12, 8, 26, 0, 18][11, 17, 28, 7, 16][13, 6, 15][19, 22, 25][10, 15][0, 13][0, 19][17, 22][7, 24][4, 24] 
[9, 23, 3, 1, 24, 20, 14][5, 21, 2, 29, 10, 27][12, 8, 26, 0, 18][11, 17, 28, 7, 16][19, 22, 25][13, 6, 15][0, 19][0, 13][10, 15][17, 22][7, 24][4, 24] 
[9, 23, 3, 1, 24, 20, 14][5, 21, 2, 29, 10, 27][12, 8, 26, 0, 18][11, 17, 28, 7, 16][19, 22, 25][13, 6, 15][0, 19][0, 13][10, 15][17, 22][7, 24][4, 24] 
[9, 23, 3, 1, 24, 20, 14][5, 21, 2, 29, 10, 27][12, 8, 26, 0, 18][11, 17, 28, 7, 16][13, 6, 15][19, 22, 25][0, 13][0, 19][17, 22][7, 24][4, 24][10, 15] 
[9, 23, 3, 1, 24, 20, 14][5, 21, 2, 29, 10, 27][12, 8, 26, 0, 18][11, 17, 28, 7, 16][19, 22, 25][13, 6, 15][0, 19][0, 13][10, 15][17, 22][7, 24][4, 24] 
[9, 23, 3, 1, 24, 20, 14][5, 21, 2, 29, 10, 27][12, 8, 26, 0, 18][11, 17, 28, 7, 16][19, 22, 25][13, 6, 15][0, 19][0, 13][10, 15][17, 22][7, 24][4, 24] 
[9, 23, 3, 1, 24, 20, 14][5, 21, 2, 29, 10, 27][12, 8, 26, 0, 18][11, 17, 28, 7, 16][19, 22, 25][13, 6, 15][0, 19][0, 13][10, 15][17, 22][7, 24][4, 24] 
[9, 23, 3, 1, 24, 20, 14][5, 21, 2, 29, 10, 27][12, 8, 26, 0, 18][11, 17, 28, 7, 16][19, 22, 25][13, 6, 15][0, 19][0, 13][10, 15][17, 22][7, 24][4, 24] 
[9, 23, 3, 1, 24, 20, 14][5, 21, 2, 29, 10, 27][12, 8, 26, 0, 18][11, 17, 28, 7, 16][19, 22, 25][13, 6, 15][0, 19][0, 13][10, 15][17, 22][7, 24][4, 24] 
[9, 23, 3, 1, 24, 20, 14][5, 21, 2, 29, 10, 27][12, 8, 26, 0, 18][11, 17, 28, 7, 16][19, 22, 25][13, 6, 15][0, 19][0, 13][10, 15][17, 22][7, 24][4, 24] 
[9, 23, 3, 1, 24, 20, 14][5, 21, 2, 29, 10, 27][12, 8, 26, 0, 18][11, 17, 28, 7, 16][19, 22, 25][13, 6, 15][0, 19][0, 13][10, 15][17, 22][7, 24][4, 24] 
[9, 23, 3, 1, 24, 20, 14][5, 21, 2, 29, 10, 27][12, 8, 26, 0, 18][11, 17, 28, 7, 16][19, 22, 25][13, 6, 15][0, 19][0, 13][10, 15][17, 22][7, 24][4, 24] 
[5, 21, 2, 29, 10, 27][12, 8, 26, 0, 18, 19][4, 24, 1, 9, 3, 23][11, 17, 28, 7, 16][13, 6, 15][14, 20, 24][10, 15][0, 13][12, 22][22, 25][17, 22][7, 24] 
[5, 21, 2, 29, 10, 27][12, 8, 26, 0, 18, 19][4, 24, 1, 9, 3, 23][11, 17, 28, 7, 16][4, 24, 20, 14][13, 6, 15][10, 15][0, 13][12, 22][22, 25][17, 22][7, 24] 
[4, 24, 1, 9, 3, 23][12, 8, 26, 0, 18, 19][5, 21, 2, 29, 10, 27][11, 17, 28, 7, 16][14, 20, 24][13, 6, 15][7, 24][17, 22][22, 25][12, 22][0, 13][10, 15] 
[5, 21, 2, 29, 10, 27][12, 8, 26, 0, 18, 19][4, 24, 1, 9, 3, 23][11, 17, 28, 7, 16][13, 6, 15][14, 20, 24][10, 15][0, 13][12, 22][22, 25][17, 22][7, 24] 
[5, 21, 2, 29, 10, 27][12, 8, 26, 0, 18, 19][4, 24, 1, 9, 3, 23][11, 17, 28, 7, 16][13, 6, 15][14, 20, 24][10, 15][0, 13][12, 22][22, 25][17, 22][7, 24] 
[4, 24, 1, 9, 3, 23][12, 8, 26, 0, 18, 19][5, 21, 2, 29, 10, 27][11, 17, 28, 7, 16][18, 19, 22, 25][14, 20, 24][13, 6, 15][7, 24][17, 22][0, 13][10, 15][0, 18] 
[5, 21, 2, 29, 10, 27][9, 23, 3, 24, 20, 14][12, 8, 26, 0, 18][11, 17, 28, 7, 16][4, 24, 1, 9][13, 6, 15][19, 22, 25][0, 13][10, 15][0, 19][17, 22][7, 24] 
[4, 24, 1, 9, 14, 23, 20][5, 21, 2, 29, 10, 27][14, 20, 24, 1, 3, 23][12, 8, 26, 0, 18][11, 17, 28, 7, 16][13, 6, 15][19, 22, 25][0, 13][0, 19][10, 15][17, 22][7, 24] 
[5, 21, 2, 29, 10, 27][9, 23, 3, 24, 20, 14][12, 8, 26, 0, 18][11, 17, 28, 7, 16][4, 24, 1, 9][13, 6, 15][19, 22, 25][0, 13][10, 15][0, 19][17, 22][7, 24] 
[9, 23, 3, 24, 20, 14][5, 21, 2, 29, 10, 27][12, 8, 26, 0, 18][11, 17, 28, 7, 16][4, 24, 1, 9, 14][19, 22, 25][13, 6, 15][0, 19][17, 22][0, 13][7, 24][10, 15] 
[4, 24, 1, 9, 14, 23, 20][5, 21, 2, 29, 10, 27][14, 20, 24, 1, 3, 23][12, 8, 26, 0, 18][11, 17, 28, 7, 16][13, 6, 15][19, 22, 25][10, 15][0, 13][0, 19][17, 22][7, 24] 
[9, 23, 3, 1, 24, 20, 14][5, 21, 2, 29, 10, 27][12, 8, 26, 0, 18][11, 17, 28, 7, 16][19, 22, 25][13, 6, 15][0, 19][0, 13][10, 15][17, 22][7, 24][4, 24] 
[9, 23, 3, 1, 24, 20, 14][4, 24, 1, 9, 14, 23, 20][5, 21, 2, 29, 10, 27][12, 8, 26, 0, 18][11, 17, 28, 7, 16][13, 6, 15][19, 22, 25][0, 13][10, 15][0, 19][17, 22][7, 24] 
