[22, 18, 0, 12, 8, 26][7, 14, 4, 24, 20][5, 15, 10, 21, 6][11, 25, 28, 17, 19][3, 9, 1, 23][27, 2, 29][13, 18, 19][14, 23][7, 27][2, 6][7, 16][16, 28] 
[22, 18, 0, 12, 8, 26][7, 14, 4, 24, 20][5, 15, 10, 21, 6][11, 25, 28, 17, 19][3, 9, 1, 23][27, 2, 29][13, 18, 19][14, 23][7, 27][2, 6][7, 16][16, 28] 
[22, 18, 0, 12, 8, 26][5, 15, 10, 21, 6][7, 14, 4, 24, 20][11, 25, 28, 17, 19][3, 9, 1, 23][27, 2, 29][13, 18, 19][2, 6][7, 27][7, 16][14, 23][16, 28] 
[22, 18, 0, 12, 8, 26][7, 14, 4, 24, 20][5, 15, 10, 21, 6][11, 25, 28, 17, 19][3, 9, 1, 23][27, 2, 29][13, 18, 19][7, 27][15, 29][7, 16][16, 28][14, 23] 
[22, 18, 0, 12, 8, 26][6, 5, 15, 10, 21][11, 25, 28, 17, 19][14, 4, 24, 20][3, 9, 1, 23][27, 2, 29][14, 7, 27][13, 18, 19][2, 6][14, 23][7, 16][16, 28] 
[22, 18, 0, 12, 8, 26][6, 5, 15, 10, 21][11, 25, 28, 17, 19][14, 4, 24, 20][3, 9, 1, 23][27, 2, 29][14, 7, 27][13, 18, 19][2, 6][14, 23][7, 16][16, 28] 
[22, 18, 0, 12, 8, 26][6, 5, 15, 10, 21][11, 25, 28, 17, 19][14, 4, 24, 20][3, 9, 1, 23][27, 2, 29][14, 7, 27][13, 18, 19][2, 6][14, 23][7, 16][16, 28] 
[22, 18, 0, 12, 8, 26][11, 25, 28, 17, 19][6, 5, 15, 10, 21][14, 4, 24, 20][3, 9, 1, 23][13, 18, 19][14, 7, 27][27, 2, 29][16, 28][7, 16][14, 23][2, 6] 
[22, 18, 0, 12, 8, 26][11, 25, 28, 17, 19][6, 5, 15, 10, 21][14, 4, 24, 20][3, 9, 1, 23][13, 18, 19][14, 7, 27][27, 2, 29][16, 28][7, 16][14, 23][2, 6] 
[22, 18, 0, 12, 8, 26][11, 25, 28, 17, 19][6, 5, 15, 10, 21][14, 4, 24, 20][3, 9, 1, 23][13, 18, 19][14, 7, 27][27, 2, 29][16, 28][7, 16][14, 23][2, 6] 
[22, 18, 0, 12, 8, 26][7, 14, 4, 24, 20][5, 15, 10, 21, 6][11, 25, 28, 17, 19][3, 9, 1, 23][27, 2, 29][13, 18, 19][14, 23][7, 27][2, 6][7, 16][16, 28] 
[22, 18, 0, 12, 8, 26][5, 15, 10, 21, 6][7, 14, 4, 24, 20][11, 25, 28, 17, 19][3, 9, 1, 23][27, 2, 29][13, 18, 19][2, 6][7, 27][7, 16][14, 23][16, 28] 
[22, 18, 0, 12, 8, 26][7, 14, 4, 24, 20][11, 25, 28, 17, 19][5, 15, 10, 21, 6][3, 9, 1, 23][27, 2, 29][13, 18, 19][7, 16][14, 23][7, 27][16, 28][2, 6] 
[22, 18, 0, 12, 8, 26][6, 5, 15, 10, 21][11, 25, 28, 17, 19][14, 4, 24, 20][3, 9, 1, 23][27, 2, 29][14, 7, 27][13, 18, 19][2, 6][14, 23][7, 16][16, 28] 
[22, 18, 0, 12, 8, 26][6, 5, 15, 10, 21][11, 25, 28, 17, 19][14, 4, 24, 20][3, 9, 1, 23][27, 2, 29][14, 7, 27][13, 18, 19][2, 6][14, 23][7, 16][16, 28] 
[22, 18, 0, 12, 8, 26][6, 5, 15, 10, 21][11, 25, 28, 17, 19][14, 4, 24, 20][3, 9, 1, 23][27, 2, 29][14, 7, 27][13, 18, 19][2, 6][14, 23][7, 16][16, 28] 
[22, 18, 0, 12, 8, 26][5, 15, 10, 21, 6][7, 14, 4, 24, 20][11, 25, 28, 17, 19][3, 9, 1, 23][27, 2, 29][13, 18, 19][2, 6][7, 27][14, 23][7, 16][16, 28] 
[22, 18, 0, 12, 8, 26][5, 15, 10, 21, 6][7, 14, 4, 24, 20][11, 25, 28, 17, 19][3, 9, 1, 23][27, 2, 29][13, 18, 19][2, 6][7, 27][7, 16][14, 23][16, 28] 
[22, 18, 0, 12, 8, 26][6, 5, 15, 10, 21][11, 25, 28, 17, 19][14, 4, 24, 20][3, 9, 1, 23][27, 2, 29][14, 7, 27][13, 18, 19][2, 6][14, 23][7, 16][16, 28] 
[22, 18, 0, 12, 8, 26][7, 14, 4, 24, 20][11, 25, 28, 17, 19][5, 15, 10, 21, 6][3, 9, 1, 23][27, 2, 29][13, 18, 19][7, 16][14, 23][7, 27][16, 28][2, 6] 
[22, 18, 0, 12, 8, 26][7, 14, 4, 24, 20][11, 25, 28, 17, 19][5, 15, 10, 21, 6][3, 9, 1, 23][13, 18, 19][27, 2, 29][7, 16][14, 23][16, 28][7, 27][2, 6] 
[22, 18, 0, 12, 8, 26][11, 25, 28, 17, 19][7, 14, 4, 24, 20][5, 15, 10, 21, 6][3, 9, 1, 23][13, 18, 19][27, 2, 29][16, 28][7, 16][7, 27][14, 23][2, 6] 
[22, 18, 0, 12, 8, 26][7, 14, 4, 24, 20][11, 25, 28, 17, 19][5, 15, 10, 21, 6][3, 9, 1, 23][13, 18, 19][27, 2, 29][7, 16][14, 23][16, 28][7, 27][2, 6] 
[22, 18, 0, 12, 8, 26][11, 25, 28, 17, 19][6, 5, 15, 10, 21][14, 4, 24, 20][3, 9, 1, 23][13, 18, 19][14, 7, 27][27, 2, 29][16, 28][7, 16][14, 23][2, 6] 
[22, 18, 0, 12, 8, 26][6, 5, 15, 10, 21][11, 25, 28, 17, 19][14, 4, 24, 20][3, 9, 1, 23][27, 2, 29][14, 7, 27][13, 18, 19][2, 6][14, 23][7, 16][16, 28] 
[22, 18, 0, 12, 8, 26][11, 25, 28, 17, 19][6, 5, 15, 10, 21][14, 4, 24, 20][3, 9, 1, 23][13, 18, 19][14, 7, 27][27, 2, 29][16, 28][7, 16][14, 23][2, 6] 
[22, 18, 0, 12, 8, 26][7, 14, 4, 24, 20][5, 15, 10, 21, 6][11, 25, 28, 17, 19][3, 9, 1, 23][27, 2, 29][13, 18, 19][14, 23][7, 27][2, 6][7, 16][16, 28] 
[22, 18, 0, 12, 8, 26][5, 15, 10, 21, 6][7, 14, 4, 24, 20][11, 25, 28, 17, 19][3, 9, 1, 23][27, 2, 29][13, 18, 19][2, 6][7, 27][7, 16][14, 23][16, 28] 
[22, 18, 0, 12, 8, 26][6, 5, 15, 10, 21][11, 25, 28, 17, 19][14, 4, 24, 20][3, 9, 1, 23][27, 2, 29][14, 7, 27][13, 18, 19][2, 6][14, 23][7, 16][16, 28] 
[22, 18, 0, 12, 8, 26][7, 14, 4, 24, 20][11, 25, 28, 17, 19][5, 15, 10, 21, 6][3, 9, 1, 23][27, 2, 29][13, 18, 19][7, 16][14, 23][7, 27][16, 28][2, 6] 
[22, 18, 0, 12, 8, 26][5, 15, 10, 21, 6][7, 14, 4, 24, 20][11, 25, 28, 17, 19][3, 9, 1, 23][27, 2, 29][13, 18, 19][2, 6][7, 27][7, 16][14, 23][16, 28] 
[22, 18, 0, 12, 8, 26][5, 15, 10, 21, 6][7, 14, 4, 24, 20][11, 25, 28, 17, 19][3, 9, 1, 23][27, 2, 29][13, 18, 19][2, 6][7, 27][7, 16][14, 23][16, 28] 
[22, 18, 0, 12, 8, 26][11, 25, 28, 17, 19][6, 5, 15, 10, 21][14, 4, 24, 20][3, 9, 1, 23][14, 7, 27][27, 2, 29][13, 18, 19][7, 16][14, 23][16, 28][2, 6] 
[22, 18, 0, 12, 8, 26][7, 14, 4, 24, 20][5, 15, 10, 21, 6][11, 25, 28, 17, 19][3, 9, 1, 23][27, 2, 29][13, 18, 19][14, 23][7, 27][2, 6][7, 16][16, 28] 
[22, 18, 0, 12, 8, 26][5, 15, 10, 21, 6][7, 14, 4, 24, 20][11, 25, 28, 17, 19][3, 9, 1, 23][27, 2, 29][13, 18, 19][2, 6][7, 27][7, 16][14, 23][16, 28] 
[19, 8, 26, 0, 13, 6, 10, 21, 5, 15, 29, 2, 27][4, 20, 14, 23, 1, 9, 3, 24, 7, 16, 28][17, 11, 25, 28, 0, 26, 8, 12, 22, 18][3, 24][3, 24][7, 16][7, 16][8, 26][3, 24][3, 24][6, 10][3, 24] 
[19, 8, 26, 0, 13, 6, 10, 21, 5, 15, 29, 2, 27][4, 20, 14, 23, 1, 9, 3, 24, 7, 16, 28][17, 11, 25, 28, 0, 26, 8, 12, 22, 18][3, 24][3, 24][7, 16][7, 16][8, 26][3, 24][3, 24][6, 10][3, 24] 
[19, 8, 26, 0, 13, 6, 10, 21, 5, 15, 29, 2, 27][4, 20, 14, 23, 1, 9, 3, 24, 7, 16, 28][17, 11, 25, 28, 0, 26, 8, 12, 22, 18][3, 24][3, 24][7, 16][7, 16][8, 26][3, 24][3, 24][6, 10][3, 24] 
[19, 12, 22, 17, 18, 0, 13, 6, 10, 21, 5, 15, 29, 2, 27][4, 20, 14, 23, 1, 9, 3, 24, 7, 16, 28][8, 26, 0, 28, 25, 11][7, 16][3, 24][7, 16][7, 16][3, 24][3, 24][3, 24][3, 24][3, 24] 
[19, 12, 22, 17, 18, 0, 13, 6, 10, 21, 5, 15, 29, 2, 27][4, 20, 14, 23, 1, 9, 3, 24, 7, 16, 28][8, 26, 0, 28, 25, 11][7, 16][3, 24][7, 16][7, 16][3, 24][3, 24][3, 24][3, 24][3, 24] 
[4, 20, 14, 23, 1, 9, 3, 24, 7, 16, 28][19, 12, 22, 17, 18, 0, 13, 6, 10, 21][10, 21, 5, 15, 29, 2, 27][8, 26, 0, 28, 25, 11][3, 24][4, 20][7, 16][3, 24][3, 24][3, 24][3, 24][3, 24] 
[19, 12, 22, 17, 18, 0, 13, 6, 10, 21, 5, 15, 29, 2, 27][4, 20, 14, 23, 1, 9, 3, 24, 7, 16, 28][11, 25, 28, 0, 26, 8, 12, 22, 18][7, 16][3, 24][8, 26][7, 16][3, 24][6, 10][7, 16][3, 24][7, 16] 
[19, 8, 26, 0, 13, 6, 10, 21, 5, 15, 29, 2, 27][4, 20, 14, 23, 1, 9, 3, 24, 7, 16, 28][17, 11, 25, 28, 0, 26, 8, 12, 22, 18][3, 24][3, 24][7, 16][7, 16][8, 26][3, 24][3, 24][6, 10][3, 24] 
[19, 12, 22, 17, 18, 0, 13, 6, 10, 21, 5, 15, 29, 2, 27][4, 20, 14, 23, 1, 9, 3, 24, 7, 16, 28][8, 26, 0, 28, 25, 11][7, 16][3, 24][7, 16][7, 16][3, 24][3, 24][3, 24][3, 24][3, 24] 
[19, 8, 26, 0, 13, 6, 10, 21, 5, 15, 29, 2, 27][4, 20, 14, 23, 1, 9, 3, 24, 7, 16, 28, 25][17, 11, 25, 28, 0, 26, 8, 12, 22, 18][7, 16][6, 10][3, 24][3, 24][3, 24][3, 24][7, 16][3, 24][3, 24] 
[19, 8, 26, 0, 13, 6, 10, 21, 5, 15, 29, 2, 27][4, 20, 14, 23, 1, 9, 3, 24, 7, 16, 28][17, 11, 25, 28, 0, 26, 8, 12, 22, 18][3, 24][3, 24][7, 16][7, 16][8, 26][3, 24][3, 24][6, 10][3, 24] 
[19, 8, 26, 0, 13, 6, 10, 21, 5, 15, 29, 2, 27][4, 20, 14, 23, 1, 9, 3, 24, 7, 16, 28][17, 11, 25, 28, 0, 26, 8, 12, 22, 18][3, 24][3, 24][7, 16][7, 16][8, 26][3, 24][3, 24][6, 10][3, 24] 
[19, 12, 22, 17, 18, 0, 13, 6, 10, 21, 5, 15, 29, 2, 27][4, 20, 14, 23, 1, 9, 3, 24, 7, 16, 28][8, 26, 0, 28, 25, 11][7, 16][3, 24][7, 16][7, 16][3, 24][3, 24][3, 24][3, 24][3, 24] 
[19, 8, 26, 0, 13, 6, 10, 21, 5, 15, 29, 2, 27][4, 20, 14, 23, 1, 9, 3, 24, 7, 16, 28][17, 11, 25, 28, 0, 26, 8, 12, 22, 18][3, 24][3, 24][7, 16][7, 16][8, 26][3, 24][3, 24][6, 10][3, 24] 
[19, 8, 26, 0, 13, 6, 10, 21, 5, 15, 29, 2, 27][4, 20, 14, 23, 1, 9, 3, 24, 7, 16, 28][17, 11, 25, 28, 0, 26, 8, 12, 22, 18][3, 24][3, 24][7, 16][7, 16][8, 26][3, 24][3, 24][6, 10][3, 24] 
[10, 6, 13, 18, 22, 12, 8, 26, 0, 28, 25, 11, 17, 19][4, 20, 14, 23, 1, 9, 3, 24, 7, 16, 28][10, 21, 5, 15, 29, 2, 27][7, 16][3, 24][7, 16][7, 16][3, 24][3, 24][3, 24][3, 24][3, 24] 
[10, 6, 13, 18, 22, 12, 8, 26, 0, 28, 25, 11, 17, 19][4, 20, 14, 23, 1, 9, 3, 24, 7, 16, 28][10, 21, 5, 15, 29, 2, 27][7, 16][3, 24][7, 16][7, 16][3, 24][3, 24][3, 24][3, 24][3, 24] 
[19, 12, 22, 17, 18, 0, 13, 6, 10, 21, 5, 15, 29, 2, 27][4, 20, 14, 23, 1, 9, 3, 24, 7, 16, 28][11, 25, 28, 0, 26, 8, 12, 22][7, 16][3, 24][8, 26][7, 16][3, 24][6, 10][7, 16][3, 24][7, 16] 
[10, 6, 13, 18, 22, 12, 8, 26, 0, 28, 25, 11, 17, 19][4, 20, 14, 23, 1, 9, 3, 24, 7, 16, 28][10, 21, 5, 15, 29, 2, 27][7, 16][3, 24][7, 16][7, 16][3, 24][3, 24][3, 24][3, 24][3, 24] 
[10, 6, 13, 18, 22, 12, 8, 26, 0, 28, 25, 11, 17, 19][4, 20, 14, 23, 1, 9, 3, 24, 7, 16, 28][10, 21, 5, 15, 29, 2, 27][7, 16][3, 24][7, 16][7, 16][3, 24][3, 24][3, 24][3, 24][3, 24] 
[10, 6, 13, 18, 22, 12, 8, 26, 0, 28, 25, 11, 17, 19][4, 20, 14, 23, 1, 9, 3, 24, 7, 16, 28][10, 21, 5, 15, 29, 2, 27][3, 24][8, 26][3, 24][3, 24][3, 24][7, 16][3, 24][3, 24][3, 24] 
[22, 18, 0, 12, 8, 26][7, 14, 4, 24, 20][11, 25, 28, 17, 19][6, 5, 15, 10, 21][3, 9, 1, 23][13, 18, 19][27, 2, 29][14, 23][7, 16][16, 28][7, 27][15, 29] 
[22, 18, 0, 12, 8, 26][7, 14, 4, 24, 20][11, 25, 28, 17, 19][6, 5, 15, 10, 21][3, 9, 1, 23][27, 2, 29][13, 18, 19][14, 23][7, 27][7, 16][16, 28][15, 29] 
[22, 18, 0, 12, 8, 26][7, 14, 4, 24, 20][11, 25, 28, 17, 19][6, 5, 15, 10, 21][3, 9, 1, 23][13, 18, 19][27, 2, 29][14, 23][7, 16][16, 28][7, 27][15, 29] 
[22, 18, 0, 12, 8, 26][7, 14, 4, 24, 20][11, 25, 28, 17, 19][6, 5, 15, 10, 21][3, 9, 1, 23][27, 2, 29][13, 18, 19][14, 23][7, 27][7, 16][16, 28][15, 29] 
[22, 18, 0, 12, 8, 26][7, 14, 4, 24, 20][11, 25, 28, 17, 19][6, 5, 15, 10, 21][3, 9, 1, 23][13, 18, 19][27, 2, 29][14, 23][7, 16][16, 28][7, 27][15, 29] 
[22, 18, 0, 12, 8, 26][7, 14, 4, 24, 20][11, 25, 28, 17, 19][6, 5, 15, 10, 21][3, 9, 1, 23][13, 18, 19][27, 2, 29][14, 23][7, 16][16, 28][7, 27][15, 29] 
[22, 18, 0, 12, 8, 26][7, 14, 4, 24, 20][11, 25, 28, 17, 19][6, 5, 15, 10, 21][3, 9, 1, 23][27, 2, 29][13, 18, 19][14, 23][7, 27][7, 16][16, 28][15, 29] 
[22, 18, 0, 12, 8, 26][7, 14, 4, 24, 20][11, 25, 28, 17, 19][6, 5, 15, 10, 21][3, 9, 1, 23][27, 2, 29][13, 18, 19][14, 23][7, 27][7, 16][16, 28][15, 29] 
[22, 18, 0, 12, 8, 26][7, 14, 4, 24, 20][11, 25, 28, 17, 19][6, 5, 15, 10, 21][3, 9, 1, 23][27, 2, 29][13, 18, 19][14, 23][7, 27][7, 16][16, 28][15, 29] 
[22, 18, 0, 12, 8, 26][7, 14, 4, 24, 20][11, 25, 28, 17, 19][6, 5, 15, 10, 21][3, 9, 1, 23][27, 2, 29][13, 18, 19][14, 23][7, 27][7, 16][16, 28][15, 29] 
[22, 18, 0, 12, 8, 26][7, 14, 4, 24, 20][11, 25, 28, 17, 19][6, 5, 15, 10, 21][3, 9, 1, 23][27, 2, 29][13, 18, 19][14, 23][7, 27][7, 16][16, 28][15, 29] 
[22, 18, 0, 12, 8, 26][7, 14, 4, 24, 20][11, 25, 28, 17, 19][6, 5, 15, 10, 21][3, 9, 1, 23][13, 18, 19][27, 2, 29][14, 23][7, 16][16, 28][7, 27][15, 29] 
[22, 18, 0, 12, 8, 26][7, 14, 4, 24, 20][11, 25, 28, 17, 19][6, 5, 15, 10, 21][3, 9, 1, 23][27, 2, 29][13, 18, 19][14, 23][7, 27][7, 16][16, 28][15, 29] 
[22, 18, 0, 12, 8, 26][7, 14, 4, 24, 20][11, 25, 28, 17, 19][6, 5, 15, 10, 21][3, 9, 1, 23][27, 2, 29][13, 18, 19][7, 16][14, 23][7, 27][16, 28][15, 29] 
[22, 18, 0, 12, 8, 26][7, 14, 4, 24, 20][11, 25, 28, 17, 19][6, 5, 15, 10, 21][3, 9, 1, 23][13, 18, 19][27, 2, 29][14, 23][7, 16][16, 28][7, 27][15, 29] 
[22, 18, 0, 12, 8, 26][11, 25, 28, 17, 19][7, 14, 4, 24, 20][5, 15, 10, 21, 6][3, 9, 1, 23][13, 18, 19][27, 2, 29][16, 28][7, 16][14, 23][7, 27][2, 6] 
[22, 18, 0, 12, 8, 26][5, 15, 10, 21, 6][7, 14, 4, 24, 20][11, 25, 28, 17, 19][3, 9, 1, 23][27, 2, 29][13, 18, 19][2, 6][7, 27][7, 16][14, 23][16, 28] 
[22, 18, 0, 12, 8, 26][11, 25, 28, 17, 19][7, 14, 4, 24, 20][5, 15, 10, 21, 6][3, 9, 1, 23][13, 18, 19][27, 2, 29][16, 28][7, 16][14, 23][7, 27][2, 6] 
[22, 18, 0, 12, 8, 26][7, 14, 4, 24, 20][11, 25, 28, 17, 19][5, 15, 10, 21, 6][3, 9, 1, 23][27, 2, 29][13, 18, 19][7, 16][14, 23][7, 27][16, 28][2, 6] 
[22, 18, 0, 12, 8, 26][7, 14, 4, 24, 20][11, 25, 28, 17, 19][5, 15, 10, 21, 6][3, 9, 1, 23][27, 2, 29][13, 18, 19][7, 16][14, 23][7, 27][16, 28][2, 6] 
[22, 18, 0, 12, 8, 26][11, 25, 28, 17, 19][7, 14, 4, 24, 20][5, 15, 10, 21, 6][3, 9, 1, 23][13, 18, 19][27, 2, 29][16, 28][7, 16][14, 23][7, 27][2, 6] 
[22, 18, 0, 12, 8, 26][7, 14, 4, 24, 20][11, 25, 28, 17, 19][6, 5, 15, 10, 21][3, 9, 1, 23][27, 2, 29][13, 18, 19][7, 16][14, 23][7, 27][16, 28][15, 29] 
[22, 18, 0, 12, 8, 26][6, 5, 15, 10, 21][7, 14, 4, 24, 20][11, 25, 28, 17, 19][3, 9, 1, 23][27, 2, 29][13, 18, 19][15, 29][7, 27][14, 23][7, 16][16, 28] 
[22, 18, 0, 12, 8, 26][7, 14, 4, 24, 20][11, 25, 28, 17, 19][6, 5, 15, 10, 21][3, 9, 1, 23][27, 2, 29][13, 18, 19][14, 23][7, 27][7, 16][16, 28][15, 29] 
[22, 18, 0, 12, 8, 26][11, 25, 28, 17, 19][7, 14, 4, 24, 20][6, 5, 15, 10, 21][3, 9, 1, 23][13, 18, 19][27, 2, 29][16, 28][7, 16][7, 27][14, 23][15, 29] 
[22, 18, 0, 12, 8, 26][7, 14, 4, 24, 20][11, 25, 28, 17, 19][6, 5, 15, 10, 21][3, 9, 1, 23][13, 18, 19][27, 2, 29][14, 23][7, 16][16, 28][7, 27][15, 29] 
[22, 18, 0, 12, 8, 26][7, 14, 4, 24, 20][11, 25, 28, 17, 19][6, 5, 15, 10, 21][3, 9, 1, 23][27, 2, 29][13, 18, 19][2, 6][7, 27][7, 16][14, 23][16, 28] 
[22, 18, 0, 12, 8, 26][7, 14, 4, 24, 20][11, 25, 28, 17, 19][6, 5, 15, 10, 21][3, 9, 1, 23][27, 2, 29][13, 18, 19][14, 23][7, 27][7, 16][16, 28][15, 29] 
[22, 18, 0, 12, 8, 26][11, 25, 28, 17, 19][7, 14, 4, 24, 20][5, 15, 10, 21, 6][3, 9, 1, 23][13, 18, 19][27, 2, 29][16, 28][7, 16][7, 27][14, 23][2, 6] 
[22, 18, 0, 12, 8, 26][7, 14, 4, 24, 20][11, 25, 28, 17, 19][5, 15, 10, 21, 6][3, 9, 1, 23][13, 18, 19][27, 2, 29][7, 16][14, 23][16, 28][7, 27][2, 6] 
[22, 18, 0, 12, 8, 26][5, 15, 10, 21, 6][7, 14, 4, 24, 20][11, 25, 28, 17, 19][3, 9, 1, 23][27, 2, 29][13, 18, 19][2, 6][7, 27][7, 16][14, 23][16, 28] 
[22, 18, 0, 12, 8, 26][5, 15, 10, 21, 6][7, 14, 4, 24, 20][11, 25, 28, 17, 19][3, 9, 1, 23][27, 2, 29][13, 18, 19][2, 6][7, 27][7, 16][14, 23][16, 28] 
[22, 18, 0, 12, 8, 26][5, 15, 10, 21, 6][7, 14, 4, 24, 20][11, 25, 28, 17, 19][3, 9, 1, 23][27, 2, 29][13, 18, 19][2, 6][7, 27][7, 16][14, 23][16, 28] 
[22, 18, 0, 12, 8, 26][5, 15, 10, 21, 6][7, 14, 4, 24, 20][11, 25, 28, 17, 19][3, 9, 1, 23][27, 2, 29][13, 18, 19][2, 6][7, 27][7, 16][14, 23][16, 28] 
[22, 18, 0, 12, 8, 26][5, 15, 10, 21, 6][7, 14, 4, 24, 20][11, 25, 28, 17, 19][3, 9, 1, 23][27, 2, 29][13, 18, 19][2, 6][7, 27][14, 23][7, 16][16, 28] 
[22, 18, 0, 12, 8, 26][5, 15, 10, 21, 6][7, 14, 4, 24, 20][11, 25, 28, 17, 19][3, 9, 1, 23][27, 2, 29][13, 18, 19][2, 6][7, 27][7, 16][14, 23][16, 28] 
[22, 18, 0, 12, 8, 26][5, 15, 10, 21, 6][7, 14, 4, 24, 20][11, 25, 28, 17, 19][3, 9, 1, 23][27, 2, 29][13, 18, 19][2, 6][7, 27][7, 16][14, 23][16, 28] 
[22, 18, 0, 12, 8, 26][5, 15, 10, 21, 6][7, 14, 4, 24, 20][11, 25, 28, 17, 19][3, 9, 1, 23][27, 2, 29][13, 18, 19][2, 6][7, 27][7, 16][14, 23][16, 28] 
[22, 18, 0, 12, 8, 26][7, 14, 4, 24, 20][5, 15, 10, 21, 6][11, 25, 28, 17, 19][3, 9, 1, 23][27, 2, 29][13, 18, 19][14, 23][7, 27][2, 6][7, 16][16, 28] 
[22, 18, 0, 12, 8, 26][5, 15, 10, 21, 6][7, 14, 4, 24, 20][11, 25, 28, 17, 19][3, 9, 1, 23][27, 2, 29][13, 18, 19][2, 6][7, 27][7, 16][14, 23][16, 28] 
[22, 18, 0, 12, 8, 26][7, 14, 4, 24, 20][11, 25, 28, 17, 19][5, 15, 10, 21, 6][3, 9, 1, 23][13, 18, 19][27, 2, 29][7, 16][14, 23][16, 28][7, 27][2, 6] 
[22, 18, 0, 12, 8, 26][5, 15, 10, 21, 6][7, 14, 4, 24, 20][11, 25, 28, 17, 19][3, 9, 1, 23][27, 2, 29][13, 18, 19][2, 6][7, 27][7, 16][14, 23][16, 28] 
[22, 18, 0, 12, 8, 26][5, 15, 10, 21, 6][7, 14, 4, 24, 20][11, 25, 28, 17, 19][3, 9, 1, 23][27, 2, 29][13, 18, 19][2, 6][7, 27][7, 16][14, 23][16, 28] 
[21, 10, 15, 5, 6, 2, 29][22, 18, 0, 12, 8, 26][11, 25, 28, 17, 19][7, 14, 4, 24, 20][3, 9, 1, 23][18, 19][16, 28][7, 16][14, 23][7, 27][2, 27][13, 18] 
[21, 10, 15, 5, 6, 2, 29][22, 18, 0, 12, 8, 26][11, 25, 28, 17, 19][7, 14, 4, 24, 20][3, 9, 1, 23][18, 19][16, 28][7, 16][14, 23][7, 27][2, 27][13, 18] 
[21, 10, 15, 5, 6, 2, 29][22, 18, 0, 12, 8, 26][11, 25, 28, 17, 19][7, 14, 4, 24, 20][3, 9, 1, 23][18, 19][16, 28][7, 16][14, 23][7, 27][2, 27][13, 18] 
[21, 10, 15, 5, 6, 2, 29][22, 18, 0, 12, 8, 26][11, 25, 28, 17, 19][7, 14, 4, 24, 20][3, 9, 1, 23][18, 19][16, 28][7, 16][14, 23][7, 27][2, 27][13, 18] 
[21, 10, 15, 5, 6, 2, 29][22, 18, 0, 12, 8, 26][11, 25, 28, 17, 19][7, 14, 4, 24, 20][3, 9, 1, 23][18, 19][16, 28][7, 16][14, 23][7, 27][2, 27][13, 18] 
[21, 10, 15, 5, 6, 2, 29][22, 18, 0, 12, 8, 26][7, 14, 4, 24, 20][11, 25, 28, 17, 19][3, 9, 1, 23][13, 18, 19][7, 27][2, 27][7, 16][16, 28][14, 23][2, 6] 
[22, 18, 0, 12, 8, 26][7, 14, 4, 24, 20][5, 15, 10, 21, 6][11, 25, 28, 17, 19][3, 9, 1, 23][27, 2, 29][13, 18, 19][7, 27][15, 29][7, 16][16, 28][14, 23] 
[22, 18, 0, 12, 8, 26][7, 14, 4, 24, 20][5, 15, 10, 21, 6][11, 25, 28, 17, 19][3, 9, 1, 23][27, 2, 29][13, 18, 19][7, 27][15, 29][7, 16][16, 28][14, 23] 
[22, 18, 0, 12, 8, 26][7, 14, 4, 24, 20][5, 15, 10, 21, 6][11, 25, 28, 17, 19][3, 9, 1, 23][27, 2, 29][13, 18, 19][7, 27][15, 29][7, 16][16, 28][14, 23] 
[22, 18, 0, 12, 8, 26][5, 15, 10, 21, 6][7, 14, 4, 24, 20][11, 25, 28, 17, 19][3, 9, 1, 23][27, 2, 29][13, 18, 19][15, 29][7, 27][7, 16][14, 23][16, 28] 
[22, 18, 0, 12, 8, 26][7, 14, 4, 24, 20][5, 15, 10, 21, 6][11, 25, 28, 17, 19][3, 9, 1, 23][27, 2, 29][13, 18, 19][7, 27][15, 29][7, 16][16, 28][14, 23] 
[22, 18, 0, 12, 8, 26][11, 25, 28, 17, 19][7, 14, 4, 24, 20][5, 15, 10, 21, 6][3, 9, 1, 23][13, 18, 19][27, 2, 29][16, 28][7, 16][14, 23][7, 27][2, 6] 
[22, 18, 0, 12, 8, 26][7, 14, 4, 24, 20][5, 15, 10, 21, 6][11, 25, 28, 17, 19][3, 9, 1, 23][27, 2, 29][13, 18, 19][7, 27][15, 29][7, 16][16, 28][14, 23] 
