[13, 18, 12, 17, 0, 28][3, 9, 23, 1, 24, 20][6, 5, 21, 15, 27][22, 19, 8, 26][4, 14, 11, 25][16, 10, 2, 29][8, 12][22, 25][4, 7][7, 16][7, 20][27, 29] 
[13, 18, 12, 17, 0, 28][3, 9, 23, 1, 24, 20][6, 5, 21, 15, 27][22, 19, 8, 26][4, 14, 11, 25][7, 16, 10][10, 2, 29][8, 12][22, 25][9, 14][7, 20][27, 29] 
[3, 9, 23, 1, 24, 20][6, 5, 21, 15, 27][4, 14, 11, 25][22, 19, 8, 26][8, 12, 0, 28][13, 18, 12, 17][10, 2, 29][7, 16, 10][27, 29][7, 20][4, 7][22, 25] 
[3, 9, 23, 1, 24, 20][6, 5, 21, 15, 27][4, 14, 11, 25][22, 19, 8, 26][8, 12, 0, 28][13, 18, 12, 17][10, 2, 29][7, 16, 10][27, 29][7, 20][4, 7][22, 25] 
[3, 9, 23, 1, 24, 20][13, 18, 12, 17, 0, 28][6, 5, 21, 15, 27][16, 10, 2, 29][4, 14, 11, 25][22, 19, 8, 26][7, 16][27, 29][7, 20][4, 7][22, 25][8, 12] 
[13, 18, 12, 17, 0, 28][3, 9, 23, 1, 24, 20][6, 5, 21, 15, 27][22, 19, 8, 26][4, 14, 11, 25][7, 16, 10][10, 2, 29][8, 12][22, 25][4, 7][27, 29][7, 20] 
[3, 9, 23, 1, 24, 20][13, 18, 12, 17, 0, 28][6, 5, 21, 15, 27][4, 14, 11, 25][22, 19, 8, 26][7, 16, 10][10, 2, 29][9, 14][7, 20][27, 29][22, 25][8, 12] 
[3, 9, 23, 1, 24, 20][13, 18, 12, 17, 0, 28][6, 5, 21, 15, 27][2, 10, 16, 7][4, 14, 11, 25][22, 19, 8, 26][2, 29][27, 29][4, 7][7, 20][22, 25][8, 12] 
[3, 9, 23, 1, 24, 20][13, 18, 12, 17, 0, 28][6, 5, 21, 15, 27][4, 14, 11, 25][22, 19, 8, 26][10, 2, 29][7, 16, 10][27, 29][7, 20][4, 7][22, 25][8, 12] 
[3, 9, 23, 1, 24, 20][13, 18, 12, 17, 0, 28][6, 5, 21, 15, 27][4, 14, 11, 25][22, 19, 8, 26][7, 16, 10][10, 2, 29][22, 25][4, 7][7, 20][27, 29][8, 12] 
[13, 18, 12, 17, 0, 28][3, 9, 23, 1, 24, 20][6, 5, 21, 15, 27][22, 19, 8, 26][4, 14, 11, 25][16, 10, 2, 29][8, 12][22, 25][4, 7][7, 16][7, 20][27, 29] 
[3, 9, 23, 1, 24, 20][13, 18, 12, 17, 0, 28][6, 5, 21, 15, 27][4, 14, 11, 25][22, 19, 8, 26][7, 16, 10][10, 2, 29][9, 14][7, 20][27, 29][22, 25][8, 12] 
[3, 9, 23, 1, 24, 20][6, 5, 21, 15, 27][4, 14, 11, 25][22, 19, 8, 26][8, 12, 0, 28][13, 18, 12, 17][10, 2, 29][7, 16, 10][27, 29][4, 7][22, 25][7, 20] 
[13, 18, 12, 17, 0, 28][3, 9, 23, 1, 24, 20][6, 5, 21, 15, 27][4, 14, 11, 25][22, 19, 8, 26][16, 10, 2, 29][22, 25][8, 12][4, 7][7, 16][27, 29][7, 20] 
[3, 9, 23, 1, 24, 20][13, 18, 12, 17, 0, 28][6, 5, 21, 15, 27][4, 14, 11, 25][22, 19, 8, 26][7, 16, 10][10, 2, 29][4, 7][7, 20][22, 25][8, 12][27, 29] 
[3, 9, 23, 1, 24, 20][13, 18, 12, 17, 0, 28][6, 5, 21, 15, 27][2, 10, 16, 7][4, 14, 11, 25][22, 19, 8, 26][2, 29][27, 29][4, 7][7, 20][22, 25][8, 12] 
[13, 18, 12, 17, 0, 28][3, 9, 23, 1, 24, 20][6, 5, 21, 15, 27][22, 19, 8, 26][4, 14, 11, 25][16, 10, 2, 29][8, 12][22, 25][4, 7][7, 16][7, 20][27, 29] 
[3, 9, 23, 1, 24, 20][13, 18, 12, 17, 0, 28][6, 5, 21, 15, 27][4, 14, 11, 25][22, 19, 8, 26][7, 16, 10][10, 2, 29][9, 14][7, 20][27, 29][22, 25][8, 12] 
[13, 18, 12, 17, 0, 28][3, 9, 23, 1, 24, 20][6, 5, 21, 15, 27][22, 19, 8, 26][4, 14, 11, 25][16, 10, 2, 29][8, 12][22, 25][4, 7][7, 16][7, 20][27, 29] 
[13, 18, 12, 17, 0, 28][3, 9, 23, 1, 24, 20][6, 5, 21, 15, 27][22, 19, 8, 26][4, 14, 11, 25][16, 10, 2, 29][8, 12][22, 25][4, 7][7, 16][7, 20][27, 29] 
[3, 9, 23, 1, 24, 20][13, 18, 12, 17, 0, 28][6, 5, 21, 15, 27][16, 10, 2, 29][4, 14, 11, 25][22, 19, 8, 26][7, 20][7, 16][4, 7][27, 29][22, 25][8, 12] 
[3, 9, 23, 1, 24, 20][13, 18, 12, 17, 0, 28][6, 5, 21, 15, 27][22, 19, 8, 26][4, 14, 11, 25][7, 16, 10][10, 2, 29][22, 25][9, 14][8, 12][7, 20][27, 29] 
[3, 9, 23, 1, 24, 20][6, 5, 21, 15, 27][4, 14, 11, 25][22, 19, 8, 26][8, 12, 0, 28][13, 18, 12, 17][7, 16, 10][10, 2, 29][7, 20][27, 29][4, 7][22, 25] 
[13, 18, 12, 17, 0, 28][3, 9, 23, 1, 24, 20][6, 5, 21, 15, 27][22, 19, 8, 26][4, 14, 11, 25][16, 10, 2, 29][8, 12][22, 25][4, 7][7, 16][7, 20][27, 29] 
[3, 9, 23, 1, 24, 20][13, 18, 12, 17, 0, 28][6, 5, 21, 15, 27][4, 14, 11, 25][22, 19, 8, 26][7, 16, 10][10, 2, 29][4, 7][7, 20][22, 25][8, 12][27, 29] 
[3, 9, 23, 1, 24, 20][13, 18, 12, 17, 0, 28][6, 5, 21, 15, 27][2, 10, 16, 7][4, 14, 11, 25][22, 19, 8, 26][2, 29][27, 29][4, 7][7, 20][22, 25][8, 12] 
[3, 9, 23, 1, 24, 20][13, 18, 12, 17, 0, 28][6, 5, 21, 15, 27][16, 10, 2, 29][4, 14, 11, 25][22, 19, 8, 26][27, 29][7, 16][7, 20][4, 7][22, 25][8, 12] 
[3, 9, 23, 1, 24, 20][13, 18, 12, 17, 0, 28][6, 5, 21, 15, 27][4, 14, 11, 25][22, 19, 8, 26][7, 16, 10][10, 2, 29][27, 29][7, 20][4, 7][22, 25][8, 12] 
[13, 18, 12, 17, 0, 28][3, 9, 23, 1, 24, 20][6, 5, 21, 15, 27][22, 19, 8, 26][4, 14, 11, 25][16, 10, 2, 29][8, 12][22, 25][4, 7][7, 16][7, 20][27, 29] 
[13, 18, 12, 17, 0, 28][3, 9, 23, 1, 24, 20][6, 5, 21, 15, 27][4, 14, 11, 25][22, 19, 8, 26][16, 10, 2, 29][22, 25][8, 12][4, 7][7, 16][27, 29][7, 20] 
[13, 18, 12, 17, 0, 28][3, 9, 23, 1, 24, 20][6, 5, 21, 15, 27][22, 19, 8, 26][4, 14, 11, 25][16, 10, 2, 29][8, 12][22, 25][4, 7][7, 16][7, 20][27, 29] 
[3, 9, 23, 1, 24, 20][13, 18, 12, 17, 0, 28][6, 5, 21, 15, 27][4, 14, 11, 25][22, 19, 8, 26][7, 16, 10][10, 2, 29][7, 20][4, 7][22, 25][8, 12][27, 29] 
[13, 18, 12, 17, 0, 28][3, 9, 23, 1, 24, 20][6, 5, 21, 15, 27][22, 19, 8, 26][4, 14, 11, 25][16, 10, 2, 29][8, 12][22, 25][4, 7][7, 16][7, 20][27, 29] 
[13, 18, 12, 17, 0, 28][3, 9, 23, 1, 24, 20][6, 5, 21, 15, 27][22, 19, 8, 26][4, 14, 11, 25][16, 10, 2, 29][7, 16, 10][8, 12][22, 25][4, 7][7, 20][27, 29] 
[13, 18, 12, 17, 0, 28][3, 9, 23, 1, 24, 20][6, 5, 21, 15, 27][22, 19, 8, 26][4, 14, 11, 25][16, 10, 2, 29][8, 12][22, 25][4, 7][7, 16][7, 20][27, 29] 
[15, 16, 10, 21, 5, 6, 13, 0, 26, 8, 12, 22, 17, 19, 18][4, 14, 23, 9, 3, 24, 7, 25, 28, 17][11, 3, 23, 1, 9, 14, 20][10, 2, 29][8, 12][8, 26][27, 29][7, 25][8, 12][8, 12][9, 14][8, 26] 
[15, 16, 10, 21, 5, 6, 13, 0, 26, 8, 12, 22, 17, 19, 18][4, 14, 23, 9, 3, 24, 7, 25, 28, 17][11, 3, 23, 1, 9, 14, 20][10, 2, 29][8, 12][8, 26][27, 29][7, 25][8, 12][8, 12][9, 14][8, 26] 
[15, 16, 10, 21, 5, 6, 13, 0, 26, 8, 12, 22, 17, 19, 18][3, 24, 7, 25, 28, 17, 22, 18, 19, 8, 12, 0, 26][9, 23, 1, 24, 20, 14, 4, 7, 2, 27][8, 12, 22, 17][2, 29][4, 14][3, 11][7, 25][8, 12][8, 26][8, 26][7, 25] 
[15, 16, 10, 21, 5, 6, 13, 0, 26, 8, 12, 22, 17, 19, 18][11, 3, 23, 1, 9, 14, 20][3, 24, 7, 25, 28, 17][10, 2, 29][8, 26][27, 29][8, 26][7, 25][8, 26][8, 12][8, 26][4, 14] 
[15, 16, 10, 21, 5, 6, 13, 0, 26, 8, 12, 22, 17, 19, 18][11, 3, 23, 1, 9, 14, 20][3, 24, 7, 25, 28, 17][10, 2, 29][8, 26][27, 29][8, 26][7, 25][8, 26][8, 12][8, 26][4, 14] 
[18, 19, 17, 22, 12, 8, 26, 0, 13, 6, 5, 21][1, 4, 24, 14, 9, 3, 23, 20, 7, 16, 10][10, 2, 29][14, 11, 25][21, 15, 27][27, 29][0, 28][8, 26][8, 12][8, 12][7, 20][8, 26] 
[15, 16, 10, 21, 5, 6, 13, 0, 26, 8, 12, 22, 17, 19, 18][3, 24, 7, 25, 28, 17, 22, 18, 19, 8, 12, 0, 26][9, 23, 1, 24, 20, 14, 4, 7, 2, 27][22, 19, 8, 26][2, 29][4, 14][3, 11][7, 25][8, 12][8, 12][8, 26][7, 25] 
[15, 16, 10, 21, 5, 6, 13, 0, 26, 8, 12, 22, 17, 19, 18][3, 24, 7, 25, 28, 17, 22, 18, 19, 8, 12, 0, 26][9, 23, 1, 24, 20, 14, 4, 7, 2, 27][22, 19, 8, 26][2, 29][4, 14][3, 11][7, 25][8, 12][8, 12][8, 26][7, 25] 
[15, 16, 10, 21, 5, 6, 13, 0, 26, 8, 12, 22, 17, 19, 18][11, 3, 23, 1, 9, 14, 20][3, 24, 7, 25, 28, 17][10, 2, 29][8, 26][27, 29][8, 26][7, 25][8, 26][8, 12][8, 26][4, 14] 
[15, 16, 10, 21, 5, 6, 13, 0, 26, 8, 12, 22, 17, 19, 18][4, 14, 23, 9, 3, 24, 7, 25, 28, 17][11, 3, 23, 1, 9, 14, 20][6, 10, 2, 29][27, 29][7, 24][8, 12][7, 25][8, 26][8, 12][8, 12][7, 25] 
[15, 16, 10, 21, 5, 6, 13, 0, 26, 8, 12, 22, 17, 19][9, 23, 1, 24, 20, 14, 4, 7, 2, 27][3, 24, 7, 25, 28, 17, 22, 18][2, 29][4, 14][3, 11][7, 25][8, 12][8, 12][8, 26][8, 26][7, 25] 
[15, 16, 10, 21, 5, 6, 13, 0, 26, 8, 12, 22, 17, 19, 18][9, 23, 1, 24, 20, 14, 4, 7, 2, 27][3, 24, 7, 25, 28, 17, 22, 18][2, 29][4, 14][3, 11][7, 25][8, 12][8, 12][8, 26][8, 26][7, 25] 
[15, 16, 10, 21, 5, 6, 13, 0, 26, 8, 12, 22, 17, 19, 18][11, 3, 23, 1, 9, 14, 20][3, 24, 7, 25, 28, 17][10, 2, 29][8, 26][27, 29][8, 26][7, 25][8, 26][8, 12][8, 26][4, 14] 
[15, 16, 10, 21, 5, 6, 13, 0, 26, 8, 12, 22, 17, 19][9, 23, 1, 24, 20, 14, 4, 7, 2, 27][3, 24, 7, 25, 28, 17, 22, 18][2, 29][4, 14][3, 11][7, 25][8, 12][8, 12][8, 26][8, 26][7, 25] 
[15, 16, 10, 21, 5, 6, 13, 0, 26, 8, 12, 22, 17, 19, 18][9, 23, 1, 24, 20, 14, 4, 7, 2, 27][3, 24, 7, 25, 28, 17, 22, 18][2, 29][4, 14][3, 11][7, 25][8, 12][8, 12][8, 26][8, 26][7, 25] 
[15, 16, 10, 21, 5, 6, 13, 0, 26, 8, 12, 22, 17, 19, 18][4, 14, 23, 9, 3, 24, 7, 25, 28, 17][11, 3, 23, 1, 9, 14, 20][10, 2, 29][27, 29][8, 12][8, 12][8, 26][8, 26][8, 26][7, 25][8, 26] 
[15, 16, 10, 21, 5, 6, 13, 0, 26, 8, 12, 22, 17, 19, 18][4, 14, 23, 9, 3, 24, 7, 25, 28, 17, 18][11, 3, 23, 1, 9, 14, 20][10, 2, 29][8, 12][8, 26][27, 29][7, 25][8, 12][8, 12][9, 14][8, 26] 
[15, 16, 10, 21, 5, 6, 13, 0, 26, 8, 12, 22, 17, 19, 18][9, 23, 1, 24, 20, 14, 4, 7, 2, 27][3, 24, 7, 25, 28, 17][2, 29][4, 14][3, 11][7, 25][8, 12][8, 12][8, 26][8, 26][7, 25] 
[15, 16, 10, 21, 5, 6, 13, 0, 26, 8, 12, 22, 17, 19, 18][4, 14, 23, 9, 3, 24, 7, 25, 28, 17][11, 3, 23, 1, 9, 14, 20][10, 2, 29][27, 29][8, 12][8, 12][8, 26][8, 26][8, 26][7, 25][8, 26] 
[15, 16, 10, 21, 5, 6, 13, 0, 26, 8, 12, 22, 17, 19, 18][4, 14, 23, 9, 3, 24, 7, 25, 28, 17][11, 3, 23, 1, 9, 14, 20][10, 2, 29][27, 29][8, 12][8, 12][8, 26][8, 26][8, 26][7, 25][8, 26] 
[15, 16, 10, 21, 5, 6, 13, 0, 26, 8, 12, 22, 17, 19, 18][4, 14, 23, 9, 3, 24, 7, 25, 28, 17][11, 3, 23, 1, 9, 14, 20][10, 2, 29][27, 29][8, 12][8, 12][8, 26][8, 26][8, 26][7, 25][8, 26] 
[3, 9, 23, 1, 24, 20][13, 18, 12, 17, 0, 28][6, 5, 21, 15, 27][4, 14, 11, 25][22, 19, 8, 26][10, 2, 29][7, 16, 10][27, 29][4, 7][22, 25][7, 20][8, 12] 
[3, 9, 23, 1, 24, 20][13, 18, 12, 17, 0, 28][6, 5, 21, 15, 27][4, 14, 11, 25][22, 19, 8, 26][7, 16, 10][10, 2, 29][4, 7][7, 20][22, 25][8, 12][27, 29] 
[3, 9, 23, 1, 24, 20][13, 18, 12, 17, 0, 28][6, 5, 21, 15, 27][4, 14, 11, 25][22, 19, 8, 26][7, 16, 10][10, 2, 29][27, 29][7, 20][4, 7][22, 25][8, 12] 
[3, 9, 23, 1, 24, 20][13, 18, 12, 17, 0, 28][6, 5, 21, 15, 27][4, 14, 11, 25][22, 19, 8, 26][7, 16, 10][10, 2, 29][27, 29][7, 20][4, 7][22, 25][8, 12] 
[3, 9, 23, 1, 24, 20][13, 18, 12, 17, 0, 28][6, 5, 21, 15, 27][4, 14, 11, 25][22, 19, 8, 26][7, 16, 10][10, 2, 29][4, 7][27, 29][7, 20][22, 25][8, 12] 
[13, 18, 12, 17, 0, 28][3, 9, 23, 1, 24, 20][6, 5, 21, 15, 27][4, 14, 11, 25][22, 19, 8, 26][7, 16, 10][10, 2, 29][22, 25][8, 12][4, 7][27, 29][7, 20] 
[3, 9, 23, 1, 24, 20][13, 18, 12, 17, 0, 28][6, 5, 21, 15, 27][4, 14, 11, 25][22, 19, 8, 26][7, 16, 10][10, 2, 29][4, 7][7, 20][22, 25][8, 12][27, 29] 
[3, 9, 23, 1, 24, 20][13, 18, 12, 17, 0, 28][6, 5, 21, 15, 27][4, 14, 11, 25][22, 19, 8, 26][7, 16, 10][10, 2, 29][27, 29][7, 20][4, 7][22, 25][8, 12] 
[3, 9, 23, 1, 24, 20][13, 18, 12, 17, 0, 28][6, 5, 21, 15, 27][4, 14, 11, 25][22, 19, 8, 26][7, 16, 10][10, 2, 29][4, 7][27, 29][7, 20][22, 25][8, 12] 
[3, 9, 23, 1, 24, 20][13, 18, 12, 17, 0, 28][6, 5, 21, 15, 27][4, 14, 11, 25][22, 19, 8, 26][7, 16, 10][10, 2, 29][27, 29][7, 20][4, 7][22, 25][8, 12] 
[3, 9, 23, 1, 24, 20][13, 18, 12, 17, 0, 28][6, 5, 21, 15, 27][4, 14, 11, 25][22, 19, 8, 26][7, 16, 10][10, 2, 29][7, 20][4, 7][22, 25][8, 12][27, 29] 
[3, 9, 23, 1, 24, 20][13, 18, 12, 17, 0, 28][6, 5, 21, 15, 27][4, 14, 11, 25][22, 19, 8, 26][7, 16, 10][10, 2, 29][7, 20][4, 7][27, 29][22, 25][8, 12] 
[3, 9, 23, 1, 24, 20][13, 18, 12, 17, 0, 28][6, 5, 21, 15, 27][4, 14, 11, 25][22, 19, 8, 26][7, 16, 10][10, 2, 29][27, 29][7, 20][4, 7][22, 25][8, 12] 
[3, 9, 23, 1, 24, 20][13, 18, 12, 17, 0, 28][6, 5, 21, 15, 27][4, 14, 11, 25][22, 19, 8, 26][7, 16, 10][10, 2, 29][27, 29][7, 20][4, 7][22, 25][8, 12] 
[13, 18, 12, 17, 0, 28][3, 9, 23, 1, 24, 20][6, 5, 21, 15, 27][22, 19, 8, 26][4, 14, 11, 25][7, 16, 10][10, 2, 29][8, 12][22, 25][4, 7][27, 29][7, 20] 
[3, 9, 23, 1, 24, 20][13, 18, 12, 17, 0, 28][6, 5, 21, 15, 27][4, 14, 11, 25][22, 19, 8, 26][16, 10, 2, 29][7, 16, 10][22, 25][4, 7][7, 20][27, 29][8, 12] 
[13, 18, 12, 17, 0, 28][3, 9, 23, 1, 24, 20][6, 5, 21, 15, 27][22, 19, 8, 26][4, 14, 11, 25][16, 10, 2, 29][8, 12][22, 25][4, 7][7, 16][7, 20][27, 29] 
[13, 18, 12, 17, 0, 28][3, 9, 23, 1, 24, 20][6, 5, 21, 15, 27][22, 19, 8, 26][4, 14, 11, 25][16, 10, 2, 29][8, 12][22, 25][4, 7][7, 16][7, 20][27, 29] 
[13, 18, 12, 17, 0, 28][3, 9, 23, 1, 24, 20][6, 5, 21, 15, 27][22, 19, 8, 26][4, 14, 11, 25][16, 10, 2, 29][8, 12][22, 25][4, 7][7, 16][7, 20][27, 29] 
[3, 9, 23, 1, 24, 20][13, 18, 12, 17, 0, 28][6, 5, 21, 15, 27][16, 10, 2, 29][4, 14, 11, 25][22, 19, 8, 26][7, 20][7, 16][4, 7][27, 29][22, 25][8, 12] 
[20, 7, 24, 1, 3, 9, 23][13, 18, 12, 17, 0, 28][6, 5, 21, 15, 27][22, 19, 8, 26][4, 14, 11, 25][2, 10, 16][8, 12][22, 25][9, 14][7, 16][2, 29][27, 29] 
[3, 9, 23, 1, 24, 20][13, 18, 12, 17, 0, 28][6, 5, 21, 15, 27][4, 14, 11, 25][22, 19, 8, 26][10, 2, 29][7, 16, 10][27, 29][4, 7][7, 20][22, 25][8, 12] 
[3, 9, 23, 1, 24, 20][13, 18, 12, 17, 0, 28][6, 5, 21, 15, 27][4, 14, 11, 25][22, 19, 8, 26][7, 16, 10][10, 2, 29][7, 20][4, 7][27, 29][22, 25][8, 12] 
[3, 9, 23, 1, 24, 20][13, 18, 12, 17, 0, 28][6, 5, 21, 15, 27][4, 14, 11, 25][22, 19, 8, 26][7, 16, 10][10, 2, 29][22, 25][4, 7][7, 20][27, 29][8, 12] 
[3, 9, 23, 1, 24, 20][13, 18, 12, 17, 0, 28][6, 5, 21, 15, 27][4, 14, 11, 25][22, 19, 8, 26][7, 16, 10][10, 2, 29][22, 25][4, 7][7, 20][27, 29][8, 12] 
[13, 18, 12, 17, 0, 28][3, 9, 23, 1, 24, 20][6, 5, 21, 15, 27][22, 19, 8, 26][4, 14, 11, 25][7, 16, 10][10, 2, 29][8, 12][22, 25][4, 7][27, 29][7, 20] 
[3, 9, 23, 1, 24, 20][13, 18, 12, 17, 0, 28][6, 5, 21, 15, 27][16, 10, 2, 29][4, 14, 11, 25][22, 19, 8, 26][7, 20][7, 16][4, 7][27, 29][22, 25][8, 12] 
[3, 9, 23, 1, 24, 20][13, 18, 12, 17, 0, 28][6, 5, 21, 15, 27][4, 14, 11, 25][22, 19, 8, 26][10, 2, 29][7, 16, 10][27, 29][4, 7][7, 20][22, 25][8, 12] 
[3, 9, 23, 1, 24, 20][13, 18, 12, 17, 0, 28][6, 5, 21, 15, 27][16, 10, 2, 29][4, 14, 11, 25][22, 19, 8, 26][7, 20][7, 16][4, 7][27, 29][22, 25][8, 12] 
[13, 18, 12, 17, 0, 28][3, 9, 23, 1, 24, 20][6, 5, 21, 15, 27][22, 19, 8, 26][4, 14, 11, 25][16, 10, 2, 29][8, 12][22, 25][4, 7][7, 16][7, 20][27, 29] 
[3, 9, 23, 1, 24, 20][13, 18, 12, 17, 0, 28][6, 5, 21, 15, 27][16, 10, 2, 29][4, 14, 11, 25][22, 19, 8, 26][7, 20][7, 16][27, 29][4, 7][22, 25][8, 12] 
[3, 9, 23, 1, 24, 20][13, 18, 12, 17, 0, 28][6, 5, 21, 15, 27][4, 14, 11, 25][22, 19, 8, 26][16, 10, 2, 29][7, 16, 10][4, 7][7, 20][22, 25][8, 12][27, 29] 
[3, 9, 23, 1, 24, 20][13, 18, 12, 17, 0, 28][6, 5, 21, 15, 27][16, 10, 2, 29][4, 14, 11, 25][22, 19, 8, 26][7, 20][7, 16][27, 29][4, 7][22, 25][8, 12] 
[3, 9, 23, 1, 24, 20][13, 18, 12, 17, 0, 28][6, 5, 21, 15, 27][4, 14, 11, 25][22, 19, 8, 26][16, 10, 2, 29][7, 16, 10][4, 7][7, 20][22, 25][8, 12][27, 29] 
[13, 18, 12, 17, 0, 28][3, 9, 23, 1, 24, 20][6, 5, 21, 15, 27][22, 19, 8, 26][4, 14, 11, 25][16, 10, 2, 29][8, 12][22, 25][4, 7][7, 16][7, 20][27, 29] 
[13, 18, 12, 17, 0, 28][3, 9, 23, 1, 24, 20][6, 5, 21, 15, 27][22, 19, 8, 26][4, 14, 11, 25][16, 10, 2, 29][7, 16, 10][8, 12][22, 25][4, 7][7, 20][27, 29] 
[3, 9, 23, 1, 24, 20][13, 18, 12, 17, 0, 28][6, 5, 21, 15, 27][16, 10, 2, 29][4, 14, 11, 25][22, 19, 8, 26][7, 16, 10][27, 29][7, 20][4, 7][22, 25][8, 12] 
[13, 18, 12, 17, 0, 28][3, 9, 23, 1, 24, 20][6, 5, 21, 15, 27][22, 19, 8, 26][4, 14, 11, 25][16, 10, 2, 29][8, 12][22, 25][4, 7][7, 16][7, 20][27, 29] 
[3, 9, 23, 1, 24, 20][13, 18, 12, 17, 0, 28][6, 5, 21, 15, 27][16, 10, 2, 29][4, 14, 11, 25][22, 19, 8, 26][7, 20][7, 16][4, 7][27, 29][22, 25][8, 12] 
[3, 9, 23, 1, 24, 20][13, 18, 12, 17, 0, 28][6, 5, 21, 15, 27][16, 10, 2, 29][4, 14, 11, 25][22, 19, 8, 26][7, 20][7, 16][4, 7][27, 29][22, 25][8, 12] 
[13, 18, 12, 17, 0, 28][3, 9, 23, 1, 24, 20][6, 5, 21, 15, 27][22, 19, 8, 26][4, 14, 11, 25][16, 10, 2, 29][8, 12][22, 25][4, 7][7, 16][7, 20][27, 29] 
[13, 18, 12, 17, 0, 28][3, 9, 23, 1, 24, 20][6, 5, 21, 15, 27][22, 19, 8, 26][4, 14, 11, 25][16, 10, 2, 29][8, 12][22, 25][4, 7][7, 16][7, 20][27, 29] 
[3, 9, 23, 1, 24, 20][13, 18, 12, 17, 0, 28][6, 5, 21, 15, 27][16, 10, 2, 29][4, 14, 11, 25][22, 19, 8, 26][7, 20][7, 16][4, 7][27, 29][22, 25][8, 12] 
[3, 9, 23, 1, 24, 20][13, 18, 12, 17, 0, 28][7, 16, 10, 2, 29][6, 5, 21, 15, 27][4, 14, 11, 25][22, 19, 8, 26][10, 16][27, 29][7, 20][4, 7][22, 25][8, 12] 
[3, 9, 23, 1, 24, 20][13, 18, 12, 17, 0, 28][7, 16, 10, 2, 29][6, 5, 21, 15, 27][4, 14, 11, 25][22, 19, 8, 26][10, 16][27, 29][7, 20][4, 7][22, 25][8, 12] 
[13, 18, 12, 17, 0, 28][3, 9, 23, 1, 24, 20][7, 16, 10, 2, 29][6, 5, 21, 15, 27][22, 19, 8, 26][4, 14, 11, 25][22, 25][8, 12][4, 7][2, 10][7, 20][27, 29] 
[3, 9, 23, 1, 24, 20][13, 18, 12, 17, 0, 28][7, 16, 10, 2, 29][6, 5, 21, 15, 27][4, 14, 11, 25][22, 19, 8, 26][10, 16][27, 29][7, 20][4, 7][22, 25][8, 12] 
[13, 18, 12, 17, 0, 28][3, 9, 23, 1, 24, 20][7, 16, 10, 2, 29][6, 5, 21, 15, 27][22, 19, 8, 26][4, 14, 11, 25][22, 25][8, 12][4, 7][2, 10][7, 20][27, 29] 
[20, 7, 24, 1, 3, 9, 23][13, 18, 12, 17, 0, 28][6, 5, 21, 15, 27][22, 19, 8, 26][4, 14, 11, 25][16, 10, 2, 29][15, 27, 29][8, 12][22, 25][4, 7][7, 16][2, 10] 
[3, 9, 23, 1, 24, 20][13, 18, 12, 17, 0, 28][6, 5, 21, 15, 27][16, 10, 2, 29][4, 14, 11, 25][22, 19, 8, 26][7, 20][7, 16][4, 7][27, 29][22, 25][8, 12] 
[3, 9, 23, 1, 24, 20][13, 18, 12, 17, 0, 28][6, 5, 21, 15, 27][4, 14, 11, 25][22, 19, 8, 26][16, 10, 2, 29][4, 7][7, 16][7, 20][22, 25][8, 12][27, 29] 
[13, 18, 12, 17, 0, 28][3, 9, 23, 1, 24, 20][6, 5, 21, 15, 27][22, 19, 8, 26][4, 14, 11, 25][16, 10, 2, 29][8, 12][22, 25][4, 7][7, 16][7, 20][27, 29] 
[13, 18, 12, 17, 0, 28][3, 9, 23, 1, 24, 20][6, 5, 21, 15, 27][22, 19, 8, 26][4, 14, 11, 25][16, 10, 2, 29][8, 12][22, 25][4, 7][7, 16][7, 20][27, 29] 
[3, 9, 23, 1, 24, 20][13, 18, 12, 17, 0, 28][6, 5, 21, 15, 27][16, 10, 2, 29][4, 14, 11, 25][22, 19, 8, 26][7, 20][7, 16][4, 7][27, 29][22, 25][8, 12] 
[3, 9, 23, 1, 24, 20][13, 18, 12, 17, 0, 28][6, 5, 21, 15, 27][16, 10, 2, 29][4, 14, 11, 25][22, 19, 8, 26][7, 16, 10][27, 29][7, 20][4, 7][22, 25][8, 12] 
[13, 18, 12, 17, 0, 28][3, 9, 23, 1, 24, 20][6, 5, 21, 15, 27][4, 14, 11, 25][22, 19, 8, 26][7, 16, 10][10, 2, 29][22, 25][8, 12][4, 7][27, 29][7, 20] 
