[15, 21, 5, 6, 10, 27][13, 0, 22, 12, 18][4, 24, 23, 9, 14][20, 7, 2, 29][17, 19, 8, 26][0, 28, 16][3, 11, 25][3, 1, 23][7, 10][7, 28][12, 17][25, 28] 
[15, 21, 5, 6, 10, 27][4, 24, 23, 9, 14][13, 0, 22, 12, 18][20, 7, 2, 29][1, 3, 11, 25][17, 19, 8, 26][0, 28, 16][7, 10][20, 24][1, 23][25, 28][12, 17] 
[15, 21, 5, 6, 10, 27][14, 20, 7, 2, 29][13, 0, 22, 12, 18][4, 24, 23, 9][1, 3, 11, 25][17, 19, 8, 26][0, 28, 16][1, 23][20, 24][25, 28][12, 17][7, 10] 
[15, 21, 5, 6, 10, 27][13, 0, 22, 12, 18][14, 20, 7, 2, 29][17, 19, 8, 26][4, 24, 23, 9][0, 28, 16][3, 11, 25][3, 1, 23][12, 17][25, 28][20, 24][7, 10] 
[15, 21, 5, 6, 10, 27][13, 0, 22, 12, 18][4, 24, 23, 9, 14][20, 7, 2, 29][17, 19, 8, 26][1, 3, 11, 25][0, 28, 16][7, 28][7, 10][12, 17][20, 24][25, 28] 
[15, 21, 5, 6, 10, 27][13, 0, 22, 12, 18][14, 20, 7, 2, 29][17, 19, 8, 26][4, 24, 23, 9][1, 3, 11, 25][0, 28, 16][12, 17][7, 28][7, 10][1, 23][25, 28] 
[15, 21, 5, 6, 10, 27][13, 0, 22, 12, 18][14, 20, 7, 2, 29][17, 19, 8, 26][4, 24, 23, 9][1, 3, 11, 25][0, 28, 16][12, 17][7, 28][7, 10][1, 23][25, 28] 
[15, 21, 5, 6, 10, 27][13, 0, 22, 12, 18][4, 24, 23, 9, 14][20, 7, 2, 29][17, 19, 8, 26][1, 3, 11, 25][0, 28, 16][7, 28][7, 10][12, 17][20, 24][25, 28] 
[15, 21, 5, 6, 10, 27][13, 0, 22, 12, 18][4, 24, 23, 9, 14][20, 7, 2, 29][1, 3, 11, 25][17, 19, 8, 26][0, 28, 16][7, 28][25, 28][7, 10][12, 17][1, 23] 
[15, 21, 5, 6, 10, 27][13, 0, 22, 12, 18][4, 24, 23, 9, 14][20, 7, 2, 29][17, 19, 8, 26][1, 3, 11, 25][0, 28, 16][7, 28][7, 10][12, 17][20, 24][25, 28] 
[15, 21, 5, 6, 10, 27][13, 0, 22, 12, 18][4, 24, 23, 9, 14][20, 7, 2, 29][17, 19, 8, 26][0, 28, 16][3, 11, 25][3, 1, 23][7, 10][7, 28][12, 17][25, 28] 
[15, 21, 5, 6, 10, 27][4, 24, 23, 9, 14][13, 0, 22, 12, 18][20, 7, 2, 29][1, 3, 11, 25][17, 19, 8, 26][0, 28, 16][7, 10][20, 24][1, 23][25, 28][12, 17] 
[15, 21, 5, 6, 10, 27][14, 20, 7, 2, 29][13, 0, 22, 12, 18][4, 24, 23, 9][1, 3, 11, 25][17, 19, 8, 26][0, 28, 16][1, 23][20, 24][25, 28][12, 17][7, 10] 
[15, 21, 5, 6, 10, 27][13, 0, 22, 12, 18][4, 24, 23, 9, 14][20, 7, 2, 29][17, 19, 8, 26][1, 3, 11, 25][0, 28, 16][7, 28][7, 10][12, 17][20, 24][25, 28] 
[15, 21, 5, 6, 10, 27][13, 0, 22, 12, 18][14, 20, 7, 2, 29][17, 19, 8, 26][4, 24, 23, 9][1, 3, 11, 25][0, 28, 16][12, 17][7, 28][7, 10][1, 23][25, 28] 
[15, 21, 5, 6, 10, 27][13, 0, 22, 12, 18][4, 24, 23, 9, 14][20, 7, 2, 29][17, 19, 8, 26][1, 3, 11, 25][0, 28, 16][7, 28][7, 10][12, 17][20, 24][25, 28] 
[15, 21, 5, 6, 10, 27][13, 0, 22, 12, 18][4, 24, 23, 9, 14][20, 7, 2, 29][17, 19, 8, 26][0, 28, 16][3, 11, 25][3, 1, 23][7, 10][7, 28][12, 17][25, 28] 
[15, 21, 5, 6, 10, 27][4, 24, 23, 9, 14][13, 0, 22, 12, 18][1, 3, 11, 25][17, 19, 8, 26][20, 7, 2, 29][0, 28, 16][1, 23][25, 28][12, 17][20, 24][7, 10] 
[15, 21, 5, 6, 10, 27][13, 0, 22, 12, 18][4, 24, 23, 9, 14][20, 7, 2, 29][17, 19, 8, 26][1, 3, 11, 25][0, 28, 16][7, 28][7, 10][12, 17][20, 24][25, 28] 
[15, 21, 5, 6, 10, 27][4, 24, 23, 9, 14][13, 0, 22, 12, 18][17, 19, 8, 26][20, 7, 2, 29][3, 11, 25][0, 28, 16][3, 1, 23][25, 28][12, 17][7, 28][7, 10] 
[15, 21, 5, 6, 10, 27][13, 0, 22, 12, 18][4, 24, 23, 9, 14][20, 7, 2, 29][17, 19, 8, 26][0, 28, 16][3, 11, 25][3, 1, 23][7, 10][7, 28][12, 17][25, 28] 
[15, 21, 5, 6, 10, 27][4, 24, 23, 9, 14][13, 0, 22, 12, 18][20, 7, 2, 29][1, 3, 11, 25][17, 19, 8, 26][0, 28, 16][7, 10][20, 24][1, 23][25, 28][12, 17] 
[15, 21, 5, 6, 10, 27][14, 20, 7, 2, 29][13, 0, 22, 12, 18][4, 24, 23, 9][1, 3, 11, 25][17, 19, 8, 26][0, 28, 16][1, 23][20, 24][25, 28][12, 17][7, 10] 
[15, 21, 5, 6, 10, 27][13, 0, 22, 12, 18][4, 24, 23, 9, 14][20, 7, 2, 29][17, 19, 8, 26][1, 3, 11, 25][0, 28, 16][7, 28][7, 10][12, 17][20, 24][25, 28] 
[15, 21, 5, 6, 10, 27][13, 0, 22, 12, 18][14, 20, 7, 2, 29][17, 19, 8, 26][4, 24, 23, 9][1, 3, 11, 25][0, 28, 16][12, 17][7, 28][7, 10][1, 23][25, 28] 
[15, 21, 5, 6, 10, 27][13, 0, 22, 12, 18][4, 24, 23, 9, 14][20, 7, 2, 29][17, 19, 8, 26][1, 3, 11, 25][0, 28, 16][7, 28][7, 10][12, 17][20, 24][25, 28] 
[15, 21, 5, 6, 10, 27][13, 0, 22, 12, 18][4, 24, 23, 9, 14][20, 7, 2, 29][17, 19, 8, 26][0, 28, 16][3, 11, 25][3, 1, 23][7, 10][7, 28][12, 17][25, 28] 
[15, 21, 5, 6, 10, 27][4, 24, 23, 9, 14][13, 0, 22, 12, 18][20, 7, 2, 29][1, 3, 11, 25][17, 19, 8, 26][0, 28, 16][7, 10][20, 24][1, 23][25, 28][12, 17] 
[15, 21, 5, 6, 10, 27][13, 0, 22, 12, 18][4, 24, 23, 9, 14][20, 7, 2, 29][17, 19, 8, 26][1, 3, 11, 25][0, 28, 16][7, 28][7, 10][12, 17][20, 24][25, 28] 
[15, 21, 5, 6, 10, 27][13, 0, 22, 12, 18][4, 24, 23, 9, 14][20, 7, 2, 29][17, 19, 8, 26][0, 28, 16][3, 11, 25][3, 1, 23][7, 28][12, 17][7, 10][25, 28] 
[15, 21, 5, 6, 10, 27][13, 0, 22, 12, 18][4, 24, 23, 9, 14][20, 7, 2, 29][17, 19, 8, 26][0, 28, 16][3, 11, 25][3, 1, 23][7, 10][7, 28][25, 28][12, 17] 
[15, 21, 5, 6, 10, 27][4, 24, 23, 9, 14][13, 0, 22, 12, 18][1, 3, 11, 25][17, 19, 8, 26][20, 7, 2, 29][0, 28, 16][1, 23][25, 28][12, 17][20, 24][7, 10] 
[15, 21, 5, 6, 10, 27][13, 0, 22, 12, 18][4, 24, 23, 9, 14][20, 7, 2, 29][17, 19, 8, 26][1, 3, 11, 25][0, 28, 16][7, 28][7, 10][12, 17][20, 24][25, 28] 
[15, 21, 5, 6, 10, 27][4, 24, 23, 9, 14][13, 0, 22, 12, 18][20, 7, 2, 29][17, 19, 8, 26][3, 1, 23][3, 11, 25][0, 28, 16][25, 28][7, 28][7, 10][12, 17] 
[15, 21, 5, 6, 10, 27][13, 0, 22, 12, 18][4, 24, 23, 9, 14][20, 7, 2, 29][17, 19, 8, 26][0, 28, 16][3, 11, 25][3, 1, 23][7, 10][7, 28][25, 28][12, 17] 
[10, 29, 2, 15, 27, 7, 16, 28, 17, 11, 25, 0, 13][5, 6, 16, 27, 7, 4, 20, 24, 1, 14, 9, 3, 23][0, 26, 8, 19, 12, 22][11, 25][13, 18][5, 21][11, 25][8, 26][8, 26][8, 26][20, 24][8, 26] 
[10, 21, 5, 6, 16, 27, 7, 4, 20, 24, 1, 14, 9, 3, 23][0, 25, 11, 17, 28, 16, 7, 27, 15, 2, 29][0, 26, 8, 19, 12, 22][13, 18, 19][11, 25][5, 21][11, 25][8, 26][8, 26][8, 26][20, 24][8, 26] 
[21, 5, 6, 16, 27, 7, 4, 20, 24, 1, 14, 9, 3, 23][0, 25, 11, 17, 28, 16, 7, 27, 15, 2, 29, 10][12, 8, 26, 0, 17, 19, 18, 13][0, 26, 8, 19, 12, 22][11, 25][5, 21][11, 25][8, 26][8, 26][8, 26][20, 24][8, 26] 
[5, 6, 16, 27, 7, 4, 20, 24, 1, 14, 9, 3, 23][0, 25, 11, 17, 28, 16, 7, 27, 15, 2, 29][0, 26, 8, 19, 12, 22][13, 18, 19][8, 26][10, 29][5, 21][11, 25][8, 26][8, 26][11, 25][8, 26] 
[3, 9, 14, 1, 24, 20, 4, 7, 27, 16, 6, 5, 21][0, 25, 11, 17, 28, 16, 7, 27, 15, 2, 29, 10][3, 23, 20, 14, 4, 24, 7, 25, 11][0, 26, 8, 19, 12, 22][13, 18, 19][11, 25][5, 21][8, 26][8, 26][8, 26][20, 24][8, 26] 
[10, 29, 2, 15, 27, 7, 16, 28, 17, 11, 25, 0, 13][4, 20, 24, 1, 14, 9, 3, 23][0, 26, 8, 19, 12, 22][4, 7, 27, 16, 6, 5][8, 26][13, 18][8, 26][11, 25][8, 26][5, 21][11, 25][8, 26] 
[21, 5, 6, 16, 27, 7, 4, 20, 24, 1, 14, 9, 3, 23][0, 25, 11, 17, 28, 16, 7, 27, 15, 2, 29, 10][0, 26, 8, 19, 12, 22][13, 18, 19][0, 26, 8][11, 25][5, 21][11, 25][8, 26][8, 26][20, 24][8, 26] 
[10, 21, 5, 6, 16, 27, 7, 4, 20, 24, 1, 14, 9, 3, 23][0, 25, 11, 17, 28, 16, 7, 27, 15, 2, 29, 10][0, 26, 8, 19, 12, 22][13, 18, 19][0, 26, 8][11, 25][5, 21][11, 25][8, 26][8, 26][20, 24][8, 26] 
[5, 6, 16, 27, 7, 4, 20, 24, 1, 14, 9, 3, 23][0, 25, 11, 17, 28, 16, 7, 27, 15, 2, 29][0, 26, 8, 19, 12, 22][13, 18, 19][8, 26][10, 29][5, 21][11, 25][8, 26][8, 26][11, 25][8, 26] 
[21, 5, 6, 16, 27, 7, 4, 20, 24, 1, 14, 9, 3, 23][0, 25, 11, 17, 28, 16, 7, 27, 15, 2, 29, 10][0, 26, 8, 19, 12, 22][13, 18, 19][0, 26, 8][11, 25][5, 21][11, 25][8, 26][8, 26][20, 24][8, 26] 
[10, 21, 5, 6, 16, 27, 7, 4, 20, 24, 1, 14, 9, 3, 23][0, 25, 11, 17, 28, 16, 7, 27, 15, 2, 29, 10][0, 26, 8, 19, 12, 22][13, 18, 19][11, 25][5, 21][11, 25][8, 26][8, 26][8, 26][20, 24][8, 26] 
[10, 21, 5, 6, 16, 27, 7, 4, 20, 24, 1, 14, 9, 3, 23][0, 25, 11, 17, 28, 16, 7, 27, 15, 2, 29][0, 26, 8, 19, 12, 22][13, 18, 19][11, 25][5, 21][11, 25][8, 26][8, 26][8, 26][20, 24][8, 26] 
[21, 5, 6, 16, 27, 7, 4, 20, 24, 1, 14, 9, 3, 23][0, 25, 11, 17, 28, 16, 7, 27, 15, 2, 29, 10][3, 23, 20, 14, 4, 24, 7, 25, 11][0, 26, 8, 19, 12, 22][13, 18, 19][11, 25][5, 21][8, 26][8, 26][8, 26][20, 24][8, 26] 
[21, 5, 6, 16, 27, 7, 4, 20, 24, 1, 14, 9, 3, 23][0, 25, 11, 17, 28, 16, 7, 27, 15, 2, 29, 10][0, 26, 8, 19, 12, 22][13, 18, 19][11, 25][5, 21][11, 25][8, 26][8, 26][8, 26][20, 24][8, 26] 
[10, 21, 5, 6, 16, 27, 7, 4, 20, 24, 1, 14, 9, 3, 23][0, 25, 11, 17, 28, 16, 7, 27, 15, 2, 29][0, 26, 8, 19, 12, 22][13, 18, 19][11, 25][5, 21][11, 25][8, 26][8, 26][8, 26][20, 24][8, 26] 
[2, 21, 5, 6, 16, 27, 7, 4, 20, 24, 1, 14, 9, 3, 23][0, 25, 11, 17, 28, 16, 7, 27, 15, 2, 29, 10][0, 26, 8, 19, 12, 22][13, 18, 19][0, 26, 8][11, 25][5, 21][11, 25][8, 26][8, 26][20, 24][8, 26] 
[10, 21, 5, 6, 16, 27, 7, 4, 20, 24, 1, 14, 9, 3, 23][0, 25, 11, 17, 28, 16, 7, 27, 15, 2, 29][0, 26, 8, 19, 12, 22][13, 18, 19][11, 25][5, 21][11, 25][8, 26][8, 26][8, 26][20, 24][8, 26] 
[5, 6, 16, 27, 7, 4, 20, 24, 1, 14, 9, 3, 23][0, 25, 11, 17, 28, 16, 7, 27, 15, 2, 29, 10][0, 26, 8, 19, 12, 22][13, 18, 19][11, 25][5, 21][11, 25][8, 26][8, 26][8, 26][20, 24][8, 26] 
[2, 21, 5, 6, 16, 27, 7, 4, 20, 24, 1, 14, 9, 3, 23][0, 25, 11, 17, 28, 16, 7, 27, 15, 2, 29, 10][0, 26, 8, 19, 12, 22][13, 18, 19][0, 26, 8][11, 25][5, 21][11, 25][8, 26][8, 26][20, 24][8, 26] 
[21, 5, 6, 16, 27, 7, 4, 20, 24, 1, 14, 9, 3, 23][0, 25, 11, 17, 28, 16, 7, 27, 15, 2, 29, 10][0, 26, 8, 19, 12, 22][13, 18, 19][11, 25][5, 21][11, 25][8, 26][8, 26][8, 26][20, 24][8, 26] 
[21, 5, 6, 16, 27, 7, 4, 20, 24, 1, 14, 9, 3, 23][0, 25, 11, 17, 28, 16, 7, 27, 15, 2, 29, 10][0, 26, 8, 19, 12, 22][13, 18, 19][11, 25][5, 21][11, 25][8, 26][8, 26][8, 26][20, 24][8, 26] 
[15, 21, 5, 6, 10, 27][13, 0, 22, 12, 18][4, 24, 23, 9, 14][20, 7, 2, 29][1, 3, 11, 25][17, 19, 8, 26][0, 28, 16][7, 28][25, 28][7, 10][12, 17][1, 23] 
[15, 21, 5, 6, 10, 27][13, 0, 22, 12, 18][4, 24, 23, 9, 14][20, 7, 2, 29][1, 3, 11, 25][17, 19, 8, 26][0, 28, 16][7, 28][25, 28][7, 10][12, 17][1, 23] 
[15, 21, 5, 6, 10, 27][13, 0, 22, 12, 18][4, 24, 23, 9, 14][20, 7, 2, 29][1, 3, 11, 25][17, 19, 8, 26][0, 28, 16][7, 28][25, 28][7, 10][12, 17][1, 23] 
[15, 21, 5, 6, 10, 27][13, 0, 22, 12, 18][4, 24, 23, 9, 14][20, 7, 2, 29][1, 3, 11, 25][17, 19, 8, 26][0, 28, 16][7, 28][25, 28][7, 10][12, 17][1, 23] 
[15, 21, 5, 6, 10, 27][13, 0, 22, 12, 18][4, 24, 23, 9, 14][20, 7, 2, 29][1, 3, 11, 25][17, 19, 8, 26][0, 28, 16][7, 28][25, 28][7, 10][12, 17][1, 23] 
[15, 21, 5, 6, 10, 27][13, 0, 22, 12, 18][4, 24, 23, 9, 14][20, 7, 2, 29][1, 3, 11, 25][17, 19, 8, 26][0, 28, 16][7, 28][7, 10][25, 28][12, 17][1, 23] 
[15, 21, 5, 6, 10, 27][13, 0, 22, 12, 18][4, 24, 23, 9, 14][20, 7, 2, 29][1, 3, 11, 25][17, 19, 8, 26][0, 28, 16][7, 28][25, 28][7, 10][12, 17][1, 23] 
[15, 21, 5, 6, 10, 27][13, 0, 22, 12, 18][4, 24, 23, 9, 14][17, 19, 8, 26][1, 3, 11, 25][20, 7, 2, 29][0, 28, 16][12, 17][25, 28][7, 28][7, 10][1, 23] 
[15, 21, 5, 6, 10, 27][13, 0, 22, 12, 18][4, 24, 23, 9, 14][20, 7, 2, 29][1, 3, 11, 25][17, 19, 8, 26][0, 28, 16][7, 28][25, 28][7, 10][12, 17][1, 23] 
[15, 21, 5, 6, 10, 27][13, 0, 22, 12, 18][4, 24, 23, 9, 14][20, 7, 2, 29][1, 3, 11, 25][17, 19, 8, 26][0, 28, 16][7, 28][25, 28][7, 10][12, 17][1, 23] 
[15, 21, 5, 6, 10, 27][13, 0, 22, 12, 18][4, 24, 23, 9, 14][20, 7, 2, 29][1, 3, 11, 25][17, 19, 8, 26][0, 28, 16][7, 28][25, 28][7, 10][12, 17][1, 23] 
[15, 21, 5, 6, 10, 27][13, 0, 22, 12, 18][4, 24, 23, 9, 14][20, 7, 2, 29][1, 3, 11, 25][17, 19, 8, 26][0, 28, 16][7, 28][25, 28][7, 10][12, 17][1, 23] 
[15, 21, 5, 6, 10, 27][13, 0, 22, 12, 18][4, 24, 23, 9, 14][20, 7, 2, 29][1, 3, 11, 25][17, 19, 8, 26][0, 28, 16][7, 28][25, 28][7, 10][12, 17][1, 23] 
[15, 21, 5, 6, 10, 27][13, 0, 22, 12, 18][4, 24, 23, 9, 14][17, 19, 8, 26][1, 3, 11, 25][20, 7, 2, 29][0, 28, 16][12, 17][25, 28][7, 28][7, 10][1, 23] 
[15, 21, 5, 6, 10, 27][13, 0, 22, 12, 18][4, 24, 23, 9, 14][1, 3, 11, 25][17, 19, 8, 26][20, 7, 2, 29][0, 28, 16][25, 28][1, 23][12, 17][7, 28][7, 10] 
[15, 21, 5, 6, 10, 27][13, 0, 22, 12, 18][4, 24, 23, 9, 14][17, 19, 8, 26][20, 7, 2, 29][0, 28, 16][3, 11, 25][3, 1, 23][12, 17][25, 28][7, 28][7, 10] 
[15, 21, 5, 6, 10, 27][13, 0, 22, 12, 18][4, 24, 23, 9, 14][20, 7, 2, 29][17, 19, 8, 26][0, 28, 16][3, 11, 25][3, 1, 23][7, 10][7, 28][12, 17][25, 28] 
[15, 21, 5, 6, 10, 27][13, 0, 22, 12, 18][4, 24, 23, 9, 14][20, 7, 2, 29][17, 19, 8, 26][0, 28, 16][3, 11, 25][3, 1, 23][7, 10][7, 28][12, 17][25, 28] 
[15, 21, 5, 6, 10, 27][4, 24, 23, 9, 14][13, 0, 22, 12, 18][17, 19, 8, 26][20, 7, 2, 29][3, 11, 25][0, 28, 16][3, 1, 23][25, 28][12, 17][7, 28][7, 10] 
[15, 21, 5, 6, 10, 27][13, 0, 22, 12, 18][4, 24, 23, 9, 14][20, 7, 2, 29][17, 19, 8, 26][0, 28, 16][3, 11, 25][3, 1, 23][7, 10][7, 28][12, 17][25, 28] 
[15, 21, 5, 6, 10, 27][4, 24, 23, 9, 14][13, 0, 22, 12, 18][20, 7, 2, 29][17, 19, 8, 26][3, 1, 23][3, 11, 25][0, 28, 16][20, 24][7, 10][25, 28][12, 17] 
[15, 21, 5, 6, 10, 27][13, 0, 22, 12, 18][4, 24, 23, 9, 14][20, 7, 2, 29][1, 3, 11, 25][17, 19, 8, 26][0, 28, 16][7, 28][25, 28][7, 10][12, 17][1, 23] 
[15, 21, 5, 6, 10, 27][13, 0, 22, 12, 18][4, 24, 23, 9, 14][20, 7, 2, 29][1, 3, 11, 25][17, 19, 8, 26][0, 28, 16][7, 28][25, 28][7, 10][12, 17][1, 23] 
[15, 21, 5, 6, 10, 27][13, 0, 22, 12, 18][4, 24, 23, 9, 14][20, 7, 2, 29][1, 3, 11, 25][17, 19, 8, 26][0, 28, 16][7, 28][25, 28][7, 10][12, 17][1, 23] 
[15, 21, 5, 6, 10, 27][13, 0, 22, 12, 18][4, 24, 23, 9, 14][17, 19, 8, 26][1, 3, 11, 25][20, 7, 2, 29][0, 28, 16][12, 17][25, 28][7, 28][7, 10][1, 23] 
[15, 21, 5, 6, 10, 27][13, 0, 22, 12, 18][4, 24, 23, 9, 14][1, 3, 11, 25][17, 19, 8, 26][20, 7, 2, 29][0, 28, 16][25, 28][1, 23][12, 17][7, 28][7, 10] 
[15, 21, 5, 6, 10, 27][13, 0, 22, 12, 18][4, 24, 23, 9, 14][20, 7, 2, 29][17, 19, 8, 26][1, 3, 11, 25][0, 28, 16][7, 28][7, 10][12, 17][20, 24][25, 28] 
[15, 21, 5, 6, 10, 27][13, 0, 22, 12, 18][4, 24, 23, 9, 14][20, 7, 2, 29][1, 3, 11, 25][17, 19, 8, 26][0, 28, 16][7, 28][7, 10][25, 28][12, 17][1, 23] 
[15, 21, 5, 6, 10, 27][13, 0, 22, 12, 18][4, 24, 23, 9, 14][20, 7, 2, 29][17, 19, 8, 26][0, 28, 16][3, 11, 25][3, 1, 23][7, 10][7, 28][12, 17][25, 28] 
[15, 21, 5, 6, 10, 27][13, 0, 22, 12, 18][4, 24, 23, 9, 14][20, 7, 2, 29][17, 19, 8, 26][0, 28, 16][3, 11, 25][3, 1, 23][7, 10][7, 28][12, 17][25, 28] 
[15, 21, 5, 6, 10, 27][13, 0, 22, 12, 18][4, 24, 23, 9, 14][20, 7, 2, 29][17, 19, 8, 26][0, 28, 16][3, 11, 25][3, 1, 23][7, 10][7, 28][12, 17][25, 28] 
[15, 21, 5, 6, 10, 27][13, 0, 22, 12, 18][4, 24, 23, 9, 14][20, 7, 2, 29][17, 19, 8, 26][0, 28, 16][3, 11, 25][3, 1, 23][7, 10][7, 28][12, 17][25, 28] 
[15, 21, 5, 6, 10, 27][13, 0, 22, 12, 18][4, 24, 23, 9, 14][20, 7, 2, 29][17, 19, 8, 26][0, 28, 16][3, 11, 25][3, 1, 23][7, 10][7, 28][12, 17][25, 28] 
[15, 21, 5, 6, 10, 27][4, 24, 23, 9, 14][13, 0, 22, 12, 18][17, 19, 8, 26][20, 7, 2, 29][3, 11, 25][3, 1, 23][0, 28, 16][25, 28][12, 17][7, 28][7, 10] 
[15, 21, 5, 6, 10, 27][13, 0, 22, 12, 18][4, 24, 23, 9, 14][20, 7, 2, 29][17, 19, 8, 26][0, 28, 16][3, 11, 25][3, 1, 23][7, 10][7, 28][12, 17][25, 28] 
[15, 21, 5, 6, 10, 27][13, 0, 22, 12, 18][4, 24, 23, 9, 14][20, 7, 2, 29][17, 19, 8, 26][0, 28, 16][3, 11, 25][3, 1, 23][7, 10][7, 28][12, 17][25, 28] 
[15, 21, 5, 6, 10, 27][13, 0, 22, 12, 18][4, 24, 23, 9, 14][20, 7, 2, 29][17, 19, 8, 26][0, 28, 16][3, 11, 25][3, 1, 23][7, 10][7, 28][12, 17][25, 28] 
[15, 21, 5, 6, 10, 27][13, 0, 22, 12, 18][4, 24, 23, 9, 14][20, 7, 2, 29][17, 19, 8, 26][0, 28, 16][3, 11, 25][3, 1, 23][7, 10][7, 28][12, 17][25, 28] 
[15, 21, 5, 6, 10, 27][4, 24, 23, 9, 14][13, 0, 22, 12, 18][20, 7, 2, 29][17, 19, 8, 26][3, 1, 23][3, 11, 25][0, 28, 16][25, 28][7, 28][7, 10][12, 17] 
[15, 21, 5, 6, 10, 27][13, 0, 22, 12, 18][4, 24, 23, 9, 14][20, 7, 2, 29][17, 19, 8, 26][0, 28, 16][3, 11, 25][3, 1, 23][7, 10][7, 28][12, 17][25, 28] 
[15, 21, 5, 6, 10, 27][4, 24, 23, 9, 14][13, 0, 22, 12, 18][17, 19, 8, 26][20, 7, 2, 29][3, 11, 25][3, 1, 23][0, 28, 16][25, 28][12, 17][7, 28][7, 10] 
[15, 21, 5, 6, 10, 27][13, 0, 22, 12, 18][4, 24, 23, 9, 14][20, 7, 2, 29][17, 19, 8, 26][0, 28, 16][3, 11, 25][3, 1, 23][7, 10][7, 28][12, 17][25, 28] 
[15, 21, 5, 6, 10, 27][13, 0, 22, 12, 18][4, 24, 23, 9, 14][20, 7, 2, 29][17, 19, 8, 26][0, 28, 16][3, 11, 25][3, 1, 23][7, 10][7, 28][12, 17][25, 28] 
[15, 21, 5, 6, 10, 27][3, 1, 23, 24, 4][13, 0, 22, 12, 18][17, 19, 8, 26][20, 7, 2, 29][3, 11, 25][1, 14, 9][0, 28, 16][25, 28][12, 17][20, 24][7, 10] 
[15, 21, 5, 6, 10, 27][3, 1, 23, 24, 4][13, 0, 22, 12, 18][17, 19, 8, 26][20, 7, 2, 29][3, 11, 25][1, 14, 9][0, 28, 16][25, 28][12, 17][20, 24][7, 10] 
[15, 21, 5, 6, 10, 27][3, 1, 23, 24, 4][13, 0, 22, 12, 18][17, 19, 8, 26][20, 7, 2, 29][3, 11, 25][1, 14, 9][0, 28, 16][25, 28][12, 17][20, 24][7, 10] 
[15, 21, 5, 6, 10, 27][3, 1, 23, 24, 4][13, 0, 22, 12, 18][17, 19, 8, 26][20, 7, 2, 29][3, 11, 25][1, 14, 9][0, 28, 16][25, 28][12, 17][20, 24][7, 10] 
[15, 21, 5, 6, 10, 27][3, 1, 23, 24, 4][13, 0, 22, 12, 18][17, 19, 8, 26][20, 7, 2, 29][3, 11, 25][1, 14, 9][0, 28, 16][25, 28][12, 17][20, 24][7, 10] 
[15, 21, 5, 6, 10, 27][3, 1, 23, 24, 4][14, 20, 7, 2, 29][13, 0, 22, 12, 18][17, 19, 8, 26][3, 11, 25][1, 14, 9][0, 28, 16][25, 28][7, 10][12, 17][7, 20] 
[15, 21, 5, 6, 10, 27][13, 0, 22, 12, 18][4, 24, 23, 9, 14][20, 7, 2, 29][17, 19, 8, 26][1, 3, 11, 25][0, 28, 16][7, 28][7, 10][12, 17][20, 24][25, 28] 
[15, 21, 5, 6, 10, 27][13, 0, 22, 12, 18][4, 24, 23, 9, 14][20, 7, 2, 29][17, 19, 8, 26][1, 3, 11, 25][0, 28, 16][7, 28][7, 10][12, 17][20, 24][25, 28] 
[15, 21, 5, 6, 10, 27][13, 0, 22, 12, 18][4, 24, 23, 9, 14][20, 7, 2, 29][17, 19, 8, 26][1, 3, 11, 25][0, 28, 16][7, 28][7, 10][12, 17][20, 24][25, 28] 
[15, 21, 5, 6, 10, 27][13, 0, 22, 12, 18][4, 24, 23, 9, 14][20, 7, 2, 29][17, 19, 8, 26][1, 3, 11, 25][0, 28, 16][7, 28][7, 10][12, 17][20, 24][25, 28] 
[15, 21, 5, 6, 10, 27][13, 0, 22, 12, 18][4, 24, 23, 9, 14][20, 7, 2, 29][17, 19, 8, 26][1, 3, 11, 25][0, 28, 16][7, 28][7, 10][12, 17][20, 24][25, 28] 
[15, 21, 5, 6, 10, 27][13, 0, 22, 12, 18][4, 24, 23, 9, 14][20, 7, 2, 29][17, 19, 8, 26][0, 28, 16][3, 11, 25][3, 1, 23][7, 10][7, 28][12, 17][25, 28] 
[15, 21, 5, 6, 10, 27][13, 0, 22, 12, 18][4, 24, 23, 9, 14][20, 7, 2, 29][17, 19, 8, 26][1, 3, 11, 25][0, 28, 16][7, 28][7, 10][12, 17][20, 24][25, 28] 
