[7, 25, 22, 12, 18, 19, 8][5, 21, 2, 29, 27][9, 14, 23, 20, 24][26, 0, 17, 28][13, 6, 15, 16][4, 1, 3, 11][0, 13][0, 12][10, 15][11, 17][4, 24][2, 10] 
[7, 25, 22, 12, 18, 19, 8][5, 21, 2, 29, 27][4, 24, 20, 14, 11][13, 6, 15, 16][26, 0, 17, 28][3, 23, 1, 9][10, 15][2, 10][0, 13][11, 17][0, 12][14, 23] 
[7, 25, 22, 12, 18, 19, 8][4, 24, 20, 14, 11][5, 21, 2, 29, 27][26, 0, 17, 28][13, 6, 15, 16][3, 23, 1, 9][11, 17][14, 23][0, 13][10, 15][2, 10][0, 12] 
[7, 25, 22, 12, 18, 19, 8][4, 24, 20, 14, 11][5, 21, 2, 29, 27][3, 23, 1, 9][13, 6, 15, 16][0, 17, 28][12, 0, 26][14, 23][11, 17][0, 13][10, 15][2, 10] 
[7, 25, 22, 12, 18, 19, 8][4, 24, 20, 14, 11][5, 21, 2, 29, 27][26, 0, 17, 28][13, 6, 15, 16][3, 23, 1, 9][0, 12][0, 13][11, 17][10, 15][2, 10][9, 14] 
[7, 25, 22, 12, 18, 19, 8][4, 24, 20, 14, 11][5, 21, 2, 29, 27][26, 0, 17, 28][13, 6, 15, 16][3, 23, 1, 9][11, 17][14, 23][0, 13][10, 15][2, 10][0, 12] 
[7, 25, 22, 12, 18, 19, 8][4, 24, 20, 14, 11][5, 21, 2, 29, 27][26, 0, 17, 28][13, 6, 15, 16][3, 23, 1, 9][11, 17][14, 23][0, 13][10, 15][2, 10][0, 12] 
[7, 25, 22, 12, 18, 19, 8][4, 24, 20, 14, 11][5, 21, 2, 29, 27][26, 0, 17, 28][3, 23, 1, 9][13, 6, 15, 16][0, 12][11, 17][9, 14][0, 13][10, 15][2, 10] 
[7, 25, 22, 12, 18, 19, 8][4, 24, 20, 14, 11][5, 21, 2, 29, 27][26, 0, 17, 28][13, 6, 15, 16][3, 23, 1, 9][11, 17][14, 23][0, 13][10, 15][2, 10][0, 12] 
[7, 25, 22, 12, 18, 19, 8][4, 24, 20, 14, 11][5, 21, 2, 29, 27][3, 23, 1, 9][26, 0, 17, 28][13, 6, 15, 16][9, 14][11, 17][0, 12][0, 13][10, 15][2, 10] 
[7, 25, 22, 12, 18, 19, 8][5, 21, 2, 29, 27][9, 14, 23, 20, 24][26, 0, 17, 28][13, 6, 15, 16][4, 1, 3, 11][0, 13][0, 12][10, 15][11, 17][4, 24][2, 10] 
[7, 25, 22, 12, 18, 19, 8][4, 24, 20, 14, 11][5, 21, 2, 29, 27][26, 0, 17, 28][13, 6, 15, 16][3, 23, 1, 9][11, 17][14, 23][0, 13][10, 15][2, 10][0, 12] 
[7, 25, 22, 12, 18, 19, 8][4, 24, 20, 14, 11][5, 21, 2, 29, 27][26, 0, 17, 28][13, 6, 15, 16][3, 23, 1, 9][11, 17][14, 23][0, 13][10, 15][2, 10][0, 12] 
[7, 25, 22, 12, 18, 19, 8][4, 24, 20, 14, 11][5, 21, 2, 29, 27][26, 0, 17, 28][13, 6, 15, 16][3, 23, 1, 9][11, 17][0, 13][10, 15][0, 12][9, 14][2, 10] 
[7, 25, 22, 12, 18, 19, 8][4, 24, 20, 14, 11][5, 21, 2, 29, 27][26, 0, 17, 28][13, 6, 15, 16][3, 23, 1, 9][0, 12][0, 13][11, 17][10, 15][14, 23][2, 10] 
[7, 25, 22, 12, 18, 19, 8][4, 24, 20, 14, 11][5, 21, 2, 29, 27][3, 23, 1, 9][26, 0, 17, 28][13, 6, 15, 16][9, 14][11, 17][0, 12][0, 13][10, 15][2, 10] 
[7, 25, 22, 12, 18, 19, 8][5, 21, 2, 29, 27][9, 14, 23, 20, 24][26, 0, 17, 28][13, 6, 15, 16][4, 1, 3, 11][0, 13][0, 12][10, 15][11, 17][4, 24][2, 10] 
[7, 25, 22, 12, 18, 19, 8][4, 24, 20, 14, 11][5, 21, 2, 29, 27][26, 0, 17, 28][13, 6, 15, 16][3, 23, 1, 9][11, 17][14, 23][0, 13][10, 15][2, 10][0, 12] 
[7, 25, 22, 12, 18, 19, 8][4, 24, 20, 14, 11][5, 21, 2, 29, 27][26, 0, 17, 28][13, 6, 15, 16][3, 23, 1, 9][11, 17][0, 13][10, 15][0, 12][9, 14][2, 10] 
[7, 25, 22, 12, 18, 19, 8][5, 21, 2, 29, 27][9, 14, 23, 20, 24][13, 6, 15, 16][26, 0, 17, 28][4, 1, 3, 11][2, 10][10, 15][0, 13][11, 17][4, 24][0, 12] 
[7, 25, 22, 12, 18, 19, 8][5, 21, 2, 29, 27][9, 14, 23, 20, 24][26, 0, 17, 28][13, 6, 15, 16][4, 1, 3, 11][0, 13][0, 12][10, 15][11, 17][4, 24][2, 10] 
[7, 25, 22, 12, 18, 19, 8][4, 24, 20, 14, 11][5, 21, 2, 29, 27][26, 0, 17, 28][13, 6, 15, 16][3, 23, 1, 9][11, 17][14, 23][0, 13][10, 15][2, 10][0, 12] 
[7, 25, 22, 12, 18, 19, 8][4, 24, 20, 14, 11][5, 21, 2, 29, 27][26, 0, 17, 28][13, 6, 15, 16][3, 23, 1, 9][11, 17][14, 23][0, 13][10, 15][2, 10][0, 12] 
[7, 25, 22, 12, 18, 19, 8][4, 24, 20, 14, 11][5, 21, 2, 29, 27][3, 23, 1, 9][26, 0, 17, 28][13, 6, 15, 16][9, 14][11, 17][0, 13][0, 12][10, 15][2, 10] 
[7, 25, 22, 12, 18, 19, 8][4, 24, 20, 14, 11][5, 21, 2, 29, 27][26, 0, 17, 28][13, 6, 15, 16][3, 23, 1, 9][11, 17][14, 23][0, 13][10, 15][2, 10][0, 12] 
[7, 25, 22, 12, 18, 19, 8][4, 24, 20, 14, 11][5, 21, 2, 29, 27][3, 23, 1, 9][26, 0, 17, 28][13, 6, 15, 16][9, 14][11, 17][0, 12][0, 13][10, 15][2, 10] 
[7, 25, 22, 12, 18, 19, 8][5, 21, 2, 29, 27][9, 14, 23, 20, 24][26, 0, 17, 28][13, 6, 15, 16][4, 1, 3, 11][0, 13][0, 12][10, 15][11, 17][4, 24][2, 10] 
[7, 25, 22, 12, 18, 19, 8][4, 24, 20, 14, 11][5, 21, 2, 29, 27][26, 0, 17, 28][13, 6, 15, 16][3, 23, 1, 9][11, 17][14, 23][0, 13][10, 15][2, 10][0, 12] 
[7, 25, 22, 12, 18, 19, 8][4, 24, 20, 14, 11][5, 21, 2, 29, 27][3, 23, 1, 9][26, 0, 17, 28][13, 6, 15, 16][9, 14][11, 17][0, 12][0, 13][10, 15][2, 10] 
[7, 25, 22, 12, 18, 19, 8][5, 21, 2, 29, 27][9, 14, 23, 20, 24][26, 0, 17, 28][13, 6, 15, 16][4, 1, 3, 11][0, 13][0, 12][10, 15][11, 17][4, 24][2, 10] 
[7, 25, 22, 12, 18, 19, 8][5, 21, 2, 29, 27][9, 14, 23, 20, 24][26, 0, 17, 28][13, 6, 15, 16][4, 1, 3, 11][0, 13][0, 12][10, 15][11, 17][4, 24][2, 10] 
[7, 25, 22, 12, 18, 19, 8][4, 24, 20, 14, 11][5, 21, 2, 29, 27][26, 0, 17, 28][13, 6, 15, 16][3, 23, 1, 9][11, 17][14, 23][0, 13][10, 15][2, 10][0, 12] 
[7, 25, 22, 12, 18, 19, 8][4, 24, 20, 14, 11][5, 21, 2, 29, 27][3, 23, 1, 9][26, 0, 17, 28][13, 6, 15, 16][9, 14][11, 17][0, 12][0, 13][10, 15][2, 10] 
[7, 25, 22, 12, 18, 19, 8][5, 21, 2, 29, 27][9, 14, 23, 20, 24][26, 0, 17, 28][13, 6, 15, 16][4, 1, 3, 11][0, 13][0, 12][10, 15][11, 17][4, 24][2, 10] 
[7, 25, 22, 12, 18, 19, 8][5, 21, 2, 29, 27][9, 14, 23, 20, 24][26, 0, 17, 28][13, 6, 15, 16][4, 1, 3, 11][0, 13][0, 12][10, 15][11, 17][4, 24][2, 10] 
[15, 27, 29, 2, 21, 5, 6, 13, 0, 26, 8, 12, 19, 22][1, 14, 11, 3, 9, 23, 24, 20, 4, 7][16, 28, 25, 11, 17, 18, 19][20, 24][17, 18][10, 21][5, 21][11, 14][11, 14][3, 9][3, 9][20, 24] 
[15, 27, 29, 2, 21, 5, 6, 13, 0, 26, 8, 12, 19, 22][1, 14, 11, 3, 9, 23, 24, 20, 4, 7][16, 28, 25, 11, 17, 18, 19][20, 24][17, 18][10, 21][5, 21][11, 14][11, 14][3, 9][3, 9][20, 24] 
[15, 27, 29, 2, 21, 5, 6, 13, 0, 26, 8, 12, 19, 22][1, 14, 11, 3, 9, 23, 24, 20, 4, 7][16, 28, 25, 11, 17, 18, 19][10, 21][20, 24][20, 24][17, 18][3, 9][3, 9][3, 9][11, 14][3, 9] 
[15, 27, 29, 2, 21, 5, 6, 13, 0, 26, 8, 12, 19, 22][1, 14, 11, 3, 9, 23, 24, 20, 4, 7][19, 18, 17, 11, 25, 28][20, 24][16, 28][10, 21][17, 18][11, 14][11, 14][11, 14][3, 9][3, 9] 
[15, 27, 29, 2, 21, 5, 6, 13, 0, 26, 8, 12, 19, 22][1, 14, 11, 3, 9, 23, 24, 20, 4, 7][19, 18, 17, 11, 25, 28][20, 24][16, 28][10, 21][17, 18][11, 14][11, 14][11, 14][3, 9][3, 9] 
[15, 27, 29, 2, 21, 5, 6, 13, 0, 26, 8, 12, 19, 22][1, 14, 11, 3, 9, 23, 24, 20, 4, 7][19, 18, 17, 11, 25][25, 28][10, 21][16, 28][11, 14][17, 18][3, 9][11, 14][11, 14][11, 14] 
[15, 27, 29, 2, 21, 5, 6, 13, 0, 26, 8, 12, 19, 22][1, 14, 11, 3, 9, 23, 24, 20, 4, 7][16, 28, 25, 11, 17, 18, 19][10, 21][20, 24][20, 24][17, 18][3, 9][3, 9][3, 9][11, 14][3, 9] 
[15, 27, 29, 2, 21, 5, 6, 13, 0, 26, 8, 12, 19, 22][1, 14, 11, 3, 9, 23, 24, 20, 4, 7][0, 19, 18, 17, 11, 25, 28, 16][20, 24][17, 18][10, 21][5, 21][11, 14][11, 14][3, 9][3, 9][20, 24] 
[15, 27, 29, 2, 21, 5, 6, 13, 0, 26, 8, 12, 19, 22][1, 14, 11, 3, 9, 23, 24, 20, 4, 7][19, 18, 17, 11, 25, 28][20, 24][16, 28][10, 21][17, 18][11, 14][11, 14][11, 14][3, 9][3, 9] 
[15, 27, 29, 2, 21, 5, 6, 13, 0, 26, 8, 12, 19, 22][1, 14, 11, 3, 9, 23, 24, 20, 4, 7][16, 28, 25, 11, 17, 18, 19][20, 24][17, 18][10, 21][5, 21][11, 14][11, 14][3, 9][3, 9][20, 24] 
[15, 27, 29, 2, 21, 5, 6, 13, 0, 26, 8, 12, 19, 22][1, 14, 11, 3, 9, 23, 24, 20, 4, 7][16, 28, 25, 11, 17, 18, 19][20, 24][17, 18][10, 21][5, 21][11, 14][11, 14][3, 9][3, 9][20, 24] 
[15, 27, 29, 2, 21, 5, 6, 13, 0, 26, 8, 12, 19, 22][1, 14, 11, 3, 9, 23, 24, 20, 4, 7][16, 28, 25, 11, 17, 18, 19][20, 24][17, 18][10, 21][5, 21][11, 14][11, 14][3, 9][3, 9][20, 24] 
[15, 27, 29, 2, 21, 5, 6, 13, 0, 26, 8, 12, 19, 22][1, 14, 11, 3, 9, 23, 24, 20, 4, 7][19, 18, 17, 11, 25, 28][20, 24][16, 28][10, 21][17, 18][11, 14][11, 14][11, 14][3, 9][3, 9] 
[15, 27, 29, 2, 21, 5, 6, 13, 0, 26, 8, 12, 19, 22][1, 14, 11, 3, 9, 23, 24, 20, 4, 7][0, 19, 18, 17, 11, 25, 28, 16][20, 24][17, 18][10, 21][5, 21][11, 14][11, 14][3, 9][3, 9][20, 24] 
[15, 27, 29, 2, 21, 5, 6, 13, 0, 26, 8, 12, 19, 22][1, 14, 11, 3, 9, 23, 24, 20, 4, 7][16, 28, 25, 11, 17, 18, 19][10, 21, 15][17, 18][3, 9][0, 13][5, 21][20, 24][17, 18][3, 9][3, 9] 
[12, 8, 26, 0, 13, 6, 5, 21, 2, 29, 27, 15][1, 14, 11, 3, 9, 23, 24, 20, 4, 7][12, 22, 19, 18, 17, 11, 25, 28, 16][17, 18][10, 21][3, 9][0, 13][5, 21][20, 24][17, 18][3, 9][3, 9] 
[12, 8, 26, 0, 13, 6, 5, 21, 2, 29, 27, 15][1, 14, 11, 3, 9, 23, 24, 20, 4, 7][12, 22, 19, 18, 17, 11, 25, 28, 16][17, 18][10, 21][3, 9][0, 13][5, 21][20, 24][17, 18][3, 9][3, 9] 
[15, 27, 29, 2, 21, 5, 6, 13, 0, 26, 8, 12, 19, 22][1, 14, 11, 3, 9, 23, 24, 20, 4, 7][16, 28, 25, 11, 17, 18, 19][20, 24][17, 18][10, 21][5, 21][11, 14][11, 14][3, 9][3, 9][20, 24] 
[12, 8, 26, 0, 13, 6, 5, 21, 2, 29, 27, 15][1, 14, 11, 3, 9, 23, 24, 20, 4, 7][12, 22, 19, 18, 17, 11, 25, 28, 16][17, 18][10, 21][3, 9][0, 13][5, 21][20, 24][17, 18][3, 9][3, 9] 
[15, 27, 29, 2, 21, 5, 6, 13, 0, 26, 8, 12, 19, 22][2, 16, 28, 25, 11, 17, 18, 19, 22, 0, 12, 8, 26][1, 14, 11, 3, 9, 23, 24, 20, 4, 7][10, 21, 15][17, 18][3, 9][0, 13][5, 21][20, 24][17, 18][3, 9][3, 9] 
[15, 27, 29, 2, 21, 5, 6, 13, 0, 26, 8, 12, 19, 22][1, 14, 11, 3, 9, 23, 24, 20, 4, 7][12, 22, 19, 18, 17, 11, 25, 28, 16][10, 21, 15][17, 18][3, 9][0, 13][5, 21][20, 24][17, 18][3, 9][3, 9] 
[7, 25, 22, 12, 18, 19, 8][4, 24, 20, 14, 11][5, 21, 2, 29, 27][26, 0, 17, 28][13, 6, 15, 16][3, 23, 1, 9][11, 17][0, 13][0, 12][9, 14][10, 15][2, 10] 
[7, 25, 22, 12, 18, 19, 8][4, 24, 20, 14, 11][5, 21, 2, 29, 27][3, 23, 1, 9][26, 0, 17, 28][13, 6, 15, 16][9, 14][11, 17][0, 13][0, 12][10, 15][2, 10] 
[7, 25, 22, 12, 18, 19, 8][4, 24, 20, 14, 11][5, 21, 2, 29, 27][26, 0, 17, 28][13, 6, 15, 16][3, 23, 1, 9][0, 12][0, 13][11, 17][10, 15][2, 10][9, 14] 
[7, 25, 22, 12, 18, 19, 8][4, 24, 20, 14, 11][5, 21, 2, 29, 27][3, 23, 1, 9][26, 0, 17, 28][13, 6, 15, 16][9, 14][11, 17][0, 13][0, 12][10, 15][2, 10] 
[7, 25, 22, 12, 18, 19, 8][4, 24, 20, 14, 11][5, 21, 2, 29, 27][3, 23, 1, 9][26, 0, 17, 28][13, 6, 15, 16][9, 14][11, 17][0, 12][0, 13][10, 15][2, 10] 
[7, 25, 22, 12, 18, 19, 8][4, 24, 20, 14, 11][5, 21, 2, 29, 27][26, 0, 17, 28][3, 23, 1, 9][13, 6, 15, 16][0, 12][11, 17][9, 14][0, 13][10, 15][2, 10] 
[7, 25, 22, 12, 18, 19, 8][4, 24, 20, 14, 11][5, 21, 2, 29, 27][3, 23, 1, 9][26, 0, 17, 28][13, 6, 15, 16][9, 14][11, 17][0, 13][0, 12][10, 15][2, 10] 
[7, 25, 22, 12, 18, 19, 8][4, 24, 20, 14, 11][5, 21, 2, 29, 27][3, 23, 1, 9][26, 0, 17, 28][13, 6, 15, 16][9, 14][11, 17][0, 12][0, 13][10, 15][2, 10] 
[7, 25, 22, 12, 18, 19, 8][5, 21, 2, 29, 27][4, 24, 20, 14, 11][13, 6, 15, 16][26, 0, 17, 28][3, 23, 1, 9][2, 10][10, 15][0, 13][0, 12][11, 17][9, 14] 
[7, 25, 22, 12, 18, 19, 8][5, 21, 2, 29, 27][4, 24, 20, 14, 11][13, 6, 15, 16][26, 0, 17, 28][3, 23, 1, 9][2, 10][10, 15][0, 13][0, 12][11, 17][9, 14] 
[7, 25, 22, 12, 18, 19, 8][4, 24, 20, 14, 11][5, 21, 2, 29, 27][3, 23, 1, 9][26, 0, 17, 28][13, 6, 15, 16][9, 14][11, 17][0, 13][0, 12][10, 15][2, 10] 
[7, 25, 22, 12, 18, 19, 8][4, 24, 20, 14, 11][5, 21, 2, 29, 27][3, 23, 1, 9][26, 0, 17, 28][13, 6, 15, 16][9, 14][11, 17][0, 12][0, 13][10, 15][2, 10] 
[7, 25, 22, 12, 18, 19, 8][4, 24, 20, 14, 11][5, 21, 2, 29, 27][3, 23, 1, 9][26, 0, 17, 28][13, 6, 15, 16][9, 14][11, 17][0, 12][0, 13][10, 15][2, 10] 
[7, 25, 22, 12, 18, 19, 8][4, 24, 20, 14, 11][5, 21, 2, 29, 27][3, 23, 1, 9][26, 0, 17, 28][13, 6, 15, 16][9, 14][11, 17][0, 12][0, 13][10, 15][2, 10] 
[7, 25, 22, 12, 18, 19, 8][4, 24, 20, 14, 11][5, 21, 2, 29, 27][26, 0, 17, 28][13, 6, 15, 16][3, 23, 1, 9][0, 12][0, 13][11, 17][10, 15][2, 10][9, 14] 
[7, 25, 22, 12, 18, 19, 8][5, 21, 2, 29, 27][9, 14, 23, 20, 24][26, 0, 17, 28][13, 6, 15, 16][4, 1, 3, 11][0, 13][0, 12][10, 15][11, 17][4, 24][2, 10] 
[7, 25, 22, 12, 18, 19, 8][5, 21, 2, 29, 27][9, 14, 23, 20, 24][26, 0, 17, 28][13, 6, 15, 16][4, 1, 3, 11][0, 13][0, 12][10, 15][11, 17][4, 24][2, 10] 
[7, 25, 22, 12, 18, 19, 8][5, 21, 2, 29, 27][9, 14, 23, 20, 24][26, 0, 17, 28][13, 6, 15, 16][4, 1, 3, 11][0, 13][0, 12][10, 15][11, 17][4, 24][2, 10] 
[7, 25, 22, 12, 18, 19, 8][5, 21, 2, 29, 27][9, 14, 23, 20, 24][26, 0, 17, 28][13, 6, 15, 16][4, 1, 3, 11][0, 13][0, 12][10, 15][11, 17][4, 24][2, 10] 
[7, 25, 22, 12, 18, 19, 8][5, 21, 2, 29, 27][9, 14, 23, 20, 24][26, 0, 17, 28][13, 6, 15, 16][4, 1, 3, 11][0, 13][0, 12][10, 15][11, 17][4, 24][2, 10] 
[7, 25, 22, 12, 18, 19, 8][5, 21, 10, 2, 27, 29][9, 14, 23, 20, 24][4, 1, 3, 11][13, 6, 15, 16][17, 0, 26][0, 12][11, 17][4, 24][0, 13][10, 15][17, 28] 
[7, 25, 22, 12, 18, 19, 8][4, 24, 20, 14, 11][5, 21, 2, 29, 27][3, 23, 1, 9][26, 0, 17, 28][13, 6, 15, 16][9, 14][11, 17][0, 12][0, 13][10, 15][2, 10] 
[7, 25, 22, 12, 18, 19, 8][4, 24, 20, 14, 11][5, 21, 2, 29, 27][3, 23, 1, 9][26, 0, 17, 28][13, 6, 15, 16][9, 14][11, 17][0, 12][0, 13][10, 15][2, 10] 
[7, 25, 22, 12, 18, 19, 8][4, 24, 20, 14, 11][5, 21, 2, 29, 27][3, 23, 1, 9][26, 0, 17, 28][13, 6, 15, 16][9, 14][11, 17][0, 12][0, 13][10, 15][2, 10] 
[7, 25, 22, 12, 18, 19, 8][4, 24, 20, 14, 11][5, 21, 2, 29, 27][3, 23, 1, 9][26, 0, 17, 28][13, 6, 15, 16][9, 14][11, 17][0, 12][0, 13][10, 15][2, 10] 
[7, 25, 22, 12, 18, 19, 8][4, 24, 20, 14, 11][5, 21, 2, 29, 27][3, 23, 1, 9][26, 0, 17, 28][13, 6, 15, 16][9, 14][11, 17][0, 12][0, 13][10, 15][2, 10] 
[7, 25, 22, 12, 18, 19, 8][5, 21, 10, 2, 27, 29][4, 24, 20, 14, 11][26, 0, 17, 28][3, 23, 1, 9][13, 6, 15][10, 15][0, 13][11, 17][0, 12][9, 14][15, 16] 
[7, 25, 22, 12, 18, 19, 8][4, 24, 20, 14, 11][5, 21, 2, 29, 27][3, 23, 1, 9][26, 0, 17, 28][13, 6, 15, 16][9, 14][11, 17][0, 12][0, 13][10, 15][2, 10] 
[7, 25, 22, 12, 18, 19, 8][5, 21, 2, 29, 27][9, 14, 23, 20, 24][26, 0, 17, 28][13, 6, 15, 16][4, 1, 3, 11][0, 13][0, 12][10, 15][11, 17][4, 24][2, 10] 
[7, 25, 22, 12, 18, 19, 8][5, 21, 2, 29, 27][9, 14, 23, 20, 24][26, 0, 17, 28][13, 6, 15, 16][4, 1, 3, 11][0, 13][0, 12][10, 15][11, 17][4, 24][2, 10] 
[7, 25, 22, 12, 18, 19, 8][5, 21, 2, 29, 27][9, 14, 23, 20, 24][26, 0, 17, 28][13, 6, 15, 16][4, 1, 3, 11][0, 13][0, 12][10, 15][11, 17][4, 24][2, 10] 
[7, 25, 22, 12, 18, 19, 8][5, 21, 2, 29, 27][9, 14, 23, 20, 24][26, 0, 17, 28][13, 6, 15, 16][4, 1, 3, 11][0, 13][0, 12][10, 15][11, 17][4, 24][2, 10] 
[7, 25, 22, 12, 18, 19, 8][5, 21, 2, 29, 27][9, 14, 23, 20, 24][26, 0, 17, 28][13, 6, 15, 16][4, 1, 3, 11][0, 13][0, 12][10, 15][11, 17][4, 24][2, 10] 
[7, 25, 22, 12, 18, 19, 8][5, 21, 2, 29, 27][9, 14, 23, 20, 24][26, 0, 17, 28][13, 6, 15, 16][4, 1, 3, 11][10, 2, 21][0, 13][0, 12][10, 15][11, 17][4, 24] 
[7, 25, 22, 12, 18, 19, 8][5, 21, 2, 29, 27][9, 14, 23, 20, 24][26, 0, 17, 28][13, 6, 15, 16][4, 1, 3, 11][0, 13][0, 12][10, 15][11, 17][4, 24][2, 10] 
[7, 25, 22, 12, 18, 19, 8][5, 21, 2, 29, 27][9, 14, 23, 20, 24][26, 0, 17, 28][13, 6, 15, 16][4, 1, 3, 11][0, 13][0, 12][10, 15][11, 17][4, 24][2, 10] 
[7, 25, 22, 12, 18, 19, 8][5, 21, 2, 29, 27][9, 14, 23, 20, 24][26, 0, 17, 28][13, 6, 15, 16][4, 1, 3, 11][0, 13][0, 12][10, 15][11, 17][4, 24][2, 10] 
[7, 25, 22, 12, 18, 19, 8][5, 21, 2, 29, 27][9, 14, 23, 20, 24][26, 0, 17, 28][13, 6, 15, 16][4, 1, 3, 11][10, 2, 21][0, 13][0, 12][10, 15][11, 17][4, 24] 
[7, 25, 22, 12, 18, 19, 8][5, 21, 2, 29, 27][9, 14, 23, 20, 24][26, 0, 17, 28][13, 6, 15, 16][4, 1, 3, 11][0, 13][0, 12][10, 15][11, 17][4, 24][2, 10] 
[7, 25, 22, 12, 18, 19, 8][5, 21, 2, 29, 27][9, 14, 23, 20, 24][26, 0, 17, 28][13, 6, 15, 16][4, 1, 3, 11][0, 13][0, 12][10, 15][11, 17][4, 24][2, 10] 
[7, 25, 22, 12, 18, 19, 8][5, 21, 2, 29, 27][9, 14, 23, 20, 24][26, 0, 17, 28][13, 6, 15, 16][4, 1, 3, 11][0, 13][0, 12][10, 15][11, 17][4, 24][2, 10] 
[7, 25, 22, 12, 18, 19, 8][5, 21, 2, 29, 27][9, 14, 23, 20, 24][26, 0, 17, 28][13, 6, 15, 16][4, 1, 3, 11][0, 13][0, 12][10, 15][11, 17][4, 24][2, 10] 
[7, 25, 22, 12, 18, 19, 8][5, 21, 2, 29, 27][9, 14, 23, 20, 24][26, 0, 17, 28][13, 6, 15, 16][4, 1, 3, 11][0, 13][0, 12][10, 15][11, 17][4, 24][2, 10] 
[7, 25, 22, 12, 18, 19, 8][5, 21, 10, 2, 27, 29][9, 14, 23, 20, 24][26, 0, 17, 28][4, 1, 3, 11][13, 6, 15, 16][11, 17][0, 13][4, 24][0, 12][10, 15][2, 10] 
[7, 25, 22, 12, 18, 19, 8][5, 21, 10, 2, 27, 29][9, 14, 23, 20, 24][26, 0, 17, 28][4, 1, 3, 11][13, 6, 15, 16][11, 17][0, 13][4, 24][0, 12][10, 15][2, 10] 
[7, 25, 22, 12, 18, 19, 8][5, 21, 10, 2, 27, 29][9, 14, 23, 20, 24][4, 1, 3, 11][26, 0, 17, 28][13, 6, 15, 16][11, 17][0, 12][0, 13][10, 15][2, 10][4, 24] 
[7, 25, 22, 12, 18, 19, 8][5, 21, 10, 2, 27, 29][9, 14, 23, 20, 24][26, 0, 17, 28][13, 6, 15, 16][4, 1, 3, 11][0, 13][0, 12][11, 17][4, 24][10, 15][2, 10] 
[7, 25, 22, 12, 18, 19, 8][5, 21, 10, 2, 27, 29][9, 14, 23, 20, 24][26, 0, 17, 28][13, 6, 15, 16][4, 1, 3, 11][0, 13][0, 12][11, 17][4, 24][10, 15][2, 10] 
[7, 25, 22, 12, 18, 19, 8][5, 21, 10, 2, 27, 29][14, 20, 24, 4, 23][26, 0, 17, 28][13, 6, 15, 16][4, 1, 3, 11][0, 13][11, 17][10, 15][2, 10][9, 14][0, 12] 
[7, 25, 22, 12, 18, 19, 8][4, 24, 20, 14, 11][5, 21, 2, 29, 27][3, 23, 1, 9][26, 0, 17, 28][13, 6, 15, 16][9, 14][11, 17][0, 12][0, 13][10, 15][2, 10] 
[7, 25, 22, 12, 18, 19, 8][4, 24, 20, 14, 11][5, 21, 2, 29, 27][3, 23, 1, 9][26, 0, 17, 28][13, 6, 15, 16][9, 14][11, 17][0, 12][0, 13][10, 15][2, 10] 
[7, 25, 22, 12, 18, 19, 8][4, 24, 20, 14, 11][5, 21, 2, 29, 27][3, 23, 1, 9][26, 0, 17, 28][13, 6, 15, 16][9, 14][11, 17][0, 13][0, 12][10, 15][2, 10] 
[7, 25, 22, 12, 18, 19, 8][4, 24, 20, 14, 11][5, 21, 2, 29, 27][3, 23, 1, 9][26, 0, 17, 28][13, 6, 15, 16][9, 14][11, 17][0, 12][0, 13][10, 15][2, 10] 
[7, 25, 22, 12, 18, 19, 8][4, 24, 20, 14, 11][5, 21, 2, 29, 27][3, 23, 1, 9][26, 0, 17, 28][13, 6, 15, 16][9, 14][11, 17][0, 12][0, 13][10, 15][2, 10] 
[7, 25, 22, 12, 18, 19, 8][5, 21, 2, 29, 27][9, 14, 23, 20, 24][26, 0, 17, 28][13, 6, 15, 16][4, 1, 3, 11][0, 13][0, 12][10, 15][11, 17][4, 24][2, 10] 
[7, 25, 22, 12, 18, 19, 8][4, 24, 20, 14, 11][5, 21, 2, 29, 27][3, 23, 1, 9][26, 0, 17, 28][13, 6, 15, 16][9, 14][11, 17][0, 12][0, 13][10, 15][2, 10] 
