[19, 17, 18, 0, 12, 8, 26][4, 24, 20, 14, 9][23, 1, 3, 11, 25][10, 2, 15, 27, 29][13, 6, 5, 21][7, 16, 28][4, 7][6, 16][25, 28][22, 25][18, 22][2, 6] 
[19, 17, 18, 0, 12, 8, 26][4, 24, 20, 14, 9][23, 1, 3, 11, 25][10, 2, 15, 27, 29][13, 6, 5, 21][7, 16, 28][4, 7][6, 16][25, 28][22, 25][18, 22][2, 6] 
[19, 17, 22, 18, 0, 12, 8, 26][10, 2, 15, 27, 29][23, 1, 3, 11, 25][4, 24, 20, 14, 9][5, 6, 13][7, 16, 28][2, 6][6, 16][25, 28][22, 25][7, 24][5, 21] 
[19, 17, 22, 18, 0, 12, 8, 26][10, 2, 15, 27, 29][23, 1, 3, 11, 25][4, 24, 20, 14, 9][5, 6, 13][7, 16, 28][2, 6][6, 16][25, 28][22, 25][7, 24][5, 21] 
[19, 17, 18, 0, 12, 8, 26][4, 24, 20, 14, 9][23, 1, 3, 11, 25][10, 2, 15, 27, 29][13, 6, 5, 21][7, 16, 28][7, 24][25, 28][18, 22][6, 16][2, 6][22, 25] 
[19, 17, 18, 0, 12, 8, 26][4, 24, 20, 14, 9][23, 1, 3, 11, 25][10, 2, 15, 27, 29][13, 6, 5, 21][7, 16, 28][7, 24][25, 28][22, 25][6, 16][18, 22][2, 6] 
[19, 17, 18, 0, 12, 8, 26][4, 24, 20, 14, 9][23, 1, 3, 11, 25][10, 2, 15, 27, 29][13, 6, 5, 21][7, 16, 28][7, 24][6, 16][25, 28][22, 25][2, 6][18, 22] 
[19, 17, 18, 0, 12, 8, 26][23, 1, 3, 11, 25][4, 24, 20, 14, 9][10, 2, 15, 27, 29][5, 6, 13][7, 16, 28][22, 25, 28][6, 16][7, 24][18, 22][2, 6][5, 21] 
[19, 17, 18, 0, 12, 8, 26][23, 1, 3, 11, 25][4, 24, 20, 14, 9][10, 2, 15, 27, 29][5, 6, 13][7, 16, 28][22, 25, 28][6, 16][7, 24][18, 22][2, 6][5, 21] 
[19, 17, 18, 0, 12, 8, 26][4, 24, 20, 14, 9][23, 1, 3, 11, 25][10, 2, 15, 27, 29][13, 6, 5, 21][7, 16, 28][0, 22, 18][6, 16][22, 25][2, 6][7, 24][25, 28] 
[19, 17, 18, 0, 12, 8, 26][10, 2, 15, 27, 29][23, 1, 3, 11, 25][4, 24, 20, 14, 9][13, 6, 5, 21][7, 16, 28][4, 7][6, 16][2, 6][25, 28][22, 25][18, 22] 
[19, 17, 18, 0, 12, 8, 26][10, 2, 15, 27, 29][23, 1, 3, 11, 25][4, 24, 20, 14, 9][13, 6, 5, 21][7, 16, 28][4, 7][6, 16][2, 6][25, 28][22, 25][18, 22] 
[19, 17, 22, 18, 0, 12, 8, 26][10, 2, 15, 27, 29][23, 1, 3, 11, 25][4, 24, 20, 14, 9][5, 6, 13][7, 16, 28][2, 6][6, 16][25, 28][22, 25][7, 24][5, 21] 
[19, 17, 18, 0, 12, 8, 26][23, 1, 3, 11, 25][10, 2, 15, 27, 29][4, 24, 20, 14, 9][13, 6, 5, 21][7, 16, 28][6, 16][25, 28][2, 6][7, 24][22, 25][18, 22] 
[19, 17, 18, 0, 12, 8, 26][23, 1, 3, 11, 25][4, 24, 20, 14, 9][10, 2, 15, 27, 29][13, 6, 5, 21][7, 16, 28][25, 28][7, 24][6, 16][2, 6][22, 25][18, 22] 
[19, 17, 18, 0, 12, 8, 26][23, 1, 3, 11, 25][4, 24, 20, 14, 9][10, 2, 15, 27, 29][5, 6, 13][7, 16, 28][22, 25, 28][6, 16][7, 24][18, 22][2, 6][5, 21] 
[19, 17, 18, 0, 12, 8, 26][23, 1, 3, 11, 25][4, 24, 20, 14, 9][10, 2, 15, 27, 29][13, 6, 5, 21][7, 16, 28][22, 25][25, 28][18, 22][6, 16][4, 7][2, 6] 
[19, 17, 18, 0, 12, 8, 26][10, 2, 15, 27, 29][23, 1, 3, 11, 25][4, 24, 20, 14, 9][13, 6, 5, 21][7, 16, 28][4, 7][6, 16][2, 6][25, 28][22, 25][18, 22] 
[19, 17, 18, 0, 12, 8, 26][10, 2, 15, 27, 29][23, 1, 3, 11, 25][4, 24, 20, 14, 9][13, 6, 5, 21][7, 16, 28][2, 6][6, 16][25, 28][22, 25][7, 24][18, 22] 
[19, 17, 18, 0, 12, 8, 26][10, 2, 15, 27, 29][23, 1, 3, 11, 25][4, 24, 20, 14, 9][13, 6, 5, 21][7, 16, 28][4, 7][6, 16][2, 6][25, 28][22, 25][18, 22] 
[19, 17, 18, 0, 12, 8, 26][23, 1, 3, 11, 25][4, 24, 20, 14, 9][10, 2, 15, 27, 29][13, 6, 5, 21][7, 16, 28][22, 25][18, 22][25, 28][6, 16][4, 7][2, 6] 
[19, 17, 18, 0, 12, 8, 26][23, 1, 3, 11, 25][4, 24, 20, 14, 9][10, 2, 15, 27, 29][13, 6, 5, 21][7, 16, 28][22, 25][18, 22][25, 28][6, 16][4, 7][2, 6] 
[19, 17, 22, 18, 0, 12, 8, 26][10, 2, 15, 27, 29][23, 1, 3, 11, 25][4, 24, 20, 14, 9][5, 6, 13][7, 16, 28][2, 6][6, 16][25, 28][22, 25][7, 24][5, 21] 
[19, 17, 18, 0, 12, 8, 26][23, 1, 3, 11, 25][4, 24, 20, 14, 9][10, 2, 15, 27, 29][13, 6, 5, 21][7, 16, 28][25, 28][7, 24][18, 22][6, 16][2, 6][22, 25] 
[19, 17, 18, 0, 12, 8, 26][4, 24, 20, 14, 9][23, 1, 3, 11, 25][10, 2, 15, 27, 29][13, 6, 5, 21][7, 16, 28][7, 24][25, 28][22, 25][6, 16][18, 22][2, 6] 
[19, 17, 18, 0, 12, 8, 26][23, 1, 3, 11, 25][4, 24, 20, 14, 9][10, 2, 15, 27, 29][5, 6, 13][7, 16, 28][22, 25, 28][6, 16][7, 24][18, 22][2, 6][5, 21] 
[19, 17, 18, 0, 12, 8, 26][23, 1, 3, 11, 25][4, 24, 20, 14, 9][10, 2, 15, 27, 29][13, 6, 5, 21][7, 16, 28][22, 25][25, 28][18, 22][6, 16][4, 7][2, 6] 
[19, 17, 18, 0, 12, 8, 26][10, 2, 15, 27, 29][23, 1, 3, 11, 25][4, 24, 20, 14, 9][13, 6, 5, 21][7, 16, 28][4, 7][6, 16][2, 6][25, 28][22, 25][18, 22] 
[19, 17, 18, 0, 12, 8, 26][23, 1, 3, 11, 25][4, 24, 20, 14, 9][10, 2, 15, 27, 29][13, 6, 5, 21][7, 16, 28][25, 28][22, 25][7, 24][18, 22][6, 16][2, 6] 
[19, 17, 18, 0, 12, 8, 26][23, 1, 3, 11, 25][4, 24, 20, 14, 9][10, 2, 15, 27, 29][13, 6, 5, 21][7, 16, 28][22, 25][25, 28][18, 22][6, 16][4, 7][2, 6] 
[19, 17, 18, 0, 12, 8, 26][10, 2, 15, 27, 29][23, 1, 3, 11, 25][4, 24, 20, 14, 9][13, 6, 5, 21][7, 16, 28][4, 7][6, 16][2, 6][25, 28][22, 25][18, 22] 
[19, 17, 18, 0, 12, 8, 26][23, 1, 3, 11, 25][10, 2, 15, 27, 29][4, 24, 20, 14, 9][13, 6, 5, 21][7, 16, 28][18, 22][22, 25][25, 28][6, 16][2, 6][4, 7] 
[19, 17, 18, 0, 12, 8, 26][10, 2, 15, 27, 29][23, 1, 3, 11, 25][4, 24, 20, 14, 9][13, 6, 5, 21][7, 16, 28][2, 6][6, 16][25, 28][22, 25][7, 24][18, 22] 
[19, 17, 18, 0, 12, 8, 26][10, 2, 15, 27, 29][23, 1, 3, 11, 25][4, 24, 20, 14, 9][13, 6, 5, 21][7, 16, 28][4, 7][6, 16][2, 6][25, 28][22, 25][18, 22] 
[19, 17, 18, 0, 12, 8, 26][23, 1, 3, 11, 25][10, 2, 15, 27, 29][4, 24, 20, 14, 9][13, 6, 5, 21][7, 16, 28][18, 22][22, 25][25, 28][6, 16][2, 6][4, 7] 
[8, 26, 0, 13, 18, 22, 12, 17, 11, 25, 28, 16][6, 21, 5, 15, 10, 29, 27, 16, 2, 7][4, 23, 9, 14, 1, 24, 20, 7][3, 4][17, 19][5, 15][5, 15][0, 26][0, 26][0, 26][0, 26][5, 15] 
[8, 26, 0, 13, 18, 22, 12, 17, 11, 25, 28, 16][6, 21, 5, 15, 10, 29, 27, 16, 2, 7][4, 23, 9, 14, 1, 24, 20, 7][3, 4][17, 19][6, 21][0, 26][0, 26][0, 26][5, 15][0, 26][5, 15] 
[8, 26, 0, 13, 18, 22, 12, 17, 11, 25, 28, 16][6, 21, 5, 15, 10, 29, 27, 16, 2, 7][4, 23, 9, 14, 1, 24, 20, 7][15, 5, 21][3, 4][17, 19][6, 21][0, 26][0, 26][0, 26][5, 15][0, 26] 
[8, 26, 0, 13, 18, 22, 12, 17, 11, 25, 28, 16][4, 23, 9, 14, 1, 24, 20, 7, 2, 6, 10][16, 27, 29, 10, 15, 5, 21][0, 26][17, 19][3, 4][0, 26][0, 26][0, 26][0, 26][5, 15][0, 26] 
[8, 26, 0, 13, 18, 22, 12, 17, 11, 25, 28, 16][4, 23, 9, 14, 1, 24, 20, 7, 2, 6, 10][16, 27, 29, 10, 15, 5, 21][0, 26][17, 19][3, 4][0, 26][0, 26][0, 26][0, 26][5, 15][0, 26] 
[8, 26, 0, 13, 18, 22, 12, 17, 11, 25, 28, 16][4, 23, 9, 14, 1, 24, 20, 7, 2, 6, 10][21, 5, 15, 10, 29, 27][5, 15][16, 27][3, 4][17, 19][0, 26][0, 26][0, 26][0, 26][0, 26] 
[8, 26, 0, 13, 18, 22, 12, 17, 11, 25, 28, 16][6, 21, 5, 15, 10, 29, 27, 16, 2, 7][4, 23, 9, 14, 1, 24, 20, 7][3, 4][17, 19][5, 15][5, 15][0, 26][0, 26][0, 26][0, 26][5, 15] 
[8, 26, 0, 13, 18, 22, 12, 17, 11, 25, 28, 16][6, 21, 5, 15, 10, 29, 27, 16, 2, 7][4, 23, 9, 14, 1, 24, 20, 7][3, 4][17, 19][5, 15][5, 15][0, 26][0, 26][0, 26][0, 26][5, 15] 
[8, 26, 0, 13, 18, 22, 12, 17, 11, 25, 28, 16][4, 23, 9, 14, 1, 24, 20, 7, 2, 6, 10][16, 27, 29, 10, 15, 5, 21][0, 26][17, 19][3, 4][0, 26][0, 26][0, 26][0, 26][5, 15][0, 26] 
[8, 26, 0, 13, 18, 22, 12, 17, 11, 25, 28, 16][6, 21, 5, 15, 10, 29, 27, 16, 2, 7][4, 23, 9, 14, 1, 24, 20, 7][3, 4][17, 19][6, 21][0, 26][0, 26][0, 26][5, 15][0, 26][5, 15] 
[8, 26, 0, 13, 18, 22, 12, 17, 11, 25, 28, 16][2, 16, 27, 29, 10, 15, 5, 21, 6][2, 7, 20, 24, 1, 14, 9, 23, 4][0, 26][17, 19][2, 7][3, 4][0, 26][5, 21][0, 26][5, 21][5, 15] 
[8, 26, 0, 13, 18, 22, 12, 17, 11, 25, 28, 16][6, 21, 5, 15, 10, 29, 27, 16, 2, 7][4, 23, 9, 14, 1, 24, 20, 7][3, 4][17, 19][5, 15][5, 15][0, 26][0, 26][0, 26][0, 26][5, 15] 
[8, 26, 0, 13, 18, 22, 12, 17, 11, 25, 28, 16][4, 23, 9, 14, 1, 24, 20, 7, 2, 6, 10][16, 27, 29, 10, 15, 5, 21][0, 26][17, 19][3, 4][0, 26][0, 26][0, 26][0, 26][5, 15][0, 26] 
[8, 26, 0, 13, 18, 22, 12, 17, 11, 25, 28, 16][4, 23, 9, 14, 1, 24, 20, 7, 2, 6, 10][2, 16, 27, 29, 10, 15, 5, 21, 6][0, 26][17, 19][2, 7][3, 4][0, 26][5, 21][0, 26][5, 21][5, 15] 
[8, 26, 0, 13, 18, 22, 12, 17, 11, 25, 28, 16][2, 16, 27, 29, 10, 15, 5, 21, 6][2, 7, 20, 24, 1, 14, 9, 23, 4][0, 26][17, 19][2, 7][3, 4][0, 26][5, 21][0, 26][5, 21][5, 15] 
[8, 26, 0, 13, 18, 22, 12, 17, 11, 25, 28, 16][6, 21, 5, 15, 10, 29, 27, 16, 2, 7][4, 23, 9, 14, 1, 24, 20, 7][3, 4][17, 19][5, 15][5, 15][0, 26][0, 26][0, 26][0, 26][5, 15] 
[8, 26, 0, 13, 18, 22, 12, 17, 11, 25, 28, 16][6, 21, 5, 15, 10, 29, 27, 16, 2, 7][4, 23, 9, 14, 1, 24, 20, 7, 25, 28][3, 4][17, 19][6, 21][0, 26][0, 26][0, 26][5, 15][0, 26][5, 15] 
[7, 2, 16, 27, 29, 10, 15, 5, 21, 6, 13][8, 26, 0, 13, 18, 22, 12, 17, 11, 25, 28][4, 23, 9, 14, 1, 24, 20, 7][3, 4][17, 19][6, 21][0, 26][0, 26][0, 26][5, 15][0, 26][5, 15] 
[8, 26, 0, 13, 18, 22, 12, 17, 11, 25, 28][4, 23, 9, 14, 1, 24, 20, 7, 25, 11, 17][6, 21, 5, 15, 10, 29, 27, 16, 2, 7][3, 4][17, 19][6, 21][0, 26][0, 26][0, 26][5, 15][0, 26][5, 15] 
[2, 27, 16, 28, 25, 11, 17, 12, 22, 18, 13, 0, 26, 8][4, 23, 9, 14, 1, 24, 20, 7, 2, 6, 10][2, 16, 27, 29, 10, 15, 5, 21, 6][0, 26][17, 19][2, 7][3, 4][0, 26][5, 21][0, 26][5, 21][5, 15] 
[7, 27, 2, 16, 28, 25, 11, 17, 12, 22, 18, 13, 0, 26, 8][4, 23, 9, 14, 1, 24, 20, 7, 25, 11, 17][6, 21, 5, 15, 10, 29, 27, 16, 2, 7][3, 4][17, 19][6, 21][0, 26][0, 26][0, 26][5, 15][0, 26][5, 15] 
[19, 17, 18, 0, 12, 8, 26][23, 1, 3, 11, 25][4, 24, 20, 14, 9][10, 2, 15, 27, 29][13, 6, 5, 21][7, 16, 28][25, 28][7, 24][6, 16][2, 6][22, 25][18, 22] 
[19, 17, 18, 0, 12, 8, 26][23, 1, 3, 11, 25][4, 24, 20, 14, 9][10, 2, 15, 27, 29][13, 6, 5, 21][7, 16, 28][22, 25][25, 28][18, 22][7, 24][6, 16][2, 6] 
[19, 17, 18, 0, 12, 8, 26][4, 24, 20, 14, 9][23, 1, 3, 11, 25][10, 2, 15, 27, 29][13, 6, 5, 21][7, 16, 28][6, 16][22, 25][2, 6][18, 22][7, 24][25, 28] 
[19, 17, 18, 0, 12, 8, 26][23, 1, 3, 11, 25][4, 24, 20, 14, 9][10, 2, 15, 27, 29][13, 6, 5, 21][7, 16, 28][25, 28][7, 24][6, 16][2, 6][22, 25][18, 22] 
[19, 17, 18, 0, 12, 8, 26][23, 1, 3, 11, 25][4, 24, 20, 14, 9][10, 2, 15, 27, 29][13, 6, 5, 21][7, 16, 28][25, 28][7, 24][6, 16][2, 6][22, 25][18, 22] 
[19, 17, 18, 0, 12, 8, 26][4, 24, 20, 14, 9][23, 1, 3, 11, 25][10, 2, 15, 27, 29][13, 6, 5, 21][7, 16, 28][6, 16][22, 25][2, 6][18, 22][7, 24][25, 28] 
[19, 17, 18, 0, 12, 8, 26][4, 24, 20, 14, 9][23, 1, 3, 11, 25][10, 2, 15, 27, 29][13, 6, 5, 21][7, 16, 28][6, 16][22, 25][2, 6][18, 22][7, 24][25, 28] 
[19, 17, 18, 0, 12, 8, 26][23, 1, 3, 11, 25][4, 24, 20, 14, 9][10, 2, 15, 27, 29][13, 6, 5, 21][7, 16, 28][25, 28][7, 24][6, 16][2, 6][22, 25][18, 22] 
[19, 17, 18, 0, 12, 8, 26][23, 1, 3, 11, 25][4, 24, 20, 14, 9][10, 2, 15, 27, 29][13, 6, 5, 21][7, 16, 28][25, 28][7, 24][6, 16][2, 6][22, 25][18, 22] 
[19, 17, 18, 0, 12, 8, 26][10, 2, 15, 27, 29][23, 1, 3, 11, 25][4, 24, 20, 14, 9][13, 6, 5, 21][7, 16, 28][2, 6][6, 16][25, 28][22, 25][7, 24][18, 22] 
[19, 17, 18, 0, 12, 8, 26][4, 24, 20, 14, 9][23, 1, 3, 11, 25][10, 2, 15, 27, 29][13, 6, 5, 21][7, 16, 28][7, 24][25, 28][22, 25][6, 16][18, 22][2, 6] 
[19, 17, 18, 0, 12, 8, 26][4, 24, 20, 14, 9][23, 1, 3, 11, 25][10, 2, 15, 27, 29][13, 6, 5, 21][7, 16, 28][6, 16][22, 25][2, 6][18, 22][7, 24][25, 28] 
[19, 17, 18, 0, 12, 8, 26][4, 24, 20, 14, 9][23, 1, 3, 11, 25][10, 2, 15, 27, 29][13, 6, 5, 21][7, 16, 28][6, 16][22, 25][2, 6][18, 22][7, 24][25, 28] 
[19, 17, 18, 0, 12, 8, 26][23, 1, 3, 11, 25][4, 24, 20, 14, 9][10, 2, 15, 27, 29][13, 6, 5, 21][7, 16, 28][25, 28][7, 24][6, 16][2, 6][22, 25][18, 22] 
[19, 17, 18, 0, 12, 8, 26][4, 24, 20, 14, 9][23, 1, 3, 11, 25][10, 2, 15, 27, 29][13, 6, 5, 21][7, 16, 28][6, 16][22, 25][2, 6][18, 22][7, 24][25, 28] 
[19, 17, 18, 0, 12, 8, 26][10, 2, 15, 27, 29][23, 1, 3, 11, 25][4, 24, 20, 14, 9][13, 6, 5, 21][7, 16, 28][4, 7][6, 16][2, 6][25, 28][22, 25][18, 22] 
[19, 17, 18, 0, 12, 8, 26][10, 2, 15, 27, 29][23, 1, 3, 11, 25][4, 24, 20, 14, 9][13, 6, 5, 21][7, 16, 28][4, 7][6, 16][2, 6][25, 28][22, 25][18, 22] 
[19, 17, 18, 0, 12, 8, 26][23, 1, 3, 11, 25][4, 24, 20, 14, 9][10, 2, 15, 27, 29][13, 6, 5, 21][7, 16, 28][22, 25][25, 28][18, 22][6, 16][4, 7][2, 6] 
[19, 17, 18, 0, 12, 8, 26][10, 2, 15, 27, 29][23, 1, 3, 11, 25][4, 24, 20, 14, 9][13, 6, 5, 21][7, 16, 28][4, 7][6, 16][2, 6][25, 28][22, 25][18, 22] 
[19, 17, 18, 0, 12, 8, 26][10, 2, 15, 27, 29][23, 1, 3, 11, 25][4, 24, 20, 14, 9][13, 6, 5, 21][7, 16, 28][4, 7][6, 16][2, 6][25, 28][22, 25][18, 22] 
[19, 17, 18, 0, 12, 8, 26][10, 2, 15, 27, 29][23, 1, 3, 11, 25][4, 24, 20, 14, 9][13, 6, 5, 21][7, 16, 28][22, 25, 28][2, 6][5, 6][6, 16][7, 24][18, 22] 
[19, 17, 18, 0, 12, 8, 26][4, 24, 20, 14, 9][23, 1, 3, 11, 25][10, 2, 15, 27, 29][13, 6, 5, 21][7, 16, 28][7, 24][25, 28][6, 16][22, 25][18, 22][2, 6] 
[19, 17, 18, 0, 12, 8, 26][4, 24, 20, 14, 9][23, 1, 3, 11, 25][10, 2, 15, 27, 29][13, 6, 5, 21][7, 16, 28][6, 16][22, 25][2, 6][18, 22][7, 24][25, 28] 
[19, 17, 18, 0, 12, 8, 26][4, 24, 20, 14, 9][23, 1, 3, 11, 25][10, 2, 15, 27, 29][13, 6, 5, 21][7, 16, 28][7, 24][6, 16][25, 28][2, 6][22, 25][18, 22] 
[19, 17, 18, 0, 12, 8, 26][23, 1, 3, 11, 25][4, 24, 20, 14, 9][10, 2, 15, 27, 29][13, 6, 5, 21][7, 16, 28][25, 28][6, 16][7, 24][2, 6][22, 25][18, 22] 
[19, 17, 18, 0, 12, 8, 26][23, 1, 3, 11, 25][4, 24, 20, 14, 9][10, 2, 15, 27, 29][13, 6, 5, 21][7, 16, 28][25, 28][6, 16][7, 24][2, 6][22, 25][18, 22] 
[19, 17, 18, 0, 12, 8, 26][4, 24, 20, 14, 9][23, 1, 3, 11, 25][10, 2, 15, 27, 29][13, 6, 5, 21][7, 16, 28][7, 24][25, 28][6, 16][22, 25][18, 22][2, 6] 
[19, 17, 18, 0, 12, 8, 26][23, 1, 3, 11, 25][4, 24, 20, 14, 9][10, 2, 15, 27, 29][13, 6, 5, 21][7, 16, 28][25, 28][7, 24][6, 16][2, 6][22, 25][18, 22] 
[19, 17, 18, 0, 12, 8, 26][10, 2, 15, 27, 29][23, 1, 3, 11, 25][4, 24, 20, 14, 9][13, 6, 5, 21][7, 16, 28][4, 7][6, 16][2, 6][25, 28][22, 25][18, 22] 
[19, 17, 18, 0, 12, 8, 26][23, 1, 3, 11, 25][4, 24, 20, 14, 9][10, 2, 15, 27, 29][13, 6, 5, 21][7, 16, 28][18, 22][22, 25][25, 28][4, 7][6, 16][2, 6] 
[19, 17, 18, 0, 12, 8, 26][10, 2, 15, 27, 29][23, 1, 3, 11, 25][4, 24, 20, 14, 9][13, 6, 5, 21][7, 16, 28][4, 7][6, 16][2, 6][25, 28][22, 25][18, 22] 
[19, 17, 18, 0, 12, 8, 26][10, 2, 15, 27, 29][23, 1, 3, 11, 25][4, 24, 20, 14, 9][13, 6, 5, 21][7, 16, 28][4, 7][6, 16][2, 6][25, 28][22, 25][18, 22] 
[19, 17, 18, 0, 12, 8, 26][23, 1, 3, 11, 25][4, 24, 20, 14, 9][10, 2, 15, 27, 29][13, 6, 5, 21][7, 16, 28][22, 25][25, 28][18, 22][6, 16][4, 7][2, 6] 
[19, 17, 18, 0, 12, 8, 26][10, 2, 15, 27, 29][23, 1, 3, 11, 25][4, 24, 20, 14, 9][13, 6, 5, 21][7, 16, 28][4, 7][6, 16][2, 6][25, 28][22, 25][18, 22] 
[19, 17, 18, 0, 12, 8, 26][10, 2, 15, 27, 29][23, 1, 3, 11, 25][4, 24, 20, 14, 9][13, 6, 5, 21][7, 16, 28][4, 7][6, 16][2, 6][25, 28][22, 25][18, 22] 
[19, 17, 18, 0, 12, 8, 26][10, 2, 15, 27, 29][23, 1, 3, 11, 25][4, 24, 20, 14, 9][13, 6, 5, 21][7, 16, 28][4, 7][6, 16][2, 6][25, 28][22, 25][18, 22] 
[19, 17, 18, 0, 12, 8, 26][23, 1, 3, 11, 25][4, 24, 20, 14, 9][10, 2, 15, 27, 29][13, 6, 5, 21][7, 16, 28][22, 25][25, 28][18, 22][6, 16][4, 7][2, 6] 
[19, 17, 18, 0, 12, 8, 26][23, 1, 3, 11, 25][4, 24, 20, 14, 9][10, 2, 15, 27, 29][13, 6, 5, 21][7, 16, 28][22, 25][25, 28][18, 22][6, 16][4, 7][2, 6] 
[19, 17, 18, 0, 12, 8, 26][10, 2, 15, 27, 29][23, 1, 3, 11, 25][4, 24, 20, 14, 9][13, 6, 5, 21][7, 16, 28][4, 7][6, 16][2, 6][25, 28][22, 25][18, 22] 
[19, 17, 18, 0, 12, 8, 26][10, 2, 15, 27, 29][23, 1, 3, 11, 25][4, 24, 20, 14, 9][13, 6, 5, 21][7, 16, 28][4, 7][6, 16][2, 6][25, 28][22, 25][18, 22] 
[19, 17, 18, 0, 12, 8, 26][23, 1, 3, 11, 25][4, 24, 20, 14, 9][10, 2, 15, 27, 29][13, 6, 5, 21][7, 16, 28][22, 25][25, 28][18, 22][6, 16][4, 7][2, 6] 
[19, 17, 18, 0, 12, 8, 26][10, 2, 15, 27, 29][23, 1, 3, 11, 25][4, 24, 20, 14, 9][13, 6, 5, 21][7, 16, 28][4, 7][6, 16][2, 6][25, 28][22, 25][18, 22] 
[19, 17, 18, 0, 12, 8, 26][23, 1, 3, 11, 25][4, 24, 20, 14, 9][10, 2, 15, 27, 29][13, 6, 5, 21][7, 16, 28][22, 25][25, 28][18, 22][6, 16][4, 7][2, 6] 
[19, 17, 18, 0, 12, 8, 26][9, 14, 4, 7, 24, 20][23, 1, 3, 11, 25][10, 2, 15, 27, 29][13, 6, 5, 21][22, 25, 28][7, 24][7, 16][6, 16][16, 28][2, 6][18, 22] 
[19, 17, 18, 0, 12, 8, 26][9, 14, 4, 7, 24, 20][23, 1, 3, 11, 25][10, 2, 15, 27, 29][13, 6, 5, 21][22, 25, 28][7, 24][7, 16][6, 16][16, 28][2, 6][18, 22] 
[19, 17, 18, 0, 12, 8, 26][9, 14, 4, 7, 24, 20][23, 1, 3, 11, 25][10, 2, 15, 27, 29][13, 6, 5, 21][22, 25, 28][7, 24][7, 16][6, 16][16, 28][2, 6][18, 22] 
[19, 17, 18, 0, 12, 8, 26][9, 14, 4, 7, 24, 20][23, 1, 3, 11, 25][10, 2, 15, 27, 29][13, 6, 5, 21][22, 25, 28][7, 24][7, 16][6, 16][16, 28][2, 6][18, 22] 
[19, 17, 18, 0, 12, 8, 26][9, 14, 4, 7, 24, 20][23, 1, 3, 11, 25][10, 2, 15, 27, 29][13, 6, 5, 21][22, 25, 28][7, 24][7, 16][6, 16][16, 28][2, 6][18, 22] 
[19, 17, 18, 0, 12, 8, 26][9, 14, 4, 7, 24, 20][23, 1, 3, 11, 25][10, 2, 15, 27, 29][13, 6, 5, 21][16, 28, 25, 22][7, 24][7, 16][6, 16][16, 28][2, 6][18, 22] 
[19, 17, 18, 0, 12, 8, 26][4, 24, 20, 14, 9][23, 1, 3, 11, 25][10, 2, 15, 27, 29][13, 6, 5, 21][7, 16, 28][6, 16][22, 25][2, 6][18, 22][7, 24][25, 28] 
[19, 17, 18, 0, 12, 8, 26][10, 2, 15, 27, 29][23, 1, 3, 11, 25][4, 24, 20, 14, 9][13, 6, 5, 21][7, 16, 28][2, 6][6, 16][25, 28][22, 25][7, 24][18, 22] 
[19, 17, 18, 0, 12, 8, 26][4, 24, 20, 14, 9][23, 1, 3, 11, 25][10, 2, 15, 27, 29][13, 6, 5, 21][7, 16, 28][6, 16][22, 25][2, 6][18, 22][7, 24][25, 28] 
[19, 17, 18, 0, 12, 8, 26][23, 1, 3, 11, 25][4, 24, 20, 14, 9][10, 2, 15, 27, 29][13, 6, 5, 21][7, 16, 28][25, 28][6, 16][7, 24][2, 6][22, 25][18, 22] 
[19, 17, 18, 0, 12, 8, 26][23, 1, 3, 11, 25][4, 24, 20, 14, 9][10, 2, 15, 27, 29][13, 6, 5, 21][7, 16, 28][25, 28][7, 24][6, 16][2, 6][22, 25][18, 22] 
[19, 17, 18, 0, 12, 8, 26][10, 2, 15, 27, 29][23, 1, 3, 11, 25][4, 24, 20, 14, 9][13, 6, 5, 21][7, 16, 28][4, 7][6, 16][2, 6][25, 28][22, 25][18, 22] 
[19, 17, 18, 0, 12, 8, 26][23, 1, 3, 11, 25][10, 2, 15, 27, 29][4, 24, 20, 14, 9][13, 6, 5, 21][7, 16, 28][25, 28][6, 16][2, 6][7, 24][22, 25][18, 22] 
