[9, 23, 24, 4, 20, 14][7, 27, 29, 2, 10][13, 6, 5, 21, 15][12, 0, 18, 22][17, 19, 8, 26][1, 3, 11, 25][0, 28, 16][7, 20][16, 27][6, 16][17, 22][25, 28] 
[7, 27, 29, 2, 10][14, 20, 4, 24, 23][9, 1, 3, 11, 25][13, 6, 5, 21, 15][12, 0, 18, 22][17, 19, 8, 26][0, 28, 16][7, 20][16, 27][25, 28][6, 16][17, 22] 
[13, 6, 5, 21, 15][9, 1, 3, 11, 25][14, 20, 4, 24, 23][7, 27, 29, 2, 10][12, 0, 18, 22][17, 19, 8, 26][0, 28, 16][17, 22][6, 16][25, 28][9, 23][7, 20] 
[9, 1, 3, 11, 25][13, 6, 5, 21, 15][14, 20, 4, 24, 23][7, 27, 29, 2, 10][12, 0, 18, 22][17, 19, 8, 26][0, 28, 16][25, 28][6, 16][17, 22][9, 23][7, 20] 
[9, 14, 20, 4, 24, 23][7, 27, 29, 2, 10][13, 6, 5, 21, 15][17, 19, 8, 26][12, 0, 18, 22][1, 3, 11, 25][0, 28, 16][17, 22][16, 27][6, 16][7, 20][25, 28] 
[9, 1, 3, 11, 25][14, 20, 4, 24, 23][13, 6, 5, 21, 15][7, 27, 29, 2, 10][12, 0, 18, 22][17, 19, 8, 26][0, 28, 16][25, 28][9, 23][6, 16][7, 20][17, 22] 
[7, 27, 29, 2, 10][14, 20, 4, 24, 23][9, 1, 3, 11, 25][13, 6, 5, 21, 15][12, 0, 18, 22][17, 19, 8, 26][0, 28, 16][7, 20][9, 23][25, 28][17, 22][6, 16] 
[14, 20, 4, 24, 23][7, 27, 29, 2, 10][9, 1, 3, 11, 25][13, 6, 5, 21, 15][12, 0, 18, 22][17, 19, 8, 26][0, 28, 16][7, 20][9, 14][25, 28][6, 16][17, 22] 
[7, 27, 29, 2, 10][14, 20, 4, 24, 23][9, 1, 3, 11, 25][13, 6, 5, 21, 15][12, 0, 18, 22][17, 19, 8, 26][0, 28, 16][7, 20][9, 23][25, 28][6, 16][17, 22] 
[7, 27, 29, 2, 10][14, 20, 4, 24, 23][9, 1, 3, 11, 25][13, 6, 5, 21, 15][12, 0, 18, 22][17, 19, 8, 26][0, 28, 16][7, 20][9, 14][25, 28][6, 16][17, 22] 
[9, 23, 24, 4, 20, 14][7, 27, 29, 2, 10][13, 6, 5, 21, 15][12, 0, 18, 22][1, 3, 11, 25][17, 19, 8, 26][0, 28, 16][16, 27][25, 28][6, 16][7, 20][17, 22] 
[9, 1, 3, 11, 25][13, 6, 5, 21, 15][7, 27, 29, 2, 10][14, 20, 4, 24, 23][12, 0, 18, 22][17, 19, 8, 26][0, 28, 16][25, 28][17, 22][6, 16][16, 27][7, 20] 
[13, 6, 5, 21, 15][9, 1, 3, 11, 25][14, 20, 4, 24, 23][7, 27, 29, 2, 10][12, 0, 18, 22][17, 19, 8, 26][0, 28, 16][17, 22][6, 16][25, 28][9, 23][7, 20] 
[9, 14, 20, 4, 24, 23][13, 6, 5, 21, 15][7, 27, 29, 2, 10][17, 19, 8, 26][12, 0, 18, 22][1, 3, 11, 25][0, 28, 16][17, 22][6, 16][25, 28][16, 27][7, 20] 
[9, 1, 3, 11, 25][13, 6, 5, 21, 15][14, 20, 4, 24, 23][7, 27, 29, 2, 10][12, 0, 18, 22][17, 19, 8, 26][0, 28, 16][25, 28][17, 22][6, 16][9, 23][7, 20] 
[13, 6, 5, 21, 15][9, 1, 3, 11, 25][14, 20, 4, 24, 23][7, 27, 29, 2, 10][17, 19, 8, 26][12, 0, 18, 22][0, 28, 16][17, 22][6, 16][25, 28][9, 14][7, 20] 
[9, 23, 24, 4, 20, 14][7, 27, 29, 2, 10][13, 6, 5, 21, 15][12, 0, 18, 22][1, 3, 11, 25][17, 19, 8, 26][0, 28, 16][16, 27][25, 28][17, 22][6, 16][7, 20] 
[7, 27, 29, 2, 10][14, 20, 4, 24, 23][9, 1, 3, 11, 25][13, 6, 5, 21, 15][12, 0, 18, 22][17, 19, 8, 26][0, 28, 16][16, 27][7, 20][17, 22][25, 28][6, 16] 
[9, 14, 20, 4, 24, 23][13, 6, 5, 21, 15][7, 27, 29, 2, 10][12, 0, 18, 22][1, 3, 11, 25][17, 19, 8, 26][0, 28, 16][6, 16][25, 28][17, 22][16, 27][7, 20] 
[9, 23, 24, 4, 20, 14][13, 6, 5, 21, 15][7, 27, 29, 2, 10][12, 0, 18, 22][1, 3, 11, 25][17, 19, 8, 26][0, 28, 16][6, 16][25, 28][17, 22][16, 27][7, 20] 
[9, 23, 24, 4, 20, 14][7, 27, 29, 2, 10][13, 6, 5, 21, 15][12, 0, 18, 22][17, 19, 8, 26][1, 3, 11, 25][0, 28, 16][7, 20][16, 27][6, 16][17, 22][25, 28] 
[7, 27, 29, 2, 10][14, 20, 4, 24, 23][9, 1, 3, 11, 25][13, 6, 5, 21, 15][12, 0, 18, 22][17, 19, 8, 26][0, 28, 16][7, 20][16, 27][25, 28][6, 16][17, 22] 
[13, 6, 5, 21, 15][9, 1, 3, 11, 25][14, 20, 4, 24, 23][7, 27, 29, 2, 10][12, 0, 18, 22][17, 19, 8, 26][0, 28, 16][6, 16][17, 22][25, 28][9, 23][7, 20] 
[9, 14, 20, 4, 24, 23][13, 6, 5, 21, 15][7, 27, 29, 2, 10][12, 0, 18, 22][1, 3, 11, 25][17, 19, 8, 26][0, 28, 16][6, 16][25, 28][17, 22][16, 27][7, 20] 
[9, 1, 3, 11, 25][13, 6, 5, 21, 15][14, 20, 4, 24, 23][7, 27, 29, 2, 10][12, 0, 18, 22][17, 19, 8, 26][0, 28, 16][25, 28][6, 16][17, 22][9, 23][7, 20] 
[14, 20, 4, 24, 23][7, 27, 29, 2, 10][9, 1, 3, 11, 25][13, 6, 5, 21, 15][12, 0, 18, 22][17, 19, 8, 26][0, 28, 16][7, 20][9, 14][25, 28][6, 16][17, 22] 
[9, 23, 24, 4, 20, 14][7, 27, 29, 2, 10][13, 6, 5, 21, 15][12, 0, 18, 22][1, 3, 11, 25][17, 19, 8, 26][0, 28, 16][7, 20][16, 27][25, 28][6, 16][17, 22] 
[13, 6, 5, 21, 15][9, 1, 3, 11, 25][7, 27, 29, 2, 10][14, 20, 4, 24, 23][12, 0, 18, 22][17, 19, 8, 26][0, 28, 16][6, 16][25, 28][16, 27][17, 22][7, 20] 
[9, 14, 20, 4, 24, 23][13, 6, 5, 21, 15][7, 27, 29, 2, 10][12, 0, 18, 22][1, 3, 11, 25][17, 19, 8, 26][0, 28, 16][6, 16][16, 27][25, 28][7, 20][17, 22] 
[9, 23, 24, 4, 20, 14][13, 6, 5, 21, 15][7, 27, 29, 2, 10][12, 0, 18, 22][17, 19, 8, 26][1, 3, 11, 25][0, 28, 16][6, 16][17, 22][25, 28][16, 27][7, 20] 
[9, 23, 24, 4, 20, 14][7, 27, 29, 2, 10][13, 6, 5, 21, 15][12, 0, 18, 22][17, 19, 8, 26][1, 3, 11, 25][0, 28, 16][7, 20][16, 27][17, 22][6, 16][25, 28] 
[14, 20, 4, 24, 23][7, 27, 29, 2, 10][9, 1, 3, 11, 25][13, 6, 5, 21, 15][12, 0, 18, 22][17, 19, 8, 26][0, 28, 16][7, 20][16, 27][17, 22][25, 28][6, 16] 
[9, 14, 20, 4, 24, 23][13, 6, 5, 21, 15][7, 27, 29, 2, 10][1, 3, 11, 25][12, 0, 18, 22][17, 19, 8, 26][0, 28, 16][25, 28][17, 22][6, 16][16, 27][7, 20] 
[9, 23, 24, 4, 20, 14][13, 6, 5, 21, 15][7, 27, 29, 2, 10][1, 3, 11, 25][12, 0, 18, 22][17, 19, 8, 26][0, 28, 16][25, 28][17, 22][6, 16][16, 27][7, 20] 
[9, 23, 24, 4, 20, 14][7, 27, 29, 2, 10][13, 6, 5, 21, 15][12, 0, 18, 22][17, 19, 8, 26][1, 3, 11, 25][0, 28, 16][7, 20][16, 27][17, 22][6, 16][25, 28] 
[5, 15, 10, 6, 13, 18, 22, 19, 17, 12, 8, 26][22, 25, 11, 3, 1, 9, 23, 20, 4, 14, 24][7, 27, 29, 2, 10][0, 28, 16][11, 25][11, 25][18, 22][2, 21][11, 25][18, 22][27, 29][0, 18] 
[16, 7, 10, 21, 5, 15, 6, 13, 0, 26, 8, 12, 18, 17][5, 15, 10, 6, 13, 18, 22, 19, 17, 12, 8, 26][22, 25, 11, 3, 1, 9, 23, 20, 4, 14, 24][2, 7, 16, 28, 0, 22][7, 10, 27, 29, 2, 21][18, 22][7, 10][27, 29][27, 29][18, 22][11, 25][11, 25] 
[21, 2, 7, 16, 28, 0, 22, 17, 19, 12, 8, 26][23, 9, 1, 14, 20, 4, 24, 3, 11, 25, 28][5, 15, 6, 13, 0, 26][10, 2, 29, 27][16, 28][17, 18][2, 29][10, 27][2, 10][11, 25][0, 26][11, 25] 
[7, 10, 21, 5, 15, 6, 13, 0, 26, 8, 12, 18, 17][22, 25, 11, 3, 1, 9, 23, 20, 4, 14, 24][10, 2, 29, 27][7, 28][18, 22][19, 22][11, 25][11, 25][11, 25][11, 25][2, 29][16, 28] 
[16, 7, 10, 21, 5, 15, 6, 13, 0, 26, 8, 12, 18][14, 4, 20, 23, 9, 1, 3, 11, 25, 22, 19][10, 2, 29, 27][1, 9][25, 28][7, 28][0, 26][9, 23][14, 24][2, 29][11, 25][17, 18] 
[12, 17, 19, 22, 18, 13, 6, 10, 15, 5, 21][23, 9, 1, 14, 20, 4, 24, 3, 11, 25, 28][4, 24, 3, 11, 25, 28][7, 27, 29, 2, 10][17, 19, 8, 26][0, 28, 16][7, 20][11, 25][11, 25][18, 22][14, 20][25, 28] 
[16, 7, 10, 21, 5, 15, 6, 13, 0, 26, 8, 12, 18, 17][14, 4, 20, 23, 9, 1, 3, 11, 25, 22, 19][10, 2, 29, 27][14, 4, 20, 23][2, 29][2, 10][17, 18][16, 28][25, 28][14, 24][9, 23][11, 25] 
[16, 7, 10, 21, 5, 15, 6, 13, 0, 26, 8, 12, 18, 17][22, 25, 11, 3, 1, 9, 23, 20, 4, 14, 24][21, 2, 29, 27][12, 19][18, 22][7, 10][7, 28][2, 29][9, 23][2, 29][11, 25][11, 25] 
[21, 5, 15, 10, 6, 13, 18, 22, 19, 17, 12, 8, 26][23, 9, 1, 14, 20, 4, 24, 3, 11, 25, 28][0, 28, 16, 7, 2][16, 28][2, 29][15, 29][10, 27][11, 25][11, 25][11, 25][11, 25][11, 25] 
[16, 7, 10, 21, 5, 15, 6, 13, 0, 26, 8, 12, 18][14, 4, 20, 23, 9, 1, 3, 11, 25, 22][10, 6, 13, 18, 22, 19, 17][10, 2, 29, 27][1, 9][3, 24][17, 28][5, 21][0, 26][2, 29][0, 26][2, 29] 
[16, 7, 10, 21, 5, 15, 6, 13, 0, 26, 8, 12, 18, 17][19, 22, 25, 11, 3, 1, 9, 23, 20, 4, 14, 24][21, 2, 29, 27][20, 4, 14, 24][2, 29][12, 18][17, 18][7, 28][18, 22][16, 28][12, 18][2, 29] 
[16, 7, 10, 21, 5, 15, 6, 13, 0, 26, 8, 12, 18, 17][19, 22, 25, 11, 3, 1, 9, 23, 20, 4, 14, 24][21, 2, 29, 27][20, 4, 14, 24][2, 29][12, 18][17, 18][7, 28][18, 22][16, 28][12, 18][2, 29] 
[7, 10, 21, 5, 15, 6, 13, 0, 26, 8, 12, 18][19, 22, 25, 11, 3, 1, 9, 23, 20, 4, 14, 24][10, 2, 29, 27][2, 29][16, 28][17, 28][7, 20][4, 14][2, 29][7, 28][2, 29][9, 23] 
[0, 13, 6, 15, 5, 21, 10, 7, 16][20, 23, 9, 1, 3, 11, 25, 22][13, 18, 22, 19, 17, 12, 8, 26][10, 2, 29, 27][20, 4, 14, 24][11, 25][7, 28][11, 25][2, 29][11, 25][2, 29][11, 25] 
[5, 15, 10, 6, 13, 18, 22, 19, 17, 12, 8, 26][22, 25, 11, 3, 1, 9, 23, 20, 4, 14, 24][7, 27, 29, 2, 10][0, 28, 16][11, 25][11, 25][18, 22][2, 21][11, 25][18, 22][27, 29][0, 18] 
[21, 5, 15, 10, 6, 13, 18, 22, 19, 17, 12, 8, 26][23, 9, 1, 14, 20, 4, 24, 3, 11, 25, 28][16, 27, 29, 2, 21][2, 29][22, 25][7, 28][0, 26][11, 25][1, 9][11, 25][25, 28][11, 25] 
[16, 7, 10, 21, 5, 15, 6, 13, 0, 26, 8, 12, 18, 17][22, 25, 11, 3, 1, 9, 23, 20, 4, 14, 24][21, 2, 29, 27][2, 29][7, 28][12, 19][18, 22][2, 29][11, 25][11, 25][9, 23][11, 25] 
[16, 7, 10, 21, 5, 15, 6, 13, 0, 26, 8, 12, 18, 17][19, 22, 25, 11, 3, 1, 9, 23, 20, 4, 14, 24][7, 10, 21, 5, 15, 6, 13, 0, 26, 8, 12, 18][21, 2, 29, 27][18, 22][12, 18][17, 18][7, 28][2, 29][11, 25][17, 18][11, 25] 
[9, 3, 11, 25, 0, 13, 6, 10, 7, 4, 14, 23, 1, 24, 20][21, 2, 7, 16, 28, 0, 22, 17, 19, 12, 8, 26][6, 5, 15, 29][16, 28][17, 22][10, 27][11, 25][7, 16][11, 25][6, 13][18, 19][11, 25] 
[21, 5, 15, 10, 6, 13, 18, 22, 19, 17, 12, 8, 26][23, 9, 1, 14, 20, 4, 24, 3, 11, 25, 28][16, 27, 29, 2, 21][2, 29][22, 25][7, 28][0, 26][11, 25][1, 9][11, 25][25, 28][11, 25] 
[9, 3, 11, 25, 0, 13, 6, 10, 7, 4, 14, 23, 1, 24, 20][21, 2, 7, 16, 28, 0, 22, 17, 19, 12, 8, 26][6, 5, 15, 29][16, 28][17, 22][10, 27][11, 25][7, 16][11, 25][6, 13][18, 19][11, 25] 
[9, 14, 20, 4, 24, 23][7, 27, 29, 2, 10][13, 6, 5, 21, 15][17, 19, 8, 26][12, 0, 18, 22][1, 3, 11, 25][0, 28, 16][17, 22][16, 27][6, 16][7, 20][25, 28] 
[9, 14, 20, 4, 24, 23][7, 27, 29, 2, 10][13, 6, 5, 21, 15][12, 0, 18, 22][17, 19, 8, 26][1, 3, 11, 25][0, 28, 16][7, 20][16, 27][17, 22][25, 28][6, 16] 
[9, 14, 20, 4, 24, 23][7, 27, 29, 2, 10][13, 6, 5, 21, 15][12, 0, 18, 22][17, 19, 8, 26][1, 3, 11, 25][0, 28, 16][7, 20][16, 27][6, 16][17, 22][25, 28] 
[9, 14, 20, 4, 24, 23][7, 27, 29, 2, 10][13, 6, 5, 21, 15][12, 0, 18, 22][1, 3, 11, 25][17, 19, 8, 26][0, 28, 16][7, 20][16, 27][6, 16][25, 28][17, 22] 
[9, 14, 20, 4, 24, 23][7, 27, 29, 2, 10][13, 6, 5, 21, 15][12, 0, 18, 22][17, 19, 8, 26][1, 3, 11, 25][0, 28, 16][7, 20][16, 27][17, 22][6, 16][25, 28] 
[9, 14, 20, 4, 24, 23][7, 27, 29, 2, 10][13, 6, 5, 21, 15][12, 0, 18, 22][1, 3, 11, 25][17, 19, 8, 26][0, 28, 16][7, 20][16, 27][6, 16][25, 28][17, 22] 
[9, 14, 20, 4, 24, 23][7, 27, 29, 2, 10][13, 6, 5, 21, 15][12, 0, 18, 22][17, 19, 8, 26][1, 3, 11, 25][0, 28, 16][16, 27][17, 22][25, 28][7, 20][6, 16] 
[9, 14, 20, 4, 24, 23][7, 27, 29, 2, 10][13, 6, 5, 21, 15][12, 0, 18, 22][17, 19, 8, 26][1, 3, 11, 25][0, 28, 16][7, 20][16, 27][17, 22][25, 28][6, 16] 
[9, 14, 20, 4, 24, 23][7, 27, 29, 2, 10][13, 6, 5, 21, 15][17, 19, 8, 26][12, 0, 18, 22][1, 3, 11, 25][0, 28, 16][17, 22][25, 28][16, 27][6, 16][7, 20] 
[9, 14, 20, 4, 24, 23][13, 6, 5, 21, 15][7, 27, 29, 2, 10][12, 0, 18, 22][1, 3, 11, 25][17, 19, 8, 26][0, 28, 16][6, 16][25, 28][17, 22][16, 27][7, 20] 
[9, 14, 20, 4, 24, 23][13, 6, 5, 21, 15][7, 27, 29, 2, 10][12, 0, 18, 22][1, 3, 11, 25][17, 19, 8, 26][0, 28, 16][6, 16][25, 28][16, 27][17, 22][7, 20] 
[9, 14, 20, 4, 24, 23][7, 27, 29, 2, 10][13, 6, 5, 21, 15][12, 0, 18, 22][17, 19, 8, 26][1, 3, 11, 25][0, 28, 16][16, 27][6, 16][17, 22][25, 28][7, 20] 
[9, 14, 20, 4, 24, 23][7, 27, 29, 2, 10][13, 6, 5, 21, 15][17, 19, 8, 26][12, 0, 18, 22][1, 3, 11, 25][0, 28, 16][17, 22][16, 27][7, 20][6, 16][25, 28] 
[9, 14, 20, 4, 24, 23][13, 6, 5, 21, 15][7, 27, 29, 2, 10][1, 3, 11, 25][12, 0, 18, 22][17, 19, 8, 26][0, 28, 16][25, 28][17, 22][6, 16][16, 27][7, 20] 
[9, 14, 20, 4, 24, 23][13, 6, 5, 21, 15][7, 27, 29, 2, 10][12, 0, 18, 22][1, 3, 11, 25][17, 19, 8, 26][0, 28, 16][6, 16][25, 28][16, 27][17, 22][7, 20] 
[9, 23, 24, 4, 20, 14][7, 27, 29, 2, 10][13, 6, 5, 21, 15][1, 3, 11, 25][12, 0, 18, 22][17, 19, 8, 26][0, 28, 16][25, 28][16, 27][7, 20][17, 22][6, 16] 
[9, 23, 24, 4, 20, 14][7, 27, 29, 2, 10][13, 6, 5, 21, 15][1, 3, 11, 25][12, 0, 18, 22][17, 19, 8, 26][0, 28, 16][7, 20][25, 28][16, 27][6, 16][17, 22] 
[9, 23, 24, 4, 20, 14][7, 27, 29, 2, 10][13, 6, 5, 21, 15][1, 3, 11, 25][12, 0, 18, 22][17, 19, 8, 26][0, 28, 16][25, 28][16, 27][7, 20][17, 22][6, 16] 
[9, 23, 24, 4, 20, 14][7, 27, 29, 2, 10][13, 6, 5, 21, 15][12, 0, 18, 22][1, 3, 11, 25][17, 19, 8, 26][0, 28, 16][16, 27][25, 28][6, 16][17, 22][7, 20] 
[9, 23, 24, 4, 20, 14][7, 27, 29, 2, 10][13, 6, 5, 21, 15][12, 0, 18, 22][1, 3, 11, 25][17, 19, 8, 26][0, 28, 16][16, 27][6, 16][7, 20][17, 22][25, 28] 
[9, 23, 24, 4, 20, 14][13, 6, 5, 21, 15][1, 3, 11, 25, 28][7, 27, 29, 2, 10][17, 19, 8, 26][12, 0, 18, 22][6, 16][16, 28][16, 27][17, 28][17, 22][7, 20] 
[9, 14, 20, 4, 24, 23][7, 27, 29, 2, 10][13, 6, 5, 21, 15][12, 0, 18, 22][1, 3, 11, 25][17, 19, 8, 26][0, 28, 16][7, 20][16, 27][6, 16][25, 28][17, 22] 
[9, 14, 20, 4, 24, 23][13, 6, 5, 21, 15][7, 27, 29, 2, 10][12, 0, 18, 22][17, 19, 8, 26][1, 3, 11, 25][0, 28, 16][17, 22][6, 16][25, 28][16, 27][7, 20] 
[9, 14, 20, 4, 24, 23][7, 27, 29, 2, 10][13, 6, 5, 21, 15][17, 19, 8, 26][12, 0, 18, 22][1, 3, 11, 25][0, 28, 16][17, 22][16, 27][7, 20][6, 16][25, 28] 
[9, 14, 20, 4, 24, 23][13, 6, 5, 21, 15][7, 27, 29, 2, 10][12, 0, 18, 22][1, 3, 11, 25][17, 19, 8, 26][0, 28, 16][6, 16][25, 28][16, 27][7, 20][17, 22] 
[9, 14, 20, 4, 24, 23][7, 27, 29, 2, 10][13, 6, 5, 21, 15][12, 0, 18, 22][17, 19, 8, 26][1, 3, 11, 25][0, 28, 16][7, 20][16, 27][17, 22][6, 16][25, 28] 
[9, 23, 24, 4, 20, 14][7, 27, 29, 2, 10][13, 6, 5, 21, 15][1, 3, 11, 25][12, 0, 18, 22][17, 19, 8, 26][0, 28, 16][25, 28][16, 27][17, 22][6, 16][7, 20] 
[9, 14, 20, 4, 24, 23][7, 27, 29, 2, 10][13, 6, 5, 21, 15][12, 0, 18, 22][17, 19, 8, 26][1, 3, 11, 25][0, 28, 16][16, 27][17, 22][25, 28][7, 20][6, 16] 
[9, 23, 24, 4, 20, 14][13, 6, 5, 21, 15][7, 27, 29, 2, 10][12, 0, 18, 22][17, 19, 8, 26][1, 3, 11, 25][0, 28, 16][17, 22][6, 16][16, 27][25, 28][7, 20] 
[9, 23, 24, 4, 20, 14][7, 27, 29, 2, 10][13, 6, 5, 21, 15][1, 3, 11, 25][12, 0, 18, 22][17, 19, 8, 26][0, 28, 16][7, 20][25, 28][16, 27][6, 16][17, 22] 
[9, 23, 24, 4, 20, 14][13, 6, 5, 21, 15][7, 27, 29, 2, 10][17, 19, 8, 26][12, 0, 18, 22][1, 3, 11, 25][0, 28, 16][17, 22][6, 16][16, 27][7, 20][25, 28] 
[9, 23, 24, 4, 20, 14][13, 6, 5, 21, 15][7, 27, 29, 2, 10][12, 0, 18, 22][17, 19, 8, 26][1, 3, 11, 25][0, 28, 16][17, 22][6, 16][16, 27][25, 28][7, 20] 
[9, 23, 24, 4, 20, 14][7, 27, 29, 2, 10][13, 6, 5, 21, 15][1, 3, 11, 25][12, 0, 18, 22][17, 19, 8, 26][0, 28, 16][25, 28][16, 27][17, 22][7, 20][6, 16] 
[9, 23, 24, 4, 20, 14][7, 27, 29, 2, 10][13, 6, 5, 21, 15][1, 3, 11, 25][12, 0, 18, 22][17, 19, 8, 26][0, 28, 16][25, 28][16, 27][17, 22][6, 16][7, 20] 
[9, 23, 24, 4, 20, 14][7, 27, 29, 2, 10][13, 6, 5, 21, 15][12, 0, 18, 22][1, 3, 11, 25][17, 19, 8, 26][0, 28, 16][7, 20][16, 27][25, 28][17, 22][6, 16] 
[9, 23, 24, 4, 20, 14][7, 27, 29, 2, 10][13, 6, 5, 21, 15][1, 3, 11, 25][12, 0, 18, 22][17, 19, 8, 26][0, 28, 16][25, 28][16, 27][17, 22][7, 20][6, 16] 
[9, 23, 24, 4, 20, 14][7, 27, 29, 2, 10][13, 6, 5, 21, 15][12, 0, 18, 22][1, 3, 11, 25][17, 19, 8, 26][0, 28, 16][16, 27][25, 28][17, 22][6, 16][7, 20] 
[9, 23, 24, 4, 20, 14][7, 27, 29, 2, 10][13, 6, 5, 21, 15][12, 0, 18, 22][1, 3, 11, 25][17, 19, 8, 26][0, 28, 16][7, 20][16, 27][25, 28][6, 16][17, 22] 
[9, 23, 24, 4, 20, 14][13, 6, 5, 21, 15][7, 27, 29, 2, 10][1, 3, 11, 25][12, 0, 18, 22][17, 19, 8, 26][0, 28, 16][25, 28][17, 22][6, 16][16, 27][7, 20] 
[9, 23, 24, 4, 20, 14][7, 27, 29, 2, 10][13, 6, 5, 21, 15][12, 0, 18, 22][17, 19, 8, 26][1, 3, 11, 25][0, 28, 16][16, 27][6, 16][17, 22][25, 28][7, 20] 
[9, 23, 24, 4, 20, 14][13, 6, 5, 21, 15][7, 27, 29, 2, 10][12, 0, 18, 22][1, 3, 11, 25][17, 19, 8, 26][0, 28, 16][6, 16][25, 28][17, 22][16, 27][7, 20] 
[9, 23, 24, 4, 20, 14][13, 6, 5, 21, 15][7, 27, 29, 2, 10][12, 0, 18, 22][17, 19, 8, 26][1, 3, 11, 25][0, 28, 16][6, 16][17, 22][25, 28][16, 27][7, 20] 
[9, 23, 24, 4, 20, 14][7, 27, 29, 2, 10][13, 6, 5, 21, 15][12, 0, 18, 22][1, 3, 11, 25][17, 19, 8, 26][0, 28, 16][16, 27][6, 16][7, 20][17, 22][25, 28] 
[9, 23, 24, 4, 20, 14][13, 6, 5, 21, 15][1, 3, 11, 25, 28][7, 27, 29, 2, 10][17, 19, 8, 26][12, 0, 18, 22][16, 28, 17][6, 16][16, 27][17, 22][7, 20][11, 25] 
[9, 23, 24, 4, 20, 14][7, 27, 29, 2, 10][1, 3, 11, 25, 28][13, 6, 5, 21, 15][17, 19, 8, 26][12, 0, 18, 22][16, 28, 17][7, 20][16, 27][6, 16][17, 22][11, 25] 
[9, 23, 24, 4, 20, 14][1, 3, 11, 25, 28][13, 6, 5, 21, 15][7, 27, 29, 2, 10][17, 19, 8, 26][12, 0, 18, 22][16, 28, 17][11, 25][17, 22][6, 16][16, 27][7, 20] 
[9, 23, 24, 4, 20, 14][13, 6, 5, 21, 15][1, 3, 11, 25, 28][7, 27, 29, 2, 10][17, 19, 8, 26][12, 0, 18, 22][16, 28, 17][6, 16][16, 27][17, 22][7, 20][11, 25] 
[9, 23, 24, 4, 20, 14][1, 3, 11, 25, 28][13, 6, 5, 21, 15][7, 27, 29, 2, 10][17, 19, 8, 26][12, 0, 18, 22][16, 28, 17][11, 25][6, 16][17, 22][16, 27][7, 20] 
[9, 23, 24, 4, 20, 14][1, 3, 11, 25, 28][13, 6, 5, 21, 15][7, 27, 29, 2, 10][17, 19, 8, 26][12, 0, 18, 22][16, 28, 17][11, 25][6, 16][17, 22][16, 27][7, 20] 
[9, 14, 20, 4, 24, 23][13, 6, 5, 21, 15][7, 27, 29, 2, 10][12, 0, 18, 22][17, 19, 8, 26][1, 3, 11, 25][0, 28, 16][17, 22][6, 16][25, 28][16, 27][7, 20] 
[9, 14, 20, 4, 24, 23][7, 27, 29, 2, 10][13, 6, 5, 21, 15][12, 0, 18, 22][17, 19, 8, 26][1, 3, 11, 25][0, 28, 16][7, 20][16, 27][6, 16][17, 22][25, 28] 
[9, 14, 20, 4, 24, 23][7, 27, 29, 2, 10][13, 6, 5, 21, 15][12, 0, 18, 22][17, 19, 8, 26][1, 3, 11, 25][0, 28, 16][7, 20][16, 27][17, 22][6, 16][25, 28] 
[9, 14, 20, 4, 24, 23][13, 6, 5, 21, 15][7, 27, 29, 2, 10][1, 3, 11, 25][12, 0, 18, 22][17, 19, 8, 26][0, 28, 16][25, 28][6, 16][16, 27][17, 22][7, 20] 
[9, 14, 20, 4, 24, 23][13, 6, 5, 21, 15][7, 27, 29, 2, 10][1, 3, 11, 25][12, 0, 18, 22][17, 19, 8, 26][0, 28, 16][25, 28][6, 16][16, 27][17, 22][7, 20] 
[9, 23, 24, 4, 20, 14][7, 27, 29, 2, 10][13, 6, 5, 21, 15][17, 19, 8, 26][12, 0, 18, 22][1, 3, 11, 25][0, 28, 16][17, 22][16, 27][25, 28][7, 20][6, 16] 
[9, 14, 20, 4, 24, 23][7, 27, 29, 2, 10][13, 6, 5, 21, 15][12, 0, 18, 22][17, 19, 8, 26][1, 3, 11, 25][0, 28, 16][16, 27][6, 16][17, 22][25, 28][7, 20] 
