[1, 24, 4, 3, 9, 23][12, 17, 22, 0, 25, 28][7, 20, 14, 11][2, 27, 7, 16][5, 21, 15, 29][18, 19, 8, 26][10, 6, 13][2, 29][20, 24][10, 16][13, 18][0, 19] 
[12, 17, 22, 0, 25, 28][23, 9, 3, 4, 24][2, 27, 7, 16][18, 19, 8, 26][5, 21, 15, 29][10, 15, 6, 13][1, 14, 11][7, 20, 14][11, 17][1, 9][0, 19][2, 29] 
[12, 17, 22, 0, 25, 28][23, 9, 3, 4, 24][2, 27, 7, 16][5, 21, 15, 29][10, 15, 6, 13][18, 19, 8, 26][1, 14, 11][7, 20, 14][1, 9][2, 29][11, 17][0, 19] 
[12, 17, 22, 0, 25, 28][23, 9, 3, 4, 24][5, 21, 15, 29][13, 6, 10, 15][18, 19, 8, 26][2, 27, 7, 16][7, 20, 14][1, 14, 11][2, 29][11, 17][0, 19][1, 9] 
[12, 17, 22, 0, 25, 28][1, 24, 4, 3, 9, 23][21, 5, 15, 29][18, 19, 8, 26][2, 27, 7, 16][7, 20, 14, 11][10, 6, 13][10, 15][13, 18][0, 19][10, 16][1, 14] 
[1, 24, 4, 3, 9, 23][12, 17, 22, 0, 25, 28][5, 21, 15, 29][18, 19, 8, 26][2, 27, 7, 16][7, 20, 14, 11][10, 6, 13][10, 15][13, 18][2, 29][1, 14][0, 19] 
[12, 17, 22, 0, 25, 28][23, 9, 3, 4, 24][10, 15, 6, 13][5, 21, 15, 29][2, 27, 7, 16][18, 19, 8, 26][7, 20, 14][1, 14, 11][2, 29][11, 17][0, 19][1, 9] 
[1, 24, 4, 3, 9, 23][12, 17, 22, 0, 25, 28][2, 27, 7, 16][7, 20, 14, 11][18, 19, 8, 26][5, 21, 15, 29][10, 6, 13][1, 14][10, 16][13, 18][0, 19][10, 15] 
[12, 17, 22, 0, 25, 28][23, 9, 3, 4, 24][5, 21, 15, 29][2, 27, 7, 16][7, 20, 14, 11][18, 19, 8, 26][10, 6, 13][9, 1, 14][10, 15][10, 16][13, 18][0, 19] 
[1, 24, 4, 3, 9, 23][12, 17, 22, 0, 25, 28][5, 21, 15, 29][2, 27, 7, 16][7, 20, 14, 11][18, 19, 8, 26][10, 6, 13][10, 15][10, 16][1, 14][13, 18][0, 19] 
[1, 24, 4, 3, 9, 23][12, 17, 22, 0, 25, 28][2, 27, 7, 16][7, 20, 14, 11][18, 19, 8, 26][5, 21, 15, 29][10, 6, 13][10, 16][13, 18][20, 24][0, 19][2, 29] 
[12, 17, 22, 0, 25, 28][23, 9, 3, 4, 24][10, 15, 6, 13][5, 21, 15, 29][2, 27, 7, 16][18, 19, 8, 26][7, 20, 14][1, 14, 11][2, 29][11, 17][0, 19][1, 9] 
[12, 17, 22, 0, 25, 28][23, 9, 3, 4, 24][2, 27, 7, 16][18, 19, 8, 26][5, 21, 15, 29][10, 15, 6, 13][1, 14, 11][7, 20, 14][1, 9][11, 17][0, 19][2, 29] 
[12, 17, 22, 0, 25, 28][1, 24, 4, 3, 9, 23][21, 5, 15, 29][18, 19, 8, 26][2, 27, 7, 16][7, 20, 14, 11][10, 6, 13][10, 15][13, 18][10, 16][0, 19][1, 14] 
[12, 17, 22, 0, 25, 28][1, 24, 4, 3, 9, 23][5, 21, 15, 29][2, 27, 7, 16][7, 20, 14, 11][18, 19, 8, 26][10, 6, 13][10, 15][2, 29][13, 18][0, 19][1, 14] 
[1, 24, 4, 3, 9, 23][12, 17, 22, 0, 25, 28][2, 27, 7, 16][7, 20, 14, 11][5, 21, 15, 29][18, 19, 8, 26][10, 6, 13][10, 16][10, 15][1, 14][13, 18][0, 19] 
[1, 24, 4, 3, 9, 23][12, 17, 22, 0, 25, 28][2, 27, 7, 16][7, 20, 14, 11][5, 21, 15, 29][18, 19, 8, 26][10, 6, 13][20, 24][10, 16][2, 29][13, 18][0, 19] 
[12, 17, 22, 0, 25, 28][23, 9, 3, 4, 24][5, 21, 15, 29][10, 15, 6, 13][2, 27, 7, 16][18, 19, 8, 26][7, 20, 14][1, 14, 11][2, 29][11, 17][0, 19][1, 9] 
[12, 17, 22, 0, 25, 28][1, 24, 4, 3, 9, 23][18, 19, 8, 26][2, 27, 7, 16][7, 20, 14, 11][21, 5, 15, 29][10, 6, 13][13, 18][10, 16][10, 15][0, 19][1, 14] 
[1, 24, 4, 3, 9, 23][12, 17, 22, 0, 25, 28][2, 27, 7, 16][7, 20, 14, 11][18, 19, 8, 26][5, 21, 15, 29][10, 6, 13][10, 16][13, 18][2, 29][20, 24][0, 19] 
[12, 17, 22, 0, 25, 28][1, 24, 4, 3, 9, 23][7, 20, 14, 11][2, 27, 7, 16][18, 19, 8, 26][5, 21, 15, 29][10, 6, 13][10, 16][13, 18][0, 19][2, 29][20, 24] 
[12, 17, 22, 0, 25, 28][23, 9, 3, 4, 24][2, 27, 7, 16][18, 19, 8, 26][5, 21, 15, 29][10, 15, 6, 13][1, 14, 11][7, 20, 14][11, 17][1, 9][0, 19][2, 29] 
[12, 17, 22, 0, 25, 28][23, 9, 3, 4, 24][2, 27, 7, 16][18, 19, 8, 26][5, 21, 15, 29][10, 15, 6, 13][1, 14, 11][7, 20, 14][1, 9][11, 17][0, 19][2, 29] 
[1, 24, 4, 3, 9, 23][12, 17, 22, 0, 25, 28][2, 27, 7, 16][7, 20, 14, 11][21, 5, 15, 29][18, 19, 8, 26][10, 6, 13][10, 16][1, 14][10, 15][13, 18][0, 19] 
[1, 24, 4, 3, 9, 23][12, 17, 22, 0, 25, 28][5, 21, 15, 29][18, 19, 8, 26][2, 27, 7, 16][7, 20, 14, 11][10, 6, 13][10, 15][13, 18][2, 29][1, 14][0, 19] 
[1, 24, 4, 3, 9, 23][12, 17, 22, 0, 25, 28][5, 21, 15, 29][2, 27, 7, 16][7, 20, 14, 11][18, 19, 8, 26][10, 6, 13][10, 15][10, 16][1, 14][13, 18][0, 19] 
[1, 24, 4, 3, 9, 23][12, 17, 22, 0, 25, 28][2, 27, 7, 16][7, 20, 14, 11][18, 19, 8, 26][5, 21, 15, 29][10, 6, 13][10, 16][13, 18][20, 24][0, 19][2, 29] 
[12, 17, 22, 0, 25, 28][23, 9, 3, 4, 24][2, 27, 7, 16][5, 21, 15, 29][10, 15, 6, 13][18, 19, 8, 26][1, 14, 11][7, 20, 14][1, 9][2, 29][11, 17][0, 19] 
[12, 17, 22, 0, 25, 28][1, 24, 4, 3, 9, 23][18, 19, 8, 26][2, 27, 7, 16][7, 20, 14, 11][21, 5, 15, 29][10, 6, 13][0, 19][13, 18][10, 16][10, 15][1, 14] 
[12, 17, 22, 0, 25, 28][1, 24, 4, 3, 9, 23][18, 19, 8, 26][2, 27, 7, 16][7, 20, 14, 11][5, 21, 15, 29][10, 6, 13][0, 19][13, 18][10, 16][2, 29][20, 24] 
[1, 24, 4, 3, 9, 23][12, 17, 22, 0, 25, 28][2, 27, 7, 16][7, 20, 14, 11][18, 19, 8, 26][5, 21, 15, 29][10, 6, 13][10, 16][13, 18][2, 29][20, 24][0, 19] 
[12, 17, 22, 0, 25, 28][23, 9, 3, 4, 24][2, 27, 7, 16][5, 21, 15, 29][10, 15, 6, 13][18, 19, 8, 26][1, 14, 11][7, 20, 14][1, 9][2, 29][11, 17][0, 19] 
[12, 17, 22, 0, 25, 28][1, 24, 4, 3, 9, 23][18, 19, 8, 26][2, 27, 7, 16][7, 20, 14, 11][21, 5, 15, 29][10, 6, 13][0, 19][13, 18][10, 16][10, 15][1, 14] 
[12, 17, 22, 0, 25, 28][1, 24, 4, 3, 9, 23][2, 27, 7, 16][7, 20, 14, 11][5, 21, 15, 29][18, 19, 8, 26][10, 6, 13][10, 16][2, 29][13, 18][0, 19][20, 24] 
[12, 17, 22, 0, 25, 28][1, 24, 4, 3, 9, 23][2, 27, 7, 16][7, 20, 14, 11][18, 19, 8, 26][5, 21, 15, 29][10, 6, 13][10, 16][13, 18][0, 19][20, 24][2, 29] 
[16, 27, 15, 6, 13, 18, 19, 8, 12, 17, 22, 25, 0, 26][4, 20, 23, 9, 3, 24, 7, 2, 29, 27][5, 21, 15][11, 14, 20][13, 18][18, 19][10, 15][1, 14][17, 28][18, 19][9, 23][13, 18] 
[16, 27, 15, 6, 13, 18, 19, 8, 12, 17, 22, 25, 0, 26][14, 4, 20, 23, 9, 3, 24, 7, 2, 29, 27][2, 21, 5][6, 10][16, 28][1, 14][11, 17][9, 23][18, 19][6, 13][13, 18][18, 19] 
[6, 13, 18, 19, 8, 12, 17, 22, 25, 0, 26][1, 14, 4, 20, 23, 9, 3, 24, 7, 2, 29][10, 6, 15, 5, 21, 2, 27, 7, 16][13, 18][17, 28][11, 17][13, 18][13, 18][13, 18][9, 23][17, 28][18, 19] 
[16, 27, 15, 6, 13, 18, 19, 8, 12, 17, 22, 25, 0, 26][1, 14, 4, 20, 23, 9, 3, 24, 7, 2, 29][5, 21, 15, 29][16, 28][11, 17][6, 10][9, 23][13, 18][13, 18][18, 19][18, 19][15, 21] 
[16, 27, 15, 6, 13, 18, 19, 8, 12, 17, 22, 25, 0, 26][14, 4, 20, 23, 9, 3, 24, 7, 2, 29][2, 21, 5, 15, 6, 10][18, 19][6, 13][11, 17][17, 28][5, 21][18, 19][5, 21][1, 14][18, 19] 
[1, 14, 4, 20, 23, 9, 3, 24, 7, 2, 29][6, 13, 18, 19, 8, 12, 17, 22, 25, 0, 26][16, 27, 15, 6, 13, 18, 19, 8, 12, 17][10, 6, 15, 5, 21][1, 14, 4][16, 28][11, 17][13, 18][6, 13][16, 27][6, 13][7, 16] 
[1, 14, 4, 20, 23, 9, 3, 24, 7, 2, 29][6, 13, 18, 19, 8, 12, 17, 22, 25, 0, 26][10, 6, 15, 5, 21, 2, 27, 7, 16][9, 23][17, 28][11, 17][13, 18][5, 21][13, 18][5, 21][18, 19][5, 21] 
[1, 14, 4, 20, 23, 9, 3, 24, 7, 2, 29][6, 13, 18, 19, 8, 12, 17, 22, 25, 0, 26][10, 6, 15, 5, 21, 2, 27, 7, 16][11, 17][17, 28][18, 19][13, 18][18, 19][11, 17][13, 18][13, 18][9, 23] 
[26, 0, 25, 22, 17, 12, 8, 19, 18, 13, 6, 15, 27][1, 14, 4, 20, 23, 9, 3, 24, 7, 2, 29][4, 23, 9, 1, 24, 7, 16][2, 21, 5, 15, 6, 10][16, 28][11, 17][6, 13][13, 18][18, 19][18, 19][13, 18][13, 18] 
[1, 14, 4, 20, 23, 9, 3, 24, 7, 2, 29][6, 13, 18, 19, 8, 12, 17, 22, 25, 0, 26][10, 6, 15, 5, 21, 2, 27, 7, 16][9, 23][17, 28][11, 17][13, 18][5, 21][13, 18][5, 21][18, 19][5, 21] 
[6, 13, 18, 19, 8, 12, 17, 22, 25, 0, 26][1, 14, 4, 20, 23, 9, 3, 24, 7, 2, 29][10, 6, 15, 5, 21, 2, 27, 7, 16][13, 18][17, 28][11, 17][13, 18][13, 18][13, 18][9, 23][17, 28][18, 19] 
[6, 13, 18, 19, 8, 12, 17, 22, 25, 0, 26][1, 14, 4, 20, 23, 9, 3, 24, 7, 2, 29][10, 6, 15, 5, 21, 2, 27, 7, 16][1, 14, 4, 20, 23, 9, 3, 24][13, 18][17, 28][11, 17][9, 23][13, 18][13, 18][9, 23][13, 18] 
[26, 0, 25, 22, 17, 12, 8, 19, 18, 13, 6, 15, 27][1, 14, 4, 20, 23, 9, 3, 24, 7, 2, 29][2, 21, 5, 15, 6, 10][7, 16][11, 17][16, 28][18, 19][6, 13][13, 18][5, 21][5, 21][6, 13] 
[6, 13, 18, 19, 8, 12, 17, 22, 25, 0, 26][1, 14, 4, 20, 23, 9, 3, 24, 7, 2, 29][10, 6, 15, 5, 21, 2, 27, 7, 16][13, 18][17, 28][11, 17][9, 23][5, 21][9, 23][17, 28][18, 19][13, 18] 
[26, 0, 25, 22, 17, 12, 8, 19, 18, 13, 6, 15, 27][1, 14, 4, 20, 23, 9, 3, 24, 7, 2, 29][10, 6, 15, 5, 21, 2, 27, 7, 16][1, 14, 4, 20, 23, 9, 3, 24][19, 18, 13, 6, 15, 27][13, 18][11, 17][16, 28][18, 19][13, 18][18, 19][1, 14] 
[16, 27, 15, 6, 13, 18, 19, 8, 12, 17, 22, 25, 0, 26][14, 4, 20, 23, 9, 3, 24, 7, 2, 29, 27][10, 6, 15, 5, 21][13, 18][11, 17][1, 24][17, 28][13, 18][18, 19][13, 18][18, 19][13, 18] 
[6, 13, 18, 19, 8, 12, 17, 22, 25, 0, 26][1, 14, 4, 20, 23, 9, 3, 24, 7, 2, 29][10, 6, 15, 5, 21, 2, 27, 7, 16][1, 14, 4, 20, 23, 9, 3, 24][13, 18][17, 28][11, 17][9, 23][13, 18][13, 18][9, 23][13, 18] 
[26, 0, 25, 22, 17, 12, 8, 19, 18, 13, 6, 15, 27][1, 14, 4, 20, 23, 9, 3, 24, 7, 2, 29][2, 21, 5, 15, 6, 10][7, 16][11, 17][16, 28][18, 19][6, 13][13, 18][5, 21][5, 21][6, 13] 
[16, 27, 15, 6, 13, 18, 19, 8, 12, 17, 22, 25, 0, 26][14, 4, 20, 23, 9, 3, 24, 7, 2, 29, 27][10, 6, 15, 5, 21][13, 18][11, 17][1, 24][17, 28][13, 18][18, 19][13, 18][18, 19][13, 18] 
[26, 0, 25, 22, 17, 12, 8, 19, 18, 13, 6, 15, 27][1, 14, 4, 20, 23, 9, 3, 24, 7, 2, 29][10, 6, 15, 5, 21, 2, 27, 7, 16][1, 14, 4, 20, 23, 9, 3, 24][19, 18, 13, 6, 15, 27][13, 18][11, 17][16, 28][18, 19][13, 18][18, 19][1, 14] 
[6, 13, 18, 19, 8, 12, 17, 22, 25, 0, 26][14, 4, 20, 23, 9, 3, 24, 7, 2, 29][10, 6, 15, 5, 21, 2, 27, 7, 16][9, 23][1, 14][17, 28][11, 17][9, 23][13, 18][5, 21][13, 18][18, 19] 
[1, 24, 4, 3, 9, 23][12, 17, 22, 0, 25, 28][7, 20, 14, 11][2, 27, 7, 16][5, 21, 15, 29][18, 19, 8, 26][10, 6, 13][1, 14][10, 16][10, 15][13, 18][0, 19] 
[12, 17, 22, 0, 25, 28][1, 24, 4, 3, 9, 23][5, 21, 15, 29][18, 19, 8, 26][2, 27, 7, 16][7, 20, 14, 11][10, 6, 13][10, 15][13, 18][10, 16][0, 19][1, 14] 
[12, 17, 22, 0, 25, 28][1, 24, 4, 3, 9, 23][2, 27, 7, 16][7, 20, 14, 11][18, 19, 8, 26][5, 21, 15, 29][10, 6, 13][10, 16][13, 18][10, 15][0, 19][1, 14] 
[1, 24, 4, 3, 9, 23][12, 17, 22, 0, 25, 28][7, 20, 14, 11][2, 27, 7, 16][5, 21, 15, 29][18, 19, 8, 26][10, 6, 13][10, 16][10, 15][13, 18][1, 14][0, 19] 
[12, 17, 22, 0, 25, 28][1, 24, 4, 3, 9, 23][2, 27, 7, 16][7, 20, 14, 11][18, 19, 8, 26][5, 21, 15, 29][10, 6, 13][10, 16][13, 18][10, 15][0, 19][1, 14] 
[1, 24, 4, 3, 9, 23][12, 17, 22, 0, 25, 28][2, 27, 7, 16][7, 20, 14, 11][5, 21, 15, 29][18, 19, 8, 26][10, 6, 13][10, 16][10, 15][1, 14][13, 18][0, 19] 
[12, 17, 22, 0, 25, 28][1, 24, 4, 3, 9, 23][18, 19, 8, 26][5, 21, 15, 29][2, 27, 7, 16][7, 20, 14, 11][10, 6, 13][13, 18][10, 15][0, 19][10, 16][1, 14] 
[1, 24, 4, 3, 9, 23][12, 17, 22, 0, 25, 28][18, 19, 8, 26][2, 27, 7, 16][7, 20, 14, 11][5, 21, 15, 29][10, 6, 13][13, 18][10, 16][1, 14][10, 15][0, 19] 
[12, 17, 22, 0, 25, 28][1, 24, 4, 3, 9, 23][18, 19, 8, 26][5, 21, 15, 29][2, 27, 7, 16][7, 20, 14, 11][10, 6, 13][13, 18][10, 15][0, 19][10, 16][1, 14] 
[12, 17, 22, 0, 25, 28][1, 24, 4, 3, 9, 23][18, 19, 8, 26][2, 27, 7, 16][7, 20, 14, 11][5, 21, 15, 29][10, 6, 13][0, 19][13, 18][10, 16][1, 14][10, 15] 
[1, 24, 4, 3, 9, 23][12, 17, 22, 0, 25, 28][7, 20, 14, 11][2, 27, 7, 16][5, 21, 15, 29][18, 19, 8, 26][10, 6, 13][10, 16][10, 15][13, 18][1, 14][0, 19] 
[12, 17, 22, 0, 25, 28][1, 24, 4, 3, 9, 23][18, 19, 8, 26][5, 21, 15, 29][2, 27, 7, 16][7, 20, 14, 11][10, 6, 13][0, 19][13, 18][10, 15][10, 16][1, 14] 
[12, 17, 22, 0, 25, 28][1, 24, 4, 3, 9, 23][18, 19, 8, 26][2, 27, 7, 16][7, 20, 14, 11][5, 21, 15, 29][10, 6, 13][0, 19][13, 18][10, 16][10, 15][1, 14] 
[12, 17, 22, 0, 25, 28][1, 24, 4, 3, 9, 23][5, 21, 15, 29][18, 19, 8, 26][2, 27, 7, 16][7, 20, 14, 11][10, 6, 13][10, 15][13, 18][10, 16][0, 19][1, 14] 
[12, 17, 22, 0, 25, 28][1, 24, 4, 3, 9, 23][18, 19, 8, 26][5, 21, 15, 29][2, 27, 7, 16][7, 20, 14, 11][10, 6, 13][0, 19][13, 18][10, 15][10, 16][1, 14] 
[12, 17, 22, 0, 25, 28][1, 24, 4, 3, 9, 23][18, 19, 8, 26][2, 27, 7, 16][7, 20, 14, 11][5, 21, 15, 29][10, 6, 13][0, 19][13, 18][10, 16][2, 29][20, 24] 
[12, 17, 22, 0, 25, 28][1, 24, 4, 3, 9, 23][18, 19, 8, 26][2, 27, 7, 16][7, 20, 14, 11][5, 21, 15, 29][10, 6, 13][0, 19][13, 18][10, 16][2, 29][20, 24] 
[12, 17, 22, 0, 25, 28][1, 24, 4, 3, 9, 23][18, 19, 8, 26][2, 27, 7, 16][7, 20, 14, 11][5, 21, 15, 29][10, 6, 13][0, 19][13, 18][10, 16][20, 24][2, 29] 
[12, 17, 22, 0, 25, 28][1, 24, 4, 3, 9, 23][18, 19, 8, 26][2, 27, 7, 16][7, 20, 14, 11][5, 21, 15, 29][10, 6, 13][13, 18][0, 19][10, 16][20, 24][2, 29] 
[1, 24, 4, 3, 9, 23][12, 17, 22, 0, 25, 28][2, 27, 7, 16][7, 20, 14, 11][5, 21, 15, 29][18, 19, 8, 26][10, 6, 13][10, 16][2, 29][20, 24][13, 18][0, 19] 
[12, 17, 22, 0, 25, 28][1, 24, 4, 3, 9, 23][16, 7, 27, 2, 29][18, 19, 8, 26][13, 6, 10, 15][5, 21, 15][11, 14, 20][13, 18][10, 16][0, 19][7, 20][1, 14] 
[12, 17, 22, 0, 25, 28][1, 24, 4, 3, 9, 23][18, 19, 8, 26][2, 27, 7, 16][7, 20, 14, 11][5, 21, 15, 29][10, 6, 13][0, 19][13, 18][10, 16][10, 15][1, 14] 
[12, 17, 22, 0, 25, 28][1, 24, 4, 3, 9, 23][18, 19, 8, 26][5, 21, 15, 29][2, 27, 7, 16][7, 20, 14, 11][10, 6, 13][0, 19][13, 18][10, 15][10, 16][1, 14] 
[12, 17, 22, 0, 25, 28][1, 24, 4, 3, 9, 23][18, 19, 8, 26][2, 27, 7, 16][7, 20, 14, 11][5, 21, 15, 29][10, 6, 13][0, 19][13, 18][10, 16][10, 15][1, 14] 
[1, 24, 4, 3, 9, 23][12, 17, 22, 0, 25, 28][7, 20, 14, 11][2, 27, 7, 16][18, 19, 8, 26][5, 21, 15, 29][10, 6, 13][1, 14][10, 16][13, 18][0, 19][10, 15] 
[1, 24, 4, 3, 9, 23][12, 17, 22, 0, 25, 28][5, 21, 15, 29][18, 19, 8, 26][2, 27, 7, 16][7, 20, 14, 11][10, 6, 13][10, 15][13, 18][10, 16][1, 14][0, 19] 
[12, 17, 22, 0, 25, 28][1, 24, 4, 3, 9, 23][18, 19, 8, 26][2, 27, 7, 16][7, 20, 14, 11][5, 21, 15, 29][10, 6, 13][13, 18][10, 16][0, 19][20, 24][10, 15] 
[1, 24, 4, 3, 9, 23][12, 17, 22, 0, 25, 28][18, 19, 8, 26][2, 27, 7, 16][7, 20, 14, 11][5, 21, 15, 29][10, 6, 13][13, 18][10, 16][1, 14][10, 15][0, 19] 
[12, 17, 22, 0, 25, 28][1, 24, 4, 3, 9, 23][18, 19, 8, 26][2, 27, 7, 16][7, 20, 14, 11][5, 21, 15, 29][10, 6, 13][0, 19][13, 18][10, 16][2, 29][20, 24] 
[12, 17, 22, 0, 25, 28][1, 24, 4, 3, 9, 23][18, 19, 8, 26][2, 27, 7, 16][7, 20, 14, 11][5, 21, 15, 29][10, 6, 13][0, 19][13, 18][10, 16][2, 29][20, 24] 
[1, 24, 4, 3, 9, 23][12, 17, 22, 0, 25, 28][2, 27, 7, 16][7, 20, 14, 11][18, 19, 8, 26][5, 21, 15, 29][10, 6, 13][10, 16][13, 18][20, 24][0, 19][2, 29] 
[1, 24, 4, 3, 9, 23][12, 17, 22, 0, 25, 28][5, 21, 15, 29][2, 27, 7, 16][7, 20, 14, 11][18, 19, 8, 26][10, 6, 13][2, 29][10, 16][13, 18][20, 24][0, 19] 
[12, 17, 22, 0, 25, 28][1, 24, 4, 3, 9, 23][18, 19, 8, 26][2, 27, 7, 16][7, 20, 14, 11][5, 21, 15, 29][10, 6, 13][13, 18][10, 16][0, 19][2, 29][20, 24] 
[12, 17, 22, 0, 25, 28][1, 24, 4, 3, 9, 23][18, 19, 8, 26][2, 27, 7, 16][7, 20, 14, 11][5, 21, 15, 29][10, 6, 13][0, 19][13, 18][10, 16][20, 24][2, 29] 
[1, 24, 4, 3, 9, 23][12, 17, 22, 0, 25, 28][5, 21, 15, 29][2, 27, 7, 16][7, 20, 14, 11][18, 19, 8, 26][10, 6, 13][2, 29][10, 16][13, 18][20, 24][0, 19] 
[1, 24, 4, 3, 9, 23][12, 17, 22, 0, 25, 28][2, 27, 7, 16][7, 20, 14, 11][5, 21, 15, 29][18, 19, 8, 26][10, 6, 13][20, 24][10, 16][2, 29][13, 18][0, 19] 
[12, 17, 22, 0, 25, 28][1, 24, 4, 3, 9, 23][18, 19, 8, 26][2, 27, 7, 16][7, 20, 14, 11][5, 21, 15, 29][10, 6, 13][0, 19][13, 18][10, 16][20, 24][2, 29] 
[12, 17, 22, 0, 25, 28][1, 24, 4, 3, 9, 23][18, 19, 8, 26][2, 27, 7, 16][7, 20, 14, 11][5, 21, 15, 29][10, 6, 13][0, 19][13, 18][10, 16][20, 24][2, 29] 
[12, 17, 22, 0, 25, 28][1, 24, 4, 3, 9, 23][2, 27, 7, 16][7, 20, 14, 11][18, 19, 8, 26][5, 21, 15, 29][10, 6, 13][10, 16][13, 18][0, 19][20, 24][2, 29] 
[12, 17, 22, 0, 25, 28][1, 24, 4, 3, 9, 23][2, 27, 7, 16][7, 20, 14, 11][5, 21, 15, 29][18, 19, 8, 26][10, 6, 13][10, 16][2, 29][13, 18][0, 19][20, 24] 
[12, 17, 22, 0, 25, 28][1, 24, 4, 3, 9, 23][18, 19, 8, 26][2, 27, 7, 16][7, 20, 14, 11][5, 21, 15, 29][10, 6, 13][0, 19][13, 18][10, 16][20, 24][2, 29] 
[12, 17, 22, 0, 25, 28][1, 24, 4, 3, 9, 23][18, 19, 8, 26][2, 27, 7, 16][7, 20, 14, 11][5, 21, 15, 29][10, 6, 13][0, 19][13, 18][10, 16][2, 29][20, 24] 
[12, 17, 22, 0, 25, 28][1, 24, 4, 3, 9, 23][18, 19, 8, 26][2, 27, 7, 16][7, 20, 14, 11][5, 21, 15, 29][10, 6, 13][0, 19][13, 18][10, 16][20, 24][2, 29] 
[12, 17, 22, 0, 25, 28][1, 24, 4, 3, 9, 23][16, 7, 27, 2, 29][18, 19, 8, 26][10, 15, 5, 21][10, 6, 13][11, 14, 20][0, 19][13, 18][10, 16][20, 24][7, 20] 
[12, 17, 22, 0, 25, 28][1, 24, 4, 3, 9, 23][16, 7, 27, 2, 29][18, 19, 8, 26][10, 15, 5, 21][10, 6, 13][11, 14, 20][0, 19][13, 18][10, 16][20, 24][7, 20] 
[1, 24, 4, 3, 9, 23][12, 17, 22, 0, 25, 28][16, 7, 27, 2, 29][10, 15, 5, 21][18, 19, 8, 26][10, 6, 13][11, 14, 20][10, 16][7, 20][13, 18][20, 24][0, 19] 
[1, 24, 4, 3, 9, 23][12, 17, 22, 0, 25, 28][16, 7, 27, 2, 29][10, 15, 5, 21][18, 19, 8, 26][11, 14, 20][10, 6, 13][7, 20][20, 24][10, 16][13, 18][0, 19] 
[12, 17, 22, 0, 25, 28][1, 24, 4, 3, 9, 23][16, 7, 27, 2, 29][10, 15, 5, 21][18, 19, 8, 26][10, 6, 13][11, 14, 20][7, 20][10, 16][13, 18][0, 19][20, 24] 
[12, 17, 22, 0, 25, 28][1, 24, 4, 3, 9, 23][16, 7, 27, 2, 29][18, 19, 8, 26][10, 15, 5, 21][7, 20, 14, 11][10, 6, 13][11, 14, 20][13, 18][10, 16][0, 19][20, 24] 
[12, 17, 22, 0, 25, 28][1, 24, 4, 3, 9, 23][18, 19, 8, 26][5, 21, 15, 29][2, 27, 7, 16][7, 20, 14, 11][10, 6, 13][0, 19][13, 18][10, 15][10, 16][20, 24] 
[1, 24, 4, 3, 9, 23][12, 17, 22, 0, 25, 28][7, 20, 14, 11][2, 27, 7, 16][5, 21, 15, 29][18, 19, 8, 26][10, 6, 13][20, 24][10, 16][10, 15][13, 18][0, 19] 
[1, 24, 4, 3, 9, 23][12, 17, 22, 0, 25, 28][2, 27, 7, 16][7, 20, 14, 11][5, 21, 15, 29][18, 19, 8, 26][10, 6, 13][10, 16][20, 24][10, 15][13, 18][0, 19] 
[12, 17, 22, 0, 25, 28][1, 24, 4, 3, 9, 23][18, 19, 8, 26][5, 21, 15, 29][2, 27, 7, 16][7, 20, 14, 11][10, 6, 13][0, 19][13, 18][10, 15][10, 16][20, 24] 
[12, 17, 22, 0, 25, 28][1, 24, 4, 3, 9, 23][5, 21, 15, 29][2, 27, 7, 16][7, 20, 14, 11][18, 19, 8, 26][10, 6, 13][10, 15][10, 16][13, 18][0, 19][20, 24] 
[12, 17, 22, 0, 25, 28][1, 24, 4, 3, 9, 23][18, 19, 8, 26][2, 27, 7, 16][7, 20, 14, 11][5, 21, 15, 29][10, 6, 13][0, 19][13, 18][10, 16][2, 29][20, 24] 
[1, 24, 4, 3, 9, 23][12, 17, 22, 0, 25, 28][2, 27, 7, 16][7, 20, 14, 11][5, 21, 15, 29][18, 19, 8, 26][10, 6, 13][1, 14][10, 16][10, 15][13, 18][0, 19] 
