[3, 1, 4, 24, 14, 11][9, 23, 20, 7, 25][22, 18, 19, 8, 26][21, 5, 15, 10, 27][6, 16, 2, 29][0, 17, 28][12, 0, 13][1, 9][25, 28][6, 13][17, 22][16, 27] 
[3, 1, 4, 24, 14, 11][21, 5, 15, 10, 27][9, 23, 20, 7, 25][6, 16, 2, 29][12, 19, 22, 17][18, 19, 8, 26][0, 17, 28][16, 27][6, 13][0, 13][25, 28][1, 9] 
[3, 1, 4, 24, 14, 11][16, 27, 10, 15, 5, 21][9, 23, 20, 7, 25][12, 19, 22, 17][18, 19, 8, 26][0, 17, 28][6, 2, 29][1, 9][25, 28][0, 13][6, 13][2, 10] 
[3, 1, 4, 24, 14, 11][16, 27, 10, 15, 5, 21][9, 23, 20, 7, 25][12, 19, 22, 17][18, 19, 8, 26][0, 17, 28][2, 6, 13][0, 13][25, 28][1, 9][2, 10][2, 29] 
[3, 1, 4, 24, 14, 11][22, 18, 19, 8, 26][9, 23, 20, 7, 25][21, 5, 15, 10, 27][6, 16, 2, 29][0, 17, 28][12, 0, 13][12, 19][25, 28][6, 13][1, 9][16, 27] 
[3, 1, 4, 24, 14, 11][22, 18, 19, 8, 26][9, 23, 20, 7, 25][21, 5, 15, 10, 27][6, 16, 2, 29][12, 0, 13][0, 17, 28][12, 19][25, 28][1, 9][6, 13][16, 27] 
[3, 1, 4, 24, 14, 11][21, 5, 15, 10, 27][9, 23, 20, 7, 25][22, 18, 19, 8, 26][6, 16, 2, 29][12, 0, 13][0, 17, 28][16, 27][6, 13][25, 28][1, 9][12, 19] 
[3, 1, 4, 24, 14, 11][22, 18, 19, 8, 26][21, 5, 15, 10, 27][9, 23, 20, 7, 25][6, 16, 2, 29][0, 17, 28][12, 0, 13][12, 19][6, 13][16, 27][25, 28][1, 9] 
[3, 1, 4, 24, 14, 11][21, 5, 15, 10, 27][22, 18, 19, 8, 26][9, 23, 20, 7, 25][6, 16, 2, 29][12, 0, 13][0, 17, 28][16, 27][6, 13][12, 19][25, 28][1, 9] 
[3, 1, 4, 24, 14, 11][22, 18, 19, 8, 26][21, 5, 15, 10, 27][9, 23, 20, 7, 25][6, 16, 2, 29][0, 17, 28][12, 0, 13][12, 19][6, 13][16, 27][25, 28][1, 9] 
[3, 1, 4, 24, 14, 11][22, 18, 19, 8, 26][9, 23, 20, 7, 25][21, 5, 15, 10, 27][6, 16, 2, 29][0, 17, 28][12, 0, 13][17, 22][25, 28][6, 13][16, 27][1, 9] 
[3, 1, 4, 24, 14, 11][9, 23, 20, 7, 25][21, 5, 15, 10, 27][12, 19, 22, 17][18, 19, 8, 26][6, 16, 2, 29][0, 17, 28][1, 9][25, 28][0, 13][6, 13][16, 27] 
[3, 1, 4, 24, 14, 11][16, 27, 10, 15, 5, 21][9, 23, 20, 7, 25][12, 19, 22, 17][18, 19, 8, 26][0, 17, 28][6, 2, 29][0, 13][25, 28][1, 9][6, 13][2, 10] 
[3, 1, 4, 24, 14, 11][22, 18, 19, 8, 26][9, 23, 20, 7, 25][21, 5, 15, 10, 27][6, 16, 2, 29][12, 0, 13][0, 17, 28][6, 13][12, 19][25, 28][16, 27][1, 9] 
[3, 1, 4, 24, 14, 11][9, 23, 20, 7, 25][21, 5, 15, 10, 27][22, 18, 19, 8, 26][6, 16, 2, 29][0, 17, 28][12, 0, 13][25, 28][6, 13][1, 9][16, 27][12, 19] 
[3, 1, 4, 24, 14, 11][22, 18, 19, 8, 26][9, 23, 20, 7, 25][21, 5, 15, 10, 27][6, 16, 2, 29][12, 0, 13][0, 17, 28][6, 13][12, 19][25, 28][16, 27][1, 9] 
[3, 1, 4, 24, 14, 11][21, 5, 15, 10, 27][22, 18, 19, 8, 26][9, 23, 20, 7, 25][6, 16, 2, 29][12, 0, 13][0, 17, 28][16, 27][6, 13][17, 22][25, 28][1, 9] 
[3, 1, 4, 24, 14, 11][9, 23, 20, 7, 25][21, 5, 15, 10, 27][12, 19, 22, 17][18, 19, 8, 26][6, 16, 2, 29][0, 17, 28][1, 9][25, 28][0, 13][6, 13][16, 27] 
[3, 1, 4, 24, 14, 11][9, 23, 20, 7, 25][21, 5, 15, 10, 27][22, 18, 19, 8, 26][6, 16, 2, 29][0, 17, 28][12, 0, 13][25, 28][6, 13][1, 9][16, 27][12, 19] 
[3, 1, 4, 24, 14, 11][21, 5, 15, 10, 27][22, 18, 19, 8, 26][9, 23, 20, 7, 25][6, 16, 2, 29][12, 0, 13][0, 17, 28][16, 27][6, 13][17, 22][25, 28][1, 9] 
[3, 1, 4, 24, 14, 11][9, 23, 20, 7, 25][22, 18, 19, 8, 26][21, 5, 15, 10, 27][6, 16, 2, 29][0, 17, 28][12, 0, 13][1, 9][25, 28][6, 13][17, 22][16, 27] 
[3, 1, 4, 24, 14, 11][9, 23, 20, 7, 25][21, 5, 15, 10, 27][12, 19, 22, 17][18, 19, 8, 26][6, 16, 2, 29][0, 17, 28][0, 13][25, 28][1, 9][6, 13][16, 27] 
[3, 1, 4, 24, 14, 11][16, 27, 10, 15, 5, 21][9, 23, 20, 7, 25][12, 19, 22, 17][18, 19, 8, 26][0, 17, 28][6, 2, 29][1, 9][25, 28][0, 13][6, 13][2, 10] 
[3, 1, 4, 24, 14, 11][21, 5, 15, 10, 27][9, 23, 20, 7, 25][22, 18, 19, 8, 26][6, 16, 2, 29][12, 0, 13][0, 17, 28][16, 27][6, 13][25, 28][1, 9][12, 19] 
[3, 1, 4, 24, 14, 11][21, 5, 15, 10, 27][9, 23, 20, 7, 25][22, 18, 19, 8, 26][6, 16, 2, 29][12, 0, 13][0, 17, 28][16, 27][6, 13][25, 28][1, 9][12, 19] 
[3, 1, 4, 24, 14, 11][21, 5, 15, 10, 27][22, 18, 19, 8, 26][9, 23, 20, 7, 25][6, 16, 2, 29][12, 0, 13][0, 17, 28][16, 27][6, 13][12, 19][25, 28][1, 9] 
[3, 1, 4, 24, 14, 11][21, 5, 15, 10, 27][22, 18, 19, 8, 26][9, 23, 20, 7, 25][6, 16, 2, 29][12, 0, 13][0, 17, 28][16, 27][6, 13][17, 22][25, 28][1, 9] 
[3, 1, 4, 24, 14, 11][21, 5, 15, 10, 27][9, 23, 20, 7, 25][6, 16, 2, 29][12, 19, 22, 17][18, 19, 8, 26][0, 17, 28][6, 13][16, 27][0, 13][25, 28][1, 9] 
[3, 1, 4, 24, 14, 11][9, 23, 20, 7, 25][22, 18, 19, 8, 26][21, 5, 15, 10, 27][6, 16, 2, 29][0, 17, 28][12, 0, 13][25, 28][12, 19][1, 9][6, 13][16, 27] 
[3, 1, 4, 24, 14, 11][9, 23, 20, 7, 25][22, 18, 19, 8, 26][21, 5, 15, 10, 27][6, 16, 2, 29][0, 17, 28][12, 0, 13][25, 28][6, 13][17, 22][1, 9][16, 27] 
[3, 1, 4, 24, 14, 11][22, 18, 19, 8, 26][9, 23, 20, 7, 25][21, 5, 15, 10, 27][6, 16, 2, 29][0, 17, 28][12, 0, 13][17, 22][25, 28][1, 9][6, 13][16, 27] 
[3, 1, 4, 24, 14, 11][9, 23, 20, 7, 25][21, 5, 15, 10, 27][12, 19, 22, 17][18, 19, 8, 26][6, 16, 2, 29][0, 17, 28][1, 9][25, 28][0, 13][6, 13][16, 27] 
[3, 1, 4, 24, 14, 11][9, 23, 20, 7, 25][21, 5, 15, 10, 27][22, 18, 19, 8, 26][6, 16, 2, 29][0, 17, 28][12, 0, 13][25, 28][6, 13][1, 9][16, 27][12, 19] 
[3, 1, 4, 24, 14, 11][9, 23, 20, 7, 25][22, 18, 19, 8, 26][21, 5, 15, 10, 27][6, 16, 2, 29][12, 0, 13][0, 17, 28][6, 13][25, 28][17, 22][16, 27][1, 9] 
[3, 1, 4, 24, 14, 11][9, 23, 20, 7, 25][22, 18, 19, 8, 26][21, 5, 15, 10, 27][6, 16, 2, 29][12, 0, 13][0, 17, 28][6, 13][25, 28][17, 22][16, 27][1, 9] 
[4, 7, 16, 10, 29, 27, 2, 15, 5, 21, 6, 13, 0, 25][12, 22, 19, 18, 17, 11, 3, 9, 1, 14, 24, 4, 20, 23][19, 8, 26][1, 14][17, 18][1, 14][14, 24][17, 18][17, 18][25, 28][19, 22][17, 18] 
[4, 7, 16, 10, 29, 27, 2, 15, 5, 21, 6, 13, 0, 25, 28][22, 19, 18, 17, 11, 3, 9, 1, 14, 24, 4, 20, 23][19, 8, 26][1, 14][12, 22][17, 18][1, 14][14, 24][17, 18][1, 9][0, 13][1, 9] 
[4, 7, 16, 10, 29, 27, 2, 15, 5, 21, 6, 13, 0, 25, 28][22, 19, 18, 17, 11, 3, 9, 1, 14, 24, 4, 20, 23][19, 8, 26][1, 14][12, 22][17, 18][1, 14][14, 24][17, 18][1, 9][0, 13][1, 9] 
[7, 16, 10, 29, 27, 2, 15, 5, 21, 6, 13, 0, 25][18, 17, 11, 3, 9, 1, 14, 24, 4, 20, 23][26, 8, 19, 17, 22, 25, 28][0, 13][12, 22][8, 19][6, 13][1, 9][8, 19][1, 9][0, 13][8, 19] 
[12, 22, 19, 18, 17, 11, 3, 9, 1, 14, 24, 4, 20, 23][7, 16, 10, 29, 27, 2, 15, 5, 21, 6, 13, 0, 25][8, 19, 17, 22, 25, 28][1, 14][8, 26][0, 13][17, 18][1, 14][6, 13][1, 14][17, 18][1, 14] 
[7, 16, 10, 29, 27, 2, 15, 5, 21, 6, 13, 0, 25][18, 17, 11, 3, 9, 1, 14, 24, 4, 20, 23][25, 22, 17, 19, 8, 26][6, 13][12, 22][6, 13][8, 19][6, 13][25, 28][0, 13][0, 13][14, 24] 
[4, 7, 16, 10, 29, 27, 2, 15, 5, 21, 6, 13, 0, 25, 28][22, 19, 18, 17, 11, 3, 9, 1, 14, 24, 4, 20, 23][19, 8, 26][17, 18][17, 18][6, 13][17, 18][1, 14][12, 22][6, 21][14, 24][1, 14] 
[4, 7, 16, 10, 29, 27, 2, 15, 5, 21, 6, 13, 0, 25, 28][22, 19, 18, 17, 11, 3, 9, 1, 14, 24, 4, 20, 23][19, 8, 26][17, 18][17, 18][6, 13][17, 18][1, 14][12, 22][6, 21][14, 24][1, 14] 
[12, 22, 19, 18, 17, 11, 3, 9, 1, 14, 24, 4, 20, 23][7, 16, 10, 29, 27, 2, 15, 5, 21, 6, 13, 0, 25][19, 8, 26][22, 25, 28][0, 13][6, 21][14, 24][6, 13][1, 14][6, 13][6, 13][17, 18] 
[4, 7, 16, 10, 29, 27, 2, 15, 5, 21, 6, 13, 0, 25, 28][22, 19, 18, 17, 11, 3, 9, 1, 14, 24, 4, 20, 23][19, 8, 26][12, 22][17, 18][6, 21][25, 28][6, 21][14, 24][1, 14][17, 18][1, 14] 
[12, 22, 19, 18, 17, 11, 3, 9, 1, 14, 24, 4, 20, 23][7, 16, 10, 29, 27, 2, 15, 5, 21, 6, 13, 0, 25][26, 8, 19, 17, 22, 25, 28][1, 14][0, 13][1, 14][6, 21][1, 14][1, 14][6, 13][6, 13][0, 13] 
[12, 22, 19, 18, 17, 11, 3, 9, 1, 14, 24, 4, 20, 23][7, 16, 10, 29, 27, 2, 15, 5, 21, 6, 13, 0, 25][26, 8, 19, 17, 22, 25, 28][6, 13][6, 21][1, 14][6, 13][6, 13][0, 13][1, 14][6, 13][1, 14] 
[12, 22, 19, 18, 17, 11, 3, 9, 1, 14, 24, 4, 20, 23][7, 16, 10, 29, 27, 2, 15, 5, 21, 6, 13, 0, 25][12, 17, 11, 3, 1, 24, 4, 23][26, 8, 19, 17, 22, 25, 28][6, 13][6, 13][0, 13][6, 21][0, 13][6, 13][6, 13][6, 13] 
[4, 7, 16, 10, 29, 27, 2, 15, 5, 21, 6, 13, 0, 25, 28][22, 19, 18, 17, 11, 3, 9, 1, 14, 24, 4, 20, 23][19, 8, 26][12, 22][17, 18][6, 21][25, 28][6, 21][14, 24][1, 14][17, 18][1, 14] 
[12, 22, 19, 18, 17, 11, 3, 9, 1, 14, 24, 4, 20, 23][7, 16, 10, 29, 27, 2, 15, 5, 21, 6, 13, 0, 25][26, 8, 19, 17, 22, 25, 28][1, 14][0, 13][1, 14][6, 21][1, 14][1, 14][6, 13][6, 13][0, 13] 
[4, 7, 16, 10, 29, 27, 2, 15, 5, 21, 6, 13, 0, 25, 28][12, 22, 19, 18, 17, 11, 3, 9, 1, 14, 24, 4, 20, 23][1, 14][8, 19][8, 26][1, 14][1, 14][6, 21][1, 14][1, 14][19, 22][17, 18] 
[4, 7, 16, 10, 29, 27, 2, 15, 5, 21, 6, 13, 0, 25, 28][12, 22, 19, 18, 17, 11, 3, 9, 1, 14, 24, 4, 20, 23][6, 21, 5, 15][19, 8, 26][6, 13][6, 21][0, 25][1, 14][0, 25][1, 14][0, 25][1, 14] 
[4, 7, 16, 10, 29, 27, 2, 15, 5, 21, 6, 13, 0, 25, 28][22, 19, 18, 17, 11, 3, 9, 1, 14, 24, 4, 20, 23][19, 8, 26][12, 22][1, 14][17, 18][0, 25][17, 18][0, 25][6, 13][1, 14][1, 14] 
[4, 7, 16, 10, 29, 27, 2, 15, 5, 21, 6, 13, 0, 25, 28][12, 22, 19, 18, 17, 11, 3, 9, 1, 14, 24, 4, 20, 23][9, 3, 11, 17, 18, 19, 22][19, 8, 26][17, 18][1, 9][25, 28][6, 13][17, 18][0, 13][17, 18][12, 22] 
[4, 7, 16, 10, 29, 27, 2, 15, 5, 21, 6, 13, 0, 25, 28][12, 22, 19, 18, 17, 11, 3, 9, 1, 14, 24, 4, 20, 23][19, 8, 26][1, 14][17, 18][1, 14][1, 14][0, 13][6, 21][6, 13][6, 21][6, 13] 
[4, 7, 16, 10, 29, 27, 2, 15, 5, 21, 6, 13, 0, 25, 28][12, 22, 19, 18, 17, 11, 3, 9, 1, 14, 24, 4, 20, 23][1, 14][8, 19][8, 26][1, 14][1, 14][6, 21][1, 14][1, 14][19, 22][17, 18] 
[11, 3, 1, 4, 24, 14][22, 18, 19, 8, 26][21, 5, 15, 10, 27][9, 23, 20, 7, 25][6, 16, 2, 29][12, 0, 13][0, 17, 28][6, 13][12, 19][16, 27][25, 28][1, 9] 
[11, 3, 1, 4, 24, 14][22, 18, 19, 8, 26][21, 5, 15, 10, 27][9, 23, 20, 7, 25][6, 16, 2, 29][12, 0, 13][0, 17, 28][12, 19][6, 13][16, 27][25, 28][1, 9] 
[11, 3, 1, 4, 24, 14][9, 23, 20, 7, 25][22, 18, 19, 8, 26][21, 5, 15, 10, 27][6, 16, 2, 29][0, 17, 28][12, 0, 13][25, 28][12, 19][1, 9][6, 13][16, 27] 
[11, 3, 1, 4, 24, 14][21, 5, 15, 10, 27][22, 18, 19, 8, 26][9, 23, 20, 7, 25][6, 16, 2, 29][12, 0, 13][0, 17, 28][16, 27][6, 13][12, 19][25, 28][1, 9] 
[11, 3, 1, 4, 24, 14][22, 18, 19, 8, 26][9, 23, 20, 7, 25][21, 5, 15, 10, 27][6, 16, 2, 29][12, 0, 13][0, 17, 28][12, 19][25, 28][1, 9][6, 13][16, 27] 
[11, 3, 1, 4, 24, 14][22, 18, 19, 8, 26][9, 23, 20, 7, 25][21, 5, 15, 10, 27][6, 16, 2, 29][12, 0, 13][0, 17, 28][12, 19][25, 28][1, 9][6, 13][16, 27] 
[11, 3, 1, 4, 24, 14][9, 23, 20, 7, 25][22, 18, 19, 8, 26][21, 5, 15, 10, 27][6, 16, 2, 29][0, 17, 28][12, 0, 13][1, 9][25, 28][6, 13][12, 19][16, 27] 
[11, 3, 1, 4, 24, 14][9, 23, 20, 7, 25][22, 18, 19, 8, 26][21, 5, 15, 10, 27][6, 16, 2, 29][0, 17, 28][12, 0, 13][1, 9][25, 28][6, 13][12, 19][16, 27] 
[11, 3, 1, 4, 24, 14][22, 18, 19, 8, 26][9, 23, 20, 7, 25][21, 5, 15, 10, 27][6, 16, 2, 29][12, 0, 13][0, 17, 28][12, 19][25, 28][6, 13][1, 9][16, 27] 
[11, 3, 1, 4, 24, 14][9, 23, 20, 7, 25][22, 18, 19, 8, 26][21, 5, 15, 10, 27][6, 16, 2, 29][0, 17, 28][12, 0, 13][1, 9][25, 28][6, 13][12, 19][16, 27] 
[11, 3, 1, 4, 24, 14][21, 5, 15, 10, 27][9, 23, 20, 7, 25][22, 18, 19, 8, 26][6, 16, 2, 29][12, 0, 13][0, 17, 28][16, 27][6, 13][25, 28][12, 19][1, 9] 
[11, 3, 1, 4, 24, 14][21, 5, 15, 10, 27][9, 23, 20, 7, 25][22, 18, 19, 8, 26][6, 16, 2, 29][12, 0, 13][0, 17, 28][16, 27][6, 13][25, 28][12, 19][1, 9] 
[11, 3, 1, 4, 24, 14][9, 23, 20, 7, 25][22, 18, 19, 8, 26][21, 5, 15, 10, 27][6, 16, 2, 29][0, 17, 28][12, 0, 13][1, 9][25, 28][6, 13][12, 19][16, 27] 
[11, 3, 1, 4, 24, 14][22, 18, 19, 8, 26][9, 23, 20, 7, 25][21, 5, 15, 10, 27][6, 16, 2, 29][12, 0, 13][0, 17, 28][12, 19][25, 28][6, 13][1, 9][16, 27] 
[11, 3, 1, 4, 24, 14][9, 23, 20, 7, 25][22, 18, 19, 8, 26][21, 5, 15, 10, 27][6, 16, 2, 29][0, 17, 28][12, 0, 13][25, 28][12, 19][6, 13][16, 27][1, 9] 
[3, 1, 4, 24, 14, 11][9, 23, 20, 7, 25][22, 18, 19, 8, 26][21, 5, 15, 10, 27][6, 16, 2, 29][0, 17, 28][12, 0, 13][25, 28][17, 22][1, 9][6, 13][16, 27] 
[3, 1, 4, 24, 14, 11][22, 18, 19, 8, 26][9, 23, 20, 7, 25][21, 5, 15, 10, 27][6, 16, 2, 29][12, 0, 13][0, 17, 28][17, 22][25, 28][6, 13][16, 27][1, 9] 
[3, 1, 4, 24, 14, 11][9, 23, 20, 7, 25][22, 18, 19, 8, 26][21, 5, 15, 10, 27][6, 16, 2, 29][0, 17, 28][12, 0, 13][25, 28][17, 22][1, 9][6, 13][16, 27] 
[3, 1, 4, 24, 14, 11][22, 18, 19, 8, 26][9, 23, 20, 7, 25][21, 5, 15, 10, 27][6, 16, 2, 29][0, 17, 28][12, 0, 13][17, 22][25, 28][1, 9][6, 13][16, 27] 
[3, 1, 4, 24, 14, 11][9, 23, 20, 7, 25][22, 18, 19, 8, 26][21, 5, 15, 10, 27][6, 16, 2, 29][0, 17, 28][12, 0, 13][25, 28][1, 9][6, 13][17, 22][16, 27] 
[3, 1, 4, 24, 14, 11][22, 18, 19, 8, 26][9, 23, 20, 7, 25][21, 5, 15, 10, 27][6, 16, 2, 29][12, 0, 13][0, 17, 28][17, 22][25, 28][6, 13][16, 27][1, 9] 
[11, 3, 1, 4, 24, 14][21, 5, 15, 10, 27][22, 18, 19, 8, 26][9, 23, 20, 7, 25][6, 16, 2, 29][12, 0, 13][0, 17, 28][16, 27][6, 13][12, 19][25, 28][1, 9] 
[11, 3, 1, 4, 24, 14][21, 5, 15, 10, 27][22, 18, 19, 8, 26][9, 23, 20, 7, 25][6, 16, 2, 29][12, 0, 13][0, 17, 28][16, 27][6, 13][12, 19][25, 28][1, 9] 
[11, 3, 1, 4, 24, 14][21, 5, 15, 10, 27][22, 18, 19, 8, 26][9, 23, 20, 7, 25][6, 16, 2, 29][12, 0, 13][0, 17, 28][16, 27][6, 13][12, 19][25, 28][1, 9] 
[11, 3, 1, 4, 24, 14][9, 23, 20, 7, 25][22, 18, 19, 8, 26][21, 5, 15, 10, 27][6, 16, 2, 29][0, 17, 28][12, 0, 13][1, 9][25, 28][6, 13][12, 19][16, 27] 
[11, 3, 1, 4, 24, 14][22, 18, 19, 8, 26][21, 5, 15, 10, 27][9, 23, 20, 7, 25][6, 16, 2, 29][12, 0, 13][0, 17, 28][6, 13][12, 19][16, 27][25, 28][1, 9] 
[3, 1, 4, 24, 14, 11][9, 23, 20, 7, 25][22, 18, 19, 8, 26][21, 5, 15, 10, 27][6, 16, 2, 29][12, 0, 13][0, 17, 28][6, 13][25, 28][12, 19][16, 27][1, 9] 
[11, 3, 1, 4, 24, 14][9, 23, 20, 7, 25][22, 18, 19, 8, 26][21, 5, 15, 10, 27][6, 16, 2, 29][0, 17, 28][12, 0, 13][1, 9][25, 28][6, 13][12, 19][16, 27] 
[3, 1, 4, 24, 14, 11][22, 18, 19, 8, 26][9, 23, 20, 7, 25][21, 5, 15, 10, 27][6, 16, 2, 29][0, 17, 28][12, 0, 13][17, 22][25, 28][6, 13][16, 27][1, 9] 
[3, 1, 4, 24, 14, 11][21, 5, 15, 10, 27][22, 18, 19, 8, 26][9, 23, 20, 7, 25][6, 16, 2, 29][12, 0, 13][0, 17, 28][16, 27][6, 13][17, 22][25, 28][1, 9] 
[3, 1, 4, 24, 14, 11][21, 5, 15, 10, 27][22, 18, 19, 8, 26][9, 23, 20, 7, 25][6, 16, 2, 29][0, 17, 28][12, 0, 13][6, 13][16, 27][17, 22][25, 28][1, 9] 
[3, 1, 4, 24, 14, 11][21, 5, 15, 10, 27][22, 18, 19, 8, 26][9, 23, 20, 7, 25][6, 16, 2, 29][12, 0, 13][0, 17, 28][16, 27][6, 13][17, 22][25, 28][1, 9] 
[3, 1, 4, 24, 14, 11][21, 5, 15, 10, 27][22, 18, 19, 8, 26][9, 23, 20, 7, 25][6, 16, 2, 29][0, 17, 28][12, 0, 13][6, 13][16, 27][17, 22][25, 28][1, 9] 
[3, 1, 4, 24, 14, 11][9, 23, 20, 7, 25][21, 5, 15, 10, 27][22, 18, 19, 8, 26][6, 16, 2, 29][12, 0, 13][0, 17, 28][25, 28][6, 13][16, 27][1, 9][17, 22] 
[3, 1, 4, 24, 14, 11][22, 18, 19, 8, 26][9, 23, 20, 7, 25][21, 5, 15, 10, 27][6, 16, 2, 29][0, 17, 28][12, 0, 13][17, 22][25, 28][6, 13][16, 27][1, 9] 
[3, 1, 4, 24, 14, 11][9, 23, 20, 7, 25][22, 18, 19, 8, 26][21, 5, 15, 10, 27][6, 16, 2, 29][0, 17, 28][12, 0, 13][1, 9][25, 28][17, 22][6, 13][16, 27] 
[3, 1, 4, 24, 14, 11][9, 23, 20, 7, 25][22, 18, 19, 8, 26][21, 5, 15, 10, 27][6, 16, 2, 29][0, 17, 28][12, 0, 13][1, 9][25, 28][17, 22][6, 13][16, 27] 
[3, 1, 4, 24, 14, 11][21, 5, 15, 10, 27][9, 23, 20, 7, 25][22, 18, 19, 8, 26][6, 16, 2, 29][12, 0, 13][0, 17, 28][16, 27][6, 13][25, 28][17, 22][1, 9] 
[3, 1, 4, 24, 14, 11][21, 5, 15, 10, 27][22, 18, 19, 8, 26][9, 23, 20, 7, 25][6, 16, 2, 29][12, 0, 13][0, 17, 28][16, 27][6, 13][17, 22][25, 28][1, 9] 
[3, 1, 4, 24, 14, 11][21, 5, 15, 10, 27][22, 18, 19, 8, 26][9, 23, 20, 7, 25][6, 16, 2, 29][12, 0, 13][0, 17, 28][16, 27][6, 13][17, 22][25, 28][1, 9] 
[3, 1, 4, 24, 14, 11][21, 5, 15, 10, 27][22, 18, 19, 8, 26][9, 23, 20, 7, 25][6, 16, 2, 29][12, 0, 13][0, 17, 28][16, 27][6, 13][17, 22][25, 28][1, 9] 
[3, 1, 4, 24, 14, 11][21, 5, 15, 10, 27][9, 23, 20, 7, 25][22, 18, 19, 8, 26][6, 16, 2, 29][12, 0, 13][0, 17, 28][16, 27][6, 13][25, 28][17, 22][1, 9] 
[3, 1, 4, 24, 14, 11][9, 23, 20, 7, 25][22, 18, 19, 8, 26][21, 5, 15, 10, 27][6, 16, 2, 29][0, 17, 28][12, 0, 13][25, 28][6, 13][17, 22][1, 9][16, 27] 
[18, 13, 0, 12, 8, 26][3, 1, 4, 24, 14, 11][21, 5, 15, 10, 27][9, 23, 20, 7, 25][6, 16, 2, 29][17, 22, 19][16, 27][6, 13][0, 17][17, 28][25, 28][1, 9] 
[18, 13, 0, 12, 8, 26][3, 1, 4, 24, 14, 11][21, 5, 15, 10, 27][9, 23, 20, 7, 25][6, 16, 2, 29][17, 22, 19][16, 27][6, 13][17, 28][25, 28][1, 9][0, 17] 
[18, 13, 0, 12, 8, 26][3, 1, 4, 24, 14, 11][21, 5, 15, 10, 27][9, 23, 20, 7, 25][6, 16, 2, 29][17, 22, 19][16, 27][6, 13][17, 28][25, 28][1, 9][0, 17] 
[18, 13, 0, 12, 8, 26][3, 1, 4, 24, 14, 11][21, 5, 15, 10, 27][9, 23, 20, 7, 25][6, 16, 2, 29][17, 22, 19][16, 27][6, 13][0, 17][17, 28][25, 28][1, 9] 
[3, 1, 4, 24, 14, 11][18, 13, 0, 12, 8, 26][9, 23, 20, 7, 25][21, 5, 15, 10, 27][6, 16, 2, 29][17, 22, 19][1, 9][25, 28][17, 28][0, 17][6, 13][16, 27] 
[3, 1, 4, 24, 14, 11][18, 13, 0, 12, 8, 26][9, 23, 20, 7, 25][21, 5, 15, 10, 27][6, 16, 2, 29][0, 17, 28][12, 19, 22][1, 9][25, 28][6, 13][16, 27][8, 26] 
[3, 1, 4, 24, 14, 11][22, 18, 19, 8, 26][9, 23, 20, 7, 25][21, 5, 15, 10, 27][6, 16, 2, 29][12, 0, 13][0, 17, 28][12, 19][25, 28][1, 9][6, 13][16, 27] 
[3, 1, 4, 24, 14, 11][9, 23, 20, 7, 25][22, 18, 19, 8, 26][21, 5, 15, 10, 27][6, 16, 2, 29][0, 17, 28][12, 0, 13][1, 9][25, 28][6, 13][12, 19][16, 27] 
[3, 1, 4, 24, 14, 11][9, 23, 20, 7, 25][22, 18, 19, 8, 26][21, 5, 15, 10, 27][6, 16, 2, 29][12, 0, 13][0, 17, 28][25, 28][6, 13][1, 9][12, 19][16, 27] 
[3, 1, 4, 24, 14, 11][9, 23, 20, 7, 25][22, 18, 19, 8, 26][21, 5, 15, 10, 27][6, 16, 2, 29][0, 17, 28][12, 0, 13][1, 9][25, 28][12, 19][6, 13][16, 27] 
[3, 1, 4, 24, 14, 11][21, 5, 15, 10, 27][22, 18, 19, 8, 26][9, 23, 20, 7, 25][6, 16, 2, 29][12, 0, 13][0, 17, 28][16, 27][6, 13][12, 19][25, 28][1, 9] 
[3, 1, 4, 24, 14, 11][9, 23, 20, 7, 25][22, 18, 19, 8, 26][21, 5, 15, 10, 27][6, 16, 2, 29][0, 17, 28][12, 0, 13][25, 28][1, 9][6, 13][17, 22][16, 27] 
[11, 3, 1, 4, 24, 14][22, 18, 19, 8, 26][9, 23, 20, 7, 25][21, 5, 15, 10, 27][6, 16, 2, 29][12, 0, 13][0, 17, 28][12, 19][25, 28][1, 9][6, 13][16, 27] 
