[9, 23, 3, 1, 24, 14][20, 4, 7, 27, 29][18, 13, 6, 10, 21][11, 25, 0, 22, 19][8, 12, 17, 28, 16][2, 15, 5][2, 29][10, 15][0, 18][4, 24][0, 26][8, 26] 
[16, 28, 17, 12, 8, 26][9, 23, 3, 1, 24, 14][11, 25, 0, 22, 19][10, 6, 13, 18][2, 15, 5, 21][20, 4, 7, 27][10, 15][0, 18][0, 26][2, 29][27, 29][4, 24] 
[9, 23, 3, 1, 24, 14][11, 25, 0, 22, 19][8, 12, 17, 28, 16][10, 6, 13, 18][2, 15, 5, 21][4, 7, 27, 29][4, 24, 20][10, 15][0, 18][2, 29][0, 26][8, 26] 
[9, 23, 3, 1, 24, 14, 20][11, 25, 0, 22, 19][8, 12, 17, 28, 16][4, 7, 27, 29][2, 15, 5, 21][10, 6, 13, 18][4, 24][2, 29][10, 15][0, 18][0, 26][8, 26] 
[9, 23, 3, 1, 24, 14][20, 4, 7, 27, 29][11, 25, 0, 22, 19][8, 12, 17, 28, 16][2, 15, 5, 21][10, 6, 13, 18][4, 24][2, 29][10, 15][0, 18][0, 26][8, 26] 
[9, 23, 3, 1, 24, 14][11, 25, 0, 22, 19][8, 12, 17, 28, 16][20, 4, 7, 27, 29][10, 6, 13, 18][2, 15, 5, 21][0, 26][8, 26][0, 18][10, 15][2, 29][4, 24] 
[9, 23, 3, 1, 24, 14][11, 25, 0, 22, 19][8, 12, 17, 28, 16][20, 4, 7, 27, 29][10, 6, 13, 18][2, 15, 5, 21][0, 26][0, 18][8, 26][10, 15][2, 29][4, 24] 
[9, 23, 3, 1, 24, 14][20, 4, 7, 27, 29][11, 25, 0, 22, 19][8, 12, 17, 28, 16][2, 15, 5, 21][10, 6, 13, 18][2, 29][4, 24][10, 15][0, 18][0, 26][8, 26] 
[9, 23, 3, 1, 24, 14][11, 25, 0, 22, 19][20, 4, 7, 27, 29][8, 12, 17, 28, 16][2, 15, 5, 21][10, 6, 13, 18][10, 15][0, 18][2, 29][4, 24][0, 26][8, 26] 
[9, 23, 3, 1, 24, 14][11, 25, 0, 22, 19][8, 12, 17, 28, 16][20, 4, 7, 27, 29][10, 6, 13, 18][2, 15, 5, 21][0, 26][8, 26][0, 18][10, 15][2, 29][4, 24] 
[9, 23, 3, 1, 24, 14][20, 4, 7, 27, 29][18, 13, 6, 10, 21][11, 25, 0, 22, 19][8, 12, 17, 28, 16][2, 15, 5][2, 29][10, 15][0, 18][4, 24][0, 26][8, 26] 
[16, 28, 17, 12, 8, 26][9, 23, 3, 1, 24, 14][11, 25, 0, 22, 19][10, 6, 13, 18][2, 15, 5, 21][20, 4, 7, 27][0, 26][0, 18][10, 15][2, 29][27, 29][4, 24] 
[9, 23, 3, 1, 24, 14][11, 25, 0, 22, 19][8, 12, 17, 28, 16][10, 6, 13, 18][2, 15, 5, 21][4, 7, 27, 29][4, 24, 20][10, 15][0, 18][2, 29][0, 26][8, 26] 
[9, 23, 3, 1, 24, 14][8, 12, 17, 28, 16][11, 25, 0, 22, 19][20, 4, 7, 27, 29][10, 6, 13, 18][2, 15, 5, 21][8, 26][0, 26][0, 18][10, 15][2, 29][4, 24] 
[9, 23, 3, 1, 24, 14][11, 25, 0, 22, 19][20, 4, 7, 27, 29][8, 12, 17, 28, 16][10, 6, 13, 18][2, 15, 5, 21][0, 18][10, 15][2, 29][4, 24][0, 26][8, 26] 
[9, 23, 3, 1, 24, 14][11, 25, 0, 22, 19][8, 12, 17, 28, 16][20, 4, 7, 27, 29][10, 6, 13, 18][2, 15, 5, 21][0, 18][0, 26][8, 26][10, 15][2, 29][4, 24] 
[9, 23, 3, 1, 24, 14][20, 4, 7, 27, 29][18, 13, 6, 10, 21][11, 25, 0, 22, 19][8, 12, 17, 28, 16][2, 15, 5][4, 24][2, 29][10, 15][0, 18][0, 26][8, 26] 
[9, 23, 3, 1, 24, 14][16, 28, 17, 12, 8, 26][11, 25, 0, 22, 19][20, 4, 7, 27][2, 15, 5, 21][10, 6, 13, 18][27, 29][4, 24][2, 29][10, 15][0, 18][0, 26] 
[9, 23, 3, 1, 24, 14][11, 25, 0, 22, 19][8, 12, 17, 28, 16][20, 4, 7, 27, 29][10, 6, 13, 18][2, 15, 5, 21][0, 26][0, 18][8, 26][10, 15][2, 29][4, 24] 
[9, 23, 3, 1, 24, 14][20, 4, 7, 27, 29][18, 13, 6, 10, 21][11, 25, 0, 22, 19][8, 12, 17, 28, 16][2, 15, 5][2, 29][10, 15][0, 18][4, 24][0, 26][8, 26] 
[9, 23, 3, 1, 24, 14][20, 4, 7, 27, 29][18, 13, 6, 10, 21][11, 25, 0, 22, 19][8, 12, 17, 28, 16][2, 15, 5][4, 24][2, 29][10, 15][0, 18][0, 26][8, 26] 
[9, 23, 3, 1, 24, 14][16, 28, 17, 12, 8, 26][11, 25, 0, 22, 19][20, 4, 7, 27][2, 15, 5, 21][10, 6, 13, 18][27, 29][4, 24][2, 29][10, 15][0, 18][0, 26] 
[9, 23, 3, 1, 24, 14][11, 25, 0, 22, 19][8, 12, 17, 28, 16][10, 6, 13, 18][2, 15, 5, 21][4, 7, 27, 29][4, 24, 20][10, 15][0, 18][2, 29][0, 26][8, 26] 
[9, 23, 3, 1, 24, 14][11, 25, 0, 22, 19][20, 4, 7, 27, 29][8, 12, 17, 28, 16][10, 6, 13, 18][2, 15, 5, 21][0, 18][10, 15][2, 29][0, 26][8, 26][4, 24] 
[9, 23, 3, 1, 24, 14][11, 25, 0, 22, 19][20, 4, 7, 27, 29][8, 12, 17, 28, 16][10, 6, 13, 18][2, 15, 5, 21][10, 15][0, 18][0, 26][2, 29][4, 24][8, 26] 
[9, 23, 3, 1, 24, 14][11, 25, 0, 22, 19][20, 4, 7, 27, 29][8, 12, 17, 28, 16][10, 6, 13, 18][2, 15, 5, 21][0, 18][10, 15][0, 26][2, 29][4, 24][8, 26] 
[9, 23, 3, 1, 24, 14][20, 4, 7, 27, 29][18, 13, 6, 10, 21][11, 25, 0, 22, 19][8, 12, 17, 28, 16][2, 15, 5][2, 29][10, 15][0, 18][4, 24][0, 26][8, 26] 
[9, 23, 3, 1, 24, 14][16, 28, 17, 12, 8, 26][11, 25, 0, 22, 19][20, 4, 7, 27][2, 15, 5, 21][10, 6, 13, 18][27, 29][2, 29][10, 15][4, 24][0, 18][0, 26] 
[9, 23, 3, 1, 24, 14][20, 4, 7, 27, 29][11, 25, 0, 22, 19][8, 12, 17, 28, 16][2, 15, 5, 21][10, 6, 13, 18][2, 29][4, 24][10, 15][0, 18][0, 26][8, 26] 
[9, 23, 3, 1, 24, 14][20, 4, 7, 27, 29][18, 13, 6, 10, 21][11, 25, 0, 22, 19][8, 12, 17, 28, 16][2, 15, 5][2, 29][10, 15][0, 18][4, 24][0, 26][8, 26] 
[9, 23, 3, 1, 24, 14][20, 4, 7, 27, 29][18, 13, 6, 10, 21][11, 25, 0, 22, 19][8, 12, 17, 28, 16][2, 15, 5][4, 24][2, 29][10, 15][0, 18][0, 26][8, 26] 
[16, 28, 17, 12, 8, 26][9, 23, 3, 1, 24, 14][11, 25, 0, 22, 19][10, 6, 13, 18][2, 15, 5, 21][20, 4, 7, 27][0, 18][0, 26][10, 15][2, 29][27, 29][4, 24] 
[9, 23, 3, 1, 24, 14][11, 25, 0, 22, 19][20, 4, 7, 27, 29][8, 12, 17, 28, 16][10, 6, 13, 18][2, 15, 5, 21][10, 15][0, 18][0, 26][2, 29][4, 24][8, 26] 
[9, 23, 3, 1, 24, 14][18, 13, 6, 10, 21][11, 25, 0, 22, 19][8, 12, 17, 28, 16][20, 4, 7, 27, 29][2, 15, 5][10, 15][0, 18][0, 26][8, 26][2, 29][4, 24] 
[9, 23, 3, 1, 24, 14][18, 13, 6, 10, 21][11, 25, 0, 22, 19][8, 12, 17, 28, 16][20, 4, 7, 27, 29][2, 15, 5][10, 15][0, 18][0, 26][8, 26][2, 29][4, 24] 
[19, 22, 17, 12, 8, 26, 0, 18, 13, 6, 10, 29, 15, 21][10, 7, 25, 11, 14, 1, 9, 3, 23, 4, 24, 20][16, 28][5, 15][27, 29][0, 18][8, 12][17, 28][4, 24][2, 15][4, 24][6, 10] 
[2, 10, 7, 25, 11, 14, 1, 9, 3, 23, 4, 24, 20][28, 25, 7, 27, 2, 21, 5, 15, 16, 10, 29][0, 26, 8, 19, 12, 22, 17, 28, 16][18, 13, 6, 10, 29][2, 15, 5, 21][0, 18][2, 27][10, 29][12, 19][10, 29][12, 19][8, 26] 
[19, 22, 17, 12, 8, 26, 0, 18, 13, 6, 10, 29, 15, 21][10, 7, 25, 11, 14, 1, 9, 3, 23, 4, 24, 20][16, 28][5, 15][27, 29][0, 18][8, 12][17, 28][4, 24][2, 15][4, 24][6, 10] 
[7, 25, 11, 14, 1, 9, 3, 23, 4, 24, 20][0, 26, 8, 19, 12, 22, 17, 28, 16][17, 18, 13, 6, 10, 29][21, 5, 15, 2, 29][20, 4, 7, 27, 29][2, 15, 5, 21][0, 26][10, 29][27, 29][20, 24][8, 26][27, 29] 
[7, 25, 11, 14, 1, 9, 3, 23, 4, 24, 20][0, 26, 8, 19, 12, 22, 17, 28, 16][17, 18, 13, 6, 10, 29][21, 5, 15, 2, 29][6, 10][7, 27][6, 13][6, 10][27, 29][12, 19][2, 15][8, 26] 
[7, 25, 11, 14, 1, 9, 3, 23, 4, 24, 20][0, 26, 8, 19, 12, 22, 17, 28, 16][17, 18, 13, 6, 10, 29][20, 4, 7, 27, 29][10, 6, 13, 18][2, 15, 5, 21][4, 24, 20][10, 29][27, 29][0, 26][2, 29][8, 26] 
[2, 10, 7, 25, 11, 14, 1, 9, 3, 23, 4, 24, 20][0, 26, 8, 19, 12, 22, 17, 28, 16][17, 18, 13, 6, 10, 29][21, 5, 15, 2, 27][13, 6, 10, 29][15, 5, 21][2, 27][4, 24][5, 15][6, 10][6, 10][20, 24] 
[2, 10, 7, 25, 11, 14, 1, 9, 3, 23, 4, 24, 20][0, 26, 8, 19, 12, 22, 17, 28, 16][17, 18, 13, 6, 10, 29][21, 5, 15, 2, 27][6, 10][6, 13][4, 24][4, 24][6, 10][6, 13][6, 10][6, 10] 
[10, 7, 25, 11, 14, 1, 9, 3, 23, 4, 24, 20][0, 26, 8, 19, 12, 22, 17, 28, 16][17, 18, 13, 6, 10, 29][21, 5, 15, 2, 27][16, 28, 17][6, 10][27, 29][4, 24][6, 10][6, 10][6, 10][4, 24] 
[15, 29, 10, 6, 13, 18, 0, 26, 8, 12, 17, 22, 19][10, 7, 25, 11, 14, 1, 9, 3, 23, 4, 24, 20][16, 28, 17][2, 15, 5][8, 12][27, 29][6, 10][6, 10][6, 10][2, 21][4, 24][4, 24] 
[2, 10, 7, 25, 11, 14, 1, 9, 3, 23, 4, 24, 20][0, 26, 8, 19, 12, 22, 17, 28, 16][17, 18, 13, 6, 10, 29][2, 15, 5, 21][6, 10][6, 10][6, 10][2, 27][6, 10][12, 19][6, 10][4, 24] 
[2, 10, 7, 25, 11, 14, 1, 9, 3, 23, 4, 24, 20][0, 26, 8, 19, 12, 22, 17, 28, 16][17, 18, 13, 6, 10, 29][5, 15, 2, 27][3, 9][5, 21][6, 10][8, 26][6, 10][8, 26][6, 10][8, 26] 
[2, 10, 7, 25, 11, 14, 1, 9, 3, 23, 4, 24, 20][16, 28, 17, 22, 12, 19, 8, 26][0, 18, 13, 6, 10, 29, 15][15, 5, 21][4, 24][17, 28][0, 26][4, 24][6, 13][6, 10][27, 29][10, 29] 
[2, 10, 7, 25, 11, 14, 1, 9, 3, 23, 4, 24, 20][0, 26, 8, 19, 12, 22, 17, 28, 16][17, 18, 13, 6, 10, 29][21, 5, 15, 2, 27][6, 13, 18, 17][6, 13, 18, 17][6, 10][6, 10][6, 10][4, 24][4, 24][0, 26] 
[2, 10, 7, 25, 11, 14, 1, 9, 3, 23, 4, 24, 20][0, 26, 8, 19, 12, 22, 17, 28, 16][17, 18, 13, 6, 10, 29][21, 5, 15, 2, 27][6, 13, 18, 17][6, 13, 18, 17][6, 10][6, 10][6, 10][4, 24][4, 24][0, 26] 
[2, 10, 7, 25, 11, 14, 1, 9, 3, 23, 4, 24, 20][0, 26, 8, 19, 12, 22, 17, 28, 16][17, 18, 13, 6, 10, 29][21, 5, 15, 2, 27][18, 13, 6, 10, 29][6, 10][5, 15][3, 9][6, 10][8, 26][20, 24][6, 10] 
[2, 10, 7, 25, 11, 14, 1, 9, 3, 23, 4, 24][0, 26, 8, 19, 12, 22, 17, 28, 16][17, 18, 13, 6, 10, 29][21, 5, 15, 2, 27][6, 10][20, 24][6, 10][6, 10][3, 9][5, 15][6, 10][6, 10] 
[2, 10, 7, 25, 11, 14, 1, 9, 3, 23, 4, 24, 20][0, 26, 8, 19, 12, 22, 17, 28, 16][17, 18, 13, 6, 10, 29][18, 13, 6, 10, 29][2, 15, 5, 21][6, 10][6, 10][2, 27][3, 9][20, 24][6, 10][6, 10] 
[2, 10, 7, 25, 11, 14, 1, 9, 3, 23, 4, 24, 20][0, 26, 8, 19, 12, 22, 17, 28, 16][17, 18, 13, 6, 10, 29][21, 5, 15, 2, 27][18, 13, 6, 10, 29][6, 10][5, 15][3, 9][6, 10][8, 26][20, 24][6, 10] 
[2, 10, 7, 25, 11, 14, 1, 9, 3, 23, 4, 24, 20][0, 26, 8, 19, 12, 22, 17, 28, 16][17, 18, 13, 6, 10, 29][21, 5, 15, 2, 27][13, 6, 10, 29][15, 5, 21][2, 27][4, 24][5, 15][6, 10][6, 10][20, 24] 
[2, 10, 7, 25, 11, 14, 1, 9, 3, 23, 4, 24, 20][0, 26, 8, 19, 12, 22, 17, 28, 16][17, 18, 13, 6, 10, 29][21, 5, 15, 2, 27][6, 10][6, 13][4, 24][4, 24][6, 10][6, 13][6, 10][6, 10] 
[9, 23, 3, 1, 24, 14][20, 4, 7, 27, 29][11, 25, 0, 22, 19][8, 12, 17, 28, 16][2, 15, 5, 21][10, 6, 13, 18][2, 29][4, 24][10, 15][0, 18][0, 26][8, 26] 
[9, 23, 3, 1, 24, 14][20, 4, 7, 27, 29][11, 25, 0, 22, 19][8, 12, 17, 28, 16][2, 15, 5, 21][10, 6, 13, 18][2, 29][10, 15][4, 24][0, 18][0, 26][8, 26] 
[9, 23, 3, 1, 24, 14][8, 12, 17, 28, 16][11, 25, 0, 22, 19][20, 4, 7, 27, 29][10, 6, 13, 18][2, 15, 5, 21][8, 26][0, 26][0, 18][10, 15][2, 29][4, 24] 
[9, 23, 3, 1, 24, 14][11, 25, 0, 22, 19][8, 12, 17, 28, 16][20, 4, 7, 27, 29][10, 6, 13, 18][2, 15, 5, 21][0, 26][8, 26][0, 18][10, 15][2, 29][4, 24] 
[9, 23, 3, 1, 24, 14][11, 25, 0, 22, 19][8, 12, 17, 28, 16][20, 4, 7, 27, 29][10, 6, 13, 18][2, 15, 5, 21][0, 26][8, 26][0, 18][10, 15][2, 29][4, 24] 
[9, 23, 3, 1, 24, 14][11, 25, 0, 22, 19][20, 4, 7, 27, 29][8, 12, 17, 28, 16][2, 15, 5, 21][10, 6, 13, 18][10, 15][0, 18][2, 29][4, 24][0, 26][8, 26] 
[9, 23, 3, 1, 24, 14][11, 25, 0, 22, 19][20, 4, 7, 27, 29][8, 12, 17, 28, 16][10, 6, 13, 18][2, 15, 5, 21][10, 15][0, 18][0, 26][2, 29][4, 24][8, 26] 
[9, 23, 3, 1, 24, 14][20, 4, 7, 27, 29][11, 25, 0, 22, 19][8, 12, 17, 28, 16][2, 15, 5, 21][10, 6, 13, 18][4, 24][2, 29][10, 15][0, 18][0, 26][8, 26] 
[9, 23, 3, 1, 24, 14][11, 25, 0, 22, 19][20, 4, 7, 27, 29][8, 12, 17, 28, 16][10, 6, 13, 18][2, 15, 5, 21][0, 18][10, 15][0, 26][2, 29][4, 24][8, 26] 
[9, 23, 3, 1, 24, 14][20, 4, 7, 27, 29][11, 25, 0, 22, 19][8, 12, 17, 28, 16][2, 15, 5, 21][10, 6, 13, 18][4, 24][2, 29][10, 15][0, 18][0, 26][8, 26] 
[9, 23, 3, 1, 24, 14][20, 4, 7, 27, 29][11, 25, 0, 22, 19][8, 12, 17, 28, 16][2, 15, 5, 21][10, 6, 13, 18][4, 24][2, 29][10, 15][0, 18][0, 26][8, 26] 
[9, 23, 3, 1, 24, 14][20, 4, 7, 27, 29][11, 25, 0, 22, 19][8, 12, 17, 28, 16][2, 15, 5, 21][10, 6, 13, 18][4, 24][2, 29][10, 15][0, 18][0, 26][8, 26] 
[9, 23, 3, 1, 24, 14][20, 4, 7, 27, 29][11, 25, 0, 22, 19][8, 12, 17, 28, 16][2, 15, 5, 21][10, 6, 13, 18][4, 24][2, 29][10, 15][0, 18][0, 26][8, 26] 
[9, 23, 3, 1, 24, 14][20, 4, 7, 27, 29][11, 25, 0, 22, 19][8, 12, 17, 28, 16][2, 15, 5, 21][10, 6, 13, 18][2, 29][4, 24][10, 15][0, 18][0, 26][8, 26] 
[9, 23, 3, 1, 24, 14][20, 4, 7, 27, 29][11, 25, 0, 22, 19][8, 12, 17, 28, 16][2, 15, 5, 21][10, 6, 13, 18][2, 29][10, 15][0, 18][0, 26][8, 26][4, 24] 
[9, 23, 3, 1, 24, 14][8, 12, 17, 28, 16][11, 25, 0, 22, 19][18, 13, 6, 10, 21][20, 4, 7, 27, 29][2, 15, 5][8, 26][0, 26][0, 18][10, 15][2, 29][4, 24] 
[9, 23, 3, 1, 24, 14][8, 12, 17, 28, 16][11, 25, 0, 22, 19][18, 13, 6, 10, 21][20, 4, 7, 27, 29][2, 15, 5][8, 26][0, 26][0, 18][10, 15][2, 29][4, 24] 
[9, 23, 3, 1, 24, 14][20, 4, 7, 27, 29][18, 13, 6, 10, 21][11, 25, 0, 22, 19][8, 12, 17, 28, 16][2, 15, 5][4, 24][2, 29][0, 18][0, 26][8, 26][10, 15] 
[9, 23, 3, 1, 24, 14][18, 13, 6, 10, 21][11, 25, 0, 22, 19][20, 4, 7, 27, 29][8, 12, 17, 28, 16][2, 15, 5][10, 15][0, 18][2, 29][4, 24][0, 26][8, 26] 
[9, 23, 3, 1, 24, 14][20, 4, 7, 27, 29][18, 13, 6, 10, 21][11, 25, 0, 22, 19][8, 12, 17, 28, 16][2, 15, 5][4, 24][2, 29][10, 15][0, 18][0, 26][8, 26] 
[9, 23, 3, 1, 24, 14][16, 28, 17, 12, 8, 26][18, 13, 6, 10, 21][11, 25, 0, 22, 19][20, 4, 7, 27][2, 15, 5][4, 24][27, 29][2, 29][10, 15][0, 18][0, 26] 
[9, 23, 3, 1, 24, 14][11, 25, 0, 22, 19][8, 12, 17, 28, 16][20, 4, 7, 27, 29][10, 6, 13, 18][2, 15, 5, 21][0, 26][8, 26][0, 18][10, 15][2, 29][4, 24] 
[9, 23, 3, 1, 24, 14][11, 25, 0, 22, 19][20, 4, 7, 27, 29][8, 12, 17, 28, 16][2, 15, 5, 21][10, 6, 13, 18][10, 15][0, 18][2, 29][0, 26][4, 24][8, 26] 
[9, 23, 3, 1, 24, 14][11, 25, 0, 22, 19][20, 4, 7, 27, 29][8, 12, 17, 28, 16][10, 6, 13, 18][2, 15, 5, 21][0, 18][10, 15][2, 29][0, 26][8, 26][4, 24] 
[9, 23, 3, 1, 24, 14][20, 4, 7, 27, 29][11, 25, 0, 22, 19][8, 12, 17, 28, 16][2, 15, 5, 21][10, 6, 13, 18][4, 24][2, 29][10, 15][0, 18][0, 26][8, 26] 
[9, 23, 3, 1, 24, 14][11, 25, 0, 22, 19][20, 4, 7, 27, 29][8, 12, 17, 28, 16][2, 15, 5, 21][10, 6, 13, 18][10, 15][0, 18][2, 29][4, 24][0, 26][8, 26] 
[16, 28, 17, 12, 8, 26][9, 23, 3, 1, 24, 14][11, 25, 0, 22, 19][10, 6, 13, 18][2, 15, 5, 21][20, 4, 7, 27][0, 18][0, 26][10, 15][2, 29][27, 29][4, 24] 
[9, 23, 3, 1, 24, 14][11, 25, 0, 22, 19][20, 4, 7, 27, 29][8, 12, 17, 28, 16][10, 6, 13, 18][2, 15, 5, 21][0, 18][10, 15][0, 26][2, 29][4, 24][8, 26] 
[9, 23, 3, 1, 24, 14][11, 25, 0, 22, 19][18, 13, 6, 10, 21][8, 12, 17, 28, 16][20, 4, 7, 27, 29][2, 15, 5][0, 18][0, 26][10, 15][8, 26][2, 29][4, 24] 
[9, 23, 3, 1, 24, 14][18, 13, 6, 10, 21][11, 25, 0, 22, 19][8, 12, 17, 28, 16][20, 4, 7, 27, 29][2, 15, 5][10, 15][0, 18][0, 26][8, 26][2, 29][4, 24] 
[9, 23, 3, 1, 24, 14][18, 13, 6, 10, 21][11, 25, 0, 22, 19][8, 12, 17, 28, 16][20, 4, 7, 27, 29][2, 15, 5][10, 15][0, 18][0, 26][8, 26][2, 29][4, 24] 
[9, 23, 3, 1, 24, 14][8, 12, 17, 28, 16][11, 25, 0, 22, 19][18, 13, 6, 10, 21][20, 4, 7, 27, 29][2, 15, 5][8, 26][0, 26][0, 18][10, 15][2, 29][4, 24] 
[9, 23, 3, 1, 24, 14][8, 12, 17, 28, 16][11, 25, 0, 22, 19][18, 13, 6, 10, 21][20, 4, 7, 27, 29][2, 15, 5][8, 26][0, 26][0, 18][10, 15][2, 29][4, 24] 
[9, 23, 3, 1, 24, 14][20, 4, 7, 27, 29][18, 13, 6, 10, 21][11, 25, 0, 22, 19][8, 12, 17, 28, 16][2, 15, 5][4, 24][2, 29][10, 15][0, 18][0, 26][8, 26] 
[9, 23, 3, 1, 24, 14][20, 4, 7, 27, 29][18, 13, 6, 10, 21][11, 25, 0, 22, 19][8, 12, 17, 28, 16][2, 15, 5][4, 24][2, 29][10, 15][0, 18][0, 26][8, 26] 
[9, 23, 3, 1, 24, 14][20, 4, 7, 27, 29][18, 13, 6, 10, 21][11, 25, 0, 22, 19][8, 12, 17, 28, 16][2, 15, 5][4, 24][2, 29][10, 15][0, 18][0, 26][8, 26] 
[9, 23, 3, 1, 24, 14][20, 4, 7, 27, 29][18, 13, 6, 10, 21][11, 25, 0, 22, 19][8, 12, 17, 28, 16][2, 15, 5][4, 24][2, 29][0, 18][0, 26][8, 26][10, 15] 
[9, 23, 3, 1, 24, 14][11, 25, 0, 22, 19][18, 13, 6, 10, 21][8, 12, 17, 28, 16][20, 4, 7, 27, 29][2, 15, 5][0, 26][0, 18][8, 26][10, 15][2, 29][4, 24] 
[9, 23, 3, 1, 24, 14][20, 4, 7, 27, 29][18, 13, 6, 10, 21][11, 25, 0, 22, 19][8, 12, 17, 28, 16][2, 15, 5][4, 24][2, 29][10, 15][0, 18][0, 26][8, 26] 
[9, 23, 3, 1, 24, 14][20, 4, 7, 27, 29][18, 13, 6, 10, 21][11, 25, 0, 22, 19][8, 12, 17, 28, 16][2, 15, 5][4, 24][2, 29][10, 15][0, 18][0, 26][8, 26] 
[9, 23, 3, 1, 24, 14][20, 4, 7, 27, 29][18, 13, 6, 10, 21][11, 25, 0, 22, 19][8, 12, 17, 28, 16][2, 15, 5][4, 24][2, 29][10, 15][0, 18][0, 26][8, 26] 
[9, 23, 3, 1, 24, 14][20, 4, 7, 27, 29][18, 13, 6, 10, 21][11, 25, 0, 22, 19][8, 12, 17, 28, 16][2, 15, 5][4, 24][2, 29][10, 15][0, 18][0, 26][8, 26] 
[9, 23, 3, 1, 24, 14][20, 4, 7, 27, 29][18, 13, 6, 10, 21][11, 25, 0, 22, 19][8, 12, 17, 28, 16][2, 15, 5][2, 29][10, 15][0, 18][4, 24][0, 26][8, 26] 
[9, 23, 3, 1, 24, 14][16, 28, 17, 12, 8, 26][20, 4, 7, 27, 29][18, 13, 6, 10, 21][11, 25, 0, 22, 19][2, 15, 5][4, 24][2, 29][10, 15][0, 18][0, 26][8, 26] 
[9, 23, 3, 1, 24, 14][16, 28, 17, 12, 8, 26][20, 4, 7, 27, 29][18, 13, 6, 10, 21][11, 25, 0, 22, 19][2, 15, 5][4, 24][2, 29][10, 15][0, 18][0, 26][8, 26] 
[9, 23, 3, 1, 24, 14][16, 28, 17, 12, 8, 26][20, 4, 7, 27, 29][18, 13, 6, 10, 21][11, 25, 0, 22, 19][2, 15, 5][4, 24][2, 29][10, 15][0, 18][0, 26][8, 26] 
[9, 23, 3, 1, 24, 14][16, 28, 17, 12, 8, 26][20, 4, 7, 27, 29][18, 13, 6, 10, 21][11, 25, 0, 22, 19][2, 15, 5][4, 24][2, 29][10, 15][0, 18][0, 26][8, 26] 
[9, 23, 3, 1, 24, 14][16, 28, 17, 12, 8, 26][20, 4, 7, 27, 29][18, 13, 6, 10, 21][11, 25, 0, 22, 19][2, 15, 5][2, 29][4, 24][10, 15][0, 18][0, 26][8, 26] 
[16, 28, 17, 12, 8, 26][9, 23, 3, 1, 24, 14][11, 25, 0, 22, 19][20, 4, 7, 27, 29][10, 6, 13, 18][2, 15, 5][21, 2, 29][8, 26][0, 26][0, 18][10, 15][4, 24] 
[9, 23, 3, 1, 24, 14][11, 25, 0, 22, 19][20, 4, 7, 27, 29][8, 12, 17, 28, 16][2, 15, 5, 21][10, 6, 13, 18][10, 15][0, 18][2, 29][0, 26][4, 24][8, 26] 
[9, 23, 3, 1, 24, 14][20, 4, 7, 27, 29][11, 25, 0, 22, 19][8, 12, 17, 28, 16][2, 15, 5, 21][10, 6, 13, 18][4, 24][2, 29][10, 15][0, 18][0, 26][8, 26] 
[9, 23, 3, 1, 24, 14][11, 25, 0, 22, 19][20, 4, 7, 27, 29][8, 12, 17, 28, 16][10, 6, 13, 18][2, 15, 5, 21][10, 15][0, 18][0, 26][2, 29][4, 24][8, 26] 
[9, 23, 3, 1, 24, 14][20, 4, 7, 27, 29][11, 25, 0, 22, 19][8, 12, 17, 28, 16][2, 15, 5, 21][10, 6, 13, 18][2, 29][4, 24][10, 15][0, 18][0, 26][8, 26] 
[9, 23, 3, 1, 24, 14][20, 4, 7, 27, 29][11, 25, 0, 22, 19][8, 12, 17, 28, 16][2, 15, 5, 21][10, 6, 13, 18][10, 15][2, 29][4, 24][0, 18][0, 26][8, 26] 
[9, 23, 3, 1, 24, 14][20, 4, 7, 27, 29][18, 13, 6, 10, 21][11, 25, 0, 22, 19][8, 12, 17, 28, 16][2, 15, 5][4, 24][2, 29][10, 15][0, 18][0, 26][8, 26] 
[9, 23, 3, 1, 24, 14][20, 4, 7, 27, 29][11, 25, 0, 22, 19][8, 12, 17, 28, 16][2, 15, 5, 21][10, 6, 13, 18][4, 24][2, 29][10, 15][0, 18][0, 26][8, 26] 
