[13, 18, 22, 19, 12, 8, 26][5, 21, 10, 2, 29][14, 3, 1, 9, 23][11, 25, 0, 17][20, 7, 16, 27][4, 24, 1, 23][11, 25, 28][15, 6, 16][0, 22][16, 28][10, 15][20, 24] 
[13, 18, 22, 19, 12, 8, 26][14, 3, 1, 9, 23][5, 21, 10, 2, 29][4, 24, 1, 23][20, 7, 16, 27][11, 25, 0, 17][15, 6, 16][20, 24][16, 28][25, 28][10, 15][0, 22] 
[13, 18, 22, 19, 12, 8, 26][5, 21, 10, 2, 29][20, 7, 16, 27][11, 25, 0, 17][4, 24, 1, 23][9, 1, 3, 14][15, 6, 16][10, 15][25, 28][20, 24][0, 22][16, 28] 
[13, 18, 22, 19, 12, 8, 26][5, 21, 10, 2, 29][11, 25, 0, 17][20, 7, 16, 27][4, 24, 1, 23][9, 1, 3, 14][15, 6, 16][0, 22][25, 28][16, 28][10, 15][20, 24] 
[13, 18, 22, 19, 12, 8, 26][5, 21, 10, 2, 29][4, 24, 1, 23][20, 7, 16, 27][15, 6, 16, 28][11, 25, 0, 17][3, 14, 9][1, 9][20, 24][25, 28][0, 22][10, 15] 
[13, 18, 22, 19, 12, 8, 26][5, 21, 10, 2, 29][4, 24, 1, 23][20, 7, 16, 27][15, 6, 16, 28][11, 25, 0, 17][3, 14, 9][1, 9][20, 24][25, 28][10, 15][0, 22] 
[13, 18, 22, 19, 12, 8, 26][5, 21, 10, 2, 29][11, 25, 0, 17][15, 6, 16, 28][20, 7, 16, 27][4, 24, 1, 23][3, 14, 9][0, 22][25, 28][10, 15][20, 24][1, 9] 
[13, 18, 22, 19, 12, 8, 26][20, 4, 24, 1, 23][5, 21, 10, 2, 29][15, 6, 16, 28][11, 25, 0, 17][3, 14, 9][7, 16, 27][7, 20][1, 9][25, 28][0, 22][10, 15] 
[13, 18, 22, 19, 12, 8, 26][20, 4, 24, 1, 23][5, 21, 10, 2, 29][15, 6, 16, 28][11, 25, 0, 17][7, 16, 27][3, 14, 9][7, 20][1, 9][10, 15][25, 28][0, 22] 
[13, 18, 22, 19, 12, 8, 26][20, 4, 24, 1, 23][5, 21, 10, 2, 29][11, 25, 0, 17][15, 6, 16, 28][7, 16, 27][3, 14, 9][0, 22][25, 28][10, 15][1, 9][7, 20] 
[13, 18, 22, 19, 12, 8, 26][5, 21, 10, 2, 29][14, 3, 1, 9, 23][11, 25, 0, 17][20, 7, 16, 27][4, 24, 1, 23][11, 25, 28][15, 6, 16][0, 22][16, 28][10, 15][20, 24] 
[13, 18, 22, 19, 12, 8, 26][5, 21, 10, 2, 29][14, 3, 1, 9, 23][20, 7, 16, 27][4, 24, 1, 23][11, 25, 0, 17][15, 6, 16][10, 15][20, 24][16, 28][25, 28][0, 22] 
[13, 18, 22, 19, 12, 8, 26][5, 21, 10, 2, 29][20, 7, 16, 27][11, 25, 0, 17][4, 24, 1, 23][9, 1, 3, 14][15, 6, 16][16, 28][25, 28][10, 15][20, 24][0, 22] 
[13, 18, 22, 19, 12, 8, 26][5, 21, 10, 2, 29][15, 6, 16, 28][20, 7, 16, 27][11, 25, 0, 17][4, 24, 1, 23][3, 14, 9][10, 15][25, 28][0, 22][20, 24][1, 9] 
[13, 18, 22, 19, 12, 8, 26][5, 21, 10, 2, 29][15, 6, 16, 28][20, 7, 16, 27][11, 25, 0, 17][4, 24, 1, 23][3, 14, 9][10, 15][25, 28][0, 22][20, 24][1, 9] 
[13, 18, 22, 19, 12, 8, 26][5, 21, 10, 2, 29][20, 4, 24, 1, 23][15, 6, 16, 28][11, 25, 0, 17][7, 16, 27][3, 14, 9][10, 15][7, 20][1, 9][25, 28][0, 22] 
[13, 18, 22, 19, 12, 8, 26][5, 21, 10, 2, 29][14, 3, 1, 9, 23][20, 7, 16, 27][4, 24, 1, 23][11, 25, 0, 17][15, 6, 16][11, 25, 28][10, 15][16, 28][20, 24][0, 22] 
[13, 18, 22, 19, 12, 8, 26][14, 3, 1, 9, 23][5, 21, 10, 2, 29][4, 24, 1, 23][20, 7, 16, 27][11, 25, 0, 17][15, 6, 16][20, 24][10, 15][16, 28][25, 28][0, 22] 
[13, 18, 22, 19, 12, 8, 26][5, 21, 10, 2, 29][11, 25, 0, 17][15, 6, 16, 28][20, 7, 16, 27][4, 24, 1, 23][3, 14, 9][25, 28][0, 22][10, 15][20, 24][1, 9] 
[13, 18, 22, 19, 12, 8, 26][14, 3, 1, 9, 23][5, 21, 10, 2, 29][20, 7, 16, 27][11, 25, 0, 17][4, 24, 1, 23][11, 25, 28][15, 6, 16][16, 28][0, 22][20, 24][10, 15] 
[13, 18, 22, 19, 12, 8, 26][5, 21, 10, 2, 29][14, 3, 1, 9, 23][11, 25, 0, 17][20, 7, 16, 27][4, 24, 1, 23][11, 25, 28][15, 6, 16][0, 22][16, 28][10, 15][20, 24] 
[13, 18, 22, 19, 12, 8, 26][14, 3, 1, 9, 23][5, 21, 10, 2, 29][4, 24, 1, 23][20, 7, 16, 27][11, 25, 0, 17][15, 6, 16][20, 24][10, 15][16, 28][25, 28][0, 22] 
[13, 18, 22, 19, 12, 8, 26][5, 21, 10, 2, 29][20, 7, 16, 27][11, 25, 0, 17][4, 24, 1, 23][9, 1, 3, 14][15, 6, 16][10, 15][25, 28][20, 24][0, 22][16, 28] 
[13, 18, 22, 19, 12, 8, 26][5, 21, 10, 2, 29][20, 7, 16, 27][15, 6, 16, 28][4, 24, 1, 23][11, 25, 0, 17][3, 14, 9][20, 24][25, 28][10, 15][0, 22][1, 9] 
[13, 18, 22, 19, 12, 8, 26][5, 21, 10, 2, 29][20, 7, 16, 27][15, 6, 16, 28][4, 24, 1, 23][11, 25, 0, 17][3, 14, 9][20, 24][25, 28][10, 15][0, 22][1, 9] 
[13, 18, 22, 19, 12, 8, 26][5, 21, 10, 2, 29][20, 4, 24, 1, 23][15, 6, 16, 28][11, 25, 0, 17][7, 16, 27][3, 14, 9][10, 15][7, 20][1, 9][25, 28][0, 22] 
[13, 18, 22, 19, 12, 8, 26][14, 3, 1, 9, 23][5, 21, 10, 2, 29][20, 7, 16, 27][4, 24, 1, 23][11, 25, 0, 17][15, 6, 16][11, 25, 28][16, 28][20, 24][10, 15][0, 22] 
[13, 18, 22, 19, 12, 8, 26][14, 3, 1, 9, 23][5, 21, 10, 2, 29][4, 24, 1, 23][20, 7, 16, 27][11, 25, 0, 17][15, 6, 16][20, 24][10, 15][16, 28][25, 28][0, 22] 
[13, 18, 22, 19, 12, 8, 26][5, 21, 10, 2, 29][15, 6, 16, 28][20, 7, 16, 27][11, 25, 0, 17][4, 24, 1, 23][3, 14, 9][25, 28][10, 15][0, 22][20, 24][1, 9] 
[13, 18, 22, 19, 12, 8, 26][5, 21, 10, 2, 29][14, 3, 1, 9, 23][11, 25, 0, 17][20, 7, 16, 27][4, 24, 1, 23][11, 25, 28][15, 6, 16][0, 22][16, 28][10, 15][20, 24] 
[13, 18, 22, 19, 12, 8, 26][14, 3, 1, 9, 23][5, 21, 10, 2, 29][20, 7, 16, 27][4, 24, 1, 23][11, 25, 0, 17][15, 6, 16][11, 25, 28][20, 24][16, 28][0, 22][10, 15] 
[13, 18, 22, 19, 12, 8, 26][14, 3, 1, 9, 23][5, 21, 10, 2, 29][4, 24, 1, 23][20, 7, 16, 27][11, 25, 0, 17][15, 6, 16][20, 24][10, 15][16, 28][25, 28][0, 22] 
[13, 18, 22, 19, 12, 8, 26][5, 21, 10, 2, 29][4, 24, 1, 23][20, 7, 16, 27][15, 6, 16, 28][11, 25, 0, 17][3, 14, 9][1, 9][20, 24][25, 28][0, 22][10, 15] 
[13, 18, 22, 19, 12, 8, 26][14, 3, 1, 9, 23][5, 21, 10, 2, 29][11, 25, 0, 17][20, 7, 16, 27][4, 24, 1, 23][11, 25, 28][15, 6, 16][0, 22][16, 28][20, 24][10, 15] 
[13, 18, 22, 19, 12, 8, 26][14, 3, 1, 9, 23][5, 21, 10, 2, 29][20, 7, 16, 27][4, 24, 1, 23][11, 25, 0, 17][15, 6, 16][11, 25, 28][20, 24][16, 28][0, 22][10, 15] 
[1, 9, 23, 4, 20, 24, 3, 11, 25, 0, 17, 28, 7, 14][16, 28, 17, 18, 13, 0, 22, 19, 8, 26][13, 6, 5, 21, 2, 10, 27, 15, 29][2, 10][17, 28][12, 22][2, 10][5, 21][5, 21][5, 21][0, 22][5, 21] 
[1, 9, 23, 4, 20, 24, 3, 11, 25, 0, 17, 28, 7, 14][16, 28, 17, 18, 13, 0, 22, 19, 8, 26][13, 6, 5, 21, 2, 10, 27, 15, 29][2, 10][17, 28][12, 22][2, 10][5, 21][5, 21][5, 21][0, 22][5, 21] 
[1, 9, 23, 4, 20, 24, 3, 11, 25, 0, 17, 28, 7, 14][12, 22, 18, 0, 13, 6, 5, 21, 2, 10, 27, 15, 29][16, 28, 17, 18, 13, 0, 22, 19, 8, 26][19, 22][5, 21][5, 21][5, 21][5, 21][5, 21][2, 10][5, 21][2, 10] 
[1, 9, 23, 4, 20, 24, 3, 11, 25, 0, 17, 28, 7, 14][16, 28, 17, 18, 13, 0, 22, 19, 8, 26][13, 6, 5, 21, 2, 10, 27, 15, 29][12, 22][5, 21][5, 21][0, 22][5, 21][2, 10][13, 18][5, 6][5, 21] 
[1, 9, 23, 4, 20, 24, 3, 11, 25, 0, 17, 28, 7, 14][16, 28, 17, 18, 13, 0, 22, 19, 8, 26][13, 6, 5, 21, 2, 10, 27, 15, 29][5, 21][5, 21][2, 10][2, 10][5, 21][5, 21][2, 10][12, 22][5, 21] 
[1, 9, 23, 4, 20, 24, 3, 11, 25, 0, 17, 28, 7, 14][13, 6, 5, 21, 2, 10, 27, 15, 29][13, 18, 22, 19, 12, 8, 26][0, 17][16, 28][0, 17][5, 6][6, 16][2, 21][5, 21][17, 28][5, 21] 
[1, 9, 23, 4, 20, 24, 3, 11, 25, 0, 17, 28, 7, 14][12, 22, 18, 0, 13, 6, 5, 21, 2, 10, 27, 15, 29][22, 19, 8, 26][12, 22, 18][5, 21][16, 28][0, 17][2, 10][5, 21][2, 10][5, 6][5, 21] 
[1, 9, 23, 4, 20, 24, 3, 11, 25, 0, 17, 28, 7, 14][12, 22, 18, 0, 13, 6, 5, 21, 2, 10, 27, 15, 29][22, 19, 8, 26][5, 21][16, 28][2, 21][5, 21][2, 21][5, 21][2, 21][5, 21][2, 21] 
[1, 9, 23, 4, 20, 24, 3, 11, 25, 0, 17, 28, 7, 14][16, 28, 17, 18, 13, 0, 22, 19, 8, 26][13, 6, 5, 21, 2, 10, 27, 15, 29][5, 21][12, 22][2, 10][0, 17][2, 10][12, 22][2, 10][5, 21][5, 6] 
[1, 9, 23, 4, 20, 24, 3, 11, 25, 0, 17, 28, 7, 14][12, 22, 18, 0, 13, 6, 5, 21, 2, 10, 27, 15, 29][22, 19, 8, 26][16, 28][2, 21][2, 21][2, 21][4, 20][18, 22][5, 21][5, 6][5, 21] 
[1, 9, 23, 4, 20, 24, 3, 11, 25, 0, 17, 28, 7, 14][12, 22, 18, 0, 13, 6, 5, 21, 2, 10, 27, 15, 29][13, 6, 5, 21, 2, 10, 27][22, 19, 8, 26][12, 22][16, 28][5, 21][2, 10][5, 21][2, 10][2, 10][5, 21] 
[1, 9, 23, 4, 20, 24, 3, 11, 25, 0, 17, 28, 7, 14][12, 22, 18, 0, 13, 6, 5, 21, 2, 10, 27, 15, 29][16, 28, 17, 18, 13, 0, 22, 19, 8, 26][2, 10][5, 21][5, 21][5, 21][2, 10][5, 21][5, 21][2, 10][5, 21] 
[1, 9, 23, 4, 20, 24, 3, 11, 25, 0, 17, 28, 7, 14][13, 6, 5, 21, 2, 10, 27, 15, 29][12, 22, 18, 0, 13, 6, 5, 21][22, 19, 8, 26][5, 6][7, 14][16, 28][2, 10][5, 21][5, 21][2, 10][5, 6] 
[1, 9, 23, 4, 20, 24, 3, 11, 25, 0, 17, 28, 7, 14][12, 22, 18, 0, 13, 6, 5, 21, 2, 10, 27, 15, 29][22, 19, 8, 26][12, 22, 18][5, 21][16, 28][0, 17][2, 10][5, 21][2, 10][5, 6][5, 21] 
[1, 9, 23, 4, 20, 24, 3, 11, 25, 0, 17, 28, 7, 14][12, 22, 18, 0, 13, 6, 5, 21, 2, 10, 27, 15, 29][16, 28, 17, 18, 13, 0, 22, 19, 8, 26][2, 10][2, 10][19, 22][2, 10][2, 10][5, 21][2, 10][5, 21][5, 21] 
[1, 9, 23, 4, 20, 24, 3, 11, 25, 0, 17, 28, 7, 14][12, 22, 18, 0, 13, 6, 5, 21, 2, 10, 27, 15, 29][16, 28, 17, 18, 13, 0, 22, 19, 8, 26][0, 22][17, 28][2, 10][5, 6][2, 10][17, 28][5, 21][6, 13][2, 10] 
[1, 9, 23, 4, 20, 24, 3, 11, 25, 0, 17, 28, 7, 14][12, 22, 18, 0, 13, 6, 5, 21, 2, 10, 27, 15, 29][22, 19, 8, 26][16, 28][5, 21][5, 21][2, 21][5, 21][5, 21][5, 21][2, 21][5, 21] 
[1, 9, 23, 4, 20, 24, 3, 11, 25, 0, 17, 28, 7, 14][16, 28, 17, 18, 13, 0, 22, 19, 8, 26][13, 6, 5, 21, 2, 10, 27, 15, 29][5, 21][12, 22][19, 22][2, 10][2, 10][2, 10][5, 6][2, 10][5, 21] 
[1, 9, 23, 4, 20, 24, 3, 11, 25, 0, 17, 28, 7, 14][12, 22, 18, 0, 13, 6, 5, 21, 2, 10, 27, 15, 29][22, 19, 8, 26][16, 28][5, 21][5, 21][2, 21][5, 21][5, 21][5, 21][2, 21][5, 21] 
[1, 9, 23, 4, 20, 24, 3, 11, 25, 0, 17, 28, 7, 14][12, 22, 18, 0, 13, 6, 5, 21, 2, 10, 27, 15, 29][22, 19, 8, 26][5, 21][16, 28][2, 10][2, 10][2, 10][5, 21][2, 10][5, 21][5, 6] 
[1, 9, 23, 4, 20, 24, 3, 11, 25, 0, 17, 28, 7, 14][12, 22, 18, 0, 13, 6, 5, 21, 2, 10, 27, 15, 29][22, 19, 8, 26][5, 21][16, 28][2, 21][5, 21][2, 21][5, 21][2, 21][5, 21][2, 21] 
[13, 18, 22, 19, 12, 8, 26][5, 21, 10, 2, 29][4, 24, 1, 23][20, 7, 16, 27][15, 6, 16, 28][11, 25, 0, 17][3, 14, 9][7, 24][25, 28][0, 22][10, 15][1, 9] 
[13, 18, 22, 19, 12, 8, 26][5, 21, 10, 2, 29][4, 24, 1, 23][20, 7, 16, 27][15, 6, 16, 28][11, 25, 0, 17][3, 14, 9][7, 24][25, 28][10, 15][1, 9][0, 22] 
[13, 18, 22, 19, 12, 8, 26][5, 21, 10, 2, 29][11, 25, 0, 17][15, 6, 16, 28][20, 7, 16, 27][4, 24, 1, 23][3, 14, 9][25, 28][7, 24][10, 15][1, 9][0, 22] 
[13, 18, 22, 19, 12, 8, 26][5, 21, 10, 2, 29][15, 6, 16, 28][11, 25, 0, 17][20, 7, 16, 27][4, 24, 1, 23][3, 14, 9][25, 28][7, 24][10, 15][0, 22][1, 9] 
[13, 18, 22, 19, 12, 8, 26][5, 21, 10, 2, 29][20, 7, 16, 27][15, 6, 16, 28][11, 25, 0, 17][4, 24, 1, 23][3, 14, 9][25, 28][0, 22][10, 15][7, 24][1, 9] 
[13, 18, 22, 19, 12, 8, 26][5, 21, 10, 2, 29][15, 6, 16, 28][20, 7, 16, 27][11, 25, 0, 17][4, 24, 1, 23][3, 14, 9][10, 15][25, 28][0, 22][7, 24][1, 9] 
[13, 18, 22, 19, 12, 8, 26][5, 21, 10, 2, 29][4, 24, 1, 23][20, 7, 16, 27][15, 6, 16, 28][11, 25, 0, 17][3, 14, 9][7, 24][1, 9][25, 28][0, 22][10, 15] 
[13, 18, 22, 19, 12, 8, 26][5, 21, 10, 2, 29][15, 6, 16, 28][20, 7, 16, 27][11, 25, 0, 17][4, 24, 1, 23][3, 14, 9][10, 15][25, 28][0, 22][7, 24][1, 9] 
[13, 18, 22, 19, 12, 8, 26][5, 21, 10, 2, 29][11, 25, 0, 17][15, 6, 16, 28][20, 7, 16, 27][4, 24, 1, 23][3, 14, 9][0, 22][25, 28][10, 15][7, 24][1, 9] 
[13, 18, 22, 19, 12, 8, 26][5, 21, 10, 2, 29][4, 24, 1, 23][20, 7, 16, 27][15, 6, 16, 28][11, 25, 0, 17][3, 14, 9][1, 9][7, 24][25, 28][0, 22][10, 15] 
[13, 18, 22, 19, 12, 8, 26][5, 21, 10, 2, 29][15, 6, 16, 28][20, 7, 16, 27][11, 25, 0, 17][4, 24, 1, 23][3, 14, 9][10, 15][25, 28][0, 22][7, 24][1, 9] 
[13, 18, 22, 19, 12, 8, 26][5, 21, 10, 2, 29][15, 6, 16, 28][20, 7, 16, 27][4, 24, 1, 23][11, 25, 0, 17][3, 14, 9][10, 15][7, 24][25, 28][0, 22][1, 9] 
[13, 18, 22, 19, 12, 8, 26][5, 21, 10, 2, 29][11, 25, 0, 17][15, 6, 16, 28][20, 7, 16, 27][4, 24, 1, 23][3, 14, 9][0, 22][25, 28][10, 15][7, 24][1, 9] 
[13, 18, 22, 19, 12, 8, 26][5, 21, 10, 2, 29][15, 6, 16, 28][20, 7, 16, 27][11, 25, 0, 17][4, 24, 1, 23][3, 14, 9][10, 15][25, 28][0, 22][7, 24][1, 9] 
[13, 18, 22, 19, 12, 8, 26][5, 21, 10, 2, 29][4, 24, 1, 23][20, 7, 16, 27][15, 6, 16, 28][11, 25, 0, 17][3, 14, 9][7, 24][1, 9][25, 28][0, 22][10, 15] 
[13, 18, 22, 19, 12, 8, 26][5, 21, 10, 2, 29][14, 3, 1, 9, 23][11, 25, 0, 17][20, 7, 16, 27][4, 24, 1, 23][11, 25, 28][15, 6, 16][0, 22][16, 28][10, 15][20, 24] 
[13, 18, 22, 19, 12, 8, 26][14, 3, 1, 9, 23][5, 21, 10, 2, 29][4, 24, 1, 23][20, 7, 16, 27][11, 25, 0, 17][15, 6, 16][11, 25, 28][20, 24][10, 15][16, 28][0, 22] 
[13, 18, 22, 19, 12, 8, 26][5, 21, 10, 2, 29][14, 3, 1, 9, 23][11, 25, 0, 17][20, 7, 16, 27][4, 24, 1, 23][11, 25, 28][15, 6, 16][0, 22][16, 28][10, 15][20, 24] 
[13, 18, 22, 19, 12, 8, 26][14, 3, 1, 9, 23][5, 21, 10, 2, 29][4, 24, 1, 23][20, 7, 16, 27][11, 25, 0, 17][15, 6, 16][11, 25, 28][20, 24][10, 15][16, 28][0, 22] 
[13, 18, 22, 19, 12, 8, 26][14, 3, 1, 9, 23][5, 21, 10, 2, 29][20, 7, 16, 27][4, 24, 1, 23][11, 25, 0, 17][11, 25, 28][15, 6, 16][16, 28][20, 24][10, 15][0, 22] 
[13, 18, 22, 19, 12, 8, 26][5, 21, 10, 2, 29][14, 3, 1, 9, 23][15, 6, 16, 28][20, 7, 16, 27][11, 25, 0, 17][4, 24, 1, 23][25, 28][20, 24][0, 22][1, 9][10, 15] 
[13, 18, 22, 19, 12, 8, 26][5, 21, 10, 2, 29][15, 6, 16, 28][11, 25, 0, 17][20, 7, 16, 27][4, 24, 1, 23][3, 14, 9][25, 28][7, 24][10, 15][0, 22][1, 9] 
[13, 18, 22, 19, 12, 8, 26][5, 21, 10, 2, 29][4, 24, 1, 23][20, 7, 16, 27][15, 6, 16, 28][11, 25, 0, 17][3, 14, 9][7, 24][1, 9][25, 28][10, 15][0, 22] 
[13, 18, 22, 19, 12, 8, 26][5, 21, 10, 2, 29][4, 24, 1, 23][20, 7, 16, 27][15, 6, 16, 28][11, 25, 0, 17][3, 14, 9][7, 24][1, 9][25, 28][10, 15][0, 22] 
[13, 18, 22, 19, 12, 8, 26][5, 21, 10, 2, 29][15, 6, 16, 28][20, 7, 16, 27][11, 25, 0, 17][4, 24, 1, 23][3, 14, 9][25, 28][10, 15][0, 22][7, 24][1, 9] 
[13, 18, 22, 19, 12, 8, 26][5, 21, 10, 2, 29][20, 7, 16, 27][15, 6, 16, 28][11, 25, 0, 17][4, 24, 1, 23][3, 14, 9][25, 28][10, 15][0, 22][7, 24][1, 9] 
[13, 18, 22, 19, 12, 8, 26][20, 4, 24, 1, 23][5, 21, 10, 2, 29][15, 6, 16, 28][11, 25, 0, 17][3, 14, 9][16, 7, 27][7, 20][1, 9][10, 15][25, 28][0, 22] 
[13, 18, 22, 19, 12, 8, 26][5, 21, 10, 2, 29][20, 7, 16, 27][15, 6, 16, 28][11, 25, 0, 17][4, 24, 1, 23][3, 14, 9][10, 15][25, 28][7, 24][1, 9][0, 22] 
[13, 18, 22, 19, 12, 8, 26][14, 3, 1, 9, 23][5, 21, 10, 2, 29][20, 7, 16, 27][4, 24, 1, 23][11, 25, 0, 17][15, 6, 16][11, 25, 28][16, 28][20, 24][10, 15][0, 22] 
[13, 18, 22, 19, 12, 8, 26][5, 21, 10, 2, 29][14, 3, 1, 9, 23][20, 7, 16, 27][11, 25, 0, 17][4, 24, 1, 23][15, 6, 16][11, 25, 28][16, 28][10, 15][0, 22][20, 24] 
[13, 18, 22, 19, 12, 8, 26][5, 21, 10, 2, 29][14, 3, 1, 9, 23][20, 7, 16, 27][11, 25, 0, 17][4, 24, 1, 23][15, 6, 16][11, 25, 28][16, 28][10, 15][0, 22][20, 24] 
[13, 18, 22, 19, 12, 8, 26][14, 3, 1, 9, 23][5, 21, 10, 2, 29][4, 24, 1, 23][20, 7, 16, 27][11, 25, 0, 17][15, 6, 16][11, 25, 28][20, 24][10, 15][16, 28][0, 22] 
[13, 18, 22, 19, 12, 8, 26][14, 3, 1, 9, 23][5, 21, 10, 2, 29][20, 7, 16, 27][4, 24, 1, 23][11, 25, 0, 17][15, 6, 16][11, 25, 28][20, 24][16, 28][10, 15][0, 22] 
[13, 18, 22, 19, 12, 8, 26][14, 3, 1, 9, 23][5, 21, 10, 2, 29][20, 7, 16, 27][4, 24, 1, 23][11, 25, 0, 17][15, 6, 16][11, 25, 28][20, 24][16, 28][10, 15][0, 22] 
[13, 18, 22, 19, 12, 8, 26][14, 3, 1, 9, 23][5, 21, 10, 2, 29][4, 24, 1, 23][20, 7, 16, 27][11, 25, 0, 17][15, 6, 16][11, 25, 28][20, 24][16, 28][10, 15][0, 22] 
[13, 18, 22, 19, 12, 8, 26][14, 3, 1, 9, 23][5, 21, 10, 2, 29][4, 24, 1, 23][20, 7, 16, 27][11, 25, 0, 17][15, 6, 16][11, 25, 28][20, 24][16, 28][10, 15][0, 22] 
[13, 18, 22, 19, 12, 8, 26][14, 3, 1, 9, 23][5, 21, 10, 2, 29][20, 7, 16, 27][4, 24, 1, 23][11, 25, 0, 17][15, 6, 16][11, 25, 28][20, 24][10, 15][16, 28][0, 22] 
[13, 18, 22, 19, 12, 8, 26][14, 3, 1, 9, 23][5, 21, 10, 2, 29][20, 7, 16, 27][4, 24, 1, 23][11, 25, 0, 17][15, 6, 16][11, 25, 28][20, 24][10, 15][16, 28][0, 22] 
[13, 18, 22, 19, 12, 8, 26][14, 3, 1, 9, 23][5, 21, 10, 2, 29][20, 7, 16, 27][4, 24, 1, 23][11, 25, 0, 17][15, 6, 16][11, 25, 28][16, 28][20, 24][10, 15][0, 22] 
[13, 18, 22, 19, 12, 8, 26][5, 21, 10, 2, 29][14, 3, 1, 9, 23][11, 25, 0, 17][20, 7, 16, 27][4, 24, 1, 23][11, 25, 28][15, 6, 16][0, 22][16, 28][10, 15][20, 24] 
[13, 18, 22, 19, 12, 8, 26][14, 3, 1, 9, 23][5, 21, 10, 2, 29][4, 24, 1, 23][20, 7, 16, 27][11, 25, 0, 17][15, 6, 16][11, 25, 28][20, 24][10, 15][16, 28][0, 22] 
[13, 18, 22, 19, 12, 8, 26][14, 3, 1, 9, 23][5, 21, 10, 2, 29][20, 7, 16, 27][4, 24, 1, 23][11, 25, 0, 17][11, 25, 28][15, 6, 16][16, 28][20, 24][10, 15][0, 22] 
[13, 18, 22, 19, 12, 8, 26][5, 21, 10, 2, 29][14, 3, 1, 9, 23][20, 7, 16, 27][4, 24, 1, 23][11, 25, 0, 17][15, 6, 16][11, 25, 28][10, 15][16, 28][20, 24][0, 22] 
[13, 18, 22, 19, 12, 8, 26][5, 21, 10, 2, 29, 27][20, 4, 24, 1, 23][15, 6, 16, 28][9, 1, 3, 14][11, 25, 0, 17][6, 16][7, 16][7, 20][7, 27][25, 28][0, 22] 
[13, 18, 22, 19, 12, 8, 26][5, 21, 10, 2, 29, 27][20, 4, 24, 1, 23][9, 1, 3, 14][15, 6, 16, 28][11, 25, 0, 17][7, 27][7, 20][6, 16][25, 28][0, 22][7, 16] 
[13, 18, 22, 19, 12, 8, 26][5, 21, 10, 2, 29, 27][20, 4, 24, 1, 23][15, 6, 16, 28][9, 1, 3, 14][11, 25, 0, 17][6, 16][7, 16][7, 20][7, 27][25, 28][0, 22] 
[13, 18, 22, 19, 12, 8, 26][5, 21, 10, 2, 29, 27][20, 4, 24, 1, 23][11, 25, 0, 17][15, 6, 16, 28][9, 1, 3, 14][25, 28][7, 16][7, 27][7, 20][0, 22][6, 16] 
[13, 18, 22, 19, 12, 8, 26][5, 21, 10, 2, 29, 27][20, 4, 24, 1, 23][11, 25, 0, 17][15, 6, 16, 28][9, 1, 3, 14][25, 28][7, 16][7, 27][7, 20][0, 22][6, 16] 
[13, 18, 22, 19, 12, 8, 26][5, 21, 10, 2, 29, 27][20, 4, 24, 1, 23][9, 1, 3, 14][15, 6, 16, 28][11, 25, 0, 17][7, 16, 27][7, 20][6, 16][25, 28][0, 22][4, 24] 
[13, 18, 22, 19, 12, 8, 26][5, 21, 10, 2, 29][15, 6, 16, 28][20, 7, 16, 27][4, 24, 1, 23][11, 25, 0, 17][3, 14, 9][10, 15][20, 24][1, 9][25, 28][0, 22] 
[13, 18, 22, 19, 12, 8, 26][5, 21, 10, 2, 29][11, 25, 0, 17][15, 6, 16, 28][20, 7, 16, 27][4, 24, 1, 23][3, 14, 9][0, 22][25, 28][10, 15][20, 24][1, 9] 
[13, 18, 22, 19, 12, 8, 26][5, 21, 10, 2, 29][15, 6, 16, 28][20, 7, 16, 27][4, 24, 1, 23][11, 25, 0, 17][3, 14, 9][10, 15][20, 24][1, 9][25, 28][0, 22] 
[13, 18, 22, 19, 12, 8, 26][5, 21, 10, 2, 29][15, 6, 16, 28][20, 7, 16, 27][11, 25, 0, 17][4, 24, 1, 23][3, 14, 9][10, 15][25, 28][20, 24][1, 9][0, 22] 
[13, 18, 22, 19, 12, 8, 26][5, 21, 10, 2, 29][15, 6, 16, 28][20, 7, 16, 27][11, 25, 0, 17][4, 24, 1, 23][3, 14, 9][10, 15][25, 28][0, 22][20, 24][1, 9] 
[13, 18, 22, 19, 12, 8, 26][14, 3, 1, 9, 23][5, 21, 10, 2, 29][4, 24, 1, 23][20, 7, 16, 27][11, 25, 0, 17][15, 6, 16][11, 25, 28][20, 24][10, 15][16, 28][0, 22] 
[13, 18, 22, 19, 12, 8, 26][5, 21, 10, 2, 29][15, 6, 16, 28][20, 7, 16, 27][11, 25, 0, 17][4, 24, 1, 23][3, 14, 9][10, 15][25, 28][20, 24][1, 9][0, 22] 
