[8, 12, 17, 22, 18, 13][1, 9, 23, 14, 24][6, 2, 29, 10, 21][26, 0, 25, 28][5, 15, 27, 16][14, 11, 25][4, 20, 7][19, 17, 28][4, 24][3, 23][7, 27][27, 29] 
[8, 12, 17, 22, 18, 13][1, 9, 23, 14, 24][6, 2, 29, 10, 21][26, 0, 25, 28][5, 15, 27, 16][14, 11, 25][19, 17, 28][4, 20, 7][4, 24][7, 27][27, 29][3, 23] 
[8, 12, 17, 22, 18, 13][6, 5, 15, 27, 16][1, 9, 23, 14, 24][2, 29, 10, 21][26, 0, 25, 28][4, 20, 7][14, 11, 25][19, 17, 28][27, 29][7, 27][4, 24][3, 23] 
[8, 12, 17, 22, 18, 13][6, 5, 15, 27, 16][1, 9, 23, 14, 24][2, 29, 10, 21][26, 0, 25, 28][4, 20, 7][14, 11, 25][19, 17, 28][27, 29][7, 27][4, 24][3, 23] 
[8, 12, 17, 22, 18, 13][6, 5, 15, 27, 16][1, 9, 23, 14][2, 29, 10, 21][14, 11, 25][25, 0, 26][3, 23, 20][4, 20, 7][7, 27, 29][19, 17, 28][4, 24][25, 28] 
[8, 12, 17, 22, 18, 13][6, 5, 15, 27, 16][1, 9, 23, 14][2, 29, 10, 21][19, 17, 28][25, 0, 26][14, 11, 25][3, 23, 20][4, 20, 7][7, 27, 29][25, 28][4, 24] 
[8, 12, 17, 22, 18, 13][6, 5, 15, 27, 16][1, 9, 23, 14][2, 29, 10, 21][19, 17, 28][14, 11, 25][25, 0, 26][3, 23, 20][4, 20, 7][7, 27, 29][25, 28][4, 24] 
[8, 12, 17, 22, 18, 13][1, 9, 23, 14, 24][6, 5, 15, 27, 16][2, 29, 10, 21][3, 23, 20][4, 20, 7][7, 27, 29][25, 0, 26][19, 17, 28][3, 11][11, 25][25, 28] 
[8, 12, 17, 22, 18, 13][1, 9, 23, 14, 24][6, 5, 15, 27, 16][2, 29, 10, 21][25, 0, 26][19, 17, 28][3, 23, 20][4, 20, 7][7, 27, 29][11, 25][25, 28][3, 11] 
[8, 12, 17, 22, 18, 13][1, 9, 23, 14, 24][6, 5, 15, 27, 16][2, 29, 10, 21][25, 0, 26][19, 17, 28][3, 23, 20][4, 20, 7][7, 27, 29][11, 25][25, 28][3, 11] 
[8, 12, 17, 22, 18, 13][6, 2, 29, 10, 21][1, 9, 23, 14, 24][5, 15, 27, 16][26, 0, 25, 28][4, 20, 7][14, 11, 25][19, 17, 28][27, 29][7, 27][4, 24][3, 23] 
[8, 12, 17, 22, 18, 13][1, 9, 23, 14, 24][6, 2, 29, 10, 21][26, 0, 25, 28][5, 15, 27, 16][4, 20, 7][14, 11, 25][19, 17, 28][7, 27][27, 29][3, 23][4, 24] 
[8, 12, 17, 22, 18, 13][6, 5, 15, 27, 16][1, 9, 23, 14, 24][2, 29, 10, 21][26, 0, 25, 28][4, 20, 7][14, 11, 25][19, 17, 28][7, 27][27, 29][4, 24][3, 23] 
[8, 12, 17, 22, 18, 13][6, 5, 15, 27, 16][1, 9, 23, 14][2, 29, 10, 21][4, 20, 7][3, 23, 20][7, 27, 29][14, 11, 25][25, 0, 26][19, 17, 28][4, 24][25, 28] 
[8, 12, 17, 22, 18, 13][6, 5, 15, 27, 16][1, 9, 23, 14][2, 29, 10, 21][19, 17, 28][14, 11, 25][25, 0, 26][3, 23, 20][4, 20, 7][7, 27, 29][25, 28][4, 24] 
[8, 12, 17, 22, 18, 13][6, 5, 15, 27, 16][1, 9, 23, 14, 24][2, 29, 10, 21][7, 27, 29][4, 20, 7][3, 23, 20][25, 0, 26][19, 17, 28][3, 11][11, 25][25, 28] 
[8, 12, 17, 22, 18, 13][1, 9, 23, 14, 24][6, 2, 29, 10, 21][26, 0, 25, 28][5, 15, 27, 16][14, 11, 25][19, 17, 28][4, 20, 7][4, 24][7, 27][27, 29][3, 23] 
[8, 12, 17, 22, 18, 13][6, 2, 29, 10, 21][1, 9, 23, 14, 24][5, 15, 27, 16][26, 0, 25, 28][4, 20, 7][14, 11, 25][19, 17, 28][27, 29][7, 27][4, 24][3, 23] 
[8, 12, 17, 22, 18, 13][6, 5, 15, 27, 16][1, 9, 23, 14][2, 29, 10, 21][4, 20, 7][3, 23, 20][7, 27, 29][14, 11, 25][25, 0, 26][19, 17, 28][4, 24][25, 28] 
[8, 12, 17, 22, 18, 13][1, 9, 23, 14, 24][6, 2, 29, 10, 21][26, 0, 25, 28][5, 15, 27, 16][14, 11, 25][19, 17, 28][4, 20, 7][4, 24][7, 27][27, 29][3, 23] 
[8, 12, 17, 22, 18, 13][1, 9, 23, 14, 24][6, 2, 29, 10, 21][26, 0, 25, 28][5, 15, 27, 16][14, 11, 25][19, 17, 28][4, 20, 7][4, 24][7, 27][27, 29][3, 23] 
[8, 12, 17, 22, 18, 13][6, 2, 29, 10, 21][1, 9, 23, 14, 24][5, 15, 27, 16][26, 0, 25, 28][4, 20, 7][14, 11, 25][19, 17, 28][27, 29][7, 27][4, 24][3, 23] 
[8, 12, 17, 22, 18, 13][6, 5, 15, 27, 16][1, 9, 23, 14, 24][2, 29, 10, 21][26, 0, 25, 28][4, 20, 7][14, 11, 25][19, 17, 28][7, 27][27, 29][4, 24][3, 23] 
[8, 12, 17, 22, 18, 13][6, 5, 15, 27, 16][1, 9, 23, 14][2, 29, 10, 21][14, 11, 25][25, 0, 26][3, 23, 20][4, 20, 7][7, 27, 29][19, 17, 28][4, 24][25, 28] 
[8, 12, 17, 22, 18, 13][6, 5, 15, 27, 16][1, 9, 23, 14][2, 29, 10, 21][19, 17, 28][25, 0, 26][14, 11, 25][3, 23, 20][4, 20, 7][7, 27, 29][25, 28][4, 24] 
[8, 12, 17, 22, 18, 13][1, 9, 23, 14, 24][6, 5, 15, 27, 16][2, 29, 10, 21][25, 0, 26][19, 17, 28][3, 23, 20][4, 20, 7][7, 27, 29][3, 11][11, 25][25, 28] 
[8, 12, 17, 22, 18, 13][1, 9, 23, 14, 24][6, 2, 29, 10, 21][26, 0, 25, 28][5, 15, 27, 16][19, 17, 28][14, 11, 25][4, 20, 7][3, 23][4, 24][7, 27][27, 29] 
[8, 12, 17, 22, 18, 13][6, 2, 29, 10, 21][1, 9, 23, 14, 24][5, 15, 27, 16][26, 0, 25, 28][4, 20, 7][14, 11, 25][19, 17, 28][27, 29][7, 27][4, 24][3, 23] 
[8, 12, 17, 22, 18, 13][6, 5, 15, 27, 16][1, 9, 23, 14][2, 29, 10, 21][4, 20, 7][3, 23, 20][7, 27, 29][14, 11, 25][25, 0, 26][19, 17, 28][4, 24][25, 28] 
[8, 12, 17, 22, 18, 13][1, 9, 23, 14, 24][6, 2, 29, 10, 21][26, 0, 25, 28][5, 15, 27, 16][14, 11, 25][19, 17, 28][4, 20, 7][3, 23][4, 24][7, 27][27, 29] 
[8, 12, 17, 22, 18, 13][1, 9, 23, 14, 24][6, 2, 29, 10, 21][26, 0, 25, 28][5, 15, 27, 16][14, 11, 25][19, 17, 28][4, 20, 7][4, 24][7, 27][3, 23][27, 29] 
[8, 12, 17, 22, 18, 13][1, 9, 23, 14, 24][6, 2, 29, 10, 21][26, 0, 25, 28][5, 15, 27, 16][14, 11, 25][19, 17, 28][4, 20, 7][4, 24][3, 23][7, 27][27, 29] 
[8, 12, 17, 22, 18, 13][6, 5, 15, 27, 16][1, 9, 23, 14][2, 29, 10, 21][25, 0, 26][14, 11, 25][3, 23, 20][4, 20, 7][7, 27, 29][19, 17, 28][25, 28][4, 24] 
[8, 12, 17, 22, 18, 13][1, 9, 23, 14, 24][6, 2, 29, 10, 21][26, 0, 25, 28][5, 15, 27, 16][19, 17, 28][14, 11, 25][4, 20, 7][3, 23][4, 24][7, 27][27, 29] 
[8, 12, 17, 22, 18, 13][1, 9, 23, 14, 24][6, 2, 29, 10, 21][26, 0, 25, 28][5, 15, 27, 16][14, 11, 25][19, 17, 28][4, 20, 7][4, 24][7, 27][3, 23][27, 29] 
[3, 23, 20, 7, 16, 15, 21, 5, 6, 2, 27, 10, 29][4, 14, 11, 17, 19, 12, 8, 26, 0, 13, 18][9, 1, 3, 11, 25, 28, 17, 22][14, 24][25, 28][1, 9][17, 28][25, 28][25, 28][25, 28][17, 28][25, 28] 
[24, 3, 23, 20, 7, 16, 15, 21, 5, 6, 2, 27, 10, 29][4, 14, 11, 17, 19, 12, 8, 26, 0, 13, 18][9, 1, 3, 11, 25, 28, 17, 22][18, 13, 0, 26, 8, 12, 19][18, 13, 0, 26, 8, 12, 19][18, 13, 0, 26, 8, 12, 19][22, 17, 28][25, 28][17, 28][25, 28][1, 9][25, 28] 
[24, 3, 23, 20, 7, 16, 15, 21, 5, 6, 2, 27, 10, 29][4, 14, 11, 17, 19, 12, 8, 26, 0, 13, 18][9, 1, 3, 11, 25, 28, 17, 22][18, 13, 0, 26, 8, 12, 19][18, 13, 0, 26, 8, 12, 19][18, 13, 0, 26, 8, 12, 19][22, 17, 28][25, 28][17, 28][25, 28][1, 9][25, 28] 
[24, 3, 23, 20, 7, 16, 15, 21, 5, 6, 2, 27, 10, 29][4, 14, 11, 17, 19, 12, 8, 26, 0, 13, 18][1, 3, 11, 25, 28, 17, 22][18, 13, 0, 26, 8, 12, 19][25, 28][13, 18][25, 28][13, 18][1, 9][17, 28][25, 28][17, 28] 
[3, 23, 20, 7, 16, 15, 21, 5, 6, 2, 27, 10, 29][4, 14, 11, 17, 19, 12, 8, 26, 0, 13, 18][1, 3, 11, 25, 28, 17, 22][1, 9][3, 24][25, 28][7, 20][25, 28][25, 28][25, 28][25, 28][5, 6] 
[23, 20, 7, 16, 15, 21, 5, 6, 2, 27, 10, 29][4, 14, 11, 17, 19, 12, 8, 26, 0, 13, 18][3, 11, 25, 28, 17, 22][9, 23, 14, 24][17, 28][8, 12][1, 9][8, 12][25, 28][2, 6][25, 28][17, 28] 
[24, 3, 23, 20, 7, 16, 15, 21, 5, 6, 2, 27, 10, 29][4, 14, 11, 17, 19, 12, 8, 26, 0, 13, 18][9, 1, 3, 11, 25, 28, 17, 22][17, 28][25, 28][25, 28][25, 28][25, 28][25, 28][17, 28][17, 28][25, 28] 
[24, 3, 23, 20, 7, 16, 15, 21, 5, 6, 2, 27, 10, 29][14, 11, 17, 19, 12, 8, 26, 0, 13, 18][9, 1, 3, 11, 25, 28, 17, 22][18, 13, 0, 26][17, 28][0, 13][17, 28][25, 28][1, 9][25, 28][4, 20][13, 18] 
[24, 3, 23, 20, 7, 16, 15, 21, 5, 6, 2, 27, 10, 29][4, 14, 11, 17, 19, 12, 8, 26, 0, 13, 18][1, 3, 11, 25, 28, 17, 22][25, 28][12, 19][17, 28][25, 28][1, 9][25, 28][25, 28][25, 28][25, 28] 
[24, 3, 23, 20, 7, 16, 15, 21, 5, 6, 2, 27, 10, 29][4, 14, 11, 17, 19, 12, 8, 26, 0, 13, 18][9, 1, 3, 11, 25, 28, 17, 22][17, 28][12, 19][25, 28][25, 28][25, 28][25, 28][17, 28][17, 28][17, 28] 
[24, 3, 23, 20, 7, 16, 15, 21, 5, 6, 2, 27, 10, 29][4, 14, 11, 17, 19, 12, 8, 26, 0, 13, 18][9, 1, 3, 11, 25, 28, 17, 22][17, 28][12, 19][25, 28][25, 28][25, 28][25, 28][17, 28][17, 28][17, 28] 
[24, 3, 23, 20, 7, 16, 15, 21, 5, 6, 2, 27, 10, 29][4, 14, 11, 17, 19, 12, 8, 26, 0, 13, 18][9, 1, 3, 11, 25, 28, 17, 22][17, 28][25, 28][25, 28][17, 28][25, 28][17, 28][17, 28][25, 28][25, 28] 
[3, 23, 20, 7, 16, 15, 21, 5, 6, 2, 27, 10, 29][4, 14, 11, 17, 19, 12, 8, 26, 0, 13][9, 1, 3, 11, 25, 28, 17, 22][3, 24][13, 18][7, 20][25, 28][7, 20][17, 28][12, 19][25, 28][25, 28] 
[24, 3, 23, 20, 7, 16, 15, 21, 5, 6, 2, 27, 10, 29][4, 14, 11, 17, 19, 12, 8, 26, 0, 13, 18][9, 1, 3, 11, 25, 28, 17, 22][17, 28][25, 28][25, 28][17, 28][25, 28][17, 28][17, 28][25, 28][25, 28] 
[24, 3, 23, 20, 7, 16, 15, 21, 5, 6, 2, 27, 10, 29][4, 14, 11, 17, 19, 12, 8, 26, 0, 13][9, 1, 3, 11, 25, 28, 17, 22][7, 20][3, 23][25, 28][13, 18][25, 28][25, 28][25, 28][12, 19][25, 28] 
[24, 3, 23, 20, 7, 16, 15, 21, 5, 6, 2, 27, 10, 29][4, 14, 11, 17, 19, 12, 8, 26, 0, 13, 18][9, 1, 3, 11, 25, 28, 17, 22][17, 28][8, 12][3, 23][25, 28][7, 20][17, 28][7, 20][25, 28][25, 28] 
[24, 3, 23, 20, 7, 16, 15, 21, 5, 6, 2, 27, 10, 29][4, 14, 11, 17, 19, 12, 8, 26, 0, 13, 18][9, 1, 3, 11, 25, 28, 17, 22][0, 13, 18][0, 13, 18][17, 28][1, 9][25, 28][13, 18][3, 23][25, 28][1, 9] 
[3, 23, 20, 7, 16, 15, 21, 5, 6, 2, 27, 10, 29][4, 14, 11, 17, 19, 12, 8, 26, 0, 13, 18][9, 1, 3, 11, 25, 28, 17, 22][25, 28][3, 24][0, 13][8, 12][25, 28][0, 13][5, 6][7, 20][0, 13] 
[24, 3, 23, 20, 7, 16, 15, 21, 5, 6, 2, 27, 10, 29][4, 14, 11, 17, 19, 12, 8, 26, 0, 13, 18][9, 1, 3, 11, 25, 28, 17, 22][0, 13, 18][0, 13, 18][17, 28][1, 9][25, 28][13, 18][3, 23][25, 28][1, 9] 
[24, 3, 23, 20, 7, 16, 15, 21, 5, 6, 2, 27, 10, 29][4, 14, 11, 17, 19, 12, 8, 26, 0, 13, 18][9, 1, 3, 11, 25, 28, 17, 22][17, 28][8, 12][3, 23][25, 28][7, 20][17, 28][7, 20][25, 28][25, 28] 
[24, 3, 23, 20, 7, 16, 15, 21, 5, 6, 2, 27, 10, 29][4, 14, 11, 17, 19, 12, 8, 26, 0, 13, 18][9, 1, 3, 11, 25, 28, 17, 22][17, 28][25, 28][25, 28][25, 28][25, 28][25, 28][17, 28][17, 28][25, 28] 
[8, 12, 17, 22, 18, 13][1, 9, 23, 14, 24][6, 2, 29, 10, 21][26, 0, 25, 28][5, 15, 27, 16][4, 20, 7][3, 11, 25][19, 17, 28][4, 24][3, 23][7, 27][27, 29] 
[8, 12, 17, 22, 18, 13][1, 9, 23, 14, 24][6, 2, 29, 10, 21][26, 0, 25, 28][5, 15, 27, 16][3, 11, 25][19, 17, 28][4, 20, 7][3, 23][4, 24][7, 27][27, 29] 
[8, 12, 17, 22, 18, 13][1, 9, 23, 14, 24][6, 2, 29, 10, 21][26, 0, 25, 28][5, 15, 27, 16][19, 17, 28][3, 11, 25][4, 20, 7][3, 23][4, 24][7, 27][27, 29] 
[8, 12, 17, 22, 18, 13][1, 9, 23, 14, 24][6, 2, 29, 10, 21][26, 0, 25, 28][5, 15, 27, 16][4, 20, 7][3, 11, 25][19, 17, 28][4, 24][3, 23][7, 27][27, 29] 
[8, 12, 17, 22, 18, 13][1, 9, 23, 14, 24][6, 2, 29, 10, 21][26, 0, 25, 28][5, 15, 27, 16][19, 17, 28][3, 11, 25][4, 20, 7][3, 23][4, 24][7, 27][27, 29] 
[8, 12, 17, 22, 18, 13][1, 9, 23, 14, 24][6, 2, 29, 10, 21][5, 15, 27, 16][26, 0, 25, 28][4, 20, 7][3, 11, 25][19, 17, 28][7, 27][4, 24][3, 23][27, 29] 
[8, 12, 17, 22, 18, 13][1, 9, 23, 14, 24][6, 2, 29, 10, 21][26, 0, 25, 28][5, 15, 27, 16][3, 11, 25][19, 17, 28][4, 20, 7][3, 23][4, 24][7, 27][27, 29] 
[8, 12, 17, 22, 18, 13][1, 9, 23, 14, 24][6, 2, 29, 10, 21][5, 15, 27, 16][26, 0, 25, 28][4, 20, 7][3, 11, 25][19, 17, 28][7, 27][4, 24][27, 29][3, 23] 
[8, 12, 17, 22, 18, 13][1, 9, 23, 14, 24][6, 2, 29, 10, 21][26, 0, 25, 28][5, 15, 27, 16][19, 17, 28][3, 11, 25][4, 20, 7][3, 23][4, 24][7, 27][27, 29] 
[8, 12, 17, 22, 18, 13][1, 9, 23, 14, 24][6, 2, 29, 10, 21][26, 0, 25, 28][5, 15, 27, 16][19, 17, 28][3, 11, 25][4, 20, 7][3, 23][4, 24][7, 27][27, 29] 
[8, 12, 17, 22, 18, 13][1, 9, 23, 14, 24][6, 2, 29, 10, 21][26, 0, 25, 28][5, 15, 27, 16][3, 11, 25][19, 17, 28][4, 20, 7][3, 23][4, 24][7, 27][27, 29] 
[8, 12, 17, 22, 18, 13][1, 9, 23, 14, 24][6, 2, 29, 10, 21][5, 15, 27, 16][26, 0, 25, 28][4, 20, 7][3, 11, 25][19, 17, 28][7, 27][4, 24][27, 29][3, 23] 
[8, 12, 17, 22, 18, 13][1, 9, 23, 14, 24][6, 2, 29, 10, 21][26, 0, 25, 28][5, 15, 27, 16][3, 11, 25][19, 17, 28][4, 20, 7][3, 23][4, 24][7, 27][27, 29] 
[8, 12, 17, 22, 18, 13][1, 9, 23, 14, 24][6, 2, 29, 10, 21][26, 0, 25, 28][5, 15, 27, 16][19, 17, 28][3, 11, 25][4, 20, 7][3, 23][4, 24][7, 27][27, 29] 
[8, 12, 17, 22, 18, 13][1, 9, 23, 14, 24][6, 2, 29, 10, 21][26, 0, 25, 28][5, 15, 27, 16][19, 17, 28][3, 11, 25][4, 20, 7][3, 23][4, 24][7, 27][27, 29] 
[8, 12, 17, 22, 18, 13][1, 9, 23, 14, 24][6, 2, 29, 10, 21][26, 0, 25, 28][5, 15, 27, 16][19, 17, 28][14, 11, 25][4, 20, 7][3, 23][4, 24][7, 27][27, 29] 
[8, 12, 17, 22, 18, 13][1, 9, 23, 14, 24][6, 2, 29, 10, 21][26, 0, 25, 28][5, 15, 27, 16][19, 17, 28][14, 11, 25][4, 20, 7][3, 23][4, 24][7, 27][27, 29] 
[8, 12, 17, 22, 18, 13][1, 9, 23, 14, 24][6, 2, 29, 10, 21][5, 15, 27, 16][26, 0, 25, 28][4, 20, 7][14, 11, 25][19, 17, 28][7, 27][4, 24][27, 29][3, 23] 
[8, 12, 17, 22, 18, 13][1, 9, 23, 14, 24][6, 2, 29, 10, 21][26, 0, 25, 28][5, 15, 27, 16][19, 17, 28][14, 11, 25][4, 20, 7][3, 23][4, 24][7, 27][27, 29] 
[8, 12, 17, 22, 18, 13][6, 2, 29, 10, 21][1, 9, 23, 14, 24][5, 15, 27, 16][26, 0, 25, 28][4, 20, 7][14, 11, 25][19, 17, 28][27, 29][7, 27][4, 24][3, 23] 
[8, 12, 17, 22, 18, 13][1, 9, 23, 14, 24, 4][6, 2, 29, 10, 21][26, 0, 25, 28][5, 15, 27, 16][19, 17, 28][4, 20, 7][11, 25][3, 11][3, 23][7, 27][27, 29] 
[8, 12, 17, 22, 18, 13][1, 9, 23, 14, 24][6, 2, 29, 10, 21][26, 0, 25, 28][5, 15, 27, 16][3, 11, 25][19, 17, 28][4, 20, 7][3, 23][4, 24][7, 27][27, 29] 
[8, 12, 17, 22, 18, 13][6, 2, 29, 10, 21][1, 9, 23, 14, 24][5, 15, 27, 16][26, 0, 25, 28][4, 20, 7][3, 11, 25][19, 17, 28][27, 29][7, 27][4, 24][3, 23] 
[8, 12, 17, 22, 18, 13][1, 9, 23, 14, 24][6, 2, 29, 10, 21][26, 0, 25, 28][5, 15, 27, 16][19, 17, 28][3, 11, 25][4, 20, 7][3, 23][4, 24][7, 27][27, 29] 
[8, 12, 17, 22, 18, 13][1, 9, 23, 14, 24][6, 2, 29, 10, 21][26, 0, 25, 28][5, 15, 27, 16][3, 11, 25][19, 17, 28][4, 20, 7][3, 23][4, 24][7, 27][27, 29] 
[8, 12, 17, 22, 18, 13][6, 2, 29, 10, 21][1, 9, 23, 14, 24][5, 15, 27, 16][26, 0, 25, 28][4, 20, 7][3, 11, 25][19, 17, 28][27, 29][7, 27][4, 24][3, 23] 
[8, 12, 17, 22, 18, 13][6, 2, 29, 10, 21][1, 9, 23, 14, 24][5, 15, 27, 16][26, 0, 25, 28][4, 20, 7][14, 11, 25][19, 17, 28][27, 29][7, 27][4, 24][3, 23] 
[8, 12, 17, 22, 18, 13][6, 2, 29, 10, 21][1, 9, 23, 14, 24][5, 15, 27, 16][26, 0, 25, 28][4, 20, 7][3, 11, 25][19, 17, 28][27, 29][7, 27][4, 24][3, 23] 
[8, 12, 17, 22, 18, 13][6, 2, 29, 10, 21][1, 9, 23, 14, 24][5, 15, 27, 16][26, 0, 25, 28][4, 20, 7][14, 11, 25][19, 17, 28][27, 29][7, 27][4, 24][3, 23] 
[8, 12, 17, 22, 18, 13][1, 9, 23, 14, 24][6, 2, 29, 10, 21][26, 0, 25, 28][5, 15, 27, 16][4, 20, 7][14, 11, 25][19, 17, 28][4, 24][3, 23][7, 27][27, 29] 
[8, 12, 17, 22, 18, 13][1, 9, 23, 14, 24][6, 2, 29, 10, 21][26, 0, 25, 28][5, 15, 27, 16][14, 11, 25][19, 17, 28][4, 20, 7][3, 23][4, 24][7, 27][27, 29] 
[8, 12, 17, 22, 18, 13][1, 9, 23, 14, 24][6, 2, 29, 10, 21][26, 0, 25, 28][5, 15, 27, 16][14, 11, 25][4, 20, 7][19, 17, 28][4, 24][3, 23][7, 27][27, 29] 
[8, 12, 17, 22, 18, 13][6, 2, 29, 10, 21][1, 9, 23, 14, 24][5, 15, 27, 16][26, 0, 25, 28][4, 20, 7][14, 11, 25][19, 17, 28][27, 29][7, 27][4, 24][3, 23] 
[8, 12, 17, 22, 18, 13][1, 9, 23, 14, 24][6, 2, 29, 10, 21][26, 0, 25, 28][5, 15, 27, 16][4, 20, 7][14, 11, 25][19, 17, 28][4, 24][7, 27][3, 23][27, 29] 
[8, 12, 17, 22, 18, 13][1, 9, 23, 14, 24][6, 2, 29, 10, 21][26, 0, 25, 28][5, 15, 27, 16][19, 17, 28][14, 11, 25][4, 20, 7][3, 23][4, 24][7, 27][27, 29] 
[8, 12, 17, 22, 18, 13][1, 9, 23, 14, 24][6, 2, 29, 10, 21][26, 0, 25, 28][5, 15, 27, 16][19, 17, 28][14, 11, 25][4, 20, 7][3, 23][4, 24][7, 27][27, 29] 
[8, 12, 17, 22, 18, 13][1, 9, 23, 14, 24][6, 2, 29, 10, 21][5, 15, 27, 16][26, 0, 25, 28][4, 20, 7][14, 11, 25][19, 17, 28][7, 27][4, 24][27, 29][3, 23] 
[8, 12, 17, 22, 18, 13][1, 9, 23, 14, 24][6, 2, 29, 10, 21][26, 0, 25, 28][5, 15, 27, 16][19, 17, 28][14, 11, 25][4, 20, 7][3, 23][4, 24][7, 27][27, 29] 
[8, 12, 17, 22, 18, 13][1, 9, 23, 14, 24][6, 2, 29, 10, 21][26, 0, 25, 28][5, 15, 27, 16][4, 20, 7][14, 11, 25][19, 17, 28][4, 24][3, 23][7, 27][27, 29] 
[8, 12, 17, 22, 18, 13][1, 9, 23, 14, 24][6, 2, 29, 10, 21][26, 0, 25, 28][5, 15, 27, 16][14, 11, 25][19, 17, 28][4, 20, 7][4, 24][3, 23][7, 27][27, 29] 
[8, 12, 17, 22, 18, 13][1, 9, 23, 14, 24][6, 2, 29, 10, 21][26, 0, 25, 28][5, 15, 27, 16][19, 17, 28][14, 11, 25][4, 20, 7][3, 23][4, 24][7, 27][27, 29] 
[8, 12, 17, 22, 18, 13][1, 9, 23, 14, 24][6, 2, 29, 10, 21][26, 0, 25, 28][5, 15, 27, 16][4, 20, 7][14, 11, 25][19, 17, 28][7, 27][27, 29][3, 23][4, 24] 
[8, 12, 17, 22, 18, 13][1, 9, 23, 14, 24][6, 2, 29, 10, 21][26, 0, 25, 28][5, 15, 27, 16][14, 11, 25][19, 17, 28][4, 20, 7][3, 23][4, 24][7, 27][27, 29] 
[1, 9, 23, 14, 24, 4][8, 12, 17, 22, 18, 13][6, 2, 29, 10, 21][5, 15, 27, 16][26, 0, 25, 28][4, 20, 7][14, 11, 25][19, 17, 28][7, 20][7, 27][27, 29][3, 23] 
[1, 9, 23, 14, 24, 4][8, 12, 17, 22, 18, 13][6, 2, 29, 10, 21][5, 15, 27, 16][26, 0, 25, 28][4, 20, 7][14, 11, 25][19, 17, 28][7, 27][27, 29][3, 23][7, 20] 
[1, 9, 23, 14, 24, 4][8, 12, 17, 22, 18, 13][6, 2, 29, 10, 21][5, 15, 27, 16][26, 0, 25, 28][4, 20, 7][14, 11, 25][19, 17, 28][7, 20][7, 27][27, 29][3, 23] 
[1, 9, 23, 14, 24, 4][8, 12, 17, 22, 18, 13][6, 2, 29, 10, 21][5, 15, 27, 16][26, 0, 25, 28][4, 20, 7][14, 11, 25][19, 17, 28][7, 20][7, 27][27, 29][3, 23] 
[1, 9, 23, 14, 24, 4][8, 12, 17, 22, 18, 13][6, 2, 29, 10, 21][5, 15, 27, 16][26, 0, 25, 28][4, 20, 7][14, 11, 25][19, 17, 28][7, 27][27, 29][3, 23][7, 20] 
[1, 9, 23, 14, 24, 4][8, 12, 17, 22, 18, 13][6, 2, 29, 10, 21][5, 15, 27, 16][3, 23, 20, 7][26, 0, 25, 28][14, 11, 25][19, 17, 28][27, 29][7, 27][7, 20][7, 20] 
[8, 12, 17, 22, 18, 13][1, 9, 23, 14, 24][6, 2, 29, 10, 21][26, 0, 25, 28][5, 15, 27, 16][19, 17, 28][3, 11, 25][4, 20, 7][3, 23][4, 24][7, 27][27, 29] 
[8, 12, 17, 22, 18, 13][1, 9, 23, 14, 24][6, 2, 29, 10, 21][26, 0, 25, 28][5, 15, 27, 16][3, 11, 25][19, 17, 28][4, 20, 7][3, 23][4, 24][7, 27][27, 29] 
[8, 12, 17, 22, 18, 13][1, 9, 23, 14, 24][6, 2, 29, 10, 21][5, 15, 27, 16][26, 0, 25, 28][4, 20, 7][3, 11, 25][19, 17, 28][7, 27][4, 24][3, 23][27, 29] 
[8, 12, 17, 22, 18, 13][1, 9, 23, 14, 24][6, 2, 29, 10, 21][26, 0, 25, 28][5, 15, 27, 16][3, 11, 25][19, 17, 28][4, 20, 7][3, 23][4, 24][7, 27][27, 29] 
[8, 12, 17, 22, 18, 13][1, 9, 23, 14, 24][6, 2, 29, 10, 21][26, 0, 25, 28][5, 15, 27, 16][19, 17, 28][3, 11, 25][4, 20, 7][3, 23][4, 24][7, 27][27, 29] 
[8, 12, 17, 22, 18, 13][6, 2, 29, 10, 21][1, 9, 23, 14, 24][5, 15, 27, 16][26, 0, 25, 28][4, 20, 7][14, 11, 25][19, 17, 28][27, 29][7, 27][4, 24][3, 23] 
[8, 12, 17, 22, 18, 13][1, 9, 23, 14, 24][6, 2, 29, 10, 21][26, 0, 25, 28][5, 15, 27, 16][19, 17, 28][3, 11, 25][4, 20, 7][3, 23][4, 24][7, 27][27, 29] 
