[9, 23, 3, 11, 25][2, 27, 7, 24, 4][19, 12, 18, 17, 22][16, 6, 15, 29][8, 26, 0, 28][1, 9, 14][14, 20, 24][5, 21, 10][5, 6, 13][0, 28, 16][10, 27][0, 22] 
[19, 12, 18, 17, 22][2, 27, 7, 24, 4][9, 23, 3, 11, 25][8, 26, 0, 28][16, 6, 15, 29][10, 15, 21][5, 6, 13][14, 20, 24][1, 9, 14][0, 22][16, 28][2, 10] 
[2, 27, 7, 24, 4][9, 23, 3, 11, 25][19, 12, 18, 17, 22][16, 6, 15, 29][8, 26, 0, 28][14, 20, 24][1, 9, 14][10, 15, 21][5, 6, 13][2, 10][16, 28][0, 22] 
[9, 23, 3, 11, 25][2, 27, 7, 24, 4][19, 12, 18, 17, 22][16, 6, 15, 29][1, 9, 14][14, 20, 24][10, 15, 21][0, 28, 16][5, 6, 13][0, 26, 8][2, 10][0, 22] 
[9, 23, 3, 11, 25][2, 27, 7, 24, 4][19, 12, 18, 17, 22][16, 6, 15, 29][8, 26, 0, 28][1, 9, 14][14, 20, 24][5, 21, 10][5, 6, 13][2, 10][16, 28][0, 22] 
[2, 27, 7, 24, 4][9, 23, 3, 11, 25][19, 12, 18, 17, 22][16, 6, 15, 29][8, 26, 0, 28][14, 20, 24][1, 9, 14][5, 21, 10][5, 6, 13][2, 10][16, 28][0, 22] 
[9, 23, 3, 11, 25][19, 12, 18, 17, 22][4, 24, 7, 27][2, 10, 21, 5][16, 6, 15, 29][8, 26, 0, 28][14, 20, 24][1, 9, 14][5, 6, 13][10, 27][16, 28][0, 22] 
[2, 27, 7, 24, 4][9, 23, 3, 11, 25][19, 12, 18, 17, 22][16, 6, 15, 29][8, 26, 0, 28][14, 20, 24][1, 9, 14][5, 21, 10][5, 6, 13][2, 10][16, 28][0, 22] 
[2, 27, 7, 24, 4][9, 23, 3, 11, 25][19, 12, 18, 17, 22][16, 6, 15, 29][8, 26, 0, 28][5, 6, 13][5, 21, 10][14, 20, 24][1, 9, 14][2, 10][16, 28][0, 22] 
[19, 12, 18, 17, 22][9, 23, 3, 11, 25][8, 26, 0, 28][16, 6, 15, 29][2, 10, 21, 5][4, 24, 7, 27][5, 6, 13][14, 20, 24][1, 9, 14][0, 22][16, 28][10, 27] 
[2, 27, 7, 24, 4][9, 23, 3, 11, 25][19, 12, 18, 17, 22][16, 6, 15, 29][8, 26, 0, 28][5, 6, 13][5, 21, 10][14, 20, 24][0, 28, 16][1, 9, 14][10, 27][0, 22] 
[19, 12, 18, 17, 22][2, 27, 7, 24, 4][9, 23, 3, 11, 25][8, 26, 0, 28][16, 6, 15, 29][5, 6, 13][10, 15, 21][14, 20, 24][1, 9, 14][0, 22][16, 28][2, 10] 
[19, 12, 18, 17, 22][2, 27, 7, 24, 4][9, 23, 3, 11, 25][16, 6, 15, 29][0, 26, 8][0, 28, 16][5, 6, 13][10, 15, 21][14, 20, 24][1, 9, 14][0, 22][2, 10] 
[2, 27, 7, 24, 4][9, 23, 3, 11, 25][19, 12, 18, 17, 22][8, 26, 0, 28][16, 6, 15, 29][5, 6, 13][14, 20, 24][1, 9, 14][5, 21, 10][16, 28][2, 10][0, 22] 
[19, 12, 18, 17, 22][2, 27, 7, 24, 4][9, 23, 3, 11, 25][16, 6, 15, 29][5, 6, 13][0, 28, 16][5, 21, 10][0, 26, 8][14, 20, 24][1, 9, 14][0, 22][2, 10] 
[2, 27, 7, 24, 4][9, 23, 3, 11, 25][19, 12, 18, 17, 22][16, 6, 15, 29][8, 26, 0, 28][14, 20, 24][1, 9, 14][5, 21, 10][5, 6, 13][2, 10][16, 28][0, 22] 
[2, 27, 7, 24, 4][9, 23, 3, 11, 25][19, 12, 18, 17, 22][16, 6, 15, 29][8, 26, 0, 28][14, 20, 24][1, 9, 14][5, 21, 10][5, 6, 13][0, 28, 16][10, 27][0, 22] 
[2, 27, 7, 24, 4][9, 23, 3, 11, 25][19, 12, 18, 17, 22][16, 6, 15, 29][8, 26, 0, 28][5, 6, 13][10, 15, 21][14, 20, 24][1, 9, 14][2, 10][16, 28][0, 22] 
[2, 27, 7, 24, 4][9, 23, 3, 11, 25][19, 12, 18, 17, 22][16, 6, 15, 29][8, 26, 0, 28][5, 6, 13][5, 21, 10][14, 20, 24][1, 9, 14][16, 28][2, 10][0, 22] 
[19, 12, 18, 17, 22][2, 27, 7, 24, 4][9, 23, 3, 11, 25][16, 6, 15, 29][8, 26, 0, 28][0, 28, 16][5, 6, 13][5, 21, 10][14, 20, 24][1, 9, 14][0, 22][10, 27] 
[2, 27, 7, 24, 4][9, 23, 3, 11, 25][19, 12, 18, 17, 22][16, 6, 15, 29][8, 26, 0, 28][5, 6, 13][5, 21, 10][14, 20, 24][1, 9, 14][0, 28, 16][10, 27][0, 22] 
[9, 23, 3, 11, 25][2, 27, 7, 24, 4][19, 12, 18, 17, 22][16, 6, 15, 29][8, 26, 0, 28][1, 9, 14][14, 20, 24][10, 15, 21][5, 6, 13][2, 10][16, 28][0, 22] 
[19, 12, 18, 17, 22][2, 27, 7, 24, 4][9, 23, 3, 11, 25][16, 6, 15, 29][0, 26, 8][0, 28, 16][5, 6, 13][10, 15, 21][14, 20, 24][1, 9, 14][0, 22][2, 10] 
[2, 27, 7, 24, 4][9, 23, 3, 11, 25][19, 12, 18, 17, 22][16, 6, 15, 29][8, 26, 0, 28][14, 20, 24][1, 9, 14][5, 21, 10][5, 6, 13][2, 10][16, 28][0, 22] 
[19, 12, 18, 17, 22][2, 27, 7, 24, 4][9, 23, 3, 11, 25][16, 6, 15, 29][5, 21, 10][5, 6, 13][0, 28, 16][14, 20, 24][1, 9, 14][0, 26, 8][0, 22][2, 10] 
[19, 12, 18, 17, 22][2, 27, 7, 24, 4][9, 23, 3, 11, 25][8, 26, 0, 28][16, 6, 15, 29][5, 6, 13][5, 21, 10][14, 20, 24][1, 9, 14][0, 22][16, 28][2, 10] 
[19, 12, 18, 17, 22][2, 27, 7, 24, 4][9, 23, 3, 11, 25][16, 6, 15, 29][8, 26, 0, 28][5, 6, 13][0, 28, 16][5, 21, 10][14, 20, 24][1, 9, 14][0, 22][10, 27] 
[2, 27, 7, 24, 4][9, 23, 3, 11, 25][19, 12, 18, 17, 22][16, 6, 15, 29][8, 26, 0, 28][14, 20, 24][1, 9, 14][10, 15, 21][5, 6, 13][2, 10][16, 28][0, 22] 
[2, 27, 7, 24, 4][9, 23, 3, 11, 25][19, 12, 18, 17, 22][16, 6, 15, 29][8, 26, 0, 28][5, 6, 13][5, 21, 10][14, 20, 24][1, 9, 14][2, 10][16, 28][0, 22] 
[19, 12, 18, 17, 22][2, 27, 7, 24, 4][9, 23, 3, 11, 25][16, 6, 15, 29][8, 26, 0, 28][0, 28, 16][5, 6, 13][5, 21, 10][14, 20, 24][1, 9, 14][0, 22][10, 27] 
[2, 27, 7, 24, 4][9, 23, 3, 11, 25][19, 12, 18, 17, 22][16, 6, 15, 29][8, 26, 0, 28][14, 20, 24][1, 9, 14][5, 21, 10][5, 6, 13][0, 28, 16][10, 27][0, 22] 
[9, 23, 3, 11, 25][2, 27, 7, 24, 4][19, 12, 18, 17, 22][16, 6, 15, 29][8, 26, 0, 28][1, 9, 14][14, 20, 24][10, 15, 21][5, 6, 13][2, 10][16, 28][0, 22] 
[2, 27, 7, 24, 4][9, 23, 3, 11, 25][19, 12, 18, 17, 22][16, 6, 15, 29][8, 26, 0, 28][5, 6, 13][5, 21, 10][14, 20, 24][1, 9, 14][16, 28][2, 10][0, 22] 
[19, 12, 18, 17, 22][2, 27, 7, 24, 4][9, 23, 3, 11, 25][16, 6, 15, 29][8, 26, 0, 28][5, 6, 13][0, 28, 16][5, 21, 10][14, 20, 24][1, 9, 14][0, 22][10, 27] 
[2, 27, 7, 24, 4][9, 23, 3, 11, 25][19, 12, 18, 17, 22][16, 6, 15, 29][8, 26, 0, 28][14, 20, 24][1, 9, 14][5, 21, 10][5, 6, 13][0, 28, 16][10, 27][0, 22] 
[4, 3, 23, 9, 1, 14, 24, 7, 10, 21, 2, 16, 27, 29][15, 5, 6, 13, 18, 22, 0, 19, 12, 8, 26][0, 28, 16][3, 11, 25][6, 13][14, 20][17, 18][6, 13][0, 22][13, 18][0, 22][6, 13] 
[20, 4, 3, 23, 9, 1, 14, 24, 7, 10, 21, 2, 16, 27, 29][0, 18, 13, 6, 5, 15, 10][22, 17, 18, 12, 19, 8, 26][3, 11, 25][5, 15, 10][5, 15][0, 28][17, 18][12, 19][13, 18][5, 15][5, 15] 
[20, 4, 3, 23, 9, 1, 14, 24, 7, 10, 21, 2, 16, 27, 29][0, 18, 13, 6, 5, 15, 10][22, 17, 18, 12, 19, 8, 26][11, 25][0, 28][5, 15][5, 15][3, 11][13, 18][13, 18][5, 15][12, 19] 
[4, 3, 23, 9, 1, 14, 24, 7, 10, 21, 2, 16, 27, 29][15, 5, 6, 13, 18, 22, 0, 19, 12, 8, 26][3, 11, 25][6, 16][6, 13][16, 28][14, 20][17, 18][6, 13][13, 18][12, 19][6, 13] 
[4, 3, 23, 9, 1, 14, 24, 7, 10, 21, 2, 16, 27, 29][12, 19, 0, 18, 13, 6, 5, 15][26, 8, 19, 22, 18, 17, 28][3, 11, 25][10, 15][14, 20][6, 13][13, 18][6, 13][13, 18][6, 13][13, 18] 
[4, 3, 23, 9, 1, 14, 24, 7, 10, 21, 2, 16, 27, 29][12, 19, 0, 18, 13, 6, 5, 15][17, 18, 22, 19, 8, 26][3, 11, 25][6, 13][10, 15][14, 20][6, 13][25, 28][6, 13][6, 13][6, 13] 
[20, 4, 3, 23, 9, 1, 14, 24, 7, 10, 21, 2, 16, 27, 29][0, 18, 13, 6, 5, 15, 10][22, 17, 18, 12, 19, 8, 26][3, 11, 25][5, 15, 10][5, 15][0, 28][17, 18][12, 19][13, 18][5, 15][5, 15] 
[20, 4, 3, 23, 9, 1, 14, 24, 7, 10, 21, 2, 16, 27, 29][10, 15, 5, 6, 13, 18, 0, 19, 12][4, 3, 23, 9, 1, 14, 24][17, 18, 22, 19, 8, 26][3, 11, 25][10, 15][25, 28][10, 15][11, 25][5, 6][5, 15][10, 15] 
[4, 3, 23, 9, 1, 14, 24, 7, 10, 21, 2, 16, 27, 29][15, 5, 6, 13, 18, 22, 0, 19, 12, 8, 26][3, 11, 25][6, 16][6, 13][16, 28][14, 20][17, 18][6, 13][13, 18][12, 19][6, 13] 
[20, 4, 3, 23, 9, 1, 14, 24, 7, 10, 21, 2, 16, 27, 29][0, 18, 13, 6, 5, 15, 10][22, 17, 18, 12, 19, 8, 26][1, 9, 23, 3, 4, 20][3, 11, 25][16, 28][8, 26][8, 26][5, 15][8, 26][13, 18][17, 18] 
[20, 4, 3, 23, 9, 1, 14, 24, 7, 10, 21, 2, 16, 27, 29][0, 18, 13, 6, 5, 15, 10][22, 17, 18, 12, 19, 8, 26][11, 25][0, 28][5, 15][5, 15][3, 11][13, 18][13, 18][5, 15][12, 19] 
[20, 4, 3, 23, 9, 1, 14, 24, 7, 10, 21, 2, 16, 27, 29][0, 18, 13, 6, 5, 15, 10][22, 17, 18, 12, 19, 8, 26][3, 11, 25][3, 4, 20][5, 6, 13][0, 28][12, 19][12, 19][5, 15][9, 14][13, 18] 
[4, 3, 23, 9, 1, 14, 24, 7, 10, 21, 2, 16, 27, 29][15, 5, 6, 13, 18, 22, 0, 19, 12, 8, 26][9, 23, 3, 11, 25][0, 28, 16][5, 6, 13][12, 19][14, 20][8, 26][5, 6][17, 28][11, 25][5, 6] 
[20, 4, 3, 23, 9, 1, 14, 24, 7, 10, 21, 2, 16, 27, 29][22, 17, 18, 12, 19, 8, 26][0, 18, 13, 6, 5, 15, 10][23, 3, 11, 25][5, 6, 13][12, 19][8, 26][16, 28][13, 18][12, 19][9, 14][5, 15] 
[20, 4, 3, 23, 9, 1, 14, 24, 7, 10, 21, 2, 16, 27, 29][0, 18, 13, 6, 5, 15, 10][22, 17, 18, 12, 19, 8, 26][1, 9, 23, 3, 4, 20][3, 11, 25][16, 28][8, 26][8, 26][5, 15][8, 26][13, 18][17, 18] 
[4, 3, 23, 9, 1, 14, 24, 7, 10, 21, 2, 16, 27, 29][0, 22, 18, 13, 6, 5, 15, 10][17, 18, 12, 19, 8, 26][3, 11, 25][13, 18][6, 13][25, 28][14, 20][6, 13][12, 19][6, 13][12, 19] 
[4, 3, 23, 9, 1, 14, 24, 7, 10, 21, 2, 16, 27, 29][10, 15, 5, 6, 13, 18, 0, 19, 12][26, 8, 19, 22, 18, 17, 28][19, 22, 18, 17, 28][3, 11, 25][5, 15][14, 20][8, 26][13, 18][6, 13][5, 6][6, 13] 
[20, 4, 3, 23, 9, 1, 14, 24, 7, 10, 21, 2, 16, 27, 29][0, 18, 13, 6, 5, 15, 10][22, 17, 18, 12, 19, 8, 26][11, 25][16, 28][5, 15][3, 11][5, 15][6, 13][6, 13][17, 18][6, 13] 
[4, 3, 23, 9, 1, 14, 24, 7, 10, 21, 2, 16, 27, 29][0, 22, 18, 13, 6, 5, 15, 10][17, 18, 12, 19, 8, 26][3, 11, 25][13, 18][6, 13][25, 28][14, 20][6, 13][12, 19][6, 13][12, 19] 
[20, 4, 3, 23, 9, 1, 14, 24, 7, 10, 21, 2, 16, 27, 29][10, 15, 5, 6, 13, 18, 0, 19, 12][4, 3, 23, 9, 1, 14, 24][17, 18, 22, 19, 8, 26][3, 11, 25][10, 15][25, 28][10, 15][11, 25][5, 6][5, 15][10, 15] 
[20, 4, 3, 23, 9, 1, 14, 24, 7, 10, 21, 2, 16, 27, 29][10, 15, 5, 6, 13, 18, 0, 19, 12][17, 18, 22, 19, 8, 26][3, 11, 25][25, 28][5, 15][6, 13][25, 28][3, 4][13, 18][6, 13][13, 18] 
[19, 12, 18, 17, 22][2, 27, 7, 24, 4][9, 23, 3, 11, 25][8, 26, 0, 28][16, 6, 15, 29][5, 6, 13][5, 21, 10][14, 20, 24][1, 9, 14][0, 22][16, 28][10, 27] 
[2, 27, 7, 24, 4][9, 23, 3, 11, 25][19, 12, 18, 17, 22][16, 6, 15, 29][8, 26, 0, 28][14, 20, 24][1, 9, 14][5, 21, 10][5, 6, 13][10, 27][16, 28][0, 22] 
[9, 23, 3, 11, 25][2, 27, 7, 24, 4][19, 12, 18, 17, 22][16, 6, 15, 29][8, 26, 0, 28][1, 9, 14][14, 20, 24][5, 21, 10][5, 6, 13][10, 27][16, 28][0, 22] 
[9, 23, 3, 11, 25][2, 27, 7, 24, 4][19, 12, 18, 17, 22][16, 6, 15, 29][8, 26, 0, 28][1, 9, 14][14, 20, 24][5, 21, 10][5, 6, 13][10, 27][16, 28][0, 22] 
[9, 23, 3, 11, 25][2, 27, 7, 24, 4][19, 12, 18, 17, 22][16, 6, 15, 29][8, 26, 0, 28][1, 9, 14][14, 20, 24][5, 21, 10][5, 6, 13][10, 27][16, 28][0, 22] 
[19, 12, 18, 17, 22][2, 27, 7, 24, 4][9, 23, 3, 11, 25][16, 6, 15, 29][8, 26, 0, 28][5, 6, 13][5, 21, 10][14, 20, 24][1, 9, 14][16, 28][0, 22][10, 27] 
[9, 23, 3, 11, 25][2, 27, 7, 24, 4][19, 12, 18, 17, 22][16, 6, 15, 29][8, 26, 0, 28][1, 9, 14][14, 20, 24][5, 21, 10][5, 6, 13][10, 27][16, 28][0, 22] 
[2, 27, 7, 24, 4][9, 23, 3, 11, 25][19, 12, 18, 17, 22][16, 6, 15, 29][8, 26, 0, 28][14, 20, 24][1, 9, 14][5, 21, 10][5, 6, 13][10, 27][16, 28][0, 22] 
[2, 27, 7, 24, 4][9, 23, 3, 11, 25][19, 12, 18, 17, 22][16, 6, 15, 29][8, 26, 0, 28][14, 20, 24][1, 9, 14][5, 21, 10][5, 6, 13][10, 27][16, 28][0, 22] 
[19, 12, 18, 17, 22][2, 27, 7, 24, 4][9, 23, 3, 11, 25][8, 26, 0, 28][16, 6, 15, 29][5, 6, 13][5, 21, 10][14, 20, 24][1, 9, 14][0, 22][16, 28][10, 27] 
[2, 27, 7, 24, 4][9, 23, 3, 11, 25][19, 12, 18, 17, 22][16, 6, 15, 29][8, 26, 0, 28][5, 6, 13][5, 21, 10][14, 20, 24][1, 9, 14][10, 27][16, 28][0, 22] 
[2, 27, 7, 24, 4][9, 23, 3, 11, 25][19, 12, 18, 17, 22][16, 6, 15, 29][8, 26, 0, 28][14, 20, 24][1, 9, 14][5, 21, 10][5, 6, 13][10, 27][16, 28][0, 22] 
[2, 27, 7, 24, 4][9, 23, 3, 11, 25][19, 12, 18, 17, 22][16, 6, 15, 29][8, 26, 0, 28][5, 6, 13][5, 21, 10][14, 20, 24][1, 9, 14][10, 27][16, 28][0, 22] 
[2, 27, 7, 24, 4][9, 23, 3, 11, 25][19, 12, 18, 17, 22][16, 6, 15, 29][8, 26, 0, 28][14, 20, 24][1, 9, 14][5, 21, 10][5, 6, 13][10, 27][16, 28][0, 22] 
[2, 27, 7, 24, 4][9, 23, 3, 11, 25][19, 12, 18, 17, 22][16, 6, 15, 29][8, 26, 0, 28][14, 20, 24][1, 9, 14][5, 21, 10][5, 6, 13][10, 27][16, 28][0, 22] 
[2, 27, 7, 24, 4][9, 23, 3, 11, 25][19, 12, 18, 17, 22][16, 6, 15, 29][8, 26, 0, 28][5, 21, 10][14, 20, 24][1, 9, 14][5, 6, 13][0, 28, 16][10, 27][0, 22] 
[19, 12, 18, 17, 22][2, 27, 7, 24, 4][9, 23, 3, 11, 25][8, 26, 0, 28][16, 6, 15, 29][0, 28, 16][5, 6, 13][5, 21, 10][14, 20, 24][1, 9, 14][0, 22][10, 27] 
[19, 12, 18, 17, 22][2, 27, 7, 24, 4][9, 23, 3, 11, 25][8, 26, 0, 28][16, 6, 15, 29][0, 28, 16][5, 6, 13][5, 21, 10][14, 20, 24][1, 9, 14][0, 22][10, 27] 
[19, 12, 18, 17, 22][2, 27, 7, 24, 4][9, 23, 3, 11, 25][8, 26, 0, 28][16, 6, 15, 29][0, 28, 16][5, 6, 13][5, 21, 10][14, 20, 24][1, 9, 14][0, 22][10, 27] 
[2, 27, 7, 24, 4][9, 23, 3, 11, 25][19, 12, 18, 17, 22][16, 6, 15, 29][8, 26, 0, 28][14, 20, 24][1, 9, 14][5, 21, 10][5, 6, 13][0, 28, 16][10, 27][0, 22] 
[2, 27, 7, 24, 4][9, 23, 3, 11, 25][19, 12, 18, 17, 22][16, 6, 15, 29][8, 26, 0, 28][14, 20, 24][1, 9, 14][5, 21, 10][5, 6, 13][22, 0, 28][10, 27][16, 28] 
[2, 27, 7, 24, 4][9, 23, 3, 11, 25][19, 12, 18, 17, 22][8, 26, 0, 28][16, 6, 15, 29][5, 6, 13][5, 21, 10][14, 20, 24][1, 9, 14][16, 28][10, 27][0, 22] 
[2, 27, 7, 24, 4][9, 23, 3, 11, 25][19, 12, 18, 17, 22][16, 6, 15, 29][8, 26, 0, 28][5, 6, 13][5, 21, 10][14, 20, 24][1, 9, 14][10, 27][16, 28][0, 22] 
[2, 27, 7, 24, 4][9, 23, 3, 11, 25][19, 12, 18, 17, 22][8, 26, 0, 28][16, 6, 15, 29][5, 6, 13][5, 21, 10][14, 20, 24][1, 9, 14][16, 28][10, 27][0, 22] 
[2, 27, 7, 24, 4][9, 23, 3, 11, 25][19, 12, 18, 17, 22][16, 6, 15, 29][8, 26, 0, 28][5, 6, 13][5, 21, 10][14, 20, 24][1, 9, 14][10, 27][16, 28][0, 22] 
[2, 27, 7, 24, 4][9, 23, 3, 11, 25][19, 12, 18, 17, 22][16, 6, 15, 29][8, 26, 0, 28][5, 21, 10][5, 6, 13][14, 20, 24][1, 9, 14][10, 27][16, 28][0, 22] 
[9, 23, 3, 11, 25][2, 27, 7, 24, 4][19, 12, 18, 17, 22][16, 6, 15, 29][8, 26, 0, 28][1, 9, 14][14, 20, 24][5, 21, 10][5, 6, 13][2, 10][16, 28][0, 22] 
[19, 12, 18, 17, 22][2, 27, 7, 24, 4][9, 23, 3, 11, 25][8, 26, 0, 28][16, 6, 15, 29][5, 6, 13][5, 21, 10][14, 20, 24][1, 9, 14][0, 22][16, 28][10, 27] 
[2, 27, 7, 24, 4][9, 23, 3, 11, 25][19, 12, 18, 17, 22][16, 6, 15, 29][8, 26, 0, 28][5, 6, 13][5, 21, 10][14, 20, 24][0, 28, 16][1, 9, 14][10, 27][0, 22] 
[2, 27, 7, 24, 4][9, 23, 3, 11, 25][19, 12, 18, 17, 22][16, 6, 15, 29][8, 26, 0, 28][14, 20, 24][1, 9, 14][5, 21, 10][5, 6, 13][0, 28, 16][10, 27][0, 22] 
[2, 27, 7, 24, 4][9, 23, 3, 11, 25][19, 12, 18, 17, 22][16, 6, 15, 29][8, 26, 0, 28][14, 20, 24][1, 9, 14][5, 21, 10][5, 6, 13][0, 28, 16][10, 27][0, 22] 
[2, 27, 7, 24, 4][9, 23, 3, 11, 25][19, 12, 18, 17, 22][16, 6, 15, 29][8, 26, 0, 28][5, 6, 13][5, 21, 10][14, 20, 24][1, 9, 14][0, 28, 16][10, 27][0, 22] 
[9, 23, 3, 11, 25][2, 27, 7, 24, 4][19, 12, 18, 17, 22][16, 6, 15, 29][8, 26, 0, 28][1, 9, 14][14, 20, 24][5, 21, 10][5, 6, 13][0, 28, 16][10, 27][0, 22] 
[9, 23, 3, 11, 25][2, 27, 7, 24, 4][19, 12, 18, 17, 22][16, 6, 15, 29][8, 26, 0, 28][1, 9, 14][14, 20, 24][5, 21, 10][5, 6, 13][0, 28, 16][10, 27][0, 22] 
[19, 12, 18, 17, 22][2, 27, 7, 24, 4][9, 23, 3, 11, 25][8, 26, 0, 28][16, 6, 15, 29][0, 28, 16][5, 6, 13][5, 21, 10][14, 20, 24][1, 9, 14][0, 22][10, 27] 
[2, 27, 7, 24, 4][9, 23, 3, 11, 25][19, 12, 18, 17, 22][16, 6, 15, 29][8, 26, 0, 28][0, 28, 16][5, 6, 13][5, 21, 10][14, 20, 24][1, 9, 14][10, 27][0, 22] 
[2, 27, 7, 24, 4][9, 23, 3, 11, 25][19, 12, 18, 17, 22][16, 6, 15, 29][8, 26, 0, 28][5, 21, 10][14, 20, 24][5, 6, 13][1, 9, 14][0, 28, 16][10, 27][0, 22] 
[2, 27, 7, 24, 4][9, 23, 3, 11, 25][19, 12, 18, 17, 22][16, 6, 15, 29][8, 26, 0, 28][0, 28, 16][5, 6, 13][5, 21, 10][14, 20, 24][1, 9, 14][10, 27][0, 22] 
[19, 12, 18, 17, 22][2, 27, 7, 24, 4][9, 23, 3, 11, 25][8, 26, 0, 28][16, 6, 15, 29][0, 28, 16][5, 6, 13][5, 21, 10][14, 20, 24][1, 9, 14][0, 22][10, 27] 
[2, 27, 7, 24, 4][9, 23, 3, 11, 25][19, 12, 18, 17, 22][16, 6, 15, 29][8, 26, 0, 28][14, 20, 24][1, 9, 14][5, 21, 10][5, 6, 13][0, 28, 16][10, 27][0, 22] 
[2, 27, 7, 24, 4][9, 23, 3, 11, 25][19, 12, 18, 17, 22][16, 6, 15, 29][8, 26, 0, 28][5, 21, 10][14, 20, 24][5, 6, 13][1, 9, 14][0, 28, 16][10, 27][0, 22] 
[19, 12, 18, 17, 22][2, 27, 7, 24, 4][9, 23, 3, 11, 25][8, 26, 0, 28][16, 6, 15, 29][0, 28, 16][5, 6, 13][5, 21, 10][14, 20, 24][1, 9, 14][0, 22][10, 27] 
[2, 27, 7, 24, 4][9, 23, 3, 11, 25][19, 12, 18, 17, 22][16, 6, 15, 29][8, 26, 0, 28][14, 20, 24][1, 9, 14][5, 21, 10][5, 6, 13][0, 28, 16][10, 27][0, 22] 
[22, 17, 18, 12, 19, 8, 26][2, 27, 7, 24, 4][9, 23, 3, 11, 25][16, 6, 15, 29][14, 20, 24][1, 9, 14][5, 21, 10][5, 6, 13][0, 28, 16][10, 27][0, 22][12, 19] 
[22, 17, 18, 12, 19, 8, 26][2, 27, 7, 24, 4][9, 23, 3, 11, 25][16, 6, 15, 29][0, 28, 16][5, 6, 13][5, 21, 10][14, 20, 24][1, 9, 14][10, 27][0, 22][12, 19] 
[22, 17, 18, 12, 19, 8, 26][2, 27, 7, 24, 4][9, 23, 3, 11, 25][16, 6, 15, 29][0, 28, 16][5, 6, 13][5, 21, 10][14, 20, 24][1, 9, 14][10, 27][0, 22][12, 19] 
[22, 17, 18, 12, 19, 8, 26][2, 27, 7, 24, 4][9, 23, 3, 11, 25][16, 6, 15, 29][14, 20, 24][1, 9, 14][5, 21, 10][5, 6, 13][0, 28, 16][10, 27][0, 22][12, 19] 
[22, 17, 18, 12, 19, 8, 26][2, 27, 7, 24, 4][9, 23, 3, 11, 25][16, 6, 15, 29][5, 6, 13][5, 21, 10][0, 28, 16][14, 20, 24][1, 9, 14][10, 27][0, 22][12, 19] 
[22, 17, 18, 12, 19, 8, 26][2, 27, 7, 24, 4][9, 23, 3, 11, 25][16, 6, 15, 29][5, 21, 10][5, 6, 13][0, 28, 16][14, 20, 24][1, 9, 14][0, 26][2, 10][12, 19] 
[9, 23, 3, 11, 25][19, 12, 18, 17, 22][4, 24, 7, 27][2, 10, 21, 5][16, 6, 15, 29][8, 26, 0, 28][14, 20, 24][1, 9, 14][5, 6, 13][10, 27][16, 28][0, 22] 
[9, 23, 3, 11, 25][19, 12, 18, 17, 22][2, 10, 21, 5][16, 6, 15, 29][8, 26, 0, 28][4, 24, 7, 27][5, 6, 13][14, 20, 24][1, 9, 14][16, 28][10, 27][0, 22] 
[9, 23, 3, 11, 25][19, 12, 18, 17, 22][4, 24, 7, 27][2, 10, 21, 5][16, 6, 15, 29][8, 26, 0, 28][14, 20, 24][1, 9, 14][5, 6, 13][10, 27][16, 28][0, 22] 
[9, 23, 3, 11, 25][19, 12, 18, 17, 22][4, 24, 7, 27][2, 10, 21, 5][16, 6, 15, 29][8, 26, 0, 28][14, 20, 24][1, 9, 14][5, 6, 13][10, 27][16, 28][0, 22] 
[9, 23, 3, 11, 25][19, 12, 18, 17, 22][4, 24, 7, 27][2, 10, 21, 5][16, 6, 15, 29][8, 26, 0, 28][1, 9, 14][14, 20, 24][5, 6, 13][10, 27][16, 28][0, 22] 
[2, 27, 7, 24, 4][9, 23, 3, 11, 25][19, 12, 18, 17, 22][16, 6, 15, 29][8, 26, 0, 28][14, 20, 24][1, 9, 14][5, 21, 10][5, 6, 13][0, 28, 16][10, 27][0, 22] 
[19, 12, 18, 17, 22][2, 27, 7, 24, 4][9, 23, 3, 11, 25][16, 6, 15, 29][8, 26, 0, 28][5, 6, 13][5, 21, 10][14, 20, 24][1, 9, 14][16, 28][0, 22][10, 27] 
