[7, 20, 4, 24][9, 23, 20, 14][2, 6, 21, 5][25, 28, 16, 27][15, 10, 27, 29][0, 17, 18, 13][12, 19, 8, 26][1, 23, 3][3, 11, 25][19, 18, 22][2, 7][6, 13] 
[25, 28, 16, 27][15, 10, 27, 29][9, 23, 20, 14][7, 20, 4, 24][2, 6, 21, 5][0, 17, 18, 13][12, 19, 8, 26][3, 11, 25][1, 23, 3][19, 18, 22][2, 29][6, 13] 
[2, 6, 21, 5][0, 17, 18, 13][12, 19, 8, 26][15, 10, 27, 29][25, 28, 16, 27][9, 23, 20, 14][7, 20, 4, 24][19, 18, 22][3, 11, 25][1, 23, 3][6, 13][2, 29] 
[2, 29, 27, 10, 15][25, 28, 16, 27][9, 23, 20, 14][7, 20, 4, 24][0, 17, 18, 13][12, 19, 8, 26][3, 11, 25][1, 23, 3][5, 21, 6][19, 18, 22][5, 15][6, 13] 
[2, 6, 21, 5][25, 28, 16, 27][0, 17, 18, 13][12, 19, 8, 26][9, 23, 20, 14][7, 20, 4, 24][15, 10, 27, 29][3, 11, 25][19, 18, 22][1, 23, 3][6, 13][2, 29] 
[12, 19, 8, 26][0, 17, 18, 13][2, 6, 21, 5][15, 10, 27, 29][25, 28, 16, 27][9, 23, 20, 14][7, 20, 4, 24][19, 18, 22][3, 11, 25][1, 23, 3][6, 13][2, 29] 
[7, 20, 4, 24][9, 23, 20, 14][25, 28, 16, 27][15, 10, 27, 29][2, 6, 21, 5][0, 17, 18, 13][12, 19, 8, 26][1, 23, 3][3, 11, 25][19, 18, 22][2, 29][6, 13] 
[9, 23, 20, 14][7, 20, 4, 24][25, 28, 16, 27][15, 10, 27, 29][0, 17, 18, 13][12, 19, 8, 26][1, 23, 3][3, 11, 25][2, 15, 5][5, 21, 6][19, 18, 22][6, 13] 
[15, 10, 27, 29][25, 28, 16, 27][9, 23, 20, 14][7, 20, 4, 24][0, 17, 18, 13][12, 19, 8, 26][2, 15, 5][3, 11, 25][5, 21, 6][1, 23, 3][19, 18, 22][6, 13] 
[9, 23, 20, 14][7, 20, 4, 24][25, 28, 16, 27][15, 10, 27, 29][0, 17, 18, 13][12, 19, 8, 26][1, 23, 3][3, 11, 25][2, 15, 5][5, 21, 6][19, 18, 22][6, 13] 
[9, 23, 20, 14][7, 20, 4, 24][25, 28, 16, 27][15, 10, 27, 29][2, 6, 21, 5][0, 17, 18, 13][12, 19, 8, 26][1, 23, 3][3, 11, 25][19, 18, 22][2, 7][6, 13] 
[2, 6, 21, 5][0, 17, 18, 13][12, 19, 8, 26][15, 10, 27, 29][25, 28, 16, 27][9, 23, 20, 14][7, 20, 4, 24][19, 18, 22][3, 11, 25][1, 23, 3][6, 13][2, 29] 
[25, 28, 16, 27][15, 10, 27, 29][9, 23, 20, 14][7, 20, 4, 24][2, 6, 21, 5][0, 17, 18, 13][12, 19, 8, 26][3, 11, 25][1, 23, 3][19, 18, 22][2, 29][6, 13] 
[12, 19, 8, 26][0, 17, 18, 13][2, 6, 21, 5][15, 10, 27, 29][25, 28, 16, 27][9, 23, 20, 14][7, 20, 4, 24][19, 18, 22][3, 11, 25][1, 23, 3][6, 13][2, 29] 
[12, 19, 8, 26][0, 17, 18, 13][2, 6, 21, 5][15, 10, 27, 29][25, 28, 16, 27][9, 23, 20, 14][7, 20, 4, 24][19, 18, 22][3, 11, 25][1, 23, 3][6, 13][2, 29] 
[25, 28, 16, 27][15, 10, 27, 29][9, 23, 20, 14][7, 20, 4, 24][0, 17, 18, 13][12, 19, 8, 26][3, 11, 25][2, 15, 5][5, 21, 6][1, 23, 3][19, 18, 22][6, 13] 
[2, 6, 21, 5][7, 20, 4, 24][9, 23, 20, 14][25, 28, 16, 27][15, 10, 27, 29][0, 17, 18, 13][12, 19, 8, 26][1, 23, 3][3, 11, 25][19, 18, 22][2, 7][6, 13] 
[7, 20, 4, 24][9, 23, 20, 14][25, 28, 16, 27][15, 10, 27, 29][2, 6, 21, 5][0, 17, 18, 13][12, 19, 8, 26][1, 23, 3][3, 11, 25][19, 18, 22][2, 29][6, 13] 
[7, 20, 4, 24][9, 23, 20, 14][25, 28, 16, 27][15, 10, 27, 29][2, 6, 21, 5][0, 17, 18, 13][12, 19, 8, 26][1, 23, 3][3, 11, 25][19, 18, 22][2, 29][6, 13] 
[0, 17, 18, 13][12, 19, 8, 26][2, 6, 21, 5][7, 20, 4, 24][9, 23, 20, 14][25, 28, 16, 27][15, 10, 27, 29][19, 18, 22][1, 23, 3][3, 11, 25][6, 13][2, 7] 
[0, 17, 18, 13][12, 19, 8, 26][2, 6, 21, 5][15, 10, 27, 29][25, 28, 16, 27][7, 20, 4, 24][9, 23, 20, 14][19, 18, 22][1, 23, 3][3, 11, 25][6, 13][2, 7] 
[0, 17, 18, 13][12, 19, 8, 26][2, 6, 21, 5][15, 10, 27, 29][25, 28, 16, 27][9, 23, 20, 14][7, 20, 4, 24][19, 18, 22][3, 11, 25][1, 23, 3][6, 13][2, 29] 
[0, 17, 18, 13][12, 19, 8, 26][2, 6, 21, 5][15, 10, 27, 29][25, 28, 16, 27][9, 23, 20, 14][7, 20, 4, 24][19, 18, 22][3, 11, 25][1, 23, 3][6, 13][2, 29] 
[12, 19, 8, 26][0, 17, 18, 13][2, 6, 21, 5][15, 10, 27, 29][25, 28, 16, 27][9, 23, 20, 14][7, 20, 4, 24][19, 18, 22][3, 11, 25][1, 23, 3][6, 13][2, 29] 
[15, 10, 27, 29][25, 28, 16, 27][2, 6, 21, 5][9, 23, 20, 14][7, 20, 4, 24][0, 17, 18, 13][12, 19, 8, 26][3, 11, 25][1, 23, 3][19, 18, 22][2, 29][6, 13] 
[9, 23, 20, 14][7, 20, 4, 24][25, 28, 16, 27][15, 10, 27, 29][0, 17, 18, 13][12, 19, 8, 26][1, 23, 3][3, 11, 25][2, 15, 5][5, 21, 6][19, 18, 22][6, 13] 
[15, 10, 27, 29][25, 28, 16, 27][9, 23, 20, 14][7, 20, 4, 24][2, 6, 21, 5][0, 17, 18, 13][12, 19, 8, 26][3, 11, 25][1, 23, 3][19, 18, 22][2, 7][6, 13] 
[25, 28, 16, 27][15, 10, 27, 29][9, 23, 20, 14][7, 20, 4, 24][2, 6, 21, 5][0, 17, 18, 13][12, 19, 8, 26][3, 11, 25][1, 23, 3][19, 18, 22][2, 29][6, 13] 
[2, 6, 21, 5][15, 10, 27, 29][25, 28, 16, 27][9, 23, 20, 14][7, 20, 4, 24][0, 17, 18, 13][12, 19, 8, 26][3, 11, 25][1, 23, 3][19, 18, 22][2, 29][6, 13] 
[25, 28, 16, 27][15, 10, 27, 29][9, 23, 20, 14][7, 20, 4, 24][2, 6, 21, 5][0, 17, 18, 13][12, 19, 8, 26][3, 11, 25][1, 23, 3][19, 18, 22][2, 7][6, 13] 
[2, 6, 21, 5][7, 20, 4, 24][9, 23, 20, 14][25, 28, 16, 27][15, 10, 27, 29][0, 17, 18, 13][12, 19, 8, 26][1, 23, 3][3, 11, 25][19, 18, 22][2, 7][6, 13] 
[2, 6, 21, 5][15, 10, 27, 29][25, 28, 16, 27][9, 23, 20, 14][7, 20, 4, 24][0, 17, 18, 13][12, 19, 8, 26][3, 11, 25][1, 23, 3][19, 18, 22][2, 29][6, 13] 
[2, 6, 21, 5][15, 10, 27, 29][25, 28, 16, 27][9, 23, 20, 14][7, 20, 4, 24][0, 17, 18, 13][12, 19, 8, 26][3, 11, 25][1, 23, 3][19, 18, 22][2, 29][6, 13] 
[2, 6, 21, 5][0, 17, 18, 13][12, 19, 8, 26][7, 20, 4, 24][9, 23, 20, 14][25, 28, 16, 27][15, 10, 27, 29][19, 18, 22][1, 23, 3][3, 11, 25][6, 13][2, 7] 
[12, 19, 8, 26][0, 17, 18, 13][2, 6, 21, 5][7, 20, 4, 24][9, 23, 20, 14][25, 28, 16, 27][15, 10, 27, 29][19, 18, 22][1, 23, 3][3, 11, 25][6, 13][2, 7] 
[9, 23, 20, 4, 1, 3, 11, 14, 24, 7, 27, 29, 2, 21, 10][6, 13, 18, 17, 0, 26, 8, 12, 22, 25][6, 21, 5, 15, 16, 28][8, 19, 22, 25][22, 25][6, 13][22, 25][22, 25][22, 25][22, 25][20, 23][22, 25] 
[9, 23, 20, 4, 1, 3, 11, 14, 24, 7, 27, 29, 2, 21, 10][6, 13, 18, 17, 0, 26, 8, 19, 12, 22, 25][18, 17, 0, 26, 8, 19, 12, 22, 25][6, 21, 5, 15, 16, 28][6, 13][10, 21][10, 21][22, 25][10, 21][10, 21][22, 25][6, 21] 
[9, 23, 20, 4, 1, 3, 11, 14, 24, 7, 27, 29, 2, 21, 10][6, 13, 18, 17, 0, 26, 8, 19, 12, 22, 25][18, 17, 0, 26, 8, 19, 12, 22, 25][6, 21, 5, 15, 16, 28][6, 13][10, 21][10, 21][22, 25][10, 21][10, 21][22, 25][6, 21] 
[9, 23, 20, 4, 1, 3, 11, 14, 24, 7, 27, 29, 2, 21, 10][6, 13, 18, 17, 0, 26, 8, 19, 12, 22, 25][21, 5, 15, 16, 28][10, 21][22, 25][22, 25][12, 22][22, 25][6, 21][22, 25][10, 21][10, 21] 
[9, 23, 20, 4, 1, 3, 11, 14, 24, 7, 27, 29, 2, 21, 10][6, 13, 18, 17, 0, 26, 8, 19, 12, 22, 25][21, 5, 15, 16, 28][12, 22, 25][12, 22][10, 21][10, 21][20, 23][6, 21][22, 25][22, 25][22, 25] 
[9, 23, 20, 4, 1, 3, 11, 14, 24, 7, 27, 29, 2, 21, 10][6, 13, 18, 17, 0, 26, 8, 19, 12, 22, 25][9, 23, 1, 3, 14, 7, 27, 2, 10][5, 15, 16, 28, 7, 27, 10][5, 15][6, 21][22, 25][22, 25][22, 25][22, 25][22, 25][6, 13] 
[9, 23, 20, 4, 1, 3, 11, 14, 24, 7, 27, 29, 2, 21, 10][6, 13, 18, 17, 0, 26, 8, 19, 12, 22, 25][6, 21, 5, 15, 16, 28][21, 5, 15, 16, 28][10, 21, 2, 29][22, 25][10, 21][5, 15][22, 25][10, 21][10, 21][10, 21] 
[9, 23, 20, 4, 1, 3, 11, 14, 24, 7, 27, 29, 2, 21, 10][6, 13, 18, 17, 0, 26, 8, 19, 12, 22, 25][6, 21, 5, 15, 16, 28][25, 22, 12, 19, 8, 26][6, 13][10, 21][22, 25][22, 25][10, 21][22, 25][22, 25][6, 21] 
[9, 23, 20, 4, 1, 3, 11, 14, 24, 7, 27, 29, 2, 21, 10][6, 13, 18, 17, 0, 26, 8, 19, 12, 22, 25][21, 5, 15, 16, 28][20, 23][6, 21][6, 13][22, 25][6, 13][22, 25][7, 27][6, 13][22, 25] 
[9, 23, 20, 4, 1, 3, 11, 14, 24, 7, 27, 29, 2, 21, 10][6, 13, 18, 17, 0, 26, 8, 19, 12, 22, 25][6, 21, 5, 15, 16, 28][10, 21, 2, 29][10, 21][6, 21][22, 25][5, 15][10, 21][5, 15][5, 15][22, 25] 
[9, 23, 20, 4, 1, 3, 11, 14, 24, 7, 27, 29, 2, 21, 10][6, 13, 18, 17, 0, 26, 8, 19, 12, 22, 25][6, 21, 5, 15, 16, 28][10, 21, 2, 29][10, 21][6, 21][22, 25][5, 15][10, 21][5, 15][5, 15][22, 25] 
[9, 23, 20, 4, 1, 3, 11, 14, 24, 7, 27, 29, 2, 21, 10][6, 13, 18, 17, 0, 26, 8, 19, 12, 22, 25][6, 21, 5, 15, 16, 28][25, 22, 12, 19, 8, 26][6, 13][10, 21][22, 25][22, 25][10, 21][22, 25][22, 25][6, 21] 
[9, 23, 20, 4, 1, 3, 11, 14, 24, 7, 27, 29, 2, 10][6, 13, 18, 17, 0, 26, 8, 19, 12, 22, 25][5, 15, 16, 28, 7, 27, 29, 10][7, 27][6, 21][22, 25][5, 15][10, 21][22, 25][22, 25][22, 25][22, 25] 
[9, 23, 20, 4, 1, 3, 11, 14, 24, 7, 27, 29, 2, 21, 10][6, 13, 18, 17, 0, 26, 8, 19, 12, 22, 25][6, 21, 5, 15, 16, 28][21, 5, 15, 16, 28][10, 21, 2, 29][22, 25][10, 21][5, 15][22, 25][10, 21][10, 21][10, 21] 
[9, 23, 20, 4, 1, 3, 11, 14, 24, 7, 27, 29, 2, 21, 10][6, 13, 18, 17, 0, 26, 8, 19, 12, 22, 25][6, 21, 5, 15, 16, 28][8, 19, 12, 22, 25][22, 25][6, 13][22, 25][20, 23][6, 21][22, 25][6, 13][22, 25] 
[9, 23, 20, 4, 1, 3, 11, 14, 24, 7, 27, 29, 2, 21, 10][6, 13, 18, 17, 0, 26, 8, 19, 12, 22, 25][6, 21, 5, 15, 16, 28][8, 19, 12, 22, 25][22, 25][6, 13][22, 25][20, 23][6, 21][22, 25][6, 13][22, 25] 
[9, 23, 20, 4, 1, 3, 11, 14, 24, 7, 27, 29, 2, 21, 10][6, 13, 18, 17, 0, 26, 8, 19, 12, 22, 25][6, 21, 5, 15, 16, 28][12, 22, 25][22, 25][6, 13][22, 25][22, 25][6, 13][22, 25][22, 25][6, 13] 
[9, 23, 20, 4, 1, 3, 11, 14, 24, 7, 27, 29, 2, 21, 10][6, 13, 18, 17, 0, 26, 8, 19, 12, 22, 25][5, 15, 16, 28, 7, 27, 29, 10][6, 21][22, 25][5, 15][22, 25][22, 25][7, 27][6, 13][22, 25][22, 25] 
[9, 23, 20, 4, 1, 3, 11, 14, 24, 7, 27, 29, 2, 21, 10][6, 13, 18, 17, 0, 26, 8, 19, 12, 22, 25][6, 21, 5, 15, 16, 28, 7, 27, 29, 10][10, 21, 2, 29, 27, 7, 24][19, 12, 22, 25][6, 21][5, 21][22, 25][10, 21][6, 21][22, 25][10, 21] 
[9, 23, 20, 4, 1, 3, 11, 14, 24, 7, 27, 29, 2, 21, 10][6, 13, 18, 17, 0, 26, 8, 19, 12, 22, 25][13, 18, 17, 0, 26, 8, 19, 12, 22, 25][6, 21, 5, 15, 16, 28, 7, 27, 29, 10][10, 21][6, 21][22, 25][22, 25][5, 15][22, 25][27, 29][22, 25] 
[9, 23, 20, 4, 1, 3, 11, 14, 24, 7, 27, 29, 2, 21, 10][6, 13, 18, 17, 0, 26, 8, 19, 12, 22, 25][6, 21, 5, 15, 16, 28][12, 22, 25][22, 25][6, 13][22, 25][22, 25][6, 13][22, 25][22, 25][6, 13] 
[12, 19, 8, 26][0, 17, 18, 13][15, 10, 27, 29][25, 28, 16, 27][9, 23, 20, 14][7, 20, 4, 24][19, 18, 22][5, 21, 6][2, 15, 5][3, 11, 25][1, 23, 3][6, 13] 
[25, 28, 16, 27][15, 10, 27, 29][9, 23, 20, 14][7, 20, 4, 24][0, 17, 18, 13][12, 19, 8, 26][3, 11, 25][1, 23, 3][2, 15, 5][5, 21, 6][19, 18, 22][6, 13] 
[15, 10, 27, 29][25, 28, 16, 27][9, 23, 20, 14][7, 20, 4, 24][0, 17, 18, 13][12, 19, 8, 26][2, 15, 5][5, 21, 6][3, 11, 25][1, 23, 3][19, 18, 22][6, 13] 
[15, 10, 27, 29][25, 28, 16, 27][9, 23, 20, 14][7, 20, 4, 24][0, 17, 18, 13][12, 19, 8, 26][3, 11, 25][1, 23, 3][2, 15, 5][5, 21, 6][19, 18, 22][6, 13] 
[15, 10, 27, 29][25, 28, 16, 27][9, 23, 20, 14][7, 20, 4, 24][0, 17, 18, 13][12, 19, 8, 26][2, 15, 5][5, 21, 6][3, 11, 25][1, 23, 3][19, 18, 22][6, 13] 
[0, 17, 18, 13][12, 19, 8, 26][15, 10, 27, 29][25, 28, 16, 27][9, 23, 20, 14][7, 20, 4, 24][5, 21, 6][19, 18, 22][2, 15, 5][3, 11, 25][1, 23, 3][6, 13] 
[15, 10, 27, 29][25, 28, 16, 27][9, 23, 20, 14][7, 20, 4, 24][0, 17, 18, 13][12, 19, 8, 26][2, 15, 5][5, 21, 6][3, 11, 25][1, 23, 3][19, 18, 22][6, 13] 
[0, 17, 18, 13][12, 19, 8, 26][15, 10, 27, 29][25, 28, 16, 27][9, 23, 20, 14][7, 20, 4, 24][19, 18, 22][5, 21, 6][2, 15, 5][3, 11, 25][1, 23, 3][6, 13] 
[0, 17, 18, 13][12, 19, 8, 26][15, 10, 27, 29][25, 28, 16, 27][9, 23, 20, 14][7, 20, 4, 24][19, 18, 22][5, 21, 6][2, 15, 5][3, 11, 25][1, 23, 3][6, 13] 
[25, 28, 16, 27][15, 10, 27, 29][9, 23, 20, 14][7, 20, 4, 24][0, 17, 18, 13][12, 19, 8, 26][3, 11, 25][2, 15, 5][1, 23, 3][5, 21, 6][19, 18, 22][6, 13] 
[15, 10, 27, 29][25, 28, 16, 27][9, 23, 20, 14][7, 20, 4, 24][0, 17, 18, 13][12, 19, 8, 26][2, 15, 5][5, 21, 6][3, 11, 25][1, 23, 3][19, 18, 22][6, 13] 
[25, 28, 16, 27][15, 10, 27, 29][9, 23, 20, 14][7, 20, 4, 24][0, 17, 18, 13][12, 19, 8, 26][3, 11, 25][2, 15, 5][5, 21, 6][1, 23, 3][19, 18, 22][6, 13] 
[15, 10, 27, 29][25, 28, 16, 27][9, 23, 20, 14][7, 20, 4, 24][0, 17, 18, 13][12, 19, 8, 26][2, 15, 5][5, 21, 6][3, 11, 25][1, 23, 3][19, 18, 22][6, 13] 
[15, 10, 27, 29][25, 28, 16, 27][9, 23, 20, 14][7, 20, 4, 24][0, 17, 18, 13][12, 19, 8, 26][3, 11, 25][2, 15, 5][5, 21, 6][1, 23, 3][19, 18, 22][6, 13] 
[7, 20, 4, 24][9, 23, 20, 14][25, 28, 16, 27][15, 10, 27, 29][0, 17, 18, 13][12, 19, 8, 26][1, 23, 3][3, 11, 25][2, 15, 5][5, 21, 6][19, 18, 22][6, 13] 
[12, 19, 8, 26][0, 17, 18, 13][2, 6, 21, 5][7, 20, 4, 24][9, 23, 20, 14][25, 28, 16, 27][15, 10, 27, 29][19, 18, 22][1, 23, 3][3, 11, 25][6, 13][2, 7] 
[2, 6, 21, 5][7, 20, 4, 24][9, 23, 20, 14][25, 28, 16, 27][15, 10, 27, 29][0, 17, 18, 13][12, 19, 8, 26][1, 23, 3][3, 11, 25][19, 18, 22][2, 7][6, 13] 
[25, 28, 16, 27][15, 10, 27, 29][9, 23, 20, 14][7, 20, 4, 24][2, 6, 21, 5][0, 17, 18, 13][12, 19, 8, 26][3, 11, 25][1, 23, 3][19, 18, 22][2, 7][6, 13] 
[2, 6, 21, 5][0, 17, 18, 13][12, 19, 8, 26][7, 20, 4, 24][9, 23, 20, 14][25, 28, 16, 27][15, 10, 27, 29][19, 18, 22][1, 23, 3][3, 11, 25][6, 13][2, 7] 
[25, 28, 16, 27][15, 10, 27, 29][9, 23, 20, 14][7, 20, 4, 24][2, 6, 21, 5][0, 17, 18, 13][12, 19, 8, 26][3, 11, 25][1, 23, 3][19, 18, 22][2, 7][6, 13] 
[0, 17, 18, 13][12, 19, 8, 26][15, 10, 27, 29][25, 28, 16, 27][23, 3, 1, 24][9, 23, 20, 14][2, 7, 20, 4][5, 21, 6][19, 18, 22][3, 11, 25][6, 13][5, 15] 
[12, 19, 8, 26][0, 17, 18, 13][15, 10, 27, 29][25, 28, 16, 27][9, 23, 20, 14][7, 20, 4, 24][19, 18, 22][5, 21, 6][2, 15, 5][3, 11, 25][1, 23, 3][6, 13] 
[0, 17, 18, 13][12, 19, 8, 26][15, 10, 27, 29][25, 28, 16, 27][9, 23, 20, 14][7, 20, 4, 24][19, 18, 22][5, 21, 6][2, 15, 5][3, 11, 25][1, 23, 3][6, 13] 
[0, 17, 18, 13][12, 19, 8, 26][15, 10, 27, 29][25, 28, 16, 27][9, 23, 20, 14][7, 20, 4, 24][19, 18, 22][5, 21, 6][2, 15, 5][3, 11, 25][1, 23, 3][6, 13] 
[0, 17, 18, 13][12, 19, 8, 26][15, 10, 27, 29][25, 28, 16, 27][9, 23, 20, 14][7, 20, 4, 24][19, 18, 22][5, 21, 6][2, 15, 5][3, 11, 25][1, 23, 3][6, 13] 
[25, 28, 16, 27][15, 10, 27, 29][9, 23, 20, 14][7, 20, 4, 24][0, 17, 18, 13][12, 19, 8, 26][3, 11, 25][1, 23, 3][2, 15, 5][5, 21, 6][19, 18, 22][6, 13] 
[2, 6, 21, 5][15, 10, 27, 29][25, 28, 16, 27][9, 23, 20, 14][7, 20, 4, 24][0, 17, 18, 13][12, 19, 8, 26][3, 11, 25][1, 23, 3][19, 18, 22][5, 15][6, 13] 
[12, 19, 8, 26][0, 17, 18, 13][15, 10, 27, 29][25, 28, 16, 27][9, 23, 20, 14][7, 20, 4, 24][19, 18, 22][5, 21, 6][2, 15, 5][3, 11, 25][1, 23, 3][6, 13] 
[12, 19, 8, 26][0, 17, 18, 13][2, 6, 21, 5][7, 20, 4, 24][9, 23, 20, 14][25, 28, 16, 27][15, 10, 27, 29][19, 18, 22][1, 23, 3][3, 11, 25][6, 13][2, 7] 
[9, 23, 20, 14][7, 20, 4, 24][25, 28, 16, 27][15, 10, 27, 29][2, 6, 21, 5][0, 17, 18, 13][12, 19, 8, 26][1, 23, 3][3, 11, 25][19, 18, 22][2, 7][6, 13] 
[2, 6, 21, 5][7, 20, 4, 24][9, 23, 20, 14][25, 28, 16, 27][15, 10, 27, 29][0, 17, 18, 13][12, 19, 8, 26][1, 23, 3][3, 11, 25][19, 18, 22][2, 7][6, 13] 
[12, 19, 8, 26][0, 17, 18, 13][2, 6, 21, 5][7, 20, 4, 24][9, 23, 20, 14][25, 28, 16, 27][15, 10, 27, 29][19, 18, 22][1, 23, 3][3, 11, 25][6, 13][2, 7] 
[7, 20, 4, 24][9, 23, 20, 14][2, 6, 21, 5][25, 28, 16, 27][15, 10, 27, 29][0, 17, 18, 13][12, 19, 8, 26][1, 23, 3][3, 11, 25][19, 18, 22][2, 7][6, 13] 
[2, 6, 21, 5][0, 17, 18, 13][12, 19, 8, 26][7, 20, 4, 24][9, 23, 20, 14][25, 28, 16, 27][15, 10, 27, 29][19, 18, 22][1, 23, 3][3, 11, 25][6, 13][2, 7] 
[2, 6, 21, 5][0, 17, 18, 13][12, 19, 8, 26][7, 20, 4, 24][9, 23, 20, 14][25, 28, 16, 27][15, 10, 27, 29][19, 18, 22][1, 23, 3][3, 11, 25][6, 13][2, 7] 
[25, 28, 16, 27][15, 10, 27, 29][2, 6, 21, 5][7, 20, 4, 24][9, 23, 20, 14][0, 17, 18, 13][12, 19, 8, 26][1, 23, 3][19, 18, 22][3, 11, 25][2, 7][6, 13] 
[2, 6, 21, 5][0, 17, 18, 13][12, 19, 8, 26][7, 20, 4, 24][9, 23, 20, 14][25, 28, 16, 27][15, 10, 27, 29][19, 18, 22][1, 23, 3][3, 11, 25][6, 13][2, 7] 
[15, 10, 27, 29][25, 28, 16, 27][9, 23, 20, 14][7, 20, 4, 24][2, 6, 21, 5][0, 17, 18, 13][12, 19, 8, 26][3, 11, 25][1, 23, 3][19, 18, 22][2, 7][6, 13] 
[25, 28, 16, 27][15, 10, 27, 29][2, 6, 21, 5][7, 20, 4, 24][9, 23, 20, 14][0, 17, 18, 13][12, 19, 8, 26][1, 23, 3][19, 18, 22][3, 11, 25][2, 7][6, 13] 
[2, 6, 21, 5][7, 20, 4, 24][9, 23, 20, 14][25, 28, 16, 27][15, 10, 27, 29][0, 17, 18, 13][12, 19, 8, 26][1, 23, 3][3, 11, 25][19, 18, 22][2, 7][6, 13] 
[12, 19, 8, 26][0, 17, 18, 13][2, 6, 21, 5][7, 20, 4, 24][9, 23, 20, 14][25, 28, 16, 27][15, 10, 27, 29][19, 18, 22][1, 23, 3][3, 11, 25][6, 13][2, 7] 
[2, 6, 21, 5][0, 17, 18, 13][12, 19, 8, 26][7, 20, 4, 24][9, 23, 20, 14][25, 28, 16, 27][15, 10, 27, 29][19, 18, 22][1, 23, 3][3, 11, 25][6, 13][2, 7] 
[25, 28, 16, 27][15, 10, 27, 29][9, 23, 20, 14][7, 20, 4, 24][2, 6, 21, 5][0, 17, 18, 13][12, 19, 8, 26][3, 11, 25][1, 23, 3][19, 18, 22][2, 7][6, 13] 
[24, 1, 3, 11, 25][2, 29, 27, 10, 15][7, 20, 4, 24][9, 23, 20, 14][0, 17, 18, 13][12, 19, 8, 26][27, 16, 28][5, 21, 6][19, 18, 22][5, 15][6, 13][25, 28] 
[24, 1, 3, 11, 25][2, 29, 27, 10, 15][9, 23, 20, 14][7, 20, 4, 24][0, 17, 18, 13][12, 19, 8, 26][27, 16, 28][5, 21, 6][19, 18, 22][5, 15][6, 13][25, 28] 
[24, 1, 3, 11, 25][2, 29, 27, 10, 15][9, 23, 20, 14][7, 20, 4, 24][0, 17, 18, 13][12, 19, 8, 26][27, 16, 28][5, 21, 6][19, 18, 22][5, 15][6, 13][25, 28] 
[24, 1, 3, 11, 25][2, 29, 27, 10, 15][7, 20, 4, 24][9, 23, 20, 14][0, 17, 18, 13][12, 19, 8, 26][27, 16, 28][5, 21, 6][19, 18, 22][5, 15][6, 13][25, 28] 
[24, 1, 3, 11, 25][2, 29, 27, 10, 15][7, 20, 4, 24][9, 23, 20, 14][0, 17, 18, 13][12, 19, 8, 26][27, 16, 28][5, 21, 6][19, 18, 22][5, 15][6, 13][25, 28] 
[2, 29, 27, 10, 15][3, 11, 25, 28, 16][0, 17, 18, 13][12, 19, 8, 26][2, 7, 20, 4][9, 23, 20, 14][23, 3, 1, 24][5, 21, 6][19, 18, 22][6, 13][5, 15][27, 29] 
[0, 17, 18, 13][12, 19, 8, 26][15, 10, 27, 29][25, 28, 16, 27][9, 23, 20, 14][7, 20, 4, 24][19, 18, 22][5, 21, 6][2, 15, 5][3, 11, 25][1, 23, 3][6, 13] 
[25, 28, 16, 27][15, 10, 27, 29][9, 23, 20, 14][7, 20, 4, 24][0, 17, 18, 13][12, 19, 8, 26][3, 11, 25][1, 23, 3][2, 15, 5][5, 21, 6][19, 18, 22][6, 13] 
[0, 17, 18, 13][12, 19, 8, 26][15, 10, 27, 29][25, 28, 16, 27][9, 23, 20, 14][7, 20, 4, 24][19, 18, 22][5, 21, 6][2, 15, 5][3, 11, 25][1, 23, 3][6, 13] 
[0, 17, 18, 13][12, 19, 8, 26][15, 10, 27, 29][25, 28, 16, 27][9, 23, 20, 14][7, 20, 4, 24][19, 18, 22][5, 21, 6][2, 15, 5][3, 11, 25][1, 23, 3][6, 13] 
[25, 28, 16, 27][15, 10, 27, 29][9, 23, 20, 14][7, 20, 4, 24][0, 17, 18, 13][12, 19, 8, 26][3, 11, 25][1, 23, 3][2, 15, 5][5, 21, 6][19, 18, 22][6, 13] 
[12, 19, 8, 26][0, 17, 18, 13][2, 6, 21, 5][7, 20, 4, 24][9, 23, 20, 14][25, 28, 16, 27][15, 10, 27, 29][19, 18, 22][1, 23, 3][3, 11, 25][6, 13][2, 7] 
[0, 17, 18, 13][15, 10, 27, 29][25, 28, 16, 27][12, 19, 8, 26][9, 23, 20, 14][7, 20, 4, 24][5, 21, 6][2, 15, 5][19, 18, 22][3, 11, 25][1, 23, 3][6, 13] 
