[13, 6, 21, 5, 15][20, 7, 27, 2, 29][23, 1, 14, 11, 25][22, 12, 8, 26][0, 19, 17, 18][9, 3, 4, 24][10, 16, 28][22, 17, 28][6, 16][10, 27][20, 24][14, 24] 
[20, 7, 27, 2, 29][23, 1, 14, 11, 25][13, 6, 21, 5, 15][22, 12, 8, 26][0, 19, 17, 18][9, 3, 4, 24][22, 17, 28][10, 6, 16][16, 28][10, 27][20, 24][1, 3] 
[14, 11, 25, 0, 18, 19][26, 8, 12, 22, 17, 28][13, 6, 21, 5, 15][2, 27, 7, 20][9, 3, 4, 24][3, 1, 23][10, 6, 16][20, 24][14, 24][10, 27][2, 29][16, 28] 
[14, 11, 25, 0, 18, 19][20, 7, 27, 2, 29][13, 6, 21, 5, 15][9, 3, 4, 24][22, 12, 8, 26][3, 1, 23][10, 6, 16][22, 17, 28][14, 24][20, 24][10, 27][16, 28] 
[13, 6, 21, 5, 15][20, 7, 27, 2, 29][23, 1, 14, 11, 25][22, 12, 8, 26][0, 19, 17, 18][9, 3, 4, 24][10, 16, 28][22, 17, 28][6, 16][10, 27][20, 24][14, 24] 
[23, 1, 14, 11, 25][20, 7, 27, 2, 29][13, 6, 21, 5, 15][9, 3, 4, 24][0, 19, 17, 18][22, 12, 8, 26][10, 16, 28][22, 17, 28][1, 3][20, 24][10, 27][6, 16] 
[20, 7, 27, 2, 29][13, 6, 21, 5, 15][23, 1, 14, 11, 25][22, 12, 8, 26][0, 19, 17, 18][9, 3, 4, 24][10, 6, 16][22, 17, 28][10, 27][16, 28][20, 24][1, 3] 
[23, 1, 14, 11, 25][20, 7, 27, 2, 29][13, 6, 21, 5, 15][9, 3, 4, 24][22, 12, 8, 26][0, 19, 17, 18][10, 16, 28][22, 17, 28][14, 24][4, 7][10, 27][6, 16] 
[13, 6, 21, 5, 15][20, 7, 27, 2, 29][23, 1, 14, 11, 25][22, 12, 8, 26][0, 19, 17, 18][9, 3, 4, 24][22, 17, 28][10, 16, 28][6, 16][10, 27][20, 24][1, 3] 
[20, 7, 27, 2, 29][13, 6, 21, 5, 15][23, 1, 14, 11, 25][9, 3, 4, 24][22, 12, 8, 26][0, 19, 17, 18][10, 16, 28][22, 17, 28][4, 7][10, 27][6, 16][14, 24] 
[13, 6, 21, 5, 15][20, 7, 27, 2, 29][23, 1, 14, 11, 25][22, 12, 8, 26][0, 19, 17, 18][9, 3, 4, 24][10, 16, 28][22, 17, 28][6, 16][10, 27][20, 24][14, 24] 
[20, 7, 27, 2, 29][23, 1, 14, 11, 25][13, 6, 21, 5, 15][0, 19, 17, 18][22, 12, 8, 26][9, 3, 4, 24][22, 17, 28][10, 6, 16][16, 28][10, 27][20, 24][1, 3] 
[14, 11, 25, 0, 18, 19][26, 8, 12, 22, 17, 28][13, 6, 21, 5, 15][9, 3, 4, 24][2, 27, 7, 20][3, 1, 23][10, 6, 16][14, 24][20, 24][2, 29][10, 27][16, 28] 
[13, 6, 21, 5, 15][20, 7, 27, 2, 29][23, 1, 14, 11, 25][22, 12, 8, 26][0, 19, 17, 18][9, 3, 4, 24][10, 16, 28][22, 17, 28][6, 16][10, 27][20, 24][14, 24] 
[13, 6, 21, 5, 15][20, 7, 27, 2, 29][23, 1, 14, 11, 25][22, 12, 8, 26][0, 19, 17, 18][9, 3, 4, 24][22, 17, 28][10, 16, 28][6, 16][10, 27][20, 24][1, 3] 
[23, 1, 14, 11, 25][20, 7, 27, 2, 29][13, 6, 21, 5, 15][9, 3, 4, 24][0, 19, 17, 18][22, 12, 8, 26][10, 16, 28][22, 17, 28][14, 24][4, 7][10, 27][6, 16] 
[13, 6, 21, 5, 15][20, 7, 27, 2, 29][23, 1, 14, 11, 25][22, 12, 8, 26][0, 19, 17, 18][9, 3, 4, 24][22, 17, 28][10, 16, 28][6, 16][10, 27][20, 24][14, 24] 
[20, 7, 27, 2, 29][13, 6, 21, 5, 15][23, 1, 14, 11, 25][0, 19, 17, 18][22, 12, 8, 26][9, 3, 4, 24][10, 6, 16][22, 17, 28][10, 27][16, 28][20, 24][1, 3] 
[20, 7, 27, 2, 29][13, 6, 21, 5, 15][23, 1, 14, 11, 25][0, 19, 17, 18][22, 12, 8, 26][9, 3, 4, 24][22, 17, 28][10, 16, 28][10, 27][6, 16][20, 24][14, 24] 
[23, 1, 14, 11, 25][20, 7, 27, 2, 29][13, 6, 21, 5, 15][9, 3, 4, 24][0, 19, 17, 18][22, 12, 8, 26][10, 16, 28][22, 17, 28][14, 24][20, 24][10, 27][6, 16] 
[23, 1, 14, 11, 25][20, 7, 27, 2, 29][13, 6, 21, 5, 15][9, 3, 4, 24][0, 19, 17, 18][22, 12, 8, 26][10, 16, 28][22, 17, 28][14, 24][20, 24][10, 27][6, 16] 
[20, 7, 27, 2, 29][13, 6, 21, 5, 15][23, 1, 14, 11, 25][0, 19, 17, 18][22, 12, 8, 26][9, 3, 4, 24][10, 6, 16][22, 17, 28][10, 27][16, 28][20, 24][1, 3] 
[14, 11, 25, 0, 18, 19][26, 8, 12, 22, 17, 28][13, 6, 21, 5, 15][2, 27, 7, 20][9, 3, 4, 24][3, 1, 23][10, 6, 16][20, 24][14, 24][10, 27][2, 29][16, 28] 
[20, 7, 27, 2, 29][13, 6, 21, 5, 15][23, 1, 14, 11, 25][22, 12, 8, 26][0, 19, 17, 18][9, 3, 4, 24][10, 16, 28][22, 17, 28][10, 27][20, 24][6, 16][14, 24] 
[20, 7, 27, 2, 29][13, 6, 21, 5, 15][23, 1, 14, 11, 25][0, 19, 17, 18][22, 12, 8, 26][9, 3, 4, 24][10, 16, 28][22, 17, 28][10, 27][6, 16][20, 24][1, 3] 
[20, 7, 27, 2, 29][13, 6, 21, 5, 15][23, 1, 14, 11, 25][0, 19, 17, 18][22, 12, 8, 26][9, 3, 4, 24][10, 16, 28][22, 17, 28][10, 27][4, 7][6, 16][14, 24] 
[13, 6, 21, 5, 15][20, 7, 27, 2, 29][23, 1, 14, 11, 25][22, 12, 8, 26][0, 19, 17, 18][9, 3, 4, 24][10, 16, 28][22, 17, 28][6, 16][10, 27][20, 24][14, 24] 
[20, 7, 27, 2, 29][23, 1, 14, 11, 25][13, 6, 21, 5, 15][0, 19, 17, 18][22, 12, 8, 26][9, 3, 4, 24][22, 17, 28][10, 6, 16][16, 28][10, 27][20, 24][1, 3] 
[23, 1, 14, 11, 25][20, 7, 27, 2, 29][13, 6, 21, 5, 15][9, 3, 4, 24][0, 19, 17, 18][22, 12, 8, 26][10, 16, 28][22, 17, 28][14, 24][20, 24][10, 27][6, 16] 
[13, 6, 21, 5, 15][20, 7, 27, 2, 29][23, 1, 14, 11, 25][0, 19, 17, 18][22, 12, 8, 26][9, 3, 4, 24][10, 16, 28][22, 17, 28][6, 16][10, 27][20, 24][14, 24] 
[13, 6, 21, 5, 15][20, 7, 27, 2, 29][23, 1, 14, 11, 25][22, 12, 8, 26][0, 19, 17, 18][9, 3, 4, 24][22, 17, 28][10, 16, 28][6, 16][10, 27][20, 24][14, 24] 
[13, 6, 21, 5, 15][20, 7, 27, 2, 29][23, 1, 14, 11, 25][22, 12, 8, 26][0, 19, 17, 18][9, 3, 4, 24][10, 6, 16][22, 17, 28][10, 27][16, 28][20, 24][1, 3] 
[13, 6, 21, 5, 15][20, 7, 27, 2, 29][23, 1, 14, 11, 25][0, 19, 17, 18][22, 12, 8, 26][9, 3, 4, 24][10, 16, 28][22, 17, 28][6, 16][10, 27][20, 24][14, 24] 
[13, 6, 21, 5, 15][20, 7, 27, 2, 29][23, 1, 14, 11, 25][22, 12, 8, 26][0, 19, 17, 18][9, 3, 4, 24][10, 16, 28][22, 17, 28][6, 16][10, 27][20, 24][14, 24] 
[13, 6, 21, 5, 15][20, 7, 27, 2, 29][23, 1, 14, 11, 25][22, 12, 8, 26][0, 19, 17, 18][9, 3, 4, 24][22, 17, 28][10, 16, 28][6, 16][10, 27][20, 24][14, 24] 
[5, 21, 15, 2, 7, 27, 10, 6, 16, 28, 17, 22, 12, 8, 26][7, 20, 4, 24, 1, 14, 9, 23, 3, 11, 25][0, 19, 17, 18][6, 16][27, 29][6, 13][16, 28][17, 28][16, 28][12, 22][10, 27][8, 12] 
[2, 7, 27, 10, 6, 16, 28, 17, 22, 12, 8, 26][3, 23, 9, 14, 1, 24, 4, 20, 7][14, 11, 25, 0, 18, 19][13, 6, 21, 5, 15][10, 27][2, 29][16, 28][17, 28][17, 28][6, 16][6, 16][16, 28] 
[2, 7, 27, 10, 6, 16, 28, 17, 22, 12, 8, 26][7, 20, 4, 24, 1, 14, 9, 23, 3, 11, 25][13, 6, 21, 5, 15][0, 19, 17, 18][10, 27][2, 29][7, 20][16, 28][17, 28][16, 28][5, 15][6, 16] 
[2, 7, 27, 10, 6, 16, 28, 17, 22, 12, 8][3, 23, 9, 14, 1, 24, 4, 20, 7][14, 11, 25, 0, 18, 19][13, 6, 21, 5, 15][2, 29][10, 27][16, 28][17, 28][6, 16][17, 28][8, 26][10, 27] 
[7, 27, 10, 6, 16, 28, 17, 22, 12, 8, 26][3, 23, 9, 14, 1, 24, 4, 20, 7][13, 6, 21, 5, 15][14, 11, 25, 0, 18][27, 2, 29][0, 19][10, 27][16, 28][10, 27][6, 16][12, 22][12, 22] 
[20, 4, 24, 1, 14, 9, 23, 3, 11, 25][10, 6, 16, 28, 17, 22, 12, 8, 26][20, 7, 27, 2, 29][13, 6, 21, 5, 15][0, 19, 17, 18][10, 27][16, 28][6, 16][17, 28][12, 22][6, 16][12, 22] 
[2, 7, 27, 10, 6, 16, 28, 17, 22, 12, 8, 26][3, 23, 9, 14, 1, 24, 4, 20, 7][14, 11, 25, 0, 18, 19][26, 8, 12, 22, 17, 28][13, 6, 21, 5, 15][1, 14][27, 29][10, 27][10, 27][5, 15][5, 15][8, 26] 
[2, 7, 27, 10, 6, 16, 28, 17, 22, 12, 8, 26][3, 23, 9, 14, 1, 24, 4, 20, 7][14, 11, 25, 0, 18, 19][13, 6, 21, 5, 15][10, 27][2, 29][16, 28][17, 28][17, 28][6, 16][6, 16][16, 28] 
[7, 27, 10, 6, 16, 28, 17, 22, 12, 8, 26][3, 23, 9, 14, 1, 24, 4, 20, 7][13, 6, 21, 5, 15][14, 11, 25, 0, 18][27, 2, 29][0, 19][10, 27][16, 28][10, 27][6, 16][12, 22][12, 22] 
[2, 7, 27, 10, 6, 16, 28, 17, 22, 12, 8, 26][7, 20, 4, 24, 1, 14, 9, 23, 3, 11, 25][16, 28, 17, 22, 12, 8, 26][13, 6, 21, 5, 15][0, 19, 17, 18][4, 20, 7][27, 29][8, 26][12, 22][8, 26][5, 15][8, 12] 
[2, 7, 27, 10, 6, 16, 28, 17, 22, 12, 8, 26][7, 20, 4, 24, 1, 14, 9, 23, 3, 11, 25][13, 6, 21, 5, 15][0, 19, 17, 18][27, 29][17, 28][16, 28][1, 14][10, 27][10, 27][10, 27][17, 28] 
[2, 7, 27, 10, 6, 16, 28, 17, 22, 12, 8, 26][7, 20, 4, 24, 1, 14, 9, 23, 3, 11, 25][13, 6, 21, 5, 15][0, 19, 17, 18][16, 28][27, 29][16, 28][10, 27][10, 27][16, 28][17, 28][10, 27] 
[2, 7, 27, 10, 6, 16, 28, 17, 22, 12, 8][3, 23, 9, 14, 1, 24, 4, 20, 7][14, 11, 25, 0, 18, 19][13, 6, 21, 5, 15][2, 29][10, 27][16, 28][17, 28][6, 16][17, 28][8, 26][10, 27] 
[2, 7, 27, 10, 6, 16, 28, 17, 22, 12, 8, 26][3, 23, 9, 14, 1, 24, 4, 20, 7][14, 11, 25, 0, 18, 19][26, 8, 12, 22, 17, 28][13, 6, 21, 5, 15][1, 14][27, 29][10, 27][10, 27][5, 15][5, 15][8, 26] 
[2, 7, 27, 10, 6, 16, 28, 17, 22, 12, 8, 26][7, 20, 4, 24, 1, 14, 9, 23, 3, 11, 25][13, 6, 21, 5, 15][0, 19, 17, 18][27, 29][10, 27][16, 28][10, 27][16, 28][1, 14][16, 28][6, 16] 
[2, 7, 27, 10, 6, 16, 28, 17, 22, 12, 8, 26][7, 20, 4, 24, 1, 14, 9, 23, 3, 11, 25][13, 6, 21, 5, 15][0, 19, 17, 18][27, 29][16, 28][16, 28][1, 14][16, 28][16, 28][1, 14][1, 14] 
[5, 21, 15, 2, 7, 27, 10, 6, 16, 28, 17, 22, 12, 8, 26][7, 20, 4, 24, 1, 14, 9, 23, 3, 11, 25][0, 19, 17, 18][6, 16][27, 29][6, 13][16, 28][17, 28][16, 28][12, 22][10, 27][8, 12] 
[7, 27, 10, 6, 16, 28, 17, 22, 12, 8, 26][7, 20, 4, 24, 1, 14, 9, 23, 3, 11, 25][13, 6, 21, 5, 15][19, 18, 0, 25][16, 28][17, 28][27, 29][2, 7][4, 20][17, 28][16, 28][10, 27] 
[5, 21, 15, 2, 7, 27, 10, 6, 16, 28, 17, 22, 12, 8, 26][7, 20, 4, 24, 1, 14, 9, 23, 3, 11, 25][7, 20, 4, 24, 1, 14][0, 19, 17, 18][16, 28][0, 19][6, 13][27, 29][10, 27][1, 14][16, 28][1, 14] 
[2, 7, 27, 10, 6, 16, 28, 17, 22, 12, 8, 26][7, 20, 4, 24, 1, 14, 9, 23, 3, 11, 25][13, 6, 21, 5, 15][0, 19, 17, 18][27, 29][16, 28][16, 28][1, 14][16, 28][16, 28][1, 14][1, 14] 
[2, 7, 27, 10, 6, 16, 28, 17, 22, 12, 8, 26][7, 20, 4, 24, 1, 14, 9, 23, 3, 11, 25][14, 11, 25, 0, 18, 19][26, 8, 12, 22, 17, 28][13, 6, 21, 5, 15][22, 12, 8, 26][10, 27][27, 29][6, 16][10, 27][8, 26][6, 16] 
[20, 7, 27, 2, 29][13, 6, 21, 5, 15][23, 1, 14, 11, 25][0, 19, 17, 18][22, 12, 8, 26][9, 3, 4, 24][10, 16, 28][22, 17, 28][10, 27][4, 7][6, 16][14, 24] 
[20, 7, 27, 2, 29][23, 1, 14, 11, 25][13, 6, 21, 5, 15][9, 3, 4, 24][22, 12, 8, 26][0, 19, 17, 18][10, 16, 28][22, 17, 28][4, 7][10, 27][14, 24][6, 16] 
[20, 7, 27, 2, 29][23, 1, 14, 11, 25][13, 6, 21, 5, 15][9, 3, 4, 24][0, 19, 17, 18][22, 12, 8, 26][10, 16, 28][22, 17, 28][4, 7][10, 27][14, 24][6, 16] 
[13, 6, 21, 5, 15][20, 7, 27, 2, 29][23, 1, 14, 11, 25][22, 12, 8, 26][0, 19, 17, 18][9, 3, 4, 24][10, 16, 28][22, 17, 28][6, 16][10, 27][4, 7][14, 24] 
[13, 6, 21, 5, 15][20, 7, 27, 2, 29][23, 1, 14, 11, 25][0, 19, 17, 18][22, 12, 8, 26][9, 3, 4, 24][22, 17, 28][10, 16, 28][6, 16][10, 27][4, 7][14, 24] 
[13, 6, 21, 5, 15][20, 7, 27, 2, 29][23, 1, 14, 11, 25][22, 12, 8, 26][0, 19, 17, 18][9, 3, 4, 24][10, 16, 28][22, 17, 28][6, 16][10, 27][4, 7][14, 24] 
[13, 6, 21, 5, 15][20, 7, 27, 2, 29][23, 1, 14, 11, 25][22, 12, 8, 26][0, 19, 17, 18][9, 3, 4, 24][10, 16, 28][22, 17, 28][6, 16][10, 27][4, 7][14, 24] 
[20, 7, 27, 2, 29][23, 1, 14, 11, 25][13, 6, 21, 5, 15][9, 3, 4, 24][0, 19, 17, 18][22, 12, 8, 26][10, 16, 28][22, 17, 28][4, 7][14, 24][10, 27][6, 16] 
[23, 1, 14, 11, 25][20, 7, 27, 2, 29][13, 6, 21, 5, 15][9, 3, 4, 24][22, 12, 8, 26][0, 19, 17, 18][10, 16, 28][22, 17, 28][14, 24][4, 7][10, 27][6, 16] 
[20, 7, 27, 2, 29][13, 6, 21, 5, 15][23, 1, 14, 11, 25][22, 12, 8, 26][0, 19, 17, 18][9, 3, 4, 24][10, 16, 28][22, 17, 28][10, 27][4, 7][6, 16][14, 24] 
[23, 1, 14, 11, 25][20, 7, 27, 2, 29][13, 6, 21, 5, 15][9, 3, 4, 24][22, 12, 8, 26][0, 19, 17, 18][10, 16, 28][22, 17, 28][14, 24][4, 7][10, 27][6, 16] 
[20, 7, 27, 2, 29][23, 1, 14, 11, 25][13, 6, 21, 5, 15][9, 3, 4, 24][0, 19, 17, 18][22, 12, 8, 26][10, 16, 28][22, 17, 28][4, 7][10, 27][14, 24][6, 16] 
[13, 6, 21, 5, 15][20, 7, 27, 2, 29][23, 1, 14, 11, 25][22, 12, 8, 26][0, 19, 17, 18][9, 3, 4, 24][22, 17, 28][10, 16, 28][6, 16][10, 27][4, 7][14, 24] 
[13, 6, 21, 5, 15][20, 7, 27, 2, 29][23, 1, 14, 11, 25][0, 19, 17, 18][22, 12, 8, 26][9, 3, 4, 24][22, 17, 28][10, 16, 28][6, 16][10, 27][4, 7][14, 24] 
[20, 7, 27, 2, 29][13, 6, 21, 5, 15][23, 1, 14, 11, 25][22, 12, 8, 26][0, 19, 17, 18][9, 3, 4, 24][10, 16, 28][22, 17, 28][10, 27][4, 7][6, 16][14, 24] 
[13, 6, 21, 5, 15][20, 7, 27, 2, 29][23, 1, 14, 11, 25][0, 19, 17, 18][22, 12, 8, 26][9, 3, 4, 24][22, 17, 28][10, 16, 28][6, 16][10, 27][20, 24][14, 24] 
[13, 6, 21, 5, 15][20, 7, 27, 2, 29][23, 1, 14, 11, 25][0, 19, 17, 18][22, 12, 8, 26][9, 3, 4, 24][22, 17, 28][10, 16, 28][6, 16][10, 27][20, 24][14, 24] 
[20, 7, 27, 2, 29][13, 6, 21, 5, 15][23, 1, 14, 11, 25][22, 12, 8, 26][0, 19, 17, 18][9, 3, 4, 24][10, 16, 28][22, 17, 28][10, 27][6, 16][20, 24][14, 24] 
[13, 6, 21, 5, 15][20, 7, 27, 2, 29][23, 1, 14, 11, 25][0, 19, 17, 18][22, 12, 8, 26][9, 3, 4, 24][10, 16, 28][22, 17, 28][6, 16][10, 27][20, 24][14, 24] 
[13, 6, 21, 5, 15][20, 7, 27, 2, 29][23, 1, 14, 11, 25][0, 19, 17, 18][22, 12, 8, 26][9, 3, 4, 24][10, 16, 28][22, 17, 28][6, 16][10, 27][20, 24][14, 24] 
[14, 11, 25, 0, 18, 19][20, 7, 27, 2, 29][17, 22, 12, 8, 26][13, 6, 21, 5, 15][9, 3, 4, 24][3, 1, 23][10, 16, 28][14, 24][4, 7][10, 27][17, 28][6, 16] 
[20, 7, 27, 2, 29][23, 1, 14, 11, 25][13, 6, 21, 5, 15][9, 3, 4, 24][22, 12, 8, 26][0, 19, 17, 18][10, 16, 28][22, 17, 28][4, 7][10, 27][14, 24][6, 16] 
[13, 6, 21, 5, 15][20, 7, 27, 2, 29][23, 1, 14, 11, 25][0, 19, 17, 18][22, 12, 8, 26][9, 3, 4, 24][10, 16, 28][22, 17, 28][6, 16][10, 27][4, 7][14, 24] 
[23, 1, 14, 11, 25][20, 7, 27, 2, 29][13, 6, 21, 5, 15][9, 3, 4, 24][0, 19, 17, 18][22, 12, 8, 26][10, 16, 28][22, 17, 28][14, 24][4, 7][10, 27][6, 16] 
[13, 6, 21, 5, 15][20, 7, 27, 2, 29][23, 1, 14, 11, 25][22, 12, 8, 26][0, 19, 17, 18][9, 3, 4, 24][22, 17, 28][10, 16, 28][6, 16][10, 27][4, 7][14, 24] 
[23, 1, 14, 11, 25][20, 7, 27, 2, 29][13, 6, 21, 5, 15][9, 3, 4, 24][22, 12, 8, 26][0, 19, 17, 18][10, 16, 28][22, 17, 28][14, 24][4, 7][10, 27][6, 16] 
[20, 7, 27, 2, 29][13, 6, 21, 5, 15][23, 1, 14, 11, 25][22, 12, 8, 26][0, 19, 17, 18][9, 3, 4, 24][10, 16, 28][22, 17, 28][10, 27][6, 16][20, 24][14, 24] 
[13, 6, 21, 5, 15][20, 7, 27, 2, 29][23, 1, 14, 11, 25][22, 12, 8, 26][0, 19, 17, 18][9, 3, 4, 24][10, 16, 28][22, 17, 28][6, 16][10, 27][4, 7][14, 24] 
[20, 7, 27, 2, 29][13, 6, 21, 5, 15][23, 1, 14, 11, 25][22, 12, 8, 26][0, 19, 17, 18][9, 3, 4, 24][10, 16, 28][22, 17, 28][10, 27][6, 16][20, 24][14, 24] 
[23, 1, 14, 11, 25][20, 7, 27, 2, 29][13, 6, 21, 5, 15][9, 3, 4, 24][22, 12, 8, 26][0, 19, 17, 18][10, 16, 28][22, 17, 28][14, 24][20, 24][10, 27][6, 16] 
[23, 1, 14, 11, 25][20, 7, 27, 2, 29][13, 6, 21, 5, 15][9, 3, 4, 24][22, 12, 8, 26][0, 19, 17, 18][10, 16, 28][22, 17, 28][14, 24][20, 24][10, 27][6, 16] 
[20, 7, 27, 2, 29][13, 6, 21, 5, 15][23, 1, 14, 11, 25][22, 12, 8, 26][0, 19, 17, 18][9, 3, 4, 24][10, 16, 28][22, 17, 28][10, 27][6, 16][20, 24][14, 24] 
[20, 7, 27, 2, 29][23, 1, 14, 11, 25][13, 6, 21, 5, 15][9, 3, 4, 24][0, 19, 17, 18][22, 12, 8, 26][10, 16, 28][22, 17, 28][20, 24][10, 27][14, 24][6, 16] 
[20, 7, 27, 2, 29][23, 1, 14, 11, 25][13, 6, 21, 5, 15][22, 12, 8, 26][0, 19, 17, 18][9, 3, 4, 24][10, 16, 28][22, 17, 28][10, 27][20, 24][14, 24][6, 16] 
[13, 6, 21, 5, 15][20, 7, 27, 2, 29][23, 1, 14, 11, 25][22, 12, 8, 26][0, 19, 17, 18][9, 3, 4, 24][10, 16, 28][22, 17, 28][6, 16][10, 27][20, 24][14, 24] 
[23, 1, 14, 11, 25][20, 7, 27, 2, 29][13, 6, 21, 5, 15][9, 3, 4, 24][0, 19, 17, 18][22, 12, 8, 26][10, 16, 28][22, 17, 28][14, 24][20, 24][10, 27][6, 16] 
[20, 7, 27, 2, 29][13, 6, 21, 5, 15][23, 1, 14, 11, 25][22, 12, 8, 26][0, 19, 17, 18][9, 3, 4, 24][10, 16, 28][22, 17, 28][10, 27][20, 24][6, 16][14, 24] 
[13, 6, 21, 5, 15][20, 7, 27, 2, 29][23, 1, 14, 11, 25][22, 12, 8, 26][0, 19, 17, 18][9, 3, 4, 24][22, 17, 28][10, 16, 28][6, 16][10, 27][20, 24][14, 24] 
[23, 1, 14, 11, 25][20, 7, 27, 2, 29][13, 6, 21, 5, 15][9, 3, 4, 24][0, 19, 17, 18][22, 12, 8, 26][10, 16, 28][22, 17, 28][14, 24][20, 24][10, 27][6, 16] 
[23, 1, 14, 11, 25][20, 7, 27, 2, 29][13, 6, 21, 5, 15][9, 3, 4, 24][0, 19, 17, 18][22, 12, 8, 26][10, 16, 28][22, 17, 28][14, 24][20, 24][10, 27][6, 16] 
[20, 7, 27, 2, 29][23, 1, 14, 11, 25][13, 6, 21, 5, 15][22, 12, 8, 26][0, 19, 17, 18][9, 3, 4, 24][10, 16, 28][22, 17, 28][10, 27][20, 24][14, 24][6, 16] 
[23, 1, 14, 11, 25][20, 7, 27, 2, 29][13, 6, 21, 5, 15][9, 3, 4, 24][22, 12, 8, 26][0, 19, 17, 18][10, 16, 28][22, 17, 28][14, 24][20, 24][10, 27][6, 16] 
[23, 1, 14, 11, 25][20, 7, 27, 2, 29][13, 6, 21, 5, 15][9, 3, 4, 24][22, 12, 8, 26][0, 19, 17, 18][10, 16, 28][22, 17, 28][14, 24][20, 24][10, 27][6, 16] 
[26, 8, 12, 22, 17, 28][14, 11, 25, 0, 18, 19][13, 6, 21, 5, 15][20, 7, 27, 2, 29][9, 3, 4, 24][10, 6, 16][3, 1, 23][16, 28][10, 27][20, 24][14, 24][11, 25] 
[14, 11, 25, 0, 18, 19][26, 8, 12, 22, 17, 28][20, 7, 27, 2, 29][13, 6, 21, 5, 15][9, 3, 4, 24][3, 1, 23][10, 6, 16][11, 25][14, 24][20, 24][10, 27][16, 28] 
[26, 8, 12, 22, 17, 28][14, 11, 25, 0, 18, 19][13, 6, 21, 5, 15][20, 7, 27, 2, 29][9, 3, 4, 24][10, 6, 16][3, 1, 23][10, 27][16, 28][20, 24][14, 24][11, 25] 
[26, 8, 12, 22, 17, 28][14, 11, 25, 0, 18, 19][13, 6, 21, 5, 15][20, 7, 27, 2, 29][9, 3, 4, 24][10, 6, 16][3, 1, 23][16, 28][10, 27][20, 24][14, 24][11, 25] 
[26, 8, 12, 22, 17, 28][14, 11, 25, 0, 18, 19][13, 6, 21, 5, 15][20, 7, 27, 2, 29][9, 3, 4, 24][10, 6, 16][3, 1, 23][10, 27][16, 28][20, 24][14, 24][11, 25] 
[26, 8, 12, 22, 17, 28][14, 11, 25, 0, 18, 19][20, 7, 27, 2, 29][13, 6, 21, 5, 15][9, 3, 4, 24][10, 16, 28][3, 1, 23][10, 27][6, 16][20, 24][14, 24][11, 25] 
[23, 1, 14, 11, 25][20, 7, 27, 2, 29][13, 6, 21, 5, 15][9, 3, 4, 24][22, 12, 8, 26][0, 19, 17, 18][10, 16, 28][22, 17, 28][14, 24][4, 7][10, 27][6, 16] 
[20, 7, 27, 2, 29][23, 1, 14, 11, 25][13, 6, 21, 5, 15][9, 3, 4, 24][0, 19, 17, 18][22, 12, 8, 26][10, 16, 28][22, 17, 28][4, 7][14, 24][10, 27][6, 16] 
[20, 7, 27, 2, 29][13, 6, 21, 5, 15][23, 1, 14, 11, 25][9, 3, 4, 24][22, 12, 8, 26][0, 19, 17, 18][10, 16, 28][22, 17, 28][4, 7][10, 27][6, 16][14, 24] 
[20, 7, 27, 2, 29][23, 1, 14, 11, 25][13, 6, 21, 5, 15][9, 3, 4, 24][22, 12, 8, 26][0, 19, 17, 18][10, 16, 28][22, 17, 28][4, 7][14, 24][10, 27][6, 16] 
[20, 7, 27, 2, 29][23, 1, 14, 11, 25][13, 6, 21, 5, 15][9, 3, 4, 24][0, 19, 17, 18][22, 12, 8, 26][10, 16, 28][22, 17, 28][4, 7][10, 27][14, 24][6, 16] 
[23, 1, 14, 11, 25][20, 7, 27, 2, 29][13, 6, 21, 5, 15][0, 19, 17, 18][22, 12, 8, 26][9, 3, 4, 24][10, 16, 28][22, 17, 28][14, 24][20, 24][10, 27][6, 16] 
[20, 7, 27, 2, 29][23, 1, 14, 11, 25][13, 6, 21, 5, 15][9, 3, 4, 24][0, 19, 17, 18][22, 12, 8, 26][10, 16, 28][22, 17, 28][4, 7][10, 27][14, 24][6, 16] 
