[8, 26, 0, 22, 17, 12, 19][27, 7, 25, 28][27, 15, 10, 29][2, 6, 13, 18][9, 3, 1, 23][4, 20, 14, 11][16, 7, 24][5, 21, 15][23, 1, 24][6, 10][0, 18][9, 14] 
[8, 26, 0, 22, 17, 12, 19][9, 3, 1, 23][4, 24, 7, 16][27, 7, 25, 28][27, 15, 10, 29][2, 6, 13, 18][5, 21, 15][11, 14, 20][9, 14][4, 20][6, 10][0, 18] 
[8, 26, 0, 22, 17, 12, 19][9, 3, 1, 23][4, 24, 7, 16][27, 7, 25, 28][27, 15, 10, 29][2, 6, 13, 18][11, 14, 20][5, 21, 15][9, 14][4, 20][6, 10][0, 18] 
[8, 26, 0, 22, 17, 12, 19][4, 24, 7, 16][27, 7, 25, 28][27, 15, 10, 29][4, 20, 14, 11][2, 6, 13, 18][1, 3, 23][5, 21, 15][3, 9][1, 24][6, 10][0, 18] 
[8, 26, 0, 22, 17, 12, 19][27, 15, 10, 29][27, 7, 25, 28][2, 6, 13, 18][9, 3, 1, 23][4, 20, 14, 11][5, 21, 15][16, 7, 24][6, 10][1, 24][0, 18][9, 14] 
[8, 26, 0, 22, 17, 12, 19][2, 6, 13, 18][27, 15, 10, 29][27, 7, 25, 28][4, 20, 14, 11][9, 3, 1, 23][16, 7, 24][5, 21, 15][0, 18][6, 10][4, 24][9, 14] 
[8, 26, 0, 22, 17, 12, 19][27, 7, 25, 28][4, 24, 7, 16][27, 15, 10, 29][9, 3, 1, 23][2, 6, 13, 18][5, 21, 15][11, 14, 20][4, 20][9, 14][6, 10][0, 18] 
[8, 26, 0, 22, 17, 12, 19][27, 15, 10, 29][2, 6, 13, 18][27, 7, 25, 28][9, 3, 1, 23][4, 20, 14, 11][5, 21, 15][16, 7, 24][6, 10][0, 18][1, 24][9, 14] 
[8, 26, 0, 22, 17, 12, 19][27, 15, 10, 29][27, 7, 25, 28][2, 6, 13, 18][4, 20, 14, 11][9, 3, 1, 23][5, 21, 15][16, 7, 24][6, 10][0, 18][4, 24][9, 14] 
[8, 26, 0, 22, 17, 12, 19][9, 3, 1, 23][4, 20, 14, 11][27, 7, 25, 28][27, 15, 10, 29][2, 6, 13, 18][16, 7, 24][5, 21, 15][9, 14][1, 24][6, 10][0, 18] 
[8, 26, 0, 22, 17, 12, 19][4, 20, 14, 11][9, 3, 1, 23][27, 7, 25, 28][27, 15, 10, 29][2, 6, 13, 18][23, 1, 24][16, 7, 24][5, 21, 15][9, 14][6, 10][0, 18] 
[8, 26, 0, 22, 17, 12, 19][27, 15, 10, 29][27, 7, 25, 28][4, 24, 7, 16][2, 6, 13, 18][9, 3, 1, 23][5, 21, 15][11, 14, 20][6, 10][4, 20][0, 18][9, 14] 
[8, 26, 0, 22, 17, 12, 19][2, 6, 13, 18][27, 15, 10, 29][27, 7, 25, 28][4, 24, 7, 16][9, 3, 1, 23][5, 21, 15][11, 14, 20][0, 18][6, 10][4, 20][9, 14] 
[8, 26, 0, 22, 17, 12, 19][9, 3, 1, 23][4, 20, 14, 11][27, 7, 25, 28][27, 15, 10, 29][2, 6, 13, 18][16, 7, 24][5, 21, 15][9, 14][1, 24][6, 10][0, 18] 
[8, 26, 0, 22, 17, 12, 19][27, 7, 25, 28][27, 15, 10, 29][4, 20, 14, 11][2, 6, 13, 18][9, 3, 1, 23][5, 21, 15][16, 7, 24][4, 24][6, 10][9, 14][0, 18] 
[8, 26, 0, 22, 17, 12, 19][27, 7, 25, 28][27, 15, 10, 29][9, 3, 1, 23][2, 6, 13, 18][4, 20, 14, 11][16, 7, 24][5, 21, 15][1, 24][6, 10][0, 18][9, 14] 
[8, 26, 0, 22, 17, 12, 19][9, 3, 1, 23][4, 20, 14, 11][27, 7, 25, 28][27, 15, 10, 29][2, 6, 13, 18][23, 1, 24][16, 7, 24][5, 21, 15][9, 14][6, 10][0, 18] 
[8, 26, 0, 22, 17, 12, 19][4, 24, 7, 16][27, 7, 25, 28][27, 15, 10, 29][2, 6, 13, 18][9, 3, 1, 23][11, 14, 20][5, 21, 15][4, 20][6, 10][9, 14][0, 18] 
[8, 26, 0, 22, 17, 12, 19][2, 6, 13, 18][27, 15, 10, 29][27, 7, 25, 28][9, 3, 1, 23][4, 20, 14, 11][5, 21, 15][16, 7, 24][6, 10][1, 24][9, 14][0, 18] 
[8, 26, 0, 22, 17, 12, 19][2, 6, 13, 18][27, 15, 10, 29][27, 7, 25, 28][9, 3, 1, 23][4, 20, 14, 11][5, 21, 15][16, 7, 24][23, 1, 24][0, 18][6, 10][9, 14] 
[8, 26, 0, 22, 17, 12, 19][9, 3, 1, 23][4, 20, 14, 11][27, 7, 25, 28][27, 15, 10, 29][2, 6, 13, 18][23, 1, 24][16, 7, 24][5, 21, 15][9, 14][6, 10][0, 18] 
[8, 26, 0, 22, 17, 12, 19][27, 7, 25, 28][4, 24, 7, 16][27, 15, 10, 29][9, 3, 1, 23][2, 6, 13, 18][5, 21, 15][11, 14, 20][4, 20][9, 14][6, 10][0, 18] 
[8, 26, 0, 22, 17, 12, 19][4, 24, 7, 16][27, 7, 25, 28][27, 15, 10, 29][9, 3, 1, 23][2, 6, 13, 18][5, 21, 15][11, 14, 20][4, 20][9, 14][6, 10][0, 18] 
[8, 26, 0, 22, 17, 12, 19][9, 3, 1, 23][4, 20, 14, 11][27, 7, 25, 28][27, 15, 10, 29][2, 6, 13, 18][16, 7, 24][5, 21, 15][9, 14][1, 24][6, 10][0, 18] 
[8, 26, 0, 22, 17, 12, 19][27, 15, 10, 29][27, 7, 25, 28][2, 6, 13, 18][4, 20, 14, 11][9, 3, 1, 23][16, 7, 24][5, 21, 15][6, 10][4, 24][0, 18][9, 14] 
[8, 26, 0, 22, 17, 12, 19][27, 15, 10, 29][27, 7, 25, 28][9, 3, 1, 23][2, 6, 13, 18][4, 20, 14, 11][5, 21, 15][16, 7, 24][1, 24][6, 10][9, 14][0, 18] 
[8, 26, 0, 22, 17, 12, 19][27, 7, 25, 28][27, 15, 10, 29][9, 3, 1, 23][4, 20, 14, 11][2, 6, 13, 18][5, 21, 15][16, 7, 24][23, 1, 24][9, 14][6, 10][0, 18] 
[8, 26, 0, 22, 17, 12, 19][27, 15, 10, 29][27, 7, 25, 28][4, 24, 7, 16][2, 6, 13, 18][9, 3, 1, 23][5, 21, 15][11, 14, 20][4, 20][6, 10][0, 18][9, 14] 
[8, 26, 0, 22, 17, 12, 19][27, 7, 25, 28][27, 15, 10, 29][2, 6, 13, 18][9, 3, 1, 23][4, 20, 14, 11][16, 7, 24][5, 21, 15][6, 10][0, 18][1, 24][9, 14] 
[8, 26, 0, 22, 17, 12, 19][9, 3, 1, 23][4, 20, 14, 11][27, 7, 25, 28][27, 15, 10, 29][2, 6, 13, 18][23, 1, 24][16, 7, 24][5, 21, 15][9, 14][6, 10][0, 18] 
[8, 26, 0, 22, 17, 12, 19][27, 7, 25, 28][27, 15, 10, 29][9, 3, 1, 23][4, 20, 14, 11][2, 6, 13, 18][5, 21, 15][16, 7, 24][23, 1, 24][9, 14][6, 10][0, 18] 
[8, 26, 0, 22, 17, 12, 19][9, 3, 1, 23][4, 24, 7, 16][27, 7, 25, 28][27, 15, 10, 29][2, 6, 13, 18][5, 21, 15][11, 14, 20][9, 14][4, 20][6, 10][0, 18] 
[8, 26, 0, 22, 17, 12, 19][9, 3, 1, 23][4, 20, 14, 11][27, 7, 25, 28][27, 15, 10, 29][2, 6, 13, 18][16, 7, 24][5, 21, 15][9, 14][1, 24][6, 10][0, 18] 
[8, 26, 0, 22, 17, 12, 19][27, 15, 10, 29][27, 7, 25, 28][2, 6, 13, 18][9, 3, 1, 23][4, 20, 14, 11][5, 21, 15][16, 7, 24][23, 1, 24][6, 10][0, 18][9, 14] 
[8, 26, 0, 22, 17, 12, 19][27, 15, 10, 29][27, 7, 25, 28][2, 6, 13, 18][9, 3, 1, 23][4, 20, 14, 11][16, 7, 24][23, 1, 24][5, 21, 15][6, 10][9, 14][0, 18] 
[6, 13, 18, 19, 12, 17, 22, 25, 0, 26, 8][11, 14, 20, 4, 3, 1, 9, 23, 24, 7, 16][5, 6, 21, 2, 29, 10, 15, 27, 7][10, 15, 27][25, 28][15, 27][15, 27][14, 20][15, 27][14, 20][1, 3][1, 3] 
[6, 13, 18, 19, 12, 17, 22, 25, 0, 26, 8][11, 14, 20, 4, 3, 1, 9, 23, 24, 7, 16][5, 6, 21, 2, 29, 10, 15, 27, 7][16, 7, 24][14, 20][25, 28][1, 3][6, 13][15, 27][15, 27][6, 13][15, 27] 
[11, 14, 20, 4, 3, 1, 9, 23, 24, 7, 16][6, 13, 18, 19, 12, 17, 22, 25, 0, 26, 8][5, 6, 21, 2, 29, 10, 15, 27, 7][14, 20][25, 28][15, 27][15, 27][1, 3][15, 27][1, 3][23, 24][1, 3] 
[11, 14, 20, 4, 3, 1, 9, 23, 24, 7, 16][8, 26, 0, 25, 22, 17, 12, 19, 18, 13][5, 6, 21, 2, 29, 10, 15, 27, 7][16, 7, 24, 23, 9, 1, 3, 4, 20][27, 7, 25, 28][7, 27, 15][14, 20][7, 16][7, 16][23, 24][25, 28][7, 16] 
[11, 14, 20, 4, 3, 1, 9, 23, 24, 7, 16][8, 26, 0, 25, 22, 17, 12, 19, 18, 13][5, 6, 21, 2, 29, 10, 15, 27, 7][15, 27][25, 28][6, 13][4, 20][4, 20][4, 20][14, 20][15, 27][12, 19] 
[6, 13, 18, 19, 12, 17, 22, 25, 0, 26, 8][11, 14, 20, 4, 3, 1, 9, 23, 24, 7, 16][5, 6, 21, 2, 29, 10, 15, 27][12, 19][25, 28][7, 27][23, 24][12, 19][14, 20][1, 3][0, 18][13, 18] 
[11, 14, 20, 4, 3, 1, 9, 23, 24, 7, 16][6, 13, 18, 19, 12, 17, 22, 25, 0, 26, 8][5, 6, 21, 2, 29, 10, 15, 27, 7][1, 3][6, 13][25, 28][7, 16][6, 13][1, 3][23, 24][7, 16][14, 20] 
[11, 14, 20, 4, 3, 1, 9, 23, 24, 7, 16][6, 13, 18, 19, 12, 17, 22, 25, 0, 26, 8][5, 6, 21, 2, 29, 10, 15, 27, 7][1, 3][6, 13][25, 28][7, 16][6, 13][1, 3][23, 24][7, 16][14, 20] 
[11, 14, 20, 4, 3, 1, 9, 23, 24, 7, 16][8, 26, 0, 25, 22, 17, 12, 19, 18, 13][5, 6, 21, 2, 29, 10, 15, 27, 7][1, 3][6, 13][25, 28][15, 27][23, 24][14, 20][14, 20][23, 24][15, 27] 
[11, 14, 20, 4, 3, 1, 9, 23, 24, 7, 16][6, 13, 18, 19, 12, 17, 22, 25, 0, 26, 8][5, 6, 21, 2, 29, 10, 15, 27, 7][7, 27, 15, 10][15, 27][25, 28][14, 20][12, 19][6, 13][15, 27][1, 3][12, 19] 
[6, 13, 18, 19, 12, 17, 22, 25, 0, 26, 8][11, 14, 20, 4, 3, 1, 9, 23, 24, 7, 16][5, 6, 21, 2, 29, 10, 15, 27, 7][10, 15, 27][25, 28][15, 27][15, 27][14, 20][15, 27][14, 20][1, 3][1, 3] 
[6, 13, 18, 19, 12, 17, 22, 25, 0, 26, 8][11, 14, 20, 4, 3, 1, 9, 23, 24, 7, 16][5, 6, 21, 2, 29, 10, 15, 27, 7][16, 7, 24][14, 20][25, 28][1, 3][6, 13][15, 27][15, 27][6, 13][15, 27] 
[6, 13, 18, 19, 12, 17, 22, 25, 0, 26, 8][11, 14, 20, 4, 3, 1, 9, 23, 24, 7, 16][6, 21, 2, 29, 10, 15, 27, 7][25, 28][15, 27][5, 21][15, 27][15, 27][12, 19][1, 3][15, 27][15, 27] 
[11, 14, 20, 4, 3, 1, 9, 23, 24, 7, 16][6, 13, 18, 19, 12, 17, 22, 25, 0, 26, 8][5, 6, 21, 2, 29, 10, 15, 27, 7][7, 27, 15, 10][15, 27][25, 28][14, 20][12, 19][6, 13][15, 27][1, 3][12, 19] 
[11, 14, 20, 4, 3, 1, 9, 23, 24, 7, 16][6, 13, 18, 19, 12, 17, 22, 25, 0, 26, 8][5, 6, 21, 2, 29, 10, 15, 27, 7][4, 20][25, 28][14, 20][15, 27][1, 3][15, 27][15, 27][1, 3][12, 19] 
[11, 14, 20, 4, 3, 1, 9, 23, 24, 7, 16][6, 13, 18, 19, 12, 17, 22, 25, 0, 26, 8][5, 6, 21, 2, 29, 10, 15, 27, 7][14, 20][25, 28][14, 20][1, 3][4, 20][15, 27][15, 27][14, 20][15, 27] 
[6, 13, 18, 19, 12, 17, 22, 25, 0, 26, 8][11, 14, 20, 4, 3, 1, 9, 23, 24, 7, 16][5, 6, 21, 2, 29, 10, 15, 27, 7][15, 27][25, 28][1, 3][1, 3][15, 27][1, 3][4, 20][1, 3][15, 27] 
[11, 14, 20, 4, 3, 1, 9, 23, 24, 7, 16][8, 26, 0, 25, 22, 17, 12, 19, 18, 13][5, 6, 21, 2, 29, 10, 15, 27, 7][1, 3][6, 13][25, 28][15, 27][23, 24][14, 20][14, 20][23, 24][15, 27] 
[6, 13, 18, 19, 12, 17, 22, 25, 0, 26, 8][11, 14, 20, 4, 3, 1, 9, 23, 24, 7, 16][5, 6, 21, 2, 29, 10, 15, 27, 7][25, 28][13, 18][15, 27][14, 20][12, 19][15, 27][1, 3][15, 27][23, 24] 
[11, 14, 20, 4, 3, 1, 9, 23, 24, 7, 16][6, 13, 18, 19, 12, 17, 22, 25, 0, 26, 8][5, 6, 21, 2, 29, 10, 15, 27, 7][14, 20][25, 28][14, 20][1, 3][4, 20][15, 27][15, 27][14, 20][15, 27] 
[11, 14, 20, 4, 3, 1, 9, 23, 24, 7, 16][6, 13, 18, 19, 12, 17, 22, 25, 0, 26, 8][5, 6, 21, 2, 29, 10, 15, 27, 7][4, 20][25, 28][14, 20][15, 27][1, 3][15, 27][15, 27][1, 3][12, 19] 
[8, 26, 0, 22, 17, 12, 19][2, 6, 13, 18][27, 15, 10, 29][27, 7, 25, 28][9, 3, 1, 23][4, 20, 14, 11][5, 21, 15][16, 7, 24][0, 18][6, 10][1, 24][9, 14] 
[8, 26, 0, 22, 17, 12, 19][27, 15, 10, 29][27, 7, 25, 28][9, 3, 1, 23][2, 6, 13, 18][4, 20, 14, 11][5, 21, 15][16, 7, 24][1, 24][6, 10][0, 18][9, 14] 
[8, 26, 0, 22, 17, 12, 19][27, 15, 10, 29][27, 7, 25, 28][9, 3, 1, 23][4, 20, 14, 11][2, 6, 13, 18][5, 21, 15][16, 7, 24][1, 24][9, 14][6, 10][0, 18] 
[8, 26, 0, 22, 17, 12, 19][2, 6, 13, 18][27, 15, 10, 29][27, 7, 25, 28][9, 3, 1, 23][4, 20, 14, 11][5, 21, 15][16, 7, 24][0, 18][6, 10][1, 24][9, 14] 
[8, 26, 0, 22, 17, 12, 19][27, 7, 25, 28][27, 15, 10, 29][9, 3, 1, 23][2, 6, 13, 18][4, 20, 14, 11][5, 21, 15][16, 7, 24][1, 24][6, 10][9, 14][0, 18] 
[8, 26, 0, 22, 17, 12, 19][9, 3, 1, 23][4, 20, 14, 11][27, 7, 25, 28][27, 15, 10, 29][2, 6, 13, 18][16, 7, 24][5, 21, 15][9, 14][1, 24][6, 10][0, 18] 
[8, 26, 0, 22, 17, 12, 19][2, 6, 13, 18][27, 15, 10, 29][27, 7, 25, 28][9, 3, 1, 23][4, 20, 14, 11][16, 7, 24][5, 21, 15][6, 10][1, 24][9, 14][0, 18] 
[8, 26, 0, 22, 17, 12, 19][2, 6, 13, 18][27, 15, 10, 29][27, 7, 25, 28][4, 20, 14, 11][9, 3, 1, 23][16, 7, 24][5, 21, 15][6, 10][0, 18][9, 14][1, 24] 
[8, 26, 0, 22, 17, 12, 19][4, 20, 14, 11][9, 3, 1, 23][27, 7, 25, 28][27, 15, 10, 29][2, 6, 13, 18][16, 7, 24][5, 21, 15][9, 14][1, 24][6, 10][0, 18] 
[8, 26, 0, 22, 17, 12, 19][2, 6, 13, 18][27, 15, 10, 29][27, 7, 25, 28][9, 3, 1, 23][4, 20, 14, 11][16, 7, 24][5, 21, 15][0, 18][6, 10][1, 24][9, 14] 
[8, 26, 0, 22, 17, 12, 19][2, 6, 13, 18][27, 15, 10, 29][27, 7, 25, 28][9, 3, 1, 23][4, 20, 14, 11][5, 21, 15][16, 7, 24][0, 18][6, 10][1, 24][9, 14] 
[8, 26, 0, 22, 17, 12, 19][27, 7, 25, 28][27, 15, 10, 29][9, 3, 1, 23][2, 6, 13, 18][4, 20, 14, 11][5, 21, 15][16, 7, 24][1, 24][6, 10][9, 14][0, 18] 
[8, 26, 0, 22, 17, 12, 19][2, 6, 13, 18][27, 15, 10, 29][27, 7, 25, 28][9, 3, 1, 23][4, 20, 14, 11][16, 7, 24][5, 21, 15][6, 10][1, 24][0, 18][9, 14] 
[8, 26, 0, 22, 17, 12, 19][27, 7, 25, 28][27, 15, 10, 29][9, 3, 1, 23][4, 20, 14, 11][2, 6, 13, 18][16, 7, 24][5, 21, 15][1, 24][9, 14][6, 10][0, 18] 
[8, 26, 0, 22, 17, 12, 19][9, 3, 1, 23][27, 7, 25, 28][27, 15, 10, 29][4, 20, 14, 11][2, 6, 13, 18][16, 7, 24][5, 21, 15][1, 24][9, 14][6, 10][0, 18] 
[8, 26, 0, 22, 17, 12, 19][27, 15, 10, 29][27, 7, 25, 28][9, 3, 1, 23][4, 20, 14, 11][2, 6, 13, 18][16, 7, 24][5, 21, 15][23, 1, 24][9, 14][6, 10][0, 18] 
[8, 26, 0, 22, 17, 12, 19][9, 3, 1, 23][4, 20, 14, 11][27, 7, 25, 28][27, 15, 10, 29][2, 6, 13, 18][23, 1, 24][16, 7, 24][5, 21, 15][9, 14][6, 10][0, 18] 
[8, 26, 0, 22, 17, 12, 19][27, 15, 10, 29][27, 7, 25, 28][2, 6, 13, 18][9, 3, 1, 23][4, 20, 14, 11][16, 7, 24][23, 1, 24][5, 21, 15][6, 10][0, 18][9, 14] 
[8, 26, 0, 22, 17, 12, 19][2, 6, 13, 18][27, 15, 10, 29][27, 7, 25, 28][9, 3, 1, 23][4, 20, 14, 11][16, 7, 24][23, 1, 24][5, 21, 15][0, 18][6, 10][9, 14] 
[8, 26, 0, 22, 17, 12, 19][27, 15, 10, 29][27, 7, 25, 28][9, 3, 1, 23][4, 20, 14, 11][2, 6, 13, 18][16, 7, 24][5, 21, 15][23, 1, 24][9, 14][6, 10][0, 18] 
[8, 26, 0, 22, 17, 12, 19][9, 23, 1, 3, 11][27, 7, 25, 28][27, 15, 10, 29][2, 6, 13, 18][16, 7, 24][5, 21, 15][4, 20, 14][6, 10][4, 24][9, 14][0, 18] 
[8, 26, 0, 22, 17, 12, 19][27, 15, 10, 29][27, 7, 25, 28][9, 3, 1, 23][2, 6, 13, 18][4, 20, 14, 11][16, 7, 24][5, 21, 15][1, 24][6, 10][9, 14][0, 18] 
[8, 26, 0, 22, 17, 12, 19][27, 15, 10, 29][27, 7, 25, 28][2, 6, 13, 18][9, 3, 1, 23][4, 20, 14, 11][5, 21, 15][16, 7, 24][6, 10][1, 24][9, 14][0, 18] 
[8, 26, 0, 22, 17, 12, 19][27, 7, 25, 28][27, 15, 10, 29][9, 3, 1, 23][2, 6, 13, 18][4, 20, 14, 11][16, 7, 24][5, 21, 15][1, 24][6, 10][0, 18][9, 14] 
[8, 26, 0, 22, 17, 12, 19][27, 15, 10, 29][27, 7, 25, 28][9, 3, 1, 23][2, 6, 13, 18][4, 20, 14, 11][16, 7, 24][5, 21, 15][1, 24][6, 10][9, 14][0, 18] 
[8, 26, 0, 22, 17, 12, 19][2, 6, 13, 18][27, 15, 10, 29][27, 7, 25, 28][9, 3, 1, 23][4, 20, 14, 11][5, 21, 15][16, 7, 24][0, 18][6, 10][1, 24][9, 14] 
[8, 26, 0, 22, 17, 12, 19][27, 7, 25, 28][27, 15, 10, 29][2, 6, 13, 18][9, 3, 1, 23][4, 20, 14, 11][16, 7, 24][5, 21, 15][6, 10][1, 24][0, 18][9, 14] 
[8, 26, 0, 22, 17, 12, 19][2, 6, 13, 18][27, 15, 10, 29][27, 7, 25, 28][9, 3, 1, 23][4, 20, 14, 11][16, 7, 24][5, 21, 15][6, 10][1, 24][0, 18][9, 14] 
[8, 26, 0, 22, 17, 12, 19][27, 15, 10, 29][27, 7, 25, 28][2, 6, 13, 18][9, 3, 1, 23][4, 20, 14, 11][16, 7, 24][5, 21, 15][23, 1, 24][6, 10][9, 14][0, 18] 
[8, 26, 0, 22, 17, 12, 19][27, 7, 25, 28][27, 15, 10, 29][2, 6, 13, 18][9, 3, 1, 23][4, 20, 14, 11][5, 21, 15][16, 7, 24][23, 1, 24][6, 10][0, 18][9, 14] 
[8, 26, 0, 22, 17, 12, 19][27, 7, 25, 28][27, 15, 10, 29][2, 6, 13, 18][9, 3, 1, 23][4, 20, 14, 11][5, 21, 15][16, 7, 24][23, 1, 24][6, 10][0, 18][9, 14] 
[8, 26, 0, 22, 17, 12, 19][27, 7, 25, 28][27, 15, 10, 29][2, 6, 13, 18][9, 3, 1, 23][4, 20, 14, 11][16, 7, 24][5, 21, 15][23, 1, 24][6, 10][0, 18][9, 14] 
[8, 26, 0, 22, 17, 12, 19][2, 6, 13, 18][27, 15, 10, 29][27, 7, 25, 28][9, 3, 1, 23][4, 20, 14, 11][5, 21, 15][16, 7, 24][23, 1, 24][6, 10][0, 18][9, 14] 
[8, 26, 0, 22, 17, 12, 19][2, 6, 13, 18][27, 15, 10, 29][27, 7, 25, 28][9, 3, 1, 23][4, 20, 14, 11][5, 21, 15][16, 7, 24][23, 1, 24][0, 18][6, 10][9, 14] 
[8, 26, 0, 22, 17, 12, 19][9, 3, 1, 23][4, 20, 14, 11][27, 7, 25, 28][27, 15, 10, 29][2, 6, 13, 18][23, 1, 24][16, 7, 24][5, 21, 15][9, 14][6, 10][0, 18] 
[8, 26, 0, 22, 17, 12, 19][27, 15, 10, 29][27, 7, 25, 28][2, 6, 13, 18][9, 3, 1, 23][4, 20, 14, 11][5, 21, 15][16, 7, 24][23, 1, 24][6, 10][0, 18][9, 14] 
[8, 26, 0, 22, 17, 12, 19][9, 3, 1, 23][4, 20, 14, 11][27, 7, 25, 28][27, 15, 10, 29][2, 6, 13, 18][23, 1, 24][16, 7, 24][5, 21, 15][9, 14][6, 10][0, 18] 
[8, 26, 0, 22, 17, 12, 19][4, 20, 14, 11][9, 3, 1, 23][27, 7, 25, 28][27, 15, 10, 29][2, 6, 13, 18][23, 1, 24][16, 7, 24][5, 21, 15][9, 14][6, 10][0, 18] 
[8, 26, 0, 22, 17, 12, 19][27, 15, 10, 29][27, 7, 25, 28][2, 6, 13, 18][9, 3, 1, 23][4, 20, 14, 11][16, 7, 24][5, 21, 15][23, 1, 24][6, 10][9, 14][0, 18] 
[8, 26, 0, 22, 17, 12, 19][27, 15, 10, 29][27, 7, 25, 28][2, 6, 13, 18][9, 3, 1, 23][4, 20, 14, 11][5, 21, 15][16, 7, 24][23, 1, 24][6, 10][0, 18][9, 14] 
[8, 26, 0, 22, 17, 12, 19][2, 6, 13, 18][27, 15, 10, 29][27, 7, 25, 28][9, 3, 1, 23][4, 20, 14, 11][5, 21, 15][16, 7, 24][23, 1, 24][0, 18][6, 10][9, 14] 
[8, 26, 0, 22, 17, 12, 19][27, 15, 10, 29][27, 7, 25, 28][2, 6, 13, 18][9, 3, 1, 23][4, 20, 14, 11][5, 21, 15][16, 7, 24][23, 1, 24][6, 10][0, 18][9, 14] 
[8, 26, 0, 22, 17, 12, 19][2, 6, 13, 18][27, 15, 10, 29][27, 7, 25, 28][9, 3, 1, 23][4, 20, 14, 11][5, 21, 15][16, 7, 24][23, 1, 24][0, 18][6, 10][9, 14] 
[8, 26, 0, 22, 17, 12, 19][9, 23, 1, 3, 11][4, 24, 7, 16][27, 7, 25, 28][27, 15, 10, 29][2, 6, 13, 18][4, 20, 14][5, 21, 15][9, 14][6, 10][0, 18][1, 3] 
[8, 26, 0, 22, 17, 12, 19][9, 23, 1, 3, 11][4, 24, 7, 16][27, 7, 25, 28][27, 15, 10, 29][2, 6, 13, 18][4, 20, 14][5, 21, 15][9, 14][6, 10][0, 18][1, 3] 
[8, 26, 0, 22, 17, 12, 19][9, 23, 1, 3, 11][4, 24, 7, 16][27, 7, 25, 28][27, 15, 10, 29][2, 6, 13, 18][4, 20, 14][5, 21, 15][1, 3][9, 14][6, 10][0, 18] 
[8, 26, 0, 22, 17, 12, 19][9, 23, 1, 3, 11][4, 24, 7, 16][27, 7, 25, 28][27, 15, 10, 29][2, 6, 13, 18][4, 20, 14][5, 21, 15][1, 3][9, 14][6, 10][0, 18] 
[8, 26, 0, 22, 17, 12, 19][9, 23, 1, 3, 11][4, 24, 7, 16][27, 7, 25, 28][27, 15, 10, 29][2, 6, 13, 18][4, 20, 14][5, 21, 15][1, 3][9, 14][6, 10][0, 18] 
[8, 26, 0, 22, 17, 12, 19][9, 23, 1, 3, 11][4, 24, 7, 16][27, 7, 25, 28][27, 15, 10, 29][2, 6, 13, 18][4, 20, 14][5, 21, 15][1, 3][9, 14][6, 10][0, 18] 
[8, 26, 0, 22, 17, 12, 19][27, 15, 10, 29][2, 6, 13, 18][27, 7, 25, 28][9, 3, 1, 23][4, 20, 14, 11][5, 21, 15][16, 7, 24][6, 10][0, 18][1, 24][9, 14] 
[8, 26, 0, 22, 17, 12, 19][2, 6, 13, 18][27, 15, 10, 29][27, 7, 25, 28][9, 3, 1, 23][4, 20, 14, 11][16, 7, 24][5, 21, 15][6, 10][1, 24][0, 18][9, 14] 
[8, 26, 0, 22, 17, 12, 19][9, 3, 1, 23][4, 20, 14, 11][27, 7, 25, 28][27, 15, 10, 29][2, 6, 13, 18][16, 7, 24][5, 21, 15][9, 14][1, 24][6, 10][0, 18] 
[8, 26, 0, 22, 17, 12, 19][27, 15, 10, 29][27, 7, 25, 28][9, 3, 1, 23][4, 20, 14, 11][2, 6, 13, 18][5, 21, 15][16, 7, 24][1, 24][9, 14][6, 10][0, 18] 
[8, 26, 0, 22, 17, 12, 19][2, 6, 13, 18][27, 15, 10, 29][27, 7, 25, 28][9, 3, 1, 23][4, 20, 14, 11][5, 21, 15][16, 7, 24][0, 18][6, 10][1, 24][9, 14] 
[8, 26, 0, 22, 17, 12, 19][27, 15, 10, 29][27, 7, 25, 28][2, 6, 13, 18][9, 3, 1, 23][4, 20, 14, 11][16, 7, 24][23, 1, 24][5, 21, 15][6, 10][0, 18][9, 14] 
[8, 26, 0, 22, 17, 12, 19][9, 3, 1, 23][4, 20, 14, 11][27, 7, 25, 28][27, 15, 10, 29][2, 6, 13, 18][16, 7, 24][5, 21, 15][9, 14][1, 24][6, 10][0, 18] 
