[6, 13, 18, 19, 17][4, 24, 3, 1, 9][0, 12, 8, 26][11, 14, 7, 20][16, 10, 15, 29][5, 21, 2, 27][0, 18, 22][22, 25, 28][20, 24, 23][7, 28][7, 16][10, 27] 
[6, 13, 18, 19, 17][4, 24, 3, 1, 9][5, 21, 2, 27][16, 10, 15, 29][0, 12, 8, 26][11, 14, 7, 20][22, 25, 28][0, 18, 22][20, 24, 23][2, 29][16, 28][7, 16] 
[6, 13, 18, 19, 17][4, 24, 3, 1, 9][0, 12, 8, 26][11, 14, 7, 20][16, 10, 15, 29][5, 21, 2, 27][0, 18, 22][22, 25, 28][20, 24, 23][7, 28][7, 16][2, 29] 
[6, 13, 18, 19, 17][4, 24, 3, 1, 9][0, 12, 8, 26][11, 14, 7, 20][16, 10, 15, 29][5, 21, 2, 29][0, 18, 22][1, 23, 20][27, 16, 28][22, 25][25, 28][7, 28] 
[6, 13, 18, 19, 17][4, 24, 3, 1, 9][5, 21, 2, 27][16, 10, 15, 29][0, 12, 8, 26][11, 14, 7, 20][22, 25, 28][0, 18, 22][1, 23, 20][10, 27][16, 28][7, 28] 
[6, 13, 18, 19, 17][4, 24, 3, 1, 9][16, 10, 15, 29][5, 21, 2, 27][0, 12, 8, 26][11, 14, 7, 20][16, 28, 25][0, 18, 22][1, 23, 20][2, 29][22, 25][7, 28] 
[4, 24, 3, 1, 9][6, 13, 18, 19, 17][11, 14, 7, 20][16, 10, 15, 29][5, 21, 2, 27][0, 12, 8, 26][1, 23, 20][16, 28, 25][0, 18, 22][7, 28][2, 29][22, 25] 
[4, 24, 3, 1, 9][6, 13, 18, 19, 17][11, 14, 7, 20][0, 26, 8, 12][16, 10, 15, 29][5, 21, 2, 27][1, 23, 20][22, 25, 28][0, 18, 22][7, 28][16, 28][10, 27] 
[6, 13, 18, 19, 17][4, 24, 3, 1, 9][16, 10, 15, 29][5, 21, 2, 27][0, 26, 8, 12][11, 14, 7, 20][16, 28, 25][0, 18, 22][1, 23, 20][2, 29][22, 25][7, 28] 
[6, 13, 18, 19, 17][4, 24, 3, 1, 9][5, 21, 2, 27][16, 10, 15, 29][0, 26, 8, 12][11, 14, 7, 20][16, 28, 25][0, 18, 22][1, 23, 20][10, 27][22, 25][7, 28] 
[6, 13, 18, 19, 17][4, 24, 3, 1, 9][0, 12, 8, 26][11, 14, 7, 20][16, 10, 15, 29][5, 21, 2, 27][22, 25, 28][0, 18, 22][20, 24, 23][7, 28][7, 16][10, 27] 
[4, 24, 3, 1, 9][6, 13, 18, 19, 17][11, 14, 7, 20][16, 10, 15, 29][0, 12, 8, 26][5, 21, 2, 27][20, 24, 23][22, 25, 28][0, 18, 22][7, 16][16, 28][2, 29] 
[4, 24, 3, 1, 9][6, 13, 18, 19, 17][11, 14, 7, 20][0, 12, 8, 26][16, 10, 15, 29][5, 21, 2, 27][20, 24, 23][22, 25, 28][0, 18, 22][7, 28][7, 16][2, 29] 
[6, 13, 18, 19, 17][4, 24, 3, 1, 9][16, 10, 15, 29][0, 12, 8, 26][5, 21, 2, 27][11, 14, 7, 20][22, 25, 28][0, 18, 22][1, 23, 20][16, 28][10, 27][7, 28] 
[4, 24, 3, 1, 9][6, 13, 18, 19, 17][11, 14, 7, 20][16, 10, 15, 29][5, 21, 2, 27][0, 12, 8, 26][16, 28, 25][1, 23, 20][0, 18, 22][7, 28][2, 29][22, 25] 
[4, 24, 3, 1, 9][6, 13, 18, 19, 17][11, 14, 7, 20][0, 26, 8, 12][16, 10, 15, 29][5, 21, 2, 27][1, 23, 20][22, 25, 28][0, 18, 22][7, 28][16, 28][10, 27] 
[4, 24, 3, 1, 9][6, 13, 18, 19, 17][5, 21, 2, 27][16, 10, 15, 29][11, 14, 7, 20][0, 12, 8, 26][20, 24, 23][22, 25, 28][0, 18, 22][10, 27][7, 16][7, 28] 
[6, 13, 18, 19, 17][4, 24, 3, 1, 9][16, 10, 15, 29][5, 21, 2, 27][0, 12, 8, 26][11, 14, 7, 20][22, 25, 28][0, 18, 22][20, 24, 23][2, 29][16, 28][7, 16] 
[4, 24, 3, 1, 9][6, 13, 18, 19, 17][11, 14, 7, 20][0, 12, 8, 26][16, 10, 15, 29][5, 21, 2, 27][1, 23, 20][22, 25, 28][0, 18, 22][7, 28][16, 28][10, 27] 
[6, 13, 18, 19, 17][4, 24, 3, 1, 9][0, 12, 8, 26][11, 14, 7, 20][16, 10, 15, 29][5, 21, 2, 27][0, 18, 22][22, 25, 28][20, 24, 23][7, 28][7, 16][10, 27] 
[4, 24, 3, 1, 9][6, 13, 18, 19, 17][11, 14, 7, 20][16, 10, 15, 29][5, 21, 2, 27][0, 12, 8, 26][20, 24, 23][22, 25, 28][0, 18, 22][7, 16][10, 27][7, 28] 
[6, 13, 18, 19, 17][4, 24, 3, 1, 9][0, 12, 8, 26][16, 10, 15, 29][5, 21, 2, 27][11, 14, 7, 20][0, 18, 22][22, 25, 28][20, 24, 23][16, 28][2, 29][7, 16] 
[6, 13, 18, 19, 17][4, 24, 3, 1, 9][0, 12, 8, 26][11, 14, 7, 20][16, 10, 15, 29][5, 21, 2, 27][0, 18, 22][22, 25, 28][20, 24, 23][7, 28][7, 16][2, 29] 
[4, 24, 3, 1, 9][6, 13, 18, 19, 17][11, 14, 7, 20][0, 12, 8, 26][16, 10, 15, 29][5, 21, 2, 27][1, 23, 20][22, 25, 28][0, 18, 22][7, 28][16, 28][10, 27] 
[6, 13, 18, 19, 17][4, 24, 3, 1, 9][0, 12, 8, 26][16, 10, 15, 29][11, 14, 7, 20][5, 21, 2, 27][0, 18, 22][16, 28, 25][1, 23, 20][22, 25][7, 28][2, 29] 
[4, 24, 3, 1, 9][6, 13, 18, 19, 17][11, 14, 7, 20][0, 26, 8, 12][16, 10, 15, 29][5, 21, 2, 27][1, 23, 20][22, 25, 28][0, 18, 22][7, 28][16, 28][10, 27] 
[4, 24, 3, 1, 9][6, 13, 18, 19, 17][11, 14, 7, 20][16, 10, 15, 29][5, 21, 2, 27][0, 12, 8, 26][20, 24, 23][22, 25, 28][0, 18, 22][7, 16][10, 27][7, 28] 
[6, 13, 18, 19, 17][4, 24, 3, 1, 9][16, 10, 15, 29][5, 21, 2, 27][0, 12, 8, 26][11, 14, 7, 20][22, 25, 28][0, 18, 22][20, 24, 23][2, 29][16, 28][7, 16] 
[4, 24, 3, 1, 9][6, 13, 18, 19, 17][11, 14, 7, 20][0, 12, 8, 26][16, 10, 15, 29][5, 21, 2, 27][1, 23, 20][22, 25, 28][0, 18, 22][7, 28][16, 28][10, 27] 
[4, 24, 3, 1, 9][6, 13, 18, 19, 17][11, 14, 7, 20][0, 12, 8, 26][16, 10, 15, 29][5, 21, 2, 27][20, 24, 23][22, 25, 28][0, 18, 22][7, 28][7, 16][10, 27] 
[4, 24, 3, 1, 9][6, 13, 18, 19, 17][5, 21, 2, 27][16, 10, 15, 29][11, 14, 7, 20][0, 12, 8, 26][20, 24, 23][22, 25, 28][0, 18, 22][10, 27][7, 16][7, 28] 
[4, 24, 3, 1, 9][6, 13, 18, 19, 17][11, 14, 7, 20][16, 10, 15, 29][0, 12, 8, 26][5, 21, 2, 27][20, 24, 23][22, 25, 28][0, 18, 22][7, 16][16, 28][2, 29] 
[6, 13, 18, 19, 17][4, 24, 3, 1, 9][0, 12, 8, 26][11, 14, 7, 20][16, 10, 15, 29][5, 21, 2, 27][0, 18, 22][22, 25, 28][1, 23, 20][7, 28][16, 28][10, 27] 
[6, 13, 18, 19, 17][4, 24, 3, 1, 9][0, 12, 8, 26][11, 14, 7, 20][16, 10, 15, 29][5, 21, 2, 27][0, 18, 22][22, 25, 28][20, 24, 23][7, 28][7, 16][10, 27] 
[6, 13, 18, 19, 17][4, 24, 3, 1, 9][0, 12, 8, 26][11, 14, 7, 20][16, 10, 15, 29][5, 21, 2, 27][22, 25, 28][0, 18, 22][20, 24, 23][7, 28][7, 16][10, 27] 
[4, 3, 9, 1, 23, 24, 20, 14, 7, 2, 29, 27, 15, 6, 5][0, 26, 8, 12, 17, 19, 22, 18, 13, 6, 10, 21][7, 28, 25][23, 24][6, 13][18, 22][11, 14][8, 26][6, 16][10, 27][6, 13][23, 24] 
[4, 3, 9, 1, 23, 24, 20, 14, 7, 2, 29, 27, 15, 6, 5][0, 26, 8, 12, 17, 19, 22, 18, 13, 6, 10, 21][7, 28, 25][23, 24][6, 13][18, 22][11, 14][8, 26][6, 16][10, 27][6, 13][23, 24] 
[4, 3, 9, 1, 23, 24, 20, 14, 7, 2, 29, 27, 15, 6, 5][0, 26, 8, 12, 19, 22, 18, 13, 6, 10, 21][13, 6, 10, 21][22, 25, 28][6, 13][11, 14][17, 19][16, 27][0, 26][0, 26][6, 13][23, 24] 
[4, 3, 9, 1, 23, 24, 20, 14, 7, 2, 29, 27, 15, 6, 5][0, 26, 8, 12, 17, 19, 22, 18, 13][25, 28, 16, 27][11, 14][10, 21][2, 29][10, 27][16, 28][6, 13][16, 28][8, 26][16, 28] 
[4, 3, 9, 1, 23, 24, 20, 14, 7, 2, 29, 27, 15, 6, 5][26, 8, 12, 19, 17, 18, 0, 22, 25, 28][18, 13, 6, 10, 21][11, 14][16, 28][11, 14][6, 15][23, 24][6, 15][23, 24][6, 13][2, 29] 
[1, 24, 20, 23, 14, 9, 3, 4, 7, 27, 10, 2, 29, 15, 6][26, 8, 12, 19, 17, 18, 0, 22, 25, 28][2, 21, 5][17, 19][6, 13][16, 28][11, 14][22, 25][10, 27][15, 29][13, 18][22, 25] 
[4, 3, 9, 1, 23, 24, 20, 14, 7, 2, 29, 27, 15, 6, 5][26, 8, 12, 19, 18, 0, 22, 25, 28, 16, 27][13, 6, 10, 21][17, 19][25, 28][16, 28][11, 14][23, 24][25, 28][23, 24][2, 29][25, 28] 
[4, 3, 9, 1, 23, 24, 20, 14, 7, 2, 29, 27, 15, 6, 5][0, 26, 8, 12, 17, 19, 22, 18, 13, 6, 10, 21][4, 3, 9, 1, 23][22, 25, 28][16, 28][25, 28][3, 4][11, 14][8, 26][23, 24][11, 14][8, 26] 
[4, 3, 9, 1, 23, 24, 20, 14, 7, 2, 29, 27, 15, 6, 5][26, 8, 12, 19, 17, 18, 0, 22, 25, 28][4, 3, 9, 1, 23, 24][18, 13, 6, 10, 21][17, 19][16, 28][11, 14][23, 24][23, 24][2, 29][6, 15][16, 28] 
[4, 3, 9, 1, 23, 24, 20, 14, 7, 2, 29, 27, 15, 6, 5][26, 8, 12, 19, 18, 0, 22, 25, 28, 16, 27][13, 6, 10, 21][11, 14][17, 19][16, 28][16, 28][25, 28][3, 4][23, 24][3, 4][25, 28] 
[4, 3, 9, 1, 23, 24, 20, 14, 7, 2, 29, 27, 15, 6, 5][0, 26, 8, 12, 17, 19, 22, 18, 13, 6, 10, 21][7, 28, 25][16, 28][11, 14][8, 26][11, 14][13, 18][25, 28][6, 13][23, 24][8, 26] 
[4, 3, 9, 1, 23, 24, 20, 14, 7, 2, 29, 27, 15, 6, 5][0, 26, 8, 12, 17, 19, 22, 18, 13, 6, 10, 21][4, 3, 9, 1, 23][22, 25, 28][6, 13][25, 28][16, 28][11, 14][23, 24][3, 9][23, 24][23, 24] 
[1, 24, 20, 23, 14, 9, 3, 4, 7, 27, 10, 2, 29, 15, 6][26, 8, 12, 19, 17, 18, 0, 22, 25, 28][21, 10, 6, 13, 18, 22][2, 21, 5][18, 22][11, 14][16, 28][3, 9][18, 22][6, 15][18, 22][17, 19] 
[4, 3, 9, 1, 23, 24, 20, 14, 7, 2, 29, 27, 15, 6, 5][26, 8, 12, 19, 18, 0, 22, 25, 28, 16, 27][13, 6, 10, 21][17, 19][25, 28][16, 28][11, 14][23, 24][25, 28][23, 24][2, 29][25, 28] 
[4, 3, 9, 1, 23, 24, 20, 14, 7, 2, 29, 27, 15, 6, 5][0, 26, 8, 12, 17, 19, 22, 18, 13, 6, 10, 21][7, 28, 25][13, 18][6, 13][7, 16][11, 14][17, 19][17, 19][6, 16][17, 19][23, 24] 
[4, 3, 9, 1, 23, 24, 20, 14, 7, 2, 29, 27, 15, 6, 5][26, 8, 12, 19, 18, 0, 22, 25, 28, 16, 27][13, 6, 10, 21][11, 14][17, 19][16, 28][16, 28][25, 28][3, 4][23, 24][3, 4][25, 28] 
[4, 3, 9, 1, 23, 24, 20, 14, 7, 2, 29, 27, 15, 6, 5][0, 26, 8, 12, 17, 19, 22, 18, 13, 6, 10, 21][18, 22][11, 14][6, 16][25, 28][7, 28][23, 24][6, 13][2, 29][6, 13][23, 24] 
[3, 9, 1, 23, 24, 20, 14, 7, 2, 29, 27, 15, 6, 5][26, 8, 12, 19, 18, 0, 22, 25, 28, 16, 27][13, 6, 10, 21][2, 29][17, 19][11, 14][16, 28][25, 28][16, 28][3, 4][16, 28][23, 24] 
[4, 3, 9, 1, 23, 24, 20, 14, 7, 2, 29, 27, 15, 6, 5][26, 8, 12, 19, 18, 0, 22, 25, 28, 16, 27][4, 3, 9, 1, 23][13, 6, 10, 21][11, 14][17, 19][16, 28][16, 28][16, 28][16, 28][2, 29][3, 4] 
[4, 3, 9, 1, 23, 24, 20, 14, 7, 2, 29, 27, 15, 6, 5][26, 8, 12, 19, 18, 0, 22, 25, 28, 16, 27][4, 3, 9, 1, 23][13, 6, 10, 21][11, 14][17, 19][16, 28][16, 28][16, 28][16, 28][2, 29][3, 4] 
[4, 3, 9, 1, 23, 24, 20, 14, 7, 2, 29, 27, 15, 6, 5][0, 26, 8, 12, 17, 19, 22, 18, 13, 6, 10, 21][18, 22][11, 14][6, 16][25, 28][7, 28][23, 24][6, 13][2, 29][6, 13][23, 24] 
[6, 13, 18, 19, 17][4, 24, 3, 1, 9][0, 26, 8, 12][16, 10, 15, 29][5, 21, 2, 27][11, 14, 7, 20][0, 18, 22][16, 28, 25][1, 23, 20][22, 25][10, 27][7, 28] 
[4, 24, 3, 1, 9][6, 13, 18, 19, 17][11, 14, 7, 20][16, 10, 15, 29][0, 26, 8, 12][5, 21, 2, 27][1, 23, 20][16, 28, 25][0, 18, 22][7, 28][22, 25][10, 27] 
[4, 24, 3, 1, 9][6, 13, 18, 19, 17][11, 14, 7, 20][16, 10, 15, 29][5, 21, 2, 27][0, 26, 8, 12][1, 23, 20][16, 28, 25][0, 18, 22][7, 28][10, 27][22, 25] 
[4, 24, 3, 1, 9][6, 13, 18, 19, 17][11, 14, 7, 20][16, 10, 15, 29][5, 21, 2, 27][0, 26, 8, 12][1, 23, 20][16, 28, 25][0, 18, 22][7, 28][10, 27][22, 25] 
[4, 24, 3, 1, 9][6, 13, 18, 19, 17][5, 21, 2, 27][16, 10, 15, 29][11, 14, 7, 20][0, 26, 8, 12][16, 28, 25][1, 23, 20][0, 18, 22][10, 27][7, 28][22, 25] 
[4, 24, 3, 1, 9][6, 13, 18, 19, 17][5, 21, 2, 27][16, 10, 15, 29][11, 14, 7, 20][0, 26, 8, 12][16, 28, 25][1, 23, 20][0, 18, 22][10, 27][7, 28][22, 25] 
[6, 13, 18, 19, 17][4, 24, 3, 1, 9][5, 21, 2, 27][16, 10, 15, 29][0, 26, 8, 12][11, 14, 7, 20][16, 28, 25][0, 18, 22][1, 23, 20][10, 27][22, 25][7, 28] 
[4, 24, 3, 1, 9][6, 13, 18, 19, 17][11, 14, 7, 20][16, 10, 15, 29][0, 26, 8, 12][5, 21, 2, 27][1, 23, 20][16, 28, 25][0, 18, 22][7, 28][22, 25][10, 27] 
[6, 13, 18, 19, 17][4, 24, 3, 1, 9][5, 21, 2, 27][16, 10, 15, 29][0, 26, 8, 12][11, 14, 7, 20][16, 28, 25][0, 18, 22][1, 23, 20][10, 27][22, 25][7, 28] 
[4, 24, 3, 1, 9][6, 13, 18, 19, 17][11, 14, 7, 20][16, 10, 15, 29][5, 21, 2, 27][0, 26, 8, 12][1, 23, 20][16, 28, 25][0, 18, 22][7, 28][10, 27][22, 25] 
[6, 13, 18, 19, 17][4, 24, 3, 1, 9][0, 26, 8, 12][16, 10, 15, 29][5, 21, 2, 27][11, 14, 7, 20][0, 18, 22][16, 28, 25][1, 23, 20][22, 25][10, 27][7, 28] 
[6, 13, 18, 19, 17][4, 24, 3, 1, 9][0, 26, 8, 12][16, 10, 15, 29][5, 21, 2, 27][11, 14, 7, 20][0, 18, 22][16, 28, 25][1, 23, 20][22, 25][10, 27][7, 28] 
[6, 13, 18, 19, 17][4, 24, 3, 1, 9][5, 21, 2, 27][16, 10, 15, 29][0, 26, 8, 12][11, 14, 7, 20][16, 28, 25][0, 18, 22][1, 23, 20][10, 27][22, 25][7, 28] 
[6, 13, 18, 19, 17][4, 24, 3, 1, 9][0, 26, 8, 12][16, 10, 15, 29][5, 21, 2, 27][11, 14, 7, 20][0, 18, 22][16, 28, 25][1, 23, 20][22, 25][10, 27][7, 28] 
[6, 13, 18, 19, 17][4, 24, 3, 1, 9][5, 21, 2, 27][16, 10, 15, 29][0, 26, 8, 12][11, 14, 7, 20][16, 28, 25][0, 18, 22][1, 23, 20][10, 27][22, 25][7, 28] 
[6, 13, 18, 19, 17][4, 24, 3, 1, 9][0, 12, 8, 26][11, 14, 7, 20][16, 10, 15, 29][5, 21, 2, 27][22, 25, 28][0, 18, 22][20, 24, 23][7, 28][7, 16][10, 27] 
[6, 13, 18, 19, 17][4, 24, 3, 1, 9][0, 12, 8, 26][11, 14, 7, 20][16, 10, 15, 29][5, 21, 2, 27][0, 18, 22][22, 25, 28][20, 24, 23][7, 28][7, 16][10, 27] 
[4, 24, 3, 1, 9][6, 13, 18, 19, 17][11, 14, 7, 20][0, 12, 8, 26][16, 10, 15, 29][5, 21, 2, 27][20, 24, 23][22, 25, 28][0, 18, 22][7, 28][7, 16][10, 27] 
[4, 24, 3, 1, 9][6, 13, 18, 19, 17][11, 14, 7, 20][0, 12, 8, 26][16, 10, 15, 29][5, 21, 2, 27][20, 24, 23][22, 25, 28][0, 18, 22][7, 28][7, 16][10, 27] 
[6, 13, 18, 19, 17][4, 24, 3, 1, 9][0, 12, 8, 26][11, 14, 7, 20][16, 10, 15, 29][5, 21, 2, 27][0, 18, 22][22, 25, 28][20, 24, 23][7, 28][7, 16][10, 27] 
[4, 24, 3, 1, 9][25, 22, 12, 8, 26][6, 13, 18, 19, 17][5, 21, 2, 27][16, 10, 15, 29][11, 14, 7, 20][20, 24, 23][0, 18, 22][2, 29][16, 28][7, 28][25, 28] 
[6, 13, 18, 19, 17][4, 24, 3, 1, 9][0, 26, 8, 12][16, 10, 15, 29][11, 14, 7, 20][5, 21, 2, 27][0, 18, 22][16, 28, 25][1, 23, 20][22, 25][7, 28][10, 27] 
[4, 24, 3, 1, 9][6, 13, 18, 19, 17][11, 14, 7, 20][16, 10, 15, 29][5, 21, 2, 27][0, 26, 8, 12][1, 23, 20][16, 28, 25][0, 18, 22][7, 28][10, 27][22, 25] 
[6, 13, 18, 19, 17][4, 24, 3, 1, 9][16, 10, 15, 29][0, 26, 8, 12][5, 21, 2, 27][11, 14, 7, 20][16, 28, 25][0, 18, 22][1, 23, 20][22, 25][10, 27][7, 28] 
[6, 13, 18, 19, 17][4, 24, 3, 1, 9][0, 26, 8, 12][16, 10, 15, 29][11, 14, 7, 20][5, 21, 2, 27][0, 18, 22][16, 28, 25][1, 23, 20][22, 25][7, 28][10, 27] 
[6, 13, 18, 19, 17][4, 24, 3, 1, 9][5, 21, 2, 27][16, 10, 15, 29][0, 26, 8, 12][11, 14, 7, 20][16, 28, 25][0, 18, 22][1, 23, 20][10, 27][22, 25][7, 28] 
[6, 13, 18, 19, 17][4, 24, 3, 1, 9][16, 10, 15, 29][5, 21, 2, 27][0, 12, 8, 26][11, 14, 7, 20][22, 25, 28][0, 18, 22][20, 24, 23][10, 27][16, 28][7, 16] 
[6, 13, 18, 19, 17][4, 24, 3, 1, 9][0, 26, 8, 12][16, 10, 15, 29][11, 14, 7, 20][5, 21, 2, 27][0, 18, 22][16, 28, 25][1, 23, 20][22, 25][7, 28][10, 27] 
[4, 24, 3, 1, 9][6, 13, 18, 19, 17][16, 10, 15, 29][11, 14, 7, 20][0, 12, 8, 26][5, 21, 2, 27][20, 24, 23][22, 25, 28][0, 18, 22][7, 16][7, 28][10, 27] 
[4, 24, 3, 1, 9][6, 13, 18, 19, 17][11, 14, 7, 20][16, 10, 15, 29][5, 21, 2, 27][0, 12, 8, 26][20, 24, 23][22, 25, 28][0, 18, 22][7, 16][10, 27][7, 28] 
[4, 24, 3, 1, 9][6, 13, 18, 19, 17][5, 21, 2, 27][16, 10, 15, 29][11, 14, 7, 20][0, 12, 8, 26][20, 24, 23][22, 25, 28][0, 18, 22][10, 27][7, 16][7, 28] 
[6, 13, 18, 19, 17][4, 24, 3, 1, 9][0, 12, 8, 26][11, 14, 7, 20][16, 10, 15, 29][5, 21, 2, 27][0, 18, 22][22, 25, 28][20, 24, 23][7, 28][7, 16][10, 27] 
[4, 24, 3, 1, 9][6, 13, 18, 19, 17][5, 21, 2, 27][16, 10, 15, 29][11, 14, 7, 20][0, 12, 8, 26][20, 24, 23][22, 25, 28][0, 18, 22][10, 27][7, 16][7, 28] 
[6, 13, 18, 19, 17][4, 24, 3, 1, 9][0, 12, 8, 26][11, 14, 7, 20][16, 10, 15, 29][5, 21, 2, 27][22, 25, 28][0, 18, 22][20, 24, 23][7, 28][7, 16][10, 27] 
[4, 24, 3, 1, 9][6, 13, 18, 19, 17][5, 21, 2, 27][16, 10, 15, 29][11, 14, 7, 20][0, 12, 8, 26][20, 24, 23][22, 25, 28][0, 18, 22][10, 27][7, 16][7, 28] 
[4, 24, 3, 1, 9][6, 13, 18, 19, 17][5, 21, 2, 27][16, 10, 15, 29][11, 14, 7, 20][0, 12, 8, 26][20, 24, 23][22, 25, 28][0, 18, 22][10, 27][7, 16][7, 28] 
[4, 24, 3, 1, 9][6, 13, 18, 19, 17][5, 21, 2, 27][16, 10, 15, 29][11, 14, 7, 20][0, 12, 8, 26][20, 24, 23][22, 25, 28][0, 18, 22][10, 27][7, 16][7, 28] 
[6, 13, 18, 19, 17][4, 24, 3, 1, 9][0, 12, 8, 26][11, 14, 7, 20][16, 10, 15, 29][5, 21, 2, 27][22, 25, 28][0, 18, 22][20, 24, 23][7, 28][7, 16][10, 27] 
[4, 24, 3, 1, 9][6, 13, 18, 19, 17][11, 14, 7, 20][16, 10, 15, 29][5, 21, 2, 27][0, 12, 8, 26][20, 24, 23][22, 25, 28][0, 18, 22][7, 16][10, 27][7, 28] 
[4, 24, 3, 1, 9][6, 13, 18, 19, 17][11, 14, 7, 20][0, 12, 8, 26][16, 10, 15, 29][5, 21, 2, 27][20, 24, 23][22, 25, 28][0, 18, 22][7, 28][7, 16][10, 27] 
[4, 24, 3, 1, 9][6, 13, 18, 19, 17][11, 14, 7, 20][0, 12, 8, 26][16, 10, 15, 29][5, 21, 2, 27][20, 24, 23][22, 25, 28][0, 18, 22][7, 28][7, 16][10, 27] 
[4, 24, 3, 1, 9][6, 13, 18, 19, 17][5, 21, 2, 27][16, 10, 15, 29][11, 14, 7, 20][0, 12, 8, 26][20, 24, 23][22, 25, 28][0, 18, 22][10, 27][7, 16][7, 28] 
[4, 24, 3, 1, 9][6, 13, 18, 19, 17][11, 14, 7, 20][0, 12, 8, 26][16, 10, 15, 29][5, 21, 2, 27][20, 24, 23][22, 25, 28][0, 18, 22][7, 28][7, 16][10, 27] 
[4, 24, 3, 1, 9][6, 13, 18, 19, 22][0, 26, 8, 12, 17][16, 10, 15, 29][11, 14, 7, 20][5, 21, 2, 27][16, 28, 25][20, 24, 23][7, 16][6, 16][10, 27][17, 19] 
[4, 24, 3, 1, 9][6, 13, 18, 19, 22][0, 26, 8, 12, 17][16, 10, 15, 29][11, 14, 7, 20][5, 21, 2, 27][16, 28, 25][20, 24, 23][7, 16][6, 16][10, 27][17, 19] 
[0, 26, 8, 12, 17][4, 24, 3, 1, 9][6, 13, 18, 19, 22][16, 10, 15, 29][5, 21, 2, 27][11, 14, 7, 20][16, 28, 25][20, 24, 23][10, 27][6, 16][17, 19][7, 16] 
[4, 24, 3, 1, 9][6, 13, 18, 19, 22][0, 26, 8, 12, 17][5, 21, 2, 27][16, 10, 15, 29][11, 14, 7, 20][16, 28, 25][20, 24, 23][10, 27][7, 16][6, 16][17, 19] 
[4, 24, 3, 1, 9][6, 13, 18, 19, 22][0, 26, 8, 12, 17][11, 14, 7, 20][16, 10, 15, 29][5, 21, 2, 27][20, 24, 23][16, 28, 25][7, 16][10, 27][6, 16][17, 19] 
[4, 24, 3, 1, 9][20, 7, 14, 11, 25][6, 13, 18, 19, 22][0, 26, 8, 12, 17][16, 10, 15, 29][5, 21, 2, 27][20, 24, 23][7, 16][6, 16][7, 28][17, 19][10, 27] 
[6, 13, 18, 19, 17][4, 24, 3, 1, 9][5, 21, 2, 27][16, 10, 15, 29][0, 12, 8, 26][11, 14, 7, 20][16, 28, 25][0, 18, 22][20, 24, 23][10, 27][22, 25][7, 28] 
[6, 13, 18, 19, 17][4, 24, 3, 1, 9][5, 21, 2, 27][16, 10, 15, 29][0, 12, 8, 26][11, 14, 7, 20][16, 28, 25][0, 18, 22][20, 24, 23][10, 27][22, 25][7, 28] 
[4, 24, 3, 1, 9][6, 13, 18, 19, 17][11, 14, 7, 20][16, 10, 15, 29][5, 21, 2, 27][0, 12, 8, 26][20, 24, 23][16, 28, 25][0, 18, 22][7, 28][10, 27][22, 25] 
[4, 24, 3, 1, 9][6, 13, 18, 19, 17][5, 21, 2, 27][16, 10, 15, 29][11, 14, 7, 20][0, 12, 8, 26][16, 28, 25][20, 24, 23][0, 18, 22][10, 27][7, 28][22, 25] 
[4, 24, 3, 1, 9][6, 13, 18, 19, 17][11, 14, 7, 20][16, 10, 15, 29][5, 21, 2, 27][0, 12, 8, 26][20, 24, 23][16, 28, 25][0, 18, 22][7, 28][10, 27][22, 25] 
[4, 24, 3, 1, 9][6, 13, 18, 19, 17][16, 10, 15, 29][11, 14, 7, 20][0, 12, 8, 26][5, 21, 2, 27][20, 24, 23][22, 25, 28][0, 18, 22][7, 16][7, 28][10, 27] 
[6, 13, 18, 19, 17][4, 24, 3, 1, 9][0, 26, 8, 12][16, 10, 15, 29][5, 21, 2, 27][11, 14, 7, 20][0, 18, 22][16, 28, 25][20, 24, 23][22, 25][10, 27][7, 28] 
