[5, 21, 10, 2, 29, 27, 7][15, 6, 13, 0, 18, 19][25, 22, 12, 8, 26][3, 9, 1, 23][4, 24, 20, 14][16, 28, 17][1, 3, 11][17, 22][11, 17][9, 14][7, 20][17, 19] 
[5, 21, 10, 2, 29, 27, 7][15, 6, 13, 0, 18, 19][25, 22, 12, 8, 26][4, 24, 20, 14][3, 9, 1, 23][1, 3, 11][16, 28, 17][7, 20][9, 14][11, 17][17, 19][17, 22] 
[5, 21, 10, 2, 29, 27, 7][15, 6, 13, 0, 18, 19][25, 22, 12, 8, 26][4, 24, 20, 14][16, 28, 17][1, 3, 11][3, 9, 23][17, 19][11, 17][9, 14][17, 22][7, 20] 
[5, 21, 10, 2, 29, 27, 7][15, 6, 13, 0, 18][25, 22, 12, 8, 26][4, 24, 20, 14][16, 28, 17, 19][9, 1, 23][1, 3, 11][7, 20][9, 14][11, 17][18, 19][17, 22] 
[25, 22, 12, 8, 26][15, 6, 13, 0, 18][3, 9, 1, 23][16, 28, 17, 19][4, 24, 20, 14][20, 7, 27, 29][2, 10, 21, 5][11, 17, 22][3, 11][18, 19][9, 14][10, 29] 
[25, 22, 12, 8, 26][15, 6, 13, 0, 18][20, 7, 27, 29][4, 24, 20, 14][3, 9, 1, 23][2, 10, 21, 5][16, 28, 17, 19][11, 17, 22][9, 14][2, 29][3, 11][18, 19] 
[5, 21, 10, 2, 29, 27, 7][25, 22, 12, 8, 26][15, 6, 13, 0, 18][16, 28, 17, 19][4, 24, 20, 14][1, 3, 11][9, 1, 23][17, 22][18, 19][11, 17][9, 14][7, 20] 
[25, 22, 12, 8, 26][15, 6, 13, 0, 18][3, 9, 1, 23][16, 28, 17, 19][4, 24, 20, 14][20, 7, 27, 29][2, 10, 21, 5][11, 17, 22][3, 11][18, 19][9, 14][10, 29] 
[25, 22, 12, 8, 26][15, 6, 13, 0, 18][2, 10, 21, 5][20, 7, 27, 29][4, 24, 20, 14][3, 9, 1, 23][16, 28, 17, 19][11, 17, 22][2, 29][9, 14][3, 11][18, 19] 
[25, 22, 12, 8, 26][15, 6, 13, 0, 18][16, 28, 17, 19][3, 9, 1, 23][4, 24, 20, 14][20, 7, 27, 29][2, 10, 21, 5][11, 17, 22][18, 19][3, 11][9, 14][10, 29] 
[5, 21, 10, 2, 29, 27, 7][15, 6, 13, 0, 18, 19][25, 22, 12, 8, 26][3, 9, 1, 23][4, 24, 20, 14][16, 28, 17][1, 3, 11][17, 19][11, 17][17, 22][9, 14][7, 20] 
[5, 21, 10, 2, 29, 27, 7][15, 6, 13, 0, 18, 19][25, 22, 12, 8, 26][3, 9, 1, 23][4, 24, 20, 14][1, 3, 11][16, 28, 17][9, 14][7, 20][11, 17][17, 19][17, 22] 
[5, 21, 10, 2, 29, 27, 7][15, 6, 13, 0, 18, 19][25, 22, 12, 8, 26][4, 24, 20, 14][3, 9, 23][1, 3, 11][16, 28, 17][7, 20][9, 14][11, 17][17, 22][17, 19] 
[25, 22, 12, 8, 26][15, 6, 13, 0, 18][3, 9, 1, 23][4, 24, 20, 14][20, 7, 27, 29][2, 10, 21, 5][16, 28, 17, 19][11, 17, 22][9, 14][10, 29][3, 11][18, 19] 
[25, 22, 12, 8, 26][15, 6, 13, 0, 18][4, 24, 20, 14][20, 7, 27, 29][3, 9, 1, 23][16, 28, 17, 19][2, 10, 21, 5][11, 17, 22][9, 14][3, 11][18, 19][2, 29] 
[25, 22, 12, 8, 26][15, 6, 13, 0, 18][3, 9, 1, 23][16, 28, 17, 19][4, 24, 20, 14][20, 7, 27, 29][2, 10, 21, 5][11, 17, 22][3, 11][18, 19][9, 14][10, 29] 
[5, 21, 10, 2, 29, 27, 7][15, 6, 13, 0, 18, 19][25, 22, 12, 8, 26][3, 9, 1, 23][4, 24, 20, 14][16, 28, 17][1, 3, 11][17, 19][11, 17][17, 22][9, 14][7, 20] 
[5, 21, 10, 2, 29, 27, 7][15, 6, 13, 0, 18, 19][25, 22, 12, 8, 26][4, 24, 20, 14][3, 9, 1, 23][1, 3, 11][16, 28, 17][9, 14][7, 20][11, 17][17, 19][17, 22] 
[15, 6, 13, 0, 18][25, 22, 12, 8, 26][16, 28, 17, 19][3, 9, 1, 23][4, 24, 20, 14][20, 7, 27, 29][2, 10, 21, 5][11, 17, 22][18, 19][3, 11][9, 14][10, 29] 
[5, 21, 10, 2, 29, 27, 7][15, 6, 13, 0, 18, 19][25, 22, 12, 8, 26][4, 24, 20, 14][3, 9, 1, 23][1, 3, 11][16, 28, 17][9, 14][7, 20][11, 17][17, 19][17, 22] 
[5, 21, 10, 2, 29, 27, 7][15, 6, 13, 0, 18, 19][25, 22, 12, 8, 26][3, 9, 1, 23][4, 24, 20, 14][1, 3, 11][16, 28, 17][9, 14][7, 20][11, 17][17, 22][17, 19] 
[5, 21, 10, 2, 29, 27, 7][15, 6, 13, 0, 18, 19][25, 22, 12, 8, 26][4, 24, 20, 14][3, 9, 1, 23][1, 3, 11][16, 28, 17][7, 20][9, 14][11, 17][17, 19][17, 22] 
[5, 21, 10, 2, 29, 27, 7][15, 6, 13, 0, 18, 19][25, 22, 12, 8, 26][4, 24, 20, 14][16, 28, 17][1, 3, 11][3, 9, 23][17, 19][11, 17][9, 14][17, 22][7, 20] 
[15, 6, 13, 0, 18][25, 22, 12, 8, 26][16, 28, 17, 19][3, 9, 1, 23][4, 24, 20, 14][20, 7, 27, 29][2, 10, 21, 5][11, 17, 22][18, 19][3, 11][9, 14][10, 29] 
[25, 22, 12, 8, 26][15, 6, 13, 0, 18][20, 7, 27, 29][4, 24, 20, 14][3, 9, 1, 23][2, 10, 21, 5][16, 28, 17, 19][11, 17, 22][9, 14][2, 29][3, 11][18, 19] 
[25, 22, 12, 8, 26][15, 6, 13, 0, 18][16, 28, 17, 19][3, 9, 1, 23][4, 24, 20, 14][20, 7, 27, 29][2, 10, 21, 5][11, 17, 22][3, 11][18, 19][9, 14][10, 29] 
[5, 21, 10, 2, 29, 27, 7][15, 6, 13, 0, 18, 19][25, 22, 12, 8, 26][3, 9, 1, 23][4, 24, 20, 14][16, 28, 17][1, 3, 11][17, 19][17, 22][11, 17][9, 14][7, 20] 
[5, 21, 10, 2, 29, 27, 7][15, 6, 13, 0, 18, 19][25, 22, 12, 8, 26][4, 24, 20, 14][3, 9, 1, 23][1, 3, 11][16, 28, 17][7, 20][9, 14][11, 17][17, 19][17, 22] 
[25, 22, 12, 8, 26][15, 6, 13, 0, 18][3, 9, 1, 23][4, 24, 20, 14][20, 7, 27, 29][2, 10, 21, 5][16, 28, 17, 19][11, 17, 22][9, 14][10, 29][3, 11][18, 19] 
[5, 21, 10, 2, 29, 27, 7][15, 6, 13, 0, 18, 19][25, 22, 12, 8, 26][3, 9, 1, 23][4, 24, 20, 14][16, 28, 17][1, 3, 11][17, 22][11, 17][17, 19][9, 14][7, 20] 
[5, 21, 10, 2, 29, 27, 7][15, 6, 13, 0, 18, 19][25, 22, 12, 8, 26][4, 24, 20, 14][3, 9, 1, 23][1, 3, 11][16, 28, 17][7, 20][9, 14][11, 17][17, 22][17, 19] 
[5, 21, 10, 2, 29, 27, 7][15, 6, 13, 0, 18, 19][25, 22, 12, 8, 26][4, 24, 20, 14][3, 9, 1, 23][1, 3, 11][16, 28, 17][7, 20][9, 14][11, 17][17, 22][17, 19] 
[25, 22, 12, 8, 26][15, 6, 13, 0, 18][16, 28, 17, 19][1, 23, 9, 3][4, 24, 20, 14][20, 7, 27, 29][2, 10, 21, 5][11, 17, 22][18, 19][3, 11][9, 14][10, 29] 
[5, 21, 10, 2, 29, 27, 7][15, 6, 13, 0, 18, 19][25, 22, 12, 8, 26][4, 24, 20, 14][3, 9, 1, 23][1, 3, 11][16, 28, 17][7, 20][9, 14][11, 17][17, 19][17, 22] 
[5, 21, 10, 2, 29, 27, 7][15, 6, 13, 0, 18, 19][25, 22, 12, 8, 26][3, 9, 1, 23][4, 24, 20, 14][1, 3, 11][16, 28, 17][9, 14][7, 20][11, 17][17, 22][17, 19] 
[26, 8, 12, 19, 22, 25, 28, 0, 18, 13, 6, 2, 29][6, 15, 27, 7, 4, 20, 14, 23, 1, 9, 3, 11, 17][5, 21, 2, 27][16, 28][2, 10][3, 11][15, 27][4, 24][4, 24][3, 11][6, 13][3, 11] 
[6, 15, 27, 7, 4, 24, 20, 14, 23, 1, 9, 3, 11, 17][26, 8, 12, 19, 22, 25, 28, 0, 18, 13, 6, 2, 29][26, 8, 19, 22, 25, 0, 13, 6, 2, 29][5, 21, 10, 29, 27][2, 6][16, 28][3, 11][22, 25][1, 23][2, 29][2, 6][4, 24] 
[6, 15, 27, 7, 4, 24, 20, 14, 23, 1, 9, 3, 11, 17][26, 8, 12, 19, 22, 25, 28, 0, 18, 13, 6, 2, 29][2, 10, 21, 5][22, 25][7, 16][11, 17][7, 16][15, 27][7, 16][11, 17][2, 10][22, 25] 
[26, 8, 12, 19, 22, 25, 28, 0, 18, 13, 6, 2, 29][3, 9, 1, 23, 14, 20, 24, 4, 7, 27, 15, 6][5, 21, 10][4, 24][2, 10][16, 28][15, 27][3, 11][15, 27][22, 25][11, 17][6, 13] 
[6, 15, 27, 7, 4, 24, 20, 14, 23, 1, 9][6, 13, 18, 0, 28, 25, 22, 19][5, 21, 10, 2, 29, 27][22, 12, 8, 26][16, 28, 17][1, 3, 11][22, 25][14, 23][4, 24][14, 23][2, 10][14, 23] 
[26, 8, 12, 19, 22, 25, 28, 0, 18, 13, 6, 2, 29][3, 9, 1, 23, 14, 20, 24, 4, 7, 27, 15][2, 10, 21, 5][2, 6][7, 16][3, 11][14, 23][11, 17][14, 23][16, 28][0, 18][2, 6] 
[6, 15, 27, 7, 4, 24, 20, 14, 23, 1, 9, 3, 11, 17][26, 8, 12, 19, 22, 25, 28, 0, 18, 13, 6, 2, 29][26, 8, 19, 22, 25, 0, 13, 6, 2, 29][5, 21, 10, 29, 27][2, 6][16, 28][3, 11][22, 25][1, 23][2, 29][2, 6][4, 24] 
[6, 15, 27, 7, 24, 20, 14, 23, 1, 9, 3, 11, 17][26, 8, 12, 19, 22, 25, 28, 0, 18, 13, 6, 2, 29][2, 10, 21, 5][4, 24][16, 28][2, 6][15, 27][15, 27][11, 17][22, 25][11, 17][2, 6] 
[6, 15, 27, 7, 4, 24, 20, 14, 23, 1, 9, 3, 11][19, 22, 25, 28, 0, 18, 13, 6, 2, 29][2, 10, 21, 5][22, 12, 8, 26][14, 23][16, 28][11, 17][15, 27][14, 23][4, 24][22, 25][11, 17] 
[26, 8, 12, 19, 22, 25, 28, 0, 18, 13, 6, 2, 29][6, 15, 27, 7, 4, 20, 14, 23, 1, 9, 3, 11, 17][5, 21, 2, 27][16, 28][2, 10][3, 11][15, 27][4, 24][4, 24][3, 11][6, 13][3, 11] 
[6, 15, 27, 7, 4, 24, 20, 14, 23, 1, 9, 3, 11][26, 8, 12, 19, 22, 25, 28, 0, 18, 13, 6, 2, 29][2, 10, 21, 5][16, 28][15, 27][11, 17][2, 6][4, 24][15, 27][4, 24][15, 27][7, 20] 
[6, 15, 27, 7, 4, 24, 20, 14, 23, 1, 9, 3, 11][26, 8, 12, 19, 22, 25, 28, 0, 18, 13, 6, 2, 29][2, 10, 21, 5][14, 23][4, 24][6, 13][17, 19][7, 16][17, 22][22, 25][22, 25][1, 23] 
[6, 15, 27, 7, 4, 24, 20, 14, 23, 1, 9][6, 13, 18, 0, 28, 25, 22, 19][5, 21, 10, 2, 29, 27][22, 12, 8, 26][16, 28, 17][1, 3, 11][22, 25][14, 23][4, 24][14, 23][2, 10][14, 23] 
[6, 15, 27, 7, 4, 24, 20, 14, 23, 1, 9, 3, 11, 17][26, 8, 12, 19, 22, 25, 28, 0, 18, 13, 6, 2, 29][6, 13, 18, 0, 28][2, 10, 21, 5][22, 25][7, 16][14, 23][7, 16][0, 18][2, 6][10, 21][0, 18] 
[6, 15, 27, 7, 4, 24, 20, 14, 23, 1, 9, 3, 11, 17][26, 8, 12, 19, 22, 25, 28, 0, 18, 13, 6, 2, 29][2, 10, 21, 5][2, 6][16, 28][7, 16][4, 24][7, 16][15, 27][15, 27][11, 17][11, 17] 
[6, 15, 27, 7, 24, 20, 14, 23, 1, 9, 3, 11, 17][26, 8, 12, 19, 22, 25, 28, 0, 18, 13, 6, 2, 29][2, 10, 21, 5][4, 24][16, 28][2, 6][15, 27][15, 27][11, 17][22, 25][11, 17][2, 6] 
[6, 15, 27, 7, 4, 24, 20, 14, 23, 1, 9, 3, 11, 17][26, 8, 12, 19, 22, 25, 28, 0, 18, 13, 6, 2, 29][2, 10, 21, 5][7, 16][22, 25][14, 23][22, 25][15, 27][2, 6][7, 16][2, 6][15, 27] 
[6, 15, 27, 7, 24, 20, 14, 23, 1, 9, 3, 11, 17][26, 8, 12, 19, 22, 25, 28, 0, 18, 13, 6, 2, 29][2, 10, 21, 5][11, 17][16, 28][4, 24][4, 24][11, 17][15, 27][2, 6][2, 6][15, 27] 
[6, 15, 27, 7, 4, 24, 20, 14, 23, 1, 9, 3, 11, 17][26, 8, 12, 19, 22, 25, 28, 0, 18, 13, 6, 2, 29][6, 13, 18, 0, 28][2, 10, 21, 5][22, 25][7, 16][14, 23][7, 16][0, 18][2, 6][10, 21][0, 18] 
[6, 15, 27, 7, 4, 24, 20, 14, 23, 1, 9, 3, 11, 17][26, 8, 12, 19, 22, 25, 28, 0, 18, 13, 6, 2, 29][2, 10, 21, 5][2, 6][16, 28][7, 16][4, 24][7, 16][15, 27][15, 27][11, 17][11, 17] 
[6, 15, 27, 7, 4, 24, 20, 14, 23, 1, 9, 3, 11][6, 13, 18, 0, 28, 25, 22, 19, 12, 8, 26][10, 2, 29, 27][5, 21, 10][16, 28][22, 25][17, 19][14, 23][0, 18][4, 24][22, 25][1, 23] 
[5, 21, 10, 2, 29, 27, 7][15, 6, 13, 0, 18][25, 22, 12, 8, 26][4, 24, 20, 14][16, 28, 17, 19][9, 1, 23][1, 3, 11][7, 20][9, 14][11, 17][18, 19][17, 22] 
[5, 21, 10, 2, 29, 27, 7][15, 6, 13, 0, 18][25, 22, 12, 8, 26][16, 28, 17, 19][4, 24, 20, 14][1, 3, 11][9, 1, 23][18, 19][11, 17][17, 22][9, 14][7, 20] 
[5, 21, 10, 2, 29, 27, 7][15, 6, 13, 0, 18][25, 22, 12, 8, 26][16, 28, 17, 19][4, 24, 20, 14][9, 1, 23][1, 3, 11][11, 17][9, 14][18, 19][17, 22][7, 20] 
[5, 21, 10, 2, 29, 27, 7][15, 6, 13, 0, 18][25, 22, 12, 8, 26][16, 28, 17, 19][4, 24, 20, 14][1, 3, 11][9, 1, 23][18, 19][17, 22][11, 17][9, 14][7, 20] 
[5, 21, 10, 2, 29, 27, 7][25, 22, 12, 8, 26][15, 6, 13, 0, 18][16, 28, 17, 19][4, 24, 20, 14][1, 3, 11][9, 1, 23][17, 22][18, 19][11, 17][9, 14][7, 20] 
[5, 21, 10, 2, 29, 27, 7][25, 22, 12, 8, 26][15, 6, 13, 0, 18][16, 28, 17, 19][4, 24, 20, 14][1, 3, 11][9, 1, 23][11, 17][9, 14][17, 22][7, 20][18, 19] 
[5, 21, 10, 2, 29, 27, 7][25, 22, 12, 8, 26][15, 6, 13, 0, 18][4, 24, 20, 14][16, 28, 17, 19][9, 1, 23][1, 3, 11][7, 20][9, 14][11, 17][17, 22][18, 19] 
[5, 21, 10, 2, 29, 27, 7][15, 6, 13, 0, 18][25, 22, 12, 8, 26][16, 28, 17, 19][4, 24, 20, 14][1, 3, 11][9, 1, 23][18, 19][17, 22][11, 17][9, 14][7, 20] 
[5, 21, 10, 2, 29, 27, 7][15, 6, 13, 0, 18][25, 22, 12, 8, 26][16, 28, 17, 19][4, 24, 20, 14][1, 3, 11][9, 1, 23][18, 19][17, 22][11, 17][9, 14][7, 20] 
[5, 21, 10, 2, 29, 27, 7][15, 6, 13, 0, 18][25, 22, 12, 8, 26][16, 28, 17, 19][4, 24, 20, 14][1, 3, 11][9, 1, 23][18, 19][17, 22][11, 17][9, 14][7, 20] 
[5, 21, 10, 2, 29, 27, 7][25, 22, 12, 8, 26][15, 6, 13, 0, 18][16, 28, 17, 19][4, 24, 20, 14][1, 3, 11][9, 1, 23][17, 22][18, 19][11, 17][9, 14][7, 20] 
[5, 21, 10, 2, 29, 27, 7][15, 6, 13, 0, 18][25, 22, 12, 8, 26][16, 28, 17, 19][4, 24, 20, 14][1, 3, 11][9, 1, 23][18, 19][11, 17][17, 22][9, 14][7, 20] 
[5, 21, 10, 2, 29, 27, 7][15, 6, 13, 0, 18][25, 22, 12, 8, 26][4, 24, 20, 14][16, 28, 17, 19][9, 1, 23][1, 3, 11][9, 14][11, 17][18, 19][7, 20][17, 22] 
[5, 21, 10, 2, 29, 27, 7][15, 6, 13, 0, 18][25, 22, 12, 8, 26][16, 28, 17, 19][4, 24, 20, 14][1, 3, 11][9, 1, 23][18, 19][11, 17][17, 22][9, 14][7, 20] 
[5, 21, 10, 2, 29, 27, 7][15, 6, 13, 0, 18][25, 22, 12, 8, 26][4, 24, 20, 14][16, 28, 17, 19][9, 1, 23][1, 3, 11][9, 14][11, 17][18, 19][7, 20][17, 22] 
[5, 21, 10, 2, 29, 27, 7][15, 6, 13, 0, 18, 19][25, 22, 12, 8, 26][3, 9, 1, 23][4, 24, 20, 14][1, 3, 11][16, 28, 17][9, 14][7, 20][11, 17][17, 22][17, 19] 
[5, 21, 10, 2, 29, 27, 7][15, 6, 13, 0, 18, 19][25, 22, 12, 8, 26][4, 24, 20, 14][3, 9, 1, 23][1, 3, 11][16, 28, 17][9, 14][7, 20][11, 17][17, 22][17, 19] 
[5, 21, 10, 2, 29, 27, 7][15, 6, 13, 0, 18, 19][25, 22, 12, 8, 26][3, 9, 1, 23][4, 24, 20, 14][16, 28, 17][1, 3, 11][17, 19][17, 22][11, 17][9, 14][7, 20] 
[5, 21, 10, 2, 29, 27, 7][15, 6, 13, 0, 18, 19][25, 22, 12, 8, 26][3, 9, 1, 23][4, 24, 20, 14][16, 28, 17][1, 3, 11][17, 19][17, 22][11, 17][9, 14][7, 20] 
[5, 21, 10, 2, 29, 27, 7][15, 6, 13, 0, 18, 19][25, 22, 12, 8, 26][3, 9, 1, 23][4, 24, 20, 14][16, 28, 17][1, 3, 11][17, 19][17, 22][11, 17][9, 14][7, 20] 
[5, 21, 10, 2, 29, 27, 7][15, 6, 13, 0, 18, 19][25, 22, 12, 8, 26][3, 9, 1, 23][4, 24, 20, 14][16, 28, 17][1, 3, 11][17, 19][17, 22][11, 17][9, 14][7, 20] 
[5, 21, 10, 2, 29, 27, 7][25, 22, 12, 8, 26][15, 6, 13, 0, 18][16, 28, 17, 19][4, 24, 20, 14][1, 3, 11][9, 1, 23][11, 17][9, 14][17, 22][7, 20][18, 19] 
[5, 21, 10, 2, 29, 27, 7][15, 6, 13, 0, 18][25, 22, 12, 8, 26][16, 28, 17, 19][4, 24, 20, 14][1, 3, 11][9, 1, 23][18, 19][17, 22][11, 17][9, 14][7, 20] 
[5, 21, 10, 2, 29, 27, 7][25, 22, 12, 8, 26][15, 6, 13, 0, 18][16, 28, 17, 19][4, 24, 20, 14][1, 3, 11][9, 1, 23][17, 22][18, 19][11, 17][9, 14][7, 20] 
[5, 21, 10, 2, 29, 27, 7][15, 6, 13, 0, 18][25, 22, 12, 8, 26][16, 28, 17, 19][4, 24, 20, 14][9, 1, 23][1, 3, 11][11, 17][9, 14][18, 19][17, 22][7, 20] 
[5, 21, 10, 2, 29, 27, 7][15, 6, 13, 0, 18][25, 22, 12, 8, 26][16, 28, 17, 19][4, 24, 20, 14][1, 3, 11][9, 1, 23][18, 19][11, 17][17, 22][9, 14][7, 20] 
[5, 21, 10, 2, 29, 27, 7][25, 22, 12, 8, 26][15, 6, 13, 0, 18][16, 28, 17, 19][3, 9, 1, 23][4, 24, 20, 14][1, 3, 11][11, 17][17, 22][18, 19][9, 14][7, 20] 
[5, 21, 10, 2, 29, 27, 7][25, 22, 12, 8, 26][15, 6, 13, 0, 18][16, 28, 17, 19][4, 24, 20, 14][1, 3, 11][9, 1, 23][17, 22][18, 19][11, 17][9, 14][7, 20] 
[5, 21, 10, 2, 29, 27, 7][15, 6, 13, 0, 18, 19][25, 22, 12, 8, 26][3, 9, 1, 23][4, 24, 20, 14][16, 28, 17][1, 3, 11][17, 19][17, 22][11, 17][9, 14][7, 20] 
[5, 21, 10, 2, 29, 27, 7][15, 6, 13, 0, 18, 19][25, 22, 12, 8, 26][4, 24, 20, 14][3, 9, 1, 23][1, 3, 11][16, 28, 17][7, 20][9, 14][11, 17][17, 19][17, 22] 
[5, 21, 10, 2, 29, 27, 7][15, 6, 13, 0, 18, 19][25, 22, 12, 8, 26][3, 9, 1, 23][4, 24, 20, 14][16, 28, 17][1, 3, 11][11, 17][17, 19][17, 22][9, 14][7, 20] 
[5, 21, 10, 2, 29, 27, 7][15, 6, 13, 0, 18, 19][25, 22, 12, 8, 26][3, 9, 1, 23][4, 24, 20, 14][1, 3, 11][16, 28, 17][9, 14][7, 20][11, 17][17, 19][17, 22] 
[5, 21, 10, 2, 29, 27, 7][15, 6, 13, 0, 18, 19][25, 22, 12, 8, 26][4, 24, 20, 14][3, 9, 1, 23][1, 3, 11][16, 28, 17][7, 20][9, 14][11, 17][17, 22][17, 19] 
[5, 21, 10, 2, 29, 27, 7][15, 6, 13, 0, 18, 19][25, 22, 12, 8, 26][3, 9, 1, 23][4, 24, 20, 14][16, 28, 17][1, 3, 11][11, 17][17, 19][17, 22][9, 14][7, 20] 
[5, 21, 10, 2, 29, 27, 7][15, 6, 13, 0, 18, 19][25, 22, 12, 8, 26][3, 9, 1, 23][4, 24, 20, 14][16, 28, 17][1, 3, 11][17, 22][11, 17][17, 19][9, 14][7, 20] 
[5, 21, 10, 2, 29, 27, 7][15, 6, 13, 0, 18, 19][25, 22, 12, 8, 26][4, 24, 20, 14][3, 9, 1, 23][1, 3, 11][16, 28, 17][7, 20][9, 14][11, 17][17, 19][17, 22] 
[5, 21, 10, 2, 29, 27, 7][15, 6, 13, 0, 18, 19][25, 22, 12, 8, 26][3, 9, 1, 23][4, 24, 20, 14][16, 28, 17][1, 3, 11][17, 19][11, 17][17, 22][9, 14][7, 20] 
[5, 21, 10, 2, 29, 27, 7][15, 6, 13, 0, 18, 19][25, 22, 12, 8, 26][3, 9, 1, 23][4, 24, 20, 14][16, 28, 17][1, 3, 11][17, 19][11, 17][17, 22][9, 14][7, 20] 
[5, 21, 10, 2, 29, 27, 7][15, 6, 13, 0, 18, 19][25, 22, 12, 8, 26][4, 24, 20, 14][3, 9, 1, 23][1, 3, 11][16, 28, 17][7, 20][9, 14][11, 17][17, 19][17, 22] 
[5, 21, 10, 2, 29, 27, 7][15, 6, 13, 0, 18, 19][25, 22, 12, 8, 26][3, 9, 1, 23][4, 24, 20, 14][16, 28, 17][1, 3, 11][17, 22][11, 17][17, 19][9, 14][7, 20] 
[5, 21, 10, 2, 29, 27, 7][15, 6, 13, 0, 18, 19][25, 22, 12, 8, 26][4, 24, 20, 14][3, 9, 1, 23][1, 3, 11][16, 28, 17][7, 20][9, 14][11, 17][17, 19][17, 22] 
[5, 21, 10, 2, 29, 27, 7][15, 6, 13, 0, 18, 19][25, 22, 12, 8, 26][3, 9, 1, 23][4, 24, 20, 14][16, 28, 17][1, 3, 11][17, 22][11, 17][17, 19][9, 14][7, 20] 
[5, 21, 10, 2, 29, 27, 7][15, 6, 13, 0, 18, 19][25, 22, 12, 8, 26][4, 24, 20, 14][3, 9, 1, 23][1, 3, 11][16, 28, 17][7, 20][9, 14][11, 17][17, 22][17, 19] 
[5, 21, 10, 2, 29, 27, 7][15, 6, 13, 0, 18, 19][25, 22, 12, 8, 26][1, 4, 24, 20, 14][16, 28, 17][3, 9, 23][17, 19][11, 17][17, 22][3, 11][9, 14][7, 20] 
[5, 21, 10, 2, 29, 27, 7][15, 6, 13, 0, 18, 19][1, 4, 24, 20, 14][25, 22, 12, 8, 26][3, 9, 23][16, 28, 17][7, 20][9, 14][3, 11][11, 17][17, 22][17, 19] 
[5, 21, 10, 2, 29, 27, 7][15, 6, 13, 0, 18, 19][25, 22, 12, 8, 26][1, 4, 24, 20, 14][16, 28, 17][3, 9, 23][17, 19][11, 17][17, 22][3, 11][9, 14][7, 20] 
[5, 21, 10, 2, 29, 27, 7][15, 6, 13, 0, 18, 19][1, 4, 24, 20, 14][25, 22, 12, 8, 26][3, 9, 23][16, 28, 17][7, 20][9, 14][3, 11][11, 17][17, 22][17, 19] 
[5, 21, 10, 2, 29, 27, 7][15, 6, 13, 0, 18, 19][1, 4, 24, 20, 14][25, 22, 12, 8, 26][3, 9, 23][16, 28, 17][7, 20][9, 14][3, 11][11, 17][17, 22][17, 19] 
[5, 21, 10, 2, 29, 27, 7][15, 6, 13, 0, 18, 19][25, 22, 12, 8, 26][16, 28, 17, 19][3, 9, 1, 23][4, 24, 20, 14][1, 3, 11][18, 19][11, 17][9, 14][7, 20][17, 22] 
[5, 21, 10, 2, 29, 27, 7][25, 22, 12, 8, 26][15, 6, 13, 0, 18][4, 24, 20, 14][3, 9, 1, 23][16, 28, 17, 19][7, 20][9, 14][3, 11][11, 17][17, 22][18, 19] 
[5, 21, 10, 2, 29, 27, 7][15, 6, 13, 0, 18][25, 22, 12, 8, 26][4, 24, 20, 14][3, 9, 1, 23][16, 28, 17, 19][7, 20][9, 14][3, 11][11, 17][18, 19][17, 22] 
[5, 21, 10, 2, 29, 27, 7][25, 22, 12, 8, 26][15, 6, 13, 0, 18][3, 9, 1, 23][4, 24, 20, 14][16, 28, 17, 19][9, 14][7, 20][3, 11][11, 17][17, 22][18, 19] 
[5, 21, 10, 2, 29, 27, 7][25, 22, 12, 8, 26][15, 6, 13, 0, 18][16, 28, 17, 19][3, 9, 1, 23][4, 24, 20, 14][17, 22][18, 19][11, 17][3, 11][9, 14][7, 20] 
[5, 21, 10, 2, 29, 27, 7][25, 22, 12, 8, 26][15, 6, 13, 0, 18][4, 24, 20, 14][3, 9, 1, 23][16, 28, 17, 19][7, 20][9, 14][3, 11][11, 17][17, 22][18, 19] 
[5, 21, 10, 2, 29, 27, 7][15, 6, 13, 0, 18, 19][25, 22, 12, 8, 26][4, 24, 20, 14][3, 9, 1, 23][1, 3, 11][16, 28, 17][9, 14][7, 20][11, 17][17, 22][17, 19] 
[5, 21, 10, 2, 29, 27, 7][25, 22, 12, 8, 26][15, 6, 13, 0, 18][16, 28, 17, 19][4, 24, 20, 14][1, 3, 11][3, 9, 23][17, 22][11, 17][18, 19][9, 14][7, 20] 
