[14, 11, 25, 28, 16][5, 21, 10, 15][4, 7, 2, 29][0, 18, 22, 17][3, 1, 9, 23][19, 12, 8, 26][6, 10, 27][20, 7, 27][6, 13, 18][14, 20, 24][14, 23][12, 22] 
[14, 11, 25, 28, 16][0, 18, 22, 17][5, 21, 10, 15][4, 7, 2, 29][19, 12, 8, 26][3, 1, 9, 23][6, 13, 18][6, 10, 27][20, 7, 27][14, 20, 24][12, 22][14, 23] 
[14, 11, 25, 28, 16][4, 7, 2, 29][5, 21, 10, 15][0, 18, 22, 17][19, 12, 8, 26][3, 1, 9, 23][20, 7, 27][14, 20, 24][6, 10, 27][6, 13, 18][12, 22][14, 23] 
[14, 11, 25, 28, 16][19, 12, 8, 26][0, 18, 22, 17][5, 21, 10, 15][4, 7, 2, 29][3, 1, 9, 23][6, 13, 18][6, 10, 27][20, 7, 27][14, 20, 24][12, 22][14, 23] 
[14, 11, 25, 28, 16][4, 7, 2, 29][5, 21, 10, 15][0, 18, 22, 17][19, 12, 8, 26][3, 1, 9, 23][14, 20, 24][20, 7, 27][6, 10, 27][6, 13, 18][3, 11][12, 22] 
[14, 11, 25, 28, 16][4, 7, 2, 29][5, 21, 10, 15][0, 18, 22, 17][19, 12, 8, 26][3, 1, 9, 23][20, 7, 27][14, 20, 24][6, 10, 27][6, 13, 18][19, 22][3, 11] 
[14, 11, 25, 28, 16][0, 18, 22, 17][5, 21, 10, 15][4, 7, 2, 29][3, 1, 9, 23][19, 12, 8, 26][6, 13, 18][6, 10, 27][20, 7, 27][14, 20, 24][1, 14][12, 22] 
[14, 11, 25, 28, 16][4, 7, 2, 29][5, 21, 10, 15][0, 18, 22, 17][3, 1, 9, 23][19, 12, 8, 26][14, 20, 24][20, 7, 27][6, 10, 27][6, 13, 18][3, 11][12, 22] 
[0, 18, 22, 17][19, 12, 8, 26][5, 21, 10, 15][4, 7, 2, 29][14, 1, 9, 23][11, 25, 28, 16][6, 13, 18][6, 10, 27][20, 7, 27][14, 20, 24][1, 3, 11][19, 22] 
[5, 21, 10, 15][0, 18, 22, 17][4, 7, 2, 29][14, 1, 9, 23][11, 25, 28, 16][19, 12, 8, 26][6, 10, 27][6, 13, 18][20, 7, 27][14, 20, 24][1, 3, 11][12, 22] 
[14, 11, 25, 28, 16][3, 1, 9, 23][4, 7, 2, 29][5, 21, 10, 15][0, 18, 22, 17][19, 12, 8, 26][14, 20, 24][20, 7, 27][6, 10, 27][6, 13, 18][14, 23][12, 22] 
[14, 11, 25, 28, 16][4, 7, 2, 29][5, 21, 10, 15][0, 18, 22, 17][19, 12, 8, 26][3, 1, 9, 23][20, 7, 27][14, 20, 24][6, 10, 27][6, 13, 18][12, 22][14, 23] 
[14, 11, 25, 28, 16][0, 18, 22, 17][19, 12, 8, 26][5, 21, 10, 15][4, 7, 2, 29][3, 1, 9, 23][6, 13, 18][6, 10, 27][20, 7, 27][14, 20, 24][12, 22][14, 23] 
[14, 11, 25, 28, 16][19, 12, 8, 26][0, 18, 22, 17][5, 21, 10, 15][4, 7, 2, 29][3, 1, 9, 23][6, 13, 18][6, 10, 27][20, 7, 27][14, 20, 24][12, 22][3, 11] 
[14, 11, 25, 28, 16][19, 12, 8, 26][0, 18, 22, 17][5, 21, 10, 15][4, 7, 2, 29][3, 1, 9, 23][6, 13, 18][6, 10, 27][20, 7, 27][14, 20, 24][19, 22][3, 11] 
[14, 11, 25, 28, 16][5, 21, 10, 15][0, 18, 22, 17][4, 7, 2, 29][19, 12, 8, 26][3, 1, 9, 23][6, 10, 27][6, 13, 18][20, 7, 27][14, 20, 24][12, 22][3, 11] 
[14, 11, 25, 28, 16][0, 18, 22, 17][5, 21, 10, 15][4, 7, 2, 29][3, 1, 9, 23][19, 12, 8, 26][6, 13, 18][6, 10, 27][20, 7, 27][14, 20, 24][14, 23][12, 22] 
[14, 11, 25, 28, 16][0, 18, 22, 17][19, 12, 8, 26][5, 21, 10, 15][4, 7, 2, 29][3, 1, 9, 23][6, 13, 18][6, 10, 27][20, 7, 27][14, 20, 24][12, 22][14, 23] 
[14, 11, 25, 28, 16][4, 7, 2, 29][5, 21, 10, 15][0, 18, 22, 17][19, 12, 8, 26][3, 1, 9, 23][14, 20, 24][20, 7, 27][6, 10, 27][6, 13, 18][3, 11][12, 22] 
[14, 11, 25, 28, 16][4, 7, 2, 29][5, 21, 10, 15][0, 18, 22, 17][19, 12, 8, 26][3, 1, 9, 23][20, 7, 27][6, 10, 27][6, 13, 18][14, 20, 24][12, 22][14, 23] 
[14, 11, 25, 28, 16][5, 21, 10, 15][4, 7, 2, 29][0, 18, 22, 17][3, 1, 9, 23][19, 12, 8, 26][6, 10, 27][20, 7, 27][6, 13, 18][14, 20, 24][14, 23][12, 22] 
[14, 11, 25, 28, 16][3, 1, 9, 23][4, 7, 2, 29][5, 21, 10, 15][0, 18, 22, 17][19, 12, 8, 26][14, 20, 24][20, 7, 27][6, 10, 27][6, 13, 18][14, 23][12, 22] 
[14, 11, 25, 28, 16][3, 1, 9, 23][4, 7, 2, 29][5, 21, 10, 15][0, 18, 22, 17][19, 12, 8, 26][14, 20, 24][20, 7, 27][6, 10, 27][6, 13, 18][14, 23][12, 22] 
[14, 11, 25, 28, 16][3, 1, 9, 23][4, 7, 2, 29][5, 21, 10, 15][0, 18, 22, 17][19, 12, 8, 26][14, 20, 24][20, 7, 27][6, 10, 27][6, 13, 18][3, 11][12, 22] 
[14, 11, 25, 28, 16][4, 7, 2, 29][5, 21, 10, 15][0, 18, 22, 17][19, 12, 8, 26][3, 1, 9, 23][20, 7, 27][14, 20, 24][6, 10, 27][6, 13, 18][19, 22][3, 11] 
[14, 11, 25, 28, 16][3, 1, 9, 23][4, 7, 2, 29][5, 21, 10, 15][0, 18, 22, 17][19, 12, 8, 26][14, 20, 24][20, 7, 27][6, 10, 27][6, 13, 18][3, 11][12, 22] 
[14, 11, 25, 28, 16][4, 7, 2, 29][5, 21, 10, 15][0, 18, 22, 17][19, 12, 8, 26][3, 1, 9, 23][14, 20, 24][20, 7, 27][6, 10, 27][6, 13, 18][12, 22][14, 23] 
[14, 11, 25, 28, 16][3, 1, 9, 23][4, 7, 2, 29][5, 21, 10, 15][0, 18, 22, 17][19, 12, 8, 26][14, 20, 24][20, 7, 27][6, 10, 27][6, 13, 18][14, 23][12, 22] 
[14, 11, 25, 28, 16][19, 12, 8, 26][0, 18, 22, 17][5, 21, 10, 15][4, 7, 2, 29][3, 1, 9, 23][6, 13, 18][6, 10, 27][20, 7, 27][14, 20, 24][12, 22][3, 11] 
[14, 11, 25, 28, 16][4, 7, 2, 29][5, 21, 10, 15][0, 18, 22, 17][19, 12, 8, 26][3, 1, 9, 23][20, 7, 27][6, 10, 27][6, 13, 18][14, 20, 24][12, 22][14, 23] 
[14, 11, 25, 28, 16][3, 1, 9, 23][4, 7, 2, 29][5, 21, 10, 15][0, 18, 22, 17][19, 12, 8, 26][14, 20, 24][20, 7, 27][6, 10, 27][6, 13, 18][14, 23][12, 22] 
[14, 11, 25, 28, 16][3, 1, 9, 23][4, 7, 2, 29][5, 21, 10, 15][0, 18, 22, 17][19, 12, 8, 26][14, 20, 24][20, 7, 27][6, 10, 27][6, 13, 18][14, 23][12, 22] 
[14, 11, 25, 28, 16][3, 1, 9, 23][4, 7, 2, 29][5, 21, 10, 15][0, 18, 22, 17][19, 12, 8, 26][14, 20, 24][20, 7, 27][6, 10, 27][6, 13, 18][3, 11][12, 22] 
[14, 11, 25, 28, 16][4, 7, 2, 29][5, 21, 10, 15][0, 18, 22, 17][3, 1, 9, 23][19, 12, 8, 26][20, 7, 27][14, 20, 24][6, 10, 27][6, 13, 18][14, 23][12, 22] 
[14, 11, 25, 28, 16][0, 18, 22, 17][5, 21, 10, 15][4, 7, 2, 29][19, 12, 8, 26][3, 1, 9, 23][6, 13, 18][6, 10, 27][20, 7, 27][14, 20, 24][12, 22][14, 23] 
[9, 1, 4, 14, 24, 20, 23, 3, 11, 17, 18, 13][15, 27, 7, 2, 29, 10, 16, 28, 17][22, 12, 8, 26, 0, 28][13, 6, 5, 21][8, 26][11, 25][12, 19][12, 19][8, 26][8, 26][8, 26][8, 26] 
[9, 1, 4, 14, 24, 20, 23, 3, 11, 17, 18, 13][15, 27, 7, 2, 29, 10, 16, 28, 17][22, 12, 8, 26, 0, 28][13, 6, 5, 21][12, 19][25, 28][25, 28][8, 26][16, 28][8, 26][8, 26][8, 26] 
[9, 1, 4, 14, 24, 20, 23, 3, 11, 17, 18, 13][15, 27, 7, 2, 29, 10, 16, 28, 17][22, 12, 8, 26, 0, 28][13, 6, 5, 21][13, 6, 21][6, 5, 21][11, 25][12, 19][6, 21][8, 26][8, 26][8, 26] 
[9, 1, 4, 14, 24, 20, 23, 3, 11, 17, 18][15, 27, 7, 2, 29, 10, 16, 28, 17][22, 12, 8, 26, 0, 28][13, 6, 5, 21][11, 25][12, 19][8, 26][8, 26][8, 26][8, 26][8, 26][13, 18] 
[9, 1, 4, 14, 24, 20, 23, 3, 11, 17, 18, 13][16, 28, 0, 26, 8, 12, 22][15, 27, 7, 2, 29, 10, 16][13, 6, 5, 21][25, 28][17, 22][12, 19][7, 27][8, 26][7, 27][8, 12][8, 26] 
[9, 1, 4, 14, 24, 20, 23, 3, 11, 17, 18, 13][15, 27, 7, 2, 29, 10, 16, 28][22, 12, 8, 26, 0, 28][13, 6, 5, 21][12, 19][11, 25][8, 26][25, 28][8, 26][20, 24][8, 26][8, 26] 
[9, 1, 4, 14, 24, 20, 23, 3, 11, 17, 18, 13][15, 27, 7, 2, 29, 10, 16, 28, 17][22, 12, 8, 26, 0, 28][13, 6, 5, 21][8, 26][12, 19][25, 28][13, 18][8, 26][8, 26][8, 26][8, 26] 
[9, 1, 4, 14, 24, 20, 23, 3, 11, 17, 18, 13][15, 27, 7, 2, 29, 10, 16, 28, 17][22, 12, 8, 26, 0, 28][13, 6, 5, 21][12, 19][16, 28][25, 28][8, 26][8, 26][8, 26][8, 26][8, 26] 
[9, 1, 4, 14, 24, 20, 23, 3, 11, 17, 18, 13][15, 27, 7, 2, 29, 10, 16, 28][22, 12, 8, 26, 0, 28][13, 6, 5, 21][8, 26][12, 19][25, 28][8, 26][8, 26][17, 28][8, 26][8, 26] 
[9, 1, 4, 14, 24, 20, 23, 3, 11, 17, 18, 13][15, 27, 7, 2, 29, 10, 16, 28, 17][22, 12, 8, 26, 0, 28][13, 6, 5, 21][8, 26][12, 19][25, 28][13, 18][8, 26][8, 26][8, 26][8, 26] 
[9, 1, 4, 14, 24, 20, 23, 3, 11, 17, 18, 13][15, 27, 7, 2, 29, 10, 16, 28, 17][22, 12, 8, 26, 0, 28][13, 6, 5, 21][8, 26][25, 28][12, 19][8, 26][8, 26][8, 26][8, 26][8, 26] 
[9, 1, 4, 14, 24, 20, 23, 3, 11, 17, 18, 13][15, 27, 7, 2, 29, 10, 16, 28, 17][22, 12, 8, 26, 0, 28][17, 28, 16, 10, 29][13, 6, 5, 21][8, 26][25, 28][12, 19][8, 26][13, 18][8, 26][8, 26] 
[9, 1, 4, 14, 24, 20, 23, 3, 11, 17, 18, 13][15, 27, 7, 2, 29, 10, 16, 28][22, 12, 8, 26, 0, 28][13, 6, 5, 21][12, 19][11, 25][8, 26][25, 28][8, 26][20, 24][8, 26][8, 26] 
[9, 1, 4, 14, 24, 20, 23, 3, 11, 17, 18, 13][15, 27, 7, 2, 29, 10, 16, 28, 17][22, 12, 8, 26, 0, 28][13, 6, 5, 21][8, 26][12, 22][12, 19][25, 28][12, 22][16, 28][8, 26][20, 24] 
[9, 1, 4, 14, 24, 20, 23, 3, 11, 17, 18, 13][15, 27, 7, 2, 29, 10, 16, 28, 17][22, 12, 8, 26, 0, 28][6, 5, 21][8, 26][12, 19][11, 25][6, 13][8, 26][8, 26][8, 26][8, 26] 
[9, 1, 4, 14, 24, 20, 23, 3, 11, 17, 18, 13][15, 27, 7, 2, 29, 10, 16, 28, 17][22, 12, 8, 26, 0, 28][13, 6, 5, 21][8, 26][25, 28][12, 19][8, 26][8, 26][8, 26][8, 26][8, 26] 
[9, 1, 4, 14, 24, 20, 23, 3, 11, 17, 18, 13][15, 27, 7, 2, 29, 10, 16, 28, 17][22, 12, 8, 26, 0, 28][17, 28, 16, 10, 29][13, 6, 5, 21][8, 26][25, 28][12, 19][8, 26][13, 18][8, 26][8, 26] 
[9, 1, 4, 14, 24, 20, 23, 3, 11, 17, 18, 13][15, 27, 7, 2, 29, 10, 16, 28, 17][22, 12, 8, 26, 0, 28][13, 6, 5, 21][20, 24][12, 19][11, 25][16, 28][7, 27][16, 28][7, 27][8, 26] 
[9, 1, 4, 14, 24, 20, 23, 3, 11, 17, 18, 13][15, 27, 7, 2, 29, 10, 16, 28, 17][22, 12, 8, 26, 0, 28][13, 6, 5, 21][8, 26][12, 22][12, 19][25, 28][12, 22][16, 28][8, 26][20, 24] 
[9, 1, 4, 14, 24, 20, 23, 3, 11, 17, 18, 13][15, 27, 7, 2, 29, 10, 16, 28, 17][22, 12, 8, 26, 0, 28][13, 6, 5, 21][12, 19][16, 28][25, 28][8, 26][8, 26][8, 26][8, 26][8, 26] 
[9, 1, 4, 14, 24, 20, 23, 3, 11, 17, 18, 13][15, 27, 7, 2, 29, 10, 16, 28, 17][22, 12, 8, 26, 0, 28][13, 6, 5, 21][8, 26][12, 19][25, 28][8, 26][8, 26][8, 26][8, 26][12, 19] 
[5, 21, 10, 15][4, 7, 2, 29][14, 1, 9, 23][0, 18, 22, 17][19, 12, 8, 26][11, 25, 28, 16][6, 10, 27][20, 7, 27][14, 20, 24][6, 13, 18][1, 3, 11][12, 22] 
[0, 18, 22, 17][5, 21, 10, 15][4, 7, 2, 29][14, 1, 9, 23][11, 25, 28, 16][19, 12, 8, 26][6, 13, 18][6, 10, 27][20, 7, 27][14, 20, 24][1, 3, 11][12, 22] 
[4, 7, 2, 29][5, 21, 10, 15][14, 1, 9, 23][0, 18, 22, 17][11, 25, 28, 16][19, 12, 8, 26][20, 7, 27][6, 10, 27][14, 20, 24][6, 13, 18][1, 3, 11][12, 22] 
[19, 12, 8, 26][0, 18, 22, 17][5, 21, 10, 15][4, 7, 2, 29][14, 1, 9, 23][11, 25, 28, 16][6, 13, 18][6, 10, 27][20, 7, 27][14, 20, 24][1, 3, 11][12, 22] 
[14, 1, 9, 23][11, 25, 28, 16][4, 7, 2, 29][5, 21, 10, 15][0, 18, 22, 17][19, 12, 8, 26][14, 20, 24][1, 3, 11][20, 7, 27][6, 10, 27][6, 13, 18][12, 22] 
[11, 25, 28, 16][14, 1, 9, 23][4, 7, 2, 29][5, 21, 10, 15][0, 18, 22, 17][19, 12, 8, 26][1, 3, 11][14, 20, 24][20, 7, 27][6, 10, 27][6, 13, 18][12, 22] 
[0, 18, 22, 17][5, 21, 10, 15][4, 7, 2, 29][14, 1, 9, 23][11, 25, 28, 16][19, 12, 8, 26][6, 13, 18][6, 10, 27][20, 7, 27][14, 20, 24][1, 3, 11][12, 22] 
[14, 1, 9, 23][4, 7, 2, 29][5, 21, 10, 15][0, 18, 22, 17][19, 12, 8, 26][11, 25, 28, 16][14, 20, 24][20, 7, 27][6, 10, 27][6, 13, 18][1, 3, 11][12, 22] 
[0, 18, 22, 17][5, 21, 10, 15][4, 7, 2, 29][14, 1, 9, 23][19, 12, 8, 26][11, 25, 28, 16][6, 13, 18][6, 10, 27][20, 7, 27][14, 20, 24][1, 3, 11][12, 22] 
[19, 12, 8, 26][0, 18, 22, 17][5, 21, 10, 15][4, 7, 2, 29][14, 1, 9, 23][11, 25, 28, 16][6, 13, 18][6, 10, 27][20, 7, 27][14, 20, 24][1, 3, 11][12, 22] 
[14, 1, 9, 23][11, 25, 28, 16][4, 7, 2, 29][5, 21, 10, 15][0, 18, 22, 17][19, 12, 8, 26][14, 20, 24][1, 3, 11][20, 7, 27][6, 10, 27][6, 13, 18][12, 22] 
[0, 18, 22, 17][19, 12, 8, 26][5, 21, 10, 15][4, 7, 2, 29][14, 1, 9, 23][11, 25, 28, 16][6, 13, 18][6, 10, 27][20, 7, 27][14, 20, 24][1, 3, 11][12, 22] 
[0, 18, 22, 17][19, 12, 8, 26][5, 21, 10, 15][4, 7, 2, 29][14, 1, 9, 23][11, 25, 28, 16][6, 13, 18][6, 10, 27][20, 7, 27][14, 20, 24][1, 3, 11][12, 22] 
[14, 1, 9, 23][4, 7, 2, 29][5, 21, 10, 15][11, 25, 28, 16][0, 18, 22, 17][19, 12, 8, 26][14, 20, 24][20, 7, 27][6, 10, 27][1, 3, 11][6, 13, 18][12, 22] 
[0, 18, 22, 17][19, 12, 8, 26][5, 21, 10, 15][4, 7, 2, 29][14, 1, 9, 23][11, 25, 28, 16][6, 13, 18][6, 10, 27][20, 7, 27][14, 20, 24][1, 3, 11][12, 22] 
[14, 11, 25, 28, 16][5, 21, 10, 15][4, 7, 2, 29][0, 18, 22, 17][19, 12, 8, 26][3, 1, 9, 23][6, 10, 27][20, 7, 27][6, 13, 18][14, 20, 24][14, 23][12, 22] 
[14, 11, 25, 28, 16][19, 12, 8, 26][0, 18, 22, 17][5, 21, 10, 15][4, 7, 2, 29][3, 1, 9, 23][6, 13, 18][6, 10, 27][20, 7, 27][14, 20, 24][12, 22][14, 23] 
[14, 11, 25, 28, 16][5, 21, 10, 15][4, 7, 2, 29][0, 18, 22, 17][19, 12, 8, 26][3, 1, 9, 23][6, 10, 27][20, 7, 27][6, 13, 18][14, 20, 24][14, 23][12, 22] 
[14, 11, 25, 28, 16][5, 21, 10, 15][0, 18, 22, 17][4, 7, 2, 29][3, 1, 9, 23][19, 12, 8, 26][6, 10, 27][6, 13, 18][20, 7, 27][14, 20, 24][14, 23][12, 22] 
[14, 11, 25, 28, 16][4, 7, 2, 29][5, 21, 10, 15][0, 18, 22, 17][19, 12, 8, 26][3, 1, 9, 23][14, 20, 24][20, 7, 27][6, 10, 27][6, 13, 18][12, 22][14, 23] 
[12, 22, 19, 8, 26][14, 11, 25, 28, 16][0, 18, 22, 17][5, 21, 10, 15][4, 7, 2, 29][3, 1, 9, 23][6, 13, 18][20, 7, 27][14, 20, 24][6, 10][10, 27][1, 14] 
[19, 12, 8, 26][0, 18, 22, 17][5, 21, 10, 15][4, 7, 2, 29][14, 1, 9, 23][11, 25, 28, 16][6, 13, 18][6, 10, 27][20, 7, 27][14, 20, 24][1, 3, 11][12, 22] 
[19, 12, 8, 26][0, 18, 22, 17][5, 21, 10, 15][4, 7, 2, 29][14, 1, 9, 23][11, 25, 28, 16][6, 13, 18][6, 10, 27][20, 7, 27][14, 20, 24][1, 3, 11][12, 22] 
[14, 1, 9, 23][11, 25, 28, 16][4, 7, 2, 29][5, 21, 10, 15][0, 18, 22, 17][19, 12, 8, 26][14, 20, 24][1, 3, 11][20, 7, 27][6, 10, 27][6, 13, 18][12, 22] 
[0, 18, 22, 17][5, 21, 10, 15][4, 7, 2, 29][14, 1, 9, 23][19, 12, 8, 26][11, 25, 28, 16][6, 13, 18][6, 10, 27][20, 7, 27][14, 20, 24][1, 3, 11][12, 22] 
[4, 7, 2, 29][14, 1, 9, 23][11, 25, 28, 16][5, 21, 10, 15][0, 18, 22, 17][19, 12, 8, 26][20, 7, 27][14, 20, 24][1, 3, 11][6, 10, 27][6, 13, 18][12, 22] 
[14, 11, 25, 28, 16][4, 7, 2, 29][5, 21, 10, 15][0, 18, 22, 17][12, 19, 8, 26][3, 1, 9, 23][14, 20, 24][20, 7, 27][6, 10, 27][6, 13, 18][12, 22][1, 14] 
[0, 18, 22, 17][5, 21, 10, 15][4, 7, 2, 29][14, 1, 9, 23][11, 25, 28, 16][19, 12, 8, 26][6, 13, 18][6, 10, 27][20, 7, 27][14, 20, 24][1, 3, 11][12, 22] 
[14, 11, 25, 28, 16][4, 7, 2, 29][5, 21, 10, 15][0, 18, 22, 17][19, 12, 8, 26][3, 1, 9, 23][14, 20, 24][20, 7, 27][6, 10, 27][6, 13, 18][12, 22][14, 23] 
[14, 11, 25, 28, 16][3, 1, 9, 23][4, 7, 2, 29][5, 21, 10, 15][0, 18, 22, 17][19, 12, 8, 26][14, 20, 24][20, 7, 27][6, 10, 27][6, 13, 18][14, 23][12, 22] 
[14, 11, 25, 28, 16][0, 18, 22, 17][5, 21, 10, 15][4, 7, 2, 29][19, 12, 8, 26][3, 1, 9, 23][6, 13, 18][6, 10, 27][20, 7, 27][14, 20, 24][12, 22][14, 23] 
[14, 11, 25, 28, 16][3, 1, 9, 23][4, 7, 2, 29][5, 21, 10, 15][0, 18, 22, 17][19, 12, 8, 26][14, 20, 24][20, 7, 27][6, 10, 27][6, 13, 18][14, 23][12, 22] 
[14, 11, 25, 28, 16][19, 12, 8, 26][0, 18, 22, 17][5, 21, 10, 15][4, 7, 2, 29][3, 1, 9, 23][6, 13, 18][6, 10, 27][20, 7, 27][14, 20, 24][12, 22][14, 23] 
[14, 11, 25, 28, 16][19, 12, 8, 26][0, 18, 22, 17][5, 21, 10, 15][4, 7, 2, 29][3, 1, 9, 23][6, 13, 18][6, 10, 27][20, 7, 27][14, 20, 24][12, 22][14, 23] 
[14, 11, 25, 28, 16][4, 7, 2, 29][5, 21, 10, 15][0, 18, 22, 17][19, 12, 8, 26][3, 1, 9, 23][14, 20, 24][20, 7, 27][6, 10, 27][6, 13, 18][12, 22][14, 23] 
[14, 11, 25, 28, 16][3, 1, 9, 23][4, 7, 2, 29][5, 21, 10, 15][0, 18, 22, 17][19, 12, 8, 26][14, 20, 24][20, 7, 27][6, 10, 27][6, 13, 18][14, 23][12, 22] 
[14, 11, 25, 28, 16][0, 18, 22, 17][5, 21, 10, 15][4, 7, 2, 29][3, 1, 9, 23][19, 12, 8, 26][6, 13, 18][6, 10, 27][20, 7, 27][14, 20, 24][14, 23][12, 22] 
[14, 11, 25, 28, 16][19, 12, 8, 26][0, 18, 22, 17][5, 21, 10, 15][4, 7, 2, 29][3, 1, 9, 23][6, 13, 18][6, 10, 27][20, 7, 27][14, 20, 24][12, 22][14, 23] 
[14, 11, 25, 28, 16][4, 7, 2, 29][5, 21, 10, 15][0, 18, 22, 17][3, 1, 9, 23][19, 12, 8, 26][20, 7, 27][14, 20, 24][6, 10, 27][6, 13, 18][14, 23][12, 22] 
[14, 11, 25, 28, 16][0, 18, 22, 17][5, 21, 10, 15][4, 7, 2, 29][3, 1, 9, 23][19, 12, 8, 26][6, 13, 18][6, 10, 27][20, 7, 27][14, 20, 24][14, 23][12, 22] 
[14, 11, 25, 28, 16][4, 7, 2, 29][5, 21, 10, 15][0, 18, 22, 17][19, 12, 8, 26][3, 1, 9, 23][20, 7, 27][14, 20, 24][6, 10, 27][6, 13, 18][14, 23][12, 22] 
[14, 11, 25, 28, 16][3, 1, 9, 23][4, 7, 2, 29][5, 21, 10, 15][0, 18, 22, 17][19, 12, 8, 26][14, 20, 24][20, 7, 27][6, 10, 27][6, 13, 18][14, 23][12, 22] 
[14, 11, 25, 28, 16][3, 1, 9, 23][4, 7, 2, 29][5, 21, 10, 15][0, 18, 22, 17][19, 12, 8, 26][14, 20, 24][20, 7, 27][6, 10, 27][6, 13, 18][14, 23][12, 22] 
[12, 22, 19, 8, 26][14, 11, 25, 28, 16][5, 21, 10, 15][0, 18, 22, 17][4, 7, 2, 29][3, 1, 9, 23][6, 10, 27][6, 13, 18][20, 7, 27][14, 20, 24][14, 23][8, 19] 
[12, 22, 19, 8, 26][14, 11, 25, 28, 16][5, 21, 10, 15][0, 18, 22, 17][4, 7, 2, 29][3, 1, 9, 23][6, 10, 27][6, 13, 18][20, 7, 27][14, 20, 24][14, 23][8, 19] 
[14, 11, 25, 28, 16][12, 22, 19, 8, 26][4, 7, 2, 29][5, 21, 10, 15][0, 18, 22, 17][3, 1, 9, 23][20, 7, 27][14, 20, 24][6, 10, 27][6, 13, 18][14, 23][8, 19] 
[12, 22, 19, 8, 26][14, 11, 25, 28, 16][5, 21, 10, 15][0, 18, 22, 17][4, 7, 2, 29][3, 1, 9, 23][6, 10, 27][6, 13, 18][20, 7, 27][14, 20, 24][14, 23][8, 19] 
[14, 11, 25, 28, 16][12, 22, 19, 8, 26][4, 7, 2, 29][5, 21, 10, 15][0, 18, 22, 17][3, 1, 9, 23][20, 7, 27][14, 20, 24][6, 10, 27][6, 13, 18][14, 23][8, 19] 
[17, 22, 18, 0, 19, 8, 26][14, 11, 25, 28, 16][4, 7, 2, 29][5, 21, 10, 15][3, 1, 9, 23][14, 20, 24][20, 7, 27][6, 13, 18][10, 27][6, 10][1, 14][12, 22] 
[14, 11, 25, 28, 16][3, 1, 9, 23][4, 7, 2, 29][5, 21, 10, 15][0, 18, 22, 17][19, 12, 8, 26][14, 20, 24][20, 7, 27][6, 10, 27][6, 13, 18][1, 14][12, 22] 
[14, 11, 25, 28, 16][0, 18, 22, 17][5, 21, 10, 15][4, 7, 2, 29][3, 1, 9, 23][19, 12, 8, 26][6, 13, 18][6, 10, 27][20, 7, 27][14, 20, 24][1, 14][12, 22] 
[14, 11, 25, 28, 16][5, 21, 10, 15][0, 18, 22, 17][4, 7, 2, 29][3, 1, 9, 23][19, 12, 8, 26][6, 10, 27][6, 13, 18][20, 7, 27][14, 20, 24][1, 14][12, 22] 
[14, 11, 25, 28, 16][5, 21, 10, 15][0, 18, 22, 17][4, 7, 2, 29][3, 1, 9, 23][19, 12, 8, 26][6, 10, 27][6, 13, 18][20, 7, 27][14, 20, 24][1, 14][12, 22] 
[14, 11, 25, 28, 16][3, 1, 9, 23][4, 7, 2, 29][5, 21, 10, 15][0, 18, 22, 17][19, 12, 8, 26][14, 20, 24][20, 7, 27][6, 10, 27][6, 13, 18][1, 14][12, 22] 
[14, 11, 25, 28, 16][4, 7, 2, 29][5, 21, 10, 15][0, 18, 22, 17][19, 12, 8, 26][3, 1, 9, 23][14, 20, 24][20, 7, 27][6, 10, 27][6, 13, 18][12, 22][14, 23] 
[14, 11, 25, 28, 16][4, 7, 2, 29][5, 21, 10, 15][0, 18, 22, 17][3, 1, 9, 23][19, 12, 8, 26][14, 20, 24][20, 7, 27][6, 10, 27][6, 13, 18][3, 11][12, 22] 
