[14, 24, 4, 1, 9, 3, 23][11, 17, 12, 8, 26][5, 15, 10, 21][19, 22, 25, 28][2, 29, 27, 16][6, 13, 18][0, 17, 22][7, 20, 24][6, 15][0, 18][6, 16][7, 27] 
[14, 24, 4, 1, 9, 3, 23][11, 17, 12, 8, 26][5, 15, 10, 21][19, 22, 25, 28][2, 29, 27, 16][6, 13, 18][0, 17, 22][7, 20, 24][6, 15][0, 18][6, 16][7, 27] 
[14, 24, 4, 1, 9, 3, 23][11, 17, 12, 8, 26][19, 22, 25, 28][5, 15, 10, 21][2, 29, 27, 16][0, 17, 22][6, 13, 18][7, 20, 24][0, 18][6, 15][6, 16][7, 27] 
[14, 24, 4, 1, 9, 3, 23][11, 17, 12, 8, 26][19, 22, 25, 28][2, 29, 27, 16][5, 15, 10, 21][0, 17, 22][6, 13, 18][7, 20, 24][0, 18][6, 16][7, 27][6, 15] 
[9, 1, 4, 24, 14, 3, 23][11, 17, 12, 8, 26][2, 29, 27, 16][5, 15, 10, 21][19, 22, 25, 28][7, 20, 24][6, 13, 18][0, 17, 22][7, 27][6, 16][6, 15][0, 18] 
[9, 1, 4, 24, 14, 3, 23][11, 17, 12, 8, 26][19, 22, 25, 28][2, 29, 27, 16][5, 15, 10, 21][0, 17, 22][6, 13, 18][7, 20, 24][0, 18][6, 16][7, 27][6, 15] 
[11, 17, 12, 8, 26][3, 1, 23, 20, 7][9, 1, 4, 24, 14][2, 29, 27, 16][19, 22, 25, 28][5, 15, 10, 21][6, 13, 18][0, 17, 22][6, 16][0, 18][7, 27][6, 15] 
[9, 1, 4, 24, 14, 3, 23][11, 17, 12, 8, 26][2, 29, 27, 16][19, 22, 25, 28][5, 15, 10, 21][7, 20, 24][6, 13, 18][0, 17, 22][7, 27][6, 16][0, 18][6, 15] 
[9, 1, 4, 24, 14, 3, 23][11, 17, 12, 8, 26][5, 15, 10, 21][2, 29, 27, 16][19, 22, 25, 28][6, 13, 18][7, 20, 24][0, 17, 22][6, 15][6, 16][7, 27][0, 18] 
[9, 1, 4, 24, 14, 3, 23][11, 17, 12, 8, 26][2, 29, 27, 16][19, 22, 25, 28][5, 15, 10, 21][7, 20, 24][6, 13, 18][0, 17, 22][7, 27][6, 16][0, 18][6, 15] 
[14, 24, 4, 1, 9, 3, 23][11, 17, 12, 8, 26][19, 22, 25, 28][5, 15, 10, 21][2, 29, 27, 16][0, 17, 22][6, 13, 18][7, 20, 24][0, 18][6, 15][6, 16][7, 27] 
[14, 24, 4, 1, 9, 3, 23][11, 17, 12, 8, 26][2, 29, 27, 16][5, 15, 10, 21][19, 22, 25, 28][7, 20, 24][6, 13, 18][0, 17, 22][7, 27][6, 16][6, 15][0, 18] 
[14, 24, 4, 1, 9, 3, 23][11, 17, 12, 8, 26][2, 29, 27, 16][5, 15, 10, 21][19, 22, 25, 28][6, 13, 18][7, 20, 24][0, 17, 22][6, 16][6, 15][7, 27][0, 18] 
[9, 1, 4, 24, 14, 3, 23][11, 17, 12, 8, 26][19, 22, 25, 28][2, 29, 27, 16][5, 15, 10, 21][0, 17, 22][6, 13, 18][7, 20, 24][0, 18][6, 16][7, 27][6, 15] 
[9, 1, 4, 24, 14, 3, 23][11, 17, 12, 8, 26][19, 22, 25, 28][2, 29, 27, 16][5, 15, 10, 21][0, 17, 22][6, 13, 18][7, 20, 24][0, 18][6, 16][6, 15][7, 27] 
[9, 1, 4, 24, 14, 3, 23][11, 17, 12, 8, 26][19, 22, 25, 28][2, 29, 27, 16][5, 15, 10, 21][0, 17, 22][6, 13, 18][7, 20, 24][0, 18][6, 16][6, 15][7, 27] 
[14, 24, 4, 1, 9, 3, 23][11, 17, 12, 8, 26][19, 22, 25, 28][2, 29, 27, 16][5, 15, 10, 21][0, 17, 22][6, 13, 18][7, 20, 24][0, 18][6, 16][6, 15][7, 27] 
[14, 24, 4, 1, 9, 3, 23][11, 17, 12, 8, 26][2, 29, 27, 16][5, 15, 10, 21][19, 22, 25, 28][6, 13, 18][7, 20, 24][0, 17, 22][6, 16][6, 15][7, 27][0, 18] 
[9, 1, 4, 24, 14, 3, 23][11, 17, 12, 8, 26][19, 22, 25, 28][5, 15, 10, 21][2, 29, 27, 16][0, 17, 22][6, 13, 18][7, 20, 24][0, 18][6, 15][6, 16][7, 27] 
[14, 24, 4, 1, 9, 3, 23][11, 17, 12, 8, 26][19, 22, 25, 28][5, 15, 10, 21][2, 29, 27, 16][0, 17, 22][6, 13, 18][7, 20, 24][0, 18][6, 15][6, 16][7, 27] 
[14, 24, 4, 1, 9, 3, 23][11, 17, 12, 8, 26][5, 15, 10, 21][19, 22, 25, 28][2, 29, 27, 16][6, 13, 18][0, 17, 22][7, 20, 24][6, 15][0, 18][6, 16][7, 27] 
[14, 24, 4, 1, 9, 3, 23][11, 17, 12, 8, 26][2, 29, 27, 16][5, 15, 10, 21][19, 22, 25, 28][7, 20, 24][6, 13, 18][0, 17, 22][7, 27][6, 16][6, 15][0, 18] 
[14, 24, 4, 1, 9, 3, 23][11, 17, 12, 8, 26][2, 29, 27, 16][5, 15, 10, 21][19, 22, 25, 28][7, 20, 24][6, 13, 18][0, 17, 22][7, 27][6, 16][6, 15][0, 18] 
[9, 1, 4, 24, 14, 3, 23][11, 17, 12, 8, 26][19, 22, 25, 28][5, 15, 10, 21][2, 29, 27, 16][0, 17, 22][6, 13, 18][7, 20, 24][0, 18][6, 15][6, 16][7, 27] 
[9, 1, 4, 24, 14, 3, 23][11, 17, 12, 8, 26][19, 22, 25, 28][2, 29, 27, 16][5, 15, 10, 21][0, 17, 22][6, 13, 18][7, 20, 24][0, 18][6, 16][6, 15][7, 27] 
[9, 1, 4, 24, 14, 3, 23][11, 17, 12, 8, 26][2, 29, 27, 16][19, 22, 25, 28][5, 15, 10, 21][6, 13, 18][7, 20, 24][0, 17, 22][6, 16][7, 27][0, 18][6, 15] 
[14, 24, 4, 1, 9, 3, 23][11, 17, 12, 8, 26][2, 29, 27, 16][19, 22, 25, 28][5, 15, 10, 21][6, 13, 18][0, 17, 22][7, 20, 24][6, 16][0, 18][6, 15][7, 27] 
[14, 24, 4, 1, 9, 3, 23][11, 17, 12, 8, 26][19, 22, 25, 28][2, 29, 27, 16][5, 15, 10, 21][0, 17, 22][6, 13, 18][7, 20, 24][0, 18][6, 16][7, 27][6, 15] 
[9, 1, 4, 24, 14, 3, 23][11, 17, 12, 8, 26][2, 29, 27, 16][5, 15, 10, 21][19, 22, 25, 28][6, 13, 18][7, 20, 24][0, 17, 22][6, 16][6, 15][7, 27][0, 18] 
[14, 24, 4, 1, 9, 3, 23][11, 17, 12, 8, 26][19, 22, 25, 28][5, 15, 10, 21][2, 29, 27, 16][0, 17, 22][6, 13, 18][7, 20, 24][0, 18][6, 15][6, 16][7, 27] 
[14, 24, 4, 1, 9, 3, 23][11, 17, 12, 8, 26][19, 22, 25, 28][5, 15, 10, 21][2, 29, 27, 16][0, 17, 22][6, 13, 18][7, 20, 24][0, 18][6, 15][6, 16][7, 27] 
[14, 24, 4, 1, 9, 3, 23][11, 17, 12, 8, 26][19, 22, 25, 28][5, 15, 10, 21][2, 29, 27, 16][0, 17, 22][6, 13, 18][7, 20, 24][0, 18][6, 15][6, 16][7, 27] 
[9, 1, 4, 24, 14, 3, 23][11, 17, 12, 8, 26][5, 15, 10, 21][19, 22, 25, 28][2, 29, 27, 16][6, 13, 18][0, 17, 22][7, 20, 24][6, 15][0, 18][6, 16][7, 27] 
[14, 24, 4, 1, 9, 3, 23][11, 17, 12, 8, 26][19, 22, 25, 28][2, 29, 27, 16][5, 15, 10, 21][0, 17, 22][6, 13, 18][7, 20, 24][0, 18][6, 16][6, 15][7, 27] 
[14, 24, 4, 1, 9, 3, 23][11, 17, 12, 8, 26][2, 29, 27, 16][19, 22, 25, 28][5, 15, 10, 21][6, 13, 18][0, 17, 22][7, 20, 24][6, 16][0, 18][6, 15][7, 27] 
[4, 1, 24, 14, 3, 9, 23, 20, 7, 2, 15][25, 28, 7, 10, 15, 5, 21, 6, 16, 27][6, 13, 18, 0, 26, 8, 19][3, 11, 17, 22, 12][15, 29][6, 13][16, 27][8, 19][15, 29][16, 27][16, 27][16, 27] 
[25, 28, 7, 10, 15, 5, 21, 6, 16, 27][4, 1, 14, 3, 9, 23, 20, 7][4, 24, 23, 20, 7, 2, 15][6, 13, 0, 26, 8, 19][3, 11, 17, 18, 22, 12][3, 11][15, 29][8, 19][8, 19][8, 19][8, 19][8, 19] 
[25, 28, 7, 10, 15, 5, 21, 6, 16, 27][4, 1, 14, 3, 9, 23, 20, 7][4, 24, 23, 20, 7, 2, 15][6, 13, 0, 26, 8, 19][3, 11, 17, 18, 22, 12][3, 11][15, 29][8, 19][8, 19][8, 19][8, 19][8, 19] 
[2, 16, 27, 7, 20, 23, 9, 3, 14, 24, 1, 4][21, 5, 15, 10, 7, 28, 25][6, 13, 18, 22, 0, 26, 8][3, 11, 17, 22, 12][7, 20][15, 29][16, 27][16, 27][8, 19][16, 27][7, 20][16, 27] 
[2, 16, 27, 7, 20, 23, 9, 3, 14, 24, 1, 4][21, 5, 15, 10, 7, 28, 25][6, 13, 18, 22, 0, 26, 8][3, 11, 17, 22, 12][7, 20][15, 29][16, 27][16, 27][8, 19][16, 27][7, 20][16, 27] 
[4, 1, 24, 14, 3, 9, 23, 20, 7, 27, 16, 2, 15][6, 13, 18, 22, 0, 26, 8, 19][5, 15, 10, 21][8, 12, 17, 11][22, 25, 28][6, 16][8, 26][16, 27][7, 27][7, 20][7, 27][15, 29] 
[25, 28, 7, 10, 15, 5, 21, 6, 16, 27][4, 1, 14, 9, 23, 20, 7, 2, 15][4, 24, 3, 23, 20, 7, 2, 15][6, 13, 18, 0, 26, 8, 19][3, 11, 17, 22, 12][15, 29][16, 27][16, 27][8, 19][16, 27][16, 27][16, 27] 
[13, 0, 28, 7, 2, 10, 15, 5, 21, 6, 16, 27, 29][8, 26, 0, 12, 18, 17, 11, 14, 4, 1, 23][3, 9, 14, 20][14, 24][1, 23][8, 19][19, 22][25, 28][5, 21][6, 16][16, 27][6, 16] 
[4, 1, 24, 14, 3, 9, 23, 20, 7, 27, 16, 2, 15][6, 13, 18, 22, 0, 26, 8, 19][5, 15, 10, 21][8, 12, 17, 11][22, 25, 28][15, 29][16, 27][7, 27][6, 16][7, 27][16, 27][7, 27] 
[13, 0, 28, 7, 2, 10, 15, 5, 21, 6, 16, 27, 29][8, 26, 0, 12, 18, 17, 11, 14, 4, 1, 23][3, 9, 14, 20][14, 24][1, 23][8, 19][19, 22][25, 28][5, 21][6, 16][16, 27][6, 16] 
[13, 0, 28, 7, 2, 10, 15, 5, 21, 6, 16, 27, 29][8, 26, 0, 12, 18, 17, 11, 14, 4, 23][14, 24, 1, 9, 3, 23][19, 22, 25, 28][19, 22, 25, 28][7, 20, 24][25, 28][6, 16][6, 16][16, 27][6, 16][6, 16] 
[13, 0, 28, 7, 2, 10, 15, 5, 21, 6, 16, 27, 29][8, 26, 0, 12, 18, 17, 11, 14, 4, 23][14, 24, 1, 9, 3, 23][19, 22, 25, 28][19, 22, 25, 28][7, 20, 24][25, 28][6, 16][6, 16][16, 27][6, 16][6, 16] 
[28, 7, 2, 10, 15, 5, 21, 6, 16, 27, 29][6, 13, 18, 22, 0, 26, 8, 19][3, 14, 20, 4, 1, 9, 23][3, 11, 17, 18, 22, 12][8, 19][16, 27][14, 24][16, 27][8, 26][6, 13][4, 23][0, 25] 
[13, 0, 28, 7, 2, 10, 15, 5, 21, 6, 16, 27, 29][8, 26, 0, 12, 18, 17, 11, 14, 4, 1, 23][8, 12, 22, 25, 11, 14, 24][3, 9, 14, 20][6, 13][1, 4][8, 26][6, 16][27, 29][8, 26][6, 16][19, 22] 
[13, 0, 28, 7, 2, 10, 15, 5, 21, 6, 16, 27, 29][4, 1, 24, 14, 3, 9, 23, 20, 7, 16, 2, 29][24, 14, 3, 9, 23, 20, 7, 16, 2, 29][6, 13, 18, 0, 26, 8, 19][8, 12, 22, 25, 11][8, 26][8, 19][2, 29][11, 17][0, 26][8, 19][0, 26] 
[4, 1, 24, 14, 3, 9, 23, 20, 7, 27, 16, 2, 15][25, 28, 7, 2, 10, 15, 5, 21, 6, 16, 27][6, 13, 18, 22, 0, 26, 8, 19][3, 11, 17, 18, 22, 12][16, 27][15, 29][8, 19][8, 19][16, 27][6, 13][15, 29][16, 27] 
[25, 28, 7, 10, 15, 5, 21, 6, 16, 27][4, 1, 14, 9, 23, 20, 7, 2, 29][4, 24, 3, 23, 20, 7, 2, 15][6, 13, 18, 0, 26, 8, 19][3, 11, 17, 22, 12][15, 29][16, 27][6, 13][16, 27][16, 27][8, 19][8, 19] 
[25, 28, 7, 10, 15, 5, 21, 6, 16, 27][4, 1, 24, 14, 3, 9, 23, 20, 7][6, 13, 0, 26, 8, 19][2, 10, 15, 5, 21, 6][3, 11, 17, 18, 22, 12][25, 28][3, 11][15, 29][8, 19][8, 19][8, 19][8, 19] 
[25, 28, 7, 10, 15, 5, 21, 6, 16, 27][4, 1, 14, 9, 23, 20, 7, 2, 15][4, 24, 3, 23, 20, 7, 2, 15][6, 13, 18, 0, 26, 8, 19][3, 11, 17, 22, 12][15, 29][16, 27][16, 27][8, 19][16, 27][16, 27][16, 27] 
[13, 0, 28, 7, 2, 10, 15, 5, 21, 6, 16, 27, 29][4, 1, 24, 14, 3, 9, 23, 20, 7, 16, 2, 29][24, 14, 3, 9, 23, 20, 7, 16, 2, 29][6, 13, 18, 0, 26, 8, 19][8, 12, 22, 25, 11][8, 26][8, 19][2, 29][11, 17][0, 26][8, 19][0, 26] 
[25, 28, 7, 10, 15, 5, 21, 6, 16, 27][4, 1, 14, 9, 23, 20, 7, 2, 29][4, 24, 3, 23, 20, 7, 2, 15][3, 11, 17, 18, 22, 12][6, 13, 0, 26, 8, 19][15, 29][16, 27][8, 19][8, 19][8, 19][8, 19][16, 27] 
[9, 1, 4, 24, 14, 3, 23][11, 17, 12, 8, 26][2, 29, 27, 16][5, 15, 10, 21][19, 22, 25, 28][7, 20, 24][6, 13, 18][0, 17, 22][7, 27][6, 16][6, 15][0, 18] 
[9, 1, 4, 24, 14, 3, 23][11, 17, 12, 8, 26][19, 22, 25, 28][5, 15, 10, 21][2, 29, 27, 16][0, 17, 22][6, 13, 18][7, 20, 24][0, 18][6, 15][6, 16][7, 27] 
[9, 1, 4, 24, 14, 3, 23][11, 17, 12, 8, 26][19, 22, 25, 28][5, 15, 10, 21][2, 29, 27, 16][0, 17, 22][6, 13, 18][7, 20, 24][0, 18][6, 15][6, 16][7, 27] 
[9, 1, 4, 24, 14, 3, 23][11, 17, 12, 8, 26][19, 22, 25, 28][5, 15, 10, 21][2, 29, 27, 16][6, 13, 18][0, 17, 22][7, 20, 24][0, 18][6, 15][6, 16][7, 27] 
[9, 1, 4, 24, 14, 3, 23][11, 17, 12, 8, 26][19, 22, 25, 28][2, 29, 27, 16][5, 15, 10, 21][0, 17, 22][6, 13, 18][7, 20, 24][0, 18][6, 16][6, 15][7, 27] 
[9, 1, 4, 24, 14, 3, 23][11, 17, 12, 8, 26][2, 29, 27, 16][19, 22, 25, 28][5, 15, 10, 21][6, 13, 18][7, 20, 24][0, 17, 22][6, 16][7, 27][0, 18][6, 15] 
[9, 1, 4, 24, 14, 3, 23][11, 17, 12, 8, 26][19, 22, 25, 28][2, 29, 27, 16][5, 15, 10, 21][0, 17, 22][6, 13, 18][7, 20, 24][0, 18][6, 16][7, 27][6, 15] 
[9, 1, 4, 24, 14, 3, 23][11, 17, 12, 8, 26][2, 29, 27, 16][5, 15, 10, 21][19, 22, 25, 28][6, 13, 18][0, 17, 22][7, 20, 24][6, 16][6, 15][0, 18][7, 27] 
[9, 1, 4, 24, 14, 3, 23][11, 17, 12, 8, 26][19, 22, 25, 28][5, 15, 10, 21][2, 29, 27, 16][0, 17, 22][6, 13, 18][7, 20, 24][0, 18][6, 15][6, 16][7, 27] 
[9, 1, 4, 24, 14, 3, 23][11, 17, 12, 8, 26][19, 22, 25, 28][5, 15, 10, 21][2, 29, 27, 16][0, 17, 22][6, 13, 18][7, 20, 24][0, 18][6, 15][6, 16][7, 27] 
[9, 1, 4, 24, 14, 3, 23][11, 17, 12, 8, 26][5, 15, 10, 21][19, 22, 25, 28][2, 29, 27, 16][6, 13, 18][0, 17, 22][7, 20, 24][6, 15][0, 18][6, 16][7, 27] 
[9, 1, 4, 24, 14, 3, 23][11, 17, 12, 8, 26][5, 15, 10, 21][19, 22, 25, 28][2, 29, 27, 16][6, 13, 18][0, 17, 22][7, 20, 24][6, 15][0, 18][6, 16][7, 27] 
[9, 1, 4, 24, 14, 3, 23][11, 17, 12, 8, 26][19, 22, 25, 28][5, 15, 10, 21][2, 29, 27, 16][0, 17, 22][6, 13, 18][7, 20, 24][0, 18][6, 15][6, 16][7, 27] 
[9, 1, 4, 24, 14, 3, 23][11, 17, 12, 8, 26][2, 29, 27, 16][5, 15, 10, 21][19, 22, 25, 28][6, 13, 18][7, 20, 24][0, 17, 22][6, 16][6, 15][7, 27][0, 18] 
[9, 1, 4, 24, 14, 3, 23][11, 17, 12, 8, 26][19, 22, 25, 28][2, 29, 27, 16][5, 15, 10, 21][0, 17, 22][6, 13, 18][7, 20, 24][0, 18][6, 16][6, 15][7, 27] 
[14, 24, 4, 1, 9, 3, 23][11, 17, 12, 8, 26][19, 22, 25, 28][2, 29, 27, 16][5, 15, 10, 21][0, 17, 22][6, 13, 18][7, 20, 24][0, 18][6, 16][6, 15][7, 27] 
[14, 24, 4, 1, 9, 3, 23][11, 17, 12, 8, 26][19, 22, 25, 28][2, 29, 27, 16][5, 15, 10, 21][0, 17, 22][6, 13, 18][7, 20, 24][0, 18][6, 16][6, 15][7, 27] 
[14, 24, 4, 1, 9, 3, 23][11, 17, 12, 8, 26][5, 15, 10, 21][19, 22, 25, 28][2, 29, 27, 16][6, 13, 18][0, 17, 22][7, 20, 24][6, 15][0, 18][6, 16][7, 27] 
[14, 24, 4, 1, 9, 3, 23][11, 17, 12, 8, 26][19, 22, 25, 28][2, 29, 27, 16][5, 15, 10, 21][0, 17, 22][6, 13, 18][7, 20, 24][0, 18][6, 16][6, 15][7, 27] 
[14, 24, 4, 1, 9, 3, 23][11, 17, 12, 8, 26][5, 15, 10, 21][19, 22, 25, 28][2, 29, 27, 16][6, 13, 18][0, 17, 22][7, 20, 24][6, 15][0, 18][6, 16][7, 27] 
[4, 14, 11, 17, 12, 8, 26][9, 3, 1, 23, 20, 7, 24][5, 15, 10, 21][2, 29, 27, 16][19, 22, 25, 28][6, 13, 18][0, 17][0, 18][6, 15][6, 16][7, 27][0, 22] 
[9, 1, 4, 24, 14, 3, 23][11, 17, 12, 8, 26][19, 22, 25, 28][5, 15, 10, 21][2, 29, 27, 16][6, 13, 18][0, 17, 22][7, 20, 24][0, 18][6, 15][6, 16][7, 27] 
[9, 1, 4, 24, 14, 3, 23][11, 17, 12, 8, 26][19, 22, 25, 28][5, 15, 10, 21][2, 29, 27, 16][0, 17, 22][6, 13, 18][7, 20, 24][0, 18][6, 15][6, 16][7, 27] 
[9, 1, 4, 24, 14, 3, 23][11, 17, 12, 8, 26][2, 29, 27, 16][19, 22, 25, 28][5, 15, 10, 21][6, 13, 18][7, 20, 24][0, 17, 22][6, 16][7, 27][0, 18][6, 15] 
[9, 1, 4, 24, 14, 3, 23][11, 17, 12, 8, 26][2, 29, 27, 16][5, 15, 10, 21][19, 22, 25, 28][7, 20, 24][6, 13, 18][0, 17, 22][7, 27][6, 16][6, 15][0, 18] 
[9, 1, 4, 24, 14, 3, 23][11, 17, 12, 8, 26][19, 22, 25, 28][2, 29, 27, 16][5, 15, 10, 21][0, 17, 22][6, 13, 18][7, 20, 24][0, 18][6, 16][6, 15][7, 27] 
[9, 1, 4, 24, 14, 3, 23][11, 17, 12, 8, 26][5, 15, 10, 21][19, 22, 25, 28][2, 29, 27, 16][6, 13, 18][0, 17, 22][7, 20, 24][6, 15][0, 18][6, 16][7, 27] 
[9, 1, 4, 24, 14, 3, 23][11, 17, 12, 8, 26][2, 29, 27, 16][5, 15, 10, 21][19, 22, 25, 28][7, 20, 24][6, 13, 18][0, 17, 22][7, 27][6, 16][6, 15][0, 18] 
[14, 24, 4, 1, 9, 3, 23][11, 17, 12, 8, 26][19, 22, 25, 28][5, 15, 10, 21][2, 29, 27, 16][6, 13, 18][0, 17, 22][7, 20, 24][0, 18][6, 15][6, 16][7, 27] 
[14, 24, 4, 1, 9, 3, 23][11, 17, 12, 8, 26][2, 29, 27, 16][5, 15, 10, 21][19, 22, 25, 28][7, 20, 24][6, 13, 18][0, 17, 22][7, 27][6, 16][6, 15][0, 18] 
[14, 24, 4, 1, 9, 3, 23][11, 17, 12, 8, 26][2, 29, 27, 16][5, 15, 10, 21][19, 22, 25, 28][7, 20, 24][6, 13, 18][0, 17, 22][7, 27][6, 16][6, 15][0, 18] 
[14, 24, 4, 1, 9, 3, 23][11, 17, 12, 8, 26][2, 29, 27, 16][5, 15, 10, 21][19, 22, 25, 28][6, 13, 18][7, 20, 24][0, 17, 22][6, 16][6, 15][7, 27][0, 18] 
[14, 24, 4, 1, 9, 3, 23][11, 17, 12, 8, 26][2, 29, 27, 16][5, 15, 10, 21][19, 22, 25, 28][6, 13, 18][7, 20, 24][0, 17, 22][6, 16][6, 15][7, 27][0, 18] 
[14, 24, 4, 1, 9, 3, 23][11, 17, 12, 8, 26][5, 15, 10, 21][19, 22, 25, 28][2, 29, 27, 16][6, 13, 18][0, 17, 22][7, 20, 24][6, 15][0, 18][6, 16][7, 27] 
[14, 24, 4, 1, 9, 3, 23][11, 17, 12, 8, 26][5, 15, 10, 21][19, 22, 25, 28][2, 29, 27, 16][6, 13, 18][0, 17, 22][7, 20, 24][6, 15][0, 18][6, 16][7, 27] 
[14, 24, 4, 1, 9, 3, 23][11, 17, 12, 8, 26][5, 15, 10, 21][19, 22, 25, 28][2, 29, 27, 16][6, 13, 18][0, 17, 22][7, 20, 24][6, 15][0, 18][6, 16][7, 27] 
[14, 24, 4, 1, 9, 3, 23][11, 17, 12, 8, 26][19, 22, 25, 28][5, 15, 10, 21][2, 29, 27, 16][6, 13, 18][0, 17, 22][7, 20, 24][0, 18][6, 15][6, 16][7, 27] 
[14, 24, 4, 1, 9, 3, 23][11, 17, 12, 8, 26][19, 22, 25, 28][2, 29, 27, 16][5, 15, 10, 21][0, 17, 22][6, 13, 18][7, 20, 24][0, 18][6, 16][6, 15][7, 27] 
[14, 24, 4, 1, 9, 3, 23][11, 17, 12, 8, 26][2, 29, 27, 16][19, 22, 25, 28][5, 15, 10, 21][7, 20, 24][6, 13, 18][0, 17, 22][7, 27][6, 16][0, 18][6, 15] 
[14, 24, 4, 1, 9, 3, 23][11, 17, 12, 8, 26][2, 29, 27, 16][5, 15, 10, 21][19, 22, 25, 28][6, 13, 18][7, 20, 24][0, 17, 22][6, 16][6, 15][7, 27][0, 18] 
[14, 24, 4, 1, 9, 3, 23][11, 17, 12, 8, 26][2, 29, 27, 16][19, 22, 25, 28][5, 15, 10, 21][6, 13, 18][0, 17, 22][7, 20, 24][6, 16][0, 18][7, 27][6, 15] 
[14, 24, 4, 1, 9, 3, 23][11, 17, 12, 8, 26][19, 22, 25, 28][5, 15, 10, 21][2, 29, 27, 16][0, 17, 22][6, 13, 18][7, 20, 24][0, 18][6, 15][6, 16][7, 27] 
[14, 24, 4, 1, 9, 3, 23][11, 17, 12, 8, 26][2, 29, 27, 16][5, 15, 10, 21][19, 22, 25, 28][6, 13, 18][7, 20, 24][0, 17, 22][6, 16][6, 15][7, 27][0, 18] 
[9, 3, 1, 23, 20, 7, 24][4, 14, 11, 17, 12, 8, 26][2, 29, 27, 16][5, 15, 10, 21][19, 22, 25, 28][6, 13, 18][6, 16][7, 27][0, 18][0, 17][6, 15][0, 22] 
[9, 3, 1, 23, 20, 7, 24][4, 14, 11, 17, 12, 8, 26][2, 29, 27, 16][5, 15, 10, 21][19, 22, 25, 28][6, 13, 18][6, 16][7, 27][0, 18][6, 15][0, 22][0, 17] 
[4, 14, 11, 17, 12, 8, 26][9, 3, 1, 23, 20, 7, 24][5, 15, 10, 21][2, 29, 27, 16][19, 22, 25, 28][6, 13, 18][0, 17][0, 18][6, 15][6, 16][7, 27][0, 22] 
[9, 3, 1, 23, 20, 7, 24][4, 14, 11, 17, 12, 8, 26][2, 29, 27, 16][5, 15, 10, 21][19, 22, 25, 28][6, 13, 18][6, 16][7, 27][0, 18][0, 17][6, 15][0, 22] 
[4, 14, 11, 17, 12, 8, 26][9, 3, 1, 23, 20, 7, 24][19, 22, 25, 28][5, 15, 10, 21][2, 29, 27, 16][6, 13, 18][0, 22][0, 17][0, 18][6, 15][6, 16][7, 27] 
[4, 14, 11, 17, 12, 8, 26][9, 3, 1, 23, 20, 7, 24][19, 22, 25, 28][2, 29, 27, 16][5, 15, 10, 21][6, 13, 18][17, 22][14, 23][7, 27][0, 22][6, 16][6, 15] 
[9, 1, 4, 24, 14, 3, 23][11, 17, 12, 8, 26][2, 29, 27, 16][5, 15, 10, 21][19, 22, 25, 28][7, 20, 24][6, 13, 18][0, 17, 22][7, 27][6, 16][6, 15][0, 18] 
[9, 1, 4, 24, 14, 3, 23][11, 17, 12, 8, 26][19, 22, 25, 28][2, 29, 27, 16][5, 15, 10, 21][0, 17, 22][6, 13, 18][7, 20, 24][0, 18][6, 16][7, 27][6, 15] 
[9, 1, 4, 24, 14, 3, 23][11, 17, 12, 8, 26][5, 15, 10, 21][2, 29, 27, 16][19, 22, 25, 28][6, 13, 18][7, 20, 24][0, 17, 22][6, 15][6, 16][7, 27][0, 18] 
[9, 1, 4, 24, 14, 3, 23][11, 17, 12, 8, 26][2, 29, 27, 16][5, 15, 10, 21][19, 22, 25, 28][6, 13, 18][0, 17, 22][7, 20, 24][6, 16][6, 15][0, 18][7, 27] 
[9, 1, 4, 24, 14, 3, 23][11, 17, 12, 8, 26][19, 22, 25, 28][2, 29, 27, 16][5, 15, 10, 21][0, 17, 22][6, 13, 18][7, 20, 24][0, 18][6, 16][7, 27][6, 15] 
[14, 24, 4, 1, 9, 3, 23][11, 17, 12, 8, 26][5, 15, 10, 21][19, 22, 25, 28][2, 29, 27, 16][6, 13, 18][0, 17, 22][7, 20, 24][6, 15][0, 18][6, 16][7, 27] 
[9, 1, 4, 24, 14, 3, 23][11, 17, 12, 8, 26][19, 22, 25, 28][5, 15, 10, 21][2, 29, 27, 16][0, 17, 22][6, 13, 18][7, 20, 24][0, 18][6, 15][6, 16][7, 27] 
