[24, 1, 3, 11, 25][0, 26, 8, 12, 19][15, 10, 6, 13, 18][16, 28, 17, 22][4, 20, 7, 27][7, 14, 23, 9][5, 21, 2, 29][22, 25][17, 19][4, 24][2, 27][10, 27] 
[4, 24, 1, 3, 11, 25][0, 26, 8, 12, 19][15, 10, 6, 13, 18][16, 28, 17, 22][7, 14, 23, 9][5, 21, 2, 29][20, 7, 27][17, 19][22, 25][1, 9][2, 27][10, 27] 
[24, 4, 20, 7, 27][15, 10, 6, 13, 18][0, 26, 8, 12, 19][1, 3, 11, 25][7, 14, 23, 9][16, 28, 17, 22][5, 21, 2, 29][1, 9][22, 25][2, 27][10, 27][17, 19] 
[24, 4, 20, 7, 27][0, 26, 8, 12, 19][15, 10, 6, 13, 18][16, 28, 17, 22][1, 3, 11, 25][7, 14, 23, 9][5, 21, 2, 29][22, 25][1, 9][17, 19][10, 27][2, 27] 
[24, 1, 3, 11, 25][15, 10, 6, 13, 18][0, 26, 8, 12, 19][7, 14, 23, 9][4, 20, 7, 27][5, 21, 2, 29][16, 28, 17, 22][1, 9][27, 29][10, 27][11, 17][17, 19] 
[4, 24, 1, 3, 11, 25][15, 10, 6, 13, 18][0, 26, 8, 12, 19][7, 14, 23, 9][5, 21, 2, 29][16, 28, 17, 22][20, 7, 27][10, 27][1, 9][2, 27][11, 17][17, 19] 
[4, 24, 1, 3, 11, 25][15, 10, 6, 13, 18][0, 26, 8, 12, 19][16, 28, 17, 22][7, 14, 23, 9][5, 21, 2, 29][20, 7, 27][22, 25][1, 9][10, 27][2, 27][17, 19] 
[24, 1, 3, 11, 25][0, 26, 8, 12, 19][15, 10, 6, 13, 18][7, 14, 23, 9][4, 20, 7, 27][16, 28, 17, 22][5, 21, 2, 29][1, 9][11, 17][17, 19][10, 27][27, 29] 
[4, 24, 1, 3, 11, 25][15, 10, 6, 13, 18][0, 26, 8, 12, 19][7, 14, 23, 9][5, 21, 2, 29][16, 28, 17, 22][20, 7, 27][27, 29][10, 27][1, 9][11, 17][12, 17] 
[15, 10, 6, 13, 18][24, 1, 3, 11, 25][0, 26, 8, 12, 19][5, 21, 2, 29][4, 20, 7, 27][7, 14, 23, 9][16, 28, 17, 22][27, 29][10, 27][1, 9][11, 17][17, 19] 
[24, 1, 3, 11, 25][0, 26, 8, 12, 19][15, 10, 6, 13, 18][5, 21, 2, 29][4, 20, 7, 27][7, 14, 23, 9][16, 28, 17, 22][2, 27][4, 24][22, 25][17, 19][10, 27] 
[4, 24, 1, 3, 11, 25][0, 26, 8, 12, 19][15, 10, 6, 13, 18][16, 28, 17, 22][7, 14, 23, 9][5, 21, 2, 29][20, 7, 27][22, 25][17, 19][1, 9][2, 27][10, 27] 
[24, 4, 20, 7, 27][0, 26, 8, 12, 19][15, 10, 6, 13, 18][1, 3, 11, 25][16, 28, 17, 22][7, 14, 23, 9][5, 21, 2, 29][11, 17][1, 9][2, 27][17, 19][10, 27] 
[24, 1, 3, 11, 25][0, 26, 8, 12, 19][15, 10, 6, 13, 18][7, 14, 23, 9][4, 20, 7, 27][16, 28, 17, 22][5, 21, 2, 29][1, 9][11, 17][17, 19][10, 27][27, 29] 
[4, 24, 1, 3, 11, 25][0, 26, 8, 12, 19][15, 10, 6, 13, 18][16, 28, 17, 22][7, 14, 23, 9][5, 21, 2, 29][20, 7, 27][17, 19][11, 17][1, 9][10, 27][2, 27] 
[0, 26, 8, 12, 19][24, 1, 3, 11, 25][15, 10, 6, 13, 18][16, 28, 17, 22][7, 14, 23, 9][4, 20, 7, 27][5, 21, 2, 29][17, 19][11, 17][1, 9][27, 29][10, 27] 
[15, 10, 6, 13, 18][24, 1, 3, 11, 25][0, 26, 8, 12, 19][4, 20, 7, 27][7, 14, 23, 9][16, 28, 17, 22][5, 21, 2, 29][10, 27][4, 24][22, 25][2, 27][17, 19] 
[4, 24, 1, 3, 11, 25][15, 10, 6, 13, 18][0, 26, 8, 12, 19][7, 14, 23, 9][5, 21, 2, 29][16, 28, 17, 22][20, 7, 27][2, 27][22, 25][10, 27][17, 19][1, 9] 
[15, 10, 6, 13, 18][24, 1, 3, 11, 25][0, 26, 8, 12, 19][4, 20, 7, 27][7, 14, 23, 9][16, 28, 17, 22][5, 21, 2, 29][10, 27][1, 9][11, 17][17, 19][27, 29] 
[24, 1, 3, 11, 25][0, 26, 8, 12, 19][15, 10, 6, 13, 18][5, 21, 2, 29][4, 20, 7, 27][7, 14, 23, 9][16, 28, 17, 22][2, 27][4, 24][22, 25][17, 19][10, 27] 
[24, 1, 3, 11, 25][15, 10, 6, 13, 18][0, 26, 8, 12, 19][4, 20, 7, 27][7, 14, 23, 9][5, 21, 2, 29][16, 28, 17, 22][4, 24][10, 27][2, 27][22, 25][17, 19] 
[4, 24, 1, 3, 11, 25][15, 10, 6, 13, 18][0, 26, 8, 12, 19][7, 14, 23, 9][5, 21, 2, 29][16, 28, 17, 22][20, 7, 27][2, 27][22, 25][10, 27][17, 19][1, 9] 
[24, 4, 20, 7, 27][0, 26, 8, 12, 19][15, 10, 6, 13, 18][1, 3, 11, 25][16, 28, 17, 22][7, 14, 23, 9][5, 21, 2, 29][11, 17][1, 9][2, 27][17, 19][10, 27] 
[15, 10, 6, 13, 18][24, 1, 3, 11, 25][0, 26, 8, 12, 19][4, 20, 7, 27][7, 14, 23, 9][5, 21, 2, 29][16, 28, 17, 22][10, 27][27, 29][1, 9][11, 17][17, 19] 
[4, 24, 1, 3, 11, 25][15, 10, 6, 13, 18][0, 26, 8, 12, 19][7, 14, 23, 9][5, 21, 2, 29][16, 28, 17, 22][20, 7, 27][10, 27][2, 27][1, 9][11, 17][17, 19] 
[0, 26, 8, 12, 19][24, 1, 3, 11, 25][15, 10, 6, 13, 18][16, 28, 17, 22][7, 14, 23, 9][4, 20, 7, 27][5, 21, 2, 29][17, 19][11, 17][1, 9][27, 29][10, 27] 
[24, 1, 3, 11, 25][15, 10, 6, 13, 18][0, 26, 8, 12, 19][7, 14, 23, 9][4, 20, 7, 27][16, 28, 17, 22][5, 21, 2, 29][10, 27][22, 25][2, 27][17, 19][4, 24] 
[4, 24, 1, 3, 11, 25][15, 10, 6, 13, 18][0, 26, 8, 12, 19][7, 14, 23, 9][16, 28, 17, 22][5, 21, 2, 29][20, 7, 27][1, 9][10, 27][22, 25][2, 27][17, 19] 
[24, 1, 3, 11, 25][15, 10, 6, 13, 18][0, 26, 8, 12, 19][7, 14, 23, 9][4, 20, 7, 27][5, 21, 2, 29][16, 28, 17, 22][1, 9][27, 29][10, 27][11, 17][17, 19] 
[24, 1, 3, 11, 25][15, 10, 6, 13, 18][0, 26, 8, 12, 19][4, 20, 7, 27][7, 14, 23, 9][5, 21, 2, 29][16, 28, 17, 22][4, 24][10, 27][2, 27][22, 25][17, 19] 
[15, 10, 6, 13, 18][24, 1, 3, 11, 25][0, 26, 8, 12, 19][5, 21, 2, 29][4, 20, 7, 27][7, 14, 23, 9][16, 28, 17, 22][2, 27][10, 27][4, 24][22, 25][17, 19] 
[4, 24, 1, 3, 11, 25][15, 10, 6, 13, 18][0, 26, 8, 12, 19][7, 14, 23, 9][5, 21, 2, 29][16, 28, 17, 22][20, 7, 27][2, 27][1, 9][22, 25][10, 27][17, 19] 
[0, 26, 8, 12, 19][24, 1, 3, 11, 25][15, 10, 6, 13, 18][16, 28, 17, 22][7, 14, 23, 9][4, 20, 7, 27][5, 21, 2, 29][17, 19][11, 17][1, 9][10, 27][27, 29] 
[15, 10, 6, 13, 18][24, 1, 3, 11, 25][0, 26, 8, 12, 19][5, 21, 2, 29][4, 20, 7, 27][7, 14, 23, 9][16, 28, 17, 22][2, 27][10, 27][4, 24][22, 25][17, 19] 
[24, 1, 3, 11, 25][0, 26, 8, 12, 19][15, 10, 6, 13, 18][5, 21, 2, 29][4, 20, 7, 27][7, 14, 23, 9][16, 28, 17, 22][2, 27][4, 24][22, 25][17, 19][10, 27] 
[2, 21, 5, 6, 13, 18, 17, 11, 25, 28, 16, 27, 29][9, 23, 24, 3, 14, 1, 4, 20, 7, 16, 15][12, 8, 26, 0, 28][12, 19][6, 10][22, 25][11, 25][11, 25][11, 25][11, 25][11, 25][11, 25] 
[2, 21, 5, 6, 13, 18, 17, 11, 25, 28, 16, 27, 29][9, 23, 24, 3, 14, 1, 4, 20, 7, 16, 15][12, 8, 26, 0, 28][11, 25][6, 10][22, 25][11, 25][11, 25][8, 19][11, 25][11, 25][11, 25] 
[2, 21, 5, 6, 13, 18, 17, 11, 25, 28, 16, 27, 29][9, 23, 3, 1, 4, 20, 7, 16, 15, 21][9, 23, 24, 14, 4, 7, 16, 15, 21][19, 12, 8, 26, 0, 28][11, 25][6, 10][22, 25][11, 25][11, 25][9, 23][11, 25][11, 25] 
[2, 21, 5, 6, 13, 18, 17, 11, 25, 28, 16, 27, 29][15, 16, 7, 20, 4, 1, 14, 3, 24][0, 26, 8, 12, 19][9, 23, 14][6, 10][17, 19][22, 25][11, 25][7, 20][11, 25][16, 28][11, 25] 
[21, 6, 13, 18, 17, 11, 25, 28, 16, 27][15, 16, 7, 20, 4, 1, 14, 3, 24][19, 12, 8, 26, 0, 28][5, 21, 2, 29][9, 23, 14][6, 10][22, 25][11, 25][11, 25][11, 25][11, 25][11, 25] 
[2, 21, 5, 6, 13, 18, 17, 11, 25, 28, 16, 27, 29][7, 20, 4, 1, 14, 3, 24, 23, 9][12, 8, 26, 0, 28][11, 17][3, 11][10, 27][16, 28][15, 16][17, 22][12, 19][13, 18][16, 28] 
[2, 21, 5, 6, 13, 18, 17, 11, 25, 28, 16, 27, 29][9, 23, 24, 3, 14, 1, 4, 20, 7, 16, 15][12, 8, 26, 0, 28][11, 25][6, 10][22, 25][11, 25][11, 25][8, 19][11, 25][11, 25][11, 25] 
[2, 21, 5, 6, 13, 18, 17, 11, 25, 28, 16, 27, 29][9, 23, 24, 3, 14, 1, 4, 20, 7, 16, 15][19, 12, 8, 26, 0, 28][11, 25][6, 10][17, 22][8, 19][11, 25][11, 25][11, 25][11, 25][11, 25] 
[21, 6, 13, 18, 17, 11, 25, 28, 16, 27][15, 16, 7, 20, 4, 1, 14, 3, 24][19, 12, 8, 26, 0, 28][5, 21, 2, 29][9, 23, 14][22, 25][10, 27][2, 29][11, 25][2, 29][11, 25][11, 25] 
[2, 21, 5, 6, 13, 18, 17, 11, 25, 28, 16, 27, 29][9, 23, 24, 3, 14, 1, 4, 20, 7, 16, 15, 21][3, 14, 1, 4, 20, 7, 16, 15, 21][19, 12, 8, 26, 0, 28][11, 25][6, 10][22, 25][11, 25][11, 25][22, 25][9, 23][11, 25] 
[2, 21, 5, 6, 13, 18, 17, 11, 25, 28, 16, 27, 29][9, 23, 3, 1, 4, 20, 7, 16, 15, 21][9, 23, 24, 14, 4, 7, 16, 15, 21][19, 12, 8, 26, 0, 28][11, 25][6, 10][22, 25][11, 25][11, 25][9, 23][11, 25][11, 25] 
[2, 21, 5, 6, 13, 18, 17, 11, 25, 28, 16, 27, 29][15, 16, 7, 20, 4, 1, 14, 3, 24][19, 12, 8, 26, 0, 28][9, 23, 14][11, 25][17, 22][10, 27][11, 25][2, 21][11, 25][11, 25][16, 28] 
[2, 21, 5, 6, 13, 18, 17, 11, 25, 28, 16, 27][16, 7, 20, 4, 1, 14, 3, 24][19, 12, 8, 26, 0, 28][9, 23, 14][13, 18][2, 29][15, 16][10, 27][17, 22][11, 25][11, 25][11, 25] 
[2, 21, 5, 6, 13, 18, 17, 11, 25, 28, 16, 27, 29][15, 16, 7, 20, 4, 1, 14, 3, 24][19, 12, 8, 26, 0, 28][9, 23, 14][11, 25][17, 22][10, 27][11, 25][2, 21][11, 25][11, 25][16, 28] 
[2, 21, 5, 6, 13, 18, 17, 11, 25, 28, 16, 27, 29][9, 23, 24, 3, 14, 1, 4, 20, 7, 16, 15][12, 8, 26, 0, 28][12, 19][6, 10][22, 25][11, 25][11, 25][11, 25][11, 25][11, 25][11, 25] 
[2, 21, 5, 6, 13, 18, 17, 11, 25, 28, 16, 27, 29][9, 23, 24, 3, 14, 1, 4, 20, 7, 16, 15, 21][19, 12, 8, 26, 0, 28][9, 23][22, 25][6, 10][11, 25][9, 23][11, 25][6, 10][11, 25][11, 25] 
[2, 21, 5, 6, 13, 18, 17, 11, 25, 28, 16, 27, 29][15, 16, 7, 20, 4, 1, 14, 3, 24][19, 12, 8, 26, 0, 28][9, 23, 14][11, 25][10, 27][22, 25][11, 25][11, 25][11, 25][11, 25][11, 25] 
[2, 21, 5, 6, 13, 18, 17, 11, 25, 28, 16, 27][15, 16, 7, 20, 4, 1, 14, 3, 24][19, 12, 8, 26, 0, 28][9, 23, 14][13, 18][22, 25][10, 27][11, 25][2, 29][11, 25][11, 25][11, 25] 
[2, 21, 5, 6, 13, 18, 17, 11, 25, 28, 16, 27, 29][15, 16, 7, 20, 4, 1, 14, 3, 24][19, 12, 8, 26, 0, 28][9, 23, 14][11, 25][6, 10][17, 22][11, 25][2, 21][11, 25][11, 25][11, 25] 
[2, 21, 5, 6, 13, 18, 17, 11, 25, 28, 16, 27, 29][15, 16, 7, 20, 4, 1, 14, 3, 24][19, 12, 8, 26, 0, 28][9, 23, 14][11, 25][6, 10][17, 22][11, 25][2, 21][11, 25][11, 25][11, 25] 
[2, 21, 5, 6, 13, 18, 17, 11, 25, 28, 16, 27, 29][9, 23, 24, 3, 14, 1, 4, 20, 7, 16, 15, 21][19, 12, 8, 26, 0, 28][9, 23, 14][11, 25][22, 25][6, 10][22, 25][11, 25][11, 25][11, 25][11, 25] 
[24, 1, 3, 11, 25][0, 26, 8, 12, 19][15, 10, 6, 13, 18][7, 14, 23, 9][4, 20, 7, 27][5, 21, 2, 29][16, 28, 17, 22][1, 9][2, 27][11, 17][12, 17][10, 27] 
[24, 1, 3, 11, 25][15, 10, 6, 13, 18][0, 26, 8, 12, 19][5, 21, 2, 29][4, 20, 7, 27][7, 14, 23, 9][16, 28, 17, 22][2, 27][1, 9][10, 27][11, 17][12, 17] 
[24, 1, 3, 11, 25][15, 10, 6, 13, 18][0, 26, 8, 12, 19][5, 21, 2, 29][4, 20, 7, 27][7, 14, 23, 9][16, 28, 17, 22][2, 27][1, 9][10, 27][11, 17][12, 17] 
[24, 1, 3, 11, 25][15, 10, 6, 13, 18][0, 26, 8, 12, 19][4, 20, 7, 27][5, 21, 2, 29][7, 14, 23, 9][16, 28, 17, 22][2, 27][1, 9][11, 17][10, 27][12, 17] 
[0, 26, 8, 12, 19][24, 1, 3, 11, 25][15, 10, 6, 13, 18][16, 28, 17, 22][7, 14, 23, 9][4, 20, 7, 27][5, 21, 2, 29][12, 17][11, 17][1, 9][2, 27][10, 27] 
[0, 26, 8, 12, 19][24, 1, 3, 11, 25][15, 10, 6, 13, 18][16, 28, 17, 22][7, 14, 23, 9][4, 20, 7, 27][5, 21, 2, 29][12, 17][11, 17][1, 9][2, 27][10, 27] 
[15, 10, 6, 13, 18][24, 1, 3, 11, 25][0, 26, 8, 12, 19][7, 14, 23, 9][4, 20, 7, 27][5, 21, 2, 29][16, 28, 17, 22][2, 27][10, 27][1, 9][11, 17][12, 17] 
[15, 10, 6, 13, 18][24, 1, 3, 11, 25][0, 26, 8, 12, 19][5, 21, 2, 29][4, 20, 7, 27][7, 14, 23, 9][16, 28, 17, 22][2, 27][10, 27][1, 9][11, 17][12, 17] 
[24, 1, 3, 11, 25][15, 10, 6, 13, 18][0, 26, 8, 12, 19][7, 14, 23, 9][4, 20, 7, 27][5, 21, 2, 29][16, 28, 17, 22][1, 9][2, 27][10, 27][11, 17][12, 17] 
[15, 10, 6, 13, 18][24, 1, 3, 11, 25][0, 26, 8, 12, 19][7, 14, 23, 9][4, 20, 7, 27][5, 21, 2, 29][16, 28, 17, 22][2, 27][10, 27][1, 9][11, 17][12, 17] 
[24, 1, 3, 11, 25][15, 10, 6, 13, 18][0, 26, 8, 12, 19][4, 20, 7, 27][7, 14, 23, 9][16, 28, 17, 22][5, 21, 2, 29][1, 9][11, 17][2, 27][10, 27][12, 17] 
[0, 26, 8, 12, 19][24, 1, 3, 11, 25][15, 10, 6, 13, 18][16, 28, 17, 22][7, 14, 23, 9][4, 20, 7, 27][5, 21, 2, 29][12, 17][11, 17][1, 9][10, 27][2, 27] 
[0, 26, 8, 12, 19][24, 1, 3, 11, 25][15, 10, 6, 13, 18][16, 28, 17, 22][7, 14, 23, 9][4, 20, 7, 27][5, 21, 2, 29][12, 17][11, 17][1, 9][2, 27][10, 27] 
[15, 10, 6, 13, 18][24, 1, 3, 11, 25][0, 26, 8, 12, 19][4, 20, 7, 27][7, 14, 23, 9][5, 21, 2, 29][16, 28, 17, 22][10, 27][2, 27][1, 9][11, 17][12, 17] 
[24, 1, 3, 11, 25][0, 26, 8, 12, 19][15, 10, 6, 13, 18][7, 14, 23, 9][4, 20, 7, 27][5, 21, 2, 29][16, 28, 17, 22][1, 9][2, 27][11, 17][12, 17][10, 27] 
[24, 1, 3, 11, 25][0, 26, 8, 12, 19][15, 10, 6, 13, 18][16, 28, 17, 22][4, 20, 7, 27][7, 14, 23, 9][5, 21, 2, 29][22, 25][17, 19][4, 24][2, 27][10, 27] 
[24, 1, 3, 11, 25][15, 10, 6, 13, 18][0, 26, 8, 12, 19][5, 21, 2, 29][4, 20, 7, 27][7, 14, 23, 9][16, 28, 17, 22][2, 27][22, 25][10, 27][17, 19][4, 24] 
[24, 1, 3, 11, 25][15, 10, 6, 13, 18][0, 26, 8, 12, 19][5, 21, 2, 29][4, 20, 7, 27][7, 14, 23, 9][16, 28, 17, 22][2, 27][22, 25][10, 27][17, 19][4, 24] 
[24, 1, 3, 11, 25][0, 26, 8, 12, 19][15, 10, 6, 13, 18][16, 28, 17, 22][4, 20, 7, 27][7, 14, 23, 9][5, 21, 2, 29][22, 25][17, 19][4, 24][2, 27][10, 27] 
[24, 1, 3, 11, 25][15, 10, 6, 13, 18][0, 26, 8, 12, 19][7, 14, 23, 9][4, 20, 7, 27][16, 28, 17, 22][5, 21, 2, 29][10, 27][22, 25][2, 27][17, 19][4, 24] 
[15, 10, 6, 13, 18][24, 1, 3, 11, 25][0, 26, 8, 12, 19][4, 20, 7, 27][7, 14, 23, 9][16, 28, 17, 22][5, 21, 2, 29][10, 27][4, 24][22, 25][17, 19][2, 27] 
[24, 1, 3, 11, 25][15, 10, 6, 13, 18][0, 26, 8, 12, 19][4, 20, 7, 27][7, 14, 23, 9][16, 28, 17, 22][5, 21, 2, 29][1, 9][11, 17][2, 27][10, 27][12, 17] 
[15, 10, 6, 13, 18][24, 1, 3, 11, 25][0, 26, 8, 12, 19][4, 20, 7, 27][7, 14, 23, 9][5, 21, 2, 29][16, 28, 17, 22][10, 27][2, 27][1, 9][11, 17][12, 17] 
[24, 1, 3, 11, 25][15, 10, 6, 13, 18][0, 26, 8, 12, 19][7, 14, 23, 9][4, 20, 7, 27][5, 21, 2, 29][16, 28, 17, 22][1, 9][2, 27][10, 27][11, 17][12, 17] 
[15, 10, 6, 13, 18][24, 1, 3, 11, 25][0, 26, 8, 12, 19][5, 21, 2, 29][4, 20, 7, 27][7, 14, 23, 9][16, 28, 17, 22][2, 27][10, 27][1, 9][11, 17][12, 17] 
[0, 26, 8, 12, 19][24, 1, 3, 11, 25][15, 10, 6, 13, 18][16, 28, 17, 22][7, 14, 23, 9][4, 20, 7, 27][5, 21, 2, 29][12, 17][11, 17][1, 9][10, 27][2, 27] 
[4, 24, 1, 3, 11, 25][15, 10, 6, 13, 18][0, 26, 8, 12, 19][5, 21, 2, 29][7, 14, 23, 9][16, 28, 17, 22][20, 7, 27][2, 27][10, 27][1, 9][11, 17][17, 19] 
[24, 1, 3, 11, 25][15, 10, 6, 13, 18][0, 26, 8, 12, 19][4, 20, 7, 27][5, 21, 2, 29][7, 14, 23, 9][16, 28, 17, 22][2, 27][1, 9][11, 17][10, 27][12, 17] 
[15, 10, 6, 13, 18][24, 1, 3, 11, 25][0, 26, 8, 12, 19][4, 20, 7, 27][7, 14, 23, 9][5, 21, 2, 29][16, 28, 17, 22][10, 27][4, 24][2, 27][22, 25][17, 19] 
[24, 1, 3, 11, 25][15, 10, 6, 13, 18][0, 26, 8, 12, 19][4, 20, 7, 27][7, 14, 23, 9][5, 21, 2, 29][16, 28, 17, 22][4, 24][2, 27][10, 27][22, 25][17, 19] 
[0, 26, 8, 12, 19][24, 1, 3, 11, 25][15, 10, 6, 13, 18][16, 28, 17, 22][4, 20, 7, 27][7, 14, 23, 9][5, 21, 2, 29][17, 19][22, 25][4, 24][2, 27][10, 27] 
[15, 10, 6, 13, 18][24, 1, 3, 11, 25][0, 26, 8, 12, 19][4, 20, 7, 27][7, 14, 23, 9][5, 21, 2, 29][16, 28, 17, 22][10, 27][4, 24][2, 27][22, 25][17, 19] 
[15, 10, 6, 13, 18][24, 1, 3, 11, 25][0, 26, 8, 12, 19][4, 20, 7, 27][7, 14, 23, 9][5, 21, 2, 29][16, 28, 17, 22][10, 27][4, 24][2, 27][22, 25][17, 19] 
[15, 10, 6, 13, 18][24, 1, 3, 11, 25][0, 26, 8, 12, 19][4, 20, 7, 27][7, 14, 23, 9][5, 21, 2, 29][16, 28, 17, 22][2, 27][10, 27][4, 24][22, 25][17, 19] 
[24, 1, 3, 11, 25][0, 26, 8, 12, 19][15, 10, 6, 13, 18][5, 21, 2, 29][4, 20, 7, 27][7, 14, 23, 9][16, 28, 17, 22][2, 27][4, 24][22, 25][17, 19][10, 27] 
[24, 1, 3, 11, 25][15, 10, 6, 13, 18][0, 26, 8, 12, 19][4, 20, 7, 27][7, 14, 23, 9][5, 21, 2, 29][16, 28, 17, 22][4, 24][2, 27][10, 27][22, 25][17, 19] 
[15, 10, 6, 13, 18][24, 1, 3, 11, 25][0, 26, 8, 12, 19][4, 20, 7, 27][7, 14, 23, 9][5, 21, 2, 29][16, 28, 17, 22][2, 27][10, 27][4, 24][22, 25][17, 19] 
[24, 1, 3, 11, 25][15, 10, 6, 13, 18][0, 26, 8, 12, 19][4, 20, 7, 27][7, 14, 23, 9][16, 28, 17, 22][5, 21, 2, 29][4, 24][10, 27][22, 25][2, 27][17, 19] 
[24, 1, 3, 11, 25][0, 26, 8, 12, 19][15, 10, 6, 13, 18][16, 28, 17, 22][4, 20, 7, 27][7, 14, 23, 9][5, 21, 2, 29][22, 25][17, 19][4, 24][2, 27][10, 27] 
[15, 10, 6, 13, 18][24, 1, 3, 11, 25][0, 26, 8, 12, 19][4, 20, 7, 27][7, 14, 23, 9][5, 21, 2, 29][16, 28, 17, 22][10, 27][2, 27][4, 24][22, 25][17, 19] 
[15, 10, 6, 13, 18][24, 1, 3, 11, 25][0, 26, 8, 12, 19][4, 20, 7, 27][7, 14, 23, 9][5, 21, 2, 29][16, 28, 17, 22][10, 27][4, 24][2, 27][22, 25][17, 19] 
[15, 10, 6, 13, 18][24, 1, 3, 11, 25][0, 26, 8, 12, 19][4, 20, 7, 27][7, 14, 23, 9][5, 21, 2, 29][16, 28, 17, 22][10, 27][2, 27][4, 24][22, 25][17, 19] 
[24, 1, 3, 11, 25][15, 10, 6, 13, 18][0, 26, 8, 12, 19][4, 20, 7, 27][7, 14, 23, 9][16, 28, 17, 22][5, 21, 2, 29][4, 24][10, 27][22, 25][2, 27][17, 19] 
[24, 1, 3, 11, 25][5, 21, 2, 27, 29][15, 10, 6, 13, 18][0, 26, 8, 12, 19][7, 14, 23, 9][16, 28, 17, 22][4, 20, 7][4, 24][7, 27][10, 27][22, 25][17, 19] 
[0, 26, 8, 12, 19][24, 1, 3, 11, 25][5, 21, 2, 27, 29][15, 10, 6, 13, 18][16, 28, 17, 22][7, 14, 23, 9][4, 20, 7][17, 19][22, 25][4, 24][7, 27][10, 27] 
[0, 26, 8, 12, 19][24, 1, 3, 11, 25][5, 21, 2, 27, 29][15, 10, 6, 13, 18][16, 28, 17, 22][7, 14, 23, 9][4, 20, 7][17, 19][22, 25][4, 24][7, 27][10, 27] 
[0, 26, 8, 12, 19][24, 1, 3, 11, 25][5, 21, 2, 27, 29][15, 10, 6, 13, 18][16, 28, 17, 22][7, 14, 23, 9][4, 20, 7][17, 19][22, 25][4, 24][7, 27][10, 27] 
[24, 1, 3, 11, 25][5, 21, 2, 27, 29][15, 10, 6, 13, 18][0, 26, 8, 12, 19][7, 14, 23, 9][16, 28, 17, 22][4, 20, 7][4, 24][7, 27][10, 27][22, 25][17, 19] 
[4, 24, 1, 3, 11, 25][5, 21, 2, 27, 29][15, 10, 6, 13, 18][0, 26, 8, 12, 19][7, 14, 23, 9][16, 28, 17, 22][20, 7, 27][10, 27][4, 20][22, 25][17, 19][1, 24] 
[4, 24, 1, 3, 11, 25][15, 10, 6, 13, 18][0, 26, 8, 12, 19][7, 14, 23, 9][5, 21, 2, 29][16, 28, 17, 22][20, 7, 27][10, 27][2, 27][1, 9][11, 17][17, 19] 
[4, 24, 1, 3, 11, 25][15, 10, 6, 13, 18][0, 26, 8, 12, 19][7, 14, 23, 9][5, 21, 2, 29][16, 28, 17, 22][20, 7, 27][2, 27][1, 9][10, 27][11, 17][17, 19] 
[4, 24, 1, 3, 11, 25][0, 26, 8, 12, 19][15, 10, 6, 13, 18][7, 14, 23, 9][16, 28, 17, 22][5, 21, 2, 29][20, 7, 27][1, 9][11, 17][17, 19][10, 27][2, 27] 
[4, 24, 1, 3, 11, 25][15, 10, 6, 13, 18][0, 26, 8, 12, 19][5, 21, 2, 29][7, 14, 23, 9][16, 28, 17, 22][20, 7, 27][2, 27][10, 27][1, 9][11, 17][17, 19] 
[4, 24, 1, 3, 11, 25][15, 10, 6, 13, 18][0, 26, 8, 12, 19][7, 14, 23, 9][5, 21, 2, 29][16, 28, 17, 22][20, 7, 27][10, 27][2, 27][1, 9][11, 17][17, 19] 
[0, 26, 8, 12, 19][24, 1, 3, 11, 25][15, 10, 6, 13, 18][16, 28, 17, 22][4, 20, 7, 27][7, 14, 23, 9][5, 21, 2, 29][17, 19][22, 25][4, 24][2, 27][10, 27] 
[15, 10, 6, 13, 18][24, 1, 3, 11, 25][0, 26, 8, 12, 19][4, 20, 7, 27][7, 14, 23, 9][5, 21, 2, 29][16, 28, 17, 22][10, 27][1, 9][2, 27][11, 17][17, 19] 
