[5, 21, 2, 29, 15][18, 12, 17, 19, 22][8, 26, 0, 28, 16][20, 4, 7, 27][9, 3, 1, 24][23, 14, 11, 25][10, 6, 13][1, 14, 7][10, 15][13, 18][0, 19][10, 27] 
[5, 21, 2, 29, 15][8, 26, 0, 28, 16][20, 4, 7, 27][9, 3, 1, 24][23, 14, 11, 25][12, 22, 19, 17][1, 14, 7][10, 6, 13][13, 18, 22][10, 27][10, 15][0, 19] 
[8, 26, 0, 28, 16][5, 21, 2, 29, 15][9, 3, 1, 24][23, 14, 11, 25][20, 4, 7, 27][12, 22, 19, 17][1, 14, 7][13, 18, 22][10, 6, 13][16, 27][0, 19][10, 15] 
[8, 26, 0, 28, 16][5, 21, 2, 29, 15][20, 4, 7, 27][23, 14, 11, 25][9, 3, 1, 24][12, 17, 19, 22][1, 14, 7][13, 18, 22][10, 6, 13][16, 27][0, 19][10, 15] 
[8, 26, 0, 28, 16][5, 21, 2, 29, 15][12, 17, 19, 22][20, 4, 7, 27][23, 14, 11, 25][9, 3, 1, 24][13, 18, 22][10, 6, 13][1, 14, 7][0, 19][10, 27][10, 15] 
[5, 21, 2, 29, 15][8, 26, 0, 28, 16][23, 14, 11, 25][9, 3, 1, 24][20, 4, 7, 27][12, 22, 19, 17][1, 14, 7][10, 6, 13][13, 18, 22][10, 27][10, 15][0, 19] 
[8, 26, 0, 28, 16][5, 21, 2, 29, 15][12, 22, 19, 17][20, 4, 7, 27][9, 3, 1, 24][23, 14, 11, 25][10, 6, 13][13, 18, 22][1, 14, 7][0, 19][10, 15][10, 27] 
[5, 21, 2, 29, 15][8, 26, 0, 28, 16][12, 22, 19, 17][20, 4, 7, 27][9, 3, 1, 24][23, 14, 11, 25][10, 6, 13][13, 18, 22][1, 14, 7][10, 15][10, 27][0, 19] 
[5, 21, 2, 29, 15][8, 26, 0, 28, 16][12, 22, 19, 17][20, 4, 7, 27][9, 3, 1, 24][23, 14, 11, 25][10, 6, 13][13, 18, 22][1, 14, 7][10, 15][10, 27][0, 19] 
[5, 21, 2, 29, 15][8, 26, 0, 28, 16][20, 4, 7, 27][9, 3, 1, 24][23, 14, 11, 25][12, 22, 19, 17][1, 14, 7][10, 6, 13][13, 18, 22][10, 27][10, 15][0, 19] 
[18, 12, 17, 19, 22][8, 26, 0, 28, 16][5, 21, 2, 29, 15][9, 3, 1, 24][23, 14, 11, 25][20, 4, 7, 27][1, 14, 7][10, 6, 13][10, 27][13, 18][0, 19][10, 15] 
[5, 21, 2, 29, 15][8, 26, 0, 28, 16][9, 3, 1, 24][20, 4, 7, 27][23, 14, 11, 25][12, 22, 19, 17][1, 14, 7][10, 6, 13][13, 18, 22][10, 27][10, 15][0, 19] 
[8, 26, 0, 28, 16][5, 21, 2, 29, 15][9, 3, 1, 24][23, 14, 11, 25][20, 4, 7, 27][12, 22, 19, 17][1, 14, 7][13, 18, 22][10, 6, 13][16, 27][0, 19][10, 15] 
[5, 21, 2, 29, 15][8, 26, 0, 28, 16][12, 17, 19, 22][20, 4, 7, 27][9, 3, 1, 24][23, 14, 11, 25][13, 18, 22][10, 6, 13][1, 14, 7][10, 15][0, 19][10, 27] 
[5, 21, 2, 29, 15][8, 26, 0, 28, 16][9, 3, 1, 24][20, 4, 7, 27][23, 14, 11, 25][12, 22, 19, 17][1, 14, 7][10, 6, 13][13, 18, 22][10, 27][10, 15][0, 19] 
[5, 21, 2, 29, 15][8, 26, 0, 28, 16][12, 22, 19, 17][20, 4, 7, 27][9, 3, 1, 24][23, 14, 11, 25][10, 6, 13][13, 18, 22][1, 14, 7][10, 15][0, 19][10, 27] 
[18, 12, 17, 19, 22][8, 26, 0, 28, 16][5, 21, 2, 29, 15][20, 4, 7, 27][9, 3, 1, 24][23, 14, 11, 25][10, 6, 13][1, 14, 7][13, 18][10, 27][0, 19][10, 15] 
[5, 21, 2, 29, 15][8, 26, 0, 28, 16][12, 22, 19, 17][20, 4, 7, 27][23, 14, 11, 25][9, 3, 1, 24][10, 6, 13][13, 18, 22][1, 14, 7][10, 15][10, 27][0, 19] 
[8, 26, 0, 28, 16][5, 21, 2, 29, 15][12, 17, 19, 22][20, 4, 7, 27][23, 14, 11, 25][9, 3, 1, 24][13, 18, 22][10, 6, 13][1, 14, 7][0, 19][10, 27][10, 15] 
[18, 12, 17, 19, 22][8, 26, 0, 28, 16][5, 21, 2, 29, 15][20, 4, 7, 27][23, 14, 11, 25][9, 3, 1, 24][10, 6, 13][1, 14, 7][0, 19][13, 18][10, 27][10, 15] 
[18, 12, 17, 19, 22][8, 26, 0, 28, 16][5, 21, 2, 29, 15][20, 4, 7, 27][23, 14, 11, 25][9, 3, 1, 24][10, 6, 13][1, 14, 7][0, 19][13, 18][10, 27][10, 15] 
[8, 26, 0, 28, 16][5, 21, 2, 29, 15][12, 22, 19, 17][20, 4, 7, 27][9, 3, 1, 24][23, 14, 11, 25][13, 18, 22][10, 6, 13][1, 14, 7][0, 19][10, 15][10, 27] 
[8, 26, 0, 28, 16][5, 21, 2, 29, 15][20, 4, 7, 27][23, 14, 11, 25][9, 3, 1, 24][12, 17, 19, 22][1, 14, 7][13, 18, 22][10, 6, 13][16, 27][0, 19][10, 15] 
[5, 21, 2, 29, 15][8, 26, 0, 28, 16][12, 17, 19, 22][20, 4, 7, 27][9, 3, 1, 24][23, 14, 11, 25][10, 6, 13][13, 18, 22][1, 14, 7][10, 15][0, 19][10, 27] 
[8, 26, 0, 28, 16][5, 21, 2, 29, 15][12, 22, 19, 17][20, 4, 7, 27][23, 14, 11, 25][9, 3, 1, 24][10, 6, 13][13, 18, 22][1, 14, 7][0, 19][10, 27][10, 15] 
[8, 26, 0, 28, 16][5, 21, 2, 29, 15][12, 22, 19, 17][20, 4, 7, 27][9, 3, 1, 24][23, 14, 11, 25][13, 18, 22][10, 6, 13][1, 14, 7][0, 19][10, 27][10, 15] 
[8, 26, 0, 28, 16][18, 12, 17, 19, 22][5, 21, 2, 29, 15][20, 4, 7, 27][9, 3, 1, 24][23, 14, 11, 25][10, 6, 13][1, 14, 7][0, 19][13, 18][10, 15][10, 27] 
[5, 21, 2, 29, 15][8, 26, 0, 28, 16][12, 22, 19, 17][20, 4, 7, 27][9, 3, 1, 24][23, 14, 11, 25][13, 18, 22][10, 6, 13][1, 14, 7][10, 15][0, 19][10, 27] 
[8, 26, 0, 28, 16][5, 21, 2, 29, 15][20, 4, 7, 27][9, 3, 1, 24][23, 14, 11, 25][12, 17, 19, 22][1, 14, 7][10, 6, 13][13, 18, 22][10, 27][0, 19][10, 15] 
[18, 12, 17, 19, 22][8, 26, 0, 28, 16][5, 21, 2, 29, 15][9, 3, 1, 24][20, 4, 7, 27][23, 14, 11, 25][1, 14, 7][10, 6, 13][10, 27][13, 18][0, 19][10, 15] 
[5, 21, 2, 29, 15][18, 12, 17, 19, 22][8, 26, 0, 28, 16][20, 4, 7, 27][9, 3, 1, 24][23, 14, 11, 25][10, 6, 13][1, 14, 7][10, 15][13, 18][10, 27][0, 19] 
[8, 26, 0, 28, 16][5, 21, 2, 29, 15][12, 22, 19, 17][20, 4, 7, 27][9, 3, 1, 24][23, 14, 11, 25][13, 18, 22][10, 6, 13][1, 14, 7][0, 19][10, 15][10, 27] 
[8, 26, 0, 28, 16][5, 21, 2, 29, 15][12, 17, 19, 22][20, 4, 7, 27][23, 14, 11, 25][9, 3, 1, 24][13, 18, 22][10, 6, 13][1, 14, 7][0, 19][10, 27][10, 15] 
[5, 21, 2, 29, 15][18, 12, 17, 19, 22][8, 26, 0, 28, 16][20, 4, 7, 27][9, 3, 1, 24][23, 14, 11, 25][10, 6, 13][1, 14, 7][10, 15][13, 18][10, 27][0, 19] 
[18, 12, 17, 19, 22][8, 26, 0, 28, 16][5, 21, 2, 29, 15][9, 3, 1, 24][20, 4, 7, 27][23, 14, 11, 25][1, 14, 7][10, 6, 13][10, 27][13, 18][0, 19][10, 15] 
[24, 1, 14, 11, 25, 22, 0, 19, 8, 26][2, 21, 10, 27, 29, 15, 5, 6, 13][2, 7, 20, 4, 23, 3, 9, 14][8, 26, 0, 28, 16][12, 22, 18, 19, 17][4, 20][4, 20][17, 19][10, 27][4, 20][4, 20][10, 27] 
[13, 6, 5, 15, 29, 27, 10, 21, 2, 16, 28][24, 1, 14, 11, 25, 22, 0, 19, 8, 26][2, 7, 20, 4, 23, 3, 9, 14][27, 10, 21, 2, 16, 28][12, 22, 18, 19, 17][4, 20][2, 16][16, 28][0, 19][16, 28][0, 19][4, 20] 
[24, 1, 14, 11, 25, 22, 0, 19, 8, 26][13, 6, 5, 15, 29, 27, 10, 21, 2, 16][2, 7, 20, 4, 23, 3, 9, 14][12, 22, 18, 19, 17][4, 20][0, 19][4, 20][3, 23][4, 20][4, 20][16, 28][4, 20] 
[13, 6, 5, 15, 29, 27, 10, 21, 2, 16][7, 20, 4, 23, 3, 9, 14, 11, 25, 28][24, 1, 14, 11, 25, 22, 0, 19, 8, 26][12, 22, 18, 19, 17][15, 29][11, 25][15, 29][16, 28][3, 23][0, 19][3, 23][11, 25] 
[24, 1, 14, 11, 25, 22, 0, 19, 8, 26][7, 20, 4, 23, 3, 9, 14, 11, 25, 28][13, 6, 5, 15, 29, 27, 10, 21, 2, 16][12, 22, 18, 19, 17][11, 25][16, 28][4, 20][0, 19][4, 20][0, 19][3, 23][3, 23] 
[13, 6, 5, 15, 29, 27, 10, 21, 2, 16][7, 20, 4, 23, 3, 9, 14, 11, 25, 28][8, 26, 0, 28, 16][18, 12, 17, 19, 22][14, 1, 24][4, 20][4, 20][4, 20][11, 25][10, 27][0, 19][16, 28] 
[13, 6, 5, 15, 29, 27, 10, 21, 2, 16, 28][24, 1, 14, 11, 25, 22, 0, 19, 8, 26][2, 7, 20, 4, 23, 3, 9, 14][12, 22, 18, 19, 17][15, 29][16, 28][4, 20][8, 26][17, 19][3, 23][15, 29][16, 28] 
[13, 6, 5, 15, 29, 27, 10, 21, 2, 16, 28][24, 1, 14, 11, 25, 22, 0, 19, 8, 26][2, 7, 20, 4, 23, 3, 9, 14][12, 22, 18, 19, 17][3, 23][4, 20][3, 23][0, 19][15, 29][4, 20][15, 29][4, 20] 
[13, 6, 5, 15, 29, 27, 10, 21, 2, 16, 28][24, 1, 14, 11, 25, 22, 0, 19, 8, 26][2, 7, 20, 4, 23, 3, 9][12, 22, 18, 19, 17][15, 29][3, 23][3, 23][0, 19][9, 14][3, 23][0, 19][15, 29] 
[13, 6, 5, 15, 29, 10, 21, 2, 16][14, 9, 3, 23, 4, 20, 7, 27, 16][24, 1, 14, 11, 25, 0, 19, 8, 26][12, 22, 18, 19, 17][16, 28][11, 25][0, 19][3, 9][11, 25][0, 19][11, 25][15, 29] 
[13, 6, 5, 15, 29, 27, 10, 21, 2, 16, 28][7, 20, 4, 23, 3, 9, 14, 11, 25, 28][24, 1, 14, 11, 25, 0, 19, 8, 26][24, 14, 11, 25, 0, 19, 8, 26][12, 22, 18, 19, 17][0, 19][16, 28][11, 25][0, 19][0, 19][11, 25][11, 25] 
[13, 6, 5, 15, 29, 27, 10, 21, 2, 16][7, 20, 4, 23, 3, 9, 14, 11, 25, 28][24, 1, 14, 11, 25, 22, 0, 19, 8, 26][12, 22, 18, 19, 17][15, 29][11, 25][15, 29][16, 28][3, 23][0, 19][3, 23][11, 25] 
[13, 6, 5, 15, 29, 27, 10, 21, 2, 16, 28][24, 1, 14, 11, 25, 22, 0, 19, 8, 26][2, 7, 20, 4, 23, 3, 9][18, 12, 17, 19][3, 23][11, 25][5, 21][0, 19][0, 19][14, 23][3, 23][1, 14] 
[13, 6, 5, 15, 29, 27, 10, 21, 2, 16, 28][7, 20, 4, 23, 3, 9, 14, 11, 25, 28][24, 1, 14, 11, 25, 0, 19, 8, 26][12, 22, 18, 19, 17][0, 19][0, 19][11, 25][16, 28][11, 25][2, 16][25, 28][3, 23] 
[13, 6, 5, 15, 29, 27, 10, 21, 2, 16, 28][7, 20, 4, 23, 3, 9, 14, 11, 25, 28][24, 1, 14, 11, 25, 0, 19, 8, 26][12, 22, 18, 19, 17][0, 19][0, 19][11, 25][16, 28][11, 25][2, 16][25, 28][3, 23] 
[13, 6, 5, 15, 29, 27, 10, 21, 2, 16, 28][24, 1, 14, 11, 25, 22, 0, 19, 8, 26][2, 7, 20, 4, 23, 3, 9][12, 22, 18, 19, 17][15, 29][3, 23][3, 23][0, 19][9, 14][3, 23][0, 19][15, 29] 
[13, 6, 5, 15, 29, 27, 10, 21, 2, 16, 28][24, 1, 14, 11, 25, 22, 0, 19, 8, 26][2, 7, 20, 4, 23, 3, 9, 14][12, 22, 18, 19, 17][3, 23][4, 20][3, 23][0, 19][15, 29][4, 20][15, 29][4, 20] 
[13, 6, 5, 15, 29, 27, 10, 21, 2, 16, 28][24, 1, 14, 11, 25, 22, 0, 19, 8, 26][2, 7, 20, 4, 23, 3, 9, 14][27, 10, 21, 2, 16, 28][12, 22, 18, 19, 17][4, 20][2, 16][16, 28][0, 19][16, 28][0, 19][4, 20] 
[13, 6, 5, 15, 29, 27, 10, 21, 2, 16, 28][24, 1, 14, 11, 25, 22, 0, 19, 8, 26][2, 7, 20, 4, 23, 3, 9, 14][12, 22, 18, 19, 17][15, 29][16, 28][4, 20][8, 26][17, 19][3, 23][15, 29][16, 28] 
[13, 6, 5, 15, 29, 27, 10, 21, 2, 16, 28][7, 20, 4, 23, 3, 9, 14, 11, 25, 28][24, 1, 14, 11, 25, 0, 19, 8, 26][24, 14, 11, 25, 0, 19, 8, 26][12, 22, 18, 19, 17][0, 19][16, 28][11, 25][0, 19][0, 19][11, 25][11, 25] 
[13, 6, 5, 15, 29, 27, 10, 21, 2, 16, 28][7, 20, 4, 23, 3, 9, 14, 11, 25, 28][24, 1, 14, 11, 25, 0, 19, 8, 26][24, 14, 11, 25, 0, 19, 8, 26][12, 22, 18, 19, 17][0, 19][0, 19][11, 25][0, 19][0, 19][16, 28][11, 25] 
[8, 26, 0, 28, 16][5, 21, 2, 29, 15][12, 22, 19, 17][20, 4, 7, 27][23, 14, 11, 25][9, 3, 1, 24][13, 18, 22][10, 6, 13][1, 14, 7][0, 19][10, 15][10, 27] 
[8, 26, 0, 28, 16][5, 21, 2, 29, 15][12, 22, 19, 17][20, 4, 7, 27][23, 14, 11, 25][9, 3, 1, 24][13, 18, 22][10, 6, 13][1, 14, 7][0, 19][10, 27][10, 15] 
[8, 26, 0, 28, 16][5, 21, 2, 29, 15][12, 22, 19, 17][20, 4, 7, 27][9, 3, 1, 24][23, 14, 11, 25][10, 6, 13][13, 18, 22][1, 14, 7][0, 19][10, 15][10, 27] 
[8, 26, 0, 28, 16][5, 21, 2, 29, 15][12, 22, 19, 17][20, 4, 7, 27][9, 3, 1, 24][23, 14, 11, 25][13, 18, 22][10, 6, 13][1, 14, 7][0, 19][10, 27][10, 15] 
[5, 21, 2, 29, 15][8, 26, 0, 28, 16][12, 22, 19, 17][20, 4, 7, 27][9, 3, 1, 24][23, 14, 11, 25][13, 18, 22][10, 6, 13][1, 14, 7][10, 27][10, 15][0, 19] 
[8, 26, 0, 28, 16][5, 21, 2, 29, 15][12, 22, 19, 17][20, 4, 7, 27][23, 14, 11, 25][9, 3, 1, 24][13, 18, 22][10, 6, 13][1, 14, 7][0, 19][10, 27][10, 15] 
[8, 26, 0, 28, 16][5, 21, 2, 29, 15][20, 4, 7, 27][9, 3, 1, 24][23, 14, 11, 25][12, 22, 19, 17][1, 14, 7][10, 6, 13][13, 18, 22][10, 27][0, 19][10, 15] 
[8, 26, 0, 28, 16][5, 21, 2, 29, 15][12, 22, 19, 17][20, 4, 7, 27][23, 14, 11, 25][9, 3, 1, 24][13, 18, 22][10, 6, 13][1, 14, 7][0, 19][10, 15][10, 27] 
[5, 21, 2, 29, 15][8, 26, 0, 28, 16][12, 22, 19, 17][20, 4, 7, 27][9, 3, 1, 24][23, 14, 11, 25][13, 18, 22][10, 6, 13][1, 14, 7][10, 27][10, 15][0, 19] 
[5, 21, 2, 29, 15][8, 26, 0, 28, 16][9, 3, 1, 24][23, 14, 11, 25][20, 4, 7, 27][12, 22, 19, 17][1, 14, 7][10, 6, 13][13, 18, 22][10, 27][10, 15][0, 19] 
[5, 21, 2, 29, 15][8, 26, 0, 28, 16][12, 22, 19, 17][20, 4, 7, 27][23, 14, 11, 25][9, 3, 1, 24][13, 18, 22][10, 6, 13][1, 14, 7][10, 15][10, 27][0, 19] 
[5, 21, 2, 29, 15][8, 26, 0, 28, 16][12, 22, 19, 17][20, 4, 7, 27][9, 3, 1, 24][23, 14, 11, 25][10, 6, 13][13, 18, 22][1, 14, 7][10, 15][10, 27][0, 19] 
[5, 21, 2, 29, 15][8, 26, 0, 28, 16][12, 22, 19, 17][20, 4, 7, 27][9, 3, 1, 24][23, 14, 11, 25][10, 6, 13][13, 18, 22][1, 14, 7][10, 15][10, 27][0, 19] 
[8, 26, 0, 28, 16][5, 21, 2, 29, 15][12, 22, 19, 17][20, 4, 7, 27][23, 14, 11, 25][9, 3, 1, 24][10, 6, 13][13, 18, 22][1, 14, 7][10, 27][0, 19][10, 15] 
[8, 26, 0, 28, 16][5, 21, 2, 29, 15][23, 14, 11, 25][20, 4, 7, 27][9, 3, 1, 24][12, 22, 19, 17][1, 14, 7][10, 6, 13][13, 18, 22][10, 27][0, 19][10, 15] 
[8, 26, 0, 28, 16][18, 12, 17, 19, 22][5, 21, 2, 29, 15][20, 4, 7, 27][23, 14, 11, 25][9, 3, 1, 24][10, 6, 13][1, 14, 7][0, 19][13, 18][10, 15][10, 27] 
[18, 12, 17, 19, 22][8, 26, 0, 28, 16][5, 21, 2, 29, 15][20, 4, 7, 27][9, 3, 1, 24][23, 14, 11, 25][10, 6, 13][1, 14, 7][0, 19][13, 18][10, 15][10, 27] 
[18, 12, 17, 19, 22][8, 26, 0, 28, 16][5, 21, 2, 29, 15][9, 3, 1, 24][23, 14, 11, 25][20, 4, 7, 27][1, 14, 7][10, 6, 13][10, 27][13, 18][0, 19][10, 15] 
[5, 21, 2, 29, 15][18, 12, 17, 19, 22][8, 26, 0, 28, 16][20, 4, 7, 27][23, 14, 11, 25][9, 3, 1, 24][10, 6, 13][1, 14, 7][10, 15][13, 18][10, 27][0, 19] 
[18, 12, 17, 19, 22][8, 26, 0, 28, 16][5, 21, 2, 29, 15][20, 4, 7, 27][9, 3, 1, 24][23, 14, 11, 25][10, 6, 13][1, 14, 7][0, 19][13, 18][10, 15][10, 27] 
[8, 26, 0, 28, 16][5, 21, 2, 29, 15][18, 22, 12, 17, 19][20, 4, 7, 27][23, 14, 11, 25][9, 3, 1, 24][1, 14, 7][10, 6, 13][16, 27][10, 27][10, 29][13, 18] 
[8, 26, 0, 28, 16][5, 21, 2, 29, 15][20, 4, 7, 27][9, 3, 1, 24][23, 14, 11, 25][12, 22, 19, 17][1, 14, 7][10, 6, 13][13, 18, 22][10, 27][0, 19][10, 15] 
[5, 21, 2, 29, 15][8, 26, 0, 28, 16][12, 22, 19, 17][20, 4, 7, 27][23, 14, 11, 25][9, 3, 1, 24][13, 18, 22][10, 6, 13][1, 14, 7][10, 15][10, 27][0, 19] 
[8, 26, 0, 28, 16][5, 21, 2, 29, 15][12, 22, 19, 17][20, 4, 7, 27][23, 14, 11, 25][9, 3, 1, 24][13, 18, 22][10, 6, 13][1, 14, 7][10, 27][0, 19][10, 15] 
[8, 26, 0, 28, 16][5, 21, 2, 29, 15][12, 22, 19, 17][20, 4, 7, 27][23, 14, 11, 25][9, 3, 1, 24][10, 6, 13][13, 18, 22][1, 14, 7][10, 27][0, 19][10, 15] 
[8, 26, 0, 28, 16][5, 21, 2, 29, 15][23, 14, 11, 25][20, 4, 7, 27][9, 3, 1, 24][12, 22, 19, 17][1, 14, 7][10, 6, 13][13, 18, 22][10, 27][0, 19][10, 15] 
[5, 21, 2, 29, 15][8, 26, 0, 28, 16][12, 17, 19, 22][20, 4, 7, 27][9, 3, 1, 24][23, 14, 11, 25][13, 18, 22][10, 6, 13][1, 14, 7][10, 29][10, 27][0, 19] 
[5, 21, 2, 29, 15][8, 26, 0, 28, 16][23, 14, 11, 25][9, 3, 1, 24][20, 4, 7, 27][12, 22, 19, 17][1, 14, 7][10, 6, 13][13, 18, 22][10, 27][10, 15][0, 19] 
[5, 21, 2, 29, 15][18, 12, 17, 19, 22][8, 26, 0, 28, 16][20, 4, 7, 27][9, 3, 1, 24][23, 14, 11, 25][10, 6, 13][1, 14, 7][10, 15][13, 18][0, 19][10, 27] 
[8, 26, 0, 28, 16][18, 12, 17, 19, 22][5, 21, 2, 29, 15][20, 4, 7, 27][23, 14, 11, 25][9, 3, 1, 24][10, 6, 13][1, 14, 7][0, 19][13, 18][10, 15][10, 27] 
[5, 21, 2, 29, 15][18, 12, 17, 19, 22][8, 26, 0, 28, 16][23, 14, 11, 25][20, 4, 7, 27][9, 3, 1, 24][1, 14, 7][10, 6, 13][10, 27][10, 15][13, 18][0, 19] 
[18, 12, 17, 19, 22][8, 26, 0, 28, 16][5, 21, 2, 29, 15][20, 4, 7, 27][9, 3, 1, 24][23, 14, 11, 25][10, 6, 13][1, 14, 7][10, 27][13, 18][0, 19][10, 15] 
[5, 21, 2, 29, 15][18, 12, 17, 19, 22][8, 26, 0, 28, 16][20, 4, 7, 27][23, 14, 11, 25][9, 3, 1, 24][10, 6, 13][1, 14, 7][10, 15][13, 18][0, 19][10, 27] 
[18, 12, 17, 19, 22][8, 26, 0, 28, 16][5, 21, 2, 29, 15][20, 4, 7, 27][9, 3, 1, 24][23, 14, 11, 25][10, 6, 13][1, 14, 7][10, 27][13, 18][0, 19][10, 15] 
[18, 12, 17, 19, 22][8, 26, 0, 28, 16][5, 21, 2, 29, 15][9, 3, 1, 24][23, 14, 11, 25][20, 4, 7, 27][1, 14, 7][10, 6, 13][10, 27][13, 18][0, 19][10, 15] 
[18, 12, 17, 19, 22][8, 26, 0, 28, 16][5, 21, 2, 29, 15][20, 4, 7, 27][9, 3, 1, 24][23, 14, 11, 25][10, 6, 13][1, 14, 7][13, 18][10, 27][0, 19][10, 15] 
[5, 21, 2, 29, 15][18, 12, 17, 19, 22][8, 26, 0, 28, 16][20, 4, 7, 27][23, 14, 11, 25][9, 3, 1, 24][10, 6, 13][1, 14, 7][10, 15][13, 18][0, 19][10, 27] 
[5, 21, 2, 29, 15][18, 12, 17, 19, 22][8, 26, 0, 28, 16][20, 4, 7, 27][23, 14, 11, 25][9, 3, 1, 24][10, 6, 13][1, 14, 7][10, 15][13, 18][10, 27][0, 19] 
[5, 21, 2, 29, 15][18, 12, 17, 19, 22][8, 26, 0, 28, 16][9, 3, 1, 24][20, 4, 7, 27][23, 14, 11, 25][1, 14, 7][10, 6, 13][10, 27][10, 15][13, 18][0, 19] 
[18, 12, 17, 19, 22][8, 26, 0, 28, 16][5, 21, 2, 29, 15][20, 4, 7, 27][23, 14, 11, 25][9, 3, 1, 24][10, 6, 13][1, 14, 7][0, 19][13, 18][10, 27][10, 15] 
[5, 21, 2, 29, 15][18, 12, 17, 19, 22][8, 26, 0, 28, 16][9, 3, 1, 24][20, 4, 7, 27][23, 14, 11, 25][1, 14, 7][10, 6, 13][10, 27][10, 15][13, 18][0, 19] 
[18, 12, 17, 19, 22][8, 26, 0, 28, 16][5, 21, 2, 29, 15][20, 4, 7, 27][23, 14, 11, 25][9, 3, 1, 24][10, 6, 13][1, 14, 7][0, 19][13, 18][10, 27][10, 15] 
[18, 12, 17, 19, 22][8, 26, 0, 28, 16][5, 21, 2, 29, 15][9, 3, 1, 24][23, 14, 11, 25][20, 4, 7, 27][1, 14, 7][10, 6, 13][10, 27][13, 18][0, 19][10, 15] 
[16, 28, 25, 11, 14, 23][5, 21, 2, 29, 15][9, 3, 1, 24][20, 4, 7, 27][12, 17, 19, 22][8, 26, 0, 19][1, 14, 7][13, 18, 22][10, 27][6, 10][10, 29][6, 13] 
[16, 28, 25, 11, 14, 23][5, 21, 2, 29, 15][9, 3, 1, 24][20, 4, 7, 27][12, 17, 19, 22][8, 26, 0, 19][1, 14, 7][13, 18, 22][10, 27][6, 10][10, 29][6, 13] 
[16, 28, 25, 11, 14, 23][5, 21, 2, 29, 15][12, 17, 19, 22][8, 26, 0, 19][20, 4, 7, 27][9, 3, 1, 24][13, 18, 22][1, 14, 7][6, 13][6, 10][10, 27][10, 29] 
[16, 28, 25, 11, 14, 23][5, 21, 2, 29, 15][20, 4, 7, 27][12, 17, 19, 22][8, 26, 0, 19][9, 3, 1, 24][13, 18, 22][1, 14, 7][10, 27][10, 29][6, 10][6, 13] 
[16, 28, 25, 11, 14, 23][5, 21, 2, 29, 15][20, 4, 7, 27][12, 17, 19, 22][8, 26, 0, 19][9, 3, 1, 24][13, 18, 22][1, 14, 7][10, 27][10, 29][6, 10][6, 13] 
[16, 28, 25, 11, 14, 23][5, 21, 2, 29, 15][12, 17, 19, 22][8, 26, 0, 19][20, 4, 7, 27][9, 3, 1, 24][13, 18, 22][10, 6, 13][1, 14, 7][10, 29][10, 27][11, 25] 
[12, 22, 18, 19, 17][5, 21, 2, 29, 15][8, 26, 0, 28, 16][20, 4, 7, 27][9, 3, 1, 24][23, 14, 11, 25][10, 6, 13][1, 14, 7][13, 18][10, 29][10, 27][0, 19] 
[12, 22, 18, 19, 17][8, 26, 0, 28, 16][5, 21, 2, 29, 15][20, 4, 7, 27][9, 3, 1, 24][23, 14, 11, 25][10, 6, 13][1, 14, 7][0, 19][13, 18][10, 27][10, 29] 
[5, 21, 2, 29, 15][12, 22, 18, 19, 17][8, 26, 0, 28, 16][20, 4, 7, 27][9, 3, 1, 24][23, 14, 11, 25][10, 6, 13][1, 14, 7][10, 29][13, 18][10, 27][0, 19] 
[12, 22, 18, 19, 17][5, 21, 2, 29, 15][8, 26, 0, 28, 16][20, 4, 7, 27][9, 3, 1, 24][23, 14, 11, 25][10, 6, 13][1, 14, 7][13, 18][10, 29][10, 27][0, 19] 
[5, 21, 2, 29, 15][12, 22, 18, 19, 17][8, 26, 0, 28, 16][20, 4, 7, 27][9, 3, 1, 24][23, 14, 11, 25][10, 6, 13][1, 14, 7][10, 29][13, 18][10, 27][0, 19] 
[8, 26, 0, 28, 16][18, 12, 17, 19, 22][5, 21, 2, 29, 15][20, 4, 7, 27][23, 14, 11, 25][9, 3, 1, 24][10, 6, 13][1, 14, 7][0, 19][13, 18][10, 15][10, 27] 
[12, 22, 18, 19, 17][5, 21, 2, 29, 15][8, 26, 0, 28, 16][20, 4, 7, 27][23, 14, 11, 25][9, 3, 1, 24][10, 6, 13][1, 14, 7][13, 18][10, 15][10, 27][0, 19] 
