[5, 21, 10, 29, 2, 27][6, 13, 18, 22, 19, 12][14, 9, 3, 1, 23][15, 16, 7, 20][8, 26, 0, 25][11, 3, 24][11, 17, 28][10, 15][4, 7][4, 24][17, 22][0, 22] 
[5, 21, 10, 29, 2, 27][6, 13, 18, 22, 19, 12][14, 9, 3, 1, 23][15, 16, 7, 20][8, 26, 0, 25][11, 3, 24][11, 17, 28][10, 15][4, 7][4, 24][17, 22][0, 22] 
[5, 21, 10, 29, 2, 27][6, 13, 18, 22, 19, 12][14, 9, 3, 1, 23][15, 16, 7, 20][8, 26, 0, 25][11, 3, 24][11, 17, 28][4, 7][4, 24][10, 15][17, 22][0, 22] 
[5, 21, 10, 29, 2, 27][6, 13, 18, 22, 19, 12][14, 9, 3, 1, 23][15, 16, 7, 20][8, 26, 0, 25][11, 3, 24][11, 17, 28][4, 7][10, 15][4, 24][17, 22][0, 18] 
[5, 21, 10, 29, 2, 27][6, 13, 18, 22, 19][14, 9, 3, 1, 23][0, 26, 8, 12][15, 16, 7, 20][11, 17, 28][11, 3, 24][4, 7, 25][0, 18][17, 22][4, 24][10, 15] 
[5, 21, 10, 29, 2, 27][6, 13, 18, 22, 19][14, 9, 3, 1, 23][0, 26, 8, 12][15, 16, 7, 20][11, 17, 28][11, 3, 24][4, 7, 25][0, 18][17, 22][4, 24][10, 15] 
[5, 21, 10, 29, 2, 27][14, 9, 3, 1, 23][6, 13, 18, 22, 19][15, 16, 7, 20][0, 26, 8, 12][4, 7, 25][11, 3, 24][11, 17, 28][4, 24][10, 15][17, 22][0, 18] 
[5, 21, 10, 29, 2, 27][14, 9, 3, 1, 23][6, 13, 18, 22, 19][0, 26, 8, 12][15, 16, 7, 20][11, 3, 24][11, 17, 28][4, 7, 25][17, 22][0, 18][4, 24][10, 15] 
[5, 21, 10, 29, 2, 27][14, 9, 3, 1, 23][6, 13, 18, 22, 19][15, 16, 7, 20][0, 26, 8, 12][4, 7, 25][11, 3, 24][11, 17, 28][4, 24][10, 15][17, 22][0, 18] 
[5, 21, 10, 29, 2, 27][6, 13, 18, 22, 19][14, 9, 3, 1, 23][0, 26, 8, 12][15, 16, 7, 20][11, 17, 28][11, 3, 24][4, 7, 25][0, 18][17, 22][4, 24][10, 15] 
[6, 13, 18, 22, 19, 12][5, 21, 10, 29, 2, 27][14, 9, 3, 1, 23][15, 16, 7, 20][8, 26, 0, 25][11, 3, 24][11, 17, 28][4, 24][17, 22][4, 7][0, 22][10, 15] 
[5, 21, 10, 29, 2, 27][6, 13, 18, 22, 19, 12][14, 9, 3, 1, 23][15, 16, 7, 20][8, 26, 0, 25][11, 3, 24][11, 17, 28][4, 7][4, 24][10, 15][17, 22][0, 22] 
[5, 21, 10, 29, 2, 27][6, 13, 18, 22, 19, 12][14, 9, 3, 1, 23][15, 16, 7, 20][8, 26, 0, 25][11, 3, 24][11, 17, 28][4, 7][4, 24][10, 15][17, 22][0, 22] 
[5, 21, 10, 29, 2, 27][14, 9, 3, 1, 23][6, 13, 18, 22, 19][15, 16, 7, 20][0, 26, 8, 12][11, 3, 24][4, 7, 25][11, 17, 28][4, 24][10, 15][17, 22][0, 18] 
[5, 21, 10, 29, 2, 27][14, 9, 3, 1, 23][6, 13, 18, 22, 19][15, 16, 7, 20][0, 26, 8, 12][11, 3, 24][4, 7, 25][11, 17, 28][4, 24][10, 15][17, 22][0, 18] 
[5, 21, 10, 29, 2, 27][14, 9, 3, 1, 23][6, 13, 18, 22, 19][15, 16, 7, 20][0, 26, 8, 12][4, 7, 25][11, 3, 24][11, 17, 28][10, 15][4, 24][17, 22][0, 18] 
[5, 21, 10, 29, 2, 27][6, 13, 18, 22, 19, 12][14, 9, 3, 1, 23][15, 16, 7, 20][8, 26, 0, 25][11, 3, 24][11, 17, 28][10, 15][4, 7][4, 24][17, 22][0, 22] 
[6, 13, 18, 22, 19, 12][5, 21, 10, 29, 2, 27][14, 9, 3, 1, 23][8, 26, 0, 25][15, 16, 7, 20][11, 17, 28][11, 3, 24][0, 22][17, 22][4, 24][4, 7][10, 15] 
[5, 21, 10, 29, 2, 27][6, 13, 18, 22, 19][14, 9, 3, 1, 23][0, 26, 8, 12][15, 16, 7, 20][11, 17, 28][11, 3, 24][4, 7, 25][0, 18][17, 22][4, 24][10, 15] 
[6, 13, 18, 22, 19, 12][5, 21, 10, 29, 2, 27][14, 9, 3, 1, 23][8, 26, 0, 25][15, 16, 7, 20][11, 3, 24][11, 17, 28][4, 24][17, 22][0, 22][4, 7][10, 15] 
[6, 13, 18, 22, 19, 12][5, 21, 10, 29, 2, 27][14, 9, 3, 1, 23][15, 16, 7, 20][8, 26, 0, 25][11, 17, 28][11, 3, 24][4, 24][4, 7][17, 22][0, 22][10, 15] 
[6, 13, 18, 22, 19, 12][5, 21, 10, 29, 2, 27][14, 9, 3, 1, 23][15, 16, 7, 20][8, 26, 0, 25][11, 3, 24][11, 17, 28][4, 24][4, 7][17, 22][0, 22][10, 15] 
[6, 13, 18, 22, 19, 12][5, 21, 10, 29, 2, 27][14, 9, 3, 1, 23][8, 26, 0, 25][15, 16, 7, 20][11, 17, 28][11, 3, 24][17, 22][0, 22][4, 24][4, 7][10, 15] 
[5, 21, 10, 29, 2, 27][14, 9, 3, 1, 23][6, 13, 18, 22, 19][0, 26, 8, 12][15, 16, 7, 20][11, 3, 24][11, 17, 28][4, 7, 25][17, 22][0, 18][4, 24][10, 15] 
[5, 21, 10, 29, 2, 27][14, 9, 3, 1, 23][6, 13, 18, 22, 19][15, 16, 7, 20][0, 26, 8, 12][4, 7, 25][11, 3, 24][11, 17, 28][4, 24][10, 15][17, 22][0, 18] 
[5, 21, 10, 29, 2, 27][14, 9, 3, 1, 23][6, 13, 18, 22, 19][15, 16, 7, 20][0, 26, 8, 12][4, 7, 25][11, 3, 24][11, 17, 28][10, 15][4, 24][17, 22][0, 18] 
[6, 13, 18, 22, 19, 12][5, 21, 10, 29, 2, 27][14, 9, 3, 1, 23][15, 16, 7, 20][8, 26, 0, 25][11, 17, 28][11, 3, 24][4, 24][4, 7][17, 22][0, 22][10, 15] 
[6, 13, 18, 22, 19, 12][5, 21, 10, 29, 2, 27][14, 9, 3, 1, 23][15, 16, 7, 20][8, 26, 0, 25][11, 17, 28][11, 3, 24][4, 24][4, 7][17, 22][0, 22][10, 15] 
[5, 21, 10, 29, 2, 27][14, 9, 3, 1, 23][6, 13, 18, 22, 19][15, 16, 7, 20][0, 26, 8, 12][11, 17, 28][11, 3, 24][4, 7, 25][17, 22][4, 24][10, 15][0, 18] 
[6, 13, 18, 22, 19, 12][5, 21, 10, 29, 2, 27][14, 9, 3, 1, 23][15, 16, 7, 20][8, 26, 0, 25][11, 17, 28][11, 3, 24][17, 22][4, 24][4, 7][10, 15][0, 22] 
[5, 21, 10, 29, 2, 27][6, 13, 18, 22, 19, 12][14, 9, 3, 1, 23][15, 16, 7, 20][8, 26, 0, 25][11, 3, 24][11, 17, 28][10, 15][4, 7][4, 24][17, 22][0, 22] 
[5, 21, 10, 29, 2, 27][6, 13, 18, 22, 19, 12][14, 9, 3, 1, 23][15, 16, 7, 20][8, 26, 0, 25][11, 3, 24][11, 17, 28][4, 7][10, 15][4, 24][17, 22][0, 22] 
[5, 21, 10, 29, 2, 27][6, 13, 18, 22, 19][14, 9, 3, 1, 23][0, 26, 8, 12][15, 16, 7, 20][11, 17, 28][11, 3, 24][4, 7, 25][0, 18][17, 22][4, 24][10, 15] 
[5, 21, 10, 29, 2, 27][6, 13, 18, 22, 19, 12][14, 9, 3, 1, 23][15, 16, 7, 20][8, 26, 0, 25][11, 3, 24][11, 17, 28][10, 15][4, 7][4, 24][17, 22][0, 22] 
[6, 13, 18, 22, 19, 12][5, 21, 10, 29, 2, 27][14, 9, 3, 1, 23][8, 26, 0, 25][15, 16, 7, 20][11, 17, 28][11, 3, 24][17, 22][0, 22][4, 24][4, 7][10, 15] 
[0, 26, 8, 12, 19, 22, 25, 11, 17, 28, 7, 20, 23, 3, 24][5, 21, 15, 29, 2, 27, 10, 6, 13, 18, 19][14, 9, 1, 23][7, 20][7, 16][4, 24][7, 20][18, 19][8, 26][7, 20][7, 16][7, 20] 
[0, 26, 8, 12, 19, 22, 25, 11, 17, 28, 7, 20, 23, 3, 24][5, 21, 15, 29, 2, 27, 10, 6, 13, 18, 19][14, 9, 1, 23][7, 20][4, 24][7, 16][8, 26][7, 20][8, 26][7, 20][8, 26][8, 26] 
[0, 26, 8, 12, 19, 22, 25, 11, 17, 28, 7, 20, 23][5, 21, 15, 29, 2, 27, 10, 6, 13, 18, 19][14, 9, 3, 1, 23][7, 20][4, 7][4, 24][6, 16][7, 20][17, 28][7, 20][1, 3][2, 27] 
[0, 26, 8, 12, 19, 22, 25, 11, 17, 28, 7, 20, 23, 3, 24][5, 21, 15, 29, 2, 27, 10, 6, 13, 18][14, 9, 1, 23][7, 16][4, 7][19, 22][7, 20][11, 17][7, 20][11, 17][18, 19][2, 27] 
[0, 26, 8, 12, 19, 22, 25, 11, 17, 28, 7, 20, 23, 3, 24][5, 21, 15, 29, 2, 27, 10, 6, 13, 18][14, 9, 1, 23][7, 20][4, 24][7, 16][7, 20][18, 19][8, 26][8, 26][8, 26][8, 26] 
[0, 26, 8, 12, 22, 25, 11, 17, 28, 7, 20, 23, 24][5, 21, 15, 29, 2, 27, 10, 6, 13, 18, 19][14, 9, 3, 1, 23][7, 20][7, 16][4, 24][6, 16][4, 24][8, 26][7, 20][8, 26][7, 20] 
[0, 26, 8, 12, 19, 22, 25, 11, 17, 28, 7, 20, 23, 3, 24][5, 21, 15, 29, 2, 27, 10, 6, 13, 18, 19][0, 26, 8, 12][14, 9, 1, 23][8, 26][7, 16][4, 24][7, 20][7, 16][7, 20][8, 26][8, 26] 
[0, 26, 8, 12, 19, 22, 25, 11, 17, 28, 7, 20, 23, 3][5, 21, 15, 29, 2, 27, 10, 6, 13, 18, 19][14, 9, 1, 23][11, 17][4, 7][7, 16][19, 22][4, 24][2, 27][8, 26][19, 22][7, 20] 
[0, 26, 8, 12, 19, 22, 25, 11, 17, 28, 7, 20, 23, 3, 24][5, 21, 15, 29, 2, 27, 10, 6, 13, 18][14, 9, 1, 23][7, 16][4, 7][19, 22][7, 20][11, 17][7, 20][11, 17][18, 19][2, 27] 
[24, 3, 23, 20, 7, 28, 17, 11, 25, 22, 19, 12, 8, 26][5, 21, 15, 29, 2, 27, 10, 6, 13, 18, 19][14, 9, 1, 23][0, 26][7, 16][4, 24][7, 20][7, 20][7, 20][7, 20][7, 20][7, 20] 
[0, 26, 8, 12, 19, 22, 25, 11, 17, 28, 7, 20, 23, 3, 24][5, 21, 15, 29, 2, 27, 10, 6, 13, 18, 19][14, 9, 1, 23][4, 24][7, 16][7, 20][8, 26][7, 20][7, 20][7, 20][8, 26][7, 20] 
[0, 26, 8, 12, 19, 22, 25, 11, 17, 28, 7, 20, 23, 3, 24][5, 21, 15, 29, 2, 27, 10, 6, 13, 18, 19][14, 9, 1, 23][18, 19][4, 24][7, 16][7, 20][7, 20][18, 19][7, 20][18, 19][8, 26] 
[0, 26, 8, 12, 22, 25, 11, 17, 28, 7, 20, 23, 3, 24][5, 21, 15, 29, 2, 27, 10, 6, 13, 18][14, 9, 1, 23][7, 16, 15][4, 24][18, 19][8, 26][11, 17][8, 26][7, 20][8, 26][7, 20] 
[24, 3, 23, 20, 7, 28, 17, 11, 25, 22, 19, 12, 8, 26][5, 21, 15, 29, 2, 27, 10, 6, 13, 18, 19][14, 9, 1, 23][0, 26][7, 16][4, 24][7, 20][7, 20][7, 20][7, 20][7, 20][7, 20] 
[0, 26, 8, 12, 19, 22, 25, 11, 17, 28, 7, 20, 23, 3, 24][5, 21, 15, 29, 2, 27, 10, 6, 13, 18, 19][14, 9, 1, 23][6, 16][4, 24][7, 20][18, 19][7, 20][22, 25][18, 19][18, 19][7, 20] 
[0, 26, 8, 12, 19, 22, 25, 11, 17, 28, 7, 20, 23, 3, 24][5, 21, 15, 29, 2, 27, 10, 6, 13, 18, 19][14, 9, 1, 23][7, 20][4, 24][7, 16][8, 26][7, 20][8, 26][7, 20][8, 26][8, 26] 
[0, 26, 8, 12, 19, 22, 25, 11, 17, 28, 7, 20, 23, 3, 24][5, 21, 15, 29, 2, 27, 10, 6, 13, 18, 19][14, 9, 1, 23][18, 19][4, 24][7, 16][7, 20][7, 20][18, 19][7, 20][18, 19][8, 26] 
[0, 26, 8, 12, 22, 25, 11, 17, 28, 7, 20, 23, 24][5, 21, 15, 29, 2, 27, 10, 6, 13, 18, 19][14, 9, 3, 1, 23][4, 24][7, 16][6, 16][7, 20][8, 26][7, 20][18, 19][7, 20][18, 19] 
[0, 26, 8, 12, 19, 22, 25, 11, 17, 28, 7, 20, 23, 3, 24][5, 21, 15, 29, 2, 27, 10, 6, 13, 18, 19][14, 9, 1, 23][4, 24][7, 16][7, 20][8, 26][7, 20][7, 20][7, 20][8, 26][7, 20] 
[0, 26, 8, 12, 19, 22, 25, 11, 17, 28, 7, 20, 23, 3, 24][5, 21, 15, 29, 2, 27, 10, 6, 13, 18, 19][14, 9, 1, 23][6, 16][4, 24][7, 20][18, 19][7, 20][22, 25][18, 19][18, 19][7, 20] 
[0, 26, 8, 12, 19, 22, 25, 11, 17, 28, 7, 20, 23, 3, 24][5, 21, 15, 29, 2, 27, 10, 6, 13, 18, 19][14, 9, 1, 23][4, 24][7, 16][18, 19][7, 20][7, 20][7, 20][8, 26][4, 24][18, 19] 
[5, 21, 10, 29, 2, 27][6, 13, 18, 22, 19][14, 9, 3, 1, 23][0, 26, 8, 12][15, 16, 7, 20][11, 17, 28][11, 3, 24][4, 7, 25][17, 22][0, 18][4, 24][10, 15] 
[5, 21, 10, 29, 2, 27][14, 9, 3, 1, 23][6, 13, 18, 22, 19][15, 16, 7, 20][0, 26, 8, 12][4, 7, 25][11, 3, 24][11, 17, 28][4, 24][10, 15][17, 22][0, 18] 
[5, 21, 10, 29, 2, 27][14, 9, 3, 1, 23][6, 13, 18, 22, 19][15, 16, 7, 20][0, 26, 8, 12][11, 3, 24][11, 17, 28][4, 7, 25][4, 24][10, 15][17, 22][0, 18] 
[5, 21, 10, 29, 2, 27][14, 9, 3, 1, 23][6, 13, 18, 22, 19][15, 16, 7, 20][0, 26, 8, 12][4, 7, 25][11, 3, 24][11, 17, 28][4, 24][10, 15][17, 22][0, 18] 
[5, 21, 10, 29, 2, 27][6, 13, 18, 22, 19][14, 9, 3, 1, 23][15, 16, 7, 20][0, 26, 8, 12][11, 17, 28][11, 3, 24][4, 7, 25][17, 22][4, 24][0, 18][10, 15] 
[5, 21, 10, 29, 2, 27][6, 13, 18, 22, 19][14, 9, 3, 1, 23][15, 16, 7, 20][0, 26, 8, 12][11, 17, 28][11, 3, 24][4, 7, 25][17, 22][4, 24][0, 18][10, 15] 
[5, 21, 10, 29, 2, 27][14, 9, 3, 1, 23][6, 13, 18, 22, 19][15, 16, 7, 20][0, 26, 8, 12][4, 7, 25][11, 3, 24][11, 17, 28][10, 15][4, 24][17, 22][0, 18] 
[5, 21, 10, 29, 2, 27][14, 9, 3, 1, 23][6, 13, 18, 22, 19][15, 16, 7, 20][0, 26, 8, 12][11, 3, 24][4, 7, 25][11, 17, 28][4, 24][17, 22][10, 15][0, 18] 
[5, 21, 10, 29, 2, 27][14, 9, 3, 1, 23][6, 13, 18, 22, 19][15, 16, 7, 20][0, 26, 8, 12][4, 7, 25][11, 3, 24][11, 17, 28][4, 24][10, 15][17, 22][0, 18] 
[5, 21, 10, 29, 2, 27][14, 9, 3, 1, 23][6, 13, 18, 22, 19][15, 16, 7, 20][0, 26, 8, 12][4, 7, 25][11, 3, 24][11, 17, 28][10, 15][4, 24][17, 22][0, 18] 
[5, 21, 10, 29, 2, 27][6, 13, 18, 22, 19][14, 9, 3, 1, 23][0, 26, 8, 12][15, 16, 7, 20][11, 17, 28][11, 3, 24][4, 7, 25][0, 18][17, 22][4, 24][10, 15] 
[5, 21, 10, 29, 2, 27][14, 9, 3, 1, 23][6, 13, 18, 22, 19][15, 16, 7, 20][0, 26, 8, 12][4, 7, 25][11, 3, 24][11, 17, 28][4, 24][10, 15][17, 22][0, 18] 
[5, 21, 10, 29, 2, 27][6, 13, 18, 22, 19][14, 9, 3, 1, 23][0, 26, 8, 12][15, 16, 7, 20][11, 17, 28][11, 3, 24][4, 7, 25][0, 18][17, 22][4, 24][10, 15] 
[5, 21, 10, 29, 2, 27][14, 9, 3, 1, 23][6, 13, 18, 22, 19][15, 16, 7, 20][0, 26, 8, 12][4, 7, 25][11, 3, 24][11, 17, 28][10, 15][4, 24][17, 22][0, 18] 
[5, 21, 10, 29, 2, 27][6, 13, 18, 22, 19][14, 9, 3, 1, 23][0, 26, 8, 12][15, 16, 7, 20][11, 17, 28][11, 3, 24][4, 7, 25][0, 18][17, 22][4, 24][10, 15] 
[6, 13, 18, 22, 19, 12][5, 21, 10, 29, 2, 27][14, 9, 3, 1, 23][15, 16, 7, 20][8, 26, 0, 25][11, 3, 24][11, 17, 28][4, 24][17, 22][4, 7][0, 22][10, 15] 
[6, 13, 18, 22, 19, 12][5, 21, 10, 29, 2, 27][14, 9, 3, 1, 23][15, 16, 7, 20][8, 26, 0, 25][11, 3, 24][11, 17, 28][17, 22][4, 24][4, 7][0, 22][10, 15] 
[6, 13, 18, 22, 19, 12][5, 21, 10, 29, 2, 27][14, 9, 3, 1, 23][8, 26, 0, 25][15, 16, 7, 20][11, 3, 24][11, 17, 28][17, 22][0, 22][4, 24][4, 7][10, 15] 
[6, 13, 18, 22, 19, 12][5, 21, 10, 29, 2, 27][14, 9, 3, 1, 23][8, 26, 0, 25][15, 16, 7, 20][11, 17, 28][11, 3, 24][0, 22][17, 22][4, 24][4, 7][10, 15] 
[6, 13, 18, 22, 19, 12][5, 21, 10, 29, 2, 27][14, 9, 3, 1, 23][8, 26, 0, 25][15, 16, 7, 20][11, 3, 24][11, 17, 28][17, 22][0, 22][4, 24][4, 7][10, 15] 
[6, 13, 18, 22, 19, 12][5, 21, 10, 29, 2, 27][14, 9, 3, 1, 23][15, 16, 7, 20][8, 26, 0, 25][11, 17, 28][3, 24, 4][17, 22][3, 11][4, 7][10, 15][0, 22] 
[5, 21, 10, 29, 2, 27][6, 13, 18, 22, 19][14, 9, 3, 1, 23][0, 26, 8, 12][15, 16, 7, 20][11, 17, 28][11, 3, 24][4, 7, 25][0, 18][17, 22][4, 24][10, 15] 
[5, 21, 10, 29, 2, 27][14, 9, 3, 1, 23][6, 13, 18, 22, 19][15, 16, 7, 20][0, 26, 8, 12][4, 7, 25][11, 3, 24][11, 17, 28][4, 24][10, 15][17, 22][0, 18] 
[5, 21, 10, 29, 2, 27][6, 13, 18, 22, 19][14, 9, 3, 1, 23][0, 26, 8, 12][15, 16, 7, 20][11, 17, 28][11, 3, 24][4, 7, 25][0, 18][17, 22][4, 24][10, 15] 
[5, 21, 10, 29, 2, 27][14, 9, 3, 1, 23][6, 13, 18, 22, 19][15, 16, 7, 20][0, 26, 8, 12][4, 7, 25][11, 3, 24][11, 17, 28][10, 15][4, 24][17, 22][0, 18] 
[5, 21, 10, 29, 2, 27][6, 13, 18, 22, 19][14, 9, 3, 1, 23][0, 26, 8, 12][15, 16, 7, 20][11, 17, 28][11, 3, 24][4, 7, 25][0, 18][17, 22][4, 24][10, 15] 
[5, 21, 10, 29, 2, 27][6, 13, 18, 22, 19][14, 9, 3, 1, 23][0, 26, 8, 12][15, 16, 7, 20][11, 17, 28][11, 3, 24][4, 7, 25][0, 22][17, 22][4, 24][10, 15] 
[5, 21, 10, 29, 2, 27][14, 9, 3, 1, 23][6, 13, 18, 22, 19][0, 26, 8, 12][15, 16, 7, 20][11, 17, 28][11, 3, 24][4, 7, 25][17, 22][0, 18][4, 24][10, 15] 
[6, 13, 18, 22, 19, 12][5, 21, 10, 29, 2, 27][14, 9, 3, 1, 23][8, 26, 0, 25][15, 16, 7, 20][11, 17, 28][11, 3, 24][0, 22][17, 22][4, 24][4, 7][10, 15] 
[6, 13, 18, 22, 19, 12][5, 21, 10, 29, 2, 27][14, 9, 3, 1, 23][15, 16, 7, 20][8, 26, 0, 25][11, 17, 28][11, 3, 24][4, 24][4, 7][17, 22][0, 22][10, 15] 
[6, 13, 18, 22, 19, 12][5, 21, 10, 29, 2, 27][14, 9, 3, 1, 23][8, 26, 0, 25][15, 16, 7, 20][11, 17, 28][11, 3, 24][0, 22][17, 22][4, 24][4, 7][10, 15] 
[6, 13, 18, 22, 19, 12][5, 21, 10, 29, 2, 27][14, 9, 3, 1, 23][8, 26, 0, 25][15, 16, 7, 20][11, 17, 28][11, 3, 24][17, 22][0, 22][4, 24][4, 7][10, 15] 
[5, 21, 10, 29, 2, 27][6, 13, 18, 22, 19, 12][14, 9, 3, 1, 23][15, 16, 7, 20][8, 26, 0, 25][11, 3, 24][11, 17, 28][4, 7][10, 15][4, 24][17, 22][0, 22] 
[6, 13, 18, 22, 19, 12][5, 21, 10, 29, 2, 27][14, 9, 3, 1, 23][15, 16, 7, 20][8, 26, 0, 25][11, 3, 24][11, 17, 28][17, 22][4, 24][4, 7][0, 22][10, 15] 
[6, 13, 18, 22, 19, 12][5, 21, 10, 29, 2, 27][14, 9, 3, 1, 23][8, 26, 0, 25][15, 16, 7, 20][11, 17, 28][11, 3, 24][17, 22][0, 22][4, 24][4, 7][10, 15] 
[6, 13, 18, 22, 19, 12][5, 21, 10, 29, 2, 27][14, 9, 3, 1, 23][8, 26, 0, 25][15, 16, 7, 20][11, 17, 28][11, 3, 24][17, 22][0, 22][4, 24][4, 7][10, 15] 
[6, 13, 18, 22, 19, 12][5, 21, 10, 29, 2, 27][14, 9, 3, 1, 23][8, 26, 0, 25][15, 16, 7, 20][11, 17, 28][11, 3, 24][17, 22][0, 22][4, 24][4, 7][10, 15] 
[5, 21, 10, 29, 2, 27][6, 13, 18, 22, 19, 12][14, 9, 3, 1, 23][15, 16, 7, 20][8, 26, 0, 25][11, 3, 24][11, 17, 28][4, 7][4, 24][10, 15][17, 22][0, 22] 
[6, 13, 18, 22, 19, 12][5, 21, 10, 29, 2, 27][14, 9, 3, 1, 23][15, 16, 7, 20][8, 26, 0, 25][11, 17, 28][11, 3, 24][17, 22][4, 24][4, 7][10, 15][0, 22] 
[5, 21, 10, 29, 2, 27][6, 13, 18, 22, 19, 12][14, 9, 3, 1, 23][15, 16, 7, 20][8, 26, 0, 25][11, 3, 24][11, 17, 28][10, 15][4, 7][4, 24][17, 22][0, 22] 
[6, 13, 18, 22, 19, 12][5, 21, 10, 29, 2, 27][14, 9, 3, 1, 23][8, 26, 0, 25][15, 16, 7, 20][11, 17, 28][11, 3, 24][0, 22][17, 22][4, 24][4, 7][10, 15] 
[5, 21, 10, 29, 2, 27][6, 13, 18, 22, 19, 12][14, 9, 3, 1, 23][15, 16, 7, 20][8, 26, 0, 25][11, 3, 24][11, 17, 28][10, 15][4, 7][4, 24][17, 22][0, 22] 
[6, 13, 18, 22, 19, 12][5, 21, 10, 29, 2, 27][14, 9, 3, 1, 23][15, 16, 7, 20][8, 26, 0, 25][11, 3, 24][11, 17, 28][4, 24][4, 7][17, 22][0, 22][10, 15] 
[5, 21, 10, 29, 2, 27][6, 13, 18, 22, 19, 12][14, 9, 3, 1, 23][15, 16, 7, 20][4, 24, 3, 11][8, 26, 0, 25][11, 17, 28][10, 15][4, 7][4, 24][17, 22][0, 22] 
[5, 21, 10, 29, 2, 27][6, 13, 18, 22, 19, 12][14, 9, 3, 1, 23][15, 16, 7, 20][4, 24, 3, 11][8, 26, 0, 25][11, 17, 28][10, 15][4, 7][4, 24][17, 22][0, 22] 
[5, 21, 10, 29, 2, 27][6, 13, 18, 22, 19, 12][14, 9, 3, 1, 23][15, 16, 7, 20][4, 24, 3, 11][8, 26, 0, 25][11, 17, 28][10, 15][4, 7][4, 24][17, 22][0, 22] 
[5, 21, 10, 29, 2, 27][6, 13, 18, 22, 19, 12][14, 9, 3, 1, 23][15, 16, 7, 20][4, 24, 3, 11][8, 26, 0, 25][11, 17, 28][10, 15][4, 7][4, 24][17, 22][0, 22] 
[5, 21, 10, 29, 2, 27][6, 13, 18, 22, 19, 12][14, 9, 3, 1, 23][15, 16, 7, 20][4, 24, 3, 11][8, 26, 0, 25][11, 17, 28][10, 15][4, 7][4, 24][17, 22][0, 22] 
[5, 21, 10, 29, 2, 27][6, 13, 18, 22, 19, 12][14, 9, 3, 1, 23][15, 16, 7, 20][4, 24, 3, 11][8, 26, 0, 25][11, 17, 28][4, 7, 25][10, 15][4, 7][4, 24][0, 18] 
[5, 21, 10, 29, 2, 27][6, 13, 18, 22, 19][14, 9, 3, 1, 23][0, 26, 8, 12][15, 16, 7, 20][11, 17, 28][11, 3, 24][4, 7, 25][0, 18][17, 22][4, 24][10, 15] 
[5, 21, 10, 29, 2, 27][14, 9, 3, 1, 23][6, 13, 18, 22, 19][15, 16, 7, 20][0, 26, 8, 12][4, 7, 25][11, 3, 24][11, 17, 28][10, 15][4, 24][17, 22][0, 18] 
[5, 21, 10, 29, 2, 27][14, 9, 3, 1, 23][6, 13, 18, 22, 19][15, 16, 7, 20][0, 26, 8, 12][4, 7, 25][11, 3, 24][11, 17, 28][10, 15][4, 24][17, 22][0, 18] 
[5, 21, 10, 29, 2, 27][14, 9, 3, 1, 23][6, 13, 18, 22, 19][15, 16, 7, 20][0, 26, 8, 12][4, 7, 25][11, 3, 24][11, 17, 28][4, 24][10, 15][17, 22][0, 18] 
[5, 21, 10, 29, 2, 27][6, 13, 18, 22, 19][14, 9, 3, 1, 23][0, 26, 8, 12][15, 16, 7, 20][11, 17, 28][11, 3, 24][4, 7, 25][0, 18][17, 22][4, 24][10, 15] 
[6, 13, 18, 22, 19, 12][5, 21, 10, 29, 2, 27][14, 9, 3, 1, 23][8, 26, 0, 25][15, 16, 7, 20][11, 17, 28][11, 3, 24][0, 22][17, 22][4, 24][4, 7][10, 15] 
[5, 21, 10, 29, 2, 27][6, 13, 18, 22, 19][14, 9, 3, 1, 23][0, 26, 8, 12][15, 16, 7, 20][11, 17, 28][11, 3, 24][4, 7, 25][0, 18][17, 22][4, 24][10, 15] 
