[3, 9, 1, 23, 14, 4][5, 21, 15, 10, 29][11, 25, 7, 20, 24][8, 26, 0, 12, 19][16, 6, 13, 18, 22][27, 7, 28][2, 29][2, 27][17, 28][12, 17][17, 22][20, 23] 
[3, 9, 1, 23, 14, 4][5, 21, 15, 10, 29][11, 25, 7, 20, 24][16, 6, 13, 18, 22][8, 26, 0, 12, 19][27, 7, 28][2, 29][2, 27][20, 23][17, 28][17, 22][12, 17] 
[3, 9, 1, 23, 14, 4][16, 6, 13, 18, 22][11, 25, 7, 20, 24][5, 21, 15, 10, 29][17, 12, 0, 26][8, 12, 19][27, 7, 28][17, 22][17, 28][20, 23][2, 27][2, 29] 
[3, 9, 1, 23, 14, 4][5, 21, 15, 10, 29][16, 6, 13, 18, 22][24, 20, 7, 25][8, 12, 19][11, 17, 12][19, 0, 26][27, 7, 28][27, 2, 29][17, 28][17, 22][20, 23] 
[3, 9, 1, 23, 14, 4][5, 21, 2, 15, 10][16, 6, 13, 18, 22][8, 26, 0, 19][24, 20, 7, 25][11, 17, 12][27, 7, 28][27, 2, 29][12, 19][17, 28][17, 22][20, 23] 
[3, 9, 1, 23, 14, 4][16, 6, 13, 18, 22][5, 21, 2, 15, 10][24, 20, 7, 25][19, 0, 26][8, 12, 19][11, 17, 12][27, 7, 28][27, 2, 29][17, 22][17, 28][20, 23] 
[3, 9, 1, 23, 14, 4][16, 6, 13, 18, 22][5, 21, 2, 15, 10][24, 20, 7, 25][8, 12, 19][27, 7, 28][19, 0, 26][27, 2, 29][11, 17, 12][17, 22][17, 28][20, 23] 
[3, 9, 1, 23, 14, 4][16, 6, 13, 18, 22][5, 21, 2, 15, 10][8, 26, 0, 19][24, 20, 7, 25][11, 17, 12][27, 7, 28][27, 2, 29][12, 19][17, 22][17, 28][20, 23] 
[3, 9, 1, 23, 14, 4][5, 21, 2, 15, 10][16, 6, 13, 18, 22][24, 20, 7, 25][8, 26, 0, 19][27, 2, 29][27, 7, 28][11, 17, 12][17, 28][17, 22][12, 19][20, 23] 
[3, 9, 1, 23, 14, 4][16, 6, 13, 18, 22][5, 21, 2, 15, 10][0, 26, 8, 19][24, 20, 7, 25][11, 17, 12][27, 7, 28][27, 2, 29][17, 22][8, 12][17, 28][20, 23] 
[3, 9, 1, 23, 14, 4][16, 6, 13, 18, 22][8, 26, 0, 12, 19][11, 25, 7, 20, 24][5, 21, 15, 10, 29][27, 7, 28][17, 22][12, 17][17, 28][20, 23][2, 27][2, 29] 
[3, 9, 1, 23, 14, 4][5, 21, 15, 10, 29][11, 25, 7, 20, 24][16, 6, 13, 18, 22][8, 26, 0, 12, 19][27, 7, 28][2, 29][2, 27][20, 23][17, 28][17, 22][12, 17] 
[3, 9, 1, 23, 14, 4][11, 25, 7, 20, 24][16, 6, 13, 18, 22][5, 21, 15, 10, 29][17, 12, 0, 26][27, 7, 28][8, 12, 19][20, 23][17, 28][17, 22][2, 27][2, 29] 
[3, 9, 1, 23, 14, 4][16, 6, 13, 18, 22][5, 21, 2, 15, 10][8, 26, 0, 19][24, 20, 7, 25][11, 17, 12][27, 7, 28][27, 2, 29][12, 19][17, 22][17, 28][20, 23] 
[3, 9, 1, 23, 14, 4][16, 6, 13, 18, 22][5, 21, 2, 15, 10][24, 20, 7, 25][8, 12, 19][27, 7, 28][19, 0, 26][27, 2, 29][11, 17, 12][17, 22][17, 28][20, 23] 
[3, 9, 1, 23, 14, 4][5, 21, 2, 15, 10][16, 6, 13, 18, 22][24, 20, 7, 25][8, 26, 0, 19][27, 2, 29][27, 7, 28][11, 17, 12][17, 28][17, 22][12, 19][20, 23] 
[3, 9, 1, 23, 14, 4][5, 21, 15, 10, 29][11, 25, 7, 20, 24][8, 26, 0, 12, 19][16, 6, 13, 18, 22][27, 7, 28][2, 29][2, 27][20, 23][17, 28][12, 17][17, 22] 
[3, 9, 1, 23, 14, 4][5, 21, 15, 10, 29][11, 25, 7, 20, 24][8, 26, 0, 12, 19][16, 6, 13, 18, 22][27, 7, 28][2, 29][2, 27][20, 23][17, 28][12, 17][17, 22] 
[3, 9, 1, 23, 14, 4][5, 21, 2, 15, 10][16, 6, 13, 18, 22][24, 20, 7, 25][8, 26, 0, 19][27, 2, 29][27, 7, 28][11, 17, 12][20, 23][17, 28][17, 22][12, 19] 
[3, 9, 1, 23, 14, 4][11, 25, 7, 20, 24][5, 21, 15, 10, 29][8, 26, 0, 12, 19][16, 6, 13, 18, 22][27, 7, 28][2, 27][17, 28][2, 29][20, 23][12, 17][17, 22] 
[3, 9, 1, 23, 14, 4][5, 21, 15, 10, 29][11, 25, 7, 20, 24][8, 26, 0, 12, 19][16, 6, 13, 18, 22][27, 7, 28][2, 29][2, 27][17, 28][12, 17][17, 22][20, 23] 
[3, 9, 1, 23, 14, 4][5, 21, 15, 10, 29][11, 25, 7, 20, 24][8, 26, 0, 12, 19][16, 6, 13, 18, 22][27, 7, 28][2, 29][2, 27][20, 23][17, 28][12, 17][17, 22] 
[3, 9, 1, 23, 14, 4][16, 6, 13, 18, 22][11, 25, 7, 20, 24][5, 21, 15, 10, 29][17, 12, 0, 26][8, 12, 19][27, 7, 28][17, 22][17, 28][20, 23][2, 27][2, 29] 
[3, 9, 1, 23, 14, 4][5, 21, 2, 15, 10][16, 6, 13, 18, 22][24, 20, 7, 25][8, 26, 0, 19][27, 7, 28][27, 2, 29][11, 17, 12][20, 23][17, 28][12, 19][17, 22] 
[3, 9, 1, 23, 14, 4][16, 6, 13, 18, 22][5, 21, 2, 15, 10][24, 20, 7, 25][19, 0, 26][8, 12, 19][11, 17, 12][27, 7, 28][27, 2, 29][17, 22][17, 28][20, 23] 
[3, 9, 1, 23, 14, 4][5, 21, 2, 15, 10][16, 6, 13, 18, 22][24, 20, 7, 25][8, 26, 0, 19][27, 7, 28][27, 2, 29][11, 17, 12][17, 28][20, 23][12, 19][17, 22] 
[3, 9, 1, 23, 14, 4][8, 26, 0, 12, 19][16, 6, 13, 18, 22][11, 25, 7, 20, 24][5, 21, 15, 10, 29][27, 7, 28][12, 17][17, 22][17, 28][2, 27][20, 23][2, 29] 
[3, 9, 1, 23, 14, 4][5, 21, 15, 10, 29][11, 25, 7, 20, 24][16, 6, 13, 18, 22][8, 26, 0, 12, 19][27, 7, 28][2, 29][2, 27][17, 28][17, 22][12, 17][20, 23] 
[3, 9, 1, 23, 14, 4][5, 21, 2, 15, 10][16, 6, 13, 18, 22][8, 26, 0, 19][24, 20, 7, 25][11, 17, 12][27, 7, 28][27, 2, 29][12, 19][17, 28][17, 22][20, 23] 
[3, 9, 1, 23, 14, 4][11, 25, 7, 20, 24][8, 26, 0, 12, 19][16, 6, 13, 18, 22][5, 21, 15, 10, 29][27, 7, 28][20, 23][17, 28][2, 27][12, 17][17, 22][2, 29] 
[3, 9, 1, 23, 14, 4][16, 6, 13, 18, 22][11, 25, 7, 20, 24][8, 26, 0, 12, 19][5, 21, 15, 10, 29][27, 7, 28][17, 22][17, 28][2, 27][12, 17][2, 29][20, 23] 
[3, 9, 1, 23, 14, 4][11, 25, 7, 20, 24][5, 21, 15, 10, 29][16, 6, 13, 18, 22][8, 26, 0, 12, 19][27, 7, 28][2, 27][17, 28][2, 29][20, 23][17, 22][12, 17] 
[3, 9, 1, 23, 14, 4][5, 21, 2, 15, 10][16, 6, 13, 18, 22][24, 20, 7, 25][8, 26, 0, 19][27, 7, 28][27, 2, 29][11, 17, 12][17, 28][20, 23][12, 19][17, 22] 
[3, 9, 1, 23, 14, 4][11, 25, 7, 20, 24][16, 6, 13, 18, 22][8, 26, 0, 12, 19][5, 21, 15, 10, 29][27, 7, 28][20, 23][17, 28][17, 22][12, 17][2, 27][2, 29] 
[3, 9, 1, 23, 14, 4][8, 26, 0, 12, 19][16, 6, 13, 18, 22][11, 25, 7, 20, 24][5, 21, 15, 10, 29][27, 7, 28][12, 17][17, 22][17, 28][2, 27][20, 23][2, 29] 
[8, 26, 0, 17, 22, 19, 12, 18, 13, 6, 15, 29, 27][14, 11, 25, 28, 16, 2, 21, 5, 15][4, 23, 1, 3, 9, 14][24, 20, 7, 25][15, 29, 27][10, 15][12, 19][12, 19][1, 3][0, 26][0, 26][17, 22] 
[4, 23, 3, 9, 14, 11, 25, 28, 16, 2, 21, 5, 15, 10][8, 26, 0, 17, 22, 19, 12, 18, 13, 6, 15, 29, 27][24, 20, 7, 25][15, 29, 27][27, 29][1, 23][17, 22][27, 29][17, 22][10, 15][10, 15][0, 26] 
[8, 26, 0, 17, 22, 19, 12, 18, 13, 6, 15, 29][10, 15, 5, 21, 2, 16, 28, 25, 11, 14][4, 23, 1, 3, 9, 14][24, 20, 7, 25][27, 29][7, 20][17, 22][0, 26][17, 22][1, 23][1, 23][1, 23] 
[8, 26, 0, 17, 22, 19, 12, 18, 13, 6, 15, 29][14, 11, 25, 28, 16, 2, 21, 5, 15][4, 23, 1, 3, 9, 14][24, 20, 7, 25][1, 3][27, 29][10, 15][17, 22][5, 21][12, 19][1, 3][12, 19] 
[8, 26, 0, 17, 22, 19, 12, 18, 13, 6, 15, 29][10, 15, 5, 21, 2, 16, 28, 25, 11, 14][4, 23, 1, 3, 9, 14][24, 20, 7, 25][27, 29][7, 20][17, 22][0, 26][17, 22][1, 23][1, 23][1, 23] 
[8, 26, 0, 17, 22, 19, 12, 18, 13, 6, 15, 29, 27][12, 18, 13, 6, 15, 29, 27][10, 15, 5, 21, 2, 16][4, 23, 1, 3, 9, 14][14, 11, 25, 28, 16][24, 20, 7, 25][1, 23][3, 9][1, 23][12, 19][17, 22][12, 19] 
[8, 26, 0, 17, 22, 19, 12, 18, 13, 6, 15, 29, 27][10, 15, 5, 21, 2, 16, 28, 25, 11, 14][4, 23, 1, 3, 9, 14][24, 20, 7, 25][17, 22][1, 3][11, 25][12, 19][7, 20][0, 26][1, 23][0, 26] 
[4, 23, 3, 9, 14, 11, 25, 28, 16, 2, 21, 5, 15, 10][8, 26, 0, 17, 22, 19, 12, 18, 13, 6, 15, 29, 27][24, 20, 7, 25][11, 25][1, 23][11, 25][10, 15][10, 15][11, 25][12, 19][5, 21][27, 29] 
[8, 26, 0, 17, 22, 19, 12, 18, 13, 6, 15, 29][14, 11, 25, 28, 16, 2, 21, 5, 15][4, 23, 1, 3, 9, 14][24, 20, 7, 25][10, 15][27, 29][1, 23][1, 3][1, 3][17, 22][1, 23][17, 22] 
[4, 23, 3, 9, 14, 11, 25, 28, 16, 2, 21, 5, 15, 10][8, 26, 0, 17, 22, 19, 12, 18, 13, 6, 15, 29, 27][4, 1, 3, 14][24, 20, 7, 25][1, 23][12, 19][0, 26][7, 20][27, 29][11, 25][10, 15][11, 25] 
[8, 26, 0, 17, 22, 19, 12, 18, 13, 6, 15, 29, 27][10, 15, 5, 21, 2, 16, 28, 25, 11, 14][4, 23, 1, 3, 9, 14][24, 20, 7, 25][11, 25][17, 22][7, 20][17, 22][1, 23][12, 19][1, 23][17, 22] 
[8, 26, 0, 17, 22, 19, 12, 18, 13, 6, 15, 29, 27][10, 15, 5, 21, 2, 16, 28, 25, 11, 14][4, 23, 1, 3, 9, 14][24, 20, 7, 25][11, 25][17, 22][7, 20][17, 22][1, 23][12, 19][1, 23][17, 22] 
[8, 26, 0, 17, 22, 19, 12, 18, 13, 6, 15, 29][14, 11, 25, 28, 16, 2, 21, 5, 15][4, 23, 1, 3, 9, 14][24, 20, 7, 25][10, 15][27, 29][1, 23][1, 3][1, 3][17, 22][1, 23][17, 22] 
[4, 23, 3, 9, 14, 11, 25, 28, 16, 2, 21, 5, 15, 10][8, 26, 0, 17, 22, 19, 12, 18, 13, 6, 15, 29, 27][24, 20, 7, 25][11, 25][1, 23][11, 25][10, 15][10, 15][11, 25][12, 19][5, 21][27, 29] 
[4, 23, 3, 9, 14, 11, 25, 28, 16, 2, 21, 5, 15, 10][8, 26, 0, 17, 22, 19, 12, 18, 13, 6, 15, 29, 27][4, 23, 1, 3, 9, 14][18, 13, 6, 15, 29, 27][24, 20, 7, 25][27, 29][11, 25][7, 20][1, 23][10, 15][10, 15][27, 29] 
[8, 26, 0, 17, 22, 19, 12, 18, 13, 6, 15, 29, 27][10, 15, 5, 21, 2, 16, 28, 25, 11, 14][4, 23, 1, 3, 9, 14][24, 20, 7, 25][17, 22][1, 3][11, 25][12, 19][7, 20][0, 26][1, 23][0, 26] 
[4, 23, 3, 9, 14, 11, 25, 28, 16, 2, 21, 5, 15, 10][8, 26, 0, 17, 22, 19, 12, 18, 13, 6, 15, 29, 27][24, 20, 7, 25][15, 29, 27][27, 29][1, 23][17, 22][27, 29][17, 22][10, 15][10, 15][0, 26] 
[8, 26, 0, 17, 22, 19, 12, 18, 13, 6, 15, 29, 27][14, 11, 25, 28, 16, 2, 21, 5, 15][4, 23, 1, 3, 9, 14][24, 20, 7, 25][1, 23][10, 15][5, 21][17, 22][0, 26][17, 22][1, 3][12, 19] 
[8, 26, 0, 17, 22, 19, 12, 18, 13, 6, 15, 29, 27][14, 11, 25, 28, 16, 2, 21, 5, 15][4, 23, 1, 3, 9, 14][24, 20, 7, 25][10, 15][1, 23][12, 19][12, 18][12, 18][0, 26][1, 3][0, 26] 
[8, 26, 0, 17, 22, 19, 12, 18, 13, 6, 15, 29, 27][14, 11, 25, 28, 16, 2, 21, 5, 15][4, 23, 1, 3, 9, 14][24, 20, 7, 25][0, 26][12, 18][1, 23][1, 3][1, 23][10, 15][17, 22][17, 22] 
[4, 23, 3, 9, 14, 11, 25, 28, 16, 2, 21, 5, 15, 10][0, 17, 22, 19, 12, 18, 13, 6, 15, 29, 27][24, 20, 7, 25][0, 26, 8][5, 15][9, 14][17, 22][1, 23][12, 19][5, 21][5, 21][5, 21] 
[4, 23, 1, 3, 9, 14][5, 21, 2, 15, 10][16, 6, 13, 18, 22][24, 20, 7, 25][0, 26, 8, 19][27, 7, 28][27, 2, 29][11, 17, 12][17, 28][17, 22][20, 23][8, 12] 
[4, 23, 1, 3, 9, 14][16, 6, 13, 18, 22][5, 21, 2, 15, 10][24, 20, 7, 25][0, 26, 8, 19][11, 17, 12][27, 7, 28][27, 2, 29][17, 22][17, 28][20, 23][8, 12] 
[4, 23, 1, 3, 9, 14][5, 21, 2, 15, 10][16, 6, 13, 18, 22][24, 20, 7, 25][0, 26, 8, 19][27, 7, 28][27, 2, 29][11, 17, 12][20, 23][17, 28][17, 22][8, 12] 
[4, 23, 1, 3, 9, 14][5, 21, 2, 15, 10][16, 6, 13, 18, 22][24, 20, 7, 25][0, 26, 8, 19][27, 2, 29][27, 7, 28][11, 17, 12][20, 23][17, 28][17, 22][8, 12] 
[4, 23, 1, 3, 9, 14][16, 6, 13, 18, 22][5, 21, 2, 15, 10][24, 20, 7, 25][0, 26, 8, 19][11, 17, 12][27, 7, 28][27, 2, 29][17, 22][17, 28][20, 23][8, 12] 
[4, 23, 1, 3, 9, 14][5, 21, 2, 15, 10][16, 6, 13, 18, 22][0, 26, 8, 19][24, 20, 7, 25][11, 17, 12][27, 7, 28][27, 2, 29][8, 12][17, 28][17, 22][20, 23] 
[4, 23, 1, 3, 9, 14][5, 21, 2, 15, 10][16, 6, 13, 18, 22][24, 20, 7, 25][0, 26, 8, 19][27, 7, 28][27, 2, 29][11, 17, 12][20, 23][17, 28][17, 22][8, 12] 
[4, 23, 1, 3, 9, 14][5, 21, 2, 15, 10][16, 6, 13, 18, 22][24, 20, 7, 25][0, 26, 8, 19][27, 7, 28][27, 2, 29][11, 17, 12][17, 28][8, 12][20, 23][17, 22] 
[4, 23, 1, 3, 9, 14][5, 21, 2, 15, 10][16, 6, 13, 18, 22][24, 20, 7, 25][0, 26, 8, 19][11, 17, 12][27, 7, 28][27, 2, 29][17, 28][20, 23][17, 22][8, 12] 
[4, 23, 1, 3, 9, 14][5, 21, 2, 15, 10][16, 6, 13, 18, 22][24, 20, 7, 25][0, 26, 8, 19][11, 17, 12][27, 7, 28][27, 2, 29][17, 28][20, 23][17, 22][8, 12] 
[4, 23, 1, 3, 9, 14][5, 21, 2, 15, 10][16, 6, 13, 18, 22][24, 20, 7, 25][0, 26, 8, 19][27, 7, 28][27, 2, 29][11, 17, 12][20, 23][17, 28][17, 22][8, 12] 
[4, 23, 1, 3, 9, 14][5, 21, 2, 15, 10][16, 6, 13, 18, 22][24, 20, 7, 25][0, 26, 8, 19][27, 7, 28][27, 2, 29][11, 17, 12][17, 28][17, 22][20, 23][8, 12] 
[4, 23, 1, 3, 9, 14][16, 6, 13, 18, 22][5, 21, 2, 15, 10][0, 26, 8, 19][24, 20, 7, 25][11, 17, 12][27, 7, 28][27, 2, 29][17, 22][8, 12][17, 28][20, 23] 
[4, 23, 1, 3, 9, 14][5, 21, 2, 15, 10][16, 6, 13, 18, 22][24, 20, 7, 25][0, 26, 8, 19][27, 7, 28][27, 2, 29][11, 17, 12][20, 23][17, 28][17, 22][8, 12] 
[4, 23, 1, 3, 9, 14][16, 6, 13, 18, 22][5, 21, 2, 15, 10][0, 26, 8, 19][24, 20, 7, 25][11, 17, 12][27, 7, 28][27, 2, 29][17, 22][8, 12][17, 28][20, 23] 
[3, 9, 1, 23, 14, 4][11, 25, 7, 20, 24][5, 21, 15, 10, 29][16, 6, 13, 18, 22][8, 26, 0, 12, 19][27, 7, 28][20, 23][2, 27][2, 29][17, 28][17, 22][12, 17] 
[3, 9, 1, 23, 14, 4][11, 25, 7, 20, 24][8, 26, 0, 12, 19][16, 6, 13, 18, 22][5, 21, 15, 10, 29][27, 7, 28][2, 27][20, 23][17, 28][12, 17][17, 22][2, 29] 
[3, 9, 1, 23, 14, 4][11, 25, 7, 20, 24][5, 21, 15, 10, 29][16, 6, 13, 18, 22][8, 26, 0, 12, 19][27, 7, 28][2, 27][20, 23][2, 29][17, 28][17, 22][12, 17] 
[3, 9, 1, 23, 14, 4][11, 25, 7, 20, 24][5, 21, 15, 10, 29][16, 6, 13, 18, 22][8, 26, 0, 12, 19][27, 7, 28][2, 27][20, 23][2, 29][17, 28][17, 22][12, 17] 
[3, 9, 1, 23, 14, 4][11, 25, 7, 20, 24][16, 6, 13, 18, 22][5, 21, 15, 10, 29][8, 26, 0, 12, 19][27, 7, 28][20, 23][2, 27][17, 28][17, 22][2, 29][12, 17] 
[4, 23, 1, 3, 9, 14][5, 21, 15, 10, 29][11, 25, 7, 20, 24][16, 6, 13, 18, 22][8, 26, 0, 12, 19][27, 2, 29][7, 27][7, 28][17, 28][20, 23][17, 22][12, 17] 
[4, 23, 1, 3, 9, 14][5, 21, 2, 15, 10][16, 6, 13, 18, 22][24, 20, 7, 25][0, 26, 8, 19][27, 7, 28][27, 2, 29][11, 17, 12][17, 28][17, 22][20, 23][8, 12] 
[4, 23, 1, 3, 9, 14][5, 21, 2, 15, 10][16, 6, 13, 18, 22][24, 20, 7, 25][0, 26, 8, 19][27, 2, 29][27, 7, 28][11, 17, 12][20, 23][17, 28][17, 22][8, 12] 
[4, 23, 1, 3, 9, 14][16, 6, 13, 18, 22][5, 21, 2, 15, 10][24, 20, 7, 25][0, 26, 8, 19][11, 17, 12][27, 7, 28][27, 2, 29][17, 22][17, 28][8, 12][20, 23] 
[4, 23, 1, 3, 9, 14][5, 21, 2, 15, 10][16, 6, 13, 18, 22][0, 26, 8, 19][24, 20, 7, 25][11, 17, 12][27, 7, 28][27, 2, 29][8, 12][17, 28][17, 22][20, 23] 
[4, 23, 1, 3, 9, 14][5, 21, 2, 15, 10][16, 6, 13, 18, 22][24, 20, 7, 25][0, 26, 8, 19][27, 7, 28][27, 2, 29][11, 17, 12][20, 23][17, 28][17, 22][8, 12] 
[3, 9, 1, 23, 14, 4][5, 21, 15, 10, 29][11, 25, 7, 20, 24][16, 6, 13, 18, 22][0, 26, 8, 12, 19][27, 7, 28][2, 29][2, 27][20, 23][17, 28][17, 22][12, 17] 
[4, 23, 1, 3, 9, 14][5, 21, 2, 15, 10][16, 6, 13, 18, 22][24, 20, 7, 25][0, 26, 8, 19][27, 7, 28][27, 2, 29][11, 17, 12][17, 28][8, 12][20, 23][17, 22] 
[3, 9, 1, 23, 14, 4][11, 25, 7, 20, 24][5, 21, 15, 10, 29][16, 6, 13, 18, 22][8, 26, 0, 12, 19][27, 7, 28][20, 23][2, 27][2, 29][17, 28][17, 22][12, 17] 
[3, 9, 1, 23, 14, 4][11, 25, 7, 20, 24][5, 21, 15, 10, 29][16, 6, 13, 18, 22][8, 26, 0, 12, 19][27, 7, 28][2, 27][17, 28][2, 29][20, 23][17, 22][12, 17] 
[3, 9, 1, 23, 14, 4][8, 26, 0, 12, 19][16, 6, 13, 18, 22][11, 25, 7, 20, 24][5, 21, 15, 10, 29][27, 7, 28][12, 17][17, 22][17, 28][2, 27][2, 29][20, 23] 
[3, 9, 1, 23, 14, 4][5, 21, 15, 10, 29][11, 25, 7, 20, 24][8, 26, 0, 12, 19][16, 6, 13, 18, 22][27, 7, 28][2, 29][2, 27][20, 23][17, 28][12, 17][17, 22] 
[3, 9, 1, 23, 14, 4][11, 25, 7, 20, 24][8, 26, 0, 12, 19][5, 21, 15, 10, 29][16, 6, 13, 18, 22][27, 7, 28][2, 27][17, 28][12, 17][2, 29][20, 23][17, 22] 
[3, 9, 1, 23, 14, 4][11, 25, 7, 20, 24][8, 26, 0, 12, 19][5, 21, 15, 10, 29][16, 6, 13, 18, 22][27, 7, 28][2, 27][17, 28][12, 17][2, 29][20, 23][17, 22] 
[3, 9, 1, 23, 14, 4][11, 25, 7, 20, 24][5, 21, 15, 10, 29][8, 26, 0, 12, 19][16, 6, 13, 18, 22][27, 7, 28][2, 27][17, 28][2, 29][20, 23][12, 17][17, 22] 
[3, 9, 1, 23, 14, 4][8, 26, 0, 12, 19][16, 6, 13, 18, 22][11, 25, 7, 20, 24][5, 21, 15, 10, 29][27, 7, 28][12, 17][17, 22][17, 28][2, 27][2, 29][20, 23] 
[3, 9, 1, 23, 14, 4][16, 6, 13, 18, 22][8, 26, 0, 12, 19][11, 25, 7, 20, 24][5, 21, 15, 10, 29][27, 7, 28][17, 22][12, 17][17, 28][2, 27][2, 29][20, 23] 
[3, 9, 1, 23, 14, 4][11, 25, 7, 20, 24][8, 26, 0, 12, 19][16, 6, 13, 18, 22][5, 21, 15, 10, 29][27, 7, 28][20, 23][17, 28][2, 27][12, 17][17, 22][2, 29] 
[3, 9, 1, 23, 14, 4][16, 6, 13, 18, 22][8, 26, 0, 12, 19][11, 25, 7, 20, 24][5, 21, 15, 10, 29][27, 7, 28][17, 22][12, 17][17, 28][20, 23][2, 27][2, 29] 
[3, 9, 1, 23, 14, 4][11, 25, 7, 20, 24][8, 26, 0, 12, 19][16, 6, 13, 18, 22][5, 21, 15, 10, 29][27, 7, 28][2, 27][20, 23][17, 28][12, 17][17, 22][2, 29] 
[3, 9, 1, 23, 14, 4][16, 6, 13, 18, 22][8, 26, 0, 12, 19][11, 25, 7, 20, 24][5, 21, 15, 10, 29][27, 7, 28][17, 22][12, 17][17, 28][2, 27][2, 29][20, 23] 
[3, 9, 1, 23, 14, 4][11, 25, 7, 20, 24][16, 6, 13, 18, 22][8, 26, 0, 12, 19][5, 21, 15, 10, 29][27, 7, 28][20, 23][17, 28][17, 22][2, 27][12, 17][2, 29] 
[3, 9, 1, 23, 14, 4][11, 25, 7, 20, 24][16, 6, 13, 18, 22][8, 26, 0, 12, 19][5, 21, 15, 10, 29][27, 7, 28][20, 23][17, 28][17, 22][2, 27][12, 17][2, 29] 
[3, 9, 1, 23, 14, 4][11, 25, 7, 20, 24][5, 21, 15, 10, 29][16, 6, 13, 18, 22][8, 26, 0, 12, 19][27, 7, 28][27, 2, 29][20, 23][17, 28][17, 22][12, 22][12, 19] 
[3, 9, 1, 23, 14, 4][5, 21, 15, 10, 29][11, 25, 7, 20, 24][16, 6, 13, 18, 22][8, 26, 0, 12, 19][27, 2, 29][27, 7, 28][20, 23][17, 28][17, 22][12, 22][12, 19] 
[3, 9, 1, 23, 14, 4][5, 21, 15, 10, 29][11, 25, 7, 20, 24][16, 6, 13, 18, 22][8, 26, 0, 12, 19][27, 2, 29][27, 7, 28][17, 28][17, 22][12, 22][20, 23][12, 19] 
[3, 9, 1, 23, 14, 4][5, 21, 15, 10, 29][11, 25, 7, 20, 24][16, 6, 13, 18, 22][8, 26, 0, 12, 19][27, 2, 29][27, 7, 28][17, 28][17, 22][12, 22][20, 23][12, 19] 
[3, 9, 1, 23, 14, 4][8, 26, 0, 12, 19][16, 6, 13, 18, 22][11, 25, 7, 20, 24][5, 21, 15, 10, 29][27, 7, 28][27, 2, 29][12, 19][12, 22][17, 22][17, 28][20, 23] 
[3, 9, 1, 23, 14, 4][8, 26, 0, 12, 19][16, 6, 13, 18, 22][11, 25, 7, 20, 24][21, 5, 15, 10, 27][27, 2, 29][12, 22][17, 22][17, 28][7, 28][20, 23][7, 27] 
[4, 23, 1, 3, 9, 14][5, 21, 2, 15, 10][16, 6, 13, 18, 22][24, 20, 7, 25][8, 26, 0, 19][27, 7, 28][27, 2, 29][11, 17, 12][17, 28][20, 23][17, 22][12, 19] 
[4, 23, 1, 3, 9, 14][5, 21, 2, 15, 10][16, 6, 13, 18, 22][24, 20, 7, 25][8, 26, 0, 19][27, 2, 29][27, 7, 28][11, 17, 12][17, 28][17, 22][20, 23][12, 19] 
[4, 23, 1, 3, 9, 14][16, 6, 13, 18, 22][5, 21, 2, 15, 10][8, 26, 0, 19][24, 20, 7, 25][11, 17, 12][27, 7, 28][27, 2, 29][12, 19][17, 22][17, 28][20, 23] 
[4, 23, 1, 3, 9, 14][5, 21, 2, 15, 10][16, 6, 13, 18, 22][24, 20, 7, 25][8, 26, 0, 19][27, 2, 29][27, 7, 28][11, 17, 12][20, 23][17, 28][12, 19][17, 22] 
[4, 23, 1, 3, 9, 14][5, 21, 2, 15, 10][16, 6, 13, 18, 22][24, 20, 7, 25][8, 26, 0, 19][27, 7, 28][27, 2, 29][11, 17, 12][20, 23][17, 28][17, 22][12, 19] 
[3, 9, 1, 23, 14, 4][16, 6, 13, 18, 22][8, 26, 0, 12, 19][11, 25, 7, 20, 24][5, 21, 15, 10, 29][27, 7, 28][17, 22][12, 17][17, 28][20, 23][2, 27][2, 29] 
[4, 23, 1, 3, 9, 14][5, 21, 2, 15, 10][16, 6, 13, 18, 22][24, 20, 7, 25][0, 26, 8, 19][27, 7, 28][27, 2, 29][11, 17, 12][17, 28][12, 19][20, 23][17, 22] 
