[19, 12, 8, 26, 0, 17, 22][9, 3, 11, 25, 28][1, 23, 24, 14][7, 4, 24, 20][16, 27, 2, 29][6, 21, 10][6, 13, 18][5, 15, 27][1, 9][7, 10][0, 18][5, 21] 
[19, 12, 8, 26, 0, 17, 22][9, 3, 11, 25, 28][16, 27, 2, 29][1, 23, 24, 14][7, 4, 24, 20][5, 21, 15][6, 21, 10][6, 13, 18][16, 28][15, 27][0, 18][1, 9] 
[19, 12, 8, 26, 0, 17, 22][9, 3, 11, 25, 28][16, 27, 2, 29][1, 23, 24, 14][7, 4, 24, 20][6, 13, 18][6, 21, 10][5, 21, 15][0, 18][15, 27][16, 28][1, 9] 
[19, 12, 8, 26, 0, 17, 22][9, 3, 11, 25, 28][16, 27, 2, 29][1, 23, 24, 14][7, 4, 24, 20][5, 21, 15][6, 21, 10][6, 13, 18][15, 29][0, 18][16, 28][1, 9] 
[19, 12, 8, 26, 0, 17, 22][15, 29, 2, 16, 27][9, 3, 11, 25, 28][7, 4, 24, 20][1, 23, 24, 14][6, 21, 10][6, 13, 18][7, 10][0, 18][5, 21][5, 15][1, 9] 
[19, 12, 8, 26, 0, 17, 22][9, 3, 11, 25, 28][7, 4, 24, 20][1, 23, 24, 14][16, 27, 2, 29][6, 13, 18][6, 21, 10][5, 21, 15][0, 18][7, 10][1, 9][16, 28] 
[19, 12, 8, 26, 0, 17, 22][9, 3, 11, 25, 28][1, 23, 24, 14][7, 4, 24, 20][16, 27, 2, 29][6, 21, 10][6, 13, 18][5, 21, 15][1, 9][7, 10][0, 18][16, 28] 
[19, 12, 8, 26, 0, 17, 22][9, 3, 11, 25, 28][16, 27, 2, 29][7, 4, 24, 20][1, 23, 24, 14][5, 21, 15][6, 21, 10][6, 13, 18][15, 29][0, 18][7, 10][1, 9] 
[19, 12, 8, 26, 0, 17, 22][9, 3, 11, 25, 28][7, 4, 24, 20][1, 23, 24, 14][16, 27, 2, 29][6, 13, 18][6, 21, 10][5, 21, 15][0, 18][7, 10][1, 9][16, 28] 
[19, 12, 8, 26, 0, 17, 22][9, 3, 11, 25, 28][1, 23, 24, 14][7, 4, 24, 20][16, 27, 2, 29][6, 21, 10][6, 13, 18][5, 21, 15][1, 9][7, 10][0, 18][15, 29] 
[19, 12, 8, 26, 0, 17, 22][9, 3, 11, 25, 28][16, 27, 2, 29][7, 4, 24, 20][1, 23, 24, 14][6, 21, 10][6, 13, 18][5, 15, 27][5, 21][0, 18][7, 10][1, 9] 
[19, 12, 8, 26, 0, 17, 22][9, 3, 11, 25, 28][16, 27, 2, 29][1, 23, 24, 14][7, 4, 24, 20][5, 21, 15][6, 21, 10][6, 13, 18][15, 27][0, 18][16, 28][1, 9] 
[19, 12, 8, 26, 0, 17, 22][9, 3, 11, 25, 28][16, 27, 2, 29][1, 23, 24, 14][7, 4, 24, 20][5, 21, 15][6, 21, 10][6, 13, 18][15, 27][0, 18][16, 28][1, 9] 
[19, 12, 8, 26, 0, 17, 22][15, 29, 2, 16, 27][9, 3, 11, 25, 28][7, 4, 24, 20][1, 23, 24, 14][6, 21, 10][6, 13, 18][5, 15][5, 21][0, 18][7, 10][1, 9] 
[19, 12, 8, 26, 0, 17, 22][9, 3, 11, 25, 28][7, 4, 24, 20][1, 23, 24, 14][16, 27, 2, 29][6, 13, 18][6, 21, 10][5, 21, 15][0, 18][7, 10][1, 9][16, 28] 
[19, 12, 8, 26, 0, 17, 22][9, 3, 11, 25, 28][1, 23, 24, 14][7, 4, 24, 20][16, 27, 2, 29][6, 21, 10][5, 21, 15][6, 13, 18][1, 9][7, 10][15, 29][0, 18] 
[19, 12, 8, 26, 0, 17, 22][9, 3, 11, 25, 28][1, 23, 24, 14][7, 4, 24, 20][16, 27, 2, 29][6, 21, 10][6, 13, 18][5, 15, 27][1, 9][7, 10][5, 21][0, 18] 
[19, 12, 8, 26, 0, 17, 22][9, 3, 11, 25, 28][16, 27, 2, 29][1, 23, 24, 14][7, 4, 24, 20][5, 21, 15][6, 21, 10][6, 13, 18][15, 27][16, 28][1, 9][0, 18] 
[19, 12, 8, 26, 0, 17, 22][15, 29, 2, 16, 27][9, 3, 11, 25, 28][7, 4, 24, 20][1, 23, 24, 14][6, 21, 10][6, 13, 18][5, 15][5, 21][7, 10][1, 9][0, 18] 
[19, 12, 8, 26, 0, 17, 22][9, 3, 11, 25, 28][16, 27, 2, 29][7, 4, 24, 20][1, 23, 24, 14][6, 13, 18][6, 21, 10][5, 15, 27][0, 18][5, 21][7, 10][1, 9] 
[19, 12, 8, 26, 0, 17, 22][9, 3, 11, 25, 28][1, 23, 24, 14][7, 4, 24, 20][16, 27, 2, 29][6, 21, 10][6, 13, 18][5, 15, 27][1, 9][7, 10][0, 18][5, 21] 
[19, 12, 8, 26, 0, 17, 22][9, 3, 11, 25, 28][1, 23, 24, 14][7, 4, 24, 20][16, 27, 2, 29][5, 21, 15][6, 21, 10][6, 13, 18][1, 9][16, 28][15, 27][0, 18] 
[19, 12, 8, 26, 0, 17, 22][9, 3, 11, 25, 28][16, 27, 2, 29][1, 23, 24, 14][7, 4, 24, 20][6, 13, 18][6, 21, 10][5, 21, 15][0, 18][15, 27][16, 28][1, 9] 
[19, 12, 8, 26, 0, 17, 22][15, 29, 2, 16, 27][9, 3, 11, 25, 28][7, 4, 24, 20][1, 23, 24, 14][6, 21, 10][6, 13, 18][7, 10][0, 18][5, 21][5, 15][1, 9] 
[19, 12, 8, 26, 0, 17, 22][9, 3, 11, 25, 28][1, 23, 24, 14][7, 4, 24, 20][16, 27, 2, 29][6, 21, 10][5, 21, 15][6, 13, 18][1, 9][7, 10][0, 18][16, 28] 
[19, 12, 8, 26, 0, 17, 22][9, 3, 11, 25, 28][7, 4, 24, 20][1, 23, 24, 14][16, 27, 2, 29][6, 21, 10][5, 21, 15][6, 13, 18][7, 10][0, 18][15, 29][1, 9] 
[19, 12, 8, 26, 0, 17, 22][9, 3, 11, 25, 28][16, 27, 2, 29][7, 4, 24, 20][1, 23, 24, 14][5, 15, 27][6, 21, 10][6, 13, 18][5, 21][7, 10][0, 18][1, 9] 
[19, 12, 8, 26, 0, 17, 22][9, 3, 11, 25, 28][16, 27, 2, 29][1, 23, 24, 14][7, 4, 24, 20][5, 21, 15][6, 21, 10][6, 13, 18][15, 27][16, 28][1, 9][0, 18] 
[19, 12, 8, 26, 0, 17, 22][9, 3, 11, 25, 28][15, 29, 2, 16, 27][7, 4, 24, 20][1, 23, 24, 14][6, 21, 10][6, 13, 18][1, 9][7, 10][0, 18][5, 21][5, 15] 
[19, 12, 8, 26, 0, 17, 22][9, 3, 11, 25, 28][16, 27, 2, 29][7, 4, 24, 20][1, 23, 24, 14][5, 15, 27][6, 21, 10][6, 13, 18][5, 21][0, 18][7, 10][1, 9] 
[19, 12, 8, 26, 0, 17, 22][9, 3, 11, 25, 28][7, 4, 24, 20][1, 23, 24, 14][16, 27, 2, 29][6, 21, 10][6, 13, 18][5, 15, 27][7, 10][0, 18][5, 21][1, 9] 
[19, 12, 8, 26, 0, 17, 22][9, 3, 11, 25, 28][16, 27, 2, 29][1, 23, 24, 14][7, 4, 24, 20][6, 21, 10][5, 21, 15][6, 13, 18][15, 27][0, 18][16, 28][1, 9] 
[19, 12, 8, 26, 0, 17, 22][9, 3, 11, 25, 28][15, 29, 2, 16, 27][7, 4, 24, 20][1, 23, 24, 14][6, 21, 10][6, 13, 18][1, 9][7, 10][0, 18][5, 21][5, 15] 
[19, 12, 8, 26, 0, 17, 22][9, 3, 11, 25, 28][16, 27, 2, 29][7, 4, 24, 20][1, 23, 24, 14][6, 13, 18][6, 21, 10][5, 15, 27][0, 18][5, 21][7, 10][1, 9] 
[19, 12, 8, 26, 0, 17, 22][9, 3, 11, 25, 28][16, 27, 2, 29][7, 4, 24, 20][1, 23, 24, 14][6, 13, 18][6, 21, 10][5, 15, 27][0, 18][5, 21][7, 10][1, 9] 
[24, 20, 23, 1, 14, 4, 7, 16, 15, 10, 27, 2, 29][21, 10, 6, 13, 18, 22, 17, 28][19, 12, 8, 26, 0, 22][9, 3, 11, 25, 28][13, 18][13, 18][6, 13][6, 13][6, 13][6, 13][13, 18][5, 21] 
[24, 20, 23, 1, 14, 4, 7, 16, 15, 10, 27, 2, 29][21, 10, 6, 13, 18, 22, 17, 28][19, 12, 8, 26, 0, 22][9, 3, 11, 25, 28][13, 18][6, 13][13, 18][5, 21][13, 18][6, 13][13, 18][6, 13] 
[24, 20, 23, 1, 14, 4, 7, 16, 15, 10, 27, 2, 29][5, 21, 10, 6, 13, 18, 22, 17, 28][5, 21, 6, 13, 18, 22, 17, 28][19, 12, 8, 26, 0, 22][9, 3, 11, 25, 28][6, 13][6, 13][6, 13][6, 13][6, 13][10, 21][6, 13] 
[24, 20, 23, 1, 14, 4, 7, 16, 15, 10, 27, 2, 29][21, 10, 6, 13, 18, 22, 17, 28][19, 12, 8, 26, 0, 22][9, 3, 11, 25, 28][13, 18][6, 13][13, 18][5, 21][13, 18][6, 13][13, 18][6, 13] 
[24, 20, 23, 1, 4, 7, 16, 10, 2, 29][5, 21, 10, 6, 13, 18, 22, 17, 28][24, 23, 14, 7, 16, 15, 27, 29][19, 12, 8, 26, 0, 22][9, 3, 11, 25, 28][13, 18][6, 13][13, 18][13, 18][13, 18][6, 13][6, 13] 
[24, 20, 23, 1, 14, 4, 7, 16, 15, 10, 27, 2, 29][5, 21, 6, 13, 18, 22, 17, 28][19, 12, 8, 26, 0, 22][9, 3, 11, 25, 28][9, 3, 11][6, 13][6, 13][6, 13][6, 13][6, 13][6, 13][10, 21] 
[24, 20, 23, 1, 14, 4, 7, 16, 15, 10, 27, 2, 29][5, 21, 10, 6, 13, 18, 0, 17, 28][19, 12, 8, 26, 0, 22][9, 3, 11, 25, 28][9, 3, 11][6, 13, 18][6, 13][10, 21][6, 13][3, 9][3, 9][6, 13] 
[24, 20, 23, 1, 14, 4, 7, 16, 15, 10, 27, 2, 29][5, 21, 10, 6, 13, 18, 22, 17, 28][19, 12, 8, 26, 0, 22][9, 3, 11, 25, 28][3, 11, 25, 28][6, 13, 18][13, 18][13, 18][13, 18][3, 9][6, 13][13, 18] 
[24, 20, 23, 1, 14, 4, 7, 16, 15, 10, 27, 2, 29][5, 21, 6, 13, 18, 22, 17, 28][19, 12, 8, 26, 0, 22][9, 3, 11, 25, 28][9, 3, 11][6, 13][6, 13][6, 13][6, 13][6, 13][6, 13][10, 21] 
[24, 20, 23, 1, 14, 4, 7, 16, 15, 10, 27, 2, 29][5, 21, 10, 6, 13, 18, 22, 17, 28][19, 12, 8, 26, 0, 22][9, 3, 11, 25, 28][6, 13, 18][6, 13, 18][6, 13, 18][6, 13, 18][5, 21][5, 21][5, 21][13, 18] 
[24, 20, 23, 1, 14, 4, 7, 16, 10, 2, 29][5, 21, 10, 6, 13, 18, 22, 17, 28][19, 12, 8, 26, 0, 22][9, 3, 11, 25, 28][6, 13, 18][5, 15, 27][3, 9][5, 21][13, 18][5, 21][13, 18][13, 18] 
[24, 20, 23, 1, 14, 4, 7, 16, 15, 10, 27, 2, 29][5, 21, 10, 6, 13, 18, 22, 17, 28][19, 12, 8, 26, 0, 22][9, 3, 11, 25, 28][6, 13][13, 18][13, 18][13, 18][13, 18][13, 18][13, 18][13, 18] 
[24, 20, 23, 1, 14, 4, 7, 16, 15, 10, 27, 2, 29][21, 10, 6, 13, 18, 22, 17, 28][19, 12, 8, 26, 0, 22][9, 3, 11, 25, 28][5, 21][13, 18][6, 13][6, 13][13, 18][6, 13][13, 18][13, 18] 
[24, 20, 23, 1, 14, 4, 7, 16, 15, 10, 27, 2, 29][5, 21, 10, 6, 13, 18, 22, 17, 28][19, 12, 8, 26, 0, 22][9, 3, 11, 25, 28][6, 13, 18][6, 13, 18][6, 13, 18][6, 13, 18][5, 21][5, 21][5, 21][13, 18] 
[24, 20, 23, 1, 14, 4, 7, 16, 15, 10, 27, 2, 29][21, 10, 6, 13, 18, 22, 17, 28][19, 12, 8, 26, 0, 22][9, 3, 11, 25, 28][5, 21][13, 18][6, 13][6, 13][13, 18][6, 13][13, 18][13, 18] 
[24, 20, 23, 1, 14, 4, 7, 16, 15, 10, 27, 2, 29][5, 21, 10, 6, 13, 18, 22, 17, 28][19, 12, 8, 26, 0, 22][9, 3, 11, 25, 28][3, 11, 25, 28][6, 13, 18][13, 18][13, 18][13, 18][3, 9][6, 13][13, 18] 
[24, 20, 23, 1, 14, 4, 7, 16, 15, 10, 27, 2, 29][5, 21, 10, 6, 13, 18, 22, 0, 17, 28][0, 26, 8, 12, 19][3, 11, 25, 28][6, 13][6, 13][6, 13][0, 22][6, 13][0, 22][3, 9][0, 22] 
[24, 20, 23, 1, 14, 4, 7, 16, 15, 10, 27, 2, 29][5, 21, 10, 6, 13, 18, 22, 17, 28][19, 12, 8, 26, 0, 22][9, 3, 11, 25, 28][6, 13][13, 18][6, 13][6, 13][6, 13][6, 13][6, 13][13, 18] 
[24, 20, 23, 1, 14, 4, 7, 16, 15, 10, 27, 2, 29][5, 21, 10, 6, 13, 18, 22, 17, 28][19, 12, 8, 26, 0, 22][9, 3, 11, 25, 28][6, 13][13, 18][13, 18][13, 18][13, 18][13, 18][13, 18][13, 18] 
[24, 20, 23, 1, 14, 4, 7, 16, 15, 10, 27, 2, 29][5, 21, 10, 6, 13, 18, 22, 17, 28][19, 12, 8, 26, 0, 22][9, 3, 11, 25, 28][6, 13][13, 18][6, 13][6, 13][6, 13][6, 13][6, 13][13, 18] 
[24, 20, 23, 1, 14, 4, 7, 16, 15, 10, 27, 29][5, 21, 10, 6, 13, 18, 22, 17, 28][19, 12, 8, 26, 0, 22][9, 3, 11, 25, 28][24, 7, 16, 2, 29][6, 13, 18][6, 13][6, 13][13, 18][6, 13][13, 18][13, 18] 
[19, 12, 8, 26, 0, 17, 22][9, 3, 11, 25, 28][1, 23, 24, 14][7, 4, 24, 20][16, 27, 2, 29][6, 21, 10][5, 21, 15][6, 13, 18][7, 10][1, 9][0, 18][15, 29] 
[19, 12, 8, 26, 0, 17, 22][9, 3, 11, 25, 28][7, 4, 24, 20][1, 23, 24, 14][16, 27, 2, 29][6, 13, 18][6, 21, 10][5, 21, 15][0, 18][7, 10][15, 29][1, 9] 
[19, 12, 8, 26, 0, 17, 22][9, 3, 11, 25, 28][7, 4, 24, 20][1, 23, 24, 14][16, 27, 2, 29][6, 13, 18][6, 21, 10][5, 21, 15][0, 18][7, 10][15, 29][1, 9] 
[19, 12, 8, 26, 0, 17, 22][9, 3, 11, 25, 28][7, 4, 24, 20][1, 23, 24, 14][16, 27, 2, 29][5, 21, 15][6, 21, 10][6, 13, 18][7, 10][0, 18][15, 29][1, 9] 
[19, 12, 8, 26, 0, 17, 22][9, 3, 11, 25, 28][16, 27, 2, 29][7, 4, 24, 20][1, 23, 24, 14][5, 21, 15][6, 21, 10][6, 13, 18][15, 29][0, 18][7, 10][1, 9] 
[19, 12, 8, 26, 0, 17, 22][9, 3, 11, 25, 28][7, 4, 24, 20][1, 23, 24, 14][16, 27, 2, 29][6, 21, 10][6, 13, 18][5, 21, 15][7, 10][15, 29][0, 18][1, 9] 
[19, 12, 8, 26, 0, 17, 22][9, 3, 11, 25, 28][7, 4, 24, 20][1, 23, 24, 14][16, 27, 2, 29][6, 13, 18][6, 21, 10][5, 21, 15][0, 18][7, 10][1, 9][15, 29] 
[19, 12, 8, 26, 0, 17, 22][9, 3, 11, 25, 28][1, 23, 24, 14][7, 4, 24, 20][16, 27, 2, 29][6, 21, 10][6, 13, 18][5, 21, 15][1, 9][7, 10][15, 29][0, 18] 
[19, 12, 8, 26, 0, 17, 22][9, 3, 11, 25, 28][1, 23, 24, 14][7, 4, 24, 20][16, 27, 2, 29][6, 21, 10][6, 13, 18][5, 21, 15][1, 9][7, 10][15, 29][0, 18] 
[19, 12, 8, 26, 0, 17, 22][9, 3, 11, 25, 28][1, 23, 24, 14][7, 4, 24, 20][16, 27, 2, 29][6, 21, 10][6, 13, 18][5, 21, 15][1, 9][7, 10][15, 29][0, 18] 
[19, 12, 8, 26, 0, 17, 22][9, 3, 11, 25, 28][1, 23, 24, 14][7, 4, 24, 20][16, 27, 2, 29][6, 21, 10][5, 21, 15][6, 13, 18][1, 9][7, 10][0, 18][15, 29] 
[19, 12, 8, 26, 0, 17, 22][9, 3, 11, 25, 28][16, 27, 2, 29][7, 4, 24, 20][1, 23, 24, 14][5, 21, 15][6, 21, 10][6, 13, 18][15, 29][0, 18][7, 10][1, 9] 
[19, 12, 8, 26, 0, 17, 22][9, 3, 11, 25, 28][7, 4, 24, 20][1, 23, 24, 14][16, 27, 2, 29][6, 21, 10][6, 13, 18][5, 21, 15][7, 10][1, 9][0, 18][15, 29] 
[19, 12, 8, 26, 0, 17, 22][9, 3, 11, 25, 28][7, 4, 24, 20][1, 23, 24, 14][16, 27, 2, 29][6, 21, 10][6, 13, 18][5, 21, 15][1, 9][7, 10][0, 18][15, 29] 
[19, 12, 8, 26, 0, 17, 22][9, 3, 11, 25, 28][16, 27, 2, 29][7, 4, 24, 20][1, 23, 24, 14][5, 21, 15][6, 21, 10][6, 13, 18][15, 29][0, 18][7, 10][1, 9] 
[19, 12, 8, 26, 0, 17, 22][9, 3, 11, 25, 28][16, 27, 2, 29][7, 4, 24, 20][1, 23, 24, 14][6, 21, 10][6, 13, 18][5, 15, 27][5, 21][0, 18][7, 10][1, 9] 
[19, 12, 8, 26, 0, 17, 22][9, 3, 11, 25, 28][7, 4, 24, 20][1, 23, 24, 14][16, 27, 2, 29][6, 13, 18][6, 21, 10][5, 15, 27][0, 18][5, 21][7, 10][1, 9] 
[19, 12, 8, 26, 0, 17, 22][9, 3, 11, 25, 28][16, 27, 2, 29][7, 4, 24, 20][1, 23, 24, 14][6, 13, 18][6, 21, 10][5, 15, 27][0, 18][5, 21][7, 10][1, 9] 
[19, 12, 8, 26, 0, 17, 22][9, 3, 11, 25, 28][1, 23, 24, 14][7, 4, 24, 20][16, 27, 2, 29][6, 21, 10][6, 13, 18][5, 15, 27][1, 9][7, 10][0, 18][5, 21] 
[19, 12, 8, 26, 0, 17, 22][9, 3, 11, 25, 28][7, 4, 24, 20][1, 23, 24, 14][16, 27, 2, 29][6, 21, 10][6, 13, 18][5, 15, 27][5, 21][7, 10][1, 9][0, 18] 
[19, 12, 8, 26, 0, 17, 22][9, 3, 11, 25, 28][7, 4, 24, 20][1, 23, 24, 14][5, 15, 16, 27][16, 27, 2, 29][6, 13, 18][6, 21, 10][7, 10][1, 9][5, 21][0, 18] 
[19, 12, 8, 26, 0, 17, 22][9, 3, 11, 25, 28][7, 4, 24, 20][1, 23, 24, 14][16, 27, 2, 29][6, 13, 18][6, 21, 10][5, 21, 15][0, 18][7, 10][15, 29][1, 9] 
[19, 12, 8, 26, 0, 17, 22][9, 3, 11, 25, 28][16, 27, 2, 29][7, 4, 24, 20][1, 23, 24, 14][5, 21, 15][6, 21, 10][6, 13, 18][15, 29][0, 18][7, 10][1, 9] 
[19, 12, 8, 26, 0, 17, 22][9, 3, 11, 25, 28][7, 4, 24, 20][1, 23, 24, 14][16, 27, 2, 29][6, 21, 10][5, 21, 15][6, 13, 18][7, 10][1, 9][15, 29][0, 18] 
[19, 12, 8, 26, 0, 17, 22][9, 3, 11, 25, 28][1, 23, 24, 14][7, 4, 24, 20][16, 27, 2, 29][6, 21, 10][5, 21, 15][6, 13, 18][1, 9][7, 10][0, 18][15, 29] 
[19, 12, 8, 26, 0, 17, 22][9, 3, 11, 25, 28][7, 4, 24, 20][1, 23, 24, 14][16, 27, 2, 29][6, 13, 18][6, 21, 10][5, 21, 15][0, 18][7, 10][15, 29][1, 9] 
[19, 12, 8, 26, 0, 17, 22][9, 3, 11, 25, 28][16, 27, 2, 29][7, 4, 24, 20][1, 23, 24, 14][6, 13, 18][6, 21, 10][5, 15, 27][0, 18][5, 21][7, 10][1, 9] 
[19, 12, 8, 26, 0, 17, 22][9, 3, 11, 25, 28][7, 4, 24, 20][1, 23, 24, 14][16, 27, 2, 29][6, 21, 10][5, 21, 15][6, 13, 18][7, 10][1, 9][15, 29][0, 18] 
[19, 12, 8, 26, 0, 17, 22][9, 3, 11, 25, 28][7, 4, 24, 20][1, 23, 24, 14][16, 27, 2, 29][6, 13, 18][6, 21, 10][5, 15, 27][0, 18][5, 21][7, 10][1, 9] 
[19, 12, 8, 26, 0, 17, 22][9, 3, 11, 25, 28][1, 23, 24, 14][7, 4, 24, 20][16, 27, 2, 29][6, 21, 10][6, 13, 18][5, 15, 27][1, 9][7, 10][5, 21][0, 18] 
[19, 12, 8, 26, 0, 17, 22][9, 3, 11, 25, 28][7, 4, 24, 20][1, 23, 24, 14][16, 27, 2, 29][6, 13, 18][6, 21, 10][5, 15, 27][0, 18][5, 21][7, 10][1, 9] 
[19, 12, 8, 26, 0, 17, 22][9, 3, 11, 25, 28][7, 4, 24, 20][1, 23, 24, 14][16, 27, 2, 29][6, 13, 18][6, 21, 10][5, 15, 27][0, 18][5, 21][7, 10][1, 9] 
[19, 12, 8, 26, 0, 17, 22][9, 3, 11, 25, 28][1, 23, 24, 14][7, 4, 24, 20][16, 27, 2, 29][6, 21, 10][6, 13, 18][5, 15, 27][7, 10][1, 9][0, 18][5, 21] 
[19, 12, 8, 26, 0, 17, 22][9, 3, 11, 25, 28][16, 27, 2, 29][7, 4, 24, 20][1, 23, 24, 14][5, 15, 27][6, 21, 10][6, 13, 18][5, 21][0, 18][7, 10][1, 9] 
[19, 12, 8, 26, 0, 17, 22][9, 3, 11, 25, 28][16, 27, 2, 29][7, 4, 24, 20][1, 23, 24, 14][6, 13, 18][6, 21, 10][5, 15, 27][0, 18][5, 21][7, 10][1, 9] 
[19, 12, 8, 26, 0, 17, 22][9, 3, 11, 25, 28][1, 23, 24, 14][7, 4, 24, 20][16, 27, 2, 29][6, 21, 10][6, 13, 18][5, 15, 27][1, 9][7, 10][5, 21][0, 18] 
[19, 12, 8, 26, 0, 17, 22][9, 3, 11, 25, 28][16, 27, 2, 29][7, 4, 24, 20][1, 23, 24, 14][5, 15, 27][6, 21, 10][6, 13, 18][5, 21][0, 18][7, 10][1, 9] 
[19, 12, 8, 26, 0, 17, 22][9, 3, 11, 25, 28][16, 27, 2, 29][7, 4, 24, 20][1, 23, 24, 14][5, 15, 27][6, 21, 10][6, 13, 18][5, 21][0, 18][7, 10][1, 9] 
[19, 12, 8, 26, 0, 17, 22][9, 3, 11, 25, 28][16, 27, 2, 29][7, 4, 24, 20][1, 23, 24, 14][5, 15, 27][6, 21, 10][6, 13, 18][5, 21][7, 10][0, 18][1, 9] 
[19, 12, 8, 26, 0, 17, 22][9, 3, 11, 25, 28][1, 23, 24, 14][7, 4, 24, 20][16, 27, 2, 29][6, 21, 10][6, 13, 18][5, 15, 27][7, 10][1, 9][0, 18][5, 21] 
[19, 12, 8, 26, 0, 17, 22][9, 3, 11, 25, 28][7, 4, 24, 20][1, 23, 24, 14][16, 27, 2, 29][6, 13, 18][6, 21, 10][5, 15, 27][0, 18][7, 10][5, 21][1, 9] 
[19, 12, 8, 26, 0, 17, 22][9, 3, 11, 25, 28][1, 23, 24, 14][7, 4, 24, 20][16, 27, 2, 29][6, 21, 10][6, 13, 18][5, 15, 27][7, 10][5, 21][1, 9][0, 18] 
[19, 12, 8, 26, 0, 17, 22][9, 3, 11, 25, 28][1, 23, 24, 14][7, 4, 24, 20][16, 27, 2, 29][6, 21, 10][6, 13, 18][5, 15, 27][1, 9][7, 10][5, 21][0, 18] 
[19, 12, 8, 26, 0, 17, 22][5, 15, 29, 2, 16, 27][9, 3, 11, 25, 28][7, 4, 24, 20][1, 23, 24, 14][6, 21, 10][6, 13, 18][5, 15][7, 10][1, 9][0, 18][5, 21] 
[19, 12, 8, 26, 0, 17, 22][5, 15, 29, 2, 16, 27][9, 3, 11, 25, 28][7, 4, 24, 20][1, 23, 24, 14][6, 21, 10][6, 13, 18][5, 21][0, 18][7, 10][1, 9][2, 29] 
[19, 12, 8, 26, 0, 17, 22][5, 15, 29, 2, 16, 27][9, 3, 11, 25, 28][7, 4, 24, 20][1, 23, 24, 14][6, 21, 10][6, 13, 18][5, 21][0, 18][7, 10][1, 9][2, 29] 
[19, 12, 8, 26, 0, 17, 22][5, 15, 29, 2, 16, 27][9, 3, 11, 25, 28][7, 4, 24, 20][1, 23, 24, 14][6, 13, 18][6, 21, 10][0, 18][5, 21][7, 10][1, 9][2, 29] 
[19, 12, 8, 26, 0, 17, 22][5, 15, 29, 2, 16, 27][9, 3, 11, 25, 28][7, 4, 24, 20][1, 23, 24, 14][6, 21, 10][6, 13, 18][5, 15][5, 21][7, 10][1, 9][0, 18] 
[19, 12, 8, 26, 0, 17, 22][5, 15, 29, 2, 16, 27][9, 3, 11, 25, 28][7, 4, 24, 20][1, 23, 24, 14][6, 21, 10][6, 13, 18][5, 21][18, 19][7, 10][1, 9][15, 29] 
[19, 12, 8, 26, 0, 17, 22][9, 3, 11, 25, 28][7, 4, 24, 20][1, 23, 24, 14][16, 27, 2, 29][6, 13, 18][6, 21, 10][5, 21, 15][0, 18][7, 10][15, 27][1, 9] 
[19, 12, 8, 26, 0, 17, 22][9, 3, 11, 25, 28][16, 27, 2, 29][7, 4, 24, 20][1, 23, 24, 14][5, 21, 15][6, 21, 10][6, 13, 18][15, 27][7, 10][0, 18][1, 9] 
[19, 12, 8, 26, 0, 17, 22][9, 3, 11, 25, 28][1, 23, 24, 14][7, 4, 24, 20][16, 27, 2, 29][6, 21, 10][5, 21, 15][6, 13, 18][1, 9][7, 10][0, 18][15, 27] 
[19, 12, 8, 26, 0, 17, 22][9, 3, 11, 25, 28][7, 4, 24, 20][1, 23, 24, 14][16, 27, 2, 29][6, 13, 18][6, 21, 10][5, 21, 15][0, 18][7, 10][15, 27][1, 9] 
[19, 12, 8, 26, 0, 17, 22][9, 3, 11, 25, 28][16, 27, 2, 29][7, 4, 24, 20][1, 23, 24, 14][5, 21, 15][6, 21, 10][6, 13, 18][15, 27][7, 10][0, 18][1, 9] 
[19, 12, 8, 26, 0, 17, 22][9, 3, 11, 25, 28][7, 4, 24, 20][1, 23, 24, 14][16, 27, 2, 29][6, 21, 10][6, 13, 18][5, 15, 27][5, 21][7, 10][1, 9][0, 18] 
[19, 12, 8, 26, 0, 17, 22][9, 3, 11, 25, 28][1, 23, 24, 14][7, 4, 24, 20][16, 27, 2, 29][6, 21, 10][5, 21, 15][6, 13, 18][1, 9][7, 10][0, 18][15, 27] 
