[12, 8, 19, 22, 18, 0, 26][25, 28, 16, 2, 29][9, 3, 1, 23, 24][10, 21, 6, 13][4, 14, 11, 17][5, 15, 27][16, 7, 20][5, 21][7, 27][4, 20][7, 24][17, 22] 
[12, 8, 19, 22, 18, 0, 26][9, 3, 1, 23, 24][25, 28, 7, 27][4, 14, 11, 17][10, 21, 6, 13][16, 7, 20][16, 2, 29][2, 15, 5][4, 20][5, 21][7, 24][17, 22] 
[12, 8, 19, 22, 18, 0, 26][9, 3, 1, 23, 24][25, 28, 7, 27][4, 14, 11, 17][10, 21, 6, 13][16, 7, 20][16, 2, 29][2, 15, 5][4, 20][5, 21][7, 24][17, 22] 
[12, 8, 19, 22, 18, 0, 26][9, 3, 1, 23, 24][25, 28, 7, 27][4, 14, 11, 17][10, 21, 6, 13][16, 7, 20][16, 2, 29][2, 15, 5][7, 24][4, 20][5, 21][17, 22] 
[12, 8, 19, 22, 18, 0, 26][9, 3, 1, 23, 24][25, 28, 7, 27][10, 21, 6, 13][4, 14, 11, 17][16, 7, 20][16, 2, 29][2, 15, 5][7, 24][5, 21][4, 20][17, 22] 
[12, 8, 19, 22, 18, 0, 26][9, 3, 1, 23, 24][10, 21, 6, 13][25, 28, 7, 27][4, 14, 11, 17][2, 15, 5][16, 2, 29][16, 7, 20][5, 21][7, 24][4, 20][17, 22] 
[12, 8, 19, 22, 18, 0, 26][9, 3, 1, 23, 24][25, 28, 7, 27][4, 14, 11, 17][10, 21, 6, 13][16, 7, 20][16, 2, 29][2, 15, 5][7, 24][4, 20][5, 21][17, 22] 
[12, 8, 19, 22, 18, 0, 26][9, 3, 1, 23, 24][25, 28, 7, 27][4, 14, 11, 17][10, 21, 6, 13][16, 7, 20][16, 2, 29][2, 15, 5][7, 24][4, 20][17, 22][5, 21] 
[12, 8, 19, 22, 18, 0, 26][9, 3, 1, 23, 24][10, 21, 6, 13][25, 28, 7, 27][4, 14, 11, 17][2, 15, 5][16, 2, 29][16, 7, 20][5, 21][7, 24][4, 20][17, 22] 
[12, 8, 19, 22, 18, 0, 26][9, 3, 1, 23, 24][25, 28, 7, 27][4, 14, 11, 17][10, 21, 6, 13][16, 7, 20][16, 2, 29][2, 15, 5][7, 24][4, 20][5, 21][17, 22] 
[12, 8, 19, 22, 18, 0, 26][25, 28, 16, 2, 29][9, 3, 1, 23, 24][4, 14, 11, 17][10, 21, 6, 13][16, 7, 20][5, 15, 27][17, 22][4, 20][7, 27][7, 24][5, 21] 
[12, 8, 19, 22, 18, 0, 26][9, 3, 1, 23, 24][25, 28, 7, 27][10, 21, 6, 13][4, 14, 11, 17][16, 7, 20][16, 2, 29][2, 15, 5][7, 24][5, 21][4, 20][17, 22] 
[12, 8, 19, 22, 18, 0, 26][9, 3, 1, 23, 24][25, 28, 7, 27][10, 21, 6, 13][4, 14, 11, 17][16, 7, 20][16, 2, 29][2, 15, 5][7, 24][5, 21][4, 20][17, 22] 
[12, 8, 19, 22, 18, 0, 26][9, 3, 1, 23, 24][4, 14, 11, 17][25, 28, 7, 27][10, 21, 6, 13][16, 7, 20][16, 2, 29][2, 15, 5][17, 22][4, 20][7, 24][5, 21] 
[12, 8, 19, 22, 18, 0, 26][9, 3, 1, 23, 24][4, 14, 11, 17][25, 28, 7, 27][10, 21, 6, 13][16, 7, 20][16, 2, 29][2, 15, 5][17, 22][4, 20][5, 21][7, 24] 
[12, 8, 19, 22, 18, 0, 26][9, 3, 1, 23, 24][25, 28, 7, 27][4, 14, 11, 17][10, 21, 6, 13][16, 7, 20][16, 2, 29][2, 15, 5][7, 24][4, 20][17, 22][5, 21] 
[12, 8, 19, 22, 18, 0, 26][25, 28, 16, 2, 29][9, 3, 1, 23, 24][4, 14, 11, 17][10, 21, 6, 13][16, 7, 20][5, 15, 27][17, 22][4, 20][7, 24][7, 27][5, 21] 
[12, 8, 19, 22, 18, 0, 26][9, 3, 1, 23, 24][25, 28, 7, 27][4, 14, 11, 17][10, 21, 6, 13][2, 15, 5][16, 2, 29][16, 7, 20][4, 20][17, 22][7, 24][5, 21] 
[12, 8, 19, 22, 18, 0, 26][9, 3, 1, 23, 24][25, 28, 7, 27][4, 14, 11, 17][10, 21, 6, 13][16, 7, 20][16, 2, 29][2, 15, 5][7, 24][4, 20][17, 22][5, 21] 
[12, 8, 19, 22, 18, 0, 26][25, 28, 16, 2, 29][9, 3, 1, 23, 24][4, 14, 11, 17][10, 21, 6, 13][16, 7, 20][5, 15, 27][17, 22][4, 20][7, 24][7, 27][5, 21] 
[12, 8, 19, 22, 18, 0, 26][25, 28, 16, 2, 29][9, 3, 1, 23, 24][10, 21, 6, 13][4, 14, 11, 17][5, 15, 27][16, 7, 20][5, 21][7, 27][4, 20][7, 24][17, 22] 
[12, 8, 19, 22, 18, 0, 26][9, 3, 1, 23, 24][10, 21, 6, 13][25, 28, 7, 27][4, 14, 11, 17][2, 15, 5][16, 2, 29][16, 7, 20][5, 21][7, 24][4, 20][17, 22] 
[12, 8, 19, 22, 18, 0, 26][9, 3, 1, 23, 24][25, 28, 7, 27][4, 14, 11, 17][10, 21, 6, 13][16, 7, 20][16, 2, 29][2, 15, 5][4, 20][7, 24][5, 21][17, 22] 
[12, 8, 19, 22, 18, 0, 26][9, 3, 1, 23, 24][25, 28, 7, 27][4, 14, 11, 17][10, 21, 6, 13][16, 2, 29][16, 7, 20][2, 15, 5][4, 20][7, 24][5, 21][17, 22] 
[12, 8, 19, 22, 18, 0, 26][9, 3, 1, 23, 24][25, 28, 7, 27][4, 14, 11, 17][10, 21, 6, 13][16, 7, 20][16, 2, 29][2, 15, 5][7, 24][4, 20][5, 21][17, 22] 
[12, 8, 19, 22, 18, 0, 26][9, 3, 1, 23, 24][4, 14, 11, 17][25, 28, 7, 27][10, 21, 6, 13][16, 7, 20][16, 2, 29][2, 15, 5][17, 22][4, 20][7, 24][5, 21] 
[12, 8, 19, 22, 18, 0, 26][25, 28, 16, 2, 29][9, 3, 1, 23, 24][4, 14, 11, 17][10, 21, 6, 13][16, 7, 20][5, 15, 27][17, 22][4, 20][7, 27][5, 21][7, 24] 
[12, 8, 19, 22, 18, 0, 26][9, 3, 1, 23, 24][25, 28, 7, 27][10, 21, 6, 13][4, 14, 11, 17][16, 7, 20][16, 2, 29][2, 15, 5][7, 24][5, 21][4, 20][17, 22] 
[12, 8, 19, 22, 18, 0, 26][9, 3, 1, 23, 24][25, 28, 7, 27][10, 21, 6, 13][4, 14, 11, 17][16, 7, 20][16, 2, 29][2, 15, 5][7, 24][5, 21][4, 20][17, 22] 
[12, 8, 19, 22, 18, 0, 26][9, 3, 1, 23, 24][25, 28, 16, 2, 29][4, 14, 11, 17][10, 21, 6, 13][16, 7, 20][5, 15, 27][7, 24][7, 27][4, 20][5, 21][17, 22] 
[12, 8, 19, 22, 18, 0, 26][25, 28, 16, 2, 29][9, 3, 1, 23, 24][4, 14, 11, 17][10, 21, 6, 13][16, 7, 20][5, 15, 27][17, 22][4, 20][7, 24][7, 27][5, 21] 
[12, 8, 19, 22, 18, 0, 26][9, 3, 1, 23, 24][25, 28, 7, 27][10, 21, 6, 13][4, 14, 11, 17][16, 7, 20][16, 2, 29][2, 15, 5][7, 24][5, 21][4, 20][17, 22] 
[12, 8, 19, 22, 18, 0, 26][9, 3, 1, 23, 24][10, 21, 6, 13][25, 28, 7, 27][4, 14, 11, 17][2, 15, 5][16, 2, 29][16, 7, 20][5, 21][7, 24][4, 20][17, 22] 
[12, 8, 19, 22, 18, 0, 26][25, 28, 16, 2, 29][9, 3, 1, 23, 24][4, 14, 11, 17][10, 21, 6, 13][16, 7, 20][5, 15, 27][17, 22][4, 20][7, 24][7, 27][5, 21] 
[12, 8, 19, 22, 18, 0, 26][25, 28, 16, 2, 29][9, 3, 1, 23, 24][4, 14, 11, 17][10, 21, 6, 13][16, 7, 20][5, 15, 27][4, 20][17, 22][7, 27][7, 24][5, 21] 
[10, 27, 29, 15, 6, 13, 0, 26, 8, 12, 17, 22, 19, 18][9, 23, 4, 24, 14, 20, 7, 16, 28][2, 7, 25, 11, 3][15, 5, 21][17, 28][1, 23][17, 22][4, 14][4, 14][27, 29][4, 14][4, 14] 
[10, 27, 29, 15, 6, 13, 0, 26, 8, 12, 17, 22, 19, 18][1, 4, 20, 24, 23, 3, 11, 25, 7, 2, 29][10, 27, 29, 15][2, 16, 28][2, 21, 5][7, 14, 9][3, 23][4, 14][3, 11][2, 29][17, 22][4, 14] 
[18, 19, 22, 17, 12, 8, 26, 0, 13, 6, 15, 29, 27][9, 1, 4, 20, 24, 23, 3, 11, 25, 7, 2, 29][15, 5, 21][2, 16, 28][11, 25][10, 27][4, 14][17, 22][2, 7][17, 22][2, 7][4, 14] 
[10, 27, 29, 15, 6, 13, 0, 26, 8, 12, 17, 22, 19, 18][3, 11, 25, 7, 2, 29][7, 20, 14, 24, 4, 23][2, 16, 28][15, 5, 21][4, 14][1, 23][27, 29][4, 14][9, 23][4, 14][27, 29] 
[18, 19, 22, 17, 12, 8, 26, 0, 13, 6, 15, 29, 27][2, 7, 25, 11, 3, 23, 24, 20, 4, 1, 9][2, 21, 5][2, 16, 28][10, 27][7, 14][17, 22][5, 15][11, 25][3, 11][17, 22][3, 11] 
[10, 27, 29, 15, 6, 13, 0, 26, 8, 12, 17, 22, 19, 18][9, 23, 4, 24, 14, 20, 7, 16][2, 7, 25, 11, 3][15, 5, 21][2, 21][1, 23][4, 14][4, 23][11, 25][4, 23][17, 28][17, 22] 
[10, 27, 29, 15, 6, 13, 0, 26, 8, 12, 17, 22, 19, 18][1, 4, 24, 3, 11, 25, 7, 2, 29][9, 23, 4, 24, 14, 20, 7, 16][4, 23][5, 15][4, 14][16, 28][8, 12][5, 21][8, 12][11, 25][17, 22] 
[10, 16, 27, 29, 15, 6, 13, 0, 26, 8, 12, 17, 22, 19, 18][9, 23, 4, 24, 14, 20, 7, 16][3, 11, 25, 7][2, 21, 5, 15][1, 23][17, 22][17, 28][4, 14][17, 22][8, 12][4, 14][8, 12] 
[10, 27, 29, 15, 6, 13, 0, 26, 8, 12, 17, 22, 19, 18][9, 23, 4, 24, 14, 20, 7, 16, 28][2, 7, 25, 11, 3][10, 16, 27, 29, 15][15, 5, 21][8, 12][1, 23][4, 14][27, 29][27, 29][8, 12][11, 25] 
[10, 16, 27, 29, 15, 6, 13, 0, 26, 8, 12, 17, 22, 19, 18][9, 23, 4, 24, 14, 20, 7, 16, 28][2, 21, 5, 15][3, 1, 23][8, 12][8, 12][25, 28][4, 14][3, 11][17, 22][4, 14][7, 16] 
[10, 27, 29, 15, 6, 13, 0, 26, 8, 12, 17, 22, 19, 18][1, 4, 24, 3, 11, 25, 7, 2, 29][9, 23, 4, 24, 14, 20, 7, 16][4, 23][5, 15][4, 14][16, 28][8, 12][5, 21][8, 12][11, 25][17, 22] 
[10, 16, 27, 29, 15, 6, 13, 0, 26, 8, 12, 17, 22, 19, 18][9, 23, 4, 24, 14, 20, 7, 16, 28][7, 25, 11][15, 5, 21][1, 23][3, 11][2, 7][4, 14][17, 22][4, 14][27, 29][17, 22] 
[10, 27, 29, 15, 6, 13, 0, 26, 8, 12, 17, 22, 19, 18][9, 23, 4, 24, 14, 20, 7, 16, 28][2, 7, 25, 11, 3][15, 5, 21][17, 28][1, 23][17, 22][4, 14][4, 14][27, 29][4, 14][4, 14] 
[10, 16, 27, 29, 15, 6, 13, 0, 26, 8, 12, 17, 22, 19, 18][9, 23, 4, 24, 14, 20, 7, 16, 28][2, 21, 5, 15][3, 1, 23][4, 14][4, 14][25, 28][7, 24][3, 11][17, 22][4, 14][17, 22] 
[10, 27, 29, 15, 6, 13, 0, 26, 8, 12, 17, 22, 19, 18][9, 23, 4, 24, 14, 20, 7, 16, 28][2, 7, 25, 11, 3][15, 5, 21][1, 23][17, 28][4, 14][11, 25][4, 14][17, 22][27, 29][17, 22] 
[10, 16, 27, 29, 15, 6, 13, 0, 26, 8, 12, 17, 22, 19, 18][9, 23, 4, 24, 14, 20, 7, 16, 28][7, 25, 11][15, 5, 21][1, 23][3, 11][2, 7][4, 14][17, 22][4, 14][27, 29][17, 22] 
[10, 16, 27, 29, 15, 6, 13, 0, 26, 8, 12, 17, 22, 19, 18][9, 23, 4, 24, 14, 20, 7, 16][3, 11, 25, 7][2, 21, 5, 15][1, 23][17, 22][17, 28][4, 14][17, 22][8, 12][4, 14][8, 12] 
[10, 16, 27, 29, 15, 6, 13, 0, 26, 8, 12, 17, 22, 19, 18][23, 4, 24, 14, 20, 7, 16, 28][3, 11, 25, 7][15, 5, 21][1, 23][4, 14][27, 29][8, 12][17, 22][9, 23][17, 22][2, 7] 
[10, 16, 27, 29, 15, 6, 13, 0, 26, 8, 12, 17, 22, 19, 18][9, 23, 4, 24, 14, 20, 7, 16][2, 7, 25, 11, 3][15, 5, 21][1, 23][11, 25][8, 12][17, 22][17, 22][11, 25][25, 28][4, 14] 
[10, 27, 29, 15, 6, 13, 0, 26, 8, 12, 17, 22, 19, 18][1, 4, 20, 24, 23, 3, 11, 25, 7, 2, 29][9, 23, 4, 24, 14, 20, 7, 16, 28][2, 21, 5][2, 16, 28][27, 29][4, 14][2, 29][8, 12][5, 15][8, 12][3, 11] 
[10, 16, 27, 29, 15, 6, 13, 0, 26, 8, 12, 17, 22, 19, 18][9, 23, 4, 24, 14, 20, 7, 16][2, 7, 25, 11, 3][15, 5, 21][1, 23][11, 25][8, 12][17, 22][17, 22][11, 25][25, 28][4, 14] 
[12, 8, 19, 22, 18, 0, 26][9, 3, 1, 23, 24][4, 14, 11, 17][25, 28, 7, 27][10, 21, 6, 13][16, 7, 20][16, 2, 29][2, 15, 5][4, 20][7, 24][17, 22][5, 21] 
[12, 8, 19, 22, 18, 0, 26][9, 3, 1, 23, 24][4, 14, 11, 17][25, 28, 7, 27][10, 21, 6, 13][16, 7, 20][16, 2, 29][2, 15, 5][4, 20][17, 22][7, 24][5, 21] 
[12, 8, 19, 22, 18, 0, 26][9, 3, 1, 23, 24][25, 28, 7, 27][4, 14, 11, 17][10, 21, 6, 13][16, 7, 20][16, 2, 29][2, 15, 5][4, 20][7, 24][5, 21][17, 22] 
[12, 8, 19, 22, 18, 0, 26][9, 3, 1, 23, 24][10, 21, 6, 13][25, 28, 7, 27][4, 14, 11, 17][2, 15, 5][16, 2, 29][16, 7, 20][5, 21][4, 20][17, 22][7, 24] 
[12, 8, 19, 22, 18, 0, 26][9, 3, 1, 23, 24][25, 28, 7, 27][10, 21, 6, 13][4, 14, 11, 17][16, 7, 20][16, 2, 29][2, 15, 5][5, 21][4, 20][17, 22][7, 24] 
[12, 8, 19, 22, 18, 0, 26][9, 3, 1, 23, 24][25, 28, 7, 27][10, 21, 6, 13][4, 14, 11, 17][16, 7, 20][16, 2, 29][2, 15, 5][5, 21][4, 20][17, 22][7, 24] 
[12, 8, 19, 22, 18, 0, 26][9, 3, 1, 23, 24][25, 28, 7, 27][10, 21, 6, 13][4, 14, 11, 17][16, 7, 20][16, 2, 29][2, 15, 5][5, 21][7, 24][4, 20][17, 22] 
[12, 8, 19, 22, 18, 0, 26][9, 3, 1, 23, 24][25, 28, 7, 27][10, 21, 6, 13][4, 14, 11, 17][16, 7, 20][16, 2, 29][2, 15, 5][5, 21][7, 24][4, 20][17, 22] 
[12, 8, 19, 22, 18, 0, 26][9, 3, 1, 23, 24][4, 14, 11, 17][25, 28, 7, 27][10, 21, 6, 13][16, 7, 20][16, 2, 29][2, 15, 5][17, 22][4, 20][7, 24][5, 21] 
[12, 8, 19, 22, 18, 0, 26][9, 3, 1, 23, 24][25, 28, 7, 27][10, 21, 6, 13][4, 14, 11, 17][16, 7, 20][16, 2, 29][2, 15, 5][7, 24][5, 21][4, 20][17, 22] 
[12, 8, 19, 22, 18, 0, 26][9, 3, 1, 23, 24][25, 28, 7, 27][4, 14, 11, 17][10, 21, 6, 13][16, 7, 20][16, 2, 29][2, 15, 5][4, 20][5, 21][7, 24][17, 22] 
[12, 8, 19, 22, 18, 0, 26][9, 3, 1, 23, 24][25, 28, 7, 27][4, 14, 11, 17][10, 21, 6, 13][16, 2, 29][2, 15, 5][16, 7, 20][4, 20][17, 22][7, 24][5, 21] 
[12, 8, 19, 22, 18, 0, 26][9, 3, 1, 23, 24][10, 21, 6, 13][25, 28, 7, 27][4, 14, 11, 17][2, 15, 5][16, 2, 29][16, 7, 20][5, 21][7, 24][4, 20][17, 22] 
[12, 8, 19, 22, 18, 0, 26][9, 3, 1, 23, 24][4, 14, 11, 17][25, 28, 7, 27][10, 21, 6, 13][16, 7, 20][16, 2, 29][2, 15, 5][17, 22][4, 20][7, 24][5, 21] 
[12, 8, 19, 22, 18, 0, 26][9, 3, 1, 23, 24][4, 14, 11, 17][25, 28, 7, 27][10, 21, 6, 13][16, 7, 20][16, 2, 29][2, 15, 5][17, 22][4, 20][7, 24][5, 21] 
[12, 8, 19, 22, 18, 0, 26][25, 28, 16, 2, 29][9, 3, 1, 23, 24][4, 14, 11, 17][10, 21, 6, 13][16, 7, 20][5, 15, 27][17, 22][4, 20][7, 27][7, 24][5, 21] 
[12, 8, 19, 22, 18, 0, 26][9, 3, 1, 23, 24][25, 28, 16, 2, 29][4, 14, 11, 17][10, 21, 6, 13][16, 7, 20][5, 15, 27][4, 20][7, 27][17, 22][5, 21][7, 24] 
[12, 8, 19, 22, 18, 0, 26][25, 28, 16, 2, 29][9, 3, 1, 23, 24][4, 14, 11, 17][10, 21, 6, 13][16, 7, 20][5, 15, 27][4, 20][7, 27][7, 24][5, 21][17, 22] 
[12, 8, 19, 22, 18, 0, 26][25, 28, 16, 2, 29][9, 3, 1, 23, 24][4, 14, 11, 17][10, 21, 6, 13][16, 7, 20][5, 15, 27][4, 20][7, 27][7, 24][17, 22][5, 21] 
[12, 8, 19, 22, 18, 0, 26][25, 28, 16, 2, 29][9, 3, 1, 23, 24][4, 14, 11, 17][10, 21, 6, 13][16, 7, 20][5, 15, 27][4, 20][7, 27][7, 24][5, 21][17, 22] 
[12, 8, 19, 22, 18, 0, 26][25, 28, 16, 2, 29][9, 3, 1, 23, 24][4, 14, 11, 17][10, 21, 6, 13][16, 7, 20][5, 15, 27][4, 20][7, 27][7, 24][17, 22][5, 21] 
[12, 8, 19, 22, 18, 0, 26][9, 3, 1, 23, 24][25, 28, 7, 27][4, 14, 11, 17][10, 21, 6, 13][16, 7, 20][16, 2, 29][2, 15, 5][7, 24][4, 20][17, 22][5, 21] 
[12, 8, 19, 22, 18, 0, 26][9, 3, 1, 23, 24][25, 28, 7, 27][4, 14, 11, 17][10, 21, 6, 13][2, 15, 5][16, 2, 29][16, 7, 20][7, 24][4, 20][5, 21][17, 22] 
[12, 8, 19, 22, 18, 0, 26][9, 3, 1, 23, 24][25, 28, 7, 27][10, 21, 6, 13][4, 14, 11, 17][16, 7, 20][16, 2, 29][2, 15, 5][5, 21][4, 20][17, 22][7, 24] 
[12, 8, 19, 22, 18, 0, 26][9, 3, 1, 23, 24][4, 14, 11, 17][25, 28, 7, 27][10, 21, 6, 13][16, 7, 20][16, 2, 29][2, 15, 5][17, 22][4, 20][7, 24][5, 21] 
[12, 8, 19, 22, 18, 0, 26][9, 3, 1, 23, 24][25, 28, 7, 27][4, 14, 11, 17][10, 21, 6, 13][16, 7, 20][16, 2, 29][2, 15, 5][7, 24][4, 20][17, 22][5, 21] 
[12, 8, 19, 22, 18, 0, 26][9, 3, 1, 23, 24][4, 14, 11, 17][25, 28, 7, 27][10, 21, 6, 13][16, 7, 20][16, 2, 29][2, 15, 5][17, 22][4, 20][7, 24][5, 21] 
[12, 8, 19, 22, 18, 0, 26][9, 3, 1, 23, 24][4, 14, 11, 17][25, 28, 7, 27][10, 21, 6, 13][16, 7, 20][16, 2, 29][2, 15, 5][17, 22][4, 20][7, 24][5, 21] 
[12, 8, 19, 22, 18, 0, 26][25, 28, 16, 2, 29][9, 3, 1, 23, 24][10, 21, 6, 13][4, 14, 11, 17][16, 7, 20][5, 15, 27][7, 27][5, 21][7, 24][4, 20][17, 22] 
[12, 8, 19, 22, 18, 0, 26][25, 28, 16, 2, 29][9, 3, 1, 23, 24][10, 21, 6, 13][4, 14, 11, 17][16, 7, 20][5, 15, 27][7, 27][7, 24][5, 21][4, 20][17, 22] 
[12, 8, 19, 22, 18, 0, 26][25, 28, 16, 2, 29][9, 3, 1, 23, 24][10, 21, 6, 13][4, 14, 11, 17][16, 7, 20][5, 15, 27][7, 27][7, 24][5, 21][4, 20][17, 22] 
[12, 8, 19, 22, 18, 0, 26][25, 28, 16, 2, 29][9, 3, 1, 23, 24][4, 14, 11, 17][10, 21, 6, 13][16, 7, 20][5, 15, 27][17, 22][4, 20][7, 24][7, 27][5, 21] 
[12, 8, 19, 22, 18, 0, 26][25, 28, 16, 2, 29][9, 3, 1, 23, 24][4, 14, 11, 17][10, 21, 6, 13][16, 7, 20][5, 15, 27][17, 22][4, 20][7, 24][7, 27][5, 21] 
[12, 8, 19, 22, 18, 0, 26][9, 3, 1, 23, 24][25, 28, 16, 2, 29][10, 21, 6, 13][4, 14, 11, 17][16, 7, 20][5, 15, 27][7, 24][7, 27][5, 21][4, 20][17, 22] 
[12, 8, 19, 22, 18, 0, 26][25, 28, 16, 2, 29][9, 3, 1, 23, 24][4, 14, 11, 17][10, 21, 6, 13][16, 7, 20][5, 15, 27][17, 22][4, 20][7, 24][7, 27][5, 21] 
[12, 8, 19, 22, 18, 0, 26][9, 3, 1, 23, 24][25, 28, 16, 2, 29][4, 14, 11, 17][10, 21, 6, 13][16, 7, 20][5, 15, 27][7, 24][4, 20][7, 27][17, 22][5, 21] 
[12, 8, 19, 22, 18, 0, 26][25, 28, 16, 2, 29][9, 3, 1, 23, 24][10, 21, 6, 13][4, 14, 11, 17][5, 15, 27][16, 7, 20][5, 21][7, 27][7, 24][4, 20][17, 22] 
[12, 8, 19, 22, 18, 0, 26][25, 28, 16, 2, 29][9, 3, 1, 23, 24][4, 14, 11, 17][10, 21, 6, 13][16, 7, 20][5, 15, 27][17, 22][4, 20][7, 27][7, 24][5, 21] 
[12, 8, 19, 22, 18, 0, 26][9, 3, 1, 23, 24][25, 28, 16, 2, 29][4, 14, 11, 17][10, 21, 6, 13][16, 7, 20][5, 15, 27][7, 24][4, 20][7, 27][17, 22][5, 21] 
[12, 8, 19, 22, 18, 0, 26][9, 3, 1, 23, 24][25, 28, 16, 2, 29][4, 14, 11, 17][10, 21, 6, 13][16, 7, 20][5, 15, 27][4, 20][7, 27][17, 22][5, 21][7, 24] 
[12, 8, 19, 22, 18, 0, 26][25, 28, 16, 2, 29][9, 3, 1, 23, 24][4, 14, 11, 17][10, 21, 6, 13][16, 7, 20][5, 15, 27][4, 20][17, 22][7, 27][7, 24][5, 21] 
[12, 8, 19, 22, 18, 0, 26][9, 3, 1, 23, 24][25, 28, 16, 2, 29][4, 14, 11, 17][10, 21, 6, 13][16, 7, 20][5, 15, 27][7, 24][7, 27][4, 20][5, 21][17, 22] 
[12, 8, 19, 22, 18, 0, 26][25, 28, 16, 2, 29][9, 3, 1, 23, 24][4, 14, 11, 17][10, 21, 6, 13][16, 7, 20][5, 15, 27][17, 22][4, 20][7, 27][7, 24][5, 21] 
[12, 8, 19, 22, 18, 0, 26][9, 3, 1, 23, 24][4, 14, 11, 17][25, 28, 7, 27][28, 16, 2, 29][10, 21, 6, 13][2, 15, 5][17, 22][4, 20][7, 20][7, 24][5, 21] 
[12, 8, 19, 22, 18, 0, 26][9, 3, 1, 23, 24][4, 14, 11, 17][25, 28, 7, 27][28, 16, 2, 29][10, 21, 6, 13][2, 15, 5][17, 22][4, 20][7, 20][5, 21][7, 24] 
[12, 8, 19, 22, 18, 0, 26][9, 3, 1, 23, 24][25, 28, 7, 27][28, 16, 2, 29][10, 21, 6, 13][4, 14, 11, 17][2, 15, 5][7, 20][7, 24][5, 21][4, 20][17, 22] 
[12, 8, 19, 22, 18, 0, 26][9, 3, 1, 23, 24][25, 28, 7, 27][28, 16, 2, 29][10, 21, 6, 13][4, 14, 11, 17][2, 15, 5][7, 20][7, 24][5, 21][4, 20][17, 22] 
[12, 8, 19, 22, 18, 0, 26][9, 3, 1, 23, 24][4, 14, 11, 17][25, 28, 7, 27][28, 16, 2, 29][10, 21, 6, 13][2, 15, 5][4, 20][7, 20][7, 24][17, 22][5, 21] 
[12, 8, 19, 22, 18, 0, 26][9, 3, 1, 23, 24][17, 11, 14, 4, 20][25, 28, 16, 2, 29][10, 21, 6, 13][16, 7, 20][5, 15, 27][7, 24][7, 27][5, 21][17, 22][23, 24] 
[12, 8, 19, 22, 18, 0, 26][9, 3, 1, 23, 24][4, 14, 11, 17][25, 28, 7, 27][10, 21, 6, 13][16, 7, 20][16, 2, 29][2, 15, 5][17, 22][4, 20][5, 21][7, 24] 
[12, 8, 19, 22, 18, 0, 26][9, 3, 1, 23, 24][25, 28, 7, 27][4, 14, 11, 17][10, 21, 6, 13][2, 15, 5][16, 2, 29][16, 7, 20][7, 24][4, 20][5, 21][17, 22] 
[12, 8, 19, 22, 18, 0, 26][9, 3, 1, 23, 24][10, 21, 6, 13][25, 28, 7, 27][4, 14, 11, 17][2, 15, 5][16, 2, 29][16, 7, 20][5, 21][7, 24][4, 20][17, 22] 
[12, 8, 19, 22, 18, 0, 26][9, 3, 1, 23, 24][25, 28, 7, 27][4, 14, 11, 17][10, 21, 6, 13][16, 7, 20][16, 2, 29][2, 15, 5][7, 24][4, 20][17, 22][5, 21] 
[12, 8, 19, 22, 18, 0, 26][9, 3, 1, 23, 24][10, 21, 6, 13][25, 28, 7, 27][4, 14, 11, 17][2, 15, 5][16, 2, 29][16, 7, 20][5, 21][7, 24][4, 20][17, 22] 
[12, 8, 19, 22, 18, 0, 26][25, 28, 16, 2, 29][9, 3, 1, 23, 24][4, 14, 11, 17][10, 21, 6, 13][16, 7, 20][5, 15, 27][17, 22][4, 20][7, 24][7, 27][5, 21] 
[12, 8, 19, 22, 18, 0, 26][9, 3, 1, 23, 24][4, 14, 11, 17][25, 28, 7, 27][10, 21, 6, 13][16, 7, 20][16, 2, 29][2, 15, 5][4, 20][7, 24][17, 22][5, 21] 
