[3, 11, 17, 22, 18, 13][4, 24, 14, 23, 1, 9][7, 16, 15, 10][25, 28, 16, 27][12, 19, 8, 26][2, 21, 5, 6][18, 0, 26][10, 29][0, 25][2, 29][7, 20][14, 20] 
[4, 24, 14, 23, 1, 9][2, 21, 5, 6, 13][3, 11, 17, 22, 18][7, 16, 15, 10][25, 28, 16, 27][12, 19, 8, 26][18, 0, 26][10, 29][7, 20][2, 29][14, 20][0, 25] 
[4, 24, 14, 23, 1, 9][3, 11, 17, 22, 18][2, 21, 5, 6, 13][7, 16, 15, 10][25, 28, 16, 27][12, 19, 8, 26][18, 0, 26][10, 29][7, 20][14, 20][0, 25][2, 29] 
[4, 24, 14, 23, 1, 9][3, 11, 17, 22, 18][2, 21, 5, 6, 13][12, 19, 8, 26][28, 16, 27, 29][7, 16, 15, 10][18, 0, 26][0, 25][25, 28][7, 20][14, 20][2, 29] 
[4, 24, 14, 23, 1, 9][3, 11, 17, 22, 18][21, 5, 6, 2, 29][7, 16, 15, 10][12, 19, 8, 26][27, 16, 28][13, 0, 25][18, 0, 26][14, 20][7, 20][25, 28][10, 29] 
[4, 24, 14, 23, 1, 9][21, 5, 6, 2, 29][3, 11, 17, 22, 18][7, 16, 15, 10][12, 19, 8, 26][27, 16, 28][13, 0, 25][18, 0, 26][10, 29][7, 20][25, 28][14, 20] 
[4, 24, 14, 23, 1, 9][21, 5, 6, 2, 29][3, 11, 17, 22, 18][7, 16, 15, 10][12, 19, 8, 26][27, 16, 28][13, 0, 25][18, 0, 26][14, 20][7, 20][10, 29][25, 28] 
[4, 24, 14, 23, 1, 9][21, 5, 6, 2, 29][3, 11, 17, 22, 18][7, 16, 15, 10][12, 19, 8, 26][27, 16, 28][13, 0, 25][18, 0, 26][10, 29][7, 20][25, 28][14, 20] 
[4, 24, 14, 23, 1, 9][3, 11, 17, 22, 18][21, 5, 6, 2, 29][12, 19, 8, 26][7, 16, 15, 10][18, 0, 26][13, 0, 25][27, 16, 28][25, 28][7, 20][14, 20][10, 29] 
[4, 24, 14, 23, 1, 9][3, 11, 17, 22, 18][21, 5, 6, 2, 29][7, 16, 15, 10][12, 19, 8, 26][27, 16, 28][13, 0, 25][18, 0, 26][14, 20][7, 20][25, 28][10, 29] 
[3, 11, 17, 22, 18, 13][4, 24, 14, 23, 1, 9][7, 16, 15, 10][25, 28, 16, 27][12, 19, 8, 26][2, 21, 5, 6][18, 0, 26][10, 29][0, 25][2, 29][7, 20][14, 20] 
[4, 24, 14, 23, 1, 9][3, 11, 17, 22, 18][2, 21, 5, 6, 13][12, 19, 8, 26][25, 28, 16, 27][7, 16, 15, 10][18, 0, 26][0, 25][10, 29][2, 29][7, 20][14, 20] 
[4, 24, 14, 23, 1, 9][3, 11, 17, 22, 18][2, 21, 5, 6, 13][12, 19, 8, 26][25, 28, 16, 27][7, 16, 15, 10][18, 0, 26][0, 25][10, 29][2, 29][7, 20][14, 20] 
[4, 24, 14, 23, 1, 9][21, 5, 6, 2, 29][3, 11, 17, 22, 18][7, 16, 15, 10][12, 19, 8, 26][27, 16, 28][13, 0, 25][18, 0, 26][10, 29][7, 20][14, 20][25, 28] 
[4, 24, 14, 23, 1, 9][3, 11, 17, 22, 18][21, 5, 6, 2, 29][12, 19, 8, 26][7, 16, 15, 10][18, 0, 26][13, 0, 25][27, 16, 28][25, 28][10, 29][7, 20][14, 20] 
[4, 24, 14, 23, 1, 9][3, 11, 17, 22, 18][21, 5, 6, 2, 29][12, 19, 8, 26][7, 16, 15, 10][18, 0, 26][13, 0, 25][27, 16, 28][25, 28][7, 20][14, 20][10, 29] 
[3, 11, 17, 22, 18, 13][4, 24, 14, 23, 1, 9][2, 21, 5, 6][7, 16, 15, 10][25, 28, 16, 27][12, 19, 8, 26][18, 0, 26][2, 29][10, 29][7, 20][0, 25][14, 20] 
[4, 24, 14, 23, 1, 9][3, 11, 17, 22, 18][2, 21, 5, 6, 13][7, 16, 15, 10][25, 28, 16, 27][12, 19, 8, 26][18, 0, 26][14, 20][7, 20][0, 25][10, 29][2, 29] 
[4, 24, 14, 23, 1, 9][21, 5, 6, 2, 29][3, 11, 17, 22, 18][7, 16, 15, 10][12, 19, 8, 26][27, 16, 28][13, 0, 25][18, 0, 26][10, 29][7, 20][14, 20][25, 28] 
[3, 11, 17, 22, 18, 13][4, 24, 14, 23, 1, 9][7, 16, 15, 10][25, 28, 16, 27][12, 19, 8, 26][2, 21, 5, 6][18, 0, 26][7, 20][0, 25][10, 29][2, 29][14, 20] 
[4, 24, 14, 23, 1, 9][3, 11, 17, 22, 18, 13][7, 16, 15, 10][25, 28, 16, 27][12, 19, 8, 26][2, 21, 5, 6][18, 0, 26][14, 20][7, 20][10, 29][2, 29][0, 25] 
[4, 24, 14, 23, 1, 9][2, 21, 5, 6, 13][3, 11, 17, 22, 18][7, 16, 15, 10][25, 28, 16, 27][12, 19, 8, 26][18, 0, 26][2, 29][10, 29][7, 20][0, 25][14, 20] 
[4, 24, 14, 23, 1, 9][3, 11, 17, 22, 18][2, 21, 5, 6, 13][7, 16, 15, 10][25, 28, 16, 27][12, 19, 8, 26][18, 0, 26][0, 25][10, 29][7, 20][2, 29][14, 20] 
[4, 24, 14, 23, 1, 9][3, 11, 17, 22, 18][21, 5, 6, 2, 29][7, 16, 15, 10][12, 19, 8, 26][27, 16, 28][13, 0, 25][18, 0, 26][14, 20][7, 20][25, 28][10, 29] 
[4, 24, 14, 23, 1, 9][21, 5, 6, 2, 29][3, 11, 17, 22, 18][7, 16, 15, 10][12, 19, 8, 26][27, 16, 28][13, 0, 25][18, 0, 26][14, 20][7, 20][10, 29][25, 28] 
[4, 24, 14, 23, 1, 9][21, 5, 6, 2, 29][3, 11, 17, 22, 18][7, 16, 15, 10][12, 19, 8, 26][27, 16, 28][13, 0, 25][18, 0, 26][10, 29][7, 20][25, 28][14, 20] 
[3, 11, 17, 22, 18, 13][4, 24, 14, 23, 1, 9][2, 21, 5, 6][7, 16, 15, 10][25, 28, 16, 27][12, 19, 8, 26][18, 0, 26][2, 29][10, 29][0, 25][7, 20][14, 20] 
[4, 24, 14, 23, 1, 9][3, 11, 17, 22, 18][2, 21, 5, 6, 13][7, 16, 15, 10][25, 28, 16, 27][12, 19, 8, 26][18, 0, 26][14, 20][7, 20][0, 25][10, 29][2, 29] 
[4, 24, 14, 23, 1, 9][21, 5, 6, 2, 29][3, 11, 17, 22, 18][7, 16, 15, 10][12, 19, 8, 26][27, 16, 28][13, 0, 25][18, 0, 26][10, 29][7, 20][25, 28][14, 20] 
[3, 11, 17, 22, 18, 13][4, 24, 14, 23, 1, 9][7, 16, 15, 10][25, 28, 16, 27][12, 19, 8, 26][2, 21, 5, 6][18, 0, 26][7, 20][0, 25][10, 29][2, 29][14, 20] 
[3, 11, 17, 22, 18, 13][4, 24, 14, 23, 1, 9][12, 19, 8, 26][25, 28, 16, 27][7, 16, 15, 10][2, 21, 5, 6][18, 0, 26][0, 25][7, 20][10, 29][14, 20][2, 29] 
[4, 24, 14, 23, 1, 9][3, 11, 17, 22, 18][2, 21, 5, 6, 13][7, 16, 15, 10][25, 28, 16, 27][12, 19, 8, 26][18, 0, 26][0, 25][10, 29][7, 20][2, 29][14, 20] 
[4, 24, 14, 23, 1, 9][3, 11, 17, 22, 18][21, 5, 6, 2, 29][12, 19, 8, 26][7, 16, 15, 10][18, 0, 26][13, 0, 25][27, 16, 28][25, 28][10, 29][7, 20][14, 20] 
[3, 11, 17, 22, 18, 13][4, 24, 14, 23, 1, 9][7, 16, 15, 10][25, 28, 16, 27][2, 21, 5, 6][12, 19, 8, 26][18, 0, 26][10, 29][2, 29][0, 25][7, 20][14, 20] 
[3, 11, 17, 22, 18, 13][4, 24, 14, 23, 1, 9][7, 16, 15, 10][25, 28, 16, 27][2, 21, 5, 6][12, 19, 8, 26][18, 0, 26][10, 29][2, 29][0, 25][7, 20][14, 20] 
[16, 6, 13, 18, 17, 11, 25, 0, 26, 8, 12, 22][2, 10, 21, 5, 15, 16, 7, 14][7, 24, 3, 9, 1, 4, 23][16, 27, 29][7, 16][16, 28][12, 19][0, 25][3, 9][7, 20][6, 13][0, 25] 
[12, 8, 26, 0, 25, 11, 17, 18, 13, 6, 16, 28][11, 14, 20, 7, 24, 3, 9, 1, 4, 23][2, 21, 5, 6][10, 15, 16][16, 27, 29][3, 24][19, 22][12, 19][0, 25][7, 20][14, 20][0, 25] 
[12, 8, 26, 0, 25, 11, 17, 18, 13, 6, 16, 28][11, 14, 20, 7, 24, 3, 9, 1, 4, 23][2, 21, 5, 6][10, 15, 16][16, 27, 29][3, 24][19, 22][12, 19][0, 25][7, 20][14, 20][0, 25] 
[6, 13, 18, 17, 11, 25, 0, 26, 8, 12, 22, 19][2, 10, 21, 5, 15, 16, 7, 14][4, 24, 14, 23, 1, 9][25, 28, 16, 27, 29][16, 28][15, 16][0, 25][14, 20][3, 11][0, 25][7, 16][15, 16] 
[13, 18, 17, 11, 25, 0, 26, 8, 12, 22][11, 14, 20, 7, 24, 3, 9, 1, 4, 23][2, 21, 5, 6, 13][28, 16, 27, 29][10, 15, 16][0, 25][25, 28][12, 19][7, 20][14, 20][14, 20][0, 25] 
[11, 14, 20, 7, 24, 3, 9, 1, 4, 23][6, 13, 18, 17, 11, 25, 0, 26][15, 5, 21, 10, 2, 29][12, 19, 8, 26][25, 28, 16, 27][15, 16][17, 22][14, 20][0, 25][16, 28][14, 20][3, 9] 
[16, 6, 13, 18, 17, 11, 25, 0, 26, 8, 12, 22][2, 10, 21, 5, 15, 16, 7, 14][7, 24, 3, 9, 1, 4, 23][16, 27, 29][7, 16][16, 28][12, 19][0, 25][3, 9][7, 20][6, 13][0, 25] 
[22, 12, 8, 26, 0, 25, 11, 17, 18, 13, 6, 16, 28][2, 10, 21, 5, 15, 16, 7, 14][4, 20, 14, 1, 9, 23, 24][16, 27, 29][7, 16][3, 24][19, 22][14, 20][7, 16][13, 18][0, 25][14, 20] 
[6, 13, 18, 17, 11, 25, 0, 26, 8, 12, 22][2, 10, 21, 5, 15, 16, 7, 14][4, 20, 14, 1, 9, 23, 24][25, 28, 16, 27, 29][19, 22][3, 11][16, 28][15, 16][0, 25][16, 28][7, 16][16, 28] 
[16, 6, 13, 18, 17, 11, 25, 0, 26, 8, 12, 22][2, 10, 21, 5, 15, 16, 7, 14][4, 20, 14, 1, 9, 23, 24][28, 16, 27, 29][3, 9][12, 19][0, 25][0, 25][0, 25][7, 16][7, 16][0, 25] 
[22, 12, 8, 26, 0, 25, 11, 17, 18, 13, 6, 16, 28][2, 10, 21, 5, 15, 16, 7, 14][4, 20, 14, 1, 9, 23, 24][16, 27, 29][3, 9][19, 22][0, 25][0, 25][0, 25][0, 25][0, 25][0, 25] 
[13, 18, 17, 11, 25, 0, 26, 8, 12, 22][11, 14, 20, 7, 24, 3, 9, 1, 4, 23][2, 21, 5, 6, 13][7, 16, 15, 10][28, 16, 27, 29][12, 19][0, 25][7, 20][14, 20][7, 20][1, 9][1, 9] 
[6, 13, 18, 17, 11, 25, 0, 26, 8, 12, 22, 19][2, 10, 21, 5, 15, 16, 7, 14][4, 24, 14, 23, 1, 9][25, 28, 16, 27, 29][16, 28][15, 16][0, 25][14, 20][3, 11][0, 25][7, 16][15, 16] 
[22, 12, 8, 26, 0, 25, 11, 17, 18, 13, 6, 16, 28][2, 10, 21, 5, 15, 16, 7, 14][4, 20, 14, 1, 9, 23, 24][16, 27, 29][3, 9][19, 22][0, 25][0, 25][0, 25][0, 25][0, 25][0, 25] 
[22, 12, 8, 26, 0, 25, 11, 17, 18, 13, 6, 16, 28][2, 10, 21, 5, 15, 16, 7, 14][4, 20, 14, 1, 9, 23, 24][28, 16, 27, 29][9, 23, 24][3, 9][16, 28][12, 19][7, 16][0, 25][7, 16][7, 16] 
[19, 22, 12, 8, 26, 0, 25, 11, 17, 18, 13, 6, 16, 28][11, 14, 20, 7, 24, 3, 9, 1, 4, 23][2, 10, 21, 5, 15, 16, 7, 14][11, 14, 20, 24, 3, 1, 23][16, 27, 29][15, 16][16, 27][7, 20][7, 20][16, 28][16, 27][7, 16] 
[22, 12, 8, 26, 0, 25, 11, 17, 18, 13, 6, 16, 28][11, 14, 20, 7, 24, 3, 9, 1, 4, 23][2, 21, 5, 6][16, 27, 29][10, 15, 16][0, 25][19, 22][14, 20][14, 20][14, 20][0, 25][14, 20] 
[6, 13, 18, 17, 11, 25, 0, 26, 8, 12, 22, 19][11, 14, 20, 7, 24, 3, 9, 1, 4, 23][2, 10, 21, 5, 15, 16][16, 27, 29][7, 16][25, 28][5, 15][7, 16][0, 25][14, 20][14, 20][14, 20] 
[22, 12, 8, 26, 0, 25, 11, 17, 18, 13, 6, 16, 28][2, 10, 21, 5, 15, 16, 7, 14][4, 20, 14, 1, 9, 23, 24][28, 16, 27, 29][12, 19][3, 9][0, 25][7, 16][0, 25][7, 16][0, 25][7, 16] 
[22, 12, 8, 26, 0, 25, 11, 17, 18, 13, 6, 16, 28][2, 10, 21, 5, 15, 16, 7, 14][4, 20, 14, 1, 9, 23, 24][28, 16, 27, 29][12, 19][3, 9][0, 25][7, 16][0, 25][7, 16][0, 25][7, 16] 
[16, 6, 13, 18, 17, 11, 25, 0, 26, 8, 12, 22, 19][2, 10, 21, 5, 15, 16, 7, 14][4, 20, 14, 1, 9, 23, 24][28, 16, 27, 29][6, 13][6, 13][3, 9][7, 16][7, 16][7, 16][15, 16][7, 16] 
[4, 24, 14, 23, 1, 9][3, 11, 17, 22, 18][21, 5, 6, 2, 29][7, 16, 15, 10][12, 19, 8, 26][27, 16, 28][13, 0, 25][18, 0, 26][14, 20][7, 20][25, 28][10, 29] 
[4, 24, 14, 23, 1, 9][21, 5, 6, 2, 29][3, 11, 17, 22, 18][7, 16, 15, 10][12, 19, 8, 26][27, 16, 28][13, 0, 25][18, 0, 26][10, 29][7, 20][14, 20][25, 28] 
[4, 24, 14, 23, 1, 9][3, 11, 17, 22, 18][21, 5, 6, 2, 29][12, 19, 8, 26][7, 16, 15, 10][18, 0, 26][13, 0, 25][27, 16, 28][25, 28][10, 29][7, 20][14, 20] 
[4, 24, 14, 23, 1, 9][21, 5, 6, 2, 29][3, 11, 17, 22, 18][7, 16, 15, 10][12, 19, 8, 26][27, 16, 28][13, 0, 25][18, 0, 26][10, 29][25, 28][7, 20][14, 20] 
[4, 24, 14, 23, 1, 9][21, 5, 6, 2, 29][3, 11, 17, 22, 18][7, 16, 15, 10][12, 19, 8, 26][27, 16, 28][13, 0, 25][18, 0, 26][14, 20][7, 20][10, 29][25, 28] 
[4, 24, 14, 23, 1, 9][3, 11, 17, 22, 18][21, 5, 6, 2, 29][12, 19, 8, 26][7, 16, 15, 10][13, 0, 25][18, 0, 26][27, 16, 28][25, 28][7, 20][14, 20][10, 29] 
[4, 24, 14, 23, 1, 9][21, 5, 6, 2, 29][3, 11, 17, 22, 18][7, 16, 15, 10][12, 19, 8, 26][27, 16, 28][13, 0, 25][18, 0, 26][10, 29][25, 28][7, 20][14, 20] 
[4, 24, 14, 23, 1, 9][21, 5, 6, 2, 29][3, 11, 17, 22, 18][7, 16, 15, 10][12, 19, 8, 26][27, 16, 28][13, 0, 25][18, 0, 26][10, 29][7, 20][14, 20][25, 28] 
[4, 24, 14, 23, 1, 9][21, 5, 6, 2, 29][3, 11, 17, 22, 18][7, 16, 15, 10][12, 19, 8, 26][27, 16, 28][13, 0, 25][18, 0, 26][7, 20][14, 20][10, 29][25, 28] 
[4, 24, 14, 23, 1, 9][21, 5, 6, 2, 29][3, 11, 17, 22, 18][7, 16, 15, 10][12, 19, 8, 26][27, 16, 28][13, 0, 25][18, 0, 26][10, 29][7, 20][14, 20][25, 28] 
[4, 24, 14, 23, 1, 9][3, 11, 17, 22, 18][21, 5, 6, 2, 29][7, 16, 15, 10][12, 19, 8, 26][27, 16, 28][13, 0, 25][18, 0, 26][14, 20][7, 20][25, 28][10, 29] 
[4, 24, 14, 23, 1, 9][3, 11, 17, 22, 18][21, 5, 6, 2, 29][12, 19, 8, 26][7, 16, 15, 10][13, 0, 25][18, 0, 26][27, 16, 28][25, 28][7, 20][14, 20][10, 29] 
[4, 24, 14, 23, 1, 9][3, 11, 17, 22, 18][21, 5, 6, 2, 29][12, 19, 8, 26][7, 16, 15, 10][18, 0, 26][13, 0, 25][27, 16, 28][25, 28][10, 29][7, 20][14, 20] 
[4, 24, 14, 23, 1, 9][21, 5, 6, 2, 29][3, 11, 17, 22, 18][7, 16, 15, 10][12, 19, 8, 26][27, 16, 28][13, 0, 25][18, 0, 26][10, 29][7, 20][25, 28][14, 20] 
[4, 24, 14, 23, 1, 9][3, 11, 17, 22, 18][21, 5, 6, 2, 29][7, 16, 15, 10][12, 19, 8, 26][27, 16, 28][13, 0, 25][18, 0, 26][25, 28][7, 20][14, 20][10, 29] 
[4, 24, 14, 23, 1, 9][3, 11, 17, 22, 18, 13][7, 16, 15, 10][25, 28, 16, 27][12, 19, 8, 26][2, 21, 5, 6][18, 0, 26][14, 20][7, 20][0, 25][10, 29][2, 29] 
[4, 24, 14, 23, 1, 9][3, 11, 17, 22, 18, 13][7, 16, 15, 10][25, 28, 16, 27][12, 19, 8, 26][2, 21, 5, 6][18, 0, 26][14, 20][7, 20][0, 25][10, 29][2, 29] 
[3, 11, 17, 22, 18, 13][4, 24, 14, 23, 1, 9][25, 28, 16, 27][7, 16, 15, 10][12, 19, 8, 26][2, 21, 5, 6][18, 0, 26][0, 25][7, 20][14, 20][10, 29][2, 29] 
[3, 11, 17, 22, 18, 13][4, 24, 14, 23, 1, 9][2, 21, 5, 6][7, 16, 15, 10][25, 28, 16, 27][12, 19, 8, 26][18, 0, 26][2, 29][10, 29][7, 20][0, 25][14, 20] 
[3, 11, 17, 22, 18, 13][4, 24, 14, 23, 1, 9][25, 28, 16, 27][7, 16, 15, 10][12, 19, 8, 26][2, 21, 5, 6][18, 0, 26][0, 25][7, 20][14, 20][10, 29][2, 29] 
[4, 24, 14, 23, 1, 9][21, 5, 6, 2, 29][3, 11, 17, 22, 18][25, 28, 16, 27][12, 19, 8, 26][10, 15, 16][13, 0, 25][18, 0, 26][7, 10][10, 29][7, 20][14, 20] 
[4, 24, 14, 23, 1, 9][21, 5, 6, 2, 29][3, 11, 17, 22, 18][7, 16, 15, 10][12, 19, 8, 26][27, 16, 28][13, 0, 25][18, 0, 26][10, 29][25, 28][7, 20][14, 20] 
[4, 24, 14, 23, 1, 9][21, 5, 6, 2, 29][3, 11, 17, 22, 18][7, 16, 15, 10][12, 19, 8, 26][27, 16, 28][13, 0, 25][18, 0, 26][10, 29][7, 20][14, 20][25, 28] 
[4, 24, 14, 23, 1, 9][21, 5, 6, 2, 29][3, 11, 17, 22, 18][7, 16, 15, 10][12, 19, 8, 26][27, 16, 28][13, 0, 25][18, 0, 26][10, 29][25, 28][7, 20][14, 20] 
[4, 24, 14, 23, 1, 9][21, 5, 6, 2, 29][3, 11, 17, 22, 18][7, 16, 15, 10][12, 19, 8, 26][27, 16, 28][13, 0, 25][18, 0, 26][10, 29][7, 20][25, 28][14, 20] 
[4, 24, 14, 23, 1, 9][3, 11, 17, 22, 18][21, 5, 6, 2, 29][7, 16, 15, 10][12, 19, 8, 26][27, 16, 28][13, 0, 25][18, 0, 26][25, 28][7, 20][14, 20][10, 29] 
[4, 24, 14, 23, 1, 9][3, 11, 17, 22, 18][21, 5, 6, 2, 29][12, 19, 8, 26][7, 16, 15, 10][18, 0, 26][13, 0, 25][27, 16, 28][25, 28][7, 20][14, 20][27, 29] 
[4, 24, 14, 23, 1, 9][21, 5, 6, 2, 29][3, 11, 17, 22, 18][7, 16, 15, 10][12, 19, 8, 26][27, 16, 28][13, 0, 25][18, 0, 26][10, 29][7, 20][25, 28][14, 20] 
[3, 11, 17, 22, 18, 13][4, 24, 14, 23, 1, 9][12, 19, 8, 26][25, 28, 16, 27][7, 16, 15, 10][2, 21, 5, 6][18, 0, 26][0, 25][10, 29][2, 29][7, 20][14, 20] 
[3, 11, 17, 22, 18, 13][4, 24, 14, 23, 1, 9][12, 19, 8, 26][25, 28, 16, 27][7, 16, 15, 10][2, 21, 5, 6][18, 0, 26][0, 25][10, 29][2, 29][7, 20][14, 20] 
[3, 11, 17, 22, 18, 13][4, 24, 14, 23, 1, 9][25, 28, 16, 27][7, 16, 15, 10][12, 19, 8, 26][2, 21, 5, 6][18, 0, 26][0, 25][7, 20][10, 29][2, 29][14, 20] 
[3, 11, 17, 22, 18, 13][4, 24, 14, 23, 1, 9][25, 28, 16, 27][7, 16, 15, 10][12, 19, 8, 26][2, 21, 5, 6][18, 0, 26][0, 25][7, 20][10, 29][2, 29][14, 20] 
[3, 11, 17, 22, 18, 13][4, 24, 14, 23, 1, 9][12, 19, 8, 26][25, 28, 16, 27][7, 16, 15, 10][2, 21, 5, 6][18, 0, 26][0, 25][7, 20][10, 29][14, 20][2, 29] 
[3, 11, 17, 22, 18, 13][4, 24, 14, 23, 1, 9][25, 28, 16, 27][7, 16, 15, 10][12, 19, 8, 26][2, 21, 5, 6][18, 0, 26][0, 25][7, 20][10, 29][2, 29][14, 20] 
[4, 24, 14, 23, 1, 9][3, 11, 17, 22, 18, 13][7, 16, 15, 10][25, 28, 16, 27][2, 21, 5, 6][12, 19, 8, 26][18, 0, 26][14, 20][7, 20][10, 29][2, 29][0, 25] 
[3, 11, 17, 22, 18, 13][4, 24, 14, 23, 1, 9][2, 21, 5, 6][7, 16, 15, 10][25, 28, 16, 27][12, 19, 8, 26][18, 0, 26][2, 29][10, 29][7, 20][0, 25][14, 20] 
[3, 11, 17, 22, 18, 13][4, 24, 14, 23, 1, 9][25, 28, 16, 27][7, 16, 15, 10][12, 19, 8, 26][2, 21, 5, 6][18, 0, 26][0, 25][7, 20][14, 20][10, 29][2, 29] 
[3, 11, 17, 22, 18, 13][4, 24, 14, 23, 1, 9][2, 21, 5, 6][7, 16, 15, 10][25, 28, 16, 27][12, 19, 8, 26][18, 0, 26][2, 29][10, 29][7, 20][0, 25][14, 20] 
[4, 24, 14, 23, 1, 9][3, 11, 17, 22, 18, 13][7, 16, 15, 10][25, 28, 16, 27][2, 21, 5, 6][12, 19, 8, 26][18, 0, 26][14, 20][7, 20][10, 29][2, 29][0, 25] 
[3, 11, 17, 22, 18, 13][4, 24, 14, 23, 1, 9][12, 19, 8, 26][25, 28, 16, 27][7, 16, 15, 10][2, 21, 5, 6][18, 0, 26][0, 25][7, 20][10, 29][14, 20][2, 29] 
[3, 11, 17, 22, 18, 13][4, 24, 14, 23, 1, 9][7, 16, 15, 10][25, 28, 16, 27][12, 19, 8, 26][2, 21, 5, 6][18, 0, 26][0, 25][7, 20][14, 20][10, 29][2, 29] 
[3, 11, 17, 22, 18, 13][4, 24, 14, 23, 1, 9][25, 28, 16, 27][7, 16, 15, 10][12, 19, 8, 26][2, 21, 5, 6][18, 0, 26][0, 25][7, 20][10, 29][14, 20][2, 29] 
[3, 11, 17, 22, 18, 13][4, 24, 14, 23, 1, 9][25, 28, 16, 27][7, 16, 15, 10][12, 19, 8, 26][2, 21, 5, 6][18, 0, 26][0, 25][7, 20][10, 29][14, 20][2, 29] 
[4, 24, 14, 23, 1, 9][3, 11, 17, 22, 18, 13][21, 5, 6, 2, 29][7, 16, 15, 10][25, 28, 16, 27][12, 19, 8, 26][18, 0, 26][10, 29][7, 20][14, 20][0, 25][2, 6] 
[4, 24, 14, 23, 1, 9][3, 11, 17, 22, 18, 13][21, 5, 6, 2, 29][7, 16, 15, 10][25, 28, 16, 27][12, 19, 8, 26][18, 0, 26][10, 29][7, 20][14, 20][0, 25][2, 6] 
[3, 11, 17, 22, 18, 13][4, 24, 14, 23, 1, 9][21, 5, 6, 2, 29][7, 16, 15, 10][25, 28, 16, 27][12, 19, 8, 26][18, 0, 26][2, 6][10, 29][0, 25][7, 20][14, 20] 
[3, 11, 17, 22, 18, 13][4, 24, 14, 23, 1, 9][21, 5, 6, 2, 29][7, 16, 15, 10][25, 28, 16, 27][12, 19, 8, 26][18, 0, 26][2, 6][10, 29][0, 25][7, 20][14, 20] 
[3, 11, 17, 22, 18, 13][4, 24, 14, 23, 1, 9][21, 5, 6, 2, 29][12, 19, 8, 26][25, 28, 16, 27][7, 16, 15, 10][18, 0, 26][0, 25][7, 20][10, 29][14, 20][2, 6] 
[3, 11, 17, 22, 18, 13][4, 24, 14, 23, 1, 9][21, 5, 6, 10, 29][12, 19, 8, 26][25, 28, 16, 27][7, 16, 15, 10][18, 0, 26][0, 25][25, 28][7, 20][14, 20][2, 29] 
[4, 24, 14, 23, 1, 9][21, 5, 6, 2, 29][3, 11, 17, 22, 18][7, 16, 15, 10][12, 19, 8, 26][27, 16, 28][13, 0, 25][18, 0, 26][27, 29][7, 20][14, 20][25, 28] 
[4, 24, 14, 23, 1, 9][3, 11, 17, 22, 18][21, 5, 6, 2, 29][7, 16, 15, 10][12, 19, 8, 26][13, 0, 25][27, 16, 28][18, 0, 26][25, 28][7, 20][14, 20][27, 29] 
[4, 24, 14, 23, 1, 9][3, 11, 17, 22, 18][21, 5, 6, 2, 29][12, 19, 8, 26][7, 16, 15, 10][18, 0, 26][13, 0, 25][27, 16, 28][25, 28][7, 20][27, 29][14, 20] 
[4, 24, 14, 23, 1, 9][3, 11, 17, 22, 18][21, 5, 6, 2, 29][7, 16, 15, 10][12, 19, 8, 26][27, 16, 28][13, 0, 25][18, 0, 26][14, 20][7, 20][25, 28][27, 29] 
[4, 24, 14, 23, 1, 9][3, 11, 17, 22, 18][21, 5, 6, 2, 29][7, 16, 15, 10][12, 19, 8, 26][27, 16, 28][13, 0, 25][18, 0, 26][25, 28][7, 20][14, 20][27, 29] 
[3, 11, 17, 22, 18, 13][4, 24, 14, 23, 1, 9][7, 16, 15, 10][25, 28, 16, 27][12, 19, 8, 26][2, 21, 5, 6][18, 0, 26][0, 25][7, 20][10, 29][2, 29][14, 20] 
[4, 24, 14, 23, 1, 9][21, 5, 6, 2, 29][3, 11, 17, 22, 18][7, 16, 15, 10][12, 19, 8, 26][27, 16, 28][13, 0, 25][18, 0, 26][14, 20][7, 20][27, 29][25, 28] 
