[12, 22, 0, 19, 8, 26][6, 10, 15, 5, 21][13, 18, 17, 28, 16][11, 3, 4, 24, 20][1, 9, 14, 23][2, 29, 27][25, 7, 27][2, 15][2, 16][0, 18][7, 20][1, 24] 
[12, 22, 0, 19, 8, 26][11, 3, 4, 24, 20][6, 10, 15, 5, 21][13, 18, 17, 28, 16][1, 9, 14, 23][2, 29, 27][25, 7, 27][7, 20][2, 15][2, 16][1, 24][0, 18] 
[12, 22, 0, 19, 8, 26][6, 10, 15, 5, 21][13, 18, 17, 28, 16][11, 3, 4, 24, 20][1, 9, 14, 23][25, 7, 27][2, 29, 27][22, 25][2, 15][0, 18][7, 20][1, 24] 
[12, 22, 0, 19, 8, 26][11, 3, 4, 24, 20][6, 10, 15, 5, 21][13, 18, 17, 28, 16][1, 9, 14, 23][25, 7, 27][2, 29, 27][1, 24][7, 20][2, 15][22, 25][0, 18] 
[12, 22, 0, 19, 8, 26][13, 18, 17, 28, 16][11, 3, 4, 24, 20][6, 10, 15, 5, 21][1, 9, 14, 23][2, 29, 27][25, 7, 27][0, 18][2, 16][7, 20][2, 15][1, 24] 
[12, 22, 0, 19, 8, 26][13, 18, 17, 28, 16][11, 3, 4, 24, 20][6, 10, 15, 5, 21][1, 9, 14, 23][2, 29, 27][25, 7, 27][2, 16][7, 20][2, 15][1, 24][0, 18] 
[12, 22, 0, 19, 8, 26][11, 3, 4, 24, 20][6, 10, 15, 5, 21][13, 18, 17, 28, 16][1, 9, 14, 23][2, 29, 27][25, 7, 27][22, 25][7, 20][2, 15][1, 24][0, 18] 
[12, 22, 0, 19, 8, 26][13, 18, 17, 28, 16][6, 10, 15, 5, 21][11, 3, 4, 24, 20][1, 9, 14, 23][2, 29, 27][25, 7, 27][0, 18][2, 16][2, 15][7, 20][1, 24] 
[12, 22, 0, 19, 8, 26][13, 18, 17, 28, 16][11, 3, 4, 24, 20][6, 10, 15, 5, 21][1, 9, 14, 23][2, 29, 27][25, 7, 27][0, 18][2, 16][7, 20][2, 15][1, 24] 
[12, 22, 0, 19, 8, 26][13, 18, 17, 28, 16][11, 3, 4, 24, 20][6, 10, 15, 5, 21][1, 9, 14, 23][2, 29, 27][25, 7, 27][0, 18][2, 16][7, 20][1, 24][2, 15] 
[12, 22, 0, 19, 8, 26][13, 18, 17, 28, 16][11, 3, 4, 24, 20][6, 10, 15, 5, 21][1, 9, 14, 23][2, 29, 27][25, 7, 27][0, 18][2, 16][7, 20][2, 15][1, 24] 
[12, 22, 0, 19, 8, 26][6, 10, 15, 5, 21][13, 18, 17, 28, 16][11, 3, 4, 24, 20][1, 9, 14, 23][2, 29, 27][25, 7, 27][2, 15][2, 16][0, 18][7, 20][1, 24] 
[12, 22, 0, 19, 8, 26][11, 3, 4, 24, 20][13, 18, 17, 28, 16][6, 10, 15, 5, 21][1, 9, 14, 23][25, 7, 27][2, 29, 27][1, 24][7, 20][22, 25][0, 18][2, 15] 
[12, 22, 0, 19, 8, 26][11, 3, 4, 24, 20][6, 10, 15, 5, 21][13, 18, 17, 28, 16][1, 9, 14, 23][25, 7, 27][2, 29, 27][7, 20][2, 15][1, 24][2, 16][0, 18] 
[12, 22, 0, 19, 8, 26][13, 18, 17, 28, 16][6, 10, 15, 5, 21][11, 3, 4, 24, 20][1, 9, 14, 23][2, 29, 27][25, 7, 27][2, 16][2, 15][7, 20][1, 24][0, 18] 
[12, 22, 0, 19, 8, 26][11, 3, 4, 24, 20][13, 18, 17, 28, 16][6, 10, 15, 5, 21][1, 9, 14, 23][25, 7, 27][2, 29, 27][7, 20][2, 16][0, 18][2, 15][1, 24] 
[12, 22, 0, 19, 8, 26][11, 3, 4, 24, 20][6, 10, 15, 5, 21][13, 18, 17, 28, 16][1, 9, 14, 23][25, 7, 27][2, 29, 27][7, 20][2, 15][1, 24][2, 16][0, 18] 
[12, 22, 0, 19, 8, 26][6, 10, 15, 5, 21][13, 18, 17, 28, 16][11, 3, 4, 24, 20][1, 9, 14, 23][2, 29, 27][25, 7, 27][2, 15][2, 16][0, 18][7, 20][1, 24] 
[12, 22, 0, 19, 8, 26][13, 18, 17, 28, 16][11, 3, 4, 24, 20][6, 10, 15, 5, 21][1, 9, 14, 23][2, 29, 27][25, 7, 27][0, 18][2, 16][7, 20][1, 24][2, 15] 
[12, 22, 0, 19, 8, 26][13, 18, 17, 28, 16][6, 10, 15, 5, 21][11, 3, 4, 24, 20][1, 9, 14, 23][2, 29, 27][25, 7, 27][2, 16][0, 18][2, 15][7, 20][1, 24] 
[12, 22, 0, 19, 8, 26][13, 18, 17, 28, 16][11, 3, 4, 24, 20][6, 10, 15, 5, 21][1, 9, 14, 23][2, 29, 27][25, 7, 27][0, 18][2, 16][7, 20][1, 24][2, 15] 
[12, 22, 0, 19, 8, 26][6, 10, 15, 5, 21][11, 3, 4, 24, 20][13, 18, 17, 28, 16][1, 9, 14, 23][2, 29, 27][25, 7, 27][2, 15][7, 20][1, 24][2, 16][0, 18] 
[12, 22, 0, 19, 8, 26][6, 10, 15, 5, 21][13, 18, 17, 28, 16][11, 3, 4, 24, 20][1, 9, 14, 23][25, 7, 27][2, 29, 27][22, 25][2, 15][0, 18][7, 20][1, 24] 
[12, 22, 0, 19, 8, 26][6, 10, 15, 5, 21][11, 3, 4, 24, 20][13, 18, 17, 28, 16][1, 9, 14, 23][2, 29, 27][25, 7, 27][2, 15][7, 20][2, 16][0, 18][1, 24] 
[12, 22, 0, 19, 8, 26][11, 3, 4, 24, 20][6, 10, 15, 5, 21][13, 18, 17, 28, 16][1, 9, 14, 23][25, 7, 27][2, 29, 27][7, 20][2, 15][2, 16][1, 24][0, 18] 
[12, 22, 0, 19, 8, 26][6, 10, 15, 5, 21][11, 3, 4, 24, 20][13, 18, 17, 28, 16][1, 9, 14, 23][2, 29, 27][25, 7, 27][2, 15][7, 20][2, 16][0, 18][1, 24] 
[12, 22, 0, 19, 8, 26][6, 10, 15, 5, 21][11, 3, 4, 24, 20][13, 18, 17, 28, 16][1, 9, 14, 23][2, 29, 27][25, 7, 27][2, 15][7, 20][1, 24][2, 16][0, 18] 
[12, 22, 0, 19, 8, 26][13, 18, 17, 28, 16][6, 10, 15, 5, 21][11, 3, 4, 24, 20][1, 9, 14, 23][2, 29, 27][25, 7, 27][2, 16][0, 18][2, 15][7, 20][1, 24] 
[12, 22, 0, 19, 8, 26][13, 18, 17, 28, 16][11, 3, 4, 24, 20][6, 10, 15, 5, 21][1, 9, 14, 23][2, 29, 27][25, 7, 27][0, 18][2, 16][7, 20][1, 24][2, 15] 
[12, 22, 0, 19, 8, 26][11, 3, 4, 24, 20][13, 18, 17, 28, 16][6, 10, 15, 5, 21][1, 9, 14, 23][25, 7, 27][2, 29, 27][7, 20][2, 16][0, 18][2, 15][1, 24] 
[12, 22, 0, 19, 8, 26][11, 3, 4, 24, 20][6, 10, 15, 5, 21][13, 18, 17, 28, 16][1, 9, 14, 23][25, 7, 27][2, 29, 27][1, 24][7, 20][2, 15][2, 16][0, 18] 
[12, 22, 0, 19, 8, 26][11, 3, 4, 24, 20][6, 10, 15, 5, 21][13, 18, 17, 28, 16][1, 9, 14, 23][25, 7, 27][2, 29, 27][1, 24][7, 20][2, 15][2, 16][0, 18] 
[12, 22, 0, 19, 8, 26][11, 3, 4, 24, 20][6, 10, 15, 5, 21][13, 18, 17, 28, 16][1, 9, 14, 23][25, 7, 27][2, 29, 27][1, 24][7, 20][2, 15][2, 16][0, 18] 
[12, 22, 0, 19, 8, 26][11, 3, 4, 24, 20][13, 18, 17, 28, 16][6, 10, 15, 5, 21][1, 9, 14, 23][25, 7, 27][2, 29, 27][7, 20][2, 16][0, 18][2, 15][1, 24] 
[12, 22, 0, 19, 8, 26][11, 3, 4, 24, 20][6, 10, 15, 5, 21][13, 18, 17, 28, 16][1, 9, 14, 23][25, 7, 27][2, 29, 27][1, 24][7, 20][2, 15][2, 16][0, 18] 
[7, 10, 21, 15, 5, 6, 13, 18, 12, 22, 0, 19, 8, 26][25, 11, 3, 24, 20, 23, 14, 9, 1, 4, 7, 27, 29][2, 16, 28, 17, 18, 13][16, 28, 17][16, 28, 17][2, 16][16, 28][16, 28][2, 16][2, 16][16, 28][16, 28] 
[7, 10, 21, 15, 5, 6, 13, 18, 12, 22, 0, 19, 8, 26][25, 11, 3, 24, 20, 23, 14, 9, 1, 4, 7, 27, 29][2, 16, 28, 17, 18, 13][12, 22][7, 20][2, 16][14, 23][16, 28][14, 23][2, 16][20, 24][7, 10] 
[7, 10, 21, 15, 5, 6, 13, 18, 12, 22, 0, 19, 8, 26][25, 11, 3, 24, 20, 23, 14, 9, 1, 4, 7, 27, 29][2, 16, 28, 17, 18, 13][2, 16, 28, 17, 18, 13][16, 28, 17][16, 28, 17][16, 28, 17][27, 29][2, 16][27, 29][2, 16][2, 16] 
[10, 21, 15, 5, 6, 13, 18, 12, 17, 22, 0, 19, 8, 26][25, 11, 3, 24, 20, 23, 14, 9, 1, 4, 7, 27, 29][6, 10, 29, 15, 5, 21][2, 16, 28, 17, 18, 13][6, 10, 15, 21][10, 21][4, 7][2, 16][27, 29][27, 29][5, 21][0, 22] 
[25, 11, 3, 24, 20, 23, 14, 9, 1, 4, 7, 27, 29][7, 10, 21, 15, 5, 6, 13, 18, 12, 22][2, 16, 28, 17, 18, 13][12, 22, 0, 19, 8, 26][1, 9, 14, 23][16, 28][7, 27][2, 16][27, 29][14, 23][16, 28][2, 16] 
[25, 11, 3, 24, 20, 23, 14, 9, 1, 4, 7, 27, 29][10, 15, 6, 13, 18, 12, 22, 0, 19, 8, 26][2, 16, 28, 17, 18, 13][7, 10, 21, 15][2, 16, 28, 17][16, 28, 17][16, 28, 17][16, 28][2, 16][16, 28][5, 21][2, 16] 
[7, 10, 21, 15, 5, 6, 13, 18, 12, 22, 0, 19, 8, 26][25, 11, 3, 24, 20, 23, 14, 9, 1, 4, 7, 27, 29][2, 16, 28, 17, 18, 13][12, 22][7, 20][2, 16][14, 23][16, 28][14, 23][2, 16][20, 24][7, 10] 
[7, 10, 15, 5, 6, 13, 18, 12, 22, 0, 19, 8, 26][25, 11, 3, 24, 20, 23, 14, 9, 1, 4, 7, 27, 29][2, 16, 28, 17, 18, 13][2, 16, 28, 17][7, 10, 21, 15][16, 28, 17][16, 28][16, 28][2, 16][2, 16][2, 16][16, 28] 
[25, 11, 3, 24, 20, 23, 14, 9, 1, 4, 7, 27, 29][15, 5, 6, 13, 18, 12, 22, 0, 19, 8, 26][2, 16, 28, 17, 18, 13][1, 4, 7, 27, 29][7, 10, 21, 15][2, 16][16, 28][2, 16][27, 29][2, 16][16, 28][2, 16] 
[7, 10, 15, 5, 6, 13, 18, 12, 22, 0, 19, 8, 26][25, 11, 3, 24, 20, 23, 14, 9, 1, 4, 7, 27, 29][2, 16, 28, 17, 18, 13][2, 16, 28, 17][7, 10, 21, 15][16, 28, 17][16, 28][16, 28][2, 16][2, 16][2, 16][16, 28] 
[7, 10, 15, 5, 6, 13, 18, 12, 22, 0, 19, 8, 26][25, 11, 3, 24, 20, 23, 14, 9, 1, 4, 7, 27, 29][2, 16, 28, 17, 18, 13][7, 10, 15][7, 10, 21][16, 28, 17][16, 28][16, 28][2, 16][16, 28][2, 16][16, 28] 
[7, 10, 21, 15, 5, 6, 13, 18, 12, 22, 0, 19, 8, 26][25, 11, 3, 24, 20, 23, 14, 9, 1, 4, 7, 27, 29][2, 16, 28, 17, 18, 13][2, 16, 28, 17][16, 28, 17][16, 28, 17][16, 28, 17][16, 28][16, 28][16, 28][2, 16][2, 16] 
[10, 21, 15, 5, 6, 13, 18, 12, 22, 0, 19, 8, 26][25, 11, 3, 24, 20, 23, 14, 9, 1, 4, 7, 27][2, 16, 28, 17, 18][2, 16][16, 28][2, 16][2, 16][27, 29][2, 16][7, 10][16, 28][2, 16] 
[7, 10, 15, 5, 6, 13, 18, 12, 22, 0, 19, 8, 26][25, 11, 3, 24, 20, 23, 14, 9, 1, 4, 7, 27, 29][2, 16, 28, 17, 18, 13][7, 10, 15][7, 10, 21][16, 28, 17][16, 28][16, 28][2, 16][16, 28][2, 16][16, 28] 
[7, 10, 21, 15, 5, 6, 13, 18, 12, 22, 0, 19, 8, 26][25, 11, 3, 24, 20, 23, 14, 9, 1, 4, 7, 27, 29][2, 16, 28, 17, 18, 13][2, 16, 28, 17, 18, 13][2, 16, 28, 17][16, 28, 17][16, 28][2, 16][27, 29][16, 28][27, 29][2, 16] 
[7, 10, 21, 15, 5, 6, 13, 18, 12, 22, 0, 19, 8, 26][25, 11, 3, 24, 20, 23, 14, 9, 1, 4, 7, 27, 29][2, 16, 28, 17, 18, 13][7, 10, 21, 15][2, 16, 28, 17][2, 16, 28, 17][16, 28, 17][16, 28, 17][16, 28][16, 28][16, 28][2, 16] 
[7, 10, 21, 15, 5, 6, 13, 18, 12, 22, 0, 19, 8, 26][25, 11, 3, 24, 20, 23, 14, 9, 1, 4, 7, 27, 29][2, 16, 28, 17, 18, 13][2, 16, 28, 17][16, 28, 17][16, 28, 17][16, 28, 17][2, 16][2, 16][16, 28][2, 16][27, 29] 
[7, 10, 21, 15, 5, 6, 13, 18, 12, 22, 0, 19, 8, 26][25, 11, 3, 23, 9, 1, 4, 7, 27, 29][2, 16, 28, 17, 18, 13][14, 23, 20, 24][2, 16, 28][16, 28, 17][4, 7][2, 16][2, 16][2, 16][2, 16][2, 16] 
[7, 10, 21, 15, 5, 6, 13, 18, 12, 22, 0, 19, 8, 26][25, 11, 3, 24, 20, 23, 14, 9, 1, 4, 7, 27, 29][2, 16, 28, 17, 18, 13][16, 28, 17][16, 28, 17][2, 16][16, 28][16, 28][2, 16][2, 16][16, 28][16, 28] 
[7, 10, 21, 15, 5, 6, 13, 18, 12, 22, 0, 19, 8, 26][25, 11, 3, 24, 20, 23, 14, 9, 1, 4, 7, 27, 29][2, 16, 28, 17, 18, 13][2, 16, 28, 17][16, 28, 17][7, 10, 21][16, 28][2, 16][16, 28][16, 28][2, 16][7, 10] 
[7, 10, 21, 15, 5, 6, 13, 18, 12, 22, 0, 19, 8, 26][25, 11, 3, 24, 20, 23, 14, 9, 1, 4, 7, 27, 29][2, 16, 28, 17, 18, 13][2, 16, 28, 17][16, 28, 17][7, 10, 21][16, 28][2, 16][16, 28][16, 28][2, 16][7, 10] 
[12, 22, 0, 19, 8, 26][13, 18, 17, 28, 16][6, 10, 15, 5, 21][11, 3, 4, 24, 20][1, 9, 14, 23][25, 7, 27][2, 29, 27][0, 18][22, 25][2, 15][7, 20][1, 24] 
[12, 22, 0, 19, 8, 26][6, 10, 15, 5, 21][13, 18, 17, 28, 16][11, 3, 4, 24, 20][1, 9, 14, 23][2, 29, 27][25, 7, 27][22, 25][2, 15][0, 18][7, 20][1, 24] 
[12, 22, 0, 19, 8, 26][6, 10, 15, 5, 21][13, 18, 17, 28, 16][11, 3, 4, 24, 20][1, 9, 14, 23][25, 7, 27][2, 29, 27][22, 25][2, 15][0, 18][7, 20][1, 24] 
[12, 22, 0, 19, 8, 26][11, 3, 4, 24, 20][6, 10, 15, 5, 21][13, 18, 17, 28, 16][1, 9, 14, 23][25, 7, 27][2, 29, 27][1, 24][7, 20][2, 15][22, 25][0, 18] 
[12, 22, 0, 19, 8, 26][11, 3, 4, 24, 20][6, 10, 15, 5, 21][13, 18, 17, 28, 16][1, 9, 14, 23][25, 7, 27][2, 29, 27][1, 24][7, 20][22, 25][2, 15][0, 18] 
[12, 22, 0, 19, 8, 26][13, 18, 17, 28, 16][6, 10, 15, 5, 21][11, 3, 4, 24, 20][1, 9, 14, 23][25, 7, 27][2, 29, 27][0, 18][22, 25][2, 15][7, 20][1, 24] 
[12, 22, 0, 19, 8, 26][6, 10, 15, 5, 21][11, 3, 4, 24, 20][13, 18, 17, 28, 16][1, 9, 14, 23][2, 29, 27][25, 7, 27][2, 15][7, 20][1, 24][22, 25][0, 18] 
[12, 22, 0, 19, 8, 26][11, 3, 4, 24, 20][6, 10, 15, 5, 21][13, 18, 17, 28, 16][1, 9, 14, 23][25, 7, 27][2, 29, 27][1, 24][7, 20][2, 15][22, 25][0, 18] 
[12, 22, 0, 19, 8, 26][6, 10, 15, 5, 21][11, 3, 4, 24, 20][13, 18, 17, 28, 16][1, 9, 14, 23][25, 7, 27][2, 29, 27][22, 25][2, 15][7, 20][0, 18][1, 24] 
[12, 22, 0, 19, 8, 26][11, 3, 4, 24, 20][13, 18, 17, 28, 16][6, 10, 15, 5, 21][1, 9, 14, 23][25, 7, 27][2, 29, 27][7, 20][1, 24][22, 25][0, 18][2, 15] 
[12, 22, 0, 19, 8, 26][13, 18, 17, 28, 16][11, 3, 4, 24, 20][6, 10, 15, 5, 21][1, 9, 14, 23][25, 7, 27][2, 29, 27][0, 18][22, 25][7, 20][2, 15][1, 24] 
[12, 22, 0, 19, 8, 26][11, 3, 4, 24, 20][6, 10, 15, 5, 21][13, 18, 17, 28, 16][1, 9, 14, 23][25, 7, 27][2, 29, 27][7, 20][22, 25][2, 15][0, 18][1, 24] 
[12, 22, 0, 19, 8, 26][6, 10, 15, 5, 21][11, 3, 4, 24, 20][13, 18, 17, 28, 16][1, 9, 14, 23][2, 29, 27][25, 7, 27][2, 15][7, 20][1, 24][22, 25][0, 18] 
[12, 22, 0, 19, 8, 26][6, 10, 15, 5, 21][11, 3, 4, 24, 20][13, 18, 17, 28, 16][1, 9, 14, 23][25, 7, 27][2, 29, 27][22, 25][2, 15][7, 20][0, 18][1, 24] 
[12, 22, 0, 19, 8, 26][6, 10, 15, 5, 21][11, 3, 4, 24, 20][13, 18, 17, 28, 16][1, 9, 14, 23][2, 29, 27][25, 7, 27][2, 15][7, 20][1, 24][22, 25][0, 18] 
[12, 22, 0, 19, 8, 26][6, 10, 15, 5, 21][11, 3, 4, 24, 20][13, 18, 17, 28, 16][1, 9, 14, 23][25, 7, 27][2, 29, 27][2, 16][2, 15][0, 18][7, 20][1, 24] 
[12, 22, 0, 19, 8, 26][6, 10, 15, 5, 21][11, 3, 4, 24, 20][13, 18, 17, 28, 16][1, 9, 14, 23][2, 29, 27][25, 7, 27][2, 15][7, 20][2, 16][1, 24][0, 18] 
[12, 22, 0, 19, 8, 26][11, 3, 4, 24, 20][13, 18, 17, 28, 16][6, 10, 15, 5, 21][1, 9, 14, 23][25, 7, 27][2, 29, 27][1, 24][7, 20][2, 16][0, 18][2, 15] 
[12, 22, 0, 19, 8, 26][13, 18, 17, 28, 16][11, 3, 4, 24, 20][6, 10, 15, 5, 21][1, 9, 14, 23][2, 29, 27][25, 7, 27][0, 18][2, 16][7, 20][1, 24][2, 15] 
[12, 22, 0, 19, 8, 26][13, 18, 17, 28, 16][11, 3, 4, 24, 20][6, 10, 15, 5, 21][1, 9, 14, 23][2, 29, 27][25, 7, 27][0, 18][2, 16][7, 20][1, 24][2, 15] 
[12, 22, 0, 19, 8, 26][2, 16, 28, 17, 18, 13][11, 3, 4, 24, 20][6, 10, 15, 5, 21][1, 9, 14, 23][25, 7, 27][22, 25][27, 29][7, 20][15, 29][1, 24][0, 18] 
[12, 22, 0, 19, 8, 26][11, 3, 4, 24, 20][6, 10, 15, 5, 21][13, 18, 17, 28, 16][1, 9, 14, 23][25, 7, 27][2, 29, 27][7, 20][2, 15][1, 24][22, 25][0, 18] 
[12, 22, 0, 19, 8, 26][6, 10, 15, 5, 21][11, 3, 4, 24, 20][13, 18, 17, 28, 16][1, 9, 14, 23][2, 29, 27][25, 7, 27][2, 15][22, 25][7, 20][0, 18][1, 24] 
[12, 22, 0, 19, 8, 26][11, 3, 4, 24, 20][6, 10, 15, 5, 21][13, 18, 17, 28, 16][1, 9, 14, 23][25, 7, 27][2, 29, 27][7, 20][22, 25][2, 15][1, 24][0, 18] 
[12, 22, 0, 19, 8, 26][11, 3, 4, 24, 20][13, 18, 17, 28, 16][6, 10, 15, 5, 21][1, 9, 14, 23][25, 7, 27][2, 29, 27][1, 24][7, 20][22, 25][0, 18][2, 15] 
[12, 22, 0, 19, 8, 26][11, 3, 4, 24, 20][6, 10, 15, 5, 21][13, 18, 17, 28, 16][1, 9, 14, 23][25, 7, 27][2, 29, 27][1, 24][7, 20][22, 25][2, 15][0, 18] 
[12, 22, 0, 19, 8, 26][13, 18, 17, 28, 16][11, 3, 4, 24, 20][6, 10, 15, 5, 21][1, 9, 14, 23][2, 29, 27][25, 7, 27][0, 18][2, 16][7, 20][2, 15][1, 24] 
[12, 22, 0, 19, 8, 26][6, 10, 15, 5, 21][11, 3, 4, 24, 20][13, 18, 17, 28, 16][1, 9, 14, 23][25, 7, 27][2, 29, 27][2, 15][22, 25][7, 20][1, 24][0, 18] 
[12, 22, 0, 19, 8, 26][11, 3, 4, 24, 20][6, 10, 15, 5, 21][13, 18, 17, 28, 16][1, 9, 14, 23][25, 7, 27][2, 29, 27][7, 20][2, 15][2, 16][1, 24][0, 18] 
[12, 22, 0, 19, 8, 26][13, 18, 17, 28, 16][11, 3, 4, 24, 20][6, 10, 15, 5, 21][1, 9, 14, 23][2, 29, 27][25, 7, 27][0, 18][2, 16][7, 20][1, 24][2, 15] 
[12, 22, 0, 19, 8, 26][11, 3, 4, 24, 20][6, 10, 15, 5, 21][13, 18, 17, 28, 16][1, 9, 14, 23][2, 29, 27][25, 7, 27][7, 20][2, 15][2, 16][1, 24][0, 18] 
[12, 22, 0, 19, 8, 26][6, 10, 15, 5, 21][13, 18, 17, 28, 16][11, 3, 4, 24, 20][1, 9, 14, 23][2, 29, 27][25, 7, 27][2, 15][2, 16][0, 18][7, 20][1, 24] 
[12, 22, 0, 19, 8, 26][13, 18, 17, 28, 16][6, 10, 15, 5, 21][11, 3, 4, 24, 20][1, 9, 14, 23][2, 29, 27][25, 7, 27][0, 18][2, 16][2, 15][7, 20][1, 24] 
[12, 22, 0, 19, 8, 26][13, 18, 17, 28, 16][11, 3, 4, 24, 20][6, 10, 15, 5, 21][1, 9, 14, 23][2, 29, 27][25, 7, 27][2, 16][7, 20][2, 15][1, 24][0, 18] 
[12, 22, 0, 19, 8, 26][6, 10, 15, 5, 21][13, 18, 17, 28, 16][11, 3, 4, 24, 20][1, 9, 14, 23][2, 29, 27][25, 7, 27][2, 15][2, 16][0, 18][7, 20][1, 24] 
[12, 22, 0, 19, 8, 26][13, 18, 17, 28, 16][6, 10, 15, 5, 21][11, 3, 4, 24, 20][1, 9, 14, 23][2, 29, 27][25, 7, 27][0, 18][2, 16][2, 15][7, 20][1, 24] 
[12, 22, 0, 19, 8, 26][6, 10, 15, 5, 21][13, 18, 17, 28, 16][11, 3, 4, 24, 20][1, 9, 14, 23][2, 29, 27][25, 7, 27][2, 15][2, 16][0, 18][7, 20][1, 24] 
[12, 22, 0, 19, 8, 26][6, 10, 15, 5, 21][11, 3, 4, 24, 20][13, 18, 17, 28, 16][1, 9, 14, 23][2, 29, 27][25, 7, 27][2, 15][7, 20][2, 16][0, 18][1, 24] 
[12, 22, 0, 19, 8, 26][6, 10, 15, 5, 21][13, 18, 17, 28, 16][11, 3, 4, 24, 20][1, 9, 14, 23][2, 29, 27][25, 7, 27][2, 15][2, 16][0, 18][7, 20][1, 24] 
[12, 22, 0, 19, 8, 26][13, 18, 17, 28, 16][6, 10, 15, 5, 21][11, 3, 4, 24, 20][1, 9, 14, 23][2, 29, 27][25, 7, 27][0, 18][2, 16][2, 15][7, 20][1, 24] 
[12, 22, 0, 19, 8, 26][11, 3, 4, 24, 20][13, 18, 17, 28, 16][6, 10, 15, 5, 21][1, 9, 14, 23][25, 7, 27][2, 29, 27][7, 20][2, 16][0, 18][2, 15][1, 24] 
[12, 22, 0, 19, 8, 26][13, 18, 17, 28, 16][6, 10, 15, 5, 21][11, 3, 4, 24, 20][1, 9, 14, 23][2, 29, 27][25, 7, 27][2, 16][2, 15][7, 20][1, 24][0, 18] 
[12, 22, 0, 19, 8, 26][6, 10, 15, 5, 21][11, 3, 4, 24, 20][13, 18, 17, 28, 16][1, 9, 14, 23][2, 29, 27][25, 7, 27][2, 15][7, 20][1, 24][2, 16][0, 18] 
[12, 22, 0, 19, 8, 26][6, 10, 29, 15, 5, 21][2, 16, 28, 17, 18, 13][11, 3, 4, 24, 20][1, 9, 14, 23][25, 7, 27][0, 18][16, 28][22, 25][27, 29][7, 20][1, 24] 
[6, 10, 29, 15, 5, 21][12, 22, 0, 19, 8, 26][2, 16, 28, 17, 18, 13][11, 3, 4, 24, 20][1, 9, 14, 23][25, 7, 27][27, 29][22, 25][7, 20][0, 18][16, 28][1, 24] 
[6, 10, 29, 15, 5, 21][12, 22, 0, 19, 8, 26][2, 16, 28, 17, 18, 13][11, 3, 4, 24, 20][1, 9, 14, 23][25, 7, 27][27, 29][22, 25][7, 20][0, 18][16, 28][1, 24] 
[12, 22, 0, 19, 8, 26][6, 10, 29, 15, 5, 21][2, 16, 28, 17, 18, 13][11, 3, 4, 24, 20][1, 9, 14, 23][25, 7, 27][1, 24][7, 20][27, 29][22, 25][0, 18][16, 28] 
[12, 22, 0, 19, 8, 26][6, 10, 29, 15, 5, 21][2, 16, 28, 17, 18, 13][11, 3, 4, 24, 20][1, 9, 14, 23][25, 7, 27][0, 18][16, 28][22, 25][7, 20][27, 29][1, 24] 
[12, 22, 0, 19, 8, 26][6, 10, 29, 15, 5, 21][2, 16, 28, 17, 18, 13][11, 3, 4, 24, 20][1, 9, 14, 23][25, 7, 27][22, 25][2, 29][0, 18][7, 20][1, 24][16, 28] 
[12, 22, 0, 19, 8, 26][13, 18, 17, 28, 16][6, 10, 15, 5, 21][11, 3, 4, 24, 20][1, 9, 14, 23][25, 7, 27][2, 29, 27][0, 18][22, 25][2, 15][7, 20][1, 24] 
[12, 22, 0, 19, 8, 26][13, 18, 17, 28, 16][6, 10, 15, 5, 21][11, 3, 4, 24, 20][1, 9, 14, 23][25, 7, 27][2, 29, 27][0, 18][22, 25][2, 15][7, 20][1, 24] 
[12, 22, 0, 19, 8, 26][11, 3, 4, 24, 20][6, 10, 15, 5, 21][13, 18, 17, 28, 16][1, 9, 14, 23][25, 7, 27][2, 29, 27][7, 20][2, 15][22, 25][0, 18][1, 24] 
[12, 22, 0, 19, 8, 26][11, 3, 4, 24, 20][13, 18, 17, 28, 16][6, 10, 15, 5, 21][1, 9, 14, 23][25, 7, 27][2, 29, 27][22, 25][7, 20][1, 24][0, 18][2, 15] 
[12, 22, 0, 19, 8, 26][11, 3, 4, 24, 20][6, 10, 15, 5, 21][13, 18, 17, 28, 16][1, 9, 14, 23][25, 7, 27][2, 29, 27][1, 24][7, 20][2, 15][22, 25][0, 18] 
[12, 22, 0, 19, 8, 26][6, 10, 15, 5, 21][11, 3, 4, 24, 20][13, 18, 17, 28, 16][1, 9, 14, 23][25, 7, 27][2, 29, 27][2, 16][2, 15][0, 18][7, 20][1, 24] 
[12, 22, 0, 19, 8, 26][11, 3, 4, 24, 20][6, 10, 15, 5, 21][13, 18, 17, 28, 16][1, 9, 14, 23][25, 7, 27][2, 29, 27][1, 24][7, 20][22, 25][2, 15][0, 18] 
