[13, 43, 17, 10, 28, 8, 56, 51, 35, 58][41, 57, 35, 34, 25, 4, 12, 27, 67, 65][9, 49, 11, 59, 68, 1, 16, 55, 20, 43][31, 11, 15, 42, 49, 26, 62, 30, 24, 63][7, 46, 53, 47, 6, 63, 30, 21, 62, 24][23, 50, 13, 22, 33, 20, 10, 28, 8, 52][5, 65, 39, 32, 37, 67, 27, 25, 34, 45][5, 54, 38, 19, 18, 66, 29, 3, 48, 69][36, 19, 29, 3, 0, 2, 14, 61, 60, 44][40, 53, 46, 7, 47, 6, 63, 24, 30, 42][51, 64, 52, 8, 28, 10, 59, 9, 17, 55][23, 50, 13, 22, 33, 20, 10, 28, 8, 52][5, 65, 39, 32, 37, 67, 27, 25, 34, 45][5, 65, 39, 32, 37, 67, 27, 25, 34, 45][2, 0, 69, 48, 3, 29, 66, 18, 19, 38] 
[2, 0, 69, 48, 3, 29, 66, 18, 19, 38][36, 19, 29, 3, 0, 2, 14, 61, 60, 44][5, 54, 38, 19, 18, 66, 29, 3, 48, 69][5, 65, 39, 32, 37, 67, 27, 25, 34, 45][41, 57, 35, 34, 25, 4, 12, 27, 67, 65][13, 43, 17, 10, 28, 8, 56, 51, 35, 58][9, 49, 11, 59, 68, 1, 16, 55, 20, 43][31, 11, 15, 42, 49, 26, 62, 30, 24, 63][7, 46, 53, 47, 6, 63, 30, 21, 62, 24][23, 50, 13, 22, 33, 20, 10, 28, 8, 52][40, 53, 46, 7, 47, 6, 63, 24, 30, 42][51, 64, 52, 8, 28, 10, 59, 9, 17, 55][7, 46, 53, 47, 6, 63, 30, 21, 62, 24][2, 0, 69, 48, 3, 29, 66, 18, 19, 38][13, 43, 17, 10, 28, 8, 56, 51, 35, 58] 
[2, 0, 69, 48, 3, 29, 66, 18, 19, 38][36, 19, 29, 3, 0, 2, 14, 61, 60, 44][5, 54, 38, 19, 18, 66, 29, 3, 48, 69][5, 65, 39, 32, 37, 67, 27, 25, 34, 45][41, 57, 35, 34, 25, 4, 12, 27, 67, 65][13, 43, 17, 10, 28, 8, 56, 51, 35, 58][9, 49, 11, 59, 68, 1, 16, 55, 20, 43][31, 11, 15, 42, 49, 26, 62, 30, 24, 63][7, 46, 53, 47, 6, 63, 30, 21, 62, 24][23, 50, 13, 22, 33, 20, 10, 28, 8, 52][40, 53, 46, 7, 47, 6, 63, 24, 30, 42][51, 64, 52, 8, 28, 10, 59, 9, 17, 55][7, 46, 53, 47, 6, 63, 30, 21, 62, 24][2, 0, 69, 48, 3, 29, 66, 18, 19, 38][13, 43, 17, 10, 28, 8, 56, 51, 35, 58] 
[36, 19, 29, 3, 0, 2, 14, 61, 60, 44][5, 54, 38, 19, 18, 66, 29, 3, 48, 69][5, 65, 39, 32, 37, 67, 27, 25, 34, 45][41, 57, 35, 34, 25, 4, 12, 27, 67, 65][13, 43, 17, 10, 28, 8, 56, 51, 35, 58][9, 49, 11, 59, 68, 1, 16, 55, 20, 43][31, 11, 15, 42, 49, 26, 62, 30, 24, 63][7, 46, 53, 47, 6, 63, 30, 21, 62, 24][23, 50, 13, 22, 33, 20, 10, 28, 8, 52][40, 53, 46, 7, 47, 6, 63, 24, 30, 42][51, 64, 52, 8, 28, 10, 59, 9, 17, 55][5, 54, 38, 19, 18, 66, 29, 3, 48, 69][5, 65, 39, 32, 37, 67, 27, 25, 34, 45][5, 54, 38, 19, 18, 66, 29, 3, 48, 69][5, 54, 38, 19, 18, 66, 29, 3, 48, 69] 
[40, 53, 46, 7, 47, 6, 63, 24, 30, 42][31, 11, 15, 42, 49, 26, 62, 30, 24, 63][9, 49, 11, 59, 68, 1, 16, 55, 20, 43][13, 43, 17, 10, 28, 8, 56, 51, 35, 58][41, 57, 35, 34, 25, 4, 12, 27, 67, 65][5, 65, 39, 32, 37, 67, 27, 25, 34, 45][5, 54, 38, 19, 18, 66, 29, 3, 48, 69][36, 19, 29, 3, 0, 2, 14, 61, 60, 44][23, 50, 13, 22, 33, 20, 10, 28, 8, 52][7, 46, 53, 47, 6, 63, 30, 21, 62, 24][51, 64, 52, 8, 28, 10, 59, 9, 17, 55][41, 57, 35, 34, 25, 4, 12, 27, 67, 65][41, 57, 35, 34, 25, 4, 12, 27, 67, 65][5, 65, 39, 32, 37, 67, 27, 25, 34, 45][41, 57, 35, 34, 25, 4, 12, 27, 67, 65] 
[9, 49, 11, 59, 68, 1, 16, 55, 20, 43][13, 43, 17, 10, 28, 8, 56, 51, 35, 58][41, 57, 35, 34, 25, 4, 12, 27, 67, 65][31, 11, 15, 42, 49, 26, 62, 30, 24, 63][7, 46, 53, 47, 6, 63, 30, 21, 62, 24][23, 50, 13, 22, 33, 20, 10, 28, 8, 52][5, 65, 39, 32, 37, 67, 27, 25, 34, 45][5, 54, 38, 19, 18, 66, 29, 3, 48, 69][36, 19, 29, 3, 0, 2, 14, 61, 60, 44][51, 64, 52, 8, 28, 10, 59, 9, 17, 55][40, 53, 46, 7, 47, 6, 63, 24, 30, 42][7, 46, 53, 47, 6, 63, 30, 21, 62, 24][36, 19, 29, 3, 0, 2, 14, 61, 60, 44][2, 0, 69, 48, 3, 29, 66, 18, 19, 38][36, 19, 29, 3, 0, 2, 14, 61, 60, 44] 
[9, 49, 11, 59, 68, 1, 16, 55, 20, 43][13, 43, 17, 10, 28, 8, 56, 51, 35, 58][41, 57, 35, 34, 25, 4, 12, 27, 67, 65][31, 11, 15, 42, 49, 26, 62, 30, 24, 63][7, 46, 53, 47, 6, 63, 30, 21, 62, 24][23, 50, 13, 22, 33, 20, 10, 28, 8, 52][5, 65, 39, 32, 37, 67, 27, 25, 34, 45][5, 54, 38, 19, 18, 66, 29, 3, 48, 69][36, 19, 29, 3, 0, 2, 14, 61, 60, 44][51, 64, 52, 8, 28, 10, 59, 9, 17, 55][40, 53, 46, 7, 47, 6, 63, 24, 30, 42][7, 46, 53, 47, 6, 63, 30, 21, 62, 24][36, 19, 29, 3, 0, 2, 14, 61, 60, 44][2, 0, 69, 48, 3, 29, 66, 18, 19, 38][36, 19, 29, 3, 0, 2, 14, 61, 60, 44] 
[40, 53, 46, 7, 47, 6, 63, 24, 30, 42][31, 11, 15, 42, 49, 26, 62, 30, 24, 63][9, 49, 11, 59, 68, 1, 16, 55, 20, 43][13, 43, 17, 10, 28, 8, 56, 51, 35, 58][41, 57, 35, 34, 25, 4, 12, 27, 67, 65][5, 65, 39, 32, 37, 67, 27, 25, 34, 45][5, 54, 38, 19, 18, 66, 29, 3, 48, 69][36, 19, 29, 3, 0, 2, 14, 61, 60, 44][23, 50, 13, 22, 33, 20, 10, 28, 8, 52][7, 46, 53, 47, 6, 63, 30, 21, 62, 24][51, 64, 52, 8, 28, 10, 59, 9, 17, 55][41, 57, 35, 34, 25, 4, 12, 27, 67, 65][41, 57, 35, 34, 25, 4, 12, 27, 67, 65][5, 65, 39, 32, 37, 67, 27, 25, 34, 45][41, 57, 35, 34, 25, 4, 12, 27, 67, 65] 
[40, 53, 46, 7, 47, 6, 63, 24, 30, 42][31, 11, 15, 42, 49, 26, 62, 30, 24, 63][9, 49, 11, 59, 68, 1, 16, 55, 20, 43][13, 43, 17, 10, 28, 8, 56, 51, 35, 58][41, 57, 35, 34, 25, 4, 12, 27, 67, 65][5, 65, 39, 32, 37, 67, 27, 25, 34, 45][5, 54, 38, 19, 18, 66, 29, 3, 48, 69][36, 19, 29, 3, 0, 2, 14, 61, 60, 44][23, 50, 13, 22, 33, 20, 10, 28, 8, 52][7, 46, 53, 47, 6, 63, 30, 21, 62, 24][51, 64, 52, 8, 28, 10, 59, 9, 17, 55][41, 57, 35, 34, 25, 4, 12, 27, 67, 65][41, 57, 35, 34, 25, 4, 12, 27, 67, 65][5, 65, 39, 32, 37, 67, 27, 25, 34, 45][41, 57, 35, 34, 25, 4, 12, 27, 67, 65] 
[40, 53, 46, 7, 47, 6, 63, 24, 30, 42][31, 11, 15, 42, 49, 26, 62, 30, 24, 63][9, 49, 11, 59, 68, 1, 16, 55, 20, 43][13, 43, 17, 10, 28, 8, 56, 51, 35, 58][41, 57, 35, 34, 25, 4, 12, 27, 67, 65][5, 65, 39, 32, 37, 67, 27, 25, 34, 45][5, 54, 38, 19, 18, 66, 29, 3, 48, 69][36, 19, 29, 3, 0, 2, 14, 61, 60, 44][23, 50, 13, 22, 33, 20, 10, 28, 8, 52][7, 46, 53, 47, 6, 63, 30, 21, 62, 24][51, 64, 52, 8, 28, 10, 59, 9, 17, 55][41, 57, 35, 34, 25, 4, 12, 27, 67, 65][41, 57, 35, 34, 25, 4, 12, 27, 67, 65][5, 65, 39, 32, 37, 67, 27, 25, 34, 45][41, 57, 35, 34, 25, 4, 12, 27, 67, 65] 
[13, 43, 17, 10, 28, 8, 56, 51, 35, 58][41, 57, 35, 34, 25, 4, 12, 27, 67, 65][9, 49, 11, 59, 68, 1, 16, 55, 20, 43][31, 11, 15, 42, 49, 26, 62, 30, 24, 63][7, 46, 53, 47, 6, 63, 30, 21, 62, 24][23, 50, 13, 22, 33, 20, 10, 28, 8, 52][5, 65, 39, 32, 37, 67, 27, 25, 34, 45][5, 54, 38, 19, 18, 66, 29, 3, 48, 69][36, 19, 29, 3, 0, 2, 14, 61, 60, 44][40, 53, 46, 7, 47, 6, 63, 24, 30, 42][51, 64, 52, 8, 28, 10, 59, 9, 17, 55][23, 50, 13, 22, 33, 20, 10, 28, 8, 52][5, 65, 39, 32, 37, 67, 27, 25, 34, 45][5, 65, 39, 32, 37, 67, 27, 25, 34, 45][2, 0, 69, 48, 3, 29, 66, 18, 19, 38] 
[2, 0, 69, 48, 3, 29, 66, 18, 19, 38][36, 19, 29, 3, 0, 2, 14, 61, 60, 44][5, 54, 38, 19, 18, 66, 29, 3, 48, 69][5, 65, 39, 32, 37, 67, 27, 25, 34, 45][41, 57, 35, 34, 25, 4, 12, 27, 67, 65][13, 43, 17, 10, 28, 8, 56, 51, 35, 58][9, 49, 11, 59, 68, 1, 16, 55, 20, 43][31, 11, 15, 42, 49, 26, 62, 30, 24, 63][7, 46, 53, 47, 6, 63, 30, 21, 62, 24][23, 50, 13, 22, 33, 20, 10, 28, 8, 52][40, 53, 46, 7, 47, 6, 63, 24, 30, 42][51, 64, 52, 8, 28, 10, 59, 9, 17, 55][7, 46, 53, 47, 6, 63, 30, 21, 62, 24][2, 0, 69, 48, 3, 29, 66, 18, 19, 38][13, 43, 17, 10, 28, 8, 56, 51, 35, 58] 
[2, 0, 69, 48, 3, 29, 66, 18, 19, 38][36, 19, 29, 3, 0, 2, 14, 61, 60, 44][5, 54, 38, 19, 18, 66, 29, 3, 48, 69][5, 65, 39, 32, 37, 67, 27, 25, 34, 45][41, 57, 35, 34, 25, 4, 12, 27, 67, 65][13, 43, 17, 10, 28, 8, 56, 51, 35, 58][9, 49, 11, 59, 68, 1, 16, 55, 20, 43][31, 11, 15, 42, 49, 26, 62, 30, 24, 63][7, 46, 53, 47, 6, 63, 30, 21, 62, 24][23, 50, 13, 22, 33, 20, 10, 28, 8, 52][40, 53, 46, 7, 47, 6, 63, 24, 30, 42][51, 64, 52, 8, 28, 10, 59, 9, 17, 55][7, 46, 53, 47, 6, 63, 30, 21, 62, 24][2, 0, 69, 48, 3, 29, 66, 18, 19, 38][13, 43, 17, 10, 28, 8, 56, 51, 35, 58] 
[13, 33, 20, 55, 17, 9, 59, 10, 28, 8, 52, 64, 51][5, 65, 39, 32, 37, 67, 27, 25, 34, 45][5, 54, 38, 19, 18, 66, 29, 3, 48, 69][36, 19, 29, 3, 0, 2, 14, 61, 60, 44][41, 57, 35, 34, 25, 4, 12, 27, 67, 65][13, 43, 17, 10, 28, 8, 56, 51, 35, 58][9, 49, 11, 59, 68, 1, 16, 55, 20, 43][31, 11, 15, 42, 49, 26, 62, 30, 24, 63][40, 53, 46, 7, 47, 6, 63, 24, 30, 42][23, 50, 13, 22, 33, 20, 10, 28, 8, 52][7, 46, 53, 47, 6, 63, 30, 21, 62, 24][40, 53, 46, 7, 47, 6, 63, 24, 30, 42][40, 53, 46, 7, 47, 6, 63, 24, 30, 42][40, 53, 46, 7, 47, 6, 63, 24, 30, 42][41, 57, 35, 34, 25, 4, 12, 27, 67, 65] 
[9, 49, 11, 59, 68, 1, 16, 55, 20, 43][13, 43, 17, 10, 28, 8, 56, 51, 35, 58][41, 57, 35, 34, 25, 4, 12, 27, 67, 65][31, 11, 15, 42, 49, 26, 62, 30, 24, 63][7, 46, 53, 47, 6, 63, 30, 21, 62, 24][23, 50, 13, 22, 33, 20, 10, 28, 8, 52][5, 65, 39, 32, 37, 67, 27, 25, 34, 45][5, 54, 38, 19, 18, 66, 29, 3, 48, 69][36, 19, 29, 3, 0, 2, 14, 61, 60, 44][51, 64, 52, 8, 28, 10, 59, 9, 17, 55][40, 53, 46, 7, 47, 6, 63, 24, 30, 42][7, 46, 53, 47, 6, 63, 30, 21, 62, 24][36, 19, 29, 3, 0, 2, 14, 61, 60, 44][2, 0, 69, 48, 3, 29, 66, 18, 19, 38][36, 19, 29, 3, 0, 2, 14, 61, 60, 44] 
[33, 20, 55, 17, 9, 59, 10, 28, 8, 52, 64, 51][9, 49, 11, 59, 68, 1, 16, 55, 20, 43][31, 11, 15, 42, 49, 26, 62, 30, 24, 63][40, 53, 46, 7, 47, 6, 63, 24, 30, 42][23, 50, 13, 22, 33, 20, 10, 28, 8, 52][13, 43, 17, 10, 28, 8, 56, 51, 35, 58][41, 57, 35, 34, 25, 4, 12, 27, 67, 65][5, 65, 39, 32, 37, 67, 27, 25, 34, 45][5, 54, 38, 19, 18, 66, 29, 3, 48, 69][36, 19, 29, 3, 0, 2, 14, 61, 60, 44][7, 46, 53, 47, 6, 63, 30, 21, 62, 24][41, 57, 35, 34, 25, 4, 12, 27, 67, 65][36, 19, 29, 3, 0, 2, 14, 61, 60, 44][36, 19, 29, 3, 0, 2, 14, 61, 60, 44][40, 53, 46, 7, 47, 6, 63, 24, 30, 42] 
[2, 0, 69, 48, 3, 29, 66, 18, 19, 38][36, 19, 29, 3, 0, 2, 14, 61, 60, 44][5, 54, 38, 19, 18, 66, 29, 3, 48, 69][5, 65, 39, 32, 37, 67, 27, 25, 34, 45][41, 57, 35, 34, 25, 4, 12, 27, 67, 65][13, 43, 17, 10, 28, 8, 56, 51, 35, 58][9, 49, 11, 59, 68, 1, 16, 55, 20, 43][31, 11, 15, 42, 49, 26, 62, 30, 24, 63][40, 53, 46, 7, 47, 6, 63, 24, 30, 42][23, 50, 13, 22, 33, 20, 10, 28, 8, 52][51, 64, 52, 8, 28, 10, 59, 9, 17, 55][7, 46, 53, 47, 6, 63, 30, 21, 62, 24][41, 57, 35, 34, 25, 4, 12, 27, 67, 65][41, 57, 35, 34, 25, 4, 12, 27, 67, 65][41, 57, 35, 34, 25, 4, 12, 27, 67, 65] 
[2, 0, 69, 48, 3, 29, 66, 18, 19, 38][36, 19, 29, 3, 0, 2, 14, 61, 60, 44][5, 54, 38, 19, 18, 66, 29, 3, 48, 69][5, 65, 39, 32, 37, 67, 27, 25, 34, 45][41, 57, 35, 34, 25, 4, 12, 27, 67, 65][13, 43, 17, 10, 28, 8, 56, 51, 35, 58][9, 49, 11, 59, 68, 1, 16, 55, 20, 43][31, 11, 15, 42, 49, 26, 62, 30, 24, 63][7, 46, 53, 47, 6, 63, 30, 21, 62, 24][23, 50, 13, 22, 33, 20, 10, 28, 8, 52][40, 53, 46, 7, 47, 6, 63, 24, 30, 42][51, 64, 52, 8, 28, 10, 59, 9, 17, 55][7, 46, 53, 47, 6, 63, 30, 21, 62, 24][2, 0, 69, 48, 3, 29, 66, 18, 19, 38][13, 43, 17, 10, 28, 8, 56, 51, 35, 58] 
[13, 33, 20, 55, 17, 9, 59, 10, 28, 8, 52, 64, 51][5, 65, 39, 32, 37, 67, 27, 25, 34, 45][5, 54, 38, 19, 18, 66, 29, 3, 48, 69][36, 19, 29, 3, 0, 2, 14, 61, 60, 44][41, 57, 35, 34, 25, 4, 12, 27, 67, 65][13, 43, 17, 10, 28, 8, 56, 51, 35, 58][9, 49, 11, 59, 68, 1, 16, 55, 20, 43][31, 11, 15, 42, 49, 26, 62, 30, 24, 63][40, 53, 46, 7, 47, 6, 63, 24, 30, 42][23, 50, 13, 22, 33, 20, 10, 28, 8, 52][7, 46, 53, 47, 6, 63, 30, 21, 62, 24][40, 53, 46, 7, 47, 6, 63, 24, 30, 42][40, 53, 46, 7, 47, 6, 63, 24, 30, 42][40, 53, 46, 7, 47, 6, 63, 24, 30, 42][41, 57, 35, 34, 25, 4, 12, 27, 67, 65] 
[2, 0, 69, 48, 3, 29, 66, 18, 19, 38][36, 19, 29, 3, 0, 2, 14, 61, 60, 44][5, 54, 38, 19, 18, 66, 29, 3, 48, 69][5, 65, 39, 32, 37, 67, 27, 25, 34, 45][41, 57, 35, 34, 25, 4, 12, 27, 67, 65][13, 43, 17, 10, 28, 8, 56, 51, 35, 58][9, 49, 11, 59, 68, 1, 16, 55, 20, 43][31, 11, 15, 42, 49, 26, 62, 30, 24, 63][40, 53, 46, 7, 47, 6, 63, 24, 30, 42][23, 50, 13, 22, 33, 20, 10, 28, 8, 52][7, 46, 53, 47, 6, 63, 30, 21, 62, 24][51, 64, 52, 8, 28, 10, 59, 9, 17, 55][23, 50, 13, 22, 33, 20, 10, 28, 8, 52][9, 49, 11, 59, 68, 1, 16, 55, 20, 43][41, 57, 35, 34, 25, 4, 12, 27, 67, 65] 
[13, 43, 17, 10, 28, 8, 56, 51, 35, 58][41, 57, 35, 34, 25, 4, 12, 27, 67, 65][9, 49, 11, 59, 68, 1, 16, 55, 20, 43][31, 11, 15, 42, 49, 26, 62, 30, 24, 63][7, 46, 53, 47, 6, 63, 30, 21, 62, 24][23, 50, 13, 22, 33, 20, 10, 28, 8, 52][5, 65, 39, 32, 37, 67, 27, 25, 34, 45][5, 54, 38, 19, 18, 66, 29, 3, 48, 69][36, 19, 29, 3, 0, 2, 14, 61, 60, 44][40, 53, 46, 7, 47, 6, 63, 24, 30, 42][51, 64, 52, 8, 28, 10, 59, 9, 17, 55][23, 50, 13, 22, 33, 20, 10, 28, 8, 52][5, 65, 39, 32, 37, 67, 27, 25, 34, 45][5, 65, 39, 32, 37, 67, 27, 25, 34, 45][2, 0, 69, 48, 3, 29, 66, 18, 19, 38] 
[5, 65, 39, 32, 37, 67, 27, 25, 34, 45][5, 54, 38, 19, 18, 66, 29, 3, 48, 69][36, 19, 29, 3, 0, 2, 14, 61, 60, 44][41, 57, 35, 34, 25, 4, 12, 27, 67, 65][13, 43, 17, 10, 28, 8, 56, 51, 35, 58][9, 49, 11, 59, 68, 1, 16, 55, 20, 43][31, 11, 15, 42, 49, 26, 62, 30, 24, 63][40, 53, 46, 7, 47, 6, 63, 24, 30, 42][23, 50, 13, 22, 33, 20, 10, 28, 8, 52][51, 64, 52, 8, 28, 10, 59, 9, 17, 55][7, 46, 53, 47, 6, 63, 30, 21, 62, 24][23, 50, 13, 22, 33, 20, 10, 28, 8, 52][2, 0, 69, 48, 3, 29, 66, 18, 19, 38][23, 50, 13, 22, 33, 20, 10, 28, 8, 52][5, 54, 38, 19, 18, 66, 29, 3, 48, 69] 
[2, 0, 69, 48, 3, 29, 66, 18, 19, 38][36, 19, 29, 3, 0, 2, 14, 61, 60, 44][5, 54, 38, 19, 18, 66, 29, 3, 48, 69][5, 65, 39, 32, 37, 67, 27, 25, 34, 45][41, 57, 35, 34, 25, 4, 12, 27, 67, 65][13, 43, 17, 10, 28, 8, 56, 51, 35, 58][9, 49, 11, 59, 68, 1, 16, 55, 20, 43][31, 11, 15, 42, 49, 26, 62, 30, 24, 63][7, 46, 53, 47, 6, 63, 30, 21, 62, 24][23, 50, 13, 22, 33, 20, 10, 28, 8, 52][40, 53, 46, 7, 47, 6, 63, 24, 30, 42][51, 64, 52, 8, 28, 10, 59, 9, 17, 55][7, 46, 53, 47, 6, 63, 30, 21, 62, 24][2, 0, 69, 48, 3, 29, 66, 18, 19, 38][13, 43, 17, 10, 28, 8, 56, 51, 35, 58] 
[33, 20, 55, 17, 9, 59, 10, 28, 8, 52, 64, 51][9, 49, 11, 59, 68, 1, 16, 55, 20, 43][31, 11, 15, 42, 49, 26, 62, 30, 24, 63][40, 53, 46, 7, 47, 6, 63, 24, 30, 42][23, 50, 13, 22, 33, 20, 10, 28, 8, 52][13, 43, 17, 10, 28, 8, 56, 51, 35, 58][41, 57, 35, 34, 25, 4, 12, 27, 67, 65][5, 65, 39, 32, 37, 67, 27, 25, 34, 45][5, 54, 38, 19, 18, 66, 29, 3, 48, 69][36, 19, 29, 3, 0, 2, 14, 61, 60, 44][7, 46, 53, 47, 6, 63, 30, 21, 62, 24][41, 57, 35, 34, 25, 4, 12, 27, 67, 65][36, 19, 29, 3, 0, 2, 14, 61, 60, 44][36, 19, 29, 3, 0, 2, 14, 61, 60, 44][40, 53, 46, 7, 47, 6, 63, 24, 30, 42] 
[40, 53, 46, 7, 47, 6, 63, 24, 30, 42][31, 11, 15, 42, 49, 26, 62, 30, 24, 63][9, 49, 11, 59, 68, 1, 16, 55, 20, 43][13, 43, 17, 10, 28, 8, 56, 51, 35, 58][41, 57, 35, 34, 25, 4, 12, 27, 67, 65][5, 65, 39, 32, 37, 67, 27, 25, 34, 45][5, 54, 38, 19, 18, 66, 29, 3, 48, 69][36, 19, 29, 3, 0, 2, 14, 61, 60, 44][23, 50, 13, 22, 33, 20, 10, 28, 8, 52][7, 46, 53, 47, 6, 63, 30, 21, 62, 24][51, 64, 52, 8, 28, 10, 59, 9, 17, 55][41, 57, 35, 34, 25, 4, 12, 27, 67, 65][41, 57, 35, 34, 25, 4, 12, 27, 67, 65][5, 65, 39, 32, 37, 67, 27, 25, 34, 45][41, 57, 35, 34, 25, 4, 12, 27, 67, 65] 
[40, 53, 46, 7, 47, 6, 63, 24, 30, 42][31, 11, 15, 42, 49, 26, 62, 30, 24, 63][9, 49, 11, 59, 68, 1, 16, 55, 20, 43][13, 43, 17, 10, 28, 8, 56, 51, 35, 58][41, 57, 35, 34, 25, 4, 12, 27, 67, 65][5, 65, 39, 32, 37, 67, 27, 25, 34, 45][5, 54, 38, 19, 18, 66, 29, 3, 48, 69][36, 19, 29, 3, 0, 2, 14, 61, 60, 44][23, 50, 13, 22, 33, 20, 10, 28, 8, 52][7, 46, 53, 47, 6, 63, 30, 21, 62, 24][51, 64, 52, 8, 28, 10, 59, 9, 17, 55][41, 57, 35, 34, 25, 4, 12, 27, 67, 65][41, 57, 35, 34, 25, 4, 12, 27, 67, 65][5, 65, 39, 32, 37, 67, 27, 25, 34, 45][41, 57, 35, 34, 25, 4, 12, 27, 67, 65] 
[2, 0, 69, 48, 3, 29, 66, 18, 19, 38][36, 19, 29, 3, 0, 2, 14, 61, 60, 44][5, 54, 38, 19, 18, 66, 29, 3, 48, 69][5, 65, 39, 32, 37, 67, 27, 25, 34, 45][41, 57, 35, 34, 25, 4, 12, 27, 67, 65][13, 43, 17, 10, 28, 8, 56, 51, 35, 58][9, 49, 11, 59, 68, 1, 16, 55, 20, 43][31, 11, 15, 42, 49, 26, 62, 30, 24, 63][40, 53, 46, 7, 47, 6, 63, 24, 30, 42][23, 50, 13, 22, 33, 20, 10, 28, 8, 52][51, 64, 52, 8, 28, 10, 59, 9, 17, 55][7, 46, 53, 47, 6, 63, 30, 21, 62, 24][41, 57, 35, 34, 25, 4, 12, 27, 67, 65][41, 57, 35, 34, 25, 4, 12, 27, 67, 65][41, 57, 35, 34, 25, 4, 12, 27, 67, 65] 
[2, 0, 69, 48, 3, 29, 66, 18, 19, 38][36, 19, 29, 3, 0, 2, 14, 61, 60, 44][5, 54, 38, 19, 18, 66, 29, 3, 48, 69][5, 65, 39, 32, 37, 67, 27, 25, 34, 45][41, 57, 35, 34, 25, 4, 12, 27, 67, 65][13, 43, 17, 10, 28, 8, 56, 51, 35, 58][9, 49, 11, 59, 68, 1, 16, 55, 20, 43][31, 11, 15, 42, 49, 26, 62, 30, 24, 63][7, 46, 53, 47, 6, 63, 30, 21, 62, 24][23, 50, 13, 22, 33, 20, 10, 28, 8, 52][40, 53, 46, 7, 47, 6, 63, 24, 30, 42][51, 64, 52, 8, 28, 10, 59, 9, 17, 55][7, 46, 53, 47, 6, 63, 30, 21, 62, 24][2, 0, 69, 48, 3, 29, 66, 18, 19, 38][13, 43, 17, 10, 28, 8, 56, 51, 35, 58] 
[9, 49, 11, 59, 68, 1, 16, 55, 20, 43][13, 43, 17, 10, 28, 8, 56, 51, 35, 58][41, 57, 35, 34, 25, 4, 12, 27, 67, 65][31, 11, 15, 42, 49, 26, 62, 30, 24, 63][7, 46, 53, 47, 6, 63, 30, 21, 62, 24][23, 50, 13, 22, 33, 20, 10, 28, 8, 52][5, 65, 39, 32, 37, 67, 27, 25, 34, 45][5, 54, 38, 19, 18, 66, 29, 3, 48, 69][36, 19, 29, 3, 0, 2, 14, 61, 60, 44][51, 64, 52, 8, 28, 10, 59, 9, 17, 55][40, 53, 46, 7, 47, 6, 63, 24, 30, 42][7, 46, 53, 47, 6, 63, 30, 21, 62, 24][36, 19, 29, 3, 0, 2, 14, 61, 60, 44][2, 0, 69, 48, 3, 29, 66, 18, 19, 38][36, 19, 29, 3, 0, 2, 14, 61, 60, 44] 
[2, 0, 69, 48, 3, 29, 66, 18, 19, 38][36, 19, 29, 3, 0, 2, 14, 61, 60, 44][5, 54, 38, 19, 18, 66, 29, 3, 48, 69][5, 65, 39, 32, 37, 67, 27, 25, 34, 45][41, 57, 35, 34, 25, 4, 12, 27, 67, 65][13, 43, 17, 10, 28, 8, 56, 51, 35, 58][9, 49, 11, 59, 68, 1, 16, 55, 20, 43][31, 11, 15, 42, 49, 26, 62, 30, 24, 63][40, 53, 46, 7, 47, 6, 63, 24, 30, 42][23, 50, 13, 22, 33, 20, 10, 28, 8, 52][51, 64, 52, 8, 28, 10, 59, 9, 17, 55][7, 46, 53, 47, 6, 63, 30, 21, 62, 24][41, 57, 35, 34, 25, 4, 12, 27, 67, 65][41, 57, 35, 34, 25, 4, 12, 27, 67, 65][41, 57, 35, 34, 25, 4, 12, 27, 67, 65] 
[13, 43, 17, 10, 28, 8, 56, 51, 35, 58][41, 57, 35, 34, 25, 4, 12, 27, 67, 65][9, 49, 11, 59, 68, 1, 16, 55, 20, 43][31, 11, 15, 42, 49, 26, 62, 30, 24, 63][7, 46, 53, 47, 6, 63, 30, 21, 62, 24][23, 50, 13, 22, 33, 20, 10, 28, 8, 52][5, 65, 39, 32, 37, 67, 27, 25, 34, 45][5, 54, 38, 19, 18, 66, 29, 3, 48, 69][36, 19, 29, 3, 0, 2, 14, 61, 60, 44][40, 53, 46, 7, 47, 6, 63, 24, 30, 42][51, 64, 52, 8, 28, 10, 59, 9, 17, 55][23, 50, 13, 22, 33, 20, 10, 28, 8, 52][5, 65, 39, 32, 37, 67, 27, 25, 34, 45][5, 65, 39, 32, 37, 67, 27, 25, 34, 45][2, 0, 69, 48, 3, 29, 66, 18, 19, 38] 
[5, 54, 38, 19, 18, 66, 29, 3, 48, 69][5, 65, 39, 32, 37, 67, 27, 25, 34, 45][36, 19, 29, 3, 0, 2, 14, 61, 60, 44][41, 57, 35, 34, 25, 4, 12, 27, 67, 65][13, 43, 17, 10, 28, 8, 56, 51, 35, 58][9, 49, 11, 59, 68, 1, 16, 55, 20, 43][31, 11, 15, 42, 49, 26, 62, 30, 24, 63][7, 46, 53, 47, 6, 63, 30, 21, 62, 24][23, 50, 13, 22, 33, 20, 10, 28, 8, 52][51, 64, 52, 8, 28, 10, 59, 9, 17, 55][40, 53, 46, 7, 47, 6, 63, 24, 30, 42][2, 0, 69, 48, 3, 29, 66, 18, 19, 38][5, 65, 39, 32, 37, 67, 27, 25, 34, 45][5, 54, 38, 19, 18, 66, 29, 3, 48, 69][7, 46, 53, 47, 6, 63, 30, 21, 62, 24] 
[40, 53, 46, 7, 47, 6, 63, 24, 30, 42][31, 11, 15, 42, 49, 26, 62, 30, 24, 63][9, 49, 11, 59, 68, 1, 16, 55, 20, 43][13, 43, 17, 10, 28, 8, 56, 51, 35, 58][41, 57, 35, 34, 25, 4, 12, 27, 67, 65][5, 65, 39, 32, 37, 67, 27, 25, 34, 45][5, 54, 38, 19, 18, 66, 29, 3, 48, 69][36, 19, 29, 3, 0, 2, 14, 61, 60, 44][23, 50, 13, 22, 33, 20, 10, 28, 8, 52][7, 46, 53, 47, 6, 63, 30, 21, 62, 24][51, 64, 52, 8, 28, 10, 59, 9, 17, 55][41, 57, 35, 34, 25, 4, 12, 27, 67, 65][41, 57, 35, 34, 25, 4, 12, 27, 67, 65][5, 65, 39, 32, 37, 67, 27, 25, 34, 45][41, 57, 35, 34, 25, 4, 12, 27, 67, 65] 
[13, 43, 17, 10, 28, 8, 56, 51, 35, 58][41, 57, 35, 34, 25, 4, 12, 27, 67, 65][9, 49, 11, 59, 68, 1, 16, 55, 20, 43][31, 11, 15, 42, 49, 26, 62, 30, 24, 63][7, 46, 53, 47, 6, 63, 30, 21, 62, 24][23, 50, 13, 22, 33, 20, 10, 28, 8, 52][5, 65, 39, 32, 37, 67, 27, 25, 34, 45][5, 54, 38, 19, 18, 66, 29, 3, 48, 69][36, 19, 29, 3, 0, 2, 14, 61, 60, 44][40, 53, 46, 7, 47, 6, 63, 24, 30, 42][51, 64, 52, 8, 28, 10, 59, 9, 17, 55][23, 50, 13, 22, 33, 20, 10, 28, 8, 52][5, 65, 39, 32, 37, 67, 27, 25, 34, 45][5, 65, 39, 32, 37, 67, 27, 25, 34, 45][2, 0, 69, 48, 3, 29, 66, 18, 19, 38] 
[13, 43, 17, 10, 28, 8, 56, 51, 35, 58][41, 57, 35, 34, 25, 4, 12, 27, 67, 65][9, 49, 11, 59, 68, 1, 16, 55, 20, 43][31, 11, 15, 42, 49, 26, 62, 30, 24, 63][7, 46, 53, 47, 6, 63, 30, 21, 62, 24][23, 50, 13, 22, 33, 20, 10, 28, 8, 52][5, 65, 39, 32, 37, 67, 27, 25, 34, 45][5, 54, 38, 19, 18, 66, 29, 3, 48, 69][36, 19, 29, 3, 0, 2, 14, 61, 60, 44][40, 53, 46, 7, 47, 6, 63, 24, 30, 42][51, 64, 52, 8, 28, 10, 59, 9, 17, 55][23, 50, 13, 22, 33, 20, 10, 28, 8, 52][5, 65, 39, 32, 37, 67, 27, 25, 34, 45][5, 65, 39, 32, 37, 67, 27, 25, 34, 45][2, 0, 69, 48, 3, 29, 66, 18, 19, 38] 
[44, 60, 61, 14, 2, 0, 3, 29, 19, 36, 54, 38, 18, 66, 48, 39, 65, 32, 37, 5, 67][5, 54, 38, 19, 18, 66, 29, 3, 48, 69][5, 65, 39, 32, 37, 67, 27, 25, 34, 45][36, 19, 29, 3, 0, 2, 14, 61, 60, 44][41, 57, 35, 34, 25, 4, 12, 27, 67, 65][13, 43, 17, 10, 28, 8, 56, 51, 35, 58][9, 49, 11, 59, 68, 1, 16, 55, 20, 43][31, 11, 15, 42, 49, 26, 62, 30, 24, 63][40, 53, 46, 7, 47, 6, 63, 24, 30, 42][23, 50, 13, 22, 33, 20, 10, 28, 8, 52][51, 64, 52, 8, 28, 10, 59, 9, 17, 55][7, 46, 53, 47, 6, 63, 30, 21, 62, 24][36, 19, 29, 3, 0, 2, 14, 61, 60, 44][36, 19, 29, 3, 0, 2, 14, 61, 60, 44][36, 19, 29, 3, 0, 2, 14, 61, 60, 44] 
[12, 40, 7, 53, 47, 6, 35, 41, 36, 19, 29, 3, 0, 2, 14, 61, 60, 44][16, 55, 20, 13, 43, 17, 10, 28, 8, 56, 51, 35, 58][36, 19, 29, 3, 0, 2, 14, 61, 60, 44][12, 41, 45, 36, 19, 65, 5, 37, 32, 39][41, 57, 35, 34, 25, 4, 12, 27, 67, 65][9, 49, 11, 59, 68, 1, 16, 55, 20, 43][31, 11, 15, 42, 49, 26, 62, 30, 24, 63][40, 53, 46, 7, 47, 6, 63, 24, 30, 42][5, 54, 38, 19, 18, 66, 29, 3, 48, 69][23, 50, 13, 22, 33, 20, 10, 28, 8, 52][51, 64, 52, 8, 28, 10, 59, 9, 17, 55][7, 46, 53, 47, 6, 63, 30, 21, 62, 24][36, 19, 29, 3, 0, 2, 14, 61, 60, 44][36, 19, 29, 3, 0, 2, 14, 61, 60, 44][36, 19, 29, 3, 0, 2, 14, 61, 60, 44] 
[44, 60, 61, 14, 2, 0, 3, 29, 19, 36, 41, 35, 6, 47, 53, 7, 40, 12, 27, 25, 34, 45][36, 19, 29, 3, 0, 2, 14, 61, 60, 44][12, 41, 45, 36, 19, 65, 5, 37, 32, 39][41, 57, 35, 34, 25, 4, 12, 27, 67, 65][13, 43, 17, 10, 28, 8, 56, 51, 35, 58][9, 49, 11, 59, 68, 1, 16, 55, 20, 43][31, 11, 15, 42, 49, 26, 62, 30, 24, 63][40, 53, 46, 7, 47, 6, 63, 24, 30, 42][5, 54, 38, 19, 18, 66, 29, 3, 48, 69][23, 50, 13, 22, 33, 20, 10, 28, 8, 52][51, 64, 52, 8, 28, 10, 59, 9, 17, 55][7, 46, 53, 47, 6, 63, 30, 21, 62, 24][36, 19, 29, 3, 0, 2, 14, 61, 60, 44][36, 19, 29, 3, 0, 2, 14, 61, 60, 44][36, 19, 29, 3, 0, 2, 14, 61, 60, 44] 
[44, 60, 61, 14, 2, 0, 3, 29, 19, 36, 54, 38, 18, 66, 48, 39, 65, 32, 37, 5, 67][5, 54, 38, 19, 18, 66, 29, 3, 48, 69][5, 65, 39, 32, 37, 67, 27, 25, 34, 45][36, 19, 29, 3, 0, 2, 14, 61, 60, 44][41, 57, 35, 34, 25, 4, 12, 27, 67, 65][13, 43, 17, 10, 28, 8, 56, 51, 35, 58][9, 49, 11, 59, 68, 1, 16, 55, 20, 43][31, 11, 15, 42, 49, 26, 62, 30, 24, 63][40, 53, 46, 7, 47, 6, 63, 24, 30, 42][23, 50, 13, 22, 33, 20, 10, 28, 8, 52][51, 64, 52, 8, 28, 10, 59, 9, 17, 55][7, 46, 53, 47, 6, 63, 30, 21, 62, 24][36, 19, 29, 3, 0, 2, 14, 61, 60, 44][36, 19, 29, 3, 0, 2, 14, 61, 60, 44][36, 19, 29, 3, 0, 2, 14, 61, 60, 44] 
[44, 60, 61, 14, 2, 0, 3, 29, 19, 36, 54, 38, 18, 66, 48, 39, 65, 32, 37, 5, 67][65, 39, 32, 5, 54, 38, 19, 18, 66, 29, 3, 48, 69][5, 65, 39, 32, 37, 67, 27, 25, 34, 45][36, 19, 29, 3, 0, 2, 14, 61, 60, 44][41, 57, 35, 34, 25, 4, 12, 27, 67, 65][13, 43, 17, 10, 28, 8, 56, 51, 35, 58][9, 49, 11, 59, 68, 1, 16, 55, 20, 43][31, 11, 15, 42, 49, 26, 62, 30, 24, 63][40, 53, 46, 7, 47, 6, 63, 24, 30, 42][23, 50, 13, 22, 33, 20, 10, 28, 8, 52][51, 64, 52, 8, 28, 10, 59, 9, 17, 55][7, 46, 53, 47, 6, 63, 30, 21, 62, 24][36, 19, 29, 3, 0, 2, 14, 61, 60, 44][36, 19, 29, 3, 0, 2, 14, 61, 60, 44][36, 19, 29, 3, 0, 2, 14, 61, 60, 44] 
[4, 12, 25, 27, 67, 37, 5, 18, 66, 38, 36, 19, 29, 3, 0, 2, 14, 61, 60, 44][36, 19, 29, 3, 0, 2, 14, 61, 60, 44][12, 41, 45, 36, 19, 65, 5, 37, 32, 39][41, 57, 35, 34, 25, 4, 12, 27, 67, 65][13, 43, 17, 10, 28, 8, 56, 51, 35, 58][9, 49, 11, 59, 68, 1, 16, 55, 20, 43][31, 11, 15, 42, 49, 26, 62, 30, 24, 63][40, 53, 46, 7, 47, 6, 63, 24, 30, 42][5, 54, 38, 19, 18, 66, 29, 3, 48, 69][23, 50, 13, 22, 33, 20, 10, 28, 8, 52][51, 64, 52, 8, 28, 10, 59, 9, 17, 55][7, 46, 53, 47, 6, 63, 30, 21, 62, 24][36, 19, 29, 3, 0, 2, 14, 61, 60, 44][36, 19, 29, 3, 0, 2, 14, 61, 60, 44][36, 19, 29, 3, 0, 2, 14, 61, 60, 44] 
[44, 60, 61, 14, 2, 0, 3, 29, 19, 36, 41, 35, 6, 47, 53, 7, 40, 12, 27, 25, 34, 45][36, 19, 29, 3, 0, 2, 14, 61, 60, 44][12, 41, 45, 36, 19, 65, 5, 37, 32, 39][41, 57, 35, 34, 25, 4, 12, 27, 67, 65][13, 43, 17, 10, 28, 8, 56, 51, 35, 58][9, 49, 11, 59, 68, 1, 16, 55, 20, 43][31, 11, 15, 42, 49, 26, 62, 30, 24, 63][40, 53, 46, 7, 47, 6, 63, 24, 30, 42][5, 54, 38, 19, 18, 66, 29, 3, 48, 69][23, 50, 13, 22, 33, 20, 10, 28, 8, 52][51, 64, 52, 8, 28, 10, 59, 9, 17, 55][7, 46, 53, 47, 6, 63, 30, 21, 62, 24][36, 19, 29, 3, 0, 2, 14, 61, 60, 44][36, 19, 29, 3, 0, 2, 14, 61, 60, 44][36, 19, 29, 3, 0, 2, 14, 61, 60, 44] 
[12, 40, 7, 53, 47, 6, 35, 41, 36, 19, 29, 3, 0, 2, 14, 61, 60, 44][36, 19, 29, 3, 0, 2, 14, 61, 60, 44][12, 41, 45, 36, 19, 65, 5, 37, 32, 39][41, 57, 35, 34, 25, 4, 12, 27, 67, 65][13, 43, 17, 10, 28, 8, 56, 51, 35, 58][9, 49, 11, 59, 68, 1, 16, 55, 20, 43][31, 11, 15, 42, 49, 26, 62, 30, 24, 63][40, 53, 46, 7, 47, 6, 63, 24, 30, 42][5, 54, 38, 19, 18, 66, 29, 3, 48, 69][23, 50, 13, 22, 33, 20, 10, 28, 8, 52][51, 64, 52, 8, 28, 10, 59, 9, 17, 55][7, 46, 53, 47, 6, 63, 30, 21, 62, 24][36, 19, 29, 3, 0, 2, 14, 61, 60, 44][36, 19, 29, 3, 0, 2, 14, 61, 60, 44][36, 19, 29, 3, 0, 2, 14, 61, 60, 44] 
[35, 58, 41, 45, 36, 19, 29, 3, 0, 2, 14, 61, 60, 44][51, 64, 52, 8, 28, 10, 59, 9, 17, 55][9, 49, 11, 59, 68, 1, 16, 55, 20, 43][31, 11, 15, 42, 49, 26, 62, 30, 24, 63][7, 46, 53, 47, 6, 63, 30, 21, 62, 24][23, 50, 13, 22, 33, 20, 10, 28, 8, 52][13, 43, 17, 10, 28, 8, 56, 51, 35, 58][36, 19, 29, 3, 0, 2, 14, 61, 60, 44][41, 57, 35, 34, 25, 4, 12, 27, 67, 65][12, 41, 45, 36, 19, 65, 5, 37, 32, 39][5, 54, 38, 19, 18, 66, 29, 3, 48, 69][40, 53, 46, 7, 47, 6, 63, 24, 30, 42][36, 19, 29, 3, 0, 2, 14, 61, 60, 44][36, 19, 29, 3, 0, 2, 14, 61, 60, 44][36, 19, 29, 3, 0, 2, 14, 61, 60, 44] 
[12, 40, 7, 53, 47, 6, 35, 41, 36, 19, 29, 3, 0, 2, 14, 61, 60, 44][16, 55, 20, 13, 43, 17, 10, 28, 8, 56, 51, 35, 58][36, 19, 29, 3, 0, 2, 14, 61, 60, 44][12, 41, 45, 36, 19, 65, 5, 37, 32, 39][41, 57, 35, 34, 25, 4, 12, 27, 67, 65][9, 49, 11, 59, 68, 1, 16, 55, 20, 43][31, 11, 15, 42, 49, 26, 62, 30, 24, 63][40, 53, 46, 7, 47, 6, 63, 24, 30, 42][5, 54, 38, 19, 18, 66, 29, 3, 48, 69][23, 50, 13, 22, 33, 20, 10, 28, 8, 52][51, 64, 52, 8, 28, 10, 59, 9, 17, 55][7, 46, 53, 47, 6, 63, 30, 21, 62, 24][36, 19, 29, 3, 0, 2, 14, 61, 60, 44][36, 19, 29, 3, 0, 2, 14, 61, 60, 44][36, 19, 29, 3, 0, 2, 14, 61, 60, 44] 
[34, 25, 27, 12, 40, 7, 53, 47, 6, 35, 41, 36, 19, 29, 3, 0, 2, 14, 61, 60, 44][36, 19, 29, 3, 0, 2, 14, 61, 60, 44][12, 41, 45, 36, 19, 65, 5, 37, 32, 39][41, 57, 35, 34, 25, 4, 12, 27, 67, 65][13, 43, 17, 10, 28, 8, 56, 51, 35, 58][9, 49, 11, 59, 68, 1, 16, 55, 20, 43][31, 11, 15, 42, 49, 26, 62, 30, 24, 63][40, 53, 46, 7, 47, 6, 63, 24, 30, 42][5, 54, 38, 19, 18, 66, 29, 3, 48, 69][23, 50, 13, 22, 33, 20, 10, 28, 8, 52][51, 64, 52, 8, 28, 10, 59, 9, 17, 55][7, 46, 53, 47, 6, 63, 30, 21, 62, 24][36, 19, 29, 3, 0, 2, 14, 61, 60, 44][36, 19, 29, 3, 0, 2, 14, 61, 60, 44][36, 19, 29, 3, 0, 2, 14, 61, 60, 44] 
[25, 27, 12, 40, 7, 53, 47, 6, 35, 41, 36, 19, 29, 3, 0, 2, 14, 61, 60, 44][36, 19, 29, 3, 0, 2, 14, 61, 60, 44][12, 41, 45, 36, 19, 65, 5, 37, 32, 39][41, 57, 35, 34, 25, 4, 12, 27, 67, 65][13, 43, 17, 10, 28, 8, 56, 51, 35, 58][9, 49, 11, 59, 68, 1, 16, 55, 20, 43][31, 11, 15, 42, 49, 26, 62, 30, 24, 63][40, 53, 46, 7, 47, 6, 63, 24, 30, 42][5, 54, 38, 19, 18, 66, 29, 3, 48, 69][23, 50, 13, 22, 33, 20, 10, 28, 8, 52][51, 64, 52, 8, 28, 10, 59, 9, 17, 55][7, 46, 53, 47, 6, 63, 30, 21, 62, 24][36, 19, 29, 3, 0, 2, 14, 61, 60, 44][36, 19, 29, 3, 0, 2, 14, 61, 60, 44][36, 19, 29, 3, 0, 2, 14, 61, 60, 44] 
[44, 60, 61, 14, 2, 0, 3, 29, 19, 36, 54, 38, 18, 66, 48, 39, 65, 32, 37, 5, 67][65, 39, 32, 5, 54, 38, 19, 18, 66, 29, 3, 48, 69][5, 65, 39, 32, 37, 67, 27, 25, 34, 45][36, 19, 29, 3, 0, 2, 14, 61, 60, 44][41, 57, 35, 34, 25, 4, 12, 27, 67, 65][13, 43, 17, 10, 28, 8, 56, 51, 35, 58][9, 49, 11, 59, 68, 1, 16, 55, 20, 43][31, 11, 15, 42, 49, 26, 62, 30, 24, 63][40, 53, 46, 7, 47, 6, 63, 24, 30, 42][23, 50, 13, 22, 33, 20, 10, 28, 8, 52][51, 64, 52, 8, 28, 10, 59, 9, 17, 55][7, 46, 53, 47, 6, 63, 30, 21, 62, 24][36, 19, 29, 3, 0, 2, 14, 61, 60, 44][36, 19, 29, 3, 0, 2, 14, 61, 60, 44][36, 19, 29, 3, 0, 2, 14, 61, 60, 44] 
[12, 40, 7, 53, 47, 6, 35, 41, 36, 19, 29, 3, 0, 2, 14, 61, 60, 44][36, 19, 29, 3, 0, 2, 14, 61, 60, 44][12, 41, 45, 36, 19, 65, 5, 37, 32, 39][41, 57, 35, 34, 25, 4, 12, 27, 67, 65][13, 43, 17, 10, 28, 8, 56, 51, 35, 58][9, 49, 11, 59, 68, 1, 16, 55, 20, 43][31, 11, 15, 42, 49, 26, 62, 30, 24, 63][40, 53, 46, 7, 47, 6, 63, 24, 30, 42][5, 54, 38, 19, 18, 66, 29, 3, 48, 69][23, 50, 13, 22, 33, 20, 10, 28, 8, 52][51, 64, 52, 8, 28, 10, 59, 9, 17, 55][7, 46, 53, 47, 6, 63, 30, 21, 62, 24][36, 19, 29, 3, 0, 2, 14, 61, 60, 44][36, 19, 29, 3, 0, 2, 14, 61, 60, 44][36, 19, 29, 3, 0, 2, 14, 61, 60, 44] 
[44, 60, 61, 14, 2, 0, 3, 29, 19, 36, 41, 35, 6, 47, 53, 7, 40, 12, 27, 25, 34, 45, 58][36, 19, 29, 3, 0, 2, 14, 61, 60, 44][12, 41, 45, 36, 19, 65, 5, 37, 32, 39][41, 57, 35, 34, 25, 4, 12, 27, 67, 65][13, 43, 17, 10, 28, 8, 56, 51, 35, 58][9, 49, 11, 59, 68, 1, 16, 55, 20, 43][31, 11, 15, 42, 49, 26, 62, 30, 24, 63][40, 53, 46, 7, 47, 6, 63, 24, 30, 42][5, 54, 38, 19, 18, 66, 29, 3, 48, 69][23, 50, 13, 22, 33, 20, 10, 28, 8, 52][51, 64, 52, 8, 28, 10, 59, 9, 17, 55][7, 46, 53, 47, 6, 63, 30, 21, 62, 24][36, 19, 29, 3, 0, 2, 14, 61, 60, 44][36, 19, 29, 3, 0, 2, 14, 61, 60, 44][36, 19, 29, 3, 0, 2, 14, 61, 60, 44] 
[17, 59, 10, 52, 20, 55, 16, 1, 31, 11, 15, 42, 49, 26, 62, 30, 24, 63, 21, 6, 35, 64, 58, 51, 8, 28, 56][2, 0, 69, 48, 3, 29, 66, 18, 19, 38, 54, 5, 32, 39, 65, 67, 37][65, 32, 5, 54, 38, 19, 18, 66, 29, 3, 48, 69][7, 46, 53, 47, 6, 63, 30, 21, 62, 24][41, 57, 35, 34, 25, 4, 12, 27, 67, 65][12, 41, 45, 36, 19, 65, 5, 37, 32, 39][36, 19, 29, 3, 0, 2, 14, 61, 60, 44][23, 50, 13, 22, 33, 20, 10, 28, 8, 52][9, 49, 11, 59, 68, 1, 16, 55, 20, 43][40, 53, 46, 7, 47, 6, 63, 24, 30, 42][7, 46, 53, 47, 6, 63, 30, 21, 62, 24][7, 46, 53, 47, 6, 63, 30, 21, 62, 24][7, 46, 53, 47, 6, 63, 30, 21, 62, 24][5, 54, 38, 19, 18, 66, 29, 3, 48, 69][11, 31, 1, 16, 55, 20, 52, 10, 59, 17] 
[17, 59, 10, 52, 20, 55, 16, 1, 31, 11, 15, 42, 49, 26, 62, 30, 24, 63, 21, 6, 35, 64, 58, 51, 8, 28, 56][65, 32, 5, 54, 38, 19, 18, 66, 29, 3, 48, 69][7, 46, 53, 47, 6, 63, 30, 21, 62, 24][41, 57, 35, 34, 25, 4, 12, 27, 67, 65][12, 41, 45, 36, 19, 65, 5, 37, 32, 39][36, 19, 29, 3, 0, 2, 14, 61, 60, 44][23, 50, 13, 22, 33, 20, 10, 28, 8, 52][9, 49, 11, 59, 68, 1, 16, 55, 20, 43][40, 53, 46, 7, 47, 6, 63, 24, 30, 42][7, 46, 53, 47, 6, 63, 30, 21, 62, 24][5, 54, 38, 19, 18, 66, 29, 3, 48, 69][7, 46, 53, 47, 6, 63, 30, 21, 62, 24][7, 46, 53, 47, 6, 63, 30, 21, 62, 24][5, 54, 38, 19, 18, 66, 29, 3, 48, 69][11, 31, 1, 16, 55, 20, 52, 10, 59, 17] 
[44, 60, 61, 14, 2, 0, 3, 29, 19, 36, 38, 66, 18, 5, 37, 67, 27, 25, 12, 4, 7, 46][36, 19, 29, 3, 0, 2, 14, 61, 60, 44][12, 41, 45, 36, 19, 65, 5, 37, 32, 39][41, 57, 35, 34, 25, 4, 12, 27, 67, 65][13, 43, 17, 10, 28, 8, 56, 51, 35, 58][9, 49, 11, 59, 68, 1, 16, 55, 20, 43][31, 11, 15, 42, 49, 26, 62, 30, 24, 63][40, 53, 46, 7, 47, 6, 63, 24, 30, 42][5, 54, 38, 19, 18, 66, 29, 3, 48, 69][23, 50, 13, 22, 33, 20, 10, 28, 8, 52][51, 64, 52, 8, 28, 10, 59, 9, 17, 55][7, 46, 53, 47, 6, 63, 30, 21, 62, 24][36, 19, 29, 3, 0, 2, 14, 61, 60, 44][36, 19, 29, 3, 0, 2, 14, 61, 60, 44][36, 19, 29, 3, 0, 2, 14, 61, 60, 44] 
[17, 59, 10, 52, 20, 55, 16, 1, 31, 11, 15, 42, 49, 26, 62, 30, 24, 63, 21, 6, 35, 64, 58, 51, 8, 28, 56][2, 0, 69, 48, 3, 29, 66, 18, 19, 38, 54, 5, 32, 39, 65, 67, 37][65, 32, 5, 54, 38, 19, 18, 66, 29, 3, 48, 69][7, 46, 53, 47, 6, 63, 30, 21, 62, 24][41, 57, 35, 34, 25, 4, 12, 27, 67, 65][12, 41, 45, 36, 19, 65, 5, 37, 32, 39][36, 19, 29, 3, 0, 2, 14, 61, 60, 44][23, 50, 13, 22, 33, 20, 10, 28, 8, 52][9, 49, 11, 59, 68, 1, 16, 55, 20, 43][40, 53, 46, 7, 47, 6, 63, 24, 30, 42][7, 46, 53, 47, 6, 63, 30, 21, 62, 24][7, 46, 53, 47, 6, 63, 30, 21, 62, 24][7, 46, 53, 47, 6, 63, 30, 21, 62, 24][5, 54, 38, 19, 18, 66, 29, 3, 48, 69][11, 31, 1, 16, 55, 20, 52, 10, 59, 17] 
[7, 46, 40, 53, 4, 25, 12, 27, 67, 5, 37, 32, 65, 39, 48, 66, 18, 38, 54, 36, 19, 29, 3, 0, 2, 14, 61, 60, 44][5, 54, 38, 19, 18, 66, 29, 3, 48, 69][5, 65, 39, 32, 37, 67, 27, 25, 34, 45][36, 19, 29, 3, 0, 2, 14, 61, 60, 44][41, 57, 35, 34, 25, 4, 12, 27, 67, 65][13, 43, 17, 10, 28, 8, 56, 51, 35, 58][9, 49, 11, 59, 68, 1, 16, 55, 20, 43][31, 11, 15, 42, 49, 26, 62, 30, 24, 63][40, 53, 46, 7, 47, 6, 63, 24, 30, 42][23, 50, 13, 22, 33, 20, 10, 28, 8, 52][51, 64, 52, 8, 28, 10, 59, 9, 17, 55][7, 46, 53, 47, 6, 63, 30, 21, 62, 24][36, 19, 29, 3, 0, 2, 14, 61, 60, 44][36, 19, 29, 3, 0, 2, 14, 61, 60, 44][36, 19, 29, 3, 0, 2, 14, 61, 60, 44] 
[7, 46, 40, 53, 4, 25, 12, 27, 67, 5, 37, 32, 65, 39, 48, 66, 18, 38, 54, 36, 19, 29, 3, 0, 2, 14, 61, 60, 44][5, 54, 38, 19, 18, 66, 29, 3, 48, 69][5, 65, 39, 32, 37, 67, 27, 25, 34, 45][36, 19, 29, 3, 0, 2, 14, 61, 60, 44][41, 57, 35, 34, 25, 4, 12, 27, 67, 65][13, 43, 17, 10, 28, 8, 56, 51, 35, 58][9, 49, 11, 59, 68, 1, 16, 55, 20, 43][31, 11, 15, 42, 49, 26, 62, 30, 24, 63][40, 53, 46, 7, 47, 6, 63, 24, 30, 42][23, 50, 13, 22, 33, 20, 10, 28, 8, 52][51, 64, 52, 8, 28, 10, 59, 9, 17, 55][7, 46, 53, 47, 6, 63, 30, 21, 62, 24][36, 19, 29, 3, 0, 2, 14, 61, 60, 44][36, 19, 29, 3, 0, 2, 14, 61, 60, 44][36, 19, 29, 3, 0, 2, 14, 61, 60, 44] 
[13, 43, 17, 10, 28, 8, 56, 51, 35, 58][41, 57, 35, 34, 25, 4, 12, 27, 67, 65][9, 49, 11, 59, 68, 1, 16, 55, 20, 43][31, 11, 15, 42, 49, 26, 62, 30, 24, 63][7, 46, 53, 47, 6, 63, 30, 21, 62, 24][23, 50, 13, 22, 33, 20, 10, 28, 8, 52][5, 65, 39, 32, 37, 67, 27, 25, 34, 45][5, 54, 38, 19, 18, 66, 29, 3, 48, 69][36, 19, 29, 3, 0, 2, 14, 61, 60, 44][40, 53, 46, 7, 47, 6, 63, 24, 30, 42][51, 64, 52, 8, 28, 10, 59, 9, 17, 55][23, 50, 13, 22, 33, 20, 10, 28, 8, 52][5, 65, 39, 32, 37, 67, 27, 25, 34, 45][5, 65, 39, 32, 37, 67, 27, 25, 34, 45][2, 0, 69, 48, 3, 29, 66, 18, 19, 38] 
[13, 43, 17, 10, 28, 8, 56, 51, 35, 58][41, 57, 35, 34, 25, 4, 12, 27, 67, 65][9, 49, 11, 59, 68, 1, 16, 55, 20, 43][31, 11, 15, 42, 49, 26, 62, 30, 24, 63][7, 46, 53, 47, 6, 63, 30, 21, 62, 24][23, 50, 13, 22, 33, 20, 10, 28, 8, 52][5, 65, 39, 32, 37, 67, 27, 25, 34, 45][5, 54, 38, 19, 18, 66, 29, 3, 48, 69][36, 19, 29, 3, 0, 2, 14, 61, 60, 44][40, 53, 46, 7, 47, 6, 63, 24, 30, 42][51, 64, 52, 8, 28, 10, 59, 9, 17, 55][23, 50, 13, 22, 33, 20, 10, 28, 8, 52][5, 65, 39, 32, 37, 67, 27, 25, 34, 45][5, 65, 39, 32, 37, 67, 27, 25, 34, 45][2, 0, 69, 48, 3, 29, 66, 18, 19, 38] 
[13, 43, 17, 10, 28, 8, 56, 51, 35, 58][41, 57, 35, 34, 25, 4, 12, 27, 67, 65][9, 49, 11, 59, 68, 1, 16, 55, 20, 43][31, 11, 15, 42, 49, 26, 62, 30, 24, 63][7, 46, 53, 47, 6, 63, 30, 21, 62, 24][23, 50, 13, 22, 33, 20, 10, 28, 8, 52][5, 65, 39, 32, 37, 67, 27, 25, 34, 45][5, 54, 38, 19, 18, 66, 29, 3, 48, 69][36, 19, 29, 3, 0, 2, 14, 61, 60, 44][40, 53, 46, 7, 47, 6, 63, 24, 30, 42][51, 64, 52, 8, 28, 10, 59, 9, 17, 55][23, 50, 13, 22, 33, 20, 10, 28, 8, 52][5, 65, 39, 32, 37, 67, 27, 25, 34, 45][5, 65, 39, 32, 37, 67, 27, 25, 34, 45][2, 0, 69, 48, 3, 29, 66, 18, 19, 38] 
[13, 43, 17, 10, 28, 8, 56, 51, 35, 58][41, 57, 35, 34, 25, 4, 12, 27, 67, 65][9, 49, 11, 59, 68, 1, 16, 55, 20, 43][31, 11, 15, 42, 49, 26, 62, 30, 24, 63][7, 46, 53, 47, 6, 63, 30, 21, 62, 24][23, 50, 13, 22, 33, 20, 10, 28, 8, 52][5, 65, 39, 32, 37, 67, 27, 25, 34, 45][5, 54, 38, 19, 18, 66, 29, 3, 48, 69][36, 19, 29, 3, 0, 2, 14, 61, 60, 44][40, 53, 46, 7, 47, 6, 63, 24, 30, 42][51, 64, 52, 8, 28, 10, 59, 9, 17, 55][23, 50, 13, 22, 33, 20, 10, 28, 8, 52][5, 65, 39, 32, 37, 67, 27, 25, 34, 45][5, 65, 39, 32, 37, 67, 27, 25, 34, 45][2, 0, 69, 48, 3, 29, 66, 18, 19, 38] 
[2, 0, 69, 48, 3, 29, 66, 18, 19, 38][36, 19, 29, 3, 0, 2, 14, 61, 60, 44][5, 54, 38, 19, 18, 66, 29, 3, 48, 69][5, 65, 39, 32, 37, 67, 27, 25, 34, 45][41, 57, 35, 34, 25, 4, 12, 27, 67, 65][13, 43, 17, 10, 28, 8, 56, 51, 35, 58][9, 49, 11, 59, 68, 1, 16, 55, 20, 43][31, 11, 15, 42, 49, 26, 62, 30, 24, 63][40, 53, 46, 7, 47, 6, 63, 24, 30, 42][23, 50, 13, 22, 33, 20, 10, 28, 8, 52][51, 64, 52, 8, 28, 10, 59, 9, 17, 55][7, 46, 53, 47, 6, 63, 30, 21, 62, 24][41, 57, 35, 34, 25, 4, 12, 27, 67, 65][41, 57, 35, 34, 25, 4, 12, 27, 67, 65][41, 57, 35, 34, 25, 4, 12, 27, 67, 65] 
[13, 43, 17, 10, 28, 8, 56, 51, 35, 58][41, 57, 35, 34, 25, 4, 12, 27, 67, 65][9, 49, 11, 59, 68, 1, 16, 55, 20, 43][31, 11, 15, 42, 49, 26, 62, 30, 24, 63][7, 46, 53, 47, 6, 63, 30, 21, 62, 24][23, 50, 13, 22, 33, 20, 10, 28, 8, 52][5, 65, 39, 32, 37, 67, 27, 25, 34, 45][5, 54, 38, 19, 18, 66, 29, 3, 48, 69][36, 19, 29, 3, 0, 2, 14, 61, 60, 44][40, 53, 46, 7, 47, 6, 63, 24, 30, 42][51, 64, 52, 8, 28, 10, 59, 9, 17, 55][23, 50, 13, 22, 33, 20, 10, 28, 8, 52][5, 65, 39, 32, 37, 67, 27, 25, 34, 45][5, 65, 39, 32, 37, 67, 27, 25, 34, 45][2, 0, 69, 48, 3, 29, 66, 18, 19, 38] 
[13, 43, 17, 10, 28, 8, 56, 51, 35, 58][41, 57, 35, 34, 25, 4, 12, 27, 67, 65][9, 49, 11, 59, 68, 1, 16, 55, 20, 43][31, 11, 15, 42, 49, 26, 62, 30, 24, 63][7, 46, 53, 47, 6, 63, 30, 21, 62, 24][23, 50, 13, 22, 33, 20, 10, 28, 8, 52][5, 65, 39, 32, 37, 67, 27, 25, 34, 45][5, 54, 38, 19, 18, 66, 29, 3, 48, 69][36, 19, 29, 3, 0, 2, 14, 61, 60, 44][40, 53, 46, 7, 47, 6, 63, 24, 30, 42][51, 64, 52, 8, 28, 10, 59, 9, 17, 55][23, 50, 13, 22, 33, 20, 10, 28, 8, 52][5, 65, 39, 32, 37, 67, 27, 25, 34, 45][5, 65, 39, 32, 37, 67, 27, 25, 34, 45][2, 0, 69, 48, 3, 29, 66, 18, 19, 38] 
[2, 0, 69, 48, 3, 29, 66, 18, 19, 38][36, 19, 29, 3, 0, 2, 14, 61, 60, 44][5, 54, 38, 19, 18, 66, 29, 3, 48, 69][5, 65, 39, 32, 37, 67, 27, 25, 34, 45][41, 57, 35, 34, 25, 4, 12, 27, 67, 65][13, 43, 17, 10, 28, 8, 56, 51, 35, 58][9, 49, 11, 59, 68, 1, 16, 55, 20, 43][31, 11, 15, 42, 49, 26, 62, 30, 24, 63][40, 53, 46, 7, 47, 6, 63, 24, 30, 42][23, 50, 13, 22, 33, 20, 10, 28, 8, 52][51, 64, 52, 8, 28, 10, 59, 9, 17, 55][7, 46, 53, 47, 6, 63, 30, 21, 62, 24][41, 57, 35, 34, 25, 4, 12, 27, 67, 65][41, 57, 35, 34, 25, 4, 12, 27, 67, 65][41, 57, 35, 34, 25, 4, 12, 27, 67, 65] 
[2, 0, 69, 48, 3, 29, 66, 18, 19, 38][36, 19, 29, 3, 0, 2, 14, 61, 60, 44][5, 54, 38, 19, 18, 66, 29, 3, 48, 69][5, 65, 39, 32, 37, 67, 27, 25, 34, 45][41, 57, 35, 34, 25, 4, 12, 27, 67, 65][13, 43, 17, 10, 28, 8, 56, 51, 35, 58][9, 49, 11, 59, 68, 1, 16, 55, 20, 43][31, 11, 15, 42, 49, 26, 62, 30, 24, 63][40, 53, 46, 7, 47, 6, 63, 24, 30, 42][23, 50, 13, 22, 33, 20, 10, 28, 8, 52][51, 64, 52, 8, 28, 10, 59, 9, 17, 55][7, 46, 53, 47, 6, 63, 30, 21, 62, 24][41, 57, 35, 34, 25, 4, 12, 27, 67, 65][41, 57, 35, 34, 25, 4, 12, 27, 67, 65][41, 57, 35, 34, 25, 4, 12, 27, 67, 65] 
[2, 0, 69, 48, 3, 29, 66, 18, 19, 38][36, 19, 29, 3, 0, 2, 14, 61, 60, 44][5, 54, 38, 19, 18, 66, 29, 3, 48, 69][5, 65, 39, 32, 37, 67, 27, 25, 34, 45][41, 57, 35, 34, 25, 4, 12, 27, 67, 65][13, 43, 17, 10, 28, 8, 56, 51, 35, 58][9, 49, 11, 59, 68, 1, 16, 55, 20, 43][31, 11, 15, 42, 49, 26, 62, 30, 24, 63][40, 53, 46, 7, 47, 6, 63, 24, 30, 42][23, 50, 13, 22, 33, 20, 10, 28, 8, 52][51, 64, 52, 8, 28, 10, 59, 9, 17, 55][7, 46, 53, 47, 6, 63, 30, 21, 62, 24][41, 57, 35, 34, 25, 4, 12, 27, 67, 65][41, 57, 35, 34, 25, 4, 12, 27, 67, 65][41, 57, 35, 34, 25, 4, 12, 27, 67, 65] 
[2, 0, 69, 48, 3, 29, 66, 18, 19, 38][36, 19, 29, 3, 0, 2, 14, 61, 60, 44][5, 54, 38, 19, 18, 66, 29, 3, 48, 69][5, 65, 39, 32, 37, 67, 27, 25, 34, 45][41, 57, 35, 34, 25, 4, 12, 27, 67, 65][13, 43, 17, 10, 28, 8, 56, 51, 35, 58][9, 49, 11, 59, 68, 1, 16, 55, 20, 43][31, 11, 15, 42, 49, 26, 62, 30, 24, 63][40, 53, 46, 7, 47, 6, 63, 24, 30, 42][23, 50, 13, 22, 33, 20, 10, 28, 8, 52][51, 64, 52, 8, 28, 10, 59, 9, 17, 55][7, 46, 53, 47, 6, 63, 30, 21, 62, 24][41, 57, 35, 34, 25, 4, 12, 27, 67, 65][41, 57, 35, 34, 25, 4, 12, 27, 67, 65][41, 57, 35, 34, 25, 4, 12, 27, 67, 65] 
