[38, 66, 3, 23, 0, 2, 14, 44, 60, 61][19, 69, 29, 66, 48, 39, 65, 5, 54, 38][37, 18, 39, 32, 65, 19, 36, 45, 58, 64][45, 58, 64, 35, 34, 25, 41, 57, 51, 56][47, 7, 53, 46, 40, 4, 12, 41, 27, 67][17, 20, 52, 10, 55, 8, 28, 56, 6, 21][9, 31, 1, 49, 26, 62, 24, 21, 30, 63][22, 13, 43, 50, 33, 20, 10, 16, 1, 31][9, 59, 68, 11, 15, 49, 42, 24, 30, 26][38, 66, 3, 23, 0, 2, 14, 44, 60, 61][38, 66, 3, 23, 0, 2, 14, 44, 60, 61][38, 66, 3, 23, 0, 2, 14, 44, 60, 61][38, 66, 3, 23, 0, 2, 14, 44, 60, 61][38, 66, 3, 23, 0, 2, 14, 44, 60, 61][38, 66, 3, 23, 0, 2, 14, 44, 60, 61] 
[38, 66, 3, 23, 0, 2, 14, 44, 60, 61][19, 69, 29, 66, 48, 39, 65, 5, 54, 38][37, 18, 39, 32, 65, 19, 36, 45, 58, 64][45, 58, 64, 35, 34, 25, 41, 57, 51, 56][17, 20, 52, 10, 55, 8, 28, 56, 6, 21][47, 7, 53, 46, 40, 4, 12, 41, 27, 67][9, 31, 1, 49, 26, 62, 24, 21, 30, 63][22, 13, 43, 50, 33, 20, 10, 16, 1, 31][9, 59, 68, 11, 15, 49, 42, 24, 30, 26][45, 58, 64, 35, 34, 25, 41, 57, 51, 56][38, 66, 3, 23, 0, 2, 14, 44, 60, 61][38, 66, 3, 23, 0, 2, 14, 44, 60, 61][38, 66, 3, 23, 0, 2, 14, 44, 60, 61][38, 66, 3, 23, 0, 2, 14, 44, 60, 61][38, 66, 3, 23, 0, 2, 14, 44, 60, 61] 
[38, 66, 3, 23, 0, 2, 14, 44, 60, 61][19, 69, 29, 66, 48, 39, 65, 5, 54, 38][37, 18, 39, 32, 65, 19, 36, 45, 58, 64][45, 58, 64, 35, 34, 25, 41, 57, 51, 56][17, 20, 52, 10, 55, 8, 28, 56, 6, 21][47, 7, 53, 46, 40, 4, 12, 41, 27, 67][9, 31, 1, 49, 26, 62, 24, 21, 30, 63][22, 13, 43, 50, 33, 20, 10, 16, 1, 31][9, 59, 68, 11, 15, 49, 42, 24, 30, 26][45, 58, 64, 35, 34, 25, 41, 57, 51, 56][38, 66, 3, 23, 0, 2, 14, 44, 60, 61][38, 66, 3, 23, 0, 2, 14, 44, 60, 61][38, 66, 3, 23, 0, 2, 14, 44, 60, 61][38, 66, 3, 23, 0, 2, 14, 44, 60, 61][38, 66, 3, 23, 0, 2, 14, 44, 60, 61] 
[38, 66, 3, 23, 0, 2, 14, 44, 60, 61][19, 69, 29, 66, 48, 39, 65, 5, 54, 38][37, 18, 39, 32, 65, 19, 36, 45, 58, 64][45, 58, 64, 35, 34, 25, 41, 57, 51, 56][17, 20, 52, 10, 55, 8, 28, 56, 6, 21][47, 7, 53, 46, 40, 4, 12, 41, 27, 67][9, 31, 1, 49, 26, 62, 24, 21, 30, 63][22, 13, 43, 50, 33, 20, 10, 16, 1, 31][9, 59, 68, 11, 15, 49, 42, 24, 30, 26][45, 58, 64, 35, 34, 25, 41, 57, 51, 56][38, 66, 3, 23, 0, 2, 14, 44, 60, 61][38, 66, 3, 23, 0, 2, 14, 44, 60, 61][38, 66, 3, 23, 0, 2, 14, 44, 60, 61][38, 66, 3, 23, 0, 2, 14, 44, 60, 61][38, 66, 3, 23, 0, 2, 14, 44, 60, 61] 
[22, 13, 43, 50, 33, 20, 10, 16, 1, 31][38, 66, 3, 23, 0, 2, 14, 44, 60, 61][19, 69, 29, 66, 48, 39, 65, 5, 54, 38][9, 31, 1, 49, 26, 62, 24, 21, 30, 63][25, 34, 35, 64, 58, 45, 36, 19, 65, 32][9, 59, 68, 11, 15, 49, 42, 24, 30, 26][12, 40, 7, 53, 47, 6, 56, 51, 57, 34][47, 7, 53, 46, 40, 4, 12, 41, 27, 67][17, 20, 52, 10, 55, 8, 28, 56, 6, 21][37, 18, 39, 32, 65, 19, 36, 45, 58, 64][25, 34, 35, 64, 58, 45, 36, 19, 65, 32][22, 13, 43, 50, 33, 20, 10, 16, 1, 31][38, 66, 3, 23, 0, 2, 14, 44, 60, 61][38, 66, 3, 23, 0, 2, 14, 44, 60, 61][19, 69, 29, 66, 48, 39, 65, 5, 54, 38] 
[22, 13, 43, 50, 33, 20, 10, 16, 1, 31][9, 31, 1, 49, 26, 62, 24, 21, 30, 63][17, 20, 52, 10, 55, 8, 28, 56, 6, 21][12, 40, 7, 53, 47, 6, 56, 51, 57, 34][25, 34, 35, 64, 58, 45, 36, 19, 65, 32][19, 69, 29, 66, 48, 39, 65, 5, 54, 38][38, 66, 3, 23, 0, 2, 14, 44, 60, 61][9, 59, 68, 11, 15, 49, 42, 24, 30, 26][47, 7, 53, 46, 40, 4, 12, 41, 27, 67][37, 18, 39, 32, 65, 19, 36, 45, 58, 64][9, 59, 68, 11, 15, 49, 42, 24, 30, 26][38, 66, 3, 23, 0, 2, 14, 44, 60, 61][19, 69, 29, 66, 48, 39, 65, 5, 54, 38][25, 34, 35, 64, 58, 45, 36, 19, 65, 32][9, 59, 68, 11, 15, 49, 42, 24, 30, 26] 
[22, 13, 43, 50, 33, 20, 10, 16, 1, 31][38, 66, 3, 23, 0, 2, 14, 44, 60, 61][19, 69, 29, 66, 48, 39, 65, 5, 54, 38][9, 31, 1, 49, 26, 62, 24, 21, 30, 63][25, 34, 35, 64, 58, 45, 36, 19, 65, 32][9, 59, 68, 11, 15, 49, 42, 24, 30, 26][12, 40, 7, 53, 47, 6, 56, 51, 57, 34][47, 7, 53, 46, 40, 4, 12, 41, 27, 67][17, 20, 52, 10, 55, 8, 28, 56, 6, 21][37, 18, 39, 32, 65, 19, 36, 45, 58, 64][25, 34, 35, 64, 58, 45, 36, 19, 65, 32][22, 13, 43, 50, 33, 20, 10, 16, 1, 31][38, 66, 3, 23, 0, 2, 14, 44, 60, 61][38, 66, 3, 23, 0, 2, 14, 44, 60, 61][19, 69, 29, 66, 48, 39, 65, 5, 54, 38] 
[9, 59, 68, 11, 15, 49, 42, 24, 30, 26][9, 31, 1, 49, 26, 62, 24, 21, 30, 63][17, 20, 52, 10, 55, 8, 28, 56, 6, 21][12, 40, 7, 53, 47, 6, 56, 51, 57, 34][34, 35, 64, 58, 45, 36, 19, 65, 32, 39][54, 5, 37, 18, 19, 3, 29, 48, 69, 66][38, 66, 3, 23, 0, 2, 14, 44, 60, 61][22, 13, 43, 50, 33, 20, 10, 16, 1, 31][47, 7, 53, 46, 40, 4, 12, 41, 27, 67][25, 34, 35, 64, 58, 45, 36, 19, 65, 32][12, 40, 7, 53, 47, 6, 56, 51, 57, 34][9, 59, 68, 11, 15, 49, 42, 24, 30, 26][47, 7, 53, 46, 40, 4, 12, 41, 27, 67][25, 34, 35, 64, 58, 45, 36, 19, 65, 32][54, 5, 37, 18, 19, 3, 29, 48, 69, 66] 
[9, 59, 68, 11, 15, 49, 42, 24, 30, 26][9, 31, 1, 49, 26, 62, 24, 21, 30, 63][17, 20, 52, 10, 55, 8, 28, 56, 6, 21][12, 40, 7, 53, 47, 6, 56, 51, 57, 34][34, 35, 64, 58, 45, 36, 19, 65, 32, 39][54, 5, 37, 18, 19, 3, 29, 48, 69, 66][38, 66, 3, 23, 0, 2, 14, 44, 60, 61][22, 13, 43, 50, 33, 20, 10, 16, 1, 31][47, 7, 53, 46, 40, 4, 12, 41, 27, 67][25, 34, 35, 64, 58, 45, 36, 19, 65, 32][12, 40, 7, 53, 47, 6, 56, 51, 57, 34][9, 59, 68, 11, 15, 49, 42, 24, 30, 26][47, 7, 53, 46, 40, 4, 12, 41, 27, 67][25, 34, 35, 64, 58, 45, 36, 19, 65, 32][54, 5, 37, 18, 19, 3, 29, 48, 69, 66] 
[9, 59, 68, 11, 15, 49, 42, 24, 30, 26][9, 31, 1, 49, 26, 62, 24, 21, 30, 63][17, 20, 52, 10, 55, 8, 28, 56, 6, 21][12, 40, 7, 53, 47, 6, 56, 51, 57, 34][34, 35, 64, 58, 45, 36, 19, 65, 32, 39][54, 5, 37, 18, 19, 3, 29, 48, 69, 66][38, 66, 3, 23, 0, 2, 14, 44, 60, 61][22, 13, 43, 50, 33, 20, 10, 16, 1, 31][47, 7, 53, 46, 40, 4, 12, 41, 27, 67][25, 34, 35, 64, 58, 45, 36, 19, 65, 32][12, 40, 7, 53, 47, 6, 56, 51, 57, 34][9, 59, 68, 11, 15, 49, 42, 24, 30, 26][47, 7, 53, 46, 40, 4, 12, 41, 27, 67][25, 34, 35, 64, 58, 45, 36, 19, 65, 32][54, 5, 37, 18, 19, 3, 29, 48, 69, 66] 
[38, 66, 3, 23, 0, 2, 14, 44, 60, 61][19, 69, 29, 66, 48, 39, 65, 5, 54, 38][37, 18, 39, 32, 65, 19, 36, 45, 58, 64][45, 58, 64, 35, 34, 25, 41, 57, 51, 56][47, 7, 53, 46, 40, 4, 12, 41, 27, 67][17, 20, 52, 10, 55, 8, 28, 56, 6, 21][9, 31, 1, 49, 26, 62, 24, 21, 30, 63][22, 13, 43, 50, 33, 20, 10, 16, 1, 31][9, 59, 68, 11, 15, 49, 42, 24, 30, 26][38, 66, 3, 23, 0, 2, 14, 44, 60, 61][38, 66, 3, 23, 0, 2, 14, 44, 60, 61][38, 66, 3, 23, 0, 2, 14, 44, 60, 61][38, 66, 3, 23, 0, 2, 14, 44, 60, 61][38, 66, 3, 23, 0, 2, 14, 44, 60, 61][38, 66, 3, 23, 0, 2, 14, 44, 60, 61] 
[45, 58, 64, 35, 34, 25, 41, 57, 51, 56][17, 20, 52, 10, 55, 8, 28, 56, 6, 21][47, 7, 53, 46, 40, 4, 12, 41, 27, 67][9, 31, 1, 49, 26, 62, 24, 21, 30, 63][37, 18, 39, 32, 65, 19, 36, 45, 58, 64][19, 69, 29, 66, 48, 39, 65, 5, 54, 38][38, 66, 3, 23, 0, 2, 14, 44, 60, 61][22, 13, 43, 50, 33, 20, 10, 16, 1, 31][9, 59, 68, 11, 15, 49, 42, 24, 30, 26][19, 69, 29, 66, 48, 39, 65, 5, 54, 38][38, 66, 3, 23, 0, 2, 14, 44, 60, 61][45, 58, 64, 35, 34, 25, 41, 57, 51, 56][38, 66, 3, 23, 0, 2, 14, 44, 60, 61][45, 58, 64, 35, 34, 25, 41, 57, 51, 56][38, 66, 3, 23, 0, 2, 14, 44, 60, 61] 
[45, 58, 64, 35, 34, 25, 41, 57, 51, 56][17, 20, 52, 10, 55, 8, 28, 56, 6, 21][47, 7, 53, 46, 40, 4, 12, 41, 27, 67][9, 31, 1, 49, 26, 62, 24, 21, 30, 63][37, 18, 39, 32, 65, 19, 36, 45, 58, 64][19, 69, 29, 66, 48, 39, 65, 5, 54, 38][38, 66, 3, 23, 0, 2, 14, 44, 60, 61][22, 13, 43, 50, 33, 20, 10, 16, 1, 31][9, 59, 68, 11, 15, 49, 42, 24, 30, 26][19, 69, 29, 66, 48, 39, 65, 5, 54, 38][38, 66, 3, 23, 0, 2, 14, 44, 60, 61][45, 58, 64, 35, 34, 25, 41, 57, 51, 56][38, 66, 3, 23, 0, 2, 14, 44, 60, 61][45, 58, 64, 35, 34, 25, 41, 57, 51, 56][38, 66, 3, 23, 0, 2, 14, 44, 60, 61] 
[9, 31, 1, 49, 26, 62, 24, 21, 30, 63][17, 20, 52, 10, 55, 8, 28, 56, 6, 21][12, 40, 7, 53, 47, 6, 56, 51, 57, 34][25, 34, 35, 64, 58, 45, 36, 19, 65, 32][19, 69, 29, 66, 48, 39, 65, 5, 54, 38][38, 66, 3, 23, 0, 2, 14, 44, 60, 61][22, 13, 43, 50, 33, 20, 10, 16, 1, 31][9, 59, 68, 11, 15, 49, 42, 24, 30, 26][47, 7, 53, 46, 40, 4, 12, 41, 27, 67][37, 18, 39, 32, 65, 19, 36, 45, 58, 64][19, 69, 29, 66, 48, 39, 65, 5, 54, 38][38, 66, 3, 23, 0, 2, 14, 44, 60, 61][12, 40, 7, 53, 47, 6, 56, 51, 57, 34][47, 7, 53, 46, 40, 4, 12, 41, 27, 67][19, 69, 29, 66, 48, 39, 65, 5, 54, 38] 
[22, 13, 43, 50, 33, 20, 10, 16, 1, 31][9, 31, 1, 49, 26, 62, 24, 21, 30, 63][17, 20, 52, 10, 55, 8, 28, 56, 6, 21][12, 40, 7, 53, 47, 6, 56, 51, 57, 34][25, 34, 35, 64, 58, 45, 36, 19, 65, 32][19, 69, 29, 66, 48, 39, 65, 5, 54, 38][38, 66, 3, 23, 0, 2, 14, 44, 60, 61][9, 59, 68, 11, 15, 49, 42, 24, 30, 26][47, 7, 53, 46, 40, 4, 12, 41, 27, 67][37, 18, 39, 32, 65, 19, 36, 45, 58, 64][9, 59, 68, 11, 15, 49, 42, 24, 30, 26][38, 66, 3, 23, 0, 2, 14, 44, 60, 61][19, 69, 29, 66, 48, 39, 65, 5, 54, 38][25, 34, 35, 64, 58, 45, 36, 19, 65, 32][9, 59, 68, 11, 15, 49, 42, 24, 30, 26] 
[9, 59, 68, 11, 15, 49, 42, 24, 30, 26][9, 31, 1, 49, 26, 62, 24, 21, 30, 63][17, 20, 52, 10, 55, 8, 28, 56, 6, 21][12, 40, 7, 53, 47, 6, 56, 51, 57, 34][34, 35, 64, 58, 45, 36, 19, 65, 32, 39][54, 5, 37, 18, 19, 3, 29, 48, 69, 66][38, 66, 3, 23, 0, 2, 14, 44, 60, 61][22, 13, 43, 50, 33, 20, 10, 16, 1, 31][47, 7, 53, 46, 40, 4, 12, 41, 27, 67][25, 34, 35, 64, 58, 45, 36, 19, 65, 32][12, 40, 7, 53, 47, 6, 56, 51, 57, 34][9, 59, 68, 11, 15, 49, 42, 24, 30, 26][47, 7, 53, 46, 40, 4, 12, 41, 27, 67][25, 34, 35, 64, 58, 45, 36, 19, 65, 32][54, 5, 37, 18, 19, 3, 29, 48, 69, 66] 
[47, 7, 53, 46, 40, 4, 12, 41, 27, 67][45, 58, 64, 35, 34, 25, 41, 57, 51, 56][17, 20, 52, 10, 55, 8, 28, 56, 6, 21][9, 59, 68, 11, 15, 49, 42, 24, 30, 26][22, 13, 43, 50, 33, 20, 10, 16, 1, 31][37, 18, 39, 32, 65, 19, 36, 45, 58, 64][19, 69, 29, 66, 48, 39, 65, 5, 54, 38][38, 66, 3, 23, 0, 2, 14, 44, 60, 61][9, 31, 1, 49, 26, 62, 24, 21, 30, 63][38, 66, 3, 23, 0, 2, 14, 44, 60, 61][37, 18, 39, 32, 65, 19, 36, 45, 58, 64][38, 66, 3, 23, 0, 2, 14, 44, 60, 61][38, 66, 3, 23, 0, 2, 14, 44, 60, 61][38, 66, 3, 23, 0, 2, 14, 44, 60, 61][38, 66, 3, 23, 0, 2, 14, 44, 60, 61] 
[38, 66, 3, 23, 0, 2, 14, 44, 60, 61][19, 69, 29, 66, 48, 39, 65, 5, 54, 38][37, 18, 39, 32, 65, 19, 36, 45, 58, 64][45, 58, 64, 35, 34, 25, 41, 57, 51, 56][17, 20, 52, 10, 55, 8, 28, 56, 6, 21][47, 7, 53, 46, 40, 4, 12, 41, 27, 67][9, 31, 1, 49, 26, 62, 24, 21, 30, 63][22, 13, 43, 50, 33, 20, 10, 16, 1, 31][9, 59, 68, 11, 15, 49, 42, 24, 30, 26][45, 58, 64, 35, 34, 25, 41, 57, 51, 56][38, 66, 3, 23, 0, 2, 14, 44, 60, 61][38, 66, 3, 23, 0, 2, 14, 44, 60, 61][38, 66, 3, 23, 0, 2, 14, 44, 60, 61][38, 66, 3, 23, 0, 2, 14, 44, 60, 61][38, 66, 3, 23, 0, 2, 14, 44, 60, 61] 
[22, 13, 43, 50, 33, 20, 10, 16, 1, 31][38, 66, 3, 23, 0, 2, 14, 44, 60, 61][19, 69, 29, 66, 48, 39, 65, 5, 54, 38][9, 31, 1, 49, 26, 62, 24, 21, 30, 63][25, 34, 35, 64, 58, 45, 36, 19, 65, 32][9, 59, 68, 11, 15, 49, 42, 24, 30, 26][12, 40, 7, 53, 47, 6, 56, 51, 57, 34][47, 7, 53, 46, 40, 4, 12, 41, 27, 67][17, 20, 52, 10, 55, 8, 28, 56, 6, 21][37, 18, 39, 32, 65, 19, 36, 45, 58, 64][25, 34, 35, 64, 58, 45, 36, 19, 65, 32][22, 13, 43, 50, 33, 20, 10, 16, 1, 31][38, 66, 3, 23, 0, 2, 14, 44, 60, 61][38, 66, 3, 23, 0, 2, 14, 44, 60, 61][19, 69, 29, 66, 48, 39, 65, 5, 54, 38] 
[47, 7, 53, 46, 40, 4, 12, 41, 27, 67][45, 58, 64, 35, 34, 25, 41, 57, 51, 56][17, 20, 52, 10, 55, 8, 28, 56, 6, 21][9, 59, 68, 11, 15, 49, 42, 24, 30, 26][22, 13, 43, 50, 33, 20, 10, 16, 1, 31][37, 18, 39, 32, 65, 19, 36, 45, 58, 64][19, 69, 29, 66, 48, 39, 65, 5, 54, 38][38, 66, 3, 23, 0, 2, 14, 44, 60, 61][9, 31, 1, 49, 26, 62, 24, 21, 30, 63][38, 66, 3, 23, 0, 2, 14, 44, 60, 61][37, 18, 39, 32, 65, 19, 36, 45, 58, 64][38, 66, 3, 23, 0, 2, 14, 44, 60, 61][38, 66, 3, 23, 0, 2, 14, 44, 60, 61][38, 66, 3, 23, 0, 2, 14, 44, 60, 61][38, 66, 3, 23, 0, 2, 14, 44, 60, 61] 
[38, 66, 3, 23, 0, 2, 14, 44, 60, 61][19, 69, 29, 66, 48, 39, 65, 5, 54, 38][37, 18, 39, 32, 65, 19, 36, 45, 58, 64][45, 58, 64, 35, 34, 25, 41, 57, 51, 56][47, 7, 53, 46, 40, 4, 12, 41, 27, 67][17, 20, 52, 10, 55, 8, 28, 56, 6, 21][9, 31, 1, 49, 26, 62, 24, 21, 30, 63][22, 13, 43, 50, 33, 20, 10, 16, 1, 31][9, 59, 68, 11, 15, 49, 42, 24, 30, 26][38, 66, 3, 23, 0, 2, 14, 44, 60, 61][38, 66, 3, 23, 0, 2, 14, 44, 60, 61][38, 66, 3, 23, 0, 2, 14, 44, 60, 61][38, 66, 3, 23, 0, 2, 14, 44, 60, 61][38, 66, 3, 23, 0, 2, 14, 44, 60, 61][38, 66, 3, 23, 0, 2, 14, 44, 60, 61] 
[38, 66, 3, 23, 0, 2, 14, 44, 60, 61][19, 69, 29, 66, 48, 39, 65, 5, 54, 38][37, 18, 39, 32, 65, 19, 36, 45, 58, 64][45, 58, 64, 35, 34, 25, 41, 57, 51, 56][17, 20, 52, 10, 55, 8, 28, 56, 6, 21][47, 7, 53, 46, 40, 4, 12, 41, 27, 67][9, 31, 1, 49, 26, 62, 24, 21, 30, 63][22, 13, 43, 50, 33, 20, 10, 16, 1, 31][9, 59, 68, 11, 15, 49, 42, 24, 30, 26][45, 58, 64, 35, 34, 25, 41, 57, 51, 56][38, 66, 3, 23, 0, 2, 14, 44, 60, 61][38, 66, 3, 23, 0, 2, 14, 44, 60, 61][38, 66, 3, 23, 0, 2, 14, 44, 60, 61][38, 66, 3, 23, 0, 2, 14, 44, 60, 61][38, 66, 3, 23, 0, 2, 14, 44, 60, 61] 
[38, 66, 3, 23, 0, 2, 14, 44, 60, 61][19, 69, 29, 66, 48, 39, 65, 5, 54, 38][37, 18, 39, 32, 65, 19, 36, 45, 58, 64][45, 58, 64, 35, 34, 25, 41, 57, 51, 56][17, 20, 52, 10, 55, 8, 28, 56, 6, 21][47, 7, 53, 46, 40, 4, 12, 41, 27, 67][9, 31, 1, 49, 26, 62, 24, 21, 30, 63][22, 13, 43, 50, 33, 20, 10, 16, 1, 31][9, 59, 68, 11, 15, 49, 42, 24, 30, 26][45, 58, 64, 35, 34, 25, 41, 57, 51, 56][38, 66, 3, 23, 0, 2, 14, 44, 60, 61][38, 66, 3, 23, 0, 2, 14, 44, 60, 61][38, 66, 3, 23, 0, 2, 14, 44, 60, 61][38, 66, 3, 23, 0, 2, 14, 44, 60, 61][38, 66, 3, 23, 0, 2, 14, 44, 60, 61] 
[9, 31, 1, 49, 26, 62, 24, 21, 30, 63][17, 20, 52, 10, 55, 8, 28, 56, 6, 21][12, 40, 7, 53, 47, 6, 56, 51, 57, 34][25, 34, 35, 64, 58, 45, 36, 19, 65, 32][19, 69, 29, 66, 48, 39, 65, 5, 54, 38][38, 66, 3, 23, 0, 2, 14, 44, 60, 61][22, 13, 43, 50, 33, 20, 10, 16, 1, 31][9, 59, 68, 11, 15, 49, 42, 24, 30, 26][47, 7, 53, 46, 40, 4, 12, 41, 27, 67][37, 18, 39, 32, 65, 19, 36, 45, 58, 64][19, 69, 29, 66, 48, 39, 65, 5, 54, 38][38, 66, 3, 23, 0, 2, 14, 44, 60, 61][12, 40, 7, 53, 47, 6, 56, 51, 57, 34][47, 7, 53, 46, 40, 4, 12, 41, 27, 67][19, 69, 29, 66, 48, 39, 65, 5, 54, 38] 
[17, 20, 52, 10, 55, 8, 28, 56, 6, 21][9, 31, 1, 49, 26, 62, 24, 21, 30, 63][12, 40, 7, 53, 47, 6, 56, 51, 57, 34][25, 34, 35, 64, 58, 45, 36, 19, 65, 32][19, 69, 29, 66, 48, 39, 65, 5, 54, 38][38, 66, 3, 23, 0, 2, 14, 44, 60, 61][22, 13, 43, 50, 33, 20, 10, 16, 1, 31][9, 59, 68, 11, 15, 49, 42, 24, 30, 26][47, 7, 53, 46, 40, 4, 12, 41, 27, 67][37, 18, 39, 32, 65, 19, 36, 45, 58, 64][22, 13, 43, 50, 33, 20, 10, 16, 1, 31][25, 34, 35, 64, 58, 45, 36, 19, 65, 32][38, 66, 3, 23, 0, 2, 14, 44, 60, 61][22, 13, 43, 50, 33, 20, 10, 16, 1, 31][19, 69, 29, 66, 48, 39, 65, 5, 54, 38] 
[22, 13, 43, 50, 33, 20, 10, 16, 1, 31][17, 20, 52, 10, 55, 8, 28, 56, 6, 21][12, 40, 7, 53, 47, 6, 56, 51, 57, 34][25, 34, 35, 64, 58, 45, 36, 19, 65, 32][54, 5, 37, 18, 19, 3, 29, 48, 69, 66][38, 66, 3, 23, 0, 2, 14, 44, 60, 61][9, 31, 1, 49, 26, 62, 24, 21, 30, 63][47, 7, 53, 46, 40, 4, 12, 41, 27, 67][9, 59, 68, 11, 15, 49, 42, 24, 30, 26][34, 35, 64, 58, 45, 36, 19, 65, 32, 39][25, 34, 35, 64, 58, 45, 36, 19, 65, 32][54, 5, 37, 18, 19, 3, 29, 48, 69, 66][12, 40, 7, 53, 47, 6, 56, 51, 57, 34][25, 34, 35, 64, 58, 45, 36, 19, 65, 32][34, 35, 64, 58, 45, 36, 19, 65, 32, 39] 
[17, 20, 52, 10, 55, 8, 28, 56, 6, 21][9, 31, 1, 49, 26, 62, 24, 21, 30, 63][45, 58, 64, 35, 34, 25, 41, 57, 51, 56][47, 7, 53, 46, 40, 4, 12, 41, 27, 67][37, 18, 39, 32, 65, 19, 36, 45, 58, 64][38, 66, 3, 23, 0, 2, 14, 44, 60, 61][19, 69, 29, 66, 48, 39, 65, 5, 54, 38][22, 13, 43, 50, 33, 20, 10, 16, 1, 31][9, 59, 68, 11, 15, 49, 42, 24, 30, 26][38, 66, 3, 23, 0, 2, 14, 44, 60, 61][38, 66, 3, 23, 0, 2, 14, 44, 60, 61][47, 7, 53, 46, 40, 4, 12, 41, 27, 67][38, 66, 3, 23, 0, 2, 14, 44, 60, 61][38, 66, 3, 23, 0, 2, 14, 44, 60, 61][38, 66, 3, 23, 0, 2, 14, 44, 60, 61] 
[38, 66, 3, 23, 0, 2, 14, 44, 60, 61][19, 69, 29, 66, 48, 39, 65, 5, 54, 38][37, 18, 39, 32, 65, 19, 36, 45, 58, 64][45, 58, 64, 35, 34, 25, 41, 57, 51, 56][17, 20, 52, 10, 55, 8, 28, 56, 6, 21][47, 7, 53, 46, 40, 4, 12, 41, 27, 67][9, 31, 1, 49, 26, 62, 24, 21, 30, 63][22, 13, 43, 50, 33, 20, 10, 16, 1, 31][9, 59, 68, 11, 15, 49, 42, 24, 30, 26][45, 58, 64, 35, 34, 25, 41, 57, 51, 56][38, 66, 3, 23, 0, 2, 14, 44, 60, 61][38, 66, 3, 23, 0, 2, 14, 44, 60, 61][38, 66, 3, 23, 0, 2, 14, 44, 60, 61][38, 66, 3, 23, 0, 2, 14, 44, 60, 61][38, 66, 3, 23, 0, 2, 14, 44, 60, 61] 
[22, 13, 43, 50, 33, 20, 10, 16, 1, 31][38, 66, 3, 23, 0, 2, 14, 44, 60, 61][19, 69, 29, 66, 48, 39, 65, 5, 54, 38][9, 31, 1, 49, 26, 62, 24, 21, 30, 63][25, 34, 35, 64, 58, 45, 36, 19, 65, 32][9, 59, 68, 11, 15, 49, 42, 24, 30, 26][12, 40, 7, 53, 47, 6, 56, 51, 57, 34][47, 7, 53, 46, 40, 4, 12, 41, 27, 67][17, 20, 52, 10, 55, 8, 28, 56, 6, 21][37, 18, 39, 32, 65, 19, 36, 45, 58, 64][25, 34, 35, 64, 58, 45, 36, 19, 65, 32][22, 13, 43, 50, 33, 20, 10, 16, 1, 31][38, 66, 3, 23, 0, 2, 14, 44, 60, 61][38, 66, 3, 23, 0, 2, 14, 44, 60, 61][19, 69, 29, 66, 48, 39, 65, 5, 54, 38] 
[37, 18, 39, 32, 65, 19, 36, 45, 58, 64][19, 69, 29, 66, 48, 39, 65, 5, 54, 38][38, 66, 3, 23, 0, 2, 14, 44, 60, 61][9, 59, 68, 11, 15, 49, 42, 24, 30, 26][45, 58, 64, 35, 34, 25, 41, 57, 51, 56][47, 7, 53, 46, 40, 4, 12, 41, 27, 67][22, 13, 43, 50, 33, 20, 10, 16, 1, 31][17, 20, 52, 10, 55, 8, 28, 56, 6, 21][9, 31, 1, 49, 26, 62, 24, 21, 30, 63][38, 66, 3, 23, 0, 2, 14, 44, 60, 61][38, 66, 3, 23, 0, 2, 14, 44, 60, 61][22, 13, 43, 50, 33, 20, 10, 16, 1, 31][47, 7, 53, 46, 40, 4, 12, 41, 27, 67][37, 18, 39, 32, 65, 19, 36, 45, 58, 64][38, 66, 3, 23, 0, 2, 14, 44, 60, 61] 
[37, 18, 39, 32, 65, 19, 36, 45, 58, 64][45, 58, 64, 35, 34, 25, 41, 57, 51, 56][47, 7, 53, 46, 40, 4, 12, 41, 27, 67][17, 20, 52, 10, 55, 8, 28, 56, 6, 21][9, 59, 68, 11, 15, 49, 42, 24, 30, 26][19, 69, 29, 66, 48, 39, 65, 5, 54, 38][38, 66, 3, 23, 0, 2, 14, 44, 60, 61][22, 13, 43, 50, 33, 20, 10, 16, 1, 31][9, 31, 1, 49, 26, 62, 24, 21, 30, 63][38, 66, 3, 23, 0, 2, 14, 44, 60, 61][38, 66, 3, 23, 0, 2, 14, 44, 60, 61][38, 66, 3, 23, 0, 2, 14, 44, 60, 61][45, 58, 64, 35, 34, 25, 41, 57, 51, 56][38, 66, 3, 23, 0, 2, 14, 44, 60, 61][38, 66, 3, 23, 0, 2, 14, 44, 60, 61] 
[38, 66, 3, 23, 0, 2, 14, 44, 60, 61][19, 69, 29, 66, 48, 39, 65, 5, 54, 38][37, 18, 39, 32, 65, 19, 36, 45, 58, 64][45, 58, 64, 35, 34, 25, 41, 57, 51, 56][17, 20, 52, 10, 55, 8, 28, 56, 6, 21][47, 7, 53, 46, 40, 4, 12, 41, 27, 67][9, 31, 1, 49, 26, 62, 24, 21, 30, 63][22, 13, 43, 50, 33, 20, 10, 16, 1, 31][9, 59, 68, 11, 15, 49, 42, 24, 30, 26][45, 58, 64, 35, 34, 25, 41, 57, 51, 56][38, 66, 3, 23, 0, 2, 14, 44, 60, 61][38, 66, 3, 23, 0, 2, 14, 44, 60, 61][38, 66, 3, 23, 0, 2, 14, 44, 60, 61][38, 66, 3, 23, 0, 2, 14, 44, 60, 61][38, 66, 3, 23, 0, 2, 14, 44, 60, 61] 
[17, 20, 52, 10, 55, 8, 28, 56, 6, 21][9, 31, 1, 49, 26, 62, 24, 21, 30, 63][12, 40, 7, 53, 47, 6, 56, 51, 57, 34][25, 34, 35, 64, 58, 45, 36, 19, 65, 32][19, 69, 29, 66, 48, 39, 65, 5, 54, 38][38, 66, 3, 23, 0, 2, 14, 44, 60, 61][22, 13, 43, 50, 33, 20, 10, 16, 1, 31][9, 59, 68, 11, 15, 49, 42, 24, 30, 26][47, 7, 53, 46, 40, 4, 12, 41, 27, 67][37, 18, 39, 32, 65, 19, 36, 45, 58, 64][22, 13, 43, 50, 33, 20, 10, 16, 1, 31][25, 34, 35, 64, 58, 45, 36, 19, 65, 32][38, 66, 3, 23, 0, 2, 14, 44, 60, 61][22, 13, 43, 50, 33, 20, 10, 16, 1, 31][19, 69, 29, 66, 48, 39, 65, 5, 54, 38] 
[37, 18, 39, 32, 65, 19, 36, 45, 58, 64][19, 69, 29, 66, 48, 39, 65, 5, 54, 38][38, 66, 3, 23, 0, 2, 14, 44, 60, 61][9, 59, 68, 11, 15, 49, 42, 24, 30, 26][45, 58, 64, 35, 34, 25, 41, 57, 51, 56][47, 7, 53, 46, 40, 4, 12, 41, 27, 67][22, 13, 43, 50, 33, 20, 10, 16, 1, 31][17, 20, 52, 10, 55, 8, 28, 56, 6, 21][9, 31, 1, 49, 26, 62, 24, 21, 30, 63][38, 66, 3, 23, 0, 2, 14, 44, 60, 61][38, 66, 3, 23, 0, 2, 14, 44, 60, 61][22, 13, 43, 50, 33, 20, 10, 16, 1, 31][47, 7, 53, 46, 40, 4, 12, 41, 27, 67][37, 18, 39, 32, 65, 19, 36, 45, 58, 64][38, 66, 3, 23, 0, 2, 14, 44, 60, 61] 
[37, 18, 39, 32, 65, 19, 36, 45, 58, 64][19, 69, 29, 66, 48, 39, 65, 5, 54, 38][38, 66, 3, 23, 0, 2, 14, 44, 60, 61][9, 59, 68, 11, 15, 49, 42, 24, 30, 26][45, 58, 64, 35, 34, 25, 41, 57, 51, 56][47, 7, 53, 46, 40, 4, 12, 41, 27, 67][22, 13, 43, 50, 33, 20, 10, 16, 1, 31][17, 20, 52, 10, 55, 8, 28, 56, 6, 21][9, 31, 1, 49, 26, 62, 24, 21, 30, 63][38, 66, 3, 23, 0, 2, 14, 44, 60, 61][38, 66, 3, 23, 0, 2, 14, 44, 60, 61][22, 13, 43, 50, 33, 20, 10, 16, 1, 31][47, 7, 53, 46, 40, 4, 12, 41, 27, 67][37, 18, 39, 32, 65, 19, 36, 45, 58, 64][38, 66, 3, 23, 0, 2, 14, 44, 60, 61] 
[20, 55, 10, 59, 1, 31, 9, 17, 61, 60, 44, 14, 2, 0, 23, 3, 66, 38][38, 66, 3, 23, 0, 2, 14, 44, 60, 61][19, 69, 29, 66, 48, 39, 65, 5, 54, 38][37, 18, 39, 32, 65, 19, 36, 45, 58, 64][45, 58, 64, 35, 34, 25, 41, 57, 51, 56][47, 7, 53, 46, 40, 4, 12, 41, 27, 67][17, 20, 52, 10, 55, 8, 28, 56, 6, 21][9, 31, 1, 49, 26, 62, 24, 21, 30, 63][22, 13, 43, 50, 33, 20, 10, 16, 1, 31][9, 59, 68, 11, 15, 49, 42, 24, 30, 26][38, 66, 3, 23, 0, 2, 14, 44, 60, 61][38, 66, 3, 23, 0, 2, 14, 44, 60, 61][38, 66, 3, 23, 0, 2, 14, 44, 60, 61][38, 66, 3, 23, 0, 2, 14, 44, 60, 61][38, 66, 3, 23, 0, 2, 14, 44, 60, 61] 
[20, 55, 10, 59, 1, 31, 9, 17, 61, 60, 44, 14, 2, 0, 23, 3, 66, 38][38, 66, 3, 23, 0, 2, 14, 44, 60, 61][19, 69, 29, 66, 48, 39, 65, 5, 54, 38][37, 18, 39, 32, 65, 19, 36, 45, 58, 64][45, 58, 64, 35, 34, 25, 41, 57, 51, 56][47, 7, 53, 46, 40, 4, 12, 41, 27, 67][17, 20, 52, 10, 55, 8, 28, 56, 6, 21][9, 31, 1, 49, 26, 62, 24, 21, 30, 63][22, 13, 43, 50, 33, 20, 10, 16, 1, 31][9, 59, 68, 11, 15, 49, 42, 24, 30, 26][38, 66, 3, 23, 0, 2, 14, 44, 60, 61][38, 66, 3, 23, 0, 2, 14, 44, 60, 61][38, 66, 3, 23, 0, 2, 14, 44, 60, 61][38, 66, 3, 23, 0, 2, 14, 44, 60, 61][38, 66, 3, 23, 0, 2, 14, 44, 60, 61] 
[1, 68, 9, 16, 55, 20, 17, 61, 60, 44, 14, 2, 0, 23, 3, 66, 38][37, 18, 39, 32, 65, 19, 36, 45, 58, 64][19, 69, 29, 66, 48, 39, 65, 5, 54, 38][38, 66, 3, 23, 0, 2, 14, 44, 60, 61][45, 58, 64, 35, 34, 25, 41, 57, 51, 56][47, 7, 53, 46, 40, 4, 12, 41, 27, 67][17, 20, 52, 10, 55, 8, 28, 56, 6, 21][9, 31, 1, 49, 26, 62, 24, 21, 30, 63][22, 13, 43, 50, 33, 20, 10, 16, 1, 31][9, 59, 68, 11, 15, 49, 42, 24, 30, 26][38, 66, 3, 23, 0, 2, 14, 44, 60, 61][38, 66, 3, 23, 0, 2, 14, 44, 60, 61][38, 66, 3, 23, 0, 2, 14, 44, 60, 61][38, 66, 3, 23, 0, 2, 14, 44, 60, 61][38, 66, 3, 23, 0, 2, 14, 44, 60, 61] 
[8, 55, 20, 10, 17, 61, 60, 44, 14, 2, 0, 23, 3, 66, 38][37, 18, 39, 32, 65, 19, 36, 45, 58, 64][19, 69, 29, 66, 48, 39, 65, 5, 54, 38][38, 66, 3, 23, 0, 2, 14, 44, 60, 61][45, 58, 64, 35, 34, 25, 41, 57, 51, 56][47, 7, 53, 46, 40, 4, 12, 41, 27, 67][17, 20, 52, 10, 55, 8, 28, 56, 6, 21][9, 31, 1, 49, 26, 62, 24, 21, 30, 63][22, 13, 43, 50, 33, 20, 10, 16, 1, 31][9, 59, 68, 11, 15, 49, 42, 24, 30, 26][38, 66, 3, 23, 0, 2, 14, 44, 60, 61][38, 66, 3, 23, 0, 2, 14, 44, 60, 61][38, 66, 3, 23, 0, 2, 14, 44, 60, 61][38, 66, 3, 23, 0, 2, 14, 44, 60, 61][38, 66, 3, 23, 0, 2, 14, 44, 60, 61] 
[36, 22, 13, 20, 43, 61, 60, 44, 14, 2, 0, 23, 3, 66, 38][17, 20, 52, 10, 55, 8, 28, 56, 6, 21][9, 31, 1, 49, 26, 62, 24, 21, 30, 63][45, 58, 64, 35, 34, 25, 41, 57, 51, 56][47, 7, 53, 46, 40, 4, 12, 41, 27, 67][37, 18, 39, 32, 65, 19, 36, 45, 58, 64][19, 69, 29, 66, 48, 39, 65, 5, 54, 38][38, 66, 3, 23, 0, 2, 14, 44, 60, 61][22, 13, 43, 50, 33, 20, 10, 16, 1, 31][9, 59, 68, 11, 15, 49, 42, 24, 30, 26][38, 66, 3, 23, 0, 2, 14, 44, 60, 61][38, 66, 3, 23, 0, 2, 14, 44, 60, 61][38, 66, 3, 23, 0, 2, 14, 44, 60, 61][38, 66, 3, 23, 0, 2, 14, 44, 60, 61][38, 66, 3, 23, 0, 2, 14, 44, 60, 61] 
[20, 17, 61, 60, 44, 14, 2, 0, 23, 3, 66, 38][37, 18, 39, 32, 65, 19, 36, 45, 58, 64][19, 69, 29, 66, 48, 39, 65, 5, 54, 38][38, 66, 3, 23, 0, 2, 14, 44, 60, 61][45, 58, 64, 35, 34, 25, 41, 57, 51, 56][47, 7, 53, 46, 40, 4, 12, 41, 27, 67][17, 20, 52, 10, 55, 8, 28, 56, 6, 21][9, 31, 1, 49, 26, 62, 24, 21, 30, 63][22, 13, 43, 50, 33, 20, 10, 16, 1, 31][9, 59, 68, 11, 15, 49, 42, 24, 30, 26][38, 66, 3, 23, 0, 2, 14, 44, 60, 61][38, 66, 3, 23, 0, 2, 14, 44, 60, 61][38, 66, 3, 23, 0, 2, 14, 44, 60, 61][38, 66, 3, 23, 0, 2, 14, 44, 60, 61][38, 66, 3, 23, 0, 2, 14, 44, 60, 61] 
[16, 9, 31, 1, 11, 59, 17, 61, 60, 44, 14, 2, 0, 23, 3, 66, 38][49, 62, 15, 30, 24, 63, 21, 6, 56, 28, 8, 55, 10, 52][38, 66, 3, 23, 0, 2, 14, 44, 60, 61][19, 69, 29, 66, 48, 39, 65, 5, 54, 38][37, 18, 39, 32, 65, 19, 36, 45, 58, 64][45, 58, 64, 35, 34, 25, 41, 57, 51, 56][47, 7, 53, 46, 40, 4, 12, 41, 27, 67][9, 31, 1, 49, 26, 62, 24, 21, 30, 63][22, 13, 43, 50, 33, 20, 10, 16, 1, 31][9, 59, 68, 11, 15, 49, 42, 24, 30, 26][38, 66, 3, 23, 0, 2, 14, 44, 60, 61][38, 66, 3, 23, 0, 2, 14, 44, 60, 61][38, 66, 3, 23, 0, 2, 14, 44, 60, 61][38, 66, 3, 23, 0, 2, 14, 44, 60, 61][38, 66, 3, 23, 0, 2, 14, 44, 60, 61] 
[16, 9, 31, 1, 11, 59, 17, 61, 60, 44, 14, 2, 0, 23, 3, 66, 38][49, 62, 15, 30, 24, 63, 21, 6, 56, 28, 8, 55, 10, 52][38, 66, 3, 23, 0, 2, 14, 44, 60, 61][19, 69, 29, 66, 48, 39, 65, 5, 54, 38][37, 18, 39, 32, 65, 19, 36, 45, 58, 64][45, 58, 64, 35, 34, 25, 41, 57, 51, 56][47, 7, 53, 46, 40, 4, 12, 41, 27, 67][9, 31, 1, 49, 26, 62, 24, 21, 30, 63][22, 13, 43, 50, 33, 20, 10, 16, 1, 31][9, 59, 68, 11, 15, 49, 42, 24, 30, 26][38, 66, 3, 23, 0, 2, 14, 44, 60, 61][38, 66, 3, 23, 0, 2, 14, 44, 60, 61][38, 66, 3, 23, 0, 2, 14, 44, 60, 61][38, 66, 3, 23, 0, 2, 14, 44, 60, 61][38, 66, 3, 23, 0, 2, 14, 44, 60, 61] 
[8, 55, 20, 10, 17, 61, 60, 44, 14, 2, 0, 23, 3, 66, 38][37, 18, 39, 32, 65, 19, 36, 45, 58, 64][19, 69, 29, 66, 48, 39, 65, 5, 54, 38][38, 66, 3, 23, 0, 2, 14, 44, 60, 61][45, 58, 64, 35, 34, 25, 41, 57, 51, 56][47, 7, 53, 46, 40, 4, 12, 41, 27, 67][17, 20, 52, 10, 55, 8, 28, 56, 6, 21][9, 31, 1, 49, 26, 62, 24, 21, 30, 63][22, 13, 43, 50, 33, 20, 10, 16, 1, 31][9, 59, 68, 11, 15, 49, 42, 24, 30, 26][38, 66, 3, 23, 0, 2, 14, 44, 60, 61][38, 66, 3, 23, 0, 2, 14, 44, 60, 61][38, 66, 3, 23, 0, 2, 14, 44, 60, 61][38, 66, 3, 23, 0, 2, 14, 44, 60, 61][38, 66, 3, 23, 0, 2, 14, 44, 60, 61] 
[16, 9, 31, 1, 11, 59, 17, 61, 60, 44, 14, 2, 0, 23, 3, 66, 38][20, 52, 10, 55, 8, 28, 56, 6, 21, 63, 24, 30, 15, 62, 49, 42][38, 66, 3, 23, 0, 2, 14, 44, 60, 61][19, 69, 29, 66, 48, 39, 65, 5, 54, 38][37, 18, 39, 32, 65, 19, 36, 45, 58, 64][45, 58, 64, 35, 34, 25, 41, 57, 51, 56][47, 7, 53, 46, 40, 4, 12, 41, 27, 67][9, 31, 1, 49, 26, 62, 24, 21, 30, 63][22, 13, 43, 50, 33, 20, 10, 16, 1, 31][9, 59, 68, 11, 15, 49, 42, 24, 30, 26][38, 66, 3, 23, 0, 2, 14, 44, 60, 61][38, 66, 3, 23, 0, 2, 14, 44, 60, 61][38, 66, 3, 23, 0, 2, 14, 44, 60, 61][38, 66, 3, 23, 0, 2, 14, 44, 60, 61][38, 66, 3, 23, 0, 2, 14, 44, 60, 61] 
[1, 68, 9, 16, 55, 20, 17, 61, 60, 44, 14, 2, 0, 23, 3, 66, 38][21, 6, 56, 28, 8, 55, 10, 52, 20, 17, 59][37, 18, 39, 32, 65, 19, 36, 45, 58, 64][19, 69, 29, 66, 48, 39, 65, 5, 54, 38][38, 66, 3, 23, 0, 2, 14, 44, 60, 61][45, 58, 64, 35, 34, 25, 41, 57, 51, 56][47, 7, 53, 46, 40, 4, 12, 41, 27, 67][9, 31, 1, 49, 26, 62, 24, 21, 30, 63][22, 13, 43, 50, 33, 20, 10, 16, 1, 31][9, 59, 68, 11, 15, 49, 42, 24, 30, 26][38, 66, 3, 23, 0, 2, 14, 44, 60, 61][38, 66, 3, 23, 0, 2, 14, 44, 60, 61][38, 66, 3, 23, 0, 2, 14, 44, 60, 61][38, 66, 3, 23, 0, 2, 14, 44, 60, 61][38, 66, 3, 23, 0, 2, 14, 44, 60, 61] 
[1, 68, 9, 16, 55, 20, 17, 61, 60, 44, 14, 2, 0, 23, 3, 66, 38][37, 18, 39, 32, 65, 19, 36, 45, 58, 64][19, 69, 29, 66, 48, 39, 65, 5, 54, 38][38, 66, 3, 23, 0, 2, 14, 44, 60, 61][45, 58, 64, 35, 34, 25, 41, 57, 51, 56][47, 7, 53, 46, 40, 4, 12, 41, 27, 67][17, 20, 52, 10, 55, 8, 28, 56, 6, 21][9, 31, 1, 49, 26, 62, 24, 21, 30, 63][22, 13, 43, 50, 33, 20, 10, 16, 1, 31][9, 59, 68, 11, 15, 49, 42, 24, 30, 26][38, 66, 3, 23, 0, 2, 14, 44, 60, 61][38, 66, 3, 23, 0, 2, 14, 44, 60, 61][38, 66, 3, 23, 0, 2, 14, 44, 60, 61][38, 66, 3, 23, 0, 2, 14, 44, 60, 61][38, 66, 3, 23, 0, 2, 14, 44, 60, 61] 
[36, 22, 13, 20, 43, 61, 60, 44, 14, 2, 0, 23, 3, 66, 38][17, 20, 52, 10, 55, 8, 28, 56, 6, 21][9, 31, 1, 49, 26, 62, 24, 21, 30, 63][45, 58, 64, 35, 34, 25, 41, 57, 51, 56][47, 7, 53, 46, 40, 4, 12, 41, 27, 67][37, 18, 39, 32, 65, 19, 36, 45, 58, 64][19, 69, 29, 66, 48, 39, 65, 5, 54, 38][38, 66, 3, 23, 0, 2, 14, 44, 60, 61][22, 13, 43, 50, 33, 20, 10, 16, 1, 31][9, 59, 68, 11, 15, 49, 42, 24, 30, 26][38, 66, 3, 23, 0, 2, 14, 44, 60, 61][38, 66, 3, 23, 0, 2, 14, 44, 60, 61][38, 66, 3, 23, 0, 2, 14, 44, 60, 61][38, 66, 3, 23, 0, 2, 14, 44, 60, 61][38, 66, 3, 23, 0, 2, 14, 44, 60, 61] 
[1, 68, 9, 16, 55, 20, 17, 61, 60, 44, 14, 2, 0, 23, 3, 66, 38][21, 6, 56, 28, 8, 55, 10, 52, 20, 17, 59][37, 18, 39, 32, 65, 19, 36, 45, 58, 64][19, 69, 29, 66, 48, 39, 65, 5, 54, 38][38, 66, 3, 23, 0, 2, 14, 44, 60, 61][45, 58, 64, 35, 34, 25, 41, 57, 51, 56][47, 7, 53, 46, 40, 4, 12, 41, 27, 67][9, 31, 1, 49, 26, 62, 24, 21, 30, 63][22, 13, 43, 50, 33, 20, 10, 16, 1, 31][9, 59, 68, 11, 15, 49, 42, 24, 30, 26][38, 66, 3, 23, 0, 2, 14, 44, 60, 61][38, 66, 3, 23, 0, 2, 14, 44, 60, 61][38, 66, 3, 23, 0, 2, 14, 44, 60, 61][38, 66, 3, 23, 0, 2, 14, 44, 60, 61][38, 66, 3, 23, 0, 2, 14, 44, 60, 61] 
[1, 68, 9, 16, 55, 20, 17, 61, 60, 44, 14, 2, 0, 23, 3, 66, 38][37, 18, 39, 32, 65, 19, 36, 45, 58, 64][19, 69, 29, 66, 48, 39, 65, 5, 54, 38][38, 66, 3, 23, 0, 2, 14, 44, 60, 61][45, 58, 64, 35, 34, 25, 41, 57, 51, 56][47, 7, 53, 46, 40, 4, 12, 41, 27, 67][17, 20, 52, 10, 55, 8, 28, 56, 6, 21][9, 31, 1, 49, 26, 62, 24, 21, 30, 63][22, 13, 43, 50, 33, 20, 10, 16, 1, 31][9, 59, 68, 11, 15, 49, 42, 24, 30, 26][38, 66, 3, 23, 0, 2, 14, 44, 60, 61][38, 66, 3, 23, 0, 2, 14, 44, 60, 61][38, 66, 3, 23, 0, 2, 14, 44, 60, 61][38, 66, 3, 23, 0, 2, 14, 44, 60, 61][38, 66, 3, 23, 0, 2, 14, 44, 60, 61] 
[31, 9, 1, 11, 59, 17, 20, 52, 10, 55, 8, 28, 56, 6, 21, 63, 24, 30, 15, 62, 49, 42][9, 31, 1, 11, 59, 17, 61, 60, 44, 14, 2, 0, 23, 3, 66, 38][38, 66, 3, 23, 0, 2, 14, 44, 60, 61][19, 69, 29, 66, 48, 39, 65, 5, 54, 38][37, 18, 39, 32, 65, 19, 36, 45, 58, 64][45, 58, 64, 35, 34, 25, 41, 57, 51, 56][47, 7, 53, 46, 40, 4, 12, 41, 27, 67][9, 31, 1, 49, 26, 62, 24, 21, 30, 63][22, 13, 43, 50, 33, 20, 10, 16, 1, 31][9, 59, 68, 11, 15, 49, 42, 24, 30, 26][38, 66, 3, 23, 0, 2, 14, 44, 60, 61][38, 66, 3, 23, 0, 2, 14, 44, 60, 61][38, 66, 3, 23, 0, 2, 14, 44, 60, 61][38, 66, 3, 23, 0, 2, 14, 44, 60, 61][38, 66, 3, 23, 0, 2, 14, 44, 60, 61] 
[63, 24, 42, 62, 49, 15, 30, 21, 6, 56, 28, 8, 55, 10, 52, 20, 17, 59, 9, 16, 1, 11, 68][1, 68, 9, 16, 55, 20, 17, 61, 60, 44, 14, 2, 0, 23, 3, 66, 38][1, 31, 9, 59, 68, 11, 15, 49, 42, 24, 30, 26][37, 18, 39, 32, 65, 19, 36, 45, 58, 64][19, 69, 29, 66, 48, 39, 65, 5, 54, 38][38, 66, 3, 23, 0, 2, 14, 44, 60, 61][45, 58, 64, 35, 34, 25, 41, 57, 51, 56][47, 7, 53, 46, 40, 4, 12, 41, 27, 67][9, 31, 1, 49, 26, 62, 24, 21, 30, 63][22, 13, 43, 50, 33, 20, 10, 16, 1, 31][38, 66, 3, 23, 0, 2, 14, 44, 60, 61][38, 66, 3, 23, 0, 2, 14, 44, 60, 61][38, 66, 3, 23, 0, 2, 14, 44, 60, 61][38, 66, 3, 23, 0, 2, 14, 44, 60, 61][38, 66, 3, 23, 0, 2, 14, 44, 60, 61] 
[9, 31, 1, 11, 59, 17, 61, 60, 44, 14, 2, 0, 23, 3, 66, 38][38, 66, 3, 23, 0, 2, 14, 44, 60, 61][19, 69, 29, 66, 48, 39, 65, 5, 54, 38][37, 18, 39, 32, 65, 19, 36, 45, 58, 64][45, 58, 64, 35, 34, 25, 41, 57, 51, 56][47, 7, 53, 46, 40, 4, 12, 41, 27, 67][24, 63, 21, 6, 56, 28, 8, 55, 10, 52][9, 31, 1, 49, 26, 62, 24, 21, 30, 63][22, 13, 43, 50, 33, 20, 10, 16, 1, 31][9, 59, 68, 11, 15, 49, 42, 24, 30, 26][38, 66, 3, 23, 0, 2, 14, 44, 60, 61][38, 66, 3, 23, 0, 2, 14, 44, 60, 61][38, 66, 3, 23, 0, 2, 14, 44, 60, 61][38, 66, 3, 23, 0, 2, 14, 44, 60, 61][38, 66, 3, 23, 0, 2, 14, 44, 60, 61] 
[31, 9, 1, 11, 59, 17, 20, 52, 10, 55, 8, 28, 56, 6, 21, 63, 24, 30, 15, 62, 49, 42][16, 9, 31, 1, 11, 59, 17, 61, 60, 44, 14, 2, 0, 23, 3, 66, 38][38, 66, 3, 23, 0, 2, 14, 44, 60, 61][19, 69, 29, 66, 48, 39, 65, 5, 54, 38][37, 18, 39, 32, 65, 19, 36, 45, 58, 64][45, 58, 64, 35, 34, 25, 41, 57, 51, 56][47, 7, 53, 46, 40, 4, 12, 41, 27, 67][9, 31, 1, 49, 26, 62, 24, 21, 30, 63][22, 13, 43, 50, 33, 20, 10, 16, 1, 31][9, 59, 68, 11, 15, 49, 42, 24, 30, 26][38, 66, 3, 23, 0, 2, 14, 44, 60, 61][38, 66, 3, 23, 0, 2, 14, 44, 60, 61][38, 66, 3, 23, 0, 2, 14, 44, 60, 61][38, 66, 3, 23, 0, 2, 14, 44, 60, 61][38, 66, 3, 23, 0, 2, 14, 44, 60, 61] 
[63, 24, 42, 62, 49, 15, 30, 21, 6, 56, 28, 8, 55, 10, 52, 20, 17, 59, 9, 16, 1, 11, 68][1, 68, 9, 16, 55, 20, 17, 61, 60, 44, 14, 2, 0, 23, 3, 66, 38][1, 31, 9, 59, 68, 11, 15, 49, 42, 24, 30, 26][37, 18, 39, 32, 65, 19, 36, 45, 58, 64][19, 69, 29, 66, 48, 39, 65, 5, 54, 38][38, 66, 3, 23, 0, 2, 14, 44, 60, 61][45, 58, 64, 35, 34, 25, 41, 57, 51, 56][47, 7, 53, 46, 40, 4, 12, 41, 27, 67][9, 31, 1, 49, 26, 62, 24, 21, 30, 63][22, 13, 43, 50, 33, 20, 10, 16, 1, 31][38, 66, 3, 23, 0, 2, 14, 44, 60, 61][38, 66, 3, 23, 0, 2, 14, 44, 60, 61][38, 66, 3, 23, 0, 2, 14, 44, 60, 61][38, 66, 3, 23, 0, 2, 14, 44, 60, 61][38, 66, 3, 23, 0, 2, 14, 44, 60, 61] 
[31, 9, 1, 11, 59, 17, 20, 52, 10, 55, 8, 28, 56, 6, 21, 63, 24, 30, 15, 62, 49, 42][10, 16, 9, 31, 1, 11, 59, 17, 61, 60, 44, 14, 2, 0, 23, 3, 66, 38][38, 66, 3, 23, 0, 2, 14, 44, 60, 61][19, 69, 29, 66, 48, 39, 65, 5, 54, 38][37, 18, 39, 32, 65, 19, 36, 45, 58, 64][45, 58, 64, 35, 34, 25, 41, 57, 51, 56][47, 7, 53, 46, 40, 4, 12, 41, 27, 67][9, 31, 1, 49, 26, 62, 24, 21, 30, 63][22, 13, 43, 50, 33, 20, 10, 16, 1, 31][9, 59, 68, 11, 15, 49, 42, 24, 30, 26][38, 66, 3, 23, 0, 2, 14, 44, 60, 61][38, 66, 3, 23, 0, 2, 14, 44, 60, 61][38, 66, 3, 23, 0, 2, 14, 44, 60, 61][38, 66, 3, 23, 0, 2, 14, 44, 60, 61][38, 66, 3, 23, 0, 2, 14, 44, 60, 61] 
[37, 18, 39, 32, 65, 19, 36, 45, 58, 64][45, 58, 64, 35, 34, 25, 41, 57, 51, 56][47, 7, 53, 46, 40, 4, 12, 41, 27, 67][17, 20, 52, 10, 55, 8, 28, 56, 6, 21][9, 59, 68, 11, 15, 49, 42, 24, 30, 26][19, 69, 29, 66, 48, 39, 65, 5, 54, 38][38, 66, 3, 23, 0, 2, 14, 44, 60, 61][22, 13, 43, 50, 33, 20, 10, 16, 1, 31][9, 31, 1, 49, 26, 62, 24, 21, 30, 63][38, 66, 3, 23, 0, 2, 14, 44, 60, 61][38, 66, 3, 23, 0, 2, 14, 44, 60, 61][38, 66, 3, 23, 0, 2, 14, 44, 60, 61][45, 58, 64, 35, 34, 25, 41, 57, 51, 56][38, 66, 3, 23, 0, 2, 14, 44, 60, 61][38, 66, 3, 23, 0, 2, 14, 44, 60, 61] 
[37, 18, 39, 32, 65, 19, 36, 45, 58, 64][19, 69, 29, 66, 48, 39, 65, 5, 54, 38][38, 66, 3, 23, 0, 2, 14, 44, 60, 61][9, 59, 68, 11, 15, 49, 42, 24, 30, 26][45, 58, 64, 35, 34, 25, 41, 57, 51, 56][47, 7, 53, 46, 40, 4, 12, 41, 27, 67][22, 13, 43, 50, 33, 20, 10, 16, 1, 31][17, 20, 52, 10, 55, 8, 28, 56, 6, 21][9, 31, 1, 49, 26, 62, 24, 21, 30, 63][38, 66, 3, 23, 0, 2, 14, 44, 60, 61][38, 66, 3, 23, 0, 2, 14, 44, 60, 61][22, 13, 43, 50, 33, 20, 10, 16, 1, 31][47, 7, 53, 46, 40, 4, 12, 41, 27, 67][37, 18, 39, 32, 65, 19, 36, 45, 58, 64][38, 66, 3, 23, 0, 2, 14, 44, 60, 61] 
[37, 18, 39, 32, 65, 19, 36, 45, 58, 64][45, 58, 64, 35, 34, 25, 41, 57, 51, 56][47, 7, 53, 46, 40, 4, 12, 41, 27, 67][17, 20, 52, 10, 55, 8, 28, 56, 6, 21][9, 59, 68, 11, 15, 49, 42, 24, 30, 26][19, 69, 29, 66, 48, 39, 65, 5, 54, 38][38, 66, 3, 23, 0, 2, 14, 44, 60, 61][22, 13, 43, 50, 33, 20, 10, 16, 1, 31][9, 31, 1, 49, 26, 62, 24, 21, 30, 63][38, 66, 3, 23, 0, 2, 14, 44, 60, 61][38, 66, 3, 23, 0, 2, 14, 44, 60, 61][38, 66, 3, 23, 0, 2, 14, 44, 60, 61][45, 58, 64, 35, 34, 25, 41, 57, 51, 56][38, 66, 3, 23, 0, 2, 14, 44, 60, 61][38, 66, 3, 23, 0, 2, 14, 44, 60, 61] 
[38, 66, 3, 23, 0, 2, 14, 44, 60, 61][9, 59, 68, 11, 15, 49, 42, 24, 30, 26][19, 69, 29, 66, 48, 39, 65, 5, 54, 38][37, 18, 39, 32, 65, 19, 36, 45, 58, 64][45, 58, 64, 35, 34, 25, 41, 57, 51, 56][47, 7, 53, 46, 40, 4, 12, 41, 27, 67][22, 13, 43, 50, 33, 20, 10, 16, 1, 31][17, 20, 52, 10, 55, 8, 28, 56, 6, 21][9, 31, 1, 49, 26, 62, 24, 21, 30, 63][22, 13, 43, 50, 33, 20, 10, 16, 1, 31][38, 66, 3, 23, 0, 2, 14, 44, 60, 61][37, 18, 39, 32, 65, 19, 36, 45, 58, 64][38, 66, 3, 23, 0, 2, 14, 44, 60, 61][38, 66, 3, 23, 0, 2, 14, 44, 60, 61][45, 58, 64, 35, 34, 25, 41, 57, 51, 56] 
[37, 18, 39, 32, 65, 19, 36, 45, 58, 64][19, 69, 29, 66, 48, 39, 65, 5, 54, 38][38, 66, 3, 23, 0, 2, 14, 44, 60, 61][9, 59, 68, 11, 15, 49, 42, 24, 30, 26][45, 58, 64, 35, 34, 25, 41, 57, 51, 56][47, 7, 53, 46, 40, 4, 12, 41, 27, 67][22, 13, 43, 50, 33, 20, 10, 16, 1, 31][17, 20, 52, 10, 55, 8, 28, 56, 6, 21][9, 31, 1, 49, 26, 62, 24, 21, 30, 63][38, 66, 3, 23, 0, 2, 14, 44, 60, 61][38, 66, 3, 23, 0, 2, 14, 44, 60, 61][22, 13, 43, 50, 33, 20, 10, 16, 1, 31][47, 7, 53, 46, 40, 4, 12, 41, 27, 67][37, 18, 39, 32, 65, 19, 36, 45, 58, 64][38, 66, 3, 23, 0, 2, 14, 44, 60, 61] 
[17, 20, 52, 10, 55, 8, 28, 56, 6, 21][9, 31, 1, 49, 26, 62, 24, 21, 30, 63][45, 58, 64, 35, 34, 25, 41, 57, 51, 56][47, 7, 53, 46, 40, 4, 12, 41, 27, 67][37, 18, 39, 32, 65, 19, 36, 45, 58, 64][38, 66, 3, 23, 0, 2, 14, 44, 60, 61][19, 69, 29, 66, 48, 39, 65, 5, 54, 38][22, 13, 43, 50, 33, 20, 10, 16, 1, 31][9, 59, 68, 11, 15, 49, 42, 24, 30, 26][38, 66, 3, 23, 0, 2, 14, 44, 60, 61][38, 66, 3, 23, 0, 2, 14, 44, 60, 61][47, 7, 53, 46, 40, 4, 12, 41, 27, 67][38, 66, 3, 23, 0, 2, 14, 44, 60, 61][38, 66, 3, 23, 0, 2, 14, 44, 60, 61][38, 66, 3, 23, 0, 2, 14, 44, 60, 61] 
[17, 20, 52, 10, 55, 8, 28, 56, 6, 21][9, 31, 1, 49, 26, 62, 24, 21, 30, 63][45, 58, 64, 35, 34, 25, 41, 57, 51, 56][47, 7, 53, 46, 40, 4, 12, 41, 27, 67][37, 18, 39, 32, 65, 19, 36, 45, 58, 64][38, 66, 3, 23, 0, 2, 14, 44, 60, 61][19, 69, 29, 66, 48, 39, 65, 5, 54, 38][22, 13, 43, 50, 33, 20, 10, 16, 1, 31][9, 59, 68, 11, 15, 49, 42, 24, 30, 26][38, 66, 3, 23, 0, 2, 14, 44, 60, 61][38, 66, 3, 23, 0, 2, 14, 44, 60, 61][47, 7, 53, 46, 40, 4, 12, 41, 27, 67][38, 66, 3, 23, 0, 2, 14, 44, 60, 61][38, 66, 3, 23, 0, 2, 14, 44, 60, 61][38, 66, 3, 23, 0, 2, 14, 44, 60, 61] 
[45, 58, 64, 35, 34, 25, 41, 57, 51, 56][17, 20, 52, 10, 55, 8, 28, 56, 6, 21][47, 7, 53, 46, 40, 4, 12, 41, 27, 67][37, 18, 39, 32, 65, 19, 36, 45, 58, 64][19, 69, 29, 66, 48, 39, 65, 5, 54, 38][38, 66, 3, 23, 0, 2, 14, 44, 60, 61][22, 13, 43, 50, 33, 20, 10, 16, 1, 31][9, 59, 68, 11, 15, 49, 42, 24, 30, 26][37, 18, 39, 32, 65, 19, 36, 45, 58, 64][38, 66, 3, 23, 0, 2, 14, 44, 60, 61][38, 66, 3, 23, 0, 2, 14, 44, 60, 61][47, 7, 53, 46, 40, 4, 12, 41, 27, 67][47, 7, 53, 46, 40, 4, 12, 41, 27, 67][9, 31, 1, 49, 26, 62, 24, 21, 30, 63][38, 66, 3, 23, 0, 2, 14, 44, 60, 61] 
[37, 18, 39, 32, 65, 19, 36, 45, 58, 64][19, 69, 29, 66, 48, 39, 65, 5, 54, 38][38, 66, 3, 23, 0, 2, 14, 44, 60, 61][9, 59, 68, 11, 15, 49, 42, 24, 30, 26][45, 58, 64, 35, 34, 25, 41, 57, 51, 56][47, 7, 53, 46, 40, 4, 12, 41, 27, 67][22, 13, 43, 50, 33, 20, 10, 16, 1, 31][17, 20, 52, 10, 55, 8, 28, 56, 6, 21][9, 31, 1, 49, 26, 62, 24, 21, 30, 63][38, 66, 3, 23, 0, 2, 14, 44, 60, 61][38, 66, 3, 23, 0, 2, 14, 44, 60, 61][22, 13, 43, 50, 33, 20, 10, 16, 1, 31][47, 7, 53, 46, 40, 4, 12, 41, 27, 67][37, 18, 39, 32, 65, 19, 36, 45, 58, 64][38, 66, 3, 23, 0, 2, 14, 44, 60, 61] 
[47, 7, 53, 46, 40, 4, 12, 41, 27, 67][45, 58, 64, 35, 34, 25, 41, 57, 51, 56][17, 20, 52, 10, 55, 8, 28, 56, 6, 21][9, 59, 68, 11, 15, 49, 42, 24, 30, 26][22, 13, 43, 50, 33, 20, 10, 16, 1, 31][37, 18, 39, 32, 65, 19, 36, 45, 58, 64][19, 69, 29, 66, 48, 39, 65, 5, 54, 38][38, 66, 3, 23, 0, 2, 14, 44, 60, 61][9, 31, 1, 49, 26, 62, 24, 21, 30, 63][38, 66, 3, 23, 0, 2, 14, 44, 60, 61][37, 18, 39, 32, 65, 19, 36, 45, 58, 64][38, 66, 3, 23, 0, 2, 14, 44, 60, 61][38, 66, 3, 23, 0, 2, 14, 44, 60, 61][38, 66, 3, 23, 0, 2, 14, 44, 60, 61][38, 66, 3, 23, 0, 2, 14, 44, 60, 61] 
[37, 18, 39, 32, 65, 19, 36, 45, 58, 64][19, 69, 29, 66, 48, 39, 65, 5, 54, 38][38, 66, 3, 23, 0, 2, 14, 44, 60, 61][9, 59, 68, 11, 15, 49, 42, 24, 30, 26][45, 58, 64, 35, 34, 25, 41, 57, 51, 56][47, 7, 53, 46, 40, 4, 12, 41, 27, 67][22, 13, 43, 50, 33, 20, 10, 16, 1, 31][17, 20, 52, 10, 55, 8, 28, 56, 6, 21][9, 31, 1, 49, 26, 62, 24, 21, 30, 63][38, 66, 3, 23, 0, 2, 14, 44, 60, 61][38, 66, 3, 23, 0, 2, 14, 44, 60, 61][22, 13, 43, 50, 33, 20, 10, 16, 1, 31][47, 7, 53, 46, 40, 4, 12, 41, 27, 67][37, 18, 39, 32, 65, 19, 36, 45, 58, 64][38, 66, 3, 23, 0, 2, 14, 44, 60, 61] 
[37, 18, 39, 32, 65, 19, 36, 45, 58, 64][19, 69, 29, 66, 48, 39, 65, 5, 54, 38][38, 66, 3, 23, 0, 2, 14, 44, 60, 61][9, 59, 68, 11, 15, 49, 42, 24, 30, 26][45, 58, 64, 35, 34, 25, 41, 57, 51, 56][47, 7, 53, 46, 40, 4, 12, 41, 27, 67][22, 13, 43, 50, 33, 20, 10, 16, 1, 31][17, 20, 52, 10, 55, 8, 28, 56, 6, 21][9, 31, 1, 49, 26, 62, 24, 21, 30, 63][38, 66, 3, 23, 0, 2, 14, 44, 60, 61][38, 66, 3, 23, 0, 2, 14, 44, 60, 61][22, 13, 43, 50, 33, 20, 10, 16, 1, 31][47, 7, 53, 46, 40, 4, 12, 41, 27, 67][37, 18, 39, 32, 65, 19, 36, 45, 58, 64][38, 66, 3, 23, 0, 2, 14, 44, 60, 61] 
