[16, 55, 8, 26, 30, 15, 49, 9, 11, 68][31, 11, 49, 26, 62, 15, 42, 24, 21, 63][9, 16, 26, 1, 49, 11, 68, 59, 10, 55][33, 22, 13, 20, 10, 52, 64, 51, 57, 34][52, 20, 43, 61, 60, 44, 14, 2, 0, 69][32, 39, 48, 29, 69, 66, 38, 18, 54, 65][28, 56, 51, 58, 45, 34, 25, 12, 41, 36][6, 35, 41, 25, 4, 53, 46, 40, 47, 7][14, 44, 61, 17, 43, 50, 23, 0, 3, 19][27, 67, 65, 37, 18, 5, 54, 66, 48, 39][11, 49, 26, 30, 62, 15, 42, 24, 21, 63][47, 7, 40, 53, 4, 25, 41, 35, 6, 56][11, 49, 26, 30, 62, 15, 42, 24, 21, 63][31, 11, 49, 26, 62, 15, 42, 24, 21, 63][9, 11, 49, 62, 15, 42, 24, 21, 63, 30] 
[16, 55, 8, 26, 30, 15, 49, 9, 11, 68][31, 11, 49, 26, 62, 15, 42, 24, 21, 63][9, 16, 26, 1, 49, 11, 68, 59, 10, 55][33, 22, 13, 20, 10, 52, 64, 51, 57, 34][52, 20, 43, 61, 60, 44, 14, 2, 0, 69][32, 39, 48, 29, 69, 66, 38, 18, 54, 65][28, 56, 51, 58, 45, 34, 25, 12, 41, 36][6, 35, 41, 25, 4, 53, 46, 40, 47, 7][14, 44, 61, 17, 43, 50, 23, 0, 3, 19][27, 67, 65, 37, 18, 5, 54, 66, 48, 39][9, 11, 49, 62, 15, 42, 24, 21, 63, 30][47, 7, 40, 53, 4, 25, 41, 35, 6, 56][33, 22, 13, 20, 10, 52, 64, 51, 57, 34][32, 39, 48, 29, 69, 66, 38, 18, 54, 65][32, 39, 48, 29, 69, 66, 38, 18, 54, 65] 
[27, 67, 65, 37, 18, 5, 54, 66, 48, 39][32, 39, 48, 29, 69, 66, 38, 18, 54, 65][52, 20, 43, 61, 60, 44, 14, 2, 0, 69][33, 22, 13, 20, 10, 52, 64, 51, 57, 34][9, 16, 26, 1, 49, 11, 68, 59, 10, 55][28, 56, 51, 58, 45, 34, 25, 12, 41, 36][6, 35, 41, 25, 4, 53, 46, 40, 47, 7][11, 49, 26, 30, 62, 15, 42, 24, 21, 63][14, 44, 61, 17, 43, 50, 23, 0, 3, 19][31, 11, 49, 26, 62, 15, 42, 24, 21, 63][16, 55, 8, 26, 30, 15, 49, 9, 11, 68][32, 39, 48, 29, 69, 66, 38, 18, 54, 65][47, 7, 40, 53, 4, 25, 41, 35, 6, 56][32, 39, 48, 29, 69, 66, 38, 18, 54, 65][32, 39, 48, 29, 69, 66, 38, 18, 54, 65] 
[7, 40, 46, 53, 4, 25, 41, 35, 6, 56][28, 56, 51, 58, 45, 34, 25, 12, 41, 36][33, 22, 13, 20, 10, 52, 64, 51, 57, 34][9, 16, 26, 1, 49, 11, 68, 59, 10, 55][52, 20, 43, 61, 60, 44, 14, 2, 0, 69][32, 39, 48, 29, 69, 66, 38, 18, 54, 65][11, 49, 26, 30, 62, 15, 42, 24, 21, 63][14, 44, 61, 17, 43, 50, 23, 0, 3, 19][27, 67, 65, 37, 18, 5, 54, 66, 48, 39][31, 11, 49, 26, 62, 15, 42, 24, 21, 63][16, 55, 8, 26, 30, 15, 49, 9, 11, 68][6, 35, 41, 25, 4, 53, 46, 40, 47, 7][32, 39, 48, 29, 69, 66, 38, 18, 54, 65][32, 39, 48, 29, 69, 66, 38, 18, 54, 65][9, 16, 26, 1, 49, 11, 68, 59, 10, 55] 
[33, 22, 13, 20, 10, 52, 64, 51, 57, 34][9, 16, 26, 1, 49, 11, 68, 59, 10, 55][52, 20, 43, 61, 60, 44, 14, 2, 0, 69][32, 39, 48, 29, 69, 66, 38, 18, 54, 65][28, 56, 51, 58, 45, 34, 25, 12, 41, 36][6, 35, 41, 25, 4, 53, 46, 40, 47, 7][9, 11, 49, 62, 15, 42, 24, 21, 63, 30][14, 44, 61, 17, 43, 50, 23, 0, 3, 19][27, 67, 65, 37, 18, 5, 54, 66, 48, 39][31, 11, 49, 26, 62, 15, 42, 24, 21, 63][16, 55, 8, 26, 30, 15, 49, 9, 11, 68][3, 0, 23, 50, 43, 17, 61, 44, 14, 60][52, 20, 43, 61, 60, 44, 14, 2, 0, 69][47, 7, 40, 53, 4, 25, 41, 35, 6, 56][31, 11, 49, 26, 62, 15, 42, 24, 21, 63] 
[33, 22, 13, 20, 10, 52, 64, 51, 57, 34][9, 16, 26, 1, 49, 11, 68, 59, 10, 55][52, 20, 43, 61, 60, 44, 14, 2, 0, 69][32, 39, 48, 29, 69, 66, 38, 18, 54, 65][28, 56, 51, 58, 45, 34, 25, 12, 41, 36][6, 35, 41, 25, 4, 53, 46, 40, 47, 7][9, 11, 49, 62, 15, 42, 24, 21, 63, 30][14, 44, 61, 17, 43, 50, 23, 0, 3, 19][27, 67, 65, 37, 18, 5, 54, 66, 48, 39][31, 11, 49, 26, 62, 15, 42, 24, 21, 63][16, 55, 8, 26, 30, 15, 49, 9, 11, 68][47, 7, 40, 53, 4, 25, 41, 35, 6, 56][52, 20, 43, 61, 60, 44, 14, 2, 0, 69][9, 11, 49, 62, 15, 42, 24, 21, 63, 30][7, 40, 46, 53, 4, 25, 41, 35, 6, 56] 
[7, 40, 46, 53, 4, 25, 41, 35, 6, 56][28, 56, 51, 58, 45, 34, 25, 12, 41, 36][33, 22, 13, 20, 10, 52, 64, 51, 57, 34][9, 16, 26, 1, 49, 11, 68, 59, 10, 55][52, 20, 43, 61, 60, 44, 14, 2, 0, 69][32, 39, 48, 29, 69, 66, 38, 18, 54, 65][31, 11, 49, 26, 62, 15, 42, 24, 21, 63][14, 44, 61, 17, 43, 50, 23, 0, 3, 19][27, 67, 65, 37, 18, 5, 54, 66, 48, 39][16, 55, 8, 26, 30, 15, 49, 9, 11, 68][6, 35, 41, 25, 4, 53, 46, 40, 47, 7][9, 11, 49, 62, 15, 42, 24, 21, 63, 30][9, 16, 26, 1, 49, 11, 68, 59, 10, 55][9, 16, 26, 1, 49, 11, 68, 59, 10, 55][3, 0, 23, 50, 43, 17, 61, 44, 14, 60] 
[3, 0, 23, 50, 43, 17, 61, 44, 14, 60][52, 20, 43, 61, 60, 44, 14, 2, 0, 69][32, 39, 48, 29, 69, 66, 38, 18, 54, 65][33, 22, 13, 20, 10, 52, 64, 51, 57, 34][9, 16, 26, 1, 49, 11, 68, 59, 10, 55][28, 56, 51, 58, 45, 34, 25, 12, 41, 36][6, 35, 41, 25, 4, 53, 46, 40, 47, 7][9, 11, 49, 62, 15, 42, 24, 21, 63, 30][27, 67, 65, 37, 18, 5, 54, 66, 48, 39][16, 55, 8, 26, 30, 15, 49, 9, 11, 68][14, 44, 61, 17, 43, 50, 23, 0, 3, 19][31, 11, 49, 26, 62, 15, 42, 24, 21, 63][7, 40, 46, 53, 4, 25, 41, 35, 6, 56][31, 11, 49, 26, 62, 15, 42, 24, 21, 63][7, 40, 46, 53, 4, 25, 41, 35, 6, 56] 
[3, 0, 23, 50, 43, 17, 61, 44, 14, 60][52, 20, 43, 61, 60, 44, 14, 2, 0, 69][32, 39, 48, 29, 69, 66, 38, 18, 54, 65][33, 22, 13, 20, 10, 52, 64, 51, 57, 34][9, 16, 26, 1, 49, 11, 68, 59, 10, 55][28, 56, 51, 58, 45, 34, 25, 12, 41, 36][6, 35, 41, 25, 4, 53, 46, 40, 47, 7][9, 11, 49, 62, 15, 42, 24, 21, 63, 30][27, 67, 65, 37, 18, 5, 54, 66, 48, 39][16, 55, 8, 26, 30, 15, 49, 9, 11, 68][14, 44, 61, 17, 43, 50, 23, 0, 3, 19][31, 11, 49, 26, 62, 15, 42, 24, 21, 63][7, 40, 46, 53, 4, 25, 41, 35, 6, 56][31, 11, 49, 26, 62, 15, 42, 24, 21, 63][7, 40, 46, 53, 4, 25, 41, 35, 6, 56] 
[3, 0, 23, 50, 43, 17, 61, 44, 14, 60][52, 20, 43, 61, 60, 44, 14, 2, 0, 69][32, 39, 48, 29, 69, 66, 38, 18, 54, 65][33, 22, 13, 20, 10, 52, 64, 51, 57, 34][9, 16, 26, 1, 49, 11, 68, 59, 10, 55][28, 56, 51, 58, 45, 34, 25, 12, 41, 36][6, 35, 41, 25, 4, 53, 46, 40, 47, 7][9, 11, 49, 62, 15, 42, 24, 21, 63, 30][27, 67, 65, 37, 18, 5, 54, 66, 48, 39][16, 55, 8, 26, 30, 15, 49, 9, 11, 68][14, 44, 61, 17, 43, 50, 23, 0, 3, 19][31, 11, 49, 26, 62, 15, 42, 24, 21, 63][7, 40, 46, 53, 4, 25, 41, 35, 6, 56][31, 11, 49, 26, 62, 15, 42, 24, 21, 63][7, 40, 46, 53, 4, 25, 41, 35, 6, 56] 
[16, 55, 8, 26, 30, 15, 49, 9, 11, 68][31, 11, 49, 26, 62, 15, 42, 24, 21, 63][9, 16, 26, 1, 49, 11, 68, 59, 10, 55][33, 22, 13, 20, 10, 52, 64, 51, 57, 34][52, 20, 43, 61, 60, 44, 14, 2, 0, 69][32, 39, 48, 29, 69, 66, 38, 18, 54, 65][28, 56, 51, 58, 45, 34, 25, 12, 41, 36][6, 35, 41, 25, 4, 53, 46, 40, 47, 7][14, 44, 61, 17, 43, 50, 23, 0, 3, 19][27, 67, 65, 37, 18, 5, 54, 66, 48, 39][11, 49, 26, 30, 62, 15, 42, 24, 21, 63][47, 7, 40, 53, 4, 25, 41, 35, 6, 56][11, 49, 26, 30, 62, 15, 42, 24, 21, 63][31, 11, 49, 26, 62, 15, 42, 24, 21, 63][9, 11, 49, 62, 15, 42, 24, 21, 63, 30] 
[16, 55, 8, 26, 30, 15, 49, 9, 11, 68][31, 11, 49, 26, 62, 15, 42, 24, 21, 63][9, 16, 26, 1, 49, 11, 68, 59, 10, 55][33, 22, 13, 20, 10, 52, 64, 51, 57, 34][52, 20, 43, 61, 60, 44, 14, 2, 0, 69][32, 39, 48, 29, 69, 66, 38, 18, 54, 65][28, 56, 51, 58, 45, 34, 25, 12, 41, 36][6, 35, 41, 25, 4, 53, 46, 40, 47, 7][14, 44, 61, 17, 43, 50, 23, 0, 3, 19][27, 67, 65, 37, 18, 5, 54, 66, 48, 39][9, 11, 49, 62, 15, 42, 24, 21, 63, 30][47, 7, 40, 53, 4, 25, 41, 35, 6, 56][33, 22, 13, 20, 10, 52, 64, 51, 57, 34][32, 39, 48, 29, 69, 66, 38, 18, 54, 65][32, 39, 48, 29, 69, 66, 38, 18, 54, 65] 
[27, 67, 65, 37, 18, 5, 54, 66, 48, 39][32, 39, 48, 29, 69, 66, 38, 18, 54, 65][52, 20, 43, 61, 60, 44, 14, 2, 0, 69][33, 22, 13, 20, 10, 52, 64, 51, 57, 34][9, 16, 26, 1, 49, 11, 68, 59, 10, 55][28, 56, 51, 58, 45, 34, 25, 12, 41, 36][6, 35, 41, 25, 4, 53, 46, 40, 47, 7][11, 49, 26, 30, 62, 15, 42, 24, 21, 63][14, 44, 61, 17, 43, 50, 23, 0, 3, 19][31, 11, 49, 26, 62, 15, 42, 24, 21, 63][16, 55, 8, 26, 30, 15, 49, 9, 11, 68][32, 39, 48, 29, 69, 66, 38, 18, 54, 65][47, 7, 40, 53, 4, 25, 41, 35, 6, 56][32, 39, 48, 29, 69, 66, 38, 18, 54, 65][32, 39, 48, 29, 69, 66, 38, 18, 54, 65] 
[33, 22, 13, 20, 10, 52, 64, 51, 57, 34][9, 16, 26, 1, 49, 11, 68, 59, 10, 55][52, 20, 43, 61, 60, 44, 14, 2, 0, 69][32, 39, 48, 29, 69, 66, 38, 18, 54, 65][28, 56, 51, 58, 45, 34, 25, 12, 41, 36][6, 35, 41, 25, 4, 53, 46, 40, 47, 7][9, 11, 49, 62, 15, 42, 24, 21, 63, 30][14, 44, 61, 17, 43, 50, 23, 0, 3, 19][27, 67, 65, 37, 18, 5, 54, 66, 48, 39][31, 11, 49, 26, 62, 15, 42, 24, 21, 63][16, 55, 8, 26, 30, 15, 49, 9, 11, 68][3, 0, 23, 50, 43, 17, 61, 44, 14, 60][52, 20, 43, 61, 60, 44, 14, 2, 0, 69][47, 7, 40, 53, 4, 25, 41, 35, 6, 56][31, 11, 49, 26, 62, 15, 42, 24, 21, 63] 
[31, 11, 49, 26, 62, 15, 42, 24, 21, 63][9, 16, 26, 1, 49, 11, 68, 59, 10, 55][33, 22, 13, 20, 10, 52, 64, 51, 57, 34][52, 20, 43, 61, 60, 44, 14, 2, 0, 69][32, 39, 48, 29, 69, 66, 38, 18, 54, 65][28, 56, 51, 58, 45, 34, 25, 12, 41, 36][6, 35, 41, 25, 4, 53, 46, 40, 47, 7][14, 44, 61, 17, 43, 50, 23, 0, 3, 19][27, 67, 65, 37, 18, 5, 54, 66, 48, 39][16, 55, 8, 26, 30, 15, 49, 9, 11, 68][9, 11, 49, 62, 15, 42, 24, 21, 63, 30][7, 40, 46, 53, 4, 25, 41, 35, 6, 56][14, 44, 61, 17, 43, 50, 23, 0, 3, 19][7, 40, 46, 53, 4, 25, 41, 35, 6, 56][47, 7, 40, 53, 4, 25, 41, 35, 6, 56] 
[3, 0, 23, 50, 43, 17, 61, 44, 14, 60][52, 20, 43, 61, 60, 44, 14, 2, 0, 69][32, 39, 48, 29, 69, 66, 38, 18, 54, 65][33, 22, 13, 20, 10, 52, 64, 51, 57, 34][9, 16, 26, 1, 49, 11, 68, 59, 10, 55][28, 56, 51, 58, 45, 34, 25, 12, 41, 36][6, 35, 41, 25, 4, 53, 46, 40, 47, 7][9, 11, 49, 62, 15, 42, 24, 21, 63, 30][27, 67, 65, 37, 18, 5, 54, 66, 48, 39][16, 55, 8, 26, 30, 15, 49, 9, 11, 68][14, 44, 61, 17, 43, 50, 23, 0, 3, 19][31, 11, 49, 26, 62, 15, 42, 24, 21, 63][7, 40, 46, 53, 4, 25, 41, 35, 6, 56][31, 11, 49, 26, 62, 15, 42, 24, 21, 63][7, 40, 46, 53, 4, 25, 41, 35, 6, 56] 
[16, 55, 8, 26, 30, 15, 49, 9, 11, 68][31, 11, 49, 26, 62, 15, 42, 24, 21, 63][9, 16, 26, 1, 49, 11, 68, 59, 10, 55][33, 22, 13, 20, 10, 52, 64, 51, 57, 34][52, 20, 43, 61, 60, 44, 14, 2, 0, 69][32, 39, 48, 29, 69, 66, 38, 18, 54, 65][28, 56, 51, 58, 45, 34, 25, 12, 41, 36][6, 35, 41, 25, 4, 53, 46, 40, 47, 7][14, 44, 61, 17, 43, 50, 23, 0, 3, 19][27, 67, 65, 37, 18, 5, 54, 66, 48, 39][11, 49, 26, 30, 62, 15, 42, 24, 21, 63][47, 7, 40, 53, 4, 25, 41, 35, 6, 56][11, 49, 26, 30, 62, 15, 42, 24, 21, 63][31, 11, 49, 26, 62, 15, 42, 24, 21, 63][9, 11, 49, 62, 15, 42, 24, 21, 63, 30] 
[16, 55, 8, 26, 30, 15, 49, 9, 11, 68][31, 11, 49, 26, 62, 15, 42, 24, 21, 63][9, 16, 26, 1, 49, 11, 68, 59, 10, 55][33, 22, 13, 20, 10, 52, 64, 51, 57, 34][52, 20, 43, 61, 60, 44, 14, 2, 0, 69][32, 39, 48, 29, 69, 66, 38, 18, 54, 65][28, 56, 51, 58, 45, 34, 25, 12, 41, 36][6, 35, 41, 25, 4, 53, 46, 40, 47, 7][14, 44, 61, 17, 43, 50, 23, 0, 3, 19][27, 67, 65, 37, 18, 5, 54, 66, 48, 39][9, 11, 49, 62, 15, 42, 24, 21, 63, 30][47, 7, 40, 53, 4, 25, 41, 35, 6, 56][33, 22, 13, 20, 10, 52, 64, 51, 57, 34][32, 39, 48, 29, 69, 66, 38, 18, 54, 65][32, 39, 48, 29, 69, 66, 38, 18, 54, 65] 
[33, 22, 13, 20, 10, 52, 64, 51, 57, 34][9, 16, 26, 1, 49, 11, 68, 59, 10, 55][52, 20, 43, 61, 60, 44, 14, 2, 0, 69][32, 39, 48, 29, 69, 66, 38, 18, 54, 65][28, 56, 51, 58, 45, 34, 25, 12, 41, 36][6, 35, 41, 25, 4, 53, 46, 40, 47, 7][9, 11, 49, 62, 15, 42, 24, 21, 63, 30][14, 44, 61, 17, 43, 50, 23, 0, 3, 19][27, 67, 65, 37, 18, 5, 54, 66, 48, 39][31, 11, 49, 26, 62, 15, 42, 24, 21, 63][16, 55, 8, 26, 30, 15, 49, 9, 11, 68][3, 0, 23, 50, 43, 17, 61, 44, 14, 60][52, 20, 43, 61, 60, 44, 14, 2, 0, 69][47, 7, 40, 53, 4, 25, 41, 35, 6, 56][31, 11, 49, 26, 62, 15, 42, 24, 21, 63] 
[16, 55, 8, 26, 30, 15, 49, 9, 11, 68][31, 11, 49, 26, 62, 15, 42, 24, 21, 63][9, 16, 26, 1, 49, 11, 68, 59, 10, 55][33, 22, 13, 20, 10, 52, 64, 51, 57, 34][52, 20, 43, 61, 60, 44, 14, 2, 0, 69][32, 39, 48, 29, 69, 66, 38, 18, 54, 65][28, 56, 51, 58, 45, 34, 25, 12, 41, 36][6, 35, 41, 25, 4, 53, 46, 40, 47, 7][14, 44, 61, 17, 43, 50, 23, 0, 3, 19][27, 67, 65, 37, 18, 5, 54, 66, 48, 39][11, 49, 26, 30, 62, 15, 42, 24, 21, 63][47, 7, 40, 53, 4, 25, 41, 35, 6, 56][11, 49, 26, 30, 62, 15, 42, 24, 21, 63][31, 11, 49, 26, 62, 15, 42, 24, 21, 63][9, 11, 49, 62, 15, 42, 24, 21, 63, 30] 
[16, 55, 8, 26, 30, 15, 49, 9, 11, 68][31, 11, 49, 26, 62, 15, 42, 24, 21, 63][9, 16, 26, 1, 49, 11, 68, 59, 10, 55][33, 22, 13, 20, 10, 52, 64, 51, 57, 34][52, 20, 43, 61, 60, 44, 14, 2, 0, 69][32, 39, 48, 29, 69, 66, 38, 18, 54, 65][28, 56, 51, 58, 45, 34, 25, 12, 41, 36][6, 35, 41, 25, 4, 53, 46, 40, 47, 7][14, 44, 61, 17, 43, 50, 23, 0, 3, 19][27, 67, 65, 37, 18, 5, 54, 66, 48, 39][11, 49, 26, 30, 62, 15, 42, 24, 21, 63][47, 7, 40, 53, 4, 25, 41, 35, 6, 56][11, 49, 26, 30, 62, 15, 42, 24, 21, 63][31, 11, 49, 26, 62, 15, 42, 24, 21, 63][9, 11, 49, 62, 15, 42, 24, 21, 63, 30] 
[16, 55, 8, 26, 30, 15, 49, 9, 11, 68][31, 11, 49, 26, 62, 15, 42, 24, 21, 63][9, 16, 26, 1, 49, 11, 68, 59, 10, 55][33, 22, 13, 20, 10, 52, 64, 51, 57, 34][52, 20, 43, 61, 60, 44, 14, 2, 0, 69][32, 39, 48, 29, 69, 66, 38, 18, 54, 65][28, 56, 51, 58, 45, 34, 25, 12, 41, 36][6, 35, 41, 25, 4, 53, 46, 40, 47, 7][14, 44, 61, 17, 43, 50, 23, 0, 3, 19][27, 67, 65, 37, 18, 5, 54, 66, 48, 39][9, 11, 49, 62, 15, 42, 24, 21, 63, 30][47, 7, 40, 53, 4, 25, 41, 35, 6, 56][33, 22, 13, 20, 10, 52, 64, 51, 57, 34][32, 39, 48, 29, 69, 66, 38, 18, 54, 65][32, 39, 48, 29, 69, 66, 38, 18, 54, 65] 
[27, 67, 65, 37, 18, 5, 54, 66, 48, 39][32, 39, 48, 29, 69, 66, 38, 18, 54, 65][52, 20, 43, 61, 60, 44, 14, 2, 0, 69][33, 22, 13, 20, 10, 52, 64, 51, 57, 34][9, 16, 26, 1, 49, 11, 68, 59, 10, 55][28, 56, 51, 58, 45, 34, 25, 12, 41, 36][6, 35, 41, 25, 4, 53, 46, 40, 47, 7][11, 49, 26, 30, 62, 15, 42, 24, 21, 63][14, 44, 61, 17, 43, 50, 23, 0, 3, 19][31, 11, 49, 26, 62, 15, 42, 24, 21, 63][16, 55, 8, 26, 30, 15, 49, 9, 11, 68][32, 39, 48, 29, 69, 66, 38, 18, 54, 65][47, 7, 40, 53, 4, 25, 41, 35, 6, 56][32, 39, 48, 29, 69, 66, 38, 18, 54, 65][32, 39, 48, 29, 69, 66, 38, 18, 54, 65] 
[33, 22, 13, 20, 10, 52, 64, 51, 57, 34][9, 16, 26, 1, 49, 11, 68, 59, 10, 55][52, 20, 43, 61, 60, 44, 14, 2, 0, 69][32, 39, 48, 29, 69, 66, 38, 18, 54, 65][28, 56, 51, 58, 45, 34, 25, 12, 41, 36][6, 35, 41, 25, 4, 53, 46, 40, 47, 7][9, 11, 49, 62, 15, 42, 24, 21, 63, 30][14, 44, 61, 17, 43, 50, 23, 0, 3, 19][27, 67, 65, 37, 18, 5, 54, 66, 48, 39][31, 11, 49, 26, 62, 15, 42, 24, 21, 63][16, 55, 8, 26, 30, 15, 49, 9, 11, 68][3, 0, 23, 50, 43, 17, 61, 44, 14, 60][52, 20, 43, 61, 60, 44, 14, 2, 0, 69][47, 7, 40, 53, 4, 25, 41, 35, 6, 56][31, 11, 49, 26, 62, 15, 42, 24, 21, 63] 
[31, 11, 49, 26, 62, 15, 42, 24, 21, 63][9, 16, 26, 1, 49, 11, 68, 59, 10, 55][33, 22, 13, 20, 10, 52, 64, 51, 57, 34][52, 20, 43, 61, 60, 44, 14, 2, 0, 69][32, 39, 48, 29, 69, 66, 38, 18, 54, 65][28, 56, 51, 58, 45, 34, 25, 12, 41, 36][6, 35, 41, 25, 4, 53, 46, 40, 47, 7][14, 44, 61, 17, 43, 50, 23, 0, 3, 19][27, 67, 65, 37, 18, 5, 54, 66, 48, 39][16, 55, 8, 26, 30, 15, 49, 9, 11, 68][9, 11, 49, 62, 15, 42, 24, 21, 63, 30][7, 40, 46, 53, 4, 25, 41, 35, 6, 56][14, 44, 61, 17, 43, 50, 23, 0, 3, 19][7, 40, 46, 53, 4, 25, 41, 35, 6, 56][47, 7, 40, 53, 4, 25, 41, 35, 6, 56] 
[3, 0, 23, 50, 43, 17, 61, 44, 14, 60][52, 20, 43, 61, 60, 44, 14, 2, 0, 69][32, 39, 48, 29, 69, 66, 38, 18, 54, 65][33, 22, 13, 20, 10, 52, 64, 51, 57, 34][9, 16, 26, 1, 49, 11, 68, 59, 10, 55][28, 56, 51, 58, 45, 34, 25, 12, 41, 36][6, 35, 41, 25, 4, 53, 46, 40, 47, 7][9, 11, 49, 62, 15, 42, 24, 21, 63, 30][27, 67, 65, 37, 18, 5, 54, 66, 48, 39][16, 55, 8, 26, 30, 15, 49, 9, 11, 68][14, 44, 61, 17, 43, 50, 23, 0, 3, 19][31, 11, 49, 26, 62, 15, 42, 24, 21, 63][7, 40, 46, 53, 4, 25, 41, 35, 6, 56][31, 11, 49, 26, 62, 15, 42, 24, 21, 63][7, 40, 46, 53, 4, 25, 41, 35, 6, 56] 
[16, 55, 8, 26, 30, 15, 49, 9, 11, 68][31, 11, 49, 26, 62, 15, 42, 24, 21, 63][9, 16, 26, 1, 49, 11, 68, 59, 10, 55][33, 22, 13, 20, 10, 52, 64, 51, 57, 34][52, 20, 43, 61, 60, 44, 14, 2, 0, 69][32, 39, 48, 29, 69, 66, 38, 18, 54, 65][28, 56, 51, 58, 45, 34, 25, 12, 41, 36][6, 35, 41, 25, 4, 53, 46, 40, 47, 7][14, 44, 61, 17, 43, 50, 23, 0, 3, 19][27, 67, 65, 37, 18, 5, 54, 66, 48, 39][11, 49, 26, 30, 62, 15, 42, 24, 21, 63][47, 7, 40, 53, 4, 25, 41, 35, 6, 56][11, 49, 26, 30, 62, 15, 42, 24, 21, 63][31, 11, 49, 26, 62, 15, 42, 24, 21, 63][9, 11, 49, 62, 15, 42, 24, 21, 63, 30] 
[16, 55, 8, 26, 30, 15, 49, 9, 11, 68][31, 11, 49, 26, 62, 15, 42, 24, 21, 63][9, 16, 26, 1, 49, 11, 68, 59, 10, 55][33, 22, 13, 20, 10, 52, 64, 51, 57, 34][52, 20, 43, 61, 60, 44, 14, 2, 0, 69][32, 39, 48, 29, 69, 66, 38, 18, 54, 65][28, 56, 51, 58, 45, 34, 25, 12, 41, 36][6, 35, 41, 25, 4, 53, 46, 40, 47, 7][14, 44, 61, 17, 43, 50, 23, 0, 3, 19][27, 67, 65, 37, 18, 5, 54, 66, 48, 39][9, 11, 49, 62, 15, 42, 24, 21, 63, 30][47, 7, 40, 53, 4, 25, 41, 35, 6, 56][33, 22, 13, 20, 10, 52, 64, 51, 57, 34][32, 39, 48, 29, 69, 66, 38, 18, 54, 65][32, 39, 48, 29, 69, 66, 38, 18, 54, 65] 
[33, 22, 13, 20, 10, 52, 64, 51, 57, 34][9, 16, 26, 1, 49, 11, 68, 59, 10, 55][52, 20, 43, 61, 60, 44, 14, 2, 0, 69][32, 39, 48, 29, 69, 66, 38, 18, 54, 65][28, 56, 51, 58, 45, 34, 25, 12, 41, 36][6, 35, 41, 25, 4, 53, 46, 40, 47, 7][9, 11, 49, 62, 15, 42, 24, 21, 63, 30][14, 44, 61, 17, 43, 50, 23, 0, 3, 19][27, 67, 65, 37, 18, 5, 54, 66, 48, 39][31, 11, 49, 26, 62, 15, 42, 24, 21, 63][16, 55, 8, 26, 30, 15, 49, 9, 11, 68][3, 0, 23, 50, 43, 17, 61, 44, 14, 60][52, 20, 43, 61, 60, 44, 14, 2, 0, 69][47, 7, 40, 53, 4, 25, 41, 35, 6, 56][31, 11, 49, 26, 62, 15, 42, 24, 21, 63] 
[16, 55, 8, 26, 30, 15, 49, 9, 11, 68][31, 11, 49, 26, 62, 15, 42, 24, 21, 63][9, 16, 26, 1, 49, 11, 68, 59, 10, 55][33, 22, 13, 20, 10, 52, 64, 51, 57, 34][52, 20, 43, 61, 60, 44, 14, 2, 0, 69][32, 39, 48, 29, 69, 66, 38, 18, 54, 65][28, 56, 51, 58, 45, 34, 25, 12, 41, 36][6, 35, 41, 25, 4, 53, 46, 40, 47, 7][14, 44, 61, 17, 43, 50, 23, 0, 3, 19][27, 67, 65, 37, 18, 5, 54, 66, 48, 39][11, 49, 26, 30, 62, 15, 42, 24, 21, 63][47, 7, 40, 53, 4, 25, 41, 35, 6, 56][11, 49, 26, 30, 62, 15, 42, 24, 21, 63][31, 11, 49, 26, 62, 15, 42, 24, 21, 63][9, 11, 49, 62, 15, 42, 24, 21, 63, 30] 
[16, 55, 8, 26, 30, 15, 49, 9, 11, 68][31, 11, 49, 26, 62, 15, 42, 24, 21, 63][9, 16, 26, 1, 49, 11, 68, 59, 10, 55][33, 22, 13, 20, 10, 52, 64, 51, 57, 34][52, 20, 43, 61, 60, 44, 14, 2, 0, 69][32, 39, 48, 29, 69, 66, 38, 18, 54, 65][28, 56, 51, 58, 45, 34, 25, 12, 41, 36][6, 35, 41, 25, 4, 53, 46, 40, 47, 7][14, 44, 61, 17, 43, 50, 23, 0, 3, 19][27, 67, 65, 37, 18, 5, 54, 66, 48, 39][11, 49, 26, 30, 62, 15, 42, 24, 21, 63][47, 7, 40, 53, 4, 25, 41, 35, 6, 56][11, 49, 26, 30, 62, 15, 42, 24, 21, 63][31, 11, 49, 26, 62, 15, 42, 24, 21, 63][9, 11, 49, 62, 15, 42, 24, 21, 63, 30] 
[16, 55, 8, 26, 30, 15, 49, 9, 11, 68][31, 11, 49, 26, 62, 15, 42, 24, 21, 63][9, 16, 26, 1, 49, 11, 68, 59, 10, 55][33, 22, 13, 20, 10, 52, 64, 51, 57, 34][52, 20, 43, 61, 60, 44, 14, 2, 0, 69][32, 39, 48, 29, 69, 66, 38, 18, 54, 65][28, 56, 51, 58, 45, 34, 25, 12, 41, 36][6, 35, 41, 25, 4, 53, 46, 40, 47, 7][14, 44, 61, 17, 43, 50, 23, 0, 3, 19][27, 67, 65, 37, 18, 5, 54, 66, 48, 39][9, 11, 49, 62, 15, 42, 24, 21, 63, 30][47, 7, 40, 53, 4, 25, 41, 35, 6, 56][33, 22, 13, 20, 10, 52, 64, 51, 57, 34][32, 39, 48, 29, 69, 66, 38, 18, 54, 65][32, 39, 48, 29, 69, 66, 38, 18, 54, 65] 
[33, 22, 13, 20, 10, 52, 64, 51, 57, 34][9, 16, 26, 1, 49, 11, 68, 59, 10, 55][52, 20, 43, 61, 60, 44, 14, 2, 0, 69][32, 39, 48, 29, 69, 66, 38, 18, 54, 65][28, 56, 51, 58, 45, 34, 25, 12, 41, 36][6, 35, 41, 25, 4, 53, 46, 40, 47, 7][9, 11, 49, 62, 15, 42, 24, 21, 63, 30][14, 44, 61, 17, 43, 50, 23, 0, 3, 19][27, 67, 65, 37, 18, 5, 54, 66, 48, 39][31, 11, 49, 26, 62, 15, 42, 24, 21, 63][16, 55, 8, 26, 30, 15, 49, 9, 11, 68][3, 0, 23, 50, 43, 17, 61, 44, 14, 60][52, 20, 43, 61, 60, 44, 14, 2, 0, 69][47, 7, 40, 53, 4, 25, 41, 35, 6, 56][31, 11, 49, 26, 62, 15, 42, 24, 21, 63] 
[16, 55, 8, 26, 30, 15, 49, 9, 11, 68][31, 11, 49, 26, 62, 15, 42, 24, 21, 63][9, 16, 26, 1, 49, 11, 68, 59, 10, 55][33, 22, 13, 20, 10, 52, 64, 51, 57, 34][52, 20, 43, 61, 60, 44, 14, 2, 0, 69][32, 39, 48, 29, 69, 66, 38, 18, 54, 65][28, 56, 51, 58, 45, 34, 25, 12, 41, 36][6, 35, 41, 25, 4, 53, 46, 40, 47, 7][14, 44, 61, 17, 43, 50, 23, 0, 3, 19][27, 67, 65, 37, 18, 5, 54, 66, 48, 39][11, 49, 26, 30, 62, 15, 42, 24, 21, 63][47, 7, 40, 53, 4, 25, 41, 35, 6, 56][11, 49, 26, 30, 62, 15, 42, 24, 21, 63][31, 11, 49, 26, 62, 15, 42, 24, 21, 63][9, 11, 49, 62, 15, 42, 24, 21, 63, 30] 
[16, 55, 8, 26, 30, 15, 49, 9, 11, 68][31, 11, 49, 26, 62, 15, 42, 24, 21, 63][9, 16, 26, 1, 49, 11, 68, 59, 10, 55][33, 22, 13, 20, 10, 52, 64, 51, 57, 34][52, 20, 43, 61, 60, 44, 14, 2, 0, 69][32, 39, 48, 29, 69, 66, 38, 18, 54, 65][28, 56, 51, 58, 45, 34, 25, 12, 41, 36][6, 35, 41, 25, 4, 53, 46, 40, 47, 7][14, 44, 61, 17, 43, 50, 23, 0, 3, 19][27, 67, 65, 37, 18, 5, 54, 66, 48, 39][11, 49, 26, 30, 62, 15, 42, 24, 21, 63][47, 7, 40, 53, 4, 25, 41, 35, 6, 56][11, 49, 26, 30, 62, 15, 42, 24, 21, 63][31, 11, 49, 26, 62, 15, 42, 24, 21, 63][9, 11, 49, 62, 15, 42, 24, 21, 63, 30] 
[60, 14, 44, 61, 17, 43, 50, 23, 0, 3, 19, 65, 54, 18, 38, 66, 69][27, 67, 65, 37, 18, 5, 54, 66, 48, 39][32, 39, 48, 29, 69, 66, 38, 18, 54, 65][52, 20, 43, 61, 60, 44, 14, 2, 0, 69][6, 35, 41, 25, 4, 53, 46, 40, 47, 7][14, 44, 61, 17, 43, 50, 23, 0, 3, 19][33, 22, 13, 20, 10, 52, 64, 51, 57, 34][9, 16, 26, 1, 49, 11, 68, 59, 10, 55][11, 49, 26, 30, 62, 15, 42, 24, 21, 63][8, 26, 30, 15, 49, 9, 11, 68, 1, 31][28, 56, 51, 58, 45, 34, 25, 12, 41, 36][14, 44, 61, 17, 43, 50, 23, 0, 3, 19][3, 0, 23, 50, 43, 17, 61, 44, 14, 60][14, 44, 61, 17, 43, 50, 23, 0, 3, 19][3, 0, 23, 50, 43, 17, 61, 44, 14, 60] 
[60, 14, 44, 61, 17, 43, 50, 23, 0, 3, 19, 65, 54, 18, 38, 66, 69, 29, 48, 39, 32, 37, 67][12, 27, 67, 37, 32, 39, 48, 29, 69, 66, 38, 18, 54, 65][27, 67, 65, 37, 18, 5, 54, 66, 48, 39][52, 20, 43, 61, 60, 44, 14, 2, 0, 69][6, 35, 41, 25, 4, 53, 46, 40, 47, 7][14, 44, 61, 17, 43, 50, 23, 0, 3, 19][33, 22, 13, 20, 10, 52, 64, 51, 57, 34][9, 16, 26, 1, 49, 11, 68, 59, 10, 55][11, 49, 26, 30, 62, 15, 42, 24, 21, 63][8, 26, 30, 15, 49, 9, 11, 68, 1, 31][28, 56, 51, 58, 45, 34, 25, 12, 41, 36][14, 44, 61, 17, 43, 50, 23, 0, 3, 19][3, 0, 23, 50, 43, 17, 61, 44, 14, 60][14, 44, 61, 17, 43, 50, 23, 0, 3, 19][3, 0, 23, 50, 43, 17, 61, 44, 14, 60] 
[60, 14, 44, 61, 17, 43, 50, 23, 0, 3, 19, 65, 54, 18, 38, 66, 69, 29, 48, 39, 32, 37, 67][27, 67, 65, 37, 18, 5, 54, 66, 48, 39][32, 39, 48, 29, 69, 66, 38, 18, 54, 65][52, 20, 43, 61, 60, 44, 14, 2, 0, 69][6, 35, 41, 25, 4, 53, 46, 40, 47, 7][14, 44, 61, 17, 43, 50, 23, 0, 3, 19][33, 22, 13, 20, 10, 52, 64, 51, 57, 34][9, 16, 26, 1, 49, 11, 68, 59, 10, 55][11, 49, 26, 30, 62, 15, 42, 24, 21, 63][8, 26, 30, 15, 49, 9, 11, 68, 1, 31][28, 56, 51, 58, 45, 34, 25, 12, 41, 36][14, 44, 61, 17, 43, 50, 23, 0, 3, 19][3, 0, 23, 50, 43, 17, 61, 44, 14, 60][14, 44, 61, 17, 43, 50, 23, 0, 3, 19][3, 0, 23, 50, 43, 17, 61, 44, 14, 60] 
[60, 14, 44, 61, 17, 43, 50, 23, 0, 3, 19, 65, 54, 18, 38, 66, 69][8, 55, 10, 59, 68, 11, 49, 1, 26, 16, 9][27, 67, 65, 37, 18, 5, 54, 66, 48, 39][32, 39, 48, 29, 69, 66, 38, 18, 54, 65][52, 20, 43, 61, 60, 44, 14, 2, 0, 69][6, 35, 41, 25, 4, 53, 46, 40, 47, 7][14, 44, 61, 17, 43, 50, 23, 0, 3, 19][33, 22, 13, 20, 10, 52, 64, 51, 57, 34][11, 49, 26, 30, 62, 15, 42, 24, 21, 63][8, 26, 30, 15, 49, 9, 11, 68, 1, 31][28, 56, 51, 58, 45, 34, 25, 12, 41, 36][14, 44, 61, 17, 43, 50, 23, 0, 3, 19][3, 0, 23, 50, 43, 17, 61, 44, 14, 60][14, 44, 61, 17, 43, 50, 23, 0, 3, 19][3, 0, 23, 50, 43, 17, 61, 44, 14, 60] 
[60, 14, 44, 61, 17, 43, 50, 23, 0, 3, 19, 65, 54, 18, 38, 66, 69][8, 55, 10, 59, 68, 11, 49, 1, 26, 16, 9][27, 67, 65, 37, 18, 5, 54, 66, 48, 39][32, 39, 48, 29, 69, 66, 38, 18, 54, 65][52, 20, 43, 61, 60, 44, 14, 2, 0, 69][6, 35, 41, 25, 4, 53, 46, 40, 47, 7][14, 44, 61, 17, 43, 50, 23, 0, 3, 19][33, 22, 13, 20, 10, 52, 64, 51, 57, 34][11, 49, 26, 30, 62, 15, 42, 24, 21, 63][8, 26, 30, 15, 49, 9, 11, 68, 1, 31][28, 56, 51, 58, 45, 34, 25, 12, 41, 36][14, 44, 61, 17, 43, 50, 23, 0, 3, 19][3, 0, 23, 50, 43, 17, 61, 44, 14, 60][14, 44, 61, 17, 43, 50, 23, 0, 3, 19][3, 0, 23, 50, 43, 17, 61, 44, 14, 60] 
[54, 65, 19, 3, 0, 23, 50, 43, 17, 61, 44, 14, 60][27, 67, 65, 37, 18, 5, 54, 66, 48, 39][32, 39, 48, 29, 69, 66, 38, 18, 54, 65][52, 20, 43, 61, 60, 44, 14, 2, 0, 69][6, 35, 41, 25, 4, 53, 46, 40, 47, 7][14, 44, 61, 17, 43, 50, 23, 0, 3, 19][33, 22, 13, 20, 10, 52, 64, 51, 57, 34][9, 16, 26, 1, 49, 11, 68, 59, 10, 55][11, 49, 26, 30, 62, 15, 42, 24, 21, 63][8, 26, 30, 15, 49, 9, 11, 68, 1, 31][28, 56, 51, 58, 45, 34, 25, 12, 41, 36][14, 44, 61, 17, 43, 50, 23, 0, 3, 19][3, 0, 23, 50, 43, 17, 61, 44, 14, 60][14, 44, 61, 17, 43, 50, 23, 0, 3, 19][3, 0, 23, 50, 43, 17, 61, 44, 14, 60] 
[9, 16, 26, 1, 49, 11, 68, 59, 10, 55, 8, 51, 57, 58, 41, 34, 25][60, 14, 44, 61, 17, 43, 50, 23, 0, 3, 19, 65, 54, 18, 38, 66, 69][27, 67, 65, 37, 18, 5, 54, 66, 48, 39][32, 39, 48, 29, 69, 66, 38, 18, 54, 65][52, 20, 43, 61, 60, 44, 14, 2, 0, 69][6, 35, 41, 25, 4, 53, 46, 40, 47, 7][14, 44, 61, 17, 43, 50, 23, 0, 3, 19][33, 22, 13, 20, 10, 52, 64, 51, 57, 34][11, 49, 26, 30, 62, 15, 42, 24, 21, 63][8, 26, 30, 15, 49, 9, 11, 68, 1, 31][28, 56, 51, 58, 45, 34, 25, 12, 41, 36][14, 44, 61, 17, 43, 50, 23, 0, 3, 19][3, 0, 23, 50, 43, 17, 61, 44, 14, 60][14, 44, 61, 17, 43, 50, 23, 0, 3, 19][3, 0, 23, 50, 43, 17, 61, 44, 14, 60] 
[60, 14, 44, 61, 17, 43, 50, 23, 0, 3, 19, 65, 54, 18, 38, 66, 69, 29, 48, 39, 32, 37, 67][27, 67, 65, 37, 18, 5, 54, 66, 48, 39][32, 39, 48, 29, 69, 66, 38, 18, 54, 65][52, 20, 43, 61, 60, 44, 14, 2, 0, 69][6, 35, 41, 25, 4, 53, 46, 40, 47, 7][14, 44, 61, 17, 43, 50, 23, 0, 3, 19][33, 22, 13, 20, 10, 52, 64, 51, 57, 34][9, 16, 26, 1, 49, 11, 68, 59, 10, 55][11, 49, 26, 30, 62, 15, 42, 24, 21, 63][8, 26, 30, 15, 49, 9, 11, 68, 1, 31][28, 56, 51, 58, 45, 34, 25, 12, 41, 36][14, 44, 61, 17, 43, 50, 23, 0, 3, 19][3, 0, 23, 50, 43, 17, 61, 44, 14, 60][14, 44, 61, 17, 43, 50, 23, 0, 3, 19][3, 0, 23, 50, 43, 17, 61, 44, 14, 60] 
[5, 18, 39, 48, 69, 66, 29, 19, 3, 0, 23, 50, 43, 17, 61, 44, 14, 60][27, 67, 65, 37, 18, 5, 54, 66, 48, 39][32, 39, 48, 29, 69, 66, 38, 18, 54, 65][52, 20, 43, 61, 60, 44, 14, 2, 0, 69][6, 35, 41, 25, 4, 53, 46, 40, 47, 7][14, 44, 61, 17, 43, 50, 23, 0, 3, 19][33, 22, 13, 20, 10, 52, 64, 51, 57, 34][9, 16, 26, 1, 49, 11, 68, 59, 10, 55][11, 49, 26, 30, 62, 15, 42, 24, 21, 63][8, 26, 30, 15, 49, 9, 11, 68, 1, 31][28, 56, 51, 58, 45, 34, 25, 12, 41, 36][3, 0, 23, 50, 43, 17, 61, 44, 14, 60][14, 44, 61, 17, 43, 50, 23, 0, 3, 19][3, 0, 23, 50, 43, 17, 61, 44, 14, 60][14, 44, 61, 17, 43, 50, 23, 0, 3, 19] 
[60, 14, 44, 61, 17, 43, 50, 23, 0, 3, 19, 65, 54, 18, 38, 66, 69][27, 67, 65, 37, 18, 5, 54, 66, 48, 39][32, 39, 48, 29, 69, 66, 38, 18, 54, 65][52, 20, 43, 61, 60, 44, 14, 2, 0, 69][6, 35, 41, 25, 4, 53, 46, 40, 47, 7][14, 44, 61, 17, 43, 50, 23, 0, 3, 19][33, 22, 13, 20, 10, 52, 64, 51, 57, 34][9, 16, 26, 1, 49, 11, 68, 59, 10, 55][11, 49, 26, 30, 62, 15, 42, 24, 21, 63][8, 26, 30, 15, 49, 9, 11, 68, 1, 31][28, 56, 51, 58, 45, 34, 25, 12, 41, 36][14, 44, 61, 17, 43, 50, 23, 0, 3, 19][3, 0, 23, 50, 43, 17, 61, 44, 14, 60][14, 44, 61, 17, 43, 50, 23, 0, 3, 19][3, 0, 23, 50, 43, 17, 61, 44, 14, 60] 
[37, 32, 39, 48, 29, 69, 66, 38, 18, 54, 65, 19, 3, 0, 23, 50, 43, 17, 61, 44, 14, 60][27, 67, 65, 37, 18, 5, 54, 66, 48, 39][32, 39, 48, 29, 69, 66, 38, 18, 54, 65][52, 20, 43, 61, 60, 44, 14, 2, 0, 69][6, 35, 41, 25, 4, 53, 46, 40, 47, 7][14, 44, 61, 17, 43, 50, 23, 0, 3, 19][33, 22, 13, 20, 10, 52, 64, 51, 57, 34][9, 16, 26, 1, 49, 11, 68, 59, 10, 55][11, 49, 26, 30, 62, 15, 42, 24, 21, 63][8, 26, 30, 15, 49, 9, 11, 68, 1, 31][28, 56, 51, 58, 45, 34, 25, 12, 41, 36][14, 44, 61, 17, 43, 50, 23, 0, 3, 19][3, 0, 23, 50, 43, 17, 61, 44, 14, 60][14, 44, 61, 17, 43, 50, 23, 0, 3, 19][3, 0, 23, 50, 43, 17, 61, 44, 14, 60] 
[60, 14, 44, 61, 17, 43, 50, 23, 0, 3, 19, 65, 54, 18, 38, 66, 69, 29, 48, 39, 32, 37, 67][12, 27, 67, 37, 32, 39, 48, 29, 69, 66, 38, 18, 54, 65][27, 67, 65, 37, 18, 5, 54, 66, 48, 39][52, 20, 43, 61, 60, 44, 14, 2, 0, 69][6, 35, 41, 25, 4, 53, 46, 40, 47, 7][14, 44, 61, 17, 43, 50, 23, 0, 3, 19][33, 22, 13, 20, 10, 52, 64, 51, 57, 34][9, 16, 26, 1, 49, 11, 68, 59, 10, 55][11, 49, 26, 30, 62, 15, 42, 24, 21, 63][8, 26, 30, 15, 49, 9, 11, 68, 1, 31][28, 56, 51, 58, 45, 34, 25, 12, 41, 36][14, 44, 61, 17, 43, 50, 23, 0, 3, 19][3, 0, 23, 50, 43, 17, 61, 44, 14, 60][14, 44, 61, 17, 43, 50, 23, 0, 3, 19][3, 0, 23, 50, 43, 17, 61, 44, 14, 60] 
[60, 14, 44, 61, 17, 43, 50, 23, 0, 3, 19, 65, 54, 18, 38, 66, 69][27, 67, 65, 37, 18, 5, 54, 66, 48, 39][32, 39, 48, 29, 69, 66, 38, 18, 54, 65][52, 20, 43, 61, 60, 44, 14, 2, 0, 69][6, 35, 41, 25, 4, 53, 46, 40, 47, 7][14, 44, 61, 17, 43, 50, 23, 0, 3, 19][33, 22, 13, 20, 10, 52, 64, 51, 57, 34][9, 16, 26, 1, 49, 11, 68, 59, 10, 55][11, 49, 26, 30, 62, 15, 42, 24, 21, 63][8, 26, 30, 15, 49, 9, 11, 68, 1, 31][28, 56, 51, 58, 45, 34, 25, 12, 41, 36][14, 44, 61, 17, 43, 50, 23, 0, 3, 19][3, 0, 23, 50, 43, 17, 61, 44, 14, 60][14, 44, 61, 17, 43, 50, 23, 0, 3, 19][3, 0, 23, 50, 43, 17, 61, 44, 14, 60] 
[60, 14, 44, 61, 17, 43, 50, 23, 0, 3, 19, 29, 66, 69, 48, 39, 18, 5, 65][27, 67, 65, 37, 18, 5, 54, 66, 48, 39][32, 39, 48, 29, 69, 66, 38, 18, 54, 65][52, 20, 43, 61, 60, 44, 14, 2, 0, 69][6, 35, 41, 25, 4, 53, 46, 40, 47, 7][14, 44, 61, 17, 43, 50, 23, 0, 3, 19][33, 22, 13, 20, 10, 52, 64, 51, 57, 34][9, 16, 26, 1, 49, 11, 68, 59, 10, 55][11, 49, 26, 30, 62, 15, 42, 24, 21, 63][8, 26, 30, 15, 49, 9, 11, 68, 1, 31][28, 56, 51, 58, 45, 34, 25, 12, 41, 36][3, 0, 23, 50, 43, 17, 61, 44, 14, 60][14, 44, 61, 17, 43, 50, 23, 0, 3, 19][3, 0, 23, 50, 43, 17, 61, 44, 14, 60][14, 44, 61, 17, 43, 50, 23, 0, 3, 19] 
[37, 32, 39, 48, 29, 69, 66, 38, 18, 54, 65, 19, 3, 0, 23, 50, 43, 17, 61, 44, 14, 60][27, 67, 65, 37, 18, 5, 54, 66, 48, 39][32, 39, 48, 29, 69, 66, 38, 18, 54, 65][52, 20, 43, 61, 60, 44, 14, 2, 0, 69][6, 35, 41, 25, 4, 53, 46, 40, 47, 7][14, 44, 61, 17, 43, 50, 23, 0, 3, 19][33, 22, 13, 20, 10, 52, 64, 51, 57, 34][9, 16, 26, 1, 49, 11, 68, 59, 10, 55][11, 49, 26, 30, 62, 15, 42, 24, 21, 63][8, 26, 30, 15, 49, 9, 11, 68, 1, 31][28, 56, 51, 58, 45, 34, 25, 12, 41, 36][14, 44, 61, 17, 43, 50, 23, 0, 3, 19][3, 0, 23, 50, 43, 17, 61, 44, 14, 60][14, 44, 61, 17, 43, 50, 23, 0, 3, 19][3, 0, 23, 50, 43, 17, 61, 44, 14, 60] 
[9, 16, 26, 1, 49, 11, 68, 59, 10, 55, 8, 51, 57, 58, 41, 34, 25, 12, 27][60, 14, 44, 61, 17, 43, 50, 23, 0, 3, 19, 65, 54, 18, 38, 66, 69][27, 67, 65, 37, 18, 5, 54, 66, 48, 39][32, 39, 48, 29, 69, 66, 38, 18, 54, 65][52, 20, 43, 61, 60, 44, 14, 2, 0, 69][6, 35, 41, 25, 4, 53, 46, 40, 47, 7][14, 44, 61, 17, 43, 50, 23, 0, 3, 19][33, 22, 13, 20, 10, 52, 64, 51, 57, 34][11, 49, 26, 30, 62, 15, 42, 24, 21, 63][8, 26, 30, 15, 49, 9, 11, 68, 1, 31][28, 56, 51, 58, 45, 34, 25, 12, 41, 36][14, 44, 61, 17, 43, 50, 23, 0, 3, 19][3, 0, 23, 50, 43, 17, 61, 44, 14, 60][14, 44, 61, 17, 43, 50, 23, 0, 3, 19][3, 0, 23, 50, 43, 17, 61, 44, 14, 60] 
[34, 57, 51, 64, 52, 10, 20, 13, 22, 33, 50, 17, 43, 61, 60, 44, 14, 2, 23, 69][60, 14, 44, 61, 17, 43, 50, 23, 0, 3, 19, 29, 66, 69, 48, 39, 18, 5, 65][27, 67, 65, 37, 18, 5, 54, 66, 48, 39][32, 39, 48, 29, 69, 66, 38, 18, 54, 65][52, 20, 43, 61, 60, 44, 14, 2, 0, 69][6, 35, 41, 25, 4, 53, 46, 40, 47, 7][14, 44, 61, 17, 43, 50, 23, 0, 3, 19][9, 16, 26, 1, 49, 11, 68, 59, 10, 55][11, 49, 26, 30, 62, 15, 42, 24, 21, 63][8, 26, 30, 15, 49, 9, 11, 68, 1, 31][28, 56, 51, 58, 45, 34, 25, 12, 41, 36][3, 0, 23, 50, 43, 17, 61, 44, 14, 60][14, 44, 61, 17, 43, 50, 23, 0, 3, 19][3, 0, 23, 50, 43, 17, 61, 44, 14, 60][14, 44, 61, 17, 43, 50, 23, 0, 3, 19] 
[5, 18, 39, 48, 69, 66, 29, 19, 3, 0, 23, 50, 43, 17, 61, 44, 14, 60][27, 67, 65, 37, 18, 5, 54, 66, 48, 39][32, 39, 48, 29, 69, 66, 38, 18, 54, 65][52, 20, 43, 61, 60, 44, 14, 2, 0, 69][6, 35, 41, 25, 4, 53, 46, 40, 47, 7][14, 44, 61, 17, 43, 50, 23, 0, 3, 19][33, 22, 13, 20, 10, 52, 64, 51, 57, 34][9, 16, 26, 1, 49, 11, 68, 59, 10, 55][11, 49, 26, 30, 62, 15, 42, 24, 21, 63][8, 26, 30, 15, 49, 9, 11, 68, 1, 31][28, 56, 51, 58, 45, 34, 25, 12, 41, 36][3, 0, 23, 50, 43, 17, 61, 44, 14, 60][14, 44, 61, 17, 43, 50, 23, 0, 3, 19][3, 0, 23, 50, 43, 17, 61, 44, 14, 60][14, 44, 61, 17, 43, 50, 23, 0, 3, 19] 
[27, 67, 5, 37, 32, 39, 48, 69, 66, 38, 18, 54, 65, 19, 3, 0, 23, 50, 43, 17, 61, 44, 14, 60][25, 27, 67, 65, 5, 18, 39, 48, 69, 66, 29, 19, 3, 0, 23, 50, 43, 17, 61, 44, 14, 60][27, 67, 65, 37, 18, 5, 54, 66, 48, 39][32, 39, 48, 29, 69, 66, 38, 18, 54, 65][52, 20, 43, 61, 60, 44, 14, 2, 0, 69][6, 35, 41, 25, 4, 53, 46, 40, 47, 7][14, 44, 61, 17, 43, 50, 23, 0, 3, 19][33, 22, 13, 20, 10, 52, 64, 51, 57, 34][9, 16, 26, 1, 49, 11, 68, 59, 10, 55][11, 49, 26, 30, 62, 15, 42, 24, 21, 63][8, 26, 30, 15, 49, 9, 11, 68, 1, 31][28, 56, 51, 58, 45, 34, 25, 12, 41, 36][14, 44, 61, 17, 43, 50, 23, 0, 3, 19][3, 0, 23, 50, 43, 17, 61, 44, 14, 60][14, 44, 61, 17, 43, 50, 23, 0, 3, 19] 
[34, 57, 51, 64, 52, 10, 20, 13, 22, 33, 50, 17, 43, 61, 60, 44, 14, 2, 23, 69][60, 14, 44, 61, 17, 43, 50, 23, 0, 3, 19, 29, 66, 69, 48, 39, 18, 5, 65][27, 67, 65, 37, 18, 5, 54, 66, 48, 39][32, 39, 48, 29, 69, 66, 38, 18, 54, 65][52, 20, 43, 61, 60, 44, 14, 2, 0, 69][6, 35, 41, 25, 4, 53, 46, 40, 47, 7][14, 44, 61, 17, 43, 50, 23, 0, 3, 19][9, 16, 26, 1, 49, 11, 68, 59, 10, 55][11, 49, 26, 30, 62, 15, 42, 24, 21, 63][8, 26, 30, 15, 49, 9, 11, 68, 1, 31][28, 56, 51, 58, 45, 34, 25, 12, 41, 36][3, 0, 23, 50, 43, 17, 61, 44, 14, 60][14, 44, 61, 17, 43, 50, 23, 0, 3, 19][3, 0, 23, 50, 43, 17, 61, 44, 14, 60][14, 44, 61, 17, 43, 50, 23, 0, 3, 19] 
[35, 6, 47, 7, 53, 4, 12, 27, 41, 58, 33, 22, 13, 20, 10, 52, 64, 51, 57, 34, 45][60, 14, 44, 61, 17, 43, 50, 23, 0, 3, 19, 65, 54, 18, 38, 66, 69][27, 67, 65, 37, 18, 5, 54, 66, 48, 39][32, 39, 48, 29, 69, 66, 38, 18, 54, 65][52, 20, 43, 61, 60, 44, 14, 2, 0, 69][6, 35, 41, 25, 4, 53, 46, 40, 47, 7][14, 44, 61, 17, 43, 50, 23, 0, 3, 19][9, 16, 26, 1, 49, 11, 68, 59, 10, 55][11, 49, 26, 30, 62, 15, 42, 24, 21, 63][8, 26, 30, 15, 49, 9, 11, 68, 1, 31][28, 56, 51, 58, 45, 34, 25, 12, 41, 36][14, 44, 61, 17, 43, 50, 23, 0, 3, 19][3, 0, 23, 50, 43, 17, 61, 44, 14, 60][14, 44, 61, 17, 43, 50, 23, 0, 3, 19][3, 0, 23, 50, 43, 17, 61, 44, 14, 60] 
[6, 35, 41, 25, 4, 53, 46, 40, 47, 7][28, 56, 51, 58, 45, 34, 25, 12, 41, 36][33, 22, 13, 20, 10, 52, 64, 51, 57, 34][9, 16, 26, 1, 49, 11, 68, 59, 10, 55][52, 20, 43, 61, 60, 44, 14, 2, 0, 69][32, 39, 48, 29, 69, 66, 38, 18, 54, 65][31, 11, 49, 26, 62, 15, 42, 24, 21, 63][14, 44, 61, 17, 43, 50, 23, 0, 3, 19][27, 67, 65, 37, 18, 5, 54, 66, 48, 39][16, 55, 8, 26, 30, 15, 49, 9, 11, 68][16, 55, 8, 26, 30, 15, 49, 9, 11, 68][9, 11, 49, 62, 15, 42, 24, 21, 63, 30][11, 49, 26, 30, 62, 15, 42, 24, 21, 63][47, 7, 40, 53, 4, 25, 41, 35, 6, 56][52, 20, 43, 61, 60, 44, 14, 2, 0, 69] 
[6, 35, 41, 25, 4, 53, 46, 40, 47, 7][28, 56, 51, 58, 45, 34, 25, 12, 41, 36][33, 22, 13, 20, 10, 52, 64, 51, 57, 34][9, 16, 26, 1, 49, 11, 68, 59, 10, 55][52, 20, 43, 61, 60, 44, 14, 2, 0, 69][32, 39, 48, 29, 69, 66, 38, 18, 54, 65][31, 11, 49, 26, 62, 15, 42, 24, 21, 63][14, 44, 61, 17, 43, 50, 23, 0, 3, 19][27, 67, 65, 37, 18, 5, 54, 66, 48, 39][16, 55, 8, 26, 30, 15, 49, 9, 11, 68][16, 55, 8, 26, 30, 15, 49, 9, 11, 68][9, 11, 49, 62, 15, 42, 24, 21, 63, 30][11, 49, 26, 30, 62, 15, 42, 24, 21, 63][47, 7, 40, 53, 4, 25, 41, 35, 6, 56][52, 20, 43, 61, 60, 44, 14, 2, 0, 69] 
[6, 35, 41, 25, 4, 53, 46, 40, 47, 7][28, 56, 51, 58, 45, 34, 25, 12, 41, 36][33, 22, 13, 20, 10, 52, 64, 51, 57, 34][9, 16, 26, 1, 49, 11, 68, 59, 10, 55][52, 20, 43, 61, 60, 44, 14, 2, 0, 69][32, 39, 48, 29, 69, 66, 38, 18, 54, 65][31, 11, 49, 26, 62, 15, 42, 24, 21, 63][14, 44, 61, 17, 43, 50, 23, 0, 3, 19][27, 67, 65, 37, 18, 5, 54, 66, 48, 39][16, 55, 8, 26, 30, 15, 49, 9, 11, 68][16, 55, 8, 26, 30, 15, 49, 9, 11, 68][9, 11, 49, 62, 15, 42, 24, 21, 63, 30][11, 49, 26, 30, 62, 15, 42, 24, 21, 63][47, 7, 40, 53, 4, 25, 41, 35, 6, 56][52, 20, 43, 61, 60, 44, 14, 2, 0, 69] 
[6, 35, 41, 25, 4, 53, 46, 40, 47, 7][28, 56, 51, 58, 45, 34, 25, 12, 41, 36][33, 22, 13, 20, 10, 52, 64, 51, 57, 34][9, 16, 26, 1, 49, 11, 68, 59, 10, 55][52, 20, 43, 61, 60, 44, 14, 2, 0, 69][32, 39, 48, 29, 69, 66, 38, 18, 54, 65][31, 11, 49, 26, 62, 15, 42, 24, 21, 63][14, 44, 61, 17, 43, 50, 23, 0, 3, 19][27, 67, 65, 37, 18, 5, 54, 66, 48, 39][16, 55, 8, 26, 30, 15, 49, 9, 11, 68][16, 55, 8, 26, 30, 15, 49, 9, 11, 68][9, 11, 49, 62, 15, 42, 24, 21, 63, 30][11, 49, 26, 30, 62, 15, 42, 24, 21, 63][47, 7, 40, 53, 4, 25, 41, 35, 6, 56][52, 20, 43, 61, 60, 44, 14, 2, 0, 69] 
[6, 35, 41, 25, 4, 53, 46, 40, 47, 7][28, 56, 51, 58, 45, 34, 25, 12, 41, 36][33, 22, 13, 20, 10, 52, 64, 51, 57, 34][9, 16, 26, 1, 49, 11, 68, 59, 10, 55][52, 20, 43, 61, 60, 44, 14, 2, 0, 69][32, 39, 48, 29, 69, 66, 38, 18, 54, 65][31, 11, 49, 26, 62, 15, 42, 24, 21, 63][14, 44, 61, 17, 43, 50, 23, 0, 3, 19][27, 67, 65, 37, 18, 5, 54, 66, 48, 39][16, 55, 8, 26, 30, 15, 49, 9, 11, 68][16, 55, 8, 26, 30, 15, 49, 9, 11, 68][9, 11, 49, 62, 15, 42, 24, 21, 63, 30][11, 49, 26, 30, 62, 15, 42, 24, 21, 63][47, 7, 40, 53, 4, 25, 41, 35, 6, 56][52, 20, 43, 61, 60, 44, 14, 2, 0, 69] 
[6, 35, 41, 25, 4, 53, 46, 40, 47, 7][28, 56, 51, 58, 45, 34, 25, 12, 41, 36][33, 22, 13, 20, 10, 52, 64, 51, 57, 34][9, 16, 26, 1, 49, 11, 68, 59, 10, 55][52, 20, 43, 61, 60, 44, 14, 2, 0, 69][32, 39, 48, 29, 69, 66, 38, 18, 54, 65][31, 11, 49, 26, 62, 15, 42, 24, 21, 63][14, 44, 61, 17, 43, 50, 23, 0, 3, 19][27, 67, 65, 37, 18, 5, 54, 66, 48, 39][16, 55, 8, 26, 30, 15, 49, 9, 11, 68][16, 55, 8, 26, 30, 15, 49, 9, 11, 68][9, 11, 49, 62, 15, 42, 24, 21, 63, 30][11, 49, 26, 30, 62, 15, 42, 24, 21, 63][47, 7, 40, 53, 4, 25, 41, 35, 6, 56][52, 20, 43, 61, 60, 44, 14, 2, 0, 69] 
[6, 35, 41, 25, 4, 53, 46, 40, 47, 7][28, 56, 51, 58, 45, 34, 25, 12, 41, 36][33, 22, 13, 20, 10, 52, 64, 51, 57, 34][9, 16, 26, 1, 49, 11, 68, 59, 10, 55][52, 20, 43, 61, 60, 44, 14, 2, 0, 69][32, 39, 48, 29, 69, 66, 38, 18, 54, 65][31, 11, 49, 26, 62, 15, 42, 24, 21, 63][14, 44, 61, 17, 43, 50, 23, 0, 3, 19][27, 67, 65, 37, 18, 5, 54, 66, 48, 39][16, 55, 8, 26, 30, 15, 49, 9, 11, 68][16, 55, 8, 26, 30, 15, 49, 9, 11, 68][9, 11, 49, 62, 15, 42, 24, 21, 63, 30][11, 49, 26, 30, 62, 15, 42, 24, 21, 63][47, 7, 40, 53, 4, 25, 41, 35, 6, 56][52, 20, 43, 61, 60, 44, 14, 2, 0, 69] 
[6, 35, 41, 25, 4, 53, 46, 40, 47, 7][28, 56, 51, 58, 45, 34, 25, 12, 41, 36][33, 22, 13, 20, 10, 52, 64, 51, 57, 34][9, 16, 26, 1, 49, 11, 68, 59, 10, 55][52, 20, 43, 61, 60, 44, 14, 2, 0, 69][32, 39, 48, 29, 69, 66, 38, 18, 54, 65][31, 11, 49, 26, 62, 15, 42, 24, 21, 63][14, 44, 61, 17, 43, 50, 23, 0, 3, 19][27, 67, 65, 37, 18, 5, 54, 66, 48, 39][16, 55, 8, 26, 30, 15, 49, 9, 11, 68][16, 55, 8, 26, 30, 15, 49, 9, 11, 68][9, 11, 49, 62, 15, 42, 24, 21, 63, 30][11, 49, 26, 30, 62, 15, 42, 24, 21, 63][47, 7, 40, 53, 4, 25, 41, 35, 6, 56][52, 20, 43, 61, 60, 44, 14, 2, 0, 69] 
[6, 35, 41, 25, 4, 53, 46, 40, 47, 7][28, 56, 51, 58, 45, 34, 25, 12, 41, 36][33, 22, 13, 20, 10, 52, 64, 51, 57, 34][9, 16, 26, 1, 49, 11, 68, 59, 10, 55][52, 20, 43, 61, 60, 44, 14, 2, 0, 69][32, 39, 48, 29, 69, 66, 38, 18, 54, 65][31, 11, 49, 26, 62, 15, 42, 24, 21, 63][14, 44, 61, 17, 43, 50, 23, 0, 3, 19][27, 67, 65, 37, 18, 5, 54, 66, 48, 39][16, 55, 8, 26, 30, 15, 49, 9, 11, 68][16, 55, 8, 26, 30, 15, 49, 9, 11, 68][9, 11, 49, 62, 15, 42, 24, 21, 63, 30][11, 49, 26, 30, 62, 15, 42, 24, 21, 63][47, 7, 40, 53, 4, 25, 41, 35, 6, 56][52, 20, 43, 61, 60, 44, 14, 2, 0, 69] 
[6, 35, 41, 25, 4, 53, 46, 40, 47, 7][28, 56, 51, 58, 45, 34, 25, 12, 41, 36][33, 22, 13, 20, 10, 52, 64, 51, 57, 34][9, 16, 26, 1, 49, 11, 68, 59, 10, 55][52, 20, 43, 61, 60, 44, 14, 2, 0, 69][32, 39, 48, 29, 69, 66, 38, 18, 54, 65][31, 11, 49, 26, 62, 15, 42, 24, 21, 63][14, 44, 61, 17, 43, 50, 23, 0, 3, 19][27, 67, 65, 37, 18, 5, 54, 66, 48, 39][16, 55, 8, 26, 30, 15, 49, 9, 11, 68][16, 55, 8, 26, 30, 15, 49, 9, 11, 68][9, 11, 49, 62, 15, 42, 24, 21, 63, 30][11, 49, 26, 30, 62, 15, 42, 24, 21, 63][47, 7, 40, 53, 4, 25, 41, 35, 6, 56][52, 20, 43, 61, 60, 44, 14, 2, 0, 69] 
