[22, 45, 34, 57, 25, 12, 27, 41, 36, 54][36, 38, 54, 18, 19, 3, 48, 39, 65, 37][2, 0, 23, 29, 3, 69, 66, 19, 65, 32][16, 55, 52, 10, 20, 33, 13, 43, 50, 23][17, 10, 59, 68, 11, 1, 31, 9, 49, 26][8, 26, 49, 62, 30, 24, 42, 15, 11, 59][41, 12, 27, 25, 4, 53, 7, 46, 40, 47][15, 62, 42, 30, 63, 24, 21, 6, 56, 28][14, 44, 60, 61, 43, 50, 13, 20, 55, 52][4, 40, 12, 27, 25, 34, 35, 58, 57, 51][19, 29, 48, 66, 18, 37, 67, 5, 65, 32][46, 7, 53, 4, 25, 27, 12, 41, 51, 64][9, 16, 55, 52, 10, 20, 33, 13, 43, 50][4, 40, 12, 27, 25, 34, 35, 58, 57, 51][16, 55, 52, 10, 20, 33, 13, 43, 50, 23] 
[36, 38, 54, 18, 19, 3, 48, 39, 65, 37][22, 45, 34, 57, 25, 12, 27, 41, 36, 54][2, 0, 23, 29, 3, 69, 66, 19, 65, 32][16, 55, 52, 10, 20, 33, 13, 43, 50, 23][17, 10, 59, 68, 11, 1, 31, 9, 49, 26][46, 7, 53, 4, 25, 27, 12, 41, 51, 64][8, 26, 49, 62, 30, 24, 42, 15, 11, 59][15, 62, 42, 30, 63, 24, 21, 6, 56, 28][14, 44, 60, 61, 43, 50, 13, 20, 55, 52][4, 40, 12, 27, 25, 34, 35, 58, 57, 51][19, 29, 48, 66, 18, 37, 67, 5, 65, 32][41, 12, 27, 25, 4, 53, 7, 46, 40, 47][2, 0, 23, 29, 3, 69, 66, 19, 65, 32][9, 16, 55, 52, 10, 20, 33, 13, 43, 50][14, 44, 60, 61, 43, 50, 13, 20, 55, 52] 
[16, 55, 52, 10, 20, 33, 13, 43, 50, 23][2, 0, 23, 29, 3, 69, 66, 19, 65, 32][17, 10, 59, 68, 11, 1, 31, 9, 49, 26][36, 38, 54, 18, 19, 3, 48, 39, 65, 37][22, 45, 34, 57, 25, 12, 27, 41, 36, 54][8, 26, 49, 62, 30, 24, 42, 15, 11, 59][41, 12, 27, 25, 4, 53, 7, 46, 40, 47][15, 62, 42, 30, 63, 24, 21, 6, 56, 28][14, 44, 60, 61, 43, 50, 13, 20, 55, 52][4, 40, 12, 27, 25, 34, 35, 58, 57, 51][19, 29, 48, 66, 18, 37, 67, 5, 65, 32][46, 7, 53, 4, 25, 27, 12, 41, 51, 64][36, 38, 54, 18, 19, 3, 48, 39, 65, 37][36, 38, 54, 18, 19, 3, 48, 39, 65, 37][36, 38, 54, 18, 19, 3, 48, 39, 65, 37] 
[16, 55, 52, 10, 20, 33, 13, 43, 50, 23][2, 0, 23, 29, 3, 69, 66, 19, 65, 32][17, 10, 59, 68, 11, 1, 31, 9, 49, 26][36, 38, 54, 18, 19, 3, 48, 39, 65, 37][22, 45, 34, 57, 25, 12, 27, 41, 36, 54][8, 26, 49, 62, 30, 24, 42, 15, 11, 59][41, 12, 27, 25, 4, 53, 7, 46, 40, 47][15, 62, 42, 30, 63, 24, 21, 6, 56, 28][14, 44, 60, 61, 43, 50, 13, 20, 55, 52][4, 40, 12, 27, 25, 34, 35, 58, 57, 51][19, 29, 48, 66, 18, 37, 67, 5, 65, 32][46, 7, 53, 4, 25, 27, 12, 41, 51, 64][36, 38, 54, 18, 19, 3, 48, 39, 65, 37][36, 38, 54, 18, 19, 3, 48, 39, 65, 37][36, 38, 54, 18, 19, 3, 48, 39, 65, 37] 
[4, 40, 12, 27, 25, 34, 35, 58, 57, 51][46, 7, 53, 4, 25, 27, 12, 41, 51, 64][22, 45, 34, 57, 25, 12, 27, 41, 36, 54][36, 38, 54, 18, 19, 3, 48, 39, 65, 37][2, 0, 23, 29, 3, 69, 66, 19, 65, 32][16, 55, 52, 10, 20, 33, 13, 43, 50, 23][17, 10, 59, 68, 11, 1, 31, 9, 49, 26][8, 26, 49, 62, 30, 24, 42, 15, 11, 59][15, 62, 42, 30, 63, 24, 21, 6, 56, 28][14, 44, 60, 61, 43, 50, 13, 20, 55, 52][19, 29, 48, 66, 18, 37, 67, 5, 65, 32][41, 12, 27, 25, 4, 53, 7, 46, 40, 47][15, 62, 42, 30, 63, 24, 21, 6, 56, 28][46, 7, 53, 4, 25, 27, 12, 41, 51, 64][4, 40, 12, 27, 25, 34, 35, 58, 57, 51] 
[4, 40, 12, 27, 25, 34, 35, 58, 57, 51][46, 7, 53, 4, 25, 27, 12, 41, 51, 64][22, 45, 34, 57, 25, 12, 27, 41, 36, 54][36, 38, 54, 18, 19, 3, 48, 39, 65, 37][2, 0, 23, 29, 3, 69, 66, 19, 65, 32][16, 55, 52, 10, 20, 33, 13, 43, 50, 23][17, 10, 59, 68, 11, 1, 31, 9, 49, 26][8, 26, 49, 62, 30, 24, 42, 15, 11, 59][15, 62, 42, 30, 63, 24, 21, 6, 56, 28][14, 44, 60, 61, 43, 50, 13, 20, 55, 52][19, 29, 48, 66, 18, 37, 67, 5, 65, 32][41, 12, 27, 25, 4, 53, 7, 46, 40, 47][15, 62, 42, 30, 63, 24, 21, 6, 56, 28][46, 7, 53, 4, 25, 27, 12, 41, 51, 64][4, 40, 12, 27, 25, 34, 35, 58, 57, 51] 
[4, 40, 12, 27, 25, 34, 35, 58, 57, 51][46, 7, 53, 4, 25, 27, 12, 41, 51, 64][22, 45, 34, 57, 25, 12, 27, 41, 36, 54][36, 38, 54, 18, 19, 3, 48, 39, 65, 37][2, 0, 23, 29, 3, 69, 66, 19, 65, 32][16, 55, 52, 10, 20, 33, 13, 43, 50, 23][17, 10, 59, 68, 11, 1, 31, 9, 49, 26][8, 26, 49, 62, 30, 24, 42, 15, 11, 59][15, 62, 42, 30, 63, 24, 21, 6, 56, 28][14, 44, 60, 61, 43, 50, 13, 20, 55, 52][19, 29, 48, 66, 18, 37, 67, 5, 65, 32][41, 12, 27, 25, 4, 53, 7, 46, 40, 47][15, 62, 42, 30, 63, 24, 21, 6, 56, 28][46, 7, 53, 4, 25, 27, 12, 41, 51, 64][4, 40, 12, 27, 25, 34, 35, 58, 57, 51] 
[4, 40, 12, 27, 25, 34, 35, 58, 57, 51][46, 7, 53, 4, 25, 27, 12, 41, 51, 64][22, 45, 34, 57, 25, 12, 27, 41, 36, 54][36, 38, 54, 18, 19, 3, 48, 39, 65, 37][2, 0, 23, 29, 3, 69, 66, 19, 65, 32][16, 55, 52, 10, 20, 33, 13, 43, 50, 23][17, 10, 59, 68, 11, 1, 31, 9, 49, 26][8, 26, 49, 62, 30, 24, 42, 15, 11, 59][15, 62, 42, 30, 63, 24, 21, 6, 56, 28][14, 44, 60, 61, 43, 50, 13, 20, 55, 52][19, 29, 48, 66, 18, 37, 67, 5, 65, 32][41, 12, 27, 25, 4, 53, 7, 46, 40, 47][15, 62, 42, 30, 63, 24, 21, 6, 56, 28][46, 7, 53, 4, 25, 27, 12, 41, 51, 64][4, 40, 12, 27, 25, 34, 35, 58, 57, 51] 
[4, 40, 12, 27, 25, 34, 35, 58, 57, 51][46, 7, 53, 4, 25, 27, 12, 41, 51, 64][22, 45, 34, 57, 25, 12, 27, 41, 36, 54][36, 38, 54, 18, 19, 3, 48, 39, 65, 37][2, 0, 23, 29, 3, 69, 66, 19, 65, 32][16, 55, 52, 10, 20, 33, 13, 43, 50, 23][17, 10, 59, 68, 11, 1, 31, 9, 49, 26][8, 26, 49, 62, 30, 24, 42, 15, 11, 59][15, 62, 42, 30, 63, 24, 21, 6, 56, 28][14, 44, 60, 61, 43, 50, 13, 20, 55, 52][19, 29, 48, 66, 18, 37, 67, 5, 65, 32][41, 12, 27, 25, 4, 53, 7, 46, 40, 47][15, 62, 42, 30, 63, 24, 21, 6, 56, 28][46, 7, 53, 4, 25, 27, 12, 41, 51, 64][4, 40, 12, 27, 25, 34, 35, 58, 57, 51] 
[4, 40, 12, 27, 25, 34, 35, 58, 57, 51][46, 7, 53, 4, 25, 27, 12, 41, 51, 64][22, 45, 34, 57, 25, 12, 27, 41, 36, 54][36, 38, 54, 18, 19, 3, 48, 39, 65, 37][2, 0, 23, 29, 3, 69, 66, 19, 65, 32][16, 55, 52, 10, 20, 33, 13, 43, 50, 23][17, 10, 59, 68, 11, 1, 31, 9, 49, 26][8, 26, 49, 62, 30, 24, 42, 15, 11, 59][15, 62, 42, 30, 63, 24, 21, 6, 56, 28][14, 44, 60, 61, 43, 50, 13, 20, 55, 52][19, 29, 48, 66, 18, 37, 67, 5, 65, 32][41, 12, 27, 25, 4, 53, 7, 46, 40, 47][15, 62, 42, 30, 63, 24, 21, 6, 56, 28][46, 7, 53, 4, 25, 27, 12, 41, 51, 64][4, 40, 12, 27, 25, 34, 35, 58, 57, 51] 
[36, 38, 54, 18, 19, 3, 48, 39, 65, 37][22, 45, 34, 57, 25, 12, 27, 41, 36, 54][2, 0, 23, 29, 3, 69, 66, 19, 65, 32][16, 55, 52, 10, 20, 33, 13, 43, 50, 23][17, 10, 59, 68, 11, 1, 31, 9, 49, 26][46, 7, 53, 4, 25, 27, 12, 41, 51, 64][8, 26, 49, 62, 30, 24, 42, 15, 11, 59][15, 62, 42, 30, 63, 24, 21, 6, 56, 28][14, 44, 60, 61, 43, 50, 13, 20, 55, 52][4, 40, 12, 27, 25, 34, 35, 58, 57, 51][19, 29, 48, 66, 18, 37, 67, 5, 65, 32][41, 12, 27, 25, 4, 53, 7, 46, 40, 47][2, 0, 23, 29, 3, 69, 66, 19, 65, 32][9, 16, 55, 52, 10, 20, 33, 13, 43, 50][14, 44, 60, 61, 43, 50, 13, 20, 55, 52] 
[16, 55, 52, 10, 20, 33, 13, 43, 50, 23][17, 10, 59, 68, 11, 1, 31, 9, 49, 26][2, 0, 23, 29, 3, 69, 66, 19, 65, 32][36, 38, 54, 18, 19, 3, 48, 39, 65, 37][22, 45, 34, 57, 25, 12, 27, 41, 36, 54][8, 26, 49, 62, 30, 24, 42, 15, 11, 59][46, 7, 53, 4, 25, 27, 12, 41, 51, 64][15, 62, 42, 30, 63, 24, 21, 6, 56, 28][14, 44, 60, 61, 43, 50, 13, 20, 55, 52][4, 40, 12, 27, 25, 34, 35, 58, 57, 51][19, 29, 48, 66, 18, 37, 67, 5, 65, 32][41, 12, 27, 25, 4, 53, 7, 46, 40, 47][14, 44, 60, 61, 43, 50, 13, 20, 55, 52][36, 38, 54, 18, 19, 3, 48, 39, 65, 37][36, 38, 54, 18, 19, 3, 48, 39, 65, 37] 
[16, 55, 52, 10, 20, 33, 13, 43, 50, 23][2, 0, 23, 29, 3, 69, 66, 19, 65, 32][17, 10, 59, 68, 11, 1, 31, 9, 49, 26][36, 38, 54, 18, 19, 3, 48, 39, 65, 37][22, 45, 34, 57, 25, 12, 27, 41, 36, 54][8, 26, 49, 62, 30, 24, 42, 15, 11, 59][41, 12, 27, 25, 4, 53, 7, 46, 40, 47][15, 62, 42, 30, 63, 24, 21, 6, 56, 28][14, 44, 60, 61, 43, 50, 13, 20, 55, 52][4, 40, 12, 27, 25, 34, 35, 58, 57, 51][19, 29, 48, 66, 18, 37, 67, 5, 65, 32][46, 7, 53, 4, 25, 27, 12, 41, 51, 64][36, 38, 54, 18, 19, 3, 48, 39, 65, 37][36, 38, 54, 18, 19, 3, 48, 39, 65, 37][36, 38, 54, 18, 19, 3, 48, 39, 65, 37] 
[4, 40, 12, 27, 25, 34, 35, 58, 57, 51][46, 7, 53, 4, 25, 27, 12, 41, 51, 64][22, 45, 34, 57, 25, 12, 27, 41, 36, 54][36, 38, 54, 18, 19, 3, 48, 39, 65, 37][2, 0, 23, 29, 3, 69, 66, 19, 65, 32][16, 55, 52, 10, 20, 33, 13, 43, 50, 23][17, 10, 59, 68, 11, 1, 31, 9, 49, 26][8, 26, 49, 62, 30, 24, 42, 15, 11, 59][15, 62, 42, 30, 63, 24, 21, 6, 56, 28][14, 44, 60, 61, 43, 50, 13, 20, 55, 52][19, 29, 48, 66, 18, 37, 67, 5, 65, 32][41, 12, 27, 25, 4, 53, 7, 46, 40, 47][15, 62, 42, 30, 63, 24, 21, 6, 56, 28][46, 7, 53, 4, 25, 27, 12, 41, 51, 64][4, 40, 12, 27, 25, 34, 35, 58, 57, 51] 
[56, 8, 26, 49, 62, 30, 24, 42, 15, 11, 59][32, 65, 5, 67, 37, 18, 66, 48, 29, 19, 38][56, 8, 26, 49, 62, 30, 24, 42, 15, 11, 59][36, 38, 54, 18, 19, 3, 48, 39, 65, 37][22, 45, 34, 57, 25, 12, 27, 41, 36, 54][2, 0, 23, 29, 3, 69, 66, 19, 65, 32][16, 55, 52, 10, 20, 33, 13, 43, 50, 23][17, 10, 59, 68, 11, 1, 31, 9, 49, 26][41, 12, 27, 25, 4, 53, 7, 46, 40, 47][15, 62, 42, 30, 63, 24, 21, 6, 56, 28][14, 44, 60, 61, 43, 50, 13, 20, 55, 52][4, 40, 12, 27, 25, 34, 35, 58, 57, 51][46, 7, 53, 4, 25, 27, 12, 41, 51, 64][46, 7, 53, 4, 25, 27, 12, 41, 51, 64][14, 44, 60, 61, 43, 50, 13, 20, 55, 52] 
[4, 40, 12, 27, 25, 34, 35, 58, 57, 51][46, 7, 53, 4, 25, 27, 12, 41, 51, 64][22, 45, 34, 57, 25, 12, 27, 41, 36, 54][36, 38, 54, 18, 19, 3, 48, 39, 65, 37][2, 0, 23, 29, 3, 69, 66, 19, 65, 32][16, 55, 52, 10, 20, 33, 13, 43, 50, 23][17, 10, 59, 68, 11, 1, 31, 9, 49, 26][8, 26, 49, 62, 30, 24, 42, 15, 11, 59][15, 62, 42, 30, 63, 24, 21, 6, 56, 28][14, 44, 60, 61, 43, 50, 13, 20, 55, 52][19, 29, 48, 66, 18, 37, 67, 5, 65, 32][41, 12, 27, 25, 4, 53, 7, 46, 40, 47][15, 62, 42, 30, 63, 24, 21, 6, 56, 28][46, 7, 53, 4, 25, 27, 12, 41, 51, 64][4, 40, 12, 27, 25, 34, 35, 58, 57, 51] 
[46, 7, 53, 4, 25, 27, 12, 41, 51, 64][22, 45, 34, 57, 25, 12, 27, 41, 36, 54][36, 38, 54, 18, 19, 3, 48, 39, 65, 37][2, 0, 23, 29, 3, 69, 66, 19, 65, 32][16, 55, 52, 10, 20, 33, 13, 43, 50, 23][17, 10, 59, 68, 11, 1, 31, 9, 49, 26][8, 26, 49, 62, 30, 24, 42, 15, 11, 59][15, 62, 42, 30, 63, 24, 21, 6, 56, 28][14, 44, 60, 61, 43, 50, 13, 20, 55, 52][4, 40, 12, 27, 25, 34, 35, 58, 57, 51][19, 29, 48, 66, 18, 37, 67, 5, 65, 32][41, 12, 27, 25, 4, 53, 7, 46, 40, 47][8, 26, 49, 62, 30, 24, 42, 15, 11, 59][8, 26, 49, 62, 30, 24, 42, 15, 11, 59][9, 16, 55, 52, 10, 20, 33, 13, 43, 50] 
[36, 38, 54, 18, 19, 3, 48, 39, 65, 37][22, 45, 34, 57, 25, 12, 27, 41, 36, 54][2, 0, 23, 29, 3, 69, 66, 19, 65, 32][16, 55, 52, 10, 20, 33, 13, 43, 50, 23][17, 10, 59, 68, 11, 1, 31, 9, 49, 26][46, 7, 53, 4, 25, 27, 12, 41, 51, 64][8, 26, 49, 62, 30, 24, 42, 15, 11, 59][15, 62, 42, 30, 63, 24, 21, 6, 56, 28][14, 44, 60, 61, 43, 50, 13, 20, 55, 52][4, 40, 12, 27, 25, 34, 35, 58, 57, 51][19, 29, 48, 66, 18, 37, 67, 5, 65, 32][41, 12, 27, 25, 4, 53, 7, 46, 40, 47][14, 44, 60, 61, 43, 50, 13, 20, 55, 52][14, 44, 60, 61, 43, 50, 13, 20, 55, 52][14, 44, 60, 61, 43, 50, 13, 20, 55, 52] 
[56, 8, 26, 49, 62, 30, 24, 42, 15, 11, 59][32, 65, 5, 67, 37, 18, 66, 48, 29, 19, 38][56, 8, 26, 49, 62, 30, 24, 42, 15, 11, 59][36, 38, 54, 18, 19, 3, 48, 39, 65, 37][22, 45, 34, 57, 25, 12, 27, 41, 36, 54][2, 0, 23, 29, 3, 69, 66, 19, 65, 32][16, 55, 52, 10, 20, 33, 13, 43, 50, 23][17, 10, 59, 68, 11, 1, 31, 9, 49, 26][41, 12, 27, 25, 4, 53, 7, 46, 40, 47][15, 62, 42, 30, 63, 24, 21, 6, 56, 28][14, 44, 60, 61, 43, 50, 13, 20, 55, 52][4, 40, 12, 27, 25, 34, 35, 58, 57, 51][46, 7, 53, 4, 25, 27, 12, 41, 51, 64][46, 7, 53, 4, 25, 27, 12, 41, 51, 64][14, 44, 60, 61, 43, 50, 13, 20, 55, 52] 
[19, 29, 48, 66, 18, 37, 67, 5, 65, 32][36, 38, 54, 18, 19, 3, 48, 39, 65, 37][22, 45, 34, 57, 25, 12, 27, 41, 36, 54][46, 7, 53, 4, 25, 27, 12, 41, 51, 64][2, 0, 23, 29, 3, 69, 66, 19, 65, 32][16, 55, 52, 10, 20, 33, 13, 43, 50, 23][17, 10, 59, 68, 11, 1, 31, 9, 49, 26][8, 26, 49, 62, 30, 24, 42, 15, 11, 59][15, 62, 42, 30, 63, 24, 21, 6, 56, 28][14, 44, 60, 61, 43, 50, 13, 20, 55, 52][4, 40, 12, 27, 25, 34, 35, 58, 57, 51][41, 12, 27, 25, 4, 53, 7, 46, 40, 47][9, 16, 55, 52, 10, 20, 33, 13, 43, 50][15, 62, 42, 30, 63, 24, 21, 6, 56, 28][14, 44, 60, 61, 43, 50, 13, 20, 55, 52] 
[46, 7, 53, 4, 25, 27, 12, 41, 51, 64][22, 45, 34, 57, 25, 12, 27, 41, 36, 54][36, 38, 54, 18, 19, 3, 48, 39, 65, 37][2, 0, 23, 29, 3, 69, 66, 19, 65, 32][16, 55, 52, 10, 20, 33, 13, 43, 50, 23][17, 10, 59, 68, 11, 1, 31, 9, 49, 26][8, 26, 49, 62, 30, 24, 42, 15, 11, 59][15, 62, 42, 30, 63, 24, 21, 6, 56, 28][14, 44, 60, 61, 43, 50, 13, 20, 55, 52][4, 40, 12, 27, 25, 34, 35, 58, 57, 51][19, 29, 48, 66, 18, 37, 67, 5, 65, 32][41, 12, 27, 25, 4, 53, 7, 46, 40, 47][8, 26, 49, 62, 30, 24, 42, 15, 11, 59][8, 26, 49, 62, 30, 24, 42, 15, 11, 59][9, 16, 55, 52, 10, 20, 33, 13, 43, 50] 
[16, 55, 52, 10, 20, 33, 13, 43, 50, 23][17, 10, 59, 68, 11, 1, 31, 9, 49, 26][2, 0, 23, 29, 3, 69, 66, 19, 65, 32][36, 38, 54, 18, 19, 3, 48, 39, 65, 37][22, 45, 34, 57, 25, 12, 27, 41, 36, 54][8, 26, 49, 62, 30, 24, 42, 15, 11, 59][46, 7, 53, 4, 25, 27, 12, 41, 51, 64][15, 62, 42, 30, 63, 24, 21, 6, 56, 28][14, 44, 60, 61, 43, 50, 13, 20, 55, 52][4, 40, 12, 27, 25, 34, 35, 58, 57, 51][19, 29, 48, 66, 18, 37, 67, 5, 65, 32][41, 12, 27, 25, 4, 53, 7, 46, 40, 47][14, 44, 60, 61, 43, 50, 13, 20, 55, 52][36, 38, 54, 18, 19, 3, 48, 39, 65, 37][36, 38, 54, 18, 19, 3, 48, 39, 65, 37] 
[16, 55, 52, 10, 20, 33, 13, 43, 50, 23][2, 0, 23, 29, 3, 69, 66, 19, 65, 32][17, 10, 59, 68, 11, 1, 31, 9, 49, 26][36, 38, 54, 18, 19, 3, 48, 39, 65, 37][22, 45, 34, 57, 25, 12, 27, 41, 36, 54][8, 26, 49, 62, 30, 24, 42, 15, 11, 59][41, 12, 27, 25, 4, 53, 7, 46, 40, 47][15, 62, 42, 30, 63, 24, 21, 6, 56, 28][14, 44, 60, 61, 43, 50, 13, 20, 55, 52][4, 40, 12, 27, 25, 34, 35, 58, 57, 51][19, 29, 48, 66, 18, 37, 67, 5, 65, 32][46, 7, 53, 4, 25, 27, 12, 41, 51, 64][36, 38, 54, 18, 19, 3, 48, 39, 65, 37][36, 38, 54, 18, 19, 3, 48, 39, 65, 37][36, 38, 54, 18, 19, 3, 48, 39, 65, 37] 
[56, 8, 26, 49, 62, 30, 24, 42, 15, 11, 59][36, 38, 54, 18, 19, 3, 48, 39, 65, 37][22, 45, 34, 57, 25, 12, 27, 41, 36, 54][2, 0, 23, 29, 3, 69, 66, 19, 65, 32][16, 55, 52, 10, 20, 33, 13, 43, 50, 23][17, 10, 59, 68, 11, 1, 31, 9, 49, 26][41, 12, 27, 25, 4, 53, 7, 46, 40, 47][14, 44, 60, 61, 43, 50, 13, 20, 55, 52][15, 62, 42, 30, 63, 24, 21, 6, 56, 28][4, 40, 12, 27, 25, 34, 35, 58, 57, 51][19, 29, 48, 66, 18, 37, 67, 5, 65, 32][46, 7, 53, 4, 25, 27, 12, 41, 51, 64][15, 62, 42, 30, 63, 24, 21, 6, 56, 28][8, 26, 49, 62, 30, 24, 42, 15, 11, 59][2, 0, 23, 29, 3, 69, 66, 19, 65, 32] 
[56, 8, 26, 49, 62, 30, 24, 42, 15, 11, 59][36, 38, 54, 18, 19, 3, 48, 39, 65, 37][22, 45, 34, 57, 25, 12, 27, 41, 36, 54][2, 0, 23, 29, 3, 69, 66, 19, 65, 32][16, 55, 52, 10, 20, 33, 13, 43, 50, 23][17, 10, 59, 68, 11, 1, 31, 9, 49, 26][41, 12, 27, 25, 4, 53, 7, 46, 40, 47][14, 44, 60, 61, 43, 50, 13, 20, 55, 52][15, 62, 42, 30, 63, 24, 21, 6, 56, 28][4, 40, 12, 27, 25, 34, 35, 58, 57, 51][19, 29, 48, 66, 18, 37, 67, 5, 65, 32][46, 7, 53, 4, 25, 27, 12, 41, 51, 64][15, 62, 42, 30, 63, 24, 21, 6, 56, 28][8, 26, 49, 62, 30, 24, 42, 15, 11, 59][2, 0, 23, 29, 3, 69, 66, 19, 65, 32] 
[4, 40, 12, 27, 25, 34, 35, 58, 57, 51][46, 7, 53, 4, 25, 27, 12, 41, 51, 64][22, 45, 34, 57, 25, 12, 27, 41, 36, 54][36, 38, 54, 18, 19, 3, 48, 39, 65, 37][2, 0, 23, 29, 3, 69, 66, 19, 65, 32][16, 55, 52, 10, 20, 33, 13, 43, 50, 23][17, 10, 59, 68, 11, 1, 31, 9, 49, 26][8, 26, 49, 62, 30, 24, 42, 15, 11, 59][15, 62, 42, 30, 63, 24, 21, 6, 56, 28][14, 44, 60, 61, 43, 50, 13, 20, 55, 52][19, 29, 48, 66, 18, 37, 67, 5, 65, 32][41, 12, 27, 25, 4, 53, 7, 46, 40, 47][15, 62, 42, 30, 63, 24, 21, 6, 56, 28][46, 7, 53, 4, 25, 27, 12, 41, 51, 64][4, 40, 12, 27, 25, 34, 35, 58, 57, 51] 
[46, 7, 53, 4, 25, 27, 12, 41, 51, 64][22, 45, 34, 57, 25, 12, 27, 41, 36, 54][36, 38, 54, 18, 19, 3, 48, 39, 65, 37][2, 0, 23, 29, 3, 69, 66, 19, 65, 32][16, 55, 52, 10, 20, 33, 13, 43, 50, 23][17, 10, 59, 68, 11, 1, 31, 9, 49, 26][8, 26, 49, 62, 30, 24, 42, 15, 11, 59][15, 62, 42, 30, 63, 24, 21, 6, 56, 28][14, 44, 60, 61, 43, 50, 13, 20, 55, 52][4, 40, 12, 27, 25, 34, 35, 58, 57, 51][19, 29, 48, 66, 18, 37, 67, 5, 65, 32][41, 12, 27, 25, 4, 53, 7, 46, 40, 47][8, 26, 49, 62, 30, 24, 42, 15, 11, 59][8, 26, 49, 62, 30, 24, 42, 15, 11, 59][9, 16, 55, 52, 10, 20, 33, 13, 43, 50] 
[36, 38, 54, 18, 19, 3, 48, 39, 65, 37][22, 45, 34, 57, 25, 12, 27, 41, 36, 54][2, 0, 23, 29, 3, 69, 66, 19, 65, 32][16, 55, 52, 10, 20, 33, 13, 43, 50, 23][17, 10, 59, 68, 11, 1, 31, 9, 49, 26][46, 7, 53, 4, 25, 27, 12, 41, 51, 64][8, 26, 49, 62, 30, 24, 42, 15, 11, 59][15, 62, 42, 30, 63, 24, 21, 6, 56, 28][14, 44, 60, 61, 43, 50, 13, 20, 55, 52][4, 40, 12, 27, 25, 34, 35, 58, 57, 51][19, 29, 48, 66, 18, 37, 67, 5, 65, 32][41, 12, 27, 25, 4, 53, 7, 46, 40, 47][14, 44, 60, 61, 43, 50, 13, 20, 55, 52][14, 44, 60, 61, 43, 50, 13, 20, 55, 52][14, 44, 60, 61, 43, 50, 13, 20, 55, 52] 
[4, 40, 12, 27, 25, 34, 35, 58, 57, 51][46, 7, 53, 4, 25, 27, 12, 41, 51, 64][22, 45, 34, 57, 25, 12, 27, 41, 36, 54][36, 38, 54, 18, 19, 3, 48, 39, 65, 37][2, 0, 23, 29, 3, 69, 66, 19, 65, 32][16, 55, 52, 10, 20, 33, 13, 43, 50, 23][17, 10, 59, 68, 11, 1, 31, 9, 49, 26][8, 26, 49, 62, 30, 24, 42, 15, 11, 59][15, 62, 42, 30, 63, 24, 21, 6, 56, 28][14, 44, 60, 61, 43, 50, 13, 20, 55, 52][19, 29, 48, 66, 18, 37, 67, 5, 65, 32][41, 12, 27, 25, 4, 53, 7, 46, 40, 47][15, 62, 42, 30, 63, 24, 21, 6, 56, 28][46, 7, 53, 4, 25, 27, 12, 41, 51, 64][4, 40, 12, 27, 25, 34, 35, 58, 57, 51] 
[19, 29, 48, 66, 18, 37, 67, 5, 65, 32][36, 38, 54, 18, 19, 3, 48, 39, 65, 37][22, 45, 34, 57, 25, 12, 27, 41, 36, 54][46, 7, 53, 4, 25, 27, 12, 41, 51, 64][2, 0, 23, 29, 3, 69, 66, 19, 65, 32][16, 55, 52, 10, 20, 33, 13, 43, 50, 23][17, 10, 59, 68, 11, 1, 31, 9, 49, 26][8, 26, 49, 62, 30, 24, 42, 15, 11, 59][15, 62, 42, 30, 63, 24, 21, 6, 56, 28][14, 44, 60, 61, 43, 50, 13, 20, 55, 52][4, 40, 12, 27, 25, 34, 35, 58, 57, 51][41, 12, 27, 25, 4, 53, 7, 46, 40, 47][9, 16, 55, 52, 10, 20, 33, 13, 43, 50][15, 62, 42, 30, 63, 24, 21, 6, 56, 28][14, 44, 60, 61, 43, 50, 13, 20, 55, 52] 
[46, 7, 53, 4, 25, 27, 12, 41, 51, 64][22, 45, 34, 57, 25, 12, 27, 41, 36, 54][36, 38, 54, 18, 19, 3, 48, 39, 65, 37][2, 0, 23, 29, 3, 69, 66, 19, 65, 32][16, 55, 52, 10, 20, 33, 13, 43, 50, 23][17, 10, 59, 68, 11, 1, 31, 9, 49, 26][8, 26, 49, 62, 30, 24, 42, 15, 11, 59][15, 62, 42, 30, 63, 24, 21, 6, 56, 28][14, 44, 60, 61, 43, 50, 13, 20, 55, 52][4, 40, 12, 27, 25, 34, 35, 58, 57, 51][19, 29, 48, 66, 18, 37, 67, 5, 65, 32][41, 12, 27, 25, 4, 53, 7, 46, 40, 47][8, 26, 49, 62, 30, 24, 42, 15, 11, 59][8, 26, 49, 62, 30, 24, 42, 15, 11, 59][9, 16, 55, 52, 10, 20, 33, 13, 43, 50] 
[16, 55, 52, 10, 20, 33, 13, 43, 50, 23][17, 10, 59, 68, 11, 1, 31, 9, 49, 26][2, 0, 23, 29, 3, 69, 66, 19, 65, 32][36, 38, 54, 18, 19, 3, 48, 39, 65, 37][22, 45, 34, 57, 25, 12, 27, 41, 36, 54][8, 26, 49, 62, 30, 24, 42, 15, 11, 59][46, 7, 53, 4, 25, 27, 12, 41, 51, 64][15, 62, 42, 30, 63, 24, 21, 6, 56, 28][14, 44, 60, 61, 43, 50, 13, 20, 55, 52][4, 40, 12, 27, 25, 34, 35, 58, 57, 51][19, 29, 48, 66, 18, 37, 67, 5, 65, 32][41, 12, 27, 25, 4, 53, 7, 46, 40, 47][14, 44, 60, 61, 43, 50, 13, 20, 55, 52][36, 38, 54, 18, 19, 3, 48, 39, 65, 37][36, 38, 54, 18, 19, 3, 48, 39, 65, 37] 
[4, 40, 12, 27, 25, 34, 35, 58, 57, 51][46, 7, 53, 4, 25, 27, 12, 41, 51, 64][22, 45, 34, 57, 25, 12, 27, 41, 36, 54][36, 38, 54, 18, 19, 3, 48, 39, 65, 37][2, 0, 23, 29, 3, 69, 66, 19, 65, 32][16, 55, 52, 10, 20, 33, 13, 43, 50, 23][17, 10, 59, 68, 11, 1, 31, 9, 49, 26][8, 26, 49, 62, 30, 24, 42, 15, 11, 59][15, 62, 42, 30, 63, 24, 21, 6, 56, 28][14, 44, 60, 61, 43, 50, 13, 20, 55, 52][19, 29, 48, 66, 18, 37, 67, 5, 65, 32][41, 12, 27, 25, 4, 53, 7, 46, 40, 47][15, 62, 42, 30, 63, 24, 21, 6, 56, 28][46, 7, 53, 4, 25, 27, 12, 41, 51, 64][4, 40, 12, 27, 25, 34, 35, 58, 57, 51] 
[19, 29, 48, 66, 18, 37, 67, 5, 65, 32][36, 38, 54, 18, 19, 3, 48, 39, 65, 37][22, 45, 34, 57, 25, 12, 27, 41, 36, 54][46, 7, 53, 4, 25, 27, 12, 41, 51, 64][2, 0, 23, 29, 3, 69, 66, 19, 65, 32][16, 55, 52, 10, 20, 33, 13, 43, 50, 23][17, 10, 59, 68, 11, 1, 31, 9, 49, 26][8, 26, 49, 62, 30, 24, 42, 15, 11, 59][15, 62, 42, 30, 63, 24, 21, 6, 56, 28][14, 44, 60, 61, 43, 50, 13, 20, 55, 52][4, 40, 12, 27, 25, 34, 35, 58, 57, 51][41, 12, 27, 25, 4, 53, 7, 46, 40, 47][9, 16, 55, 52, 10, 20, 33, 13, 43, 50][15, 62, 42, 30, 63, 24, 21, 6, 56, 28][14, 44, 60, 61, 43, 50, 13, 20, 55, 52] 
[0, 3, 19, 29, 48, 66, 18, 37, 67, 5, 65, 32][46, 7, 53, 4, 25, 27, 12, 41, 51, 64][22, 45, 34, 57, 25, 12, 27, 41, 36, 54][36, 38, 54, 18, 19, 3, 48, 39, 65, 37][2, 0, 23, 29, 3, 69, 66, 19, 65, 32][16, 55, 52, 10, 20, 33, 13, 43, 50, 23][17, 10, 59, 68, 11, 1, 31, 9, 49, 26][8, 26, 49, 62, 30, 24, 42, 15, 11, 59][15, 62, 42, 30, 63, 24, 21, 6, 56, 28][14, 44, 60, 61, 43, 50, 13, 20, 55, 52][4, 40, 12, 27, 25, 34, 35, 58, 57, 51][41, 12, 27, 25, 4, 53, 7, 46, 40, 47][8, 26, 49, 62, 30, 24, 42, 15, 11, 59][8, 26, 49, 62, 30, 24, 42, 15, 11, 59][9, 16, 55, 52, 10, 20, 33, 13, 43, 50] 
[28, 56, 6, 21, 24, 63, 30, 42, 62, 15, 49, 1, 11, 9, 68, 59, 10, 20, 55, 16, 26, 8, 52][20, 10, 59, 68, 9, 1, 26, 16, 55, 17, 60, 14, 44, 61, 43, 33][16, 55, 52, 10, 20, 33, 13, 43, 50, 23][2, 0, 23, 29, 3, 69, 66, 19, 65, 32][36, 38, 54, 18, 19, 3, 48, 39, 65, 37][22, 45, 34, 57, 25, 12, 27, 41, 36, 54][46, 7, 53, 4, 25, 27, 12, 41, 51, 64][17, 10, 59, 68, 11, 1, 31, 9, 49, 26][4, 40, 12, 27, 25, 34, 35, 58, 57, 51][9, 68, 1, 16, 10, 55, 20, 52, 8, 56][19, 29, 48, 66, 18, 37, 67, 5, 65, 32][41, 12, 27, 25, 4, 53, 7, 46, 40, 47][15, 62, 42, 30, 63, 24, 21, 6, 56, 28][15, 62, 42, 30, 63, 24, 21, 6, 56, 28][15, 62, 42, 30, 63, 24, 21, 6, 56, 28] 
[14, 44, 60, 61, 43, 50, 13, 20, 55, 52, 64, 51, 56][47, 40, 46, 7, 53, 4, 25, 27, 12, 41, 51, 64][36, 38, 54, 18, 19, 3, 48, 39, 65, 37][22, 45, 34, 57, 25, 12, 27, 41, 36, 54][2, 0, 23, 29, 3, 69, 66, 19, 65, 32][16, 55, 52, 10, 20, 33, 13, 43, 50, 23][17, 10, 59, 68, 11, 1, 31, 9, 49, 26][8, 26, 49, 62, 30, 24, 42, 15, 11, 59][15, 62, 42, 30, 63, 24, 21, 6, 56, 28][14, 44, 60, 61, 43, 50, 13, 20, 55, 52][4, 40, 12, 27, 25, 34, 35, 58, 57, 51][19, 29, 48, 66, 18, 37, 67, 5, 65, 32][41, 12, 27, 25, 4, 53, 7, 46, 40, 47][14, 44, 60, 61, 43, 50, 13, 20, 55, 52][14, 44, 60, 61, 43, 50, 13, 20, 55, 52] 
[1, 26, 8, 51, 56, 6, 35, 58, 64, 52, 55, 20, 13, 50, 43, 61, 60, 44, 14][36, 38, 54, 18, 19, 3, 48, 39, 65, 37][22, 45, 34, 57, 25, 12, 27, 41, 36, 54][2, 0, 23, 29, 3, 69, 66, 19, 65, 32][16, 55, 52, 10, 20, 33, 13, 43, 50, 23][17, 10, 59, 68, 11, 1, 31, 9, 49, 26][46, 7, 53, 4, 25, 27, 12, 41, 51, 64][8, 26, 49, 62, 30, 24, 42, 15, 11, 59][15, 62, 42, 30, 63, 24, 21, 6, 56, 28][14, 44, 60, 61, 43, 50, 13, 20, 55, 52][4, 40, 12, 27, 25, 34, 35, 58, 57, 51][19, 29, 48, 66, 18, 37, 67, 5, 65, 32][41, 12, 27, 25, 4, 53, 7, 46, 40, 47][14, 44, 60, 61, 43, 50, 13, 20, 55, 52][14, 44, 60, 61, 43, 50, 13, 20, 55, 52] 
[14, 44, 60, 61, 43, 50, 13, 20, 55, 52, 64, 35, 41][2, 0, 23, 29, 3, 69, 66, 19, 65, 32][16, 55, 52, 10, 20, 33, 13, 43, 50, 23][17, 10, 59, 68, 11, 1, 31, 9, 49, 26][36, 38, 54, 18, 19, 3, 48, 39, 65, 37][22, 45, 34, 57, 25, 12, 27, 41, 36, 54][8, 26, 49, 62, 30, 24, 42, 15, 11, 59][46, 7, 53, 4, 25, 27, 12, 41, 51, 64][15, 62, 42, 30, 63, 24, 21, 6, 56, 28][14, 44, 60, 61, 43, 50, 13, 20, 55, 52][4, 40, 12, 27, 25, 34, 35, 58, 57, 51][19, 29, 48, 66, 18, 37, 67, 5, 65, 32][41, 12, 27, 25, 4, 53, 7, 46, 40, 47][14, 44, 60, 61, 43, 50, 13, 20, 55, 52][14, 44, 60, 61, 43, 50, 13, 20, 55, 52] 
[14, 44, 60, 61, 43, 50, 13, 20, 55, 52, 10, 8, 28, 56][22, 45, 34, 57, 25, 12, 27, 41, 36, 54][36, 38, 54, 18, 19, 3, 48, 39, 65, 37][2, 0, 23, 29, 3, 69, 66, 19, 65, 32][16, 55, 52, 10, 20, 33, 13, 43, 50, 23][17, 10, 59, 68, 11, 1, 31, 9, 49, 26][46, 7, 53, 4, 25, 27, 12, 41, 51, 64][8, 26, 49, 62, 30, 24, 42, 15, 11, 59][15, 62, 42, 30, 63, 24, 21, 6, 56, 28][14, 44, 60, 61, 43, 50, 13, 20, 55, 52][4, 40, 12, 27, 25, 34, 35, 58, 57, 51][19, 29, 48, 66, 18, 37, 67, 5, 65, 32][41, 12, 27, 25, 4, 53, 7, 46, 40, 47][14, 44, 60, 61, 43, 50, 13, 20, 55, 52][14, 44, 60, 61, 43, 50, 13, 20, 55, 52] 
[9, 59, 11, 15, 42, 24, 30, 62, 49, 26][11, 68, 59, 17, 20, 33, 13, 22, 45, 36][36, 38, 54, 18, 19, 3, 48, 39, 65, 37][14, 44, 60, 61, 43, 50, 13, 20, 55, 52][64, 51, 34, 41, 12, 27, 67, 37, 32, 65][6, 47, 40, 46, 7, 53, 4, 25, 27, 12][16, 1, 31, 11, 9, 59, 10, 8, 28, 56][2, 0, 23, 29, 3, 69, 66, 19, 65, 32][4, 40, 12, 27, 25, 34, 35, 58, 57, 51][9, 31, 11, 49, 62, 24, 63, 21, 30, 15][5, 54, 32, 65, 39, 48, 66, 69, 3, 19][2, 0, 23, 29, 3, 69, 66, 19, 65, 32][6, 47, 40, 46, 7, 53, 4, 25, 27, 12][9, 31, 11, 49, 62, 24, 63, 21, 30, 15][9, 31, 11, 49, 62, 24, 63, 21, 30, 15] 
[28, 56, 6, 21, 24, 63, 30, 42, 62, 15, 49, 1, 59, 9, 11, 68][14, 44, 60, 61, 43, 50, 13, 20, 55, 52, 8, 51][36, 38, 54, 18, 19, 3, 48, 39, 65, 37][22, 45, 34, 57, 25, 12, 27, 41, 36, 54][2, 0, 23, 29, 3, 69, 66, 19, 65, 32][16, 55, 52, 10, 20, 33, 13, 43, 50, 23][17, 10, 59, 68, 11, 1, 31, 9, 49, 26][46, 7, 53, 4, 25, 27, 12, 41, 51, 64][8, 26, 49, 62, 30, 24, 42, 15, 11, 59][14, 44, 60, 61, 43, 50, 13, 20, 55, 52][4, 40, 12, 27, 25, 34, 35, 58, 57, 51][19, 29, 48, 66, 18, 37, 67, 5, 65, 32][41, 12, 27, 25, 4, 53, 7, 46, 40, 47][14, 44, 60, 61, 43, 50, 13, 20, 55, 52][14, 44, 60, 61, 43, 50, 13, 20, 55, 52] 
[9, 59, 11, 15, 42, 24, 30, 62, 49, 26, 16, 55, 52, 10, 20, 13, 50][29, 48, 39, 18, 65, 32, 37, 67, 27, 12, 41, 34, 51, 64][33, 20, 52, 55, 16, 1, 31, 11, 9, 59, 10, 8, 28, 56][4, 40, 12, 27, 25, 34, 35, 58, 57, 51, 56][14, 44, 60, 61, 43, 50, 13, 20, 55, 52][11, 68, 59, 17, 20, 33, 13, 22, 45, 36][36, 38, 54, 18, 19, 3, 48, 39, 65, 37][9, 31, 11, 49, 62, 24, 63, 21, 30, 15][6, 47, 40, 46, 7, 53, 4, 25, 27, 12][2, 0, 23, 29, 3, 69, 66, 19, 65, 32][4, 40, 12, 27, 25, 34, 35, 58, 57, 51][9, 59, 11, 15, 42, 24, 30, 62, 49, 26][5, 54, 32, 65, 39, 48, 66, 69, 3, 19][14, 44, 60, 61, 43, 50, 13, 20, 55, 52][9, 31, 11, 49, 62, 24, 63, 21, 30, 15] 
[14, 44, 60, 61, 43, 50, 13, 20, 55, 52, 8, 28, 10, 17, 9, 68, 59][22, 45, 34, 57, 25, 12, 27, 41, 36, 54][36, 38, 54, 18, 19, 3, 48, 39, 65, 37][2, 0, 23, 29, 3, 69, 66, 19, 65, 32][16, 55, 52, 10, 20, 33, 13, 43, 50, 23][17, 10, 59, 68, 11, 1, 31, 9, 49, 26][46, 7, 53, 4, 25, 27, 12, 41, 51, 64][8, 26, 49, 62, 30, 24, 42, 15, 11, 59][15, 62, 42, 30, 63, 24, 21, 6, 56, 28][4, 40, 12, 27, 25, 34, 35, 58, 57, 51][19, 29, 48, 66, 18, 37, 67, 5, 65, 32][41, 12, 27, 25, 4, 53, 7, 46, 40, 47][14, 44, 60, 61, 43, 50, 13, 20, 55, 52][14, 44, 60, 61, 43, 50, 13, 20, 55, 52][14, 44, 60, 61, 43, 50, 13, 20, 55, 52] 
[14, 44, 60, 61, 43, 50, 13, 20, 55, 52, 64, 51, 56, 8, 28, 10, 17, 59][1, 31, 11, 15, 62, 42, 30, 63, 24, 21, 6, 56, 28][36, 38, 54, 18, 19, 3, 48, 39, 65, 37][22, 45, 34, 57, 25, 12, 27, 41, 36, 54][2, 0, 23, 29, 3, 69, 66, 19, 65, 32][16, 55, 52, 10, 20, 33, 13, 43, 50, 23][17, 10, 59, 68, 11, 1, 31, 9, 49, 26][46, 7, 53, 4, 25, 27, 12, 41, 51, 64][8, 26, 49, 62, 30, 24, 42, 15, 11, 59][14, 44, 60, 61, 43, 50, 13, 20, 55, 52][4, 40, 12, 27, 25, 34, 35, 58, 57, 51][19, 29, 48, 66, 18, 37, 67, 5, 65, 32][41, 12, 27, 25, 4, 53, 7, 46, 40, 47][14, 44, 60, 61, 43, 50, 13, 20, 55, 52][14, 44, 60, 61, 43, 50, 13, 20, 55, 52] 
[14, 44, 60, 61, 43, 50, 13, 20, 55, 52, 64, 51, 56][47, 40, 46, 7, 53, 4, 25, 27, 12, 41, 51, 64][36, 38, 54, 18, 19, 3, 48, 39, 65, 37][22, 45, 34, 57, 25, 12, 27, 41, 36, 54][2, 0, 23, 29, 3, 69, 66, 19, 65, 32][16, 55, 52, 10, 20, 33, 13, 43, 50, 23][17, 10, 59, 68, 11, 1, 31, 9, 49, 26][8, 26, 49, 62, 30, 24, 42, 15, 11, 59][15, 62, 42, 30, 63, 24, 21, 6, 56, 28][14, 44, 60, 61, 43, 50, 13, 20, 55, 52][4, 40, 12, 27, 25, 34, 35, 58, 57, 51][19, 29, 48, 66, 18, 37, 67, 5, 65, 32][41, 12, 27, 25, 4, 53, 7, 46, 40, 47][14, 44, 60, 61, 43, 50, 13, 20, 55, 52][14, 44, 60, 61, 43, 50, 13, 20, 55, 52] 
[14, 44, 60, 61, 43, 50, 13, 20, 55, 52, 64, 51, 56, 8, 28, 10, 17, 59][36, 38, 54, 18, 19, 3, 48, 39, 65, 37][22, 45, 34, 57, 25, 12, 27, 41, 36, 54][2, 0, 23, 29, 3, 69, 66, 19, 65, 32][16, 55, 52, 10, 20, 33, 13, 43, 50, 23][17, 10, 59, 68, 11, 1, 31, 9, 49, 26][46, 7, 53, 4, 25, 27, 12, 41, 51, 64][8, 26, 49, 62, 30, 24, 42, 15, 11, 59][15, 62, 42, 30, 63, 24, 21, 6, 56, 28][14, 44, 60, 61, 43, 50, 13, 20, 55, 52][4, 40, 12, 27, 25, 34, 35, 58, 57, 51][19, 29, 48, 66, 18, 37, 67, 5, 65, 32][41, 12, 27, 25, 4, 53, 7, 46, 40, 47][14, 44, 60, 61, 43, 50, 13, 20, 55, 52][14, 44, 60, 61, 43, 50, 13, 20, 55, 52] 
[14, 44, 60, 61, 43, 50, 13, 20, 55, 52, 8, 28, 10, 17, 9, 68, 59][22, 45, 34, 57, 25, 12, 27, 41, 36, 54][36, 38, 54, 18, 19, 3, 48, 39, 65, 37][2, 0, 23, 29, 3, 69, 66, 19, 65, 32][16, 55, 52, 10, 20, 33, 13, 43, 50, 23][17, 10, 59, 68, 11, 1, 31, 9, 49, 26][46, 7, 53, 4, 25, 27, 12, 41, 51, 64][8, 26, 49, 62, 30, 24, 42, 15, 11, 59][15, 62, 42, 30, 63, 24, 21, 6, 56, 28][4, 40, 12, 27, 25, 34, 35, 58, 57, 51][19, 29, 48, 66, 18, 37, 67, 5, 65, 32][41, 12, 27, 25, 4, 53, 7, 46, 40, 47][14, 44, 60, 61, 43, 50, 13, 20, 55, 52][14, 44, 60, 61, 43, 50, 13, 20, 55, 52][14, 44, 60, 61, 43, 50, 13, 20, 55, 52] 
[14, 44, 60, 61, 43, 50, 13, 20, 55, 52, 64, 51, 56, 8, 28, 10, 17, 59][36, 38, 54, 18, 19, 3, 48, 39, 65, 37][22, 45, 34, 57, 25, 12, 27, 41, 36, 54][2, 0, 23, 29, 3, 69, 66, 19, 65, 32][16, 55, 52, 10, 20, 33, 13, 43, 50, 23][17, 10, 59, 68, 11, 1, 31, 9, 49, 26][46, 7, 53, 4, 25, 27, 12, 41, 51, 64][8, 26, 49, 62, 30, 24, 42, 15, 11, 59][15, 62, 42, 30, 63, 24, 21, 6, 56, 28][14, 44, 60, 61, 43, 50, 13, 20, 55, 52][4, 40, 12, 27, 25, 34, 35, 58, 57, 51][19, 29, 48, 66, 18, 37, 67, 5, 65, 32][41, 12, 27, 25, 4, 53, 7, 46, 40, 47][14, 44, 60, 61, 43, 50, 13, 20, 55, 52][14, 44, 60, 61, 43, 50, 13, 20, 55, 52] 
[28, 56, 6, 21, 24, 63, 30, 42, 62, 15, 49, 1, 59, 9, 11, 68][14, 44, 60, 61, 43, 50, 13, 20, 55, 52, 8, 51][36, 38, 54, 18, 19, 3, 48, 39, 65, 37][22, 45, 34, 57, 25, 12, 27, 41, 36, 54][2, 0, 23, 29, 3, 69, 66, 19, 65, 32][16, 55, 52, 10, 20, 33, 13, 43, 50, 23][17, 10, 59, 68, 11, 1, 31, 9, 49, 26][46, 7, 53, 4, 25, 27, 12, 41, 51, 64][8, 26, 49, 62, 30, 24, 42, 15, 11, 59][14, 44, 60, 61, 43, 50, 13, 20, 55, 52][4, 40, 12, 27, 25, 34, 35, 58, 57, 51][19, 29, 48, 66, 18, 37, 67, 5, 65, 32][41, 12, 27, 25, 4, 53, 7, 46, 40, 47][14, 44, 60, 61, 43, 50, 13, 20, 55, 52][14, 44, 60, 61, 43, 50, 13, 20, 55, 52] 
[14, 44, 60, 61, 43, 50, 13, 20, 55, 52, 64, 51, 56, 8, 28, 10, 17, 59, 1, 49][47, 40, 46, 7, 53, 4, 25, 27, 12, 41, 51, 64][36, 38, 54, 18, 19, 3, 48, 39, 65, 37][22, 45, 34, 57, 25, 12, 27, 41, 36, 54][2, 0, 23, 29, 3, 69, 66, 19, 65, 32][16, 55, 52, 10, 20, 33, 13, 43, 50, 23][17, 10, 59, 68, 11, 1, 31, 9, 49, 26][8, 26, 49, 62, 30, 24, 42, 15, 11, 59][15, 62, 42, 30, 63, 24, 21, 6, 56, 28][14, 44, 60, 61, 43, 50, 13, 20, 55, 52][4, 40, 12, 27, 25, 34, 35, 58, 57, 51][19, 29, 48, 66, 18, 37, 67, 5, 65, 32][41, 12, 27, 25, 4, 53, 7, 46, 40, 47][14, 44, 60, 61, 43, 50, 13, 20, 55, 52][14, 44, 60, 61, 43, 50, 13, 20, 55, 52] 
[33, 43, 61, 44, 14, 60, 17, 55, 16, 26, 1, 9, 68, 59, 10, 20, 13, 50, 0, 69, 66, 18, 32, 65, 5, 67, 37][28, 56, 6, 21, 24, 63, 30, 42, 62, 15, 49, 1, 11, 9, 68, 59, 10, 20, 55, 16, 26, 8, 52][16, 55, 52, 10, 20, 33, 13, 43, 50, 23, 3, 66][2, 0, 23, 29, 3, 69, 66, 19, 65, 32][36, 38, 54, 18, 19, 3, 48, 39, 65, 37][22, 45, 34, 57, 25, 12, 27, 41, 36, 54][46, 7, 53, 4, 25, 27, 12, 41, 51, 64][17, 10, 59, 68, 11, 1, 31, 9, 49, 26][4, 40, 12, 27, 25, 34, 35, 58, 57, 51][9, 68, 1, 16, 10, 55, 20, 52, 8, 56][19, 29, 48, 66, 18, 37, 67, 5, 65, 32][41, 12, 27, 25, 4, 53, 7, 46, 40, 47][15, 62, 42, 30, 63, 24, 21, 6, 56, 28][15, 62, 42, 30, 63, 24, 21, 6, 56, 28][15, 62, 42, 30, 63, 24, 21, 6, 56, 28] 
[28, 56, 6, 21, 24, 63, 30, 42, 62, 15, 49, 1, 11, 9, 68, 59, 10, 20, 55, 16, 26, 8, 52][20, 10, 59, 68, 9, 1, 26, 16, 55, 17, 60, 14, 44, 61, 43, 33][16, 55, 52, 10, 20, 33, 13, 43, 50, 23][2, 0, 23, 29, 3, 69, 66, 19, 65, 32][36, 38, 54, 18, 19, 3, 48, 39, 65, 37][22, 45, 34, 57, 25, 12, 27, 41, 36, 54][46, 7, 53, 4, 25, 27, 12, 41, 51, 64][17, 10, 59, 68, 11, 1, 31, 9, 49, 26][4, 40, 12, 27, 25, 34, 35, 58, 57, 51][9, 68, 1, 16, 10, 55, 20, 52, 8, 56][19, 29, 48, 66, 18, 37, 67, 5, 65, 32][41, 12, 27, 25, 4, 53, 7, 46, 40, 47][15, 62, 42, 30, 63, 24, 21, 6, 56, 28][15, 62, 42, 30, 63, 24, 21, 6, 56, 28][15, 62, 42, 30, 63, 24, 21, 6, 56, 28] 
[14, 44, 60, 61, 43, 50, 13, 20, 55, 52, 64, 51, 56, 8, 28, 10, 17, 59, 1, 49][47, 40, 46, 7, 53, 4, 25, 27, 12, 41, 51, 64][36, 38, 54, 18, 19, 3, 48, 39, 65, 37][22, 45, 34, 57, 25, 12, 27, 41, 36, 54][2, 0, 23, 29, 3, 69, 66, 19, 65, 32][16, 55, 52, 10, 20, 33, 13, 43, 50, 23][17, 10, 59, 68, 11, 1, 31, 9, 49, 26][8, 26, 49, 62, 30, 24, 42, 15, 11, 59][15, 62, 42, 30, 63, 24, 21, 6, 56, 28][14, 44, 60, 61, 43, 50, 13, 20, 55, 52][4, 40, 12, 27, 25, 34, 35, 58, 57, 51][19, 29, 48, 66, 18, 37, 67, 5, 65, 32][41, 12, 27, 25, 4, 53, 7, 46, 40, 47][14, 44, 60, 61, 43, 50, 13, 20, 55, 52][14, 44, 60, 61, 43, 50, 13, 20, 55, 52] 
[14, 44, 60, 61, 43, 50, 13, 20, 55, 52, 64, 51, 56, 8, 28, 10, 17, 59][9, 16, 55, 52, 10, 20, 33, 13, 43, 50, 23, 2, 14, 44, 61, 17, 60][36, 38, 54, 18, 19, 3, 48, 39, 65, 37][22, 45, 34, 57, 25, 12, 27, 41, 36, 54][2, 0, 23, 29, 3, 69, 66, 19, 65, 32][17, 10, 59, 68, 11, 1, 31, 9, 49, 26][46, 7, 53, 4, 25, 27, 12, 41, 51, 64][8, 26, 49, 62, 30, 24, 42, 15, 11, 59][15, 62, 42, 30, 63, 24, 21, 6, 56, 28][14, 44, 60, 61, 43, 50, 13, 20, 55, 52][4, 40, 12, 27, 25, 34, 35, 58, 57, 51][19, 29, 48, 66, 18, 37, 67, 5, 65, 32][41, 12, 27, 25, 4, 53, 7, 46, 40, 47][14, 44, 60, 61, 43, 50, 13, 20, 55, 52][14, 44, 60, 61, 43, 50, 13, 20, 55, 52] 
[5, 32, 65, 19, 66, 69, 3, 29, 23, 0, 2, 14, 44, 60, 61, 17, 55, 20, 52, 10, 8, 26, 1, 11, 68, 9, 31][28, 56, 6, 21, 24, 63, 30, 42, 62, 15, 49, 1, 11, 9, 68, 59, 10, 20, 55, 16, 26, 8, 52][20, 10, 59, 68, 9, 1, 26, 16, 55, 17, 60, 14, 44, 61, 43, 33][16, 55, 52, 10, 20, 33, 13, 43, 50, 23][36, 38, 54, 18, 19, 3, 48, 39, 65, 37][22, 45, 34, 57, 25, 12, 27, 41, 36, 54][46, 7, 53, 4, 25, 27, 12, 41, 51, 64][17, 10, 59, 68, 11, 1, 31, 9, 49, 26][4, 40, 12, 27, 25, 34, 35, 58, 57, 51][9, 68, 1, 16, 10, 55, 20, 52, 8, 56][19, 29, 48, 66, 18, 37, 67, 5, 65, 32][41, 12, 27, 25, 4, 53, 7, 46, 40, 47][15, 62, 42, 30, 63, 24, 21, 6, 56, 28][15, 62, 42, 30, 63, 24, 21, 6, 56, 28][15, 62, 42, 30, 63, 24, 21, 6, 56, 28] 
[36, 38, 54, 18, 19, 3, 48, 39, 65, 37][22, 45, 34, 57, 25, 12, 27, 41, 36, 54][2, 0, 23, 29, 3, 69, 66, 19, 65, 32][16, 55, 52, 10, 20, 33, 13, 43, 50, 23][17, 10, 59, 68, 11, 1, 31, 9, 49, 26][46, 7, 53, 4, 25, 27, 12, 41, 51, 64][8, 26, 49, 62, 30, 24, 42, 15, 11, 59][15, 62, 42, 30, 63, 24, 21, 6, 56, 28][14, 44, 60, 61, 43, 50, 13, 20, 55, 52][4, 40, 12, 27, 25, 34, 35, 58, 57, 51][19, 29, 48, 66, 18, 37, 67, 5, 65, 32][41, 12, 27, 25, 4, 53, 7, 46, 40, 47][2, 0, 23, 29, 3, 69, 66, 19, 65, 32][9, 16, 55, 52, 10, 20, 33, 13, 43, 50][14, 44, 60, 61, 43, 50, 13, 20, 55, 52] 
[36, 38, 54, 18, 19, 3, 48, 39, 65, 37][22, 45, 34, 57, 25, 12, 27, 41, 36, 54][2, 0, 23, 29, 3, 69, 66, 19, 65, 32][16, 55, 52, 10, 20, 33, 13, 43, 50, 23][17, 10, 59, 68, 11, 1, 31, 9, 49, 26][8, 26, 49, 62, 30, 24, 42, 15, 11, 59][41, 12, 27, 25, 4, 53, 7, 46, 40, 47][15, 62, 42, 30, 63, 24, 21, 6, 56, 28][14, 44, 60, 61, 43, 50, 13, 20, 55, 52][4, 40, 12, 27, 25, 34, 35, 58, 57, 51][19, 29, 48, 66, 18, 37, 67, 5, 65, 32][46, 7, 53, 4, 25, 27, 12, 41, 51, 64][14, 44, 60, 61, 43, 50, 13, 20, 55, 52][9, 16, 55, 52, 10, 20, 33, 13, 43, 50][4, 40, 12, 27, 25, 34, 35, 58, 57, 51] 
[36, 38, 54, 18, 19, 3, 48, 39, 65, 37][22, 45, 34, 57, 25, 12, 27, 41, 36, 54][2, 0, 23, 29, 3, 69, 66, 19, 65, 32][16, 55, 52, 10, 20, 33, 13, 43, 50, 23][17, 10, 59, 68, 11, 1, 31, 9, 49, 26][8, 26, 49, 62, 30, 24, 42, 15, 11, 59][41, 12, 27, 25, 4, 53, 7, 46, 40, 47][15, 62, 42, 30, 63, 24, 21, 6, 56, 28][14, 44, 60, 61, 43, 50, 13, 20, 55, 52][4, 40, 12, 27, 25, 34, 35, 58, 57, 51][19, 29, 48, 66, 18, 37, 67, 5, 65, 32][46, 7, 53, 4, 25, 27, 12, 41, 51, 64][14, 44, 60, 61, 43, 50, 13, 20, 55, 52][9, 16, 55, 52, 10, 20, 33, 13, 43, 50][4, 40, 12, 27, 25, 34, 35, 58, 57, 51] 
[36, 38, 54, 18, 19, 3, 48, 39, 65, 37][22, 45, 34, 57, 25, 12, 27, 41, 36, 54][2, 0, 23, 29, 3, 69, 66, 19, 65, 32][16, 55, 52, 10, 20, 33, 13, 43, 50, 23][17, 10, 59, 68, 11, 1, 31, 9, 49, 26][46, 7, 53, 4, 25, 27, 12, 41, 51, 64][8, 26, 49, 62, 30, 24, 42, 15, 11, 59][15, 62, 42, 30, 63, 24, 21, 6, 56, 28][14, 44, 60, 61, 43, 50, 13, 20, 55, 52][4, 40, 12, 27, 25, 34, 35, 58, 57, 51][19, 29, 48, 66, 18, 37, 67, 5, 65, 32][41, 12, 27, 25, 4, 53, 7, 46, 40, 47][2, 0, 23, 29, 3, 69, 66, 19, 65, 32][9, 16, 55, 52, 10, 20, 33, 13, 43, 50][14, 44, 60, 61, 43, 50, 13, 20, 55, 52] 
[36, 38, 54, 18, 19, 3, 48, 39, 65, 37][22, 45, 34, 57, 25, 12, 27, 41, 36, 54][2, 0, 23, 29, 3, 69, 66, 19, 65, 32][16, 55, 52, 10, 20, 33, 13, 43, 50, 23][17, 10, 59, 68, 11, 1, 31, 9, 49, 26][8, 26, 49, 62, 30, 24, 42, 15, 11, 59][41, 12, 27, 25, 4, 53, 7, 46, 40, 47][15, 62, 42, 30, 63, 24, 21, 6, 56, 28][14, 44, 60, 61, 43, 50, 13, 20, 55, 52][4, 40, 12, 27, 25, 34, 35, 58, 57, 51][19, 29, 48, 66, 18, 37, 67, 5, 65, 32][46, 7, 53, 4, 25, 27, 12, 41, 51, 64][14, 44, 60, 61, 43, 50, 13, 20, 55, 52][9, 16, 55, 52, 10, 20, 33, 13, 43, 50][4, 40, 12, 27, 25, 34, 35, 58, 57, 51] 
[19, 29, 48, 66, 18, 37, 67, 5, 65, 32][36, 38, 54, 18, 19, 3, 48, 39, 65, 37][22, 45, 34, 57, 25, 12, 27, 41, 36, 54][46, 7, 53, 4, 25, 27, 12, 41, 51, 64][2, 0, 23, 29, 3, 69, 66, 19, 65, 32][16, 55, 52, 10, 20, 33, 13, 43, 50, 23][17, 10, 59, 68, 11, 1, 31, 9, 49, 26][8, 26, 49, 62, 30, 24, 42, 15, 11, 59][15, 62, 42, 30, 63, 24, 21, 6, 56, 28][14, 44, 60, 61, 43, 50, 13, 20, 55, 52][4, 40, 12, 27, 25, 34, 35, 58, 57, 51][41, 12, 27, 25, 4, 53, 7, 46, 40, 47][9, 16, 55, 52, 10, 20, 33, 13, 43, 50][15, 62, 42, 30, 63, 24, 21, 6, 56, 28][14, 44, 60, 61, 43, 50, 13, 20, 55, 52] 
[36, 38, 54, 18, 19, 3, 48, 39, 65, 37][22, 45, 34, 57, 25, 12, 27, 41, 36, 54][2, 0, 23, 29, 3, 69, 66, 19, 65, 32][16, 55, 52, 10, 20, 33, 13, 43, 50, 23][17, 10, 59, 68, 11, 1, 31, 9, 49, 26][8, 26, 49, 62, 30, 24, 42, 15, 11, 59][41, 12, 27, 25, 4, 53, 7, 46, 40, 47][15, 62, 42, 30, 63, 24, 21, 6, 56, 28][14, 44, 60, 61, 43, 50, 13, 20, 55, 52][4, 40, 12, 27, 25, 34, 35, 58, 57, 51][19, 29, 48, 66, 18, 37, 67, 5, 65, 32][46, 7, 53, 4, 25, 27, 12, 41, 51, 64][14, 44, 60, 61, 43, 50, 13, 20, 55, 52][9, 16, 55, 52, 10, 20, 33, 13, 43, 50][4, 40, 12, 27, 25, 34, 35, 58, 57, 51] 
[36, 38, 54, 18, 19, 3, 48, 39, 65, 37][22, 45, 34, 57, 25, 12, 27, 41, 36, 54][2, 0, 23, 29, 3, 69, 66, 19, 65, 32][16, 55, 52, 10, 20, 33, 13, 43, 50, 23][17, 10, 59, 68, 11, 1, 31, 9, 49, 26][8, 26, 49, 62, 30, 24, 42, 15, 11, 59][41, 12, 27, 25, 4, 53, 7, 46, 40, 47][15, 62, 42, 30, 63, 24, 21, 6, 56, 28][14, 44, 60, 61, 43, 50, 13, 20, 55, 52][4, 40, 12, 27, 25, 34, 35, 58, 57, 51][19, 29, 48, 66, 18, 37, 67, 5, 65, 32][46, 7, 53, 4, 25, 27, 12, 41, 51, 64][14, 44, 60, 61, 43, 50, 13, 20, 55, 52][9, 16, 55, 52, 10, 20, 33, 13, 43, 50][4, 40, 12, 27, 25, 34, 35, 58, 57, 51] 
[36, 38, 54, 18, 19, 3, 48, 39, 65, 37][22, 45, 34, 57, 25, 12, 27, 41, 36, 54][2, 0, 23, 29, 3, 69, 66, 19, 65, 32][16, 55, 52, 10, 20, 33, 13, 43, 50, 23][17, 10, 59, 68, 11, 1, 31, 9, 49, 26][8, 26, 49, 62, 30, 24, 42, 15, 11, 59][41, 12, 27, 25, 4, 53, 7, 46, 40, 47][15, 62, 42, 30, 63, 24, 21, 6, 56, 28][14, 44, 60, 61, 43, 50, 13, 20, 55, 52][4, 40, 12, 27, 25, 34, 35, 58, 57, 51][19, 29, 48, 66, 18, 37, 67, 5, 65, 32][46, 7, 53, 4, 25, 27, 12, 41, 51, 64][14, 44, 60, 61, 43, 50, 13, 20, 55, 52][9, 16, 55, 52, 10, 20, 33, 13, 43, 50][4, 40, 12, 27, 25, 34, 35, 58, 57, 51] 
[36, 38, 54, 18, 19, 3, 48, 39, 65, 37][22, 45, 34, 57, 25, 12, 27, 41, 36, 54][2, 0, 23, 29, 3, 69, 66, 19, 65, 32][16, 55, 52, 10, 20, 33, 13, 43, 50, 23][17, 10, 59, 68, 11, 1, 31, 9, 49, 26][8, 26, 49, 62, 30, 24, 42, 15, 11, 59][41, 12, 27, 25, 4, 53, 7, 46, 40, 47][15, 62, 42, 30, 63, 24, 21, 6, 56, 28][14, 44, 60, 61, 43, 50, 13, 20, 55, 52][4, 40, 12, 27, 25, 34, 35, 58, 57, 51][19, 29, 48, 66, 18, 37, 67, 5, 65, 32][46, 7, 53, 4, 25, 27, 12, 41, 51, 64][14, 44, 60, 61, 43, 50, 13, 20, 55, 52][9, 16, 55, 52, 10, 20, 33, 13, 43, 50][4, 40, 12, 27, 25, 34, 35, 58, 57, 51] 
