[10, 28, 8, 26, 62, 42, 15, 49, 9, 16][24, 30, 63, 6, 56, 8, 52, 10, 16, 55][41, 27, 25, 34, 45, 58, 35, 51, 64, 52][37, 67, 27, 12, 4, 7, 46, 40, 53, 47][44, 61, 14, 60, 17, 50, 13, 33, 58, 57][38, 36, 22, 33, 13, 20, 43, 61, 60, 44][2, 0, 23, 69, 48, 66, 3, 38, 19, 22][18, 5, 32, 39, 48, 66, 54, 65, 19, 29][9, 31, 1, 26, 49, 62, 15, 11, 59, 68][42, 30, 21, 62, 15, 49, 11, 9, 59, 68][8, 10, 16, 1, 9, 59, 68, 11, 49, 26][2, 0, 23, 69, 48, 66, 3, 38, 19, 22][41, 27, 25, 34, 45, 58, 35, 51, 64, 52][3, 29, 19, 65, 54, 66, 48, 39, 32, 5][2, 0, 23, 69, 48, 66, 3, 38, 19, 22] 
[10, 28, 8, 26, 62, 42, 15, 49, 9, 16][24, 30, 63, 6, 56, 8, 52, 10, 16, 55][41, 27, 25, 34, 45, 58, 35, 51, 64, 52][37, 67, 27, 12, 4, 7, 46, 40, 53, 47][44, 61, 14, 60, 17, 50, 13, 33, 58, 57][38, 36, 22, 33, 13, 20, 43, 61, 60, 44][2, 0, 23, 69, 48, 66, 3, 38, 19, 22][18, 5, 32, 39, 48, 66, 54, 65, 19, 29][9, 31, 1, 26, 49, 62, 15, 11, 59, 68][42, 30, 21, 62, 15, 49, 11, 9, 59, 68][8, 10, 16, 1, 9, 59, 68, 11, 49, 26][2, 0, 23, 69, 48, 66, 3, 38, 19, 22][41, 27, 25, 34, 45, 58, 35, 51, 64, 52][3, 29, 19, 65, 54, 66, 48, 39, 32, 5][2, 0, 23, 69, 48, 66, 3, 38, 19, 22] 
[9, 31, 1, 26, 49, 62, 15, 11, 59, 68][10, 28, 8, 26, 62, 42, 15, 49, 9, 16][24, 30, 63, 6, 56, 8, 52, 10, 16, 55][41, 27, 25, 34, 45, 58, 35, 51, 64, 52][44, 61, 14, 60, 17, 50, 13, 33, 58, 57][37, 67, 27, 12, 4, 7, 46, 40, 53, 47][38, 36, 22, 33, 13, 20, 43, 61, 60, 44][2, 0, 23, 69, 48, 66, 3, 38, 19, 22][18, 5, 32, 39, 48, 66, 54, 65, 19, 29][42, 30, 21, 62, 15, 49, 11, 9, 59, 68][2, 0, 23, 69, 48, 66, 3, 38, 19, 22][41, 27, 25, 34, 45, 58, 35, 51, 64, 52][2, 0, 23, 69, 48, 66, 3, 38, 19, 22][8, 10, 16, 1, 9, 59, 68, 11, 49, 26][41, 27, 25, 34, 45, 58, 35, 51, 64, 52] 
[9, 31, 1, 26, 49, 62, 15, 11, 59, 68][10, 28, 8, 26, 62, 42, 15, 49, 9, 16][24, 30, 63, 6, 56, 8, 52, 10, 16, 55][41, 27, 25, 34, 45, 58, 35, 51, 64, 52][44, 61, 14, 60, 17, 50, 13, 33, 58, 57][37, 67, 27, 12, 4, 7, 46, 40, 53, 47][38, 36, 22, 33, 13, 20, 43, 61, 60, 44][2, 0, 23, 69, 48, 66, 3, 38, 19, 22][18, 5, 32, 39, 48, 66, 54, 65, 19, 29][42, 30, 21, 62, 15, 49, 11, 9, 59, 68][2, 0, 23, 69, 48, 66, 3, 38, 19, 22][41, 27, 25, 34, 45, 58, 35, 51, 64, 52][2, 0, 23, 69, 48, 66, 3, 38, 19, 22][8, 10, 16, 1, 9, 59, 68, 11, 49, 26][41, 27, 25, 34, 45, 58, 35, 51, 64, 52] 
[9, 31, 1, 26, 49, 62, 15, 11, 59, 68][1, 16, 9, 49, 15, 42, 62, 26, 8, 28][24, 30, 63, 6, 56, 8, 52, 10, 16, 55][41, 27, 25, 34, 45, 58, 35, 51, 64, 52][44, 61, 14, 60, 17, 50, 13, 33, 58, 57][37, 67, 27, 12, 4, 7, 46, 40, 53, 47][3, 29, 19, 65, 54, 66, 48, 39, 32, 5][38, 36, 22, 33, 13, 20, 43, 61, 60, 44][2, 0, 23, 69, 48, 66, 3, 38, 19, 22][42, 30, 21, 62, 15, 49, 11, 9, 59, 68][8, 10, 16, 1, 9, 59, 68, 11, 49, 26][37, 67, 27, 12, 4, 7, 46, 40, 53, 47][18, 5, 32, 39, 48, 66, 54, 65, 19, 29][37, 67, 27, 12, 4, 7, 46, 40, 53, 47][10, 28, 8, 26, 62, 42, 15, 49, 9, 16] 
[9, 31, 1, 26, 49, 62, 15, 11, 59, 68][1, 16, 9, 49, 15, 42, 62, 26, 8, 28][24, 30, 63, 6, 56, 8, 52, 10, 16, 55][41, 27, 25, 34, 45, 58, 35, 51, 64, 52][44, 61, 14, 60, 17, 50, 13, 33, 58, 57][37, 67, 27, 12, 4, 7, 46, 40, 53, 47][3, 29, 19, 65, 54, 66, 48, 39, 32, 5][38, 36, 22, 33, 13, 20, 43, 61, 60, 44][2, 0, 23, 69, 48, 66, 3, 38, 19, 22][42, 30, 21, 62, 15, 49, 11, 9, 59, 68][8, 10, 16, 1, 9, 59, 68, 11, 49, 26][37, 67, 27, 12, 4, 7, 46, 40, 53, 47][18, 5, 32, 39, 48, 66, 54, 65, 19, 29][37, 67, 27, 12, 4, 7, 46, 40, 53, 47][10, 28, 8, 26, 62, 42, 15, 49, 9, 16] 
[8, 10, 16, 1, 9, 59, 68, 11, 49, 26][24, 30, 63, 6, 56, 8, 52, 10, 16, 55][41, 27, 25, 34, 45, 58, 35, 51, 64, 52][37, 67, 27, 12, 4, 7, 46, 40, 53, 47][44, 61, 14, 60, 17, 50, 13, 33, 58, 57][38, 36, 22, 33, 13, 20, 43, 61, 60, 44][2, 0, 23, 69, 48, 66, 3, 38, 19, 22][18, 5, 32, 39, 48, 66, 54, 65, 19, 29][1, 16, 9, 49, 15, 42, 62, 26, 8, 28][9, 31, 1, 26, 49, 62, 15, 11, 59, 68][42, 30, 21, 62, 15, 49, 11, 9, 59, 68][2, 0, 23, 69, 48, 66, 3, 38, 19, 22][3, 29, 19, 65, 54, 66, 48, 39, 32, 5][10, 28, 8, 26, 62, 42, 15, 49, 9, 16][2, 0, 23, 69, 48, 66, 3, 38, 19, 22] 
[9, 31, 1, 26, 49, 62, 15, 11, 59, 68][1, 16, 9, 49, 15, 42, 62, 26, 8, 28][24, 30, 63, 6, 56, 8, 52, 10, 16, 55][41, 27, 25, 34, 45, 58, 35, 51, 64, 52][44, 61, 14, 60, 17, 50, 13, 33, 58, 57][37, 67, 27, 12, 4, 7, 46, 40, 53, 47][3, 29, 19, 65, 54, 66, 48, 39, 32, 5][38, 36, 22, 33, 13, 20, 43, 61, 60, 44][2, 0, 23, 69, 48, 66, 3, 38, 19, 22][42, 30, 21, 62, 15, 49, 11, 9, 59, 68][8, 10, 16, 1, 9, 59, 68, 11, 49, 26][37, 67, 27, 12, 4, 7, 46, 40, 53, 47][18, 5, 32, 39, 48, 66, 54, 65, 19, 29][37, 67, 27, 12, 4, 7, 46, 40, 53, 47][10, 28, 8, 26, 62, 42, 15, 49, 9, 16] 
[9, 31, 1, 26, 49, 62, 15, 11, 59, 68][1, 16, 9, 49, 15, 42, 62, 26, 8, 28][24, 30, 63, 6, 56, 8, 52, 10, 16, 55][41, 27, 25, 34, 45, 58, 35, 51, 64, 52][44, 61, 14, 60, 17, 50, 13, 33, 58, 57][37, 67, 27, 12, 4, 7, 46, 40, 53, 47][3, 29, 19, 65, 54, 66, 48, 39, 32, 5][38, 36, 22, 33, 13, 20, 43, 61, 60, 44][2, 0, 23, 69, 48, 66, 3, 38, 19, 22][42, 30, 21, 62, 15, 49, 11, 9, 59, 68][8, 10, 16, 1, 9, 59, 68, 11, 49, 26][37, 67, 27, 12, 4, 7, 46, 40, 53, 47][18, 5, 32, 39, 48, 66, 54, 65, 19, 29][37, 67, 27, 12, 4, 7, 46, 40, 53, 47][10, 28, 8, 26, 62, 42, 15, 49, 9, 16] 
[9, 31, 1, 26, 49, 62, 15, 11, 59, 68][1, 16, 9, 49, 15, 42, 62, 26, 8, 28][24, 30, 63, 6, 56, 8, 52, 10, 16, 55][41, 27, 25, 34, 45, 58, 35, 51, 64, 52][44, 61, 14, 60, 17, 50, 13, 33, 58, 57][37, 67, 27, 12, 4, 7, 46, 40, 53, 47][3, 29, 19, 65, 54, 66, 48, 39, 32, 5][38, 36, 22, 33, 13, 20, 43, 61, 60, 44][2, 0, 23, 69, 48, 66, 3, 38, 19, 22][42, 30, 21, 62, 15, 49, 11, 9, 59, 68][8, 10, 16, 1, 9, 59, 68, 11, 49, 26][37, 67, 27, 12, 4, 7, 46, 40, 53, 47][18, 5, 32, 39, 48, 66, 54, 65, 19, 29][37, 67, 27, 12, 4, 7, 46, 40, 53, 47][10, 28, 8, 26, 62, 42, 15, 49, 9, 16] 
[10, 28, 8, 26, 62, 42, 15, 49, 9, 16][24, 30, 63, 6, 56, 8, 52, 10, 16, 55][41, 27, 25, 34, 45, 58, 35, 51, 64, 52][37, 67, 27, 12, 4, 7, 46, 40, 53, 47][44, 61, 14, 60, 17, 50, 13, 33, 58, 57][38, 36, 22, 33, 13, 20, 43, 61, 60, 44][2, 0, 23, 69, 48, 66, 3, 38, 19, 22][18, 5, 32, 39, 48, 66, 54, 65, 19, 29][9, 31, 1, 26, 49, 62, 15, 11, 59, 68][42, 30, 21, 62, 15, 49, 11, 9, 59, 68][8, 10, 16, 1, 9, 59, 68, 11, 49, 26][2, 0, 23, 69, 48, 66, 3, 38, 19, 22][41, 27, 25, 34, 45, 58, 35, 51, 64, 52][3, 29, 19, 65, 54, 66, 48, 39, 32, 5][2, 0, 23, 69, 48, 66, 3, 38, 19, 22] 
[10, 28, 8, 26, 62, 42, 15, 49, 9, 16][24, 30, 63, 6, 56, 8, 52, 10, 16, 55][41, 27, 25, 34, 45, 58, 35, 51, 64, 52][37, 67, 27, 12, 4, 7, 46, 40, 53, 47][44, 61, 14, 60, 17, 50, 13, 33, 58, 57][38, 36, 22, 33, 13, 20, 43, 61, 60, 44][2, 0, 23, 69, 48, 66, 3, 38, 19, 22][18, 5, 32, 39, 48, 66, 54, 65, 19, 29][9, 31, 1, 26, 49, 62, 15, 11, 59, 68][42, 30, 21, 62, 15, 49, 11, 9, 59, 68][8, 10, 16, 1, 9, 59, 68, 11, 49, 26][2, 0, 23, 69, 48, 66, 3, 38, 19, 22][41, 27, 25, 34, 45, 58, 35, 51, 64, 52][3, 29, 19, 65, 54, 66, 48, 39, 32, 5][2, 0, 23, 69, 48, 66, 3, 38, 19, 22] 
[9, 31, 1, 26, 49, 62, 15, 11, 59, 68][10, 28, 8, 26, 62, 42, 15, 49, 9, 16][24, 30, 63, 6, 56, 8, 52, 10, 16, 55][41, 27, 25, 34, 45, 58, 35, 51, 64, 52][44, 61, 14, 60, 17, 50, 13, 33, 58, 57][37, 67, 27, 12, 4, 7, 46, 40, 53, 47][38, 36, 22, 33, 13, 20, 43, 61, 60, 44][2, 0, 23, 69, 48, 66, 3, 38, 19, 22][18, 5, 32, 39, 48, 66, 54, 65, 19, 29][42, 30, 21, 62, 15, 49, 11, 9, 59, 68][2, 0, 23, 69, 48, 66, 3, 38, 19, 22][41, 27, 25, 34, 45, 58, 35, 51, 64, 52][2, 0, 23, 69, 48, 66, 3, 38, 19, 22][8, 10, 16, 1, 9, 59, 68, 11, 49, 26][41, 27, 25, 34, 45, 58, 35, 51, 64, 52] 
[9, 31, 1, 26, 49, 62, 15, 11, 59, 68][1, 16, 9, 49, 15, 42, 62, 26, 8, 28][24, 30, 63, 6, 56, 8, 52, 10, 16, 55][41, 27, 25, 34, 45, 58, 35, 51, 64, 52][44, 61, 14, 60, 17, 50, 13, 33, 58, 57][37, 67, 27, 12, 4, 7, 46, 40, 53, 47][3, 29, 19, 65, 54, 66, 48, 39, 32, 5][38, 36, 22, 33, 13, 20, 43, 61, 60, 44][2, 0, 23, 69, 48, 66, 3, 38, 19, 22][42, 30, 21, 62, 15, 49, 11, 9, 59, 68][8, 10, 16, 1, 9, 59, 68, 11, 49, 26][37, 67, 27, 12, 4, 7, 46, 40, 53, 47][18, 5, 32, 39, 48, 66, 54, 65, 19, 29][37, 67, 27, 12, 4, 7, 46, 40, 53, 47][10, 28, 8, 26, 62, 42, 15, 49, 9, 16] 
[9, 31, 1, 26, 49, 62, 15, 11, 59, 68][1, 16, 9, 49, 15, 42, 62, 26, 8, 28][24, 30, 63, 6, 56, 8, 52, 10, 16, 55][41, 27, 25, 34, 45, 58, 35, 51, 64, 52][44, 61, 14, 60, 17, 50, 13, 33, 58, 57][37, 67, 27, 12, 4, 7, 46, 40, 53, 47][3, 29, 19, 65, 54, 66, 48, 39, 32, 5][38, 36, 22, 33, 13, 20, 43, 61, 60, 44][2, 0, 23, 69, 48, 66, 3, 38, 19, 22][42, 30, 21, 62, 15, 49, 11, 9, 59, 68][8, 10, 16, 1, 9, 59, 68, 11, 49, 26][37, 67, 27, 12, 4, 7, 46, 40, 53, 47][18, 5, 32, 39, 48, 66, 54, 65, 19, 29][37, 67, 27, 12, 4, 7, 46, 40, 53, 47][10, 28, 8, 26, 62, 42, 15, 49, 9, 16] 
[9, 31, 1, 26, 49, 62, 15, 11, 59, 68][1, 16, 9, 49, 15, 42, 62, 26, 8, 28][24, 30, 63, 6, 56, 8, 52, 10, 16, 55][41, 27, 25, 34, 45, 58, 35, 51, 64, 52][44, 61, 14, 60, 17, 50, 13, 33, 58, 57][37, 67, 27, 12, 4, 7, 46, 40, 53, 47][3, 29, 19, 65, 54, 66, 48, 39, 32, 5][38, 36, 22, 33, 13, 20, 43, 61, 60, 44][2, 0, 23, 69, 48, 66, 3, 38, 19, 22][42, 30, 21, 62, 15, 49, 11, 9, 59, 68][8, 10, 16, 1, 9, 59, 68, 11, 49, 26][37, 67, 27, 12, 4, 7, 46, 40, 53, 47][18, 5, 32, 39, 48, 66, 54, 65, 19, 29][37, 67, 27, 12, 4, 7, 46, 40, 53, 47][10, 28, 8, 26, 62, 42, 15, 49, 9, 16] 
[10, 28, 8, 26, 62, 42, 15, 49, 9, 16][24, 30, 63, 6, 56, 8, 52, 10, 16, 55][41, 27, 25, 34, 45, 58, 35, 51, 64, 52][37, 67, 27, 12, 4, 7, 46, 40, 53, 47][44, 61, 14, 60, 17, 50, 13, 33, 58, 57][38, 36, 22, 33, 13, 20, 43, 61, 60, 44][2, 0, 23, 69, 48, 66, 3, 38, 19, 22][18, 5, 32, 39, 48, 66, 54, 65, 19, 29][9, 31, 1, 26, 49, 62, 15, 11, 59, 68][42, 30, 21, 62, 15, 49, 11, 9, 59, 68][8, 10, 16, 1, 9, 59, 68, 11, 49, 26][2, 0, 23, 69, 48, 66, 3, 38, 19, 22][41, 27, 25, 34, 45, 58, 35, 51, 64, 52][3, 29, 19, 65, 54, 66, 48, 39, 32, 5][2, 0, 23, 69, 48, 66, 3, 38, 19, 22] 
[10, 28, 8, 26, 62, 42, 15, 49, 9, 16][24, 30, 63, 6, 56, 8, 52, 10, 16, 55][41, 27, 25, 34, 45, 58, 35, 51, 64, 52][37, 67, 27, 12, 4, 7, 46, 40, 53, 47][44, 61, 14, 60, 17, 50, 13, 33, 58, 57][38, 36, 22, 33, 13, 20, 43, 61, 60, 44][2, 0, 23, 69, 48, 66, 3, 38, 19, 22][18, 5, 32, 39, 48, 66, 54, 65, 19, 29][9, 31, 1, 26, 49, 62, 15, 11, 59, 68][42, 30, 21, 62, 15, 49, 11, 9, 59, 68][8, 10, 16, 1, 9, 59, 68, 11, 49, 26][2, 0, 23, 69, 48, 66, 3, 38, 19, 22][41, 27, 25, 34, 45, 58, 35, 51, 64, 52][3, 29, 19, 65, 54, 66, 48, 39, 32, 5][2, 0, 23, 69, 48, 66, 3, 38, 19, 22] 
[9, 31, 1, 26, 49, 62, 15, 11, 59, 68][1, 16, 9, 49, 15, 42, 62, 26, 8, 28][24, 30, 63, 6, 56, 8, 52, 10, 16, 55][41, 27, 25, 34, 45, 58, 35, 51, 64, 52][44, 61, 14, 60, 17, 50, 13, 33, 58, 57][37, 67, 27, 12, 4, 7, 46, 40, 53, 47][3, 29, 19, 65, 54, 66, 48, 39, 32, 5][38, 36, 22, 33, 13, 20, 43, 61, 60, 44][2, 0, 23, 69, 48, 66, 3, 38, 19, 22][42, 30, 21, 62, 15, 49, 11, 9, 59, 68][8, 10, 16, 1, 9, 59, 68, 11, 49, 26][37, 67, 27, 12, 4, 7, 46, 40, 53, 47][18, 5, 32, 39, 48, 66, 54, 65, 19, 29][37, 67, 27, 12, 4, 7, 46, 40, 53, 47][10, 28, 8, 26, 62, 42, 15, 49, 9, 16] 
[10, 28, 8, 26, 62, 42, 15, 49, 9, 16][24, 30, 63, 6, 56, 8, 52, 10, 16, 55][41, 27, 25, 34, 45, 58, 35, 51, 64, 52][37, 67, 27, 12, 4, 7, 46, 40, 53, 47][44, 61, 14, 60, 17, 50, 13, 33, 58, 57][38, 36, 22, 33, 13, 20, 43, 61, 60, 44][2, 0, 23, 69, 48, 66, 3, 38, 19, 22][18, 5, 32, 39, 48, 66, 54, 65, 19, 29][9, 31, 1, 26, 49, 62, 15, 11, 59, 68][42, 30, 21, 62, 15, 49, 11, 9, 59, 68][8, 10, 16, 1, 9, 59, 68, 11, 49, 26][2, 0, 23, 69, 48, 66, 3, 38, 19, 22][41, 27, 25, 34, 45, 58, 35, 51, 64, 52][3, 29, 19, 65, 54, 66, 48, 39, 32, 5][2, 0, 23, 69, 48, 66, 3, 38, 19, 22] 
[10, 28, 8, 26, 62, 42, 15, 49, 9, 16][24, 30, 63, 6, 56, 8, 52, 10, 16, 55][41, 27, 25, 34, 45, 58, 35, 51, 64, 52][37, 67, 27, 12, 4, 7, 46, 40, 53, 47][44, 61, 14, 60, 17, 50, 13, 33, 58, 57][38, 36, 22, 33, 13, 20, 43, 61, 60, 44][2, 0, 23, 69, 48, 66, 3, 38, 19, 22][18, 5, 32, 39, 48, 66, 54, 65, 19, 29][9, 31, 1, 26, 49, 62, 15, 11, 59, 68][42, 30, 21, 62, 15, 49, 11, 9, 59, 68][8, 10, 16, 1, 9, 59, 68, 11, 49, 26][2, 0, 23, 69, 48, 66, 3, 38, 19, 22][41, 27, 25, 34, 45, 58, 35, 51, 64, 52][3, 29, 19, 65, 54, 66, 48, 39, 32, 5][2, 0, 23, 69, 48, 66, 3, 38, 19, 22] 
[10, 28, 8, 26, 62, 42, 15, 49, 9, 16][24, 30, 63, 6, 56, 8, 52, 10, 16, 55][41, 27, 25, 34, 45, 58, 35, 51, 64, 52][37, 67, 27, 12, 4, 7, 46, 40, 53, 47][44, 61, 14, 60, 17, 50, 13, 33, 58, 57][38, 36, 22, 33, 13, 20, 43, 61, 60, 44][2, 0, 23, 69, 48, 66, 3, 38, 19, 22][18, 5, 32, 39, 48, 66, 54, 65, 19, 29][9, 31, 1, 26, 49, 62, 15, 11, 59, 68][42, 30, 21, 62, 15, 49, 11, 9, 59, 68][8, 10, 16, 1, 9, 59, 68, 11, 49, 26][2, 0, 23, 69, 48, 66, 3, 38, 19, 22][41, 27, 25, 34, 45, 58, 35, 51, 64, 52][3, 29, 19, 65, 54, 66, 48, 39, 32, 5][2, 0, 23, 69, 48, 66, 3, 38, 19, 22] 
[9, 31, 1, 26, 49, 62, 15, 11, 59, 68][10, 28, 8, 26, 62, 42, 15, 49, 9, 16][24, 30, 63, 6, 56, 8, 52, 10, 16, 55][41, 27, 25, 34, 45, 58, 35, 51, 64, 52][44, 61, 14, 60, 17, 50, 13, 33, 58, 57][37, 67, 27, 12, 4, 7, 46, 40, 53, 47][38, 36, 22, 33, 13, 20, 43, 61, 60, 44][2, 0, 23, 69, 48, 66, 3, 38, 19, 22][18, 5, 32, 39, 48, 66, 54, 65, 19, 29][42, 30, 21, 62, 15, 49, 11, 9, 59, 68][2, 0, 23, 69, 48, 66, 3, 38, 19, 22][41, 27, 25, 34, 45, 58, 35, 51, 64, 52][2, 0, 23, 69, 48, 66, 3, 38, 19, 22][8, 10, 16, 1, 9, 59, 68, 11, 49, 26][41, 27, 25, 34, 45, 58, 35, 51, 64, 52] 
[9, 31, 1, 26, 49, 62, 15, 11, 59, 68][1, 16, 9, 49, 15, 42, 62, 26, 8, 28][24, 30, 63, 6, 56, 8, 52, 10, 16, 55][41, 27, 25, 34, 45, 58, 35, 51, 64, 52][44, 61, 14, 60, 17, 50, 13, 33, 58, 57][37, 67, 27, 12, 4, 7, 46, 40, 53, 47][3, 29, 19, 65, 54, 66, 48, 39, 32, 5][38, 36, 22, 33, 13, 20, 43, 61, 60, 44][2, 0, 23, 69, 48, 66, 3, 38, 19, 22][42, 30, 21, 62, 15, 49, 11, 9, 59, 68][8, 10, 16, 1, 9, 59, 68, 11, 49, 26][37, 67, 27, 12, 4, 7, 46, 40, 53, 47][18, 5, 32, 39, 48, 66, 54, 65, 19, 29][37, 67, 27, 12, 4, 7, 46, 40, 53, 47][10, 28, 8, 26, 62, 42, 15, 49, 9, 16] 
[9, 31, 1, 26, 49, 62, 15, 11, 59, 68][1, 16, 9, 49, 15, 42, 62, 26, 8, 28][24, 30, 63, 6, 56, 8, 52, 10, 16, 55][41, 27, 25, 34, 45, 58, 35, 51, 64, 52][44, 61, 14, 60, 17, 50, 13, 33, 58, 57][37, 67, 27, 12, 4, 7, 46, 40, 53, 47][3, 29, 19, 65, 54, 66, 48, 39, 32, 5][38, 36, 22, 33, 13, 20, 43, 61, 60, 44][2, 0, 23, 69, 48, 66, 3, 38, 19, 22][42, 30, 21, 62, 15, 49, 11, 9, 59, 68][8, 10, 16, 1, 9, 59, 68, 11, 49, 26][37, 67, 27, 12, 4, 7, 46, 40, 53, 47][18, 5, 32, 39, 48, 66, 54, 65, 19, 29][37, 67, 27, 12, 4, 7, 46, 40, 53, 47][10, 28, 8, 26, 62, 42, 15, 49, 9, 16] 
[9, 31, 1, 26, 49, 62, 15, 11, 59, 68][1, 16, 9, 49, 15, 42, 62, 26, 8, 28][24, 30, 63, 6, 56, 8, 52, 10, 16, 55][41, 27, 25, 34, 45, 58, 35, 51, 64, 52][44, 61, 14, 60, 17, 50, 13, 33, 58, 57][37, 67, 27, 12, 4, 7, 46, 40, 53, 47][3, 29, 19, 65, 54, 66, 48, 39, 32, 5][38, 36, 22, 33, 13, 20, 43, 61, 60, 44][2, 0, 23, 69, 48, 66, 3, 38, 19, 22][42, 30, 21, 62, 15, 49, 11, 9, 59, 68][8, 10, 16, 1, 9, 59, 68, 11, 49, 26][37, 67, 27, 12, 4, 7, 46, 40, 53, 47][18, 5, 32, 39, 48, 66, 54, 65, 19, 29][37, 67, 27, 12, 4, 7, 46, 40, 53, 47][10, 28, 8, 26, 62, 42, 15, 49, 9, 16] 
[10, 28, 8, 26, 62, 42, 15, 49, 9, 16][24, 30, 63, 6, 56, 8, 52, 10, 16, 55][41, 27, 25, 34, 45, 58, 35, 51, 64, 52][37, 67, 27, 12, 4, 7, 46, 40, 53, 47][44, 61, 14, 60, 17, 50, 13, 33, 58, 57][38, 36, 22, 33, 13, 20, 43, 61, 60, 44][2, 0, 23, 69, 48, 66, 3, 38, 19, 22][18, 5, 32, 39, 48, 66, 54, 65, 19, 29][9, 31, 1, 26, 49, 62, 15, 11, 59, 68][42, 30, 21, 62, 15, 49, 11, 9, 59, 68][8, 10, 16, 1, 9, 59, 68, 11, 49, 26][2, 0, 23, 69, 48, 66, 3, 38, 19, 22][41, 27, 25, 34, 45, 58, 35, 51, 64, 52][3, 29, 19, 65, 54, 66, 48, 39, 32, 5][2, 0, 23, 69, 48, 66, 3, 38, 19, 22] 
[10, 28, 8, 26, 62, 42, 15, 49, 9, 16][24, 30, 63, 6, 56, 8, 52, 10, 16, 55][41, 27, 25, 34, 45, 58, 35, 51, 64, 52][37, 67, 27, 12, 4, 7, 46, 40, 53, 47][44, 61, 14, 60, 17, 50, 13, 33, 58, 57][38, 36, 22, 33, 13, 20, 43, 61, 60, 44][2, 0, 23, 69, 48, 66, 3, 38, 19, 22][18, 5, 32, 39, 48, 66, 54, 65, 19, 29][9, 31, 1, 26, 49, 62, 15, 11, 59, 68][42, 30, 21, 62, 15, 49, 11, 9, 59, 68][8, 10, 16, 1, 9, 59, 68, 11, 49, 26][2, 0, 23, 69, 48, 66, 3, 38, 19, 22][41, 27, 25, 34, 45, 58, 35, 51, 64, 52][3, 29, 19, 65, 54, 66, 48, 39, 32, 5][2, 0, 23, 69, 48, 66, 3, 38, 19, 22] 
[9, 31, 1, 26, 49, 62, 15, 11, 59, 68][1, 16, 9, 49, 15, 42, 62, 26, 8, 28][24, 30, 63, 6, 56, 8, 52, 10, 16, 55][41, 27, 25, 34, 45, 58, 35, 51, 64, 52][44, 61, 14, 60, 17, 50, 13, 33, 58, 57][37, 67, 27, 12, 4, 7, 46, 40, 53, 47][3, 29, 19, 65, 54, 66, 48, 39, 32, 5][38, 36, 22, 33, 13, 20, 43, 61, 60, 44][2, 0, 23, 69, 48, 66, 3, 38, 19, 22][42, 30, 21, 62, 15, 49, 11, 9, 59, 68][8, 10, 16, 1, 9, 59, 68, 11, 49, 26][37, 67, 27, 12, 4, 7, 46, 40, 53, 47][18, 5, 32, 39, 48, 66, 54, 65, 19, 29][37, 67, 27, 12, 4, 7, 46, 40, 53, 47][10, 28, 8, 26, 62, 42, 15, 49, 9, 16] 
[10, 28, 8, 26, 62, 42, 15, 49, 9, 16][24, 30, 63, 6, 56, 8, 52, 10, 16, 55][41, 27, 25, 34, 45, 58, 35, 51, 64, 52][37, 67, 27, 12, 4, 7, 46, 40, 53, 47][44, 61, 14, 60, 17, 50, 13, 33, 58, 57][38, 36, 22, 33, 13, 20, 43, 61, 60, 44][2, 0, 23, 69, 48, 66, 3, 38, 19, 22][18, 5, 32, 39, 48, 66, 54, 65, 19, 29][9, 31, 1, 26, 49, 62, 15, 11, 59, 68][42, 30, 21, 62, 15, 49, 11, 9, 59, 68][8, 10, 16, 1, 9, 59, 68, 11, 49, 26][2, 0, 23, 69, 48, 66, 3, 38, 19, 22][41, 27, 25, 34, 45, 58, 35, 51, 64, 52][3, 29, 19, 65, 54, 66, 48, 39, 32, 5][2, 0, 23, 69, 48, 66, 3, 38, 19, 22] 
[10, 28, 8, 26, 62, 42, 15, 49, 9, 16][24, 30, 63, 6, 56, 8, 52, 10, 16, 55][41, 27, 25, 34, 45, 58, 35, 51, 64, 52][37, 67, 27, 12, 4, 7, 46, 40, 53, 47][44, 61, 14, 60, 17, 50, 13, 33, 58, 57][38, 36, 22, 33, 13, 20, 43, 61, 60, 44][2, 0, 23, 69, 48, 66, 3, 38, 19, 22][18, 5, 32, 39, 48, 66, 54, 65, 19, 29][9, 31, 1, 26, 49, 62, 15, 11, 59, 68][42, 30, 21, 62, 15, 49, 11, 9, 59, 68][8, 10, 16, 1, 9, 59, 68, 11, 49, 26][2, 0, 23, 69, 48, 66, 3, 38, 19, 22][41, 27, 25, 34, 45, 58, 35, 51, 64, 52][3, 29, 19, 65, 54, 66, 48, 39, 32, 5][2, 0, 23, 69, 48, 66, 3, 38, 19, 22] 
[10, 28, 8, 26, 62, 42, 15, 49, 9, 16][24, 30, 63, 6, 56, 8, 52, 10, 16, 55][41, 27, 25, 34, 45, 58, 35, 51, 64, 52][37, 67, 27, 12, 4, 7, 46, 40, 53, 47][44, 61, 14, 60, 17, 50, 13, 33, 58, 57][38, 36, 22, 33, 13, 20, 43, 61, 60, 44][2, 0, 23, 69, 48, 66, 3, 38, 19, 22][18, 5, 32, 39, 48, 66, 54, 65, 19, 29][9, 31, 1, 26, 49, 62, 15, 11, 59, 68][42, 30, 21, 62, 15, 49, 11, 9, 59, 68][8, 10, 16, 1, 9, 59, 68, 11, 49, 26][2, 0, 23, 69, 48, 66, 3, 38, 19, 22][41, 27, 25, 34, 45, 58, 35, 51, 64, 52][3, 29, 19, 65, 54, 66, 48, 39, 32, 5][2, 0, 23, 69, 48, 66, 3, 38, 19, 22] 
[9, 31, 1, 26, 49, 62, 15, 11, 59, 68][1, 16, 9, 49, 15, 42, 62, 26, 8, 28][24, 30, 63, 6, 56, 8, 52, 10, 16, 55][41, 27, 25, 34, 45, 58, 35, 51, 64, 52][44, 61, 14, 60, 17, 50, 13, 33, 58, 57][37, 67, 27, 12, 4, 7, 46, 40, 53, 47][3, 29, 19, 65, 54, 66, 48, 39, 32, 5][38, 36, 22, 33, 13, 20, 43, 61, 60, 44][2, 0, 23, 69, 48, 66, 3, 38, 19, 22][42, 30, 21, 62, 15, 49, 11, 9, 59, 68][8, 10, 16, 1, 9, 59, 68, 11, 49, 26][37, 67, 27, 12, 4, 7, 46, 40, 53, 47][18, 5, 32, 39, 48, 66, 54, 65, 19, 29][37, 67, 27, 12, 4, 7, 46, 40, 53, 47][10, 28, 8, 26, 62, 42, 15, 49, 9, 16] 
[10, 28, 8, 26, 62, 42, 15, 49, 9, 16][24, 30, 63, 6, 56, 8, 52, 10, 16, 55][41, 27, 25, 34, 45, 58, 35, 51, 64, 52][37, 67, 27, 12, 4, 7, 46, 40, 53, 47][44, 61, 14, 60, 17, 50, 13, 33, 58, 57][38, 36, 22, 33, 13, 20, 43, 61, 60, 44][2, 0, 23, 69, 48, 66, 3, 38, 19, 22][18, 5, 32, 39, 48, 66, 54, 65, 19, 29][9, 31, 1, 26, 49, 62, 15, 11, 59, 68][42, 30, 21, 62, 15, 49, 11, 9, 59, 68][8, 10, 16, 1, 9, 59, 68, 11, 49, 26][2, 0, 23, 69, 48, 66, 3, 38, 19, 22][41, 27, 25, 34, 45, 58, 35, 51, 64, 52][3, 29, 19, 65, 54, 66, 48, 39, 32, 5][2, 0, 23, 69, 48, 66, 3, 38, 19, 22] 
[10, 28, 8, 26, 62, 42, 15, 49, 9, 16][24, 30, 63, 6, 56, 8, 52, 10, 16, 55][41, 27, 25, 34, 45, 58, 35, 51, 64, 52][37, 67, 27, 12, 4, 7, 46, 40, 53, 47][44, 61, 14, 60, 17, 50, 13, 33, 58, 57][38, 36, 22, 33, 13, 20, 43, 61, 60, 44][2, 0, 23, 69, 48, 66, 3, 38, 19, 22][18, 5, 32, 39, 48, 66, 54, 65, 19, 29][9, 31, 1, 26, 49, 62, 15, 11, 59, 68][42, 30, 21, 62, 15, 49, 11, 9, 59, 68][8, 10, 16, 1, 9, 59, 68, 11, 49, 26][2, 0, 23, 69, 48, 66, 3, 38, 19, 22][41, 27, 25, 34, 45, 58, 35, 51, 64, 52][3, 29, 19, 65, 54, 66, 48, 39, 32, 5][2, 0, 23, 69, 48, 66, 3, 38, 19, 22] 
[18, 66, 3, 0, 69, 48, 39, 32, 37, 67, 27, 12, 4, 7, 46, 40, 53, 47][3, 66, 18, 5, 54, 19, 38, 36, 22, 33, 13, 20, 43, 61, 60, 44][41, 27, 25, 34, 45, 58, 35, 51, 64, 52][37, 67, 27, 12, 4, 7, 46, 40, 53, 47][24, 30, 63, 6, 56, 8, 52, 10, 16, 55][42, 30, 21, 62, 15, 49, 11, 9, 59, 68][44, 61, 14, 60, 17, 50, 13, 33, 58, 57][2, 0, 23, 69, 48, 66, 3, 38, 19, 22][9, 31, 1, 26, 49, 62, 15, 11, 59, 68][3, 29, 19, 65, 54, 66, 48, 39, 32, 5][1, 16, 9, 49, 15, 42, 62, 26, 8, 28][37, 67, 27, 12, 4, 7, 46, 40, 53, 47][37, 67, 27, 12, 4, 7, 46, 40, 53, 47][37, 67, 27, 12, 4, 7, 46, 40, 53, 47][38, 36, 22, 33, 13, 20, 43, 61, 60, 44] 
[5, 18, 66, 3, 0, 69, 48, 39, 32, 37, 67, 27, 12, 4, 7, 46, 40, 53, 47][22, 19, 38, 3, 66, 48, 69, 23, 0, 2, 50, 17, 61][5, 65, 18, 38, 36, 22, 33, 13, 20, 43, 61, 60, 44][41, 27, 25, 34, 45, 58, 35, 51, 64, 52][37, 67, 27, 12, 4, 7, 46, 40, 53, 47][24, 30, 63, 6, 56, 8, 52, 10, 16, 55][42, 30, 21, 62, 15, 49, 11, 9, 59, 68][44, 61, 14, 60, 17, 50, 13, 33, 58, 57][9, 31, 1, 26, 49, 62, 15, 11, 59, 68][3, 29, 19, 65, 54, 66, 48, 39, 32, 5][38, 36, 22, 33, 13, 20, 43, 61, 60, 44][1, 16, 9, 49, 15, 42, 62, 26, 8, 28][37, 67, 27, 12, 4, 7, 46, 40, 53, 47][37, 67, 27, 12, 4, 7, 46, 40, 53, 47][37, 67, 27, 12, 4, 7, 46, 40, 53, 47] 
[5, 18, 66, 3, 0, 69, 48, 39, 32, 37, 67, 27, 12, 4, 7, 46, 40, 53, 47][5, 65, 18, 38, 36, 22, 33, 13, 20, 43, 61, 60, 44][41, 27, 25, 34, 45, 58, 35, 51, 64, 52][37, 67, 27, 12, 4, 7, 46, 40, 53, 47][24, 30, 63, 6, 56, 8, 52, 10, 16, 55][42, 30, 21, 62, 15, 49, 11, 9, 59, 68][44, 61, 14, 60, 17, 50, 13, 33, 58, 57][2, 0, 23, 69, 48, 66, 3, 38, 19, 22][9, 31, 1, 26, 49, 62, 15, 11, 59, 68][3, 29, 19, 65, 54, 66, 48, 39, 32, 5][38, 36, 22, 33, 13, 20, 43, 61, 60, 44][1, 16, 9, 49, 15, 42, 62, 26, 8, 28][37, 67, 27, 12, 4, 7, 46, 40, 53, 47][37, 67, 27, 12, 4, 7, 46, 40, 53, 47][37, 67, 27, 12, 4, 7, 46, 40, 53, 47] 
[18, 66, 3, 0, 69, 48, 39, 32, 37, 67, 27, 12, 4, 7, 46, 40, 53, 47][26, 1, 68, 59, 9, 11, 49, 15, 62, 21, 30, 42][41, 27, 25, 34, 45, 58, 35, 51, 64, 52][37, 67, 27, 12, 4, 7, 46, 40, 53, 47][24, 30, 63, 6, 56, 8, 52, 10, 16, 55][44, 61, 14, 60, 17, 50, 13, 33, 58, 57][2, 0, 23, 69, 48, 66, 3, 38, 19, 22][9, 31, 1, 26, 49, 62, 15, 11, 59, 68][3, 29, 19, 65, 54, 66, 48, 39, 32, 5][38, 36, 22, 33, 13, 20, 43, 61, 60, 44][1, 16, 9, 49, 15, 42, 62, 26, 8, 28][37, 67, 27, 12, 4, 7, 46, 40, 53, 47][37, 67, 27, 12, 4, 7, 46, 40, 53, 47][37, 67, 27, 12, 4, 7, 46, 40, 53, 47][38, 36, 22, 33, 13, 20, 43, 61, 60, 44] 
[47, 53, 40, 46, 7, 4, 12, 27, 67, 37, 32, 18, 65, 54][10, 55, 16, 9, 31, 1, 26, 49, 62, 15, 11, 59, 68][37, 67, 27, 12, 4, 7, 46, 40, 53, 47][41, 27, 25, 34, 45, 58, 35, 51, 64, 52][24, 30, 63, 6, 56, 8, 52, 10, 16, 55][42, 30, 21, 62, 15, 49, 11, 9, 59, 68][44, 61, 14, 60, 17, 50, 13, 33, 58, 57][38, 36, 22, 33, 13, 20, 43, 61, 60, 44][2, 0, 23, 69, 48, 66, 3, 38, 19, 22][3, 29, 19, 65, 54, 66, 48, 39, 32, 5][9, 31, 1, 26, 49, 62, 15, 11, 59, 68][10, 28, 56, 8, 55, 52, 64, 35, 51, 57][38, 36, 22, 33, 13, 20, 43, 61, 60, 44][42, 30, 21, 62, 15, 49, 11, 9, 59, 68][37, 67, 27, 12, 4, 7, 46, 40, 53, 47] 
[2, 0, 23, 69, 48, 66, 3, 38, 19, 22][38, 36, 22, 33, 13, 20, 43, 61, 60, 44][18, 66, 3, 0, 69, 48, 39, 32, 37, 67][41, 27, 25, 34, 45, 58, 35, 51, 64, 52][24, 30, 63, 6, 56, 8, 52, 10, 16, 55][42, 30, 21, 62, 15, 49, 11, 9, 59, 68][3, 29, 19, 65, 54, 66, 48, 39, 32, 5][44, 61, 14, 60, 17, 50, 13, 33, 58, 57][9, 31, 1, 26, 49, 62, 15, 11, 59, 68][10, 28, 56, 8, 55, 52, 64, 35, 51, 57][37, 67, 27, 12, 4, 7, 46, 40, 53, 47][44, 61, 14, 60, 17, 50, 13, 33, 58, 57][38, 36, 22, 33, 13, 20, 43, 61, 60, 44][10, 28, 56, 8, 55, 52, 64, 35, 51, 57][3, 29, 19, 65, 54, 66, 48, 39, 32, 5] 
[18, 66, 3, 0, 69, 48, 39, 32, 37, 67, 27, 12, 4, 7, 46, 40, 53, 47][44, 60, 61, 43, 20, 13, 33, 22, 36, 38, 19, 54, 5, 18, 66, 3, 48][41, 27, 25, 34, 45, 58, 35, 51, 64, 52][37, 67, 27, 12, 4, 7, 46, 40, 53, 47][24, 30, 63, 6, 56, 8, 52, 10, 16, 55][42, 30, 21, 62, 15, 49, 11, 9, 59, 68][44, 61, 14, 60, 17, 50, 13, 33, 58, 57][2, 0, 23, 69, 48, 66, 3, 38, 19, 22][9, 31, 1, 26, 49, 62, 15, 11, 59, 68][3, 29, 19, 65, 54, 66, 48, 39, 32, 5][1, 16, 9, 49, 15, 42, 62, 26, 8, 28][37, 67, 27, 12, 4, 7, 46, 40, 53, 47][37, 67, 27, 12, 4, 7, 46, 40, 53, 47][37, 67, 27, 12, 4, 7, 46, 40, 53, 47][38, 36, 22, 33, 13, 20, 43, 61, 60, 44] 
[5, 18, 66, 3, 0, 69, 48, 39, 32, 37, 67, 27, 12, 4, 7, 46, 40, 53, 47][18, 38, 36, 22, 33, 13, 20, 43, 61, 60, 44][41, 27, 25, 34, 45, 58, 35, 51, 64, 52][37, 67, 27, 12, 4, 7, 46, 40, 53, 47][24, 30, 63, 6, 56, 8, 52, 10, 16, 55][42, 30, 21, 62, 15, 49, 11, 9, 59, 68][44, 61, 14, 60, 17, 50, 13, 33, 58, 57][2, 0, 23, 69, 48, 66, 3, 38, 19, 22][9, 31, 1, 26, 49, 62, 15, 11, 59, 68][3, 29, 19, 65, 54, 66, 48, 39, 32, 5][38, 36, 22, 33, 13, 20, 43, 61, 60, 44][1, 16, 9, 49, 15, 42, 62, 26, 8, 28][37, 67, 27, 12, 4, 7, 46, 40, 53, 47][37, 67, 27, 12, 4, 7, 46, 40, 53, 47][37, 67, 27, 12, 4, 7, 46, 40, 53, 47] 
[47, 53, 40, 46, 7, 4, 12, 27, 67, 37, 32, 39, 48][41, 27, 25, 34, 45, 58, 35, 51, 64, 52][37, 67, 27, 12, 4, 7, 46, 40, 53, 47][24, 30, 63, 6, 56, 8, 52, 10, 16, 55][42, 30, 21, 62, 15, 49, 11, 9, 59, 68][44, 61, 14, 60, 17, 50, 13, 33, 58, 57][2, 0, 23, 69, 48, 66, 3, 38, 19, 22][9, 31, 1, 26, 49, 62, 15, 11, 59, 68][3, 29, 19, 65, 54, 66, 48, 39, 32, 5][18, 5, 54, 19, 38, 36, 22, 33, 13, 20][1, 16, 9, 49, 15, 42, 62, 26, 8, 28][37, 67, 27, 12, 4, 7, 46, 40, 53, 47][37, 67, 27, 12, 4, 7, 46, 40, 53, 47][37, 67, 27, 12, 4, 7, 46, 40, 53, 47][38, 36, 22, 33, 13, 20, 43, 61, 60, 44] 
[5, 18, 66, 3, 0, 69, 48, 39, 32, 37, 67, 27, 12, 4, 7, 46, 40, 53, 47][22, 19, 38, 3, 66, 48, 69, 23, 0, 2, 50, 17, 61][5, 65, 18, 38, 36, 22, 33, 13, 20, 43, 61, 60, 44][41, 27, 25, 34, 45, 58, 35, 51, 64, 52][37, 67, 27, 12, 4, 7, 46, 40, 53, 47][24, 30, 63, 6, 56, 8, 52, 10, 16, 55][42, 30, 21, 62, 15, 49, 11, 9, 59, 68][44, 61, 14, 60, 17, 50, 13, 33, 58, 57][9, 31, 1, 26, 49, 62, 15, 11, 59, 68][3, 29, 19, 65, 54, 66, 48, 39, 32, 5][38, 36, 22, 33, 13, 20, 43, 61, 60, 44][1, 16, 9, 49, 15, 42, 62, 26, 8, 28][37, 67, 27, 12, 4, 7, 46, 40, 53, 47][37, 67, 27, 12, 4, 7, 46, 40, 53, 47][37, 67, 27, 12, 4, 7, 46, 40, 53, 47] 
[44, 60, 61, 43, 20, 13, 33, 22, 36, 38, 19, 54, 5, 18, 66, 3, 48][3, 0, 69, 48, 39, 32, 37, 67, 27, 12, 4, 7, 46, 40, 53, 47][41, 27, 25, 34, 45, 58, 35, 51, 64, 52][37, 67, 27, 12, 4, 7, 46, 40, 53, 47][24, 30, 63, 6, 56, 8, 52, 10, 16, 55][42, 30, 21, 62, 15, 49, 11, 9, 59, 68][44, 61, 14, 60, 17, 50, 13, 33, 58, 57][2, 0, 23, 69, 48, 66, 3, 38, 19, 22][9, 31, 1, 26, 49, 62, 15, 11, 59, 68][3, 29, 19, 65, 54, 66, 48, 39, 32, 5][1, 16, 9, 49, 15, 42, 62, 26, 8, 28][37, 67, 27, 12, 4, 7, 46, 40, 53, 47][37, 67, 27, 12, 4, 7, 46, 40, 53, 47][37, 67, 27, 12, 4, 7, 46, 40, 53, 47][38, 36, 22, 33, 13, 20, 43, 61, 60, 44] 
[19, 36, 54, 65, 18, 32, 37, 67, 27, 12, 4, 7, 46, 40, 53, 47][10, 55, 16, 9, 31, 1, 26, 49, 62, 15, 11, 59, 68][37, 67, 27, 12, 4, 7, 46, 40, 53, 47][41, 27, 25, 34, 45, 58, 35, 51, 64, 52][24, 30, 63, 6, 56, 8, 52, 10, 16, 55][42, 30, 21, 62, 15, 49, 11, 9, 59, 68][44, 61, 14, 60, 17, 50, 13, 33, 58, 57][38, 36, 22, 33, 13, 20, 43, 61, 60, 44][2, 0, 23, 69, 48, 66, 3, 38, 19, 22][3, 29, 19, 65, 54, 66, 48, 39, 32, 5][9, 31, 1, 26, 49, 62, 15, 11, 59, 68][10, 28, 56, 8, 55, 52, 64, 35, 51, 57][38, 36, 22, 33, 13, 20, 43, 61, 60, 44][42, 30, 21, 62, 15, 49, 11, 9, 59, 68][37, 67, 27, 12, 4, 7, 46, 40, 53, 47] 
[47, 53, 40, 46, 7, 4, 12, 27, 67, 37, 32, 39, 48][41, 27, 25, 34, 45, 58, 35, 51, 64, 52][37, 67, 27, 12, 4, 7, 46, 40, 53, 47][24, 30, 63, 6, 56, 8, 52, 10, 16, 55][42, 30, 21, 62, 15, 49, 11, 9, 59, 68][44, 61, 14, 60, 17, 50, 13, 33, 58, 57][2, 0, 23, 69, 48, 66, 3, 38, 19, 22][9, 31, 1, 26, 49, 62, 15, 11, 59, 68][3, 29, 19, 65, 54, 66, 48, 39, 32, 5][18, 5, 54, 19, 38, 36, 22, 33, 13, 20][1, 16, 9, 49, 15, 42, 62, 26, 8, 28][37, 67, 27, 12, 4, 7, 46, 40, 53, 47][37, 67, 27, 12, 4, 7, 46, 40, 53, 47][37, 67, 27, 12, 4, 7, 46, 40, 53, 47][38, 36, 22, 33, 13, 20, 43, 61, 60, 44] 
[5, 18, 66, 3, 0, 69, 48, 39, 32, 37, 67, 27, 12, 4, 7, 46, 40, 53, 47][5, 65, 18, 38, 36, 22, 33, 13, 20, 43, 61, 60, 44][41, 27, 25, 34, 45, 58, 35, 51, 64, 52][37, 67, 27, 12, 4, 7, 46, 40, 53, 47][24, 30, 63, 6, 56, 8, 52, 10, 16, 55][42, 30, 21, 62, 15, 49, 11, 9, 59, 68][44, 61, 14, 60, 17, 50, 13, 33, 58, 57][2, 0, 23, 69, 48, 66, 3, 38, 19, 22][9, 31, 1, 26, 49, 62, 15, 11, 59, 68][3, 29, 19, 65, 54, 66, 48, 39, 32, 5][38, 36, 22, 33, 13, 20, 43, 61, 60, 44][1, 16, 9, 49, 15, 42, 62, 26, 8, 28][37, 67, 27, 12, 4, 7, 46, 40, 53, 47][37, 67, 27, 12, 4, 7, 46, 40, 53, 47][37, 67, 27, 12, 4, 7, 46, 40, 53, 47] 
[42, 24, 30, 21, 6, 56, 8, 55, 16, 9, 31, 1, 26, 49, 62, 15, 11, 59, 68][18, 66, 3, 0, 69, 48, 39, 32, 37, 67, 27, 12, 4, 7, 46, 40, 53, 47][1, 68, 59, 9, 11, 49, 15, 62, 21, 30, 42][44, 60, 61, 43, 20, 13, 33, 22, 36, 38, 69][41, 27, 25, 34, 45, 58, 35, 51, 64, 52][37, 67, 27, 12, 4, 7, 46, 40, 53, 47][24, 30, 63, 6, 56, 8, 52, 10, 16, 55][44, 61, 14, 60, 17, 50, 13, 33, 58, 57][2, 0, 23, 69, 48, 66, 3, 38, 19, 22][3, 29, 19, 65, 54, 66, 48, 39, 32, 5][1, 16, 9, 49, 15, 42, 62, 26, 8, 28][37, 67, 27, 12, 4, 7, 46, 40, 53, 47][37, 67, 27, 12, 4, 7, 46, 40, 53, 47][37, 67, 27, 12, 4, 7, 46, 40, 53, 47][38, 36, 22, 33, 13, 20, 43, 61, 60, 44] 
[20, 33, 13, 43, 61, 44, 14, 60, 17, 55, 16, 10, 52, 8, 56, 6, 63, 30, 24, 62, 42, 15, 11, 68][18, 66, 3, 0, 69, 48, 39, 32, 37, 67, 27, 12, 4, 7, 46, 40, 53, 47][26, 1, 68, 59, 9, 11, 49, 15, 62, 21, 30, 42, 24, 63, 6, 35, 41][41, 27, 25, 34, 45, 58, 35, 51, 64, 52][37, 67, 27, 12, 4, 7, 46, 40, 53, 47][44, 61, 14, 60, 17, 50, 13, 33, 58, 57][2, 0, 23, 69, 48, 66, 3, 38, 19, 22][9, 31, 1, 26, 49, 62, 15, 11, 59, 68][3, 29, 19, 65, 54, 66, 48, 39, 32, 5][38, 36, 22, 33, 13, 20, 43, 61, 60, 44][1, 16, 9, 49, 15, 42, 62, 26, 8, 28][37, 67, 27, 12, 4, 7, 46, 40, 53, 47][37, 67, 27, 12, 4, 7, 46, 40, 53, 47][37, 67, 27, 12, 4, 7, 46, 40, 53, 47][38, 36, 22, 33, 13, 20, 43, 61, 60, 44] 
[5, 18, 66, 3, 0, 69, 48, 39, 32, 37, 67, 27, 12, 4, 7, 46, 40, 53, 47][24, 30, 63, 6, 56, 8, 52, 10, 16, 55, 20, 33, 58][5, 65, 18, 38, 36, 22, 33, 13, 20, 43, 61, 60, 44][41, 27, 25, 34, 45, 58, 35, 51, 64, 52][37, 67, 27, 12, 4, 7, 46, 40, 53, 47][42, 30, 21, 62, 15, 49, 11, 9, 59, 68][44, 61, 14, 60, 17, 50, 13, 33, 58, 57][2, 0, 23, 69, 48, 66, 3, 38, 19, 22][9, 31, 1, 26, 49, 62, 15, 11, 59, 68][3, 29, 19, 65, 54, 66, 48, 39, 32, 5][38, 36, 22, 33, 13, 20, 43, 61, 60, 44][1, 16, 9, 49, 15, 42, 62, 26, 8, 28][37, 67, 27, 12, 4, 7, 46, 40, 53, 47][37, 67, 27, 12, 4, 7, 46, 40, 53, 47][37, 67, 27, 12, 4, 7, 46, 40, 53, 47] 
[37, 18, 69, 23, 3, 29, 19, 65, 54, 66, 48, 39, 32, 5, 67, 27, 41, 25, 12, 40][16, 1, 68, 59, 9, 11, 49, 15, 62, 21, 30, 42][37, 67, 27, 12, 4, 7, 46, 40, 53, 47][41, 27, 25, 34, 45, 58, 35, 51, 64, 52][24, 30, 63, 6, 56, 8, 52, 10, 16, 55][44, 61, 14, 60, 17, 50, 13, 33, 58, 57][38, 36, 22, 33, 13, 20, 43, 61, 60, 44][2, 0, 23, 69, 48, 66, 3, 38, 19, 22][3, 29, 19, 65, 54, 66, 48, 39, 32, 5][9, 31, 1, 26, 49, 62, 15, 11, 59, 68][1, 16, 9, 49, 15, 42, 62, 26, 8, 28][18, 37, 67, 27, 12, 4, 7, 46, 40, 53][3, 29, 19, 65, 54, 66, 48, 39, 32, 5][41, 27, 25, 34, 45, 58, 35, 51, 64, 52][3, 29, 19, 65, 54, 66, 48, 39, 32, 5] 
[5, 18, 66, 3, 0, 69, 48, 39, 32, 37, 67, 27, 12, 4, 7, 46, 40, 53, 47][18, 38, 36, 22, 33, 13, 20, 43, 61, 60, 44][41, 27, 25, 34, 45, 58, 35, 51, 64, 52][37, 67, 27, 12, 4, 7, 46, 40, 53, 47][24, 30, 63, 6, 56, 8, 52, 10, 16, 55][42, 30, 21, 62, 15, 49, 11, 9, 59, 68][44, 61, 14, 60, 17, 50, 13, 33, 58, 57][2, 0, 23, 69, 48, 66, 3, 38, 19, 22][9, 31, 1, 26, 49, 62, 15, 11, 59, 68][3, 29, 19, 65, 54, 66, 48, 39, 32, 5][38, 36, 22, 33, 13, 20, 43, 61, 60, 44][1, 16, 9, 49, 15, 42, 62, 26, 8, 28][37, 67, 27, 12, 4, 7, 46, 40, 53, 47][37, 67, 27, 12, 4, 7, 46, 40, 53, 47][37, 67, 27, 12, 4, 7, 46, 40, 53, 47] 
[43, 20, 55, 8, 10, 52, 64, 35, 57, 58, 33, 13, 50, 17, 60, 14, 61, 44][18, 66, 3, 0, 69, 48, 39, 32, 37, 67, 27, 12, 4, 7, 46, 40, 53, 47][19, 66, 3, 38, 36, 22, 33, 13, 20, 43, 61, 60, 44][1, 68, 59, 9, 11, 49, 15, 62, 21, 30, 42][41, 27, 25, 34, 45, 58, 35, 51, 64, 52][37, 67, 27, 12, 4, 7, 46, 40, 53, 47][24, 30, 63, 6, 56, 8, 52, 10, 16, 55][2, 0, 23, 69, 48, 66, 3, 38, 19, 22][9, 31, 1, 26, 49, 62, 15, 11, 59, 68][3, 29, 19, 65, 54, 66, 48, 39, 32, 5][1, 16, 9, 49, 15, 42, 62, 26, 8, 28][37, 67, 27, 12, 4, 7, 46, 40, 53, 47][37, 67, 27, 12, 4, 7, 46, 40, 53, 47][37, 67, 27, 12, 4, 7, 46, 40, 53, 47][38, 36, 22, 33, 13, 20, 43, 61, 60, 44] 
[7, 4, 40, 46, 53, 47, 6, 56, 28, 8, 55, 20, 52, 64, 51, 35, 58, 45, 34, 25, 27, 41, 57][5, 18, 66, 3, 0, 69, 48, 39, 32, 37, 67, 27, 12, 4, 7, 46, 40, 53, 47][3, 38, 36, 22, 33, 13, 20, 43, 61, 60, 44][18, 38, 36, 22, 33, 13, 20, 43, 61, 60, 44][37, 67, 27, 12, 4, 7, 46, 40, 53, 47][24, 30, 63, 6, 56, 8, 52, 10, 16, 55][42, 30, 21, 62, 15, 49, 11, 9, 59, 68][44, 61, 14, 60, 17, 50, 13, 33, 58, 57][2, 0, 23, 69, 48, 66, 3, 38, 19, 22][9, 31, 1, 26, 49, 62, 15, 11, 59, 68][3, 29, 19, 65, 54, 66, 48, 39, 32, 5][1, 16, 9, 49, 15, 42, 62, 26, 8, 28][37, 67, 27, 12, 4, 7, 46, 40, 53, 47][37, 67, 27, 12, 4, 7, 46, 40, 53, 47][37, 67, 27, 12, 4, 7, 46, 40, 53, 47] 
[10, 28, 8, 26, 62, 42, 15, 49, 9, 16][24, 30, 63, 6, 56, 8, 52, 10, 16, 55][41, 27, 25, 34, 45, 58, 35, 51, 64, 52][37, 67, 27, 12, 4, 7, 46, 40, 53, 47][44, 61, 14, 60, 17, 50, 13, 33, 58, 57][38, 36, 22, 33, 13, 20, 43, 61, 60, 44][2, 0, 23, 69, 48, 66, 3, 38, 19, 22][18, 5, 32, 39, 48, 66, 54, 65, 19, 29][9, 31, 1, 26, 49, 62, 15, 11, 59, 68][42, 30, 21, 62, 15, 49, 11, 9, 59, 68][8, 10, 16, 1, 9, 59, 68, 11, 49, 26][2, 0, 23, 69, 48, 66, 3, 38, 19, 22][41, 27, 25, 34, 45, 58, 35, 51, 64, 52][3, 29, 19, 65, 54, 66, 48, 39, 32, 5][2, 0, 23, 69, 48, 66, 3, 38, 19, 22] 
[10, 28, 8, 26, 62, 42, 15, 49, 9, 16][24, 30, 63, 6, 56, 8, 52, 10, 16, 55][41, 27, 25, 34, 45, 58, 35, 51, 64, 52][37, 67, 27, 12, 4, 7, 46, 40, 53, 47][44, 61, 14, 60, 17, 50, 13, 33, 58, 57][38, 36, 22, 33, 13, 20, 43, 61, 60, 44][2, 0, 23, 69, 48, 66, 3, 38, 19, 22][18, 5, 32, 39, 48, 66, 54, 65, 19, 29][9, 31, 1, 26, 49, 62, 15, 11, 59, 68][42, 30, 21, 62, 15, 49, 11, 9, 59, 68][8, 10, 16, 1, 9, 59, 68, 11, 49, 26][2, 0, 23, 69, 48, 66, 3, 38, 19, 22][41, 27, 25, 34, 45, 58, 35, 51, 64, 52][3, 29, 19, 65, 54, 66, 48, 39, 32, 5][2, 0, 23, 69, 48, 66, 3, 38, 19, 22] 
[10, 28, 8, 26, 62, 42, 15, 49, 9, 16][24, 30, 63, 6, 56, 8, 52, 10, 16, 55][41, 27, 25, 34, 45, 58, 35, 51, 64, 52][37, 67, 27, 12, 4, 7, 46, 40, 53, 47][44, 61, 14, 60, 17, 50, 13, 33, 58, 57][38, 36, 22, 33, 13, 20, 43, 61, 60, 44][2, 0, 23, 69, 48, 66, 3, 38, 19, 22][18, 5, 32, 39, 48, 66, 54, 65, 19, 29][9, 31, 1, 26, 49, 62, 15, 11, 59, 68][42, 30, 21, 62, 15, 49, 11, 9, 59, 68][8, 10, 16, 1, 9, 59, 68, 11, 49, 26][2, 0, 23, 69, 48, 66, 3, 38, 19, 22][41, 27, 25, 34, 45, 58, 35, 51, 64, 52][3, 29, 19, 65, 54, 66, 48, 39, 32, 5][2, 0, 23, 69, 48, 66, 3, 38, 19, 22] 
[10, 28, 8, 26, 62, 42, 15, 49, 9, 16][24, 30, 63, 6, 56, 8, 52, 10, 16, 55][41, 27, 25, 34, 45, 58, 35, 51, 64, 52][37, 67, 27, 12, 4, 7, 46, 40, 53, 47][44, 61, 14, 60, 17, 50, 13, 33, 58, 57][38, 36, 22, 33, 13, 20, 43, 61, 60, 44][2, 0, 23, 69, 48, 66, 3, 38, 19, 22][18, 5, 32, 39, 48, 66, 54, 65, 19, 29][9, 31, 1, 26, 49, 62, 15, 11, 59, 68][42, 30, 21, 62, 15, 49, 11, 9, 59, 68][8, 10, 16, 1, 9, 59, 68, 11, 49, 26][2, 0, 23, 69, 48, 66, 3, 38, 19, 22][41, 27, 25, 34, 45, 58, 35, 51, 64, 52][3, 29, 19, 65, 54, 66, 48, 39, 32, 5][2, 0, 23, 69, 48, 66, 3, 38, 19, 22] 
[10, 28, 8, 26, 62, 42, 15, 49, 9, 16][24, 30, 63, 6, 56, 8, 52, 10, 16, 55][41, 27, 25, 34, 45, 58, 35, 51, 64, 52][37, 67, 27, 12, 4, 7, 46, 40, 53, 47][44, 61, 14, 60, 17, 50, 13, 33, 58, 57][38, 36, 22, 33, 13, 20, 43, 61, 60, 44][2, 0, 23, 69, 48, 66, 3, 38, 19, 22][18, 5, 32, 39, 48, 66, 54, 65, 19, 29][9, 31, 1, 26, 49, 62, 15, 11, 59, 68][42, 30, 21, 62, 15, 49, 11, 9, 59, 68][8, 10, 16, 1, 9, 59, 68, 11, 49, 26][2, 0, 23, 69, 48, 66, 3, 38, 19, 22][41, 27, 25, 34, 45, 58, 35, 51, 64, 52][3, 29, 19, 65, 54, 66, 48, 39, 32, 5][2, 0, 23, 69, 48, 66, 3, 38, 19, 22] 
[10, 28, 8, 26, 62, 42, 15, 49, 9, 16][24, 30, 63, 6, 56, 8, 52, 10, 16, 55][41, 27, 25, 34, 45, 58, 35, 51, 64, 52][37, 67, 27, 12, 4, 7, 46, 40, 53, 47][44, 61, 14, 60, 17, 50, 13, 33, 58, 57][38, 36, 22, 33, 13, 20, 43, 61, 60, 44][2, 0, 23, 69, 48, 66, 3, 38, 19, 22][18, 5, 32, 39, 48, 66, 54, 65, 19, 29][9, 31, 1, 26, 49, 62, 15, 11, 59, 68][42, 30, 21, 62, 15, 49, 11, 9, 59, 68][8, 10, 16, 1, 9, 59, 68, 11, 49, 26][2, 0, 23, 69, 48, 66, 3, 38, 19, 22][41, 27, 25, 34, 45, 58, 35, 51, 64, 52][3, 29, 19, 65, 54, 66, 48, 39, 32, 5][2, 0, 23, 69, 48, 66, 3, 38, 19, 22] 
[10, 28, 8, 26, 62, 42, 15, 49, 9, 16][24, 30, 63, 6, 56, 8, 52, 10, 16, 55][41, 27, 25, 34, 45, 58, 35, 51, 64, 52][37, 67, 27, 12, 4, 7, 46, 40, 53, 47][44, 61, 14, 60, 17, 50, 13, 33, 58, 57][38, 36, 22, 33, 13, 20, 43, 61, 60, 44][2, 0, 23, 69, 48, 66, 3, 38, 19, 22][18, 5, 32, 39, 48, 66, 54, 65, 19, 29][9, 31, 1, 26, 49, 62, 15, 11, 59, 68][42, 30, 21, 62, 15, 49, 11, 9, 59, 68][8, 10, 16, 1, 9, 59, 68, 11, 49, 26][2, 0, 23, 69, 48, 66, 3, 38, 19, 22][41, 27, 25, 34, 45, 58, 35, 51, 64, 52][3, 29, 19, 65, 54, 66, 48, 39, 32, 5][2, 0, 23, 69, 48, 66, 3, 38, 19, 22] 
[10, 28, 8, 26, 62, 42, 15, 49, 9, 16][24, 30, 63, 6, 56, 8, 52, 10, 16, 55][41, 27, 25, 34, 45, 58, 35, 51, 64, 52][37, 67, 27, 12, 4, 7, 46, 40, 53, 47][44, 61, 14, 60, 17, 50, 13, 33, 58, 57][38, 36, 22, 33, 13, 20, 43, 61, 60, 44][2, 0, 23, 69, 48, 66, 3, 38, 19, 22][18, 5, 32, 39, 48, 66, 54, 65, 19, 29][9, 31, 1, 26, 49, 62, 15, 11, 59, 68][42, 30, 21, 62, 15, 49, 11, 9, 59, 68][8, 10, 16, 1, 9, 59, 68, 11, 49, 26][2, 0, 23, 69, 48, 66, 3, 38, 19, 22][41, 27, 25, 34, 45, 58, 35, 51, 64, 52][3, 29, 19, 65, 54, 66, 48, 39, 32, 5][2, 0, 23, 69, 48, 66, 3, 38, 19, 22] 
[10, 28, 8, 26, 62, 42, 15, 49, 9, 16][24, 30, 63, 6, 56, 8, 52, 10, 16, 55][41, 27, 25, 34, 45, 58, 35, 51, 64, 52][37, 67, 27, 12, 4, 7, 46, 40, 53, 47][44, 61, 14, 60, 17, 50, 13, 33, 58, 57][38, 36, 22, 33, 13, 20, 43, 61, 60, 44][2, 0, 23, 69, 48, 66, 3, 38, 19, 22][18, 5, 32, 39, 48, 66, 54, 65, 19, 29][9, 31, 1, 26, 49, 62, 15, 11, 59, 68][42, 30, 21, 62, 15, 49, 11, 9, 59, 68][8, 10, 16, 1, 9, 59, 68, 11, 49, 26][2, 0, 23, 69, 48, 66, 3, 38, 19, 22][41, 27, 25, 34, 45, 58, 35, 51, 64, 52][3, 29, 19, 65, 54, 66, 48, 39, 32, 5][2, 0, 23, 69, 48, 66, 3, 38, 19, 22] 
[10, 28, 8, 26, 62, 42, 15, 49, 9, 16][24, 30, 63, 6, 56, 8, 52, 10, 16, 55][41, 27, 25, 34, 45, 58, 35, 51, 64, 52][37, 67, 27, 12, 4, 7, 46, 40, 53, 47][44, 61, 14, 60, 17, 50, 13, 33, 58, 57][38, 36, 22, 33, 13, 20, 43, 61, 60, 44][2, 0, 23, 69, 48, 66, 3, 38, 19, 22][18, 5, 32, 39, 48, 66, 54, 65, 19, 29][9, 31, 1, 26, 49, 62, 15, 11, 59, 68][42, 30, 21, 62, 15, 49, 11, 9, 59, 68][8, 10, 16, 1, 9, 59, 68, 11, 49, 26][2, 0, 23, 69, 48, 66, 3, 38, 19, 22][41, 27, 25, 34, 45, 58, 35, 51, 64, 52][3, 29, 19, 65, 54, 66, 48, 39, 32, 5][2, 0, 23, 69, 48, 66, 3, 38, 19, 22] 
[44, 60, 61, 43, 20, 13, 33, 22, 36, 38, 69][10, 28, 8, 26, 62, 42, 15, 49, 9, 16][24, 30, 63, 6, 56, 8, 52, 10, 16, 55][41, 27, 25, 34, 45, 58, 35, 51, 64, 52][37, 67, 27, 12, 4, 7, 46, 40, 53, 47][44, 61, 14, 60, 17, 50, 13, 33, 58, 57][2, 0, 23, 69, 48, 66, 3, 38, 19, 22][18, 5, 32, 39, 48, 66, 54, 65, 19, 29][9, 31, 1, 26, 49, 62, 15, 11, 59, 68][42, 30, 21, 62, 15, 49, 11, 9, 59, 68][2, 0, 23, 69, 48, 66, 3, 38, 19, 22][8, 10, 16, 1, 9, 59, 68, 11, 49, 26][38, 36, 22, 33, 13, 20, 43, 61, 60, 44][3, 29, 19, 65, 54, 66, 48, 39, 32, 5][41, 27, 25, 34, 45, 58, 35, 51, 64, 52] 
