[4, 23, 9, 1, 24, 20, 7][21, 5, 15, 2, 29][14, 3, 11, 25, 28][12, 18, 0, 22, 17][13, 6, 16, 27][19, 8, 26][10, 29][10, 27][16, 28][4, 14][13, 18][0, 26] 
[4, 23, 9, 1, 24, 20, 7][12, 18, 0, 22, 17][14, 3, 11, 25, 28][21, 5, 15, 2, 29][13, 6, 16, 27][19, 8, 26][12, 19][13, 18][16, 28][10, 27][10, 29][4, 14] 
[8, 19, 12, 18, 0, 22, 17][7, 20, 24, 1, 9, 23][21, 5, 15, 2, 29][14, 3, 11, 25, 28][13, 6, 16, 27][10, 29][10, 27][16, 28][13, 18][7, 25][0, 26][4, 14] 
[8, 19, 12, 18, 0, 22, 17][7, 20, 24, 1, 9, 23][14, 3, 11, 25, 28][21, 5, 15, 2, 29][13, 6, 16, 27][0, 26][13, 18][16, 28][10, 27][4, 14][10, 29][7, 25] 
[4, 23, 9, 1, 24, 20, 7][14, 3, 11, 25, 28][21, 5, 15, 2, 29][13, 6, 16, 27][17, 22, 0, 18][12, 19, 8, 26][16, 28][4, 14][13, 18][10, 27][10, 29][0, 26] 
[4, 14, 3, 11, 25, 28][7, 20, 24, 1, 9, 23][21, 5, 15, 2, 29][13, 6, 16, 27][17, 22, 0, 18][12, 19, 8, 26][16, 28][7, 25][13, 18][0, 26][10, 27][10, 29] 
[4, 14, 3, 11, 25, 28][7, 20, 24, 1, 9, 23][21, 5, 15, 2, 29][13, 6, 16, 27][17, 22, 0, 18][12, 19, 8, 26][10, 29][10, 27][13, 18][16, 28][7, 25][12, 18] 
[4, 23, 9, 1, 24, 20, 7][21, 5, 15, 2, 29][14, 3, 11, 25, 28][17, 22, 0, 18][12, 19, 8, 26][13, 6, 16, 27][0, 26][13, 18][10, 27][10, 29][16, 28][4, 14] 
[4, 14, 3, 11, 25, 28][7, 20, 24, 1, 9, 23][21, 5, 15, 2, 29][13, 6, 16, 27][17, 22, 0, 18][12, 19, 8, 26][16, 28][7, 25][13, 18][0, 26][10, 27][10, 29] 
[4, 14, 3, 11, 25, 28][7, 20, 24, 1, 9, 23][21, 5, 15, 2, 29][13, 6, 16, 27][17, 22, 0, 18][12, 19, 8, 26][16, 28][7, 25][13, 18][0, 26][10, 27][10, 29] 
[4, 23, 9, 1, 24, 20, 7][21, 5, 15, 2, 29][14, 3, 11, 25, 28][12, 18, 0, 22, 17][13, 6, 16, 27][19, 8, 26][10, 29][10, 27][16, 28][4, 14][13, 18][0, 26] 
[4, 23, 9, 1, 24, 20, 7][12, 18, 0, 22, 17][14, 3, 11, 25, 28][21, 5, 15, 2, 29][13, 6, 16, 27][19, 8, 26][12, 19][13, 18][16, 28][10, 27][10, 29][4, 14] 
[8, 19, 12, 18, 0, 22, 17][7, 20, 24, 1, 9, 23][14, 3, 11, 25, 28][21, 5, 15, 2, 29][13, 6, 16, 27][0, 26][13, 18][16, 28][10, 27][4, 14][10, 29][7, 25] 
[4, 23, 9, 1, 24, 20, 7][14, 3, 11, 25, 28][21, 5, 15, 2, 29][13, 6, 16, 27][17, 22, 0, 18][12, 19, 8, 26][16, 28][4, 14][13, 18][10, 27][10, 29][0, 26] 
[4, 14, 3, 11, 25, 28][7, 20, 24, 1, 9, 23][21, 5, 15, 2, 29][13, 6, 16, 27][17, 22, 0, 18][12, 19, 8, 26][16, 28][7, 25][13, 18][0, 26][10, 27][10, 29] 
[4, 23, 9, 1, 24, 20, 7][14, 3, 11, 25, 28][21, 5, 15, 2, 29][13, 6, 16, 27][17, 22, 0, 18][12, 19, 8, 26][16, 28][4, 14][13, 18][10, 27][10, 29][0, 26] 
[4, 23, 9, 1, 24, 20, 7][21, 5, 15, 2, 29][14, 3, 11, 25, 28][12, 18, 0, 22, 17][13, 6, 16, 27][19, 8, 26][10, 29][10, 27][16, 28][4, 14][13, 18][0, 26] 
[4, 23, 9, 1, 24, 20, 7][21, 5, 15, 2, 29][12, 18, 0, 22, 17][14, 3, 11, 25, 28][13, 6, 16, 27][19, 8, 26][10, 29][10, 27][13, 18][16, 28][7, 25][12, 19] 
[4, 23, 9, 1, 24, 20, 7][14, 3, 11, 25, 28][21, 5, 15, 2, 29][13, 6, 16, 27][17, 22, 0, 18][12, 19, 8, 26][16, 28][4, 14][13, 18][10, 27][10, 29][0, 26] 
[4, 23, 9, 1, 24, 20, 7][12, 18, 0, 22, 17][21, 5, 15, 2, 29][14, 3, 11, 25, 28][13, 6, 16, 27][19, 8, 26][13, 18][0, 26][10, 27][10, 29][16, 28][4, 14] 
[4, 23, 9, 1, 24, 20, 7][14, 3, 11, 25, 28][12, 18, 0, 22, 17][21, 5, 15, 2, 29][13, 6, 16, 27][19, 8, 26][4, 14][16, 28][10, 27][13, 18][10, 29][0, 26] 
[4, 23, 9, 1, 24, 20, 7][21, 5, 15, 2, 29][14, 3, 11, 25, 28][13, 6, 16, 27][17, 22, 0, 18][12, 19, 8, 26][10, 29][10, 27][16, 28][13, 18][7, 25][12, 18] 
[8, 19, 12, 18, 0, 22, 17][7, 20, 24, 1, 9, 23][14, 3, 11, 25, 28][21, 5, 15, 2, 29][13, 6, 16, 27][0, 26][13, 18][16, 28][10, 27][4, 14][10, 29][7, 25] 
[4, 23, 9, 1, 24, 20, 7][21, 5, 15, 2, 29][14, 3, 11, 25, 28][17, 22, 0, 18][12, 19, 8, 26][13, 6, 16, 27][0, 26][13, 18][10, 27][10, 29][16, 28][4, 14] 
[4, 14, 3, 11, 25, 28][7, 20, 24, 1, 9, 23][21, 5, 15, 2, 29][13, 6, 16, 27][17, 22, 0, 18][12, 19, 8, 26][16, 28][7, 25][13, 18][0, 26][10, 27][10, 29] 
[4, 23, 9, 1, 24, 20, 7][21, 5, 15, 2, 29][14, 3, 11, 25, 28][17, 22, 0, 18][12, 19, 8, 26][13, 6, 16, 27][0, 26][13, 18][10, 27][10, 29][16, 28][4, 14] 
[4, 23, 9, 1, 24, 20, 7][14, 3, 11, 25, 28][21, 5, 15, 2, 29][12, 18, 0, 22, 17][13, 6, 16, 27][19, 8, 26][10, 27][16, 28][4, 14][10, 29][13, 18][0, 26] 
[4, 23, 9, 1, 24, 20, 7][12, 18, 0, 22, 17][14, 3, 11, 25, 28][21, 5, 15, 2, 29][13, 6, 16, 27][19, 8, 26][12, 19][13, 18][16, 28][10, 27][10, 29][4, 14] 
[4, 23, 9, 1, 24, 20, 7][14, 3, 11, 25, 28][21, 5, 15, 2, 29][13, 6, 16, 27][17, 22, 0, 18][12, 19, 8, 26][16, 28][4, 14][13, 18][10, 27][10, 29][0, 26] 
[4, 23, 9, 1, 24, 20, 7][21, 5, 15, 2, 29][14, 3, 11, 25, 28][12, 18, 0, 22, 17][13, 6, 16, 27][19, 8, 26][10, 29][10, 27][16, 28][4, 14][13, 18][0, 26] 
[4, 23, 9, 1, 24, 20, 7][12, 18, 0, 22, 17][14, 3, 11, 25, 28][21, 5, 15, 2, 29][13, 6, 16, 27][19, 8, 26][13, 18][16, 28][0, 26][10, 27][4, 14][10, 29] 
[4, 23, 9, 1, 24, 20, 7][12, 18, 0, 22, 17][14, 3, 11, 25, 28][21, 5, 15, 2, 29][13, 6, 16, 27][19, 8, 26][12, 19][13, 18][16, 28][10, 27][10, 29][4, 14] 
[4, 23, 9, 1, 24, 20, 7][14, 3, 11, 25, 28][21, 5, 15, 2, 29][13, 6, 16, 27][17, 22, 0, 18][12, 19, 8, 26][4, 14][16, 28][13, 18][0, 26][10, 27][10, 29] 
[4, 23, 9, 1, 24, 20, 7][14, 3, 11, 25, 28][12, 18, 0, 22, 17][21, 5, 15, 2, 29][13, 6, 16, 27][19, 8, 26][10, 27][16, 28][13, 18][0, 26][10, 29][4, 14] 
[4, 23, 9, 1, 24, 20, 7][12, 18, 0, 22, 17][21, 5, 15, 2, 29][14, 3, 11, 25, 28][13, 6, 16, 27][19, 8, 26][13, 18][0, 26][10, 27][10, 29][16, 28][4, 14] 
[15, 27, 29, 10, 16, 28, 17, 22, 0, 18, 12, 19, 8, 26][2, 6, 16, 27, 7, 20, 24, 1, 9, 23, 4][14, 3, 11, 25, 28][5, 21, 10][16, 28][13, 18][10, 29][16, 28][3, 11][10, 29][10, 29][3, 11] 
[15, 27, 29, 10, 16, 28, 17, 22, 0, 18, 12, 19, 8, 26][2, 6, 16, 27, 7, 20, 24, 1, 9, 23, 4][14, 3, 11, 25, 28][5, 21, 10][16, 28][13, 18][10, 29][16, 28][3, 11][10, 29][10, 29][3, 11] 
[15, 27, 29, 10, 16, 28, 17, 22, 0, 18, 12, 19, 8, 26][2, 6, 16, 27, 7, 20, 24, 1, 9, 23, 4][14, 3, 11, 25, 28][5, 21, 10][16, 28][13, 18][10, 29][16, 28][3, 11][10, 29][10, 29][3, 11] 
[15, 27, 29, 10, 16, 28, 17, 22, 0, 18, 12, 19, 8, 26][7, 20, 24, 1, 9, 23, 4, 14][7, 27, 16, 6, 13][2, 21, 5, 15][14, 3, 11, 25][4, 23][17, 22][10, 29][10, 29][16, 28][16, 28][10, 29] 
[15, 27, 29, 10, 16, 28, 17, 22, 0, 18, 12, 19, 8, 26][7, 20, 24, 1, 9, 23, 4, 14][7, 27, 16, 6, 13][2, 21, 5, 15][14, 3, 11, 25][4, 23][17, 22][10, 29][10, 29][16, 28][16, 28][10, 29] 
[15, 27, 29, 10, 16, 28, 17, 22, 0, 18, 12, 19, 8, 26][7, 20, 24, 1, 9, 23, 4, 14][3, 11, 25, 28][2, 15, 5, 21][13, 6, 16][17, 22][16, 28][16, 28][4, 23][16, 28][3, 14][16, 28] 
[15, 27, 29, 10, 16, 28, 17, 22, 0, 18, 12, 19, 8, 26][2, 6, 16, 27, 7, 20, 24, 1, 9, 23, 4][14, 3, 11, 25, 28][5, 21, 10][0, 13, 18][16, 28][10, 29][16, 28][3, 11][10, 29][10, 29][3, 11] 
[15, 27, 29, 10, 16, 28, 17, 22, 0, 18, 12, 19, 8, 26][2, 6, 16, 27, 7, 20, 24, 1, 9, 23, 4][14, 3, 11, 25, 28][5, 21, 10][0, 13, 18][16, 28][10, 29][16, 28][3, 11][10, 29][10, 29][3, 11] 
[15, 27, 29, 10, 16, 28, 17, 22, 0, 18, 12, 19, 8, 26][7, 20, 24, 1, 9, 23, 4, 14][7, 27, 16, 6, 13][2, 21, 5, 15][14, 3, 11, 25][4, 23][17, 22][10, 29][10, 29][16, 28][16, 28][10, 29] 
[15, 27, 29, 10, 16, 28, 17, 22, 0, 18, 12, 19, 8, 26][2, 6, 16, 27, 7, 20, 24, 1, 9, 23, 4][14, 3, 11, 25, 28][5, 21, 10][16, 28][13, 18][10, 29][16, 28][3, 11][10, 29][10, 29][3, 11] 
[15, 27, 29, 10, 16, 28, 17, 22, 0, 18, 12, 19, 8, 26][2, 6, 16, 27, 7, 20, 24, 1, 9, 23, 4][14, 3, 11, 25, 28][5, 21, 10][16, 28][13, 18][10, 29][16, 28][3, 11][10, 29][10, 29][3, 11] 
[15, 27, 29, 10, 16, 28, 17, 22, 0, 18, 12, 19, 8, 26][2, 6, 16, 27, 7, 20, 24, 1, 9, 23, 4][14, 3, 11, 25, 28][5, 21, 10][16, 28][13, 18][10, 29][16, 28][3, 11][10, 29][10, 29][3, 11] 
[15, 27, 29, 10, 16, 28, 17, 22, 0, 18, 12, 19, 8, 26][7, 20, 24, 1, 9, 23, 4, 14][7, 27, 16, 6, 13][2, 21, 5, 15][14, 3, 11, 25][4, 23][17, 22][10, 29][10, 29][16, 28][16, 28][10, 29] 
[15, 27, 29, 10, 16, 28, 17, 22, 0, 18, 12, 19, 8, 26][2, 6, 16, 27, 7, 20, 24, 1, 9, 23, 4][14, 3, 11, 25, 28][5, 21, 10][16, 28][13, 18][10, 29][16, 28][3, 11][10, 29][10, 29][3, 11] 
[15, 27, 29, 10, 16, 28, 17, 22, 0, 18, 12, 19, 8, 26][2, 6, 16, 27, 7, 20, 24, 1, 9, 23, 4][14, 3, 11, 25, 28][5, 21, 10][16, 28][13, 18][10, 29][16, 28][3, 11][10, 29][10, 29][3, 11] 
[15, 27, 29, 10, 16, 28, 17, 22, 0, 18, 12, 19, 8, 26][4, 23, 9, 1, 24, 20, 7, 27, 16, 6][14, 3, 11, 25, 28][2, 21, 5, 15][13, 18][5, 21][9, 23][5, 21][10, 29][9, 23][10, 29][5, 21] 
[15, 27, 29, 10, 16, 28, 17, 22, 0, 18, 12, 19, 8, 26][4, 23, 9, 1, 24, 20, 7, 27, 16, 6][14, 3, 11, 25, 28][2, 21, 5, 15][13, 18][5, 21][9, 23][5, 21][10, 29][9, 23][10, 29][5, 21] 
[15, 27, 29, 10, 16, 28, 17, 22, 0, 18, 12, 19, 8, 26][7, 20, 24, 1, 9, 23, 4, 14][14, 3, 11, 25, 28][2, 21, 5, 15][13, 6, 16][9, 23][10, 29][10, 29][4, 23][10, 29][5, 21][10, 29] 
[15, 27, 29, 10, 16, 28, 17, 22, 0, 18, 12, 19, 8, 26][4, 23, 9, 1, 24, 20, 7, 27, 16, 6][14, 3, 11, 25, 28][2, 21, 5, 15][13, 18][5, 21][9, 23][5, 21][10, 29][9, 23][10, 29][5, 21] 
[15, 27, 29, 10, 16, 28, 17, 22, 0, 18, 12, 19, 8, 26][4, 23, 9, 1, 24, 20, 7, 27, 16, 6][14, 3, 11, 25, 28][2, 21, 5, 15][13, 18][5, 21][9, 23][5, 21][10, 29][9, 23][10, 29][5, 21] 
[15, 27, 29, 10, 16, 28, 17, 22, 0, 18, 12, 19, 8, 26][4, 23, 9, 1, 24, 20, 7, 27, 16, 6][14, 3, 11, 25, 28][2, 21, 5, 15][13, 18][5, 21][9, 23][5, 21][10, 29][9, 23][10, 29][5, 21] 
[4, 23, 9, 1, 24, 20, 7][12, 18, 0, 22, 17][21, 5, 15, 2, 29][14, 3, 11, 25, 28][13, 6, 16, 27][19, 8, 26][0, 26][13, 18][10, 27][10, 29][16, 28][7, 25] 
[4, 23, 9, 1, 24, 20, 7][21, 5, 15, 2, 29][14, 3, 11, 25, 28][12, 18, 0, 22, 17][13, 6, 16, 27][19, 8, 26][10, 27][10, 29][16, 28][13, 18][7, 25][0, 26] 
[4, 23, 9, 1, 24, 20, 7][21, 5, 15, 2, 29][14, 3, 11, 25, 28][12, 18, 0, 22, 17][13, 6, 16, 27][19, 8, 26][10, 29][10, 27][16, 28][13, 18][0, 26][7, 25] 
[4, 23, 9, 1, 24, 20, 7][12, 18, 0, 22, 17][21, 5, 15, 2, 29][14, 3, 11, 25, 28][13, 6, 16, 27][19, 8, 26][0, 26][13, 18][10, 27][10, 29][16, 28][7, 25] 
[4, 23, 9, 1, 24, 20, 7][12, 18, 0, 22, 17][21, 5, 15, 2, 29][14, 3, 11, 25, 28][13, 6, 16, 27][19, 8, 26][0, 26][13, 18][10, 27][10, 29][16, 28][7, 25] 
[4, 23, 9, 1, 24, 20, 7][12, 18, 0, 22, 17][14, 3, 11, 25, 28][21, 5, 15, 2, 29][13, 6, 16, 27][19, 8, 26][0, 26][13, 18][10, 27][16, 28][10, 29][7, 25] 
[4, 23, 9, 1, 24, 20, 7][12, 18, 0, 22, 17][21, 5, 15, 2, 29][14, 3, 11, 25, 28][13, 6, 16, 27][19, 8, 26][0, 26][13, 18][10, 27][10, 29][16, 28][7, 25] 
[4, 23, 9, 1, 24, 20, 7][14, 3, 11, 25, 28][12, 18, 0, 22, 17][21, 5, 15, 2, 29][13, 6, 16, 27][19, 8, 26][7, 25][16, 28][13, 18][10, 27][0, 26][10, 29] 
[4, 23, 9, 1, 24, 20, 7][14, 3, 11, 25, 28][12, 18, 0, 22, 17][21, 5, 15, 2, 29][13, 6, 16, 27][19, 8, 26][7, 25][16, 28][13, 18][10, 27][0, 26][10, 29] 
[4, 23, 9, 1, 24, 20, 7][21, 5, 15, 2, 29][14, 3, 11, 25, 28][12, 18, 0, 22, 17][13, 6, 16, 27][19, 8, 26][10, 29][10, 27][16, 28][13, 18][0, 26][7, 25] 
[4, 23, 9, 1, 24, 20, 7][12, 18, 0, 22, 17][14, 3, 11, 25, 28][21, 5, 15, 2, 29][13, 6, 16, 27][21, 10, 29][19, 8, 26][13, 18][16, 28][7, 25][10, 27][0, 26] 
[4, 23, 9, 1, 24, 20, 7][14, 3, 11, 25, 28][12, 18, 0, 22, 17][21, 5, 15, 2, 29][13, 6, 16, 27][19, 8, 26][7, 25][16, 28][13, 18][0, 26][10, 27][10, 29] 
[4, 23, 9, 1, 24, 20, 7][14, 3, 11, 25, 28][12, 18, 0, 22, 17][21, 5, 15, 2, 29][13, 6, 16, 27][19, 8, 26][7, 25][16, 28][13, 18][0, 26][10, 27][10, 29] 
[4, 23, 9, 1, 24, 20, 7][12, 18, 0, 22, 17][21, 5, 15, 2, 29][14, 3, 11, 25, 28][13, 6, 16, 27][15, 21, 10, 29][19, 8, 26][0, 26][13, 18][10, 27][16, 28][7, 25] 
[4, 23, 9, 1, 24, 20, 7][12, 18, 0, 22, 17][21, 5, 15, 2, 29][14, 3, 11, 25, 28][13, 6, 16, 27][15, 21, 10, 29][19, 8, 26][0, 26][13, 18][10, 27][16, 28][7, 25] 
[4, 23, 9, 1, 24, 20, 7][21, 5, 15, 2, 29][14, 3, 11, 25, 28][12, 18, 0, 22, 17][13, 6, 16, 27][19, 8, 26][10, 29][10, 27][16, 28][4, 14][13, 18][0, 26] 
[4, 23, 9, 1, 24, 20, 7][12, 18, 0, 22, 17][14, 3, 11, 25, 28][21, 5, 15, 2, 29][13, 6, 16, 27][19, 8, 26][13, 18][0, 26][10, 27][16, 28][4, 14][10, 29] 
[4, 23, 9, 1, 24, 20, 7][12, 18, 0, 22, 17][21, 5, 15, 2, 29][14, 3, 11, 25, 28][13, 6, 16, 27][19, 8, 26][13, 18][0, 26][10, 27][10, 29][16, 28][4, 14] 
[4, 23, 9, 1, 24, 20, 7][21, 5, 15, 2, 29][12, 18, 0, 22, 17][14, 3, 11, 25, 28][13, 6, 16, 27][19, 8, 26][10, 29][10, 27][13, 18][0, 26][16, 28][4, 14] 
[4, 23, 9, 1, 24, 20, 7][12, 18, 0, 22, 17][14, 3, 11, 25, 28][21, 5, 15, 2, 29][13, 6, 16, 27][19, 8, 26][13, 18][0, 26][10, 27][16, 28][4, 14][10, 29] 
[4, 23, 9, 1, 24, 20, 7][17, 22, 0, 18, 12, 19][21, 5, 15, 2, 29][14, 3, 11, 25, 28][13, 6, 16, 27][10, 29][10, 27][16, 28][4, 14][13, 18][8, 26][0, 26] 
[4, 23, 9, 1, 24, 20, 7][12, 18, 0, 22, 17][21, 5, 15, 2, 29][14, 3, 11, 25, 28][13, 6, 16, 27][19, 8, 26][0, 26][13, 18][10, 27][10, 29][16, 28][7, 25] 
[4, 23, 9, 1, 24, 20, 7][12, 18, 0, 22, 17][14, 3, 11, 25, 28][21, 5, 15, 2, 29][13, 6, 16, 27][19, 8, 26][0, 26][13, 18][10, 27][16, 28][10, 29][7, 25] 
[4, 23, 9, 1, 24, 20, 7][14, 3, 11, 25, 28][12, 18, 0, 22, 17][21, 5, 15, 2, 29][13, 6, 16, 27][19, 8, 26][7, 25][16, 28][13, 18][10, 27][0, 26][10, 29] 
[4, 23, 9, 1, 24, 20, 7][12, 18, 0, 22, 17][14, 3, 11, 25, 28][21, 5, 15, 2, 29][13, 6, 16, 27][19, 8, 26][0, 26][13, 18][10, 27][16, 28][10, 29][7, 25] 
[4, 23, 9, 1, 24, 20, 7][12, 18, 0, 22, 17][21, 5, 15, 2, 29][14, 3, 11, 25, 28][13, 6, 16, 27][19, 8, 26][0, 26][13, 18][10, 27][10, 29][16, 28][7, 25] 
[4, 23, 9, 1, 24, 20, 7][14, 3, 11, 25, 28][12, 18, 0, 22, 17][21, 5, 15, 2, 29][13, 6, 16, 27][19, 8, 26][7, 25][16, 28][10, 27][13, 18][0, 26][10, 29] 
[4, 23, 9, 1, 24, 20, 7][14, 3, 11, 25, 28][12, 18, 0, 22, 17][21, 5, 15, 2, 29][13, 6, 16, 27][19, 8, 26][16, 28][10, 27][7, 25][13, 18][0, 26][10, 29] 
[4, 23, 9, 1, 24, 20, 7][21, 5, 15, 2, 29][14, 3, 11, 25, 28][12, 18, 0, 22, 17][13, 6, 16, 27][19, 8, 26][10, 29][10, 27][16, 28][4, 14][13, 18][0, 26] 
[4, 23, 9, 1, 24, 20, 7][21, 5, 15, 2, 29][14, 3, 11, 25, 28][12, 18, 0, 22, 17][13, 6, 16, 27][19, 8, 26][10, 29][10, 27][16, 28][4, 14][13, 18][0, 26] 
[4, 23, 9, 1, 24, 20, 7][21, 5, 15, 2, 29][14, 3, 11, 25, 28][12, 18, 0, 22, 17][13, 6, 16, 27][19, 8, 26][10, 29][10, 27][16, 28][4, 14][13, 18][0, 26] 
[4, 23, 9, 1, 24, 20, 7][14, 3, 11, 25, 28][12, 18, 0, 22, 17][21, 5, 15, 2, 29][13, 6, 16, 27][19, 8, 26][16, 28][4, 14][10, 27][13, 18][0, 26][10, 29] 
[4, 23, 9, 1, 24, 20, 7][12, 18, 0, 22, 17][21, 5, 15, 2, 29][14, 3, 11, 25, 28][13, 6, 16, 27][19, 8, 26][13, 18][0, 26][10, 27][10, 29][16, 28][4, 14] 
[4, 23, 9, 1, 24, 20, 7][12, 18, 0, 22, 17][21, 5, 15, 2, 29][14, 3, 11, 25, 28][13, 6, 16, 27][19, 8, 26][13, 18][0, 26][10, 27][10, 29][16, 28][4, 14] 
[4, 23, 9, 1, 24, 20, 7][21, 5, 15, 2, 29][14, 3, 11, 25, 28][12, 18, 0, 22, 17][13, 6, 16, 27][19, 8, 26][10, 29][10, 27][16, 28][4, 14][13, 18][0, 26] 
[4, 23, 9, 1, 24, 20, 7][12, 18, 0, 22, 17][14, 3, 11, 25, 28][21, 5, 15, 2, 29][13, 6, 16, 27][19, 8, 26][13, 18][16, 28][10, 27][4, 14][10, 29][0, 26] 
[4, 23, 9, 1, 24, 20, 7][12, 18, 0, 22, 17][14, 3, 11, 25, 28][21, 5, 15, 2, 29][13, 6, 16, 27][19, 8, 26][13, 18][16, 28][10, 27][4, 14][10, 29][0, 26] 
[4, 23, 9, 1, 24, 20, 7][12, 18, 0, 22, 17][21, 5, 15, 2, 29][14, 3, 11, 25, 28][13, 6, 16, 27][19, 8, 26][13, 18][0, 26][10, 27][10, 29][16, 28][4, 14] 
[4, 23, 9, 1, 24, 20, 7][12, 18, 0, 22, 17][21, 5, 15, 2, 29][14, 3, 11, 25, 28][13, 6, 16, 27][19, 8, 26][13, 18][0, 26][10, 27][10, 29][16, 28][4, 14] 
[4, 23, 9, 1, 24, 20, 7][21, 5, 15, 2, 29][14, 3, 11, 25, 28][12, 18, 0, 22, 17][13, 6, 16, 27][19, 8, 26][10, 29][10, 27][16, 28][4, 14][13, 18][0, 26] 
[4, 23, 9, 1, 24, 20, 7][12, 18, 0, 22, 17][21, 5, 15, 2, 29][14, 3, 11, 25, 28][13, 6, 16, 27][19, 8, 26][13, 18][0, 26][10, 27][10, 29][16, 28][4, 14] 
[4, 23, 9, 1, 24, 20, 7][14, 3, 11, 25, 28][12, 18, 0, 22, 17][21, 5, 15, 2, 29][13, 6, 16, 27][19, 8, 26][10, 27][16, 28][13, 18][0, 26][10, 29][4, 14] 
[4, 23, 9, 1, 24, 20, 7][21, 5, 15, 2, 29][14, 3, 11, 25, 28][12, 18, 0, 22, 17][13, 6, 16, 27][19, 8, 26][10, 29][10, 27][16, 28][4, 14][13, 18][0, 26] 
[8, 19, 12, 18, 0, 22, 17][4, 23, 9, 1, 24, 20, 7][14, 3, 11, 25, 28][21, 5, 15, 2, 29][13, 6, 16, 27][10, 27][16, 28][13, 18][10, 29][4, 14][0, 26][9, 23] 
[8, 19, 12, 18, 0, 22, 17][4, 23, 9, 1, 24, 20, 7][14, 3, 11, 25, 28][21, 5, 15, 2, 29][13, 6, 16, 27][10, 27][16, 28][13, 18][10, 29][4, 14][0, 26][9, 23] 
[8, 19, 12, 18, 0, 22, 17][4, 23, 9, 1, 24, 20, 7][14, 3, 11, 25, 28][21, 5, 15, 2, 29][13, 6, 16, 27][10, 27][16, 28][13, 18][10, 29][4, 14][0, 26][9, 23] 
[8, 19, 12, 18, 0, 22, 17][4, 23, 9, 1, 24, 20, 7][14, 3, 11, 25, 28][21, 5, 15, 2, 29][13, 6, 16, 27][10, 27][16, 28][13, 18][10, 29][4, 14][0, 26][9, 23] 
[8, 19, 12, 18, 0, 22, 17][4, 23, 9, 1, 24, 20, 7][14, 3, 11, 25, 28][21, 5, 15, 2, 29][13, 6, 16, 27][10, 27][16, 28][13, 18][10, 29][4, 14][0, 26][9, 23] 
[17, 22, 0, 18, 12, 19, 8, 26][4, 23, 9, 1, 24, 20, 7][14, 3, 11, 25, 28][21, 5, 15, 2, 29][13, 6, 16, 27][8, 19][13, 18][16, 28][4, 14][10, 27][10, 29][5, 21] 
[4, 23, 9, 1, 24, 20, 7][12, 18, 0, 22, 17][21, 5, 15, 2, 29][14, 3, 11, 25, 28][13, 6, 16, 27][19, 8, 26][10, 27][13, 18][0, 26][10, 29][16, 28][7, 25] 
[4, 23, 9, 1, 24, 20, 7][12, 18, 0, 22, 17][14, 3, 11, 25, 28][21, 5, 15, 2, 29][13, 6, 16, 27][21, 10, 29][19, 8, 26][10, 27][13, 18][16, 28][7, 25][0, 26] 
[4, 23, 9, 1, 24, 20, 7][12, 18, 0, 22, 17][14, 3, 11, 25, 28][21, 5, 15, 2, 29][13, 6, 16, 27][21, 10, 29][19, 8, 26][10, 27][13, 18][16, 28][7, 25][0, 26] 
[4, 23, 9, 1, 24, 20, 7][14, 3, 11, 25, 28][12, 18, 0, 22, 17][21, 5, 15, 2, 29][13, 6, 16, 27][19, 8, 26][7, 25][16, 28][13, 18][0, 26][10, 27][10, 29] 
[4, 23, 9, 1, 24, 20, 7][12, 18, 0, 22, 17][14, 3, 11, 25, 28][21, 5, 15, 2, 29][13, 6, 16, 27][21, 10, 29][19, 8, 26][13, 18][16, 28][7, 25][10, 27][0, 26] 
[4, 23, 9, 1, 24, 20, 7][21, 5, 15, 2, 29][12, 18, 0, 22, 17][14, 3, 11, 25, 28][13, 6, 16, 27][19, 8, 26][10, 29][10, 27][13, 18][0, 26][16, 28][4, 14] 
[4, 23, 9, 1, 24, 20, 7][12, 18, 0, 22, 17][14, 3, 11, 25, 28][21, 5, 15, 2, 29][13, 6, 16, 27][19, 8, 26][0, 26][13, 18][16, 28][7, 25][10, 27][10, 29] 
