[12, 17, 19, 22, 18, 13][4, 20, 7, 25, 28][3, 1, 9, 23, 24][6, 5, 21, 15, 10][16, 27, 2, 29][14, 11, 25][0, 26, 8][1, 14][7, 27][17, 28][10, 29][8, 19] 
[12, 17, 19, 22, 18, 13][4, 20, 7, 25, 28][3, 1, 9, 23, 24][6, 5, 21, 15, 10][16, 27, 2, 29][14, 11, 25][0, 26, 8][1, 14][7, 27][17, 28][10, 29][8, 19] 
[3, 1, 9, 23, 24][4, 20, 7, 25, 28][6, 5, 21, 15, 10][12, 19, 22, 18, 13][16, 27, 2, 29][14, 11, 25][8, 19, 17][0, 26, 8][1, 14][7, 27][10, 29][17, 28] 
[12, 19, 22, 18, 13][4, 20, 7, 25, 28][3, 1, 9, 23, 24][6, 5, 21, 15, 10][16, 27, 2, 29][8, 19, 17][0, 26, 8][14, 11, 25][17, 28][1, 14][7, 27][10, 29] 
[6, 5, 21, 15, 10][4, 20, 7, 25, 28][12, 19, 22, 18, 13][3, 1, 9, 23, 24][16, 27, 2, 29][14, 11, 25][8, 19, 17][0, 26, 8][10, 29][7, 27][17, 28][1, 14] 
[12, 19, 22, 18, 13][4, 20, 7, 25, 28][3, 1, 9, 23, 24][6, 5, 21, 15, 10][16, 27, 2, 29][8, 19, 17][0, 26, 8][14, 11, 25][17, 28][1, 14][7, 27][10, 29] 
[12, 19, 22, 18, 13][4, 20, 7, 25, 28][3, 1, 9, 23, 24][6, 5, 21, 15, 10][16, 27, 2, 29][8, 19, 17][0, 26, 8][14, 11, 25][17, 28][1, 14][7, 27][10, 29] 
[12, 19, 22, 18, 13][4, 20, 7, 25, 28][3, 1, 9, 23, 24][6, 5, 21, 15, 10][16, 27, 2, 29][0, 26, 8][8, 19, 17][14, 11, 25][17, 28][1, 14][7, 27][10, 29] 
[4, 20, 7, 25, 28][12, 19, 22, 18, 13][3, 1, 9, 23, 24][6, 5, 21, 15, 10][16, 27, 2, 29][14, 11, 25][8, 19, 17][0, 26, 8][17, 28][7, 27][1, 14][10, 29] 
[4, 20, 7, 25, 28][12, 19, 22, 18, 13][3, 1, 9, 23, 24][6, 5, 21, 15, 10][16, 27, 2, 29][14, 11, 25][8, 19, 17][0, 26, 8][17, 28][7, 27][1, 14][10, 29] 
[12, 17, 19, 22, 18, 13][6, 5, 21, 15, 10][4, 20, 7, 25, 28][3, 1, 9, 23, 24][16, 27, 2, 29][14, 11, 25][0, 26, 8][10, 29][7, 27][1, 14][17, 28][8, 19] 
[12, 17, 19, 22, 18, 13][3, 1, 9, 23, 24][4, 20, 7, 25, 28][6, 5, 21, 15, 10][16, 27, 2, 29][14, 11, 25][0, 26, 8][1, 14][7, 27][10, 29][17, 28][8, 19] 
[3, 1, 9, 23, 24][4, 20, 7, 25, 28][6, 5, 21, 15, 10][12, 19, 22, 18, 13][16, 27, 2, 29][14, 11, 25][8, 19, 17][0, 26, 8][1, 14][7, 27][10, 29][17, 28] 
[12, 19, 22, 18, 13][4, 20, 7, 25, 28][3, 1, 9, 23, 24][6, 5, 21, 15, 10][16, 27, 2, 29][0, 26, 8][8, 19, 17][14, 11, 25][17, 28][1, 14][7, 27][10, 29] 
[6, 5, 21, 15, 10][4, 20, 7, 25, 28][12, 19, 22, 18, 13][3, 1, 9, 23, 24][16, 27, 2, 29][14, 11, 25][8, 19, 17][0, 26, 8][10, 29][7, 27][17, 28][1, 14] 
[12, 19, 22, 18, 13][4, 20, 7, 25, 28][3, 1, 9, 23, 24][6, 5, 21, 15, 10][16, 27, 2, 29][8, 19, 17][0, 26, 8][14, 11, 25][17, 28][1, 14][7, 27][10, 29] 
[12, 17, 19, 22, 18, 13][4, 20, 7, 25, 28][3, 1, 9, 23, 24][6, 5, 21, 15, 10][16, 27, 2, 29][14, 11, 25][0, 26, 8][7, 27][1, 14][10, 29][17, 28][8, 19] 
[12, 17, 19, 22, 18, 13][3, 1, 9, 23, 24][4, 20, 7, 25, 28][6, 5, 21, 15, 10][16, 27, 2, 29][14, 11, 25][0, 26, 8][1, 14][7, 27][10, 29][17, 28][8, 19] 
[1, 3, 9, 23, 24][4, 20, 7, 25, 28][6, 5, 21, 15, 10][12, 19, 22, 18, 13][16, 27, 2, 29][14, 11, 25][8, 19, 17][0, 26, 8][1, 14][7, 27][10, 29][17, 28] 
[12, 17, 19, 22, 18, 13][3, 1, 9, 23, 24][4, 20, 7, 25, 28][6, 5, 21, 15, 10][16, 27, 2, 29][14, 11, 25][0, 26, 8][1, 14][7, 27][10, 29][17, 28][8, 19] 
[12, 17, 19, 22, 18, 13][4, 20, 7, 25, 28][3, 1, 9, 23, 24][6, 5, 21, 15, 10][16, 27, 2, 29][14, 11, 25][0, 26, 8][7, 27][1, 14][17, 28][8, 19][10, 29] 
[12, 17, 19, 22, 18, 13][4, 20, 7, 25, 28][6, 5, 21, 15, 10][3, 1, 9, 23, 24][16, 27, 2, 29][14, 11, 25][0, 26, 8][7, 27][10, 29][1, 14][17, 28][8, 19] 
[3, 1, 9, 23, 24][4, 20, 7, 25, 28][6, 5, 21, 15, 10][12, 19, 22, 18, 13][16, 27, 2, 29][14, 11, 25][8, 19, 17][0, 26, 8][1, 14][7, 27][10, 29][17, 28] 
[12, 19, 22, 18, 13][4, 20, 7, 25, 28][3, 1, 9, 23, 24][6, 5, 21, 15, 10][16, 27, 2, 29][8, 19, 17][0, 26, 8][14, 11, 25][17, 28][1, 14][7, 27][10, 29] 
[12, 19, 22, 18, 13][4, 20, 7, 25, 28][3, 1, 9, 23, 24][6, 5, 21, 15, 10][16, 27, 2, 29][8, 19, 17][0, 26, 8][14, 11, 25][17, 28][1, 14][7, 27][10, 29] 
[12, 19, 22, 18, 13][4, 20, 7, 25, 28][3, 1, 9, 23, 24][6, 5, 21, 15, 10][16, 27, 2, 29][8, 19, 17][0, 26, 8][14, 11, 25][17, 28][1, 14][7, 27][10, 29] 
[12, 17, 19, 22, 18, 13][4, 20, 7, 25, 28][3, 1, 9, 23, 24][6, 5, 21, 15, 10][16, 27, 2, 29][14, 11, 25][0, 26, 8][7, 27][1, 14][17, 28][8, 19][10, 29] 
[12, 17, 19, 22, 18, 13][4, 20, 7, 25, 28][3, 1, 9, 23, 24][6, 5, 21, 15, 10][16, 27, 2, 29][14, 11, 25][0, 26, 8][7, 27][1, 14][10, 29][17, 28][8, 19] 
[12, 19, 22, 18, 13][4, 20, 7, 25, 28][3, 1, 9, 23, 24][6, 5, 21, 15, 10][16, 27, 2, 29][8, 19, 17][0, 26, 8][14, 11, 25][17, 28][1, 14][7, 27][10, 29] 
[12, 17, 19, 22, 18, 13][3, 1, 9, 23, 24][4, 20, 7, 25, 28][6, 5, 21, 15, 10][16, 27, 2, 29][14, 11, 25][0, 26, 8][1, 14][7, 27][10, 29][17, 28][8, 19] 
[12, 17, 19, 22, 18, 13][4, 20, 7, 25, 28][6, 5, 21, 15, 10][3, 1, 9, 23, 24][16, 27, 2, 29][14, 11, 25][0, 26, 8][17, 28][7, 27][10, 29][1, 14][8, 19] 
[12, 17, 19, 22, 18, 13][4, 20, 7, 25, 28][6, 5, 21, 15, 10][3, 1, 9, 23, 24][16, 27, 2, 29][14, 11, 25][0, 26, 8][7, 27][10, 29][17, 28][1, 14][8, 19] 
[4, 20, 7, 25, 28][3, 1, 9, 23, 24][12, 19, 22, 18, 13][6, 5, 21, 15, 10][16, 27, 2, 29][14, 11, 25][8, 19, 17][0, 26, 8][7, 27][1, 14][17, 28][10, 29] 
[12, 17, 19, 22, 18, 13][4, 20, 7, 25, 28][3, 1, 9, 23, 24][6, 5, 21, 15, 10][16, 27, 2, 29][14, 11, 25][0, 26, 8][1, 14][7, 27][17, 28][10, 29][8, 19] 
[12, 17, 19, 22, 18, 13][4, 20, 7, 25, 28][6, 5, 21, 15, 10][3, 1, 9, 23, 24][16, 27, 2, 29][14, 11, 25][0, 26, 8][7, 27][10, 29][17, 28][1, 14][8, 19] 
[12, 18, 13, 6, 5, 21, 15, 10, 29, 2, 27, 16][7, 14, 4, 20, 24, 23, 9, 1, 3, 11][22, 19, 8, 26, 0, 17, 28, 7, 25][0, 26][7, 27][0, 26][0, 26][17, 28][0, 26][0, 26][13, 18][10, 15] 
[12, 18, 13, 6, 5, 21, 15, 10, 29, 2, 27, 16][7, 14, 4, 20, 24, 23, 9, 1, 3, 11][22, 19, 8, 26, 0, 17, 28, 7, 25][0, 26][7, 27][0, 26][0, 26][17, 28][0, 26][0, 26][13, 18][10, 15] 
[12, 18, 13, 6, 5, 21, 15, 10, 29, 2, 27, 16][7, 14, 4, 20, 24, 23, 9, 1, 3, 11][22, 19, 8, 26, 0, 17, 28, 7, 25][0, 26][7, 27][0, 26][0, 26][17, 28][0, 26][0, 26][13, 18][10, 15] 
[12, 18, 13, 6, 5, 21, 15, 10, 29, 2, 27, 16][7, 14, 4, 20, 24, 23, 9, 1, 3, 11][22, 19, 8, 26, 0, 17, 28, 7, 25][0, 26][4, 20][0, 26][8, 19][0, 26][18, 22][0, 26][13, 18][0, 26] 
[12, 18, 13, 6, 5, 21, 15, 10, 29, 2, 27, 16][7, 14, 4, 20, 24, 23, 9, 1, 3, 11][22, 19, 8, 26, 0, 17, 28, 7, 25][0, 26][4, 20][0, 26][8, 19][0, 26][18, 22][0, 26][13, 18][0, 26] 
[12, 18, 13, 6, 5, 21, 15, 10, 29, 2, 27, 16][22, 19, 8, 26, 0, 17, 28, 7, 25][11, 3, 1, 9, 23, 24, 20, 4, 14][18, 22][13, 18][8, 19][11, 25][0, 26][0, 26][10, 29][8, 19][8, 19] 
[12, 18, 13, 6, 5, 21, 15, 10, 29, 2, 27, 16][7, 14, 4, 20, 24, 23, 9, 1, 3, 11][22, 19, 8, 26, 0, 17, 28, 7, 25][0, 26][7, 27][0, 26][0, 26][17, 28][0, 26][0, 26][13, 18][10, 15] 
[12, 18, 13, 6, 5, 21, 15, 10, 29, 2, 27, 16][7, 14, 4, 20, 24, 23, 9, 1, 3, 11][22, 19, 8, 26, 0, 17, 28, 7, 25][0, 26][7, 27][0, 26][0, 26][17, 28][0, 26][0, 26][13, 18][10, 15] 
[12, 18, 13, 6, 5, 21, 15, 10, 29, 2, 27, 16][7, 14, 4, 20, 24, 23, 9, 1, 3, 11][22, 19, 8, 26, 0, 17, 28, 7, 25][0, 26][4, 20][0, 26][8, 19][0, 26][18, 22][0, 26][13, 18][0, 26] 
[12, 18, 13, 6, 5, 21, 15, 10, 29, 2, 27, 16][7, 14, 4, 20, 24, 23, 9, 1, 3, 11][22, 19, 8, 26, 0, 17, 28, 7, 25][0, 26][7, 27][0, 26][0, 26][17, 28][0, 26][0, 26][13, 18][10, 15] 
[12, 18, 13, 6, 5, 21, 15, 10, 29, 2, 27, 16][7, 14, 4, 20, 24, 23, 9, 1, 3, 11][22, 19, 8, 26, 0, 17, 28, 7, 25][7, 27][4, 20][17, 28][0, 26][0, 26][10, 15][0, 26][0, 26][0, 26] 
[12, 18, 13, 6, 5, 21, 15, 10, 29, 2, 27, 16][7, 14, 4, 20, 24, 23, 9, 1, 3, 11][22, 19, 8, 26, 0, 17, 28, 7, 25][0, 26][7, 27][0, 26][0, 26][17, 28][0, 26][0, 26][13, 18][10, 15] 
[12, 18, 13, 6, 5, 21, 15, 10, 29, 2, 27, 16][7, 14, 4, 20, 24, 23, 9, 1, 3, 11][22, 19, 8, 26, 0, 17, 28, 7, 25][0, 26][4, 20][0, 26][8, 19][0, 26][18, 22][0, 26][13, 18][0, 26] 
[12, 18, 13, 6, 5, 21, 15, 10, 29, 2, 27, 16][7, 14, 4, 20, 24, 23, 9, 1, 3, 11][22, 19, 8, 26, 0, 17, 28, 7, 25][7, 27][4, 20][17, 28][0, 26][0, 26][10, 15][0, 26][0, 26][0, 26] 
[12, 18, 13, 6, 5, 21, 15, 10, 29, 2, 27, 16][7, 14, 4, 20, 24, 23, 9, 1, 3, 11][22, 19, 8, 26, 0, 17, 28, 7, 25][7, 27][4, 20][17, 28][0, 26][0, 26][10, 15][0, 26][0, 26][0, 26] 
[12, 18, 13, 6, 5, 21, 15, 10, 29, 2, 27, 16][7, 14, 4, 20, 24, 23, 9, 1, 3, 11][22, 19, 8, 26, 0, 17, 28, 7, 25][25, 7, 27][0, 26][0, 26][0, 26][17, 28][0, 26][10, 15][0, 26][0, 26] 
[12, 18, 13, 6, 5, 21, 15, 10, 29, 2, 27, 16][7, 14, 4, 20, 24, 23, 9, 1, 3, 11][22, 19, 8, 26, 0, 17, 28, 7, 25][7, 27][0, 26][0, 26][0, 26][0, 26][0, 26][0, 26][0, 26][0, 26] 
[12, 18, 13, 6, 5, 21, 15, 10, 29, 2, 27, 16][7, 14, 4, 20, 24, 23, 9, 1, 3, 11][22, 19, 8, 26, 0, 17, 28, 7, 25][0, 26][4, 20][0, 26][8, 19][0, 26][18, 22][0, 26][13, 18][0, 26] 
[12, 18, 13, 6, 5, 21, 15, 10, 29, 2, 27, 16][7, 14, 4, 20, 24, 23, 9, 1, 3, 11][22, 19, 8, 26, 0, 17, 28, 7, 25][25, 7, 27][0, 26][0, 26][0, 26][17, 28][0, 26][10, 15][0, 26][0, 26] 
[12, 18, 13, 6, 5, 21, 15, 10, 29, 2, 27, 16][7, 14, 4, 20, 24, 23, 9, 1, 3, 11][22, 19, 8, 26, 0, 17, 28, 7, 25][7, 27][0, 26][0, 26][0, 26][0, 26][0, 26][0, 26][0, 26][0, 26] 
[14, 11, 25, 7, 28, 17, 0, 26, 8, 19, 22, 18][12, 18, 13, 6, 5, 21, 15, 10, 29, 2, 27, 16][14, 1, 3, 9, 23, 24][4, 20, 7][0, 26][0, 26][0, 26][10, 15][0, 26][10, 29][0, 26][8, 19] 
[12, 19, 22, 18, 13][4, 20, 7, 25, 28][3, 1, 9, 23, 24][6, 5, 21, 15, 10][16, 27, 2, 29][8, 19, 17][0, 26, 8][14, 11, 25][17, 28][1, 14][7, 27][10, 29] 
[12, 19, 22, 18, 13][4, 20, 7, 25, 28][3, 1, 9, 23, 24][6, 5, 21, 15, 10][16, 27, 2, 29][8, 19, 17][0, 26, 8][14, 11, 25][17, 28][1, 14][7, 27][10, 29] 
[3, 1, 9, 23, 24][4, 20, 7, 25, 28][6, 5, 21, 15, 10][12, 19, 22, 18, 13][16, 27, 2, 29][14, 11, 25][8, 19, 17][0, 26, 8][1, 14][7, 27][10, 29][17, 28] 
[4, 20, 7, 25, 28][12, 19, 22, 18, 13][3, 1, 9, 23, 24][6, 5, 21, 15, 10][16, 27, 2, 29][14, 11, 25][8, 19, 17][0, 26, 8][17, 28][7, 27][1, 14][10, 29] 
[4, 20, 7, 25, 28][12, 19, 22, 18, 13][6, 5, 21, 15, 10][3, 1, 9, 23, 24][16, 27, 2, 29][14, 11, 25][8, 19, 17][0, 26, 8][17, 28][7, 27][10, 29][1, 14] 
[4, 20, 7, 25, 28][12, 19, 22, 18, 13][3, 1, 9, 23, 24][6, 5, 21, 15, 10][16, 27, 2, 29][14, 11, 25][8, 19, 17][0, 26, 8][17, 28][7, 27][1, 14][10, 29] 
[6, 5, 21, 15, 10][4, 20, 7, 25, 28][12, 19, 22, 18, 13][3, 1, 9, 23, 24][16, 27, 2, 29][14, 11, 25][8, 19, 17][0, 26, 8][10, 29][7, 27][17, 28][1, 14] 
[4, 20, 7, 25, 28][12, 19, 22, 18, 13][6, 5, 21, 15, 10][3, 1, 9, 23, 24][16, 27, 2, 29][14, 11, 25][8, 19, 17][0, 26, 8][17, 28][7, 27][10, 29][1, 14] 
[6, 5, 21, 15, 10][4, 20, 7, 25, 28][12, 19, 22, 18, 13][3, 1, 9, 23, 24][16, 27, 2, 29][14, 11, 25][8, 19, 17][0, 26, 8][10, 29][7, 27][17, 28][1, 14] 
[12, 19, 22, 18, 13][4, 20, 7, 25, 28][6, 5, 21, 15, 10][3, 1, 9, 23, 24][16, 27, 2, 29][8, 19, 17][0, 26, 8][14, 11, 25][17, 28][7, 27][10, 29][1, 14] 
[4, 20, 7, 25, 28][12, 19, 22, 18, 13][6, 5, 21, 15, 10][3, 1, 9, 23, 24][16, 27, 2, 29][14, 11, 25][8, 19, 17][0, 26, 8][17, 28][7, 27][10, 29][1, 14] 
[3, 1, 9, 23, 24][4, 20, 7, 25, 28][6, 5, 21, 15, 10][12, 19, 22, 18, 13][16, 27, 2, 29][14, 11, 25][8, 19, 17][0, 26, 8][1, 14][7, 27][10, 29][17, 28] 
[4, 20, 7, 25, 28][12, 19, 22, 18, 13][3, 1, 9, 23, 24][6, 5, 21, 15, 10][16, 27, 2, 29][14, 11, 25][8, 19, 17][0, 26, 8][17, 28][7, 27][1, 14][10, 29] 
[12, 19, 22, 18, 13][4, 20, 7, 25, 28][6, 5, 21, 15, 10][3, 1, 9, 23, 24][16, 27, 2, 29][8, 19, 17][0, 26, 8][14, 11, 25][17, 28][7, 27][10, 29][1, 14] 
[4, 20, 7, 25, 28][3, 1, 9, 23, 24][12, 19, 22, 18, 13][6, 5, 21, 15, 10][16, 27, 2, 29][14, 11, 25][8, 19, 17][0, 26, 8][7, 27][1, 14][17, 28][10, 29] 
[12, 17, 19, 22, 18, 13][3, 1, 9, 23, 24][4, 20, 7, 25, 28][6, 5, 21, 15, 10][16, 27, 2, 29][14, 11, 25][0, 26, 8][1, 14][7, 27][10, 29][17, 28][8, 19] 
[12, 17, 19, 22, 18, 13][3, 1, 9, 23, 24][4, 20, 7, 25, 28][6, 5, 21, 15, 10][16, 27, 2, 29][14, 11, 25][0, 26, 8][1, 14][7, 27][10, 29][17, 28][8, 19] 
[12, 17, 19, 22, 18, 13][3, 1, 9, 23, 24][4, 20, 7, 25, 28][6, 5, 21, 15, 10][16, 27, 2, 29][14, 11, 25][0, 26, 8][1, 14][7, 27][10, 29][17, 28][8, 19] 
[12, 17, 19, 22, 18, 13][3, 1, 9, 23, 24][4, 20, 7, 25, 28][6, 5, 21, 15, 10][16, 27, 2, 29][14, 11, 25][0, 26, 8][1, 14][7, 27][10, 29][17, 28][8, 19] 
[12, 17, 19, 22, 18, 13][4, 20, 7, 25, 28][6, 5, 21, 15, 10][3, 1, 9, 23, 24][16, 27, 2, 29][14, 11, 25][0, 26, 8][7, 27][10, 29][17, 28][8, 19][1, 14] 
[12, 17, 19, 22, 18, 13][11, 3, 1, 9, 23, 24][6, 5, 21, 15, 10][4, 20, 7, 25, 28][16, 27, 2, 29][0, 26, 8][10, 29][7, 27][17, 28][14, 20][8, 19][11, 25] 
[4, 20, 7, 25, 28][12, 19, 22, 18, 13][6, 5, 21, 15, 10][3, 1, 9, 23, 24][16, 27, 2, 29][14, 11, 25][8, 19, 17][0, 26, 8][17, 28][7, 27][10, 29][1, 14] 
[3, 1, 9, 23, 24][4, 20, 7, 25, 28][6, 5, 21, 15, 10][12, 19, 22, 18, 13][16, 27, 2, 29][14, 11, 25][8, 19, 17][0, 26, 8][1, 14][7, 27][10, 29][17, 28] 
[6, 5, 21, 15, 10][4, 20, 7, 25, 28][3, 1, 9, 23, 24][12, 19, 22, 18, 13][16, 27, 2, 29][14, 11, 25][8, 19, 17][0, 26, 8][10, 29][7, 27][1, 14][17, 28] 
[4, 20, 7, 25, 28][12, 19, 22, 18, 13][3, 1, 9, 23, 24][6, 5, 21, 15, 10][16, 27, 2, 29][14, 11, 25][8, 19, 17][0, 26, 8][17, 28][1, 14][7, 27][10, 29] 
[4, 20, 7, 25, 28][12, 19, 22, 18, 13][3, 1, 9, 23, 24][6, 5, 21, 15, 10][16, 27, 2, 29][14, 11, 25][8, 19, 17][0, 26, 8][17, 28][1, 14][7, 27][10, 29] 
[6, 5, 21, 15, 10][4, 20, 7, 25, 28][3, 1, 9, 23, 24][12, 19, 22, 18, 13][16, 27, 2, 29][14, 11, 25][8, 19, 17][0, 26, 8][10, 29][7, 27][1, 14][17, 28] 
[3, 1, 9, 23, 24][4, 20, 7, 25, 28][6, 5, 21, 15, 10][12, 19, 22, 18, 13][16, 27, 2, 29][14, 11, 25][8, 19, 17][0, 26, 8][1, 14][7, 27][10, 29][17, 28] 
[12, 17, 19, 22, 18, 13][6, 5, 21, 15, 10][4, 20, 7, 25, 28][3, 1, 9, 23, 24][16, 27, 2, 29][14, 11, 25][0, 26, 8][10, 29][7, 27][1, 14][17, 28][8, 19] 
[12, 17, 19, 22, 18, 13][4, 20, 7, 25, 28][6, 5, 21, 15, 10][3, 1, 9, 23, 24][16, 27, 2, 29][14, 11, 25][0, 26, 8][7, 27][10, 29][17, 28][8, 19][1, 14] 
[12, 17, 19, 22, 18, 13][3, 1, 9, 23, 24][4, 20, 7, 25, 28][6, 5, 21, 15, 10][16, 27, 2, 29][14, 11, 25][0, 26, 8][1, 14][7, 27][10, 29][17, 28][8, 19] 
[12, 17, 19, 22, 18, 13][3, 1, 9, 23, 24][4, 20, 7, 25, 28][6, 5, 21, 15, 10][16, 27, 2, 29][14, 11, 25][0, 26, 8][1, 14][7, 27][10, 29][17, 28][8, 19] 
[12, 17, 19, 22, 18, 13][3, 1, 9, 23, 24][4, 20, 7, 25, 28][6, 5, 21, 15, 10][16, 27, 2, 29][14, 11, 25][0, 26, 8][1, 14][7, 27][10, 29][17, 28][8, 19] 
[12, 17, 19, 22, 18, 13][3, 1, 9, 23, 24][4, 20, 7, 25, 28][6, 5, 21, 15, 10][16, 27, 2, 29][14, 11, 25][0, 26, 8][1, 14][7, 27][10, 29][17, 28][8, 19] 
[12, 17, 19, 22, 18, 13][3, 1, 9, 23, 24][4, 20, 7, 25, 28][6, 5, 21, 15, 10][16, 27, 2, 29][14, 11, 25][0, 26, 8][1, 14][7, 27][10, 29][17, 28][8, 19] 
[12, 17, 19, 22, 18, 13][4, 20, 7, 25, 28][6, 5, 21, 15, 10][3, 1, 9, 23, 24][16, 27, 2, 29][14, 11, 25][0, 26, 8][7, 27][10, 29][17, 28][8, 19][1, 14] 
[12, 17, 19, 22, 18, 13][3, 1, 9, 23, 24][4, 20, 7, 25, 28][6, 5, 21, 15, 10][16, 27, 2, 29][14, 11, 25][0, 26, 8][1, 14][7, 27][10, 29][17, 28][8, 19] 
[12, 17, 19, 22, 18, 13][3, 1, 9, 23, 24][4, 20, 7, 25, 28][6, 5, 21, 15, 10][16, 27, 2, 29][14, 11, 25][0, 26, 8][1, 14][7, 27][10, 29][17, 28][8, 19] 
[12, 17, 19, 22, 18, 13][4, 20, 7, 25, 28][3, 1, 9, 23, 24][6, 5, 21, 15, 10][16, 27, 2, 29][14, 11, 25][0, 26, 8][17, 28][1, 14][7, 27][10, 29][8, 19] 
[12, 17, 19, 22, 18, 13][4, 20, 7, 25, 28][3, 1, 9, 23, 24][6, 5, 21, 15, 10][16, 27, 2, 29][14, 11, 25][0, 26, 8][17, 28][1, 14][7, 27][10, 29][8, 19] 
[12, 17, 19, 22, 18, 13][4, 20, 7, 25, 28][6, 5, 21, 15, 10][3, 1, 9, 23, 24][16, 27, 2, 29][14, 11, 25][0, 26, 8][7, 27][10, 29][17, 28][1, 14][8, 19] 
[12, 17, 19, 22, 18, 13][3, 1, 9, 23, 24][4, 20, 7, 25, 28][6, 5, 21, 15, 10][16, 27, 2, 29][14, 11, 25][0, 26, 8][1, 14][7, 27][10, 29][17, 28][8, 19] 
[12, 17, 19, 22, 18, 13][4, 20, 7, 25, 28][6, 5, 21, 15, 10][3, 1, 9, 23, 24][16, 27, 2, 29][14, 11, 25][0, 26, 8][17, 28][7, 27][10, 29][1, 14][8, 19] 
[14, 11, 3, 1, 9, 23, 24][12, 17, 19, 22, 18, 13][4, 20, 7, 25, 28][6, 5, 21, 15, 10][16, 27, 2, 29][0, 26, 8][11, 25][17, 28][8, 19][7, 27][10, 29][1, 3] 
[14, 11, 3, 1, 9, 23, 24][12, 17, 19, 22, 18, 13][4, 20, 7, 25, 28][6, 5, 21, 15, 10][16, 27, 2, 29][0, 26, 8][11, 25][17, 28][8, 19][7, 27][10, 29][1, 3] 
[14, 11, 3, 1, 9, 23, 24][12, 17, 19, 22, 18, 13][4, 20, 7, 25, 28][6, 5, 21, 15, 10][16, 27, 2, 29][0, 26, 8][11, 25][17, 28][8, 19][7, 27][10, 29][1, 3] 
[14, 11, 3, 1, 9, 23, 24][12, 17, 19, 22, 18, 13][4, 20, 7, 25, 28][6, 5, 21, 15, 10][16, 27, 2, 29][0, 26, 8][11, 25][17, 28][8, 19][7, 27][10, 29][1, 3] 
[14, 11, 3, 1, 9, 23, 24][12, 17, 19, 22, 18, 13][4, 20, 7, 25, 28][6, 5, 21, 15, 10][16, 27, 2, 29][0, 26, 8][11, 25][17, 28][8, 19][7, 27][10, 29][1, 3] 
[12, 17, 19, 22, 18, 13][11, 3, 1, 9, 23, 24][14, 4, 20, 7, 25, 28][8, 19, 0, 22, 18][6, 5, 21, 15, 10][16, 27, 2, 29][0, 26, 8][17, 28][4, 20][7, 27][11, 25][10, 29] 
[12, 19, 22, 18, 13][4, 20, 7, 25, 28][3, 1, 9, 23, 24][6, 5, 21, 15, 10][16, 27, 2, 29][8, 19, 17][0, 26, 8][14, 11, 25][17, 28][1, 14][7, 27][10, 29] 
[3, 1, 9, 23, 24][4, 20, 7, 25, 28][6, 5, 21, 15, 10][12, 19, 22, 18, 13][16, 27, 2, 29][14, 11, 25][8, 19, 17][0, 26, 8][1, 14][7, 27][10, 29][17, 28] 
[6, 5, 21, 15, 10][4, 20, 7, 25, 28][12, 19, 22, 18, 13][1, 3, 9, 23, 24][16, 27, 2, 29][14, 11, 25][8, 19, 17][0, 26, 8][10, 29][7, 27][17, 28][1, 14] 
[4, 20, 7, 25, 28][1, 3, 9, 23, 24][12, 19, 22, 18, 13][6, 5, 21, 15, 10][16, 27, 2, 29][14, 11, 25][8, 19, 17][0, 26, 8][1, 14][17, 28][7, 27][10, 29] 
[4, 20, 7, 25, 28][1, 3, 9, 23, 24][12, 19, 22, 18, 13][6, 5, 21, 15, 10][16, 27, 2, 29][14, 11, 25][8, 19, 17][0, 26, 8][1, 14][17, 28][7, 27][10, 29] 
[12, 17, 19, 22, 18, 13][4, 20, 7, 25, 28][6, 5, 21, 15, 10][3, 1, 9, 23, 24][16, 27, 2, 29][14, 11, 25][0, 26, 8][7, 27][10, 29][17, 28][8, 19][1, 14] 
[12, 19, 22, 18, 13][4, 20, 7, 25, 28][6, 5, 21, 15, 10][3, 1, 9, 23, 24][16, 27, 2, 29][8, 19, 17][0, 26, 8][14, 11, 25][17, 28][7, 27][10, 29][1, 14] 
