[6, 21, 5, 15, 2, 27, 16][17, 19, 8, 26][22, 17, 28, 25][12, 0, 18, 13][1, 9, 3, 11][10, 7, 14, 23][9, 23, 20][4, 24, 20][0, 26][11, 25][10, 29][2, 29] 
[6, 21, 5, 15, 2, 27, 16][17, 19, 8, 26][22, 17, 28, 25][12, 0, 18, 13][1, 9, 3, 11][10, 7, 14, 23][9, 23, 20][4, 24, 20][0, 26][11, 25][10, 29][2, 29] 
[6, 21, 5, 15, 2, 27, 16][1, 9, 3, 11][22, 17, 28, 25][17, 19, 8, 26][10, 7, 14, 23][12, 0, 18, 13][9, 23, 20][4, 24, 20][11, 25][10, 29][2, 29][18, 19] 
[6, 21, 5, 15, 2, 27, 16][10, 7, 14, 23][4, 24, 20, 23][1, 9, 3, 11][22, 17, 28, 25][17, 19, 8, 26][12, 0, 18, 13][2, 29][10, 29][9, 23][11, 25][18, 19] 
[6, 21, 5, 15, 2, 27, 16][1, 9, 3, 11][22, 17, 28, 25][17, 19, 8, 26][10, 7, 14, 23][12, 0, 18, 13][9, 23, 20][4, 24, 20][11, 25][18, 19][10, 29][2, 29] 
[6, 21, 5, 15, 2, 27, 16][12, 0, 18, 13][17, 19, 8, 26][22, 17, 28, 25][1, 9, 3, 11][10, 7, 14, 23][9, 23, 20][4, 24, 20][18, 19][11, 25][10, 29][2, 29] 
[6, 21, 5, 15, 2, 27, 16][12, 0, 18, 13][17, 19, 8, 26][22, 17, 28, 25][1, 9, 3, 11][10, 7, 14, 23][9, 23, 20][4, 24, 20][18, 19][11, 25][10, 29][2, 29] 
[6, 21, 5, 15, 2, 27, 16][12, 0, 18, 13][17, 19, 8, 26][22, 17, 28, 25][1, 9, 3, 11][10, 7, 14, 23][9, 23, 20][4, 24, 20][18, 19][11, 25][10, 29][2, 29] 
[6, 21, 5, 15, 2, 27, 16][12, 0, 18, 13][17, 19, 8, 26][22, 17, 28, 25][1, 9, 3, 11][10, 7, 14, 23][9, 23, 20][4, 24, 20][18, 19][11, 25][10, 29][2, 29] 
[6, 21, 5, 15, 2, 27, 16][12, 0, 18, 13][17, 19, 8, 26][22, 17, 28, 25][1, 9, 3, 11][10, 7, 14, 23][9, 23, 20][4, 24, 20][18, 19][11, 25][10, 29][2, 29] 
[6, 21, 5, 15, 2, 27, 16][10, 7, 14, 23][1, 9, 3, 11][22, 17, 28, 25][17, 19, 8, 26][12, 0, 18, 13][9, 23, 20][4, 24, 20][2, 29][10, 29][11, 25][0, 26] 
[6, 21, 5, 15, 2, 27, 16][10, 7, 14, 23][1, 9, 3, 11][22, 17, 28, 25][17, 19, 8, 26][12, 0, 18, 13][9, 23, 20][4, 24, 20][10, 29][2, 29][11, 25][0, 26] 
[6, 21, 5, 15, 2, 27, 16][12, 0, 18, 13][17, 19, 8, 26][22, 17, 28, 25][1, 9, 3, 11][10, 7, 14, 23][9, 23, 20][4, 24, 20][18, 19][11, 25][10, 29][2, 29] 
[6, 21, 5, 15, 2, 27, 16][10, 7, 14, 23][1, 9, 3, 11][22, 17, 28, 25][17, 19, 8, 26][12, 0, 18, 13][9, 23, 20][4, 24, 20][10, 29][11, 25][2, 29][18, 19] 
[6, 21, 5, 15, 2, 27, 16][10, 7, 14, 23][1, 9, 3, 11][22, 17, 28, 25][17, 19, 8, 26][12, 0, 18, 13][9, 23, 20][4, 24, 20][2, 29][10, 29][11, 25][18, 19] 
[6, 21, 5, 15, 2, 27, 16][12, 0, 18, 13][17, 19, 8, 26][22, 17, 28, 25][1, 9, 3, 11][10, 7, 14, 23][9, 23, 20][4, 24, 20][18, 19][11, 25][10, 29][2, 29] 
[6, 21, 5, 15, 2, 27, 16][17, 19, 8, 26][22, 17, 28, 25][1, 9, 3, 11][10, 7, 14, 23][12, 0, 18, 13][9, 23, 20][4, 24, 20][11, 25][0, 26][10, 29][2, 29] 
[6, 21, 5, 15, 2, 27, 16][1, 9, 3, 11][10, 7, 14, 23][22, 17, 28, 25][17, 19, 8, 26][12, 0, 18, 13][9, 23, 20][4, 24, 20][11, 25][10, 29][0, 26][2, 29] 
[6, 21, 5, 15, 2, 27, 16][12, 0, 18, 13][17, 19, 8, 26][22, 17, 28, 25][1, 9, 3, 11][10, 7, 14, 23][9, 23, 20][4, 24, 20][18, 19][11, 25][10, 29][2, 29] 
[6, 21, 5, 15, 2, 27, 16][10, 7, 14, 23][1, 9, 3, 11][22, 17, 28, 25][17, 19, 8, 26][12, 0, 18, 13][9, 23, 20][4, 24, 20][2, 29][10, 29][11, 25][0, 26] 
[6, 21, 5, 15, 2, 27, 16][17, 19, 8, 26][22, 17, 28, 25][1, 9, 3, 11][10, 7, 14, 23][12, 0, 18, 13][9, 23, 20][4, 24, 20][11, 25][10, 29][0, 26][2, 29] 
[6, 21, 5, 15, 2, 27, 16][22, 17, 28, 25][1, 9, 3, 11][17, 19, 8, 26][10, 7, 14, 23][12, 0, 18, 13][9, 23, 20][4, 24, 20][11, 25][10, 29][0, 26][2, 29] 
[6, 21, 5, 15, 2, 27, 16][1, 9, 3, 11][22, 17, 28, 25][17, 19, 8, 26][10, 7, 14, 23][12, 0, 18, 13][9, 23, 20][4, 24, 20][11, 25][10, 29][2, 29][18, 19] 
[6, 21, 5, 15, 2, 27, 16][12, 0, 18, 13][17, 19, 8, 26][22, 17, 28, 25][1, 9, 3, 11][10, 7, 14, 23][9, 23, 20][4, 24, 20][18, 19][11, 25][10, 29][2, 29] 
[6, 21, 5, 15, 2, 27, 16][10, 7, 14, 23][1, 9, 3, 11][22, 17, 28, 25][17, 19, 8, 26][12, 0, 18, 13][9, 23, 20][4, 24, 20][2, 29][10, 29][11, 25][18, 19] 
[6, 21, 5, 15, 2, 27, 16][12, 0, 18, 13][17, 19, 8, 26][22, 17, 28, 25][1, 9, 3, 11][10, 7, 14, 23][9, 23, 20][4, 24, 20][18, 19][11, 25][10, 29][2, 29] 
[6, 21, 5, 15, 2, 27, 16][10, 7, 14, 23][1, 9, 3, 11][22, 17, 28, 25][17, 19, 8, 26][12, 0, 18, 13][9, 23, 20][4, 24, 20][2, 29][10, 29][11, 25][0, 26] 
[6, 21, 5, 15, 2, 27, 16][10, 7, 14, 23][1, 9, 3, 11][22, 17, 28, 25][17, 19, 8, 26][12, 0, 18, 13][9, 23, 20][4, 24, 20][2, 29][10, 29][11, 25][0, 26] 
[6, 21, 5, 15, 2, 27, 16][12, 0, 18, 13][17, 19, 8, 26][22, 17, 28, 25][1, 9, 3, 11][10, 7, 14, 23][9, 23, 20][4, 24, 20][18, 19][11, 25][10, 29][2, 29] 
[6, 21, 5, 15, 2, 27, 16][10, 7, 14, 23][1, 9, 3, 11][22, 17, 28, 25][17, 19, 8, 26][12, 0, 18, 13][9, 23, 20][4, 24, 20][11, 25][0, 26][10, 29][2, 29] 
[6, 21, 5, 15, 2, 27, 16][10, 7, 14, 23][1, 9, 3, 11][22, 17, 28, 25][17, 19, 8, 26][12, 0, 18, 13][9, 23, 20][4, 24, 20][10, 29][11, 25][2, 29][0, 26] 
[6, 21, 5, 15, 2, 27, 16][10, 7, 14, 23][1, 9, 3, 11][22, 17, 28, 25][17, 19, 8, 26][12, 0, 18, 13][4, 24, 20][9, 23, 20][10, 29][2, 29][11, 25][0, 26] 
[6, 21, 5, 15, 2, 27, 16][10, 7, 14, 23][1, 9, 3, 11][22, 17, 28, 25][17, 19, 8, 26][12, 0, 18, 13][9, 23, 20][4, 24, 20][2, 29][10, 29][11, 25][18, 19] 
[6, 21, 5, 15, 2, 27, 16][10, 7, 14, 23][1, 9, 3, 11][22, 17, 28, 25][17, 19, 8, 26][12, 0, 18, 13][9, 23, 20][4, 24, 20][11, 25][0, 26][10, 29][2, 29] 
[6, 21, 5, 15, 2, 27, 16][12, 0, 18, 13][17, 19, 8, 26][22, 17, 28, 25][1, 9, 3, 11][10, 7, 14, 23][9, 23, 20][4, 24, 20][0, 26][11, 25][10, 29][2, 29] 
[9, 23, 24, 4, 3, 14, 11, 17, 28, 25, 0, 26][20, 24, 23, 14, 7, 10, 16, 15, 2, 27, 29][5, 21, 6, 13, 18, 19, 22, 25, 0, 12][0, 25][1, 23][8, 19][0, 25][0, 25][6, 21][6, 21][11, 17][6, 21] 
[9, 23, 24, 4, 3, 14, 11, 17, 28, 25, 0, 26][20, 24, 23, 14, 7, 10, 16, 15, 2, 27, 29][5, 21, 6, 13, 18, 19, 22, 25, 0, 12][0, 25][1, 23][8, 19][0, 25][0, 25][6, 21][6, 21][11, 17][6, 21] 
[9, 23, 24, 4, 3, 14, 11, 17, 28, 25, 0, 26][20, 24, 23, 14, 7, 10, 16, 15, 2, 27, 29][5, 21, 6, 13, 18, 19, 22, 25, 0, 12][0, 25][1, 23][8, 19][0, 25][0, 25][6, 21][6, 21][11, 17][6, 21] 
[5, 21, 6, 13, 18, 19, 22, 25, 0, 12][9, 23, 24, 4, 3, 14, 11][1, 4, 20, 24, 23, 14, 7][7, 10, 16, 15, 2, 27, 29][8, 26, 0, 25, 28, 17, 11][0, 25][0, 25][18, 19][6, 21][0, 25][6, 21][0, 25] 
[5, 21, 6, 13, 18, 19, 22, 25, 0, 12][9, 23, 24, 4, 3, 14, 11][1, 4, 20, 24, 23, 14, 7][7, 10, 16, 15, 2, 27, 29][8, 26, 0, 25, 28, 17, 11][0, 25][0, 25][18, 19][6, 21][0, 25][6, 21][0, 25] 
[2, 15, 16, 10, 7, 14, 23, 24, 20, 4, 1, 3][5, 21, 6, 13, 18, 19, 22, 25, 0, 12][8, 26, 0, 25, 28, 17, 11][2, 27, 29][0, 25][9, 23][16, 28][0, 25][7, 10][0, 25][0, 25][18, 19] 
[9, 23, 24, 4, 3, 14, 11, 17, 28, 25, 0, 26][20, 24, 23, 14, 7, 10, 16, 15, 2, 27, 29][5, 21, 6, 13, 18, 19, 22, 25, 0, 12][0, 25][1, 23][8, 19][0, 25][0, 25][6, 21][6, 21][11, 17][6, 21] 
[9, 23, 24, 4, 3, 14, 11, 17, 28, 25, 0, 26][20, 24, 23, 14, 7, 10, 16, 15, 2, 27, 29][5, 21, 6, 13, 18, 19, 22, 25, 0, 12][0, 25][1, 23][8, 19][0, 25][0, 25][6, 21][6, 21][11, 17][6, 21] 
[5, 21, 6, 13, 18, 19, 22, 25, 0, 12][9, 23, 24, 4, 3, 14, 11][1, 4, 20, 24, 23, 14, 7][7, 10, 16, 15, 2, 27, 29][8, 26, 0, 25, 28, 17, 11][0, 25][0, 25][18, 19][6, 21][0, 25][6, 21][0, 25] 
[9, 23, 24, 4, 3, 14, 11, 17, 28, 25, 0, 26][20, 24, 23, 14, 7, 10, 16, 15, 2, 27, 29][5, 21, 6, 13, 18, 19, 22, 25, 0, 12][0, 25][1, 23][8, 19][0, 25][0, 25][6, 21][6, 21][11, 17][6, 21] 
[9, 23, 24, 4, 3, 14, 11, 17, 28, 25, 0, 26][20, 24, 23, 14, 7, 10, 16, 15, 2, 27, 29][5, 21, 6, 13, 18, 19, 22, 25, 0, 12][0, 25][1, 23][8, 19][0, 25][0, 25][6, 21][6, 21][11, 17][6, 21] 
[9, 23, 24, 4, 3, 14, 11, 17, 28, 25, 0, 26][20, 24, 23, 14, 7, 10, 16, 15, 2, 27, 29][5, 21, 6, 13, 18, 19, 22, 25, 0, 12][0, 25][1, 23][8, 19][0, 25][0, 25][6, 21][6, 21][11, 17][6, 21] 
[5, 21, 6, 13, 18, 19, 22, 25, 0, 12][9, 23, 24, 4, 3, 14, 11][1, 4, 20, 24, 23, 14, 7][7, 10, 16, 15, 2, 27, 29][8, 26, 0, 25, 28, 17, 11][0, 25][0, 25][18, 19][6, 21][0, 25][6, 21][0, 25] 
[9, 23, 24, 4, 3, 14, 11, 17, 28, 25, 0, 26][20, 24, 23, 14, 7, 10, 16, 15, 2, 27, 29][5, 21, 6, 13, 18, 19, 22, 25, 0, 12][0, 25][1, 23][8, 19][0, 25][0, 25][6, 21][6, 21][11, 17][6, 21] 
[9, 23, 24, 4, 3, 14, 11, 17, 28, 25, 0, 26][20, 24, 23, 14, 7, 10, 16, 15, 2, 27, 29][5, 21, 6, 13, 18, 19, 22, 25, 0, 12][0, 25][1, 23][8, 19][0, 25][0, 25][6, 21][6, 21][11, 17][6, 21] 
[9, 23, 24, 4, 3, 14, 11, 17, 28, 25, 0, 26][1, 23, 20, 24, 14, 11, 17, 22, 19, 8][5, 21, 6, 13, 18, 19, 22, 25, 0, 12][14, 7, 10, 16, 15, 2, 27, 29][18, 19][11, 17][18, 19][0, 25][6, 21][6, 21][6, 21][0, 25] 
[9, 23, 24, 4, 3, 14, 11, 17, 28, 25, 0, 26][1, 23, 20, 24, 14, 11, 17, 22, 19, 8][5, 21, 6, 13, 18, 19, 22, 25, 0, 12][14, 7, 10, 16, 15, 2, 27, 29][18, 19][11, 17][18, 19][0, 25][6, 21][6, 21][6, 21][0, 25] 
[9, 23, 24, 4, 3, 14, 11, 17, 28, 25, 0, 26][5, 21, 6, 13, 18, 19, 22, 25, 0, 12][10, 16, 15, 2, 27, 29][1, 4, 14, 20, 7, 16][0, 25][8, 19][0, 25][0, 25][6, 21][6, 21][11, 17][6, 21] 
[9, 23, 24, 4, 3, 14, 11, 17, 28, 25, 0, 26][1, 23, 20, 24, 14, 11, 17, 22, 19, 8][5, 21, 6, 13, 18, 19, 22, 25, 0, 12][14, 7, 10, 16, 15, 2, 27, 29][18, 19][11, 17][18, 19][0, 25][6, 21][6, 21][6, 21][0, 25] 
[9, 23, 24, 4, 3, 14, 11, 17, 28, 25, 0, 26][1, 23, 20, 24, 14, 11, 17, 22, 19, 8][5, 21, 6, 13, 18, 19, 22, 25, 0, 12][14, 7, 10, 16, 15, 2, 27, 29][18, 19][11, 17][18, 19][0, 25][6, 21][6, 21][6, 21][0, 25] 
[1, 4, 20, 24, 23, 14, 7, 10, 16, 15, 2, 27, 29][9, 23, 24, 4, 3, 14, 11, 17, 28, 25, 0, 26][5, 21, 6, 13, 18, 19, 22, 25, 0, 12][13, 18, 19][1, 4, 20][8, 19][0, 25][18, 19][0, 25][0, 25][1, 4][18, 19] 
[6, 21, 5, 15, 2, 27, 16][12, 0, 18, 13][17, 19, 8, 26][22, 17, 28, 25][1, 9, 3, 11][10, 7, 14, 23][9, 23, 20][4, 24, 20][18, 19][11, 25][10, 29][2, 29] 
[6, 21, 5, 15, 2, 27, 16][1, 9, 3, 11][22, 17, 28, 25][17, 19, 8, 26][10, 7, 14, 23][12, 0, 18, 13][9, 23, 20][4, 24, 20][11, 25][18, 19][10, 29][2, 29] 
[6, 21, 5, 15, 2, 27, 16][12, 0, 18, 13][17, 19, 8, 26][22, 17, 28, 25][1, 9, 3, 11][10, 7, 14, 23][9, 23, 20][4, 24, 20][18, 19][11, 25][10, 29][2, 29] 
[6, 21, 5, 15, 2, 27, 16][12, 0, 18, 13][17, 19, 8, 26][22, 17, 28, 25][1, 9, 3, 11][10, 7, 14, 23][9, 23, 20][4, 24, 20][21, 2, 29][18, 19][11, 25][10, 29] 
[6, 21, 5, 15, 2, 27, 16][12, 0, 18, 13][17, 19, 8, 26][22, 17, 28, 25][1, 9, 3, 11][10, 7, 14, 23][9, 23, 20][4, 24, 20][18, 19][11, 25][10, 29][2, 29] 
[6, 21, 5, 15, 2, 27, 16][1, 9, 3, 11][22, 17, 28, 25][17, 19, 8, 26][10, 7, 14, 23][12, 0, 18, 13][9, 23, 20][4, 24, 20][11, 25][18, 19][10, 29][2, 29] 
[6, 21, 5, 15, 2, 27, 16][10, 7, 14, 23][1, 9, 3, 11][22, 17, 28, 25][17, 19, 8, 26][12, 0, 18, 13][9, 23, 20][4, 24, 20][11, 25][18, 19][10, 29][2, 29] 
[6, 21, 5, 15, 2, 27, 16][12, 0, 18, 13][17, 19, 8, 26][22, 17, 28, 25][1, 9, 3, 11][10, 7, 14, 23][9, 23, 20][4, 24, 20][18, 19][11, 25][10, 29][2, 29] 
[6, 21, 5, 15, 2, 27, 16][12, 0, 18, 13][17, 19, 8, 26][22, 17, 28, 25][1, 9, 3, 11][10, 7, 14, 23][9, 23, 20][4, 24, 20][18, 19][11, 25][10, 29][2, 29] 
[6, 21, 5, 15, 2, 27, 16][12, 0, 18, 13][17, 19, 8, 26][22, 17, 28, 25][1, 9, 3, 11][10, 7, 14, 23][9, 23, 20][4, 24, 20][18, 19][11, 25][10, 29][2, 29] 
[6, 21, 5, 15, 2, 27, 16][10, 7, 14, 23][1, 9, 3, 11][22, 17, 28, 25][17, 19, 8, 26][12, 0, 18, 13][9, 23, 20][4, 24, 20][2, 29][10, 29][11, 25][18, 19] 
[6, 21, 5, 15, 2, 27, 16][12, 0, 18, 13][17, 19, 8, 26][22, 17, 28, 25][1, 9, 3, 11][10, 7, 14, 23][9, 23, 20][4, 24, 20][18, 19][11, 25][10, 29][2, 29] 
[6, 21, 5, 15, 2, 27, 16][12, 0, 18, 13][17, 19, 8, 26][22, 17, 28, 25][1, 9, 3, 11][10, 7, 14, 23][9, 23, 20][4, 24, 20][18, 19][11, 25][10, 29][2, 29] 
[6, 21, 5, 15, 2, 27, 16][12, 0, 18, 13][17, 19, 8, 26][22, 17, 28, 25][1, 9, 3, 11][10, 7, 14, 23][9, 23, 20][4, 24, 20][18, 19][11, 25][10, 29][2, 29] 
[6, 21, 5, 15, 2, 27, 16][12, 0, 18, 13][17, 19, 8, 26][22, 17, 28, 25][1, 9, 3, 11][10, 7, 14, 23][9, 23, 20][4, 24, 20][18, 19][11, 25][10, 29][2, 29] 
[6, 21, 5, 15, 2, 27, 16][12, 0, 18, 13][17, 19, 8, 26][22, 17, 28, 25][1, 9, 3, 11][10, 7, 14, 23][4, 24, 20][9, 23, 20][0, 26][11, 25][10, 29][2, 29] 
[6, 21, 5, 15, 2, 27, 16][12, 0, 18, 13][17, 19, 8, 26][22, 17, 28, 25][1, 9, 3, 11][10, 7, 14, 23][4, 24, 20][9, 23, 20][0, 26][11, 25][10, 29][2, 29] 
[6, 21, 5, 15, 2, 27, 16][12, 0, 18, 13][17, 19, 8, 26][22, 17, 28, 25][1, 9, 3, 11][10, 7, 14, 23][4, 24, 20][9, 23, 20][0, 26][11, 25][10, 29][2, 29] 
[6, 21, 5, 15, 2, 27, 16][1, 9, 3, 11][10, 7, 14, 23][22, 17, 28, 25][17, 19, 8, 26][12, 0, 18, 13][9, 23, 20][4, 24, 20][11, 25][10, 29][0, 26][2, 29] 
[6, 21, 5, 15, 2, 27, 16][10, 7, 14, 23][1, 9, 3, 11][22, 17, 28, 25][17, 19, 8, 26][12, 0, 18, 13][4, 24, 20][9, 23, 20][10, 29][2, 29][11, 25][0, 26] 
[6, 21, 5, 15, 2, 27, 16][4, 1, 9, 3, 11][10, 7, 14, 23][22, 17, 28, 25][17, 19, 8, 26][12, 0, 18, 13][4, 24, 20][10, 29][2, 29][11, 25][18, 19][20, 23] 
[6, 21, 5, 15, 2, 27, 16][12, 0, 18, 13][17, 19, 8, 26][22, 17, 28, 25][1, 9, 3, 11][10, 7, 14, 23][9, 23, 20][4, 24, 20][21, 2, 29][18, 19][11, 25][10, 29] 
[6, 21, 5, 15, 2, 27, 16][10, 7, 14, 23][1, 9, 3, 11][22, 17, 28, 25][17, 19, 8, 26][12, 0, 18, 13][9, 23, 20][4, 24, 20][10, 29][11, 25][2, 29][18, 19] 
[6, 21, 5, 15, 2, 27, 16][10, 7, 14, 23][1, 9, 3, 11][22, 17, 28, 25][17, 19, 8, 26][12, 0, 18, 13][9, 23, 20][4, 24, 20][10, 29][11, 25][2, 29][18, 19] 
[6, 21, 5, 15, 2, 27, 16][12, 0, 18, 13][17, 19, 8, 26][22, 17, 28, 25][1, 9, 3, 11][10, 7, 14, 23][9, 23, 20][4, 24, 20][18, 19][11, 25][10, 29][2, 29] 
[6, 21, 5, 15, 2, 27, 16][12, 0, 18, 13][17, 19, 8, 26][22, 17, 28, 25][1, 9, 3, 11][10, 7, 14, 23][9, 23, 20][4, 24, 20][18, 19][11, 25][10, 29][2, 29] 
[6, 21, 5, 15, 2, 27, 16][10, 7, 14, 23][1, 9, 3, 11][22, 17, 28, 25][17, 19, 8, 26][12, 0, 18, 13][9, 23, 20][4, 24, 20][11, 25][18, 19][10, 29][2, 29] 
[6, 21, 5, 15, 2, 27, 16][22, 17, 28, 25][17, 19, 8, 26][1, 9, 3, 11][10, 7, 14, 23][12, 0, 18, 13][9, 23, 20][4, 24, 20][11, 25][18, 19][10, 29][2, 29] 
[6, 21, 5, 15, 2, 27, 16][12, 0, 18, 13][17, 19, 8, 26][22, 17, 28, 25][1, 9, 3, 11][10, 7, 14, 23][4, 24, 20][9, 23, 20][0, 26][11, 25][10, 29][2, 29] 
[6, 21, 5, 15, 2, 27, 16][10, 7, 14, 23][1, 9, 3, 11][22, 17, 28, 25][17, 19, 8, 26][12, 0, 18, 13][9, 23, 20][4, 24, 20][2, 29][10, 29][11, 25][0, 26] 
[6, 21, 5, 15, 2, 27, 16][17, 19, 8, 26][22, 17, 28, 25][1, 9, 3, 11][10, 7, 14, 23][12, 0, 18, 13][9, 23, 20][4, 24, 20][11, 25][0, 26][10, 29][2, 29] 
[6, 21, 5, 15, 2, 27, 16][10, 7, 14, 23][1, 9, 3, 11][22, 17, 28, 25][17, 19, 8, 26][12, 0, 18, 13][9, 23, 20][4, 24, 20][10, 29][11, 25][0, 26][2, 29] 
[6, 21, 5, 15, 2, 27, 16][22, 17, 28, 25][1, 9, 3, 11][17, 19, 8, 26][10, 7, 14, 23][12, 0, 18, 13][9, 23, 20][4, 24, 20][11, 25][10, 29][0, 26][2, 29] 
[6, 21, 5, 15, 2, 27, 16][10, 7, 14, 23][1, 9, 3, 11][22, 17, 28, 25][17, 19, 8, 26][12, 0, 18, 13][9, 23, 20][4, 24, 20][10, 29][11, 25][0, 26][2, 29] 
[6, 21, 5, 15, 2, 27, 16][12, 0, 18, 13][17, 19, 8, 26][22, 17, 28, 25][1, 9, 3, 11][10, 7, 14, 23][4, 24, 20][9, 23, 20][0, 26][11, 25][10, 29][2, 29] 
[6, 21, 5, 15, 2, 27, 16][22, 17, 28, 25][1, 9, 3, 11][17, 19, 8, 26][10, 7, 14, 23][12, 0, 18, 13][9, 23, 20][4, 24, 20][11, 25][10, 29][0, 26][2, 29] 
[6, 21, 5, 15, 2, 27, 16][22, 17, 28, 25][1, 9, 3, 11][17, 19, 8, 26][10, 7, 14, 23][12, 0, 18, 13][9, 23, 20][4, 24, 20][11, 25][10, 29][0, 26][2, 29] 
[6, 21, 5, 15, 2, 27, 16][10, 7, 14, 23][1, 9, 3, 11][22, 17, 28, 25][17, 19, 8, 26][12, 0, 18, 13][9, 23, 20][4, 24, 20][2, 29][10, 29][11, 25][0, 26] 
[6, 21, 5, 15, 2, 27, 16][12, 0, 18, 13][17, 19, 8, 26][22, 17, 28, 25][1, 9, 3, 11][10, 7, 14, 23][4, 24, 20][9, 23, 20][0, 26][11, 25][10, 29][2, 29] 
[6, 21, 5, 15, 2, 27, 16][12, 0, 18, 13][17, 19, 8, 26][22, 17, 28, 25][1, 9, 3, 11][10, 7, 14, 23][4, 24, 20][9, 23, 20][0, 26][11, 25][10, 29][2, 29] 
[6, 21, 5, 15, 2, 27, 16][12, 0, 18, 13][17, 19, 8, 26][22, 17, 28, 25][1, 9, 3, 11][10, 7, 14, 23][4, 24, 20][9, 23, 20][0, 26][11, 25][10, 29][2, 29] 
[6, 21, 5, 15, 2, 27, 16][10, 7, 14, 23][1, 9, 3, 11][22, 17, 28, 25][17, 19, 8, 26][12, 0, 18, 13][9, 23, 20][4, 24, 20][2, 29][10, 29][11, 25][0, 26] 
[6, 21, 5, 15, 2, 27, 16][12, 0, 18, 13][17, 19, 8, 26][22, 17, 28, 25][1, 9, 3, 11][10, 7, 14, 23][9, 23, 20][4, 24, 20][0, 26][11, 25][10, 29][2, 29] 
[6, 21, 5, 15, 2, 27, 16][4, 1, 9, 3, 11][22, 17, 28, 25][17, 19, 8, 26][12, 0, 18, 13][10, 7, 14, 23][4, 24, 20][11, 25][0, 26][20, 23][10, 29][2, 29] 
[6, 21, 5, 15, 2, 27, 16][4, 1, 9, 3, 11][22, 17, 28, 25][17, 19, 8, 26][12, 0, 18, 13][10, 7, 14, 23][4, 24, 20][11, 25][0, 26][20, 23][10, 29][2, 29] 
[6, 21, 5, 15, 2, 27, 16][4, 1, 9, 3, 11][22, 17, 28, 25][17, 19, 8, 26][12, 0, 18, 13][10, 7, 14, 23][4, 24, 20][11, 25][0, 26][20, 23][10, 29][2, 29] 
[6, 21, 5, 15, 2, 27, 16][4, 1, 9, 3, 11][10, 7, 14, 23][22, 17, 28, 25][17, 19, 8, 26][12, 0, 18, 13][4, 24, 20][2, 29][10, 29][20, 23][11, 25][0, 26] 
[6, 21, 5, 15, 2, 27, 16][4, 1, 9, 3, 11][10, 7, 14, 23][22, 17, 28, 25][17, 19, 8, 26][12, 0, 18, 13][4, 24, 20][2, 29][10, 29][20, 23][11, 25][0, 26] 
[6, 21, 5, 15, 2, 27, 16][11, 3, 9, 1, 4, 24][17, 19, 8, 26][22, 17, 28, 25][12, 0, 18, 13][10, 7, 14, 23][9, 23, 20][0, 26][11, 25][1, 9][10, 29][2, 29] 
[6, 21, 5, 15, 2, 27, 16][12, 0, 18, 13][17, 19, 8, 26][22, 17, 28, 25][1, 9, 3, 11][10, 7, 14, 23][9, 23, 20][4, 24, 20][18, 19][11, 25][10, 29][2, 29] 
[6, 21, 5, 15, 2, 27, 16][10, 7, 14, 23][1, 9, 3, 11][22, 17, 28, 25][17, 19, 8, 26][12, 0, 18, 13][9, 23, 20][4, 24, 20][10, 29][2, 29][11, 25][18, 19] 
[6, 21, 5, 15, 2, 27, 16][12, 0, 18, 13][17, 19, 8, 26][22, 17, 28, 25][1, 9, 3, 11][10, 7, 14, 23][9, 23, 20][4, 24, 20][18, 19][11, 25][10, 29][2, 29] 
[6, 21, 5, 15, 2, 27, 16][10, 7, 14, 23][1, 9, 3, 11][22, 17, 28, 25][17, 19, 8, 26][12, 0, 18, 13][9, 23, 20][4, 24, 20][10, 29][11, 25][2, 29][18, 19] 
[6, 21, 5, 15, 2, 27, 16][12, 0, 18, 13][17, 19, 8, 26][22, 17, 28, 25][1, 9, 3, 11][10, 7, 14, 23][9, 23, 20][4, 24, 20][18, 19][11, 25][10, 29][2, 29] 
[6, 21, 5, 15, 2, 27, 16][12, 0, 18, 13][17, 19, 8, 26][22, 17, 28, 25][1, 9, 3, 11][10, 7, 14, 23][4, 24, 20][9, 23, 20][0, 26][11, 25][10, 29][2, 29] 
[6, 21, 5, 15, 2, 27, 16][12, 0, 18, 13][17, 19, 8, 26][22, 17, 28, 25][1, 9, 3, 11][10, 7, 14, 23][9, 23, 20][4, 24, 20][18, 19][11, 25][10, 29][2, 29] 
