[0, 18, 12, 19, 8, 26][7, 20, 23, 14, 9][16, 28, 25, 11, 17][6, 15, 10, 29, 27][3, 1, 4, 24][13, 0, 22][2, 21, 5][1, 9][3, 11][22, 25][6, 13][5, 15] 
[0, 18, 12, 19, 8, 26][6, 15, 10, 29, 27][16, 28, 25, 11, 17][7, 20, 23, 14, 9][3, 1, 4, 24][2, 21, 5][13, 0, 22][5, 15][6, 13][22, 25][3, 11][1, 9] 
[0, 18, 12, 19, 8, 26][6, 15, 10, 29, 27][16, 28, 25, 11, 17][7, 20, 23, 14, 9][3, 1, 4, 24][2, 21, 5][13, 0, 22][5, 15][6, 13][22, 25][3, 11][1, 9] 
[0, 18, 12, 19, 8, 26][7, 20, 23, 14, 9][16, 28, 25, 11, 17][6, 15, 10, 29, 27][3, 1, 4, 24][13, 0, 22][2, 21, 5][1, 9][3, 11][22, 25][6, 13][5, 15] 
[0, 18, 12, 19, 8, 26][7, 20, 23, 14, 9][16, 28, 25, 11, 17][6, 15, 10, 29, 27][3, 1, 4, 24][13, 0, 22][2, 21, 5][1, 9][3, 11][22, 25][6, 13][5, 15] 
[0, 18, 12, 19, 8, 26][16, 28, 25, 11, 17][6, 15, 10, 29, 27][7, 20, 23, 14, 9][3, 1, 4, 24][13, 0, 22][2, 21, 5][22, 25][6, 13][3, 11][5, 15][1, 9] 
[0, 18, 12, 19, 8, 26][16, 28, 25, 11, 17][6, 15, 10, 29, 27][7, 20, 23, 14, 9][3, 1, 4, 24][13, 0, 22][2, 21, 5][22, 25][6, 13][3, 11][5, 15][1, 9] 
[0, 18, 12, 19, 8, 26][16, 28, 25, 11, 17][6, 15, 10, 29, 27][7, 20, 23, 14, 9][3, 1, 4, 24][13, 0, 22][2, 21, 5][3, 11][22, 25][6, 13][1, 9][5, 15] 
[0, 18, 12, 19, 8, 26][6, 15, 10, 29, 27][16, 28, 25, 11, 17][7, 20, 23, 14, 9][3, 1, 4, 24][13, 0, 22][2, 21, 5][6, 13][5, 15][22, 25][3, 11][1, 9] 
[0, 18, 12, 19, 8, 26][6, 15, 10, 29, 27][16, 28, 25, 11, 17][7, 20, 23, 14, 9][3, 1, 4, 24][13, 0, 22][2, 21, 5][6, 13][5, 15][22, 25][3, 11][1, 9] 
[0, 18, 12, 19, 8, 26][16, 28, 25, 11, 17][7, 20, 23, 14, 9][6, 15, 10, 29, 27][3, 1, 4, 24][22, 25, 28][13, 0, 22][2, 21, 5][3, 11][1, 9][6, 13][5, 15] 
[0, 18, 12, 19, 8, 26][16, 28, 25, 11, 17][7, 20, 23, 14, 9][6, 15, 10, 29, 27][3, 1, 4, 24][13, 0, 22][2, 21, 5][3, 11][1, 9][22, 25][6, 13][5, 15] 
[0, 18, 12, 19, 8, 26][16, 28, 25, 11, 17][6, 15, 10, 29, 27][7, 20, 23, 14, 9][3, 1, 4, 24][13, 0, 22][2, 21, 5][22, 25][6, 13][3, 11][5, 15][1, 9] 
[0, 18, 12, 19, 8, 26][16, 28, 25, 11, 17][6, 15, 10, 29, 27][7, 20, 23, 14, 9][3, 1, 4, 24][13, 0, 22][2, 21, 5][3, 11][22, 25][6, 13][1, 9][5, 15] 
[0, 18, 12, 19, 8, 26][16, 28, 25, 11, 17][7, 20, 23, 14, 9][6, 15, 10, 29, 27][3, 1, 4, 24][13, 0, 22][2, 21, 5][3, 11][22, 25][1, 9][6, 13][5, 15] 
[0, 18, 12, 19, 8, 26][16, 28, 25, 11, 17][7, 20, 23, 14, 9][6, 15, 10, 29, 27][3, 1, 4, 24][13, 0, 22][2, 21, 5][3, 11][22, 25][1, 9][6, 13][5, 15] 
[0, 18, 12, 19, 8, 26][16, 28, 25, 11, 17][7, 20, 23, 14, 9][6, 15, 10, 29, 27][3, 1, 4, 24][22, 25, 28][13, 0, 22][2, 21, 5][3, 11][1, 9][6, 13][5, 15] 
[0, 18, 12, 19, 8, 26][16, 28, 25, 11, 17][7, 20, 23, 14, 9][6, 15, 10, 29, 27][3, 1, 4, 24][13, 0, 22][2, 21, 5][3, 11][22, 25][1, 9][6, 13][5, 15] 
[0, 18, 12, 19, 8, 26][16, 28, 25, 11, 17][7, 20, 23, 14, 9][6, 15, 10, 29, 27][3, 1, 4, 24][13, 0, 22][2, 21, 5][3, 11][22, 25][1, 9][6, 13][5, 15] 
[0, 18, 12, 19, 8, 26][16, 28, 25, 11, 17][7, 20, 23, 14, 9][6, 15, 10, 29, 27][3, 1, 4, 24][13, 0, 22][2, 21, 5][22, 25][3, 11][1, 9][6, 13][5, 15] 
[0, 18, 12, 19, 8, 26][7, 20, 23, 14, 9][16, 28, 25, 11, 17][6, 15, 10, 29, 27][3, 1, 4, 24][13, 0, 22][2, 21, 5][1, 9][3, 11][22, 25][6, 13][5, 15] 
[0, 18, 12, 19, 8, 26][7, 20, 23, 14, 9][16, 28, 25, 11, 17][6, 15, 10, 29, 27][3, 1, 4, 24][22, 25, 28][13, 0, 22][2, 21, 5][1, 9][3, 11][6, 13][5, 15] 
[0, 18, 12, 19, 8, 26][7, 20, 23, 14, 9][16, 28, 25, 11, 17][6, 15, 10, 29, 27][3, 1, 4, 24][13, 0, 22][2, 21, 5][1, 9][3, 11][22, 25][6, 13][5, 15] 
[0, 18, 12, 19, 8, 26][16, 28, 25, 11, 17][6, 15, 10, 29, 27][7, 20, 23, 14, 9][3, 1, 4, 24][13, 0, 22][2, 21, 5][3, 11][22, 25][6, 13][1, 9][5, 15] 
[0, 18, 12, 19, 8, 26][16, 28, 25, 11, 17][6, 15, 10, 29, 27][7, 20, 23, 14, 9][3, 1, 4, 24][13, 0, 22][2, 21, 5][22, 25][6, 13][3, 11][5, 15][1, 9] 
[0, 18, 12, 19, 8, 26][16, 28, 25, 11, 17][6, 15, 10, 29, 27][7, 20, 23, 14, 9][3, 1, 4, 24][13, 0, 22][2, 21, 5][22, 25][6, 13][3, 11][5, 15][1, 9] 
[0, 18, 12, 19, 8, 26][16, 28, 25, 11, 17][6, 15, 10, 29, 27][7, 20, 23, 14, 9][3, 1, 4, 24][13, 0, 22][2, 21, 5][3, 11][22, 25][6, 13][1, 9][5, 15] 
[0, 18, 12, 19, 8, 26][16, 28, 25, 11, 17][6, 15, 10, 29, 27][7, 20, 23, 14, 9][3, 1, 4, 24][13, 0, 22][2, 21, 5][3, 11][22, 25][6, 13][1, 9][5, 15] 
[0, 18, 12, 19, 8, 26][6, 15, 10, 29, 27][16, 28, 25, 11, 17][7, 20, 23, 14, 9][3, 1, 4, 24][2, 21, 5][13, 0, 22][5, 15][6, 13][22, 25][3, 11][1, 9] 
[0, 18, 12, 19, 8, 26][6, 15, 10, 29, 27][16, 28, 25, 11, 17][7, 20, 23, 14, 9][3, 1, 4, 24][2, 21, 5][13, 0, 22][5, 15][6, 13][22, 25][3, 11][1, 9] 
[0, 18, 12, 19, 8, 26][6, 15, 10, 29, 27][16, 28, 25, 11, 17][7, 20, 23, 14, 9][3, 1, 4, 24][2, 21, 5][13, 0, 22][5, 15][6, 13][22, 25][3, 11][1, 9] 
[0, 18, 12, 19, 8, 26][6, 15, 10, 29, 27][16, 28, 25, 11, 17][7, 20, 23, 14, 9][3, 1, 4, 24][2, 21, 5][13, 0, 22][5, 15][6, 13][22, 25][3, 11][1, 9] 
[0, 18, 12, 19, 8, 26][16, 28, 25, 11, 17][6, 15, 10, 29, 27][7, 20, 23, 14, 9][3, 1, 4, 24][13, 0, 22][2, 21, 5][3, 11][22, 25][6, 13][1, 9][5, 15] 
[0, 18, 12, 19, 8, 26][6, 15, 10, 29, 27][16, 28, 25, 11, 17][7, 20, 23, 14, 9][3, 1, 4, 24][13, 0, 22][2, 21, 5][6, 13][22, 25][5, 15][3, 11][1, 9] 
[0, 18, 12, 19, 8, 26][6, 15, 10, 29, 27][16, 28, 25, 11, 17][7, 20, 23, 14, 9][3, 1, 4, 24][13, 0, 22][2, 21, 5][6, 13][22, 25][5, 15][3, 11][1, 9] 
[19, 17, 11, 3, 24, 4, 14, 1, 9, 23][11, 25, 22, 0, 26, 8, 12, 18, 13][0, 28, 16, 6, 5, 15, 27][20, 7, 2, 10, 29, 27][16, 28][6, 21][12, 18][16, 28][16, 28][12, 18][3, 11][3, 11] 
[19, 17, 11, 3, 24, 4, 14, 1, 9, 23][11, 25, 22, 0, 26, 8, 12, 18, 13][0, 28, 16, 6, 5, 15, 27][20, 7, 2, 10, 29, 27][16, 28][6, 21][12, 18][16, 28][16, 28][12, 18][3, 11][3, 11] 
[19, 17, 11, 3, 24, 4, 14, 1, 9, 23][11, 25, 22, 0, 26, 8, 12, 18, 13][0, 28, 16, 6, 5, 15, 27][20, 7, 2, 10, 29, 27][16, 28][6, 21][12, 18][16, 28][16, 28][12, 18][3, 11][3, 11] 
[19, 17, 11, 3, 24, 4, 14, 1, 9, 23][11, 25, 22, 0, 26, 8, 12, 18, 13][20, 7, 2, 10, 29, 27][16, 27, 15, 5, 6, 21][0, 28, 16][12, 18][3, 11][12, 18][12, 18][11, 17][3, 11][3, 11] 
[19, 17, 11, 3, 24, 4, 14, 1, 9, 23][11, 25, 22, 0, 26, 8, 12, 18, 13][20, 7, 2, 10, 29, 27][16, 27, 15, 5, 6, 21][0, 28, 16][12, 18][3, 11][12, 18][12, 18][11, 17][3, 11][3, 11] 
[19, 17, 11, 3, 24, 4, 14, 1, 9, 23][6, 13, 18, 12, 8, 26, 0, 22, 25, 28][5, 15, 16, 27, 29, 10, 2, 7, 20][3, 11][17, 22][12, 18][16, 28][10, 21][12, 18][3, 11][12, 18][11, 17] 
[19, 17, 11, 3, 24, 4, 14, 1, 9, 23][11, 25, 22, 0, 26, 8, 12, 18, 13][0, 28, 16, 6, 5, 15, 27][20, 7, 2, 10, 29, 27][16, 28][6, 21][12, 18][16, 28][16, 28][12, 18][3, 11][3, 11] 
[19, 17, 11, 3, 24, 4, 14, 1, 9, 23][11, 25, 22, 0, 26, 8, 12, 18, 13][0, 28, 16, 6, 5, 15, 27][20, 7, 2, 10, 29, 27][16, 28][6, 21][12, 18][16, 28][16, 28][12, 18][3, 11][3, 11] 
[19, 17, 11, 3, 24, 4, 14, 1, 9, 23][11, 25, 22, 0, 26, 8, 12, 18, 13][20, 7, 2, 10, 29, 27][16, 27, 15, 5, 6, 21][0, 28, 16][12, 18][3, 11][12, 18][12, 18][11, 17][3, 11][3, 11] 
[19, 17, 11, 3, 24, 4, 14, 1, 9, 23][11, 25, 22, 0, 26, 8, 12, 18, 13][0, 28, 16, 6, 5, 15, 27][20, 7, 2, 10, 29, 27][16, 28][6, 21][12, 18][16, 28][16, 28][12, 18][3, 11][3, 11] 
[19, 17, 11, 3, 24, 4, 14, 1, 9, 23][11, 25, 22, 0, 26, 8, 12, 18, 13][0, 28, 16, 6, 5, 15, 27][20, 7, 2, 10, 29, 27][16, 28][6, 21][12, 18][16, 28][16, 28][12, 18][3, 11][3, 11] 
[19, 17, 11, 3, 24, 4, 14, 1, 9, 23][11, 25, 22, 0, 26, 8, 12, 18, 13][0, 28, 16, 6, 5, 15, 27][20, 7, 2, 10, 29, 27][16, 28][6, 21][12, 18][16, 28][16, 28][12, 18][3, 11][3, 11] 
[19, 17, 11, 3, 24, 4, 14, 1, 9, 23][5, 15, 16, 27, 29, 10, 2, 7, 20][6, 13, 18, 12, 8, 26, 0, 22, 25][6, 21, 10, 27, 7, 28, 16][6, 13][11, 17][12, 18][16, 28][12, 18][12, 18][11, 17][17, 22] 
[19, 17, 11, 3, 24, 4, 14, 1, 9, 23][11, 25, 22, 0, 26, 8, 12, 18, 13][0, 28, 16, 6, 5, 15, 27][20, 7, 2, 10, 29, 27][16, 28][6, 21][12, 18][16, 28][16, 28][12, 18][3, 11][3, 11] 
[19, 17, 11, 3, 24, 4, 14, 1, 9, 23][11, 25, 22, 0, 26, 8, 12, 18, 13][0, 28, 16, 6, 5, 15, 27][20, 7, 2, 10, 29, 27][16, 28][6, 21][12, 18][16, 28][16, 28][12, 18][3, 11][3, 11] 
[6, 13, 18, 12, 8, 26, 0, 22, 25, 11][6, 5, 15, 16, 27, 29, 10, 2, 7, 20][19, 17, 11, 3, 24, 4, 14, 1, 9, 23][12, 18][16, 28][6, 21][3, 11][12, 18][12, 18][11, 17][3, 11][3, 11] 
[6, 13, 18, 12, 8, 26, 0, 22, 25, 11][6, 5, 15, 16, 27, 29, 10, 2, 7, 20][19, 17, 11, 3, 24, 4, 14, 1, 9, 23][12, 18][16, 28][6, 21][3, 11][12, 18][12, 18][11, 17][3, 11][3, 11] 
[19, 17, 11, 3, 24, 4, 14, 1, 9, 23][11, 25, 22, 0, 26, 8, 12, 18, 13][15, 16, 27, 29, 10, 2, 7, 20][0, 28, 16, 6, 5][12, 18][6, 21][16, 28][16, 28][12, 18][12, 18][12, 18][12, 18] 
[6, 13, 18, 12, 8, 26, 0, 22, 25, 11][6, 5, 15, 16, 27, 29, 10, 2, 7, 20][19, 17, 11, 3, 24, 4, 14, 1, 9, 23][12, 18][16, 28][6, 21][3, 11][12, 18][12, 18][11, 17][3, 11][3, 11] 
[19, 17, 11, 3, 24, 4, 14, 1, 9, 23][5, 6, 16, 28, 0, 26, 8, 12, 18][11, 25, 22, 0, 26, 8, 12, 18, 13][15, 16, 27, 29, 10, 2, 7, 20][16, 28][6, 21][3, 11][12, 18][12, 18][11, 17][3, 11][3, 11] 
[6, 13, 18, 12, 8, 26, 0, 22, 25, 11][6, 5, 15, 16, 27, 29, 10, 2, 7, 20][19, 17, 11, 3, 24, 4, 14, 1, 9, 23][12, 18][16, 28][6, 21][3, 11][12, 18][12, 18][11, 17][3, 11][3, 11] 
[0, 18, 12, 19, 8, 26][16, 28, 25, 11, 17][6, 15, 10, 29, 27][7, 20, 23, 14, 9][3, 1, 4, 24][13, 0, 22][2, 21, 5][3, 11][22, 25][6, 13][1, 9][5, 15] 
[0, 18, 12, 19, 8, 26][7, 20, 23, 14, 9][16, 28, 25, 11, 17][6, 15, 10, 29, 27][3, 1, 4, 24][13, 0, 22][2, 21, 5][1, 9][3, 11][22, 25][6, 13][5, 15] 
[0, 18, 12, 19, 8, 26][16, 28, 25, 11, 17][7, 20, 23, 14, 9][6, 15, 10, 29, 27][3, 1, 4, 24][13, 0, 22][2, 21, 5][22, 25][3, 11][1, 9][6, 13][5, 15] 
[0, 18, 12, 19, 8, 26][16, 28, 25, 11, 17][6, 15, 10, 29, 27][7, 20, 23, 14, 9][3, 1, 4, 24][13, 0, 22][2, 21, 5][3, 11][22, 25][6, 13][1, 9][5, 15] 
[0, 18, 12, 19, 8, 26][7, 20, 23, 14, 9][16, 28, 25, 11, 17][6, 15, 10, 29, 27][3, 1, 4, 24][13, 0, 22][2, 21, 5][1, 9][3, 11][22, 25][6, 13][5, 15] 
[0, 18, 12, 19, 8, 26][7, 20, 23, 14, 9][16, 28, 25, 11, 17][6, 15, 10, 29, 27][3, 1, 4, 24][13, 0, 22][2, 21, 5][1, 9][3, 11][22, 25][6, 13][5, 15] 
[0, 18, 12, 19, 8, 26][7, 20, 23, 14, 9][16, 28, 25, 11, 17][6, 15, 10, 29, 27][3, 1, 4, 24][13, 0, 22][2, 21, 5][1, 9][3, 11][22, 25][6, 13][5, 15] 
[0, 18, 12, 19, 8, 26][7, 20, 23, 14, 9][16, 28, 25, 11, 17][6, 15, 10, 29, 27][3, 1, 4, 24][13, 0, 22][2, 21, 5][1, 9][3, 11][22, 25][6, 13][5, 15] 
[0, 18, 12, 19, 8, 26][16, 28, 25, 11, 17][6, 15, 10, 29, 27][7, 20, 23, 14, 9][3, 1, 4, 24][13, 0, 22][2, 21, 5][22, 25][6, 13][3, 11][1, 9][5, 15] 
[0, 18, 12, 19, 8, 26][16, 28, 25, 11, 17][6, 15, 10, 29, 27][7, 20, 23, 14, 9][3, 1, 4, 24][13, 0, 22][2, 21, 5][22, 25][6, 13][3, 11][1, 9][5, 15] 
[0, 18, 12, 19, 8, 26][16, 28, 25, 11, 17][6, 15, 10, 29, 27][7, 20, 23, 14, 9][3, 1, 4, 24][13, 0, 22][2, 21, 5][3, 11][22, 25][6, 13][1, 9][5, 15] 
[0, 18, 12, 19, 8, 26][16, 28, 25, 11, 17][6, 15, 10, 29, 27][7, 20, 23, 14, 9][3, 1, 4, 24][13, 0, 22][2, 21, 5][22, 25][6, 13][3, 11][5, 15][1, 9] 
[0, 18, 12, 19, 8, 26][7, 20, 23, 14, 9][16, 28, 25, 11, 17][6, 15, 10, 29, 27][3, 1, 4, 24][13, 0, 22][2, 21, 5][1, 9][3, 11][22, 25][6, 13][5, 15] 
[0, 18, 12, 19, 8, 26][6, 15, 10, 29, 27][16, 28, 25, 11, 17][7, 20, 23, 14, 9][3, 1, 4, 24][13, 0, 22][2, 21, 5][6, 13][22, 25][5, 15][3, 11][1, 9] 
[0, 18, 12, 19, 8, 26][16, 28, 25, 11, 17][6, 15, 10, 29, 27][7, 20, 23, 14, 9][3, 1, 4, 24][13, 0, 22][2, 21, 5][3, 11][22, 25][6, 13][1, 9][5, 15] 
[0, 18, 12, 19, 8, 26][16, 28, 25, 11, 17][6, 15, 10, 29, 27][7, 20, 23, 14, 9][3, 1, 4, 24][13, 0, 22][2, 21, 5][22, 25][6, 13][3, 11][5, 15][1, 9] 
[0, 18, 12, 19, 8, 26][16, 28, 25, 11, 17][6, 15, 10, 29, 27][7, 20, 23, 14, 9][3, 1, 4, 24][13, 0, 22][2, 21, 5][3, 11][22, 25][6, 13][1, 9][5, 15] 
[0, 18, 12, 19, 8, 26][16, 28, 25, 11, 17][6, 15, 10, 29, 27][7, 20, 23, 14, 9][3, 1, 4, 24][13, 0, 22][2, 21, 5][22, 25][6, 13][3, 11][5, 15][1, 9] 
[0, 18, 12, 19, 8, 26][6, 15, 10, 29, 27][16, 28, 25, 11, 17][7, 20, 23, 14, 9][3, 1, 4, 24][13, 0, 22][2, 21, 5][6, 13][22, 25][5, 15][3, 11][1, 9] 
[0, 18, 12, 19, 8, 26][7, 20, 23, 14, 9][16, 28, 25, 11, 17][6, 15, 10, 29, 27][3, 1, 4, 24][13, 0, 22][2, 21, 5][1, 9][3, 11][22, 25][6, 13][5, 15] 
[7, 20, 23, 14, 9][6, 15, 10, 29, 27][16, 28, 25, 11, 17][13, 18, 0, 19, 22][3, 1, 4, 24][12, 19, 8, 26][2, 21, 5][1, 9][2, 7][5, 15][3, 11][12, 17] 
[0, 18, 12, 19, 8, 26][16, 28, 25, 11, 17][6, 15, 10, 29, 27][7, 20, 23, 14, 9][3, 1, 4, 24][13, 0, 22][2, 21, 5][22, 25][6, 13][3, 11][5, 15][1, 9] 
[0, 18, 12, 19, 8, 26][7, 20, 23, 14, 9][16, 28, 25, 11, 17][6, 15, 10, 29, 27][3, 1, 4, 24][13, 0, 22][2, 21, 5][1, 9][3, 11][22, 25][6, 13][5, 15] 
[0, 18, 12, 19, 8, 26][7, 20, 23, 14, 9][16, 28, 25, 11, 17][6, 15, 10, 29, 27][3, 1, 4, 24][13, 0, 22][2, 21, 5][1, 9][3, 11][22, 25][6, 13][5, 15] 
[0, 18, 12, 19, 8, 26][6, 15, 10, 29, 27][16, 28, 25, 11, 17][7, 20, 23, 14, 9][3, 1, 4, 24][2, 21, 5][13, 0, 22][5, 15][6, 13][22, 25][3, 11][1, 9] 
[0, 18, 12, 19, 8, 26][16, 28, 25, 11, 17][6, 15, 10, 29, 27][7, 20, 23, 14, 9][3, 1, 4, 24][13, 0, 22][2, 21, 5][22, 25][3, 11][6, 13][1, 9][5, 15] 
[0, 18, 12, 19, 8, 26][16, 28, 25, 11, 17][6, 15, 10, 29, 27][7, 20, 23, 14, 9][3, 1, 4, 24][13, 0, 22][2, 21, 5][22, 25][6, 13][3, 11][5, 15][1, 9] 
[0, 18, 12, 19, 8, 26][6, 15, 10, 29, 27][16, 28, 25, 11, 17][7, 20, 23, 14, 9][3, 1, 4, 24][2, 21, 5][13, 0, 22][5, 15][6, 13][22, 25][3, 11][1, 9] 
[0, 18, 12, 19, 8, 26][16, 28, 25, 11, 17][6, 15, 10, 29, 27][7, 20, 23, 14, 9][3, 1, 4, 24][13, 0, 22][2, 21, 5][3, 11][22, 25][6, 13][1, 9][5, 15] 
[0, 18, 12, 19, 8, 26][6, 15, 10, 29, 27][16, 28, 25, 11, 17][7, 20, 23, 14, 9][3, 1, 4, 24][2, 21, 5][13, 0, 22][5, 15][6, 13][22, 25][3, 11][1, 9] 
[0, 18, 12, 19, 8, 26][7, 20, 23, 14, 9][16, 28, 25, 11, 17][6, 15, 10, 29, 27][3, 1, 4, 24][13, 0, 22][2, 21, 5][1, 9][3, 11][22, 25][6, 13][5, 15] 
[0, 18, 12, 19, 8, 26][6, 15, 10, 29, 27][16, 28, 25, 11, 17][7, 20, 23, 14, 9][3, 1, 4, 24][2, 21, 5][13, 0, 22][5, 15][6, 13][22, 25][3, 11][1, 9] 
[0, 18, 12, 19, 8, 26][7, 20, 23, 14, 9][16, 28, 25, 11, 17][6, 15, 10, 29, 27][3, 1, 4, 24][22, 25, 28][13, 0, 22][2, 21, 5][1, 9][3, 11][6, 13][5, 15] 
[0, 18, 12, 19, 8, 26][16, 28, 25, 11, 17][6, 15, 10, 29, 27][7, 20, 23, 14, 9][3, 1, 4, 24][13, 0, 22][2, 21, 5][3, 11][22, 25][6, 13][1, 9][5, 15] 
[0, 18, 12, 19, 8, 26][16, 28, 25, 11, 17][6, 15, 10, 29, 27][7, 20, 23, 14, 9][3, 1, 4, 24][13, 0, 22][2, 21, 5][3, 11][22, 25][6, 13][1, 9][5, 15] 
[0, 18, 12, 19, 8, 26][16, 28, 25, 11, 17][7, 20, 23, 14, 9][6, 15, 10, 29, 27][3, 1, 4, 24][13, 0, 22][2, 21, 5][22, 25][3, 11][1, 9][6, 13][5, 15] 
[0, 18, 12, 19, 8, 26][16, 28, 25, 11, 17][6, 15, 10, 29, 27][7, 20, 23, 14, 9][3, 1, 4, 24][13, 0, 22][2, 21, 5][3, 11][22, 25][6, 13][1, 9][5, 15] 
[0, 18, 12, 19, 8, 26][16, 28, 25, 11, 17][7, 20, 23, 14, 9][6, 15, 10, 29, 27][3, 1, 4, 24][13, 0, 22][2, 21, 5][3, 11][1, 9][22, 25][6, 13][5, 15] 
[0, 18, 12, 19, 8, 26][16, 28, 25, 11, 17][6, 15, 10, 29, 27][7, 20, 23, 14, 9][3, 1, 4, 24][13, 0, 22][2, 21, 5][22, 25][6, 13][3, 11][5, 15][1, 9] 
[0, 18, 12, 19, 8, 26][6, 15, 10, 29, 27][16, 28, 25, 11, 17][7, 20, 23, 14, 9][3, 1, 4, 24][2, 21, 5][13, 0, 22][5, 15][6, 13][22, 25][3, 11][1, 9] 
[0, 18, 12, 19, 8, 26][16, 28, 25, 11, 17][6, 15, 10, 29, 27][7, 20, 23, 14, 9][3, 1, 4, 24][13, 0, 22][2, 21, 5][3, 11][22, 25][6, 13][1, 9][5, 15] 
[0, 18, 12, 19, 8, 26][16, 28, 25, 11, 17][7, 20, 23, 14, 9][6, 15, 10, 29, 27][3, 1, 4, 24][13, 0, 22][2, 21, 5][3, 11][22, 25][1, 9][6, 13][5, 15] 
[0, 18, 12, 19, 8, 26][16, 28, 25, 11, 17][6, 15, 10, 29, 27][7, 20, 23, 14, 9][3, 1, 4, 24][13, 0, 22][2, 21, 5][3, 11][22, 25][6, 13][1, 9][5, 15] 
[7, 20, 23, 14, 9][6, 15, 10, 29, 27][16, 28, 25, 11, 17][13, 18, 0, 19, 22][3, 1, 4, 24][17, 12, 8, 26][2, 21, 5][2, 7][1, 9][5, 15][3, 11][6, 13] 
[7, 20, 23, 14, 9][6, 15, 10, 29, 27][16, 28, 25, 11, 17][13, 18, 0, 19, 22][3, 1, 4, 24][17, 12, 8, 26][2, 21, 5][2, 7][1, 9][5, 15][3, 11][6, 13] 
[16, 28, 25, 11, 17][7, 20, 23, 14, 9][6, 15, 10, 29, 27][13, 18, 0, 19, 22][17, 12, 8, 26][3, 1, 4, 24][2, 21, 5][3, 11][1, 9][2, 7][5, 15][6, 13] 
[16, 28, 25, 11, 17][7, 20, 23, 14, 9][6, 15, 10, 29, 27][13, 18, 0, 19, 22][17, 12, 8, 26][3, 1, 4, 24][2, 21, 5][3, 11][1, 9][2, 7][5, 15][6, 13] 
[16, 28, 25, 11, 17][7, 20, 23, 14, 9][6, 15, 10, 29, 27][13, 18, 0, 19, 22][17, 12, 8, 26][3, 1, 4, 24][2, 21, 5][3, 11][1, 9][2, 7][5, 15][6, 13] 
[7, 20, 23, 14, 9][6, 15, 10, 29, 27][16, 28, 25, 11, 17][13, 18, 0, 19, 22][3, 1, 4, 24][17, 12, 8, 26][2, 21, 5][13, 6, 15][2, 7][1, 9][5, 15][3, 11] 
[0, 18, 12, 19, 8, 26][6, 15, 10, 29, 27][16, 28, 25, 11, 17][7, 20, 23, 14, 9][3, 1, 4, 24][2, 21, 5][13, 0, 22][5, 15][6, 13][22, 25][3, 11][1, 9] 
[0, 18, 12, 19, 8, 26][7, 20, 23, 14, 9][16, 28, 25, 11, 17][6, 15, 10, 29, 27][3, 1, 4, 24][13, 0, 22][2, 21, 5][1, 9][3, 11][22, 25][6, 13][5, 15] 
[0, 18, 12, 19, 8, 26][16, 28, 25, 11, 17][6, 15, 10, 29, 27][7, 20, 23, 14, 9][3, 1, 4, 24][13, 0, 22][2, 21, 5][22, 25][6, 13][3, 11][1, 9][5, 15] 
[0, 18, 12, 19, 8, 26][16, 28, 25, 11, 17][7, 20, 23, 14, 9][6, 15, 10, 29, 27][3, 1, 4, 24][13, 0, 22][2, 21, 5][3, 11][22, 25][1, 9][6, 13][5, 15] 
[0, 18, 12, 19, 8, 26][16, 28, 25, 11, 17][6, 15, 10, 29, 27][7, 20, 23, 14, 9][3, 1, 4, 24][13, 0, 22][2, 21, 5][22, 25][6, 13][3, 11][5, 15][1, 9] 
[0, 18, 12, 19, 8, 26][16, 28, 25, 11, 17][6, 15, 10, 29, 27][7, 20, 23, 14, 9][3, 1, 4, 24][13, 0, 22][2, 21, 5][3, 11][22, 25][6, 13][1, 9][5, 15] 
[0, 18, 12, 19, 8, 26][7, 20, 23, 14, 9][16, 28, 25, 11, 17][6, 15, 10, 29, 27][3, 1, 4, 24][13, 0, 22][2, 21, 5][1, 9][3, 11][22, 25][6, 13][5, 15] 
