[1, 23, 20, 24, 4, 3, 9][12, 17, 28, 16, 27][21, 10, 15, 2, 29][7, 25, 11, 14][5, 6, 13, 18][22, 19, 8, 26][0, 25][0, 22][0, 28][6, 15][4, 14][18, 22] 
[1, 23, 20, 24, 4, 3, 9][12, 17, 28, 16, 27][21, 10, 15, 2, 29][22, 19, 8, 26][7, 25, 11, 14][0, 22, 18][5, 6, 13][12, 19][13, 18][6, 15][0, 25][4, 14] 
[1, 23, 20, 24, 4, 3, 9][12, 17, 28, 16, 27][21, 10, 15, 2, 29][22, 19, 8, 26][7, 25, 11, 14][0, 22, 18][5, 6, 13][12, 19][13, 18][0, 25][6, 15][4, 14] 
[1, 23, 20, 24, 4, 3, 9][21, 10, 15, 2, 29][22, 19, 8, 26][17, 28, 16, 27][7, 25, 11, 14][5, 6, 13][0, 22, 18][17, 12, 19][6, 15][13, 18][0, 25][4, 14] 
[1, 23, 20, 24, 4, 3, 9][21, 10, 15, 2, 29][12, 17, 28, 16, 27][22, 19, 8, 26][7, 25, 11, 14][5, 6, 13][0, 22, 18][13, 18][6, 15][12, 18][0, 25][4, 14] 
[1, 23, 20, 24, 4, 3, 9][12, 17, 28, 16, 27][21, 10, 15, 2, 29][7, 25, 11, 14][22, 19, 8, 26][0, 22, 18][5, 6, 13][0, 25][12, 18][4, 14][13, 18][6, 15] 
[1, 23, 20, 24, 4, 3, 9][21, 10, 15, 2, 29][12, 17, 28, 16, 27][22, 19, 8, 26][7, 25, 11, 14][0, 22, 18][5, 6, 13][12, 19][13, 18][0, 25][4, 14][6, 15] 
[1, 23, 20, 24, 4, 3, 9][21, 10, 15, 2, 29][12, 17, 28, 16, 27][22, 19, 8, 26][7, 25, 11, 14][0, 22, 18][5, 6, 13][13, 18][0, 25][4, 14][6, 15][12, 18] 
[1, 23, 20, 24, 4, 3, 9][21, 10, 15, 2, 29][12, 17, 28, 16, 27][22, 19, 8, 26][7, 25, 11, 14][5, 6, 13][0, 22, 18][13, 18][0, 25][6, 15][4, 14][12, 18] 
[1, 23, 20, 24, 4, 3, 9][21, 10, 15, 2, 29][12, 17, 28, 16, 27][22, 19, 8, 26][7, 25, 11, 14][5, 6, 13][0, 22, 18][13, 18][0, 25][6, 15][4, 14][12, 18] 
[1, 23, 20, 24, 4, 3, 9][12, 17, 28, 16, 27][21, 10, 15, 2, 29][7, 25, 11, 14][5, 6, 13, 18][22, 19, 8, 26][0, 25][0, 22][0, 28][6, 15][4, 14][18, 22] 
[1, 23, 20, 24, 4, 3, 9][21, 10, 15, 2, 29][12, 17, 28, 16, 27][22, 19, 8, 26][7, 25, 11, 14][5, 6, 13][0, 22, 18][6, 15][13, 18][0, 25][4, 14][12, 19] 
[1, 23, 20, 24, 4, 3, 9][12, 17, 28, 16, 27][21, 10, 15, 2, 29][7, 25, 11, 14][22, 19, 8, 26][0, 22, 18][5, 6, 13][4, 14][0, 25][13, 18][12, 19][6, 15] 
[1, 23, 20, 24, 4, 3, 9][12, 17, 28, 16, 27][21, 10, 15, 2, 29][7, 25, 11, 14][22, 19, 8, 26][0, 22, 18][5, 6, 13][0, 25][12, 18][4, 14][13, 18][6, 15] 
[1, 23, 20, 24, 4, 3, 9][21, 10, 15, 2, 29][12, 17, 28, 16, 27][22, 19, 8, 26][7, 25, 11, 14][0, 22, 18][5, 6, 13][13, 18][0, 25][4, 14][6, 15][12, 18] 
[1, 23, 20, 24, 4, 3, 9][12, 17, 28, 16, 27][21, 10, 15, 2, 29][7, 25, 11, 14][22, 19, 8, 26][0, 22, 18][5, 6, 13][4, 14][0, 25][13, 18][12, 18][6, 15] 
[1, 23, 20, 24, 4, 3, 9][12, 17, 28, 16, 27][21, 10, 15, 2, 29][7, 25, 11, 14][5, 6, 13, 18][22, 19, 8, 26][0, 25][0, 22][0, 28][6, 15][4, 14][18, 22] 
[1, 23, 20, 24, 4, 3, 9][21, 10, 15, 2, 29][12, 17, 28, 16, 27][22, 19, 8, 26][7, 25, 11, 14][0, 22, 18][5, 6, 13][12, 19][13, 18][0, 25][4, 14][6, 15] 
[1, 23, 20, 24, 4, 3, 9][12, 17, 28, 16, 27][21, 10, 15, 2, 29][7, 25, 11, 14][22, 19, 8, 26][0, 22, 18][5, 6, 13][0, 25][12, 18][4, 14][13, 18][6, 15] 
[1, 23, 20, 24, 4, 3, 9][12, 17, 28, 16, 27][21, 10, 15, 2, 29][7, 25, 11, 14][5, 6, 13, 18][22, 19, 8, 26][0, 25][0, 22][0, 28][6, 15][4, 14][18, 22] 
[1, 23, 20, 24, 4, 3, 9][12, 17, 28, 16, 27][21, 10, 15, 2, 29][7, 25, 11, 14][5, 6, 13, 18][22, 19, 8, 26][0, 25][0, 22][0, 28][6, 15][4, 14][18, 22] 
[1, 23, 20, 24, 4, 3, 9][21, 10, 15, 2, 29][12, 17, 28, 16, 27][22, 19, 8, 26][7, 25, 11, 14][5, 6, 13][0, 22, 18][6, 15][13, 18][12, 19][0, 25][4, 14] 
[1, 23, 20, 24, 4, 3, 9][21, 10, 15, 2, 29][12, 17, 28, 16, 27][22, 19, 8, 26][7, 25, 11, 14][0, 22, 18][5, 6, 13][12, 19][13, 18][0, 25][4, 14][6, 15] 
[1, 23, 20, 24, 4, 3, 9][21, 10, 15, 2, 29][12, 17, 28, 16, 27][22, 19, 8, 26][7, 25, 11, 14][5, 6, 13][0, 22, 18][6, 15][13, 18][12, 18][0, 25][4, 14] 
[1, 23, 20, 24, 4, 3, 9][21, 10, 15, 2, 29][12, 17, 28, 16, 27][22, 19, 8, 26][7, 25, 11, 14][5, 6, 13][0, 22, 18][6, 15][13, 18][0, 25][4, 14][12, 18] 
[1, 23, 20, 24, 4, 3, 9][12, 17, 28, 16, 27][21, 10, 15, 2, 29][7, 25, 11, 14][22, 19, 8, 26][0, 22, 18][5, 6, 13][4, 14][0, 25][12, 18][13, 18][6, 15] 
[1, 23, 20, 24, 4, 3, 9][12, 17, 28, 16, 27][21, 10, 15, 2, 29][7, 25, 11, 14][5, 6, 13, 18][22, 19, 8, 26][0, 25][0, 22][0, 28][6, 15][4, 14][18, 22] 
[1, 23, 20, 24, 4, 3, 9][12, 17, 28, 16, 27][21, 10, 15, 2, 29][22, 19, 8, 26][7, 25, 11, 14][0, 22, 18][5, 6, 13][12, 19][0, 25][4, 14][13, 18][6, 15] 
[1, 23, 20, 24, 4, 3, 9][12, 17, 28, 16, 27][21, 10, 15, 2, 29][22, 19, 8, 26][7, 25, 11, 14][5, 6, 13][0, 22, 18][13, 18][0, 25][12, 18][4, 14][6, 15] 
[1, 23, 20, 24, 4, 3, 9][21, 10, 15, 2, 29][12, 17, 28, 16, 27][5, 6, 13, 18][22, 19, 8, 26][7, 25, 11, 14][6, 15][18, 22][0, 22][0, 28][0, 25][4, 14] 
[1, 23, 20, 24, 4, 3, 9][21, 10, 15, 2, 29][12, 17, 28, 16, 27][5, 6, 13, 18][22, 19, 8, 26][7, 25, 11, 14][6, 15][18, 22][0, 22][0, 25][0, 28][4, 14] 
[1, 23, 20, 24, 4, 3, 9][21, 10, 15, 2, 29][12, 17, 28, 16, 27][22, 19, 8, 26][7, 25, 11, 14][0, 22, 18][5, 6, 13][12, 19][13, 18][0, 25][4, 14][6, 15] 
[1, 23, 20, 24, 4, 3, 9][12, 17, 28, 16, 27][21, 10, 15, 2, 29][7, 25, 11, 14][22, 19, 8, 26][0, 22, 18][5, 6, 13][4, 14][0, 25][12, 18][13, 18][6, 15] 
[1, 23, 20, 24, 4, 3, 9][21, 10, 15, 2, 29][12, 17, 28, 16, 27][5, 6, 13, 18][22, 19, 8, 26][7, 25, 11, 14][6, 15][18, 22][0, 22][0, 28][0, 25][4, 14] 
[1, 23, 20, 24, 4, 3, 9][12, 17, 28, 16, 27][21, 10, 15, 2, 29][7, 25, 11, 14][22, 19, 8, 26][5, 6, 13, 18][0, 28][0, 25][4, 14][0, 22][18, 22][6, 15] 
[14, 9, 1, 4, 24, 23, 20, 7, 27, 29, 10, 16, 15][26, 8, 19, 0, 18, 12, 22, 17, 11, 25, 28][2, 21, 10, 16, 27, 7, 25, 11, 3][5, 6, 13, 18][7, 27][7, 27][10, 16][7, 27][10, 16][10, 16][7, 27][7, 27] 
[14, 9, 1, 4, 24, 23, 20, 7, 27, 29, 10, 16, 15][26, 8, 19, 0, 18, 12, 22, 17, 11, 25, 28][2, 21, 10, 16, 27, 7, 25, 11, 3][5, 6, 13, 18][7, 27][7, 27][10, 16][7, 27][10, 16][10, 16][7, 27][7, 27] 
[14, 9, 1, 4, 24, 23, 20, 7, 27, 29, 10, 16, 15][26, 8, 19, 0, 18, 12, 22, 17, 11, 25, 28][2, 21, 10, 16, 27, 7, 25, 11, 3][5, 6, 13, 18][7, 27][7, 27][10, 16][7, 27][10, 16][10, 16][7, 27][7, 27] 
[14, 9, 1, 4, 24, 23, 20, 7, 27, 29, 10, 16, 15, 2, 21][26, 8, 19, 0, 18, 12, 22, 17, 11, 25, 28][5, 6, 13, 18][4, 3, 11][7, 27][7, 27][7, 27][7, 27][6, 13][2, 15][10, 16][7, 27] 
[14, 9, 1, 4, 24, 23, 20, 7, 27, 29, 10, 16, 15, 2, 21][26, 8, 19, 0, 18, 12, 22, 17, 11, 25, 28][5, 6, 13, 18][4, 3, 11][7, 27][7, 27][7, 27][7, 27][6, 13][2, 15][10, 16][7, 27] 
[14, 9, 1, 4, 24, 23, 20, 7, 27, 29, 10, 16, 15, 2, 21][26, 8, 19, 0, 18, 12, 22, 17, 11, 25, 28][5, 6, 13, 18][0, 18][3, 4][2, 15][6, 13][3, 11][7, 27][7, 27][10, 16][2, 15] 
[14, 9, 1, 4, 24, 23, 20, 7, 27, 29, 10, 16, 15][26, 8, 19, 0, 18, 12, 22, 17, 11, 25, 28][2, 21, 10, 16, 27, 7, 25, 11, 3][5, 6, 13, 18][7, 27][7, 27][10, 16][7, 27][10, 16][10, 16][7, 27][7, 27] 
[14, 9, 1, 4, 24, 23, 20, 7, 27, 29, 10, 16, 15][26, 8, 19, 0, 18, 12, 22, 17, 11, 25, 28][2, 21, 10, 16, 27, 7, 25, 11, 3][5, 6, 13, 18][7, 27][7, 27][10, 16][7, 27][10, 16][10, 16][7, 27][7, 27] 
[14, 9, 1, 4, 24, 23, 20, 7, 27, 29, 10, 16, 15, 2, 21][26, 8, 19, 0, 18, 12, 22, 17, 11, 25, 28][5, 6, 13, 18][4, 3, 11][7, 27][7, 27][7, 27][7, 27][6, 13][2, 15][10, 16][7, 27] 
[14, 9, 1, 4, 24, 23, 20, 7, 27, 29, 10, 16, 15][26, 8, 19, 0, 18, 12, 22, 17, 11, 25, 28][2, 21, 10, 16, 27, 7, 25, 11, 3][5, 6, 13, 18][7, 27][7, 27][10, 16][7, 27][10, 16][10, 16][7, 27][7, 27] 
[14, 9, 1, 4, 24, 23, 20, 7, 27, 29, 10, 16, 15][26, 8, 19, 0, 18, 12, 22, 17, 11, 25, 28][2, 21, 10, 16, 27, 7, 25, 11, 3][5, 6, 13, 18][7, 27][7, 27][10, 16][7, 27][10, 16][10, 16][7, 27][7, 27] 
[14, 9, 1, 4, 24, 23, 20, 7, 27, 29, 10, 16, 15][26, 8, 19, 0, 18, 12, 22, 17, 11, 25, 28][2, 21, 10, 16, 27, 7, 25, 11, 3][5, 6, 13, 18][7, 27][7, 27][10, 16][7, 27][10, 16][10, 16][7, 27][7, 27] 
[14, 9, 1, 4, 24, 23, 20, 7, 27, 29, 10, 16, 15, 2, 21][26, 8, 19, 0, 18, 12, 22, 17, 11, 25, 28][5, 6, 13, 18][4, 3, 11][7, 27][7, 27][7, 27][7, 27][6, 13][2, 15][10, 16][7, 27] 
[14, 9, 1, 4, 24, 23, 20, 7, 27, 29, 10, 16, 15][26, 8, 19, 0, 18, 12, 22, 17, 11, 25, 28][2, 21, 10, 16, 27, 7, 25, 11, 3][5, 6, 13, 18][7, 27][7, 27][10, 16][7, 27][10, 16][10, 16][7, 27][7, 27] 
[14, 9, 1, 4, 24, 23, 20, 7, 27, 29, 10, 16, 15][26, 8, 19, 0, 18, 12, 22, 17, 11, 25, 28][2, 21, 10, 16, 27, 7, 25, 11, 3][5, 6, 13, 18][7, 27][7, 27][10, 16][7, 27][10, 16][10, 16][7, 27][7, 27] 
[14, 9, 1, 4, 24, 23, 20, 7, 27, 29, 10, 16, 15][4, 3, 11, 25, 7, 27, 16, 10, 21, 2, 29][26, 8, 19, 0, 18, 12, 22, 17, 11, 25, 28][5, 6, 13, 18][7, 27][7, 27][10, 16][7, 27][10, 16][10, 16][7, 27][7, 27] 
[14, 9, 1, 4, 24, 23, 20, 7, 27, 29, 10, 16, 15, 2, 21][4, 3, 11, 25, 7, 27, 16, 10, 21, 2, 29][26, 8, 19, 0, 18, 12, 22, 17, 11, 25, 28][5, 6, 13, 18][7, 27][7, 27][10, 16][7, 27][10, 16][10, 16][7, 27][7, 27] 
[14, 9, 1, 4, 24, 23, 20, 7, 27, 29, 10, 16, 15, 2, 21][26, 8, 19, 0, 18, 12, 22, 17, 11, 25, 28][5, 6, 13, 18][4, 3, 11][7, 27][7, 27][10, 16][7, 27][10, 16][10, 16][7, 27][7, 27] 
[14, 9, 1, 4, 24, 23, 20, 7, 27, 29, 10, 16, 15][4, 3, 11, 25, 7, 27, 16, 10, 21, 2, 29][26, 8, 19, 0, 18, 12, 22, 17, 11, 25, 28][5, 6, 13, 18][7, 27][7, 27][10, 16][7, 27][10, 16][10, 16][7, 27][7, 27] 
[14, 9, 1, 4, 24, 23, 20, 7, 27, 29, 10, 16, 15, 2, 21][4, 3, 11, 25, 7, 27, 16, 10, 21, 2, 29][26, 8, 19, 0, 18, 12, 22, 17, 11, 25, 28][5, 6, 13, 18][7, 27][7, 27][10, 16][7, 27][10, 16][10, 16][7, 27][7, 27] 
[14, 9, 1, 4, 24, 23, 20, 7, 27, 29, 10, 16, 15, 2, 21][16, 28, 25, 11, 17, 22, 12, 18, 0, 19, 8, 26][5, 6, 13, 18][10, 16][3, 4][10, 16][2, 15][7, 27][0, 18][10, 16][6, 13][10, 16] 
[1, 23, 20, 24, 4, 3, 9][12, 17, 28, 16, 27][21, 10, 15, 2, 29][7, 25, 11, 14][22, 19, 8, 26][0, 22, 18][5, 6, 13][0, 25][12, 18][4, 14][13, 18][6, 15] 
[1, 23, 20, 24, 4, 3, 9][21, 10, 15, 2, 29][12, 17, 28, 16, 27][22, 19, 8, 26][7, 25, 11, 14][5, 6, 13][0, 22, 18][13, 18][6, 15][12, 18][0, 25][4, 14] 
[1, 23, 20, 24, 4, 3, 9][21, 10, 15, 2, 29][12, 17, 28, 16, 27][22, 19, 8, 26][7, 25, 11, 14][0, 22, 18][5, 6, 13][13, 18][0, 25][4, 14][6, 15][12, 18] 
[1, 23, 20, 24, 4, 3, 9][12, 17, 28, 16, 27][21, 10, 15, 2, 29][22, 19, 8, 26][7, 25, 11, 14][0, 22, 18][5, 6, 13][12, 18][13, 18][6, 15][0, 25][4, 14] 
[1, 23, 20, 24, 4, 3, 9][21, 10, 15, 2, 29][12, 17, 28, 16, 27][22, 19, 8, 26][7, 25, 11, 14][5, 6, 13][0, 22, 18][13, 18][6, 15][12, 18][0, 25][4, 14] 
[1, 23, 20, 24, 4, 3, 9][12, 17, 28, 16, 27][21, 10, 15, 2, 29][22, 19, 8, 26][7, 25, 11, 14][0, 22, 18][5, 6, 13][12, 18][13, 18][6, 15][0, 25][4, 14] 
[1, 23, 20, 24, 4, 3, 9][21, 10, 15, 2, 29][12, 17, 28, 16, 27][22, 19, 8, 26][7, 25, 11, 14][5, 6, 13][0, 22, 18][6, 15][13, 18][12, 18][0, 25][4, 14] 
[1, 23, 20, 24, 4, 3, 9][21, 10, 15, 2, 29][12, 17, 28, 16, 27][22, 19, 8, 26][7, 25, 11, 14][5, 6, 13][0, 22, 18][6, 15][13, 18][0, 25][12, 18][4, 14] 
[1, 23, 20, 24, 4, 3, 9][12, 17, 28, 16, 27][21, 10, 15, 2, 29][7, 25, 11, 14][22, 19, 8, 26][0, 22, 18][5, 6, 13][0, 25][12, 18][13, 18][4, 14][6, 15] 
[1, 23, 20, 24, 4, 3, 9][12, 17, 28, 16, 27][21, 10, 15, 2, 29][7, 25, 11, 14][22, 19, 8, 26][0, 22, 18][5, 6, 13][4, 14][0, 25][12, 18][13, 18][6, 15] 
[1, 23, 20, 24, 4, 3, 9][12, 17, 28, 16, 27][21, 10, 15, 2, 29][22, 19, 8, 26][7, 25, 11, 14][0, 22, 18][5, 6, 13][12, 18][0, 25][4, 14][13, 18][6, 15] 
[1, 23, 20, 24, 4, 3, 9][12, 17, 28, 16, 27][21, 10, 15, 2, 29][22, 19, 8, 26][7, 25, 11, 14][0, 22, 18][5, 6, 13][13, 18][12, 18][0, 25][6, 15][4, 14] 
[1, 23, 20, 24, 4, 3, 9][21, 10, 15, 2, 29][12, 17, 28, 16, 27][22, 19, 8, 26][7, 25, 11, 14][5, 6, 13][0, 22, 18][6, 15][13, 18][12, 18][0, 25][4, 14] 
[1, 23, 20, 24, 4, 3, 9][12, 17, 28, 16, 27][21, 10, 15, 2, 29][22, 19, 8, 26][7, 25, 11, 14][5, 6, 13][0, 22, 18][13, 18][0, 25][12, 18][4, 14][6, 15] 
[1, 23, 20, 24, 4, 3, 9][21, 10, 15, 2, 29][12, 17, 28, 16, 27][22, 19, 8, 26][7, 25, 11, 14][5, 6, 13][0, 22, 18][6, 15][13, 18][12, 18][0, 25][4, 14] 
[1, 23, 20, 24, 4, 3, 9][12, 17, 28, 16, 27][21, 10, 15, 2, 29][7, 25, 11, 14][22, 19, 8, 26][5, 6, 13, 18][0, 25][0, 28][4, 14][0, 22][18, 22][6, 15] 
[1, 23, 20, 24, 4, 3, 9][21, 10, 15, 2, 29][12, 17, 28, 16, 27][5, 6, 13, 18][22, 19, 8, 26][7, 25, 11, 14][6, 15][18, 22][0, 22][0, 28][0, 25][4, 14] 
[1, 23, 20, 24, 4, 3, 9][12, 17, 28, 16, 27][21, 10, 15, 2, 29][7, 25, 11, 14][5, 6, 13, 18][22, 19, 8, 26][0, 25][0, 22][0, 28][6, 15][4, 14][18, 22] 
[1, 23, 20, 24, 4, 3, 9][12, 17, 28, 16, 27][21, 10, 15, 2, 29][7, 25, 11, 14][5, 6, 13, 18][22, 19, 8, 26][0, 25][0, 22][0, 28][6, 15][4, 14][18, 22] 
[1, 23, 20, 24, 4, 3, 9][12, 17, 28, 16, 27][21, 10, 15, 2, 29][7, 25, 11, 14][22, 19, 8, 26][5, 6, 13, 18][0, 28][0, 25][4, 14][0, 22][18, 22][6, 15] 
[1, 23, 20, 24, 4, 3, 9][21, 10, 15, 2, 29][12, 17, 28, 16, 27][5, 6, 13, 18][22, 19, 8, 26][7, 25, 11, 14][6, 15][15, 27][0, 28][0, 25][4, 14][0, 22] 
[1, 23, 20, 24, 4, 3, 9][21, 10, 15, 2, 29][12, 17, 28, 16, 27][22, 19, 8, 26][7, 25, 11, 14][5, 6, 13][0, 22, 18][13, 18][6, 15][12, 18][0, 25][4, 14] 
[1, 23, 20, 24, 4, 3, 9][21, 10, 15, 2, 29][12, 17, 28, 16, 27][22, 19, 8, 26][7, 25, 11, 14][5, 6, 13][0, 22, 18][6, 15][13, 18][0, 25][4, 14][12, 18] 
[1, 23, 20, 24, 4, 3, 9][12, 17, 28, 16, 27][21, 10, 15, 2, 29][7, 25, 11, 14][22, 19, 8, 26][0, 22, 18][5, 6, 13][4, 14][0, 25][13, 18][12, 18][6, 15] 
[1, 23, 20, 24, 4, 3, 9][21, 10, 15, 2, 29][12, 17, 28, 16, 27][7, 25, 11, 14][22, 19, 8, 26][0, 22, 18][5, 6, 13][4, 14][0, 25][13, 18][6, 15][12, 18] 
[1, 23, 20, 24, 4, 3, 9][12, 17, 28, 16, 27][21, 10, 15, 2, 29][7, 25, 11, 14][22, 19, 8, 26][0, 22, 18][5, 6, 13][4, 14][0, 25][13, 18][12, 18][6, 15] 
[1, 23, 20, 24, 4, 3, 9][12, 17, 28, 16, 27][21, 10, 15, 2, 29][7, 25, 11, 14][5, 6, 13, 18][22, 19, 8, 26][0, 25][0, 22][0, 28][6, 15][4, 14][18, 22] 
[1, 23, 20, 24, 4, 3, 9][21, 10, 15, 2, 29][12, 17, 28, 16, 27][22, 19, 8, 26][7, 25, 11, 14][5, 6, 13][0, 22, 18][13, 18][6, 15][12, 18][0, 25][4, 14] 
[1, 23, 20, 24, 4, 3, 9][12, 17, 28, 16, 27][21, 10, 15, 2, 29][7, 25, 11, 14][5, 6, 13, 18][22, 19, 8, 26][0, 25][0, 22][0, 28][6, 15][4, 14][18, 22] 
[1, 23, 20, 24, 4, 3, 9][12, 17, 28, 16, 27][21, 10, 15, 2, 29][7, 25, 11, 14][22, 19, 8, 26][5, 6, 13, 18][0, 25][0, 28][4, 14][0, 22][18, 22][6, 15] 
[1, 23, 20, 24, 4, 3, 9][21, 10, 15, 2, 29][12, 17, 28, 16, 27][5, 6, 13, 18][22, 19, 8, 26][7, 25, 11, 14][6, 15][18, 22][0, 22][0, 25][0, 28][4, 14] 
[1, 23, 20, 24, 4, 3, 9][12, 17, 28, 16, 27][21, 10, 15, 2, 29][7, 25, 11, 14][5, 6, 13, 18][22, 19, 8, 26][0, 25][18, 22][0, 28][4, 14][6, 15][0, 22] 
[1, 23, 20, 24, 4, 3, 9][12, 17, 28, 16, 27][21, 10, 15, 2, 29][7, 25, 11, 14][5, 6, 13, 18][22, 19, 8, 26][0, 25][18, 22][0, 28][4, 14][6, 15][0, 22] 
[1, 23, 20, 24, 4, 3, 9][12, 17, 28, 16, 27][21, 10, 15, 2, 29][7, 25, 11, 14][5, 6, 13, 18][22, 19, 8, 26][0, 25][18, 22][0, 28][4, 14][6, 15][0, 22] 
[1, 23, 20, 24, 4, 3, 9][12, 17, 28, 16, 27][21, 10, 15, 2, 29][7, 25, 11, 14][5, 6, 13, 18][22, 19, 8, 26][0, 25][0, 22][0, 28][6, 15][4, 14][18, 22] 
[1, 23, 20, 24, 4, 3, 9][12, 17, 28, 16, 27][21, 10, 15, 2, 29][7, 25, 11, 14][5, 6, 13, 18][22, 19, 8, 26][0, 25][0, 22][0, 28][6, 15][4, 14][18, 22] 
[1, 23, 20, 24, 4, 3, 9][12, 17, 28, 16, 27][21, 10, 15, 2, 29][7, 25, 11, 14][5, 6, 13, 18][22, 19, 8, 26][0, 25][0, 22][0, 28][6, 15][4, 14][18, 22] 
[1, 23, 20, 24, 4, 3, 9][12, 17, 28, 16, 27][21, 10, 15, 2, 29][7, 25, 11, 14][5, 6, 13, 18][22, 19, 8, 26][0, 25][0, 22][0, 28][6, 15][4, 14][18, 22] 
[1, 23, 20, 24, 4, 3, 9][12, 17, 28, 16, 27][21, 10, 15, 2, 29][7, 25, 11, 14][5, 6, 13, 18][22, 19, 8, 26][0, 25][0, 22][0, 28][6, 15][4, 14][18, 22] 
[1, 23, 20, 24, 4, 3, 9][21, 10, 15, 2, 29][12, 17, 28, 16, 27][5, 6, 13, 18][22, 19, 8, 26][7, 25, 11, 14][6, 15][18, 22][0, 22][0, 28][0, 25][4, 14] 
[1, 23, 20, 24, 4, 3, 9][12, 17, 28, 16, 27][21, 10, 15, 2, 29][7, 25, 11, 14][5, 6, 13, 18][22, 19, 8, 26][0, 25][18, 22][0, 28][4, 14][6, 15][0, 22] 
[1, 23, 20, 24, 4, 3, 9][21, 10, 15, 2, 29][12, 17, 28, 16, 27][5, 6, 13, 18][22, 19, 8, 26][7, 25, 11, 14][6, 15][18, 22][0, 22][0, 28][0, 25][4, 14] 
[1, 23, 20, 24, 4, 3, 9][21, 10, 15, 2, 29][12, 17, 28, 16, 27][5, 6, 13, 18][22, 19, 8, 26][7, 25, 11, 14][6, 15][18, 22][0, 22][0, 28][0, 25][4, 14] 
[1, 23, 20, 24, 4, 3, 9][12, 17, 28, 16, 27][21, 10, 15, 2, 29][7, 25, 11, 14][22, 19, 8, 26][5, 6, 13, 18][0, 22, 18][4, 14][0, 25][0, 28][6, 15][1, 23] 
[1, 23, 20, 24, 4, 3, 9][21, 10, 15, 2, 29][12, 17, 28, 16, 27][7, 25, 11, 14][22, 19, 8, 26][5, 6, 13, 18][0, 22, 18][6, 15, 10][1, 23][4, 14][0, 25][0, 28] 
[1, 23, 20, 24, 4, 3, 9][21, 10, 15, 2, 29][12, 17, 28, 16, 27][7, 25, 11, 14][22, 19, 8, 26][5, 6, 13, 18][0, 22, 18][6, 15, 10][1, 23][4, 14][0, 25][0, 28] 
[1, 23, 20, 24, 4, 3, 9][21, 10, 15, 2, 29][12, 17, 28, 16, 27][7, 25, 11, 14][5, 6, 13, 18][22, 19, 8, 26][0, 22, 18][4, 14][0, 25][6, 15][0, 28][13, 18] 
[1, 23, 20, 24, 4, 3, 9][21, 10, 15, 2, 29][12, 17, 28, 16, 27][7, 25, 11, 14][5, 6, 13, 18][22, 19, 8, 26][0, 22, 18][4, 14][0, 25][6, 15][0, 28][13, 18] 
[1, 23, 20, 24, 4, 3, 9][26, 8, 19, 22, 17, 28][5, 6, 13, 18, 12][21, 10, 15, 2, 29][7, 25, 11, 14][27, 16, 28][0, 22][6, 15][2, 15][0, 25][4, 14][15, 27] 
[1, 23, 20, 24, 4, 3, 9][21, 10, 15, 2, 29][12, 17, 28, 16, 27][22, 19, 8, 26][7, 25, 11, 14][5, 6, 13][0, 22, 18][13, 18][6, 15][12, 18][0, 25][4, 14] 
[1, 23, 20, 24, 4, 3, 9][21, 10, 15, 2, 29][12, 17, 28, 16, 27][22, 19, 8, 26][7, 25, 11, 14][5, 6, 13][0, 22, 18][6, 15][13, 18][0, 25][12, 18][4, 14] 
[1, 23, 20, 24, 4, 3, 9][21, 10, 15, 2, 29][12, 17, 28, 16, 27][22, 19, 8, 26][7, 25, 11, 14][5, 6, 13][0, 22, 18][6, 15][13, 18][0, 25][4, 14][12, 18] 
[1, 23, 20, 24, 4, 3, 9][12, 17, 28, 16, 27][21, 10, 15, 2, 29][7, 25, 11, 14][22, 19, 8, 26][0, 22, 18][5, 6, 13][0, 25][12, 18][13, 18][4, 14][6, 15] 
[1, 23, 20, 24, 4, 3, 9][12, 17, 28, 16, 27][21, 10, 15, 2, 29][7, 25, 11, 14][22, 19, 8, 26][0, 22, 18][5, 6, 13][4, 14][0, 25][13, 18][12, 18][6, 15] 
[1, 23, 20, 24, 4, 3, 9][21, 10, 15, 2, 29][12, 17, 28, 16, 27][5, 6, 13, 18][22, 19, 8, 26][7, 25, 11, 14][6, 15][18, 22][0, 22][0, 25][4, 14][0, 28] 
[1, 23, 20, 24, 4, 3, 9][21, 10, 15, 2, 29][12, 17, 28, 16, 27][22, 19, 8, 26][7, 25, 11, 14][0, 22, 18][5, 6, 13][13, 18][0, 25][4, 14][6, 15][12, 18] 
