[9, 3, 1, 23, 24, 7, 16][2, 27, 10, 6, 13, 18][12, 17, 22, 25, 28][8, 19, 0, 26][5, 21, 15, 29][4, 20, 14][0, 18][0, 22][11, 25][11, 14][14, 24][10, 29] 
[9, 3, 1, 23, 24, 7, 16][12, 17, 22, 25, 28][8, 19, 0, 26][2, 27, 10, 6][5, 21, 15, 29][4, 20, 14, 11][6, 13, 18][0, 18][10, 29][0, 22][11, 25][4, 24] 
[9, 3, 1, 23, 24, 7, 16][12, 17, 22, 25, 28][2, 27, 10, 6][5, 21, 15, 29][8, 19, 0, 26][6, 13, 18][11, 14, 20][4, 24, 14][10, 29][0, 18][0, 22][11, 25] 
[9, 3, 1, 23, 24, 7, 16][12, 17, 22, 25, 28][2, 27, 10, 6][5, 21, 15, 29][8, 19, 0, 26][6, 13, 18][11, 14, 20][4, 24, 14][10, 29][0, 18][0, 22][11, 25] 
[9, 3, 1, 23, 24, 7, 16][12, 17, 22, 25, 28][4, 20, 14, 11][8, 19, 0, 26][2, 27, 10, 6][5, 21, 15, 29][6, 13, 18][11, 25][14, 24][0, 22][0, 18][10, 29] 
[9, 3, 1, 23, 24, 7, 16][12, 17, 22, 25, 28][2, 27, 10, 6][8, 19, 0, 26][5, 21, 15, 29][4, 20, 14, 11][6, 13, 18][0, 18][10, 29][0, 22][11, 25][14, 24] 
[9, 3, 1, 23, 24, 7, 16][12, 17, 22, 25, 28][5, 21, 15, 29][2, 27, 10, 6][8, 19, 0, 26][4, 20, 14, 11][6, 13, 18][10, 29][0, 18][0, 22][11, 25][14, 24] 
[9, 3, 1, 23, 24, 7, 16][12, 17, 22, 25, 28][2, 27, 10, 6, 13][8, 19, 0, 26][4, 20, 14, 11][5, 21, 15, 29][0, 22][11, 25][0, 18][13, 18][14, 24][10, 29] 
[9, 3, 1, 23, 24, 7, 16][12, 17, 22, 25, 28][4, 20, 14, 11][8, 19, 0, 26][2, 27, 10, 6][5, 21, 15, 29][6, 13, 18][14, 24][11, 25][0, 22][0, 18][10, 29] 
[9, 3, 1, 23, 24, 7, 16][12, 17, 22, 25, 28][2, 27, 10, 6, 13][8, 19, 0, 26][4, 20, 14, 11][5, 21, 15, 29][0, 22][11, 25][0, 18][13, 18][14, 24][10, 29] 
[9, 3, 1, 23, 24, 7, 16][2, 27, 10, 6, 13, 18][12, 17, 22, 25, 28][8, 19, 0, 26][5, 21, 15, 29][4, 20, 14][0, 18][0, 22][11, 25][11, 14][14, 24][10, 29] 
[9, 3, 1, 23, 24, 7, 16][12, 17, 22, 25, 28][8, 19, 0, 26][2, 27, 10, 6][4, 20, 14, 11][5, 21, 15, 29][6, 13, 18][0, 18][0, 22][11, 25][4, 24][10, 29] 
[9, 3, 1, 23, 24, 7, 16][12, 17, 22, 25, 28][2, 27, 10, 6][5, 21, 15, 29][8, 19, 0, 26][6, 13, 18][11, 14, 20][4, 24, 14][10, 29][0, 18][0, 22][11, 25] 
[9, 3, 1, 23, 24, 7, 16][12, 17, 22, 25, 28][4, 20, 14, 11][8, 19, 0, 26][2, 27, 10, 6][5, 21, 15, 29][6, 13, 18][14, 24][11, 25][0, 22][0, 18][10, 29] 
[9, 3, 1, 23, 24, 7, 16][12, 17, 22, 25, 28][2, 27, 10, 6][8, 19, 0, 26][5, 21, 15, 29][4, 20, 14, 11][6, 13, 18][0, 18][10, 29][0, 22][11, 25][14, 24] 
[9, 3, 1, 23, 24, 7, 16][12, 17, 22, 25, 28][2, 27, 10, 6, 13][8, 19, 0, 26][4, 20, 14, 11][5, 21, 15, 29][0, 22][11, 25][0, 18][13, 18][14, 24][10, 29] 
[9, 3, 1, 23, 24, 7, 16][2, 27, 10, 6, 13, 18][12, 17, 22, 25, 28][8, 19, 0, 26][5, 21, 15, 29][4, 20, 14][0, 18][10, 29][0, 22][11, 25][11, 14][14, 24] 
[9, 3, 1, 23, 24, 7, 16][12, 17, 22, 25, 28][8, 19, 0, 26][2, 27, 10, 6][4, 20, 14, 11][5, 21, 15, 29][6, 13, 18][0, 18][0, 22][11, 25][4, 24][10, 29] 
[9, 3, 1, 23, 24, 7, 16][12, 17, 22, 25, 28][4, 20, 14, 11][8, 19, 0, 26][2, 27, 10, 6][5, 21, 15, 29][6, 13, 18][14, 24][11, 25][0, 22][0, 18][10, 29] 
[9, 3, 1, 23, 24, 7, 16][2, 27, 10, 6, 13, 18][12, 17, 22, 25, 28][8, 19, 0, 26][5, 21, 15, 29][4, 20, 14][0, 18][0, 22][11, 25][11, 14][14, 24][10, 29] 
[9, 3, 1, 23, 24, 7, 16][2, 27, 10, 6, 13, 18][12, 17, 22, 25, 28][8, 19, 0, 26][5, 21, 15, 29][4, 20, 14][0, 18][0, 22][11, 25][11, 14][14, 24][10, 29] 
[9, 3, 1, 23, 24, 7, 16][12, 17, 22, 25, 28][8, 19, 0, 26][2, 27, 10, 6][4, 20, 14, 11][5, 21, 15, 29][6, 13, 18][0, 18][0, 22][11, 25][4, 24][10, 29] 
[9, 3, 1, 23, 24, 7, 16][12, 17, 22, 25, 28][2, 27, 10, 6][5, 21, 15, 29][8, 19, 0, 26][6, 13, 18][11, 14, 20][4, 24, 14][10, 29][0, 18][0, 22][11, 25] 
[9, 3, 1, 23, 24, 7, 16][12, 17, 22, 25, 28][4, 20, 14, 11][8, 19, 0, 26][2, 27, 10, 6][5, 21, 15, 29][6, 13, 18][14, 24][11, 25][0, 22][0, 18][10, 29] 
[9, 3, 1, 23, 24, 7, 16][12, 17, 22, 25, 28][4, 20, 14, 11][8, 19, 0, 26][2, 27, 10, 6][5, 21, 15, 29][6, 13, 18][14, 24][11, 25][0, 22][0, 18][10, 29] 
[9, 3, 1, 23, 24, 7, 16][12, 17, 22, 25, 28][2, 27, 10, 6, 13][8, 19, 0, 26][4, 20, 14, 11][5, 21, 15, 29][0, 22][11, 25][0, 18][13, 18][14, 24][10, 29] 
[9, 3, 1, 23, 24, 7, 16][2, 27, 10, 6, 13, 18][12, 17, 22, 25, 28][8, 19, 0, 26][5, 21, 15, 29][4, 20, 14][0, 18][0, 22][11, 25][11, 14][14, 24][10, 29] 
[9, 3, 1, 23, 24, 7, 16][12, 17, 22, 25, 28][8, 19, 0, 26][2, 27, 10, 6][4, 20, 14, 11][5, 21, 15, 29][6, 13, 18][0, 18][0, 22][11, 25][4, 24][10, 29] 
[9, 3, 1, 23, 24, 7, 16][12, 17, 22, 25, 28][2, 27, 10, 6][8, 19, 0, 26][5, 21, 15, 29][4, 20, 14, 11][6, 13, 18][0, 18][10, 29][0, 22][11, 25][14, 24] 
[9, 3, 1, 23, 24, 7, 16][2, 27, 10, 6, 13, 18][12, 17, 22, 25, 28][8, 19, 0, 26][5, 21, 15, 29][4, 20, 14][11, 25][0, 22][0, 18][10, 29][11, 14][14, 24] 
[9, 3, 1, 23, 24, 7, 16][2, 27, 10, 6, 13, 18][12, 17, 22, 25, 28][8, 19, 0, 26][5, 21, 15, 29][4, 20, 14][0, 18][10, 29][0, 22][11, 25][11, 14][14, 24] 
[9, 3, 1, 23, 24, 7, 16][12, 17, 22, 25, 28][8, 19, 0, 26][4, 20, 14, 11][2, 27, 10, 6][5, 21, 15, 29][6, 13, 18][0, 22][11, 25][0, 18][4, 24][10, 29] 
[9, 3, 1, 23, 24, 7, 16][12, 17, 22, 25, 28][4, 20, 14, 11][8, 19, 0, 26][2, 27, 10, 6][5, 21, 15, 29][6, 13, 18][14, 24][11, 25][0, 22][0, 18][10, 29] 
[9, 3, 1, 23, 24, 7, 16][2, 27, 10, 6, 13, 18][12, 17, 22, 25, 28][8, 19, 0, 26][5, 21, 15, 29][4, 20, 14][0, 18][10, 29][0, 22][11, 25][11, 14][14, 24] 
[9, 3, 1, 23, 24, 7, 16][2, 27, 10, 6, 13, 18][12, 17, 22, 25, 28][8, 19, 0, 26][5, 21, 15, 29][4, 20, 14][11, 25][0, 22][0, 18][10, 29][11, 14][14, 24] 
[2, 27, 16, 7, 14, 11, 3, 4, 24, 23, 1, 9][10, 27, 16, 6, 21, 5, 15, 29][0, 25, 22, 17, 28, 7][6, 13, 18, 12, 8, 19][11, 14][4, 20][0, 26][11, 14][11, 14][11, 14][11, 14][12, 18] 
[2, 27, 16, 7, 14, 11, 3, 4, 24, 23, 1, 9][10, 27, 16, 6, 21, 5, 15, 29][0, 25, 22, 17, 28, 7][6, 13, 18, 12, 8, 19][11, 14][4, 20][0, 26][11, 14][11, 14][11, 14][11, 14][12, 18] 
[2, 27, 16, 7, 14, 11, 3, 4, 24, 23, 1, 9][10, 27, 16, 6, 21, 5, 15, 29][0, 25, 22, 17, 28, 7][6, 13, 18, 12, 8, 19][11, 14][4, 20][0, 26][11, 14][11, 14][11, 14][11, 14][12, 18] 
[7, 14, 11, 3, 4, 24, 23, 1, 9][0, 25, 22, 17, 28, 7, 10, 29, 2][27, 16, 6, 21, 5, 15, 29][6, 13, 18, 12, 8, 19][11, 14][4, 20][0, 26][11, 14][11, 14][11, 14][11, 14][12, 18] 
[7, 14, 11, 3, 4, 24, 23, 1, 9][0, 25, 22, 17, 28, 7, 10, 29, 2][27, 16, 6, 21, 5, 15, 29][6, 13, 18, 12, 8, 19][11, 14][4, 20][0, 26][11, 14][11, 14][11, 14][11, 14][12, 18] 
[7, 14, 11, 3, 4, 24, 23, 1, 9][0, 25, 22, 17, 28, 7, 10, 29, 2][6, 13, 18, 12, 8, 19][15, 5, 21, 6, 16, 27][11, 14][15, 29][4, 20][0, 26][11, 14][11, 14][11, 14][11, 14] 
[2, 27, 16, 7, 14, 11, 3, 4, 24, 23, 1, 9][10, 27, 16, 6, 21, 5, 15, 29][0, 25, 22, 17, 28, 7][6, 13, 18, 12, 8, 19][11, 14][4, 20][0, 26][11, 14][11, 14][11, 14][11, 14][12, 18] 
[2, 27, 16, 7, 14, 11, 3, 4, 24, 23, 1, 9][10, 27, 16, 6, 21, 5, 15, 29][0, 25, 22, 17, 28, 7][6, 13, 18, 12, 8, 19][11, 14][4, 20][0, 26][11, 14][11, 14][11, 14][11, 14][12, 18] 
[7, 14, 11, 3, 4, 24, 23, 1, 9][0, 25, 22, 17, 28, 7, 10, 29, 2][27, 16, 6, 21, 5, 15, 29][6, 13, 18, 12, 8, 19][11, 14][4, 20][0, 26][11, 14][11, 14][11, 14][11, 14][12, 18] 
[2, 27, 16, 7, 14, 11, 3, 4, 24, 23, 1, 9][10, 27, 16, 6, 21, 5, 15, 29][0, 25, 22, 17, 28, 7][6, 13, 18, 12, 8, 19][11, 14][4, 20][0, 26][11, 14][11, 14][11, 14][11, 14][12, 18] 
[2, 27, 16, 7, 14, 11, 3, 4, 24, 23, 1, 9][10, 27, 16, 6, 21, 5, 15, 29][0, 25, 22, 17, 28, 7][6, 13, 18, 12, 8, 19][11, 14][4, 20][0, 26][11, 14][11, 14][11, 14][11, 14][12, 18] 
[2, 27, 16, 7, 14, 11, 3, 4, 24, 23, 1, 9][10, 27, 16, 6, 21, 5, 15, 29][0, 25, 22, 17, 28, 7][6, 13, 18, 12, 8, 19][11, 14][4, 20][0, 26][11, 14][11, 14][11, 14][11, 14][12, 18] 
[7, 14, 11, 3, 4, 24, 23, 1, 9][0, 25, 22, 17, 28, 7, 10, 29, 2][27, 16, 6, 21, 5, 15, 29][6, 13, 18, 12, 8, 19][11, 14][4, 20][0, 26][11, 14][11, 14][11, 14][11, 14][12, 18] 
[2, 27, 16, 7, 14, 11, 3, 4, 24, 23, 1, 9][10, 27, 16, 6, 21, 5, 15, 29][0, 25, 22, 17, 28, 7][6, 13, 18, 12, 8, 19][11, 14][4, 20][0, 26][11, 14][11, 14][11, 14][11, 14][12, 18] 
[2, 27, 16, 7, 14, 11, 3, 4, 24, 23, 1, 9][10, 27, 16, 6, 21, 5, 15, 29][0, 25, 22, 17, 28, 7][6, 13, 18, 12, 8, 19][11, 14][4, 20][0, 26][11, 14][11, 14][11, 14][11, 14][12, 18] 
[2, 16, 7, 14, 11, 3, 4, 24, 23, 1, 9][10, 27, 16, 6, 21, 5, 15, 29][0, 25, 22, 17, 28, 7, 27][6, 13, 18, 12, 8, 19][11, 14][4, 20][0, 26][11, 14][11, 14][11, 14][11, 14][12, 18] 
[2, 16, 7, 14, 11, 3, 4, 24, 23, 1, 9][10, 27, 16, 6, 21, 5, 15, 29][0, 25, 22, 17, 28, 7, 27][6, 13, 18, 12, 8, 19][11, 14][4, 20][0, 26][11, 14][11, 14][11, 14][11, 14][12, 18] 
[2, 27, 16, 7, 14, 11, 3, 4, 24, 23, 1, 9][10, 27, 16, 6, 21, 5, 15, 29][0, 25, 22, 17, 28, 7][6, 13, 18, 12, 8, 19][11, 14][4, 20][0, 26][11, 14][11, 14][11, 14][11, 14][12, 18] 
[2, 27, 16, 7, 14, 11, 3, 4, 24, 23, 1, 9][10, 27, 16, 6, 21, 5, 15, 29][0, 25, 22, 17, 28, 7, 27][6, 13, 18, 12, 8, 19][11, 14][4, 20][0, 26][11, 14][11, 14][11, 14][11, 14][12, 18] 
[2, 27, 16, 7, 14, 11, 3, 4, 24, 23, 1, 9][24, 7, 10, 27, 16, 6, 21, 5, 15, 29][0, 25, 22, 17, 28, 7][6, 13, 18, 12, 8, 19][11, 14][4, 20][0, 26][11, 14][11, 14][11, 14][11, 14][12, 18] 
[2, 27, 16, 7, 14, 11, 3, 4, 24, 23, 1, 9][10, 27, 16, 6, 21, 5, 15, 29][0, 25, 22, 17, 28, 7, 27][6, 13, 18, 12, 8, 19][11, 14][4, 20][0, 26][11, 14][11, 14][11, 14][11, 14][12, 18] 
[9, 3, 1, 23, 24, 7, 16][12, 17, 22, 25, 28][4, 20, 14, 11][8, 19, 0, 26][2, 27, 10, 6][5, 21, 15, 29][6, 13, 18][14, 24][11, 25][0, 22][0, 18][10, 29] 
[9, 3, 1, 23, 24, 7, 16][12, 17, 22, 25, 28][2, 27, 10, 6][5, 21, 15, 29][8, 19, 0, 26][4, 20, 14, 11][6, 13, 18][10, 29][0, 18][0, 22][11, 25][14, 24] 
[9, 3, 1, 23, 24, 7, 16][12, 17, 22, 25, 28][4, 20, 14, 11][8, 19, 0, 26][2, 27, 10, 6][5, 21, 15, 29][6, 13, 18][14, 24][11, 25][0, 22][0, 18][10, 29] 
[9, 3, 1, 23, 24, 7, 16][12, 17, 22, 25, 28][4, 20, 14, 11][8, 19, 0, 26][2, 27, 10, 6][5, 21, 15, 29][6, 13, 18][14, 24][11, 25][0, 22][0, 18][10, 29] 
[9, 3, 1, 23, 24, 7, 16][12, 17, 22, 25, 28][2, 27, 10, 6][8, 19, 0, 26][5, 21, 15, 29][4, 20, 14, 11][6, 13, 18][0, 18][10, 29][0, 22][11, 25][14, 24] 
[9, 3, 1, 23, 24, 7, 16][12, 17, 22, 25, 28][2, 27, 10, 6][8, 19, 0, 26][5, 21, 15, 29][4, 20, 14, 11][6, 13, 18][0, 18][10, 29][0, 22][11, 25][14, 24] 
[9, 3, 1, 23, 24, 7, 16][12, 17, 22, 25, 28][4, 20, 14, 11][8, 19, 0, 26][2, 27, 10, 6][5, 21, 15, 29][6, 13, 18][14, 24][11, 25][0, 22][0, 18][10, 29] 
[9, 3, 1, 23, 24, 7, 16][12, 17, 22, 25, 28][4, 20, 14, 11][8, 19, 0, 26][2, 27, 10, 6][5, 21, 15, 29][6, 13, 18][14, 24][11, 25][0, 22][0, 18][10, 29] 
[9, 3, 1, 23, 24, 7, 16][12, 17, 22, 25, 28][2, 27, 10, 6][8, 19, 0, 26][5, 21, 15, 29][4, 20, 14, 11][6, 13, 18][0, 18][10, 29][0, 22][11, 25][14, 24] 
[9, 3, 1, 23, 24, 7, 16][12, 17, 22, 25, 28][4, 20, 14, 11][8, 19, 0, 26][2, 27, 10, 6][5, 21, 15, 29][6, 13, 18][14, 24][11, 25][0, 22][0, 18][10, 29] 
[9, 3, 1, 23, 24, 7, 16][12, 17, 22, 25, 28][8, 19, 0, 26][4, 20, 14, 11][2, 27, 10, 6][5, 21, 15, 29][6, 13, 18][0, 22][11, 25][14, 24][0, 18][10, 29] 
[9, 3, 1, 23, 24, 7, 16][12, 17, 22, 25, 28][4, 20, 14, 11][8, 19, 0, 26][2, 27, 10, 6][5, 21, 15, 29][6, 13, 18][14, 24][11, 25][0, 22][0, 18][10, 29] 
[9, 3, 1, 23, 24, 7, 16][12, 17, 22, 25, 28][2, 27, 10, 6][8, 19, 0, 26][5, 21, 15, 29][4, 20, 14, 11][6, 13, 18][0, 18][10, 29][0, 22][11, 25][14, 24] 
[9, 3, 1, 23, 24, 7, 16][12, 17, 22, 25, 28][2, 27, 10, 6][8, 19, 0, 26][5, 21, 15, 29][4, 20, 14, 11][6, 13, 18][0, 18][10, 29][0, 22][11, 25][14, 24] 
[9, 3, 1, 23, 24, 7, 16][12, 17, 22, 25, 28][4, 20, 14, 11][8, 19, 0, 26][2, 27, 10, 6][5, 21, 15, 29][6, 13, 18][14, 24][11, 25][0, 22][0, 18][10, 29] 
[9, 3, 1, 23, 24, 7, 16][2, 27, 10, 6, 13, 18][12, 17, 22, 25, 28][8, 19, 0, 26][5, 21, 15, 29][4, 20, 14][0, 22][0, 18][10, 29][11, 25][11, 14][14, 24] 
[9, 3, 1, 23, 24, 7, 16][2, 27, 10, 6, 13, 18][12, 17, 22, 25, 28][8, 19, 0, 26][5, 21, 15, 29][4, 20, 14][0, 18][10, 29][0, 22][11, 25][11, 14][14, 24] 
[9, 3, 1, 23, 24, 7, 16][2, 27, 10, 6, 13, 18][12, 17, 22, 25, 28][5, 21, 15, 29][8, 19, 0, 26][4, 20, 14][10, 29][0, 18][0, 22][11, 25][11, 14][14, 24] 
[9, 3, 1, 23, 24, 7, 16][2, 27, 10, 6, 13, 18][12, 17, 22, 25, 28][5, 21, 15, 29][8, 19, 0, 26][4, 20, 14][10, 29][0, 18][0, 22][11, 25][11, 14][14, 24] 
[9, 3, 1, 23, 24, 7, 16][2, 27, 10, 6, 13, 18][12, 17, 22, 25, 28][8, 19, 0, 26][5, 21, 15, 29][4, 20, 14][0, 18][10, 29][0, 22][11, 25][11, 14][14, 24] 
[9, 3, 1, 23, 24, 7, 16][2, 27, 10, 6, 13, 18][12, 17, 22, 25, 28][8, 19, 0, 26][5, 21, 15, 29][14, 4, 20][0, 22][0, 18][10, 29][11, 25][11, 14][14, 24] 
[9, 3, 1, 23, 24, 7, 16][12, 17, 22, 25, 28][2, 27, 10, 6][8, 19, 0, 26][5, 21, 15, 29][4, 20, 14, 11][6, 13, 18][0, 18][10, 29][0, 22][11, 25][14, 24] 
[9, 3, 1, 23, 24, 7, 16][12, 17, 22, 25, 28][2, 27, 10, 6][8, 19, 0, 26][5, 21, 15, 29][4, 20, 14, 11][6, 13, 18][0, 18][10, 29][0, 22][11, 25][14, 24] 
[9, 3, 1, 23, 24, 7, 16][12, 17, 22, 25, 28][2, 27, 10, 6][8, 19, 0, 26][5, 21, 15, 29][4, 20, 14, 11][6, 13, 18][0, 18][10, 29][0, 22][11, 25][14, 24] 
[9, 3, 1, 23, 24, 7, 16][12, 17, 22, 25, 28][4, 20, 14, 11][8, 19, 0, 26][2, 27, 10, 6][5, 21, 15, 29][6, 13, 18][14, 24][11, 25][0, 22][0, 18][10, 29] 
[9, 3, 1, 23, 24, 7, 16][12, 17, 22, 25, 28][4, 20, 14, 11][8, 19, 0, 26][2, 27, 10, 6][5, 21, 15, 29][6, 13, 18][14, 24][11, 25][0, 22][0, 18][10, 29] 
[9, 3, 1, 23, 24, 7, 16][12, 17, 22, 25, 28][2, 27, 10, 6][5, 21, 15, 29][8, 19, 0, 26][4, 20, 14, 11][6, 13, 18][10, 29][0, 18][0, 22][11, 25][14, 24] 
[9, 3, 1, 23, 24, 7, 16][12, 17, 22, 25, 28][2, 27, 10, 6][8, 19, 0, 26][5, 21, 15, 29][4, 20, 14, 11][6, 13, 18][0, 18][10, 29][0, 22][11, 25][14, 24] 
[9, 3, 1, 23, 24, 7, 16][2, 27, 10, 6, 13, 18][12, 17, 22, 25, 28][5, 21, 15, 29][8, 19, 0, 26][4, 20, 14][10, 29][0, 18][0, 22][11, 25][11, 14][14, 24] 
[9, 3, 1, 23, 24, 7, 16][2, 27, 10, 6, 13, 18][12, 17, 22, 25, 28][8, 19, 0, 26][5, 21, 15, 29][4, 20, 14][0, 18][10, 29][0, 22][11, 25][11, 14][14, 24] 
[9, 3, 1, 23, 24, 7, 16][2, 27, 10, 6, 13, 18][12, 17, 22, 25, 28][5, 21, 15, 29][8, 19, 0, 26][4, 20, 14][10, 29][0, 18][0, 22][11, 25][11, 14][14, 24] 
[9, 3, 1, 23, 24, 7, 16][2, 27, 10, 6, 13, 18][12, 17, 22, 25, 28][8, 19, 0, 26][5, 21, 15, 29][4, 20, 14][0, 22][0, 18][10, 29][11, 25][11, 14][14, 24] 
[9, 3, 1, 23, 24, 7, 16][2, 27, 10, 6, 13, 18][12, 17, 22, 25, 28][8, 19, 0, 26][5, 21, 15, 29][4, 20, 14][0, 22][0, 18][10, 29][11, 25][11, 14][14, 24] 
[9, 3, 1, 23, 24, 7, 16][2, 27, 10, 6, 13, 18][12, 17, 22, 25, 28][8, 19, 0, 26][5, 21, 15, 29][4, 20, 14][0, 18][10, 29][0, 22][11, 25][11, 14][14, 24] 
[9, 3, 1, 23, 24, 7, 16][2, 27, 10, 6, 13, 18][12, 17, 22, 25, 28][8, 19, 0, 26][5, 21, 15, 29][4, 20, 14][0, 18][0, 22][11, 25][11, 14][14, 24][10, 29] 
[9, 3, 1, 23, 24, 7, 16][2, 27, 10, 6, 13, 18][12, 17, 22, 25, 28][8, 19, 0, 26][5, 21, 15, 29][4, 20, 14][0, 18][0, 22][11, 25][11, 14][14, 24][10, 29] 
[9, 3, 1, 23, 24, 7, 16][2, 27, 10, 6, 13, 18][12, 17, 22, 25, 28][8, 19, 0, 26][5, 21, 15, 29][4, 20, 14][0, 18][10, 29][0, 22][11, 25][11, 14][14, 24] 
[9, 3, 1, 23, 24, 7, 16][2, 27, 10, 6, 13, 18][12, 17, 22, 25, 28][8, 19, 0, 26][5, 21, 15, 29][4, 20, 14][0, 18][0, 22][11, 25][11, 14][14, 24][10, 29] 
[9, 3, 1, 23, 24, 7, 16][2, 27, 10, 6, 13, 18][12, 17, 22, 25, 28][5, 21, 15, 29][8, 19, 0, 26][4, 20, 14][10, 29][0, 18][0, 22][11, 25][11, 14][14, 24] 
[9, 3, 1, 23, 24, 7, 16][2, 27, 10, 6, 13, 18][12, 17, 22, 25, 28][8, 19, 0, 26][5, 21, 15, 29][4, 20, 14][0, 18][10, 29][0, 22][11, 25][11, 14][14, 24] 
[9, 3, 1, 23, 24, 7, 16][2, 27, 10, 6, 13, 18][12, 17, 22, 25, 28][8, 19, 0, 26][5, 21, 15, 29][4, 20, 14][0, 18][10, 29][0, 22][11, 25][11, 14][14, 24] 
[9, 3, 1, 23, 24, 7, 16][2, 27, 10, 6, 13, 18][12, 17, 22, 25, 28][8, 19, 0, 26][5, 21, 15, 29][4, 20, 14][0, 18][0, 22][11, 25][11, 14][14, 24][10, 29] 
[9, 3, 1, 23, 24, 7, 16][2, 27, 10, 6, 13, 18][12, 17, 22, 25, 28][8, 19, 0, 26][5, 21, 15, 29][4, 20, 14][0, 18][10, 29][0, 22][11, 25][11, 14][14, 24] 
[9, 3, 1, 23, 24, 7, 16][2, 27, 10, 6, 13, 18][12, 17, 22, 25, 28][5, 21, 15, 29][8, 19, 0, 26][11, 14, 4, 20][13, 18][10, 29][0, 18][0, 22][11, 25][14, 24] 
[9, 3, 1, 23, 24, 7, 16][2, 27, 10, 6, 13, 18][12, 17, 22, 25, 28][5, 21, 15, 29][8, 19, 0, 26][11, 14, 4, 20][13, 18][10, 29][0, 18][0, 22][11, 25][14, 24] 
[9, 3, 1, 23, 24, 7, 16][2, 27, 10, 6, 13, 18][12, 17, 22, 25, 28][5, 21, 15, 29][8, 19, 0, 26][11, 14, 4, 20][13, 18][10, 29][0, 18][0, 22][11, 25][14, 24] 
[9, 3, 1, 23, 24, 7, 16][2, 27, 10, 6, 13, 18][12, 17, 22, 25, 28][5, 21, 15, 29][8, 19, 0, 26][11, 14, 4, 20][13, 18][10, 29][0, 18][0, 22][11, 25][14, 24] 
[9, 3, 1, 23, 24, 7, 16][2, 27, 10, 6, 13, 18][12, 17, 22, 25, 28][5, 21, 15, 29][8, 19, 0, 26][11, 14, 4, 20][13, 18][10, 29][0, 18][0, 22][11, 25][14, 24] 
[9, 3, 1, 23, 24, 7, 16][2, 27, 10, 6, 13, 18][12, 17, 22, 25, 28][8, 19, 0, 26][5, 21, 15, 29][14, 24, 4, 20][0, 22][0, 18][13, 18][11, 25][10, 29][11, 14] 
[9, 3, 1, 23, 24, 7, 16][12, 17, 22, 25, 28][4, 20, 14, 11][8, 19, 0, 26][2, 27, 10, 6][5, 21, 15, 29][6, 13, 18][14, 24][11, 25][0, 22][0, 18][10, 29] 
[9, 3, 1, 23, 24, 7, 16][12, 17, 22, 25, 28][4, 20, 14, 11][8, 19, 0, 26][2, 27, 10, 6][5, 21, 15, 29][6, 13, 18][14, 24][11, 25][0, 22][0, 18][10, 29] 
[9, 3, 1, 23, 24, 7, 16][12, 17, 22, 25, 28][4, 20, 14, 11][8, 19, 0, 26][2, 27, 10, 6][5, 21, 15, 29][6, 13, 18][14, 24][11, 25][0, 22][0, 18][10, 29] 
[9, 3, 1, 23, 24, 7, 16][12, 17, 22, 25, 28][4, 20, 14, 11][8, 19, 0, 26][2, 27, 10, 6][5, 21, 15, 29][6, 13, 18][14, 24][11, 25][0, 22][0, 18][10, 29] 
[9, 3, 1, 23, 24, 7, 16][12, 17, 22, 25, 28][8, 19, 0, 26][4, 20, 14, 11][2, 27, 10, 6][5, 21, 15, 29][6, 13, 18][0, 22][11, 25][14, 24][0, 18][10, 29] 
[9, 3, 1, 23, 24, 7, 16][2, 27, 10, 6, 13, 18][12, 17, 22, 25, 28][8, 19, 0, 26][5, 21, 15, 29][4, 20, 14][0, 18][10, 29][0, 22][11, 25][11, 14][14, 24] 
[9, 3, 1, 23, 24, 7, 16][12, 17, 22, 25, 28][4, 20, 14, 11][8, 19, 0, 26][2, 27, 10, 6][5, 21, 15, 29][6, 13, 18][14, 24][11, 25][0, 22][0, 18][10, 29] 
