[4, 20, 14, 1, 23, 9][13, 18, 12, 17, 22][19, 0, 28, 7, 24][16, 15, 29, 27][5, 15, 10, 6][8, 19, 22][2, 10, 21][3, 11, 25][7, 27][0, 25][1, 3][8, 26] 
[4, 1, 9, 23, 14, 20][19, 0, 28, 7, 24][13, 18, 12, 17, 22][16, 15, 29, 27][5, 15, 10, 6][3, 11, 25][8, 19, 12][2, 10, 21][0, 25][7, 27][1, 3][8, 26] 
[4, 1, 9, 23, 14, 20][13, 18, 12, 17, 22][19, 0, 28, 7, 24][16, 15, 29, 27][5, 15, 10, 6][8, 19, 12][3, 11, 25][2, 10, 21][8, 26][0, 25][1, 3][7, 27] 
[4, 24, 7, 28, 0, 19][9, 23, 1, 3, 14, 20][13, 18, 12, 17, 22][5, 15, 10, 6][16, 15, 29, 27][8, 19, 12][2, 10, 21][8, 26][6, 13][0, 25][11, 25][3, 11] 
[4, 1, 9, 23, 14, 20][19, 0, 28, 7, 24][13, 18, 12, 17, 22][5, 15, 10, 6][16, 15, 29, 27][2, 10, 21][8, 19, 12][3, 11, 25][7, 27][8, 26][0, 25][1, 3] 
[4, 1, 9, 23, 14, 20][19, 0, 28, 7, 24][13, 18, 12, 17, 22][5, 15, 10, 6][16, 15, 29, 27][2, 10, 21][8, 19, 12][3, 11, 25][7, 27][8, 26][0, 25][1, 3] 
[4, 1, 9, 23, 14, 20][19, 0, 28, 7, 24][13, 18, 12, 17, 22][16, 15, 29, 27][5, 15, 10, 6][3, 11, 25][8, 19, 12][2, 10, 21][0, 25][7, 27][1, 3][8, 26] 
[4, 1, 9, 23, 14, 20][13, 18, 12, 17, 22][19, 0, 28, 7, 24][5, 15, 10, 6][16, 15, 29, 27][2, 10, 21][8, 19, 12][3, 11, 25][6, 13][0, 25][1, 3][8, 26] 
[4, 1, 9, 23, 14, 20][19, 0, 28, 7, 24][13, 18, 12, 17, 22][5, 15, 10, 6][16, 15, 29, 27][3, 11, 25][8, 19, 12][2, 10, 21][1, 3][0, 25][6, 13][8, 26] 
[4, 1, 9, 23, 14, 20][19, 0, 28, 7, 24][13, 18, 12, 17, 22][5, 15, 10, 6][16, 15, 29, 27][8, 19, 12][3, 11, 25][2, 10, 21][0, 25][1, 3][8, 26][6, 13] 
[4, 20, 14, 1, 23, 9][19, 0, 28, 7, 24][13, 18, 12, 17, 22][16, 15, 29, 27][5, 15, 10, 6][8, 19, 22][3, 11, 25][2, 10, 21][8, 26][0, 25][7, 27][1, 3] 
[4, 1, 9, 23, 14, 20][19, 0, 28, 7, 24][13, 18, 12, 17, 22][16, 15, 29, 27][5, 15, 10, 6][2, 10, 21][8, 19, 12][3, 11, 25][7, 27][8, 26][0, 25][1, 3] 
[4, 1, 9, 23, 14, 20][19, 0, 28, 7, 24][13, 18, 12, 17, 22][16, 15, 29, 27][5, 15, 10, 6][2, 10, 21][8, 19, 12][3, 11, 25][7, 27][0, 25][1, 3][8, 26] 
[4, 1, 9, 23, 14, 20][13, 18, 12, 17, 22][19, 0, 28, 7, 24][16, 15, 29, 27][5, 15, 10, 6][8, 19, 12][3, 11, 25][2, 10, 21][8, 26][0, 25][1, 3][7, 27] 
[4, 1, 9, 23, 14, 20][19, 0, 28, 7, 24][13, 18, 12, 17, 22][16, 15, 29, 27][5, 15, 10, 6][3, 11, 25][8, 19, 12][2, 10, 21][1, 3][0, 25][8, 26][7, 27] 
[4, 1, 9, 23, 14, 20][19, 0, 28, 7, 24][13, 18, 12, 17, 22][5, 15, 10, 6][16, 15, 29, 27][8, 19, 12][3, 11, 25][2, 10, 21][0, 25][1, 3][8, 26][6, 13] 
[4, 20, 14, 1, 23, 9][13, 18, 12, 17, 22][19, 0, 28, 7, 24][16, 15, 29, 27][5, 15, 10, 6][8, 19, 22][2, 10, 21][3, 11, 25][7, 27][0, 25][1, 3][8, 26] 
[4, 1, 9, 23, 14, 20][19, 0, 28, 7, 24][13, 18, 12, 17, 22][16, 15, 29, 27][5, 15, 10, 6][3, 11, 25][8, 19, 12][2, 10, 21][0, 25][7, 27][1, 3][8, 26] 
[4, 1, 9, 23, 14, 20][19, 0, 28, 7, 24][13, 18, 12, 17, 22][16, 15, 29, 27][5, 15, 10, 6][8, 19, 12][2, 10, 21][3, 11, 25][7, 27][8, 26][0, 25][1, 3] 
[4, 20, 14, 1, 23, 9][19, 0, 28, 7, 24][13, 18, 12, 17, 22][16, 15, 29, 27][5, 15, 10, 6][8, 19, 22][3, 11, 25][2, 10, 21][8, 26][0, 25][7, 27][1, 3] 
[4, 20, 14, 1, 23, 9][19, 0, 28, 7, 24][13, 18, 12, 17, 22][16, 15, 29, 27][5, 15, 10, 6][8, 19, 22][3, 11, 25][2, 10, 21][8, 26][0, 25][7, 27][1, 3] 
[4, 1, 9, 23, 14, 20][19, 0, 28, 7, 24][13, 18, 12, 17, 22][16, 15, 29, 27][5, 15, 10, 6][3, 11, 25][8, 19, 12][2, 10, 21][0, 25][7, 27][1, 3][8, 26] 
[4, 1, 9, 23, 14, 20][19, 0, 28, 7, 24][13, 18, 12, 17, 22][5, 15, 10, 6][16, 15, 29, 27][2, 10, 21][8, 19, 12][3, 11, 25][7, 27][8, 26][0, 25][1, 3] 
[4, 1, 9, 23, 14, 20][19, 0, 28, 7, 24][13, 18, 12, 17, 22][5, 15, 10, 6][16, 15, 29, 27][2, 10, 21][8, 19, 12][3, 11, 25][7, 27][8, 26][0, 25][1, 3] 
[4, 1, 9, 23, 14, 20][19, 0, 28, 7, 24][13, 18, 12, 17, 22][5, 15, 10, 6][16, 15, 29, 27][2, 10, 21][8, 19, 12][3, 11, 25][7, 27][8, 26][0, 25][1, 3] 
[4, 1, 9, 23, 14, 20][13, 18, 12, 17, 22][19, 0, 28, 7, 24][5, 15, 10, 6][16, 15, 29, 27][2, 10, 21][8, 19, 12][3, 11, 25][6, 13][0, 25][1, 3][8, 26] 
[4, 20, 14, 1, 23, 9][19, 0, 28, 7, 24][13, 18, 12, 17, 22][16, 15, 29, 27][5, 15, 10, 6][8, 19, 22][2, 10, 21][3, 11, 25][7, 27][8, 26][0, 25][1, 3] 
[4, 1, 9, 23, 14, 20][19, 0, 28, 7, 24][13, 18, 12, 17, 22][5, 15, 10, 6][16, 15, 29, 27][2, 10, 21][8, 19, 12][3, 11, 25][7, 27][8, 26][0, 25][1, 3] 
[4, 1, 9, 23, 14, 20][19, 0, 28, 7, 24][13, 18, 12, 17, 22][5, 15, 10, 6][16, 15, 29, 27][2, 10, 21][8, 19, 12][3, 11, 25][7, 27][8, 26][0, 25][1, 3] 
[4, 20, 14, 1, 23, 9][19, 0, 28, 7, 24][13, 18, 12, 17, 22][16, 15, 29, 27][5, 15, 10, 6][8, 19, 22][3, 11, 25][2, 10, 21][0, 25][7, 27][8, 26][1, 3] 
[4, 20, 14, 1, 23, 9][19, 0, 28, 7, 24][13, 18, 12, 17, 22][5, 15, 10, 6][16, 15, 29, 27][2, 10, 21][8, 19, 22][3, 11, 25][7, 27][8, 26][0, 25][1, 3] 
[4, 1, 9, 23, 14, 20][19, 0, 28, 7, 24][13, 18, 12, 17, 22][5, 15, 10, 6][16, 15, 29, 27][2, 10, 21][8, 19, 12][3, 11, 25][7, 27][8, 26][0, 25][1, 3] 
[4, 1, 9, 23, 14, 20][19, 0, 28, 7, 24][13, 18, 12, 17, 22][5, 15, 10, 6][16, 15, 29, 27][2, 10, 21][8, 19, 12][3, 11, 25][7, 27][8, 26][0, 25][1, 3] 
[4, 20, 14, 1, 23, 9][19, 0, 28, 7, 24][13, 18, 12, 17, 22][16, 15, 29, 27][5, 15, 10, 6][8, 19, 22][2, 10, 21][3, 11, 25][7, 27][8, 26][0, 25][1, 3] 
[4, 20, 14, 1, 23, 9][19, 0, 28, 7, 24][13, 18, 12, 17, 22][16, 15, 29, 27][5, 15, 10, 6][8, 19, 22][2, 10, 21][3, 11, 25][7, 27][8, 26][0, 25][1, 3] 
[1, 4, 23, 20, 14, 9, 3, 11, 25, 22, 19, 8, 26][2, 6, 5, 21, 10, 7][19, 0, 28, 7, 24][13, 18, 12, 17, 22][6, 16, 15, 29, 27][8, 19, 22][8, 26][11, 25][13, 18][8, 26][10, 21][8, 26] 
[1, 4, 23, 20, 14, 9, 3, 11, 25, 22, 19, 8, 26][2, 6, 5, 21, 10, 7][19, 0, 28, 7, 24][13, 18, 12, 17, 22][6, 16, 15, 29, 27][8, 19, 22][8, 26][11, 25][13, 18][8, 26][10, 21][8, 26] 
[1, 4, 23, 20, 14, 9, 3, 11, 25, 22, 19, 8, 26][2, 6, 5, 21, 10, 7][19, 0, 28, 7, 24][13, 18, 12, 17, 22][6, 16, 15, 29, 27][8, 19, 22][8, 26][11, 25][13, 18][8, 26][10, 21][8, 26] 
[1, 23, 20, 14, 9, 3, 11, 25, 22, 19, 8, 26][11, 25, 22, 17, 12, 18, 13][2, 6, 5, 21, 10, 7][19, 0, 28, 7, 24][6, 16, 15, 29, 27][10, 21][8, 26][11, 25][8, 26][8, 26][3, 4][11, 25] 
[1, 23, 20, 14, 9, 3, 11, 25, 22, 19, 8, 26][11, 25, 22, 17, 12, 18, 13][2, 6, 5, 21, 10, 7][19, 0, 28, 7, 24][6, 16, 15, 29, 27][10, 21][8, 26][11, 25][8, 26][8, 26][3, 4][11, 25] 
[1, 23, 20, 14, 9, 3, 11, 25, 22, 19, 8, 26][7, 10, 21, 5, 6, 2, 27][19, 0, 28, 7, 24][10, 16, 15, 29, 27][18, 12, 17, 22][3, 11, 25][8, 19, 22][3, 4][8, 26][8, 26][10, 21][13, 18] 
[1, 4, 23, 20, 14, 9, 3, 11, 25, 22, 19, 8, 26][2, 6, 5, 21, 10, 7][19, 0, 28, 7, 24][13, 18, 12, 17, 22][6, 16, 15, 29, 27][8, 19, 22][8, 26][11, 25][13, 18][8, 26][10, 21][8, 26] 
[1, 4, 23, 20, 14, 9, 3, 11, 25, 22, 19, 8, 26][2, 6, 5, 21, 10, 7][19, 0, 28, 7, 24][13, 18, 12, 17, 22][6, 16, 15, 29, 27][8, 19, 22][8, 26][11, 25][13, 18][8, 26][10, 21][8, 26] 
[1, 23, 20, 14, 9, 3, 11, 25, 22, 19, 8, 26][11, 25, 22, 17, 12, 18, 13][2, 6, 5, 21, 10, 7][19, 0, 28, 7, 24][6, 16, 15, 29, 27][10, 21][8, 26][11, 25][8, 26][8, 26][3, 4][11, 25] 
[1, 4, 23, 20, 14, 9, 3, 11, 25, 22, 19, 8, 26][2, 6, 5, 21, 10, 7][19, 0, 28, 7, 24][13, 18, 12, 17, 22][6, 16, 15, 29, 27][8, 19, 22][8, 26][11, 25][13, 18][8, 26][10, 21][8, 26] 
[1, 4, 23, 20, 14, 9, 3, 11, 25, 22, 19, 8, 26][2, 6, 5, 21, 10, 7][19, 0, 28, 7, 24][13, 18, 12, 17, 22][6, 16, 15, 29, 27][8, 19, 22][8, 26][11, 25][13, 18][8, 26][10, 21][8, 26] 
[1, 4, 23, 20, 14, 9, 3, 11, 25, 22, 19, 8, 26][2, 6, 5, 21, 10, 7][19, 0, 28, 7, 24][13, 18, 12, 17, 22][6, 16, 15, 29, 27][8, 19, 22][8, 26][11, 25][13, 18][8, 26][10, 21][8, 26] 
[1, 23, 20, 14, 9, 3, 11, 25, 22, 19, 8, 26][11, 25, 22, 17, 12, 18, 13][2, 6, 5, 21, 10, 7][19, 0, 28, 7, 24][6, 16, 15, 29, 27][10, 21][8, 26][11, 25][8, 26][8, 26][3, 4][11, 25] 
[1, 4, 23, 20, 14, 9, 3, 11, 25, 22, 19, 8, 26][2, 6, 5, 21, 10, 7][19, 0, 28, 7, 24][13, 18, 12, 17, 22][6, 16, 15, 29, 27][8, 19, 22][8, 26][11, 25][13, 18][8, 26][10, 21][8, 26] 
[1, 4, 23, 20, 14, 9, 3, 11, 25, 22, 19, 8, 26][2, 6, 5, 21, 10, 7][19, 0, 28, 7, 24][13, 18, 12, 17, 22][6, 16, 15, 29, 27][8, 19, 22][8, 26][11, 25][13, 18][8, 26][10, 21][8, 26] 
[1, 4, 23, 20, 14, 9, 3, 11, 25, 22, 19, 8, 26][2, 6, 5, 21, 10, 7][19, 0, 28, 7, 24][13, 18, 12, 17, 22][6, 16, 15, 29, 27][8, 19, 22][8, 26][11, 25][13, 18][8, 26][10, 21][8, 26] 
[1, 4, 23, 20, 14, 9, 3, 11, 25, 22, 19, 8, 26][2, 6, 5, 21, 10, 7][19, 0, 28, 7, 24][13, 18, 12, 17, 22][6, 16, 15, 29, 27][8, 19, 22][8, 26][11, 25][13, 18][8, 26][10, 21][8, 26] 
[1, 4, 23, 20, 14, 9, 3, 11, 25, 22, 19, 8, 26][2, 6, 5, 21, 10, 7][19, 0, 28, 7, 24][13, 18, 12, 17, 22][6, 16, 15, 29, 27][8, 19, 22][8, 26][11, 25][13, 18][8, 26][10, 21][8, 26] 
[1, 4, 23, 20, 14, 9, 3, 11, 25, 22, 19, 8, 26][2, 6, 5, 21, 10, 7][19, 0, 28, 7, 24][13, 18, 12, 17, 22][6, 16, 15, 29, 27][8, 19, 22][8, 26][11, 25][13, 18][8, 26][10, 21][8, 26] 
[1, 4, 23, 20, 14, 9, 3, 11, 25, 22, 19, 8, 26][2, 6, 5, 21, 10, 7][19, 0, 28, 7, 24][13, 18, 12, 17, 22][6, 16, 15, 29, 27][8, 19, 22][8, 26][11, 25][13, 18][8, 26][10, 21][8, 26] 
[1, 4, 23, 20, 14, 9, 3, 11, 25, 22, 19, 8, 26][2, 6, 5, 21, 10, 7][13, 18, 12, 17, 22][19, 0, 28, 7, 24][6, 16, 15, 29, 27][8, 26][13, 18][10, 21][11, 25][8, 26][11, 25][8, 26] 
[4, 1, 9, 23, 14, 20][19, 0, 28, 7, 24][13, 18, 12, 17, 22][5, 15, 10, 6][16, 15, 29, 27][8, 19, 12][2, 10, 21][3, 11, 25][6, 13][0, 25][8, 26][1, 3] 
[4, 1, 9, 23, 14, 20][19, 0, 28, 7, 24][13, 18, 12, 17, 22][5, 15, 10, 6][16, 15, 29, 27][8, 19, 12][3, 11, 25][2, 10, 21][8, 26][0, 25][1, 3][6, 13] 
[4, 1, 9, 23, 14, 20][13, 18, 12, 17, 22][19, 0, 28, 7, 24][5, 15, 10, 6][16, 15, 29, 27][2, 10, 21][8, 19, 12][3, 11, 25][6, 13][8, 26][0, 25][1, 3] 
[4, 1, 9, 23, 14, 20][19, 0, 28, 7, 24][13, 18, 12, 17, 22][5, 15, 10, 6][16, 15, 29, 27][8, 19, 12][3, 11, 25][2, 10, 21][8, 26][0, 25][1, 3][6, 13] 
[4, 1, 9, 23, 14, 20][19, 0, 28, 7, 24][13, 18, 12, 17, 22][5, 15, 10, 6][16, 15, 29, 27][8, 19, 12][3, 11, 25][2, 10, 21][8, 26][0, 25][1, 3][6, 13] 
[4, 1, 9, 23, 14, 20][19, 0, 28, 7, 24][13, 18, 12, 17, 22][5, 15, 10, 6][16, 15, 29, 27][8, 19, 12][2, 10, 21][3, 11, 25][8, 26][6, 13][0, 25][1, 3] 
[4, 1, 9, 23, 14, 20][13, 18, 12, 17, 22][19, 0, 28, 7, 24][5, 15, 10, 6][16, 15, 29, 27][2, 10, 21][8, 19, 12][3, 11, 25][6, 13][8, 26][0, 25][1, 3] 
[4, 1, 9, 23, 14, 20][19, 0, 28, 7, 24][13, 18, 12, 17, 22][5, 15, 10, 6][16, 15, 29, 27][8, 19, 12][2, 10, 21][3, 11, 25][8, 26][6, 13][0, 25][1, 3] 
[4, 1, 9, 23, 14, 20][19, 0, 28, 7, 24][13, 18, 12, 17, 22][5, 15, 10, 6][16, 15, 29, 27][8, 19, 12][2, 10, 21][3, 11, 25][6, 13][0, 25][8, 26][1, 3] 
[4, 1, 9, 23, 14, 20][19, 0, 28, 7, 24][13, 18, 12, 17, 22][5, 15, 10, 6][16, 15, 29, 27][8, 19, 12][3, 11, 25][2, 10, 21][8, 26][0, 25][1, 3][6, 13] 
[4, 1, 9, 23, 14, 20][19, 0, 28, 7, 24][13, 18, 12, 17, 22][5, 15, 10, 6][16, 15, 29, 27][3, 11, 25][8, 19, 12][2, 10, 21][1, 3][0, 25][6, 13][8, 26] 
[4, 1, 9, 23, 14, 20][13, 18, 12, 17, 22][19, 0, 28, 7, 24][5, 15, 10, 6][16, 15, 29, 27][8, 19, 12][2, 10, 21][3, 11, 25][6, 13][8, 26][0, 25][1, 3] 
[4, 1, 9, 23, 14, 20][19, 0, 28, 7, 24][13, 18, 12, 17, 22][5, 15, 10, 6][16, 15, 29, 27][8, 19, 12][2, 10, 21][3, 11, 25][8, 26][6, 13][0, 25][1, 3] 
[4, 1, 9, 23, 14, 20][19, 0, 28, 7, 24][13, 18, 12, 17, 22][5, 15, 10, 6][16, 15, 29, 27][8, 19, 12][3, 11, 25][2, 10, 21][8, 26][0, 25][1, 3][6, 13] 
[4, 1, 9, 23, 14, 20][19, 0, 28, 7, 24][13, 18, 12, 17, 22][5, 15, 10, 6][16, 15, 29, 27][8, 19, 12][2, 10, 21][3, 11, 25][6, 13][0, 25][8, 26][1, 3] 
[4, 20, 14, 1, 23, 9][19, 0, 28, 7, 24][13, 18, 12, 17, 22][16, 15, 29, 27][5, 15, 10, 6][3, 11, 25][8, 19, 22][2, 10, 21][1, 3][0, 25][8, 26][7, 27] 
[4, 20, 14, 1, 23, 9][13, 18, 12, 17, 22][19, 0, 28, 7, 24][16, 15, 29, 27][5, 15, 10, 6][8, 19, 22][2, 10, 21][3, 11, 25][7, 27][0, 25][1, 3][8, 26] 
[4, 20, 14, 1, 23, 9][19, 0, 28, 7, 24][13, 18, 12, 17, 22][5, 15, 10, 6][16, 15, 29, 27][2, 10, 21][8, 19, 22][3, 11, 25][7, 27][8, 26][0, 25][1, 3] 
[4, 20, 14, 1, 23, 9][19, 0, 28, 7, 24][13, 18, 12, 17, 22][16, 15, 29, 27][5, 15, 10, 6][8, 19, 22][2, 10, 21][3, 11, 25][7, 27][0, 25][1, 3][8, 26] 
[4, 20, 14, 1, 23, 9][13, 18, 12, 17, 22][19, 0, 28, 7, 24][16, 15, 29, 27][5, 15, 10, 6][8, 19, 22][3, 11, 25][2, 10, 21][0, 25][8, 26][1, 3][7, 27] 
[4, 1, 9, 23, 14, 20][19, 0, 28, 7, 24][13, 18, 12, 17, 22][16, 15, 29, 27][5, 15, 10, 6][3, 11, 25][8, 19, 22][2, 21, 10][1, 3][0, 25][8, 26][7, 27] 
[4, 1, 9, 23, 14, 20][19, 0, 28, 7, 24][13, 18, 12, 17, 22][5, 15, 10, 6][16, 15, 29, 27][8, 19, 12][3, 11, 25][2, 10, 21][8, 26][0, 25][1, 3][6, 13] 
[4, 1, 9, 23, 14, 20][19, 0, 28, 7, 24][13, 18, 12, 17, 22][5, 15, 10, 6][16, 15, 29, 27][8, 19, 12][3, 11, 25][2, 10, 21][8, 26][0, 25][1, 3][6, 13] 
[4, 1, 9, 23, 14, 20][19, 0, 28, 7, 24][13, 18, 12, 17, 22][5, 15, 10, 6][16, 15, 29, 27][3, 11, 25][8, 19, 12][2, 10, 21][1, 3][0, 25][6, 13][8, 26] 
[4, 1, 9, 23, 14, 20][13, 18, 12, 17, 22][19, 0, 28, 7, 24][5, 15, 10, 6][16, 15, 29, 27][2, 10, 21][8, 19, 12][3, 11, 25][6, 13][8, 26][0, 25][1, 3] 
[4, 1, 9, 23, 14, 20][13, 18, 12, 17, 22][19, 0, 28, 7, 24][5, 15, 10, 6][16, 15, 29, 27][8, 19, 12][2, 10, 21][3, 11, 25][6, 13][8, 26][0, 25][1, 3] 
[4, 1, 9, 23, 14, 20][13, 18, 12, 17, 22][19, 0, 28, 7, 24][16, 15, 29, 27][5, 15, 10, 6][8, 19, 22][3, 11, 25][2, 10, 21][0, 25][7, 27][8, 26][1, 3] 
[4, 1, 9, 23, 14, 20][19, 0, 28, 7, 24][13, 18, 12, 17, 22][5, 15, 10, 6][16, 15, 29, 27][8, 19, 12][2, 10, 21][3, 11, 25][6, 13][0, 25][8, 26][1, 3] 
[4, 20, 14, 1, 23, 9][19, 0, 28, 7, 24][13, 18, 12, 17, 22][16, 15, 29, 27][5, 15, 10, 6][2, 10, 21][8, 19, 22][3, 11, 25][7, 27][8, 26][0, 25][1, 3] 
[4, 20, 14, 1, 23, 9][13, 18, 12, 17, 22][19, 0, 28, 7, 24][16, 15, 29, 27][5, 15, 10, 6][8, 19, 22][2, 10, 21][3, 11, 25][7, 27][0, 25][1, 3][8, 26] 
[4, 20, 14, 1, 23, 9][13, 18, 12, 17, 22][19, 0, 28, 7, 24][16, 15, 29, 27][5, 15, 10, 6][8, 19, 22][2, 10, 21][3, 11, 25][7, 27][0, 25][1, 3][8, 26] 
[4, 20, 14, 1, 23, 9][13, 18, 12, 17, 22][19, 0, 28, 7, 24][16, 15, 29, 27][5, 15, 10, 6][8, 19, 22][2, 10, 21][3, 11, 25][7, 27][0, 25][1, 3][8, 26] 
[4, 20, 14, 1, 23, 9][19, 0, 28, 7, 24][13, 18, 12, 17, 22][16, 15, 29, 27][5, 15, 10, 6][3, 11, 25][8, 19, 22][2, 10, 21][1, 3][0, 25][8, 26][7, 27] 
[4, 20, 14, 1, 23, 9][19, 0, 28, 7, 24][13, 18, 12, 17, 22][16, 15, 29, 27][5, 15, 10, 6][2, 10, 21][8, 19, 22][3, 11, 25][7, 27][8, 26][0, 25][1, 3] 
[4, 20, 14, 1, 23, 9][13, 18, 12, 17, 22][19, 0, 28, 7, 24][16, 15, 29, 27][5, 15, 10, 6][8, 19, 22][2, 10, 21][3, 11, 25][7, 27][0, 25][1, 3][8, 26] 
[4, 20, 14, 1, 23, 9][19, 0, 28, 7, 24][13, 18, 12, 17, 22][16, 15, 29, 27][5, 15, 10, 6][3, 11, 25][8, 19, 22][2, 10, 21][1, 3][0, 25][8, 26][7, 27] 
[4, 20, 14, 1, 23, 9][19, 0, 28, 7, 24][13, 18, 12, 17, 22][16, 15, 29, 27][5, 15, 10, 6][8, 19, 22][3, 11, 25][2, 10, 21][0, 25][7, 27][8, 26][1, 3] 
[4, 20, 14, 1, 23, 9][19, 0, 28, 7, 24][13, 18, 12, 17, 22][16, 15, 29, 27][5, 15, 10, 6][8, 19, 22][2, 10, 21][3, 11, 25][7, 27][8, 26][0, 25][1, 3] 
[4, 20, 14, 1, 23, 9][19, 0, 28, 7, 24][13, 18, 12, 17, 22][16, 15, 29, 27][5, 15, 10, 6][2, 10, 21][8, 19, 22][3, 11, 25][7, 27][8, 26][0, 25][1, 3] 
[4, 20, 14, 1, 23, 9][13, 18, 12, 17, 22][19, 0, 28, 7, 24][16, 15, 29, 27][5, 15, 10, 6][8, 19, 22][3, 11, 25][2, 10, 21][0, 25][8, 26][1, 3][7, 27] 
[4, 20, 14, 1, 23, 9][19, 0, 28, 7, 24][13, 18, 12, 17, 22][16, 15, 29, 27][5, 15, 10, 6][2, 10, 21][8, 19, 22][3, 11, 25][7, 27][8, 26][0, 25][1, 3] 
[4, 20, 14, 1, 23, 9][19, 0, 28, 7, 24][13, 18, 12, 17, 22][16, 15, 29, 27][5, 15, 10, 6][8, 19, 22][2, 10, 21][3, 11, 25][7, 27][8, 26][0, 25][1, 3] 
[4, 20, 14, 1, 23, 9][19, 0, 28, 7, 24][13, 18, 12, 17, 22][16, 15, 29, 27][5, 15, 10, 6][3, 11, 25][8, 19, 22][2, 10, 21][1, 3][0, 25][8, 26][7, 27] 
[4, 1, 9, 23, 3, 14, 20][19, 0, 28, 7, 24][13, 18, 12, 17, 22][16, 15, 29, 27][5, 15, 10, 6][8, 19, 22][2, 21, 10][11, 25][3, 11][0, 25][8, 26][7, 27] 
[4, 1, 9, 23, 3, 14, 20][19, 0, 28, 7, 24][13, 18, 12, 17, 22][16, 15, 29, 27][5, 15, 10, 6][8, 19, 22][2, 21, 10][11, 25][3, 11][0, 25][8, 26][7, 27] 
[4, 1, 9, 23, 3, 14, 20][19, 0, 28, 7, 24][13, 18, 12, 17, 22][16, 15, 29, 27][5, 15, 10, 6][8, 19, 22][2, 21, 10][11, 25][3, 11][0, 25][8, 26][7, 27] 
[4, 1, 9, 23, 3, 14, 20][19, 0, 28, 7, 24][13, 18, 12, 17, 22][16, 15, 29, 27][5, 15, 10, 6][8, 19, 22][2, 21, 10][11, 25][3, 11][0, 25][8, 26][7, 27] 
[4, 1, 9, 23, 3, 14, 20][19, 0, 28, 7, 24][13, 18, 12, 17, 22][16, 15, 29, 27][5, 15, 10, 6][8, 19, 22][2, 21, 10][11, 25][3, 11][0, 25][8, 26][7, 27] 
[4, 20, 14, 3, 1, 23, 9][19, 0, 28, 7, 24][13, 18, 12, 17, 22][16, 15, 29, 27][5, 15, 10, 6][2, 21, 10][0, 25, 11][8, 19, 22][7, 27][8, 26][3, 11][1, 3] 
[4, 1, 9, 23, 14, 20][19, 0, 28, 7, 24][13, 18, 12, 17, 22][16, 15, 29, 27][5, 15, 10, 6][2, 10, 21][8, 19, 22][3, 11, 25][7, 27][8, 26][0, 25][1, 3] 
[4, 1, 9, 23, 14, 20][19, 0, 28, 7, 24][13, 18, 12, 17, 22][16, 15, 29, 27][5, 15, 10, 6][3, 11, 25][8, 19, 22][2, 10, 21][0, 25][7, 27][1, 3][8, 26] 
[4, 1, 9, 23, 14, 20][13, 18, 12, 17, 22][19, 0, 28, 7, 24][16, 15, 29, 27][5, 15, 10, 6][8, 19, 22][3, 11, 25][2, 10, 21][0, 25][7, 27][8, 26][1, 3] 
[4, 1, 9, 23, 14, 20][13, 18, 12, 17, 22][19, 0, 28, 7, 24][16, 15, 29, 27][5, 15, 10, 6][8, 19, 22][3, 11, 25][2, 10, 21][0, 25][7, 27][8, 26][1, 3] 
[4, 1, 9, 23, 14, 20][13, 18, 12, 17, 22][19, 0, 28, 7, 24][16, 15, 29, 27][5, 15, 10, 6][8, 19, 22][3, 11, 25][2, 10, 21][0, 25][7, 27][8, 26][1, 3] 
[4, 20, 14, 1, 23, 9][19, 0, 28, 7, 24][13, 18, 12, 17, 22][5, 15, 10, 6][16, 15, 29, 27][2, 10, 21][8, 19, 22][3, 11, 25][7, 27][0, 25][8, 26][1, 3] 
[4, 1, 9, 23, 14, 20][19, 0, 28, 7, 24][13, 18, 12, 17, 22][16, 15, 29, 27][5, 15, 10, 6][8, 19, 12][2, 10, 21][3, 11, 25][7, 27][8, 26][0, 25][1, 3] 
