[4, 3, 1, 9, 23, 14, 11][16, 28, 7, 20, 24][17, 19, 12, 8, 26][6, 13, 18, 22][2, 10, 21, 5][0, 18, 19][27, 15, 29][25, 28][17, 28][6, 15][2, 29][11, 25] 
[4, 3, 1, 9, 23, 14, 11][17, 19, 12, 8, 26][6, 13, 18, 22][16, 7, 20, 24][2, 10, 21, 5][0, 18, 19][27, 15, 29][7, 25, 28][17, 28][6, 15][2, 29][11, 25] 
[17, 19, 12, 8, 26][4, 23, 1, 3, 9][6, 13, 18, 22][16, 7, 20, 24][23, 14, 11, 25][2, 10, 21, 5][0, 18, 19][7, 25, 28][27, 15, 29][17, 28][6, 15][2, 29] 
[4, 3, 1, 9, 23, 14, 11, 25][17, 19, 12, 8, 26][16, 7, 20, 24][6, 13, 18, 22][2, 10, 21, 5][0, 18, 19][27, 15, 29][7, 28][17, 28][6, 15][2, 29][25, 28] 
[4, 3, 1, 9, 23, 14, 11][17, 19, 12, 8, 26][6, 13, 18, 22][16, 7, 20, 24][2, 10, 21, 5][0, 18, 19][7, 25, 28][27, 15, 29][17, 28][6, 15][2, 29][11, 25] 
[4, 3, 1, 9, 23, 14, 11][17, 19, 12, 8, 26][2, 10, 21, 5][6, 13, 18, 22][16, 7, 20, 24][27, 15, 29][0, 18, 19][7, 25, 28][2, 29][6, 15][17, 28][11, 25] 
[4, 3, 1, 9, 23, 14, 11][17, 19, 12, 8, 26][6, 13, 18, 22][16, 7, 20, 24][2, 10, 21, 5][0, 18, 19][27, 15, 29][7, 25, 28][6, 15][17, 28][2, 29][11, 25] 
[4, 3, 1, 9, 23, 14, 11][17, 19, 12, 8, 26][16, 7, 20, 24][6, 13, 18, 22][2, 10, 21, 5][7, 25, 28][0, 18, 19][27, 15, 29][11, 25][17, 28][6, 15][2, 29] 
[4, 3, 1, 9, 23, 14, 11][17, 19, 12, 8, 26][16, 7, 20, 24][6, 13, 18, 22][2, 10, 21, 5][7, 25, 28][0, 18, 19][27, 15, 29][11, 25][17, 28][6, 15][2, 29] 
[4, 3, 1, 9, 23, 14, 11][17, 19, 12, 8, 26][16, 7, 20, 24][6, 13, 18, 22][2, 10, 21, 5][7, 25, 28][0, 18, 19][27, 15, 29][11, 25][17, 28][6, 15][2, 29] 
[4, 3, 1, 9, 23, 14, 11][17, 19, 12, 8, 26][16, 28, 7, 20, 24][2, 10, 21, 5][6, 13, 18, 22][27, 15, 29][0, 18, 19][2, 29][6, 15][17, 28][25, 28][11, 25] 
[4, 3, 1, 9, 23, 14, 11][17, 19, 12, 8, 26][16, 7, 20, 24][6, 13, 18, 22][2, 10, 21, 5][7, 25, 28][0, 18, 19][27, 15, 29][17, 28][11, 25][6, 15][2, 29] 
[4, 3, 1, 9, 23, 14, 11][17, 19, 12, 8, 26][6, 13, 18, 22][16, 7, 20, 24][2, 10, 21, 5][0, 18, 19][27, 15, 29][7, 25, 28][6, 15][17, 28][2, 29][11, 25] 
[4, 3, 1, 9, 23, 14, 11][17, 19, 12, 8, 26][16, 7, 20, 24][6, 13, 18, 22][2, 10, 21, 5][7, 25, 28][0, 18, 19][27, 15, 29][17, 28][11, 25][6, 15][2, 29] 
[4, 3, 1, 9, 23, 14, 11][17, 19, 12, 8, 26][16, 7, 20, 24][6, 13, 18, 22][2, 10, 21, 5][7, 25, 28][0, 18, 19][27, 15, 29][17, 28][11, 25][6, 15][2, 29] 
[4, 3, 1, 9, 23, 14, 11][17, 19, 12, 8, 26][16, 7, 20, 24][6, 13, 18, 22][2, 10, 21, 5][7, 25, 28][0, 18, 19][27, 15, 29][11, 25][17, 28][6, 15][2, 29] 
[4, 3, 1, 9, 23, 14, 11][17, 19, 12, 8, 26][16, 28, 7, 20, 24][6, 13, 18, 22][2, 10, 21, 5][0, 18, 19][27, 15, 29][11, 25][25, 28][17, 28][6, 15][2, 29] 
[4, 3, 1, 9, 23, 14, 11][17, 19, 12, 8, 26][16, 7, 20, 24][6, 13, 18, 22][2, 10, 21, 5][7, 25, 28][0, 18, 19][27, 15, 29][11, 25][17, 28][6, 15][2, 29] 
[4, 3, 1, 9, 23, 14, 11][17, 19, 12, 8, 26][16, 7, 20, 24][6, 13, 18, 22][2, 10, 21, 5][7, 25, 28][0, 18, 19][27, 15, 29][11, 25][17, 28][6, 15][2, 29] 
[4, 3, 1, 9, 23, 14, 11][17, 19, 12, 8, 26][16, 28, 7, 20, 24][6, 13, 18, 22][2, 10, 21, 5][0, 18, 19][27, 15, 29][11, 25][25, 28][17, 28][6, 15][2, 29] 
[4, 3, 1, 9, 23, 14, 11][16, 28, 7, 20, 24][17, 19, 12, 8, 26][6, 13, 18, 22][2, 10, 21, 5][0, 18, 19][27, 15, 29][25, 28][17, 28][6, 15][2, 29][11, 25] 
[4, 3, 1, 9, 23, 14, 11][17, 19, 12, 8, 26][6, 13, 18, 22][16, 7, 20, 24][2, 10, 21, 5][0, 18, 19][27, 15, 29][7, 25, 28][6, 15][17, 28][11, 25][2, 29] 
[17, 19, 12, 8, 26][4, 23, 1, 3, 9][6, 13, 18, 22][2, 10, 21, 5][23, 14, 11, 25][16, 7, 20, 24][0, 18, 19][27, 15, 29][7, 25, 28][6, 15][2, 29][17, 28] 
[4, 3, 1, 9, 23, 14, 11][17, 19, 12, 8, 26][16, 7, 20, 24][6, 13, 18, 22][2, 10, 21, 5][7, 25, 28][0, 18, 19][27, 15, 29][11, 25][17, 28][6, 15][2, 29] 
[4, 3, 1, 9, 23, 14, 11][17, 19, 12, 8, 26][16, 7, 20, 24][6, 13, 18, 22][2, 10, 21, 5][7, 25, 28][0, 18, 19][27, 15, 29][11, 25][17, 28][6, 15][2, 29] 
[4, 3, 1, 9, 23, 14, 11][17, 19, 12, 8, 26][16, 7, 20, 24][6, 13, 18, 22][2, 10, 21, 5][7, 25, 28][0, 18, 19][27, 15, 29][11, 25][17, 28][6, 15][2, 29] 
[4, 3, 1, 9, 23, 14, 11][17, 19, 12, 8, 26][16, 28, 7, 20, 24][6, 13, 18, 22][2, 10, 21, 5][0, 18, 19][27, 15, 29][11, 25][25, 28][17, 28][6, 15][2, 29] 
[4, 3, 1, 9, 23, 14, 11][17, 19, 12, 8, 26][16, 7, 20, 24][6, 13, 18, 22][2, 10, 21, 5][7, 25, 28][0, 18, 19][27, 15, 29][11, 25][17, 28][6, 15][2, 29] 
[4, 3, 1, 9, 23, 14, 11][17, 19, 12, 8, 26][16, 7, 20, 24][6, 13, 18, 22][2, 10, 21, 5][7, 25, 28][0, 18, 19][27, 15, 29][17, 28][11, 25][6, 15][2, 29] 
[4, 3, 1, 9, 23, 14, 11][16, 28, 7, 20, 24][17, 19, 12, 8, 26][6, 13, 18, 22][2, 10, 21, 5][0, 18, 19][27, 15, 29][17, 28][25, 28][11, 25][6, 15][2, 29] 
[4, 3, 1, 9, 23, 14, 11][16, 28, 7, 20, 24][17, 19, 12, 8, 26][6, 13, 18, 22][2, 10, 21, 5][0, 18, 19][27, 15, 29][17, 28][25, 28][11, 25][6, 15][2, 29] 
[4, 3, 1, 9, 23, 14, 11][17, 19, 12, 8, 26][16, 7, 20, 24][6, 13, 18, 22][2, 10, 21, 5][7, 25, 28][0, 18, 19][27, 15, 29][11, 25][17, 28][6, 15][2, 29] 
[4, 3, 1, 9, 23, 14, 11][17, 19, 12, 8, 26][16, 7, 20, 24][6, 13, 18, 22][2, 10, 21, 5][7, 25, 28][0, 18, 19][27, 15, 29][11, 25][17, 28][6, 15][2, 29] 
[4, 3, 1, 9, 23, 14, 11][17, 19, 12, 8, 26][16, 28, 7, 20, 24][6, 13, 18, 22][2, 10, 21, 5][0, 18, 19][27, 15, 29][11, 25][25, 28][17, 28][6, 15][2, 29] 
[4, 3, 1, 9, 23, 14, 11][17, 19, 12, 8, 26][16, 28, 7, 20, 24][6, 13, 18, 22][2, 10, 21, 5][0, 18, 19][27, 15, 29][11, 25][25, 28][17, 28][6, 15][2, 29] 
[11, 25, 7, 4, 23, 1, 14, 9, 3, 24][10, 21, 5, 15, 6, 16, 28, 17, 11][8, 26, 0, 13, 18, 22, 12, 17][6, 2, 29][0, 26][20, 23][5, 21][6, 15][15, 27][3, 9][12, 19][6, 15] 
[11, 25, 7, 4, 23, 1, 14, 9, 3, 24][8, 26, 0, 13, 18, 22, 12, 17, 11][10, 21, 5, 15, 6, 16, 28, 17][6, 2, 29][20, 23][15, 27][12, 19][0, 26][3, 9][0, 26][5, 21][6, 15] 
[11, 25, 7, 4, 23, 1, 14, 9, 3, 24][10, 21, 5, 15, 6, 16, 28, 17, 11][8, 26, 0, 13, 18, 22, 12, 17][6, 2, 29][0, 26][20, 23][5, 21][6, 15][15, 27][3, 9][12, 19][6, 15] 
[19, 22, 17, 11, 25, 7, 4, 23, 1, 14, 9, 3, 24, 20][8, 26, 0, 13, 18, 22, 12][10, 21, 5, 15, 6, 16, 28][6, 2, 29][6, 13][15, 27][5, 21][5, 21][5, 21][0, 26][15, 27][3, 9] 
[19, 22, 17, 11, 25, 7, 4, 23, 1, 14, 9, 3, 24, 20][8, 26, 0, 13, 18, 22, 12][10, 21, 5, 15, 6, 16, 28][6, 2, 29][6, 13][15, 27][5, 21][5, 21][5, 21][0, 26][15, 27][3, 9] 
[8, 26, 0, 13, 18, 22, 12, 17, 11][24, 3, 9, 14, 1, 23, 4, 7, 25][10, 21, 5, 15, 6, 16, 28, 17][6, 2, 29][6, 15][12, 19][20, 23][15, 27][6, 15][11, 25][6, 15][3, 9] 
[11, 25, 7, 4, 23, 1, 14, 9, 3, 24][10, 21, 5, 15, 6, 16, 28, 17, 11][8, 26, 0, 13, 18, 22, 12, 17][6, 2, 29][1, 23, 20][0, 26][5, 21][6, 15][15, 27][3, 9][12, 19][6, 15] 
[11, 25, 7, 4, 23, 1, 14, 9, 3, 24][8, 26, 0, 13, 18, 22, 12, 17, 11][10, 21, 5, 15, 6, 16, 28, 17][6, 2, 29][20, 23][15, 27][12, 19][0, 26][3, 9][0, 26][5, 21][6, 15] 
[19, 22, 17, 11, 25, 7, 4, 23, 1, 14, 9, 3, 24, 20][8, 26, 0, 13, 18, 22, 12][10, 21, 5, 15, 6, 16, 28][6, 2, 29][6, 13][15, 27][5, 21][5, 21][5, 21][0, 26][15, 27][3, 9] 
[11, 25, 7, 4, 23, 1, 14, 9, 3, 24][8, 26, 0, 13, 18, 22, 12, 17, 11][10, 21, 5, 15, 6, 16, 28, 17][6, 2, 29][20, 23][15, 27][12, 19][0, 26][3, 9][0, 26][5, 21][6, 15] 
[11, 25, 7, 4, 23, 1, 14, 9, 3, 24][10, 21, 5, 15, 6, 16, 28, 17, 11][8, 26, 0, 13, 18, 22, 12, 17][6, 2, 29][1, 23, 20][0, 26][5, 21][6, 15][15, 27][3, 9][12, 19][6, 15] 
[11, 25, 7, 4, 23, 1, 14, 9, 3, 24][8, 26, 0, 13, 18, 22, 12, 17, 11][10, 21, 5, 15, 6, 16, 28, 17][6, 2, 29][20, 23][15, 27][12, 19][0, 26][3, 9][0, 26][5, 21][6, 15] 
[11, 25, 7, 4, 23, 1, 14, 9, 3, 24][8, 26, 0, 13, 18, 22, 12, 17, 11][10, 21, 5, 15, 6, 16, 28][13, 6, 2, 29][0, 26][20, 23][5, 21][6, 15][15, 27][3, 9][12, 19][6, 15] 
[11, 25, 7, 4, 23, 1, 14, 9, 3, 24][8, 26, 0, 13, 18, 22, 12, 17, 11][10, 21, 5, 15, 6, 16, 28, 17][6, 2, 29][20, 23][15, 27][12, 19][0, 26][3, 9][0, 26][5, 21][6, 15] 
[11, 25, 7, 4, 23, 1, 14, 9, 3, 24][8, 26, 0, 13, 18, 22, 12, 17, 11][10, 21, 5, 15, 6, 16, 28, 17][6, 2, 29][20, 23][15, 27][12, 19][0, 26][3, 9][0, 26][5, 21][6, 15] 
[19, 22, 17, 11, 25, 7, 4, 23, 1, 14, 9, 3, 24][10, 21, 5, 15, 6, 16, 28, 17][8, 26, 0, 13, 18, 22][6, 2, 29][0, 26][20, 23][5, 21][6, 15][15, 27][3, 9][12, 19][6, 15] 
[19, 22, 17, 11, 25, 7, 4, 23, 1, 14, 9, 3, 24, 20][10, 21, 5, 15, 6, 16, 28, 17, 11][8, 26, 0, 13, 18, 22, 12, 17][6, 2, 29][0, 26][20, 23][5, 21][6, 15][15, 27][3, 9][12, 19][6, 15] 
[19, 22, 17, 11, 25, 7, 4, 23, 1, 14, 9, 3, 24, 20][8, 26, 0, 13, 18, 22, 12][10, 21, 5, 15, 6, 16, 28][6, 2, 29][6, 13][15, 27][5, 21][5, 21][5, 21][0, 26][15, 27][3, 9] 
[11, 25, 7, 4, 23, 1, 14, 9, 3, 24][8, 26, 0, 13, 18, 22, 12, 17, 11][10, 21, 5, 15, 6, 16, 28, 17][6, 2, 29][20, 23][15, 27][12, 19][0, 26][3, 9][0, 26][5, 21][6, 15] 
[11, 25, 7, 4, 23, 1, 14, 9, 3, 24][10, 21, 5, 15, 6, 16, 28, 17, 11][8, 26, 0, 13, 18, 22, 12, 17, 11][6, 2, 29][0, 26][20, 23][5, 21][6, 15][15, 27][3, 9][12, 19][6, 15] 
[11, 25, 7, 4, 23, 1, 14, 9, 3, 24][8, 26, 0, 13, 18, 22, 12, 17, 11][10, 21, 5, 15, 6, 16, 28, 17][6, 2, 29][20, 23][15, 27][12, 19][0, 26][3, 9][0, 26][5, 21][6, 15] 
[4, 3, 1, 9, 23, 14, 11][17, 19, 12, 8, 26][16, 7, 20, 24][6, 13, 18, 22][2, 10, 21, 5][7, 25, 28][0, 18, 19][27, 15, 29][17, 28][11, 25][6, 15][2, 29] 
[4, 3, 1, 9, 23, 14, 11][17, 19, 12, 8, 26][16, 7, 20, 24][6, 13, 18, 22][2, 10, 21, 5][7, 25, 28][0, 18, 19][27, 15, 29][17, 28][11, 25][6, 15][2, 29] 
[4, 3, 1, 9, 23, 14, 11][17, 19, 12, 8, 26][6, 13, 18, 22][16, 7, 20, 24][2, 10, 21, 5][0, 18, 19][27, 15, 29][7, 25, 28][6, 15][17, 28][2, 29][11, 25] 
[4, 3, 1, 9, 23, 14, 11][17, 19, 12, 8, 26][16, 7, 20, 24][6, 13, 18, 22][2, 10, 21, 5][7, 25, 28][0, 18, 19][27, 15, 29][11, 25][17, 28][6, 15][2, 29] 
[4, 3, 1, 9, 23, 14, 11][17, 19, 12, 8, 26][2, 10, 21, 5][6, 13, 18, 22][16, 7, 20, 24][27, 15, 29][0, 18, 19][7, 25, 28][2, 29][6, 15][17, 28][11, 25] 
[4, 3, 1, 9, 23, 14, 11][17, 19, 12, 8, 26][16, 7, 20, 24][6, 13, 18, 22][2, 10, 21, 5][7, 25, 28][0, 18, 19][27, 15, 29][17, 28][11, 25][6, 15][2, 29] 
[4, 3, 1, 9, 23, 14, 11][17, 19, 12, 8, 26][2, 10, 21, 5][6, 13, 18, 22][16, 7, 20, 24][27, 15, 29][0, 18, 19][7, 25, 28][2, 29][6, 15][17, 28][11, 25] 
[4, 3, 1, 9, 23, 14, 11][17, 19, 12, 8, 26][16, 7, 20, 24][6, 13, 18, 22][2, 10, 21, 5][7, 25, 28][0, 18, 19][27, 15, 29][17, 28][11, 25][6, 15][2, 29] 
[4, 3, 1, 9, 23, 14, 11][17, 19, 12, 8, 26][16, 7, 20, 24][6, 13, 18, 22][2, 10, 21, 5][7, 25, 28][0, 18, 19][27, 15, 29][11, 25][17, 28][6, 15][2, 29] 
[4, 3, 1, 9, 23, 14, 11][17, 19, 12, 8, 26][16, 7, 20, 24][6, 13, 18, 22][2, 10, 21, 5][7, 25, 28][0, 18, 19][27, 15, 29][17, 28][6, 15][11, 25][2, 29] 
[4, 3, 1, 9, 23, 14, 11][17, 19, 12, 8, 26][6, 13, 18, 22][16, 7, 20, 24][2, 10, 21, 5][0, 18, 19][27, 15, 29][7, 25, 28][6, 15][17, 28][11, 25][2, 29] 
[4, 3, 1, 9, 23, 14, 11][17, 19, 12, 8, 26][16, 7, 20, 24][6, 13, 18, 22][2, 10, 21, 5][7, 25, 28][0, 18, 19][27, 15, 29][17, 28][6, 15][11, 25][2, 29] 
[4, 3, 1, 9, 23, 14, 11][17, 19, 12, 8, 26][2, 10, 21, 5][6, 13, 18, 22][16, 7, 20, 24][27, 15, 29][0, 18, 19][7, 25, 28][2, 29][6, 15][17, 28][11, 25] 
[4, 3, 1, 9, 23, 14, 11][17, 19, 12, 8, 26][16, 7, 20, 24][6, 13, 18, 22][2, 10, 21, 5][7, 25, 28][0, 18, 19][27, 15, 29][11, 25][17, 28][6, 15][2, 29] 
[4, 3, 1, 9, 23, 14, 11][17, 19, 12, 8, 26][6, 13, 18, 22][16, 7, 20, 24][2, 10, 21, 5][0, 18, 19][27, 15, 29][7, 25, 28][17, 28][6, 15][2, 29][11, 25] 
[4, 3, 1, 9, 23, 14, 11][17, 19, 12, 8, 26][16, 28, 7, 20, 24][6, 13, 18, 22][2, 10, 21, 5][0, 18, 19][27, 15, 29][11, 25][25, 28][17, 28][6, 15][2, 29] 
[4, 3, 1, 9, 23, 14, 11][17, 19, 12, 8, 26][16, 28, 7, 20, 24][6, 13, 18, 22][2, 10, 21, 5][0, 18, 19][27, 15, 29][11, 25][25, 28][17, 28][6, 15][2, 29] 
[4, 3, 1, 9, 23, 14, 11][16, 28, 7, 20, 24][17, 19, 12, 8, 26][6, 13, 18, 22][2, 10, 21, 5][0, 18, 19][27, 15, 29][11, 25][25, 28][17, 28][6, 15][2, 29] 
[4, 3, 1, 9, 23, 14, 11][17, 19, 12, 8, 26][16, 28, 7, 20, 24][6, 13, 18, 22][2, 10, 21, 5][0, 18, 19][27, 15, 29][11, 25][25, 28][17, 28][6, 15][2, 29] 
[4, 3, 1, 9, 23, 14, 11][16, 28, 7, 20, 24][17, 19, 12, 8, 26][6, 13, 18, 22][2, 10, 21, 5][0, 18, 19][27, 15, 29][25, 28][17, 28][6, 15][2, 29][11, 25] 
[17, 19, 12, 8, 26][16, 28, 7, 20, 24][4, 23, 1, 3, 9][6, 13, 18, 22][2, 10, 21, 5][23, 14, 11, 25][0, 18, 19][27, 15, 29][6, 15][2, 29][17, 28][25, 28] 
[4, 3, 1, 9, 23, 14, 11][17, 19, 12, 8, 26][6, 13, 18, 22][2, 10, 21, 5][16, 7, 20, 24][27, 15, 29][0, 18, 19][7, 25, 28][6, 15][2, 29][17, 28][11, 25] 
[4, 3, 1, 9, 23, 14, 11][17, 19, 12, 8, 26][6, 13, 18, 22][16, 7, 20, 24][2, 10, 21, 5][0, 18, 19][27, 15, 29][7, 25, 28][6, 15][17, 28][11, 25][2, 29] 
[4, 3, 1, 9, 23, 14, 11][17, 19, 12, 8, 26][2, 10, 21, 5][6, 13, 18, 22][16, 7, 20, 24][27, 15, 29][0, 18, 19][7, 25, 28][2, 29][6, 15][17, 28][11, 25] 
[4, 3, 1, 9, 23, 14, 11][17, 19, 12, 8, 26][16, 7, 20, 24][6, 13, 18, 22][2, 10, 21, 5][7, 25, 28][0, 18, 19][27, 15, 29][11, 25][17, 28][6, 15][2, 29] 
[4, 3, 1, 9, 23, 14, 11][17, 19, 12, 8, 26][6, 13, 18, 22][2, 10, 21, 5][16, 7, 20, 24][27, 15, 29][0, 18, 19][7, 25, 28][6, 15][2, 29][17, 28][11, 25] 
[4, 3, 1, 9, 23, 14, 11][17, 19, 12, 8, 26][16, 7, 20, 24][6, 13, 18, 22][2, 10, 21, 5][7, 25, 28][0, 18, 19][27, 15, 29][17, 28][11, 25][6, 15][2, 29] 
[4, 3, 1, 9, 23, 14, 11][17, 19, 12, 8, 26][2, 10, 21, 5][6, 13, 18, 22][16, 7, 20, 24][27, 15, 29][0, 18, 19][7, 25, 28][2, 29][6, 15][17, 28][11, 25] 
[4, 3, 1, 9, 23, 14, 11][16, 28, 7, 20, 24][17, 19, 12, 8, 26][6, 13, 18, 22][2, 10, 21, 5][0, 18, 19][27, 15, 29][25, 28][17, 28][6, 15][2, 29][11, 25] 
[4, 3, 1, 9, 23, 14, 11][16, 28, 7, 20, 24][17, 19, 12, 8, 26][6, 13, 18, 22][2, 10, 21, 5][0, 18, 19][27, 15, 29][17, 28][25, 28][11, 25][6, 15][2, 29] 
[4, 3, 1, 9, 23, 14, 11][16, 28, 7, 20, 24][17, 19, 12, 8, 26][6, 13, 18, 22][2, 10, 21, 5][0, 18, 19][27, 15, 29][17, 28][25, 28][6, 15][2, 29][11, 25] 
[4, 3, 1, 9, 23, 14, 11][16, 28, 7, 20, 24][17, 19, 12, 8, 26][6, 13, 18, 22][2, 10, 21, 5][0, 18, 19][27, 15, 29][11, 25][25, 28][17, 28][6, 15][2, 29] 
[4, 3, 1, 9, 23, 14, 11][16, 28, 7, 20, 24][17, 19, 12, 8, 26][6, 13, 18, 22][2, 10, 21, 5][0, 18, 19][27, 15, 29][11, 25][25, 28][17, 28][6, 15][2, 29] 
[4, 3, 1, 9, 23, 14, 11][16, 28, 7, 20, 24][17, 19, 12, 8, 26][6, 13, 18, 22][2, 10, 21, 5][0, 18, 19][27, 15, 29][11, 25][25, 28][17, 28][6, 15][2, 29] 
[4, 3, 1, 9, 23, 14, 11][17, 19, 12, 8, 26][16, 28, 7, 20, 24][6, 13, 18, 22][2, 10, 21, 5][0, 18, 19][27, 15, 29][17, 28][6, 15][25, 28][11, 25][2, 29] 
[4, 3, 1, 9, 23, 14, 11][16, 28, 7, 20, 24][17, 19, 12, 8, 26][6, 13, 18, 22][2, 10, 21, 5][0, 18, 19][27, 15, 29][17, 28][25, 28][6, 15][2, 29][11, 25] 
[4, 3, 1, 9, 23, 14, 11][16, 28, 7, 20, 24][17, 19, 12, 8, 26][6, 13, 18, 22][2, 10, 21, 5][0, 18, 19][27, 15, 29][17, 28][25, 28][11, 25][6, 15][2, 29] 
[4, 3, 1, 9, 23, 14, 11][17, 19, 12, 8, 26][16, 28, 7, 20, 24][6, 13, 18, 22][2, 10, 21, 5][0, 18, 19][27, 15, 29][11, 25][25, 28][17, 28][6, 15][2, 29] 
[4, 3, 1, 9, 23, 14, 11][17, 19, 12, 8, 26][16, 28, 7, 20, 24][6, 13, 18, 22][2, 10, 21, 5][0, 18, 19][27, 15, 29][17, 28][6, 15][25, 28][11, 25][2, 29] 
[4, 3, 1, 9, 23, 14, 11][16, 28, 7, 20, 24][17, 19, 12, 8, 26][6, 13, 18, 22][2, 10, 21, 5][0, 18, 19][27, 15, 29][17, 28][25, 28][11, 25][6, 15][2, 29] 
[4, 3, 1, 9, 23, 14, 11][16, 28, 7, 20, 24][17, 19, 12, 8, 26][6, 13, 18, 22][2, 10, 21, 5][0, 18, 19][27, 15, 29][17, 28][25, 28][11, 25][6, 15][2, 29] 
[4, 3, 1, 9, 23, 14, 11][16, 28, 7, 20, 24][17, 19, 12, 8, 26][6, 13, 18, 22][2, 10, 21, 5][0, 18, 19][27, 15, 29][17, 28][25, 28][11, 25][6, 15][2, 29] 
[4, 3, 1, 9, 23, 14, 11][16, 28, 7, 20, 24][17, 19, 12, 8, 26][6, 13, 18, 22][2, 10, 21, 5][0, 18, 19][27, 15, 29][11, 25][25, 28][17, 28][6, 15][2, 29] 
[4, 3, 1, 24, 20, 7, 16][17, 19, 12, 8, 26][9, 23, 14, 11, 25][6, 13, 18, 22][2, 10, 21, 5][0, 18, 19][27, 15, 29][6, 15][2, 29][17, 28][7, 28][25, 28] 
[4, 3, 1, 24, 20, 7, 16][17, 19, 12, 8, 26][9, 23, 14, 11, 25][2, 10, 21, 5][6, 13, 18, 22][27, 15, 29][0, 18, 19][2, 29][6, 15][17, 28][7, 28][25, 28] 
[4, 3, 1, 24, 20, 7, 16][17, 19, 12, 8, 26][9, 23, 14, 11, 25][6, 13, 18, 22][2, 10, 21, 5][0, 18, 19][27, 15, 29][6, 15][2, 29][17, 28][7, 28][25, 28] 
[4, 3, 1, 24, 20, 7, 16][17, 19, 12, 8, 26][9, 23, 14, 11, 25][6, 13, 18, 22][2, 10, 21, 5][0, 18, 19][27, 15, 29][6, 15][2, 29][17, 28][7, 28][25, 28] 
[4, 3, 1, 24, 20, 7, 16][17, 19, 12, 8, 26][9, 23, 14, 11, 25][6, 13, 18, 22][2, 10, 21, 5][0, 18, 19][27, 15, 29][6, 15][2, 29][17, 28][7, 28][25, 28] 
[4, 3, 1, 9, 23, 14, 11, 25][17, 19, 12, 8, 26][16, 28, 7, 20, 24][2, 10, 21, 5][6, 13, 18, 22][27, 15, 29][0, 18, 19][2, 29][6, 15][17, 28][25, 28][11, 25] 
[4, 3, 1, 9, 23, 14, 11][17, 19, 12, 8, 26][16, 7, 20, 24][6, 13, 18, 22][2, 10, 21, 5][7, 25, 28][0, 18, 19][27, 15, 29][17, 28][11, 25][6, 15][2, 29] 
[4, 3, 1, 9, 23, 14, 11][17, 19, 12, 8, 26][6, 13, 18, 22][16, 7, 20, 24][2, 10, 21, 5][0, 18, 19][27, 15, 29][7, 25, 28][6, 15][17, 28][2, 29][11, 25] 
[4, 3, 1, 9, 23, 14, 11][17, 19, 12, 8, 26][6, 13, 18, 22][16, 7, 20, 24][2, 10, 21, 5][0, 18, 19][7, 25, 28][27, 15, 29][17, 28][6, 15][2, 29][11, 25] 
[4, 3, 1, 9, 23, 14, 11][17, 19, 12, 8, 26][6, 13, 18, 22][16, 7, 20, 24][2, 10, 21, 5][0, 18, 19][27, 15, 29][7, 25, 28][6, 15][17, 28][11, 25][2, 29] 
[4, 3, 1, 9, 23, 14, 11][17, 19, 12, 8, 26][6, 13, 18, 22][16, 7, 20, 24][2, 10, 21, 5][0, 18, 19][27, 15, 29][7, 25, 28][6, 15][17, 28][11, 25][2, 29] 
[4, 3, 1, 9, 23, 14, 11][17, 19, 12, 8, 26][16, 28, 7, 20, 24][6, 13, 18, 22][2, 10, 21, 5][0, 18, 19][27, 15, 29][11, 25][25, 28][17, 28][6, 15][2, 29] 
[4, 3, 1, 9, 23, 14, 11][17, 19, 12, 8, 26][16, 7, 20, 24][6, 13, 18, 22][2, 10, 21, 5][7, 25, 28][0, 18, 19][27, 15, 29][17, 28][11, 25][6, 15][2, 29] 
