[9, 1, 23, 4, 20, 14][8, 19, 17, 28, 25][12, 22, 18, 0, 26][5, 15, 21, 6, 13][3, 24, 20][7, 10, 15][16, 7, 27][2, 27, 29][3, 11][11, 17][17, 22][7, 24] 
[9, 1, 23, 4, 20, 14][12, 22, 18, 0, 26][8, 19, 17, 28, 25][5, 21, 6, 13][3, 11, 17][3, 24, 20][7, 10, 15][16, 7, 27][2, 27, 29][17, 22][7, 24][15, 21] 
[9, 1, 23, 4, 20, 14][12, 22, 18, 0, 26][8, 19, 17, 28, 25][5, 21, 6, 13][3, 11, 17][3, 24, 20][16, 7, 27][2, 27, 29][7, 10, 15][17, 22][7, 24][15, 21] 
[9, 1, 23, 4, 20, 14][12, 22, 18, 0, 26][8, 19, 17, 28, 25][5, 21, 6, 13][3, 11, 17][3, 24, 20][7, 10, 15][16, 7, 27][2, 27, 29][17, 22][7, 24][15, 21] 
[9, 1, 23, 4, 20, 14][12, 22, 18, 0, 26][8, 19, 17, 28, 25][13, 6, 5, 21, 15][3, 11, 17][16, 7, 27][2, 27, 29][7, 10, 15][17, 22][3, 24][20, 24][7, 24] 
[9, 1, 23, 4, 20, 14][8, 19, 17, 28, 25][12, 22, 18, 0, 26][13, 6, 5, 21, 15][3, 11, 17][16, 7, 27][2, 27, 29][7, 10, 15][20, 24][3, 24][17, 22][7, 24] 
[9, 1, 23, 4, 20, 14][8, 19, 17, 28, 25][12, 22, 18, 0, 26][13, 6, 5, 21, 15][3, 11, 17][16, 7, 27][2, 27, 29][7, 10, 15][20, 24][3, 24][17, 22][7, 24] 
[9, 1, 23, 4, 20, 14][8, 19, 17, 28, 25][12, 22, 18, 0, 26][13, 6, 5, 21, 15][3, 11, 17][7, 10, 15][16, 7, 27][2, 27, 29][17, 22][3, 24][7, 24][20, 24] 
[9, 1, 23, 4, 20, 14][8, 19, 17, 28, 25][12, 22, 18, 0, 26][13, 6, 5, 21, 15][3, 11, 17][16, 7, 27][2, 27, 29][7, 10, 15][20, 24][3, 24][17, 22][7, 24] 
[9, 1, 23, 4, 20, 14][8, 19, 17, 28, 25][12, 22, 18, 0, 26][13, 6, 5, 21, 15][3, 11, 17][7, 10, 15][16, 7, 27][2, 27, 29][17, 22][3, 24][7, 24][20, 24] 
[9, 1, 23, 4, 20, 14][5, 15, 21, 6, 13][8, 19, 17, 28, 25][12, 22, 18, 0, 26][3, 24, 20][7, 10, 15][16, 7, 27][2, 27, 29][3, 11][7, 24][11, 17][17, 22] 
[9, 1, 23, 4, 20, 14][12, 22, 18, 0, 26][8, 19, 17, 28, 25][5, 21, 6, 13][3, 11, 17][3, 24, 20][7, 10, 15][16, 7, 27][2, 27, 29][17, 22][7, 24][15, 21] 
[9, 1, 23, 4, 20, 14][12, 22, 18, 0, 26][8, 19, 17, 28, 25][5, 21, 6, 13][3, 11, 17][3, 24, 20][7, 10, 15][16, 7, 27][2, 27, 29][17, 22][7, 24][15, 21] 
[9, 1, 23, 4, 20, 14][13, 6, 5, 21, 15][8, 19, 17, 28, 25][12, 22, 18, 0, 26][16, 7, 27][2, 27, 29][7, 10, 15][3, 11, 17][20, 24][7, 24][3, 24][17, 22] 
[9, 1, 23, 4, 20, 14][8, 19, 17, 28, 25][12, 22, 18, 0, 26][13, 6, 5, 21, 15][3, 11, 17][16, 7, 27][2, 27, 29][7, 10, 15][20, 24][3, 24][17, 22][7, 24] 
[9, 1, 23, 4, 20, 14][8, 19, 17, 28, 25][12, 22, 18, 0, 26][13, 6, 5, 21, 15][3, 11, 17][16, 7, 27][2, 27, 29][7, 10, 15][20, 24][3, 24][17, 22][7, 24] 
[9, 1, 23, 4, 20, 14][5, 15, 21, 6, 13][8, 19, 17, 28, 25][12, 22, 18, 0, 26][7, 10, 15][16, 7, 27][2, 27, 29][3, 24, 20][7, 24][3, 11][11, 17][17, 22] 
[9, 1, 23, 4, 20, 14][12, 22, 18, 0, 26][8, 19, 17, 28, 25][5, 21, 6, 13][3, 11, 17][3, 24, 20][7, 10, 15][16, 7, 27][2, 27, 29][17, 22][7, 24][15, 21] 
[9, 1, 23, 4, 20, 14][8, 19, 17, 28, 25][12, 22, 18, 0, 26][13, 6, 5, 21, 15][3, 11, 17][16, 7, 27][2, 27, 29][7, 10, 15][20, 24][3, 24][17, 22][7, 24] 
[9, 1, 23, 4, 20, 14][8, 19, 17, 28, 25][12, 22, 18, 0, 26][5, 15, 21, 6, 13][3, 24, 20][7, 10, 15][16, 7, 27][2, 27, 29][3, 11][11, 17][17, 22][7, 24] 
[9, 1, 23, 4, 20, 14][8, 19, 17, 28, 25][5, 15, 21, 6, 13][12, 22, 18, 0, 26][3, 24, 20][16, 7, 27][7, 10, 15][2, 27, 29][11, 17][7, 24][17, 22][3, 11] 
[9, 1, 23, 4, 20, 14][12, 22, 18, 0, 26][8, 19, 17, 28, 25][5, 21, 6, 13][3, 11, 17][3, 24, 20][7, 10, 15][16, 7, 27][2, 27, 29][17, 22][7, 24][15, 21] 
[9, 1, 23, 4, 20, 14][12, 22, 18, 0, 26][8, 19, 17, 28, 25][5, 21, 6, 13][3, 11, 17][3, 24, 20][7, 10, 15][16, 7, 27][2, 27, 29][17, 22][7, 24][15, 21] 
[9, 1, 23, 4, 20, 14][8, 19, 17, 28, 25][12, 22, 18, 0, 26][13, 6, 5, 21, 15][3, 11, 17][16, 7, 27][2, 27, 29][7, 10, 15][20, 24][3, 24][17, 22][7, 24] 
[9, 1, 23, 4, 20, 14][13, 6, 5, 21, 15][8, 19, 17, 28, 25][12, 22, 18, 0, 26][7, 10, 15][16, 7, 27][2, 27, 29][3, 11, 17][7, 24][20, 24][3, 24][17, 22] 
[9, 1, 23, 4, 20, 14][13, 6, 5, 21, 15][8, 19, 17, 28, 25][12, 22, 18, 0, 26][7, 10, 15][16, 7, 27][2, 27, 29][3, 11, 17][7, 24][20, 24][3, 24][17, 22] 
[9, 1, 23, 4, 20, 14][12, 22, 18, 0, 26][8, 19, 17, 28, 25][5, 15, 21, 6, 13][3, 24, 20][7, 10, 15][16, 7, 27][2, 27, 29][17, 22][11, 17][3, 11][7, 24] 
[9, 1, 23, 4, 20, 14][12, 22, 18, 0, 26][8, 19, 17, 28, 25][5, 21, 6, 13][3, 11, 17][3, 24, 20][7, 10, 15][16, 7, 27][2, 27, 29][17, 22][7, 24][15, 21] 
[9, 1, 23, 4, 20, 14][13, 6, 5, 21, 15][8, 19, 17, 28, 25][12, 22, 18, 0, 26][16, 7, 27][2, 27, 29][7, 10, 15][3, 11, 17][7, 24][20, 24][3, 24][17, 22] 
[9, 1, 23, 4, 20, 14][5, 15, 21, 6, 13][8, 19, 17, 28, 25][12, 22, 18, 0, 26][3, 24, 20][7, 10, 15][16, 7, 27][2, 27, 29][3, 11][7, 24][11, 17][17, 22] 
[9, 1, 23, 4, 20, 14][8, 19, 17, 28, 25][5, 15, 21, 6, 13][12, 22, 18, 0, 26][3, 24, 20][16, 7, 27][7, 10, 15][2, 27, 29][11, 17][7, 24][17, 22][3, 11] 
[9, 1, 23, 4, 20, 14][12, 22, 18, 0, 26][8, 19, 17, 28, 25][5, 21, 6, 13][3, 11, 17][3, 24, 20][7, 10, 15][16, 7, 27][2, 27, 29][17, 22][7, 24][15, 21] 
[9, 1, 23, 4, 20, 14][13, 6, 5, 21, 15][8, 19, 17, 28, 25][12, 22, 18, 0, 26][7, 10, 15][16, 7, 27][2, 27, 29][3, 11, 17][7, 24][3, 24][17, 22][20, 24] 
[9, 1, 23, 4, 20, 14][5, 15, 21, 6, 13][8, 19, 17, 28, 25][12, 22, 18, 0, 26][7, 10, 15][16, 7, 27][2, 27, 29][3, 24, 20][7, 24][3, 11][11, 17][17, 22] 
[9, 1, 23, 4, 20, 14][12, 22, 18, 0, 26][8, 19, 17, 28, 25][5, 15, 21, 6, 13][3, 24, 20][16, 7, 27][2, 27, 29][7, 10, 15][17, 22][11, 17][3, 11][7, 24] 
[0, 26, 8, 12, 17, 19, 22, 18, 13, 6, 2, 21, 5, 15, 29][4, 1, 9, 23, 3, 11, 14, 24, 20, 7, 16, 10][7, 28, 25, 22][15, 27][13, 18][17, 19][13, 18][17, 19][17, 19][13, 18][13, 18][17, 19] 
[0, 26, 8, 12, 17, 19, 22, 18, 13, 6, 2, 21, 5, 15, 29][4, 1, 9, 23, 3, 11, 14, 24, 20, 7, 16, 10][7, 28, 25, 22][15, 27][13, 18][17, 19][13, 18][17, 19][17, 19][13, 18][13, 18][17, 19] 
[0, 26, 8, 12, 17, 19, 22, 18, 13, 6, 2, 21, 5, 15, 29][4, 1, 9, 23, 3, 11, 14, 24, 20, 7, 16, 10][7, 28, 25, 22][15, 27][13, 18][17, 19][13, 18][17, 19][17, 19][13, 18][13, 18][17, 19] 
[0, 26, 8, 12, 17, 19, 22, 18, 13, 6, 2, 21, 5, 15, 29][4, 1, 9, 23, 3, 11, 14, 24, 20, 7, 16, 10][7, 28, 25][17, 19][5, 15][22, 25][13, 18][13, 18][17, 19][17, 19][15, 27][17, 19] 
[0, 26, 8, 12, 17, 19, 22, 18, 13, 6, 2, 21, 5, 15, 29][4, 1, 9, 23, 3, 11, 14, 24, 20, 7, 16, 10][7, 28, 25][17, 19][5, 15][22, 25][13, 18][13, 18][17, 19][17, 19][15, 27][17, 19] 
[0, 26, 8, 12, 17, 19, 22, 18, 13, 6, 2, 21, 5, 15, 29][4, 1, 9, 23, 3, 11, 14, 24, 20, 7, 16, 10][17, 19][7, 28][15, 27][5, 15][13, 18][17, 19][13, 18][25, 28][22, 25][13, 18] 
[0, 26, 8, 12, 17, 19, 22, 18, 13, 6, 2, 21, 5, 15, 29][4, 1, 9, 23, 3, 11, 14, 24, 20, 7, 16, 10][7, 28, 25, 22][15, 27][13, 18][17, 19][13, 18][17, 19][17, 19][13, 18][13, 18][17, 19] 
[0, 26, 8, 12, 17, 19, 22, 18, 13, 6, 2, 21, 5, 15, 29][4, 1, 9, 23, 3, 11, 14, 24, 20, 7, 16, 10][7, 28, 25, 22][15, 27][13, 18][17, 19][13, 18][17, 19][17, 19][13, 18][13, 18][17, 19] 
[0, 26, 8, 12, 17, 19, 22, 18, 13, 6, 2, 21, 5, 15, 29][4, 1, 9, 23, 3, 11, 14, 24, 20, 7, 16, 10][7, 28, 25][17, 19][5, 15][22, 25][13, 18][13, 18][17, 19][17, 19][15, 27][17, 19] 
[0, 26, 8, 12, 17, 19, 22, 18, 13, 6, 2, 21, 5, 15, 29][4, 1, 9, 23, 3, 11, 14, 24, 20, 7, 16, 10][7, 28, 25, 22][15, 27][13, 18][17, 19][13, 18][17, 19][17, 19][13, 18][13, 18][17, 19] 
[0, 26, 8, 12, 17, 19, 22, 18, 13, 6, 2, 21, 5, 15, 29][4, 1, 9, 23, 3, 11, 14, 24, 20, 7, 16, 10][7, 28, 25, 22][15, 27][13, 18][17, 19][13, 18][17, 19][17, 19][13, 18][13, 18][17, 19] 
[0, 26, 8, 12, 17, 19, 22, 18, 13, 6, 2, 21, 5, 15, 29][4, 1, 9, 23, 3, 11, 14, 24, 20, 7, 16, 10][7, 28, 25, 22][15, 27][13, 18][17, 19][13, 18][17, 19][17, 19][13, 18][13, 18][17, 19] 
[0, 26, 8, 12, 17, 19, 22, 18, 13, 6, 2, 21, 5, 15, 29][4, 1, 9, 23, 3, 11, 14, 24, 20, 7, 16, 10][7, 28, 25][17, 19][5, 15][22, 25][13, 18][13, 18][17, 19][17, 19][15, 27][17, 19] 
[0, 26, 8, 12, 17, 19, 22, 18, 13, 6, 2, 21, 5, 15, 29][4, 1, 9, 23, 3, 11, 14, 24, 20, 7, 16, 10][7, 28, 25, 22][15, 27][13, 18][17, 19][13, 18][17, 19][17, 19][13, 18][13, 18][17, 19] 
[0, 26, 8, 12, 17, 19, 22, 18, 13, 6, 2, 21, 5, 15, 29][4, 1, 9, 23, 3, 11, 14, 24, 20, 7, 16, 10][7, 28, 25, 22][15, 27][13, 18][17, 19][13, 18][17, 19][17, 19][13, 18][13, 18][17, 19] 
[0, 26, 8, 12, 17, 19, 22, 18, 13, 6, 2, 21, 5, 15, 29][4, 1, 9, 23, 3, 11, 14, 24, 20, 7, 16, 10][7, 28, 25, 22][15, 27][13, 18][17, 19][13, 18][17, 19][17, 19][13, 18][13, 18][17, 19] 
[0, 26, 8, 12, 17, 19, 22, 18, 13, 6, 2, 21, 5, 15, 29][4, 1, 9, 23, 3, 11, 14, 24, 20, 7, 16, 10][7, 28, 25, 22][15, 27][13, 18][17, 19][13, 18][17, 19][17, 19][13, 18][13, 18][17, 19] 
[4, 1, 9, 23, 3, 11, 14, 24, 20, 7, 16, 10][0, 26, 8, 12, 17, 19, 22, 18, 13, 6, 2][5, 15, 27, 29, 2, 21][7, 28, 25, 22][13, 18][25, 28][17, 19][17, 19][6, 13][25, 28][6, 13][17, 19] 
[0, 26, 8, 12, 17, 19, 22, 18, 13, 6, 2, 21, 5, 15, 29][4, 1, 9, 23, 3, 11, 14, 24, 20, 7, 16, 10][7, 28, 25, 22][15, 27][13, 18][17, 19][13, 18][17, 19][17, 19][13, 18][13, 18][17, 19] 
[0, 26, 8, 12, 17, 19, 22, 18, 13, 6, 2, 21, 5, 15, 29][4, 1, 9, 23, 3, 11, 14, 24, 20, 7, 16, 10][7, 28, 25, 22][15, 27][13, 18][17, 19][13, 18][17, 19][17, 19][13, 18][13, 18][17, 19] 
[0, 26, 8, 12, 17, 19, 22, 18, 13, 6, 2, 21, 5, 15, 29][4, 1, 9, 23, 3, 11, 14, 24, 20, 7, 16, 10][7, 28, 25, 22][15, 27][13, 18][17, 19][13, 18][17, 19][17, 19][13, 18][13, 18][17, 19] 
[9, 1, 23, 4, 20, 14][13, 6, 5, 21, 15][8, 19, 17, 28, 25][12, 22, 18, 0, 26][2, 27, 29][16, 7, 27][7, 10, 15][3, 11, 17][7, 24][20, 24][3, 24][17, 22] 
[9, 1, 23, 4, 20, 14][8, 19, 17, 28, 25][12, 22, 18, 0, 26][13, 6, 5, 21, 15][3, 11, 17][16, 7, 27][2, 27, 29][7, 10, 15][20, 24][3, 24][17, 22][7, 24] 
[9, 1, 23, 4, 20, 14][8, 19, 17, 28, 25][12, 22, 18, 0, 26][13, 6, 5, 21, 15][3, 11, 17][16, 7, 27][2, 27, 29][7, 10, 15][20, 24][3, 24][17, 22][7, 24] 
[9, 1, 23, 4, 20, 14][8, 19, 17, 28, 25][12, 22, 18, 0, 26][13, 6, 5, 21, 15][3, 11, 17][16, 7, 27][2, 27, 29][7, 10, 15][20, 24][3, 24][17, 22][7, 24] 
[9, 1, 23, 4, 20, 14][13, 6, 5, 21, 15][8, 19, 17, 28, 25][12, 22, 18, 0, 26][16, 7, 27][7, 10, 15][2, 27, 29][3, 11, 17][7, 24][3, 24][20, 24][17, 22] 
[9, 1, 23, 4, 20, 14][8, 19, 17, 28, 25][12, 22, 18, 0, 26][13, 6, 5, 21, 15][3, 11, 17][16, 7, 27][2, 27, 29][7, 10, 15][20, 24][3, 24][17, 22][7, 24] 
[9, 1, 23, 4, 20, 14][8, 19, 17, 28, 25][12, 22, 18, 0, 26][13, 6, 5, 21, 15][3, 11, 17][16, 7, 27][2, 27, 29][7, 10, 15][20, 24][3, 24][17, 22][7, 24] 
[9, 1, 23, 4, 20, 14][13, 6, 5, 21, 15][8, 19, 17, 28, 25][12, 22, 18, 0, 26][16, 7, 27][2, 27, 29][7, 10, 15][3, 11, 17][7, 24][3, 24][20, 24][17, 22] 
[9, 1, 23, 4, 20, 14][13, 6, 5, 21, 15][8, 19, 17, 28, 25][12, 22, 18, 0, 26][16, 7, 27][2, 27, 29][7, 10, 15][3, 11, 17][20, 24][7, 24][3, 24][17, 22] 
[9, 1, 23, 4, 20, 14][8, 19, 17, 28, 25][12, 22, 18, 0, 26][13, 6, 5, 21, 15][3, 11, 17][16, 7, 27][2, 27, 29][7, 10, 15][20, 24][3, 24][17, 22][7, 24] 
[9, 1, 23, 4, 20, 14][8, 19, 17, 28, 25][12, 22, 18, 0, 26][13, 6, 5, 21, 15][3, 11, 17][16, 7, 27][2, 27, 29][7, 10, 15][20, 24][3, 24][17, 22][7, 24] 
[9, 1, 23, 4, 20, 14][13, 6, 5, 21, 15][8, 19, 17, 28, 25][12, 22, 18, 0, 26][7, 10, 15][16, 7, 27][2, 27, 29][3, 11, 17][7, 24][3, 24][17, 22][20, 24] 
[9, 1, 23, 4, 20, 14][8, 19, 17, 28, 25][13, 6, 5, 21, 15][12, 22, 18, 0, 26][3, 11, 17][16, 7, 27][7, 10, 15][2, 27, 29][3, 24][20, 24][7, 24][17, 22] 
[9, 1, 23, 4, 20, 14][8, 19, 17, 28, 25][12, 22, 18, 0, 26][13, 6, 5, 21, 15][3, 11, 17][16, 7, 27][7, 10, 15][2, 27, 29][3, 24][17, 22][7, 24][20, 24] 
[9, 1, 23, 4, 20, 14][13, 6, 5, 21, 15][8, 19, 17, 28, 25][12, 22, 18, 0, 26][7, 10, 15][16, 7, 27][2, 27, 29][3, 11, 17][20, 24][7, 24][3, 24][17, 22] 
[9, 1, 23, 4, 20, 14][5, 15, 21, 6, 13][8, 19, 17, 28, 25][12, 22, 18, 0, 26][16, 7, 27][2, 27, 29][7, 10, 15][3, 24, 20][7, 24][3, 11][11, 17][17, 22] 
[9, 1, 23, 4, 20, 14][5, 15, 21, 6, 13][8, 19, 17, 28, 25][12, 22, 18, 0, 26][3, 24, 20][7, 10, 15][16, 7, 27][2, 27, 29][3, 11][7, 24][11, 17][17, 22] 
[9, 1, 23, 4, 20, 14][5, 15, 21, 6, 13][8, 19, 17, 28, 25][12, 22, 18, 0, 26][16, 7, 27][2, 27, 29][7, 10, 15][3, 24, 20][7, 24][3, 11][11, 17][17, 22] 
[9, 1, 23, 4, 20, 14][8, 19, 17, 28, 25][12, 22, 18, 0, 26][5, 15, 21, 6, 13][3, 24, 20][7, 10, 15][16, 7, 27][2, 27, 29][3, 11][11, 17][17, 22][7, 24] 
[9, 1, 23, 4, 20, 14][8, 19, 17, 28, 25][12, 22, 18, 0, 26][5, 15, 21, 6, 13][3, 24, 20][7, 10, 15][16, 7, 27][2, 27, 29][3, 11][11, 17][17, 22][7, 24] 
[9, 1, 23, 4, 20, 14][5, 15, 21, 6, 13][8, 19, 17, 28, 25][12, 22, 18, 0, 26][3, 24, 20][16, 7, 27][7, 10, 15][2, 27, 29][3, 11][7, 24][11, 17][0, 25] 
[9, 1, 23, 4, 20, 14][8, 19, 17, 28, 25][12, 22, 18, 0, 26][13, 6, 5, 21, 15][3, 11, 17][16, 7, 27][7, 10, 15][2, 27, 29][3, 24][17, 22][7, 24][20, 24] 
[9, 1, 23, 4, 20, 14][13, 6, 5, 21, 15][8, 19, 17, 28, 25][12, 22, 18, 0, 26][2, 27, 29][16, 7, 27][7, 10, 15][3, 11, 17][7, 24][20, 24][3, 24][17, 22] 
[9, 1, 23, 4, 20, 14][13, 6, 5, 21, 15][8, 19, 17, 28, 25][12, 22, 18, 0, 26][16, 7, 27][7, 10, 15][2, 27, 29][3, 11, 17][7, 24][3, 24][20, 24][17, 22] 
[9, 1, 23, 4, 20, 14][13, 6, 5, 21, 15][8, 19, 17, 28, 25][12, 22, 18, 0, 26][7, 10, 15][16, 7, 27][2, 27, 29][3, 11, 17][7, 24][20, 24][3, 24][17, 22] 
[9, 1, 23, 4, 20, 14][8, 19, 17, 28, 25][12, 22, 18, 0, 26][13, 6, 5, 21, 15][3, 11, 17][16, 7, 27][2, 27, 29][7, 10, 15][20, 24][3, 24][17, 22][7, 24] 
[9, 1, 23, 4, 20, 14][8, 19, 17, 28, 25][12, 22, 18, 0, 26][5, 15, 21, 6, 13][3, 11, 17][7, 10, 15][16, 7, 27][2, 27, 29][17, 22][3, 24][20, 24][7, 24] 
[9, 1, 23, 4, 20, 14][13, 6, 5, 21, 15][8, 19, 17, 28, 25][12, 22, 18, 0, 26][7, 10, 15][16, 7, 27][2, 27, 29][3, 11, 17][7, 24][20, 24][3, 24][17, 22] 
[9, 1, 23, 4, 20, 14][5, 15, 21, 6, 13][8, 19, 17, 28, 25][12, 22, 18, 0, 26][7, 10, 15][16, 7, 27][2, 27, 29][3, 24, 20][7, 24][3, 11][11, 17][17, 22] 
[9, 1, 23, 4, 20, 14][5, 15, 21, 6, 13][8, 19, 17, 28, 25][12, 22, 18, 0, 26][3, 24, 20][7, 10, 15][16, 7, 27][2, 27, 29][3, 11][7, 24][11, 17][17, 22] 
[9, 1, 23, 4, 20, 14][5, 15, 21, 6, 13][8, 19, 17, 28, 25][12, 22, 18, 0, 26][3, 24, 20][7, 10, 15][16, 7, 27][2, 27, 29][3, 11][7, 24][11, 17][17, 22] 
[9, 1, 23, 4, 20, 14][5, 15, 21, 6, 13][8, 19, 17, 28, 25][12, 22, 18, 0, 26][3, 24, 20][7, 10, 15][16, 7, 27][2, 27, 29][3, 11][7, 24][11, 17][17, 22] 
[9, 1, 23, 4, 20, 14][5, 15, 21, 6, 13][8, 19, 17, 28, 25][12, 22, 18, 0, 26][3, 24, 20][7, 10, 15][16, 7, 27][2, 27, 29][3, 11][7, 24][11, 17][17, 22] 
[9, 1, 23, 4, 20, 14][12, 22, 18, 0, 26][8, 19, 17, 28, 25][5, 15, 21, 6, 13][3, 24, 20][7, 10, 15][16, 7, 27][2, 27, 29][17, 22][11, 17][3, 11][7, 24] 
[9, 1, 23, 4, 20, 14][5, 15, 21, 6, 13][8, 19, 17, 28, 25][12, 22, 18, 0, 26][7, 10, 15][16, 7, 27][2, 27, 29][3, 24, 20][7, 24][3, 11][11, 17][17, 22] 
[9, 1, 23, 4, 20, 14][5, 15, 21, 6, 13][8, 19, 17, 28, 25][12, 22, 18, 0, 26][7, 10, 15][16, 7, 27][2, 27, 29][3, 24, 20][7, 24][3, 11][11, 17][17, 22] 
[9, 1, 23, 4, 20, 14][5, 15, 21, 6, 13][8, 19, 17, 28, 25][12, 22, 18, 0, 26][7, 10, 15][16, 7, 27][2, 27, 29][3, 24, 20][7, 24][3, 11][11, 17][17, 22] 
[9, 1, 23, 4, 20, 14][5, 15, 21, 6, 13][8, 19, 17, 28, 25][12, 22, 18, 0, 26][7, 10, 15][16, 7, 27][2, 27, 29][3, 24, 20][7, 24][3, 11][11, 17][17, 22] 
[9, 1, 23, 4, 20, 14][5, 15, 21, 6, 13][8, 19, 17, 28, 25][12, 22, 18, 0, 26][3, 24, 20][7, 10, 15][16, 7, 27][2, 27, 29][3, 11][7, 24][11, 17][17, 22] 
[9, 1, 23, 4, 20, 14][8, 19, 17, 28, 25][5, 15, 21, 6, 13][12, 22, 18, 0, 26][3, 24, 20][16, 7, 27][7, 10, 15][2, 27, 29][11, 17][7, 24][17, 22][3, 11] 
[9, 1, 23, 4, 20, 14][8, 19, 17, 28, 25][5, 15, 21, 6, 13][12, 22, 18, 0, 26][3, 24, 20][16, 7, 27][7, 10, 15][2, 27, 29][11, 17][7, 24][17, 22][3, 11] 
[9, 1, 23, 4, 20, 14][5, 15, 21, 6, 13][8, 19, 17, 28, 25][12, 22, 18, 0, 26][7, 10, 15][16, 7, 27][2, 27, 29][3, 24, 20][7, 24][3, 11][11, 17][17, 22] 
[9, 1, 23, 4, 20, 14][12, 22, 18, 0, 26][8, 19, 17, 28, 25][5, 15, 21, 6, 13][3, 24, 20][16, 7, 27][2, 27, 29][7, 10, 15][17, 22][11, 17][3, 11][7, 24] 
[9, 1, 23, 4, 20, 14][8, 19, 17, 28, 25][12, 22, 18, 0, 26][5, 15, 21, 6, 13][16, 7, 27][2, 27, 29][7, 10, 15][3, 24, 20][3, 11, 17][6, 13][7, 24][0, 25] 
[9, 1, 23, 4, 20, 14][8, 19, 17, 28, 25][12, 22, 18, 0, 26][5, 15, 21, 6, 13][16, 7, 27][2, 27, 29][7, 10, 15][3, 24, 20][3, 11, 17][6, 13][7, 24][0, 25] 
[9, 1, 23, 4, 20, 14][8, 19, 17, 28, 25][12, 22, 18, 0, 26][5, 15, 21, 6, 13][16, 7, 27][2, 27, 29][7, 10, 15][3, 24, 20][3, 11, 17][6, 13][7, 24][0, 25] 
[9, 1, 23, 4, 20, 14][8, 19, 17, 28, 25][12, 22, 18, 0, 26][5, 15, 21, 6, 13][16, 7, 27][2, 27, 29][7, 10, 15][3, 24, 20][3, 11, 17][6, 13][7, 24][0, 25] 
[9, 1, 23, 4, 20, 14][8, 19, 17, 28, 25][12, 22, 18, 0, 26][5, 15, 21, 6, 13][16, 7, 27][2, 27, 29][7, 10, 15][3, 24, 20][3, 11, 17][6, 13][7, 24][0, 25] 
[9, 1, 23, 4, 20, 14][3, 24, 20, 4, 14][8, 19, 17, 28, 25][12, 22, 18, 0, 26][5, 15, 21, 6, 13][16, 7, 27][2, 27, 29][7, 10, 15][3, 11, 17][6, 13][7, 24][0, 25] 
[9, 1, 23, 4, 20, 14][8, 19, 17, 28, 25][12, 22, 18, 0, 26][13, 6, 5, 21, 15][3, 24, 20][16, 7, 27][7, 10, 15][2, 27, 29][3, 11][17, 22][7, 24][11, 17] 
[9, 1, 23, 4, 20, 14][8, 19, 17, 28, 25][12, 22, 18, 0, 26][13, 6, 5, 21, 15][3, 24, 20][16, 7, 27][7, 10, 15][2, 27, 29][3, 11][17, 22][7, 24][11, 17] 
[9, 1, 23, 4, 20, 14][8, 19, 17, 28, 25][12, 22, 18, 0, 26][13, 6, 5, 21, 15][3, 24, 20][16, 7, 27][7, 10, 15][2, 27, 29][3, 11][17, 22][7, 24][11, 17] 
[9, 1, 23, 4, 20, 14][13, 6, 5, 21, 15][8, 19, 17, 28, 25][12, 22, 18, 0, 26][3, 24, 20][16, 7, 27][2, 27, 29][7, 10, 15][7, 24][3, 11][11, 17][17, 22] 
[9, 1, 23, 4, 20, 14][8, 19, 17, 28, 25][12, 22, 18, 0, 26][13, 6, 5, 21, 15][3, 24, 20][16, 7, 27][7, 10, 15][2, 27, 29][3, 11][17, 22][7, 24][11, 17] 
[9, 1, 23, 4, 20, 14][8, 19, 17, 28, 25][5, 15, 21, 6, 13][12, 22, 18, 0, 26][3, 24, 20][16, 7, 27][7, 10, 15][2, 27, 29][11, 17][7, 24][17, 22][3, 11] 
[9, 1, 23, 4, 20, 14][8, 19, 17, 28, 25][12, 22, 18, 0, 26][13, 6, 5, 21, 15][3, 24, 20][16, 7, 27][7, 10, 15][2, 27, 29][3, 11][17, 22][7, 24][11, 17] 
