[4, 7, 16, 15, 5][6, 21, 10, 2, 29][9, 14, 11, 17, 28][18, 12, 19, 8, 26][23, 3, 1, 24][13, 0, 22, 25][20, 7, 27][10, 27][20, 24][14, 20][0, 17][0, 18] 
[4, 7, 16, 15, 5][6, 21, 10, 2, 29][9, 14, 11, 17, 28][18, 12, 19, 8, 26][23, 3, 1, 24][13, 0, 22, 25][20, 7, 27][10, 27][20, 24][14, 20][0, 17][0, 18] 
[6, 21, 10, 2, 29][4, 7, 16, 15, 5][9, 14, 11, 17, 28][18, 12, 19, 8, 26][23, 3, 1, 24][13, 0, 22, 25][20, 7, 27][10, 27][20, 24][14, 20][0, 17][0, 18] 
[6, 21, 10, 2, 29][4, 7, 16, 15, 5][9, 14, 11, 17, 28][18, 12, 19, 8, 26][23, 3, 1, 24][13, 0, 22, 25][20, 7, 27][10, 27][20, 24][14, 20][0, 17][0, 18] 
[4, 7, 16, 15, 5][6, 21, 10, 2, 29][9, 14, 11, 17, 28][8, 19, 12, 18, 13][23, 3, 1, 24][25, 22, 0, 26][20, 7, 27][20, 24][10, 27][14, 20][0, 17][0, 18] 
[9, 14, 11, 17, 28][4, 7, 16, 15, 5][6, 21, 10, 2, 29][8, 19, 12, 18, 13][23, 3, 1, 24][25, 22, 0, 26][20, 7, 27][14, 20][20, 24][10, 27][0, 17][0, 18] 
[6, 21, 10, 2, 29][4, 7, 16, 15, 5][9, 14, 11, 17, 28][8, 19, 12, 18, 13][23, 3, 1, 24][25, 22, 0, 26][20, 7, 27][10, 27][20, 24][14, 20][0, 17][0, 18] 
[6, 21, 10, 2, 29][4, 7, 16, 15, 5][9, 14, 11, 17, 28][8, 19, 12, 18, 13][23, 3, 1, 24][25, 22, 0, 26][20, 7, 27][10, 27][20, 24][14, 20][0, 17][0, 18] 
[6, 21, 10, 2, 29][4, 7, 16, 15, 5][9, 14, 11, 17, 28][8, 19, 12, 18, 13][23, 3, 1, 24][25, 22, 0, 26][20, 7, 27][10, 27][20, 24][14, 20][0, 17][0, 18] 
[4, 7, 16, 15, 5][9, 14, 11, 17, 28][6, 21, 10, 2, 29][8, 19, 12, 18, 13][25, 22, 0, 26][23, 3, 1, 24][20, 7, 27][14, 20][0, 17][10, 27][0, 18][20, 24] 
[6, 21, 10, 2, 29][4, 7, 16, 15, 5][9, 14, 11, 17, 28][18, 12, 19, 8, 26][23, 3, 1, 24][13, 0, 22, 25][20, 7, 27][10, 27][20, 24][14, 20][0, 17][0, 18] 
[6, 21, 10, 2, 29][4, 7, 16, 15, 5][9, 14, 11, 17, 28][18, 12, 19, 8, 26][23, 3, 1, 24][13, 0, 22, 25][20, 7, 27][10, 27][20, 24][14, 20][0, 17][0, 18] 
[6, 21, 10, 2, 29][4, 7, 16, 15, 5][9, 14, 11, 17, 28][18, 12, 19, 8, 26][23, 3, 1, 24][13, 0, 22, 25][20, 7, 27][10, 27][20, 24][14, 20][0, 17][0, 18] 
[4, 7, 16, 15, 5][6, 21, 10, 2, 29][9, 14, 11, 17, 28][8, 19, 12, 18, 13][23, 3, 1, 24][25, 22, 0, 26][20, 7, 27][10, 27][20, 24][14, 20][0, 17][0, 18] 
[4, 7, 16, 15, 5][6, 21, 10, 2, 29][9, 14, 11, 17, 28][8, 19, 12, 18, 13][23, 3, 1, 24][25, 22, 0, 26][20, 7, 27][20, 24][10, 27][14, 20][0, 17][0, 18] 
[4, 7, 16, 15, 5][6, 21, 10, 2, 29][9, 14, 11, 17, 28][8, 19, 12, 18, 13][23, 3, 1, 24][25, 22, 0, 26][20, 7, 27][10, 27][20, 24][14, 20][0, 17][0, 18] 
[6, 21, 10, 2, 29][4, 7, 16, 15, 5][9, 14, 11, 17, 28][18, 12, 19, 8, 26][23, 3, 1, 24][13, 0, 22, 25][20, 7, 27][10, 27][20, 24][14, 20][0, 17][0, 18] 
[6, 21, 10, 2, 29][4, 7, 16, 15, 5][9, 14, 11, 17, 28][18, 12, 19, 8, 26][23, 3, 1, 24][13, 0, 22, 25][20, 7, 27][10, 27][20, 24][14, 20][0, 17][0, 18] 
[4, 7, 16, 15, 5][6, 21, 10, 2, 29][9, 14, 11, 17, 28][8, 19, 12, 18, 13][23, 3, 1, 24][25, 22, 0, 26][20, 7, 27][20, 24][10, 27][14, 20][0, 17][0, 18] 
[6, 21, 10, 2, 29][4, 7, 16, 15, 5][9, 14, 11, 17, 28][18, 12, 19, 8, 26][23, 3, 1, 24][13, 0, 22, 25][20, 7, 27][10, 27][20, 24][14, 20][0, 17][0, 18] 
[6, 21, 10, 2, 29][4, 7, 16, 15, 5][9, 14, 11, 17, 28][18, 12, 19, 8, 26][23, 3, 1, 24][13, 0, 22, 25][20, 7, 27][10, 27][20, 24][14, 20][0, 17][0, 18] 
[6, 21, 10, 2, 29][4, 7, 16, 15, 5][9, 14, 11, 17, 28][18, 12, 19, 8, 26][23, 3, 1, 24][13, 0, 22, 25][20, 7, 27][10, 27][20, 24][14, 20][0, 17][0, 18] 
[6, 21, 10, 2, 29][4, 7, 16, 15, 5][9, 14, 11, 17, 28][18, 12, 19, 8, 26][23, 3, 1, 24][13, 0, 22, 25][20, 7, 27][10, 27][20, 24][14, 20][0, 17][0, 18] 
[4, 7, 16, 15, 5][6, 21, 10, 2, 29][9, 14, 11, 17, 28][8, 19, 12, 18, 13][23, 3, 1, 24][25, 22, 0, 26][20, 7, 27][10, 27][20, 24][14, 20][0, 17][0, 18] 
[9, 14, 11, 17, 28][4, 7, 16, 15, 5][6, 21, 10, 2, 29][8, 19, 12, 18, 13][23, 3, 1, 24][25, 22, 0, 26][20, 7, 27][14, 20][20, 24][10, 27][0, 17][0, 18] 
[4, 7, 16, 15, 5][9, 14, 11, 17, 28][6, 21, 10, 2, 29][8, 19, 12, 18, 13][25, 22, 0, 26][23, 3, 1, 24][20, 7, 27][14, 20][0, 17][10, 27][0, 18][20, 24] 
[6, 21, 10, 2, 29][4, 7, 16, 15, 5][9, 14, 11, 17, 28][18, 12, 19, 8, 26][23, 3, 1, 24][13, 0, 22, 25][20, 7, 27][10, 27][20, 24][14, 20][0, 17][0, 18] 
[6, 21, 10, 2, 29][4, 7, 16, 15, 5][9, 14, 11, 17, 28][18, 12, 19, 8, 26][23, 3, 1, 24][13, 0, 22, 25][20, 7, 27][10, 27][20, 24][14, 20][0, 17][0, 18] 
[4, 7, 16, 15, 5][6, 21, 10, 2, 29][9, 14, 11, 17, 28][8, 19, 12, 18, 13][23, 3, 1, 24][25, 22, 0, 26][20, 7, 27][10, 27][20, 24][14, 20][0, 17][0, 18] 
[6, 21, 10, 2, 29][4, 7, 16, 15, 5][9, 14, 11, 17, 28][18, 12, 19, 8, 26][23, 3, 1, 24][13, 0, 22, 25][20, 7, 27][10, 27][20, 24][14, 20][0, 17][0, 18] 
[18, 12, 19, 8, 26][9, 14, 11, 17, 28][4, 7, 16, 15, 5][6, 21, 10, 2, 29][13, 0, 22, 25][23, 3, 1, 24][20, 7, 27][0, 18][0, 17][14, 20][10, 27][20, 24] 
[18, 12, 19, 8, 26][9, 14, 11, 17, 28][4, 7, 16, 15, 5][6, 21, 10, 2, 29][13, 0, 22, 25][23, 3, 1, 24][20, 7, 27][0, 18][0, 17][14, 20][10, 27][20, 24] 
[4, 7, 16, 15, 5][6, 21, 10, 2, 29][9, 14, 11, 17, 28][8, 19, 12, 18, 13][25, 22, 0, 26][23, 3, 1, 24][20, 7, 27][10, 27][14, 20][0, 17][0, 18][20, 24] 
[18, 12, 19, 8, 26][9, 14, 11, 17, 28][4, 7, 16, 15, 5][6, 21, 10, 2, 29][13, 0, 22, 25][23, 3, 1, 24][20, 7, 27][0, 18][0, 17][14, 20][10, 27][20, 24] 
[18, 12, 19, 8, 26][9, 14, 11, 17, 28][4, 7, 16, 15, 5][6, 21, 10, 2, 29][13, 0, 22, 25][23, 3, 1, 24][20, 7, 27][0, 18][0, 17][14, 20][10, 27][20, 24] 
[12, 22, 0, 26, 8, 19, 18, 17, 28, 7, 20, 24][0, 13, 6, 5, 21, 10, 27, 29, 2, 15, 16][1, 9, 14, 4, 3, 11, 25][16, 15, 2, 29, 27, 10, 21][8, 19][2, 16][4, 7][23, 24][7, 28][15, 16][0, 26][15, 16] 
[12, 22, 0, 26, 8, 19, 18, 17, 28, 7, 20, 24, 23][0, 13, 6, 5, 21, 10, 27, 29, 2, 15, 16][1, 9, 14, 4, 3, 11, 25][16, 15, 2, 29][23, 24][4, 7][15, 16][15, 16][7, 28][20, 24][7, 28][7, 28] 
[1, 23, 24, 20, 7, 28, 17, 18, 19, 8, 26, 0, 22, 12][1, 9, 14, 4, 3, 11, 25][16, 15, 2, 29, 27, 10, 21][0, 13, 6, 5, 21][15, 16][15, 16][0, 26][15, 16][15, 16][15, 16][15, 16][15, 16] 
[12, 22, 0, 26, 8, 19, 18, 17, 28, 7, 20, 24][0, 13, 6, 5, 21, 10, 27, 29, 2, 15, 16][1, 9, 14, 4, 3, 11, 25][16, 15, 2, 29, 27, 10, 21][10, 2, 15, 16][0, 26, 8][8, 19][4, 7][23, 24][7, 28][15, 16][15, 16] 
[12, 22, 0, 26, 8, 19, 18, 17, 28, 7, 20, 24][0, 13, 6, 5, 21, 10, 27, 29, 2, 15, 16][1, 9, 14, 4, 3, 11, 25][16, 15, 2, 29, 27, 10, 21][10, 2, 15, 16][0, 26, 8][8, 19][4, 7][23, 24][7, 28][15, 16][15, 16] 
[12, 22, 0, 26, 8, 19, 18, 17, 28, 7, 24][5, 21, 10, 27, 29, 2, 15, 16][1, 9, 14, 4, 3, 11, 25][0, 13, 6, 5, 21][1, 24, 23, 20, 4][0, 26][23, 24][8, 19][7, 28][11, 25][15, 16][15, 16] 
[12, 22, 0, 26, 8, 19, 18, 17, 28, 7, 20, 24, 23][0, 13, 6, 5, 21, 10, 27, 29, 2, 15, 16][24, 1, 9, 14, 4, 3, 11, 25][8, 12, 18, 19][23, 24][15, 16][15, 16][15, 16][15, 16][15, 16][15, 16][7, 28] 
[12, 22, 0, 26, 8, 19, 18, 17, 28, 7, 20][20, 24, 23, 1, 9, 14, 4, 3, 11, 25][0, 13, 6, 5, 21, 10, 27, 29][10, 2, 15, 16][15, 16][23, 24][11, 25][7, 28][7, 28][15, 16][15, 16][23, 24] 
[12, 22, 0, 26, 8, 19, 18, 17, 28, 7, 24][0, 13, 6, 5, 21, 10, 27, 29, 2, 15, 16][20, 23, 1, 9, 14, 3, 11, 25][5, 21, 10, 27, 29, 2, 15, 16][8, 19][15, 16][4, 7][23, 24][7, 28][15, 16][0, 26][15, 16] 
[12, 22, 0, 26, 8, 19, 18, 17, 28, 7, 20][20, 24, 23, 1, 9, 14, 4, 3, 11, 25][0, 13, 6, 5, 21, 10, 27, 29][10, 2, 15, 16][15, 16][23, 24][11, 25][7, 28][7, 28][15, 16][15, 16][23, 24] 
[12, 22, 0, 26, 8, 19, 18, 17, 28, 7, 20][0, 13, 6, 5, 21, 10, 27, 29, 2, 15, 16][20, 24, 23, 1, 9, 14, 4, 3, 11, 25][10, 2, 15, 16][15, 16][23, 24][11, 25][7, 28][7, 28][15, 16][15, 16][23, 24] 
[12, 22, 0, 26, 8, 19, 18, 17, 28, 7, 20, 24, 23][0, 13, 6, 5, 21, 10, 27, 29, 2, 15, 16][0, 13, 6, 5, 21, 10, 27, 29, 2, 15, 16][24, 1, 9, 14, 4, 3, 11, 25][7, 28, 17][23, 24][15, 16][15, 16][15, 16][15, 16][7, 28][15, 16] 
[0, 13, 6, 5, 21, 10, 27, 29, 2, 15, 16][7, 28, 17, 18, 19, 8, 26, 0, 22, 12][20, 24, 23, 1, 9, 14, 4, 3, 11, 25][15, 16][15, 16][7, 24][11, 25][23, 24][15, 16][7, 24][15, 16][15, 16] 
[12, 22, 0, 26, 8, 19, 18, 17, 28, 7, 24][0, 13, 6, 5, 21, 10, 27, 29, 2, 15, 16][20, 24, 23, 1, 9, 14, 4, 3, 11, 25][6, 5, 21, 10, 27, 29, 2, 15, 16][8, 19][15, 16][4, 7][23, 24][7, 28][15, 16][0, 26][15, 16] 
[12, 22, 0, 26, 8, 19, 18, 17, 28, 7, 20, 24, 23][0, 13, 6, 5, 21, 10, 27, 29, 2, 15, 16][24, 1, 9, 14, 4, 3, 11, 25][0, 19, 18, 12, 8][23, 24][15, 16][15, 16][15, 16][15, 16][15, 16][15, 16][7, 28] 
[12, 22, 0, 26, 8, 19, 18, 17, 28, 7, 20, 24, 23][0, 13, 6, 5, 21, 10, 27, 29, 2, 15, 16][24, 1, 9, 14, 4, 3, 11, 25][7, 28][23, 24][4, 7][15, 16][7, 28][15, 16][7, 28][15, 16][15, 16] 
[12, 22, 0, 26, 8, 19, 18, 17, 28, 7, 20, 24, 23][0, 13, 6, 5, 21, 10, 27, 29, 2, 15, 16][1, 9, 14, 4, 3, 11, 25][16, 15, 2, 29][23, 24][4, 7][15, 16][15, 16][7, 28][20, 24][7, 28][7, 28] 
[1, 23, 24, 20, 7, 28, 17, 18, 19, 8, 26, 0, 22, 12][1, 9, 14, 4, 3, 11, 25][16, 15, 2, 29, 27, 10, 21][0, 13, 6, 5, 21][15, 16][15, 16][0, 26][15, 16][15, 16][15, 16][15, 16][15, 16] 
[12, 22, 0, 26, 8, 19, 18, 17, 28, 7, 20, 24, 23][0, 13, 6, 5, 21, 10, 27, 29, 2, 15, 16][24, 1, 9, 14, 4, 3, 11, 25][7, 28][23, 24][4, 7][15, 16][7, 28][15, 16][7, 28][15, 16][15, 16] 
[12, 22, 0, 26, 8, 19, 18, 17, 28, 7, 20, 24, 23][0, 13, 6, 5, 21, 10, 27, 29, 2, 15, 16][24, 1, 9, 14, 4, 3, 11, 25][0, 19, 18, 12, 8][23, 24][15, 16][15, 16][15, 16][15, 16][15, 16][15, 16][7, 28] 
[12, 22, 0, 26, 8, 19, 18, 17, 28, 7, 20, 24, 23][0, 13, 6, 5, 21, 10, 27, 29, 2, 15, 16][24, 1, 9, 14, 4, 3, 11, 25][8, 12, 18, 19][23, 24][15, 16][15, 16][15, 16][15, 16][15, 16][15, 16][7, 28] 
[9, 14, 11, 17, 28][4, 7, 16, 15, 5][6, 21, 10, 2, 29][8, 19, 12, 18, 13][25, 22, 0, 26][23, 3, 1, 24][20, 7, 27][0, 17][14, 20][10, 27][20, 24][0, 18] 
[6, 21, 10, 2, 29][4, 7, 16, 15, 5][9, 14, 11, 17, 28][8, 19, 12, 18, 13][25, 22, 0, 26][23, 3, 1, 24][20, 7, 27][10, 27][14, 20][0, 17][20, 24][0, 18] 
[9, 14, 11, 17, 28][4, 7, 16, 15, 5][6, 21, 10, 2, 29][8, 19, 12, 18, 13][25, 22, 0, 26][23, 3, 1, 24][20, 7, 27][0, 17][14, 20][10, 27][20, 24][0, 18] 
[9, 14, 11, 17, 28][4, 7, 16, 15, 5][6, 21, 10, 2, 29][8, 19, 12, 18, 13][23, 3, 1, 24][25, 22, 0, 26][20, 7, 27][14, 20][20, 24][10, 27][0, 17][0, 18] 
[6, 21, 10, 2, 29][4, 7, 16, 15, 5][9, 14, 11, 17, 28][8, 19, 12, 18, 13][23, 3, 1, 24][25, 22, 0, 26][20, 7, 27][10, 27][20, 24][14, 20][0, 17][0, 18] 
[4, 7, 16, 15, 5][6, 21, 10, 2, 29][9, 14, 11, 17, 28][8, 19, 12, 18, 13][23, 3, 1, 24][25, 22, 0, 26][20, 7, 27][20, 24][10, 27][14, 20][0, 17][0, 18] 
[4, 7, 16, 15, 5][6, 21, 10, 2, 29][9, 14, 11, 17, 28][8, 19, 12, 18, 13][23, 3, 1, 24][25, 22, 0, 26][20, 7, 27][20, 24][10, 27][14, 20][0, 17][0, 18] 
[4, 7, 16, 15, 5][6, 21, 10, 2, 29][9, 14, 11, 17, 28][8, 19, 12, 18, 13][23, 3, 1, 24][25, 22, 0, 26][20, 7, 27][20, 24][10, 27][14, 20][0, 17][0, 18] 
[4, 7, 16, 15, 5][6, 21, 10, 2, 29][9, 14, 11, 17, 28][8, 19, 12, 18, 13][23, 3, 1, 24][25, 22, 0, 26][20, 7, 27][20, 24][10, 27][14, 20][0, 17][0, 18] 
[4, 7, 16, 15, 5][6, 21, 10, 2, 29][9, 14, 11, 17, 28][8, 19, 12, 18, 13][23, 3, 1, 24][25, 22, 0, 26][20, 7, 27][10, 27][20, 24][14, 20][0, 17][0, 18] 
[8, 19, 12, 18, 13][9, 14, 11, 17, 28][4, 7, 16, 15, 5][6, 21, 10, 2, 29][25, 22, 0, 26][23, 3, 1, 24][20, 7, 27][0, 18][0, 17][14, 20][20, 24][10, 27] 
[9, 14, 11, 17, 28][4, 7, 16, 15, 5][6, 21, 10, 2, 29][8, 19, 12, 18, 13][23, 3, 1, 24][25, 22, 0, 26][20, 7, 27][14, 20][20, 24][10, 27][0, 17][0, 18] 
[9, 14, 11, 17, 28][4, 7, 16, 15, 5][6, 21, 10, 2, 29][8, 19, 12, 18, 13][23, 3, 1, 24][25, 22, 0, 26][20, 7, 27][14, 20][20, 24][10, 27][0, 17][0, 18] 
[8, 19, 12, 18, 13][9, 14, 11, 17, 28][4, 7, 16, 15, 5][6, 21, 10, 2, 29][25, 22, 0, 26][23, 3, 1, 24][20, 7, 27][0, 18][0, 17][14, 20][20, 24][10, 27] 
[4, 7, 16, 15, 5][6, 21, 10, 2, 29][9, 14, 11, 17, 28][8, 19, 12, 18, 13][25, 22, 0, 26][23, 3, 1, 24][20, 7, 27][10, 27][14, 20][0, 17][0, 18][20, 24] 
[6, 21, 10, 2, 29][4, 7, 16, 15, 5][9, 14, 11, 17, 28][18, 12, 19, 8, 26][23, 3, 1, 24][13, 0, 22, 25][20, 7, 27][10, 27][20, 24][14, 20][0, 17][0, 18] 
[6, 21, 10, 2, 29][4, 7, 16, 15, 5][9, 14, 11, 17, 28][18, 12, 19, 8, 26][23, 3, 1, 24][13, 0, 22, 25][20, 7, 27][10, 27][20, 24][14, 20][0, 17][0, 18] 
[18, 12, 19, 8, 26][9, 14, 11, 17, 28][4, 7, 16, 15, 5][6, 21, 10, 2, 29][13, 0, 22, 25][23, 3, 1, 24][20, 7, 27][0, 18][0, 17][14, 20][20, 24][10, 27] 
[6, 21, 10, 2, 29][4, 7, 16, 15, 5][9, 14, 11, 17, 28][18, 12, 19, 8, 26][23, 3, 1, 24][13, 0, 22, 25][20, 7, 27][10, 27][20, 24][14, 20][0, 17][0, 18] 
[6, 21, 10, 2, 29][4, 7, 16, 15, 5][9, 14, 11, 17, 28][18, 12, 19, 8, 26][23, 3, 1, 24][13, 0, 22, 25][20, 7, 27][10, 27][20, 24][14, 20][0, 17][0, 18] 
[6, 21, 10, 2, 29][20, 24, 1, 3, 23][4, 7, 16, 15, 5][9, 14, 11, 17, 28][18, 12, 19, 8, 26][13, 0, 22, 25][10, 27][7, 27][14, 20][0, 17][0, 18][7, 20] 
[8, 19, 12, 18, 13][9, 14, 11, 17, 28][4, 7, 16, 15, 5][6, 21, 10, 2, 29][25, 22, 0, 26][23, 3, 1, 24][20, 7, 27][0, 18][0, 17][14, 20][20, 24][10, 27] 
[4, 7, 16, 15, 5][6, 21, 10, 2, 29][9, 14, 11, 17, 28][8, 19, 12, 18, 13][23, 3, 1, 24][25, 22, 0, 26][20, 7, 27][20, 24][10, 27][14, 20][0, 17][0, 18] 
[9, 14, 11, 17, 28][4, 7, 16, 15, 5][6, 21, 10, 2, 29][8, 19, 12, 18, 13][23, 3, 1, 24][25, 22, 0, 26][20, 7, 27][14, 20][20, 24][10, 27][0, 17][0, 18] 
[8, 19, 12, 18, 13][9, 14, 11, 17, 28][4, 7, 16, 15, 5][6, 21, 10, 2, 29][25, 22, 0, 26][23, 3, 1, 24][20, 7, 27][0, 18][0, 17][14, 20][20, 24][10, 27] 
[9, 14, 11, 17, 28][8, 19, 12, 18, 13][4, 7, 16, 15, 5][6, 21, 10, 2, 29][25, 22, 0, 26][23, 3, 1, 24][20, 7, 27][0, 17][0, 18][14, 20][10, 27][20, 24] 
[9, 14, 11, 17, 28][4, 7, 16, 15, 5][6, 21, 10, 2, 29][8, 19, 12, 18, 13][23, 3, 1, 24][25, 22, 0, 26][20, 7, 27][14, 20][20, 24][10, 27][0, 17][0, 18] 
[8, 19, 12, 18, 13][9, 14, 11, 17, 28][4, 7, 16, 15, 5][6, 21, 10, 2, 29][25, 22, 0, 26][23, 3, 1, 24][20, 7, 27][0, 18][0, 17][14, 20][20, 24][10, 27] 
[6, 21, 10, 2, 29][4, 7, 16, 15, 5][9, 14, 11, 17, 28][18, 12, 19, 8, 26][23, 3, 1, 24][13, 0, 22, 25][20, 7, 27][10, 27][20, 24][14, 20][0, 17][0, 18] 
[6, 21, 10, 2, 29][4, 7, 16, 15, 5][9, 14, 11, 17, 28][18, 12, 19, 8, 26][23, 3, 1, 24][13, 0, 22, 25][20, 7, 27][10, 27][20, 24][14, 20][0, 17][0, 18] 
[6, 21, 10, 2, 29][4, 7, 16, 15, 5][9, 14, 11, 17, 28][18, 12, 19, 8, 26][23, 3, 1, 24][13, 0, 22, 25][20, 7, 27][10, 27][20, 24][14, 20][0, 17][0, 18] 
[6, 21, 10, 2, 29][4, 7, 16, 15, 5][9, 14, 11, 17, 28][18, 12, 19, 8, 26][23, 3, 1, 24][13, 0, 22, 25][20, 7, 27][10, 27][20, 24][14, 20][0, 17][0, 18] 
[6, 21, 10, 2, 29][4, 7, 16, 15, 5][9, 14, 11, 17, 28][18, 12, 19, 8, 26][23, 3, 1, 24][13, 0, 22, 25][20, 7, 27][10, 27][20, 24][14, 20][0, 17][0, 18] 
[6, 21, 10, 2, 29][4, 7, 16, 15, 5][9, 14, 11, 17, 28][18, 12, 19, 8, 26][23, 3, 1, 24][13, 0, 22, 25][20, 7, 27][10, 27][20, 24][14, 20][0, 17][0, 18] 
[6, 21, 10, 2, 29][4, 7, 16, 15, 5][9, 14, 11, 17, 28][18, 12, 19, 8, 26][23, 3, 1, 24][13, 0, 22, 25][20, 7, 27][10, 27][20, 24][14, 20][0, 17][0, 18] 
[9, 14, 11, 17, 28][4, 7, 16, 15, 5][18, 12, 19, 8, 26][6, 21, 10, 2, 29][13, 0, 22, 25][23, 3, 1, 24][20, 7, 27][0, 17][14, 20][0, 18][10, 27][20, 24] 
[6, 21, 10, 2, 29][4, 7, 16, 15, 5][9, 14, 11, 17, 28][18, 12, 19, 8, 26][23, 3, 1, 24][13, 0, 22, 25][20, 7, 27][10, 27][20, 24][14, 20][0, 17][0, 18] 
[6, 21, 10, 2, 29][4, 7, 16, 15, 5][9, 14, 11, 17, 28][18, 12, 19, 8, 26][23, 3, 1, 24][13, 0, 22, 25][20, 7, 27][10, 27][20, 24][14, 20][0, 17][0, 18] 
[6, 21, 10, 2, 29][4, 7, 16, 15, 5][9, 14, 11, 17, 28][18, 12, 19, 8, 26][23, 3, 1, 24][13, 0, 22, 25][20, 7, 27][10, 27][20, 24][14, 20][0, 17][0, 18] 
[6, 21, 10, 2, 29][4, 7, 16, 15, 5][9, 14, 11, 17, 28][18, 12, 19, 8, 26][23, 3, 1, 24][13, 0, 22, 25][20, 7, 27][10, 27][20, 24][14, 20][0, 17][0, 18] 
[6, 21, 10, 2, 29][4, 7, 16, 15, 5][9, 14, 11, 17, 28][18, 12, 19, 8, 26][23, 3, 1, 24][13, 0, 22, 25][20, 7, 27][10, 27][20, 24][14, 20][0, 17][0, 18] 
[6, 21, 10, 2, 29][4, 7, 16, 15, 5][9, 14, 11, 17, 28][18, 12, 19, 8, 26][23, 3, 1, 24][13, 0, 22, 25][20, 7, 27][10, 27][20, 24][14, 20][0, 17][0, 18] 
[6, 21, 10, 2, 29][4, 7, 16, 15, 5][9, 14, 11, 17, 28][18, 12, 19, 8, 26][23, 3, 1, 24][13, 0, 22, 25][20, 7, 27][10, 27][20, 24][14, 20][0, 17][0, 18] 
[9, 14, 11, 17, 28][20, 24, 1, 3, 23][4, 7, 16, 15, 5][6, 21, 10, 2, 29][18, 12, 19, 8, 26][13, 0, 22, 25][20, 7, 27][0, 17][0, 18][12, 18][14, 20][10, 27] 
[20, 24, 1, 3, 23][4, 7, 16, 15, 5][9, 14, 11, 17, 28][6, 21, 10, 2, 29][18, 12, 19, 8, 26][13, 0, 22, 25][20, 7, 27][1, 24][14, 20][0, 17][10, 27][0, 18] 
[20, 24, 1, 3, 23][4, 7, 16, 15, 5][6, 21, 10, 2, 29][9, 14, 11, 17, 28][18, 12, 19, 8, 26][13, 0, 22, 25][20, 7, 27][1, 24][10, 27][14, 20][0, 17][0, 18] 
[9, 14, 11, 17, 28][20, 24, 1, 3, 23][4, 7, 16, 15, 5][6, 21, 10, 2, 29][18, 12, 19, 8, 26][13, 0, 22, 25][20, 7, 27][0, 17][0, 18][12, 18][14, 20][10, 27] 
[20, 24, 1, 3, 23][4, 7, 16, 15, 5][6, 21, 10, 2, 29][9, 14, 11, 17, 28][18, 12, 19, 8, 26][13, 0, 22, 25][20, 7, 27][1, 24][10, 27][14, 20][0, 17][0, 18] 
[20, 24, 1, 3, 23][4, 7, 16, 15, 5][6, 21, 10, 2, 29][9, 14, 11, 17, 28][18, 12, 19, 8, 26][13, 0, 22, 25][20, 7, 27][1, 24][10, 27][14, 20][0, 17][0, 18] 
[4, 7, 16, 15, 5][6, 21, 10, 2, 29][9, 14, 11, 17, 28][8, 19, 12, 18, 13][23, 3, 1, 24][25, 22, 0, 26][20, 7, 27][20, 24][10, 27][14, 20][0, 17][0, 18] 
[9, 14, 11, 17, 28][4, 7, 16, 15, 5][6, 21, 10, 2, 29][8, 19, 12, 18, 13][23, 3, 1, 24][25, 22, 0, 26][20, 7, 27][14, 20][20, 24][10, 27][0, 17][0, 18] 
[8, 19, 12, 18, 13][9, 14, 11, 17, 28][4, 7, 16, 15, 5][6, 21, 10, 2, 29][25, 22, 0, 26][23, 3, 1, 24][20, 7, 27][0, 18][0, 17][14, 20][20, 24][10, 27] 
[8, 19, 12, 18, 13][9, 14, 11, 17, 28][4, 7, 16, 15, 5][6, 21, 10, 2, 29][25, 22, 0, 26][23, 3, 1, 24][20, 7, 27][0, 18][0, 17][14, 20][20, 24][10, 27] 
[4, 7, 16, 15, 5][6, 21, 10, 2, 29][9, 14, 11, 17, 28][8, 19, 12, 18, 13][23, 3, 1, 24][25, 22, 0, 26][20, 7, 27][10, 27][20, 24][14, 20][0, 17][0, 18] 
[18, 12, 19, 8, 26][9, 14, 11, 17, 28][4, 7, 16, 15, 5][6, 21, 10, 2, 29][13, 0, 22, 25][23, 3, 1, 24][20, 7, 27][0, 18][0, 17][14, 20][20, 24][10, 27] 
[9, 14, 11, 17, 28][4, 7, 16, 15, 5][6, 21, 10, 2, 29][8, 19, 12, 18, 13][23, 3, 1, 24][25, 22, 0, 26][20, 7, 27][14, 20][20, 24][10, 27][0, 17][0, 18] 
