[13, 18, 12, 19, 8, 26][20, 24, 3, 11, 25][4, 14, 9, 1, 23][5, 6, 15, 29][7, 27, 10, 21][2, 16, 28, 17][0, 22, 17][5, 21][16, 27][19, 22][25, 28][14, 24] 
[13, 18, 12, 19, 8, 26][20, 24, 3, 11, 25][4, 14, 9, 1, 23][2, 16, 28, 17][7, 27, 10, 15][5, 6, 15, 29][0, 22, 17][19, 22][25, 28][14, 24][16, 27][5, 21] 
[13, 18, 12, 8, 26][20, 24, 3, 11, 25][4, 14, 9, 1, 23][5, 6, 15, 29][7, 27, 10, 15][2, 16, 28, 17][0, 22, 17][19, 12, 22][5, 21][16, 27][25, 28][14, 24] 
[17, 28, 16, 2, 29][13, 18, 19, 8, 26][20, 24, 3, 11, 25][4, 14, 9, 1, 23][7, 27, 10, 15][0, 22, 17][8, 12, 22][5, 6, 15][16, 27][25, 28][14, 24][5, 21] 
[20, 24, 3, 11, 25][13, 18, 12, 8, 26][4, 14, 9, 1, 23][2, 16, 28, 17][7, 27, 10, 21][5, 6, 15, 29][0, 22, 17][19, 12, 22][25, 28][16, 27][5, 21][14, 24] 
[13, 18, 12, 8, 26][20, 24, 3, 11, 25][4, 14, 9, 1, 23][5, 6, 15, 29][7, 27, 10, 15][2, 16, 28, 17][0, 22, 17][19, 12, 22][5, 21][16, 27][25, 28][14, 24] 
[13, 18, 12, 8, 26][20, 24, 3, 11, 25][4, 14, 9, 1, 23][5, 6, 15, 29][7, 27, 10, 15][2, 16, 28, 17][0, 22, 17][19, 12, 22][5, 21][16, 27][25, 28][14, 24] 
[13, 18, 12, 8, 26][20, 24, 3, 11, 25][4, 14, 9, 1, 23][2, 16, 28, 17][7, 27, 10, 21][5, 6, 15, 29][19, 12, 22][0, 22, 17][25, 28][14, 24][16, 27][5, 21] 
[13, 18, 12, 8, 26][20, 24, 3, 11, 25][4, 14, 9, 1, 23][5, 6, 15, 29][7, 27, 10, 15][0, 28, 16, 2][0, 22, 17][19, 12, 22][5, 21][16, 27][25, 28][14, 24] 
[4, 14, 9, 1, 23][20, 24, 3, 11, 25][13, 18, 12, 8, 26][2, 16, 28, 17][7, 27, 10, 21][5, 6, 15, 29][0, 22, 17][19, 12, 22][14, 24][25, 28][16, 27][5, 21] 
[13, 18, 12, 19, 8, 26][20, 24, 3, 11, 25][4, 14, 9, 1, 23][5, 6, 15, 29][7, 27, 10, 21][2, 16, 28, 17][0, 22, 17][5, 21][16, 27][19, 22][25, 28][14, 24] 
[13, 18, 12, 19, 8, 26][20, 24, 3, 11, 25][4, 14, 9, 1, 23][2, 16, 28, 17][7, 27, 10, 15][5, 6, 15, 29][0, 22, 17][19, 22][25, 28][14, 24][16, 27][5, 21] 
[13, 18, 12, 8, 26][20, 24, 3, 11, 25][4, 14, 9, 1, 23][5, 6, 15, 29][7, 27, 10, 15][2, 16, 28, 17][0, 22, 17][19, 12, 22][5, 21][16, 27][25, 28][14, 24] 
[13, 18, 12, 8, 26][20, 24, 3, 11, 25][4, 14, 9, 1, 23][2, 16, 28, 17][7, 27, 10, 21][5, 6, 15, 29][19, 12, 22][0, 22, 17][25, 28][14, 24][16, 27][5, 21] 
[13, 18, 12, 8, 26][20, 24, 3, 11, 25][4, 14, 9, 1, 23][5, 6, 15, 29][7, 27, 10, 15][2, 16, 28, 17][0, 22, 17][19, 12, 22][5, 21][16, 27][25, 28][14, 24] 
[13, 18, 12, 8, 26][20, 24, 3, 11, 25][4, 14, 9, 1, 23][2, 16, 28, 17][7, 27, 10, 21][5, 6, 15, 29][19, 12, 22][0, 22, 17][25, 28][14, 24][16, 27][5, 21] 
[13, 18, 12, 19, 8, 26][20, 24, 3, 11, 25][4, 14, 9, 1, 23][2, 16, 28, 17][7, 27, 10, 21][5, 6, 15, 29][0, 22, 17][19, 22][25, 28][14, 24][16, 27][5, 21] 
[13, 18, 12, 19, 8, 26][20, 24, 3, 11, 25][4, 14, 9, 1, 23][2, 16, 28, 17][7, 27, 10, 15][5, 6, 15, 29][0, 22, 17][25, 28][19, 22][16, 27][5, 21][14, 24] 
[13, 18, 12, 8, 26][20, 24, 3, 11, 25][4, 14, 9, 1, 23][2, 16, 28, 17][7, 27, 10, 21][5, 6, 15, 29][0, 22, 17][19, 12, 22][16, 27][25, 28][5, 21][14, 24] 
[13, 18, 12, 19, 8, 26][20, 24, 3, 11, 25][4, 14, 9, 1, 23][2, 16, 28, 17][7, 27, 10, 21][5, 6, 15, 29][0, 22, 17][14, 24][25, 28][19, 22][16, 27][5, 21] 
[13, 18, 12, 19, 8, 26][4, 14, 9, 1, 23][20, 24, 3, 11, 25][2, 16, 28, 17][7, 27, 10, 21][5, 6, 15, 29][0, 22, 17][14, 24][25, 28][16, 27][5, 21][19, 22] 
[13, 18, 12, 19, 8, 26][20, 24, 3, 11, 25][4, 14, 9, 1, 23][2, 16, 28, 17][7, 27, 10, 15][5, 6, 15, 29][0, 22, 17][19, 22][16, 27][25, 28][5, 21][14, 24] 
[13, 18, 12, 8, 26][20, 24, 3, 11, 25][4, 14, 9, 1, 23][5, 6, 15, 29][7, 27, 10, 15][2, 16, 28, 17][0, 22, 17][19, 12, 22][5, 21][16, 27][25, 28][14, 24] 
[13, 18, 12, 8, 26][20, 24, 3, 11, 25][4, 14, 9, 1, 23][2, 16, 28, 17][7, 27, 10, 21][5, 6, 15, 29][19, 12, 22][0, 22, 17][25, 28][14, 24][16, 27][5, 21] 
[13, 18, 12, 8, 26][20, 24, 3, 11, 25][4, 14, 9, 1, 23][5, 6, 15, 29][7, 27, 10, 15][2, 16, 28, 17][0, 22, 17][19, 12, 22][5, 21][16, 27][25, 28][14, 24] 
[13, 18, 12, 8, 26][20, 24, 3, 11, 25][4, 14, 9, 1, 23][2, 16, 28, 17][7, 27, 10, 21][5, 6, 15, 29][19, 12, 22][0, 22, 17][25, 28][14, 24][16, 27][5, 21] 
[13, 18, 12, 19, 8, 26][4, 14, 9, 1, 23][20, 24, 3, 11, 25][2, 16, 28, 17][7, 27, 10, 21][5, 6, 15, 29][0, 22, 17][14, 24][25, 28][19, 22][16, 27][5, 21] 
[13, 18, 12, 19, 8, 26][20, 24, 3, 11, 25][4, 14, 9, 1, 23][2, 16, 28, 17][7, 27, 10, 15][5, 6, 15, 29][0, 22, 17][14, 24][25, 28][19, 22][16, 27][5, 21] 
[13, 18, 12, 8, 26][20, 24, 3, 11, 25][4, 14, 9, 1, 23][2, 16, 28, 17][7, 27, 10, 21][5, 6, 15, 29][0, 22, 17][19, 12, 22][16, 27][25, 28][5, 21][14, 24] 
[13, 18, 12, 19, 8, 26][4, 14, 9, 1, 23][20, 24, 3, 11, 25][2, 16, 28, 17][7, 27, 10, 21][5, 6, 15, 29][0, 22, 17][14, 24][25, 28][16, 27][5, 21][19, 22] 
[13, 18, 12, 19, 8, 26][20, 24, 3, 11, 25][4, 14, 9, 1, 23][5, 6, 15, 29][7, 27, 10, 21][2, 16, 28, 17][0, 22, 17][5, 21][16, 27][25, 28][19, 22][14, 24] 
[13, 18, 12, 19, 8, 26][20, 24, 3, 11, 25][4, 14, 9, 1, 23][2, 16, 28, 17][7, 27, 10, 15][5, 6, 15, 29][0, 22, 17][14, 24][25, 28][19, 22][16, 27][5, 21] 
[20, 24, 3, 11, 25][13, 18, 12, 8, 26][4, 14, 9, 1, 23][7, 27, 10, 21][5, 6, 15, 29][2, 16, 28, 17][0, 22, 17][19, 12, 22][5, 21][16, 27][25, 28][14, 24] 
[13, 18, 12, 19, 8, 26][20, 24, 3, 11, 25][4, 14, 9, 1, 23][7, 27, 10, 21][5, 6, 15, 29][2, 16, 28, 17][0, 22, 17][5, 21][16, 27][19, 22][25, 28][14, 24] 
[13, 18, 12, 19, 8, 26][20, 24, 3, 11, 25][4, 14, 9, 1, 23][5, 6, 15, 29][7, 27, 10, 21][2, 16, 28, 17][0, 22, 17][5, 21][16, 27][25, 28][19, 22][14, 24] 
[1, 9, 14, 4, 20, 24, 3, 11, 25, 28, 17][16, 2, 29, 15, 6, 21, 10, 27, 7, 28][13, 18, 19, 8, 26, 0, 22, 12, 17][23, 24][5, 21][11, 25][7, 27][11, 25][11, 25][7, 27][11, 25][11, 25] 
[1, 9, 14, 4, 20, 24, 3, 11, 25, 28, 17][2, 29, 15, 6, 5, 21, 10, 27, 7, 20][13, 18, 19, 8, 26, 0, 22, 12, 17][0, 26, 8, 19, 18, 13][2, 16][13, 18][23, 24][7, 27][4, 14][11, 25][11, 25][11, 25] 
[1, 9, 14, 4, 20, 24, 3, 11, 25, 28, 17][16, 2, 29, 15, 6, 21, 10, 27, 7, 28][13, 18, 19, 8, 26, 0, 22, 12, 17][7, 27][7, 27][5, 21][0, 22][4, 14][11, 25][25, 28][23, 24][11, 25] 
[1, 9, 14, 4, 20, 24, 3, 11, 25, 28, 17][13, 18, 19, 8, 26, 0, 22, 12, 17][16, 2, 29, 15, 6, 5, 21, 10, 27][11, 25][16, 28][23, 24][11, 25][4, 14][5, 21][7, 27][11, 25][11, 25] 
[1, 9, 14, 4, 20, 24, 3, 11, 25, 28, 17][13, 18, 19, 8, 26, 0, 22, 12, 17][16, 2, 29, 15, 6, 5, 21, 10, 27][11, 25][16, 28][23, 24][11, 25][4, 14][5, 21][7, 27][11, 25][11, 25] 
[1, 9, 14, 4, 20, 24, 3, 11, 25, 28, 17][13, 18, 19, 8, 26, 0, 22, 12, 17][2, 29, 15, 6, 5, 21, 10, 27][5, 21][16, 28][25, 28][7, 27][23, 24][0, 22][5, 21][4, 14][2, 16] 
[1, 9, 14, 4, 20, 24, 3, 11, 25, 28, 17][2, 29, 15, 6, 5, 21, 10, 27, 7, 20][13, 18, 19, 8, 26, 0, 22, 12, 17][0, 26, 8, 19, 18, 13][2, 16][13, 18][23, 24][7, 27][4, 14][11, 25][11, 25][11, 25] 
[1, 9, 14, 4, 20, 24, 3, 11, 25, 28, 17][16, 2, 29, 15, 6, 21, 10, 27, 7, 28][13, 18, 19, 8, 26, 0, 22, 12, 17][23, 24][5, 21][11, 25][7, 27][11, 25][11, 25][7, 27][11, 25][11, 25] 
[1, 9, 14, 4, 20, 24, 3, 11, 25, 28, 17][13, 18, 19, 8, 26, 0, 22, 12, 17][16, 2, 29, 15, 6, 5, 21, 10, 27][11, 25][16, 28][23, 24][11, 25][4, 14][5, 21][7, 27][11, 25][11, 25] 
[1, 9, 14, 4, 20, 24, 3, 11, 25, 28, 17][16, 2, 29, 15, 6, 21, 10, 27, 7, 28][13, 18, 19, 8, 26, 0, 22, 12, 17][7, 27][7, 27][5, 21][0, 22][4, 14][11, 25][25, 28][23, 24][11, 25] 
[1, 9, 14, 4, 20, 24, 3, 11, 25, 28, 17][16, 2, 29, 15, 6, 21, 10, 27, 7, 28][13, 18, 19, 8, 26, 0, 22, 12, 17][23, 24][5, 21][11, 25][7, 27][11, 25][11, 25][7, 27][11, 25][11, 25] 
[1, 9, 14, 4, 20, 24, 3, 11, 25, 28, 17][16, 2, 29, 15, 6, 21, 10, 27, 7, 28][13, 18, 19, 8, 26, 0, 22, 12, 17][23, 24][5, 21][11, 25][7, 27][11, 25][11, 25][7, 27][11, 25][11, 25] 
[1, 9, 14, 4, 20, 24, 3, 11, 25, 28, 17][13, 18, 19, 8, 26, 0, 22, 12, 17][16, 2, 29, 15, 6, 5, 21, 10, 27][11, 25][16, 28][23, 24][11, 25][4, 14][5, 21][7, 27][11, 25][11, 25] 
[1, 9, 14, 4, 20, 24, 3, 11, 25, 28, 17][16, 2, 29, 15, 6, 21, 10, 27, 7, 28][13, 18, 19, 8, 26, 0, 22, 12, 17][23, 24][5, 21][11, 25][7, 27][11, 25][11, 25][7, 27][11, 25][11, 25] 
[1, 9, 14, 4, 20, 24, 3, 11, 25, 28, 17][16, 2, 29, 15, 6, 21, 10, 27, 7, 28][13, 18, 19, 8, 26, 0, 22, 12, 17][23, 24][5, 21][11, 25][7, 27][11, 25][11, 25][7, 27][11, 25][11, 25] 
[1, 9, 14, 4, 20, 24, 3, 11, 25, 28, 17][16, 2, 29, 15, 6, 21, 10, 27, 7, 28][13, 18, 19, 8, 26, 0, 22, 12, 17][23, 24][5, 21][11, 25][7, 27][11, 25][11, 25][7, 27][11, 25][11, 25] 
[1, 9, 14, 4, 20, 24, 3, 11, 25, 28, 17][16, 2, 29, 15, 6, 21, 10, 27, 7, 28][13, 18, 19, 8, 26, 0, 22, 12, 17][23, 24][5, 21][11, 25][7, 27][11, 25][11, 25][7, 27][11, 25][11, 25] 
[1, 9, 14, 4, 20, 24, 3, 11, 25, 28, 17][13, 18, 19, 8, 26, 0, 22, 12, 17][2, 29, 15, 6, 21, 10, 27, 7, 28][15, 29][2, 16][25, 28][0, 22][4, 14][11, 25][7, 27][5, 21][23, 24] 
[1, 9, 14, 4, 20, 24, 3, 11, 25, 28, 17][16, 2, 29, 15, 6, 21, 10, 27, 7, 28][13, 18, 19, 8, 26, 0, 22, 12, 17][23, 24][5, 21][11, 25][7, 27][11, 25][11, 25][7, 27][11, 25][11, 25] 
[1, 9, 14, 4, 20, 24, 3, 11, 25, 28, 17][16, 2, 29, 15, 6, 21, 10, 27, 7, 28][13, 18, 19, 8, 26, 0, 22, 12, 17][23, 24][5, 21][11, 25][7, 27][11, 25][11, 25][7, 27][11, 25][11, 25] 
[1, 9, 14, 4, 20, 24, 3, 11, 25, 28, 17][16, 2, 29, 15, 6, 21, 10, 27, 7, 28][13, 18, 19, 8, 26, 0, 22, 12, 17][23, 24][5, 21][11, 25][7, 27][11, 25][11, 25][7, 27][11, 25][11, 25] 
[13, 18, 12, 8, 26][20, 24, 3, 11, 25][4, 14, 9, 1, 23][0, 28, 16, 2][7, 27, 10, 21][5, 6, 15, 29][19, 12, 22][0, 22, 17][16, 27][25, 28][14, 24][5, 21] 
[20, 24, 3, 11, 25][4, 14, 9, 1, 23][13, 18, 12, 8, 26][5, 6, 15, 29][7, 27, 10, 21][0, 28, 16, 2][0, 22, 17][19, 12, 22][5, 21][16, 27][25, 28][14, 24] 
[13, 18, 12, 8, 26][20, 24, 3, 11, 25][4, 14, 9, 1, 23][0, 28, 16, 2][7, 27, 10, 21][5, 6, 15, 29][19, 12, 22][0, 22, 17][16, 27][25, 28][14, 24][5, 21] 
[20, 24, 3, 11, 25][4, 14, 9, 1, 23][13, 18, 12, 8, 26][7, 27, 10, 21][0, 28, 16, 2][5, 6, 15, 29][0, 22, 17][19, 12, 22][16, 27][25, 28][5, 21][14, 24] 
[13, 18, 12, 8, 26][20, 24, 3, 11, 25][4, 14, 9, 1, 23][5, 6, 15, 29][7, 27, 10, 21][0, 28, 16, 2][0, 22, 17][19, 12, 22][5, 21][16, 27][25, 28][14, 24] 
[13, 18, 12, 8, 26][20, 24, 3, 11, 25][4, 14, 9, 1, 23][0, 28, 16, 2][7, 27, 10, 21][5, 6, 15, 29][19, 12, 22][0, 22, 17][25, 28][14, 24][16, 27][5, 21] 
[13, 18, 12, 8, 26][20, 24, 3, 11, 25][4, 14, 9, 1, 23][0, 28, 16, 2][7, 27, 10, 21][5, 6, 15, 29][19, 12, 22][0, 22, 17][16, 27][25, 28][14, 24][5, 21] 
[13, 18, 12, 8, 26][20, 24, 3, 11, 25][4, 14, 9, 1, 23][0, 28, 16, 2][7, 27, 10, 21][5, 6, 15, 29][19, 12, 22][0, 22, 17][25, 28][14, 24][16, 27][5, 21] 
[13, 18, 12, 8, 26][20, 24, 3, 11, 25][4, 14, 9, 1, 23][0, 28, 16, 2][7, 27, 10, 21][5, 6, 15, 29][19, 12, 22][0, 22, 17][25, 28][14, 24][16, 27][5, 21] 
[13, 18, 12, 8, 26][20, 24, 3, 11, 25][4, 14, 9, 1, 23][0, 28, 16, 2][7, 27, 10, 21][5, 6, 15, 29][19, 12, 22][0, 22, 17][25, 28][14, 24][16, 27][5, 21] 
[13, 18, 12, 8, 26][20, 24, 3, 11, 25][4, 14, 9, 1, 23][0, 28, 16, 2][7, 27, 10, 21][5, 6, 15, 29][19, 12, 22][0, 22, 17][16, 27][25, 28][14, 24][5, 21] 
[13, 18, 12, 8, 26][20, 24, 3, 11, 25][4, 14, 9, 1, 23][0, 28, 16, 2][7, 27, 10, 21][5, 6, 15, 29][19, 12, 22][0, 22, 17][16, 27][25, 28][14, 24][5, 21] 
[13, 18, 12, 8, 26][20, 24, 3, 11, 25][4, 14, 9, 1, 23][0, 28, 16, 2][7, 27, 10, 21][5, 6, 15, 29][19, 12, 22][0, 22, 17][25, 28][14, 24][16, 27][5, 21] 
[13, 18, 12, 8, 26][20, 24, 3, 11, 25][4, 14, 9, 1, 23][0, 28, 16, 2][7, 27, 10, 21][5, 6, 15, 29][19, 12, 22][0, 22, 17][25, 28][14, 24][16, 27][5, 21] 
[13, 18, 12, 8, 26][20, 24, 3, 11, 25][4, 14, 9, 1, 23][0, 28, 16, 2][7, 27, 10, 21][5, 6, 15, 29][19, 12, 22][0, 22, 17][25, 28][14, 24][16, 27][5, 21] 
[13, 18, 12, 19, 8, 26][20, 24, 3, 11, 25][4, 14, 9, 1, 23][2, 16, 28, 17][7, 27, 10, 21][5, 6, 15, 29][0, 22, 17][14, 24][25, 28][19, 22][16, 27][5, 21] 
[13, 18, 12, 19, 8, 26][20, 24, 3, 11, 25][4, 14, 9, 1, 23][2, 16, 28, 17][7, 27, 10, 21][5, 6, 15, 29][0, 22, 17][14, 24][25, 28][19, 22][16, 27][5, 21] 
[13, 18, 12, 19, 8, 26][20, 24, 3, 11, 25][4, 14, 9, 1, 23][7, 27, 10, 21][2, 16, 28, 17][5, 6, 15, 29][0, 22, 17][16, 27][5, 21][25, 28][19, 22][14, 24] 
[13, 18, 12, 19, 8, 26][20, 24, 3, 11, 25][4, 14, 9, 1, 23][7, 27, 10, 21][2, 16, 28, 17][5, 6, 15, 29][0, 22, 17][16, 27][5, 21][25, 28][19, 22][14, 24] 
[13, 18, 12, 19, 8, 26][4, 14, 9, 1, 23][20, 24, 3, 11, 25][2, 16, 28, 17][7, 27, 10, 21][5, 6, 15, 29][0, 22, 17][14, 24][25, 28][19, 22][16, 27][5, 21] 
[13, 18, 12, 19, 8, 26][20, 24, 3, 11, 25][4, 14, 9, 1, 23][2, 16, 28, 17][7, 27, 10, 21][5, 6, 15, 29][0, 22, 17][14, 24][25, 28][19, 22][16, 27][5, 21] 
[13, 18, 12, 8, 26][20, 24, 3, 11, 25][4, 14, 9, 1, 23][0, 28, 16, 2][7, 27, 10, 21][5, 6, 15, 29][19, 12, 22][0, 22, 17][16, 27][25, 28][14, 24][5, 21] 
[13, 18, 12, 8, 26][20, 24, 3, 11, 25][4, 14, 9, 1, 23][0, 28, 16, 2][7, 27, 10, 21][5, 6, 15, 29][19, 12, 22][0, 22, 17][16, 27][25, 28][14, 24][5, 21] 
[13, 18, 12, 8, 26][20, 24, 3, 11, 25][4, 14, 9, 1, 23][0, 28, 16, 2][7, 27, 10, 21][5, 6, 15, 29][19, 12, 22][0, 22, 17][25, 28][14, 24][16, 27][5, 21] 
[13, 18, 12, 8, 26][20, 24, 3, 11, 25][4, 14, 9, 1, 23][0, 28, 16, 2][7, 27, 10, 21][5, 6, 15, 29][19, 12, 22][0, 22, 17][25, 28][14, 24][16, 27][5, 21] 
[13, 18, 12, 8, 26][20, 24, 3, 11, 25][4, 14, 9, 1, 23][0, 28, 16, 2][7, 27, 10, 21][5, 6, 15, 29][19, 12, 22][0, 22, 17][25, 28][14, 24][16, 27][5, 21] 
[13, 18, 12, 19, 8, 26][20, 24, 3, 11, 25][4, 14, 9, 1, 23][7, 27, 10, 21][5, 6, 15, 29][2, 16, 28, 17][0, 22, 17][5, 21][16, 27][19, 22][25, 28][14, 24] 
[13, 18, 12, 8, 26][20, 24, 3, 11, 25][4, 14, 9, 1, 23][0, 28, 16, 2][7, 27, 10, 21][5, 6, 15, 29][19, 12, 22][0, 22, 17][16, 27][25, 28][14, 24][5, 21] 
[13, 18, 12, 19, 8, 26][20, 24, 3, 11, 25][4, 14, 9, 1, 23][7, 27, 10, 21][2, 16, 28, 17][5, 6, 15, 29][0, 22, 17][16, 27][5, 21][25, 28][19, 22][14, 24] 
[13, 18, 12, 19, 8, 26][20, 24, 3, 11, 25][4, 14, 9, 1, 23][2, 16, 28, 17][7, 27, 10, 21][5, 6, 15, 29][0, 22, 17][14, 24][25, 28][19, 22][16, 27][5, 21] 
[13, 18, 12, 19, 8, 26][20, 24, 3, 11, 25][4, 14, 9, 1, 23][2, 16, 28, 17][7, 27, 10, 21][5, 6, 15, 29][0, 22, 17][14, 24][25, 28][19, 22][16, 27][5, 21] 
[13, 18, 12, 19, 8, 26][20, 24, 3, 11, 25][4, 14, 9, 1, 23][7, 27, 10, 21][2, 16, 28, 17][5, 6, 15, 29][0, 22, 17][16, 27][5, 21][25, 28][19, 22][14, 24] 
[13, 18, 12, 19, 8, 26][4, 14, 9, 1, 23][20, 24, 3, 11, 25][2, 16, 28, 17][7, 27, 10, 21][5, 6, 15, 29][0, 22, 17][14, 24][25, 28][16, 27][5, 21][19, 22] 
[13, 18, 12, 19, 8, 26][20, 24, 3, 11, 25][4, 14, 9, 1, 23][7, 27, 10, 21][2, 16, 28, 17][5, 6, 15, 29][0, 22, 17][16, 27][5, 21][25, 28][19, 22][14, 24] 
[13, 18, 12, 19, 8, 26][20, 24, 3, 11, 25][4, 14, 9, 1, 23][2, 16, 28, 17][7, 27, 10, 21][5, 6, 15, 29][0, 22, 17][19, 22][25, 28][14, 24][16, 27][5, 21] 
[13, 18, 12, 19, 8, 26][20, 24, 3, 11, 25][4, 14, 9, 1, 23][2, 16, 28, 17][7, 27, 10, 21][5, 6, 15, 29][0, 22, 17][19, 22][25, 28][14, 24][16, 27][5, 21] 
[13, 18, 12, 19, 8, 26][20, 24, 3, 11, 25][4, 14, 9, 1, 23][7, 27, 10, 21][2, 16, 28, 17][5, 6, 15, 29][0, 22, 17][16, 27][5, 21][25, 28][19, 22][14, 24] 
[13, 18, 12, 19, 8, 26][20, 24, 3, 11, 25][4, 14, 9, 1, 23][2, 16, 28, 17][7, 27, 10, 21][5, 6, 15, 29][0, 22, 17][14, 24][25, 28][19, 22][16, 27][5, 21] 
[13, 18, 12, 19, 8, 26][20, 24, 3, 11, 25][4, 14, 9, 1, 23][2, 16, 28, 17][7, 27, 10, 21][5, 6, 15, 29][0, 22, 17][14, 24][25, 28][19, 22][16, 27][5, 21] 
[13, 18, 12, 19, 8, 26][4, 14, 9, 1, 23][20, 24, 3, 11, 25][2, 16, 28, 17][7, 27, 10, 21][5, 6, 15, 29][0, 22, 17][14, 24][25, 28][16, 27][5, 21][19, 22] 
[13, 18, 12, 19, 8, 26][20, 24, 3, 11, 25][4, 14, 9, 1, 23][7, 27, 10, 21][2, 16, 28, 17][5, 6, 15, 29][0, 22, 17][16, 27][5, 21][25, 28][19, 22][14, 24] 
[13, 18, 12, 19, 8, 26][20, 24, 3, 11, 25][4, 14, 9, 1, 23][2, 16, 28, 17][7, 27, 10, 21][5, 6, 15, 29][0, 22, 17][19, 22][25, 28][14, 24][16, 27][5, 21] 
[13, 18, 12, 19, 8, 26][20, 24, 3, 11, 25][4, 14, 9, 1, 23][2, 16, 28, 17][7, 27, 10, 21][5, 6, 15, 29][0, 22, 17][14, 24][25, 28][19, 22][16, 27][5, 21] 
[2, 16, 28, 17, 0, 19][13, 18, 22, 12, 8, 26][20, 24, 3, 11, 25][4, 14, 9, 1, 23][7, 27, 10, 21][5, 6, 15, 29][25, 28][16, 27][5, 21][14, 24][17, 22][8, 12] 
[2, 16, 28, 17, 0, 19][13, 18, 22, 12, 8, 26][20, 24, 3, 11, 25][4, 14, 9, 1, 23][7, 27, 10, 21][5, 6, 15, 29][25, 28][16, 27][5, 21][14, 24][17, 22][8, 12] 
[2, 16, 28, 17, 0, 19][13, 18, 22, 12, 8, 26][20, 24, 3, 11, 25][4, 14, 9, 1, 23][7, 27, 10, 21][5, 6, 15, 29][25, 28][16, 27][5, 21][14, 24][17, 22][8, 12] 
[2, 16, 28, 17, 0, 19][13, 18, 22, 12, 8, 26][20, 24, 3, 11, 25][4, 14, 9, 1, 23][7, 27, 10, 21][5, 6, 15, 29][25, 28][16, 27][5, 21][14, 24][17, 22][8, 12] 
[2, 16, 28, 17, 0, 19][13, 18, 22, 12, 8, 26][20, 24, 3, 11, 25][4, 14, 9, 1, 23][7, 27, 10, 21][5, 6, 15, 29][25, 28][16, 27][5, 21][14, 24][17, 22][8, 12] 
[13, 18, 22, 12, 8, 26][10, 21, 5, 6, 15, 29][20, 24, 3, 11, 25][4, 14, 9, 1, 23][2, 16, 28, 17][7, 27, 10][17, 0, 19][17, 22][25, 28][16, 27][14, 24][5, 21] 
[4, 14, 9, 1, 23][20, 24, 3, 11, 25][13, 18, 12, 8, 26][2, 16, 28, 17][7, 27, 10, 21][5, 6, 15, 29][0, 22, 17][19, 12, 22][14, 24][25, 28][16, 27][5, 21] 
[13, 18, 12, 8, 26][20, 24, 3, 11, 25][4, 14, 9, 1, 23][2, 16, 28, 17][7, 27, 10, 21][5, 6, 15, 29][19, 12, 22][0, 22, 17][25, 28][16, 27][5, 21][14, 24] 
[20, 24, 3, 11, 25][13, 18, 12, 8, 26][4, 14, 9, 1, 23][7, 27, 10, 21][5, 6, 15, 29][2, 16, 28, 17][0, 22, 17][19, 12, 22][5, 21][16, 27][25, 28][14, 24] 
[4, 14, 9, 1, 23][20, 24, 3, 11, 25][13, 18, 12, 8, 26][2, 16, 28, 17][7, 27, 10, 21][5, 6, 15, 29][0, 22, 17][19, 12, 22][14, 24][25, 28][16, 27][5, 21] 
[20, 24, 3, 11, 25][13, 18, 12, 8, 26][4, 14, 9, 1, 23][7, 27, 10, 21][5, 6, 15, 29][2, 16, 28, 17][0, 22, 17][19, 12, 22][5, 21][16, 27][25, 28][14, 24] 
[13, 18, 12, 19, 8, 26][20, 24, 3, 11, 25][4, 14, 9, 1, 23][2, 16, 28, 17][7, 27, 10, 21][5, 6, 15, 29][0, 22, 17][14, 24][25, 28][19, 22][16, 27][5, 21] 
[13, 18, 12, 8, 26][20, 24, 3, 11, 25][4, 14, 9, 1, 23][2, 16, 28, 17][7, 27, 10, 21][5, 6, 15, 29][19, 12, 22][0, 22, 17][25, 28][14, 24][16, 27][5, 21] 
