[3, 1, 4, 24, 14, 11, 25][18, 22, 17, 19, 8, 26][2, 7, 20, 23, 9][6, 10, 29, 27][0, 28, 16][12, 0, 13][15, 5, 21][6, 16][25, 28][7, 10][12, 18][10, 15] 
[2, 7, 20, 23, 9, 1, 3][18, 22, 17, 19, 8, 26][4, 24, 14, 11, 25][6, 10, 29, 27][12, 0, 13][15, 5, 21][0, 28, 16][20, 24][25, 28][0, 18][6, 16][10, 15] 
[2, 7, 20, 23, 9, 1, 3][18, 22, 17, 19, 8, 26][4, 24, 14, 11, 25][6, 10, 29, 27][0, 28, 16][12, 0, 13][15, 5, 21][20, 24][25, 28][0, 18][6, 16][10, 15] 
[2, 7, 20, 23, 9, 1, 3][18, 22, 17, 19, 8, 26][4, 24, 14, 11, 25][6, 10, 29, 27][15, 5, 21][0, 28, 16][12, 0, 13][10, 15][6, 16][25, 28][0, 18][20, 24] 
[3, 1, 4, 24, 14, 11, 25][18, 22, 17, 19, 8, 26][2, 7, 20, 23, 9][6, 10, 29, 27][15, 5, 21][12, 0, 13][0, 28, 16][10, 15][7, 10][6, 16][0, 18][25, 28] 
[2, 7, 20, 23, 9, 1, 3][18, 22, 17, 19, 8, 26][4, 24, 14, 11, 25][6, 10, 29, 27][15, 5, 21][0, 28, 16][12, 0, 13][10, 15][6, 16][0, 18][25, 28][1, 4] 
[2, 7, 20, 23, 9, 1, 3][18, 22, 17, 19, 8, 26][4, 24, 14, 11, 25][6, 10, 29, 27][15, 5, 21][0, 28, 16][12, 0, 13][10, 15][6, 16][0, 18][25, 28][1, 4] 
[3, 1, 4, 24, 14, 11, 25][18, 22, 17, 19, 8, 26][2, 7, 20, 23, 9][6, 10, 29, 27][15, 5, 21][0, 28, 16][12, 0, 13][10, 15][7, 10][6, 16][0, 18][25, 28] 
[3, 1, 4, 24, 14, 11, 25][22, 17, 19, 8, 26][2, 7, 20, 23, 9][6, 10, 29, 27][16, 28, 0, 18][12, 0, 13][15, 5, 21][6, 16][10, 15][25, 28][7, 10][18, 22] 
[3, 1, 4, 24, 14, 11, 25][18, 22, 17, 19, 8, 26][2, 7, 20, 23, 9][6, 10, 29, 27][15, 5, 21][0, 28, 16][12, 0, 13][10, 15][7, 10][6, 16][0, 18][25, 28] 
[3, 1, 4, 24, 14, 11, 25][18, 22, 17, 19, 8, 26][2, 7, 20, 23, 9][6, 10, 29, 27][0, 28, 16][12, 0, 13][15, 5, 21][6, 16][7, 10][12, 18][25, 28][10, 15] 
[2, 7, 20, 23, 9, 1, 3][18, 22, 17, 19, 8, 26][4, 24, 14, 11, 25][6, 10, 29, 27][12, 0, 13][15, 5, 21][0, 28, 16][20, 24][25, 28][0, 18][6, 16][10, 15] 
[2, 7, 20, 23, 9, 1, 3][18, 22, 17, 19, 8, 26][4, 24, 14, 11, 25][6, 10, 29, 27][0, 28, 16][12, 0, 13][15, 5, 21][20, 24][25, 28][0, 18][6, 16][10, 15] 
[3, 1, 4, 24, 14, 11, 25][18, 22, 17, 19, 8, 26][2, 7, 20, 23, 9][6, 10, 29, 27][15, 5, 21][0, 28, 16][12, 0, 13][10, 15][6, 16][0, 18][7, 10][25, 28] 
[2, 7, 20, 23, 9, 1, 3][18, 22, 17, 19, 8, 26][4, 24, 14, 11, 25][6, 10, 29, 27][15, 5, 21][0, 28, 16][12, 0, 13][10, 15][6, 16][0, 18][25, 28][1, 4] 
[3, 1, 4, 24, 14, 11, 25][18, 22, 17, 19, 8, 26][2, 7, 20, 23, 9][6, 10, 29, 27][15, 5, 21][12, 0, 13][0, 28, 16][10, 15][7, 10][6, 16][0, 18][25, 28] 
[3, 1, 4, 24, 14, 11, 25][18, 22, 17, 19, 8, 26][2, 7, 20, 23, 9][6, 10, 29, 27][12, 0, 13][0, 28, 16][15, 5, 21][12, 18][6, 16][25, 28][10, 15][7, 10] 
[2, 7, 20, 23, 9, 1, 3][18, 22, 17, 19, 8, 26][4, 24, 14, 11, 25][6, 10, 29, 27][12, 0, 13][15, 5, 21][0, 28, 16][20, 24][25, 28][0, 18][6, 16][10, 15] 
[3, 1, 4, 24, 14, 11, 25][18, 22, 17, 19, 8, 26][2, 7, 20, 23, 9][6, 10, 29, 27][15, 5, 21][0, 28, 16][12, 0, 13][10, 15][6, 16][0, 18][7, 10][25, 28] 
[3, 1, 4, 24, 14, 11, 25][18, 22, 17, 19, 8, 26][2, 7, 20, 23, 9][6, 10, 29, 27][0, 28, 16][12, 0, 13][15, 5, 21][7, 10][6, 16][12, 18][10, 15][25, 28] 
[3, 1, 4, 24, 14, 11, 25][18, 22, 17, 19, 8, 26][2, 7, 20, 23, 9][6, 10, 29, 27][12, 0, 13][0, 28, 16][15, 5, 21][12, 18][6, 16][7, 10][25, 28][10, 15] 
[2, 7, 20, 23, 9, 1, 3][18, 22, 17, 19, 8, 26][4, 24, 14, 11, 25][6, 10, 29, 27][0, 28, 16][12, 0, 13][15, 5, 21][20, 24][25, 28][0, 18][6, 16][10, 15] 
[2, 7, 20, 23, 9, 1, 3][18, 22, 17, 19, 8, 26][4, 24, 14, 11, 25][6, 10, 29, 27][15, 5, 21][0, 28, 16][12, 0, 13][10, 15][6, 16][25, 28][0, 18][20, 24] 
[3, 1, 4, 24, 14, 11, 25][18, 22, 17, 19, 8, 26][2, 7, 20, 23, 9][6, 10, 29, 27][15, 5, 21][12, 0, 13][0, 28, 16][10, 15][7, 10][6, 16][0, 18][25, 28] 
[2, 7, 20, 23, 9, 1, 3][18, 22, 17, 19, 8, 26][4, 24, 14, 11, 25][6, 10, 29, 27][15, 5, 21][0, 28, 16][12, 0, 13][10, 15][6, 16][0, 18][25, 28][1, 4] 
[3, 1, 4, 24, 14, 11, 25][18, 22, 17, 19, 8, 26][2, 7, 20, 23, 9][6, 10, 29, 27][15, 5, 21][0, 28, 16][12, 0, 13][10, 15][6, 16][25, 28][7, 10][0, 18] 
[3, 1, 4, 24, 14, 11, 25][18, 22, 17, 19, 8, 26][2, 7, 20, 23, 9][6, 10, 29, 27][12, 0, 13][0, 28, 16][15, 5, 21][12, 18][6, 16][25, 28][10, 15][7, 10] 
[2, 7, 20, 23, 9, 1, 3][18, 22, 17, 19, 8, 26][4, 24, 14, 11, 25][6, 10, 29, 27][0, 28, 16][12, 0, 13][15, 5, 21][20, 24][25, 28][0, 18][6, 16][10, 15] 
[3, 1, 4, 24, 14, 11, 25][18, 22, 17, 19, 8, 26][2, 7, 20, 23, 9][6, 10, 29, 27][15, 5, 21][0, 28, 16][12, 0, 13][10, 15][6, 16][25, 28][7, 10][0, 18] 
[3, 1, 4, 24, 14, 11, 25][18, 22, 17, 19, 8, 26][2, 7, 20, 23, 9][6, 10, 29, 27][0, 28, 16][12, 0, 13][15, 5, 21][7, 10][6, 16][25, 28][12, 18][10, 15] 
[3, 1, 4, 24, 14, 11, 25][18, 22, 17, 19, 8, 26][2, 7, 20, 23, 9][6, 10, 29, 27][0, 28, 16][12, 0, 13][15, 5, 21][25, 28][6, 16][7, 10][10, 15][12, 18] 
[2, 7, 20, 23, 9, 1, 3][18, 22, 17, 19, 8, 26][4, 24, 14, 11, 25][6, 10, 29, 27][15, 5, 21][0, 28, 16][12, 0, 13][10, 15][6, 16][25, 28][0, 18][20, 24] 
[3, 1, 4, 24, 14, 11, 25][18, 22, 17, 19, 8, 26][2, 7, 20, 23, 9][6, 10, 29, 27][15, 5, 21][12, 0, 13][0, 28, 16][10, 15][7, 10][6, 16][0, 18][25, 28] 
[3, 1, 4, 24, 14, 11, 25][18, 22, 17, 19, 8, 26][2, 7, 20, 23, 9][6, 10, 29, 27][0, 28, 16][12, 0, 13][15, 5, 21][7, 10][6, 16][25, 28][12, 18][10, 15] 
[3, 1, 4, 24, 14, 11, 25][18, 22, 17, 19, 8, 26][2, 7, 20, 23, 9][6, 10, 29, 27][0, 28, 16][12, 0, 13][15, 5, 21][7, 10][6, 16][12, 18][25, 28][10, 15] 
[4, 20, 14, 1, 9, 3, 23, 24, 7, 28, 16, 6, 2, 27, 29][0, 26, 8, 19, 18, 13, 6][5, 21, 15, 16, 28, 17][11, 25, 22, 12][2, 6][10, 16][18, 22][8, 26][2, 6][15, 21][8, 26][15, 21] 
[4, 20, 14, 1, 9, 3, 23, 24, 7, 28, 16, 6, 2, 27, 29][0, 26, 8, 19, 18, 13, 6][5, 21, 15, 16, 28, 17][11, 25, 22, 12][2, 6][10, 16][18, 22][8, 26][2, 6][15, 21][8, 26][15, 21] 
[4, 20, 14, 1, 9, 3, 23, 24, 7, 28, 16, 6, 2, 27, 29][0, 26, 8, 19, 18, 13, 6][5, 21, 15, 16, 28, 17][11, 25, 22, 12][2, 6][10, 16][18, 22][8, 26][2, 6][15, 21][8, 26][15, 21] 
[4, 20, 14, 1, 9, 3, 23, 24, 7, 28, 16, 6, 2, 27, 29][5, 21, 15, 16, 28, 17][0, 26, 8, 19, 18, 13][11, 25, 22, 12][18, 22][10, 16][15, 21][15, 21][8, 26][8, 26][15, 21][6, 13] 
[4, 20, 14, 1, 9, 3, 23, 24, 7, 28, 16, 6, 2, 27, 29][5, 21, 15, 16, 28, 17][0, 26, 8, 19, 18, 13][11, 25, 22, 12][18, 22][10, 16][15, 21][15, 21][8, 26][8, 26][15, 21][6, 13] 
[4, 20, 14, 1, 9, 3, 23, 24, 7, 28, 16, 6, 2, 27, 29][0, 26, 8, 19, 18, 13][17, 28, 16, 15, 21][11, 25, 22, 12][8, 26][5, 21][10, 16][18, 22][8, 26][6, 13][2, 6][8, 26] 
[4, 20, 14, 1, 9, 3, 23, 24, 7, 28, 16, 6, 2, 27, 29][0, 26, 8, 19, 18, 13, 6][5, 21, 15, 16, 28, 17][11, 25, 22, 12][2, 6][10, 16][18, 22][8, 26][2, 6][15, 21][8, 26][15, 21] 
[4, 20, 14, 1, 9, 3, 23, 24, 7, 28, 16, 6, 2, 27, 29][0, 26, 8, 19, 18, 13, 6][5, 21, 15, 16, 28, 17][11, 25, 22, 12][2, 6][10, 16][18, 22][8, 26][2, 6][15, 21][8, 26][15, 21] 
[4, 20, 14, 1, 9, 3, 23, 24, 7, 28, 16, 6, 2, 27, 29][5, 21, 15, 16, 28, 17][0, 26, 8, 19, 18, 13][11, 25, 22, 12][18, 22][10, 16][15, 21][15, 21][8, 26][8, 26][15, 21][6, 13] 
[4, 20, 14, 1, 9, 3, 23, 24, 7, 28, 16, 6, 2, 27, 29][0, 26, 8, 19, 18, 13, 6][5, 21, 15, 16, 28, 17][11, 25, 22, 12][2, 6][10, 16][18, 22][8, 26][2, 6][15, 21][8, 26][15, 21] 
[4, 20, 14, 1, 9, 3, 23, 24, 7, 28, 16, 6, 2, 27, 29][0, 26, 8, 19, 18, 13, 6][5, 21, 15, 16, 28, 17][11, 25, 22, 12][2, 6][10, 16][18, 22][8, 26][2, 6][15, 21][8, 26][15, 21] 
[4, 20, 14, 1, 9, 3, 23, 24, 7, 28, 16, 6, 2, 27, 29][0, 26, 8, 19, 18, 13, 6][5, 21, 15, 16, 28, 17][11, 25, 22, 12][2, 6][10, 16][18, 22][8, 26][2, 6][15, 21][8, 26][15, 21] 
[4, 20, 14, 1, 9, 3, 23, 24, 7, 28, 16, 6, 2, 27, 29][5, 21, 15, 16, 28, 17][0, 26, 8, 19, 18, 13][11, 25, 22, 12][18, 22][10, 16][15, 21][15, 21][8, 26][8, 26][15, 21][6, 13] 
[4, 20, 14, 1, 9, 3, 23, 24, 7, 28, 16, 6, 2, 27, 29][0, 26, 8, 19, 18, 13, 6][5, 21, 15, 16, 28, 17][11, 25, 22, 12][2, 6][10, 16][18, 22][8, 26][2, 6][15, 21][8, 26][15, 21] 
[4, 20, 14, 1, 9, 3, 23, 24, 7, 28, 16, 6, 2, 27, 29][0, 26, 8, 19, 18, 13, 6][5, 21, 15, 16, 28, 17][11, 25, 22, 12][2, 6][10, 16][18, 22][8, 26][2, 6][15, 21][8, 26][15, 21] 
[4, 20, 14, 1, 9, 3, 23, 24, 7, 28, 16, 6, 2, 27, 29][0, 26, 8, 19, 18, 13, 6][5, 21, 15, 16, 28, 17][11, 25, 22, 12][2, 6][10, 16][18, 22][8, 26][2, 6][15, 21][8, 26][15, 21] 
[4, 20, 14, 1, 9, 3, 23, 24, 7, 28, 16, 6, 2, 27, 29][0, 26, 8, 19, 18, 13, 6][5, 21, 15, 16, 28, 17][11, 25, 22, 12][2, 6][10, 16][18, 22][8, 26][2, 6][15, 21][8, 26][15, 21] 
[4, 20, 14, 1, 9, 3, 23, 24, 7, 28, 16, 6, 2, 27][0, 26, 8, 19, 18, 13, 6][5, 21, 15, 16, 28, 17][11, 25, 22, 12][15, 21][27, 29][10, 16][18, 22][2, 6][15, 21][8, 26][8, 26] 
[4, 20, 14, 1, 9, 3, 23, 24, 7, 28, 16, 6, 2, 27, 29][0, 26, 8, 19, 18, 13, 6][5, 21, 15, 16, 28, 17][11, 25, 22, 12][2, 6][10, 16][18, 22][8, 26][2, 6][15, 21][8, 26][15, 21] 
[4, 20, 14, 1, 9, 3, 23, 24, 7, 28, 16, 6, 2, 27, 29][0, 26, 8, 19, 18, 13, 6][5, 21, 15, 16, 28, 17][11, 25, 22, 12][2, 6][10, 16][18, 22][8, 26][2, 6][15, 21][8, 26][15, 21] 
[4, 20, 14, 1, 9, 3, 23, 24, 7, 28, 16, 6, 2, 27, 29][0, 26, 8, 19, 18, 13, 6][5, 21, 15, 16, 28, 17][11, 25, 22, 12][2, 6][10, 16][18, 22][8, 26][2, 6][15, 21][8, 26][15, 21] 
[3, 1, 4, 24, 14, 11, 25][18, 22, 17, 19, 8, 26][2, 7, 20, 23, 9][6, 10, 29, 27][15, 5, 21][12, 0, 13][0, 28, 16][10, 15][7, 10][6, 16][0, 18][25, 28] 
[3, 1, 4, 24, 14, 11, 25][18, 22, 17, 19, 8, 26][2, 7, 20, 23, 9][6, 10, 29, 27][15, 5, 21][12, 0, 13][0, 28, 16][10, 15][7, 10][6, 16][0, 18][25, 28] 
[3, 1, 4, 24, 14, 11, 25][18, 22, 17, 19, 8, 26][2, 7, 20, 23, 9][6, 10, 29, 27][15, 5, 21][0, 28, 16][12, 0, 13][10, 15][6, 16][0, 18][7, 10][25, 28] 
[3, 1, 4, 24, 14, 11, 25][18, 22, 17, 19, 8, 26][2, 7, 20, 23, 9][6, 10, 29, 27][15, 5, 21][12, 0, 13][0, 28, 16][10, 15][7, 10][6, 16][0, 18][25, 28] 
[3, 1, 4, 24, 14, 11, 25][18, 22, 17, 19, 8, 26][2, 7, 20, 23, 9][6, 10, 29, 27][15, 5, 21][12, 0, 13][0, 28, 16][10, 15][7, 10][6, 16][0, 18][25, 28] 
[3, 1, 4, 24, 14, 11, 25][18, 22, 17, 19, 8, 26][2, 7, 20, 23, 9][6, 10, 29, 27][15, 5, 21][0, 28, 16][12, 0, 13][10, 15][6, 16][0, 18][7, 10][25, 28] 
[3, 1, 4, 24, 14, 11, 25][18, 22, 17, 19, 8, 26][2, 7, 20, 23, 9][6, 10, 29, 27][15, 5, 21][0, 28, 16][12, 0, 13][10, 15][6, 16][0, 18][7, 10][25, 28] 
[3, 1, 4, 24, 14, 11, 25][18, 22, 17, 19, 8, 26][2, 7, 20, 23, 9][6, 10, 29, 27][15, 5, 21][0, 28, 16][12, 0, 13][10, 15][6, 16][0, 18][7, 10][25, 28] 
[3, 1, 4, 24, 14, 11, 25][18, 22, 17, 19, 8, 26][2, 7, 20, 23, 9][6, 10, 29, 27][15, 5, 21][0, 28, 16][12, 0, 13][10, 15][6, 16][0, 18][7, 10][25, 28] 
[3, 1, 4, 24, 14, 11, 25][18, 22, 17, 19, 8, 26][2, 7, 20, 23, 9][6, 10, 29, 27][15, 5, 21][12, 0, 13][0, 28, 16][10, 15][7, 10][6, 16][0, 18][25, 28] 
[3, 1, 4, 24, 14, 11, 25][18, 22, 17, 19, 8, 26][2, 7, 20, 23, 9][6, 10, 29, 27][15, 5, 21][12, 0, 13][0, 28, 16][10, 15][7, 10][6, 16][0, 18][25, 28] 
[3, 1, 4, 24, 14, 11, 25][18, 22, 17, 19, 8, 26][2, 7, 20, 23, 9][6, 10, 29, 27][15, 5, 21][0, 28, 16][12, 0, 13][10, 15][6, 16][0, 18][7, 10][25, 28] 
[3, 1, 4, 24, 14, 11, 25][18, 22, 17, 19, 8, 26][2, 7, 20, 23, 9][6, 10, 29, 27][15, 5, 21][12, 0, 13][0, 28, 16][10, 15][7, 10][6, 16][0, 18][25, 28] 
[3, 1, 4, 24, 14, 11, 25][18, 22, 17, 19, 8, 26][2, 7, 20, 23, 9][6, 10, 29, 27][15, 5, 21][12, 0, 13][0, 28, 16][10, 15][7, 10][6, 16][0, 18][25, 28] 
[3, 1, 4, 24, 14, 11, 25][18, 22, 17, 19, 8, 26][2, 7, 20, 23, 9][6, 10, 29, 27][15, 5, 21][12, 0, 13][0, 28, 16][10, 15][7, 10][6, 16][0, 18][25, 28] 
[3, 1, 4, 24, 14, 11, 25][18, 22, 17, 19, 8, 26][2, 7, 20, 23, 9][6, 10, 29, 27][0, 28, 16][12, 0, 13][15, 5, 21][6, 16][7, 10][12, 18][25, 28][10, 15] 
[3, 1, 4, 24, 14, 11, 25][18, 22, 17, 19, 8, 26][2, 7, 20, 23, 9][6, 10, 29, 27][0, 28, 16][12, 0, 13][15, 5, 21][6, 16][7, 10][12, 18][25, 28][10, 15] 
[3, 1, 4, 24, 14, 11, 25][18, 22, 17, 19, 8, 26][2, 7, 20, 23, 9][6, 10, 29, 27][0, 28, 16][12, 0, 13][15, 5, 21][6, 16][7, 10][25, 28][12, 18][10, 15] 
[3, 1, 4, 24, 14, 11, 25][18, 22, 17, 19, 8, 26][2, 7, 20, 23, 9][6, 10, 29, 27][0, 28, 16][12, 0, 13][15, 5, 21][25, 28][6, 16][7, 10][12, 18][10, 15] 
[3, 1, 4, 24, 14, 11, 25][18, 22, 17, 19, 8, 26][2, 7, 20, 23, 9][6, 10, 29, 27][0, 28, 16][12, 0, 13][15, 5, 21][6, 16][7, 10][12, 18][25, 28][10, 15] 
[2, 7, 20, 23, 9, 1, 3][18, 22, 17, 19, 8, 26][4, 24, 14, 11, 25][6, 10, 29, 27][15, 5, 21][0, 28, 16][12, 0, 13][10, 15][6, 16][7, 10][25, 28][12, 18] 
[3, 1, 4, 24, 14, 11, 25][18, 22, 17, 19, 8, 26][2, 7, 20, 23, 9][6, 10, 29, 27][15, 5, 21][12, 0, 13][0, 28, 16][10, 15][7, 10][6, 16][0, 18][25, 28] 
[3, 1, 4, 24, 14, 11, 25][18, 22, 17, 19, 8, 26][2, 7, 20, 23, 9][6, 10, 29, 27][15, 5, 21][12, 0, 13][0, 28, 16][10, 15][7, 10][6, 16][0, 18][25, 28] 
[3, 1, 4, 24, 14, 11, 25][18, 22, 17, 19, 8, 26][2, 7, 20, 23, 9][6, 10, 29, 27][15, 5, 21][12, 0, 13][0, 28, 16][10, 15][7, 10][6, 16][0, 18][25, 28] 
[3, 1, 4, 24, 14, 11, 25][18, 22, 17, 19, 8, 26][2, 7, 20, 23, 9][6, 10, 29, 27][15, 5, 21][0, 28, 16][12, 0, 13][10, 15][6, 16][0, 18][7, 10][25, 28] 
[3, 1, 4, 24, 14, 11, 25][18, 22, 17, 19, 8, 26][2, 7, 20, 23, 9][6, 10, 29, 27][15, 5, 21][12, 0, 13][0, 28, 16][10, 15][7, 10][6, 16][0, 18][25, 28] 
[2, 7, 20, 23, 9, 1, 3][18, 22, 17, 19, 8, 26][4, 24, 14, 11, 25][6, 10, 29, 27][12, 0, 13][0, 28, 16][15, 5, 21][25, 28][6, 16][10, 15][0, 18][7, 10] 
[3, 1, 4, 24, 14, 11, 25][18, 22, 17, 19, 8, 26][2, 7, 20, 23, 9][6, 10, 29, 27][15, 5, 21][0, 28, 16][12, 0, 13][10, 15][6, 16][0, 18][7, 10][25, 28] 
[3, 1, 4, 24, 14, 11, 25][18, 22, 17, 19, 8, 26][2, 7, 20, 23, 9][6, 10, 29, 27][0, 28, 16][12, 0, 13][15, 5, 21][6, 16][7, 10][12, 18][25, 28][10, 15] 
[3, 1, 4, 24, 14, 11, 25][18, 22, 17, 19, 8, 26][2, 7, 20, 23, 9][6, 10, 29, 27][0, 28, 16][12, 0, 13][15, 5, 21][6, 16][7, 10][12, 18][25, 28][10, 15] 
[3, 1, 4, 24, 14, 11, 25][18, 22, 17, 19, 8, 26][2, 7, 20, 23, 9][6, 10, 29, 27][12, 0, 13][0, 28, 16][15, 5, 21][12, 18][25, 28][6, 16][7, 10][10, 15] 
[3, 1, 4, 24, 14, 11, 25][18, 22, 17, 19, 8, 26][2, 7, 20, 23, 9][6, 10, 29, 27][12, 0, 13][0, 28, 16][15, 5, 21][12, 18][25, 28][6, 16][7, 10][10, 15] 
[3, 1, 4, 24, 14, 11, 25][18, 22, 17, 19, 8, 26][2, 7, 20, 23, 9][6, 10, 29, 27][0, 28, 16][12, 0, 13][15, 5, 21][6, 16][7, 10][12, 18][25, 28][10, 15] 
[3, 1, 4, 24, 14, 11, 25][18, 22, 17, 19, 8, 26][2, 7, 20, 23, 9][6, 10, 29, 27][0, 28, 16][12, 0, 13][15, 5, 21][6, 16][7, 10][12, 18][25, 28][10, 15] 
[3, 1, 4, 24, 14, 11, 25][18, 22, 17, 19, 8, 26][2, 7, 20, 23, 9][6, 10, 29, 27][12, 0, 13][0, 28, 16][15, 5, 21][12, 18][25, 28][6, 16][7, 10][10, 15] 
[3, 1, 4, 24, 14, 11, 25][18, 22, 17, 19, 8, 26][2, 7, 20, 23, 9][6, 10, 29, 27][0, 28, 16][12, 0, 13][15, 5, 21][6, 16][7, 10][12, 18][25, 28][10, 15] 
[3, 1, 4, 24, 14, 11, 25][18, 22, 17, 19, 8, 26][2, 7, 20, 23, 9][6, 10, 29, 27][0, 28, 16][12, 0, 13][15, 5, 21][6, 16][7, 10][12, 18][25, 28][10, 15] 
[3, 1, 4, 24, 14, 11, 25][18, 22, 17, 19, 8, 26][2, 7, 20, 23, 9][6, 10, 29, 27][15, 5, 21][0, 28, 16][12, 0, 13][10, 15][6, 16][7, 10][25, 28][12, 18] 
[3, 1, 4, 24, 14, 11, 25][18, 22, 17, 19, 8, 26][2, 7, 20, 23, 9][6, 10, 29, 27][0, 28, 16][12, 0, 13][15, 5, 21][6, 16][25, 28][7, 10][12, 18][10, 15] 
[3, 1, 4, 24, 14, 11, 25][18, 22, 17, 19, 8, 26][2, 7, 20, 23, 9][6, 10, 29, 27][12, 0, 13][0, 28, 16][15, 5, 21][12, 18][25, 28][6, 16][7, 10][10, 15] 
[3, 1, 4, 24, 14, 11, 25][18, 22, 17, 19, 8, 26][2, 7, 20, 23, 9][6, 10, 29, 27][0, 28, 16][12, 0, 13][15, 5, 21][7, 10][6, 16][12, 18][10, 15][25, 28] 
[3, 1, 4, 24, 14, 11, 25][18, 22, 17, 19, 8, 26][2, 7, 20, 23, 9][6, 10, 29, 27][15, 5, 21][0, 28, 16][12, 0, 13][10, 15][6, 16][7, 10][25, 28][12, 18] 
[3, 1, 4, 24, 14, 11, 25][18, 22, 17, 19, 8, 26][2, 7, 20, 23, 9][6, 10, 29, 27][0, 28, 16][12, 0, 13][15, 5, 21][7, 10][6, 16][12, 18][25, 28][10, 15] 
[3, 1, 4, 24, 14, 11, 25][22, 17, 19, 8, 26][2, 7, 20, 23, 9][6, 10, 29, 27][16, 28, 0, 18][8, 12, 0, 13][15, 5, 21][6, 16][10, 15][7, 10][25, 28][11, 25] 
[3, 1, 4, 24, 14, 11, 25][22, 17, 19, 8, 26][2, 7, 20, 23, 9][6, 10, 29, 27][16, 28, 0, 18][8, 12, 0, 13][15, 5, 21][6, 16][10, 15][7, 10][25, 28][11, 25] 
[3, 1, 4, 24, 14, 11, 25][22, 17, 19, 8, 26][2, 7, 20, 23, 9][6, 10, 29, 27][16, 28, 0, 18][8, 12, 0, 13][15, 5, 21][6, 16][10, 15][7, 10][25, 28][11, 25] 
[3, 1, 4, 24, 14, 11, 25][22, 17, 19, 8, 26][2, 7, 20, 23, 9][6, 10, 29, 27][16, 28, 0, 18][8, 12, 0, 13][15, 5, 21][6, 16][10, 15][7, 10][25, 28][11, 25] 
[3, 1, 4, 24, 14, 11, 25][22, 17, 19, 8, 26][2, 7, 20, 23, 9][6, 10, 29, 27][16, 28, 0, 18][8, 12, 0, 13][15, 5, 21][6, 16][10, 15][7, 10][25, 28][11, 25] 
[2, 7, 20, 23, 9, 1, 3][18, 22, 17, 19, 8, 26][4, 24, 14, 11, 25][8, 12, 0, 13][6, 10, 29, 27][0, 28, 16][15, 5, 21][11, 25][25, 28][6, 16][10, 15][7, 10] 
[2, 7, 20, 23, 9, 1, 3][18, 22, 17, 19, 8, 26][4, 24, 14, 11, 25][6, 10, 29, 27][12, 0, 13][0, 28, 16][15, 5, 21][0, 18][25, 28][6, 16][7, 10][10, 15] 
[2, 7, 20, 23, 9, 1, 3][18, 22, 17, 19, 8, 26][4, 24, 14, 11, 25][6, 10, 29, 27][12, 0, 13][0, 28, 16][15, 5, 21][25, 28][6, 16][10, 15][0, 18][7, 10] 
[2, 7, 20, 23, 9, 1, 3][18, 22, 17, 19, 8, 26][4, 24, 14, 11, 25][6, 10, 29, 27][15, 5, 21][0, 28, 16][12, 0, 13][10, 15][6, 16][7, 10][0, 18][25, 28] 
[2, 7, 20, 23, 9, 1, 3][18, 22, 17, 19, 8, 26][4, 24, 14, 11, 25][6, 10, 29, 27][12, 0, 13][0, 28, 16][15, 5, 21][25, 28][6, 16][10, 15][0, 18][7, 10] 
[2, 7, 20, 23, 9, 1, 3][18, 22, 17, 19, 8, 26][4, 24, 14, 11, 25][6, 10, 29, 27][12, 0, 13][0, 28, 16][15, 5, 21][25, 28][6, 16][10, 15][0, 18][7, 10] 
[3, 1, 4, 24, 14, 11, 25][18, 22, 17, 19, 8, 26][2, 7, 20, 23, 9][6, 10, 29, 27][0, 28, 16][12, 0, 13][15, 5, 21][7, 10][6, 16][25, 28][12, 18][10, 15] 
[2, 7, 20, 23, 9, 1, 3][18, 22, 17, 19, 8, 26][4, 24, 14, 11, 25][6, 10, 29, 27][12, 0, 13][0, 28, 16][15, 5, 21][25, 28][6, 16][10, 15][0, 18][7, 10] 
