[5, 15, 10, 7, 4, 20][2, 21, 6, 13, 0, 18][12, 17, 19, 8, 26][9, 1, 3, 23, 24][16, 27, 29][16, 28, 25][11, 25, 22][7, 27][17, 28][11, 14][18, 22][14, 24] 
[5, 15, 10, 7, 4, 20][2, 21, 6, 13, 0, 18][22, 12, 19, 8, 26][9, 1, 3, 23, 24][16, 27, 29][16, 28, 25][22, 17, 28][7, 27][0, 26][11, 25][11, 14][14, 24] 
[5, 15, 10, 7, 4, 20][2, 21, 6, 13, 0, 18][22, 12, 19, 8, 26][9, 1, 3, 23, 24][16, 27, 29][16, 28, 25][22, 17, 28][7, 27][0, 26][11, 25][11, 14][14, 24] 
[5, 15, 10, 7, 4, 20][2, 21, 6, 13, 0, 18][22, 12, 19, 8, 26][9, 1, 3, 23, 24][16, 27, 29][16, 28, 25][22, 17, 28][7, 27][11, 25][0, 26][11, 14][14, 24] 
[5, 15, 10, 7, 4, 20][2, 21, 6, 13, 0, 18][9, 1, 3, 23, 24][12, 17, 19, 8, 26][11, 25, 22][16, 28, 25][16, 27, 29][11, 14][7, 27][14, 24][17, 28][18, 22] 
[5, 15, 10, 7, 4, 20][2, 21, 6, 13, 0, 18][12, 17, 19, 8, 26][9, 1, 3, 23, 24][16, 27, 29][16, 28, 25][11, 25, 22][7, 27][17, 28][11, 14][18, 22][14, 24] 
[5, 15, 10, 7, 4, 20][2, 21, 6, 13, 0, 18][22, 12, 19, 8, 26][9, 1, 3, 23, 24][16, 27, 29][16, 28, 25][22, 17, 28][7, 27][0, 26][11, 25][11, 14][14, 24] 
[5, 15, 10, 7, 4, 20][2, 21, 6, 13, 0, 18][12, 17, 19, 8, 26][9, 1, 3, 23, 24][16, 27, 29][16, 28, 25][11, 25, 22][7, 27][18, 22][11, 14][17, 28][14, 24] 
[2, 21, 6, 13, 0, 18][5, 15, 10, 7, 4, 20][12, 17, 19, 8, 26][9, 1, 3, 23, 24][16, 28, 25][11, 25, 22][16, 27, 29][17, 28][18, 22][7, 27][11, 14][14, 24] 
[5, 15, 10, 7, 4, 20][2, 21, 6, 13, 0, 18][12, 17, 19, 8, 26][9, 1, 3, 23, 24][16, 28, 25][11, 25, 22][16, 27, 29][17, 28][18, 22][7, 27][11, 14][14, 24] 
[2, 21, 6, 13, 0, 18][5, 15, 10, 7, 4, 20][9, 1, 3, 23, 24][12, 17, 19, 8, 26][11, 25, 22][16, 28, 25][16, 27, 29][14, 24][11, 14][17, 28][18, 22][7, 27] 
[5, 15, 10, 7, 4, 20][2, 21, 6, 13, 0, 18][22, 12, 19, 8, 26][9, 1, 3, 23, 24][16, 27, 29][16, 28, 25][22, 17, 28][7, 27][0, 26][11, 25][11, 14][14, 24] 
[5, 15, 10, 7, 4, 20][2, 21, 6, 13, 0, 18][22, 12, 19, 8, 26][9, 1, 3, 23, 24][16, 27, 29][16, 28, 25][22, 17, 28][7, 27][0, 26][11, 25][11, 14][14, 24] 
[5, 15, 10, 7, 4, 20][2, 21, 6, 13, 0, 18][9, 1, 3, 23, 24][12, 17, 19, 8, 26][11, 25, 22][16, 28, 25][16, 27, 29][11, 14][7, 27][14, 24][17, 28][18, 22] 
[5, 15, 10, 7, 4, 20][2, 21, 6, 13, 0, 18][9, 1, 3, 23, 24][12, 17, 19, 8, 26][11, 25, 22][16, 28, 25][16, 27, 29][14, 24][11, 14][7, 27][18, 22][17, 28] 
[5, 15, 10, 7, 4, 20][2, 21, 6, 13, 0, 18][12, 17, 19, 8, 26][9, 1, 3, 23, 24][16, 27, 29][16, 28, 25][11, 25, 22][7, 27][18, 22][11, 14][17, 28][14, 24] 
[2, 21, 6, 13, 0, 18][5, 15, 10, 7, 4, 20][9, 1, 3, 23, 24][12, 17, 19, 8, 26][11, 25, 22][16, 28, 25][16, 27, 29][14, 24][11, 14][18, 22][7, 27][17, 28] 
[2, 21, 6, 13, 0, 18][5, 15, 10, 7, 4, 20][22, 12, 19, 8, 26][9, 1, 3, 23, 24][22, 17, 28][16, 28, 25][16, 27, 29][11, 25][18, 22][11, 14][14, 24][7, 27] 
[5, 15, 10, 7, 4, 20][2, 21, 6, 13, 0, 18][9, 1, 3, 23, 24][12, 17, 19, 8, 26][11, 25, 22][16, 28, 25][16, 27, 29][14, 24][11, 14][7, 27][18, 22][17, 28] 
[5, 15, 10, 7, 4, 20][2, 21, 6, 13, 0, 18][9, 1, 3, 23, 24][12, 17, 19, 8, 26][16, 27, 29][16, 28, 25][11, 25, 22][7, 27][11, 14][14, 24][17, 28][18, 22] 
[2, 21, 6, 13, 0, 18][5, 15, 10, 7, 4, 20][9, 1, 3, 23, 24][12, 17, 19, 8, 26][11, 25, 22][16, 28, 25][16, 27, 29][14, 24][11, 14][18, 22][7, 27][17, 28] 
[5, 15, 10, 7, 4, 20][2, 21, 6, 13, 0, 18][22, 12, 19, 8, 26][9, 1, 3, 23, 24][16, 27, 29][16, 28, 25][22, 17, 28][7, 27][0, 26][11, 25][11, 14][14, 24] 
[5, 15, 10, 7, 4, 20][2, 21, 6, 13, 0, 18][22, 12, 19, 8, 26][9, 1, 3, 23, 24][16, 27, 29][16, 28, 25][22, 17, 28][7, 27][11, 25][0, 26][11, 14][14, 24] 
[5, 15, 10, 7, 4, 20][2, 21, 6, 13, 0, 18][12, 17, 19, 8, 26][9, 1, 3, 23, 24][16, 28, 25][11, 25, 22][16, 27, 29][7, 27][17, 28][11, 14][18, 22][14, 24] 
[5, 15, 10, 7, 4, 20][2, 21, 6, 13, 0, 18][12, 17, 19, 8, 26][9, 1, 3, 23, 24][16, 27, 29][16, 28, 25][11, 25, 22][7, 27][17, 28][11, 14][18, 22][14, 24] 
[5, 15, 10, 7, 4, 20][2, 21, 6, 13, 0, 18][12, 17, 19, 8, 26][9, 1, 3, 23, 24][16, 28, 25][11, 25, 22][16, 27, 29][17, 28][18, 22][7, 27][11, 14][14, 24] 
[2, 21, 6, 13, 0, 18][5, 15, 10, 7, 4, 20][9, 1, 3, 23, 24][12, 17, 19, 8, 26][11, 25, 22][16, 28, 25][16, 27, 29][14, 24][11, 14][17, 28][18, 22][7, 27] 
[5, 15, 10, 7, 4, 20][2, 21, 6, 13, 0, 18][22, 12, 19, 8, 26][9, 1, 3, 23, 24][16, 27, 29][16, 28, 25][22, 17, 28][7, 27][0, 26][11, 25][11, 14][14, 24] 
[2, 21, 6, 13, 0, 18][5, 15, 10, 7, 4, 20][9, 1, 3, 23, 24][12, 17, 19, 8, 26][11, 25, 22][16, 28, 25][16, 27, 29][14, 24][11, 14][18, 22][7, 27][17, 28] 
[5, 15, 10, 7, 4, 20][2, 21, 6, 13, 0, 18][9, 1, 3, 23, 24][12, 17, 19, 8, 26][16, 27, 29][16, 28, 25][11, 25, 22][7, 27][11, 14][14, 24][17, 28][18, 22] 
[5, 15, 10, 7, 4, 20][2, 21, 6, 13, 0, 18][12, 17, 19, 8, 26][9, 1, 3, 23, 24][16, 28, 25][11, 25, 22][16, 27, 29][17, 28][18, 22][7, 27][11, 14][14, 24] 
[5, 15, 10, 7, 4, 20][2, 21, 6, 13, 0, 18][22, 12, 19, 8, 26][9, 1, 3, 23, 24][16, 27, 29][16, 28, 25][22, 17, 28][7, 27][0, 26][11, 25][11, 14][14, 24] 
[2, 21, 6, 13, 0, 18][5, 15, 10, 7, 4, 20][12, 17, 19, 8, 26][9, 1, 3, 23, 24][16, 28, 25][11, 25, 22][16, 27, 29][17, 28][11, 14][14, 24][18, 22][7, 27] 
[5, 15, 10, 7, 4, 20][2, 21, 6, 13, 0, 18][12, 17, 19, 8, 26][9, 1, 3, 23, 24][16, 28, 25][11, 25, 22][16, 27, 29][17, 28][18, 22][7, 27][11, 14][14, 24] 
[2, 21, 6, 13, 0, 18][5, 15, 10, 7, 4, 20][12, 17, 19, 8, 26][9, 1, 3, 23, 24][11, 25, 22][16, 28, 25][16, 27, 29][18, 22][7, 27][11, 14][17, 28][14, 24] 
[9, 14, 7, 25, 22, 19, 8, 26, 0, 28, 16][12, 17, 11, 3, 23, 4, 24, 7, 10, 27][2, 21, 6, 13, 0, 18][5, 15, 10][7, 24][14, 20][1, 9][27, 29][3, 23][3, 23][3, 23][0, 26] 
[9, 14, 7, 25, 22, 19, 8, 26, 0, 28, 16][12, 17, 11, 3, 23, 4, 24, 7, 10, 27][2, 21, 6, 13, 0, 18][5, 15, 10][7, 24][14, 20][1, 9][27, 29][3, 23][3, 23][3, 23][0, 26] 
[9, 14, 7, 25, 22, 19, 8, 26, 0, 28, 16][12, 17, 11, 3, 23, 4, 24, 7, 10, 27][2, 21, 6, 13, 0, 18][5, 15, 10][7, 24][14, 20][1, 9][27, 29][3, 23][3, 23][3, 23][0, 26] 
[14, 7, 25, 22, 19, 8, 26, 0, 28][12, 17, 11, 3, 23, 4, 24][2, 21, 6, 13, 0, 18][5, 15, 10, 7, 4, 20][28, 16, 27, 29][6, 13][9, 14][1, 9][6, 13][6, 13][6, 13][0, 26] 
[14, 7, 25, 22, 19, 8, 26, 0, 28][12, 17, 11, 3, 23, 4, 24][2, 21, 6, 13, 0, 18][5, 15, 10, 7, 4, 20][28, 16, 27, 29][6, 13][9, 14][1, 9][6, 13][6, 13][6, 13][0, 26] 
[14, 7, 25, 22, 19, 8, 26, 0, 28][12, 17, 11, 3, 23, 24][5, 15, 10, 7, 4, 20][2, 21, 6, 13, 0, 18][28, 16, 27, 29][1, 3][1, 9][7, 25][0, 26][7, 24][6, 13][0, 26] 
[9, 14, 7, 25, 22, 19, 8, 26, 0, 28, 16][12, 17, 11, 3, 23, 4, 24, 7, 10, 27][2, 21, 6, 13, 0, 18][5, 15, 10][7, 24][14, 20][1, 9][27, 29][3, 23][3, 23][3, 23][0, 26] 
[9, 14, 7, 25, 22, 19, 8, 26, 0, 28, 16][12, 17, 11, 3, 23, 4, 24, 7, 10, 27][2, 21, 6, 13, 0, 18][5, 15, 10][7, 24][14, 20][1, 9][27, 29][3, 23][3, 23][3, 23][0, 26] 
[14, 7, 25, 22, 19, 8, 26, 0, 28][12, 17, 11, 3, 23, 4, 24][2, 21, 6, 13, 0, 18][5, 15, 10, 7, 4, 20][28, 16, 27, 29][6, 13][9, 14][1, 9][6, 13][6, 13][6, 13][0, 26] 
[9, 14, 7, 25, 22, 19, 8, 26, 0, 28, 16][12, 17, 11, 3, 23, 4, 24, 7, 10, 27][2, 21, 6, 13, 0, 18][5, 15, 10][7, 24][14, 20][1, 9][27, 29][3, 23][3, 23][3, 23][0, 26] 
[9, 14, 7, 25, 22, 19, 8, 26, 0, 28, 16][12, 17, 11, 3, 23, 4, 24, 7, 10, 27][2, 21, 6, 13, 0, 18][5, 15, 10][7, 24][14, 20][1, 9][27, 29][3, 23][3, 23][3, 23][0, 26] 
[9, 14, 7, 25, 22, 19, 8, 26, 0, 28, 16][12, 17, 11, 3, 23, 4, 24, 7, 10, 27][2, 21, 6, 13, 0, 18][5, 15, 10][7, 24][14, 20][1, 9][27, 29][3, 23][3, 23][3, 23][0, 26] 
[14, 7, 25, 22, 19, 8, 26, 0, 28][12, 17, 11, 3, 23, 4, 24][2, 21, 6, 13, 0, 18][5, 15, 10, 7, 4, 20][28, 16, 27, 29][6, 13][9, 14][1, 9][6, 13][6, 13][6, 13][0, 26] 
[9, 14, 7, 25, 22, 19, 8, 26, 0, 28, 16][12, 17, 11, 3, 23, 4, 24, 7, 10, 27][2, 21, 6, 13, 0, 18][5, 15, 10][7, 24][14, 20][1, 9][27, 29][3, 23][3, 23][3, 23][0, 26] 
[9, 14, 7, 25, 22, 19, 8, 26, 0, 28, 16][12, 17, 11, 3, 23, 4, 24, 7, 10, 27][2, 21, 6, 13, 0, 18][5, 15, 10][7, 24][14, 20][1, 9][27, 29][3, 23][3, 23][3, 23][0, 26] 
[9, 14, 7, 25, 22, 19, 8, 26, 0, 28, 16][12, 17, 11, 3, 23, 4, 24, 7, 10, 27][2, 21, 6, 13, 0, 18][5, 15, 10][7, 24][14, 20][1, 9][27, 29][3, 23][3, 23][3, 23][0, 26] 
[9, 14, 7, 25, 22, 19, 8, 26, 0, 28, 16][12, 17, 11, 3, 23, 4, 24, 7, 10, 27][2, 21, 6, 13, 0, 18][5, 15, 10][7, 24][14, 20][1, 9][27, 29][3, 23][3, 23][3, 23][0, 26] 
[9, 14, 7, 25, 22, 19, 8, 26, 0, 28, 16][10, 7, 24, 4, 23, 3, 11, 17, 12][2, 21, 6, 13, 0, 18][5, 15, 10][10, 27][27, 29][14, 20][1, 9][0, 26][3, 23][3, 23][3, 23] 
[9, 14, 7, 25, 22, 19, 8, 26, 0, 28, 16][12, 17, 11, 3, 23, 4, 24, 7, 10, 27][2, 21, 6, 13, 0, 18][5, 15, 10][7, 24][14, 20][1, 9][27, 29][3, 23][3, 23][3, 23][0, 26] 
[9, 14, 7, 25, 22, 19, 8, 26, 0, 28, 16][12, 17, 11, 3, 23, 4, 24, 7, 10, 27][2, 21, 6, 13, 0, 18][5, 15, 10][7, 24][14, 20][1, 9][27, 29][3, 23][3, 23][3, 23][0, 26] 
[9, 14, 7, 25, 22, 19, 8, 26, 0, 28, 16][12, 17, 11, 3, 23, 4, 24, 7, 10, 27][2, 21, 6, 13, 0, 18][5, 15, 10][7, 24][14, 20][1, 9][27, 29][3, 23][3, 23][3, 23][0, 26] 
[5, 15, 10, 7, 4, 20][2, 21, 6, 13, 0, 18][12, 17, 19, 8, 26][9, 1, 3, 23, 24][16, 27, 29][16, 28, 25][11, 25, 22][7, 27][17, 28][11, 14][18, 22][14, 24] 
[2, 21, 6, 13, 0, 18][5, 15, 10, 7, 4, 20][12, 17, 19, 8, 26][9, 1, 3, 23, 24][11, 25, 22][16, 28, 25][16, 27, 29][18, 22][11, 14][17, 28][7, 27][14, 24] 
[2, 21, 6, 13, 0, 18][5, 15, 10, 7, 4, 20][12, 17, 19, 8, 26][9, 1, 3, 23, 24][11, 25, 22][16, 28, 25][16, 27, 29][18, 22][7, 27][17, 28][11, 14][14, 24] 
[5, 15, 10, 7, 4, 20][2, 21, 6, 13, 0, 18][9, 1, 3, 23, 24][12, 17, 19, 8, 26][11, 25, 22][16, 28, 25][16, 27, 29][14, 24][11, 14][7, 27][18, 22][17, 28] 
[5, 15, 10, 7, 4, 20][2, 21, 6, 13, 0, 18][12, 17, 19, 8, 26][9, 1, 3, 23, 24][16, 28, 25][11, 25, 22][16, 27, 29][17, 28][18, 22][7, 27][11, 14][14, 24] 
[2, 21, 6, 13, 0, 18][5, 15, 10, 7, 4, 20][12, 17, 19, 8, 26][9, 1, 3, 23, 24][16, 28, 25][11, 25, 22][16, 27, 29][17, 28][18, 22][7, 27][11, 14][14, 24] 
[5, 15, 10, 7, 4, 20][2, 21, 6, 13, 0, 18][9, 1, 3, 23, 24][12, 17, 19, 8, 26][11, 25, 22][16, 28, 25][16, 27, 29][14, 24][11, 14][7, 27][18, 22][17, 28] 
[5, 15, 10, 7, 4, 20][2, 21, 6, 13, 0, 18][12, 17, 19, 8, 26][9, 1, 3, 23, 24][16, 28, 25][11, 25, 22][16, 27, 29][17, 28][18, 22][7, 27][11, 14][14, 24] 
[2, 21, 6, 13, 0, 18][5, 15, 10, 7, 4, 20][12, 17, 19, 8, 26][9, 1, 3, 23, 24][11, 25, 22][16, 28, 25][16, 27, 29][18, 22][17, 28][11, 14][14, 24][7, 27] 
[5, 15, 10, 7, 4, 20][2, 21, 6, 13, 0, 18][9, 1, 3, 23, 24][12, 17, 19, 8, 26][11, 25, 22][16, 28, 25][16, 27, 29][14, 24][11, 14][7, 27][18, 22][17, 28] 
[2, 21, 6, 13, 0, 18][5, 15, 10, 7, 4, 20][12, 17, 19, 8, 26][9, 1, 3, 23, 24][11, 25, 22][16, 28, 25][16, 27, 29][18, 22][7, 27][17, 28][11, 14][14, 24] 
[5, 15, 10, 7, 4, 20][2, 21, 6, 13, 0, 18][12, 17, 19, 8, 26][9, 1, 3, 23, 24][16, 28, 25][11, 25, 22][16, 27, 29][17, 28][18, 22][7, 27][11, 14][14, 24] 
[2, 21, 6, 13, 0, 18][5, 15, 10, 7, 4, 20][12, 17, 19, 8, 26][9, 1, 3, 23, 24][16, 28, 25][11, 25, 22][16, 27, 29][17, 28][11, 14][14, 24][18, 22][7, 27] 
[5, 15, 10, 7, 4, 20][2, 21, 6, 13, 0, 18][9, 1, 3, 23, 24][12, 17, 19, 8, 26][11, 25, 22][16, 28, 25][16, 27, 29][14, 24][11, 14][7, 27][18, 22][17, 28] 
[5, 15, 10, 7, 4, 20][2, 21, 6, 13, 0, 18][12, 17, 19, 8, 26][9, 1, 3, 23, 24][16, 28, 25][11, 25, 22][16, 27, 29][17, 28][18, 22][7, 27][11, 14][14, 24] 
[5, 15, 10, 7, 4, 20][2, 21, 6, 13, 0, 18][12, 17, 19, 8, 26][9, 1, 3, 23, 24][16, 28, 25][11, 25, 22][16, 27, 29][17, 28][18, 22][7, 27][11, 14][14, 24] 
[2, 21, 6, 13, 0, 18][5, 15, 10, 7, 4, 20][12, 17, 19, 8, 26][9, 1, 3, 23, 24][11, 25, 22][16, 28, 25][16, 27, 29][18, 22][7, 27][17, 28][11, 14][14, 24] 
[5, 15, 10, 7, 4, 20][2, 21, 6, 13, 0, 18][9, 1, 3, 23, 24][12, 17, 19, 8, 26][16, 27, 29][16, 28, 25][11, 25, 22][7, 27][11, 14][18, 22][14, 24][17, 28] 
[5, 15, 10, 7, 4, 20][2, 21, 6, 13, 0, 18][12, 17, 19, 8, 26][9, 1, 3, 23, 24][16, 28, 25][11, 25, 22][16, 27, 29][17, 28][18, 22][7, 27][11, 14][14, 24] 
[5, 15, 10, 7, 4, 20][2, 21, 6, 13, 0, 18][12, 17, 19, 8, 26][9, 1, 3, 23, 24][16, 28, 25][16, 27, 29][11, 25, 22][7, 27][17, 28][18, 22][11, 14][14, 24] 
[5, 15, 10, 7, 4, 20][2, 21, 6, 13, 0, 18][12, 17, 19, 8, 26][9, 1, 3, 23, 24][16, 28, 25][16, 27, 29][11, 25, 22][7, 27][17, 28][18, 22][11, 14][14, 24] 
[2, 21, 6, 13, 0, 18][5, 15, 10, 7, 4, 20][12, 17, 19, 8, 26][9, 1, 3, 23, 24][11, 25, 22][16, 28, 25][16, 27, 29][18, 22][7, 27][17, 28][11, 14][14, 24] 
[2, 21, 6, 13, 0, 18][5, 15, 10, 7, 4, 20][12, 17, 19, 8, 26][9, 1, 3, 23, 24][11, 25, 22][16, 28, 25][16, 27, 29][18, 22][11, 14][17, 28][7, 27][14, 24] 
[5, 15, 10, 7, 4, 20][2, 21, 6, 13, 0, 18][12, 17, 19, 8, 26][9, 1, 3, 23, 24][16, 28, 25][11, 25, 22][16, 27, 29][17, 28][18, 22][7, 27][11, 14][14, 24] 
[5, 15, 10, 7, 4, 20][2, 21, 6, 13, 0, 18][12, 17, 19, 8, 26][9, 1, 3, 23, 24][16, 28, 25][11, 25, 22][16, 27, 29][17, 28][18, 22][7, 27][11, 14][14, 24] 
[5, 15, 10, 7, 4, 20][2, 21, 6, 13, 0, 18][12, 17, 19, 8, 26][9, 1, 3, 23, 24][16, 28, 25][11, 25, 22][16, 27, 29][17, 28][18, 22][7, 27][11, 14][14, 24] 
[5, 15, 10, 7, 4, 20][2, 21, 6, 13, 0, 18][9, 1, 3, 23, 24][12, 17, 19, 8, 26][16, 27, 29][16, 28, 25][11, 25, 22][7, 27][11, 14][18, 22][14, 24][17, 28] 
[5, 15, 10, 7, 4, 20][2, 21, 6, 13, 0, 18][12, 17, 19, 8, 26][9, 1, 3, 23, 24][11, 25, 22][16, 28, 25][16, 27, 29][11, 14][17, 28][7, 27][14, 24][18, 22] 
[5, 15, 10, 7, 4, 20][2, 21, 6, 13, 0, 18][12, 17, 19, 8, 26][9, 1, 3, 23, 24][16, 28, 25][11, 25, 22][16, 27, 29][17, 28][18, 22][7, 27][11, 14][14, 24] 
[5, 15, 10, 7, 4, 20][2, 21, 6, 13, 0, 18][12, 17, 19, 8, 26][9, 1, 3, 23, 24][16, 28, 25][11, 25, 22][16, 27, 29][7, 27][17, 28][11, 14][18, 22][14, 24] 
[5, 15, 10, 7, 4, 20][2, 21, 6, 13, 0, 18][12, 17, 19, 8, 26][9, 1, 3, 23, 24][16, 28, 25][11, 25, 22][16, 27, 29][17, 28][18, 22][7, 27][11, 14][14, 24] 
[2, 21, 6, 13, 0, 18][5, 15, 10, 7, 4, 20][9, 1, 3, 23, 24][12, 17, 19, 8, 26][11, 25, 22][16, 28, 25][16, 27, 29][14, 24][11, 14][17, 28][18, 22][7, 27] 
[5, 15, 10, 7, 4, 20][2, 21, 6, 13, 0, 18][12, 17, 19, 8, 26][9, 1, 3, 23, 24][16, 28, 25][11, 25, 22][16, 27, 29][17, 28][18, 22][7, 27][11, 14][14, 24] 
[5, 15, 10, 7, 4, 20][2, 21, 6, 13, 0, 18][12, 17, 19, 8, 26][9, 1, 3, 23, 24][16, 28, 25][11, 25, 22][16, 27, 29][17, 28][18, 22][7, 27][11, 14][14, 24] 
[5, 15, 10, 7, 4, 20][2, 21, 6, 13, 0, 18][12, 17, 19, 8, 26][9, 1, 3, 23, 24][16, 28, 25][11, 25, 22][16, 27, 29][17, 28][18, 22][7, 27][11, 14][14, 24] 
[2, 21, 6, 13, 0, 18][5, 15, 10, 7, 4, 20][9, 1, 3, 23, 24][12, 17, 19, 8, 26][11, 25, 22][16, 28, 25][16, 27, 29][14, 24][11, 14][17, 28][18, 22][7, 27] 
[5, 15, 10, 7, 4, 20][2, 21, 6, 13, 0, 18][12, 17, 19, 8, 26][9, 1, 3, 23, 24][16, 28, 25][11, 25, 22][16, 27, 29][17, 28][18, 22][7, 27][11, 14][14, 24] 
[2, 21, 6, 13, 0, 18][5, 15, 10, 7, 4, 20][9, 1, 3, 23, 24][12, 17, 19, 8, 26][11, 25, 22][16, 28, 25][16, 27, 29][14, 24][11, 14][17, 28][18, 22][7, 27] 
[2, 21, 6, 13, 0, 18][5, 15, 10, 7, 4, 20][12, 17, 19, 8, 26][9, 1, 3, 23, 24][11, 25, 22][16, 28, 25][16, 27, 29][18, 22][7, 27][11, 14][17, 28][14, 24] 
[5, 15, 10, 7, 4, 20][2, 21, 6, 13, 0, 18][12, 17, 19, 8, 26][9, 1, 3, 23, 24][16, 28, 25][16, 27, 29][11, 25, 22][17, 28][7, 27][11, 14][18, 22][14, 24] 
[5, 15, 10, 7, 4, 20][2, 21, 6, 13, 0, 18][9, 1, 3, 23, 24][12, 17, 19, 8, 26][11, 25, 22][16, 28, 25][16, 27, 29][14, 24][11, 14][7, 27][17, 28][18, 22] 
[5, 15, 10, 7, 4, 20][2, 21, 6, 13, 0, 18][12, 17, 19, 8, 26][9, 1, 3, 23, 24][16, 28, 25][16, 27, 29][11, 25, 22][17, 28][7, 27][11, 14][18, 22][14, 24] 
[5, 15, 10, 7, 4, 20][2, 21, 6, 13, 0, 18][12, 17, 19, 8, 26][9, 1, 3, 23, 24][16, 28, 25][11, 25, 22][16, 27, 29][17, 28][18, 22][7, 27][11, 14][14, 24] 
[2, 21, 6, 13, 0, 18, 22][5, 15, 10, 7, 4, 20][12, 17, 19, 8, 26][9, 1, 3, 23, 24][16, 27, 29][16, 28, 25][7, 27][17, 28][0, 26][11, 25][11, 14][14, 24] 
[2, 21, 6, 13, 0, 18][5, 15, 10, 7, 4, 20][12, 17, 19, 8, 26][9, 1, 3, 23, 24][16, 28, 25, 22][16, 27, 29][17, 28][0, 26][7, 27][11, 25][11, 14][14, 24] 
[2, 21, 6, 13, 0, 18, 22][5, 15, 10, 7, 4, 20][9, 1, 3, 23, 24][12, 17, 19, 8, 26][16, 27, 29][16, 28, 25][7, 27][11, 25][11, 14][14, 24][17, 28][0, 26] 
[2, 21, 6, 13, 0, 18, 22][5, 15, 10, 7, 4, 20][9, 1, 3, 23, 24][12, 17, 19, 8, 26][16, 28, 25][16, 27, 29][14, 24][11, 14][11, 25][7, 27][17, 28][0, 26] 
[2, 21, 6, 13, 0, 18, 22][5, 15, 10, 7, 4, 20][9, 1, 3, 23, 24][12, 17, 19, 8, 26][16, 28, 25][16, 27, 29][14, 24][11, 14][11, 25][7, 27][17, 28][0, 26] 
[11, 14, 1, 3, 9, 23, 24][5, 15, 10, 7, 4, 20][2, 21, 6, 13, 0, 18][16, 28, 25, 22][12, 19, 8, 26][16, 27, 29][11, 25][11, 14][7, 27][17, 28][17, 19][0, 26] 
[5, 15, 10, 7, 4, 20][2, 21, 6, 13, 0, 18][12, 17, 19, 8, 26][9, 1, 3, 23, 24][16, 28, 25][11, 25, 22][16, 27, 29][17, 28][18, 22][7, 27][11, 14][14, 24] 
[5, 15, 10, 7, 4, 20][2, 21, 6, 13, 0, 18][9, 1, 3, 23, 24][12, 17, 19, 8, 26][16, 27, 29][16, 28, 25][11, 25, 22][7, 27][11, 14][18, 22][14, 24][17, 28] 
[5, 15, 10, 7, 4, 20][2, 21, 6, 13, 0, 18][9, 1, 3, 23, 24][12, 17, 19, 8, 26][11, 25, 22][16, 28, 25][16, 27, 29][14, 24][11, 14][7, 27][17, 28][18, 22] 
[5, 15, 10, 7, 4, 20][2, 21, 6, 13, 0, 18][12, 17, 19, 8, 26][9, 1, 3, 23, 24][16, 28, 25][11, 25, 22][16, 27, 29][17, 28][18, 22][7, 27][11, 14][14, 24] 
[2, 21, 6, 13, 0, 18][5, 15, 10, 7, 4, 20][12, 17, 19, 8, 26][9, 1, 3, 23, 24][11, 25, 22][16, 28, 25][16, 27, 29][18, 22][17, 28][11, 14][14, 24][7, 27] 
[5, 15, 10, 7, 4, 20][2, 21, 6, 13, 0, 18][9, 1, 3, 23, 24][12, 17, 19, 8, 26][16, 27, 29][16, 28, 25][11, 25, 22][7, 27][11, 14][18, 22][14, 24][17, 28] 
[5, 15, 10, 7, 4, 20][2, 21, 6, 13, 0, 18][12, 17, 19, 8, 26][9, 1, 3, 23, 24][16, 28, 25][11, 25, 22][16, 27, 29][17, 28][18, 22][7, 27][11, 14][14, 24] 
