[19, 17, 22, 12, 8, 26][4, 3, 1, 23, 9][7, 20, 24, 14][6, 2, 29, 10][27, 15, 16, 28][11, 25, 0, 13][18, 0, 28][15, 5, 21][4, 24][2, 7][10, 16][12, 18] 
[19, 17, 22, 12, 8, 26][9, 23, 1, 3, 4, 24][27, 15, 16, 28][11, 25, 0, 13][6, 2, 29, 10][15, 5, 21][18, 0, 28][7, 20, 14][12, 18][10, 16][2, 7][14, 23] 
[19, 17, 22, 12, 8, 26][9, 23, 1, 3, 4, 24][27, 15, 16, 28][11, 25, 0, 13][6, 2, 29, 10][18, 0, 28][15, 5, 21][7, 20, 14][12, 18][10, 16][2, 7][14, 23] 
[19, 17, 22, 12, 8, 26][9, 23, 1, 3, 24][27, 15, 16, 28][11, 25, 0, 13][6, 2, 29, 10][7, 20, 24, 14][15, 5, 21][18, 0, 28][12, 18][10, 16][2, 7][4, 24] 
[19, 17, 22, 12, 8, 26][4, 3, 1, 23, 9][11, 25, 0, 13][27, 15, 16, 28][6, 2, 29, 10][7, 20, 24, 14][18, 0, 28][15, 5, 21][18, 19][10, 16][2, 7][14, 23] 
[19, 17, 22, 12, 8, 26][4, 3, 1, 23, 9][11, 25, 0, 13][27, 15, 16, 28][6, 2, 29, 10][7, 20, 24, 14][18, 0, 28][15, 5, 21][18, 19][10, 16][2, 7][14, 23] 
[19, 17, 22, 12, 8, 26][9, 23, 1, 3, 4, 24][27, 15, 16, 28][11, 25, 0, 13][6, 2, 29, 10][18, 0, 28][15, 5, 21][7, 20, 14][12, 18][10, 16][2, 7][14, 23] 
[19, 17, 22, 12, 8, 26][4, 3, 1, 23, 9][11, 25, 0, 13][27, 15, 16, 28][6, 2, 29, 10][7, 20, 24, 14][18, 0, 28][15, 5, 21][10, 16][2, 7][14, 23][12, 18] 
[19, 17, 22, 12, 8, 26][4, 3, 1, 23, 9][6, 2, 29, 10][7, 20, 24, 14][27, 15, 16, 28][11, 25, 0, 13][18, 0, 28][15, 5, 21][2, 7][14, 23][10, 16][12, 18] 
[19, 17, 22, 12, 8, 26][4, 3, 1, 23, 9][6, 2, 29, 10][7, 20, 24, 14][27, 15, 16, 28][11, 25, 0, 13][18, 0, 28][15, 5, 21][2, 7][14, 23][10, 16][12, 18] 
[19, 17, 22, 12, 8, 26][4, 3, 1, 23, 9][7, 20, 24, 14][6, 2, 29, 10][27, 15, 16, 28][11, 25, 0, 13][18, 0, 28][15, 5, 21][4, 24][2, 7][10, 16][12, 18] 
[19, 17, 22, 12, 8, 26][9, 23, 1, 3, 4, 24][27, 15, 16, 28][11, 25, 0, 13][6, 2, 29, 10][15, 5, 21][18, 0, 28][7, 20, 14][12, 18][10, 16][2, 7][14, 23] 
[19, 17, 22, 12, 8, 26][9, 23, 1, 3, 4, 24][27, 15, 16, 28][11, 25, 0, 13][6, 2, 29, 10][15, 5, 21][18, 0, 28][7, 20, 14][12, 18][10, 16][2, 7][14, 23] 
[19, 17, 22, 12, 8, 26][4, 3, 1, 23, 9][7, 20, 24, 14][6, 2, 29, 10][27, 15, 16, 28][11, 25, 0, 13][18, 0, 28][15, 5, 21][14, 23][2, 7][10, 16][18, 19] 
[19, 17, 22, 12, 8, 26][4, 3, 1, 23, 9][27, 15, 16, 28][11, 25, 0, 13][6, 2, 29, 10][7, 20, 24, 14][18, 0, 28][15, 5, 21][18, 19][10, 16][2, 7][14, 23] 
[19, 17, 22, 12, 8, 26][4, 3, 1, 23, 9][6, 2, 29, 10][7, 20, 24, 14][27, 15, 16, 28][11, 25, 0, 13][18, 0, 28][15, 5, 21][2, 7][14, 23][10, 16][12, 18] 
[19, 17, 22, 12, 8, 26][4, 3, 1, 23, 9][11, 25, 0, 13][27, 15, 16, 28][6, 2, 29, 10][7, 20, 24, 14][18, 0, 28][15, 5, 21][12, 18][10, 16][2, 7][4, 24] 
[19, 17, 22, 12, 8, 26][9, 23, 1, 3, 4, 24][11, 25, 0, 13][27, 15, 16, 28][6, 2, 29, 10][18, 0, 28][15, 5, 21][7, 20, 14][18, 19][10, 16][2, 7][14, 23] 
[19, 17, 22, 12, 8, 26][4, 3, 1, 23, 9][27, 15, 16, 28][11, 25, 0, 13][6, 2, 29, 10][7, 20, 24, 14][18, 0, 28][15, 5, 21][18, 19][10, 16][2, 7][14, 23] 
[19, 17, 22, 12, 8, 26][4, 3, 1, 23, 9][11, 25, 0, 13][27, 15, 16, 28][6, 2, 29, 10][7, 20, 24, 14][18, 0, 28][15, 5, 21][12, 18][10, 16][2, 7][4, 24] 
[19, 17, 22, 12, 8, 26][4, 3, 1, 23, 9][11, 25, 0, 13][27, 15, 16, 28][6, 2, 29, 10][7, 20, 24, 14][18, 0, 28][15, 5, 21][12, 18][10, 16][2, 7][4, 24] 
[9, 23, 1, 3, 4, 24][19, 17, 22, 12, 8, 26][6, 2, 29, 10][27, 15, 16, 28][11, 25, 0, 13][18, 0, 28][15, 5, 21][7, 20, 14][10, 16][2, 7][14, 23][12, 18] 
[9, 23, 1, 3, 4, 24][19, 17, 22, 12, 8, 26][6, 2, 29, 10][27, 15, 16, 28][11, 25, 0, 13][18, 0, 28][15, 5, 21][7, 20, 14][10, 16][2, 7][14, 23][12, 18] 
[19, 17, 22, 12, 8, 26][4, 3, 1, 23, 9][27, 15, 16, 28][11, 25, 0, 13][6, 2, 29, 10][7, 20, 24, 14][18, 0, 28][15, 5, 21][18, 19][10, 16][2, 7][14, 23] 
[19, 17, 22, 12, 8, 26][4, 3, 1, 23, 9][27, 15, 16, 28][11, 25, 0, 13][6, 2, 29, 10][7, 20, 24, 14][15, 5, 21][18, 0, 28][10, 16][18, 19][2, 7][14, 23] 
[19, 17, 22, 12, 8, 26][4, 3, 1, 23, 9][6, 2, 29, 10][7, 20, 24, 14][27, 15, 16, 28][11, 25, 0, 13][15, 5, 21][18, 0, 28][2, 7][14, 23][10, 16][12, 18] 
[19, 17, 22, 12, 8, 26][4, 3, 1, 23, 9][11, 25, 0, 13][27, 15, 16, 28][6, 2, 29, 10][7, 20, 24, 14][18, 0, 28][15, 5, 21][12, 18][10, 16][2, 7][4, 24] 
[19, 17, 22, 12, 8, 26][9, 23, 1, 3, 4, 24][27, 15, 16, 28][11, 25, 0, 13][6, 2, 29, 10][15, 5, 21][18, 0, 28][7, 20, 14][12, 18][10, 16][2, 7][14, 23] 
[19, 17, 22, 12, 8, 26][4, 3, 1, 23, 9][7, 20, 24, 14][6, 2, 29, 10][27, 15, 16, 28][11, 25, 0, 13][18, 0, 28][15, 5, 21][14, 23][2, 7][10, 16][18, 19] 
[19, 17, 22, 12, 8, 26][4, 3, 1, 23, 9][27, 15, 16, 28][11, 25, 0, 13][6, 2, 29, 10][7, 20, 24, 14][15, 5, 21][18, 0, 28][12, 18][10, 16][2, 7][4, 24] 
[19, 17, 22, 12, 8, 26][4, 3, 1, 23, 9][7, 20, 24, 14][6, 2, 29, 10][27, 15, 16, 28][11, 25, 0, 13][15, 5, 21][18, 0, 28][4, 24][2, 7][10, 16][12, 18] 
[19, 17, 22, 12, 8, 26][9, 23, 1, 3, 4, 24][27, 15, 16, 28][11, 25, 0, 13][6, 2, 29, 10][18, 0, 28][15, 5, 21][7, 20, 14][12, 18][10, 16][2, 7][14, 23] 
[19, 17, 22, 12, 8, 26][4, 3, 1, 23, 9][6, 2, 29, 10][7, 20, 24, 14][27, 15, 16, 28][11, 25, 0, 13][18, 0, 28][15, 5, 21][2, 7][14, 23][10, 16][18, 19] 
[19, 17, 22, 12, 8, 26][4, 3, 1, 23, 9][6, 2, 29, 10][7, 20, 24, 14][27, 15, 16, 28][11, 25, 0, 13][15, 5, 21][18, 0, 28][2, 7][4, 24][10, 16][12, 18] 
[19, 17, 22, 12, 8, 26][4, 3, 1, 23, 9][6, 2, 29, 10][7, 20, 24, 14][27, 15, 16, 28][11, 25, 0, 13][15, 5, 21][18, 0, 28][2, 7][4, 24][10, 16][12, 18] 
[5, 21, 6, 13, 18, 12, 17, 22, 19, 8, 26, 0, 25][11, 14, 20, 23, 9, 3, 1, 4, 24, 7, 16][27, 15, 16, 28][6, 2, 29][10, 16][15, 29][12, 18][6, 21][12, 18][12, 18][12, 18][12, 18] 
[5, 21, 6, 13, 18, 12, 17, 22, 19, 8, 26, 0, 25][11, 14, 20, 23, 9, 3, 1, 4, 24, 7, 16][27, 15, 16, 28][6, 2, 29][10, 16][15, 29][12, 18][6, 21][12, 18][12, 18][12, 18][12, 18] 
[5, 21, 6, 13, 18, 12, 17, 22, 19, 8, 26, 0, 25][11, 14, 20, 23, 9, 3, 1, 4, 24, 7, 16][27, 15, 16, 28][6, 2, 29][10, 16][15, 29][12, 18][6, 21][12, 18][12, 18][12, 18][12, 18] 
[5, 21, 6, 13, 18, 12, 17, 22, 19, 8, 26, 0, 25][11, 14, 20, 23, 9, 3, 1, 4, 24, 7, 16][27, 15, 16, 28][6, 2, 29][10, 16][12, 18][4, 24][15, 29][12, 18][6, 21][12, 18][8, 19] 
[5, 21, 6, 13, 18, 12, 17, 22, 19, 8, 26, 0, 25][11, 14, 20, 23, 9, 3, 1, 4, 24, 7, 16][27, 15, 16, 28][6, 2, 29][10, 16][12, 18][4, 24][15, 29][12, 18][6, 21][12, 18][8, 19] 
[5, 21, 6, 13, 18, 12, 17, 22, 19, 8, 26, 0, 25][11, 14, 20, 23, 9, 3, 1, 4, 24, 7, 16][27, 15, 16, 28][6, 2, 29][10, 16][12, 18][4, 24][15, 29][12, 18][6, 21][12, 18][8, 19] 
[5, 21, 6, 13, 18, 12, 17, 22, 19, 8, 26, 0, 25][11, 14, 20, 23, 9, 3, 1, 4, 24, 7, 16][16, 10, 2, 27][6, 2, 29][16, 28][12, 18][4, 24][15, 29][12, 18][6, 21][12, 18][8, 19] 
[5, 21, 6, 13, 18, 12, 17, 22, 19, 8, 26, 0, 25][11, 14, 20, 23, 9, 3, 1, 4, 24, 7, 16][16, 10, 2, 27][6, 2, 29][16, 28][12, 18][4, 24][15, 29][12, 18][6, 21][12, 18][8, 19] 
[5, 21, 6, 13, 18, 12, 17, 22, 19, 8, 26, 0, 25][11, 14, 20, 23, 9, 3, 1, 4, 24, 7, 16][27, 15, 16, 28][6, 2, 29][10, 16][12, 18][4, 24][15, 29][12, 18][6, 21][12, 18][8, 19] 
[5, 21, 6, 13, 18, 12, 17, 22, 19, 8, 26, 0, 25][11, 14, 20, 23, 9, 3, 1, 4, 24, 7, 16][27, 15, 16, 28][6, 2, 29][10, 16][15, 29][12, 18][6, 21][12, 18][12, 18][12, 18][12, 18] 
[5, 21, 6, 13, 18, 12, 17, 22, 19, 8, 26, 0, 25][11, 14, 20, 23, 9, 3, 1, 4, 24, 7, 16][16, 10, 2, 27][6, 2, 29][16, 28][12, 18][4, 24][15, 29][12, 18][6, 21][12, 18][8, 19] 
[5, 21, 6, 13, 18, 12, 17, 22, 19, 8, 26, 0, 25][11, 14, 20, 23, 9, 3, 1, 4, 24, 7, 16][27, 15, 16, 28][6, 2, 29][10, 16][15, 29][12, 18][6, 21][12, 18][12, 18][12, 18][12, 18] 
[5, 21, 6, 13, 18, 12, 17, 22, 19, 8, 26, 0, 25][11, 14, 20, 23, 9, 3, 1, 4, 24, 7, 16][27, 15, 16, 28][6, 2, 29][10, 16][12, 18][4, 24][15, 29][12, 18][6, 21][12, 18][8, 19] 
[5, 21, 6, 13, 18, 12, 17, 22, 19, 8, 26, 0, 25][11, 14, 20, 23, 9, 3, 1, 4, 24, 7, 16][16, 10, 2, 27][6, 2, 29][16, 28][12, 18][4, 24][15, 29][12, 18][6, 21][12, 18][8, 19] 
[5, 21, 6, 13, 18, 12, 17, 22, 19, 8, 26, 0, 25][11, 14, 20, 23, 9, 3, 1, 4, 24, 7, 16][16, 10, 2, 27][6, 2, 29][16, 28][12, 18][4, 24][15, 29][12, 18][6, 21][12, 18][8, 19] 
[15, 5, 21, 6, 13, 18, 12, 17, 22, 19, 8, 26, 0, 25][1, 3, 23, 20, 7, 4, 14, 11, 25][27, 15, 16, 28][6, 2, 29, 10][8, 26][6, 21][12, 18][9, 23][8, 26][14, 24][6, 21][12, 18] 
[15, 5, 21, 6, 13, 18, 12, 17, 22, 19, 8, 26, 0, 25][1, 3, 23, 20, 7, 4, 14, 11, 25][27, 15, 16, 28][6, 2, 29, 10][8, 26][6, 21][12, 18][9, 23][8, 26][14, 24][6, 21][12, 18] 
[5, 21, 6, 13, 18, 12, 17, 22, 19, 8, 26, 0, 25][11, 14, 20, 23, 9, 3, 1, 4, 24, 7, 16][16, 10, 2, 27][6, 2, 29][16, 28][12, 18][4, 24][15, 29][12, 18][6, 21][12, 18][8, 19] 
[15, 5, 21, 6, 13, 18, 12, 17, 22, 19, 8, 26, 0, 25][1, 3, 23, 20, 7, 4, 14, 11, 25][27, 15, 16, 28][6, 2, 29, 10][8, 26][6, 21][12, 18][9, 23][8, 26][14, 24][6, 21][12, 18] 
[15, 5, 21, 6, 13, 18, 12, 17, 22, 19, 8, 26, 0, 25][1, 3, 23, 20, 7, 4, 14, 11, 25][27, 15, 16, 28][6, 2, 29, 10][8, 26][6, 21][12, 18][9, 23][8, 26][14, 24][6, 21][12, 18] 
[15, 5, 21, 6, 13, 18, 12, 17, 22, 19, 8, 26, 0, 25][1, 3, 23, 20, 7, 4, 14, 11, 25][27, 15, 16, 28][6, 2, 29, 10][8, 26][6, 21][12, 18][9, 23][8, 26][14, 24][6, 21][12, 18] 
[19, 17, 22, 12, 8, 26][4, 3, 1, 23, 9][11, 25, 0, 13][27, 15, 16, 28][6, 2, 29, 10][7, 20, 24, 14][18, 0, 28][15, 5, 21][10, 16][2, 7][14, 23][12, 18] 
[19, 17, 22, 12, 8, 26][4, 3, 1, 23, 9][27, 15, 16, 28][11, 25, 0, 13][6, 2, 29, 10][7, 20, 24, 14][18, 0, 28][15, 5, 21][12, 18][10, 16][2, 7][14, 23] 
[19, 17, 22, 12, 8, 26][4, 3, 1, 23, 9][27, 15, 16, 28][11, 25, 0, 13][6, 2, 29, 10][7, 20, 24, 14][18, 0, 28][15, 5, 21][12, 18][10, 16][2, 7][14, 23] 
[19, 17, 22, 12, 8, 26][4, 3, 1, 23, 9][6, 2, 29, 10][7, 20, 24, 14][27, 15, 16, 28][11, 25, 0, 13][15, 5, 21][18, 0, 28][2, 7][14, 23][10, 16][12, 18] 
[19, 17, 22, 12, 8, 26][4, 3, 1, 23, 9][6, 2, 29, 10][7, 20, 24, 14][27, 15, 16, 28][11, 25, 0, 13][18, 0, 28][15, 5, 21][2, 7][14, 23][10, 16][12, 18] 
[19, 17, 22, 12, 8, 26][4, 3, 1, 23, 9][11, 25, 0, 13][27, 15, 16, 28][6, 2, 29, 10][7, 20, 24, 14][18, 0, 28][15, 5, 21][10, 16][2, 7][14, 23][12, 18] 
[19, 17, 22, 12, 8, 26][4, 3, 1, 23, 9][11, 25, 0, 13][27, 15, 16, 28][6, 2, 29, 10][7, 20, 24, 14][18, 0, 28][15, 5, 21][10, 16][2, 7][12, 18][14, 23] 
[19, 17, 22, 12, 8, 26][4, 3, 1, 23, 9][7, 20, 24, 14][6, 2, 29, 10][27, 15, 16, 28][11, 25, 0, 13][15, 5, 21][18, 0, 28][14, 23][2, 7][10, 16][12, 18] 
[19, 17, 22, 12, 8, 26][4, 3, 1, 23, 9][6, 2, 29, 10][7, 20, 24, 14][27, 15, 16, 28][11, 25, 0, 13][15, 5, 21][18, 0, 28][2, 7][14, 23][10, 16][12, 18] 
[19, 17, 22, 12, 8, 26][4, 3, 1, 23, 9][6, 2, 29, 10][7, 20, 24, 14][27, 15, 16, 28][11, 25, 0, 13][18, 0, 28][15, 5, 21][2, 7][14, 23][10, 16][12, 18] 
[19, 17, 22, 12, 8, 26][4, 3, 1, 23, 9][6, 2, 29, 10][7, 20, 24, 14][27, 15, 16, 28][11, 25, 0, 13][18, 0, 28][15, 5, 21][2, 7][14, 23][10, 16][12, 18] 
[19, 17, 22, 12, 8, 26][4, 3, 1, 23, 9][6, 2, 29, 10][7, 20, 24, 14][27, 15, 16, 28][11, 25, 0, 13][15, 5, 21][18, 0, 28][2, 7][14, 23][10, 16][12, 18] 
[19, 17, 22, 12, 8, 26][4, 3, 1, 23, 9][11, 25, 0, 13][27, 15, 16, 28][6, 2, 29, 10][7, 20, 24, 14][18, 0, 28][15, 5, 21][10, 16][2, 7][14, 23][12, 18] 
[19, 17, 22, 12, 8, 26][4, 3, 1, 23, 9][6, 2, 29, 10][7, 20, 24, 14][27, 15, 16, 28][11, 25, 0, 13][18, 0, 28][15, 5, 21][2, 7][14, 23][10, 16][12, 18] 
[19, 17, 22, 12, 8, 26][4, 3, 1, 23, 9][6, 2, 29, 10][7, 20, 24, 14][27, 15, 16, 28][11, 25, 0, 13][15, 5, 21][18, 0, 28][2, 7][14, 23][10, 16][12, 18] 
[19, 17, 22, 12, 8, 26][4, 3, 1, 23, 9][11, 25, 0, 13][27, 15, 16, 28][6, 2, 29, 10][7, 20, 24, 14][18, 0, 28][15, 5, 21][12, 18][10, 16][2, 7][4, 24] 
[19, 17, 22, 12, 8, 26][4, 3, 1, 23, 9][11, 25, 0, 13][27, 15, 16, 28][6, 2, 29, 10][7, 20, 24, 14][18, 0, 28][15, 5, 21][12, 18][10, 16][2, 7][4, 24] 
[19, 17, 22, 12, 8, 26][4, 3, 1, 23, 9][27, 15, 16, 28][11, 25, 0, 13][6, 2, 29, 10][7, 20, 24, 14][15, 5, 21][18, 0, 28][12, 18][10, 16][2, 7][4, 24] 
[19, 17, 22, 12, 8, 26][4, 3, 1, 23, 9][11, 25, 0, 13][27, 15, 16, 28][6, 2, 29, 10][7, 20, 24, 14][18, 0, 28][15, 5, 21][12, 18][10, 16][2, 7][4, 24] 
[19, 17, 22, 12, 8, 26][4, 3, 1, 23, 9][11, 25, 0, 13][27, 15, 16, 28][6, 2, 29, 10][7, 20, 24, 14][18, 0, 28][15, 5, 21][12, 18][10, 16][2, 7][4, 24] 
[19, 17, 22, 12, 8, 26][4, 3, 1, 23, 9][7, 20, 24, 14][6, 2, 29, 10][27, 15, 16, 28][11, 25, 0, 13][15, 5, 21][18, 0, 28][4, 24][2, 7][10, 16][18, 19] 
[19, 17, 22, 12, 8, 26][4, 3, 1, 23, 9][11, 25, 0, 13][27, 15, 16, 28][6, 2, 29, 10][7, 20, 24, 14][18, 0, 28][15, 5, 21][10, 16][2, 7][12, 18][14, 23] 
[19, 17, 22, 12, 8, 26][4, 3, 1, 23, 9][7, 20, 24, 14][6, 2, 29, 10][27, 15, 16, 28][11, 25, 0, 13][15, 5, 21][18, 0, 28][14, 23][2, 7][10, 16][12, 18] 
[19, 17, 22, 12, 8, 26][4, 3, 1, 23, 9][6, 2, 29, 10][7, 20, 24, 14][27, 15, 16, 28][11, 25, 0, 13][18, 0, 28][15, 5, 21][2, 7][14, 23][10, 16][12, 18] 
[19, 17, 22, 12, 8, 26][4, 3, 1, 23, 9][6, 2, 29, 10][7, 20, 24, 14][27, 15, 16, 28][11, 25, 0, 13][18, 0, 28][15, 5, 21][2, 7][14, 23][10, 16][12, 18] 
[19, 17, 22, 12, 8, 26][4, 3, 1, 23, 9][6, 2, 29, 10][7, 20, 24, 14][27, 15, 16, 28][11, 25, 0, 13][18, 0, 28][15, 5, 21][2, 7][14, 23][10, 16][12, 18] 
[12, 22, 17, 19, 8, 26][4, 3, 1, 23, 9][6, 2, 29, 10][27, 15, 16, 28][11, 25, 0, 13][7, 20, 24, 14][15, 5, 21][18, 0, 28][10, 16][2, 7][18, 19][14, 23] 
[19, 17, 22, 12, 8, 26][4, 3, 1, 23, 9][6, 2, 29, 10][7, 20, 24, 14][27, 15, 16, 28][11, 25, 0, 13][18, 0, 28][15, 5, 21][2, 7][14, 23][10, 16][12, 18] 
[19, 17, 22, 12, 8, 26][4, 3, 1, 23, 9][11, 25, 0, 13][27, 15, 16, 28][6, 2, 29, 10][7, 20, 24, 14][18, 0, 28][15, 5, 21][12, 18][10, 16][2, 7][4, 24] 
[19, 17, 22, 12, 8, 26][4, 3, 1, 23, 9][11, 25, 0, 13][27, 15, 16, 28][6, 2, 29, 10][7, 20, 24, 14][18, 0, 28][15, 5, 21][12, 18][10, 16][2, 7][4, 24] 
[19, 17, 22, 12, 8, 26][4, 3, 1, 23, 9][11, 25, 0, 13][27, 15, 16, 28][6, 2, 29, 10][7, 20, 24, 14][18, 0, 28][15, 5, 21][12, 18][10, 16][2, 7][4, 24] 
[19, 17, 22, 12, 8, 26][4, 3, 1, 23, 9][11, 25, 0, 13][27, 15, 16, 28][6, 2, 29, 10][7, 20, 24, 14][18, 0, 28][15, 5, 21][12, 18][10, 16][2, 7][4, 24] 
[19, 17, 22, 12, 8, 26][4, 3, 1, 23, 9][11, 25, 0, 13][27, 15, 16, 28][6, 2, 29, 10][7, 20, 24, 14][18, 0, 28][15, 5, 21][12, 18][10, 16][2, 7][4, 24] 
[19, 17, 22, 12, 8, 26][4, 3, 1, 23, 9][11, 25, 0, 13][27, 15, 16, 28][6, 2, 29, 10][7, 20, 24, 14][18, 0, 28][15, 5, 21][12, 18][10, 16][2, 7][4, 24] 
[19, 17, 22, 12, 8, 26][4, 3, 1, 23, 9][7, 20, 24, 14][6, 2, 29, 10][27, 15, 16, 28][11, 25, 0, 13][18, 0, 28][15, 5, 21][4, 24][2, 7][10, 16][12, 18] 
[19, 17, 22, 12, 8, 26][4, 3, 1, 23, 9][11, 25, 0, 13][27, 15, 16, 28][6, 2, 29, 10][7, 20, 24, 14][18, 0, 28][15, 5, 21][12, 18][10, 16][2, 7][4, 24] 
[19, 17, 22, 12, 8, 26][4, 3, 1, 23, 9][11, 25, 0, 13][27, 15, 16, 28][6, 2, 29, 10][7, 20, 24, 14][18, 0, 28][15, 5, 21][12, 18][10, 16][2, 7][4, 24] 
[19, 17, 22, 12, 8, 26][4, 3, 1, 23, 9][27, 15, 16, 28][11, 25, 0, 13][6, 2, 29, 10][7, 20, 24, 14][15, 5, 21][18, 0, 28][12, 18][10, 16][2, 7][4, 24] 
[19, 17, 22, 12, 8, 26][4, 3, 1, 23, 9][7, 20, 24, 14][6, 2, 29, 10][27, 15, 16, 28][11, 25, 0, 13][18, 0, 28][15, 5, 21][4, 24][2, 7][10, 16][12, 18] 
[19, 17, 22, 12, 8, 26][4, 3, 1, 23, 9][11, 25, 0, 13][27, 15, 16, 28][6, 2, 29, 10][7, 20, 24, 14][18, 0, 28][15, 5, 21][12, 18][10, 16][2, 7][4, 24] 
[19, 17, 22, 12, 8, 26][4, 3, 1, 23, 9][11, 25, 0, 13][27, 15, 16, 28][6, 2, 29, 10][7, 20, 24, 14][18, 0, 28][15, 5, 21][12, 18][10, 16][2, 7][4, 24] 
[19, 17, 22, 12, 8, 26][4, 3, 1, 23, 9][11, 25, 0, 13][27, 15, 16, 28][6, 2, 29, 10][7, 20, 24, 14][18, 0, 28][15, 5, 21][12, 18][10, 16][2, 7][4, 24] 
[19, 17, 22, 12, 8, 26][4, 3, 1, 23, 9][11, 25, 0, 13][27, 15, 16, 28][6, 2, 29, 10][7, 20, 24, 14][18, 0, 28][15, 5, 21][12, 18][10, 16][2, 7][4, 24] 
[22, 12, 18, 17, 19, 8, 26][4, 3, 1, 14, 23, 9][27, 15, 16, 28][6, 2, 29, 10][11, 25, 0, 13][15, 5, 21][2, 7, 20][10, 16][0, 18][20, 24][14, 24][0, 28] 
[22, 12, 18, 17, 19, 8, 26][4, 3, 1, 14, 23, 9][27, 15, 16, 28][6, 2, 29, 10][11, 25, 0, 13][15, 5, 21][2, 7, 20][10, 16][0, 18][20, 24][14, 24][0, 28] 
[22, 12, 18, 17, 19, 8, 26][4, 3, 1, 14, 23, 9][27, 15, 16, 28][6, 2, 29, 10][11, 25, 0, 13][15, 5, 21][2, 7, 20][10, 16][0, 18][20, 24][14, 24][0, 28] 
[22, 12, 18, 17, 19, 8, 26][4, 3, 1, 14, 23, 9][27, 15, 16, 28][6, 2, 29, 10][11, 25, 0, 13][15, 5, 21][2, 7, 20][10, 16][0, 18][20, 24][14, 24][0, 28] 
[22, 12, 18, 17, 19, 8, 26][4, 3, 1, 14, 23, 9][27, 15, 16, 28][6, 2, 29, 10][11, 25, 0, 13][15, 5, 21][2, 7, 20][10, 16][0, 18][20, 24][14, 24][0, 28] 
[9, 23, 14, 1, 3, 4, 24][12, 22, 17, 19, 8, 26][27, 15, 16, 28][6, 2, 29, 10][11, 25, 0, 13][18, 0, 28][15, 5, 21][2, 7, 20][10, 16][12, 18][20, 24][14, 23] 
[19, 17, 22, 12, 8, 26][4, 3, 1, 23, 9][11, 25, 0, 13][27, 15, 16, 28][6, 2, 29, 10][7, 20, 24, 14][18, 0, 28][15, 5, 21][10, 16][2, 7][14, 23][12, 18] 
[19, 17, 22, 12, 8, 26][4, 3, 1, 23, 9][6, 2, 29, 10][7, 20, 24, 14][27, 15, 16, 28][11, 25, 0, 13][15, 5, 21][18, 0, 28][2, 7][14, 23][10, 16][12, 18] 
[19, 17, 22, 12, 8, 26][4, 3, 1, 23, 9][6, 2, 29, 10][7, 20, 24, 14][27, 15, 16, 28][11, 25, 0, 13][18, 0, 28][15, 5, 21][2, 7][14, 23][10, 16][12, 18] 
[19, 17, 22, 12, 8, 26][4, 3, 1, 23, 9][27, 15, 16, 28][11, 25, 0, 13][6, 2, 29, 10][7, 20, 24, 14][18, 0, 28][15, 5, 21][12, 18][10, 16][2, 7][14, 23] 
[19, 17, 22, 12, 8, 26][4, 3, 1, 23, 9][6, 2, 29, 10][7, 20, 24, 14][27, 15, 16, 28][11, 25, 0, 13][15, 5, 21][18, 0, 28][2, 7][14, 23][10, 16][12, 18] 
[19, 17, 22, 12, 8, 26][4, 3, 1, 23, 9][11, 25, 0, 13][27, 15, 16, 28][6, 2, 29, 10][7, 20, 24, 14][18, 0, 28][15, 5, 21][12, 18][10, 16][2, 7][4, 24] 
[19, 17, 22, 12, 8, 26][4, 3, 1, 23, 9][6, 2, 29, 10][7, 20, 24, 14][27, 15, 16, 28][11, 25, 0, 13][18, 0, 28][15, 5, 21][2, 7][14, 23][10, 16][12, 18] 
