[9, 3, 1, 23, 14, 24, 20][11, 25, 7, 27, 29][13, 0, 19, 8, 26][5, 21, 2, 10, 6][12, 17, 22, 18][15, 16, 28][4, 7][4, 24][25, 28][17, 28][0, 18][10, 15] 
[9, 3, 1, 23, 14, 24, 20][11, 25, 7, 27, 29][5, 21, 2, 10, 6][13, 0, 19, 8, 26][12, 17, 22, 18][15, 16, 28][4, 24][4, 7][25, 28][10, 15][17, 28][0, 18] 
[9, 3, 1, 23, 14, 24, 20][11, 25, 7, 27, 29][13, 0, 19, 8, 26][5, 21, 2, 10, 6][12, 17, 22, 18][15, 16, 28][4, 7][4, 24][25, 28][17, 28][0, 18][10, 15] 
[9, 3, 1, 23, 14, 20][13, 0, 19, 8, 26][11, 25, 7, 27, 29][5, 21, 2, 10, 6][12, 17, 22, 18][15, 16, 28][4, 24, 14][0, 18][17, 28][25, 28][10, 15][4, 7] 
[9, 3, 1, 23, 14, 24, 20][13, 0, 19, 8, 26][5, 21, 2, 10, 6][25, 7, 27, 29][12, 17, 22, 18][11, 17, 28][15, 16, 28][4, 24][4, 7][25, 28][0, 18][10, 15] 
[9, 3, 1, 23, 14, 24, 20][13, 0, 19, 8, 26][5, 21, 2, 10, 6][25, 7, 27, 29][12, 17, 22, 18][11, 17, 28][15, 16, 28][4, 24][4, 7][25, 28][0, 18][10, 15] 
[9, 3, 1, 23, 14, 24, 20][5, 21, 2, 10, 6][13, 0, 19, 8, 26][25, 7, 27, 29][12, 17, 22, 18][15, 16, 28][11, 17, 28][25, 28][10, 15][4, 7][4, 24][0, 18] 
[9, 3, 1, 23, 14, 24, 20][5, 21, 2, 10, 6][13, 0, 19, 8, 26][25, 7, 27, 29][12, 17, 22, 18][11, 17, 28][15, 16, 28][4, 7][25, 28][10, 15][4, 24][0, 22] 
[9, 3, 1, 23, 14, 24, 20][13, 0, 19, 8, 26][5, 21, 2, 10, 6][25, 7, 27, 29][12, 17, 22, 18][15, 16, 28][11, 17, 28][4, 7][4, 24][25, 28][0, 22][10, 15] 
[9, 3, 1, 23, 14, 24, 20][13, 0, 19, 8, 26][5, 21, 2, 10, 6][25, 7, 27, 29][12, 17, 22, 18][15, 16, 28][11, 17, 28][4, 7][4, 24][25, 28][0, 22][10, 15] 
[9, 3, 1, 23, 14, 24, 20][13, 0, 19, 8, 26][5, 21, 2, 10, 6][11, 25, 7, 27, 29][12, 17, 22, 18][15, 16, 28][17, 28][0, 18][10, 15][25, 28][4, 7][4, 24] 
[9, 3, 1, 23, 14, 24, 20][5, 21, 2, 10, 6][11, 25, 7, 27, 29][13, 0, 19, 8, 26][12, 17, 22, 18][15, 16, 28][10, 15][25, 28][17, 28][4, 7][4, 24][0, 18] 
[9, 3, 1, 23, 14, 24, 20][11, 25, 7, 27, 29][5, 21, 2, 10, 6][13, 0, 19, 8, 26][12, 17, 22, 18][15, 16, 28][25, 28][4, 7][10, 15][4, 24][17, 28][0, 18] 
[9, 3, 1, 23, 14, 20][5, 21, 2, 10, 6][13, 0, 19, 8, 26][12, 17, 22, 18][25, 7, 27, 29][15, 16, 28][11, 17, 28][4, 24, 14][10, 15][25, 28][0, 18][4, 7] 
[9, 3, 1, 23, 14, 24, 20][5, 21, 2, 10, 6][13, 0, 19, 8, 26][25, 7, 27, 29][12, 17, 22, 18][15, 16, 28][11, 17, 28][25, 28][10, 15][4, 7][4, 24][0, 18] 
[9, 3, 1, 23, 14, 24, 20][13, 0, 19, 8, 26][5, 21, 2, 10, 6][25, 7, 27, 29][12, 17, 22, 18][15, 16, 28][11, 17, 28][4, 7][4, 24][25, 28][0, 22][10, 15] 
[9, 3, 1, 23, 14, 24, 20][11, 25, 7, 27, 29][5, 21, 2, 10, 6][13, 0, 19, 8, 26][12, 17, 22, 18][15, 16, 28][25, 28][17, 28][4, 7][4, 24][10, 15][0, 18] 
[9, 3, 1, 23, 14, 24, 20][5, 21, 2, 10, 6][11, 25, 7, 27, 29][13, 0, 19, 8, 26][12, 17, 22, 18][15, 16, 28][10, 15][25, 28][17, 28][4, 7][4, 24][0, 18] 
[9, 3, 1, 23, 14, 24, 20][5, 21, 2, 10, 6][13, 0, 19, 8, 26][25, 7, 27, 29][12, 17, 22, 18][15, 16, 28][11, 17, 28][25, 28][10, 15][4, 7][4, 24][0, 18] 
[9, 3, 1, 23, 14, 24, 20][13, 0, 19, 8, 26][5, 21, 2, 10, 6][11, 25, 7, 27, 29][12, 17, 22, 18][15, 16, 28][17, 28][0, 18][10, 15][25, 28][4, 7][4, 24] 
[9, 3, 1, 23, 14, 24, 20][11, 25, 7, 27, 29][5, 21, 2, 10, 6][13, 0, 19, 8, 26][12, 17, 22, 18][15, 16, 28][25, 28][10, 15][17, 28][4, 7][4, 24][0, 18] 
[9, 3, 1, 23, 14, 24, 20][5, 21, 2, 10, 6][11, 25, 7, 27, 29][13, 0, 19, 8, 26][12, 17, 22, 18][15, 16, 28][17, 28][10, 15][25, 28][0, 18][4, 7][4, 24] 
[9, 3, 1, 23, 14, 24, 20][11, 25, 7, 27, 29][5, 21, 2, 10, 6][13, 0, 19, 8, 26][12, 17, 22, 18][15, 16, 28][25, 28][4, 7][10, 15][4, 24][17, 28][0, 18] 
[9, 3, 1, 23, 14, 20][5, 21, 2, 10, 6][13, 0, 19, 8, 26][25, 7, 27, 29][12, 17, 22, 18][4, 24, 14][11, 17, 28][15, 16, 28][4, 7][25, 28][10, 15][0, 18] 
[9, 3, 1, 23, 14, 20][5, 21, 2, 10, 6][13, 0, 19, 8, 26][25, 7, 27, 29][12, 17, 22, 18][4, 24, 14][11, 17, 28][15, 16, 28][4, 7][25, 28][10, 15][0, 18] 
[9, 3, 1, 23, 14, 24, 20][5, 21, 2, 10, 6][13, 0, 19, 8, 26][25, 7, 27, 29][12, 17, 22, 18][11, 17, 28][15, 16, 28][4, 7][25, 28][10, 15][4, 24][0, 22] 
[9, 3, 1, 23, 14, 24, 20][5, 21, 2, 10, 6][11, 25, 7, 27, 29][13, 0, 19, 8, 26][12, 17, 22, 18][15, 16, 28][17, 28][10, 15][25, 28][0, 18][4, 7][4, 24] 
[9, 3, 1, 23, 14, 24, 20][5, 21, 2, 10, 6][11, 25, 7, 27, 29][13, 0, 19, 8, 26][12, 17, 22, 18][15, 16, 28][17, 28][10, 15][25, 28][0, 18][4, 7][4, 24] 
[9, 3, 1, 23, 14, 20][5, 21, 2, 10, 6][13, 0, 19, 8, 26][12, 17, 22, 18][25, 7, 27, 29][15, 16, 28][11, 17, 28][4, 24, 14][10, 15][25, 28][0, 18][4, 7] 
[9, 3, 1, 23, 14, 24, 20][11, 25, 7, 27, 29][5, 21, 2, 10, 6][13, 0, 19, 8, 26][12, 17, 22, 18][15, 16, 28][4, 7][25, 28][10, 15][17, 28][4, 24][0, 18] 
[9, 3, 1, 23, 14, 24, 20][11, 25, 7, 27, 29][13, 0, 19, 8, 26][5, 21, 2, 10, 6][12, 17, 22, 18][15, 16, 28][4, 24][4, 7][25, 28][17, 28][0, 18][10, 15] 
[9, 3, 1, 23, 14, 24, 20][11, 25, 7, 27, 29][13, 0, 19, 8, 26][5, 21, 2, 10, 6][12, 17, 22, 18][15, 16, 28][4, 7][4, 24][25, 28][17, 28][0, 18][10, 15] 
[9, 3, 1, 23, 14, 20][5, 21, 2, 10, 6][13, 0, 19, 8, 26][25, 7, 27, 29][12, 17, 22, 18][4, 24, 14][11, 17, 28][15, 16, 28][4, 7][25, 28][10, 15][0, 18] 
[9, 3, 1, 23, 14, 24, 20][5, 21, 2, 10, 6][11, 25, 7, 27, 29][13, 0, 19, 8, 26][12, 17, 22, 18][15, 16, 28][17, 28][10, 15][25, 28][0, 18][4, 7][4, 24] 
[9, 3, 1, 23, 14, 24, 20][11, 25, 7, 27, 29][13, 0, 19, 8, 26][5, 21, 2, 10, 6][12, 17, 22, 18][15, 16, 28][4, 7][4, 24][25, 28][17, 28][0, 18][10, 15] 
[0, 28, 16, 10, 15, 5, 21, 2, 29, 27, 7, 25][9, 1, 23, 20, 4, 24, 14, 3, 11, 17, 18][0, 19, 22, 12, 8, 26][6, 13, 0, 17][6, 13][5, 15][16, 28][1, 23][4, 20][6, 13][4, 20][1, 23] 
[0, 28, 16, 10, 15, 5, 21, 2, 29, 27, 7, 25][9, 1, 23, 20, 4, 24, 14, 3, 11, 17, 18][0, 19, 22, 12, 8, 26][6, 13, 0, 17][6, 13][5, 15][16, 28][1, 23][4, 20][6, 13][4, 20][1, 23] 
[2, 6, 13, 18, 17, 11, 3, 14, 24, 4, 20, 23, 1, 9][21, 6, 13, 0, 17, 28, 16, 7, 25, 22, 12, 8, 26][5, 15, 10, 27][7, 27, 29][6, 13][0, 19][16, 28][1, 23][4, 20][6, 13][4, 20][1, 23] 
[9, 1, 23, 20, 4, 24, 14, 3, 11, 17, 18][10, 6, 13, 0, 17, 28, 16, 7, 2, 15][0, 19, 22, 12, 8, 26][21, 2, 29, 27, 7, 25][6, 13][5, 15][16, 28][1, 23][4, 20][6, 13][4, 20][1, 23] 
[9, 1, 23, 20, 4, 24, 14, 3, 11, 17, 18][10, 6, 13, 0, 17, 28, 16, 7, 2, 15][0, 19, 22, 12, 8, 26][21, 2, 29, 27, 7, 25][6, 13][5, 15][16, 28][1, 23][4, 20][6, 13][4, 20][1, 23] 
[9, 1, 23, 20, 4, 24, 14, 3, 11, 17, 18][25, 7, 27, 29, 2, 21, 5, 15, 10, 16, 28][25, 22, 12, 8, 26][2, 6, 13, 18][4, 20][0, 19][0, 13][1, 23][1, 23][4, 20][6, 13][4, 20] 
[0, 28, 16, 10, 15, 5, 21, 2, 29, 27, 7, 25][9, 1, 23, 20, 4, 24, 14, 3, 11, 17, 18][10, 6, 13, 0, 17, 28, 16, 7, 2, 15][0, 19, 22, 12, 8, 26][6, 13][5, 15][16, 28][1, 23][4, 20][6, 13][4, 20][1, 23] 
[2, 6, 13, 18, 17, 11, 3, 14, 24, 4, 20, 23, 1, 9][21, 6, 13, 0, 17, 28, 16, 7, 25, 22, 12, 8, 26][5, 15, 10, 27][7, 27, 29][6, 13][0, 19][16, 28][1, 23][4, 20][6, 13][4, 20][1, 23] 
[9, 1, 23, 20, 4, 24, 14, 3, 11, 17, 18][10, 6, 13, 0, 17, 28, 16, 7, 2, 15][0, 19, 22, 12, 8, 26][21, 2, 29, 27, 7, 25][6, 13][5, 15][16, 28][1, 23][4, 20][6, 13][4, 20][1, 23] 
[2, 6, 13, 18, 17, 11, 3, 14, 24, 4, 20, 23, 1, 9][21, 6, 13, 0, 17, 28, 16, 7, 25, 22, 12, 8, 26][5, 15, 10, 27][7, 27, 29][6, 13][0, 19][16, 28][1, 23][4, 20][6, 13][4, 20][1, 23] 
[2, 6, 13, 18, 17, 11, 3, 14, 24, 4, 20, 23, 1, 9][21, 6, 13, 0, 17, 28, 16, 7, 25, 22, 12, 8, 26][5, 15, 10, 27, 7][6, 13][0, 19][27, 29][16, 28][1, 23][4, 20][6, 13][4, 20][1, 23] 
[2, 6, 13, 18, 17, 11, 3, 14, 24, 4, 20, 23, 1, 9][21, 6, 13, 0, 17, 28, 16, 7, 25, 22, 12, 8, 26][5, 15, 10, 27, 7][6, 13][0, 19][27, 29][16, 28][1, 23][4, 20][6, 13][4, 20][1, 23] 
[9, 1, 23, 20, 4, 24, 14, 3, 11, 17, 18][10, 6, 13, 0, 17, 28, 16, 7, 2, 15][0, 19, 22, 12, 8, 26][21, 2, 29, 27, 7, 25][6, 13][5, 15][16, 28][1, 23][4, 20][6, 13][4, 20][1, 23] 
[2, 6, 13, 18, 17, 11, 3, 14, 24, 4, 20, 23, 1, 9][21, 6, 13, 0, 17, 28, 16, 7, 25, 22, 12, 8, 26][5, 15, 10, 27, 7][6, 13][0, 19][27, 29][16, 28][1, 23][4, 20][6, 13][4, 20][1, 23] 
[2, 6, 13, 18, 17, 11, 3, 14, 24, 4, 20, 23, 1, 9][21, 6, 13, 0, 17, 28, 16, 7, 25, 22, 12, 8, 26][5, 15, 10, 27, 7][6, 13][0, 19][27, 29][16, 28][1, 23][4, 20][6, 13][4, 20][1, 23] 
[2, 6, 13, 18, 17, 11, 3, 14, 24, 4, 20, 23, 1, 9][10, 21, 6, 13, 0, 17, 28, 16, 7, 25, 22, 12, 8, 26][7, 27, 29][5, 15, 10][6, 13][0, 19][16, 28][1, 23][4, 20][6, 13][4, 20][1, 23] 
[2, 6, 13, 18, 17, 11, 3, 14, 24, 4, 20, 23, 1, 9][10, 21, 6, 13, 0, 17, 28, 16, 7, 25, 22, 12, 8, 26][7, 27, 29][5, 15, 10][6, 13][0, 19][16, 28][1, 23][4, 20][6, 13][4, 20][1, 23] 
[9, 1, 23, 20, 4, 24, 14, 3, 11, 17, 18][10, 21, 6, 13, 0, 17, 28, 16, 7, 2, 15][0, 19, 22, 12, 8, 26][25, 7, 27, 29][6, 13][5, 15][16, 28][1, 23][4, 20][6, 13][4, 20][1, 23] 
[2, 6, 13, 18, 17, 11, 3, 14, 24, 4, 20, 23, 1, 9][10, 21, 6, 13, 0, 17, 28, 16, 7, 25, 22, 12, 8, 26][7, 27, 29][5, 15, 10][6, 13][0, 19][16, 28][1, 23][4, 20][6, 13][4, 20][1, 23] 
[9, 1, 23, 20, 4, 24, 14, 3, 11, 17, 18, 13, 6, 2, 10][10, 21, 6, 13, 0, 17, 28, 16, 7, 25, 22, 12, 8, 26][7, 27, 29][5, 15, 10][6, 13][0, 19][16, 28][1, 23][4, 20][6, 13][4, 20][1, 23] 
[2, 6, 13, 18, 17, 11, 3, 14, 24, 4, 20, 23, 1, 9][10, 21, 6, 13, 0, 17, 28, 16, 7, 25, 22, 12, 8, 26][7, 27, 29][5, 15, 10][6, 13][0, 19][16, 28][1, 23][4, 20][6, 13][4, 20][1, 23] 
[9, 3, 1, 23, 14, 20][13, 0, 19, 8, 26][5, 21, 2, 10, 6][11, 25, 7, 27, 29][12, 17, 22, 18][15, 16, 28][4, 24, 14][0, 22][17, 28][10, 15][25, 28][4, 7] 
[9, 3, 1, 23, 14, 20][13, 0, 19, 8, 26][5, 21, 2, 10, 6][11, 25, 7, 27, 29][12, 17, 22, 18][15, 16, 28][4, 24, 14][0, 22][17, 28][10, 15][25, 28][4, 7] 
[9, 3, 1, 23, 14, 20][11, 25, 7, 27, 29][5, 21, 2, 10, 6][13, 0, 19, 8, 26][12, 17, 22, 18][15, 16, 28][4, 24, 14][25, 28][4, 7][10, 15][17, 28][0, 22] 
[9, 3, 1, 23, 14, 20][13, 0, 19, 8, 26][5, 21, 2, 10, 6][11, 25, 7, 27, 29][12, 17, 22, 18][15, 16, 28][4, 24, 14][0, 22][17, 28][10, 15][25, 28][4, 7] 
[9, 3, 1, 23, 14, 20][5, 21, 2, 10, 6][13, 0, 19, 8, 26][11, 25, 7, 27, 29][12, 17, 22, 18][15, 16, 28][4, 24, 14][10, 15][17, 28][0, 22][25, 28][4, 7] 
[9, 3, 1, 23, 14, 20][11, 25, 7, 27, 29][5, 21, 2, 10, 6][13, 0, 19, 8, 26][12, 17, 22, 18][15, 16, 28][4, 24, 14][25, 28][4, 7][10, 15][17, 28][0, 22] 
[9, 3, 1, 23, 14, 20][11, 25, 7, 27, 29][5, 21, 2, 10, 6][13, 0, 19, 8, 26][12, 17, 22, 18][15, 16, 28][4, 24, 14][25, 28][4, 7][17, 28][10, 15][0, 22] 
[9, 3, 1, 23, 14, 20][11, 25, 7, 27, 29][5, 21, 2, 10, 6][13, 0, 19, 8, 26][12, 17, 22, 18][15, 16, 28][4, 24, 14][25, 28][4, 7][10, 15][17, 28][0, 22] 
[9, 3, 1, 23, 14, 20][5, 21, 2, 10, 6][13, 0, 19, 8, 26][11, 25, 7, 27, 29][12, 17, 22, 18][15, 16, 28][4, 24, 14][10, 15][17, 28][0, 22][25, 28][4, 7] 
[9, 3, 1, 23, 14, 20][5, 21, 2, 10, 6][13, 0, 19, 8, 26][11, 25, 7, 27, 29][12, 17, 22, 18][15, 16, 28][4, 24, 14][10, 15][17, 28][0, 22][25, 28][4, 7] 
[9, 3, 1, 23, 14, 20][13, 0, 19, 8, 26][5, 21, 2, 10, 6][11, 25, 7, 27, 29][12, 17, 22, 18][15, 16, 28][4, 24, 14][0, 22][17, 28][10, 15][25, 28][4, 7] 
[9, 3, 1, 23, 14, 20][11, 25, 7, 27, 29][5, 21, 2, 10, 6][13, 0, 19, 8, 26][12, 17, 22, 18][15, 16, 28][4, 24, 14][25, 28][4, 7][10, 15][17, 28][0, 22] 
[9, 3, 1, 23, 14, 20][11, 25, 7, 27, 29][5, 21, 2, 10, 6][13, 0, 19, 8, 26][12, 17, 22, 18][15, 16, 28][4, 24, 14][25, 28][4, 7][10, 15][17, 28][0, 22] 
[9, 3, 1, 23, 14, 20][5, 21, 2, 10, 6][13, 0, 19, 8, 26][11, 25, 7, 27, 29][12, 17, 22, 18][15, 16, 28][4, 24, 14][10, 15][17, 28][0, 22][25, 28][4, 7] 
[9, 3, 1, 23, 14, 20][5, 21, 2, 10, 6][13, 0, 19, 8, 26][11, 25, 7, 27, 29][12, 17, 22, 18][15, 16, 28][4, 24, 14][10, 15][17, 28][0, 22][25, 28][4, 7] 
[9, 3, 1, 23, 14, 24, 20][5, 21, 2, 10, 6][11, 25, 7, 27, 29][13, 0, 19, 8, 26][12, 17, 22, 18][15, 16, 28][17, 28][10, 15][25, 28][0, 18][4, 7][4, 24] 
[9, 3, 1, 23, 14, 24, 20][13, 0, 19, 8, 26][11, 25, 7, 27, 29][5, 21, 2, 10, 6][12, 17, 22, 18][15, 16, 28][17, 28][0, 18][25, 28][10, 15][4, 7][4, 24] 
[9, 3, 1, 23, 14, 24, 20][13, 0, 19, 8, 26][5, 21, 2, 10, 6][11, 25, 7, 27, 29][12, 17, 22, 18][15, 16, 28][17, 28][0, 18][10, 15][25, 28][4, 7][4, 24] 
[9, 3, 1, 23, 14, 24, 20][5, 21, 2, 10, 6][11, 25, 7, 27, 29][13, 0, 19, 8, 26][12, 17, 22, 18][15, 16, 28][17, 28][10, 15][25, 28][0, 18][4, 7][4, 24] 
[9, 3, 1, 23, 14, 24, 20][5, 21, 2, 10, 6][11, 25, 7, 27, 29][13, 0, 19, 8, 26][12, 17, 22, 18][15, 16, 28][17, 28][10, 15][25, 28][0, 18][4, 7][4, 24] 
[9, 3, 1, 23, 14, 20][5, 21, 2, 10, 6][13, 0, 19, 8, 26][11, 25, 7, 27, 29][12, 17, 22, 18][15, 16, 28][0, 22, 18][4, 24, 14][10, 15][17, 28][25, 28][4, 7] 
[9, 3, 1, 23, 14, 20][11, 25, 7, 27, 29][5, 21, 2, 10, 6][13, 0, 19, 8, 26][12, 17, 22, 18][15, 16, 28][4, 24, 14][25, 28][4, 7][10, 15][17, 28][0, 22] 
[9, 3, 1, 23, 14, 20][5, 21, 2, 10, 6][11, 25, 7, 27, 29][13, 0, 19, 8, 26][12, 17, 22, 18][15, 16, 28][4, 24, 14][10, 15][17, 28][25, 28][4, 7][0, 22] 
[9, 3, 1, 23, 14, 20][11, 25, 7, 27, 29][5, 21, 2, 10, 6][13, 0, 19, 8, 26][12, 17, 22, 18][15, 16, 28][4, 24, 14][25, 28][4, 7][10, 15][17, 28][0, 22] 
[9, 3, 1, 23, 14, 20][11, 25, 7, 27, 29][5, 21, 2, 10, 6][13, 0, 19, 8, 26][12, 17, 22, 18][4, 24, 14][15, 16, 28][4, 7][25, 28][10, 15][17, 28][0, 22] 
[9, 3, 1, 23, 14, 20][5, 21, 2, 10, 6][13, 0, 19, 8, 26][11, 25, 7, 27, 29][12, 17, 22, 18][15, 16, 28][4, 24, 14][10, 15][17, 28][0, 22][25, 28][4, 7] 
[9, 3, 1, 23, 14, 24, 20][13, 0, 19, 8, 26][11, 25, 7, 27, 29][5, 21, 2, 10, 6][12, 17, 22, 18][15, 16, 28][17, 28][0, 18][25, 28][10, 15][4, 7][4, 24] 
[9, 3, 1, 23, 14, 20][11, 25, 7, 27, 29][5, 21, 2, 10, 6][13, 0, 19, 8, 26][12, 17, 22, 18][15, 16, 28][4, 24, 14][25, 28][4, 7][17, 28][10, 15][0, 22] 
[9, 3, 1, 23, 14, 24, 20][5, 21, 2, 10, 6][11, 25, 7, 27, 29][13, 0, 19, 8, 26][12, 17, 22, 18][15, 16, 28][17, 28][10, 15][25, 28][0, 18][4, 7][4, 24] 
[9, 3, 1, 23, 14, 24, 20][11, 25, 7, 27, 29][13, 0, 19, 8, 26][5, 21, 2, 10, 6][12, 17, 22, 18][15, 16, 28][4, 7][4, 24][25, 28][17, 28][0, 18][10, 15] 
[9, 3, 1, 23, 14, 24, 20][11, 25, 7, 27, 29][13, 0, 19, 8, 26][5, 21, 2, 10, 6][12, 17, 22, 18][15, 16, 28][4, 7][4, 24][25, 28][17, 28][0, 18][10, 15] 
[9, 3, 1, 23, 14, 24, 20][11, 25, 7, 27, 29][5, 21, 2, 10, 6][13, 0, 19, 8, 26][12, 17, 22, 18][15, 16, 28][4, 24][4, 7][25, 28][10, 15][17, 28][0, 18] 
[9, 3, 1, 23, 14, 24, 20][13, 0, 19, 8, 26][5, 21, 2, 10, 6][11, 25, 7, 27, 29][12, 17, 22, 18][15, 16, 28][17, 28][0, 18][10, 15][25, 28][4, 7][4, 24] 
[9, 3, 1, 23, 14, 24, 20][13, 0, 19, 8, 26][5, 21, 2, 10, 6][11, 25, 7, 27, 29][12, 17, 22, 18][15, 16, 28][17, 28][0, 18][10, 15][25, 28][4, 7][4, 24] 
[9, 3, 1, 23, 14, 24, 20][5, 21, 2, 10, 6][11, 25, 7, 27, 29][13, 0, 19, 8, 26][12, 17, 22, 18][15, 16, 28][10, 15][25, 28][17, 28][4, 7][4, 24][0, 18] 
[9, 3, 1, 23, 14, 24, 20][11, 25, 7, 27, 29][5, 21, 2, 10, 6][13, 0, 19, 8, 26][12, 17, 22, 18][15, 16, 28][25, 28][17, 28][4, 7][4, 24][10, 15][0, 18] 
[9, 3, 1, 23, 14, 24, 20][13, 0, 19, 8, 26][5, 21, 2, 10, 6][11, 25, 7, 27, 29][12, 17, 22, 18][15, 16, 28][17, 28][0, 18][10, 15][25, 28][4, 7][4, 24] 
[9, 3, 1, 23, 14, 24, 20][5, 21, 2, 10, 6][11, 25, 7, 27, 29][13, 0, 19, 8, 26][12, 17, 22, 18][15, 16, 28][10, 15][25, 28][17, 28][4, 7][4, 24][0, 18] 
[9, 3, 1, 23, 14, 24, 20][5, 21, 2, 10, 6][11, 25, 7, 27, 29][13, 0, 19, 8, 26][12, 17, 22, 18][15, 16, 28][17, 28][10, 15][25, 28][0, 18][4, 7][4, 24] 
[9, 3, 1, 23, 14, 24, 20][11, 25, 7, 27, 29][13, 0, 19, 8, 26][5, 21, 2, 10, 6][12, 17, 22, 18][15, 16, 28][4, 7][4, 24][25, 28][17, 28][0, 18][10, 15] 
[9, 3, 1, 23, 14, 24, 20][11, 25, 7, 27, 29][5, 21, 2, 10, 6][13, 0, 19, 8, 26][12, 17, 22, 18][15, 16, 28][4, 7][25, 28][10, 15][17, 28][4, 24][0, 18] 
[9, 3, 1, 23, 14, 24, 20][11, 25, 7, 27, 29][5, 21, 2, 10, 6][13, 0, 19, 8, 26][12, 17, 22, 18][15, 16, 28][25, 28][10, 15][17, 28][4, 7][4, 24][0, 18] 
[9, 3, 1, 23, 14, 24, 20][5, 21, 2, 10, 6][11, 25, 7, 27, 29][13, 0, 19, 8, 26][12, 17, 22, 18][15, 16, 28][17, 28][10, 15][25, 28][0, 18][4, 7][4, 24] 
[9, 3, 1, 23, 14, 24, 4, 20][11, 25, 7, 27, 29][5, 21, 2, 10, 6][13, 0, 19, 8, 26][12, 17, 22, 18][15, 16, 28][25, 28][4, 7][14, 24][10, 15][17, 28][0, 18] 
[9, 3, 1, 23, 14, 24, 4, 20][11, 25, 7, 27, 29][5, 21, 2, 10, 6][13, 0, 19, 8, 26][12, 17, 22, 18][15, 16, 28][25, 28][4, 7][14, 24][10, 15][17, 28][0, 18] 
[9, 3, 1, 23, 14, 24, 4, 20][11, 25, 7, 27, 29][5, 21, 2, 10, 6][13, 0, 19, 8, 26][12, 17, 22, 18][15, 16, 28][25, 28][4, 7][14, 24][10, 15][17, 28][0, 18] 
[9, 3, 1, 23, 14, 24, 4, 20][11, 25, 7, 27, 29][5, 21, 2, 10, 6][13, 0, 19, 8, 26][12, 17, 22, 18][15, 16, 28][25, 28][17, 28][4, 7][14, 24][10, 15][0, 18] 
[9, 3, 1, 23, 14, 24, 4, 20][11, 25, 7, 27, 29][5, 21, 2, 10, 6][13, 0, 19, 8, 26][12, 17, 22, 18][15, 16, 28][25, 28][17, 28][4, 7][14, 24][10, 15][0, 18] 
[9, 3, 1, 23, 14, 24, 4, 20][11, 25, 7, 27, 29][5, 21, 2, 10, 6][13, 0, 19, 8, 26][12, 17, 22, 18][15, 16, 28][25, 28][5, 15][4, 7][14, 24][17, 28][0, 18] 
[9, 3, 1, 23, 14, 24, 20][11, 25, 7, 27, 29][5, 21, 2, 10, 6][13, 0, 19, 8, 26][12, 17, 22, 18][15, 16, 28][4, 7][4, 24][25, 28][10, 15][17, 28][0, 22] 
[9, 3, 1, 23, 14, 24, 20][11, 25, 7, 27, 29][5, 21, 2, 10, 6][13, 0, 19, 8, 26][12, 17, 22, 18][15, 16, 28][4, 7][4, 24][25, 28][10, 15][17, 28][0, 22] 
[9, 3, 1, 23, 14, 24, 20][5, 21, 2, 10, 6][11, 25, 7, 27, 29][13, 0, 19, 8, 26][12, 17, 22, 18][15, 16, 28][10, 15][25, 28][4, 7][4, 24][17, 28][0, 22] 
[9, 3, 1, 23, 14, 24, 20][11, 25, 7, 27, 29][5, 21, 2, 10, 6][13, 0, 19, 8, 26][12, 17, 22, 18][15, 16, 28][4, 7][4, 24][25, 28][10, 15][17, 28][0, 22] 
[9, 3, 1, 23, 14, 24, 20][11, 25, 7, 27, 29][5, 21, 2, 10, 6][13, 0, 19, 8, 26][12, 17, 22, 18][15, 16, 28][4, 7][4, 24][25, 28][10, 15][17, 28][0, 22] 
[9, 3, 1, 23, 14, 24, 20][11, 25, 7, 27, 29][13, 0, 19, 8, 26][5, 21, 2, 10, 6][12, 17, 22, 18][15, 16, 28][4, 24][4, 7][25, 28][17, 28][0, 18][10, 15] 
[9, 3, 1, 23, 14, 20][11, 25, 7, 27, 29][5, 21, 2, 10, 6][13, 0, 19, 8, 26][12, 17, 22, 18][15, 16, 28][4, 24, 14][25, 28][4, 7][10, 15][17, 28][0, 22] 
