[13, 0, 28, 17, 18, 19][9, 23, 1, 3, 11][5, 6, 10, 15, 21][2, 29, 27, 16][22, 12, 8, 26][14, 24, 23][4, 24, 7][16, 7, 20][11, 25][10, 29][22, 25][25, 28] 
[13, 0, 28, 17, 18, 19][11, 3, 1, 9, 23][5, 6, 10, 15, 21][2, 29, 27, 16][22, 12, 8, 26][14, 24, 23][4, 24, 7][16, 7, 20][11, 25][25, 28][10, 29][22, 25] 
[13, 0, 28, 17, 18, 19][5, 6, 10, 15, 21][11, 3, 1, 9, 23][2, 29, 27, 16][22, 12, 8, 26][16, 7, 20][4, 24, 7][14, 24, 23][2, 10][11, 25][22, 25][25, 28] 
[13, 0, 28, 17, 18, 19][5, 6, 10, 15, 21][9, 1, 3, 11][14, 24, 1, 23][2, 29, 27, 16][22, 12, 8, 26][4, 24, 7][16, 7, 20][11, 25][25, 28][2, 10][22, 25] 
[13, 0, 28, 17, 18, 19][11, 3, 1, 9, 23][5, 6, 10, 15, 21][22, 12, 8, 26][2, 29, 27, 16][1, 24, 14][4, 24, 7][16, 7, 20][25, 28][22, 25][11, 25][10, 29] 
[13, 0, 28, 17, 18, 19][11, 3, 1, 9, 23][5, 6, 10, 15, 21][2, 29, 27, 16][22, 12, 8, 26][1, 24, 14][4, 24, 7][16, 7, 20][10, 29][11, 25][22, 25][25, 28] 
[13, 0, 28, 17, 18, 19][11, 3, 1, 9, 23][5, 6, 10, 15, 21][22, 12, 8, 26][2, 29, 27, 16][1, 24, 14][4, 24, 7][16, 7, 20][25, 28][22, 25][11, 25][2, 10] 
[13, 0, 28, 17, 18, 19][11, 3, 1, 9, 23][5, 6, 10, 15, 21][22, 12, 8, 26][2, 29, 27, 16][1, 24, 14][4, 24, 7][16, 7, 20][22, 25][11, 25][10, 29][25, 28] 
[13, 0, 28, 17, 18, 19][11, 3, 1, 9, 23][5, 6, 10, 15, 21][22, 12, 8, 26][2, 29, 27, 16][1, 24, 14][4, 24, 7][16, 7, 20][22, 25][11, 25][10, 29][25, 28] 
[13, 0, 28, 17, 18, 19][11, 3, 1, 9, 23][5, 6, 10, 15, 21][22, 12, 8, 26][2, 29, 27, 16][1, 24, 14][4, 24, 7][16, 7, 20][22, 25][11, 25][10, 29][25, 28] 
[13, 0, 28, 17, 18, 19][9, 23, 1, 3, 11][5, 6, 10, 15, 21][2, 29, 27, 16][22, 12, 8, 26][16, 7, 20][4, 24, 7][14, 24, 23][10, 29][11, 25][22, 25][25, 28] 
[13, 0, 28, 17, 18, 19][11, 3, 1, 9, 23][5, 6, 10, 15, 21][2, 29, 27, 16][22, 12, 8, 26][14, 24, 23][4, 24, 7][16, 7, 20][10, 29][11, 25][22, 25][25, 28] 
[13, 0, 28, 17, 18, 19][5, 6, 10, 15, 21][11, 3, 1, 9, 23][2, 29, 27, 16][22, 12, 8, 26][16, 7, 20][4, 24, 7][14, 24, 23][2, 10][11, 25][22, 25][25, 28] 
[13, 0, 28, 17, 18, 19][11, 3, 1, 9, 23][5, 6, 10, 15, 21][22, 12, 8, 26][2, 29, 27, 16][1, 24, 14][4, 24, 7][16, 7, 20][25, 28][22, 25][11, 25][10, 29] 
[13, 0, 28, 17, 18, 19][11, 3, 1, 9, 23][5, 6, 10, 15, 21][22, 12, 8, 26][2, 29, 27, 16][1, 24, 14][4, 24, 7][16, 7, 20][25, 28][22, 25][11, 25][10, 29] 
[13, 0, 28, 17, 18, 19][11, 3, 1, 9, 23][5, 6, 10, 15, 21][2, 29, 27, 16][22, 12, 8, 26][1, 24, 14][4, 24, 7][16, 7, 20][10, 29][11, 25][22, 25][25, 28] 
[13, 0, 28, 17, 18, 19][9, 23, 1, 3, 11][5, 6, 10, 15, 21][22, 12, 8, 26][2, 29, 27, 16][14, 24, 23][4, 24, 7][16, 7, 20][22, 25][25, 28][11, 25][10, 29] 
[13, 0, 28, 17, 18, 19][11, 3, 1, 9, 23][5, 6, 10, 15, 21][2, 29, 27, 16][22, 12, 8, 26][14, 24, 23][4, 24, 7][16, 7, 20][10, 29][11, 25][22, 25][25, 28] 
[13, 0, 28, 17, 18, 19][11, 3, 1, 9, 23][5, 6, 10, 15, 21][22, 12, 8, 26][2, 29, 27, 16][1, 24, 14][4, 24, 7][16, 7, 20][25, 28][22, 25][11, 25][10, 29] 
[13, 0, 28, 17, 18, 19][9, 23, 1, 3, 11][5, 6, 10, 15, 21][2, 29, 27, 16][22, 12, 8, 26][16, 7, 20][4, 24, 7][14, 24, 23][10, 29][11, 25][22, 25][25, 28] 
[13, 0, 28, 17, 18, 19][9, 23, 1, 3, 11][5, 6, 10, 15, 21][2, 29, 27, 16][22, 12, 8, 26][16, 7, 20][4, 24, 7][14, 24, 23][10, 29][11, 25][22, 25][25, 28] 
[13, 0, 28, 17, 18, 19][11, 3, 1, 9, 23][5, 6, 10, 15, 21][2, 29, 27, 16][22, 12, 8, 26][14, 24, 23][4, 24, 7][16, 7, 20][11, 25][25, 28][10, 29][22, 25] 
[13, 0, 28, 17, 18, 19][5, 6, 10, 15, 21][11, 3, 1, 9, 23][2, 29, 27, 16][22, 12, 8, 26][16, 7, 20][4, 24, 7][14, 24, 23][2, 10][11, 25][22, 25][25, 28] 
[13, 0, 28, 17, 18, 19][11, 3, 1, 9, 23][5, 6, 10, 15, 21][22, 12, 8, 26][2, 29, 27, 16][1, 24, 14][4, 24, 7][16, 7, 20][22, 25][11, 25][10, 29][25, 28] 
[13, 0, 28, 17, 18, 19][11, 3, 1, 9, 23][5, 6, 10, 15, 21][22, 12, 8, 26][2, 29, 27, 16][1, 24, 14][4, 24, 7][16, 7, 20][22, 25][11, 25][25, 28][10, 29] 
[13, 0, 28, 17, 18, 19][11, 3, 1, 9, 23][5, 6, 10, 15, 21][22, 12, 8, 26][2, 29, 27, 16][1, 24, 14][4, 24, 7][16, 7, 20][25, 28][22, 25][11, 25][10, 29] 
[13, 0, 28, 17, 18, 19][9, 23, 1, 3, 11][5, 6, 10, 15, 21][2, 29, 27, 16][22, 12, 8, 26][16, 7, 20][4, 24, 7][14, 24, 23][10, 29][11, 25][22, 25][25, 28] 
[13, 0, 28, 17, 18, 19][11, 3, 1, 9, 23][5, 6, 10, 15, 21][2, 29, 27, 16][22, 12, 8, 26][14, 24, 23][4, 24, 7][16, 7, 20][10, 29][11, 25][22, 25][25, 28] 
[13, 0, 28, 17, 18, 19][11, 3, 1, 9, 23][5, 6, 10, 15, 21][2, 29, 27, 16][22, 12, 8, 26][1, 24, 14][4, 24, 7][16, 7, 20][10, 29][11, 25][22, 25][25, 28] 
[13, 0, 28, 17, 18, 19][9, 23, 1, 3, 11][5, 6, 10, 15, 21][2, 29, 27, 16][22, 12, 8, 26][16, 7, 20][4, 24, 7][14, 24, 23][10, 29][11, 25][22, 25][25, 28] 
[13, 0, 28, 17, 18, 19][9, 23, 1, 3, 11][5, 6, 10, 15, 21][22, 12, 8, 26][2, 29, 27, 16][14, 24, 23][4, 24, 7][16, 7, 20][22, 25][11, 25][25, 28][10, 29] 
[13, 0, 28, 17, 18, 19][11, 3, 1, 9, 23][5, 6, 10, 15, 21][2, 29, 27, 16][22, 12, 8, 26][14, 24, 23][4, 24, 7][16, 7, 20][11, 25][25, 28][10, 29][22, 25] 
[13, 0, 28, 17, 18, 19][11, 3, 1, 9, 23][5, 6, 10, 15, 21][2, 29, 27, 16][22, 12, 8, 26][1, 24, 14][4, 24, 7][16, 7, 20][10, 29][11, 25][22, 25][25, 28] 
[13, 0, 28, 17, 18, 19][9, 23, 1, 3, 11][5, 6, 10, 15, 21][2, 29, 27, 16][22, 12, 8, 26][16, 7, 20][4, 24, 7][14, 24, 23][10, 29][11, 25][22, 25][25, 28] 
[13, 0, 28, 17, 18, 19][9, 23, 1, 3, 11][5, 6, 10, 15, 21][2, 29, 27, 16][22, 12, 8, 26][16, 7, 20][4, 24, 7][14, 24, 23][10, 29][11, 25][22, 25][25, 28] 
[18, 19, 0, 26, 8, 12, 17, 22, 25, 28, 16, 15, 10, 2, 27][9, 1, 3, 11, 14, 24, 7, 27][7, 20, 14, 4, 1, 23, 3, 24][2, 21, 15, 29, 10, 6, 5][22, 25][1, 4][6, 13][22, 25][22, 25][1, 14][22, 25][22, 25] 
[18, 19, 0, 26, 8, 12, 17, 22, 25, 28, 16, 15, 10, 2, 27][9, 1, 3, 11, 14, 24, 7, 27][7, 20, 14, 4, 1, 23, 3, 24][2, 21, 15, 29, 10, 6, 5][22, 25][1, 4][6, 13][22, 25][22, 25][1, 14][22, 25][22, 25] 
[18, 19, 0, 26, 8, 12, 17, 22, 25, 28, 16, 10, 27][9, 23, 1, 3, 11, 14, 24, 7, 27][7, 20, 14, 4, 1, 23, 3, 24][2, 21, 15, 29, 10, 6, 5][22, 25][1, 4][6, 13][0, 26][22, 25][22, 25][22, 25][22, 25] 
[16, 28, 25, 22, 17, 12, 8, 26, 0, 19, 18][9, 23, 1, 3, 11, 14, 24, 7, 27][5, 6, 10, 29, 15, 21, 2, 16][27, 29][10, 29][15, 21][7, 20][4, 24][6, 13][22, 25][15, 21][22, 25] 
[16, 28, 25, 22, 17, 12, 8, 26, 0, 19, 18][9, 23, 1, 3, 11, 14, 24, 7, 27][5, 6, 10, 29, 15, 21, 2, 16][27, 29][10, 29][15, 21][7, 20][4, 24][6, 13][22, 25][15, 21][22, 25] 
[9, 23, 1, 3, 11, 14, 24, 7, 27][5, 6, 10, 29, 15, 21, 2, 16][16, 28, 25, 22, 17, 12, 8, 26][13, 0, 28, 17, 18, 19][16, 7, 20][10, 29][7, 24][22, 25][22, 25][4, 24][22, 25][22, 25] 
[18, 19, 0, 26, 8, 12, 17, 22, 25, 28, 16, 15, 10, 2, 27][9, 1, 3, 11, 14, 24, 7, 27][7, 20, 14, 4, 1, 23, 3, 24][2, 21, 15, 29, 10, 6, 5][22, 25][1, 4][6, 13][22, 25][22, 25][1, 14][22, 25][22, 25] 
[18, 19, 0, 26, 8, 12, 17, 22, 25, 28, 16, 15, 10, 2, 27][9, 1, 3, 11, 14, 24, 7, 27][7, 20, 14, 4, 1, 23, 3, 24][2, 21, 15, 29, 10, 6, 5][22, 25][1, 4][6, 13][22, 25][22, 25][1, 14][22, 25][22, 25] 
[16, 28, 25, 22, 17, 12, 8, 26, 0, 19, 18][9, 23, 1, 3, 11, 14, 24, 7, 27][5, 6, 10, 29, 15, 21, 2, 16][27, 29][10, 29][15, 21][7, 20][4, 24][6, 13][22, 25][15, 21][22, 25] 
[18, 19, 0, 26, 8, 12, 17, 22, 25, 28, 16, 15, 10, 2, 27][9, 1, 3, 11, 14, 24, 7, 27][7, 20, 14, 4, 1, 23, 3, 24][2, 21, 15, 29, 10, 6, 5][22, 25][1, 4][6, 13][22, 25][22, 25][1, 14][22, 25][22, 25] 
[18, 19, 0, 26, 8, 12, 17, 22, 25, 28, 16, 15, 10, 2, 27][9, 1, 3, 11, 14, 24, 7, 27][7, 20, 14, 4, 1, 23, 3, 24][2, 21, 15, 29, 10, 6, 5][22, 25][1, 4][6, 13][22, 25][22, 25][1, 14][22, 25][22, 25] 
[18, 19, 0, 26, 8, 12, 17, 22, 25, 28, 16, 15, 10, 2, 27][9, 1, 3, 11, 14, 24, 7, 27][7, 20, 14, 4, 1, 23, 3, 24][2, 21, 15, 29, 10, 6, 5][22, 25][1, 4][6, 13][22, 25][22, 25][1, 14][22, 25][22, 25] 
[16, 28, 25, 22, 17, 12, 8, 26, 0, 19, 18][9, 23, 1, 3, 11, 14, 24, 7, 27][5, 6, 10, 29, 15, 21, 2, 16][27, 29][10, 29][15, 21][7, 20][4, 24][6, 13][22, 25][15, 21][22, 25] 
[18, 19, 0, 26, 8, 12, 17, 22, 25, 28, 16, 15, 10, 2, 27][9, 1, 3, 11, 14, 24, 7, 27][7, 20, 14, 4, 1, 23, 3, 24][2, 21, 15, 29, 10, 6, 5][22, 25][1, 4][6, 13][22, 25][22, 25][1, 14][22, 25][22, 25] 
[18, 19, 0, 26, 8, 12, 17, 22, 25, 28, 16, 10, 2, 27][9, 23, 1, 3, 11, 14, 24, 7, 27][2, 21, 15, 29, 10, 6, 5][1, 4, 14][7, 24][2, 27][7, 20][6, 13][22, 25][22, 25][0, 26][22, 25] 
[18, 19, 0, 26, 8, 12, 17, 22, 25, 28, 16, 15, 10, 2, 27][9, 23, 1, 3, 11, 14, 24, 7, 27][5, 6, 10, 29, 15, 21, 2, 27, 7][1, 4, 14][7, 24][2, 27][7, 20][6, 13][22, 25][22, 25][0, 26][22, 25] 
[18, 19, 0, 26, 8, 12, 17, 22, 25, 28, 16, 10, 27][9, 23, 1, 3, 11, 14, 24, 7, 27][7, 20, 14, 4, 1, 23, 3, 24][2, 21, 15, 29, 10, 6, 5][22, 25][1, 4][6, 13][0, 26][22, 25][22, 25][22, 25][22, 25] 
[18, 19, 0, 26, 8, 12, 17, 22, 25, 28, 16, 10, 27][9, 23, 1, 3, 11, 14, 7, 27][2, 21, 15, 29, 10, 6, 5][7, 20, 24][22, 25][1, 4][6, 13][0, 26][22, 25][22, 25][22, 25][22, 25] 
[18, 19, 0, 26, 8, 12, 17, 22, 25, 28, 16, 15, 10, 2, 27][9, 23, 1, 3, 11, 14, 24, 7, 27][7, 20, 14, 4, 1, 23, 3, 24][2, 21, 15, 29, 10, 6, 5][12, 8, 26, 0, 19, 18][22, 25][6, 13][1, 4][22, 25][22, 25][22, 25][22, 25] 
[18, 19, 0, 26, 8, 12, 17, 22, 25, 28, 16, 15, 10, 2, 27][9, 1, 3, 11, 14, 24, 7, 27][7, 20, 14, 4, 1, 23, 3, 24][2, 21, 15, 29, 10, 6, 5][22, 25][1, 4][6, 13][22, 25][22, 25][1, 14][22, 25][22, 25] 
[18, 19, 0, 26, 8, 12, 17, 22, 25, 28, 16, 15, 10, 2, 27][9, 1, 3, 11, 14, 24, 7, 27][7, 20, 14, 4, 1, 23, 3, 24][2, 21, 15, 29, 10, 6, 5][22, 25][1, 4][6, 13][22, 25][22, 25][1, 14][22, 25][22, 25] 
[13, 0, 28, 17, 18, 19][5, 6, 10, 15, 21][9, 1, 3, 11][22, 12, 8, 26][14, 24, 1, 23][2, 29, 27, 16][4, 24, 7][16, 7, 20][11, 25][22, 25][25, 28][10, 29] 
[13, 0, 28, 17, 18, 19][5, 6, 10, 15, 21][22, 12, 8, 26][9, 1, 3, 11][14, 24, 1, 23][2, 29, 27, 16][4, 24, 7][16, 7, 20][22, 25][11, 25][25, 28][10, 29] 
[13, 0, 28, 17, 18, 19][5, 6, 10, 15, 21][14, 24, 1, 23][2, 29, 27, 16][9, 1, 3, 11][22, 12, 8, 26][4, 24, 7][16, 7, 20][10, 29][11, 25][25, 28][22, 25] 
[13, 0, 28, 17, 18, 19][5, 6, 10, 15, 21][2, 29, 27, 16][14, 24, 1, 23][9, 1, 3, 11][22, 12, 8, 26][16, 7, 20][4, 24, 7][10, 29][11, 25][22, 25][25, 28] 
[13, 0, 28, 17, 18, 19][5, 6, 10, 15, 21][2, 29, 27, 16][14, 24, 1, 23][9, 1, 3, 11][22, 12, 8, 26][16, 7, 20][4, 24, 7][10, 29][11, 25][22, 25][25, 28] 
[13, 0, 28, 17, 18, 19][5, 6, 10, 15, 21][2, 29, 27, 16][14, 24, 1, 23][9, 1, 3, 11][22, 12, 8, 26][16, 7, 20][4, 24, 7][11, 25][22, 25][10, 29][25, 28] 
[13, 0, 28, 17, 18, 19][5, 6, 10, 15, 21][14, 24, 1, 23][2, 29, 27, 16][9, 1, 3, 11][22, 12, 8, 26][4, 24, 7][16, 7, 20][11, 25][25, 28][22, 25][10, 29] 
[13, 0, 28, 17, 18, 19][5, 6, 10, 15, 21][14, 24, 1, 23][2, 29, 27, 16][9, 1, 3, 11][22, 12, 8, 26][4, 24, 7][16, 7, 20][10, 29][11, 25][25, 28][22, 25] 
[13, 0, 28, 17, 18, 19][5, 6, 10, 15, 21][2, 29, 27, 16][14, 24, 1, 23][9, 1, 3, 11][22, 12, 8, 26][16, 7, 20][4, 24, 7][11, 25][10, 29][22, 25][25, 28] 
[13, 0, 28, 17, 18, 19][5, 6, 10, 15, 21][22, 12, 8, 26][9, 1, 3, 11][14, 24, 1, 23][2, 29, 27, 16][4, 24, 7][16, 7, 20][22, 25][11, 25][25, 28][10, 29] 
[13, 0, 28, 17, 18, 19][5, 6, 10, 15, 21][2, 29, 27, 16][14, 24, 1, 23][9, 1, 3, 11][22, 12, 8, 26][16, 7, 20][4, 24, 7][11, 25][10, 29][22, 25][25, 28] 
[13, 0, 28, 17, 18, 19][5, 6, 10, 15, 21][2, 29, 27, 16][14, 24, 1, 23][9, 1, 3, 11][22, 12, 8, 26][16, 7, 20][4, 24, 7][11, 25][10, 29][22, 25][25, 28] 
[13, 0, 28, 17, 18, 19][5, 6, 10, 15, 21][14, 24, 1, 23][9, 1, 3, 11][2, 29, 27, 16][22, 12, 8, 26][4, 24, 7][16, 7, 20][10, 29][11, 25][22, 25][25, 28] 
[13, 0, 28, 17, 18, 19][5, 6, 10, 15, 21][2, 29, 27, 16][14, 24, 1, 23][9, 1, 3, 11][22, 12, 8, 26][16, 7, 20][4, 24, 7][11, 25][22, 25][10, 29][25, 28] 
[13, 0, 28, 17, 18, 19][5, 6, 10, 15, 21][2, 29, 27, 16][14, 24, 1, 23][9, 1, 3, 11][22, 12, 8, 26][16, 7, 20][4, 24, 7][11, 25][22, 25][10, 29][25, 28] 
[13, 0, 28, 17, 18, 19][9, 23, 1, 3, 11][5, 6, 10, 15, 21][2, 29, 27, 16][22, 12, 8, 26][16, 7, 20][4, 24, 7][14, 24, 23][10, 29][11, 25][22, 25][25, 28] 
[13, 0, 28, 17, 18, 19][9, 23, 1, 3, 11][5, 6, 10, 15, 21][2, 29, 27, 16][22, 12, 8, 26][14, 24, 23][4, 24, 7][16, 7, 20][10, 29][11, 25][22, 25][25, 28] 
[13, 0, 28, 17, 18, 19][9, 23, 1, 3, 11][5, 6, 10, 15, 21][22, 12, 8, 26][2, 29, 27, 16][14, 24, 23][4, 24, 7][16, 7, 20][25, 28][22, 25][11, 25][10, 29] 
[13, 0, 28, 17, 18, 19][9, 23, 1, 3, 11][5, 6, 10, 15, 21][2, 29, 27, 16][22, 12, 8, 26][16, 7, 20][4, 24, 7][14, 24, 23][10, 29][11, 25][22, 25][25, 28] 
[13, 0, 28, 17, 18, 19][9, 23, 1, 3, 11][5, 6, 10, 15, 21][2, 29, 27, 16][22, 12, 8, 26][16, 7, 20][4, 24, 7][14, 24, 23][10, 29][11, 25][22, 25][25, 28] 
[13, 0, 28, 17, 18, 19][25, 22, 12, 8, 26][5, 6, 10, 15, 21][2, 29, 27, 16][3, 1, 23, 9][14, 24, 23][4, 24, 7][16, 7, 20][11, 25][3, 11][25, 28][10, 29] 
[13, 0, 28, 17, 18, 19][5, 6, 10, 15, 21][2, 29, 27, 16][14, 24, 1, 23][9, 1, 3, 11][22, 12, 8, 26][16, 7, 20][4, 24, 7][11, 25][10, 29][22, 25][25, 28] 
[13, 0, 28, 17, 18, 19][5, 6, 10, 15, 21][14, 24, 1, 23][2, 29, 27, 16][9, 1, 3, 11][22, 12, 8, 26][4, 24, 7][16, 7, 20][10, 29][11, 25][25, 28][22, 25] 
[13, 0, 28, 17, 18, 19][5, 6, 10, 15, 21][2, 29, 27, 16][14, 24, 1, 23][9, 1, 3, 11][22, 12, 8, 26][16, 7, 20][4, 24, 7][10, 29][11, 25][25, 28][22, 25] 
[13, 0, 28, 17, 18, 19][5, 6, 10, 15, 21][2, 29, 27, 16][14, 24, 1, 23][9, 1, 3, 11][22, 12, 8, 26][16, 7, 20][4, 24, 7][11, 25][10, 29][22, 25][25, 28] 
[13, 0, 28, 17, 18, 19][5, 6, 10, 15, 21][14, 24, 1, 23][9, 1, 3, 11][2, 29, 27, 16][22, 12, 8, 26][4, 24, 7][16, 7, 20][10, 29][11, 25][22, 25][25, 28] 
[13, 0, 28, 17, 18, 19][11, 3, 1, 9, 23][5, 6, 10, 15, 21][2, 29, 27, 16][22, 12, 8, 26][16, 7, 20][4, 24, 7][1, 24, 14][11, 25][10, 29][25, 28][22, 25] 
[13, 0, 28, 17, 18, 19][5, 6, 10, 15, 21][2, 29, 27, 16][14, 24, 1, 23][9, 1, 3, 11][22, 12, 8, 26][16, 7, 20][4, 24, 7][10, 29][11, 25][25, 28][22, 25] 
[13, 0, 28, 17, 18, 19][9, 23, 1, 3, 11][5, 6, 10, 15, 21][2, 29, 27, 16][22, 12, 8, 26][16, 7, 20][4, 24, 7][14, 24, 23][10, 29][11, 25][22, 25][25, 28] 
[13, 0, 28, 17, 18, 19][9, 23, 1, 3, 11][5, 6, 10, 15, 21][22, 12, 8, 26][2, 29, 27, 16][14, 24, 23][4, 24, 7][16, 7, 20][22, 25][11, 25][25, 28][10, 29] 
[13, 0, 28, 17, 18, 19][9, 23, 1, 3, 11][5, 6, 10, 15, 21][22, 12, 8, 26][2, 29, 27, 16][14, 24, 23][4, 24, 7][16, 7, 20][22, 25][11, 25][25, 28][10, 29] 
[13, 0, 28, 17, 18, 19][9, 23, 1, 3, 11][5, 6, 10, 15, 21][22, 12, 8, 26][2, 29, 27, 16][14, 24, 23][4, 24, 7][16, 7, 20][22, 25][11, 25][25, 28][10, 29] 
[13, 0, 28, 17, 18, 19][9, 23, 1, 3, 11][5, 6, 10, 15, 21][22, 12, 8, 26][2, 29, 27, 16][14, 24, 23][4, 24, 7][16, 7, 20][22, 25][25, 28][11, 25][10, 29] 
[13, 0, 28, 17, 18, 19][9, 23, 1, 3, 11][5, 6, 10, 15, 21][22, 12, 8, 26][2, 29, 27, 16][14, 24, 23][4, 24, 7][16, 7, 20][22, 25][11, 25][25, 28][10, 29] 
[13, 0, 28, 17, 18, 19][9, 23, 1, 3, 11][5, 6, 10, 15, 21][22, 12, 8, 26][2, 29, 27, 16][14, 24, 23][4, 24, 7][16, 7, 20][22, 25][11, 25][25, 28][10, 29] 
[13, 0, 28, 17, 18, 19][9, 23, 1, 3, 11][5, 6, 10, 15, 21][22, 12, 8, 26][2, 29, 27, 16][14, 24, 23][4, 24, 7][16, 7, 20][22, 25][25, 28][11, 25][10, 29] 
[13, 0, 28, 17, 18, 19][9, 23, 1, 3, 11][5, 6, 10, 15, 21][22, 12, 8, 26][2, 29, 27, 16][14, 24, 23][4, 24, 7][16, 7, 20][22, 25][11, 25][25, 28][10, 29] 
[13, 0, 28, 17, 18, 19][9, 23, 1, 3, 11][5, 6, 10, 15, 21][2, 29, 27, 16][22, 12, 8, 26][16, 7, 20][4, 24, 7][14, 24, 23][10, 29][11, 25][22, 25][25, 28] 
[13, 0, 28, 17, 18, 19][9, 23, 1, 3, 11][5, 6, 10, 15, 21][22, 12, 8, 26][2, 29, 27, 16][14, 24, 23][4, 24, 7][16, 7, 20][22, 25][11, 25][25, 28][10, 29] 
[13, 0, 28, 17, 18, 19][9, 23, 1, 3, 11][5, 6, 10, 15, 21][22, 12, 8, 26][2, 29, 27, 16][14, 24, 23][4, 24, 7][16, 7, 20][25, 28][22, 25][11, 25][10, 29] 
[13, 0, 28, 17, 18, 19][9, 23, 1, 3, 11][5, 6, 10, 15, 21][22, 12, 8, 26][2, 29, 27, 16][14, 24, 23][4, 24, 7][16, 7, 20][22, 25][25, 28][11, 25][10, 29] 
[13, 0, 28, 17, 18, 19][9, 23, 1, 3, 11][5, 6, 10, 15, 21][2, 29, 27, 16][22, 12, 8, 26][16, 7, 20][4, 24, 7][14, 24, 23][10, 29][11, 25][22, 25][25, 28] 
[13, 0, 28, 17, 18, 19][9, 23, 1, 3, 11][5, 6, 10, 15, 21][22, 12, 8, 26][2, 29, 27, 16][14, 24, 23][4, 24, 7][16, 7, 20][22, 25][11, 25][25, 28][10, 29] 
[13, 0, 28, 17, 18, 19][25, 22, 12, 8, 26][9, 23, 1, 3, 11][5, 6, 10, 15, 21][2, 29, 27, 16][14, 24, 23][4, 24, 7][16, 7, 20][12, 22][25, 28][11, 25][10, 29] 
[13, 0, 28, 17, 18, 19][25, 22, 12, 8, 26][9, 23, 1, 3, 11][5, 6, 10, 15, 21][2, 29, 27, 16][14, 24, 23][4, 24, 7][16, 7, 20][12, 22][25, 28][11, 25][10, 29] 
[13, 0, 28, 17, 18, 19][25, 22, 12, 8, 26][9, 23, 1, 3, 11][5, 6, 10, 15, 21][2, 29, 27, 16][14, 24, 23][4, 24, 7][16, 7, 20][12, 22][25, 28][11, 25][10, 29] 
[13, 0, 28, 17, 18, 19][25, 22, 12, 8, 26][9, 23, 1, 3, 11][5, 6, 10, 15, 21][2, 29, 27, 16][14, 24, 23][4, 24, 7][16, 7, 20][12, 22][25, 28][11, 25][10, 29] 
[13, 0, 28, 17, 18, 19][25, 22, 12, 8, 26][9, 23, 1, 3, 11][5, 6, 10, 15, 21][2, 29, 27, 16][14, 24, 23][4, 24, 7][16, 7, 20][12, 22][25, 28][11, 25][10, 29] 
[13, 0, 28, 17, 18, 19][25, 22, 12, 8, 26][9, 23, 1, 3, 11][5, 6, 10, 15, 21][16, 7, 20, 24][2, 29, 27, 16][14, 24, 23][4, 24, 7][12, 22][25, 28][11, 25][10, 29] 
[13, 0, 28, 17, 18, 19][5, 6, 10, 15, 21][14, 24, 1, 23][9, 1, 3, 11][2, 29, 27, 16][22, 12, 8, 26][4, 24, 7][16, 7, 20][10, 29][11, 25][25, 28][22, 25] 
[13, 0, 28, 17, 18, 19][5, 6, 10, 15, 21][2, 29, 27, 16][14, 24, 1, 23][9, 1, 3, 11][22, 12, 8, 26][16, 7, 20][4, 24, 7][10, 29][11, 25][25, 28][22, 25] 
[13, 0, 28, 17, 18, 19][5, 6, 10, 15, 21][14, 24, 1, 23][9, 1, 3, 11][2, 29, 27, 16][22, 12, 8, 26][4, 24, 7][16, 7, 20][10, 29][11, 25][25, 28][22, 25] 
[13, 0, 28, 17, 18, 19][5, 6, 10, 15, 21][2, 29, 27, 16][14, 24, 1, 23][9, 1, 3, 11][22, 12, 8, 26][16, 7, 20][4, 24, 7][10, 29][11, 25][25, 28][22, 25] 
[13, 0, 28, 17, 18, 19][5, 6, 10, 15, 21][14, 24, 1, 23][2, 29, 27, 16][9, 1, 3, 11][22, 12, 8, 26][4, 24, 7][16, 7, 20][10, 29][11, 25][25, 28][22, 25] 
[13, 0, 28, 17, 18, 19][9, 23, 1, 3, 11][5, 6, 10, 15, 21][22, 12, 8, 26][2, 29, 27, 16][14, 24, 23][4, 24, 7][16, 7, 20][25, 28][22, 25][11, 25][10, 29] 
[13, 0, 28, 17, 18, 19][5, 6, 10, 15, 21][14, 24, 1, 23][2, 29, 27, 16][9, 1, 3, 11][22, 12, 8, 26][4, 24, 7][16, 7, 20][10, 29][11, 25][25, 28][22, 25] 
