[21, 5, 15, 10, 16, 27][9, 3, 1, 23, 24][19, 12, 8, 26][18, 22, 25, 28][17, 11, 14, 20][4, 7, 2, 29][0, 18, 12][0, 13, 6][6, 10][17, 28][20, 24][4, 20] 
[21, 5, 15, 10, 16, 27][9, 3, 1, 23, 24][17, 11, 14, 20][18, 22, 25, 28][19, 12, 8, 26][4, 7, 2, 29][0, 18, 12][0, 13, 6][17, 28][4, 20][20, 24][6, 10] 
[21, 5, 15, 10, 16, 27][9, 3, 1, 23, 24][17, 11, 14, 20][18, 22, 25, 28][19, 12, 8, 26][4, 7, 2, 29][0, 18, 12][0, 13, 6][17, 28][4, 20][20, 24][6, 10] 
[21, 5, 15, 10, 16, 27][9, 3, 1, 23, 24][17, 11, 14, 20][18, 22, 25, 28][4, 7, 2, 29][19, 12, 8, 26][0, 18, 12][0, 13, 6][20, 24][4, 20][17, 28][7, 27] 
[21, 5, 15, 10, 16, 27][9, 3, 1, 23, 24][19, 12, 8, 26][18, 22, 25, 28][17, 11, 14, 20][4, 7, 2, 29][0, 18, 12][0, 13, 6][17, 28][4, 20][20, 24][6, 15] 
[21, 5, 15, 10, 16, 27][9, 3, 1, 23, 24][18, 22, 25, 28][19, 12, 8, 26][17, 11, 14, 20][4, 7, 2, 29][0, 13, 6][0, 18, 12][6, 15][17, 28][20, 24][4, 20] 
[21, 5, 15, 10, 16, 27][9, 3, 1, 23, 24][18, 22, 25, 28][19, 12, 8, 26][17, 11, 14, 20][4, 7, 2, 29][0, 13, 6][0, 18, 12][6, 15][17, 28][20, 24][4, 20] 
[21, 5, 15, 10, 16, 27][9, 3, 1, 23, 24][18, 22, 25, 28][19, 12, 8, 26][17, 11, 14, 20][4, 7, 2, 29][0, 18, 12][0, 13, 6][17, 28][4, 20][6, 15][20, 24] 
[21, 5, 15, 10, 16, 27][9, 3, 1, 23, 24][17, 11, 14, 20][4, 7, 2, 29][18, 22, 25, 28][19, 12, 8, 26][0, 18, 12][0, 13, 6][4, 20][20, 24][17, 28][6, 15] 
[21, 5, 15, 10, 16, 27][9, 3, 1, 23, 24][17, 11, 14, 20][4, 7, 2, 29][18, 22, 25, 28][19, 12, 8, 26][0, 18, 12][0, 13, 6][4, 20][20, 24][17, 28][6, 15] 
[21, 5, 15, 10, 16, 27][9, 3, 1, 23, 24][19, 12, 8, 26][18, 22, 25, 28][17, 11, 14, 20][4, 7, 2, 29][0, 18, 12][0, 13, 6][6, 10][17, 28][20, 24][4, 20] 
[21, 5, 15, 10, 16, 27][9, 3, 1, 23, 24][18, 22, 25, 28][19, 12, 8, 26][17, 11, 14, 20][4, 7, 2, 29][0, 13, 6][0, 18, 12][6, 10][17, 28][20, 24][4, 20] 
[21, 5, 15, 10, 16, 27][9, 3, 1, 23, 24][17, 11, 14, 20][18, 22, 25, 28][19, 12, 8, 26][4, 7, 2, 29][0, 18, 12][0, 13, 6][17, 28][20, 24][6, 10][4, 20] 
[21, 5, 15, 10, 16, 27][9, 3, 1, 23, 24][17, 11, 14, 20][4, 7, 2, 29][18, 22, 25, 28][19, 12, 8, 26][0, 18, 12][0, 13, 6][20, 24][4, 20][17, 28][6, 15] 
[21, 5, 15, 10, 16, 27][9, 3, 1, 23, 24][18, 22, 25, 28][17, 11, 14, 20][19, 12, 8, 26][4, 7, 2, 29][0, 18, 12][0, 13, 6][17, 28][4, 20][6, 15][20, 24] 
[21, 5, 15, 10, 16, 27][9, 3, 1, 23, 24][19, 12, 8, 26][18, 22, 25, 28][17, 11, 14, 20][4, 7, 2, 29][0, 18, 12][0, 13, 6][17, 28][4, 20][6, 15][20, 24] 
[21, 5, 15, 10, 16, 27][9, 3, 1, 23, 24][19, 12, 8, 26][18, 22, 25, 28][17, 11, 14, 20][4, 7, 2, 29][0, 18, 12][0, 13, 6][6, 10][17, 28][20, 24][4, 20] 
[21, 5, 15, 10, 16, 27][9, 3, 1, 23, 24][17, 11, 14, 20][4, 7, 2, 29][18, 22, 25, 28][19, 12, 8, 26][0, 18, 12][0, 13, 6][20, 24][4, 20][17, 28][6, 10] 
[21, 5, 15, 10, 16, 27][9, 3, 1, 23, 24][17, 11, 14, 20][4, 7, 2, 29][18, 22, 25, 28][19, 12, 8, 26][0, 18, 12][0, 13, 6][20, 24][4, 20][17, 28][6, 15] 
[21, 5, 15, 10, 16, 27][9, 3, 1, 23, 24][18, 22, 25, 28][19, 12, 8, 26][17, 11, 14, 20][4, 7, 2, 29][0, 13, 6][0, 18, 12][17, 28][20, 24][4, 20][6, 10] 
[21, 5, 15, 10, 16, 27][9, 3, 1, 23, 24][18, 22, 25, 28][19, 12, 8, 26][17, 11, 14, 20][4, 7, 2, 29][0, 13, 6][0, 18, 12][17, 28][20, 24][6, 10][4, 20] 
[21, 5, 15, 10, 16, 27][9, 3, 1, 23, 24][19, 12, 8, 26][18, 22, 25, 28][17, 11, 14, 20][4, 7, 2, 29][0, 18, 12][0, 13, 6][6, 10][17, 28][20, 24][4, 20] 
[21, 5, 15, 10, 16, 27][9, 3, 1, 23, 24][18, 22, 25, 28][19, 12, 8, 26][17, 11, 14, 20][4, 7, 2, 29][0, 18, 12][0, 13, 6][17, 28][6, 10][4, 20][20, 24] 
[21, 5, 15, 10, 16, 27][9, 3, 1, 23, 24][19, 12, 8, 26][18, 22, 25, 28][17, 11, 14, 20][4, 7, 2, 29][0, 18, 12][0, 13, 6][17, 28][4, 20][6, 15][20, 24] 
[21, 5, 15, 10, 16, 27][9, 3, 1, 23, 24][18, 22, 25, 28][17, 11, 14, 20][19, 12, 8, 26][4, 7, 2, 29][0, 18, 12][0, 13, 6][17, 28][4, 20][6, 15][20, 24] 
[21, 5, 15, 10, 16, 27][9, 3, 1, 23, 24][17, 11, 14, 20][18, 22, 25, 28][19, 12, 8, 26][4, 7, 2, 29][0, 18, 12][0, 13, 6][17, 28][4, 20][20, 24][6, 15] 
[21, 5, 15, 10, 16, 27][9, 3, 1, 23, 24][18, 22, 25, 28][19, 12, 8, 26][17, 11, 14, 20][4, 7, 2, 29][0, 13, 6][0, 18, 12][6, 10][17, 28][20, 24][4, 20] 
[21, 5, 15, 10, 16, 27][9, 3, 1, 23, 24][18, 22, 25, 28][19, 12, 8, 26][17, 11, 14, 20][4, 7, 2, 29][0, 18, 12][0, 13, 6][17, 28][4, 20][20, 24][6, 10] 
[21, 5, 15, 10, 16, 27][9, 3, 1, 23, 24][17, 11, 14, 20][18, 22, 25, 28][19, 12, 8, 26][4, 7, 2, 29][0, 18, 12][0, 13, 6][17, 28][4, 20][20, 24][6, 15] 
[21, 5, 15, 10, 16, 27][9, 3, 1, 23, 24][17, 11, 14, 20][4, 7, 2, 29][18, 22, 25, 28][19, 12, 8, 26][0, 18, 12][0, 13, 6][20, 24][4, 20][17, 28][6, 10] 
[21, 5, 15, 10, 16, 27][9, 3, 1, 23, 24][19, 12, 8, 26][18, 22, 25, 28][17, 11, 14, 20][4, 7, 2, 29][0, 18, 12][0, 13, 6][6, 10][17, 28][4, 20][20, 24] 
[21, 5, 15, 10, 16, 27][9, 3, 1, 23, 24][19, 12, 8, 26][18, 22, 25, 28][17, 11, 14, 20][4, 7, 2, 29][0, 18, 12][0, 13, 6][6, 10][17, 28][4, 20][20, 24] 
[21, 5, 15, 10, 16, 27][9, 3, 1, 23, 24][17, 11, 14, 20][18, 22, 25, 28][19, 12, 8, 26][4, 7, 2, 29][0, 18, 12][0, 13, 6][17, 28][4, 20][20, 24][6, 15] 
[21, 5, 15, 10, 16, 27][9, 3, 1, 23, 24][17, 11, 14, 20][18, 22, 25, 28][19, 12, 8, 26][4, 7, 2, 29][0, 18, 12][0, 13, 6][17, 28][20, 24][6, 10][4, 20] 
[21, 5, 15, 10, 16, 27][9, 3, 1, 23, 24][19, 12, 8, 26][18, 22, 25, 28][17, 11, 14, 20][4, 7, 2, 29][0, 18, 12][0, 13, 6][6, 10][17, 28][20, 24][4, 20] 
[11, 14, 4, 1, 23, 9, 3, 24, 20][4, 7, 16, 27, 15, 5, 21, 10][8, 26, 0, 25, 22, 18, 19, 17][6, 13, 0, 28, 7][7, 2, 29][10, 21][12, 18][3, 24][20, 24][20, 24][3, 24][3, 24] 
[11, 14, 4, 1, 23, 9, 3, 24, 20][4, 7, 16, 27, 15, 5, 21, 10][8, 26, 0, 25, 22, 18, 19, 17][6, 13, 0, 28, 7][7, 2, 29][10, 21][12, 18][3, 24][20, 24][20, 24][3, 24][3, 24] 
[11, 14, 4, 1, 23, 9, 3, 24, 20][4, 7, 16, 27, 15, 5, 21, 10][8, 26, 0, 25, 22, 18, 19, 17][6, 13, 0, 28, 7][7, 2, 29][10, 21][12, 18][3, 24][20, 24][20, 24][3, 24][3, 24] 
[11, 14, 4, 1, 23, 9, 3, 24, 20][4, 7, 16, 27, 15, 5, 21, 10][8, 26, 0, 25, 22, 18, 19, 17][6, 13, 0, 28, 7][7, 2, 29][12, 18][3, 24][3, 24][3, 24][3, 24][3, 24][3, 24] 
[11, 14, 4, 1, 23, 9, 3, 24, 20][4, 7, 16, 27, 15, 5, 21, 10][8, 26, 0, 25, 22, 18, 19, 17][6, 13, 0, 28, 7][7, 2, 29][12, 18][3, 24][3, 24][3, 24][3, 24][3, 24][3, 24] 
[8, 26, 0, 25, 22, 18, 19, 17, 11, 14][10, 21, 5, 15, 27, 16, 7, 4, 23][1, 23, 9, 3, 24, 20][6, 13, 0, 28][7, 2, 29][7, 28][12, 18][3, 24][3, 24][3, 24][4, 7][3, 24] 
[11, 14, 4, 1, 23, 9, 3, 24, 20][4, 7, 16, 27, 15, 5, 21, 10][8, 26, 0, 25, 22, 18, 19, 17][6, 13, 0, 28, 7][7, 2, 29][10, 21][12, 18][3, 24][20, 24][20, 24][3, 24][3, 24] 
[11, 14, 4, 1, 23, 9, 3, 24, 20][4, 7, 16, 27, 15, 5, 21, 10][8, 26, 0, 25, 22, 18, 19, 17][6, 13, 0, 28, 7][7, 2, 29][10, 21][12, 18][3, 24][20, 24][20, 24][3, 24][3, 24] 
[11, 14, 4, 1, 23, 9, 3, 24, 20][4, 7, 16, 27, 15, 5, 21, 10][8, 26, 0, 25, 22, 18, 19, 17][6, 13, 0, 28, 7][7, 2, 29][12, 18][3, 24][3, 24][3, 24][3, 24][3, 24][3, 24] 
[11, 14, 4, 1, 23, 9, 3, 24, 20][4, 7, 16, 27, 15, 5, 21, 10][8, 26, 0, 25, 22, 18, 19, 17][6, 13, 0, 28, 7][7, 2, 29][10, 21][12, 18][3, 24][20, 24][20, 24][3, 24][3, 24] 
[11, 14, 4, 1, 23, 9, 3, 24, 20][4, 7, 16, 27, 15, 5, 21, 10][8, 26, 0, 25, 22, 18, 19, 17][6, 13, 0, 28, 7][7, 2, 29][10, 21][12, 18][3, 24][20, 24][20, 24][3, 24][3, 24] 
[11, 14, 4, 1, 23, 9, 3, 24, 20][4, 7, 16, 27, 15, 5, 21, 10][8, 26, 0, 25, 22, 18, 19, 17][6, 13, 0, 28, 7][7, 2, 29][10, 21][12, 18][3, 24][20, 24][20, 24][3, 24][3, 24] 
[11, 14, 4, 1, 23, 9, 3, 24, 20][4, 7, 16, 27, 15, 5, 21, 10][8, 26, 0, 25, 22, 18, 19, 17][6, 13, 0, 28, 7][7, 2, 29][12, 18][3, 24][3, 24][3, 24][3, 24][3, 24][3, 24] 
[11, 14, 4, 1, 23, 9, 3, 24, 20][4, 7, 16, 27, 15, 5, 21, 10][8, 26, 0, 25, 22, 18, 19, 17][6, 13, 0, 28, 7][7, 2, 29][10, 21][12, 18][3, 24][20, 24][20, 24][3, 24][3, 24] 
[11, 14, 4, 1, 23, 9, 3, 24, 20][4, 7, 16, 27, 15, 5, 21, 10][8, 26, 0, 25, 22, 18, 19, 17][6, 13, 0, 28, 7][7, 2, 29][10, 21][12, 18][3, 24][20, 24][20, 24][3, 24][3, 24] 
[8, 26, 0, 25, 22, 18, 19, 17, 11, 14, 1, 23][10, 21, 5, 15, 27, 16, 7, 4, 23][1, 9, 3, 24, 20][6, 13, 0, 28][7, 2, 29][12, 18][3, 24][3, 24][3, 24][4, 7][3, 24][3, 24] 
[8, 26, 0, 25, 22, 18, 19, 17, 11, 14, 1, 23][10, 21, 5, 15, 27, 16, 7, 4, 23][1, 9, 3, 24, 20][6, 13, 0, 28][7, 2, 29][12, 18][3, 24][3, 24][3, 24][4, 7][3, 24][3, 24] 
[11, 14, 4, 1, 23, 9, 3, 24, 20][4, 7, 16, 27, 15, 5, 21, 10][8, 26, 0, 25, 22, 18, 19, 17][6, 13, 0, 28, 7][7, 2, 29][12, 18][3, 24][3, 24][3, 24][3, 24][3, 24][3, 24] 
[8, 26, 0, 25, 22, 18, 19, 17, 11, 14, 1, 23][10, 21, 5, 15, 27, 16, 7, 4, 23][1, 9, 3, 24, 20][6, 13, 0, 28][7, 2, 29][12, 18][3, 24][3, 24][3, 24][4, 7][3, 24][3, 24] 
[8, 26, 0, 25, 22, 18, 19, 17, 11, 14, 1, 23][10, 21, 5, 15, 27, 16, 7, 4, 23][1, 9, 3, 24, 20][6, 13, 0, 28][7, 2, 29][12, 18][3, 24][3, 24][3, 24][4, 7][3, 24][3, 24] 
[8, 26, 0, 25, 22, 18, 19, 17, 11, 14, 1, 23][10, 21, 5, 15, 27, 16, 7, 4, 23][1, 9, 3, 24, 20][6, 13, 0, 28][7, 2, 29][12, 18][3, 24][3, 24][3, 24][4, 7][3, 24][3, 24] 
[21, 5, 15, 10, 16, 27][9, 3, 1, 23, 24][18, 22, 25, 28][19, 12, 8, 26][17, 11, 14, 20][4, 7, 2, 29][0, 18, 12][0, 13, 6][17, 28][4, 20][6, 15][20, 24] 
[21, 5, 15, 10, 16, 27][9, 3, 1, 23, 24][17, 11, 14, 20][4, 7, 2, 29][18, 22, 25, 28][19, 12, 8, 26][0, 18, 12][0, 13, 6][20, 24][4, 20][17, 28][6, 15] 
[21, 5, 15, 10, 16, 27][9, 3, 1, 23, 24][17, 11, 14, 20][4, 7, 2, 29][18, 22, 25, 28][19, 12, 8, 26][0, 18, 12][0, 13, 6][4, 20][20, 24][17, 28][6, 15] 
[21, 5, 15, 10, 16, 27][9, 3, 1, 23, 24][17, 11, 14, 20][4, 7, 2, 29][18, 22, 25, 28][19, 12, 8, 26][0, 18, 12][0, 13, 6][4, 20][20, 24][17, 28][6, 15] 
[21, 5, 15, 10, 16, 27][9, 3, 1, 23, 24][18, 22, 25, 28][17, 11, 14, 20][19, 12, 8, 26][4, 7, 2, 29][0, 18, 12][0, 13, 6][17, 28][4, 20][6, 15][20, 24] 
[21, 5, 15, 10, 16, 27][9, 3, 1, 23, 24][18, 22, 25, 28][17, 11, 14, 20][19, 12, 8, 26][4, 7, 2, 29][0, 18, 12][0, 13, 6][17, 28][6, 15][4, 20][20, 24] 
[21, 5, 15, 10, 16, 27][9, 3, 1, 23, 24][17, 11, 14, 20][18, 22, 25, 28][19, 12, 8, 26][4, 7, 2, 29][0, 18, 12][0, 13, 6][17, 28][6, 15][20, 24][4, 20] 
[21, 5, 15, 10, 16, 27][9, 3, 1, 23, 24][17, 11, 14, 20][4, 7, 2, 29][18, 22, 25, 28][19, 12, 8, 26][0, 18, 12][0, 13, 6][4, 20][20, 24][17, 28][6, 15] 
[21, 5, 15, 10, 16, 27][9, 3, 1, 23, 24][18, 22, 25, 28][17, 11, 14, 20][19, 12, 8, 26][4, 7, 2, 29][0, 18, 12][0, 13, 6][17, 28][4, 20][6, 15][20, 24] 
[21, 5, 15, 10, 16, 27][9, 3, 1, 23, 24][17, 11, 14, 20][4, 7, 2, 29][18, 22, 25, 28][19, 12, 8, 26][0, 18, 12][0, 13, 6][4, 20][20, 24][17, 28][6, 15] 
[21, 5, 15, 10, 16, 27][9, 3, 1, 23, 24][17, 11, 14, 20][4, 7, 2, 29][18, 22, 25, 28][19, 12, 8, 26][0, 18, 12][0, 13, 6][4, 20][20, 24][17, 28][6, 15] 
[21, 5, 15, 10, 16, 27][9, 3, 1, 23, 24][18, 22, 25, 28][19, 12, 8, 26][17, 11, 14, 20][4, 7, 2, 29][0, 18, 12][0, 13, 6][17, 28][20, 24][6, 15][4, 20] 
[21, 5, 15, 10, 16, 27][9, 3, 1, 23, 24][17, 11, 14, 20][4, 7, 2, 29][18, 22, 25, 28][19, 12, 8, 26][0, 18, 12][0, 13, 6][4, 20][20, 24][17, 28][6, 15] 
[21, 5, 15, 10, 16, 27][9, 3, 1, 23, 24][17, 11, 14, 20][4, 7, 2, 29][18, 22, 25, 28][19, 12, 8, 26][0, 18, 12][0, 13, 6][4, 20][20, 24][17, 28][6, 15] 
[21, 5, 15, 10, 16, 27][9, 3, 1, 23, 24][18, 22, 25, 28][17, 11, 14, 20][19, 12, 8, 26][4, 7, 2, 29][0, 18, 12][0, 13, 6][17, 28][6, 15][4, 20][20, 24] 
[21, 5, 15, 10, 16, 27][9, 3, 1, 23, 24][19, 12, 8, 26][18, 22, 25, 28][17, 11, 14, 20][4, 7, 2, 29][0, 18, 12][0, 13, 6][6, 10][17, 28][20, 24][4, 20] 
[21, 5, 15, 10, 16, 27][9, 3, 1, 23, 24][19, 12, 8, 26][18, 22, 25, 28][17, 11, 14, 20][4, 7, 2, 29][0, 18, 12][0, 13, 6][6, 10][17, 28][20, 24][4, 20] 
[21, 5, 15, 10, 16, 27][9, 3, 1, 23, 24][19, 12, 8, 26][18, 22, 25, 28][17, 11, 14, 20][4, 7, 2, 29][0, 18, 12][0, 13, 6][17, 28][4, 20][6, 10][20, 24] 
[21, 5, 15, 10, 16, 27][9, 3, 1, 23, 24][17, 11, 14, 20][18, 22, 25, 28][19, 12, 8, 26][4, 7, 2, 29][0, 18, 12][0, 13, 6][17, 28][20, 24][6, 10][4, 20] 
[21, 5, 15, 10, 16, 27][9, 3, 1, 23, 24][17, 11, 14, 20][18, 22, 25, 28][19, 12, 8, 26][4, 7, 2, 29][0, 18, 12][0, 13, 6][17, 28][20, 24][6, 10][4, 20] 
[10, 21, 5, 15, 27, 16][9, 3, 1, 23, 24][19, 12, 8, 26][18, 22, 25, 28][17, 11, 14, 20][4, 7, 2, 29][0, 13, 6][0, 18, 12][6, 15][17, 28][4, 20][20, 24] 
[21, 5, 15, 10, 16, 27][9, 3, 1, 23, 24][17, 11, 14, 20][4, 7, 2, 29][18, 22, 25, 28][19, 12, 8, 26][0, 18, 12][0, 13, 6][4, 20][20, 24][17, 28][6, 15] 
[21, 5, 15, 10, 16, 27][9, 3, 1, 23, 24][18, 22, 25, 28][17, 11, 14, 20][19, 12, 8, 26][4, 7, 2, 29][0, 18, 12][0, 13, 6][17, 28][4, 20][6, 15][20, 24] 
[21, 5, 15, 10, 16, 27][9, 3, 1, 23, 24][17, 11, 14, 20][4, 7, 2, 29][18, 22, 25, 28][19, 12, 8, 26][0, 18, 12][0, 13, 6][4, 20][20, 24][17, 28][6, 15] 
[21, 5, 15, 10, 16, 27][9, 3, 1, 23, 24][17, 11, 14, 20][4, 7, 2, 29][18, 22, 25, 28][19, 12, 8, 26][0, 18, 12][0, 13, 6][4, 20][20, 24][17, 28][6, 15] 
[21, 5, 15, 10, 16, 27][9, 3, 1, 23, 24][4, 7, 2, 29][17, 11, 14, 20][18, 22, 25, 28][19, 12, 8, 26][0, 18, 12][0, 13, 6][4, 20][17, 28][20, 24][6, 15] 
[21, 5, 15, 10, 16, 27][9, 3, 1, 23, 24][19, 12, 8, 26][18, 22, 25, 28][17, 11, 14, 20][4, 7, 2, 29][0, 18, 12][0, 13, 6][6, 10][17, 28][20, 24][4, 20] 
[21, 5, 15, 10, 16, 27][9, 3, 1, 23, 24][18, 22, 25, 28][19, 12, 8, 26][17, 11, 14, 20][4, 7, 2, 29][0, 18, 12][0, 13, 6][6, 15][17, 28][20, 24][4, 20] 
[21, 5, 15, 10, 16, 27][9, 3, 1, 23, 24][18, 22, 25, 28][19, 12, 8, 26][17, 11, 14, 20][4, 7, 2, 29][0, 13, 6][0, 18, 12][17, 28][20, 24][6, 10][4, 20] 
[21, 5, 15, 10, 16, 27][9, 3, 1, 23, 24][18, 22, 25, 28][19, 12, 8, 26][17, 11, 14, 20][4, 7, 2, 29][0, 13, 6][0, 18, 12][6, 10][17, 28][20, 24][4, 20] 
[21, 5, 15, 10, 16, 27][9, 3, 1, 23, 24][18, 22, 25, 28][19, 12, 8, 26][17, 11, 14, 20][4, 7, 2, 29][0, 13, 6][0, 18, 12][6, 10][17, 28][20, 24][4, 20] 
[21, 5, 15, 10, 16, 27][9, 3, 1, 23, 24][18, 22, 25, 28][19, 12, 8, 26][17, 11, 14, 20][4, 7, 2, 29][0, 13, 6][0, 18, 12][6, 10][17, 28][20, 24][4, 20] 
[21, 5, 15, 10, 16, 27][9, 3, 1, 23, 24][18, 22, 25, 28][19, 12, 8, 26][17, 11, 14, 20][4, 7, 2, 29][0, 13, 6][0, 18, 12][6, 10][17, 28][20, 24][4, 20] 
[21, 5, 15, 10, 16, 27][9, 3, 1, 23, 24][18, 22, 25, 28][19, 12, 8, 26][17, 11, 14, 20][4, 7, 2, 29][0, 13, 6][0, 18, 12][6, 10][17, 28][20, 24][4, 20] 
[21, 5, 15, 10, 16, 27][9, 3, 1, 23, 24][18, 22, 25, 28][19, 12, 8, 26][17, 11, 14, 20][4, 7, 2, 29][0, 13, 6][0, 18, 12][17, 28][20, 24][6, 10][4, 20] 
[21, 5, 15, 10, 16, 27][9, 3, 1, 23, 24][19, 12, 8, 26][18, 22, 25, 28][17, 11, 14, 20][4, 7, 2, 29][0, 18, 12][0, 13, 6][6, 10][17, 28][20, 24][4, 20] 
[21, 5, 15, 10, 16, 27][9, 3, 1, 23, 24][18, 22, 25, 28][19, 12, 8, 26][17, 11, 14, 20][4, 7, 2, 29][0, 13, 6][0, 18, 12][6, 10][17, 28][20, 24][4, 20] 
[21, 5, 15, 10, 16, 27][9, 3, 1, 23, 24][18, 22, 25, 28][19, 12, 8, 26][17, 11, 14, 20][4, 7, 2, 29][0, 18, 12][0, 13, 6][17, 28][4, 20][20, 24][6, 10] 
[21, 5, 15, 10, 16, 27][9, 3, 1, 23, 24][19, 12, 8, 26][18, 22, 25, 28][17, 11, 14, 20][4, 7, 2, 29][0, 18, 12][0, 13, 6][6, 10][17, 28][20, 24][4, 20] 
[21, 5, 15, 10, 16, 27][9, 3, 1, 23, 24][19, 12, 8, 26][18, 22, 25, 28][17, 11, 14, 20][4, 7, 2, 29][0, 18, 12][0, 13, 6][6, 10][17, 28][20, 24][4, 20] 
[21, 5, 15, 10, 16, 27][9, 3, 1, 23, 24][19, 12, 8, 26][18, 22, 25, 28][17, 11, 14, 20][4, 7, 2, 29][0, 18, 12][0, 13, 6][6, 10][17, 28][20, 24][4, 20] 
[21, 5, 15, 10, 16, 27][9, 3, 1, 23, 24][18, 22, 25, 28][19, 12, 8, 26][17, 11, 14, 20][4, 7, 2, 29][0, 13, 6][0, 18, 12][17, 28][20, 24][4, 20][6, 10] 
[21, 5, 15, 10, 16, 27][9, 3, 1, 23, 24][19, 12, 8, 26][18, 22, 25, 28][17, 11, 14, 20][4, 7, 2, 29][0, 18, 12][0, 13, 6][6, 10][17, 28][20, 24][4, 20] 
[7, 2, 29, 10, 15, 16, 27][9, 3, 1, 23, 24][13, 6, 5, 21][19, 12, 8, 26][18, 22, 25, 28][17, 11, 14, 20][0, 18, 12][6, 10][0, 13][17, 28][20, 24][4, 20] 
[7, 2, 29, 10, 15, 16, 27][9, 3, 1, 23, 24][13, 6, 5, 21][19, 12, 8, 26][18, 22, 25, 28][17, 11, 14, 20][0, 18, 12][6, 10][0, 13][17, 28][20, 24][4, 20] 
[7, 2, 29, 10, 15, 16, 27][9, 3, 1, 23, 24][13, 6, 5, 21][19, 12, 8, 26][18, 22, 25, 28][17, 11, 14, 20][0, 18, 12][6, 10][0, 13][17, 28][20, 24][4, 20] 
[7, 2, 29, 10, 15, 16, 27][9, 3, 1, 23, 24][13, 6, 5, 21][19, 12, 8, 26][18, 22, 25, 28][17, 11, 14, 20][0, 18, 12][6, 10][0, 13][17, 28][20, 24][4, 20] 
[7, 2, 29, 10, 15, 16, 27][9, 3, 1, 23, 24][13, 6, 5, 21][19, 12, 8, 26][18, 22, 25, 28][17, 11, 14, 20][0, 18, 12][6, 10][0, 13][17, 28][20, 24][4, 20] 
[7, 2, 29, 10, 15, 16, 27][9, 3, 1, 23, 24][13, 6, 5, 21][19, 12, 8, 26][18, 22, 25, 28][17, 11, 14, 20][0, 18, 12][6, 10][0, 13][17, 28][20, 24][4, 20] 
[21, 5, 15, 10, 16, 27][9, 3, 1, 23, 24][19, 12, 8, 26][18, 22, 25, 28][17, 11, 14, 20][4, 7, 2, 29][0, 18, 12][0, 13, 6][6, 15][17, 28][20, 24][4, 20] 
[21, 5, 15, 10, 16, 27][9, 3, 1, 23, 24][17, 11, 14, 20][4, 7, 2, 29][18, 22, 25, 28][19, 12, 8, 26][0, 18, 12][0, 13, 6][4, 20][20, 24][17, 28][6, 15] 
[21, 5, 15, 10, 16, 27][9, 3, 1, 23, 24][17, 11, 14, 20][4, 7, 2, 29][18, 22, 25, 28][19, 12, 8, 26][0, 18, 12][0, 13, 6][4, 20][20, 24][17, 28][6, 15] 
[21, 5, 15, 10, 16, 27][9, 3, 1, 23, 24][17, 11, 14, 20][4, 7, 2, 29][18, 22, 25, 28][19, 12, 8, 26][0, 18, 12][0, 13, 6][4, 20][20, 24][17, 28][6, 15] 
[21, 5, 15, 10, 16, 27][9, 3, 1, 23, 24][17, 11, 14, 20][4, 7, 2, 29][18, 22, 25, 28][19, 12, 8, 26][0, 18, 12][0, 13, 6][4, 20][20, 24][17, 28][6, 15] 
[21, 5, 15, 10, 16, 27][9, 3, 1, 23, 24][18, 22, 25, 28][19, 12, 8, 26][17, 11, 14, 20][4, 7, 2, 29][0, 13, 6][0, 18, 12][17, 28][20, 24][6, 10][4, 20] 
[21, 5, 15, 10, 16, 27][9, 3, 1, 23, 24][18, 22, 25, 28][17, 11, 14, 20][19, 12, 8, 26][4, 7, 2, 29][0, 18, 12][0, 13, 6][17, 28][6, 15][4, 20][20, 24] 
