[14, 24, 4, 1, 3, 9, 23][20, 7, 10, 2, 27][22, 19, 12, 8, 26][18, 17, 11, 25, 28][5, 21, 6, 16][13, 6, 15][0, 12, 19][4, 7][2, 29][15, 29][0, 13][0, 18] 
[14, 24, 4, 1, 3, 9, 23][20, 7, 10, 2, 27][22, 19, 12, 8, 26][18, 17, 11, 25, 28][5, 21, 6, 16][13, 6, 15][4, 7][2, 29][15, 29][0, 13][0, 12][0, 18] 
[14, 24, 1, 3, 9, 23][18, 17, 11, 25, 28][22, 19, 12, 8, 26][20, 7, 10, 2, 27][13, 6, 15, 29][5, 21, 6, 16][0, 18][0, 12][0, 13][2, 29][4, 7][4, 24] 
[18, 17, 11, 25, 28][22, 19, 12, 8, 26][20, 7, 10, 2, 27][9, 3, 1, 23, 14][13, 6, 15, 29][5, 21, 6, 16][4, 24, 14][0, 13][0, 18][0, 12][2, 29][4, 7] 
[14, 24, 4, 1, 3, 9, 23][18, 17, 11, 25, 28][22, 19, 12, 8, 26][20, 7, 10, 2, 27][5, 21, 6, 16][13, 6, 15][0, 18][0, 12][0, 13][15, 29][2, 29][4, 7] 
[14, 24, 4, 1, 3, 9, 23][18, 17, 11, 25, 28][22, 19, 12, 8, 26][20, 7, 10, 2, 27][5, 21, 6, 16][13, 6, 15][0, 18][0, 12][0, 13][15, 29][2, 29][4, 7] 
[14, 24, 4, 1, 3, 9, 23][18, 17, 11, 25, 28][20, 7, 10, 2, 27][22, 19, 12, 8, 26][5, 21, 6, 16][13, 6, 15][0, 13][15, 29][0, 18][2, 29][4, 7][0, 12] 
[14, 24, 4, 1, 3, 9, 23][20, 7, 10, 2, 27][22, 19, 12, 8, 26][5, 21, 6, 16][17, 11, 25, 28][13, 6, 15][18, 0, 28][4, 7][2, 29][15, 29][0, 13][0, 12] 
[14, 24, 4, 1, 3, 9, 23][20, 7, 10, 2, 27][22, 19, 12, 8, 26][18, 17, 11, 25, 28][5, 21, 6, 16][13, 6, 15][4, 7][2, 29][15, 29][0, 13][0, 12][0, 18] 
[14, 24, 4, 1, 3, 9, 23][20, 7, 10, 2, 27][22, 19, 12, 8, 26][5, 21, 6, 16][17, 11, 25, 28][13, 6, 15][18, 0, 28][4, 7][2, 29][15, 29][0, 13][0, 12] 
[14, 24, 4, 1, 3, 9, 23][22, 19, 12, 8, 26][18, 17, 11, 25, 28][20, 7, 10, 2, 27][5, 21, 6, 16][0, 12, 19][13, 6, 15][0, 18][0, 13][15, 29][2, 29][4, 7] 
[14, 24, 4, 1, 3, 9, 23][20, 7, 10, 2, 27][22, 19, 12, 8, 26][18, 17, 11, 25, 28][5, 21, 6, 16][13, 6, 15][4, 7][2, 29][15, 29][0, 13][0, 12][0, 18] 
[14, 24, 1, 3, 9, 23][18, 17, 11, 25, 28][22, 19, 12, 8, 26][20, 7, 10, 2, 27][13, 6, 15, 29][5, 21, 6, 16][0, 18][0, 12][0, 13][2, 29][4, 7][4, 24] 
[14, 24, 4, 1, 3, 9, 23][20, 7, 10, 2, 27][22, 19, 12, 8, 26][18, 17, 11, 25, 28][5, 21, 6, 16][13, 6, 15][4, 7][2, 29][15, 29][0, 13][0, 12][0, 18] 
[14, 24, 4, 1, 3, 9, 23][20, 7, 10, 2, 27][22, 19, 12, 8, 26][18, 17, 11, 25, 28][5, 21, 6, 16][13, 6, 15][4, 7][2, 29][15, 29][0, 13][0, 12][0, 18] 
[14, 24, 4, 1, 3, 9, 23][20, 7, 10, 2, 27][22, 19, 12, 8, 26][5, 21, 6, 16][17, 11, 25, 28][13, 6, 15][18, 0, 28][4, 7][2, 29][15, 29][0, 13][0, 12] 
[14, 24, 4, 1, 3, 9, 23][22, 19, 12, 8, 26][18, 17, 11, 25, 28][20, 7, 10, 2, 27][5, 21, 6, 16][0, 12, 19][13, 6, 15][0, 13][0, 18][15, 29][2, 29][4, 7] 
[14, 24, 4, 1, 3, 9, 23][20, 7, 10, 2, 27][22, 19, 12, 8, 26][18, 17, 11, 25, 28][5, 21, 6, 16][13, 6, 15][4, 7][2, 29][15, 29][0, 13][0, 12][0, 18] 
[14, 24, 4, 1, 3, 9, 23][20, 7, 10, 2, 27][22, 19, 12, 8, 26][18, 17, 11, 25, 28][5, 21, 6, 16][13, 6, 15][4, 7][2, 29][15, 29][0, 13][0, 12][0, 18] 
[14, 24, 4, 1, 3, 9, 23][22, 19, 12, 8, 26][18, 17, 11, 25, 28][20, 7, 10, 2, 27][5, 21, 6, 16][0, 12, 19][13, 6, 15][0, 13][0, 18][15, 29][2, 29][4, 7] 
[14, 24, 4, 1, 3, 9, 23][22, 19, 12, 8, 26][20, 7, 10, 2, 27][18, 17, 11, 25, 28][5, 21, 6, 16][0, 12, 19][13, 6, 15][0, 13][15, 29][2, 29][4, 7][0, 18] 
[14, 24, 4, 1, 3, 9, 23][22, 19, 12, 8, 26][18, 17, 11, 25, 28][20, 7, 10, 2, 27][5, 21, 6, 16][13, 6, 15][0, 12][0, 13][0, 18][15, 29][2, 29][4, 7] 
[14, 24, 1, 3, 9, 23][20, 7, 10, 2, 27][22, 19, 12, 8, 26][18, 17, 11, 25, 28][13, 6, 15, 29][5, 21, 6, 16][0, 13][2, 29][0, 12][0, 18][4, 7][4, 24] 
[14, 24, 4, 1, 3, 9, 23][20, 7, 10, 2, 27][22, 19, 12, 8, 26][18, 17, 11, 25, 28][5, 21, 6, 16][13, 6, 15][4, 7][2, 29][15, 29][0, 13][0, 12][0, 18] 
[14, 24, 4, 1, 3, 9, 23][20, 7, 10, 2, 27][22, 19, 12, 8, 26][18, 17, 11, 25, 28][5, 21, 6, 16][13, 6, 15][0, 13][15, 29][2, 29][0, 12][0, 18][4, 7] 
[14, 24, 4, 1, 3, 9, 23][20, 7, 10, 2, 27][22, 19, 12, 8, 26][5, 21, 6, 16][17, 11, 25, 28][13, 6, 15][18, 0, 28][4, 7][2, 29][15, 29][0, 13][0, 12] 
[14, 24, 4, 1, 3, 9, 23][20, 7, 10, 2, 27][22, 19, 12, 8, 26][18, 17, 11, 25, 28][5, 21, 6, 16][13, 6, 15][0, 12, 19][2, 29][4, 7][15, 29][0, 13][0, 18] 
[14, 24, 4, 1, 3, 9, 23][20, 7, 10, 2, 27][22, 19, 12, 8, 26][18, 17, 11, 25, 28][5, 21, 6, 16][13, 6, 15][4, 7][2, 29][15, 29][0, 13][0, 12][0, 18] 
[14, 24, 4, 1, 3, 9, 23][20, 7, 10, 2, 27][22, 19, 12, 8, 26][18, 17, 11, 25, 28][5, 21, 6, 16][13, 6, 15][4, 7][2, 29][15, 29][0, 13][0, 12][0, 18] 
[14, 24, 4, 1, 3, 9, 23][22, 19, 12, 8, 26][18, 17, 11, 25, 28][20, 7, 10, 2, 27][5, 21, 6, 16][0, 12, 19][13, 6, 15][0, 18][0, 13][15, 29][2, 29][4, 7] 
[14, 24, 4, 1, 3, 9, 23][22, 19, 12, 8, 26][18, 17, 11, 25, 28][20, 7, 10, 2, 27][5, 21, 6, 16][0, 12, 19][13, 6, 15][0, 18][0, 13][15, 29][2, 29][4, 7] 
[14, 24, 4, 1, 3, 9, 23][18, 17, 11, 25, 28][20, 7, 10, 2, 27][22, 19, 12, 8, 26][5, 21, 6, 16][13, 6, 15][0, 18][0, 13][15, 29][2, 29][4, 7][0, 12] 
[14, 24, 4, 1, 3, 9, 23][18, 17, 11, 25, 28][20, 7, 10, 2, 27][22, 19, 12, 8, 26][5, 21, 6, 16][13, 6, 15][0, 18][0, 13][15, 29][2, 29][4, 7][0, 12] 
[14, 24, 4, 1, 3, 9, 23][20, 7, 10, 2, 27][22, 19, 12, 8, 26][18, 17, 11, 25, 28][5, 21, 6, 16][13, 6, 15][0, 12, 19][4, 7][2, 29][15, 29][0, 13][0, 18] 
[14, 24, 4, 1, 3, 9, 23][20, 7, 10, 2, 27][22, 19, 12, 8, 26][18, 17, 11, 25, 28][5, 21, 6, 16][13, 6, 15][0, 12, 19][4, 7][2, 29][15, 29][0, 13][0, 18] 
[23, 9, 3, 4, 7, 20, 24, 1, 14, 11, 17, 28][10, 27, 16, 15, 21, 2, 6, 13, 0, 22, 17][22, 19, 12, 8, 26][3, 9][7, 20][0, 25][2, 29][5, 21][0, 18][6, 13][6, 13][4, 7] 
[23, 9, 3, 4, 7, 20, 24, 1, 14, 11, 17, 28][10, 27, 16, 15, 21, 2, 6, 13, 0, 22, 17][22, 19, 12, 8, 26][0, 18][25, 28][2, 29][5, 21][4, 7][6, 13][3, 9][4, 7][0, 13] 
[23, 9, 3, 4, 7, 20, 24, 1, 14, 11, 17, 28][10, 27, 16, 15, 21, 2, 6, 13, 0, 22, 17][22, 19, 12, 8, 26][0, 18][25, 28][2, 29][5, 21][4, 7][6, 13][3, 9][4, 7][0, 13] 
[23, 9, 3, 4, 7, 20, 24, 1, 14, 11, 17, 28][18, 22, 0, 13, 6, 15, 16, 27, 10, 29][22, 19, 12, 8, 26][18, 17, 11, 25, 28][2, 29][5, 21][6, 13][0, 13][0, 13][0, 13][2, 21][0, 13] 
[23, 9, 3, 4, 7, 20, 24, 1, 14, 11, 17, 28][18, 22, 0, 13, 6, 15, 16, 27, 10, 29][22, 19, 12, 8, 26][18, 17, 11, 25, 28][2, 29][5, 21][6, 13][0, 13][0, 13][0, 13][2, 21][0, 13] 
[23, 9, 3, 4, 7, 20, 24, 1, 14, 11, 17, 28][18, 22, 0, 13, 6, 15, 16, 27, 10, 29][18, 17, 11, 25][12, 8, 26][5, 21, 6][0, 12, 19][7, 20][2, 21][7, 20][0, 13][0, 13][4, 7] 
[23, 9, 3, 4, 7, 20, 24, 1, 14, 11, 17, 28][10, 27, 16, 15, 21, 2, 6, 13, 0, 22, 17][22, 19, 12, 8, 26][0, 18][25, 28][2, 29][5, 21][4, 7][6, 13][3, 9][4, 7][0, 13] 
[23, 9, 3, 4, 7, 20, 24, 1, 14, 11, 17, 28][10, 27, 16, 15, 21, 2, 6, 13, 0, 22, 17][22, 19, 12, 8, 26][0, 18][25, 28][2, 29][5, 21][4, 7][6, 13][3, 9][4, 7][0, 13] 
[23, 9, 3, 4, 7, 20, 24, 1, 14, 11, 17, 28][18, 22, 0, 13, 6, 15, 16, 27, 10, 29][22, 19, 12, 8, 26][18, 17, 11, 25, 28][2, 29][5, 21][6, 13][0, 13][0, 13][0, 13][2, 21][0, 13] 
[23, 9, 3, 4, 7, 20, 24, 1, 14, 11, 17, 28][10, 27, 16, 15, 21, 2, 6, 13, 0, 22, 17][22, 19, 12, 8, 26][3, 9][7, 20][0, 25][2, 29][5, 21][0, 18][6, 13][6, 13][4, 7] 
[23, 9, 3, 4, 7, 20, 24, 1, 14, 11, 17, 28][10, 27, 16, 15, 21, 2, 6, 13, 0, 22, 17][22, 19, 12, 8, 26][0, 18][25, 28][2, 29][5, 21][4, 7][6, 13][3, 9][4, 7][0, 13] 
[23, 9, 3, 4, 7, 20, 24, 1, 14, 11, 17, 28][10, 27, 16, 15, 21, 2, 6, 13, 0, 22, 17][22, 19, 12, 8, 26][0, 18][25, 28][2, 29][5, 21][4, 7][6, 13][3, 9][4, 7][0, 13] 
[23, 9, 3, 4, 7, 20, 24, 1, 14, 11, 17, 28][18, 22, 0, 13, 6, 15, 16, 27, 10, 29][22, 19, 12, 8, 26][18, 17, 11, 25, 28][2, 29][5, 21][6, 13][0, 13][0, 13][0, 13][2, 21][0, 13] 
[23, 9, 3, 4, 7, 20, 24, 1, 14, 11, 17, 28][10, 27, 16, 15, 21, 2, 6, 13, 0, 22, 17][22, 19, 12, 8, 26][3, 9][7, 20][0, 25][2, 29][5, 21][0, 18][6, 13][6, 13][4, 7] 
[23, 9, 3, 4, 7, 20, 24, 1, 14, 11, 17, 28][10, 27, 16, 15, 21, 2, 6, 13, 0, 22, 17][22, 19, 12, 8, 26][3, 9][7, 20][0, 25][2, 29][5, 21][0, 18][6, 13][6, 13][4, 7] 
[10, 27, 16, 15, 21, 2, 6, 13, 0, 22, 17, 12, 18][23, 9, 3, 4, 7, 20, 24, 1, 14, 11, 17, 28][19, 12, 8, 26][6, 13][5, 21][0, 25][2, 29][6, 13][4, 7][0, 13][4, 7][4, 7] 
[10, 27, 16, 15, 21, 2, 6, 13, 0, 22, 17, 12, 18][23, 9, 3, 4, 7, 20, 24, 1, 14, 11, 17, 28][19, 12, 8, 26][6, 13][5, 21][0, 25][2, 29][6, 13][4, 7][0, 13][4, 7][4, 7] 
[23, 9, 3, 4, 7, 20, 24, 1, 14, 11, 17, 28][10, 27, 16, 15, 2, 6, 13, 0, 22, 17][22, 19, 12, 8, 26][5, 21, 6][7, 20][2, 29][0, 25][0, 18][11, 14][4, 7][6, 13][7, 20] 
[10, 27, 16, 15, 21, 2, 6, 13, 0, 22, 17, 12, 18][23, 9, 3, 4, 7, 20, 24, 1, 14, 11, 17, 28][19, 12, 8, 26][6, 13][5, 21][0, 25][2, 29][6, 13][4, 7][0, 13][4, 7][4, 7] 
[10, 27, 16, 15, 21, 2, 6, 13, 0, 22, 17, 12, 18][23, 9, 3, 4, 7, 20, 24, 1, 14, 11, 17, 28][19, 12, 8, 26][6, 13][5, 21][0, 25][2, 29][6, 13][4, 7][0, 13][4, 7][4, 7] 
[10, 27, 16, 15, 21, 2, 6, 13, 0, 22, 17, 12, 18][23, 9, 3, 4, 7, 20, 24, 1, 14, 11, 17, 28][19, 12, 8, 26][6, 13][5, 21][0, 25][2, 29][6, 13][4, 7][0, 13][4, 7][4, 7] 
[14, 24, 4, 1, 3, 9, 23][20, 7, 10, 2, 27][18, 17, 11, 25, 28][22, 19, 12, 8, 26][5, 21, 6, 16][13, 6, 15][18, 0, 28][15, 29][2, 29][4, 7][0, 13][0, 12] 
[14, 24, 4, 1, 3, 9, 23][18, 17, 11, 25, 28][20, 7, 10, 2, 27][22, 19, 12, 8, 26][5, 21, 6, 16][18, 0, 28][13, 6, 15][0, 13][15, 29][2, 29][4, 7][0, 12] 
[14, 24, 4, 1, 3, 9, 23][20, 7, 10, 2, 27][22, 19, 12, 8, 26][18, 17, 11, 25, 28][5, 21, 6, 16][13, 6, 15][18, 0, 28][4, 7][2, 29][15, 29][0, 13][0, 12] 
[14, 24, 4, 1, 3, 9, 23][20, 7, 10, 2, 27][22, 19, 12, 8, 26][18, 17, 11, 25, 28][5, 21, 6, 16][13, 6, 15][18, 0, 28][4, 7][2, 29][15, 29][0, 13][0, 12] 
[14, 24, 4, 1, 3, 9, 23][20, 7, 10, 2, 27][22, 19, 12, 8, 26][18, 17, 11, 25, 28][5, 21, 6, 16][13, 6, 15][18, 0, 28][4, 7][2, 29][15, 29][0, 13][0, 12] 
[14, 24, 4, 1, 3, 9, 23][20, 7, 10, 2, 27][22, 19, 12, 8, 26][18, 17, 11, 25, 28][5, 21, 6, 16][13, 6, 15][18, 0, 28][4, 7][2, 29][15, 29][0, 13][0, 12] 
[14, 24, 4, 1, 3, 9, 23][20, 7, 10, 2, 27][22, 19, 12, 8, 26][18, 17, 11, 25, 28][5, 21, 6, 16][13, 6, 15][18, 0, 28][4, 7][2, 29][15, 29][0, 13][0, 12] 
[14, 24, 4, 1, 3, 9, 23][20, 7, 10, 2, 27][22, 19, 12, 8, 26][18, 17, 11, 25, 28][5, 21, 6, 16][13, 6, 15][18, 0, 28][4, 7][2, 29][15, 29][0, 13][0, 12] 
[14, 24, 4, 1, 3, 9, 23][20, 7, 10, 2, 27][22, 19, 12, 8, 26][18, 17, 11, 25, 28][5, 21, 6, 16][13, 6, 15][18, 0, 28][4, 7][2, 29][15, 29][0, 13][0, 12] 
[14, 24, 4, 1, 3, 9, 23][20, 7, 10, 2, 27][22, 19, 12, 8, 26][18, 17, 11, 25, 28][5, 21, 6, 16][13, 6, 15][18, 0, 28][4, 7][2, 29][15, 29][0, 13][0, 12] 
[14, 24, 4, 1, 3, 9, 23][20, 7, 10, 2, 27][18, 17, 11, 25, 28][22, 19, 12, 8, 26][5, 21, 6, 16][13, 6, 15][18, 0, 28][2, 29][15, 29][0, 13][0, 12][4, 7] 
[14, 24, 4, 1, 3, 9, 23][20, 7, 10, 2, 27][22, 19, 12, 8, 26][18, 17, 11, 25, 28][5, 21, 6, 16][13, 6, 15][18, 0, 28][4, 7][2, 29][15, 29][0, 13][0, 12] 
[14, 24, 4, 1, 3, 9, 23][20, 7, 10, 2, 27][22, 19, 12, 8, 26][18, 17, 11, 25, 28][5, 21, 6, 16][13, 6, 15][18, 0, 28][4, 7][2, 29][15, 29][0, 13][0, 12] 
[14, 24, 4, 1, 3, 9, 23][20, 7, 10, 2, 27][22, 19, 12, 8, 26][18, 17, 11, 25, 28][5, 21, 6, 16][13, 6, 15][18, 0, 28][4, 7][2, 29][15, 29][0, 13][0, 12] 
[14, 24, 4, 1, 3, 9, 23][20, 7, 10, 2, 27][18, 17, 11, 25, 28][22, 19, 12, 8, 26][5, 21, 6, 16][13, 6, 15][18, 0, 28][2, 29][15, 29][0, 13][4, 7][0, 12] 
[14, 24, 4, 1, 3, 9, 23][20, 7, 10, 2, 27][22, 19, 12, 8, 26][18, 17, 11, 25, 28][5, 21, 6, 16][13, 6, 15][0, 12, 19][4, 7][2, 29][15, 29][0, 13][0, 18] 
[14, 24, 4, 1, 3, 9, 23][20, 7, 10, 2, 27][22, 19, 12, 8, 26][18, 17, 11, 25, 28][5, 21, 6, 16][13, 6, 15][0, 12, 19][4, 7][2, 29][15, 29][0, 13][0, 18] 
[14, 24, 4, 1, 3, 9, 23][22, 19, 12, 8, 26][20, 7, 10, 2, 27][18, 17, 11, 25, 28][5, 21, 6, 16][13, 6, 15][0, 12, 19][0, 13][15, 29][2, 29][4, 7][0, 18] 
[14, 24, 4, 1, 3, 9, 23][20, 7, 10, 2, 27][22, 19, 12, 8, 26][18, 17, 11, 25, 28][5, 21, 6, 16][13, 6, 15][0, 12, 19][4, 7][2, 29][15, 29][0, 13][0, 18] 
[14, 24, 4, 1, 3, 9, 23][22, 19, 12, 8, 26][20, 7, 10, 2, 27][18, 17, 11, 25, 28][5, 21, 6, 16][13, 6, 15][0, 12, 19][0, 13][15, 29][2, 29][4, 7][0, 18] 
[14, 24, 4, 1, 3, 9, 23][20, 7, 10, 2, 27][22, 19, 12, 8, 26][18, 17, 11, 25, 28][5, 21, 6, 16][13, 6, 15][0, 12, 19][4, 7][2, 29][15, 29][0, 13][0, 18] 
[14, 24, 4, 1, 3, 9, 23][20, 7, 10, 2, 27][18, 17, 11, 25, 28][22, 19, 12, 8, 26][5, 21, 6, 16][13, 6, 15][18, 0, 28][2, 29][15, 29][0, 13][0, 12][4, 7] 
[14, 24, 4, 1, 3, 9, 23][20, 7, 10, 2, 27][22, 19, 12, 8, 26][18, 17, 11, 25, 28][5, 21, 6, 16][13, 6, 15][18, 0, 28][4, 7][2, 29][15, 29][0, 13][0, 12] 
[14, 24, 4, 1, 3, 9, 23][22, 19, 12, 8, 26][18, 17, 11, 25, 28][20, 7, 10, 2, 27][5, 21, 6, 16][13, 6, 15][18, 0, 28][0, 12][0, 13][15, 29][2, 29][4, 7] 
[14, 24, 4, 1, 3, 9, 23][22, 19, 12, 8, 26][18, 17, 11, 25, 28][20, 7, 10, 2, 27][5, 21, 6, 16][13, 6, 15][18, 0, 28][0, 12][0, 13][15, 29][2, 29][4, 7] 
[14, 24, 4, 1, 3, 9, 23][20, 7, 10, 2, 27][22, 19, 12, 8, 26][18, 17, 11, 25, 28][5, 21, 6, 16][13, 6, 15][18, 0, 28][4, 7][2, 29][15, 29][0, 13][0, 12] 
[14, 24, 4, 1, 3, 9, 23][20, 7, 10, 2, 27][22, 19, 12, 8, 26][18, 17, 11, 25, 28][5, 21, 6, 16][13, 6, 15][0, 13][15, 29][2, 29][0, 12][0, 18][4, 7] 
[14, 24, 4, 1, 3, 9, 23][20, 7, 10, 2, 27][22, 19, 12, 8, 26][18, 17, 11, 25, 28][5, 21, 6, 16][13, 6, 15][18, 0, 28][4, 7][2, 29][15, 29][0, 13][0, 12] 
[14, 24, 4, 1, 3, 9, 23][22, 19, 12, 8, 26][18, 17, 11, 25, 28][20, 7, 10, 2, 27][5, 21, 6, 16][0, 12, 19][13, 6, 15][0, 13][0, 18][15, 29][2, 29][4, 7] 
[14, 24, 4, 1, 3, 9, 23][22, 19, 12, 8, 26][18, 17, 11, 25, 28][20, 7, 10, 2, 27][5, 21, 6, 16][0, 12, 19][13, 6, 15][0, 18][0, 13][15, 29][2, 29][4, 7] 
[14, 24, 4, 1, 3, 9, 23][22, 19, 12, 8, 26][18, 17, 11, 25, 28][20, 7, 10, 2, 27][5, 21, 6, 16][0, 12, 19][13, 6, 15][0, 18][0, 13][15, 29][2, 29][4, 7] 
[14, 24, 4, 1, 3, 9, 23][22, 19, 12, 8, 26][18, 17, 11, 25, 28][20, 7, 10, 2, 27][5, 21, 6, 16][0, 12, 19][13, 6, 15][0, 13][0, 18][15, 29][2, 29][4, 7] 
[14, 24, 4, 1, 3, 9, 23][22, 19, 12, 8, 26][18, 17, 11, 25, 28][20, 7, 10, 2, 27][5, 21, 6, 16][13, 6, 15][0, 12, 19][0, 13][0, 18][15, 29][2, 29][4, 7] 
[14, 24, 4, 1, 3, 9, 23][22, 19, 12, 8, 26][18, 17, 11, 25, 28][20, 7, 10, 2, 27][5, 21, 6, 16][0, 12, 19][13, 6, 15][0, 13][0, 18][15, 29][2, 29][4, 7] 
[14, 24, 4, 1, 3, 9, 23][22, 19, 12, 8, 26][18, 17, 11, 25, 28][20, 7, 10, 2, 27][5, 21, 6, 16][0, 12, 19][13, 6, 15][0, 13][0, 18][15, 29][2, 29][4, 7] 
[14, 24, 4, 1, 3, 9, 23][22, 19, 12, 8, 26][18, 17, 11, 25, 28][20, 7, 10, 2, 27][5, 21, 6, 16][0, 12, 19][13, 6, 15][0, 13][0, 18][15, 29][2, 29][4, 7] 
[14, 24, 4, 1, 3, 9, 23][22, 19, 12, 8, 26][18, 17, 11, 25, 28][20, 7, 10, 2, 27][5, 21, 6, 16][13, 6, 15][0, 12, 19][0, 13][0, 18][15, 29][2, 29][4, 7] 
[14, 24, 4, 1, 3, 9, 23][22, 19, 12, 8, 26][18, 17, 11, 25, 28][20, 7, 10, 2, 27][5, 21, 6, 16][0, 12, 19][13, 6, 15][0, 13][0, 18][15, 29][2, 29][4, 7] 
[14, 24, 4, 1, 3, 9, 23][22, 19, 12, 8, 26][18, 17, 11, 25, 28][20, 7, 10, 2, 27][5, 21, 6, 16][0, 12, 19][13, 6, 15][0, 18][0, 13][15, 29][2, 29][4, 7] 
[14, 24, 4, 1, 3, 9, 23][20, 7, 10, 2, 27][22, 19, 12, 8, 26][18, 17, 11, 25, 28][5, 21, 6, 16][13, 6, 15][0, 12, 19][4, 7][2, 29][15, 29][0, 13][0, 18] 
[14, 24, 4, 1, 3, 9, 23][22, 19, 12, 8, 26][20, 7, 10, 2, 27][18, 17, 11, 25, 28][5, 21, 6, 16][0, 12, 19][13, 6, 15][0, 13][15, 29][2, 29][4, 7][0, 18] 
[14, 24, 4, 1, 3, 9, 23][20, 7, 10, 2, 27][22, 19, 12, 8, 26][18, 17, 11, 25, 28][5, 21, 6, 16][13, 6, 15][0, 12, 19][4, 7][2, 29][15, 29][0, 13][0, 18] 
[14, 24, 4, 1, 3, 9, 23][20, 7, 10, 2, 27][22, 19, 12, 8, 26][18, 17, 11, 25, 28][5, 21, 6, 16][13, 6, 15][0, 12, 19][4, 7][2, 29][15, 29][0, 13][0, 18] 
[14, 24, 4, 1, 3, 9, 23][22, 19, 12, 8, 26][18, 17, 11, 25, 28][20, 7, 10, 2, 27][13, 6, 15, 29][5, 21, 6, 16][0, 12][0, 13][0, 18][2, 29][4, 7][3, 9] 
[14, 24, 4, 1, 3, 9, 23][22, 19, 12, 8, 26][18, 17, 11, 25, 28][20, 7, 10, 2, 27][13, 6, 15, 29][5, 21, 6, 16][0, 12][0, 13][0, 18][2, 29][4, 7][3, 9] 
[14, 24, 4, 1, 3, 9, 23][22, 19, 12, 8, 26][18, 17, 11, 25, 28][20, 7, 10, 2, 27][13, 6, 15, 29][5, 21, 6, 16][0, 12][0, 13][0, 18][2, 29][4, 7][3, 9] 
[14, 24, 4, 1, 3, 9, 23][22, 19, 12, 8, 26][18, 17, 11, 25, 28][20, 7, 10, 2, 27][13, 6, 15, 29][5, 21, 6, 16][0, 12][0, 13][0, 18][2, 29][4, 7][3, 9] 
[14, 24, 4, 1, 3, 9, 23][22, 19, 12, 8, 26][18, 17, 11, 25, 28][20, 7, 10, 2, 27][13, 6, 15, 29][5, 21, 6, 16][0, 12][0, 13][0, 18][2, 29][4, 7][3, 9] 
[14, 24, 4, 1, 3, 9, 23][0, 18, 17, 11, 25, 28][20, 7, 10, 2, 27][22, 19, 12, 8, 26][5, 21, 6, 16][13, 6, 15][3, 9][4, 7][2, 29][15, 29][0, 13][0, 12] 
[14, 24, 4, 1, 3, 9, 23][20, 7, 10, 2, 27][22, 19, 12, 8, 26][18, 17, 11, 25, 28][5, 21, 6, 16][13, 6, 15][18, 0, 28][4, 7][2, 29][15, 29][0, 13][0, 12] 
[14, 24, 4, 1, 3, 9, 23][20, 7, 10, 2, 27][22, 19, 12, 8, 26][18, 17, 11, 25, 28][5, 21, 6, 16][13, 6, 15][18, 0, 28][4, 7][2, 29][15, 29][0, 13][0, 12] 
[14, 24, 4, 1, 3, 9, 23][20, 7, 10, 2, 27][22, 19, 12, 8, 26][18, 17, 11, 25, 28][5, 21, 6, 16][13, 6, 15][18, 0, 28][4, 7][2, 29][15, 29][0, 13][0, 12] 
[14, 24, 4, 1, 3, 9, 23][18, 17, 11, 25, 28][20, 7, 10, 2, 27][22, 19, 12, 8, 26][5, 21, 6, 16][18, 0, 28][13, 6, 15][0, 13][15, 29][2, 29][4, 7][0, 12] 
[14, 24, 4, 1, 3, 9, 23][20, 7, 10, 2, 27][22, 19, 12, 8, 26][18, 17, 11, 25, 28][5, 21, 6, 16][13, 6, 15][18, 0, 28][4, 7][2, 29][15, 29][0, 13][0, 12] 
[14, 24, 4, 1, 3, 9, 23][20, 7, 10, 2, 27][22, 19, 12, 8, 26][18, 17, 11, 25, 28][5, 21, 6, 16][13, 6, 15][0, 12, 19][4, 7][2, 29][15, 29][0, 13][0, 18] 
[14, 24, 4, 1, 3, 9, 23][20, 7, 10, 2, 27][22, 19, 12, 8, 26][18, 17, 11, 25, 28][5, 21, 6, 16][13, 6, 15][18, 0, 28][4, 7][2, 29][15, 29][0, 13][0, 12] 
