[21, 5, 6, 2, 10, 15, 29][13, 0, 18, 12, 8, 26][7, 24, 23, 9][1, 3, 11, 25][25, 28, 16, 27][4, 14, 20][19, 17, 22][14, 23][7, 10][3, 23][11, 17][18, 19] 
[21, 5, 6, 2, 10, 15, 29][13, 0, 26, 8, 12, 19][1, 3, 11, 25][25, 28, 16, 27][7, 24, 23, 9][17, 22, 18][4, 14, 20][0, 18][11, 17][3, 23][7, 10][14, 23] 
[21, 5, 6, 2, 10, 15, 29][13, 0, 18, 12, 8, 26][1, 3, 11, 25][25, 28, 16, 27][7, 24, 23, 9][17, 22, 18][4, 14, 20][11, 17][3, 23][14, 23][7, 10][12, 19] 
[21, 5, 6, 2, 10, 15, 29][13, 0, 18, 12, 8, 26][1, 3, 11, 25][25, 28, 16, 27][7, 24, 23, 9][17, 22, 18][4, 14, 20][11, 17][3, 23][14, 23][7, 10][12, 19] 
[21, 5, 6, 2, 10, 15, 29][13, 0, 12, 8, 26][18, 22, 17, 19][1, 3, 11, 25][25, 28, 16, 27][7, 24, 23, 9][4, 14, 20][12, 19][11, 17][3, 23][7, 10][14, 23] 
[21, 5, 6, 2, 10, 15, 29][13, 0, 12, 8, 26][7, 24, 23, 9][1, 3, 11, 25][25, 28, 16, 27][18, 22, 17, 19][4, 14, 20][3, 23][14, 23][7, 10][11, 17][12, 19] 
[21, 5, 6, 2, 10, 15, 29][13, 0, 26, 8, 12, 19][1, 3, 11, 25][25, 28, 16, 27][7, 24, 23, 9][17, 22, 18][4, 14, 20][0, 18][11, 17][3, 23][7, 10][14, 23] 
[21, 5, 6, 2, 10, 15, 29][13, 0, 12, 8, 26][18, 22, 17, 19][1, 3, 11, 25][25, 28, 16, 27][7, 24, 23, 9][4, 14, 20][12, 19][11, 17][3, 23][7, 10][14, 23] 
[21, 5, 6, 2, 10, 15, 29][13, 0, 12, 8, 26][18, 22, 17, 19][1, 3, 11, 25][25, 28, 16, 27][7, 24, 23, 9][4, 14, 20][12, 19][11, 17][3, 23][7, 10][14, 23] 
[21, 5, 6, 2, 10, 15, 29][13, 0, 12, 8, 26][18, 22, 17, 19][1, 3, 11, 25][25, 28, 16, 27][7, 24, 23, 9][4, 14, 20][12, 19][11, 17][3, 23][14, 23][7, 10] 
[21, 5, 6, 2, 10, 15, 29][13, 0, 18, 12, 8, 26][7, 24, 23, 9][1, 3, 11, 25][25, 28, 16, 27][19, 17, 22][4, 14, 20][7, 10][3, 23][11, 17][14, 23][18, 19] 
[21, 5, 6, 2, 10, 15, 29][13, 0, 26, 8, 12, 19][7, 24, 23, 9][1, 3, 11, 25][25, 28, 16, 27][4, 14, 20][17, 22, 18][7, 10][14, 23][3, 23][11, 17][0, 18] 
[21, 5, 6, 2, 10, 15, 29][13, 0, 18, 12, 8, 26][1, 3, 11, 25][25, 28, 16, 27][7, 24, 23, 9][17, 22, 18][4, 14, 20][11, 17][3, 23][14, 23][7, 10][12, 19] 
[21, 5, 6, 2, 10, 15, 29][13, 0, 12, 8, 26][18, 22, 17, 19][1, 3, 11, 25][25, 28, 16, 27][7, 24, 23, 9][4, 14, 20][12, 19][11, 17][3, 23][7, 10][14, 23] 
[21, 5, 6, 2, 10, 15, 29][13, 0, 12, 8, 26][7, 24, 23, 9][1, 3, 11, 25][25, 28, 16, 27][18, 22, 17, 19][4, 14, 20][7, 10][14, 23][3, 23][11, 17][12, 19] 
[21, 5, 6, 2, 10, 15, 29][13, 0, 12, 8, 26][18, 22, 17, 19][1, 3, 11, 25][25, 28, 16, 27][7, 24, 23, 9][4, 14, 20][12, 19][11, 17][3, 23][14, 23][7, 10] 
[21, 5, 6, 2, 10, 15, 29][13, 0, 18, 12, 8, 26][1, 3, 11, 25][25, 28, 16, 27][7, 24, 23, 9][19, 17, 22][4, 14, 20][11, 17][18, 19][3, 23][14, 23][7, 10] 
[21, 5, 6, 2, 10, 15, 29][13, 0, 26, 8, 12, 19][1, 3, 11, 25][25, 28, 16, 27][7, 24, 23, 9][17, 22, 18][4, 14, 20][0, 18][11, 17][3, 23][7, 10][14, 23] 
[21, 5, 6, 2, 10, 15, 29][13, 0, 12, 8, 26][18, 22, 17, 19][1, 3, 11, 25][25, 28, 16, 27][7, 24, 23, 9][4, 14, 20][12, 19][11, 17][3, 23][7, 10][14, 23] 
[21, 5, 6, 2, 10, 15, 29][13, 0, 18, 12, 8, 26][1, 3, 11, 25][25, 28, 16, 27][7, 24, 23, 9][19, 17, 22][4, 14, 20][11, 17][18, 19][3, 23][14, 23][7, 10] 
[21, 5, 6, 2, 10, 15, 29][13, 0, 18, 12, 8, 26][25, 28, 16, 27][1, 3, 11, 25][7, 24, 23, 9][4, 14, 20][19, 17, 22][3, 23][14, 23][7, 10][11, 17][18, 19] 
[21, 5, 6, 2, 10, 15, 29][13, 0, 26, 8, 12, 19][1, 3, 11, 25][25, 28, 16, 27][7, 24, 23, 9][17, 22, 18][4, 14, 20][0, 18][11, 17][3, 23][7, 10][14, 23] 
[21, 5, 6, 2, 10, 15, 29][13, 0, 18, 12, 8, 26][1, 3, 11, 25][25, 28, 16, 27][7, 24, 23, 9][17, 22, 18][4, 14, 20][11, 17][3, 23][14, 23][7, 10][12, 19] 
[21, 5, 6, 2, 10, 15, 29][13, 0, 12, 8, 26][18, 22, 17, 19][1, 3, 11, 25][25, 28, 16, 27][7, 24, 23, 9][4, 14, 20][12, 19][11, 17][3, 23][7, 10][14, 23] 
[21, 5, 6, 2, 10, 15, 29][13, 0, 12, 8, 26][18, 22, 17, 19][1, 3, 11, 25][25, 28, 16, 27][7, 24, 23, 9][4, 14, 20][12, 19][11, 17][3, 23][14, 23][7, 10] 
[21, 5, 6, 2, 10, 15, 29][13, 0, 12, 8, 26][18, 22, 17, 19][1, 3, 11, 25][25, 28, 16, 27][7, 24, 23, 9][4, 14, 20][12, 19][11, 17][3, 23][14, 23][7, 10] 
[21, 5, 6, 2, 10, 15, 29][13, 0, 18, 12, 8, 26][7, 24, 23, 9][1, 3, 11, 25][25, 28, 16, 27][4, 14, 20][19, 17, 22][14, 23][7, 10][3, 23][11, 17][18, 19] 
[21, 5, 6, 2, 10, 15, 29][13, 0, 26, 8, 12, 19][1, 3, 11, 25][25, 28, 16, 27][7, 24, 23, 9][17, 22, 18][4, 14, 20][0, 18][11, 17][3, 23][7, 10][14, 23] 
[21, 5, 6, 2, 10, 15, 29][13, 0, 12, 8, 26][18, 22, 17, 19][1, 3, 11, 25][25, 28, 16, 27][7, 24, 23, 9][4, 14, 20][12, 19][11, 17][3, 23][14, 23][7, 10] 
[21, 5, 6, 2, 10, 15, 29][13, 0, 18, 12, 8, 26][7, 24, 23, 9][1, 3, 11, 25][25, 28, 16, 27][4, 14, 20][19, 17, 22][14, 23][7, 10][3, 23][11, 17][18, 19] 
[21, 5, 6, 2, 10, 15, 29][13, 0, 18, 12, 8, 26][7, 24, 23, 9][1, 3, 11, 25][25, 28, 16, 27][4, 14, 20][19, 17, 22][14, 23][7, 10][3, 23][11, 17][18, 19] 
[21, 5, 6, 2, 10, 15, 29][13, 0, 26, 8, 12, 19][1, 3, 11, 25][25, 28, 16, 27][7, 24, 23, 9][17, 22, 18][4, 14, 20][0, 18][11, 17][3, 23][7, 10][14, 23] 
[21, 5, 6, 2, 10, 15, 29][13, 0, 12, 8, 26][7, 24, 23, 9][1, 3, 11, 25][25, 28, 16, 27][18, 22, 17, 19][4, 14, 20][3, 23][14, 23][7, 10][11, 17][12, 19] 
[21, 5, 6, 2, 10, 15, 29][13, 0, 18, 12, 8, 26][7, 24, 23, 9][1, 3, 11, 25][25, 28, 16, 27][4, 14, 20][19, 17, 22][14, 23][7, 10][3, 23][11, 17][18, 19] 
[21, 5, 6, 2, 10, 15, 29][13, 0, 18, 12, 8, 26][25, 28, 16, 27][1, 3, 11, 25][7, 24, 23, 9][4, 14, 20][19, 17, 22][3, 23][14, 23][7, 10][11, 17][18, 19] 
[17, 22, 25, 7, 27, 2, 6, 13, 0, 12, 8, 26][23, 20, 24, 14, 9, 1, 3, 11, 25][21, 2, 29, 15, 16, 28][10, 15, 5, 21][17, 18, 19][0, 12, 8][4, 14][8, 26][8, 12][8, 26][11, 25][8, 26] 
[17, 22, 25, 7, 27, 2, 6, 13, 0, 12, 8, 26][23, 20, 24, 14, 9, 1, 3, 11, 25][21, 2, 29, 15, 16, 28][10, 15, 5, 21][17, 18, 19][0, 12, 8][4, 14][8, 26][8, 12][8, 26][11, 25][8, 26] 
[17, 22, 25, 7, 27, 2, 6, 13, 0, 12, 8, 26][23, 20, 24, 14, 9, 1, 3, 11, 25][21, 2, 29, 15, 16, 28][10, 15, 5, 21][17, 18, 19][0, 12, 8][4, 14][8, 26][8, 12][8, 26][11, 25][8, 26] 
[17, 22, 25, 7, 27, 2, 6, 13, 0, 12, 8, 26][23, 20, 14, 9, 1, 3, 11, 25][2, 29, 10, 16, 28][10, 15, 5, 21][17, 18, 19][0, 12, 8][11, 25][3, 24][4, 14][8, 12][8, 26][8, 12] 
[17, 22, 25, 7, 27, 2, 6, 13, 0, 12, 8, 26][23, 20, 14, 9, 1, 3, 11, 25][2, 29, 10, 16, 28][10, 15, 5, 21][17, 18, 19][0, 12, 8][11, 25][3, 24][4, 14][8, 12][8, 26][8, 12] 
[17, 22, 25, 7, 27, 2, 6, 13, 0, 12, 8, 26][11, 3, 1, 9, 14, 20, 23][2, 29, 10, 16, 28][10, 15, 5, 21][17, 18, 19][0, 12, 8][11, 25][3, 24][4, 14][8, 12][8, 26][8, 12] 
[17, 22, 25, 7, 27, 2, 6, 13, 0, 12, 8, 26][23, 20, 24, 14, 9, 1, 3, 11, 25][21, 2, 29, 15, 16, 28][10, 15, 5, 21][17, 18, 19][0, 12, 8][4, 14][8, 26][8, 12][8, 26][11, 25][8, 26] 
[17, 22, 25, 7, 27, 2, 6, 13, 0, 12, 8, 26][23, 20, 24, 14, 9, 1, 3, 11, 25][21, 2, 29, 15, 16, 28][10, 15, 5, 21][17, 18, 19][0, 12, 8][4, 14][8, 26][8, 12][8, 26][11, 25][8, 26] 
[17, 22, 25, 7, 27, 2, 6, 13, 0, 12, 8, 26][23, 20, 14, 9, 1, 3, 11, 25][2, 29, 10, 16, 28][10, 15, 5, 21][17, 18, 19][0, 12, 8][11, 25][3, 24][4, 14][8, 12][8, 26][8, 12] 
[17, 22, 25, 7, 27, 2, 6, 13, 0, 12, 8, 26][23, 20, 24, 14, 9, 1, 3, 11, 25][21, 2, 29, 15, 16, 28][10, 15, 5, 21][17, 18, 19][0, 12, 8][4, 14][8, 26][8, 12][8, 26][11, 25][8, 26] 
[17, 22, 25, 7, 27, 2, 6, 13, 0, 12, 8, 26][23, 20, 24, 14, 9, 1, 3, 11, 25][21, 2, 29, 15, 16, 28][10, 15, 5, 21][17, 18, 19][0, 12, 8][4, 14][8, 26][8, 12][8, 26][11, 25][8, 26] 
[17, 22, 25, 7, 27, 2, 6, 13, 0, 12, 8, 26][23, 20, 24, 14, 9, 1, 3, 11, 25][21, 2, 29, 15, 16, 28][10, 15, 5, 21][17, 18, 19][0, 12, 8][4, 14][8, 26][8, 12][8, 26][11, 25][8, 26] 
[17, 22, 25, 7, 27, 2, 6, 13, 0, 12, 8, 26][23, 20, 14, 9, 1, 3, 11, 25][2, 29, 10, 16, 28][10, 15, 5, 21][17, 18, 19][0, 12, 8][11, 25][3, 24][4, 14][8, 12][8, 26][8, 12] 
[17, 22, 25, 7, 27, 2, 6, 13, 0, 12, 8, 26][23, 20, 24, 14, 9, 1, 3, 11, 25][21, 2, 29, 15, 16, 28][10, 15, 5, 21][17, 18, 19][0, 12, 8][4, 14][8, 26][8, 12][8, 26][11, 25][8, 26] 
[17, 22, 25, 7, 27, 2, 6, 13, 0, 12, 8, 26][23, 20, 24, 14, 9, 1, 3, 11, 25][21, 2, 29, 15, 16, 28][10, 15, 5, 21][17, 18, 19][0, 12, 8][4, 14][8, 26][8, 12][8, 26][11, 25][8, 26] 
[17, 22, 25, 7, 27, 2, 6, 13, 0, 12, 8, 26][23, 20, 24, 14, 9, 1, 3, 11, 25][21, 2, 29, 15, 16, 28][10, 15, 5, 21][17, 18, 19][4, 14][8, 26][8, 12][8, 26][8, 26][8, 12][8, 26] 
[17, 22, 25, 7, 27, 2, 6, 13, 0, 12, 8, 26][23, 20, 24, 14, 9, 1, 3, 11, 25][21, 2, 29, 15, 16, 28][10, 15, 5, 21][17, 18, 19][4, 14][8, 26][8, 12][8, 26][8, 26][8, 12][8, 26] 
[17, 22, 25, 7, 27, 2, 6, 13, 0, 12, 8, 26][23, 20, 24, 14, 9, 1, 3, 11, 25][21, 2, 29, 15, 16, 28][10, 15, 5, 21][17, 18, 19][0, 12, 8][4, 14][8, 26][8, 12][8, 26][11, 25][8, 26] 
[17, 22, 25, 7, 27, 2, 6, 13, 0, 12, 8, 26][23, 20, 24, 14, 9, 1, 3, 11, 25][21, 2, 29, 15, 16, 28][10, 15, 5, 21][17, 18, 19][4, 14][8, 26][8, 12][8, 26][8, 26][8, 12][8, 26] 
[17, 22, 25, 7, 27, 2, 6, 13, 0, 12, 8, 26][23, 20, 24, 14, 9, 1, 3, 11, 25][21, 2, 29, 15, 16, 28][10, 15, 5, 21][17, 18, 19][4, 14][8, 26][8, 12][8, 26][8, 26][8, 12][8, 26] 
[17, 22, 25, 7, 27, 2, 6, 13, 0, 12, 8, 26][23, 20, 24, 14, 9, 1, 3, 11, 25][21, 2, 29, 15, 16, 28][10, 15, 5, 21][17, 18, 19][4, 14][8, 26][8, 12][8, 26][8, 26][8, 12][8, 26] 
[21, 5, 6, 2, 10, 15, 29][13, 0, 12, 8, 26][18, 22, 17, 19][1, 3, 11, 25][25, 28, 16, 27][7, 24, 23, 9][4, 14, 20][12, 19][11, 17][3, 23][7, 10][14, 23] 
[21, 5, 6, 2, 10, 15, 29][13, 0, 12, 8, 26][18, 22, 17, 19][1, 3, 11, 25][25, 28, 16, 27][7, 24, 23, 9][4, 14, 20][12, 19][11, 17][3, 23][7, 10][14, 23] 
[21, 5, 6, 2, 10, 15, 29][13, 0, 12, 8, 26][7, 24, 23, 9][1, 3, 11, 25][25, 28, 16, 27][18, 22, 17, 19][4, 14, 20][14, 23][7, 10][3, 23][11, 17][12, 19] 
[21, 5, 6, 2, 10, 15, 29][13, 0, 12, 8, 26][18, 22, 17, 19][1, 3, 11, 25][25, 28, 16, 27][7, 24, 23, 9][4, 14, 20][12, 19][11, 17][3, 23][7, 10][14, 23] 
[21, 5, 6, 2, 10, 15, 29][13, 0, 12, 8, 26][18, 22, 17, 19][1, 3, 11, 25][25, 28, 16, 27][7, 24, 23, 9][4, 14, 20][12, 19][11, 17][3, 23][7, 10][14, 23] 
[21, 5, 6, 2, 10, 15, 29][13, 0, 12, 8, 26][7, 24, 23, 9][1, 3, 11, 25][25, 28, 16, 27][18, 22, 17, 19][4, 14, 20][3, 23][14, 23][7, 10][11, 17][12, 19] 
[21, 5, 6, 2, 10, 15, 29][13, 0, 12, 8, 26][18, 22, 17, 19][1, 3, 11, 25][25, 28, 16, 27][7, 24, 23, 9][4, 14, 20][12, 19][11, 17][3, 23][7, 10][14, 23] 
[21, 5, 6, 2, 10, 15, 29][13, 0, 12, 8, 26][18, 22, 17, 19][1, 3, 11, 25][25, 28, 16, 27][7, 24, 23, 9][4, 14, 20][12, 19][11, 17][3, 23][7, 10][14, 23] 
[21, 5, 6, 2, 10, 15, 29][13, 0, 12, 8, 26][18, 22, 17, 19][1, 3, 11, 25][25, 28, 16, 27][7, 24, 23, 9][4, 14, 20][12, 19][11, 17][3, 23][7, 10][14, 23] 
[21, 5, 6, 2, 10, 15, 29][13, 0, 12, 8, 26][18, 22, 17, 19][1, 3, 11, 25][25, 28, 16, 27][7, 24, 23, 9][4, 14, 20][12, 19][11, 17][3, 23][7, 10][14, 23] 
[21, 5, 6, 2, 10, 15, 29][13, 0, 12, 8, 26][18, 22, 17, 19][1, 3, 11, 25][25, 28, 16, 27][7, 24, 23, 9][4, 14, 20][12, 19][11, 17][3, 23][7, 10][14, 23] 
[21, 5, 6, 2, 10, 15, 29][13, 0, 12, 8, 26][18, 22, 17, 19][1, 3, 11, 25][25, 28, 16, 27][7, 24, 23, 9][4, 14, 20][12, 19][11, 17][3, 23][7, 10][14, 23] 
[21, 5, 6, 2, 10, 15, 29][13, 0, 12, 8, 26][7, 24, 23, 9][1, 3, 11, 25][25, 28, 16, 27][18, 22, 17, 19][4, 14, 20][3, 23][14, 23][7, 10][11, 17][12, 19] 
[21, 5, 6, 2, 10, 15, 29][13, 0, 12, 8, 26][18, 22, 17, 19][1, 3, 11, 25][25, 28, 16, 27][7, 24, 23, 9][4, 14, 20][12, 19][11, 17][3, 23][7, 10][14, 23] 
[21, 5, 6, 2, 10, 15, 29][13, 0, 12, 8, 26][7, 24, 23, 9][1, 3, 11, 25][25, 28, 16, 27][18, 22, 17, 19][4, 14, 20][3, 23][14, 23][7, 10][11, 17][12, 19] 
[21, 5, 6, 2, 10, 15, 29][13, 0, 18, 12, 8, 26][7, 24, 23, 9][1, 3, 11, 25][25, 28, 16, 27][4, 14, 20][19, 17, 22][14, 23][7, 10][3, 23][11, 17][18, 19] 
[21, 5, 6, 2, 10, 15, 29][13, 0, 18, 12, 8, 26][7, 24, 23, 9][1, 3, 11, 25][25, 28, 16, 27][4, 14, 20][19, 17, 22][14, 23][7, 10][3, 23][11, 17][18, 19] 
[21, 5, 6, 2, 10, 15, 29][13, 0, 18, 12, 8, 26][7, 24, 23, 9][1, 3, 11, 25][25, 28, 16, 27][4, 14, 20][19, 17, 22][14, 23][7, 10][3, 23][11, 17][18, 19] 
[21, 5, 6, 2, 10, 15, 29][13, 0, 18, 12, 8, 26][7, 24, 23, 9][1, 3, 11, 25][25, 28, 16, 27][4, 14, 20][19, 17, 22][14, 23][7, 10][3, 23][11, 17][18, 19] 
[21, 5, 6, 2, 10, 15, 29][13, 0, 18, 12, 8, 26][7, 24, 23, 9][1, 3, 11, 25][25, 28, 16, 27][4, 14, 20][19, 17, 22][14, 23][7, 10][3, 23][11, 17][18, 19] 
[21, 5, 6, 2, 10, 15, 29][13, 0, 18, 12, 8, 26][7, 24, 23, 9][1, 3, 11, 25][25, 28, 16, 27][13, 18, 22, 19][4, 14, 20][7, 10][14, 23][3, 23][11, 17][17, 22] 
[21, 5, 6, 2, 10, 15, 29][13, 0, 12, 8, 26][18, 22, 17, 19][1, 3, 11, 25][25, 28, 16, 27][7, 24, 23, 9][4, 14, 20][12, 19][11, 17][3, 23][7, 10][14, 23] 
[21, 5, 6, 2, 10, 15, 29][13, 0, 12, 8, 26][18, 22, 17, 19][1, 3, 11, 25][25, 28, 16, 27][7, 24, 23, 9][4, 14, 20][12, 19][11, 17][3, 23][7, 10][14, 23] 
[21, 5, 6, 2, 10, 15, 29][13, 0, 12, 8, 26][18, 22, 17, 19][1, 3, 11, 25][25, 28, 16, 27][7, 24, 23, 9][4, 14, 20][12, 19][11, 17][3, 23][7, 10][14, 23] 
[21, 5, 6, 2, 10, 15, 29][13, 0, 12, 8, 26][18, 22, 17, 19][1, 3, 11, 25][25, 28, 16, 27][7, 24, 23, 9][4, 14, 20][12, 19][11, 17][3, 23][7, 10][14, 23] 
[21, 5, 6, 2, 10, 15, 29][13, 0, 12, 8, 26][18, 22, 17, 19][1, 3, 11, 25][25, 28, 16, 27][7, 24, 23, 9][4, 14, 20][12, 19][11, 17][3, 23][7, 10][14, 23] 
[21, 5, 6, 2, 10, 15, 29][13, 0, 18, 12, 8, 26][1, 3, 11, 25][25, 28, 16, 27][7, 24, 23, 9][19, 17, 22][4, 14, 20][12, 19][11, 17][3, 23][14, 23][7, 10] 
[21, 5, 6, 2, 10, 15, 29][13, 0, 12, 8, 26][18, 22, 17, 19][1, 3, 11, 25][25, 28, 16, 27][7, 24, 23, 9][4, 14, 20][12, 19][11, 17][3, 23][7, 10][14, 23] 
[21, 5, 6, 2, 10, 15, 29][13, 0, 18, 12, 8, 26][1, 3, 11, 25][25, 28, 16, 27][7, 24, 23, 9][19, 17, 22][4, 14, 20][11, 17][18, 19][3, 23][14, 23][7, 10] 
[21, 5, 6, 2, 10, 15, 29][13, 0, 18, 12, 8, 26][1, 3, 11, 25][25, 28, 16, 27][7, 24, 23, 9][19, 17, 22][4, 14, 20][11, 17][18, 19][3, 23][14, 23][7, 10] 
[21, 5, 6, 2, 10, 15, 29][13, 0, 18, 12, 8, 26][7, 24, 23, 9][1, 3, 11, 25][25, 28, 16, 27][4, 14, 20][19, 17, 22][14, 23][7, 10][3, 23][11, 17][18, 19] 
[21, 5, 6, 2, 10, 15, 29][13, 0, 18, 12, 8, 26][7, 24, 23, 9][1, 3, 11, 25][25, 28, 16, 27][4, 14, 20][19, 17, 22][14, 23][7, 10][3, 23][11, 17][18, 19] 
[21, 5, 6, 2, 10, 15, 29][13, 0, 18, 12, 8, 26][7, 24, 23, 9][1, 3, 11, 25][25, 28, 16, 27][4, 14, 20][19, 17, 22][14, 23][7, 10][3, 23][11, 17][18, 19] 
[21, 5, 6, 2, 10, 15, 29][13, 0, 18, 12, 8, 26][7, 24, 23, 9][1, 3, 11, 25][25, 28, 16, 27][4, 14, 20][19, 17, 22][14, 23][7, 10][3, 23][11, 17][18, 19] 
[21, 5, 6, 2, 10, 15, 29][13, 0, 18, 12, 8, 26][1, 3, 11, 25][25, 28, 16, 27][7, 24, 23, 9][19, 17, 22][4, 14, 20][11, 17][18, 19][3, 23][14, 23][7, 10] 
[21, 5, 6, 2, 10, 15, 29][13, 0, 18, 12, 8, 26][7, 24, 23, 9][1, 3, 11, 25][25, 28, 16, 27][4, 14, 20][19, 17, 22][14, 23][7, 10][3, 23][11, 17][18, 19] 
[21, 5, 6, 2, 10, 15, 29][13, 0, 18, 12, 8, 26][7, 24, 23, 9][1, 3, 11, 25][25, 28, 16, 27][4, 14, 20][19, 17, 22][14, 23][7, 10][3, 23][11, 17][18, 19] 
[21, 5, 6, 2, 10, 15, 29][13, 0, 18, 12, 8, 26][7, 24, 23, 9][1, 3, 11, 25][25, 28, 16, 27][19, 17, 22][4, 14, 20][7, 10][3, 23][11, 17][14, 23][18, 19] 
[21, 5, 6, 2, 10, 15, 29][13, 0, 18, 12, 8, 26][7, 24, 23, 9][1, 3, 11, 25][25, 28, 16, 27][4, 14, 20][19, 17, 22][14, 23][7, 10][3, 23][11, 17][18, 19] 
[21, 5, 6, 2, 10, 15, 29][13, 0, 18, 12, 8, 26][7, 24, 23, 9][1, 3, 11, 25][25, 28, 16, 27][4, 14, 20][19, 17, 22][14, 23][7, 10][3, 23][11, 17][18, 19] 
[21, 5, 6, 2, 10, 15, 29][13, 0, 18, 12, 8, 26][1, 3, 11, 25][25, 28, 16, 27][7, 24, 23, 9][19, 17, 22][4, 14, 20][11, 17][18, 19][3, 23][14, 23][7, 10] 
[21, 5, 6, 2, 10, 15, 29][13, 0, 18, 12, 8, 26][7, 24, 23, 9][1, 3, 11, 25][25, 28, 16, 27][4, 14, 20][19, 17, 22][14, 23][7, 10][3, 23][11, 17][18, 19] 
[21, 5, 6, 2, 10, 15, 29][13, 0, 18, 12, 8, 26][7, 24, 23, 9][1, 3, 11, 25][25, 28, 16, 27][4, 14, 20][19, 17, 22][14, 23][7, 10][3, 23][11, 17][18, 19] 
[21, 5, 6, 2, 10, 15, 29][13, 0, 18, 12, 8, 26][7, 24, 23, 9][1, 3, 11, 25][25, 28, 16, 27][18, 22, 17, 19][4, 14, 20][7, 10][14, 23][3, 23][11, 17][8, 26] 
[21, 5, 6, 2, 10, 15, 29][13, 0, 18, 12, 8, 26][7, 24, 23, 9][1, 3, 11, 25][25, 28, 16, 27][18, 22, 17, 19][4, 14, 20][7, 10][14, 23][3, 23][11, 17][8, 26] 
[21, 5, 6, 2, 10, 15, 29][13, 0, 18, 12, 8, 26][7, 24, 23, 9][1, 3, 11, 25][25, 28, 16, 27][18, 22, 17, 19][4, 14, 20][7, 10][14, 23][3, 23][11, 17][8, 26] 
[21, 5, 6, 2, 10, 15, 29][13, 0, 18, 12, 8, 26][7, 24, 23, 9][1, 3, 11, 25][25, 28, 16, 27][18, 22, 17, 19][4, 14, 20][7, 10][14, 23][3, 23][11, 17][8, 26] 
[21, 5, 6, 2, 10, 15, 29][13, 0, 18, 12, 8, 26][7, 24, 23, 9][1, 3, 11, 25][25, 28, 16, 27][18, 22, 17, 19][4, 14, 20][7, 10][14, 23][3, 23][11, 17][8, 26] 
[21, 5, 6, 2, 10, 15, 29][13, 0, 26, 8, 12, 19][25, 28, 16, 27][1, 3, 11, 25][18, 22, 17, 19][7, 24, 23, 9][4, 14, 20][11, 17][3, 23][14, 23][7, 10][8, 26] 
[21, 5, 6, 2, 10, 15, 29][13, 0, 12, 8, 26][18, 22, 17, 19][1, 3, 11, 25][25, 28, 16, 27][7, 24, 23, 9][4, 14, 20][12, 19][11, 17][3, 23][7, 10][14, 23] 
[21, 5, 6, 2, 10, 15, 29][13, 0, 12, 8, 26][18, 22, 17, 19][1, 3, 11, 25][25, 28, 16, 27][7, 24, 23, 9][4, 14, 20][12, 19][11, 17][3, 23][7, 10][14, 23] 
[21, 5, 6, 2, 10, 15, 29][13, 0, 12, 8, 26][18, 22, 17, 19][1, 3, 11, 25][25, 28, 16, 27][7, 24, 23, 9][4, 14, 20][12, 19][11, 17][3, 23][7, 10][14, 23] 
[21, 5, 6, 2, 10, 15, 29][13, 0, 12, 8, 26][18, 22, 17, 19][1, 3, 11, 25][25, 28, 16, 27][7, 24, 23, 9][4, 14, 20][12, 19][11, 17][3, 23][7, 10][14, 23] 
[21, 5, 6, 2, 10, 15, 29][13, 0, 12, 8, 26][18, 22, 17, 19][1, 3, 11, 25][25, 28, 16, 27][7, 24, 23, 9][4, 14, 20][12, 19][11, 17][3, 23][7, 10][14, 23] 
[21, 5, 6, 2, 10, 15, 29][13, 0, 18, 12, 8, 26][7, 24, 23, 9][1, 3, 11, 25][25, 28, 16, 27][4, 14, 20][19, 17, 22][14, 23][7, 10][3, 23][11, 17][18, 19] 
[21, 5, 6, 2, 10, 15, 29][13, 0, 12, 8, 26][18, 22, 17, 19][1, 3, 11, 25][25, 28, 16, 27][7, 24, 23, 9][4, 14, 20][12, 19][11, 17][3, 23][7, 10][14, 23] 
