[20, 7, 27, 2, 21][9, 14, 23, 4, 24][15, 5, 6, 13, 18][1, 3, 11, 25, 22][8, 26, 0, 12, 19][28, 16, 10, 29][14, 20][5, 21][6, 16][17, 28][17, 22][0, 18] 
[1, 3, 11, 17, 22, 25][8, 26, 0, 12, 19][15, 2, 27, 7, 20][9, 14, 23, 4, 24][5, 6, 13, 18][28, 16, 10, 29][5, 21][0, 18][17, 19][15, 29][14, 20][6, 16] 
[15, 2, 27, 7, 20][9, 14, 23, 4, 24][1, 3, 11, 25, 22][5, 6, 13, 18][8, 12, 0, 26][28, 16, 10, 29][5, 21, 15][19, 17, 28][14, 20][0, 18][12, 19][17, 22] 
[15, 2, 27, 7, 20][9, 14, 23, 4, 24][1, 3, 11, 25, 22][5, 6, 13, 18][8, 12, 0, 26][28, 16, 10, 29][5, 21, 15][19, 17, 28][14, 20][0, 18][12, 19][17, 22] 
[1, 3, 11, 17, 22, 25][8, 26, 0, 12, 19][15, 2, 27, 7, 20][9, 14, 23, 4, 24][5, 6, 13, 18][28, 16, 10, 29][5, 21][6, 16][0, 18][15, 29][17, 28][14, 20] 
[1, 3, 11, 17, 22, 25][8, 26, 0, 12, 19][15, 2, 27, 7, 20][9, 14, 23, 4, 24][5, 6, 13, 18][28, 16, 10, 29][5, 21][6, 16][0, 18][15, 29][17, 28][14, 20] 
[1, 3, 11, 17, 22, 25][8, 26, 0, 12, 19][15, 2, 27, 7, 20][9, 14, 23, 4, 24][5, 6, 13, 18][28, 16, 10, 29][5, 21][0, 18][17, 19][15, 29][14, 20][6, 16] 
[1, 3, 11, 17, 22, 25][8, 26, 0, 12, 19][15, 2, 27, 7, 20][9, 14, 23, 4, 24][5, 6, 13, 18][28, 16, 10, 29][6, 16][0, 18][17, 28][5, 21][15, 29][14, 20] 
[1, 3, 11, 17, 22, 25][8, 26, 0, 12, 19][15, 2, 27, 7, 20][9, 14, 23, 4, 24][5, 6, 13, 18][28, 16, 10, 29][6, 16][0, 18][17, 28][5, 21][15, 29][14, 20] 
[1, 3, 11, 17, 22, 25][8, 26, 0, 12, 19][15, 2, 27, 7, 20][9, 14, 23, 4, 24][5, 6, 13, 18][28, 16, 10, 29][6, 16][0, 18][17, 28][5, 21][15, 29][14, 20] 
[20, 7, 27, 2, 21][9, 14, 23, 4, 24][15, 5, 6, 13, 18][1, 3, 11, 25, 22][8, 26, 0, 12, 19][28, 16, 10, 29][14, 20][5, 21][6, 16][17, 28][17, 22][0, 18] 
[1, 3, 11, 17, 22, 25][8, 26, 0, 12, 19][15, 2, 27, 7, 20][9, 14, 23, 4, 24][5, 6, 13, 18][28, 16, 10, 29][5, 21][0, 18][17, 19][15, 29][14, 20][6, 16] 
[1, 3, 11, 25, 22][15, 2, 27, 7, 20][9, 14, 23, 4, 24][28, 16, 10, 29][8, 12, 0, 26][5, 6, 13, 18][19, 17, 28][5, 21, 15][17, 22][12, 19][0, 18][14, 20] 
[1, 3, 11, 17, 22, 25][8, 26, 0, 12, 19][15, 2, 27, 7, 20][9, 14, 23, 4, 24][28, 16, 10, 29][5, 6, 13, 18][17, 28][6, 16][0, 18][5, 21][15, 29][14, 20] 
[1, 3, 11, 17, 22, 25][15, 2, 27, 7, 20][9, 14, 23, 4, 24][8, 26, 0, 12, 19][28, 16, 10, 29][5, 6, 13, 18][17, 28][15, 29][6, 16][14, 20][0, 18][5, 21] 
[1, 3, 11, 17, 22, 25][15, 2, 27, 7, 20][9, 14, 23, 4, 24][8, 26, 0, 12, 19][28, 16, 10, 29][5, 6, 13, 18][17, 28][15, 29][6, 16][14, 20][0, 18][5, 21] 
[20, 7, 27, 2, 21][9, 14, 23, 4, 24][15, 5, 6, 13, 18][1, 3, 11, 25, 22][8, 26, 0, 12, 19][28, 16, 10, 29][14, 20][5, 21][6, 16][17, 28][17, 22][0, 18] 
[1, 3, 11, 17, 22, 25][8, 26, 0, 12, 19][15, 2, 27, 7, 20][9, 14, 23, 4, 24][5, 6, 13, 18][28, 16, 10, 29][5, 21][0, 18][17, 19][15, 29][14, 20][6, 16] 
[1, 3, 11, 17, 22, 25][15, 2, 27, 7, 20][9, 14, 23, 4, 24][8, 26, 0, 12, 19][28, 16, 10, 29][5, 6, 13, 18][17, 28][15, 29][6, 16][14, 20][0, 18][5, 21] 
[20, 7, 27, 2, 21][9, 14, 23, 4, 24][15, 5, 6, 13, 18][8, 26, 0, 12, 19][1, 3, 11, 25, 22][28, 16, 10, 29][14, 20][5, 21][6, 16][0, 18][17, 28][17, 22] 
[20, 7, 27, 2, 21][9, 14, 23, 4, 24][15, 5, 6, 13, 18][1, 3, 11, 25, 22][8, 26, 0, 12, 19][28, 16, 10, 29][14, 20][5, 21][6, 16][17, 28][17, 22][0, 18] 
[1, 3, 11, 17, 22, 25][8, 26, 0, 12, 19][15, 2, 27, 7, 20][9, 14, 23, 4, 24][5, 6, 13, 18][28, 16, 10, 29][5, 21][0, 18][17, 19][15, 29][14, 20][6, 16] 
[1, 3, 11, 25, 22][15, 2, 27, 7, 20][9, 14, 23, 4, 24][28, 16, 10, 29][8, 12, 0, 26][5, 6, 13, 18][19, 17, 28][5, 21, 15][17, 22][12, 19][0, 18][14, 20] 
[1, 3, 11, 17, 22, 25][15, 2, 27, 7, 20][9, 14, 23, 4, 24][8, 26, 0, 12, 19][28, 16, 10, 29][5, 6, 13, 18][17, 28][15, 29][6, 16][14, 20][0, 18][5, 21] 
[1, 3, 11, 17, 22, 25][15, 2, 27, 7, 20][9, 14, 23, 4, 24][8, 26, 0, 12, 19][28, 16, 10, 29][5, 6, 13, 18][17, 28][15, 29][6, 16][14, 20][0, 18][5, 21] 
[1, 3, 11, 17, 22, 25][15, 2, 27, 7, 20][9, 14, 23, 4, 24][8, 26, 0, 12, 19][28, 16, 10, 29][5, 6, 13, 18][17, 28][15, 29][6, 16][14, 20][0, 18][5, 21] 
[8, 26, 0, 12, 19][15, 5, 6, 13, 18][20, 7, 27, 2, 21][9, 14, 23, 4, 24][1, 3, 11, 25, 22][28, 16, 10, 29][0, 18][5, 21][6, 16][14, 20][17, 28][17, 22] 
[1, 3, 11, 17, 22, 25][8, 26, 0, 12, 19][15, 2, 27, 7, 20][9, 14, 23, 4, 24][5, 6, 13, 18][28, 16, 10, 29][5, 21][0, 18][17, 19][15, 29][14, 20][6, 16] 
[1, 3, 11, 17, 22, 25][9, 14, 23, 4, 24][15, 2, 27, 7, 20][8, 26, 0, 12, 19][28, 16, 10, 29][5, 6, 13, 18][14, 20][15, 29][17, 28][6, 16][0, 18][5, 21] 
[8, 26, 0, 12, 19][15, 5, 6, 13, 18][20, 7, 27, 2, 21][1, 3, 11, 25, 22][9, 14, 23, 4, 24][28, 16, 10, 29][0, 18][6, 16][5, 21][17, 28][17, 22][14, 20] 
[20, 7, 27, 2, 21][9, 14, 23, 4, 24][15, 5, 6, 13, 18][1, 3, 11, 25, 22][8, 26, 0, 12, 19][28, 16, 10, 29][14, 20][5, 21][6, 16][17, 28][17, 22][0, 18] 
[1, 3, 11, 17, 22, 25][8, 26, 0, 12, 19][15, 2, 27, 7, 20][9, 14, 23, 4, 24][5, 6, 13, 18][28, 16, 10, 29][5, 21][0, 18][17, 19][15, 29][14, 20][6, 16] 
[1, 3, 11, 17, 22, 25][8, 26, 0, 12, 19][15, 2, 27, 7, 20][9, 14, 23, 4, 24][28, 16, 10, 29][5, 6, 13, 18][17, 28][6, 16][0, 18][5, 21][15, 29][14, 20] 
[8, 26, 0, 12, 19][15, 5, 6, 13, 18][20, 7, 27, 2, 21][9, 14, 23, 4, 24][1, 3, 11, 25, 22][28, 16, 10, 29][0, 18][6, 16][5, 21][14, 20][17, 28][17, 22] 
[20, 7, 27, 2, 21][9, 14, 23, 4, 24][15, 5, 6, 13, 18][1, 3, 11, 25, 22][8, 26, 0, 12, 19][28, 16, 10, 29][14, 20][5, 21][6, 16][17, 28][17, 22][0, 18] 
[7, 28, 17, 22, 25, 11, 3, 9, 1, 24, 4, 14, 23][18, 13, 6, 16, 10, 29, 15, 5, 21, 2, 27, 7, 20][7, 28, 17, 22, 25, 11][17, 0, 26, 8, 19][17, 22][8, 19][12, 19][17, 22][17, 22][7, 28][17, 22][8, 19] 
[7, 28, 17, 22, 25, 11, 3, 9, 1, 24, 4, 14, 23][18, 13, 6, 16, 10, 29, 15, 5, 21, 2, 27, 7, 20][7, 28, 17, 22, 25, 11][17, 0, 26, 8, 19][17, 22][8, 19][12, 19][17, 22][17, 22][7, 28][17, 22][8, 19] 
[7, 28, 17, 22, 25, 11, 3, 9, 1, 24, 4, 14, 23][18, 13, 6, 16, 10, 29, 15, 5, 21, 2, 27, 7, 20][7, 28, 17, 22, 25, 11][17, 0, 26, 8, 19][17, 22][8, 19][12, 19][17, 22][17, 22][7, 28][17, 22][8, 19] 
[18, 13, 6, 16, 10, 29, 15, 5, 21, 2, 27, 7, 20][7, 28, 17, 22, 25, 11, 3, 23][3, 9, 1, 24, 4, 14][17, 0, 26, 8, 19][12, 19][22, 25][17, 22][17, 22][17, 22][22, 25][17, 22][17, 22] 
[18, 13, 6, 16, 10, 29, 15, 5, 21, 2, 27, 7, 20][7, 28, 17, 22, 25, 11, 3, 23][3, 9, 1, 24, 4, 14][17, 0, 26, 8, 19][12, 19][22, 25][17, 22][17, 22][17, 22][22, 25][17, 22][17, 22] 
[18, 13, 6, 16, 10, 29, 15, 5, 21, 2, 27, 7, 20][23, 14, 4, 24, 1, 9, 3, 11, 25, 22, 17, 28][17, 0, 26, 8, 19][12, 19][7, 28][22, 25][17, 22][17, 22][17, 22][22, 25][17, 22][17, 22] 
[7, 28, 17, 22, 25, 11, 3, 9, 1, 24, 4, 14, 23][18, 13, 6, 16, 10, 29, 15, 5, 21, 2, 27, 7, 20][7, 28, 17, 22, 25, 11][17, 0, 26, 8, 19][17, 22][8, 19][12, 19][17, 22][17, 22][7, 28][17, 22][8, 19] 
[7, 28, 17, 22, 25, 11, 3, 9, 1, 24, 4, 14, 23][18, 13, 6, 16, 10, 29, 15, 5, 21, 2, 27, 7, 20][17, 0, 26, 8, 19][8, 19][12, 19][17, 22][17, 22][17, 22][17, 22][17, 22][17, 22][8, 19] 
[18, 13, 6, 16, 10, 29, 15, 5, 21, 2, 27, 7, 20][7, 28, 17, 22, 25, 11, 3, 23][3, 9, 1, 24, 4, 14][17, 0, 26, 8, 19][12, 19][22, 25][17, 22][17, 22][17, 22][22, 25][17, 22][17, 22] 
[7, 28, 17, 22, 25, 11, 3, 9, 1, 24, 4, 14, 23][18, 13, 6, 16, 10, 29, 15, 5, 21, 2, 27, 7, 20][7, 28, 17, 22, 25, 11][17, 0, 26, 8, 19][17, 22][12, 19][17, 22][7, 28][17, 22][17, 22][8, 19][17, 22] 
[7, 28, 17, 22, 25, 11, 3, 9, 1, 24, 4, 14, 23][18, 13, 6, 16, 10, 29, 15, 5, 21, 2, 27, 7, 20][7, 28, 17, 22, 25, 11][17, 0, 26, 8, 19][17, 22][8, 19][12, 19][17, 22][17, 22][7, 28][17, 22][8, 19] 
[7, 28, 17, 22, 25, 11, 3, 9, 1, 24, 4, 14, 23][18, 13, 6, 16, 10, 29, 15, 5, 21, 2, 27, 7, 20][7, 28, 17, 22, 25, 11][17, 0, 26, 8, 19][17, 22][8, 19][12, 19][17, 22][17, 22][7, 28][17, 22][8, 19] 
[18, 13, 6, 16, 10, 29, 15, 5, 21, 2, 27, 7, 20][7, 28, 17, 22, 25, 11, 3, 23][3, 9, 1, 24, 4, 14][17, 0, 26, 8, 19][12, 19][22, 25][17, 22][17, 22][17, 22][22, 25][17, 22][17, 22] 
[7, 28, 17, 22, 25, 11, 3, 9, 1, 24, 4, 14, 23][18, 13, 6, 16, 10, 29, 15, 5, 21, 2, 27, 7, 20][7, 28, 17, 22, 25, 11][17, 0, 26, 8, 19][17, 22][8, 19][12, 19][17, 22][17, 22][7, 28][17, 22][8, 19] 
[7, 28, 17, 22, 25, 11, 3, 9, 1, 24, 4, 14, 23][18, 13, 6, 16, 10, 29, 15, 5, 21, 2, 27, 7, 20][7, 28, 17, 22, 25, 11][17, 0, 26, 8, 19][17, 22][8, 19][12, 19][17, 22][17, 22][7, 28][17, 22][8, 19] 
[7, 28, 17, 22, 25, 11, 3, 9, 1, 24, 4, 14, 23][18, 13, 6, 16, 10, 29, 15, 5, 21, 2, 27, 7, 20][17, 0, 26, 8, 19][17, 22][12, 19][17, 22][22, 25][17, 22][17, 22][22, 25][17, 22][17, 22] 
[18, 13, 6, 16, 10, 29, 15, 5, 21, 2, 27, 7, 20][7, 28, 17, 22, 25, 11, 3, 9, 1, 24, 4, 14, 23][17, 0, 26, 8, 19][17, 22][7, 28][8, 19][12, 19][17, 22][22, 25][22, 25][17, 22][17, 22] 
[7, 28, 17, 22, 25, 11, 3, 9, 1, 24, 4, 14, 23][18, 13, 6, 16, 10, 29, 15, 5, 21, 2, 27, 7, 20][18, 13, 6, 10, 2, 7, 20][17, 0, 26, 8, 19][12, 19][8, 19][17, 22][17, 22][22, 25][17, 22][17, 22][17, 22] 
[7, 28, 17, 22, 25, 11, 3, 9, 1, 24, 4, 14, 23][18, 13, 6, 16, 10, 29, 15, 5, 21, 2, 27, 7, 20][17, 0, 26, 8, 19][17, 22][12, 19][17, 22][17, 22][22, 25][17, 22][17, 22][17, 22][17, 22] 
[7, 28, 17, 22, 25, 11, 3, 9, 1, 24, 4, 14, 23][18, 13, 6, 16, 10, 29, 15, 5, 21, 2, 27, 7, 20][17, 0, 26, 8, 19][12, 19][17, 22][17, 22][17, 22][17, 22][17, 22][17, 22][22, 25][22, 25] 
[7, 28, 17, 22, 25, 11, 3, 9, 1, 24, 4, 14, 23][18, 13, 6, 16, 10, 29, 15, 5, 21, 2, 27, 7, 20][17, 0, 26, 8, 19][8, 19][12, 19][17, 22][17, 22][17, 22][17, 22][17, 22][17, 22][8, 19] 
[1, 3, 11, 17, 22, 25][8, 26, 0, 12, 19][15, 2, 27, 7, 20][9, 14, 23, 4, 24][5, 6, 13, 18][28, 16, 10, 29][6, 16][0, 18][17, 28][5, 21][15, 29][14, 20] 
[1, 3, 11, 17, 22, 25][8, 26, 0, 12, 19][15, 2, 27, 7, 20][9, 14, 23, 4, 24][5, 6, 13, 18][28, 16, 10, 29][5, 21][6, 16][0, 18][15, 29][17, 28][14, 20] 
[1, 3, 11, 17, 22, 25][15, 2, 27, 7, 20][9, 14, 23, 4, 24][8, 26, 0, 12, 19][28, 16, 10, 29][5, 6, 13, 18][17, 28][15, 29][6, 16][14, 20][0, 18][5, 21] 
[1, 3, 11, 17, 22, 25][15, 2, 27, 7, 20][9, 14, 23, 4, 24][8, 26, 0, 12, 19][28, 16, 10, 29][5, 6, 13, 18][17, 28][15, 29][6, 16][14, 20][0, 18][5, 21] 
[1, 3, 11, 17, 22, 25][8, 26, 0, 12, 19][15, 2, 27, 7, 20][9, 14, 23, 4, 24][28, 16, 10, 29][5, 6, 13, 18][6, 16][17, 28][0, 18][5, 21][15, 29][14, 20] 
[1, 3, 11, 17, 22, 25][15, 2, 27, 7, 20][9, 14, 23, 4, 24][8, 26, 0, 12, 19][28, 16, 10, 29][5, 6, 13, 18][17, 28][15, 29][6, 16][14, 20][0, 18][5, 21] 
[1, 3, 11, 17, 22, 25][8, 26, 0, 12, 19][15, 2, 27, 7, 20][9, 14, 23, 4, 24][28, 16, 10, 29][5, 6, 13, 18][6, 16][17, 28][0, 18][5, 21][15, 29][14, 20] 
[1, 3, 11, 17, 22, 25][15, 2, 27, 7, 20][9, 14, 23, 4, 24][8, 26, 0, 12, 19][28, 16, 10, 29][5, 6, 13, 18][17, 28][15, 29][6, 16][14, 20][0, 18][5, 21] 
[1, 3, 11, 17, 22, 25][15, 2, 27, 7, 20][9, 14, 23, 4, 24][8, 26, 0, 12, 19][28, 16, 10, 29][5, 6, 13, 18][17, 28][15, 29][6, 16][14, 20][0, 18][5, 21] 
[1, 3, 11, 17, 22, 25][8, 26, 0, 12, 19][15, 2, 27, 7, 20][9, 14, 23, 4, 24][5, 6, 13, 18][28, 16, 10, 29][5, 21][6, 16][0, 18][15, 29][17, 28][14, 20] 
[1, 3, 11, 17, 22, 25][15, 2, 27, 7, 20][9, 14, 23, 4, 24][8, 26, 0, 12, 19][28, 16, 10, 29][5, 6, 13, 18][17, 28][15, 29][6, 16][14, 20][0, 18][5, 21] 
[1, 3, 11, 17, 22, 25][15, 2, 27, 7, 20][9, 14, 23, 4, 24][8, 26, 0, 12, 19][28, 16, 10, 29][5, 6, 13, 18][17, 28][15, 29][6, 16][14, 20][0, 18][5, 21] 
[1, 3, 11, 17, 22, 25][15, 2, 27, 7, 20][9, 14, 23, 4, 24][8, 26, 0, 12, 19][28, 16, 10, 29][5, 6, 13, 18][17, 28][15, 29][6, 16][14, 20][0, 18][5, 21] 
[1, 3, 11, 17, 22, 25][15, 2, 27, 7, 20][9, 14, 23, 4, 24][8, 26, 0, 12, 19][28, 16, 10, 29][5, 6, 13, 18][17, 28][15, 29][6, 16][14, 20][0, 18][5, 21] 
[1, 3, 11, 17, 22, 25][15, 2, 27, 7, 20][9, 14, 23, 4, 24][8, 26, 0, 12, 19][28, 16, 10, 29][5, 6, 13, 18][17, 28][15, 29][6, 16][14, 20][0, 18][5, 21] 
[1, 3, 11, 25, 22][15, 5, 6, 13, 18][20, 7, 27, 2, 21][9, 14, 23, 4, 24][8, 26, 0, 12, 19][28, 16, 10, 29][17, 22][17, 28][6, 16][5, 21][14, 20][0, 18] 
[1, 3, 11, 25, 22][15, 5, 6, 13, 18][20, 7, 27, 2, 21][9, 14, 23, 4, 24][8, 26, 0, 12, 19][28, 16, 10, 29][17, 22][17, 28][6, 16][5, 21][14, 20][0, 18] 
[20, 7, 27, 2, 21][9, 14, 23, 4, 24][15, 5, 6, 13, 18][1, 3, 11, 25, 22][8, 26, 0, 12, 19][28, 16, 10, 29][14, 20][5, 21][6, 16][17, 28][17, 22][0, 18] 
[20, 7, 27, 2, 21][9, 14, 23, 4, 24][15, 5, 6, 13, 18][1, 3, 11, 25, 22][8, 26, 0, 12, 19][28, 16, 10, 29][14, 20][5, 21][6, 16][17, 28][17, 22][0, 18] 
[20, 7, 27, 2, 21][15, 5, 6, 13, 18][9, 14, 23, 4, 24][1, 3, 11, 25, 22][8, 26, 0, 12, 19][28, 16, 10, 29][5, 21][6, 16][14, 20][17, 28][17, 22][0, 18] 
[1, 3, 11, 25, 22][15, 5, 6, 13, 18][20, 7, 27, 2, 21][9, 14, 23, 4, 24][28, 16, 10, 29][8, 26, 0, 12][19, 17, 28][17, 22][12, 19][0, 18][5, 21][14, 20] 
[1, 3, 11, 17, 22, 25][8, 26, 0, 12, 19][15, 2, 27, 7, 20][9, 14, 23, 4, 24][5, 6, 13, 18][28, 16, 10, 29][5, 21][6, 16][0, 18][15, 29][17, 28][14, 20] 
[1, 3, 11, 17, 22, 25][15, 2, 27, 7, 20][9, 14, 23, 4, 24][8, 26, 0, 12, 19][28, 16, 10, 29][5, 6, 13, 18][17, 28][15, 29][6, 16][14, 20][0, 18][5, 21] 
[1, 3, 11, 17, 22, 25][15, 2, 27, 7, 20][9, 14, 23, 4, 24][8, 26, 0, 12, 19][28, 16, 10, 29][5, 6, 13, 18][17, 28][15, 29][6, 16][14, 20][0, 18][5, 21] 
[1, 3, 11, 17, 22, 25][8, 26, 0, 12, 19][15, 2, 27, 7, 20][9, 14, 23, 4, 24][5, 6, 13, 18][28, 16, 10, 29][0, 18][5, 21][6, 16][17, 28][15, 29][14, 20] 
[1, 3, 11, 17, 22, 25][15, 2, 27, 7, 20][9, 14, 23, 4, 24][8, 26, 0, 12, 19][28, 16, 10, 29][5, 6, 13, 18][17, 28][15, 29][6, 16][14, 20][0, 18][5, 21] 
[1, 3, 11, 17, 22, 25][8, 26, 0, 12, 19][15, 2, 27, 7, 20][9, 14, 23, 4, 24][5, 6, 13, 18][28, 16, 10, 29][5, 21][6, 16][0, 18][15, 29][17, 28][14, 20] 
[1, 3, 11, 17, 22, 25][8, 26, 0, 12, 19][15, 2, 27, 7, 20][9, 14, 23, 4, 24][5, 6, 13, 18][28, 16, 10, 29][6, 16][0, 18][17, 28][5, 21][15, 29][14, 20] 
[8, 26, 0, 12, 19][15, 5, 6, 13, 18][20, 7, 27, 2, 21][9, 14, 23, 4, 24][1, 3, 11, 25, 22][28, 16, 10, 29][0, 18][6, 16][5, 21][14, 20][17, 28][17, 22] 
[1, 3, 11, 25, 22][15, 5, 6, 13, 18][20, 7, 27, 2, 21][9, 14, 23, 4, 24][8, 26, 0, 12, 19][28, 16, 10, 29][17, 22][17, 28][6, 16][5, 21][14, 20][0, 18] 
[15, 5, 6, 13, 18][8, 26, 0, 12, 19][20, 7, 27, 2, 21][9, 14, 23, 4, 24][1, 3, 11, 25, 22][28, 16, 10, 29][0, 18][5, 21][14, 20][6, 16][17, 28][17, 22] 
[9, 14, 23, 4, 24][20, 7, 27, 2, 21][15, 5, 6, 13, 18][8, 26, 0, 12, 19][1, 3, 11, 25, 22][28, 16, 10, 29][14, 20][5, 21][6, 16][0, 18][17, 28][17, 22] 
[20, 7, 27, 2, 21][9, 14, 23, 4, 24][15, 5, 6, 13, 18][1, 3, 11, 25, 22][8, 26, 0, 12, 19][28, 16, 10, 29][14, 20][5, 21][6, 16][17, 28][17, 22][0, 18] 
[20, 7, 27, 2, 21][9, 14, 23, 4, 24][15, 5, 6, 13, 18][1, 3, 11, 25, 22][8, 26, 0, 12, 19][28, 16, 10, 29][14, 20][5, 21][6, 16][17, 28][17, 22][0, 18] 
[1, 3, 11, 25, 22][15, 5, 6, 13, 18][20, 7, 27, 2, 21][9, 14, 23, 4, 24][8, 26, 0, 12, 19][28, 16, 10, 29][17, 22][17, 28][6, 16][5, 21][14, 20][0, 18] 
[20, 7, 27, 2, 21][9, 14, 23, 4, 24][15, 5, 6, 13, 18][1, 3, 11, 25, 22][8, 26, 0, 12, 19][28, 16, 10, 29][14, 20][5, 21][6, 16][17, 28][17, 22][0, 18] 
[20, 7, 27, 2, 21][9, 14, 23, 4, 24][15, 5, 6, 13, 18][1, 3, 11, 25, 22][8, 26, 0, 12, 19][28, 16, 10, 29][14, 20][5, 21][6, 16][17, 28][17, 22][0, 18] 
[15, 5, 6, 13, 18][8, 26, 0, 12, 19][20, 7, 27, 2, 21][9, 14, 23, 4, 24][1, 3, 11, 25, 22][28, 16, 10, 29][0, 18][5, 21][14, 20][6, 16][17, 28][17, 22] 
[20, 7, 27, 2, 21][9, 14, 23, 4, 24][15, 5, 6, 13, 18][1, 3, 11, 25, 22][8, 26, 0, 12, 19][28, 16, 10, 29][14, 20][5, 21][6, 16][17, 28][17, 22][0, 18] 
[20, 7, 27, 2, 21][9, 14, 23, 4, 24][15, 5, 6, 13, 18][1, 3, 11, 25, 22][8, 26, 0, 12, 19][28, 16, 10, 29][14, 20][5, 21][6, 16][17, 28][17, 22][0, 18] 
[9, 14, 23, 4, 24][20, 7, 27, 2, 21][15, 5, 6, 13, 18][8, 26, 0, 12, 19][1, 3, 11, 25, 22][28, 16, 10, 29][14, 20][5, 21][6, 16][0, 18][17, 28][17, 22] 
[8, 26, 0, 12, 19][15, 5, 6, 13, 18][20, 7, 27, 2, 21][1, 3, 11, 25, 22][9, 14, 23, 4, 24][28, 16, 10, 29][0, 18][6, 16][5, 21][17, 28][17, 22][14, 20] 
[9, 14, 23, 4, 24][20, 7, 27, 2, 21][15, 5, 6, 13, 18][8, 26, 0, 12, 19][1, 3, 11, 25, 22][28, 16, 10, 29][14, 20][5, 21][0, 18][6, 16][17, 28][17, 22] 
[9, 14, 23, 4, 24][20, 7, 27, 2, 21][15, 5, 6, 13, 18][8, 26, 0, 12, 19][1, 3, 11, 25, 22][28, 16, 10, 29][19, 17, 28][14, 20][5, 21][6, 16][12, 19][17, 22] 
[9, 14, 23, 4, 24][20, 7, 27, 2, 21][15, 5, 6, 13, 18][8, 26, 0, 12, 19][1, 3, 11, 25, 22][28, 16, 10, 29][19, 17, 28][14, 20][5, 21][6, 16][12, 19][17, 22] 
[9, 14, 23, 4, 24][20, 7, 27, 2, 21][15, 5, 6, 13, 18][8, 26, 0, 12, 19][1, 3, 11, 25, 22][28, 16, 10, 29][19, 17, 28][14, 20][5, 21][6, 16][12, 19][17, 22] 
[9, 14, 23, 4, 24][20, 7, 27, 2, 21][15, 5, 6, 13, 18][8, 26, 0, 12, 19][1, 3, 11, 25, 22][28, 16, 10, 29][19, 17, 28][14, 20][5, 21][6, 16][12, 19][17, 22] 
[8, 26, 0, 12, 19][15, 5, 6, 13, 18][1, 3, 11, 25, 22][20, 7, 27, 2, 21][9, 14, 23, 4, 24][28, 16, 10, 29][19, 17, 28][12, 19][6, 16][17, 22][5, 21][14, 20] 
[8, 26, 0, 12, 19][15, 5, 6, 13, 18][1, 3, 11, 25, 22][20, 7, 27, 2, 21][9, 14, 23, 4, 24][28, 16, 10, 29][19, 17, 28][12, 19][6, 16][17, 22][5, 21][14, 20] 
[1, 3, 11, 17, 22, 25][8, 26, 0, 12, 19][15, 2, 27, 7, 20][9, 14, 23, 4, 24][28, 16, 10, 29][5, 6, 13, 18][6, 16][17, 28][0, 18][5, 21][15, 29][14, 20] 
[1, 3, 11, 17, 22, 25][15, 2, 27, 7, 20][9, 14, 23, 4, 24][8, 26, 0, 12, 19][28, 16, 10, 29][5, 6, 13, 18][17, 28][15, 29][6, 16][14, 20][0, 18][5, 21] 
[1, 3, 11, 17, 22, 25][9, 14, 23, 4, 24][15, 2, 27, 7, 20][8, 26, 0, 12, 19][28, 16, 10, 29][5, 6, 13, 18][14, 20][15, 29][17, 28][6, 16][0, 18][5, 21] 
[1, 3, 11, 17, 22, 25][8, 26, 0, 12, 19][15, 2, 27, 7, 20][9, 14, 23, 4, 24][5, 6, 13, 18][28, 16, 10, 29][6, 16][0, 18][17, 28][5, 21][15, 29][14, 20] 
[1, 3, 11, 17, 22, 25][15, 2, 27, 7, 20][9, 14, 23, 4, 24][8, 26, 0, 12, 19][28, 16, 10, 29][5, 6, 13, 18][17, 28][15, 29][6, 16][14, 20][0, 18][5, 21] 
[9, 14, 23, 4, 24][20, 7, 27, 2, 21][15, 5, 6, 13, 18][8, 26, 0, 12, 19][1, 3, 11, 25, 22][28, 16, 10, 29][14, 20][5, 21][0, 18][6, 16][17, 28][17, 22] 
[1, 3, 11, 17, 22, 25][15, 2, 27, 7, 20][9, 14, 23, 4, 24][8, 26, 0, 12, 19][28, 16, 10, 29][5, 6, 13, 18][17, 28][15, 29][6, 16][14, 20][0, 18][5, 21] 
