[5, 15, 27, 7, 20, 23][10, 16, 28, 25, 11][13, 6, 21, 2, 29][9, 1, 24, 14][8, 19, 17, 22][12, 18, 0, 26][3, 1, 4][14, 20][3, 11][11, 17][18, 22][0, 13] 
[10, 16, 28, 25, 11][5, 15, 27, 7, 20][13, 6, 21, 2, 29][8, 19, 17, 22][12, 18, 0, 26][4, 1, 3, 23][9, 1, 24, 14][11, 17][18, 22][3, 11][14, 20][0, 13] 
[10, 16, 28, 25, 11][5, 15, 27, 7, 20][13, 6, 21, 2, 29][8, 19, 17, 22][9, 1, 24, 14][12, 18, 0, 26][11, 3, 23][3, 1, 4][11, 17][14, 20][18, 22][0, 13] 
[10, 16, 28, 25, 11][13, 6, 21, 2, 29][5, 15, 27, 7, 20][8, 19, 17, 22][12, 18, 0, 26][9, 1, 24, 14][11, 3, 23][3, 1, 4][18, 22][11, 17][0, 13][14, 20] 
[10, 16, 28, 25, 11][13, 6, 21, 2, 29][5, 15, 27, 7, 20][12, 18, 0, 26][8, 19, 17, 22][4, 1, 3, 23][9, 1, 24, 14][18, 22][11, 17][3, 11][0, 13][14, 20] 
[13, 6, 21, 2, 29][10, 16, 28, 25, 11][5, 15, 27, 7, 20][12, 18, 0, 26][8, 19, 17, 22][4, 1, 3, 23][9, 1, 24, 14][0, 13][18, 22][11, 17][3, 11][14, 20] 
[10, 16, 28, 25, 11][5, 15, 27, 7, 20][13, 6, 21, 2, 29][8, 19, 17, 22][12, 18, 0, 26][4, 1, 3, 23][9, 1, 24, 14][11, 17][18, 22][3, 11][14, 20][0, 13] 
[5, 15, 27, 7, 20][10, 16, 28, 25, 11][13, 6, 21, 2, 29][9, 1, 24, 14][4, 1, 3, 23][8, 19, 17, 22][12, 18, 0, 26][14, 20][3, 11][11, 17][18, 22][0, 13] 
[10, 16, 28, 25, 11][13, 6, 21, 2, 29][5, 15, 27, 7, 20][8, 19, 17, 22][12, 18, 0, 26][4, 1, 3, 23][9, 1, 24, 14][18, 22][11, 17][3, 11][0, 13][14, 20] 
[10, 16, 28, 25, 11][13, 6, 21, 2, 29][5, 15, 27, 7, 20][8, 19, 17, 22][12, 18, 0, 26][4, 1, 3, 23][9, 1, 24, 14][18, 22][11, 17][3, 11][0, 13][14, 20] 
[5, 15, 27, 7, 20, 23][10, 16, 28, 25, 11][13, 6, 21, 2, 29][9, 1, 24, 14][8, 19, 17, 22][12, 18, 0, 26][3, 1, 4][14, 20][3, 11][11, 17][18, 22][0, 13] 
[13, 6, 21, 2, 29][10, 16, 28, 25, 11][5, 15, 27, 7, 20][12, 18, 0, 26][8, 19, 17, 22][4, 1, 3, 23][9, 1, 24, 14][0, 13][18, 22][11, 17][3, 11][14, 20] 
[5, 15, 27, 7, 20][10, 16, 28, 25, 11][13, 6, 21, 2, 29][9, 1, 24, 14][8, 19, 17, 22][12, 18, 0, 26][3, 1, 4][11, 3, 23][14, 20][11, 17][18, 22][0, 13] 
[5, 15, 27, 7, 20][10, 16, 28, 25, 11][13, 6, 21, 2, 29][9, 1, 24, 14][4, 1, 3, 23][8, 19, 17, 22][12, 18, 0, 26][14, 20][3, 11][11, 17][18, 22][0, 13] 
[5, 15, 27, 7, 20][10, 16, 28, 25, 11][13, 6, 21, 2, 29][9, 1, 24, 14][4, 1, 3, 23][8, 19, 17, 22][12, 18, 0, 26][14, 20][3, 11][11, 17][18, 22][0, 13] 
[5, 15, 27, 7, 20][10, 16, 28, 25, 11][13, 6, 21, 2, 29][9, 1, 24, 14][4, 1, 3, 23][8, 19, 17, 22][12, 18, 0, 26][14, 20][3, 11][11, 17][18, 22][0, 13] 
[5, 15, 27, 7, 20, 23][10, 16, 28, 25, 11][13, 6, 21, 2, 29][9, 1, 24, 14][8, 19, 17, 22][12, 18, 0, 26][3, 1, 4][14, 20][3, 11][11, 17][18, 22][0, 13] 
[10, 16, 28, 25, 11][9, 1, 24, 14, 23][5, 15, 27, 7, 20][13, 6, 21, 2, 29][8, 19, 17, 22][12, 18, 0, 26][3, 1, 4][11, 17][3, 11][18, 22][14, 20][0, 13] 
[5, 15, 27, 7, 20][10, 16, 28, 25, 11][13, 6, 21, 2, 29][9, 1, 24, 14][4, 1, 3, 23][8, 19, 17, 22][12, 18, 0, 26][14, 20][3, 11][11, 17][18, 22][0, 13] 
[5, 15, 27, 7, 20, 23][10, 16, 28, 25, 11][13, 6, 21, 2, 29][9, 1, 24, 14][8, 19, 17, 22][12, 18, 0, 26][3, 1, 4][14, 20][3, 11][11, 17][18, 22][0, 13] 
[5, 15, 27, 7, 20, 23][10, 16, 28, 25, 11][13, 6, 21, 2, 29][9, 1, 24, 14][8, 19, 17, 22][12, 18, 0, 26][3, 1, 4][14, 20][3, 11][11, 17][18, 22][0, 13] 
[10, 16, 28, 25, 11][5, 15, 27, 7, 20][13, 6, 21, 2, 29][4, 1, 3, 23][9, 1, 24, 14][8, 19, 17, 22][12, 18, 0, 26][3, 11][14, 20][11, 17][18, 22][0, 13] 
[10, 16, 28, 25, 11][5, 15, 27, 7, 20][13, 6, 21, 2, 29][9, 1, 24, 14][8, 19, 17, 22][12, 18, 0, 26][3, 1, 4][11, 3, 23][14, 20][11, 17][18, 22][0, 13] 
[13, 6, 21, 2, 29][10, 16, 28, 25, 11][5, 15, 27, 7, 20][12, 18, 0, 26][8, 19, 17, 22][4, 1, 3, 23][9, 1, 24, 14][0, 13][18, 22][11, 17][3, 11][14, 20] 
[10, 16, 28, 25, 11][5, 15, 27, 7, 20][13, 6, 21, 2, 29][8, 19, 17, 22][4, 1, 3, 23][9, 1, 24, 14][12, 18, 0, 26][11, 17][3, 11][14, 20][18, 22][0, 13] 
[5, 15, 27, 7, 20][10, 16, 28, 25, 11][13, 6, 21, 2, 29][9, 1, 24, 14][4, 1, 3, 23][8, 19, 17, 22][12, 18, 0, 26][14, 20][3, 11][11, 17][18, 22][0, 13] 
[5, 15, 27, 7, 20, 23][10, 16, 28, 25, 11][13, 6, 21, 2, 29][9, 1, 24, 14][8, 19, 17, 22][12, 18, 0, 26][3, 1, 4][14, 20][3, 11][11, 17][18, 22][0, 13] 
[10, 16, 28, 25, 11][13, 6, 21, 2, 29][5, 15, 27, 7, 20][8, 19, 17, 22][12, 18, 0, 26][4, 1, 3, 23][9, 1, 24, 14][18, 22][11, 17][3, 11][0, 13][14, 20] 
[10, 16, 28, 25, 11][5, 15, 27, 7, 20][13, 6, 21, 2, 29][8, 19, 17, 22][4, 1, 3, 23][9, 1, 24, 14][12, 18, 0, 26][11, 17][3, 11][14, 20][18, 22][0, 13] 
[5, 15, 27, 7, 20, 23][10, 16, 28, 25, 11][13, 6, 21, 2, 29][9, 1, 24, 14][8, 19, 17, 22][12, 18, 0, 26][3, 1, 4][14, 20][3, 11][11, 17][18, 22][0, 13] 
[5, 15, 27, 7, 20, 23][10, 16, 28, 25, 11][13, 6, 21, 2, 29][8, 19, 17, 22][12, 18, 0, 26][9, 1, 24, 14][3, 1, 4][11, 17][18, 22][0, 13][3, 11][14, 20] 
[13, 6, 21, 2, 29][10, 16, 28, 25, 11][5, 15, 27, 7, 20][12, 18, 0, 26][8, 19, 17, 22][4, 1, 3, 23][9, 1, 24, 14][0, 13][18, 22][11, 17][3, 11][14, 20] 
[10, 16, 28, 25, 11][13, 6, 21, 2, 29][5, 15, 27, 7, 20][8, 19, 17, 22][12, 18, 0, 26][4, 1, 3, 23][9, 1, 24, 14][18, 22][11, 17][3, 11][0, 13][14, 20] 
[5, 15, 27, 7, 20, 23][10, 16, 28, 25, 11][13, 6, 21, 2, 29][8, 19, 17, 22][12, 18, 0, 26][9, 1, 24, 14][3, 1, 4][11, 17][18, 22][0, 13][3, 11][14, 20] 
[5, 15, 27, 7, 20, 23][10, 16, 28, 25, 11][13, 6, 21, 2, 29][9, 1, 24, 14][8, 19, 17, 22][12, 18, 0, 26][3, 1, 4][14, 20][3, 11][11, 17][18, 22][0, 13] 
[17, 0, 13, 6, 16, 27, 29, 2, 10, 15, 5, 21][1, 9, 14, 24, 4, 20, 23, 3, 11, 17, 12, 18][25, 22, 19, 8, 26, 0, 28, 7, 27][0, 13, 6][22, 25][0, 13][22, 25][0, 13][0, 13][3, 11][0, 28][22, 25] 
[17, 0, 13, 6, 16, 27, 29, 2, 10, 15, 5, 21][1, 9, 14, 24, 4, 20, 23, 3, 11, 17, 12, 18][25, 22, 19, 8, 26, 0, 28, 7, 27][0, 13, 6][22, 25][0, 13][22, 25][0, 13][0, 13][3, 11][0, 28][22, 25] 
[17, 0, 13, 6, 16, 27, 29, 2, 10, 15, 5, 21][1, 9, 14, 24, 4, 20, 23, 3, 11, 17, 12, 18][25, 22, 19, 8, 26, 0, 28, 7, 27][0, 13, 6][22, 25][0, 13][22, 25][0, 13][0, 13][3, 11][0, 28][22, 25] 
[1, 9, 14, 24, 4, 20, 23, 3, 11, 17, 12, 18][0, 13, 6, 16, 27, 29, 2, 10, 15, 5, 21][7, 28, 0, 26, 8, 19, 22, 25][6, 13, 0, 17][3, 11][0, 13][0, 13][0, 13][0, 13][0, 13][0, 13][8, 26] 
[1, 9, 14, 24, 4, 20, 23, 3, 11, 17, 12, 18][0, 13, 6, 16, 27, 29, 2, 10, 15, 5, 21][7, 28, 0, 26, 8, 19, 22, 25][6, 13, 0, 17][3, 11][0, 13][0, 13][0, 13][0, 13][0, 13][0, 13][8, 26] 
[1, 9, 14, 24, 4, 20, 23, 3, 11, 17, 12, 18][0, 13, 6, 16, 27, 29, 2, 10, 15, 5, 21][7, 28, 0, 26, 8, 19, 22, 25][0, 28][0, 13][0, 13][3, 11][0, 13][8, 26][0, 13][0, 17][0, 13] 
[17, 0, 13, 6, 16, 27, 29, 2, 10, 15, 5, 21][1, 9, 14, 24, 4, 20, 23, 3, 11, 17, 12, 18][25, 22, 19, 8, 26, 0, 28, 7, 27][0, 13, 6][22, 25][0, 13][22, 25][0, 13][0, 13][3, 11][0, 28][22, 25] 
[17, 0, 13, 6, 16, 27, 29, 2, 10, 15, 5, 21][1, 9, 14, 24, 4, 20, 23, 3, 11, 17, 12, 18][25, 22, 19, 8, 26, 0, 28, 7, 27][0, 13, 6][0, 13][0, 13][8, 26][22, 25][3, 11][0, 13][0, 13][0, 28] 
[1, 9, 14, 24, 4, 20, 23, 3, 11, 17, 12, 18][0, 13, 6, 16, 27, 29, 2, 10, 15, 5, 21][7, 28, 0, 26, 8, 19, 22, 25][6, 13, 0, 17][3, 11][0, 13][0, 13][0, 13][0, 13][0, 13][0, 13][8, 26] 
[17, 0, 13, 6, 16, 27, 29, 2, 10, 15, 5, 21][1, 9, 14, 24, 4, 20, 23, 3, 11, 17, 12, 18][25, 22, 19, 8, 26, 0, 28, 7, 27][0, 13, 6][22, 25][0, 13][22, 25][0, 13][0, 13][3, 11][0, 28][22, 25] 
[17, 0, 13, 6, 16, 27, 29, 2, 10, 15, 5, 21][1, 9, 14, 24, 4, 20, 23, 3, 11, 17, 12, 18][25, 22, 19, 8, 26, 0, 28, 7, 27][0, 13, 6][22, 25][0, 13][22, 25][0, 13][0, 13][3, 11][0, 28][22, 25] 
[17, 0, 13, 6, 16, 27, 29, 2, 10, 15, 5, 21][1, 9, 14, 24, 4, 20, 23, 3, 11, 17, 12, 18][25, 22, 19, 8, 26, 0, 28, 7, 27][0, 13, 6][22, 25][0, 13][22, 25][0, 13][0, 13][3, 11][0, 28][22, 25] 
[1, 9, 14, 24, 4, 20, 23, 3, 11, 17, 12, 18][0, 13, 6, 16, 27, 29, 2, 10, 15, 5, 21][7, 28, 0, 26, 8, 19, 22, 25][6, 13, 0, 17][3, 11][0, 13][0, 13][0, 13][0, 13][0, 13][0, 13][8, 26] 
[17, 0, 13, 6, 16, 27, 29, 2, 10, 15, 5, 21][1, 9, 14, 24, 4, 20, 23, 3, 11, 17, 12, 18][25, 22, 19, 8, 26, 0, 28, 7, 27][0, 13, 6][22, 25][0, 13][22, 25][0, 13][0, 13][3, 11][0, 28][22, 25] 
[17, 0, 13, 6, 16, 27, 29, 2, 10, 15, 5, 21][1, 9, 14, 24, 4, 20, 23, 3, 11, 17, 12, 18][25, 22, 19, 8, 26, 0, 28, 7, 27][0, 13, 6][22, 25][0, 13][22, 25][0, 13][0, 13][3, 11][0, 28][22, 25] 
[17, 0, 13, 6, 16, 27, 29, 2, 10, 15, 5, 21][1, 9, 14, 24, 4, 20, 23, 3, 11, 17, 12, 18][25, 22, 19, 8, 26, 0, 28, 7, 27][0, 13, 6][22, 25][0, 13][22, 25][0, 13][0, 13][3, 11][0, 28][22, 25] 
[17, 0, 13, 6, 16, 27, 29, 2, 10, 15, 5, 21][1, 9, 14, 24, 4, 20, 23, 3, 11, 17, 12, 18][25, 22, 19, 8, 26, 0, 28, 7, 27][0, 13, 6][22, 25][0, 13][22, 25][0, 13][0, 13][3, 11][0, 28][22, 25] 
[17, 0, 13, 6, 16, 27, 29, 2, 10, 15, 5, 21][1, 9, 14, 24, 4, 20, 23, 3, 11, 17, 12, 18][7, 28, 0, 26, 8, 19, 22][0, 13][22, 25][0, 13][0, 13][0, 13][8, 26][3, 11][0, 13][3, 11] 
[17, 0, 13, 6, 16, 27, 29, 2, 10, 15, 5, 21][1, 9, 14, 24, 4, 20, 23, 3, 11, 17, 12, 18][25, 22, 19, 8, 26, 0, 28, 7, 27][0, 13, 6][0, 13][0, 13][8, 26][22, 25][3, 11][0, 13][0, 13][0, 28] 
[17, 0, 13, 6, 16, 27, 29, 2, 10, 15, 5, 21][1, 9, 14, 24, 4, 20, 23, 3, 11, 17, 12, 18][25, 22, 19, 8, 26, 0, 28, 7, 27][0, 13, 6][22, 25][0, 13][22, 25][0, 13][0, 13][3, 11][0, 28][22, 25] 
[17, 0, 13, 6, 16, 27, 29, 2, 10, 15, 5, 21][1, 9, 14, 24, 4, 20, 23, 3, 11, 17, 12, 18][25, 22, 19, 8, 26, 0, 28, 7, 27][0, 13][3, 11][0, 28][0, 13][22, 25][0, 13][22, 25][0, 13][22, 25] 
[5, 15, 27, 7, 20][10, 16, 28, 25, 11][13, 6, 21, 2, 29][9, 1, 24, 14][4, 1, 3, 23][8, 19, 17, 22][12, 18, 0, 26][14, 20][3, 11][11, 17][18, 22][0, 13] 
[13, 6, 21, 2, 29][10, 16, 28, 25, 11][5, 15, 27, 7, 20][12, 18, 0, 26][8, 19, 17, 22][4, 1, 3, 23][9, 1, 24, 14][0, 13][18, 22][11, 17][3, 11][14, 20] 
[10, 16, 28, 25, 11][5, 15, 27, 7, 20][13, 6, 21, 2, 29][4, 1, 3, 23][9, 1, 24, 14][8, 19, 17, 22][12, 18, 0, 26][3, 11][11, 17][18, 22][14, 20][0, 13] 
[13, 6, 21, 2, 29][10, 16, 28, 25, 11][5, 15, 27, 7, 20][12, 18, 0, 26][8, 19, 17, 22][4, 1, 3, 23][9, 1, 24, 14][0, 13][18, 22][11, 17][3, 11][14, 20] 
[13, 6, 21, 2, 29][10, 16, 28, 25, 11][5, 15, 27, 7, 20][12, 18, 0, 26][8, 19, 17, 22][4, 1, 3, 23][9, 1, 24, 14][0, 13][18, 22][11, 17][3, 11][14, 20] 
[10, 16, 28, 25, 11][5, 15, 27, 7, 20][13, 6, 21, 2, 29][4, 1, 3, 23][9, 1, 24, 14][8, 19, 17, 22][12, 18, 0, 26][3, 11][14, 20][11, 17][18, 22][0, 13] 
[5, 15, 27, 7, 20][10, 16, 28, 25, 11][13, 6, 21, 2, 29][4, 1, 3, 23][9, 1, 24, 14][8, 19, 17, 22][12, 18, 0, 26][14, 20][3, 11][11, 17][18, 22][0, 13] 
[13, 6, 21, 2, 29][10, 16, 28, 25, 11][5, 15, 27, 7, 20][12, 18, 0, 26][8, 19, 17, 22][4, 1, 3, 23][9, 1, 24, 14][0, 13][18, 22][11, 17][3, 11][14, 20] 
[13, 6, 21, 2, 29][10, 16, 28, 25, 11][5, 15, 27, 7, 20][12, 18, 0, 26][8, 19, 17, 22][4, 1, 3, 23][9, 1, 24, 14][0, 13][18, 22][11, 17][3, 11][14, 20] 
[5, 15, 27, 7, 20][10, 16, 28, 25, 11][13, 6, 21, 2, 29][9, 1, 24, 14][4, 1, 3, 23][8, 19, 17, 22][12, 18, 0, 26][14, 20][3, 11][11, 17][18, 22][0, 13] 
[13, 6, 21, 2, 29][10, 16, 28, 25, 11][5, 15, 27, 7, 20][12, 18, 0, 26][8, 19, 17, 22][4, 1, 3, 23][9, 1, 24, 14][0, 13][18, 22][11, 17][3, 11][14, 20] 
[13, 6, 21, 2, 29][10, 16, 28, 25, 11][5, 15, 27, 7, 20][12, 18, 0, 26][8, 19, 17, 22][4, 1, 3, 23][9, 1, 24, 14][0, 13][18, 22][11, 17][3, 11][14, 20] 
[10, 16, 28, 25, 11][13, 6, 21, 2, 29][5, 15, 27, 7, 20][8, 19, 17, 22][12, 18, 0, 26][4, 1, 3, 23][9, 1, 24, 14][18, 22][11, 17][3, 11][0, 13][14, 20] 
[13, 6, 21, 2, 29][10, 16, 28, 25, 11][5, 15, 27, 7, 20][12, 18, 0, 26][8, 19, 17, 22][4, 1, 3, 23][9, 1, 24, 14][0, 13][18, 22][11, 17][3, 11][14, 20] 
[10, 16, 28, 25, 11][13, 6, 21, 2, 29][5, 15, 27, 7, 20][8, 19, 17, 22][12, 18, 0, 26][4, 1, 3, 23][9, 1, 24, 14][18, 22][11, 17][3, 11][0, 13][14, 20] 
[5, 15, 27, 7, 20, 23][10, 16, 28, 25, 11][13, 6, 21, 2, 29][8, 19, 17, 22][12, 18, 0, 26][9, 1, 24, 14][3, 1, 4][11, 17][18, 22][0, 13][3, 11][14, 20] 
[5, 15, 27, 7, 20, 23][10, 16, 28, 25, 11][13, 6, 21, 2, 29][9, 1, 24, 14][8, 19, 17, 22][12, 18, 0, 26][3, 1, 4][3, 11][14, 20][11, 17][18, 22][0, 13] 
[5, 15, 27, 7, 20, 23][10, 16, 28, 25, 11][13, 6, 21, 2, 29][9, 1, 24, 14][8, 19, 17, 22][12, 18, 0, 26][3, 1, 4][14, 20][3, 11][11, 17][18, 22][0, 13] 
[5, 15, 27, 7, 20, 23][10, 16, 28, 25, 11][13, 6, 21, 2, 29][9, 1, 24, 14][8, 19, 17, 22][12, 18, 0, 26][3, 1, 4][14, 20][3, 11][11, 17][18, 22][0, 13] 
[5, 15, 27, 7, 20, 23][10, 16, 28, 25, 11][13, 6, 21, 2, 29][9, 1, 24, 14][8, 19, 17, 22][12, 18, 0, 26][3, 1, 4][14, 20][3, 11][11, 17][18, 22][0, 13] 
[9, 1, 24, 14, 23][5, 15, 27, 7, 20][10, 16, 28, 25, 11][13, 6, 21, 2, 29][8, 19, 17, 22][12, 18, 0, 26][4, 3, 23][14, 20][3, 11][11, 17][18, 22][0, 13] 
[5, 15, 27, 7, 20][10, 16, 28, 25, 11][13, 6, 21, 2, 29][9, 1, 24, 14][4, 1, 3, 23][8, 19, 17, 22][12, 18, 0, 26][14, 20][3, 11][11, 17][18, 22][0, 13] 
[13, 6, 21, 2, 29][10, 16, 28, 25, 11][5, 15, 27, 7, 20][12, 18, 0, 26][8, 19, 17, 22][4, 1, 3, 23][9, 1, 24, 14][0, 13][18, 22][11, 17][3, 11][14, 20] 
[10, 16, 28, 25, 11][5, 15, 27, 7, 20][13, 6, 21, 2, 29][4, 1, 3, 23][9, 1, 24, 14][8, 19, 17, 22][12, 18, 0, 26][3, 11][14, 20][11, 17][18, 22][0, 13] 
[13, 6, 21, 2, 29][10, 16, 28, 25, 11][5, 15, 27, 7, 20][12, 18, 0, 26][8, 19, 17, 22][4, 1, 3, 23][9, 1, 24, 14][0, 13][18, 22][11, 17][3, 11][14, 20] 
[13, 6, 21, 2, 29][10, 16, 28, 25, 11][5, 15, 27, 7, 20][12, 18, 0, 26][8, 19, 17, 22][4, 1, 3, 23][9, 1, 24, 14][0, 13][18, 22][11, 17][3, 11][14, 20] 
[5, 15, 27, 7, 20][10, 16, 28, 25, 11][13, 6, 21, 2, 29][9, 1, 24, 14][4, 1, 3, 23][8, 19, 17, 22][12, 18, 0, 26][14, 20][3, 11][11, 17][18, 22][0, 13] 
[10, 16, 28, 25, 11][13, 6, 21, 2, 29][5, 15, 27, 7, 20][8, 19, 17, 22][12, 18, 0, 26][4, 1, 3, 23][9, 1, 24, 14][18, 22][11, 17][3, 11][0, 13][14, 20] 
[5, 15, 27, 7, 20, 23][10, 16, 28, 25, 11][13, 6, 21, 2, 29][8, 19, 17, 22][12, 18, 0, 26][9, 1, 24, 14][3, 1, 4][11, 17][18, 22][0, 13][3, 11][14, 20] 
[5, 15, 27, 7, 20, 23][10, 16, 28, 25, 11][13, 6, 21, 2, 29][8, 19, 17, 22][12, 18, 0, 26][9, 1, 24, 14][3, 1, 4][11, 17][18, 22][0, 13][3, 11][14, 20] 
[5, 15, 27, 7, 20, 23][10, 16, 28, 25, 11][13, 6, 21, 2, 29][8, 19, 17, 22][12, 18, 0, 26][9, 1, 24, 14][3, 1, 4][11, 17][18, 22][0, 13][3, 11][14, 20] 
[5, 15, 27, 7, 20, 23][10, 16, 28, 25, 11][13, 6, 21, 2, 29][9, 1, 24, 14][8, 19, 17, 22][12, 18, 0, 26][3, 1, 4][14, 20][3, 11][11, 17][18, 22][0, 13] 
[5, 15, 27, 7, 20, 23][10, 16, 28, 25, 11][13, 6, 21, 2, 29][9, 1, 24, 14][8, 19, 17, 22][12, 18, 0, 26][3, 1, 4][14, 20][3, 11][11, 17][18, 22][0, 13] 
[5, 15, 27, 7, 20, 23][10, 16, 28, 25, 11][13, 6, 21, 2, 29][9, 1, 24, 14][8, 19, 17, 22][12, 18, 0, 26][3, 1, 4][3, 11][11, 17][14, 20][18, 22][0, 13] 
[5, 15, 27, 7, 20, 23][10, 16, 28, 25, 11][13, 6, 21, 2, 29][9, 1, 24, 14][8, 19, 17, 22][12, 18, 0, 26][3, 1, 4][14, 20][3, 11][11, 17][18, 22][0, 13] 
[5, 15, 27, 7, 20, 23][10, 16, 28, 25, 11][13, 6, 21, 2, 29][9, 1, 24, 14][8, 19, 17, 22][12, 18, 0, 26][3, 1, 4][14, 20][3, 11][11, 17][18, 22][0, 13] 
[5, 15, 27, 7, 20, 23][10, 16, 28, 25, 11][13, 6, 21, 2, 29][9, 1, 24, 14][8, 19, 17, 22][12, 18, 0, 26][3, 1, 4][3, 11][11, 17][14, 20][18, 22][0, 13] 
[5, 15, 27, 7, 20, 23][10, 16, 28, 25, 11][13, 6, 21, 2, 29][9, 1, 24, 14][8, 19, 17, 22][12, 18, 0, 26][3, 1, 4][3, 11][14, 20][11, 17][18, 22][0, 13] 
[5, 15, 27, 7, 20, 23][10, 16, 28, 25, 11][13, 6, 21, 2, 29][8, 19, 17, 22][12, 18, 0, 26][9, 1, 24, 14][3, 1, 4][11, 17][18, 22][0, 13][3, 11][14, 20] 
[5, 15, 27, 7, 20, 23][10, 16, 28, 25, 11][13, 6, 21, 2, 29][9, 1, 24, 14][8, 19, 17, 22][12, 18, 0, 26][3, 1, 4][14, 20][3, 11][11, 17][18, 22][0, 13] 
[5, 15, 27, 7, 20, 23][10, 16, 28, 25, 11][13, 6, 21, 2, 29][8, 19, 17, 22][12, 18, 0, 26][9, 1, 24, 14][3, 1, 4][11, 17][18, 22][0, 13][3, 11][14, 20] 
[5, 15, 27, 7, 20, 23][10, 16, 28, 25, 11][13, 6, 21, 2, 29][9, 1, 24, 14][8, 19, 17, 22][12, 18, 0, 26][3, 1, 4][14, 20][3, 11][11, 17][18, 22][0, 13] 
[5, 15, 27, 7, 20, 23][13, 6, 21, 2, 29][10, 16, 28, 25, 11][12, 18, 0, 26][8, 19, 17, 22][9, 1, 24, 14][3, 1, 4][0, 13][18, 22][11, 17][3, 11][14, 20] 
[10, 16, 28, 25, 11][9, 1, 24, 14, 23][5, 15, 27, 7, 20][8, 19, 17, 22, 18][13, 6, 21, 2, 29][12, 18, 0, 26][4, 3, 23][0, 13, 6][3, 11][14, 20][11, 17][18, 22] 
[8, 19, 17, 22, 18][13, 6, 21, 2, 29][10, 16, 28, 25, 11][9, 1, 24, 14, 23][5, 15, 27, 7, 20][12, 18, 0, 26][0, 13, 6][4, 3, 23][18, 22][11, 17][3, 11][14, 20] 
[10, 16, 28, 25, 11][9, 1, 24, 14, 23][5, 15, 27, 7, 20][8, 19, 17, 22, 18][13, 6, 21, 2, 29][12, 18, 0, 26][4, 3, 23][0, 13, 6][3, 11][14, 20][11, 17][18, 22] 
[10, 16, 28, 25, 11][9, 1, 24, 14, 23][5, 15, 27, 7, 20][8, 19, 17, 22, 18][13, 6, 21, 2, 29][12, 18, 0, 26][4, 3, 23][0, 13, 6][3, 11][14, 20][11, 17][18, 22] 
[10, 16, 28, 25, 11][9, 1, 24, 14, 23][5, 15, 27, 7, 20][8, 19, 17, 22, 18][13, 6, 21, 2, 29][12, 18, 0, 26][4, 3, 23][0, 13, 6][3, 11][14, 20][11, 17][18, 22] 
[8, 19, 17, 22, 18][13, 6, 21, 2, 29][10, 16, 28, 25, 11][9, 1, 24, 14, 23][5, 15, 27, 7, 20][12, 18, 0, 26][0, 13, 6][4, 3, 23][18, 22][11, 17][3, 11][20, 23] 
[5, 15, 27, 7, 20][10, 16, 28, 25, 11][13, 6, 21, 2, 29][9, 1, 24, 14][4, 1, 3, 23][8, 19, 17, 22][12, 18, 0, 26][14, 20][3, 11][11, 17][18, 22][0, 13] 
[10, 16, 28, 25, 11][5, 15, 27, 7, 20][13, 6, 21, 2, 29][4, 1, 3, 23][9, 1, 24, 14][8, 19, 17, 22][12, 18, 0, 26][3, 11][11, 17][18, 22][14, 20][0, 13] 
[10, 16, 28, 25, 11][13, 6, 21, 2, 29][5, 15, 27, 7, 20][12, 18, 0, 26][8, 19, 17, 22][4, 1, 3, 23][9, 1, 24, 14][18, 22][11, 17][3, 11][0, 13][14, 20] 
[5, 15, 27, 7, 20][10, 16, 28, 25, 11][13, 6, 21, 2, 29][9, 1, 24, 14][4, 1, 3, 23][8, 19, 17, 22][12, 18, 0, 26][14, 20][3, 11][11, 17][18, 22][0, 13] 
[10, 16, 28, 25, 11][13, 6, 21, 2, 29][5, 15, 27, 7, 20][8, 19, 17, 22][12, 18, 0, 26][4, 1, 3, 23][9, 1, 24, 14][18, 22][11, 17][3, 11][0, 13][14, 20] 
[5, 15, 27, 7, 20, 23][10, 16, 28, 25, 11][13, 6, 21, 2, 29][9, 1, 24, 14][8, 19, 17, 22][12, 18, 0, 26][3, 1, 4][14, 20][3, 11][11, 17][18, 22][0, 13] 
[10, 16, 28, 25, 11][5, 15, 27, 7, 20][13, 6, 21, 2, 29][4, 1, 3, 23][9, 1, 24, 14][8, 19, 17, 22][12, 18, 0, 26][3, 11][14, 20][11, 17][18, 22][0, 13] 
