[1, 4, 20, 23, 3, 9][0, 26, 8, 19, 18, 13][12, 17, 28, 7, 24][14, 11, 25, 22][10, 2, 29, 27][6, 5, 21, 15][14, 20][18, 22][25, 28][16, 28][15, 16][10, 15] 
[0, 26, 8, 19, 18, 13][12, 17, 28, 7, 24][14, 11, 25, 22][6, 5, 21, 15][10, 2, 29, 27][9, 3, 23, 20][16, 28, 25][4, 1, 9][6, 16][18, 22][10, 15][14, 20] 
[0, 26, 8, 19, 18, 13][12, 17, 28, 7, 24][14, 11, 25, 22][9, 3, 23, 20][6, 5, 21, 15][10, 2, 29, 27][16, 28, 25][4, 1, 9][14, 20][6, 16][18, 22][10, 15] 
[0, 26, 8, 19, 18, 13][12, 17, 28, 7, 24][14, 11, 25, 22][9, 3, 23, 20][6, 5, 21, 15][16, 28, 25][4, 1, 9][2, 10, 15][2, 29, 27][14, 20][18, 22][6, 16] 
[3, 23, 20, 4, 1, 9][0, 26, 8, 19, 18, 13][12, 17, 28, 7, 24][14, 11, 25, 22][6, 5, 21, 15][2, 29, 10, 27][14, 20][18, 22][25, 28][16, 28][6, 16][10, 15] 
[3, 23, 20, 4, 1, 9][0, 26, 8, 19, 18, 13][12, 17, 28, 7, 24][6, 5, 21, 15][14, 11, 25, 22][10, 2, 29, 27][16, 28][6, 16][25, 28][14, 20][18, 22][10, 15] 
[0, 26, 8, 19, 18, 13][12, 17, 28, 7, 24][10, 2, 29, 27][6, 5, 21, 15][14, 11, 25, 22][9, 3, 23, 20][16, 28, 25][4, 1, 9][10, 15][6, 16][18, 22][14, 20] 
[3, 23, 20, 4, 1, 9][0, 26, 8, 19, 18, 13][12, 17, 28, 7, 24][6, 5, 21, 15][14, 11, 25, 22][10, 2, 29, 27][16, 28][6, 16][25, 28][14, 20][18, 22][10, 15] 
[3, 23, 20, 4, 1, 9][0, 26, 8, 19, 18, 13][12, 17, 28, 7, 24][6, 5, 21, 15][14, 11, 25, 22][10, 2, 29, 27][16, 28][6, 16][25, 28][14, 20][18, 22][10, 15] 
[3, 23, 20, 4, 1, 9][0, 26, 8, 19, 18, 13][12, 17, 28, 7, 24][6, 5, 21, 15][14, 11, 25, 22][10, 2, 29, 27][16, 28][6, 16][25, 28][14, 20][18, 22][10, 15] 
[1, 4, 20, 23, 3, 9][0, 26, 8, 19, 18, 13][12, 17, 28, 7, 24][6, 5, 21, 15][14, 11, 25, 22][10, 2, 29, 27][15, 16][16, 28][25, 28][14, 20][18, 22][10, 15] 
[0, 26, 8, 19, 18, 13][12, 17, 28, 7, 24][14, 11, 25, 22][9, 3, 23, 20][6, 5, 21, 15][10, 2, 29, 27][16, 28, 25][4, 1, 9][14, 20][18, 22][6, 16][10, 15] 
[0, 26, 8, 19, 18, 13][12, 17, 28, 7, 24][10, 2, 29, 27][6, 5, 21, 15][14, 11, 25, 22][9, 3, 23, 20][16, 28, 25][4, 1, 9][10, 15][6, 16][18, 22][14, 20] 
[0, 26, 8, 19, 18, 13][3, 23, 20, 4, 1, 9][12, 17, 28, 7, 24][14, 11, 25, 22][6, 5, 21, 15][2, 29, 10, 27][25, 28][18, 22][14, 20][16, 28][6, 16][10, 15] 
[0, 26, 8, 19, 18, 13][3, 23, 20, 4, 1, 9][12, 17, 28, 7, 24][10, 2, 29, 27][6, 5, 21, 15][14, 11, 25, 22][10, 15][6, 16][16, 28][25, 28][18, 22][14, 20] 
[3, 23, 20, 4, 1, 9][0, 26, 8, 19, 18, 13][12, 17, 28, 7, 24][6, 5, 21, 15][14, 11, 25, 22][10, 2, 29, 27][16, 28][6, 16][25, 28][14, 20][18, 22][10, 15] 
[1, 4, 20, 23, 3, 9][0, 26, 8, 19, 18, 13][12, 17, 28, 7, 24][14, 11, 25, 22][10, 2, 29, 27][6, 5, 21, 15][14, 20][18, 22][25, 28][16, 28][15, 16][10, 15] 
[0, 26, 8, 19, 18, 13][12, 17, 28, 7, 24][9, 3, 23, 20][14, 11, 25, 22][6, 5, 21, 15][10, 2, 29, 27][16, 28, 25][4, 1, 9][14, 20][6, 16][18, 22][10, 15] 
[3, 23, 20, 4, 1, 9][0, 26, 8, 19, 18, 13][12, 17, 28, 7, 24][14, 11, 25, 22][6, 5, 21, 15][2, 29, 10, 27][14, 20][18, 22][25, 28][16, 28][6, 16][10, 15] 
[0, 26, 8, 19, 18, 13][1, 4, 20, 23, 3, 9][12, 17, 28, 7, 24][10, 2, 29, 27][6, 5, 21, 15][14, 11, 25, 22][10, 15][15, 16][16, 28][18, 22][14, 20][25, 28] 
[1, 4, 20, 23, 3, 9][0, 26, 8, 19, 18, 13][12, 17, 28, 7, 24][6, 5, 21, 15][10, 2, 29, 27][14, 11, 25, 22][15, 16][10, 15][16, 28][25, 28][14, 20][18, 22] 
[0, 26, 8, 19, 18, 13][12, 17, 28, 7, 24][9, 3, 23, 20][14, 11, 25, 22][6, 5, 21, 15][10, 2, 29, 27][16, 28, 25][4, 1, 9][14, 20][6, 16][18, 22][10, 15] 
[0, 26, 8, 19, 18, 13][12, 17, 28, 7, 24][14, 11, 25, 22][9, 3, 23, 20][6, 5, 21, 15][10, 2, 29, 27][16, 28, 25][4, 1, 9][14, 20][6, 16][18, 22][10, 15] 
[3, 23, 20, 4, 1, 9][0, 26, 8, 19, 18, 13][12, 17, 28, 7, 24][14, 11, 25, 22][6, 5, 21, 15][2, 29, 10, 27][14, 20][25, 28][18, 22][16, 28][6, 16][10, 15] 
[0, 26, 8, 19, 18, 13][3, 23, 20, 4, 1, 9][12, 17, 28, 7, 24][10, 2, 29, 27][6, 5, 21, 15][14, 11, 25, 22][10, 15][6, 16][16, 28][25, 28][18, 22][14, 20] 
[0, 26, 8, 19, 18, 13][3, 23, 20, 4, 1, 9][12, 17, 28, 7, 24][10, 2, 29, 27][6, 5, 21, 15][14, 11, 25, 22][10, 15][6, 16][16, 28][25, 28][18, 22][14, 20] 
[1, 4, 20, 23, 3, 9][0, 26, 8, 19, 18, 13][12, 17, 28, 7, 24][14, 11, 25, 22][6, 5, 21, 15][10, 2, 29, 27][16, 28][25, 28][14, 20][18, 22][15, 16][10, 15] 
[0, 26, 8, 19, 18, 13][12, 17, 28, 7, 24][14, 11, 25, 22][9, 3, 23, 20][6, 5, 21, 15][10, 2, 29, 27][16, 28, 25][4, 1, 9][14, 20][6, 16][10, 15][18, 22] 
[3, 23, 20, 4, 1, 9][0, 26, 8, 19, 18, 13][12, 17, 28, 7, 24][14, 11, 25, 22][6, 5, 21, 15][2, 29, 10, 27][14, 20][18, 22][25, 28][16, 28][6, 16][10, 15] 
[1, 4, 20, 23, 3, 9][0, 26, 8, 19, 18, 13][12, 17, 28, 7, 24][14, 11, 25, 22][10, 2, 29, 27][6, 5, 21, 15][14, 20][18, 22][25, 28][16, 28][15, 16][10, 15] 
[1, 4, 20, 23, 3, 9][0, 26, 8, 19, 18, 13][12, 17, 28, 7, 24][14, 11, 25, 22][10, 2, 29, 27][6, 5, 21, 15][14, 20][18, 22][25, 28][16, 28][15, 16][10, 15] 
[0, 26, 8, 19, 18, 13][12, 17, 28, 7, 24][9, 3, 23, 20][14, 11, 25, 22][6, 5, 21, 15][10, 2, 29, 27][16, 28, 25][4, 1, 9][14, 20][6, 16][18, 22][10, 15] 
[0, 26, 8, 19, 18, 13][3, 23, 20, 4, 1, 9][12, 17, 28, 7, 24][14, 11, 25, 22][6, 5, 21, 15][2, 29, 10, 27][18, 22][25, 28][16, 28][14, 20][6, 16][10, 15] 
[1, 4, 20, 23, 3, 9][0, 26, 8, 19, 18, 13][12, 17, 28, 7, 24][14, 11, 25, 22][10, 2, 29, 27][6, 5, 21, 15][14, 20][18, 22][25, 28][16, 28][15, 16][10, 15] 
[1, 4, 20, 23, 3, 9][0, 26, 8, 19, 18, 13][12, 17, 28, 7, 24][14, 11, 25, 22][10, 2, 29, 27][6, 5, 21, 15][14, 20][18, 22][25, 28][16, 28][15, 16][10, 15] 
[2, 6, 13, 18, 22, 12, 8, 26, 0, 25, 28, 16][11, 14, 9, 1, 23, 3, 4, 20, 7, 27][10, 15, 21, 5, 6, 13, 18, 19][2, 29, 27, 7, 24][9, 14][11, 17][11, 14][25, 28][25, 28][0, 26][0, 26][0, 26] 
[2, 6, 13, 18, 22, 12, 8, 26, 0, 25, 28, 16][11, 14, 9, 1, 23, 3, 4, 20, 7, 27][10, 15, 21, 5, 6, 13, 18, 19][2, 29, 27, 7, 24][9, 14][11, 17][11, 14][25, 28][25, 28][0, 26][0, 26][0, 26] 
[2, 6, 13, 18, 22, 12, 8, 26, 0, 25, 28, 16][11, 14, 9, 1, 23, 3, 4, 20, 7, 27][10, 15, 21, 5, 6, 13, 18, 19][2, 29, 27, 7, 24][9, 14][11, 17][11, 14][25, 28][25, 28][0, 26][0, 26][0, 26] 
[10, 2, 6, 13, 18, 19, 22, 12, 8, 26, 0, 25, 28, 16][17, 11, 3, 9, 14, 20, 23, 24][11, 14, 1, 4, 7, 27, 29][5, 21, 15, 10][11, 17][2, 7][11, 14][13, 18][11, 14][0, 26][11, 14][0, 26] 
[10, 2, 6, 13, 18, 19, 22, 12, 8, 26, 0, 25, 28, 16][17, 11, 3, 9, 14, 20, 23, 24][11, 14, 1, 4, 7, 27, 29][5, 21, 15, 10][11, 17][2, 7][11, 14][13, 18][11, 14][0, 26][11, 14][0, 26] 
[10, 2, 6, 13, 18, 19, 22, 12, 8, 26, 0, 25][11, 14, 9, 1, 23, 3, 4, 20, 7, 27, 29][5, 21, 15, 10][7, 28, 17][6, 13][7, 24][16, 28][0, 26][6, 13][0, 26][15, 21][6, 16] 
[2, 6, 13, 18, 22, 12, 8, 26, 0, 25, 28, 16][11, 14, 9, 1, 23, 3, 4, 20, 7, 27][10, 15, 21, 5, 6, 13, 18, 19][2, 29, 27, 7, 24][9, 14][11, 17][11, 14][25, 28][25, 28][0, 26][0, 26][0, 26] 
[2, 6, 13, 18, 22, 12, 8, 26, 0, 25, 28, 16][11, 14, 9, 1, 23, 3, 4, 20, 7, 27][10, 15, 21, 5, 6, 13, 18, 19][2, 29, 27, 7, 24][9, 14][11, 17][11, 14][25, 28][25, 28][0, 26][0, 26][0, 26] 
[10, 2, 6, 13, 18, 19, 22, 12, 8, 26, 0, 25, 28, 16][17, 11, 3, 9, 14, 20, 23, 24][11, 14, 1, 4, 7, 27, 29][5, 21, 15, 10][11, 17][2, 7][11, 14][13, 18][11, 14][0, 26][11, 14][0, 26] 
[2, 6, 13, 18, 22, 12, 8, 26, 0, 25, 28, 16][11, 14, 9, 1, 23, 3, 4, 20, 7, 27][10, 15, 21, 5, 6, 13, 18, 19][2, 29, 27, 7, 24][9, 14][11, 17][11, 14][25, 28][25, 28][0, 26][0, 26][0, 26] 
[2, 6, 13, 18, 22, 12, 8, 26, 0, 25, 28, 16][11, 14, 9, 1, 23, 3, 4, 20, 7, 27][10, 15, 21, 5, 6, 13, 18, 19][2, 29, 27, 7, 24][9, 14][11, 17][11, 14][25, 28][25, 28][0, 26][0, 26][0, 26] 
[2, 6, 13, 18, 22, 12, 8, 26, 0, 25, 28, 16][11, 14, 9, 1, 23, 3, 4, 20, 7, 27][10, 15, 21, 5, 6, 13, 18, 19][2, 29, 27, 7, 24][9, 14][11, 17][11, 14][25, 28][25, 28][0, 26][0, 26][0, 26] 
[10, 2, 6, 13, 18, 19, 22, 12, 8, 26, 0, 25, 28, 16][17, 11, 3, 9, 14, 20, 23, 24][11, 14, 1, 4, 7, 27, 29][5, 21, 15, 10][11, 17][2, 7][11, 14][13, 18][11, 14][0, 26][11, 14][0, 26] 
[2, 6, 13, 18, 22, 12, 8, 26, 0, 25, 28, 16][11, 14, 9, 1, 23, 3, 4, 20, 7, 27][10, 15, 21, 5, 6, 13, 18, 19][2, 29, 27, 7, 24][9, 14][11, 17][11, 14][25, 28][25, 28][0, 26][0, 26][0, 26] 
[2, 6, 13, 18, 22, 12, 8, 26, 0, 25, 28, 16][11, 14, 9, 1, 23, 3, 4, 20, 7, 27][10, 15, 21, 5, 6, 13, 18, 19][2, 29, 27, 7, 24][9, 14][11, 17][11, 14][25, 28][25, 28][0, 26][0, 26][0, 26] 
[10, 2, 6, 13, 18, 19, 22, 12, 8, 26, 0, 25, 28, 16][11, 14, 9, 1, 23, 3, 4, 20, 7, 27][2, 29, 27, 7, 20, 24][6, 5, 21, 15, 10][25, 28][11, 17][9, 14][11, 14][0, 26][13, 18][11, 14][11, 14] 
[10, 2, 6, 13, 18, 19, 22, 12, 8, 26, 0, 25, 28, 16][11, 14, 9, 1, 23, 3, 4, 20, 7, 27][2, 29, 27, 7, 20, 24][6, 5, 21, 15, 10][25, 28][11, 17][9, 14][11, 14][0, 26][13, 18][11, 14][11, 14] 
[10, 2, 6, 13, 18, 19, 22, 12, 8, 26, 0, 25, 28, 16][17, 11, 3, 9, 14, 20, 23, 24][11, 14, 1, 4, 7, 27, 29][5, 21, 15, 10][11, 17][2, 7][11, 14][13, 18][11, 14][0, 26][11, 14][0, 26] 
[10, 2, 6, 13, 18, 19, 22, 12, 8, 26, 0, 25, 28, 16][11, 14, 9, 1, 23, 3, 4, 20, 7, 27][2, 29, 27, 7, 20, 24][6, 5, 21, 15, 10][25, 28][11, 17][9, 14][11, 14][0, 26][13, 18][11, 14][11, 14] 
[10, 2, 6, 13, 18, 19, 22, 12, 8, 26, 0, 25, 28, 16][11, 14, 9, 1, 23, 3, 4, 20, 7, 27][2, 29, 27, 7, 20, 24][6, 5, 21, 15, 10][25, 28][11, 17][9, 14][11, 14][0, 26][13, 18][11, 14][11, 14] 
[10, 2, 6, 13, 18, 19, 22, 12, 8, 26, 0, 25, 28, 16][11, 14, 9, 1, 23, 3, 4, 20, 7, 27][2, 29, 27, 7, 20, 24][5, 21, 15, 10][25, 28][11, 17][9, 14][11, 14][0, 26][13, 18][11, 14][11, 14] 
[3, 23, 20, 4, 1, 9][0, 26, 8, 19, 18, 13][12, 17, 28, 7, 24][14, 11, 25, 22][6, 5, 21, 15][10, 2, 29, 27][15, 6, 16][14, 20][18, 22][25, 28][16, 28][10, 15] 
[3, 23, 20, 4, 1, 9][0, 26, 8, 19, 18, 13][12, 17, 28, 7, 24][14, 11, 25, 22][10, 2, 29, 27][6, 5, 21, 15][15, 6, 16][25, 28][16, 28][14, 20][10, 15][18, 22] 
[0, 26, 8, 19, 18, 13][3, 23, 20, 4, 1, 9][12, 17, 28, 7, 24][14, 11, 25, 22][6, 5, 21, 15][10, 2, 29, 27][15, 6, 16][16, 28][25, 28][18, 22][10, 15][14, 20] 
[3, 23, 20, 4, 1, 9][0, 26, 8, 19, 18, 13][12, 17, 28, 7, 24][14, 11, 25, 22][6, 5, 21, 15][10, 2, 29, 27][15, 6, 16][25, 28][14, 20][18, 22][16, 28][10, 15] 
[3, 23, 20, 4, 1, 9][0, 26, 8, 19, 18, 13][12, 17, 28, 7, 24][14, 11, 25, 22][6, 5, 21, 15][10, 2, 29, 27][15, 6, 16][25, 28][14, 20][18, 22][16, 28][10, 15] 
[0, 26, 8, 19, 18, 13][3, 23, 20, 4, 1, 9][12, 17, 28, 7, 24][14, 11, 25, 22][10, 2, 29, 27][6, 5, 21, 15][15, 6, 16][25, 28][18, 22][14, 20][16, 28][10, 15] 
[3, 23, 20, 4, 1, 9][0, 26, 8, 19, 18, 13][12, 17, 28, 7, 24][14, 11, 25, 22][6, 5, 21, 15][10, 2, 29, 27][15, 6, 16][25, 28][14, 20][18, 22][16, 28][10, 15] 
[3, 23, 20, 4, 1, 9][0, 26, 8, 19, 18, 13][12, 17, 28, 7, 24][14, 11, 25, 22][10, 2, 29, 27][6, 5, 21, 15][15, 6, 16][25, 28][16, 28][14, 20][10, 15][18, 22] 
[3, 23, 20, 4, 1, 9][0, 26, 8, 19, 18, 13][12, 17, 28, 7, 24][6, 5, 21, 15][14, 11, 25, 22][10, 2, 29, 27][15, 6, 16][16, 28][25, 28][14, 20][18, 22][10, 15] 
[3, 23, 20, 4, 1, 9][0, 26, 8, 19, 18, 13][12, 17, 28, 7, 24][14, 11, 25, 22][6, 5, 21, 15][10, 2, 29, 27][15, 6, 16][14, 20][18, 22][25, 28][16, 28][10, 15] 
[0, 26, 8, 19, 18, 13][3, 23, 20, 4, 1, 9][12, 17, 28, 7, 24][14, 11, 25, 22][6, 5, 21, 15][10, 2, 29, 27][15, 6, 16][16, 28][25, 28][18, 22][10, 15][14, 20] 
[0, 26, 8, 19, 18, 13][3, 23, 20, 4, 1, 9][12, 17, 28, 7, 24][14, 11, 25, 22][6, 5, 21, 15][10, 2, 29, 27][15, 6, 16][16, 28][25, 28][18, 22][10, 15][14, 20] 
[3, 23, 20, 4, 1, 9][0, 26, 8, 19, 18, 13][12, 17, 28, 7, 24][14, 11, 25, 22][10, 2, 29, 27][6, 5, 21, 15][15, 6, 16][25, 28][16, 28][14, 20][10, 15][18, 22] 
[0, 26, 8, 19, 18, 13][3, 23, 20, 4, 1, 9][12, 17, 28, 7, 24][14, 11, 25, 22][6, 5, 21, 15][10, 2, 29, 27][15, 6, 16][16, 28][25, 28][18, 22][10, 15][14, 20] 
[0, 26, 8, 19, 18, 13][3, 23, 20, 4, 1, 9][12, 17, 28, 7, 24][14, 11, 25, 22][6, 5, 21, 15][10, 2, 29, 27][15, 6, 16][16, 28][25, 28][18, 22][10, 15][14, 20] 
[1, 4, 20, 23, 3, 9][0, 26, 8, 19, 18, 13][12, 17, 28, 7, 24][6, 5, 21, 15][10, 2, 29, 27][14, 11, 25, 22][15, 16][10, 15][16, 28][25, 28][14, 20][18, 22] 
[1, 4, 20, 23, 3, 9][0, 26, 8, 19, 18, 13][12, 17, 28, 7, 24][14, 11, 25, 22][10, 2, 29, 27][6, 5, 21, 15][14, 20][18, 22][25, 28][16, 28][15, 16][10, 15] 
[1, 4, 20, 23, 3, 9][0, 26, 8, 19, 18, 13][12, 17, 28, 7, 24][14, 11, 25, 22][6, 5, 21, 15][10, 2, 29, 27][14, 20][25, 28][16, 28][15, 16][18, 22][10, 15] 
[0, 26, 8, 19, 18, 13][1, 4, 20, 23, 3, 9][12, 17, 28, 7, 24][10, 2, 29, 27][6, 5, 21, 15][14, 11, 25, 22][10, 15][15, 16][16, 28][18, 22][14, 20][25, 28] 
[1, 4, 20, 23, 3, 9][0, 26, 8, 19, 18, 13][12, 17, 28, 7, 24][14, 11, 25, 22][6, 5, 21, 15][10, 2, 29, 27][25, 28][14, 20][16, 28][18, 22][15, 16][10, 15] 
[1, 4, 20, 23, 3, 9][0, 26, 8, 19, 18, 13][12, 17, 28, 7, 24][14, 11, 25, 22][6, 5, 21, 15][2, 29, 10, 27][14, 20][25, 28][18, 22][16, 28][15, 16][10, 15] 
[0, 26, 8, 19, 18, 13][3, 23, 20, 4, 1, 9][12, 17, 28, 7, 24][14, 11, 25, 22][6, 5, 21, 15][10, 2, 29, 27][15, 6, 16][18, 22][14, 20][25, 28][16, 28][10, 15] 
[0, 26, 8, 19, 18, 13][3, 23, 20, 4, 1, 9][12, 17, 28, 7, 24][14, 11, 25, 22][6, 5, 21, 15][10, 2, 29, 27][15, 6, 16][16, 28][25, 28][18, 22][10, 15][14, 20] 
[0, 26, 8, 19, 18, 13][3, 23, 20, 4, 1, 9][12, 17, 28, 7, 24][14, 11, 25, 22][10, 2, 29, 27][6, 5, 21, 15][15, 6, 16][25, 28][18, 22][14, 20][16, 28][10, 15] 
[3, 23, 20, 4, 1, 9][0, 26, 8, 19, 18, 13][12, 17, 28, 7, 24][14, 11, 25, 22][10, 2, 29, 27][6, 5, 21, 15][15, 6, 16][25, 28][16, 28][14, 20][10, 15][18, 22] 
[3, 23, 20, 4, 1, 9][0, 26, 8, 19, 18, 13][12, 17, 28, 7, 24][14, 11, 25, 22][10, 2, 29, 27][6, 5, 21, 15][15, 6, 16][25, 28][16, 28][14, 20][10, 15][18, 22] 
[0, 26, 8, 19, 18, 13][3, 23, 20, 4, 1, 9][12, 17, 28, 7, 24][14, 11, 25, 22][6, 5, 21, 15][2, 29, 10, 27][18, 22][14, 20][25, 28][16, 28][15, 16][10, 15] 
[3, 23, 20, 4, 1, 9][0, 26, 8, 19, 18, 13][12, 17, 28, 7, 24][14, 11, 25, 22][6, 5, 21, 15][10, 2, 29, 27][15, 6, 16][14, 20][18, 22][25, 28][16, 28][10, 15] 
[1, 4, 20, 23, 3, 9][0, 26, 8, 19, 18, 13][12, 17, 28, 7, 24][6, 5, 21, 15][14, 11, 25, 22][10, 2, 29, 27][15, 16][16, 28][25, 28][14, 20][18, 22][10, 15] 
[1, 4, 20, 23, 3, 9][0, 26, 8, 19, 18, 13][12, 17, 28, 7, 24][14, 11, 25, 22][10, 2, 29, 27][6, 5, 21, 15][14, 20][18, 22][25, 28][16, 28][15, 16][10, 15] 
[1, 4, 20, 23, 3, 9][0, 26, 8, 19, 18, 13][12, 17, 28, 7, 24][14, 11, 25, 22][10, 2, 29, 27][6, 5, 21, 15][14, 20][18, 22][25, 28][16, 28][15, 16][10, 15] 
[1, 4, 20, 23, 3, 9][0, 26, 8, 19, 18, 13][12, 17, 28, 7, 24][14, 11, 25, 22][10, 2, 29, 27][6, 5, 21, 15][14, 20][18, 22][25, 28][16, 28][15, 16][10, 15] 
[1, 4, 20, 23, 3, 9][0, 26, 8, 19, 18, 13][12, 17, 28, 7, 24][6, 5, 21, 15][10, 2, 29, 27][14, 11, 25, 22][10, 15][15, 16][16, 28][25, 28][14, 20][18, 22] 
[1, 4, 20, 23, 3, 9][0, 26, 8, 19, 18, 13][12, 17, 28, 7, 24][6, 5, 21, 15][10, 2, 29, 27][14, 11, 25, 22][10, 15][15, 16][16, 28][25, 28][14, 20][18, 22] 
[1, 4, 20, 23, 3, 9][0, 26, 8, 19, 18, 13][12, 17, 28, 7, 24][14, 11, 25, 22][10, 2, 29, 27][6, 5, 21, 15][14, 20][18, 22][25, 28][16, 28][15, 16][10, 15] 
[0, 26, 8, 19, 18, 13][1, 4, 20, 23, 3, 9][12, 17, 28, 7, 24][14, 11, 25, 22][6, 5, 21, 15][10, 2, 29, 27][16, 28][25, 28][15, 16][10, 15][18, 22][14, 20] 
[1, 4, 20, 23, 3, 9][0, 26, 8, 19, 18, 13][12, 17, 28, 7, 24][14, 11, 25, 22][10, 2, 29, 27][6, 5, 21, 15][14, 20][18, 22][25, 28][16, 28][15, 16][10, 15] 
[1, 4, 20, 23, 3, 9][0, 26, 8, 19, 18, 13][12, 17, 28, 7, 24][14, 11, 25, 22][10, 2, 29, 27][6, 5, 21, 15][14, 20][18, 22][25, 28][16, 28][15, 16][10, 15] 
[1, 4, 20, 23, 3, 9][0, 26, 8, 19, 18, 13][12, 17, 28, 7, 24][14, 11, 25, 22][10, 2, 29, 27][6, 5, 21, 15][14, 20][18, 22][25, 28][16, 28][15, 16][10, 15] 
[1, 4, 20, 23, 3, 9][0, 26, 8, 19, 18, 13][12, 17, 28, 7, 24][14, 11, 25, 22][10, 2, 29, 27][6, 5, 21, 15][14, 20][18, 22][25, 28][16, 28][15, 16][10, 15] 
[1, 4, 20, 23, 3, 9][0, 26, 8, 19, 18, 13][12, 17, 28, 7, 24][14, 11, 25, 22][10, 2, 29, 27][6, 5, 21, 15][14, 20][18, 22][25, 28][16, 28][15, 16][10, 15] 
[1, 4, 20, 23, 3, 9][0, 26, 8, 19, 18, 13][12, 17, 28, 7, 24][14, 11, 25, 22][10, 2, 29, 27][6, 5, 21, 15][14, 20][18, 22][25, 28][16, 28][15, 16][10, 15] 
[1, 4, 20, 23, 3, 9][0, 26, 8, 19, 18, 13][12, 17, 28, 7, 24][14, 11, 25, 22][10, 2, 29, 27][6, 5, 21, 15][14, 20][18, 22][25, 28][16, 28][15, 16][10, 15] 
[1, 4, 20, 23, 3, 9][0, 26, 8, 19, 18, 13][12, 17, 28, 7, 24][14, 11, 25, 22][6, 5, 21, 15][10, 2, 29, 27][16, 28, 25][20, 23][14, 20][18, 22][6, 16][2, 15] 
[0, 26, 8, 19, 18, 13][1, 4, 20, 23, 3, 9][12, 17, 28, 7, 24][14, 11, 25, 22][6, 5, 21, 15][10, 2, 29, 27][16, 28, 25][18, 22][6, 16][14, 20][20, 23][2, 15] 
[1, 4, 20, 23, 3, 9][0, 26, 8, 19, 18, 13][12, 17, 28, 7, 24][14, 11, 25, 22][6, 5, 21, 15][10, 2, 29, 27][16, 28, 25][20, 23][14, 20][6, 16][2, 15][18, 22] 
[1, 4, 20, 23, 3, 9][0, 26, 8, 19, 18, 13][12, 17, 28, 7, 24][14, 11, 25, 22][6, 5, 21, 15][10, 2, 29, 27][16, 28, 25][20, 23][14, 20][6, 16][2, 15][18, 22] 
[1, 4, 20, 23, 3, 9][0, 26, 8, 19, 18, 13][12, 17, 28, 7, 24][14, 11, 25, 22][6, 5, 21, 15][10, 2, 29, 27][16, 28, 25][20, 23][14, 20][18, 22][6, 16][2, 15] 
[1, 4, 20, 23, 3, 9][0, 26, 8, 19, 18, 13][6, 5, 21, 15, 27, 29][12, 17, 28, 7, 24][14, 11, 25, 22][2, 10, 15][15, 21][6, 16][16, 28][25, 28][14, 20][18, 22] 
[3, 23, 20, 4, 1, 9][0, 26, 8, 19, 18, 13][12, 17, 28, 7, 24][14, 11, 25, 22][6, 5, 21, 15][10, 2, 29, 27][16, 28][25, 28][14, 20][18, 22][6, 16][10, 15] 
[3, 23, 20, 4, 1, 9][0, 26, 8, 19, 18, 13][12, 17, 28, 7, 24][10, 2, 29, 27][6, 5, 21, 15][14, 11, 25, 22][10, 15][6, 16][16, 28][25, 28][14, 20][18, 22] 
[3, 23, 20, 4, 1, 9][0, 26, 8, 19, 18, 13][12, 17, 28, 7, 24][6, 5, 21, 15][14, 11, 25, 22][10, 2, 29, 27][16, 28][6, 16][25, 28][14, 20][18, 22][10, 15] 
[0, 26, 8, 19, 18, 13][3, 23, 20, 4, 1, 9][12, 17, 28, 7, 24][10, 2, 29, 27][6, 5, 21, 15][14, 11, 25, 22][10, 15][6, 16][16, 28][25, 28][18, 22][14, 20] 
[3, 23, 20, 4, 1, 9][0, 26, 8, 19, 18, 13][12, 17, 28, 7, 24][14, 11, 25, 22][6, 5, 21, 15][10, 2, 29, 27][16, 28][25, 28][14, 20][18, 22][6, 16][10, 15] 
[0, 26, 8, 19, 18, 13][1, 4, 20, 23, 3, 9][12, 17, 28, 7, 24][10, 2, 29, 27][6, 5, 21, 15][14, 11, 25, 22][10, 15][15, 16][16, 28][18, 22][14, 20][25, 28] 
[0, 26, 8, 19, 18, 13][3, 23, 20, 4, 1, 9][12, 17, 28, 7, 24][6, 5, 21, 15][2, 29, 10, 27][14, 11, 25, 22][15, 6, 16][10, 15][16, 28][25, 28][18, 22][14, 20] 
