[7, 24, 1, 3, 4, 20, 23, 9][18, 12, 22, 0, 26][13, 6, 2, 29, 27][8, 19, 17, 28][10, 16, 28][14, 11, 25][15, 5, 21][8, 12][0, 13][22, 25][14, 24][10, 15] 
[7, 24, 1, 3, 4, 20, 23, 9][22, 12, 18, 0, 26][13, 6, 2, 29, 27][8, 19, 17, 28][14, 11, 25][10, 16, 28][15, 5, 21][0, 25][14, 24][12, 19][2, 10][10, 15] 
[7, 24, 1, 3, 4, 20, 23, 9][13, 6, 2, 29, 27][22, 12, 18, 0, 26][8, 19, 17, 28][10, 16, 28][15, 5, 21][14, 11, 25][2, 10][12, 19][10, 15][22, 25][14, 24] 
[7, 24, 1, 3, 4, 20, 23, 9][13, 6, 2, 29, 27][22, 12, 18, 0, 26][8, 19, 17, 28][10, 16, 28][15, 5, 21][14, 11, 25][2, 10][12, 19][10, 15][22, 25][14, 24] 
[7, 24, 1, 3, 4, 20, 23][22, 12, 18, 0, 26][13, 6, 2, 29, 27][9, 14, 11, 25][8, 19, 17, 28][10, 16, 28][15, 5, 21][14, 24][22, 25][12, 19][0, 13][10, 15] 
[7, 24, 1, 3, 4, 20, 23][22, 12, 18, 0, 26][13, 6, 2, 29, 27][9, 14, 11, 25][8, 19, 17, 28][10, 16, 28][15, 5, 21][14, 24][22, 25][0, 13][12, 19][10, 15] 
[7, 24, 1, 3, 4, 20, 23, 9][22, 12, 18, 0, 26][13, 6, 2, 29, 27][8, 19, 17, 28][10, 16, 28][14, 11, 25][15, 5, 21][12, 19][0, 13][22, 25][10, 15][14, 24] 
[7, 24, 1, 3, 4, 20, 23][22, 12, 18, 0, 26][13, 6, 2, 29, 27][8, 19, 17, 28][9, 14, 11, 25][10, 16, 28][15, 5, 21][8, 12][10, 15][22, 25][14, 24][0, 13] 
[7, 24, 1, 3, 4, 20, 23][22, 12, 18, 0, 26][13, 6, 2, 29, 27][9, 14, 11, 25][8, 19, 17, 28][10, 16, 28][15, 5, 21][14, 24][22, 25][0, 13][12, 19][10, 15] 
[7, 24, 1, 3, 4, 20, 23][22, 12, 18, 0, 26][13, 6, 2, 29, 27][8, 19, 17, 28][9, 14, 11, 25][10, 16, 28][15, 5, 21][8, 12][10, 15][22, 25][14, 24][0, 13] 
[7, 24, 1, 3, 4, 20, 23, 9][18, 12, 22, 0, 26][13, 6, 2, 29, 27][8, 19, 17, 28][14, 11, 25][10, 16, 28][15, 5, 21][22, 25][14, 24][8, 12][0, 13][10, 15] 
[7, 24, 1, 3, 4, 20, 23, 9][13, 6, 2, 29, 27][22, 12, 18, 0, 26][8, 19, 17, 28][10, 16, 28][15, 5, 21][14, 11, 25][2, 10][12, 19][10, 15][22, 25][14, 24] 
[7, 24, 1, 3, 4, 20, 23, 9][13, 6, 2, 29, 27][22, 12, 18, 0, 26][8, 19, 17, 28][10, 16, 28][15, 5, 21][14, 11, 25][2, 10][12, 19][10, 15][22, 25][14, 24] 
[7, 24, 1, 3, 4, 20, 23][22, 12, 18, 0, 26][13, 6, 2, 29, 27][9, 14, 11, 25][8, 19, 17, 28][10, 16, 28][15, 5, 21][14, 24][22, 25][0, 13][12, 19][10, 15] 
[7, 24, 1, 3, 4, 20, 23][22, 12, 18, 0, 26][13, 6, 2, 29, 27][9, 14, 11, 25][8, 19, 17, 28][10, 16, 28][15, 5, 21][14, 24][22, 25][0, 13][12, 19][10, 15] 
[7, 24, 1, 3, 4, 20, 23][22, 12, 18, 0, 26][13, 6, 2, 29, 27][8, 19, 17, 28][9, 14, 11, 25][10, 16, 28][15, 5, 21][8, 12][10, 15][22, 25][14, 24][0, 13] 
[7, 24, 1, 3, 4, 20, 23, 9][18, 12, 22, 0, 26][13, 6, 2, 29, 27][8, 19, 17, 28][14, 11, 25][10, 16, 28][15, 5, 21][14, 24][22, 25][8, 12][10, 15][0, 13] 
[7, 24, 1, 3, 4, 20, 23, 9][13, 6, 2, 29, 27][22, 12, 18, 0, 26][8, 19, 17, 28][10, 16, 28][15, 5, 21][14, 11, 25][2, 10][12, 19][10, 15][22, 25][14, 24] 
[7, 24, 1, 3, 4, 20, 23][22, 12, 18, 0, 26][13, 6, 2, 29, 27][9, 14, 11, 25][8, 19, 17, 28][10, 16, 28][15, 5, 21][14, 24][22, 25][0, 13][12, 19][10, 15] 
[7, 24, 1, 3, 4, 20, 23, 9][18, 12, 22, 0, 26][13, 6, 2, 29, 27][8, 19, 17, 28][10, 16, 28][15, 5, 21][14, 11, 25][8, 12][0, 13][10, 15][22, 25][14, 24] 
[7, 24, 1, 3, 4, 20, 23, 9][18, 12, 22, 0, 26][13, 6, 2, 29, 27][8, 19, 17, 28][10, 16, 28][14, 11, 25][15, 5, 21][8, 12][0, 13][22, 25][14, 24][10, 15] 
[7, 24, 1, 3, 4, 20, 23, 9][22, 12, 18, 0, 26][13, 6, 2, 29, 27][8, 19, 17, 28][14, 11, 25][10, 16, 28][15, 5, 21][0, 25][14, 24][12, 19][2, 10][10, 15] 
[7, 24, 1, 3, 4, 20, 23, 9][13, 6, 2, 29, 27][22, 12, 18, 0, 26][8, 19, 17, 28][10, 16, 28][15, 5, 21][14, 11, 25][2, 10][12, 19][10, 15][22, 25][14, 24] 
[7, 24, 1, 3, 4, 20, 23][22, 12, 18, 0, 26][13, 6, 2, 29, 27][8, 19, 17, 28][9, 14, 11, 25][10, 16, 28][15, 5, 21][0, 13][12, 19][22, 25][14, 24][10, 15] 
[7, 24, 1, 3, 4, 20, 23][22, 12, 18, 0, 26][13, 6, 2, 29, 27][8, 19, 17, 28][9, 14, 11, 25][10, 16, 28][15, 5, 21][0, 13][12, 19][22, 25][14, 24][10, 15] 
[7, 24, 1, 3, 4, 20, 23][22, 12, 18, 0, 26][13, 6, 2, 29, 27][8, 19, 17, 28][9, 14, 11, 25][10, 16, 28][15, 5, 21][8, 12][10, 15][22, 25][14, 24][0, 13] 
[7, 24, 1, 3, 4, 20, 23, 9][18, 12, 22, 0, 26][13, 6, 2, 29, 27][8, 19, 17, 28][10, 16, 28][15, 5, 21][14, 11, 25][8, 12][0, 13][10, 15][22, 25][14, 24] 
[7, 24, 1, 3, 4, 20, 23, 9][22, 12, 18, 0, 26][13, 6, 2, 29, 27][8, 19, 17, 28][10, 16, 28][14, 11, 25][15, 5, 21][12, 19][2, 10][0, 25][10, 15][14, 24] 
[7, 24, 1, 3, 4, 20, 23][22, 12, 18, 0, 26][13, 6, 2, 29, 27][8, 19, 17, 28][9, 14, 11, 25][10, 16, 28][15, 5, 21][0, 13][12, 19][22, 25][14, 24][10, 15] 
[7, 24, 1, 3, 4, 20, 23, 9][18, 12, 22, 0, 26][13, 6, 2, 29, 27][8, 19, 17, 28][10, 16, 28][15, 5, 21][14, 11, 25][8, 12][0, 13][10, 15][22, 25][14, 24] 
[7, 24, 1, 3, 4, 20, 23, 9][18, 12, 22, 0, 26][13, 6, 2, 29, 27][8, 19, 17, 28][14, 11, 25][10, 16, 28][15, 5, 21][22, 25][14, 24][8, 12][0, 13][10, 15] 
[7, 24, 1, 3, 4, 20, 23, 9][22, 12, 18, 0, 26][13, 6, 2, 29, 27][8, 19, 17, 28][10, 16, 28][14, 11, 25][15, 5, 21][12, 19][2, 10][0, 25][10, 15][14, 24] 
[7, 24, 1, 3, 4, 20, 23][22, 12, 18, 0, 26][13, 6, 2, 29, 27][8, 19, 17, 28][9, 14, 11, 25][10, 16, 28][15, 5, 21][0, 13][12, 19][22, 25][14, 24][10, 15] 
[7, 24, 1, 3, 4, 20, 23, 9][18, 12, 22, 0, 26][13, 6, 2, 29, 27][8, 19, 17, 28][14, 11, 25][10, 16, 28][15, 5, 21][14, 24][22, 25][0, 13][8, 12][10, 15] 
[7, 24, 1, 3, 4, 20, 23, 9][18, 12, 22, 0, 26][13, 6, 2, 29, 27][8, 19, 17, 28][14, 11, 25][10, 16, 28][15, 5, 21][14, 24][22, 25][0, 13][8, 12][10, 15] 
[1, 4, 23, 9, 3, 24, 14, 20, 7, 28, 25, 11, 17][18, 13, 6, 5, 21, 10, 2, 16, 7, 27, 15, 29][17, 19, 8, 12, 0, 26][11, 25][18, 22][11, 25][11, 25][11, 25][11, 25][6, 13][11, 25][11, 25] 
[1, 4, 23, 9, 3, 24, 14, 20, 7, 28, 25, 11, 17][18, 13, 6, 5, 21, 10, 2, 16, 7, 27, 15, 29][17, 19, 8, 12, 0, 26][11, 25][18, 22][11, 25][11, 25][11, 25][11, 25][6, 13][11, 25][11, 25] 
[1, 4, 23, 9, 3, 24, 14, 20, 7, 28, 25, 11, 17][18, 13, 6, 5, 21, 10, 2, 16, 7, 27, 15, 29][17, 19, 8, 12, 0, 26][11, 25][18, 22][11, 25][11, 25][11, 25][11, 25][6, 13][11, 25][11, 25] 
[1, 4, 23, 9, 3, 24, 14, 20, 7, 28, 25, 11, 17][18, 13, 6, 2, 7, 27, 29][5, 21, 10, 16, 27, 15][17, 19, 8, 12, 0, 26][18, 22][11, 25][11, 25][11, 25][6, 13][6, 13][6, 13][11, 25] 
[1, 4, 23, 9, 3, 24, 14, 20, 7, 28, 25, 11, 17][18, 13, 6, 2, 7, 27, 29][5, 21, 10, 16, 27, 15][17, 19, 8, 12, 0, 26][18, 22][11, 25][11, 25][11, 25][6, 13][6, 13][6, 13][11, 25] 
[1, 4, 23, 9, 3, 24, 14, 20, 7, 28, 25, 11][6, 13, 18, 22, 17, 0, 12, 19, 8, 26][6, 15, 21, 2, 29][10, 16, 28][14, 24][8, 19][5, 6][2, 27][8, 19][22, 25][12, 19][8, 19] 
[1, 4, 23, 9, 3, 24, 14, 20, 7, 28, 25, 11, 17][18, 13, 6, 5, 21, 10, 2, 16, 7, 27, 15, 29][17, 19, 8, 12, 0, 26][11, 25][18, 22][11, 25][11, 25][11, 25][11, 25][6, 13][11, 25][11, 25] 
[1, 4, 23, 9, 3, 24, 14, 20, 7, 28, 25, 11, 17][18, 13, 6, 5, 21, 10, 2, 16, 7, 27, 15, 29][17, 19, 8, 12, 0, 26][11, 25][18, 22][11, 25][11, 25][11, 25][11, 25][6, 13][11, 25][11, 25] 
[1, 4, 23, 9, 3, 24, 14, 20, 7, 28, 25, 11, 17][18, 13, 6, 2, 7, 27, 29][5, 21, 10, 16, 27, 15][17, 19, 8, 12, 0, 26][18, 22][11, 25][11, 25][11, 25][6, 13][6, 13][6, 13][11, 25] 
[1, 4, 23, 9, 3, 24, 14, 20, 7, 28, 25, 11, 17][18, 13, 6, 5, 21, 10, 2, 16, 7, 27, 15, 29][17, 19, 8, 12, 0, 26][11, 25][18, 22][11, 25][11, 25][11, 25][11, 25][6, 13][11, 25][11, 25] 
[1, 4, 23, 9, 3, 24, 14, 20, 7, 28, 25, 11, 17][18, 13, 6, 5, 21, 10, 2, 16, 7, 27, 15, 29][17, 19, 8, 12, 0, 26][11, 25][18, 22][11, 25][11, 25][11, 25][11, 25][6, 13][11, 25][11, 25] 
[1, 4, 23, 9, 3, 24, 14, 20, 7, 28, 25, 11, 17][18, 13, 6, 5, 21, 10, 2, 16, 7, 27, 15, 29][17, 19, 8, 12, 0, 26][11, 25][18, 22][11, 25][11, 25][11, 25][11, 25][6, 13][11, 25][11, 25] 
[1, 4, 23, 9, 3, 24, 14, 20, 7, 28, 25, 11, 17][18, 13, 6, 2, 7, 27, 29][5, 21, 10, 16, 27, 15][17, 19, 8, 12, 0, 26][18, 22][11, 25][11, 25][11, 25][6, 13][6, 13][6, 13][11, 25] 
[1, 4, 23, 9, 3, 24, 14, 20, 7, 28, 25, 11, 17][18, 13, 6, 5, 21, 10, 2, 16, 7, 27, 15, 29][17, 19, 8, 12, 0, 26][11, 25][18, 22][11, 25][11, 25][11, 25][11, 25][6, 13][11, 25][11, 25] 
[1, 4, 23, 9, 3, 24, 14, 20, 7, 28, 25, 11, 17][18, 13, 6, 5, 21, 10, 2, 16, 7, 27, 15, 29][17, 19, 8, 12, 0, 26][11, 25][18, 22][11, 25][11, 25][11, 25][11, 25][6, 13][11, 25][11, 25] 
[1, 4, 23, 9, 3, 24, 14, 20, 7, 28, 25, 11, 17][18, 13, 6, 5, 21, 10, 2, 16, 7, 27, 15, 29][17, 19, 8, 12, 0, 26][11, 25][18, 22][11, 25][11, 25][11, 25][11, 25][6, 13][11, 25][11, 25] 
[1, 4, 23, 9, 3, 24, 14, 20, 7, 28, 25, 11, 17][18, 13, 6, 5, 21, 10, 2, 16, 7, 27, 15, 29][17, 19, 8, 12, 0, 26][11, 25][18, 22][11, 25][11, 25][11, 25][11, 25][6, 13][11, 25][11, 25] 
[1, 4, 23, 9, 3, 24, 14, 20, 7, 28, 25, 11, 17][18, 13, 6, 5, 21, 10, 2, 16, 7, 27, 15, 29][17, 19, 12, 0, 26][18, 22][11, 25][11, 25][11, 25][8, 19][6, 13][11, 25][11, 25][6, 13] 
[1, 4, 23, 9, 3, 24, 14, 20, 7, 28, 25, 11, 17][18, 13, 6, 5, 21, 10, 2, 16, 7, 27, 15, 29][17, 19, 8, 12, 0, 26][11, 25][18, 22][11, 25][11, 25][11, 25][11, 25][6, 13][11, 25][11, 25] 
[1, 4, 23, 9, 3, 24, 14, 20, 7, 28, 25, 11, 17][18, 13, 6, 5, 21, 10, 2, 16, 7, 27, 15, 29][17, 19, 8, 12, 0, 26][11, 25][18, 22][11, 25][11, 25][11, 25][11, 25][6, 13][11, 25][11, 25] 
[1, 4, 23, 9, 3, 24, 14, 20, 7, 28, 25, 11, 17][18, 13, 6, 5, 21, 10, 2, 16, 7, 27, 15, 29][17, 19, 8, 12, 0, 26][11, 25][18, 22][11, 25][11, 25][11, 25][11, 25][6, 13][11, 25][11, 25] 
[7, 24, 1, 3, 4, 20, 23][22, 12, 18, 0, 26][13, 6, 2, 29, 27][8, 19, 17, 28][9, 14, 11, 25][10, 16, 28][15, 5, 21][8, 12][0, 13][10, 15][22, 25][14, 24] 
[7, 24, 1, 3, 4, 20, 23][22, 12, 18, 0, 26][13, 6, 2, 29, 27][8, 19, 17, 28][9, 14, 11, 25][10, 16, 28][15, 5, 21][8, 12][10, 15][22, 25][14, 24][0, 13] 
[7, 24, 1, 3, 4, 20, 23][22, 12, 18, 0, 26][13, 6, 2, 29, 27][8, 19, 17, 28][9, 14, 11, 25][10, 16, 28][15, 5, 21][10, 15][8, 12][0, 13][22, 25][14, 24] 
[7, 24, 1, 3, 4, 20, 23][22, 12, 18, 0, 26][13, 6, 2, 29, 27][8, 19, 17, 28][9, 14, 11, 25][15, 5, 21][10, 16, 28][10, 15][8, 12][22, 25][0, 13][14, 24] 
[7, 24, 1, 3, 4, 20, 23][22, 12, 18, 0, 26][13, 6, 2, 29, 27][8, 19, 17, 28][9, 14, 11, 25][10, 16, 28][15, 5, 21][8, 12][22, 25][10, 15][14, 24][0, 13] 
[7, 24, 1, 3, 4, 20, 23][22, 12, 18, 0, 26][13, 6, 2, 29, 27][8, 19, 17, 28][9, 14, 11, 25][10, 16, 28][15, 5, 21][8, 12][10, 15][22, 25][14, 24][0, 13] 
[7, 24, 1, 3, 4, 20, 23][22, 12, 18, 0, 26][13, 6, 2, 29, 27][9, 14, 11, 25][8, 19, 17, 28][10, 16, 28][15, 5, 21][22, 25][14, 24][8, 12][10, 15][0, 13] 
[7, 24, 1, 3, 4, 20, 23][22, 12, 18, 0, 26][13, 6, 2, 29, 27][8, 19, 17, 28][9, 14, 11, 25][10, 16, 28][15, 5, 21][8, 12][0, 13][10, 15][22, 25][14, 24] 
[7, 24, 1, 3, 4, 20, 23][22, 12, 18, 0, 26][13, 6, 2, 29, 27][9, 14, 11, 25][8, 19, 17, 28][10, 16, 28][15, 5, 21][14, 24][22, 25][8, 12][10, 15][0, 13] 
[7, 24, 1, 3, 4, 20, 23][22, 12, 18, 0, 26][13, 6, 2, 29, 27][8, 19, 17, 28][9, 14, 11, 25][10, 16, 28][15, 5, 21][8, 12][10, 15][22, 25][14, 24][0, 13] 
[7, 24, 1, 3, 4, 20, 23][22, 12, 18, 0, 26][13, 6, 2, 29, 27][8, 19, 17, 28][9, 14, 11, 25][10, 16, 28][15, 5, 21][8, 12][10, 15][22, 25][14, 24][0, 13] 
[7, 24, 1, 3, 4, 20, 23][22, 12, 18, 0, 26][13, 6, 2, 29, 27][8, 19, 17, 28][9, 14, 11, 25][10, 16, 28][15, 5, 21][10, 15][8, 12][0, 13][22, 25][14, 24] 
[7, 24, 1, 3, 4, 20, 23][22, 12, 18, 0, 26][13, 6, 2, 29, 27][8, 19, 17, 28][9, 14, 11, 25][10, 16, 28][15, 5, 21][8, 12][22, 25][0, 13][10, 15][14, 24] 
[7, 24, 1, 3, 4, 20, 23][22, 12, 18, 0, 26][13, 6, 2, 29, 27][8, 19, 17, 28][9, 14, 11, 25][10, 16, 28][15, 5, 21][8, 12][22, 25][0, 13][10, 15][14, 24] 
[7, 24, 1, 3, 4, 20, 23][22, 12, 18, 0, 26][13, 6, 2, 29, 27][8, 19, 17, 28][9, 14, 11, 25][10, 16, 28][15, 5, 21][8, 12][10, 15][22, 25][14, 24][0, 13] 
[7, 24, 1, 3, 4, 20, 23, 9][18, 12, 22, 0, 26][13, 6, 2, 29, 27][8, 19, 17, 28][14, 11, 25][10, 16, 28][15, 5, 21][22, 25][14, 24][8, 12][0, 13][10, 15] 
[7, 24, 1, 3, 4, 20, 23, 9][18, 12, 22, 0, 26][13, 6, 2, 29, 27][8, 19, 17, 28][14, 11, 25][10, 16, 28][15, 5, 21][22, 25][14, 24][8, 12][0, 13][10, 15] 
[7, 24, 1, 3, 4, 20, 23, 9][18, 12, 22, 0, 26][13, 6, 2, 29, 27][8, 19, 17, 28][10, 16, 28][15, 5, 21][14, 11, 25][8, 12][0, 13][10, 15][22, 25][14, 24] 
[7, 24, 1, 3, 4, 20, 23, 9][18, 12, 22, 0, 26][13, 6, 2, 29, 27][8, 19, 17, 28][10, 16, 28][15, 5, 21][14, 11, 25][10, 15][8, 12][0, 13][22, 25][14, 24] 
[7, 24, 1, 3, 4, 20, 23, 9][18, 12, 22, 0, 26][13, 6, 2, 29, 27][8, 19, 17, 28][10, 16, 28][15, 5, 21][14, 11, 25][8, 12][0, 13][10, 15][22, 25][14, 24] 
[7, 24, 1, 3, 4, 20, 23, 9][18, 12, 22, 0, 26][13, 6, 2, 29, 27][8, 19, 17, 28][14, 11, 25][10, 16, 28][15, 5, 21][22, 25][14, 24][8, 12][0, 13][10, 15] 
[7, 24, 1, 3, 4, 20, 23][22, 12, 18, 0, 26][13, 6, 2, 29, 27][8, 19, 17, 28][9, 14, 11, 25][10, 16, 28][15, 5, 21][8, 12][10, 15][22, 25][14, 24][0, 13] 
[7, 24, 1, 3, 4, 20, 23][22, 12, 18, 0, 26][13, 6, 2, 29, 27][8, 19, 17, 28][9, 14, 11, 25][10, 16, 28][15, 5, 21][8, 12][10, 15][0, 13][22, 25][14, 24] 
[7, 24, 1, 3, 4, 20, 23][22, 12, 18, 0, 26][13, 6, 2, 29, 27][8, 19, 17, 28][9, 14, 11, 25][10, 16, 28][15, 5, 21][8, 12][10, 15][0, 13][22, 25][14, 24] 
[7, 24, 1, 3, 4, 20, 23][22, 12, 18, 0, 26][13, 6, 2, 29, 27][8, 19, 17, 28][9, 14, 11, 25][10, 16, 28][15, 5, 21][8, 12][10, 15][0, 13][22, 25][14, 24] 
[7, 24, 1, 3, 4, 20, 23][22, 12, 18, 0, 26][13, 6, 2, 29, 27][8, 19, 17, 28][9, 14, 11, 25][10, 16, 28][15, 5, 21][8, 12][22, 25][0, 13][10, 15][14, 24] 
[7, 24, 1, 3, 4, 20, 23][18, 12, 22, 0, 26][13, 6, 2, 29, 27][8, 19, 17, 28][9, 14, 11, 25][15, 5, 21][10, 16, 28][10, 15][8, 12][0, 13][22, 25][14, 24] 
[7, 24, 1, 3, 4, 20, 23][13, 6, 2, 29, 27][22, 12, 18, 0, 26][9, 14, 11, 25][8, 19, 17, 28][10, 16, 28][15, 5, 21][0, 13][22, 25][14, 24][8, 12][10, 15] 
[7, 24, 1, 3, 4, 20, 23, 9][18, 12, 22, 0, 26][13, 6, 2, 29, 27][8, 19, 17, 28][10, 16, 28][14, 11, 25][15, 5, 21][8, 12][0, 13][22, 25][14, 24][10, 15] 
[7, 24, 1, 3, 4, 20, 23, 9][13, 6, 2, 29, 27][18, 12, 22, 0, 26][8, 19, 17, 28][10, 16, 28][14, 11, 25][15, 5, 21][0, 13][8, 12][22, 25][14, 24][10, 15] 
[7, 24, 1, 3, 4, 20, 23, 9][18, 12, 22, 0, 26][13, 6, 2, 29, 27][8, 19, 17, 28][14, 11, 25][10, 16, 28][15, 5, 21][22, 25][14, 24][8, 12][0, 13][10, 15] 
[7, 24, 1, 3, 4, 20, 23, 9][18, 12, 22, 0, 26][13, 6, 2, 29, 27][8, 19, 17, 28][14, 11, 25][10, 16, 28][15, 5, 21][22, 25][14, 24][8, 12][0, 13][10, 15] 
[7, 24, 1, 3, 4, 20, 23, 9][18, 12, 22, 0, 26][13, 6, 2, 29, 27][8, 19, 17, 28][14, 11, 25][10, 16, 28][15, 5, 21][22, 25][14, 24][8, 12][0, 13][10, 15] 
[7, 24, 1, 3, 4, 20, 23, 9][18, 12, 22, 0, 26][13, 6, 2, 29, 27][8, 19, 17, 28][14, 11, 25][10, 16, 28][15, 5, 21][22, 25][14, 24][8, 12][0, 13][10, 15] 
[7, 24, 1, 3, 4, 20, 23, 9][18, 12, 22, 0, 26][13, 6, 2, 29, 27][8, 19, 17, 28][14, 11, 25][10, 16, 28][15, 5, 21][22, 25][14, 24][8, 12][0, 13][10, 15] 
[7, 24, 1, 3, 4, 20, 23, 9][18, 12, 22, 0, 26][13, 6, 2, 29, 27][8, 19, 17, 28][14, 11, 25][10, 16, 28][15, 5, 21][22, 25][14, 24][8, 12][0, 13][10, 15] 
[7, 24, 1, 3, 4, 20, 23, 9][18, 12, 22, 0, 26][13, 6, 2, 29, 27][8, 19, 17, 28][14, 11, 25][10, 16, 28][15, 5, 21][22, 25][14, 24][8, 12][0, 13][10, 15] 
[7, 24, 1, 3, 4, 20, 23, 9][18, 12, 22, 0, 26][13, 6, 2, 29, 27][8, 19, 17, 28][10, 16, 28][15, 5, 21][14, 11, 25][10, 15][8, 12][0, 13][22, 25][14, 24] 
[7, 24, 1, 3, 4, 20, 23, 9][18, 12, 22, 0, 26][13, 6, 2, 29, 27][8, 19, 17, 28][14, 11, 25][10, 16, 28][15, 5, 21][22, 25][14, 24][8, 12][0, 13][10, 15] 
[7, 24, 1, 3, 4, 20, 23, 9][18, 12, 22, 0, 26][13, 6, 2, 29, 27][8, 19, 17, 28][10, 16, 28][15, 5, 21][14, 11, 25][10, 15][8, 12][0, 13][22, 25][14, 24] 
[7, 24, 1, 3, 4, 20, 23, 9][18, 12, 22, 0, 26][13, 6, 2, 29, 27][8, 19, 17, 28][15, 5, 21][10, 16, 28][14, 11, 25][10, 15][8, 12][0, 13][22, 25][14, 24] 
[7, 24, 1, 3, 4, 20, 23, 9][18, 12, 22, 0, 26][13, 6, 2, 29, 27][8, 19, 17, 28][10, 16, 28][15, 5, 21][14, 11, 25][8, 12][0, 13][10, 15][22, 25][14, 24] 
[7, 24, 1, 3, 4, 20, 23, 9][18, 12, 22, 0, 26][13, 6, 2, 29, 27][8, 19, 17, 28][14, 11, 25][10, 16, 28][15, 5, 21][22, 25][14, 24][8, 12][0, 13][10, 15] 
[7, 24, 1, 3, 4, 20, 23, 9][18, 12, 22, 0, 26][13, 6, 2, 29, 27][8, 19, 17, 28][14, 11, 25][10, 16, 28][6, 5, 15][22, 25][14, 24][8, 12][10, 15][5, 21] 
[7, 24, 1, 3, 4, 20, 23, 9][18, 12, 22, 0, 26][13, 6, 2, 29, 27][8, 19, 17, 28][14, 11, 25][10, 16, 28][6, 5, 15][22, 25][14, 24][8, 12][10, 15][5, 21] 
[7, 24, 1, 3, 4, 20, 23, 9][18, 12, 22, 0, 26][13, 6, 2, 29, 27][8, 19, 17, 28][14, 11, 25][10, 16, 28][6, 5, 15][22, 25][14, 24][8, 12][10, 15][5, 21] 
[7, 24, 1, 3, 4, 20, 23, 9][18, 12, 22, 0, 26][13, 6, 2, 29, 27][8, 19, 17, 28][14, 11, 25][10, 16, 28][6, 5, 15][22, 25][14, 24][8, 12][10, 15][5, 21] 
[7, 24, 1, 3, 4, 20, 23, 9][18, 12, 22, 0, 26][13, 6, 2, 29, 27][8, 19, 17, 28][14, 11, 25][10, 16, 28][6, 5, 15][22, 25][14, 24][8, 12][10, 15][5, 21] 
[7, 24, 1, 3, 4, 20, 23, 9][18, 12, 22, 0, 26][13, 6, 2, 29, 27][8, 19, 17, 28][14, 11, 25][10, 16, 28][6, 5, 15][22, 25][14, 24][8, 12][10, 15][5, 21] 
[7, 24, 1, 3, 4, 20, 23][22, 12, 18, 0, 26][13, 6, 2, 29, 27][9, 14, 11, 25][8, 19, 17, 28][10, 16, 28][15, 5, 21][14, 24][22, 25][12, 19][0, 13][10, 15] 
[7, 24, 1, 3, 4, 20, 23][22, 12, 18, 0, 26][13, 6, 2, 29, 27][9, 14, 11, 25][8, 19, 17, 28][10, 16, 28][15, 5, 21][14, 24][22, 25][12, 19][0, 13][10, 15] 
[7, 24, 1, 3, 4, 20, 23][22, 12, 18, 0, 26][13, 6, 2, 29, 27][9, 14, 11, 25][8, 19, 17, 28][10, 16, 28][15, 5, 21][14, 24][22, 25][12, 19][0, 13][10, 15] 
[7, 24, 1, 3, 4, 20, 23][22, 12, 18, 0, 26][13, 6, 2, 29, 27][8, 19, 17, 28][9, 14, 11, 25][10, 16, 28][15, 5, 21][0, 13][12, 19][22, 25][14, 24][10, 15] 
[7, 24, 1, 3, 4, 20, 23][22, 12, 18, 0, 26][13, 6, 2, 29, 27][8, 19, 17, 28][9, 14, 11, 25][10, 16, 28][15, 5, 21][0, 13][12, 19][22, 25][14, 24][10, 15] 
[7, 24, 1, 3, 4, 20, 23, 9][18, 12, 22, 0, 26][13, 6, 2, 29, 27][8, 19, 17, 28][14, 11, 25][10, 16, 28][15, 5, 21][22, 25][14, 24][8, 12][0, 13][10, 15] 
[7, 24, 1, 3, 4, 20, 23][22, 12, 18, 0, 26][13, 6, 2, 29, 27][8, 19, 17, 28][9, 14, 11, 25][10, 16, 28][15, 5, 21][8, 12][0, 13][10, 15][22, 25][14, 24] 
