[12, 8, 26, 0, 18, 13][2, 10, 15, 21, 6, 5][1, 9, 14, 3][11, 25, 28, 17][4, 20, 23, 24][16, 7, 27, 29][19, 22, 25][11, 14][18, 19][3, 23][7, 20][10, 27] 
[12, 8, 26, 0, 18, 13][2, 10, 15, 21, 6, 5][1, 9, 14, 3][4, 20, 23, 24][11, 25, 28, 17][16, 7, 27, 29][19, 22, 25][3, 23][11, 14][18, 19][7, 20][10, 27] 
[12, 8, 26, 0, 18, 13][2, 10, 15, 21, 6, 5][11, 25, 28, 17][1, 9, 14, 3][4, 20, 23, 24][16, 7, 27, 29][19, 22, 25][18, 19][11, 14][3, 23][7, 20][10, 27] 
[2, 10, 15, 21, 6, 5][12, 8, 26, 0, 18, 13][16, 7, 27, 29][4, 20, 23, 24][1, 9, 14, 3][11, 25, 28, 17][19, 22, 25][10, 27][7, 20][3, 23][11, 14][18, 19] 
[12, 8, 26, 0, 18, 13][2, 16, 7, 27, 29][5, 6, 21, 15, 10][4, 20, 23, 24][1, 9, 14, 3][11, 25, 28, 17][19, 22, 25][7, 20][14, 23][11, 14][18, 19][10, 27] 
[12, 8, 26, 0, 18, 13][2, 10, 15, 21, 6, 5][11, 25, 28, 17][1, 9, 14, 3][4, 20, 23, 24][16, 7, 27, 29][19, 22, 25][18, 19][11, 14][14, 23][7, 20][10, 27] 
[2, 10, 15, 21, 6, 5][12, 8, 26, 0, 18, 13][4, 20, 23, 24][16, 7, 27, 29][1, 9, 14, 3][11, 25, 28, 17][19, 22, 25][7, 20][14, 23][2, 27][11, 14][18, 19] 
[12, 8, 26, 0, 18, 13][2, 16, 7, 27, 29][5, 6, 21, 15, 10][4, 20, 23, 24][1, 9, 14, 3][11, 25, 28, 17][19, 22, 25][7, 20][14, 23][11, 14][18, 19][10, 27] 
[2, 10, 15, 21, 6, 5][12, 8, 26, 0, 18, 13][16, 7, 27, 29][4, 20, 23, 24][1, 9, 14, 3][11, 25, 28, 17][19, 22, 25][7, 20][14, 23][10, 27][11, 14][18, 19] 
[12, 8, 26, 0, 18, 13][2, 10, 15, 21, 6, 5][11, 25, 28, 17][1, 9, 14, 3][4, 20, 23, 24][16, 7, 27, 29][19, 22, 25][11, 14][14, 23][18, 19][7, 20][10, 27] 
[12, 8, 26, 0, 18, 13][2, 10, 15, 21, 6, 5][11, 25, 28, 17][1, 9, 14, 3][4, 20, 23, 24][16, 7, 27, 29][19, 22, 25][18, 19][11, 14][3, 23][7, 20][10, 27] 
[12, 8, 26, 0, 18, 13][2, 10, 15, 21, 6, 5][11, 25, 28, 17][1, 9, 14, 3][4, 20, 23, 24][16, 7, 27, 29][19, 22, 25][18, 19][11, 14][3, 23][7, 20][10, 27] 
[12, 8, 26, 0, 18, 13][2, 10, 15, 21, 6, 5][11, 25, 28, 17][1, 9, 14, 3][4, 20, 23, 24][16, 7, 27, 29][19, 22, 25][18, 19][11, 14][3, 23][7, 20][10, 27] 
[12, 8, 26, 0, 18, 13][2, 16, 7, 27, 29][5, 6, 21, 15, 10][4, 20, 23, 24][1, 9, 14, 3][11, 25, 28, 17][19, 22, 25][7, 20][14, 23][11, 14][18, 19][10, 27] 
[12, 8, 26, 0, 18, 13][2, 10, 15, 21, 6, 5][11, 25, 28, 17][1, 9, 14, 3][4, 20, 23, 24][16, 7, 27, 29][19, 22, 25][18, 19][11, 14][14, 23][7, 20][10, 27] 
[12, 8, 26, 0, 18, 13][2, 16, 7, 27, 29][5, 6, 21, 15, 10][4, 20, 23, 24][1, 9, 14, 3][11, 25, 28, 17][19, 22, 25][7, 20][14, 23][11, 14][18, 19][10, 27] 
[2, 10, 15, 21, 6, 5][12, 8, 26, 0, 18, 13][16, 7, 27, 29][4, 20, 23, 24][1, 9, 14, 3][11, 25, 28, 17][19, 22, 25][10, 27][7, 20][3, 23][11, 14][18, 19] 
[12, 8, 26, 0, 18, 13][2, 10, 15, 21, 6, 5][11, 25, 28, 17][1, 9, 14, 3][4, 20, 23, 24][16, 7, 27, 29][19, 22, 25][18, 19][11, 14][3, 23][7, 20][10, 27] 
[12, 8, 26, 0, 18, 13][2, 16, 7, 27, 29][5, 6, 21, 15, 10][4, 20, 23, 24][1, 9, 14, 3][11, 25, 28, 17][19, 22, 25][7, 20][14, 23][11, 14][18, 19][10, 27] 
[12, 8, 26, 0, 18, 13][2, 10, 15, 21, 6, 5][1, 9, 14, 3][11, 25, 28, 17][4, 20, 23, 24][16, 7, 27, 29][19, 22, 25][11, 14][18, 19][3, 23][7, 20][10, 27] 
[12, 8, 26, 0, 18, 13][2, 10, 15, 21, 6, 5][1, 9, 14, 3][4, 20, 23, 24][11, 25, 28, 17][16, 7, 27, 29][19, 22, 25][3, 23][11, 14][18, 19][7, 20][10, 27] 
[12, 8, 26, 0, 18, 13][2, 10, 15, 21, 6, 5][11, 25, 28, 17][1, 9, 14, 3][4, 20, 23, 24][16, 7, 27, 29][19, 22, 25][18, 19][11, 14][3, 23][7, 20][10, 27] 
[2, 10, 15, 21, 6, 5][12, 8, 26, 0, 18, 13][16, 7, 27, 29][4, 20, 23, 24][1, 9, 14, 3][11, 25, 28, 17][19, 22, 25][10, 27][7, 20][3, 23][11, 14][18, 19] 
[12, 8, 26, 0, 18, 13][2, 16, 7, 27, 29][5, 6, 21, 15, 10][4, 20, 23, 24][1, 9, 14, 3][11, 25, 28, 17][19, 22, 25][7, 20][14, 23][11, 14][18, 19][10, 27] 
[2, 10, 15, 21, 6, 5][12, 8, 26, 0, 18, 13][16, 7, 27, 29][4, 20, 23, 24][1, 9, 14, 3][11, 25, 28, 17][19, 22, 25][7, 20][14, 23][10, 27][11, 14][18, 19] 
[12, 8, 26, 0, 18, 13][2, 16, 7, 27, 29][5, 6, 21, 15, 10][4, 20, 23, 24][1, 9, 14, 3][11, 25, 28, 17][19, 22, 25][7, 20][14, 23][11, 14][18, 19][10, 27] 
[12, 8, 26, 0, 18, 13][2, 10, 15, 21, 6, 5][1, 9, 14, 3][11, 25, 28, 17][4, 20, 23, 24][16, 7, 27, 29][19, 22, 25][11, 14][18, 19][3, 23][7, 20][10, 27] 
[12, 8, 26, 0, 18, 13][2, 10, 15, 21, 6, 5][11, 25, 28, 17][1, 9, 14, 3][4, 20, 23, 24][16, 7, 27, 29][19, 22, 25][18, 19][11, 14][3, 23][7, 20][10, 27] 
[12, 8, 26, 0, 18, 13][2, 16, 7, 27, 29][5, 6, 21, 15, 10][4, 20, 23, 24][1, 9, 14, 3][11, 25, 28, 17][19, 22, 25][7, 20][14, 23][11, 14][18, 19][10, 27] 
[12, 8, 26, 0, 18, 13][2, 10, 15, 21, 6, 5][11, 25, 28, 17][1, 9, 14, 3][4, 20, 23, 24][16, 7, 27, 29][19, 22, 25][18, 19][11, 14][3, 23][7, 20][10, 27] 
[12, 8, 26, 0, 18, 13][2, 10, 15, 21, 6, 5][1, 9, 14, 3][4, 20, 23, 24][11, 25, 28, 17][16, 7, 27, 29][19, 22, 25][3, 23][11, 14][18, 19][7, 20][10, 27] 
[12, 8, 26, 0, 18, 13][2, 10, 15, 21, 6, 5][11, 25, 28, 17][1, 9, 14, 3][4, 20, 23, 24][16, 7, 27, 29][19, 22, 25][11, 14][3, 23][18, 19][7, 20][10, 27] 
[12, 8, 26, 0, 18, 13][2, 16, 7, 27, 29][5, 6, 21, 15, 10][4, 20, 23, 24][1, 9, 14, 3][11, 25, 28, 17][19, 22, 25][7, 20][14, 23][11, 14][18, 19][10, 27] 
[12, 8, 26, 0, 18, 13][2, 10, 15, 21, 6, 5][4, 20, 23, 24][16, 7, 27, 29][1, 9, 14, 3][11, 25, 28, 17][19, 22, 25][7, 20][3, 23][11, 14][18, 19][10, 27] 
[12, 8, 26, 0, 18, 13][2, 10, 15, 21, 6, 5][11, 25, 28, 17][1, 9, 14, 3][4, 20, 23, 24][16, 7, 27, 29][19, 22, 25][18, 19][11, 14][3, 23][7, 20][10, 27] 
[3, 14, 11, 25, 28, 17, 19, 8, 26, 0, 13][18, 13, 6, 16, 2, 21, 5, 15, 27, 7, 24][20, 23, 9, 1, 4, 7, 10, 29][11, 25][8, 12][19, 22][8, 26][8, 26][15, 27][8, 26][2, 16][2, 16] 
[3, 14, 11, 25, 28, 17, 19, 8, 26, 0, 13][18, 13, 6, 16, 2, 21, 5, 15, 27, 7, 24][20, 23, 9, 1, 4, 7, 10, 29][11, 25][8, 12][19, 22][8, 26][8, 26][15, 27][8, 26][2, 16][2, 16] 
[3, 14, 11, 25, 28, 17, 19, 8, 26, 0, 13][18, 13, 6, 16, 2, 21, 5, 15, 27, 7, 24][20, 23, 9, 1, 4, 7, 10, 29][11, 25][8, 12][19, 22][8, 26][8, 26][15, 27][8, 26][2, 16][2, 16] 
[3, 14, 11, 25, 28, 17, 19, 8, 26, 0, 13][16, 2, 21, 5, 15, 27, 7, 24][20, 23, 9, 1, 4, 7, 10, 29][18, 13, 6, 15, 27, 7, 24][2, 16][19, 22][8, 12][8, 26][8, 26][11, 25][8, 26][8, 26] 
[3, 14, 11, 25, 28, 17, 19, 8, 26, 0, 13][16, 2, 21, 5, 15, 27, 7, 24][20, 23, 9, 1, 4, 7, 10, 29][18, 13, 6, 15, 27, 7, 24][2, 16][19, 22][8, 12][8, 26][8, 26][11, 25][8, 26][8, 26] 
[3, 14, 11, 25, 28, 17, 19, 8, 26, 0, 13][20, 23, 9, 1, 4, 7, 10, 29][18, 13, 6, 15, 27, 7, 24][2, 21, 5, 15][2, 16][19, 22][8, 12][8, 26][8, 26][11, 25][8, 26][8, 26] 
[3, 14, 11, 25, 28, 17, 19, 8, 26, 0, 13][18, 13, 6, 16, 2, 21, 5, 15, 27, 7, 24][20, 23, 9, 1, 4, 7, 10, 29][11, 25][8, 12][19, 22][8, 26][8, 26][15, 27][8, 26][2, 16][2, 16] 
[3, 14, 11, 25, 28, 17, 19, 8, 26, 0, 13][18, 13, 6, 16, 2, 21, 5, 15, 27, 7, 24][20, 23, 9, 1, 4, 7, 10, 29][11, 25][8, 12][19, 22][8, 26][8, 26][15, 27][8, 26][2, 16][2, 16] 
[3, 14, 11, 25, 28, 17, 19, 8, 26, 0, 13][16, 2, 21, 5, 15, 27, 7, 24][20, 23, 9, 1, 4, 7, 10, 29][18, 13, 6, 15, 27, 7, 24][2, 16][19, 22][8, 12][8, 26][8, 26][11, 25][8, 26][8, 26] 
[3, 14, 11, 25, 28, 17, 19, 8, 26, 0, 13][18, 13, 6, 16, 2, 21, 5, 15, 27, 7, 24][20, 23, 9, 1, 4, 7, 10, 29][11, 25][8, 12][19, 22][8, 26][8, 26][15, 27][8, 26][2, 16][2, 16] 
[3, 14, 11, 25, 28, 17, 19, 8, 26, 0, 13][18, 13, 6, 16, 2, 21, 5, 15, 27, 7, 24][20, 23, 9, 1, 4, 7, 10, 29][11, 25][8, 12][19, 22][8, 26][8, 26][15, 27][8, 26][2, 16][2, 16] 
[3, 14, 11, 25, 28, 17, 19, 8, 26, 0, 13][18, 13, 6, 16, 2, 21, 5, 15, 27, 7, 24][20, 23, 9, 1, 4, 7, 10, 29][11, 25][8, 12][19, 22][8, 26][8, 26][15, 27][8, 26][2, 16][2, 16] 
[3, 14, 11, 25, 28, 17, 19, 8, 26, 0, 13][16, 2, 21, 5, 15, 27, 7, 24][20, 23, 9, 1, 4, 7, 10, 29][18, 13, 6, 15, 27, 7, 24][2, 16][19, 22][8, 12][8, 26][8, 26][11, 25][8, 26][8, 26] 
[3, 14, 11, 25, 28, 17, 19, 8, 26, 0, 13][18, 13, 6, 16, 2, 21, 5, 15, 27, 7, 24][20, 23, 9, 1, 4, 7, 10, 29][11, 25][8, 12][19, 22][8, 26][8, 26][15, 27][8, 26][2, 16][2, 16] 
[3, 14, 11, 25, 28, 17, 19, 8, 26, 0, 13][18, 13, 6, 16, 2, 21, 5, 15, 27, 7, 24][20, 23, 9, 1, 4, 7, 10, 29][11, 25][8, 12][19, 22][8, 26][8, 26][15, 27][8, 26][2, 16][2, 16] 
[3, 14, 11, 25, 28, 17, 19, 8, 26, 0, 13][18, 13, 6, 16, 2, 21, 5, 15, 27, 7, 24][20, 23, 9, 1, 4, 7, 10, 29][11, 25][8, 12][19, 22][8, 26][8, 26][15, 27][8, 26][2, 16][2, 16] 
[3, 14, 11, 25, 28, 17, 19, 8, 26, 0, 13][18, 13, 6, 16, 2, 21, 5, 15, 27, 7, 24][20, 23, 9, 1, 4, 7, 10, 29][11, 25][8, 12][19, 22][8, 26][8, 26][15, 27][8, 26][2, 16][2, 16] 
[3, 14, 11, 25, 28, 17, 19, 8, 26, 0, 13][18, 13, 6, 2, 21, 5, 15, 27, 7, 24][20, 23, 9, 1, 4, 7, 10, 29][8, 26][19, 22][2, 16][8, 12][15, 27][15, 27][8, 26][8, 26][8, 26] 
[3, 14, 11, 25, 28, 17, 19, 8, 26, 0, 13][18, 13, 6, 16, 2, 21, 5, 15, 27, 7, 24][20, 23, 9, 1, 4, 7, 10, 29][11, 25][8, 12][19, 22][8, 26][8, 26][15, 27][8, 26][2, 16][2, 16] 
[3, 14, 11, 25, 28, 17, 19, 8, 26, 0, 13][18, 13, 6, 16, 2, 21, 5, 15, 27, 7, 24][20, 23, 9, 1, 4, 7, 10, 29][11, 25][8, 12][19, 22][8, 26][8, 26][15, 27][8, 26][2, 16][2, 16] 
[3, 14, 11, 25, 28, 17, 19, 8, 26, 0, 13][18, 13, 6, 16, 2, 21, 5, 15, 27, 7, 24][20, 23, 9, 1, 4, 7, 10, 29][11, 25][8, 12][19, 22][8, 26][8, 26][15, 27][8, 26][2, 16][2, 16] 
[12, 8, 26, 0, 18, 13][2, 10, 15, 21, 6, 5][11, 25, 28, 17][1, 9, 14, 3][4, 20, 23, 24][16, 7, 27, 29][19, 22, 25][18, 19][11, 14][14, 23][7, 20][10, 27] 
[12, 8, 26, 0, 18, 13][2, 10, 15, 21, 6, 5][11, 25, 28, 17][1, 9, 14, 3][4, 20, 23, 24][16, 7, 27, 29][19, 22, 25][18, 19][11, 14][14, 23][7, 20][10, 27] 
[2, 10, 15, 21, 6, 5][12, 8, 26, 0, 18, 13][16, 7, 27, 29][4, 20, 23, 24][1, 9, 14, 3][11, 25, 28, 17][19, 22, 25][10, 27][7, 20][14, 23][11, 14][18, 19] 
[12, 8, 26, 0, 18, 13][2, 10, 15, 21, 6, 5][11, 25, 28, 17][1, 9, 14, 3][4, 20, 23, 24][16, 7, 27, 29][19, 22, 25][18, 19][11, 14][14, 23][7, 20][10, 27] 
[2, 10, 15, 21, 6, 5][12, 8, 26, 0, 18, 13][16, 7, 27, 29][4, 20, 23, 24][1, 9, 14, 3][11, 25, 28, 17][19, 22, 25][10, 27][7, 20][14, 23][11, 14][18, 19] 
[2, 10, 15, 21, 6, 5][12, 8, 26, 0, 18, 13][16, 7, 27, 29][4, 20, 23, 24][1, 9, 14, 3][11, 25, 28, 17][19, 22, 25][7, 20][14, 23][10, 27][11, 14][18, 19] 
[2, 10, 15, 21, 6, 5][12, 8, 26, 0, 18, 13][16, 7, 27, 29][4, 20, 23, 24][1, 9, 14, 3][11, 25, 28, 17][19, 22, 25][10, 27][7, 20][14, 23][11, 14][18, 19] 
[12, 8, 26, 0, 18, 13][2, 10, 15, 21, 6, 5][11, 25, 28, 17][1, 9, 14, 3][4, 20, 23, 24][16, 7, 27, 29][19, 22, 25][18, 19][11, 14][14, 23][7, 20][10, 27] 
[2, 10, 15, 21, 6, 5][12, 8, 26, 0, 18, 13][16, 7, 27, 29][4, 20, 23, 24][1, 9, 14, 3][11, 25, 28, 17][19, 22, 25][7, 20][10, 27][14, 23][11, 14][18, 19] 
[12, 8, 26, 0, 18, 13][2, 10, 15, 21, 6, 5][11, 25, 28, 17][1, 9, 14, 3][4, 20, 23, 24][16, 7, 27, 29][19, 22, 25][11, 14][14, 23][18, 19][7, 20][10, 27] 
[12, 8, 26, 0, 18, 13][2, 10, 15, 21, 6, 5][11, 25, 28, 17][1, 9, 14, 3][4, 20, 23, 24][16, 7, 27, 29][19, 22, 25][18, 19][11, 14][14, 23][7, 20][10, 27] 
[2, 10, 15, 21, 6, 5][12, 8, 26, 0, 18, 13][16, 7, 27, 29][4, 20, 23, 24][1, 9, 14, 3][11, 25, 28, 17][19, 22, 25][10, 27][7, 20][14, 23][11, 14][18, 19] 
[12, 8, 26, 0, 18, 13][2, 10, 15, 21, 6, 5][11, 25, 28, 17][1, 9, 14, 3][4, 20, 23, 24][16, 7, 27, 29][19, 22, 25][11, 14][18, 19][14, 23][7, 20][10, 27] 
[12, 8, 26, 0, 18, 13][2, 10, 15, 21, 6, 5][11, 25, 28, 17][1, 9, 14, 3][4, 20, 23, 24][16, 7, 27, 29][19, 22, 25][18, 19][11, 14][14, 23][7, 20][10, 27] 
[12, 8, 26, 0, 18, 13][2, 10, 15, 21, 6, 5][11, 25, 28, 17][1, 9, 14, 3][4, 20, 23, 24][16, 7, 27, 29][19, 22, 25][18, 19][11, 14][14, 23][7, 20][10, 27] 
[12, 8, 26, 0, 18, 13][2, 10, 15, 21, 6, 5][11, 25, 28, 17][1, 9, 14, 3][4, 20, 23, 24][16, 7, 27, 29][19, 22, 25][18, 19][11, 14][3, 23][7, 20][10, 27] 
[12, 8, 26, 0, 18, 13][2, 10, 15, 21, 6, 5][11, 25, 28, 17][1, 9, 14, 3][4, 20, 23, 24][16, 7, 27, 29][19, 22, 25][18, 19][11, 14][3, 23][7, 20][10, 27] 
[2, 10, 15, 21, 6, 5][12, 8, 26, 0, 18, 13][4, 20, 23, 24][16, 7, 27, 29][1, 9, 14, 3][11, 25, 28, 17][19, 22, 25][7, 20][10, 27][3, 23][11, 14][18, 19] 
[12, 8, 26, 0, 18, 13][2, 10, 15, 21, 6, 5][11, 25, 28, 17][1, 9, 14, 3][4, 20, 23, 24][16, 7, 27, 29][19, 22, 25][18, 19][11, 14][3, 23][7, 20][10, 27] 
[2, 10, 15, 21, 6, 5][12, 8, 26, 0, 18, 13][16, 7, 27, 29][4, 20, 23, 24][1, 9, 14, 3][11, 25, 28, 17][19, 22, 25][10, 27][7, 20][3, 23][11, 14][18, 19] 
[12, 8, 26, 0, 18, 13][2, 10, 15, 21, 6, 5][4, 20, 23, 24][1, 9, 14, 3][11, 25, 28, 17][16, 7, 27, 29][19, 22, 25][3, 23][11, 14][7, 20][18, 19][2, 27] 
[12, 8, 26, 0, 18, 13][2, 10, 15, 21, 6, 5][11, 25, 28, 17][1, 9, 14, 3][4, 20, 23, 24][16, 7, 27, 29][19, 22, 25][18, 19][11, 14][14, 23][7, 20][10, 27] 
[2, 10, 15, 21, 6, 5][12, 8, 26, 0, 18, 13][16, 7, 27, 29][4, 20, 23, 24][1, 9, 14, 3][11, 25, 28, 17][19, 22, 25][10, 27][7, 20][14, 23][11, 14][18, 19] 
[2, 10, 15, 21, 6, 5][12, 8, 26, 0, 18, 13][16, 7, 27, 29][4, 20, 23, 24][1, 9, 14, 3][11, 25, 28, 17][19, 22, 25][10, 27][7, 20][14, 23][11, 14][18, 19] 
[12, 8, 26, 0, 18, 13][2, 10, 15, 21, 6, 5][1, 9, 14, 3][4, 20, 23, 24][11, 25, 28, 17][16, 7, 27, 29][19, 22, 25][14, 23][11, 14][18, 19][7, 20][10, 27] 
[12, 8, 26, 0, 18, 13][2, 10, 15, 21, 6, 5][11, 25, 28, 17][1, 9, 14, 3][4, 20, 23, 24][16, 7, 27, 29][19, 22, 25][18, 19][11, 14][14, 23][7, 20][10, 27] 
[12, 8, 26, 0, 18, 13][2, 16, 7, 27, 29][5, 6, 21, 15, 10][4, 20, 23, 24][1, 9, 14, 3][11, 25, 28, 17][19, 22, 25][7, 20][14, 23][11, 14][18, 19][10, 27] 
[12, 8, 26, 0, 18, 13][2, 10, 15, 21, 6, 5][11, 25, 28, 17][1, 9, 14, 3][4, 20, 23, 24][16, 7, 27, 29][19, 22, 25][18, 19][11, 14][14, 23][7, 20][10, 27] 
[12, 8, 26, 0, 18, 13][2, 10, 15, 21, 6, 5][1, 9, 14, 3][11, 25, 28, 17][4, 20, 23, 24][16, 7, 27, 29][19, 22, 25][11, 14][18, 19][3, 23][7, 20][10, 27] 
[12, 8, 26, 0, 18, 13][2, 10, 15, 21, 6, 5][1, 9, 14, 3][4, 20, 23, 24][11, 25, 28, 17][16, 7, 27, 29][19, 22, 25][3, 23][11, 14][18, 19][7, 20][10, 27] 
[12, 8, 26, 0, 18, 13][2, 10, 15, 21, 6, 5][1, 9, 14, 3][11, 25, 28, 17][4, 20, 23, 24][16, 7, 27, 29][19, 22, 25][11, 14][18, 19][3, 23][7, 20][10, 27] 
[12, 8, 26, 0, 18, 13][2, 10, 15, 21, 6, 5][11, 25, 28, 17][1, 9, 14, 3][4, 20, 23, 24][16, 7, 27, 29][19, 22, 25][18, 19][11, 14][3, 23][7, 20][10, 27] 
[2, 10, 15, 21, 6, 5][12, 8, 26, 0, 18, 13][16, 7, 27, 29][4, 20, 23, 24][1, 9, 14, 3][11, 25, 28, 17][19, 22, 25][10, 27][7, 20][3, 23][11, 14][18, 19] 
[12, 8, 26, 0, 18, 13][2, 10, 15, 21, 6, 5][11, 25, 28, 17][1, 9, 14, 3][4, 20, 23, 24][16, 7, 27, 29][19, 22, 25][18, 19][11, 14][3, 23][7, 20][10, 27] 
[12, 8, 26, 0, 18, 13][2, 10, 15, 21, 6, 5][11, 25, 28, 17][1, 9, 14, 3][4, 20, 23, 24][16, 7, 27, 29][19, 22, 25][18, 19][11, 14][3, 23][7, 20][10, 27] 
[2, 10, 15, 21, 6, 5][12, 8, 26, 0, 18, 13][16, 7, 27, 29][4, 20, 23, 24][1, 9, 14, 3][11, 25, 28, 17][19, 22, 25][10, 27][7, 20][3, 23][11, 14][18, 19] 
[12, 8, 26, 0, 18, 13][2, 10, 15, 21, 6, 5][11, 25, 28, 17][1, 9, 14, 3][4, 20, 23, 24][16, 7, 27, 29][19, 22, 25][18, 19][11, 14][3, 23][7, 20][10, 27] 
[12, 8, 26, 0, 18, 13][2, 10, 15, 21, 6, 5][11, 25, 28, 17][1, 9, 14, 3][4, 20, 23, 24][16, 7, 27, 29][19, 22, 25][18, 19][11, 14][3, 23][7, 20][10, 27] 
[12, 8, 26, 0, 18, 13][2, 10, 15, 21, 6, 5][1, 9, 14, 3][11, 25, 28, 17][4, 20, 23, 24][16, 7, 27, 29][19, 22, 25][11, 14][18, 19][3, 23][7, 20][10, 27] 
[2, 10, 15, 21, 6, 5][12, 8, 26, 0, 18, 13][16, 7, 27, 29][4, 20, 23, 24][1, 9, 14, 3][11, 25, 28, 17][19, 22, 25][10, 27][7, 20][3, 23][11, 14][18, 19] 
[12, 8, 26, 0, 18, 13][2, 10, 15, 21, 6, 5][1, 9, 14, 3][11, 25, 28, 17][4, 20, 23, 24][16, 7, 27, 29][19, 22, 25][11, 14][18, 19][3, 23][7, 20][10, 27] 
[2, 10, 15, 21, 6, 5][12, 8, 26, 0, 18, 13][4, 20, 23, 24][16, 7, 27, 29][1, 9, 14, 3][11, 25, 28, 17][19, 22, 25][7, 20][10, 27][3, 23][11, 14][18, 19] 
[12, 8, 26, 0, 18, 13][2, 10, 15, 21, 6, 5][4, 20, 23, 24][16, 7, 27, 29][1, 9, 14, 3][11, 25, 28, 17][19, 22, 25][7, 20][3, 23][11, 14][18, 19][10, 27] 
[12, 8, 26, 0, 18, 13][2, 10, 15, 21, 6, 5][11, 25, 28, 17][1, 9, 14, 3][4, 20, 23, 24][16, 7, 27, 29][19, 22, 25][11, 14][1, 4][18, 19][7, 24][2, 27] 
[12, 8, 26, 0, 18, 13][2, 10, 15, 21, 6, 5][11, 25, 28, 17][1, 9, 14, 3][4, 20, 23, 24][16, 7, 27, 29][19, 22, 25][11, 14][1, 4][18, 19][7, 24][2, 27] 
[12, 8, 26, 0, 18, 13][2, 10, 15, 21, 6, 5][11, 25, 28, 17][1, 9, 14, 3][4, 20, 23, 24][16, 7, 27, 29][19, 22, 25][11, 14][1, 4][18, 19][7, 24][2, 27] 
[12, 8, 26, 0, 18, 13][2, 10, 15, 21, 6, 5][11, 25, 28, 17][1, 9, 14, 3][4, 20, 23, 24][16, 7, 27, 29][19, 22, 25][11, 14][1, 4][18, 19][7, 24][2, 27] 
[12, 8, 26, 0, 18, 13][2, 10, 15, 21, 6, 5][11, 25, 28, 17][1, 9, 14, 3][4, 20, 23, 24][16, 7, 27, 29][19, 22, 25][11, 14][1, 4][18, 19][7, 24][2, 27] 
[12, 8, 26, 0, 18, 13][2, 10, 15, 21, 6, 5][11, 25, 28, 17][1, 9, 14, 3][4, 20, 23, 24][16, 7, 27, 29][19, 22, 25][11, 14][1, 4][18, 19][7, 24][2, 27] 
[12, 8, 26, 0, 18, 13][2, 10, 15, 21, 6, 5][11, 25, 28, 17][1, 9, 14, 3][4, 20, 23, 24][16, 7, 27, 29][19, 22, 25][18, 19][11, 14][14, 23][7, 20][10, 27] 
[2, 10, 15, 21, 6, 5][12, 8, 26, 0, 18, 13][16, 7, 27, 29][4, 20, 23, 24][1, 9, 14, 3][11, 25, 28, 17][19, 22, 25][10, 27][7, 20][14, 23][11, 14][18, 19] 
[12, 8, 26, 0, 18, 13][2, 10, 15, 21, 6, 5][11, 25, 28, 17][1, 9, 14, 3][4, 20, 23, 24][16, 7, 27, 29][19, 22, 25][11, 14][14, 23][18, 19][7, 20][10, 27] 
[12, 8, 26, 0, 18, 13][2, 10, 15, 21, 6, 5][11, 25, 28, 17][1, 9, 14, 3][4, 20, 23, 24][16, 7, 27, 29][19, 22, 25][11, 14][14, 23][18, 19][7, 20][10, 27] 
[12, 8, 26, 0, 18, 13][2, 10, 15, 21, 6, 5][11, 25, 28, 17][1, 9, 14, 3][4, 20, 23, 24][16, 7, 27, 29][19, 22, 25][18, 19][11, 14][14, 23][7, 20][10, 27] 
[12, 8, 26, 0, 18, 13][2, 10, 15, 21, 6, 5][11, 25, 28, 17][1, 9, 14, 3][4, 20, 23, 24][16, 7, 27, 29][19, 22, 25][18, 19][11, 14][3, 23][7, 20][10, 27] 
[2, 10, 15, 21, 6, 5][12, 8, 26, 0, 18, 13][16, 7, 27, 29][4, 20, 23, 24][1, 9, 14, 3][11, 25, 28, 17][19, 22, 25][7, 20][10, 27][14, 23][11, 14][18, 19] 
