[5, 21, 2, 29, 10, 15][3, 9, 1, 24, 20][23, 14, 11, 25][8, 26, 0, 19][13, 18, 12, 17][4, 7, 16, 28][0, 22, 18][6, 16, 27][22, 25][6, 13][14, 24][27, 29] 
[5, 21, 2, 29, 10, 15][8, 26, 0, 19, 17][1, 9, 3, 24, 20][4, 7, 16, 28][23, 14, 11, 25][12, 18, 13][6, 16, 27][0, 22, 18][6, 13][27, 29][22, 25][14, 24] 
[5, 21, 2, 29, 10, 15][1, 9, 3, 24, 20][8, 26, 0, 19, 17][23, 14, 11, 25][4, 7, 16, 28][0, 22, 18][12, 18, 13][6, 16, 27][14, 24][22, 25][6, 13][27, 29] 
[5, 21, 2, 29, 10, 15][1, 9, 3, 24, 20][8, 26, 0, 19][23, 14, 11, 25][18, 12, 17, 28][0, 22, 18][6, 16, 27][7, 27, 29][4, 24, 14][13, 18][22, 25][6, 13] 
[5, 21, 2, 29, 10, 15][3, 9, 1, 24, 20][8, 26, 0, 19][13, 18, 12, 17][23, 14, 11, 25][4, 7, 16, 28][0, 22, 18][6, 16, 27][22, 25][6, 13][14, 24][27, 29] 
[5, 21, 2, 29, 10, 15][1, 9, 3, 24, 20][8, 26, 0, 19, 17][23, 14, 11, 25][4, 7, 16, 28][0, 22, 18][12, 18, 13][6, 16, 27][14, 24][22, 25][6, 13][27, 29] 
[5, 21, 2, 29, 10, 15][8, 26, 0, 19, 17][1, 9, 3, 24, 20][4, 7, 16, 28][23, 14, 11, 25][6, 16, 27][12, 18, 13][0, 22, 18][27, 29][6, 13][22, 25][14, 24] 
[5, 21, 2, 29, 10, 15][3, 9, 1, 24, 20][4, 7, 16, 28][13, 18, 12, 17][8, 26, 0, 19][23, 14, 11, 25][6, 16, 27][0, 22, 18][27, 29][6, 13][22, 25][14, 24] 
[5, 21, 2, 29, 10, 15][1, 9, 3, 24, 20][8, 26, 0, 19, 17][23, 14, 11, 25][4, 7, 16, 28][0, 22, 18][12, 18, 13][6, 16, 27][14, 24][22, 25][6, 13][27, 29] 
[5, 21, 2, 29, 10, 15][3, 9, 1, 24, 20][4, 7, 16, 28][13, 18, 12, 17][8, 26, 0, 19][23, 14, 11, 25][6, 16, 27][0, 22, 18][27, 29][6, 13][22, 25][14, 24] 
[5, 21, 2, 29, 10, 15][3, 9, 1, 24, 20][8, 26, 0, 19][13, 18, 12, 17][23, 14, 11, 25][4, 7, 16, 28][0, 22, 18][6, 16, 27][22, 25][6, 13][14, 24][27, 29] 
[5, 21, 2, 29, 10, 15][1, 9, 3, 24, 20][8, 26, 0, 19, 17][23, 14, 11, 25][4, 7, 16, 28][0, 22, 18][12, 18, 13][6, 16, 27][14, 24][22, 25][6, 13][27, 29] 
[5, 21, 2, 29, 10, 15][8, 26, 0, 19, 17][1, 9, 3, 24, 20][4, 7, 16, 28][23, 14, 11, 25][6, 16, 27][12, 18, 13][0, 22, 18][27, 29][6, 13][22, 25][14, 24] 
[5, 21, 2, 29, 10, 15][3, 9, 1, 24, 20][4, 7, 16, 28][13, 18, 12, 17][8, 26, 0, 19][23, 14, 11, 25][6, 16, 27][0, 22, 18][27, 29][6, 13][22, 25][14, 24] 
[5, 21, 2, 29, 10, 15][1, 9, 3, 24, 20][8, 26, 0, 19, 17][23, 14, 11, 25][4, 7, 16, 28][0, 22, 18][12, 18, 13][6, 16, 27][14, 24][22, 25][6, 13][27, 29] 
[5, 21, 2, 29, 10, 15][3, 9, 1, 24, 20][4, 7, 16, 28][13, 18, 12, 17][8, 26, 0, 19][23, 14, 11, 25][6, 16, 27][0, 22, 18][27, 29][6, 13][22, 25][14, 24] 
[5, 21, 2, 29, 10, 15][3, 9, 1, 24, 20][4, 7, 16, 28][13, 18, 12, 17][8, 26, 0, 19][23, 14, 11, 25][6, 16, 27][0, 22, 18][6, 13][22, 25][27, 29][14, 24] 
[5, 21, 2, 29, 10, 15][1, 9, 3, 24, 20][8, 26, 0, 19, 17][23, 14, 11, 25][4, 7, 16, 28][0, 22, 18][12, 18, 13][6, 16, 27][14, 24][22, 25][6, 13][27, 29] 
[5, 21, 2, 29, 10, 15][3, 9, 1, 24, 20][4, 7, 16, 28][13, 18, 12, 17][8, 26, 0, 19][23, 14, 11, 25][6, 16, 27][0, 22, 18][27, 29][6, 13][22, 25][14, 24] 
[5, 21, 2, 29, 10, 15][3, 9, 1, 24, 20][4, 7, 16, 28][13, 18, 12, 17][8, 26, 0, 19][23, 14, 11, 25][6, 16, 27][0, 22, 18][27, 29][6, 13][22, 25][14, 24] 
[5, 21, 2, 29, 10, 15][3, 9, 1, 24, 20][23, 14, 11, 25][8, 26, 0, 19][13, 18, 12, 17][4, 7, 16, 28][0, 22, 18][6, 16, 27][22, 25][6, 13][14, 24][27, 29] 
[5, 21, 2, 29, 10, 15][1, 9, 3, 24, 20][8, 26, 0, 19, 17][23, 14, 11, 25][4, 7, 16, 28][0, 22, 18][12, 18, 13][6, 16, 27][14, 24][22, 25][6, 13][27, 29] 
[5, 21, 2, 29, 10, 15][8, 26, 0, 19, 17][1, 9, 3, 24, 20][4, 7, 16, 28][23, 14, 11, 25][6, 16, 27][12, 18, 13][0, 22, 18][27, 29][6, 13][22, 25][14, 24] 
[5, 21, 2, 29, 10, 15][3, 9, 1, 24, 20][4, 7, 16, 28][13, 18, 12, 17][8, 26, 0, 19][23, 14, 11, 25][6, 16, 27][0, 22, 18][27, 29][6, 13][22, 25][14, 24] 
[5, 21, 2, 29, 10, 15][1, 9, 3, 24, 20][8, 26, 0, 19, 17][23, 14, 11, 25][4, 7, 16, 28][0, 22, 18][12, 18, 13][6, 16, 27][14, 24][22, 25][6, 13][27, 29] 
[5, 21, 2, 29, 10, 15][3, 9, 1, 24, 20][4, 7, 16, 28][13, 18, 12, 17][8, 26, 0, 19][23, 14, 11, 25][6, 16, 27][0, 22, 18][27, 29][6, 13][22, 25][14, 24] 
[5, 21, 2, 29, 10, 15][3, 9, 1, 24, 20][4, 7, 16, 28][13, 18, 12, 17][8, 26, 0, 19][23, 14, 11, 25][6, 16, 27][0, 22, 18][27, 29][6, 13][22, 25][14, 24] 
[5, 21, 2, 29, 10, 15][1, 9, 3, 24, 20][8, 26, 0, 19, 17][23, 14, 11, 25][4, 7, 16, 28][0, 22, 18][12, 18, 13][6, 16, 27][14, 24][22, 25][6, 13][27, 29] 
[5, 21, 2, 29, 10, 15][3, 9, 1, 24, 20][4, 7, 16, 28][13, 18, 12, 17][8, 26, 0, 19][23, 14, 11, 25][6, 16, 27][0, 22, 18][27, 29][6, 13][22, 25][14, 24] 
[5, 21, 2, 29, 10, 15][3, 9, 1, 24, 20][4, 7, 16, 28][13, 18, 12, 17][8, 26, 0, 19][23, 14, 11, 25][6, 16, 27][0, 22, 18][27, 29][6, 13][22, 25][14, 24] 
[5, 21, 2, 29, 10, 15][3, 9, 1, 24, 20][4, 7, 16, 28][13, 18, 12, 17][8, 26, 0, 19][23, 14, 11, 25][6, 16, 27][0, 22, 18][27, 29][6, 13][22, 25][14, 24] 
[5, 21, 2, 29, 10, 15][1, 9, 3, 24, 20][8, 26, 0, 19, 17][23, 14, 11, 25][4, 7, 16, 28][0, 22, 18][12, 18, 13][6, 16, 27][14, 24][22, 25][6, 13][27, 29] 
[5, 21, 2, 29, 10, 15][3, 9, 1, 24, 20][4, 7, 16, 28][13, 18, 12, 17][8, 26, 0, 19][23, 14, 11, 25][6, 16, 27][0, 22, 18][27, 29][6, 13][22, 25][14, 24] 
[5, 21, 2, 29, 10, 15][3, 9, 1, 24, 20][4, 7, 16, 28][13, 18, 12, 17][8, 26, 0, 19][23, 14, 11, 25][6, 16, 27][0, 22, 18][27, 29][6, 13][22, 25][14, 24] 
[5, 21, 2, 29, 10, 15][3, 9, 1, 24, 20][4, 7, 16, 28][13, 18, 12, 17][8, 26, 0, 19][23, 14, 11, 25][6, 16, 27][0, 22, 18][27, 29][6, 13][22, 25][14, 24] 
[14, 7, 28, 17, 22, 25, 11, 3, 24, 20][0, 28, 7, 4, 1, 9, 23][2, 21, 5, 15, 29, 27, 7][0, 19, 8, 26][6, 13, 18, 12][10, 16, 27][11, 25][3, 11][6, 16][11, 25][22, 25][22, 25] 
[14, 7, 28, 17, 22, 25, 11, 3, 24, 20][0, 28, 7, 4, 1, 9, 23][2, 21, 5, 15, 29, 27, 7][0, 19, 8, 26][6, 13, 18, 12][10, 16, 27][11, 25][3, 11][6, 16][11, 25][22, 25][22, 25] 
[14, 7, 28, 17, 22, 25, 11, 3, 24, 20][0, 28, 7, 4, 1, 9, 23][2, 21, 5, 15, 29, 27, 7][0, 19, 8, 26][6, 13, 18, 12][10, 16, 27][11, 25][3, 11][6, 16][11, 25][22, 25][22, 25] 
[14, 7, 28, 17, 22, 25, 11, 3, 24, 20][0, 28, 7, 4, 1, 9, 23][2, 21, 5, 15, 27, 7][0, 19, 8, 26][6, 13, 18, 12][27, 16, 10, 29][11, 25][3, 11][6, 16][11, 25][22, 25][22, 25] 
[14, 7, 28, 17, 22, 25, 11, 3, 24, 20][0, 28, 7, 4, 1, 9, 23][2, 21, 5, 15, 27, 7][0, 19, 8, 26][6, 13, 18, 12][27, 16, 10, 29][11, 25][3, 11][6, 16][11, 25][22, 25][22, 25] 
[14, 7, 28, 17, 18, 22, 25, 11, 3, 24, 20][0, 28, 7, 4, 1, 9, 23][10, 2, 21, 5, 15, 29, 27][0, 19, 8, 26][6, 13, 18, 12][11, 25][3, 11][6, 16][16, 27][11, 25][22, 25][22, 25] 
[14, 7, 28, 17, 22, 25, 11, 3, 24, 20][0, 28, 7, 4, 1, 9, 23][2, 21, 5, 15, 29, 27, 7][0, 19, 8, 26][6, 13, 18, 12][10, 16, 27][11, 25][3, 11][6, 16][11, 25][22, 25][22, 25] 
[14, 7, 28, 17, 22, 25, 11, 3, 24, 20][0, 28, 7, 4, 1, 9, 23][2, 21, 5, 15, 29, 27, 7][0, 19, 8, 26][6, 13, 18, 12][10, 16, 27][11, 25][3, 11][6, 16][11, 25][22, 25][22, 25] 
[14, 7, 28, 17, 22, 25, 11, 3, 24, 20][0, 28, 7, 4, 1, 9, 23][2, 21, 5, 15, 27, 7][0, 19, 8, 26][6, 13, 18, 12][27, 16, 10, 29][11, 25][3, 11][6, 16][11, 25][22, 25][22, 25] 
[14, 7, 28, 17, 22, 25, 11, 3, 24, 20][0, 28, 7, 4, 1, 9, 23][2, 21, 5, 15, 29, 27, 7][0, 19, 8, 26][6, 13, 18, 12][10, 16, 27][11, 25][3, 11][6, 16][11, 25][22, 25][22, 25] 
[14, 7, 28, 17, 22, 25, 11, 3, 24, 20][2, 21, 5, 15, 29, 27, 7][0, 28, 7, 4, 1, 9, 23][0, 19, 8, 26][6, 13, 18, 12][10, 16, 27][6, 16][11, 25][3, 11][11, 25][22, 25][22, 25] 
[14, 7, 28, 17, 22, 25, 11, 3, 24, 20][0, 28, 7, 4, 1, 9, 23][2, 21, 5, 15, 29, 27, 7][0, 19, 8, 26][6, 13, 18, 12][10, 16, 27][11, 25][3, 11][6, 16][11, 25][22, 25][22, 25] 
[14, 7, 28, 17, 22, 25, 11, 3, 24, 20][0, 28, 7, 4, 1, 9, 23][2, 21, 5, 15, 27, 7][0, 19, 8, 26][6, 13, 18, 12][27, 16, 10, 29][11, 25][3, 11][6, 16][11, 25][22, 25][22, 25] 
[14, 7, 28, 17, 22, 25, 11, 3, 24, 20][0, 28, 7, 4, 1, 9, 23][2, 21, 5, 15, 29, 27, 7][0, 19, 8, 26][6, 13, 18, 12][10, 16, 27][11, 25][3, 11][6, 16][11, 25][22, 25][22, 25] 
[14, 7, 28, 17, 22, 25, 11, 3, 24, 20][0, 28, 7, 4, 1, 9, 23][2, 21, 5, 15, 29, 27, 7][0, 19, 8, 26][6, 13, 18, 12][10, 16, 27][11, 25][3, 11][6, 16][11, 25][22, 25][22, 25] 
[6, 13, 18, 12, 8, 26, 0, 28, 7, 4, 1, 9, 23][14, 7, 28, 17, 22, 25, 11, 3, 24, 20][2, 21, 5, 15, 27, 7][0, 19, 8, 26][6, 13, 18, 12][27, 10, 29][11, 25][3, 11][6, 16][11, 25][22, 25][22, 25] 
[6, 13, 18, 12, 8, 26, 0, 28, 7, 4, 1, 9, 23][14, 7, 28, 17, 22, 25, 11, 3, 24, 20][2, 21, 5, 15, 27, 7][0, 19, 8, 26][6, 13, 18, 12][27, 10, 29][11, 25][3, 11][6, 16][11, 25][22, 25][22, 25] 
[14, 7, 28, 17, 22, 25, 11, 3, 24, 20][0, 28, 7, 4, 1, 9, 23][2, 21, 5, 15, 29, 27, 7][0, 19, 8, 26][6, 13, 18, 12][10, 16, 27][11, 25][3, 11][6, 16][11, 25][22, 25][22, 25] 
[14, 7, 28, 17, 22, 25, 11, 3, 24, 20][0, 28, 7, 4, 1, 9, 23][2, 21, 5, 15, 29, 27, 7][0, 19, 8, 26][6, 13, 18, 12][10, 16, 27][11, 25][3, 11][6, 16][11, 25][22, 25][22, 25] 
[6, 13, 18, 12, 19, 8, 26, 0, 28, 7, 4, 1, 9, 23][14, 7, 28, 17, 22, 25, 11, 3, 24, 20][2, 21, 5, 15, 27, 7][0, 19, 8, 26][6, 13, 18, 12][27, 16, 10, 29][11, 25][3, 11][6, 16][11, 25][22, 25][22, 25] 
[14, 7, 28, 17, 22, 25, 11, 3, 24, 20][0, 28, 7, 4, 1, 9, 23][2, 21, 5, 15, 29, 27, 7][0, 19, 8, 26][6, 13, 18, 12][10, 16, 27][11, 25][3, 11][6, 16][11, 25][22, 25][22, 25] 
[5, 21, 2, 29, 10, 15][1, 9, 3, 24, 20][13, 18, 12, 17][8, 26, 0, 19][23, 14, 11, 25][4, 7, 16, 28][0, 22, 18][6, 16, 27][22, 25][14, 24][6, 13][27, 29] 
[5, 21, 2, 29, 10, 15][1, 9, 3, 24, 20][13, 18, 12, 17][8, 26, 0, 19][23, 14, 11, 25][4, 7, 16, 28][0, 22, 18][6, 16, 27][22, 25][14, 24][6, 13][27, 29] 
[5, 21, 2, 29, 10, 15][1, 9, 3, 24, 20][23, 14, 11, 25][13, 18, 12, 17][8, 26, 0, 19][4, 7, 16, 28][0, 22, 18][6, 16, 27][14, 24][22, 25][6, 13][27, 29] 
[5, 21, 2, 29, 10, 15][1, 9, 3, 24, 20][8, 26, 0, 19][13, 18, 12, 17][4, 7, 16, 28][23, 14, 11, 25][0, 22, 18][6, 16, 27][6, 13][27, 29][22, 25][14, 24] 
[5, 21, 2, 29, 10, 15][1, 9, 3, 24, 20][23, 14, 11, 25][13, 18, 12, 17][8, 26, 0, 19][4, 7, 16, 28][0, 22, 18][6, 16, 27][14, 24][22, 25][6, 13][27, 29] 
[5, 21, 2, 29, 10, 15][1, 9, 3, 24, 20][4, 7, 16, 28][13, 18, 12, 17][8, 26, 0, 19][23, 14, 11, 25][6, 16, 27][0, 22, 18][6, 13][22, 25][27, 29][14, 24] 
[5, 21, 2, 29, 10, 15][1, 9, 3, 24, 20][13, 18, 12, 17][8, 26, 0, 19][23, 14, 11, 25][4, 7, 16, 28][0, 22, 18][6, 16, 27][22, 25][14, 24][6, 13][27, 29] 
[5, 21, 2, 29, 10, 15][1, 9, 3, 24, 20][13, 18, 12, 17][8, 26, 0, 19][23, 14, 11, 25][4, 7, 16, 28][0, 22, 18][6, 16, 27][22, 25][14, 24][6, 13][27, 29] 
[5, 21, 2, 29, 10, 15][1, 9, 3, 24, 20][8, 26, 0, 19][13, 18, 12, 17][4, 7, 16, 28][23, 14, 11, 25][0, 22, 18][6, 16, 27][6, 13][27, 29][22, 25][14, 24] 
[5, 21, 2, 29, 10, 15][1, 9, 3, 24, 20][23, 14, 11, 25][13, 18, 12, 17][8, 26, 0, 19][4, 7, 16, 28][0, 22, 18][6, 16, 27][22, 25][6, 13][14, 24][27, 29] 
[5, 21, 2, 29, 10, 15][1, 9, 3, 24, 20][8, 26, 0, 19][13, 18, 12, 17][4, 7, 16, 28][23, 14, 11, 25][0, 22, 18][6, 16, 27][6, 13][27, 29][22, 25][14, 24] 
[5, 21, 2, 29, 10, 15][1, 9, 3, 24, 20][13, 18, 12, 17][8, 26, 0, 19][23, 14, 11, 25][4, 7, 16, 28][0, 22, 18][6, 16, 27][22, 25][14, 24][6, 13][27, 29] 
[5, 21, 2, 29, 10, 15][1, 9, 3, 24, 20][23, 14, 11, 25][13, 18, 12, 17][8, 26, 0, 19][4, 7, 16, 28][0, 22, 18][6, 16, 27][14, 24][22, 25][6, 13][27, 29] 
[5, 21, 2, 29, 10, 15][1, 9, 3, 24, 20][23, 14, 11, 25][13, 18, 12, 17][8, 26, 0, 19][4, 7, 16, 28][0, 22, 18][6, 16, 27][22, 25][6, 13][14, 24][27, 29] 
[5, 21, 2, 29, 10, 15][1, 9, 3, 24, 20][4, 7, 16, 28][13, 18, 12, 17][8, 26, 0, 19][23, 14, 11, 25][6, 16, 27][0, 22, 18][6, 13][22, 25][27, 29][14, 24] 
[5, 21, 2, 29, 10, 15][3, 9, 1, 24, 20][23, 14, 11, 25][8, 26, 0, 19][13, 18, 12, 17][4, 7, 16, 28][0, 22, 18][6, 16, 27][22, 25][6, 13][14, 24][27, 29] 
[5, 21, 2, 29, 10, 15][3, 9, 1, 24, 20][23, 14, 11, 25][8, 26, 0, 19][13, 18, 12, 17][4, 7, 16, 28][0, 22, 18][6, 16, 27][14, 24][22, 25][6, 13][27, 29] 
[5, 21, 2, 29, 10, 15][3, 9, 1, 24, 20][13, 18, 12, 17][8, 26, 0, 19][4, 7, 16, 28][23, 14, 11, 25][0, 22, 18][6, 16, 27][6, 13][27, 29][22, 25][14, 24] 
[5, 21, 2, 29, 10, 15][3, 9, 1, 24, 20][4, 7, 16, 28][13, 18, 12, 17][8, 26, 0, 19][23, 14, 11, 25][6, 16, 27][0, 22, 18][27, 29][6, 13][22, 25][14, 24] 
[5, 21, 2, 29, 10, 15][3, 9, 1, 24, 20][8, 26, 0, 19][13, 18, 12, 17][23, 14, 11, 25][4, 7, 16, 28][0, 22, 18][6, 16, 27][22, 25][6, 13][14, 24][27, 29] 
[5, 21, 2, 29, 10, 15][1, 9, 3, 24, 20][0, 19, 8, 26][4, 7, 28, 17][23, 14, 11, 25][12, 18, 13][0, 22, 18][6, 16, 27][7, 27, 29][6, 13][22, 25][14, 24] 
[5, 21, 2, 29, 10, 15][1, 9, 3, 24, 20][8, 26, 0, 19][13, 18, 12, 17][4, 7, 16, 28][23, 14, 11, 25][0, 22, 18][6, 16, 27][6, 13][27, 29][22, 25][14, 24] 
[5, 21, 2, 29, 10, 15][1, 9, 3, 24, 20][8, 26, 0, 19][13, 18, 12, 17][4, 7, 16, 28][23, 14, 11, 25][0, 22, 18][6, 16, 27][6, 13][27, 29][22, 25][14, 24] 
[5, 21, 2, 29, 10, 15][1, 9, 3, 24, 20][23, 14, 11, 25][8, 26, 0, 19][13, 18, 12, 17][4, 7, 16, 28][0, 22, 18][6, 16, 27][22, 25][14, 24][6, 13][27, 29] 
[5, 21, 2, 29, 10, 15][1, 9, 3, 24, 20][23, 14, 11, 25][13, 18, 12, 17][8, 26, 0, 19][4, 7, 16, 28][0, 22, 18][6, 16, 27][14, 24][22, 25][6, 13][27, 29] 
[5, 21, 2, 29, 10, 15][1, 9, 3, 24, 20][13, 18, 12, 17][8, 26, 0, 19][23, 14, 11, 25][4, 7, 16, 28][0, 22, 18][6, 16, 27][22, 25][14, 24][6, 13][27, 29] 
[5, 21, 2, 29, 10, 15][3, 9, 1, 24, 20][13, 18, 12, 17][8, 26, 0, 19][4, 7, 16, 28][23, 14, 11, 25][0, 22, 18][6, 16, 27][6, 13][27, 29][22, 25][14, 24] 
[5, 21, 2, 29, 10, 15][1, 9, 3, 24, 20][13, 18, 12, 17][8, 26, 0, 19][23, 14, 11, 25][4, 7, 16, 28][0, 22, 18][6, 16, 27][22, 25][14, 24][6, 13][27, 29] 
[5, 21, 2, 29, 10, 15][3, 9, 1, 24, 20][13, 18, 12, 17][8, 26, 0, 19][4, 7, 16, 28][23, 14, 11, 25][0, 22, 18][6, 16, 27][6, 13][22, 25][14, 24][27, 29] 
[5, 21, 2, 29, 10, 15][3, 9, 1, 24, 20][8, 26, 0, 19][13, 18, 12, 17][23, 14, 11, 25][4, 7, 16, 28][0, 22, 18][6, 16, 27][22, 25][6, 13][14, 24][27, 29] 
[5, 21, 2, 29, 10, 15][3, 9, 1, 24, 20][4, 7, 16, 28][13, 18, 12, 17][8, 26, 0, 19][23, 14, 11, 25][6, 16, 27][0, 22, 18][6, 13][22, 25][27, 29][14, 24] 
[5, 21, 2, 29, 10, 15][3, 9, 1, 24, 20][4, 7, 16, 28][13, 18, 12, 17][8, 26, 0, 19][23, 14, 11, 25][6, 16, 27][0, 22, 18][27, 29][6, 13][22, 25][14, 24] 
[5, 21, 2, 29, 10, 15][3, 9, 1, 24, 20][4, 7, 16, 28][13, 18, 12, 17][8, 26, 0, 19][23, 14, 11, 25][6, 16, 27][0, 22, 18][27, 29][6, 13][22, 25][14, 24] 
[5, 21, 2, 29, 10, 15][3, 9, 1, 24, 20][4, 7, 16, 28][13, 18, 12, 17][8, 26, 0, 19][23, 14, 11, 25][6, 16, 27][0, 22, 18][27, 29][6, 13][22, 25][14, 24] 
[5, 21, 2, 29, 10, 15][3, 9, 1, 24, 20][4, 7, 16, 28][13, 18, 12, 17][8, 26, 0, 19][23, 14, 11, 25][6, 16, 27][0, 22, 18][27, 29][6, 13][22, 25][14, 24] 
[5, 21, 2, 29, 10, 15][3, 9, 1, 24, 20][4, 7, 16, 28][13, 18, 12, 17][8, 26, 0, 19][23, 14, 11, 25][6, 16, 27][0, 22, 18][27, 29][6, 13][22, 25][14, 24] 
[5, 21, 2, 29, 10, 15][3, 9, 1, 24, 20][4, 7, 16, 28][13, 18, 12, 17][8, 26, 0, 19][23, 14, 11, 25][6, 16, 27][0, 22, 18][27, 29][6, 13][22, 25][14, 24] 
[5, 21, 2, 29, 10, 15][3, 9, 1, 24, 20][4, 7, 16, 28][13, 18, 12, 17][8, 26, 0, 19][23, 14, 11, 25][6, 16, 27][0, 22, 18][27, 29][6, 13][22, 25][14, 24] 
[5, 21, 2, 29, 10, 15][3, 9, 1, 24, 20][8, 26, 0, 19][13, 18, 12, 17][23, 14, 11, 25][4, 7, 16, 28][0, 22, 18][6, 16, 27][22, 25][6, 13][14, 24][27, 29] 
[5, 21, 2, 29, 10, 15][3, 9, 1, 24, 20][4, 7, 16, 28][13, 18, 12, 17][8, 26, 0, 19][23, 14, 11, 25][6, 16, 27][0, 22, 18][27, 29][6, 13][22, 25][14, 24] 
[5, 21, 2, 29, 10, 15][3, 9, 1, 24, 20][4, 7, 16, 28][13, 18, 12, 17][8, 26, 0, 19][23, 14, 11, 25][6, 16, 27][0, 22, 18][27, 29][6, 13][22, 25][14, 24] 
[5, 21, 2, 29, 10, 15][3, 9, 1, 24, 20][4, 7, 16, 28][13, 18, 12, 17][8, 26, 0, 19][23, 14, 11, 25][6, 16, 27][0, 22, 18][27, 29][6, 13][22, 25][14, 24] 
[5, 21, 2, 29, 10, 15][3, 9, 1, 24, 20][23, 14, 11, 25][8, 26, 0, 19][13, 18, 12, 17][4, 7, 16, 28][0, 22, 18][6, 16, 27][22, 25][6, 13][14, 24][27, 29] 
[5, 21, 2, 29, 10, 15][4, 23, 14, 11, 25][13, 18, 12, 17, 28][3, 9, 1, 24, 20][0, 22, 18][7, 27, 29][19, 8, 26][6, 16, 27][4, 7][14, 24][6, 13][0, 19] 
[5, 21, 2, 29, 10, 15][4, 23, 14, 11, 25][13, 18, 12, 17, 28][3, 9, 1, 24, 20][0, 22, 18][7, 27, 29][19, 8, 26][6, 16, 27][4, 7][14, 24][6, 13][0, 19] 
[5, 21, 2, 29, 10, 15][4, 23, 14, 11, 25][13, 18, 12, 17, 28][3, 9, 1, 24, 20][0, 22, 18][7, 27, 29][19, 8, 26][6, 16, 27][4, 7][14, 24][6, 13][0, 19] 
[5, 21, 2, 29, 10, 15][13, 18, 12, 17, 28][4, 23, 14, 11, 25][3, 9, 1, 24, 20][6, 16, 27][7, 27, 29][0, 22, 18][19, 8, 26][6, 13][0, 19][22, 25][14, 24] 
[5, 21, 2, 29, 10, 15][4, 23, 14, 11, 25][13, 18, 12, 17, 28][3, 9, 1, 24, 20][0, 22, 18][7, 27, 29][19, 8, 26][6, 16, 27][4, 7][14, 24][6, 13][0, 19] 
[5, 21, 2, 29, 10, 15][13, 18, 12, 17, 28][4, 23, 14, 11, 25][3, 9, 1, 24, 20][0, 19, 8, 26][6, 16, 27][7, 27, 29][0, 22, 18][6, 13][0, 19][22, 25][14, 24] 
[5, 21, 2, 29, 10, 15][3, 9, 1, 24, 20][4, 7, 16, 28][13, 18, 12, 17][8, 26, 0, 19][23, 14, 11, 25][6, 16, 27][0, 22, 18][27, 29][6, 13][22, 25][14, 24] 
[5, 21, 2, 29, 10, 15][3, 9, 1, 24, 20][13, 18, 12, 17][8, 26, 0, 19][4, 7, 16, 28][23, 14, 11, 25][0, 22, 18][6, 16, 27][6, 13][22, 25][14, 24][27, 29] 
[5, 21, 2, 29, 10, 15][3, 9, 1, 24, 20][13, 18, 12, 17][8, 26, 0, 19][4, 7, 16, 28][23, 14, 11, 25][0, 22, 18][6, 16, 27][6, 13][27, 29][22, 25][14, 24] 
[5, 21, 2, 29, 10, 15][3, 9, 1, 24, 20][4, 7, 16, 28][13, 18, 12, 17][8, 26, 0, 19][23, 14, 11, 25][6, 16, 27][0, 22, 18][27, 29][6, 13][22, 25][14, 24] 
[5, 21, 2, 29, 10, 15][3, 9, 1, 24, 20][4, 7, 16, 28][13, 18, 12, 17][8, 26, 0, 19][23, 14, 11, 25][6, 16, 27][0, 22, 18][27, 29][6, 13][22, 25][14, 24] 
[5, 21, 2, 29, 10, 15][3, 9, 1, 24, 20][23, 14, 11, 25][8, 26, 0, 19][13, 18, 12, 17][4, 7, 16, 28][0, 22, 18][6, 16, 27][22, 25][6, 13][14, 24][27, 29] 
[5, 21, 2, 29, 10, 15][1, 9, 3, 24, 20][13, 18, 12, 17][8, 26, 0, 19][23, 14, 11, 25][4, 7, 16, 28][0, 22, 18][6, 16, 27][22, 25][14, 24][6, 13][27, 29] 
