[11, 17, 28, 25][28, 16, 27, 29][6, 15, 16, 7][13, 18, 0, 22][12, 8, 19, 22][14, 20, 24, 23][4, 1, 3, 9][2, 10, 21, 5][17, 0, 26][7, 24][1, 23][5, 6] 
[13, 18, 0, 22, 19][2, 10, 21, 5][6, 15, 16, 7][28, 16, 27, 29][11, 17, 28, 25][14, 20, 24, 23][3, 9, 1, 4][17, 0, 26][8, 12, 19][5, 6][7, 24][1, 23] 
[13, 18, 0, 22, 19][14, 20, 24, 23][6, 15, 16, 7][28, 16, 27, 29][11, 17, 28, 25][2, 10, 21, 5][4, 1, 3, 9][17, 0, 26][8, 12, 19][7, 24][5, 6][1, 23] 
[13, 18, 0, 22, 19][14, 20, 24, 23][6, 15, 16, 7][28, 16, 27, 29][11, 17, 28, 25][2, 10, 21, 5][4, 1, 3, 9][17, 0, 26][8, 12, 19][7, 24][5, 6][1, 23] 
[14, 20, 24, 23][6, 15, 16, 7][28, 16, 27, 29][11, 17, 28, 25][13, 18, 0, 22][19, 12, 8, 26][2, 10, 21, 5][3, 9, 1, 4][17, 0, 26][7, 24][5, 6][1, 23] 
[6, 15, 16, 7][28, 16, 27, 29][11, 17, 28, 25][14, 20, 24, 23][13, 18, 0, 22][19, 12, 8, 26][2, 10, 21, 5][4, 1, 3, 9][17, 0, 26][7, 24][5, 6][1, 23] 
[13, 18, 0, 22, 19][2, 10, 21, 5][6, 15, 16, 7][28, 16, 27, 29][11, 17, 28, 25][14, 20, 24, 23][4, 1, 3, 9][17, 0, 26][8, 12, 19][5, 6][7, 24][1, 23] 
[19, 12, 8, 26][13, 18, 0, 22][11, 17, 28, 25][28, 16, 27, 29][6, 15, 16, 7][14, 20, 24, 23][2, 10, 21, 5][4, 1, 3, 9][17, 0, 26][7, 24][5, 6][1, 23] 
[19, 12, 8, 26][13, 18, 0, 22][11, 17, 28, 25][28, 16, 27, 29][6, 15, 16, 7][14, 20, 24, 23][2, 10, 21, 5][4, 1, 3, 9][17, 0, 26][7, 24][5, 6][1, 23] 
[19, 12, 8, 26][13, 18, 0, 22][11, 17, 28, 25][28, 16, 27, 29][6, 15, 16, 7][14, 20, 24, 23][2, 10, 21, 5][4, 1, 3, 9][17, 0, 26][7, 24][5, 6][1, 23] 
[28, 16, 27, 29][6, 15, 16, 7][11, 17, 28, 25][13, 18, 0, 22][12, 8, 19, 22][14, 20, 24, 23][2, 10, 21, 5][4, 1, 3, 9][17, 0, 26][7, 24][5, 6][1, 23] 
[13, 18, 0, 22, 19][2, 10, 21, 5][6, 15, 16, 7][28, 16, 27, 29][11, 17, 28, 25][14, 20, 24, 23][3, 9, 1, 4][17, 0, 26][8, 12, 19][5, 6][7, 24][1, 23] 
[13, 18, 0, 22, 19][2, 10, 21, 5][6, 15, 16, 7][28, 16, 27, 29][11, 17, 28, 25][14, 20, 24, 23][4, 1, 3, 9][17, 0, 26][8, 12, 19][5, 6][7, 24][1, 23] 
[14, 20, 24, 23][6, 15, 16, 7][28, 16, 27, 29][11, 17, 28, 25][13, 18, 0, 22][19, 12, 8, 26][2, 10, 21, 5][3, 9, 1, 4][17, 0, 26][7, 24][5, 6][1, 23] 
[6, 15, 16, 7][28, 16, 27, 29][11, 17, 28, 25][14, 20, 24, 23][13, 18, 0, 22][19, 12, 8, 26][2, 10, 21, 5][4, 1, 3, 9][17, 0, 26][7, 24][5, 6][1, 23] 
[6, 15, 16, 7][28, 16, 27, 29][2, 10, 21, 5][11, 17, 28, 25][19, 12, 8, 26][13, 18, 0, 22][14, 20, 24, 23][4, 1, 3, 9][17, 0, 26][5, 6][7, 24][1, 23] 
[2, 10, 21, 5][6, 15, 16, 7][28, 16, 27, 29][11, 17, 28, 25][13, 18, 0, 22][12, 8, 19, 22][14, 20, 24, 23][4, 1, 3, 9][17, 0, 26][5, 6][7, 24][1, 23] 
[13, 18, 0, 22, 19][11, 17, 28, 25][28, 16, 27, 29][6, 15, 16, 7][14, 20, 24, 23][2, 10, 21, 5][3, 9, 1, 4][17, 0, 26][8, 12, 19][7, 24][5, 6][1, 23] 
[19, 12, 8, 26][13, 18, 0, 22][11, 17, 28, 25][28, 16, 27, 29][6, 15, 16, 7][2, 10, 21, 5][14, 20, 24, 23][3, 9, 1, 4][17, 0, 26][5, 6][7, 24][1, 23] 
[2, 10, 21, 5][6, 15, 16, 7][28, 16, 27, 29][11, 17, 28, 25][13, 18, 0, 22][12, 8, 19, 22][14, 20, 24, 23][4, 1, 3, 9][17, 0, 26][5, 6][7, 24][1, 23] 
[11, 17, 28, 25][28, 16, 27, 29][6, 15, 16, 7][13, 18, 0, 22][12, 8, 19, 22][14, 20, 24, 23][4, 1, 3, 9][2, 10, 21, 5][17, 0, 26][7, 24][1, 23][5, 6] 
[13, 18, 0, 22, 19][11, 17, 28, 25][28, 16, 27, 29][6, 15, 16, 7][14, 20, 24, 23][2, 10, 21, 5][3, 9, 1, 4][17, 0, 26][8, 12, 19][7, 24][5, 6][1, 23] 
[13, 18, 0, 22, 19][14, 20, 24, 23][6, 15, 16, 7][28, 16, 27, 29][11, 17, 28, 25][2, 10, 21, 5][4, 1, 3, 9][17, 0, 26][8, 12, 19][7, 24][5, 6][1, 23] 
[14, 20, 24, 23][6, 15, 16, 7][28, 16, 27, 29][11, 17, 28, 25][13, 18, 0, 22][19, 12, 8, 26][2, 10, 21, 5][3, 9, 1, 4][17, 0, 26][7, 24][5, 6][1, 23] 
[14, 20, 24, 23][6, 15, 16, 7][28, 16, 27, 29][11, 17, 28, 25][19, 12, 8, 26][13, 18, 0, 22][2, 10, 21, 5][4, 1, 3, 9][17, 0, 26][7, 24][5, 6][1, 23] 
[19, 12, 8, 26][13, 18, 0, 22][11, 17, 28, 25][28, 16, 27, 29][6, 15, 16, 7][14, 20, 24, 23][2, 10, 21, 5][4, 1, 3, 9][17, 0, 26][7, 24][5, 6][1, 23] 
[11, 17, 28, 25][28, 16, 27, 29][6, 15, 16, 7][13, 18, 0, 22][12, 8, 19, 22][14, 20, 24, 23][4, 1, 3, 9][2, 10, 21, 5][17, 0, 26][7, 24][1, 23][5, 6] 
[13, 18, 0, 22, 19][14, 20, 24, 23][6, 15, 16, 7][28, 16, 27, 29][11, 17, 28, 25][3, 9, 1, 4][2, 10, 21, 5][17, 0, 26][8, 12, 19][7, 24][1, 23][5, 6] 
[14, 20, 24, 23][6, 15, 16, 7][28, 16, 27, 29][11, 17, 28, 25][13, 18, 0, 22][19, 12, 8, 26][2, 10, 21, 5][3, 9, 1, 4][17, 0, 26][7, 24][5, 6][1, 23] 
[14, 20, 24, 23][6, 15, 16, 7][28, 16, 27, 29][11, 17, 28, 25][13, 18, 0, 22][12, 8, 19, 22][4, 1, 3, 9][2, 10, 21, 5][17, 0, 26][7, 24][1, 23][5, 6] 
[11, 17, 28, 25][28, 16, 27, 29][6, 15, 16, 7][13, 18, 0, 22][12, 8, 19, 22][14, 20, 24, 23][4, 1, 3, 9][2, 10, 21, 5][17, 0, 26][7, 24][1, 23][5, 6] 
[13, 18, 0, 22, 19][14, 20, 24, 23][6, 15, 16, 7][28, 16, 27, 29][11, 17, 28, 25][3, 9, 1, 4][2, 10, 21, 5][17, 0, 26][8, 12, 19][7, 24][1, 23][5, 6] 
[14, 20, 24, 23][6, 15, 16, 7][28, 16, 27, 29][11, 17, 28, 25][13, 18, 0, 22][19, 12, 8, 26][2, 10, 21, 5][3, 9, 1, 4][17, 0, 26][7, 24][5, 6][1, 23] 
[11, 17, 28, 25][28, 16, 27, 29][6, 15, 16, 7][13, 18, 0, 22][12, 8, 19, 22][14, 20, 24, 23][4, 1, 3, 9][2, 10, 21, 5][17, 0, 26][7, 24][1, 23][5, 6] 
[2, 10, 21, 5][6, 15, 16, 7][28, 16, 27, 29][11, 17, 28, 25][13, 18, 0, 22][12, 8, 19, 22][14, 20, 24, 23][4, 1, 3, 9][17, 0, 26][5, 6][7, 24][1, 23] 
[1, 3, 11, 14, 9, 23, 4, 7, 10, 15, 29, 27][2, 16, 6, 13, 18, 0, 28, 7, 20, 24][17, 22, 0, 26, 8, 12, 19][15, 5, 21][11, 25][1, 3][1, 3][1, 3][1, 3][6, 13][6, 13][1, 3] 
[1, 3, 11, 14, 9, 23, 4, 7, 10, 15, 29, 27][2, 16, 6, 13, 18, 0, 28, 7, 20, 24][17, 22, 0, 26, 8, 12, 19][15, 5, 21][11, 25][1, 3][1, 3][1, 3][1, 3][6, 13][6, 13][1, 3] 
[1, 3, 11, 14, 9, 23, 4, 7, 10, 15, 29, 27][2, 16, 6, 13, 18, 0, 28, 7, 20, 24][17, 22, 0, 26, 8, 12, 19][15, 5, 21][11, 25][1, 3][1, 3][1, 3][1, 3][6, 13][6, 13][1, 3] 
[1, 3, 11, 14, 23, 4, 7, 10, 15, 29, 27][2, 16, 6, 13, 18, 0, 28, 7, 20, 24][17, 22, 0, 26, 8, 12, 19][1, 9, 14, 4][15, 5, 21][11, 25][1, 3][1, 3][1, 3][6, 13][6, 13][1, 3] 
[1, 3, 11, 14, 23, 4, 7, 10, 15, 29, 27][2, 16, 6, 13, 18, 0, 28, 7, 20, 24][17, 22, 0, 26, 8, 12, 19][1, 9, 14, 4][15, 5, 21][11, 25][1, 3][1, 3][1, 3][6, 13][6, 13][1, 3] 
[2, 16, 6, 13, 18, 0, 28, 7, 20, 24][1, 3, 14, 23, 4, 7, 10, 15, 29, 27][12, 8, 26, 0, 22, 17][1, 3, 11, 14, 9][15, 5, 21][1, 3][12, 19][11, 25][1, 3][6, 13][1, 3][1, 3] 
[1, 3, 11, 14, 9, 23, 4, 7, 10, 15, 29, 27][2, 16, 6, 13, 18, 0, 28, 7, 20, 24][17, 22, 0, 26, 8, 12, 19][15, 5, 21][11, 25][1, 3][1, 3][1, 3][1, 3][6, 13][6, 13][1, 3] 
[1, 3, 11, 14, 9, 23, 4, 7, 10, 15, 29, 27][2, 16, 6, 13, 18, 0, 28, 7, 20, 24][17, 22, 0, 26, 8, 12, 19][15, 5, 21][11, 25][1, 3][1, 3][1, 3][1, 3][6, 13][6, 13][1, 3] 
[1, 3, 11, 14, 23, 4, 7, 10, 15, 29, 27][2, 16, 6, 13, 18, 0, 28, 7, 20, 24][17, 22, 0, 26, 8, 12, 19][1, 9, 14, 4][15, 5, 21][11, 25][1, 3][1, 3][1, 3][6, 13][6, 13][1, 3] 
[1, 3, 11, 14, 9, 23, 4, 7, 10, 15, 29, 27][2, 16, 6, 13, 18, 0, 28, 7, 20, 24][17, 22, 0, 26, 8, 12, 19][15, 5, 21][11, 25][1, 3][1, 3][1, 3][1, 3][6, 13][6, 13][1, 3] 
[1, 3, 11, 14, 9, 23, 4, 7, 10, 15, 29, 27][2, 16, 6, 13, 18, 0, 28, 7, 20, 24][17, 22, 0, 26, 8, 12, 19][15, 5, 21][11, 25][1, 3][1, 3][1, 3][1, 3][6, 13][6, 13][1, 3] 
[1, 3, 11, 14, 9, 23, 4, 7, 10, 15, 29, 27][2, 16, 6, 13, 18, 0, 28, 7, 20, 24][17, 22, 0, 26, 8, 12, 19][15, 5, 21][11, 25][1, 3][1, 3][1, 3][1, 3][6, 13][6, 13][1, 3] 
[1, 3, 11, 14, 23, 4, 7, 10, 15, 29, 27][2, 16, 6, 13, 18, 0, 28, 7, 20, 24][17, 22, 0, 26, 8, 12, 19][1, 9, 14, 4][15, 5, 21][11, 25][1, 3][1, 3][1, 3][6, 13][6, 13][1, 3] 
[1, 3, 11, 14, 9, 23, 4, 7, 10, 15, 29, 27][2, 16, 6, 13, 18, 0, 28, 7, 20, 24][17, 22, 0, 26, 8, 12, 19][15, 5, 21][11, 25][1, 3][1, 3][1, 3][1, 3][6, 13][6, 13][1, 3] 
[1, 3, 11, 14, 9, 23, 4, 7, 10, 15, 29, 27][2, 16, 6, 13, 18, 0, 28, 7, 20, 24][17, 22, 0, 26, 8, 12, 19][15, 5, 21][11, 25][1, 3][1, 3][1, 3][1, 3][6, 13][6, 13][1, 3] 
[1, 3, 14, 9, 23, 4, 7, 10, 15, 29, 27][14, 11, 25, 28, 17, 22, 0, 26, 8, 12, 19][2, 16, 6, 13, 18, 0, 28, 7, 20, 24][15, 5, 21][1, 3][1, 3][11, 25][1, 3][6, 13][1, 3][1, 3][11, 25] 
[1, 3, 14, 9, 23, 4, 7, 10, 15, 29, 27][14, 11, 25, 28, 17, 22, 0, 26, 8, 12, 19][2, 16, 6, 13, 18, 0, 28, 7, 20, 24][15, 5, 21][11, 25][1, 3][1, 3][1, 3][1, 3][6, 13][6, 13][1, 3] 
[1, 3, 11, 14, 9, 23, 4, 7, 10, 15, 29, 27][2, 16, 6, 13, 18, 0, 28, 7, 20, 24][17, 22, 0, 26, 8, 12, 19][15, 5, 21][11, 25][1, 3][1, 3][1, 3][1, 3][6, 13][6, 13][1, 3] 
[1, 3, 14, 9, 23, 4, 7, 10, 15, 29, 27][14, 11, 25, 28, 17, 22, 0, 26, 8, 12, 19][2, 16, 6, 13, 18, 0, 28, 7, 20, 24][15, 5, 21][11, 25][1, 3][1, 3][1, 3][1, 3][6, 13][6, 13][1, 3] 
[1, 3, 14, 9, 23, 4, 7, 10, 15, 29, 27][14, 11, 25, 28, 17, 22, 0, 26, 8, 12, 19][2, 16, 6, 13, 18, 0, 28, 7, 20, 24][15, 5, 21][1, 3][1, 3][11, 25][1, 3][6, 13][1, 3][1, 3][11, 25] 
[1, 3, 14, 9, 23, 4, 7, 10, 15, 29, 27][14, 11, 25, 28, 17, 22, 0, 26, 8, 12, 19][2, 16, 6, 13, 18, 0, 28, 7, 20, 24][15, 5, 21][11, 25][1, 3][1, 3][1, 3][1, 3][6, 13][6, 13][1, 3] 
[8, 12, 18, 19][13, 18, 0, 22][11, 17, 28, 25][28, 16, 27, 29][6, 15, 16, 7][14, 20, 24, 23][2, 10, 21, 5][4, 1, 3, 9][17, 0, 26][7, 24][5, 6][1, 23] 
[13, 18, 0, 22][11, 17, 28, 25][8, 12, 18, 19][28, 16, 27, 29][6, 15, 16, 7][14, 20, 24, 23][4, 1, 3, 9][2, 10, 21, 5][17, 0, 26][7, 24][1, 23][5, 6] 
[4, 1, 3, 9][14, 20, 24, 23][6, 15, 16, 7][28, 16, 27, 29][11, 17, 28, 25][13, 18, 0, 22][8, 12, 18, 19][2, 10, 21, 5][17, 0, 26][1, 23][7, 24][5, 6] 
[13, 18, 0, 22][11, 17, 28, 25][8, 12, 18, 19][28, 16, 27, 29][6, 15, 16, 7][14, 20, 24, 23][4, 1, 3, 9][2, 10, 21, 5][17, 0, 26][7, 24][1, 23][5, 6] 
[4, 1, 3, 9][14, 20, 24, 23][6, 15, 16, 7][28, 16, 27, 29][11, 17, 28, 25][13, 18, 0, 22][8, 12, 18, 19][2, 10, 21, 5][17, 0, 26][1, 23][7, 24][5, 6] 
[2, 10, 21, 5][6, 15, 16, 7][28, 16, 27, 29][11, 17, 28, 25][13, 18, 0, 22][8, 12, 18, 19][14, 20, 24, 23][4, 1, 3, 9][17, 0, 26][5, 6][7, 24][1, 23] 
[14, 20, 24, 23][6, 15, 16, 7][28, 16, 27, 29][11, 17, 28, 25][13, 18, 0, 22][8, 12, 18, 19][2, 10, 21, 5][4, 1, 3, 9][17, 0, 26][7, 24][5, 6][1, 23] 
[13, 18, 0, 22][11, 17, 28, 25][28, 16, 27, 29][8, 12, 18, 19][6, 15, 16, 7][14, 20, 24, 23][4, 1, 3, 9][2, 10, 21, 5][17, 0, 26][7, 24][1, 23][5, 6] 
[13, 18, 0, 22][11, 17, 28, 25][28, 16, 27, 29][6, 15, 16, 7][8, 12, 18, 19][2, 10, 21, 5][14, 20, 24, 23][4, 1, 3, 9][17, 0, 26][5, 6][7, 24][1, 23] 
[13, 18, 0, 22][11, 17, 28, 25][8, 12, 18, 19][28, 16, 27, 29][6, 15, 16, 7][14, 20, 24, 23][2, 10, 21, 5][4, 1, 3, 9][17, 0, 26][7, 24][5, 6][1, 23] 
[13, 18, 0, 22][11, 17, 28, 25][28, 16, 27, 29][8, 12, 18, 19][6, 15, 16, 7][14, 20, 24, 23][4, 1, 3, 9][2, 10, 21, 5][17, 0, 26][7, 24][1, 23][5, 6] 
[4, 1, 3, 9][14, 20, 24, 23][6, 15, 16, 7][28, 16, 27, 29][11, 17, 28, 25][13, 18, 0, 22][8, 12, 18, 19][2, 10, 21, 5][17, 0, 26][1, 23][7, 24][5, 6] 
[2, 10, 21, 5][6, 15, 16, 7][28, 16, 27, 29][11, 17, 28, 25][13, 18, 0, 22][8, 12, 18, 19][14, 20, 24, 23][4, 1, 3, 9][17, 0, 26][5, 6][7, 24][1, 23] 
[8, 12, 18, 19][13, 18, 0, 22][11, 17, 28, 25][28, 16, 27, 29][6, 15, 16, 7][2, 10, 21, 5][14, 20, 24, 23][4, 1, 3, 9][17, 0, 26][5, 6][7, 24][1, 23] 
[2, 10, 21, 5][6, 15, 16, 7][28, 16, 27, 29][11, 17, 28, 25][13, 18, 0, 22][8, 12, 18, 19][14, 20, 24, 23][4, 1, 3, 9][17, 0, 26][5, 6][7, 24][1, 23] 
[11, 17, 28, 25][28, 16, 27, 29][6, 15, 16, 7][13, 18, 0, 22][12, 8, 19, 22][14, 20, 24, 23][4, 1, 3, 9][2, 10, 21, 5][17, 0, 26][7, 24][1, 23][5, 6] 
[4, 1, 3, 9][14, 20, 24, 23][6, 15, 16, 7][28, 16, 27, 29][11, 17, 28, 25][13, 18, 0, 22][12, 8, 19, 22][2, 10, 21, 5][17, 0, 26][1, 23][7, 24][5, 6] 
[11, 17, 28, 25][28, 16, 27, 29][6, 15, 16, 7][13, 18, 0, 22][12, 8, 19, 22][14, 20, 24, 23][4, 1, 3, 9][2, 10, 21, 5][17, 0, 26][7, 24][1, 23][5, 6] 
[11, 17, 28, 25][28, 16, 27, 29][6, 15, 16, 7][13, 18, 0, 22][12, 8, 19, 22][14, 20, 24, 23][4, 1, 3, 9][2, 10, 21, 5][17, 0, 26][7, 24][1, 23][5, 6] 
[11, 17, 28, 25][28, 16, 27, 29][6, 15, 16, 7][13, 18, 0, 22][12, 8, 19, 22][14, 20, 24, 23][4, 1, 3, 9][2, 10, 21, 5][17, 0, 26][7, 24][1, 23][5, 6] 
[13, 18, 0, 22, 19][2, 10, 21, 5][6, 15, 16, 7][28, 16, 27, 29][11, 25, 28, 17][18, 12, 8, 26][14, 20, 24, 23][3, 9, 1, 4][5, 6][0, 17][7, 24][1, 23] 
[14, 20, 24, 23][6, 15, 16, 7][28, 16, 27, 29][11, 17, 28, 25][13, 18, 0, 22][8, 12, 18, 19][2, 10, 21, 5][4, 1, 3, 9][17, 0, 26][7, 24][5, 6][1, 23] 
[13, 18, 0, 22][11, 17, 28, 25][28, 16, 27, 29][6, 15, 16, 7][8, 12, 18, 19][2, 10, 21, 5][14, 20, 24, 23][4, 1, 3, 9][17, 0, 26][5, 6][7, 24][1, 23] 
[13, 18, 0, 22][8, 12, 18, 19][11, 17, 28, 25][28, 16, 27, 29][6, 15, 16, 7][14, 20, 24, 23][2, 10, 21, 5][4, 1, 3, 9][17, 0, 26][7, 24][5, 6][1, 23] 
[11, 17, 28, 25][28, 16, 27, 29][6, 15, 16, 7][13, 18, 0, 22][8, 12, 18, 19][2, 10, 21, 5][14, 20, 24, 23][4, 1, 3, 9][17, 0, 26][5, 6][7, 24][1, 23] 
[8, 12, 18, 19][13, 18, 0, 22][11, 17, 28, 25][28, 16, 27, 29][6, 15, 16, 7][2, 10, 21, 5][14, 20, 24, 23][4, 1, 3, 9][17, 0, 26][5, 6][7, 24][1, 23] 
[13, 18, 0, 22, 19][28, 16, 27, 29][11, 17, 28, 25][6, 15, 16, 7][14, 20, 24, 23][2, 10, 21, 5][4, 1, 3, 9][17, 0, 26][12, 8, 26][7, 24][5, 6][1, 23] 
[8, 12, 18, 19][13, 18, 0, 22][11, 17, 28, 25][28, 16, 27, 29][6, 15, 16, 7][14, 20, 24, 23][2, 10, 21, 5][4, 1, 3, 9][17, 0, 26][7, 24][5, 6][1, 23] 
[11, 17, 28, 25][28, 16, 27, 29][6, 15, 16, 7][13, 18, 0, 22][12, 8, 19, 22][14, 20, 24, 23][4, 1, 3, 9][2, 10, 21, 5][17, 0, 26][7, 24][1, 23][5, 6] 
[2, 10, 21, 5][6, 15, 16, 7][28, 16, 27, 29][11, 17, 28, 25][13, 18, 0, 22][12, 8, 19, 22][14, 20, 24, 23][4, 1, 3, 9][17, 0, 26][5, 6][7, 24][1, 23] 
[14, 20, 24, 23][6, 15, 16, 7][28, 16, 27, 29][11, 17, 28, 25][13, 18, 0, 22][2, 10, 21, 5][4, 1, 3, 9][12, 8, 19, 22][17, 0, 26][7, 24][5, 6][1, 23] 
[14, 20, 24, 23][6, 15, 16, 7][28, 16, 27, 29][11, 17, 28, 25][13, 18, 0, 22][12, 8, 19, 22][2, 10, 21, 5][4, 1, 3, 9][17, 0, 26][7, 24][5, 6][1, 23] 
[14, 20, 24, 23][6, 15, 16, 7][28, 16, 27, 29][11, 17, 28, 25][13, 18, 0, 22][12, 8, 19, 22][2, 10, 21, 5][4, 1, 3, 9][17, 0, 26][7, 24][5, 6][1, 23] 
[11, 17, 28, 25][28, 16, 27, 29][6, 15, 16, 7][13, 18, 0, 22][12, 8, 19, 22][14, 20, 24, 23][4, 1, 3, 9][2, 10, 21, 5][17, 0, 26][7, 24][1, 23][5, 6] 
[11, 17, 28, 25][28, 16, 27, 29][6, 15, 16, 7][13, 18, 0, 22][12, 8, 19, 22][14, 20, 24, 23][4, 1, 3, 9][2, 10, 21, 5][17, 0, 26][7, 24][1, 23][5, 6] 
[14, 20, 24, 23][6, 15, 16, 7][28, 16, 27, 29][11, 17, 28, 25][13, 18, 0, 22][2, 10, 21, 5][4, 1, 3, 9][12, 8, 19, 22][17, 0, 26][7, 24][5, 6][1, 23] 
[12, 8, 19, 22][13, 18, 0, 22][11, 17, 28, 25][28, 16, 27, 29][6, 15, 16, 7][14, 20, 24, 23][4, 1, 3, 9][2, 10, 21, 5][17, 0, 26][7, 24][1, 23][5, 6] 
[4, 1, 3, 9][14, 20, 24, 23][6, 15, 16, 7][28, 16, 27, 29][11, 17, 28, 25][13, 18, 0, 22][12, 8, 19, 22][2, 10, 21, 5][17, 0, 26][1, 23][7, 24][5, 6] 
[6, 15, 16, 7][14, 20, 24, 23][28, 16, 27, 29][11, 17, 28, 25][13, 18, 0, 22][12, 8, 19, 22][2, 10, 21, 5][4, 1, 3, 9][17, 0, 26][7, 24][5, 6][1, 23] 
[11, 17, 28, 25][28, 16, 27, 29][6, 15, 16, 7][13, 18, 0, 22][12, 8, 19, 22][14, 20, 24, 23][4, 1, 3, 9][2, 10, 21, 5][17, 0, 26][7, 24][1, 23][5, 6] 
[11, 17, 28, 25][28, 16, 27, 29][6, 15, 16, 7][13, 18, 0, 22][12, 8, 19, 22][14, 20, 24, 23][4, 1, 3, 9][2, 10, 21, 5][17, 0, 26][7, 24][1, 23][5, 6] 
[2, 10, 21, 5][6, 15, 16, 7][28, 16, 27, 29][11, 17, 28, 25][13, 18, 0, 22][12, 8, 19, 22][14, 20, 24, 23][4, 1, 3, 9][17, 0, 26][5, 6][7, 24][1, 23] 
[11, 17, 28, 25][28, 16, 27, 29][6, 15, 16, 7][13, 18, 0, 22][12, 8, 19, 22][14, 20, 24, 23][4, 1, 3, 9][2, 10, 21, 5][17, 0, 26][7, 24][1, 23][5, 6] 
[13, 18, 0, 22, 19][14, 20, 24, 23][6, 15, 16, 7][28, 16, 27, 29][11, 25, 28, 17][2, 10, 21, 5][19, 12, 8, 26][4, 23, 9][3, 1, 4][7, 24][0, 17][5, 6] 
[13, 18, 0, 22, 19][14, 20, 24, 23][6, 15, 16, 7][28, 16, 27, 29][11, 25, 28, 17][2, 10, 21, 5][19, 12, 8, 26][4, 23, 9][3, 1, 4][7, 24][0, 17][5, 6] 
[13, 18, 0, 22, 19][14, 20, 24, 23][6, 15, 16, 7][28, 16, 27, 29][11, 25, 28, 17][2, 10, 21, 5][19, 12, 8, 26][4, 23, 9][3, 1, 4][7, 24][0, 17][5, 6] 
[13, 18, 0, 22, 19][14, 20, 24, 23][6, 15, 16, 7][28, 16, 27, 29][11, 25, 28, 17][2, 10, 21, 5][19, 12, 8, 26][4, 23, 9][3, 1, 4][7, 24][0, 17][5, 6] 
[13, 18, 0, 22, 19][14, 20, 24, 23][6, 15, 16, 7][28, 16, 27, 29][11, 25, 28, 17][2, 10, 21, 5][19, 12, 8, 26][4, 23, 9][3, 1, 4][7, 24][0, 17][5, 6] 
[13, 18, 0, 22, 19][14, 20, 24, 23][6, 15, 16, 7][28, 16, 27, 29][11, 25, 28, 17][2, 10, 21, 5][19, 12, 8, 26][4, 23, 9][3, 1, 4][7, 24][0, 17][5, 6] 
[13, 18, 0, 22][11, 17, 28, 25][28, 16, 27, 29][8, 12, 18, 19][6, 15, 16, 7][14, 20, 24, 23][4, 1, 3, 9][2, 10, 21, 5][17, 0, 26][7, 24][1, 23][5, 6] 
[13, 18, 0, 22][11, 17, 28, 25][28, 16, 27, 29][8, 12, 18, 19][6, 15, 16, 7][14, 20, 24, 23][4, 1, 3, 9][2, 10, 21, 5][17, 0, 26][7, 24][1, 23][5, 6] 
[8, 12, 18, 19][13, 18, 0, 22][11, 17, 28, 25][28, 16, 27, 29][6, 15, 16, 7][2, 10, 21, 5][14, 20, 24, 23][4, 1, 3, 9][17, 0, 26][5, 6][7, 24][1, 23] 
[8, 12, 18, 19][13, 18, 0, 22][11, 17, 28, 25][28, 16, 27, 29][6, 15, 16, 7][2, 10, 21, 5][14, 20, 24, 23][4, 1, 3, 9][17, 0, 26][5, 6][7, 24][1, 23] 
[14, 20, 24, 23][6, 15, 16, 7][28, 16, 27, 29][11, 17, 28, 25][13, 18, 0, 22][8, 12, 18, 19][2, 10, 21, 5][4, 1, 3, 9][17, 0, 26][7, 24][5, 6][1, 23] 
[11, 17, 28, 25][28, 16, 27, 29][6, 15, 16, 7][13, 18, 0, 22][12, 8, 19, 22][14, 20, 24, 23][4, 1, 3, 9][2, 10, 21, 5][17, 0, 26][7, 24][1, 23][5, 6] 
[11, 17, 28, 25][28, 16, 27, 29][6, 15, 16, 7][13, 18, 0, 22][8, 12, 18, 19][2, 10, 21, 5][14, 20, 24, 23][4, 1, 3, 9][17, 0, 26][5, 6][7, 24][1, 23] 
