[4, 24, 20, 7, 28, 16][21, 5, 15, 10, 27][1, 3, 9, 23, 14][0, 13, 6, 2, 29][18, 22, 19, 8, 26][17, 11, 25][25, 28][12, 17][7, 27][3, 11][0, 12][8, 12] 
[16, 27, 10, 15, 5, 21][4, 24, 20, 7, 28][1, 3, 9, 23, 14][18, 22, 19, 8, 26][0, 13, 6, 2, 29][3, 11, 25][7, 27][25, 28][11, 17][12, 17][8, 12][0, 12] 
[16, 27, 10, 15, 5, 21][4, 24, 20, 7, 28][1, 3, 9, 23, 14][18, 22, 19, 8, 26][0, 13, 6, 2, 29][3, 11, 25][7, 27][25, 28][11, 17][12, 17][8, 12][0, 12] 
[16, 27, 10, 15, 5, 21][1, 3, 9, 23, 14][4, 24, 20, 7, 28][18, 22, 19, 8, 26][0, 13, 6, 2, 29][3, 11, 25][11, 17][12, 17][25, 28][8, 12][0, 12][7, 27] 
[16, 27, 10, 15, 5, 21][4, 24, 20, 7, 28][18, 22, 19, 8, 26][1, 3, 9, 23, 14][0, 13, 6, 2, 29][17, 11, 25][25, 28][12, 17][7, 27][8, 12][3, 11][0, 12] 
[16, 27, 10, 15, 5, 21][4, 24, 20, 7, 28][18, 22, 19, 8, 26][1, 3, 9, 23, 14][0, 13, 6, 2, 29][17, 11, 25][25, 28][12, 17][7, 27][8, 12][3, 11][0, 12] 
[16, 27, 10, 15, 5, 21][4, 24, 20, 7, 28][1, 3, 9, 23, 14][0, 13, 6, 2, 29][18, 22, 19, 8, 26][3, 11, 25][7, 27][25, 28][11, 17][12, 17][0, 12][8, 12] 
[16, 27, 10, 15, 5, 21][1, 3, 9, 23, 14][4, 24, 20, 7, 28][18, 22, 19, 8, 26][0, 13, 6, 2, 29][17, 11, 25][3, 11][25, 28][7, 27][12, 17][8, 12][0, 12] 
[16, 27, 10, 15, 5, 21][1, 3, 9, 23, 14][4, 24, 20, 7, 28][18, 22, 19, 8, 26][0, 13, 6, 2, 29][17, 11, 25][3, 11][25, 28][7, 27][12, 17][8, 12][0, 12] 
[16, 27, 10, 15, 5, 21][1, 3, 9, 23, 14][4, 24, 20, 7, 28][18, 22, 19, 8, 26][0, 13, 6, 2, 29][17, 11, 25][3, 11][25, 28][7, 27][12, 17][8, 12][0, 12] 
[4, 24, 20, 7, 28, 16][21, 5, 15, 10, 27][1, 3, 9, 23, 14][0, 13, 6, 2, 29][18, 22, 19, 8, 26][17, 11, 25][25, 28][12, 17][7, 27][3, 11][0, 12][8, 12] 
[16, 27, 10, 15, 5, 21][1, 3, 9, 23, 14][4, 24, 20, 7, 28][0, 13, 6, 2, 29][18, 22, 19, 8, 26][3, 11, 25][25, 28][7, 27][11, 17][12, 17][0, 12][8, 12] 
[16, 27, 10, 15, 5, 21][1, 3, 9, 23, 14][4, 24, 20, 7, 28][0, 13, 6, 2, 29][18, 22, 19, 8, 26][3, 11, 25][25, 28][7, 16][11, 17][12, 17][0, 12][8, 12] 
[16, 27, 10, 15, 5, 21][4, 24, 20, 7, 28][1, 3, 9, 23, 14][18, 22, 19, 8, 26][0, 13, 6, 2, 29][17, 11, 25][25, 28][7, 27][12, 17][3, 11][8, 12][0, 12] 
[16, 27, 10, 15, 5, 21][4, 24, 20, 7, 28][1, 3, 9, 23, 14][18, 22, 19, 8, 26][0, 13, 6, 2, 29][17, 11, 25][25, 28][7, 27][12, 17][3, 11][8, 12][0, 12] 
[16, 27, 10, 15, 5, 21][4, 24, 20, 7, 28][18, 22, 19, 8, 26][1, 3, 9, 23, 14][0, 13, 6, 2, 29][17, 11, 25][25, 28][12, 17][7, 27][8, 12][3, 11][0, 12] 
[4, 24, 20, 7, 28, 16][1, 3, 9, 23, 14][18, 22, 19, 8, 26][0, 13, 6, 2, 29][21, 5, 15, 10, 27][17, 11, 25][25, 28][3, 11][12, 17][8, 12][0, 12][7, 27] 
[16, 27, 10, 15, 5, 21][1, 3, 9, 23, 14][4, 24, 20, 7, 28][0, 13, 6, 2, 29][18, 22, 19, 8, 26][3, 11, 25][11, 17][25, 28][7, 27][12, 17][0, 12][8, 12] 
[16, 27, 10, 15, 5, 21][18, 22, 19, 8, 26][4, 24, 20, 7, 28][0, 13, 6, 2, 29][1, 3, 9, 23, 14][17, 11, 25][8, 12][12, 17][25, 28][7, 27][0, 12][3, 11] 
[4, 24, 20, 7, 28, 16][1, 3, 9, 23, 14][21, 5, 15, 10, 27][0, 13, 6, 2, 29][18, 22, 19, 8, 26][17, 11, 25][3, 11][25, 28][12, 17][7, 27][0, 12][8, 12] 
[4, 24, 20, 7, 28, 16][21, 5, 15, 10, 27][1, 3, 9, 23, 14][0, 13, 6, 2, 29][18, 22, 19, 8, 26][17, 11, 25][25, 28][12, 17][7, 27][3, 11][0, 12][8, 12] 
[16, 27, 10, 15, 5, 21][4, 24, 20, 7, 28][1, 3, 9, 23, 14][0, 13, 6, 2, 29][18, 22, 19, 8, 26][3, 11, 25][25, 28][11, 17][7, 27][12, 17][0, 12][8, 12] 
[16, 27, 10, 15, 5, 21][1, 3, 9, 23, 14][4, 24, 20, 7, 28][0, 13, 6, 2, 29][18, 22, 19, 8, 26][3, 11, 25][11, 17][25, 28][7, 16][12, 17][0, 12][8, 12] 
[16, 27, 10, 15, 5, 21][4, 24, 20, 7, 28][18, 22, 19, 8, 26][1, 3, 9, 23, 14][0, 13, 6, 2, 29][17, 11, 25][25, 28][12, 17][7, 27][8, 12][3, 11][0, 12] 
[16, 27, 10, 15, 5, 21][1, 3, 9, 23, 14][4, 24, 20, 7, 28][0, 13, 6, 2, 29][18, 22, 19, 8, 26][17, 11, 25][3, 11][25, 28][7, 27][12, 17][0, 12][8, 12] 
[16, 27, 10, 15, 5, 21][1, 3, 9, 23, 14][4, 24, 20, 7, 28][18, 22, 19, 8, 26][0, 13, 6, 2, 29][17, 11, 25][3, 11][25, 28][7, 27][12, 17][8, 12][0, 12] 
[4, 24, 20, 7, 28, 16][18, 22, 19, 8, 26][0, 13, 6, 2, 29][21, 5, 15, 10, 27][1, 3, 9, 23, 14][17, 11, 25][8, 12][0, 12][12, 17][25, 28][7, 27][3, 11] 
[16, 27, 10, 15, 5, 21][18, 22, 19, 8, 26][0, 13, 6, 2, 29][1, 3, 9, 23, 14][4, 24, 20, 7, 28][3, 11, 25][8, 12][12, 17][0, 12][11, 17][25, 28][7, 27] 
[16, 27, 10, 15, 5, 21][18, 22, 19, 8, 26][4, 24, 20, 7, 28][0, 13, 6, 2, 29][1, 3, 9, 23, 14][17, 11, 25][8, 12][12, 17][25, 28][7, 27][0, 12][3, 11] 
[4, 24, 20, 7, 28, 16][21, 5, 15, 10, 27][1, 3, 9, 23, 14][0, 13, 6, 2, 29][18, 22, 19, 8, 26][17, 11, 25][25, 28][12, 17][7, 27][3, 11][0, 12][8, 12] 
[4, 24, 20, 7, 28, 16][1, 3, 9, 23, 14][18, 22, 19, 8, 26][0, 13, 6, 2, 29][21, 5, 15, 10, 27][17, 11, 25][25, 28][3, 11][12, 17][8, 12][0, 12][7, 27] 
[16, 27, 10, 15, 5, 21][4, 24, 20, 7, 28][1, 3, 9, 23, 14][0, 13, 6, 2, 29][18, 22, 19, 8, 26][3, 11, 25][7, 27][25, 28][11, 17][12, 17][0, 12][8, 12] 
[16, 27, 10, 15, 5, 21][1, 3, 9, 23, 14][4, 24, 20, 7, 28][18, 22, 19, 8, 26][0, 13, 6, 2, 29][17, 11, 25][3, 11][25, 28][7, 27][12, 17][8, 12][0, 12] 
[4, 24, 20, 7, 28, 16][1, 3, 9, 23, 14][21, 5, 15, 10, 27][18, 22, 19, 8, 26][0, 13, 6, 2, 29][17, 11, 25][3, 11][25, 28][7, 27][12, 17][8, 12][0, 12] 
[4, 24, 20, 7, 28, 16][1, 3, 9, 23, 14][21, 5, 15, 10, 27][18, 22, 19, 8, 26][0, 13, 6, 2, 29][17, 11, 25][3, 11][25, 28][7, 27][12, 17][8, 12][0, 12] 
[24, 4, 3, 9, 23, 20, 7, 25, 0, 28][13, 6, 2, 29, 27, 10, 21, 5, 15, 16][1, 14, 11, 17, 18, 13, 0, 22, 12][22, 19, 8, 26][5, 15][5, 21][27, 29][0, 13][11, 17][5, 21][0, 13][11, 17] 
[24, 4, 3, 9, 23, 20, 7, 25, 0, 28][13, 6, 2, 29, 27, 10, 21, 5, 15, 16][1, 14, 11, 17, 18, 13, 0, 22, 12][22, 19, 8, 26][5, 15][5, 21][27, 29][0, 13][11, 17][5, 21][0, 13][11, 17] 
[24, 4, 3, 9, 23, 20, 7, 25, 0, 28][13, 6, 2, 29, 27, 10, 21, 5, 15, 16][1, 14, 11, 17, 18, 13, 0, 22, 12][22, 19, 8, 26][5, 15][5, 21][27, 29][0, 13][11, 17][5, 21][0, 13][11, 17] 
[13, 6, 2, 29, 27, 10, 21, 5, 15, 16][1, 14, 11, 17, 18, 0, 22, 12, 19, 8][24, 4, 3, 9, 23, 20, 7, 25, 0, 28][27, 29][0, 26][11, 14][0, 13][11, 17][11, 17][11, 14][11, 14][11, 14] 
[13, 6, 2, 29, 27, 10, 21, 5, 15, 16][1, 14, 11, 17, 18, 0, 22, 12, 19, 8][24, 4, 3, 9, 23, 20, 7, 25, 0, 28][27, 29][0, 26][11, 14][0, 13][11, 17][11, 17][11, 14][11, 14][11, 14] 
[1, 4, 14, 11, 17, 18, 0, 22, 12, 19, 8][13, 6, 2, 27, 10, 21, 5, 15, 16][24, 4, 3, 9, 23, 20, 7, 25, 28][27, 29][0, 26][0, 13][11, 14][11, 14][11, 14][11, 17][11, 14][11, 17] 
[24, 4, 3, 9, 23, 20, 7, 25, 0, 28][13, 6, 2, 29, 27, 10, 21, 5, 15, 16][1, 14, 11, 17, 18, 13, 0, 22, 12][22, 19, 8, 26][5, 15][5, 21][27, 29][0, 13][11, 17][5, 21][0, 13][11, 17] 
[24, 4, 3, 9, 23, 20, 7, 25, 0, 28][13, 6, 2, 29, 27, 10, 21, 5, 15, 16][1, 14, 11, 17, 18, 13, 0, 22, 12][22, 19, 8, 26][5, 15][5, 21][27, 29][0, 13][11, 17][5, 21][0, 13][11, 17] 
[13, 6, 2, 29, 27, 10, 21, 5, 15, 16][1, 14, 11, 17, 18, 0, 22, 12, 19, 8][24, 4, 3, 9, 23, 20, 7, 25, 0, 28][27, 29][0, 26][11, 14][0, 13][11, 17][11, 17][11, 14][11, 14][11, 14] 
[24, 4, 3, 9, 23, 20, 7, 25, 0, 28][13, 6, 2, 29, 27, 10, 21, 5, 15, 16][1, 14, 11, 17, 18, 13, 0, 22, 12][22, 19, 8, 26][5, 15][5, 21][27, 29][0, 13][11, 17][5, 21][0, 13][11, 17] 
[24, 4, 3, 9, 23, 20, 7, 25, 0, 28][13, 6, 2, 29, 27, 10, 21, 5, 15, 16][1, 14, 11, 17, 18, 13, 0, 22, 12][22, 19, 8, 26][5, 15][5, 21][27, 29][0, 13][11, 17][5, 21][0, 13][11, 17] 
[24, 4, 3, 9, 23, 20, 7, 25, 0, 28][13, 6, 2, 29, 27, 10, 21, 5, 15, 16][1, 14, 11, 17, 18, 13, 0, 22, 12][22, 19, 8, 26][5, 15][5, 21][27, 29][0, 13][11, 17][5, 21][0, 13][11, 17] 
[13, 6, 2, 29, 27, 10, 21, 5, 15, 16][1, 14, 11, 17, 18, 0, 22, 12, 19, 8][24, 4, 3, 9, 23, 20, 7, 25, 0, 28][27, 29][0, 26][11, 14][0, 13][11, 17][11, 17][11, 14][11, 14][11, 14] 
[24, 4, 3, 9, 23, 20, 7, 25, 0, 28][13, 6, 2, 29, 27, 10, 21, 5, 15, 16][1, 14, 11, 17, 18, 13, 0, 22, 12][22, 19, 8, 26][5, 15][5, 21][27, 29][0, 13][11, 17][5, 21][0, 13][11, 17] 
[24, 4, 3, 9, 23, 20, 7, 25, 0, 28][13, 6, 2, 29, 27, 10, 21, 5, 15, 16][1, 14, 11, 17, 18, 13, 0, 22, 12][22, 19, 8, 26][5, 15][5, 21][27, 29][0, 13][11, 17][5, 21][0, 13][11, 17] 
[1, 14, 11, 17, 18, 13, 0, 22, 12, 19, 8][13, 6, 2, 29, 27, 10, 21, 5, 15, 16][24, 4, 3, 9, 23, 20, 7, 25, 0, 28][11, 14][0, 26][0, 13][11, 14][5, 15][0, 13][11, 14][11, 14][27, 29] 
[1, 14, 11, 17, 18, 13, 0, 22, 12, 19, 8][13, 6, 2, 29, 27, 10, 21, 5, 15, 16][24, 4, 3, 9, 23, 20, 7, 25, 0, 28][11, 14][0, 26][0, 13][11, 14][5, 15][0, 13][11, 14][11, 14][27, 29] 
[24, 4, 3, 9, 23, 20, 7, 25, 0, 28][13, 6, 2, 29, 27, 10, 21, 5, 15, 16][1, 14, 11, 17, 18, 13, 0, 22, 12][22, 19, 8, 26][5, 15][5, 21][27, 29][0, 13][11, 17][5, 21][0, 13][11, 17] 
[1, 14, 11, 17, 18, 13, 0, 22, 12, 19, 8][13, 6, 2, 29, 27, 10, 21, 5, 15, 16][24, 4, 3, 9, 23, 20, 7, 25, 0, 28][11, 14][0, 26][0, 13][11, 14][5, 15][0, 13][11, 14][11, 14][27, 29] 
[1, 14, 11, 17, 18, 13, 0, 22, 12, 19, 8][13, 6, 2, 29, 27, 10, 21, 5, 15, 16][24, 4, 3, 9, 23, 20, 7, 25, 0, 28][11, 14][0, 26][0, 13][11, 14][5, 15][0, 13][11, 14][11, 14][27, 29] 
[1, 14, 11, 17, 18, 13, 0, 22, 12, 19, 8][24, 4, 3, 9, 23, 20, 7, 25, 0, 28][13, 6, 2, 29, 27, 10, 21, 5, 15, 16][11, 14][0, 26][0, 13][5, 15][27, 29][27, 29][11, 14][11, 14][11, 14] 
[16, 27, 10, 15, 5, 21][1, 3, 9, 23, 14][4, 24, 20, 7, 28][0, 13, 6, 2, 29][18, 22, 19, 8, 26][17, 11, 25][3, 11][12, 17][25, 28][0, 12][8, 12][7, 27] 
[16, 27, 10, 15, 5, 21][18, 22, 19, 8, 26][1, 3, 9, 23, 14][0, 13, 6, 2, 29][4, 24, 20, 7, 28][17, 11, 25][12, 17][8, 12][3, 11][0, 12][25, 28][7, 27] 
[16, 27, 10, 15, 5, 21][18, 22, 19, 8, 26][1, 3, 9, 23, 14][0, 13, 6, 2, 29][4, 24, 20, 7, 28][17, 11, 25][12, 17][8, 12][3, 11][0, 12][25, 28][7, 27] 
[16, 27, 10, 15, 5, 21][18, 22, 19, 8, 26][1, 3, 9, 23, 14][4, 24, 20, 7, 28][0, 13, 6, 2, 29][17, 11, 25][12, 17][8, 12][3, 11][25, 28][0, 12][7, 27] 
[16, 27, 10, 15, 5, 21][18, 22, 19, 8, 26][1, 3, 9, 23, 14][0, 13, 6, 2, 29][4, 24, 20, 7, 28][17, 11, 25][12, 17][8, 12][3, 11][0, 12][25, 28][7, 27] 
[16, 27, 10, 15, 5, 21][1, 3, 9, 23, 14][4, 24, 20, 7, 28][18, 22, 19, 8, 26][0, 13, 6, 2, 29][17, 11, 25][3, 11][25, 28][7, 27][12, 17][8, 12][0, 12] 
[16, 27, 10, 15, 5, 21][18, 22, 19, 8, 26][1, 3, 9, 23, 14][4, 24, 20, 7, 28][0, 13, 6, 2, 29][17, 11, 25][12, 17][8, 12][3, 11][25, 28][0, 12][7, 27] 
[16, 27, 10, 15, 5, 21][18, 22, 19, 8, 26][1, 3, 9, 23, 14][0, 13, 6, 2, 29][4, 24, 20, 7, 28][17, 11, 25][12, 17][8, 12][3, 11][0, 12][25, 28][7, 27] 
[16, 27, 10, 15, 5, 21][18, 22, 19, 8, 26][1, 3, 9, 23, 14][0, 13, 6, 2, 29][4, 24, 20, 7, 28][17, 11, 25][12, 17][8, 12][3, 11][0, 12][25, 28][7, 27] 
[16, 27, 10, 15, 5, 21][18, 22, 19, 8, 26][1, 3, 9, 23, 14][0, 13, 6, 2, 29][4, 24, 20, 7, 28][17, 11, 25][12, 17][8, 12][3, 11][0, 12][25, 28][7, 27] 
[16, 27, 10, 15, 5, 21][18, 22, 19, 8, 26][1, 3, 9, 23, 14][4, 24, 20, 7, 28][0, 13, 6, 2, 29][17, 11, 25][12, 17][8, 12][3, 11][25, 28][0, 12][7, 27] 
[16, 27, 10, 15, 5, 21][0, 13, 6, 2, 29][4, 24, 20, 7, 28][18, 22, 19, 8, 26][1, 3, 9, 23, 14][17, 11, 25][0, 12][12, 17][25, 28][7, 27][8, 12][3, 11] 
[16, 27, 10, 15, 5, 21][1, 3, 9, 23, 14][4, 24, 20, 7, 28][0, 13, 6, 2, 29][18, 22, 19, 8, 26][17, 11, 25][3, 11][25, 28][7, 27][12, 17][0, 12][8, 12] 
[16, 27, 10, 15, 5, 21][0, 13, 6, 2, 29][18, 22, 19, 8, 26][1, 3, 9, 23, 14][4, 24, 20, 7, 28][17, 11, 25][0, 12][8, 12][12, 17][3, 11][25, 28][7, 27] 
[16, 27, 10, 15, 5, 21][4, 24, 20, 7, 28][18, 22, 19, 8, 26][0, 13, 6, 2, 29][1, 3, 9, 23, 14][17, 11, 25][12, 17][25, 28][8, 12][0, 12][7, 27][3, 11] 
[4, 24, 20, 7, 28, 16][21, 5, 15, 10, 27][1, 3, 9, 23, 14][0, 13, 6, 2, 29][18, 22, 19, 8, 26][17, 11, 25][25, 28][12, 17][7, 27][3, 11][0, 12][8, 12] 
[4, 24, 20, 7, 28, 16][21, 5, 15, 10, 27][0, 13, 6, 2, 29][18, 22, 19, 8, 26][1, 3, 9, 23, 14][17, 11, 25][25, 28][7, 27][12, 17][0, 12][8, 12][3, 11] 
[4, 24, 20, 7, 28, 16][21, 5, 15, 10, 27][18, 22, 19, 8, 26][1, 3, 9, 23, 14][0, 13, 6, 2, 29][17, 11, 25][7, 27][25, 28][12, 17][8, 12][3, 11][0, 12] 
[4, 24, 20, 7, 28, 16][18, 22, 19, 8, 26][0, 13, 6, 2, 29][21, 5, 15, 10, 27][1, 3, 9, 23, 14][17, 11, 25][8, 12][0, 12][12, 17][25, 28][7, 27][3, 11] 
[4, 24, 20, 7, 28, 16][21, 5, 15, 10, 27][1, 3, 9, 23, 14][18, 22, 19, 8, 26][0, 13, 6, 2, 29][17, 11, 25][7, 27][25, 28][3, 11][12, 17][8, 12][0, 12] 
[4, 24, 20, 7, 28, 16][1, 3, 9, 23, 14][15, 5, 21, 10, 27][0, 13, 6, 2, 29][18, 22, 19, 8, 26][3, 11, 25][25, 28][7, 27][11, 17][12, 17][0, 12][8, 12] 
[16, 27, 10, 15, 5, 21][18, 22, 19, 8, 26][1, 3, 9, 23, 14][4, 24, 20, 7, 28][0, 13, 6, 2, 29][17, 11, 25][12, 17][8, 12][3, 11][25, 28][0, 12][7, 27] 
[16, 27, 10, 15, 5, 21][18, 22, 19, 8, 26][1, 3, 9, 23, 14][0, 13, 6, 2, 29][4, 24, 20, 7, 28][17, 11, 25][12, 17][8, 12][3, 11][0, 12][25, 28][7, 27] 
[16, 27, 10, 15, 5, 21][4, 24, 20, 7, 28][1, 3, 9, 23, 14][0, 13, 6, 2, 29][18, 22, 19, 8, 26][17, 11, 25][25, 28][12, 17][3, 11][0, 12][7, 27][8, 12] 
[16, 27, 10, 15, 5, 21][18, 22, 19, 8, 26][1, 3, 9, 23, 14][4, 24, 20, 7, 28][0, 13, 6, 2, 29][17, 11, 25][12, 17][8, 12][3, 11][25, 28][0, 12][7, 27] 
[16, 27, 10, 15, 5, 21][4, 24, 20, 7, 28][1, 3, 9, 23, 14][0, 13, 6, 2, 29][18, 22, 19, 8, 26][17, 11, 25][25, 28][12, 17][3, 11][0, 12][7, 27][8, 12] 
[4, 24, 20, 7, 28, 16][18, 22, 19, 8, 26][0, 13, 6, 2, 29][21, 5, 15, 10, 27][1, 3, 9, 23, 14][17, 11, 25][8, 12][0, 12][12, 17][25, 28][7, 27][3, 11] 
[16, 27, 10, 15, 5, 21][1, 3, 9, 23, 14][0, 13, 6, 2, 29][4, 24, 20, 7, 28][18, 22, 19, 8, 26][17, 11, 25][3, 11][12, 17][0, 12][25, 28][7, 27][8, 12] 
[4, 24, 20, 7, 28, 16][21, 5, 15, 10, 27][1, 3, 9, 23, 14][0, 13, 6, 2, 29][18, 22, 19, 8, 26][17, 11, 25][25, 28][12, 17][7, 27][3, 11][0, 12][8, 12] 
[4, 24, 20, 7, 28, 16][21, 5, 15, 10, 27][1, 3, 9, 23, 14][0, 13, 6, 2, 29][18, 22, 19, 8, 26][17, 11, 25][25, 28][7, 27][12, 17][3, 11][0, 12][8, 12] 
[4, 24, 20, 7, 28, 16][21, 5, 15, 10, 27][0, 13, 6, 2, 29][18, 22, 19, 8, 26][1, 3, 9, 23, 14][17, 11, 25][25, 28][7, 27][12, 17][0, 12][8, 12][3, 11] 
[4, 24, 20, 7, 28, 16][0, 13, 6, 2, 29][1, 3, 9, 23, 14][18, 22, 19, 8, 26][21, 5, 15, 10, 27][17, 11, 25][12, 17][0, 12][3, 11][8, 12][25, 28][7, 27] 
[4, 24, 20, 7, 28, 16][21, 5, 15, 10, 27][1, 3, 9, 23, 14][18, 22, 19, 8, 26][0, 13, 6, 2, 29][17, 11, 25][7, 27][25, 28][3, 11][12, 17][8, 12][0, 12] 
[4, 24, 20, 7, 28, 16][21, 5, 15, 10, 27][18, 22, 19, 8, 26][1, 3, 9, 23, 14][0, 13, 6, 2, 29][17, 11, 25][7, 27][25, 28][12, 17][8, 12][3, 11][0, 12] 
[4, 24, 20, 7, 28, 16][18, 22, 19, 8, 26][0, 13, 6, 2, 29][1, 3, 9, 23, 14][21, 5, 15, 10, 27][17, 11, 25][8, 12][12, 17][0, 12][25, 28][3, 11][7, 27] 
[4, 24, 20, 7, 28, 16][1, 3, 9, 23, 14][21, 5, 15, 10, 27][0, 13, 6, 2, 29][18, 22, 19, 8, 26][17, 11, 25][3, 11][25, 28][12, 17][7, 27][0, 12][8, 12] 
[4, 24, 20, 7, 28, 16][18, 22, 19, 8, 26][1, 3, 9, 23, 14][0, 13, 6, 2, 29][21, 5, 15, 10, 27][17, 11, 25][12, 17][25, 28][8, 12][3, 11][0, 12][7, 27] 
[4, 24, 20, 7, 28, 16][18, 22, 19, 8, 26][1, 3, 9, 23, 14][0, 13, 6, 2, 29][21, 5, 15, 10, 27][17, 11, 25][12, 17][25, 28][8, 12][3, 11][0, 12][7, 27] 
[4, 24, 20, 7, 28, 16][21, 5, 15, 10, 27][1, 3, 9, 23, 14][18, 22, 19, 8, 26][0, 13, 6, 2, 29][17, 11, 25][7, 27][25, 28][3, 11][12, 17][8, 12][0, 12] 
[4, 24, 20, 7, 28, 16][18, 22, 19, 8, 26][0, 13, 6, 2, 29][1, 3, 9, 23, 14][21, 5, 15, 10, 27][17, 11, 25][8, 12][12, 17][0, 12][25, 28][3, 11][7, 27] 
[4, 24, 20, 7, 28, 16][0, 13, 6, 2, 29][1, 3, 9, 23, 14][18, 22, 19, 8, 26][21, 5, 15, 10, 27][17, 11, 25][12, 17][0, 12][3, 11][8, 12][25, 28][7, 27] 
[4, 24, 20, 7, 28, 16][18, 22, 19, 8, 26][0, 13, 6, 2, 29][1, 3, 9, 23, 14][21, 5, 15, 10, 27][17, 11, 25][8, 12][12, 17][0, 12][25, 28][3, 11][7, 27] 
[4, 24, 20, 7, 28, 16][18, 22, 19, 8, 26][0, 13, 6, 2, 29][1, 3, 9, 23, 14][21, 5, 15, 10, 27][17, 11, 25][8, 12][12, 17][0, 12][25, 28][3, 11][7, 27] 
[4, 24, 20, 7, 28, 16][15, 5, 21, 10, 27][1, 3, 9, 23, 14][18, 22, 19, 8, 26][0, 13, 6, 2, 29][3, 11, 25][8, 12, 17][7, 27][25, 28][11, 17][0, 12][12, 17] 
[4, 24, 20, 7, 28, 16][15, 5, 21, 10, 27][1, 3, 9, 23, 14][18, 22, 19, 8, 26][0, 13, 6, 2, 29][3, 11, 25][8, 12, 17][7, 27][25, 28][11, 17][0, 12][12, 17] 
[4, 24, 20, 7, 28, 16][15, 5, 21, 10, 27][1, 3, 9, 23, 14][18, 22, 19, 8, 26][0, 13, 6, 2, 29][3, 11, 25][8, 12, 17][7, 27][25, 28][11, 17][0, 12][12, 17] 
[4, 24, 20, 7, 28, 16][15, 5, 21, 10, 27][1, 3, 9, 23, 14][18, 22, 19, 8, 26][0, 13, 6, 2, 29][3, 11, 25][8, 12, 17][7, 27][25, 28][11, 17][0, 12][12, 17] 
[4, 24, 20, 7, 28, 16][15, 5, 21, 10, 27][1, 3, 9, 23, 14][18, 22, 19, 8, 26][0, 13, 6, 2, 29][3, 11, 25][8, 12, 17][7, 27][25, 28][11, 17][0, 12][12, 17] 
[4, 24, 20, 7, 28, 16][15, 5, 21, 10, 27][1, 3, 9, 23, 14][18, 22, 19, 8, 26][0, 13, 6, 2, 29][3, 11, 25][8, 12, 17][7, 27][25, 28][11, 17][0, 12][12, 17] 
[16, 27, 10, 15, 5, 21][18, 22, 19, 8, 26][1, 3, 9, 23, 14][4, 24, 20, 7, 28][0, 13, 6, 2, 29][17, 11, 25][12, 17][8, 12][3, 11][25, 28][0, 12][7, 27] 
[16, 27, 10, 15, 5, 21][18, 22, 19, 8, 26][1, 3, 9, 23, 14][0, 13, 6, 2, 29][4, 24, 20, 7, 28][17, 11, 25][12, 17][8, 12][3, 11][0, 12][25, 28][7, 27] 
[16, 27, 10, 15, 5, 21][1, 3, 9, 23, 14][0, 13, 6, 2, 29][4, 24, 20, 7, 28][18, 22, 19, 8, 26][17, 11, 25][3, 11][12, 17][0, 12][25, 28][7, 27][8, 12] 
[16, 27, 10, 15, 5, 21][0, 13, 6, 2, 29][18, 22, 19, 8, 26][1, 3, 9, 23, 14][4, 24, 20, 7, 28][17, 11, 25][0, 12][8, 12][12, 17][3, 11][25, 28][7, 27] 
[16, 27, 10, 15, 5, 21][4, 24, 20, 7, 28][18, 22, 19, 8, 26][0, 13, 6, 2, 29][1, 3, 9, 23, 14][17, 11, 25][12, 17][25, 28][8, 12][0, 12][7, 27][3, 11] 
[4, 24, 20, 7, 28, 16][1, 3, 9, 23, 14][0, 13, 6, 2, 29][21, 5, 15, 10, 27][18, 22, 19, 8, 26][17, 11, 25][3, 11][25, 28][12, 17][0, 12][7, 27][8, 12] 
[16, 27, 10, 15, 5, 21][18, 22, 19, 8, 26][1, 3, 9, 23, 14][0, 13, 6, 2, 29][4, 24, 20, 7, 28][17, 11, 25][12, 17][8, 12][3, 11][0, 12][25, 28][7, 27] 
