[35, 41, 12, 25, 4, 53, 46, 7, 40, 47][34, 45, 58, 57, 35, 51, 64, 52, 10, 55][20, 10, 28, 8, 56, 51, 35, 64, 58, 33][8, 26, 62, 21, 63, 30, 24, 42, 49, 11][1, 16, 9, 31, 11, 15, 42, 30, 21, 63][13, 43, 61, 14, 60, 17, 59, 68, 9, 31][13, 22, 38, 69, 23, 0, 2, 14, 44, 17][65, 39, 32, 5, 37, 18, 54, 66, 29, 69][37, 65, 39, 48, 3, 23, 50, 2, 0, 69][46, 7, 4, 25, 34, 57, 41, 12, 27, 67][32, 5, 54, 65, 39, 48, 66, 29, 19, 36][12, 4, 53, 40, 46, 7, 47, 6, 56, 28][5, 32, 39, 18, 65, 54, 66, 3, 29, 69][13, 43, 61, 14, 60, 17, 59, 68, 9, 31][8, 26, 62, 21, 63, 30, 24, 42, 49, 11] 
[13, 43, 61, 14, 60, 17, 59, 68, 9, 31][1, 16, 9, 31, 11, 15, 42, 30, 21, 63][13, 22, 38, 69, 23, 0, 2, 14, 44, 17][65, 39, 32, 5, 37, 18, 54, 66, 29, 69][8, 26, 62, 21, 63, 30, 24, 42, 49, 11][20, 10, 28, 8, 56, 51, 35, 64, 58, 33][35, 41, 12, 25, 4, 53, 46, 7, 40, 47][34, 45, 58, 57, 35, 51, 64, 52, 10, 55][32, 5, 54, 65, 39, 48, 66, 29, 19, 36][46, 7, 4, 25, 34, 57, 41, 12, 27, 67][37, 65, 39, 48, 3, 23, 50, 2, 0, 69][12, 4, 53, 40, 46, 7, 47, 6, 56, 28][20, 10, 28, 8, 56, 51, 35, 64, 58, 33][5, 32, 39, 18, 65, 54, 66, 3, 29, 69][20, 10, 28, 8, 56, 51, 35, 64, 58, 33] 
[13, 43, 61, 14, 60, 17, 59, 68, 9, 31][1, 16, 9, 31, 11, 15, 42, 30, 21, 63][13, 22, 38, 69, 23, 0, 2, 14, 44, 17][65, 39, 32, 5, 37, 18, 54, 66, 29, 69][8, 26, 62, 21, 63, 30, 24, 42, 49, 11][20, 10, 28, 8, 56, 51, 35, 64, 58, 33][35, 41, 12, 25, 4, 53, 46, 7, 40, 47][34, 45, 58, 57, 35, 51, 64, 52, 10, 55][32, 5, 54, 65, 39, 48, 66, 29, 19, 36][46, 7, 4, 25, 34, 57, 41, 12, 27, 67][37, 65, 39, 48, 3, 23, 50, 2, 0, 69][12, 4, 53, 40, 46, 7, 47, 6, 56, 28][20, 10, 28, 8, 56, 51, 35, 64, 58, 33][5, 32, 39, 18, 65, 54, 66, 3, 29, 69][20, 10, 28, 8, 56, 51, 35, 64, 58, 33] 
[13, 43, 61, 14, 60, 17, 59, 68, 9, 31][1, 16, 9, 31, 11, 15, 42, 30, 21, 63][13, 22, 38, 69, 23, 0, 2, 14, 44, 17][65, 39, 32, 5, 37, 18, 54, 66, 29, 69][8, 26, 62, 21, 63, 30, 24, 42, 49, 11][20, 10, 28, 8, 56, 51, 35, 64, 58, 33][35, 41, 12, 25, 4, 53, 46, 7, 40, 47][34, 45, 58, 57, 35, 51, 64, 52, 10, 55][32, 5, 54, 65, 39, 48, 66, 29, 19, 36][46, 7, 4, 25, 34, 57, 41, 12, 27, 67][37, 65, 39, 48, 3, 23, 50, 2, 0, 69][12, 4, 53, 40, 46, 7, 47, 6, 56, 28][20, 10, 28, 8, 56, 51, 35, 64, 58, 33][5, 32, 39, 18, 65, 54, 66, 3, 29, 69][20, 10, 28, 8, 56, 51, 35, 64, 58, 33] 
[46, 7, 4, 25, 34, 57, 41, 12, 27, 67][34, 45, 58, 57, 35, 51, 64, 52, 10, 55][12, 4, 53, 40, 46, 7, 47, 6, 56, 28][20, 10, 28, 8, 56, 51, 35, 64, 58, 33][8, 26, 62, 21, 63, 30, 24, 42, 49, 11][1, 16, 9, 31, 11, 15, 42, 30, 21, 63][13, 43, 61, 14, 60, 17, 59, 68, 9, 31][13, 22, 38, 69, 23, 0, 2, 14, 44, 17][65, 39, 32, 5, 37, 18, 54, 66, 29, 69][0, 23, 69, 18, 54, 19, 22, 36, 38, 3][37, 65, 39, 48, 3, 23, 50, 2, 0, 69][18, 32, 5, 54, 65, 39, 48, 66, 29, 19][34, 45, 58, 57, 35, 51, 64, 52, 10, 55][13, 43, 61, 14, 60, 17, 59, 68, 9, 31][5, 32, 39, 18, 65, 54, 66, 3, 29, 69] 
[13, 43, 61, 14, 60, 17, 59, 68, 9, 31][1, 16, 9, 31, 11, 15, 42, 30, 21, 63][13, 22, 38, 69, 23, 0, 2, 14, 44, 17][65, 39, 32, 5, 37, 18, 54, 66, 29, 69][8, 26, 62, 21, 63, 30, 24, 42, 49, 11][20, 10, 28, 8, 56, 51, 35, 64, 58, 33][12, 4, 53, 40, 46, 7, 47, 6, 56, 28][46, 7, 4, 25, 34, 57, 41, 12, 27, 67][34, 45, 58, 57, 35, 51, 64, 52, 10, 55][32, 5, 54, 65, 39, 48, 66, 29, 19, 36][37, 65, 39, 48, 3, 23, 50, 2, 0, 69][1, 16, 9, 31, 11, 15, 42, 30, 21, 63][0, 23, 69, 18, 54, 19, 22, 36, 38, 3][65, 39, 32, 5, 37, 18, 54, 66, 29, 69][5, 32, 39, 18, 65, 54, 66, 3, 29, 69] 
[13, 43, 61, 14, 60, 17, 59, 68, 9, 31][1, 16, 9, 31, 11, 15, 42, 30, 21, 63][13, 22, 38, 69, 23, 0, 2, 14, 44, 17][65, 39, 32, 5, 37, 18, 54, 66, 29, 69][8, 26, 62, 21, 63, 30, 24, 42, 49, 11][20, 10, 28, 8, 56, 51, 35, 64, 58, 33][12, 4, 53, 40, 46, 7, 47, 6, 56, 28][46, 7, 4, 25, 34, 57, 41, 12, 27, 67][34, 45, 58, 57, 35, 51, 64, 52, 10, 55][32, 5, 54, 65, 39, 48, 66, 29, 19, 36][37, 65, 39, 48, 3, 23, 50, 2, 0, 69][1, 16, 9, 31, 11, 15, 42, 30, 21, 63][0, 23, 69, 18, 54, 19, 22, 36, 38, 3][65, 39, 32, 5, 37, 18, 54, 66, 29, 69][5, 32, 39, 18, 65, 54, 66, 3, 29, 69] 
[46, 7, 4, 25, 34, 57, 41, 12, 27, 67][34, 45, 58, 57, 35, 51, 64, 52, 10, 55][12, 4, 53, 40, 46, 7, 47, 6, 56, 28][20, 10, 28, 8, 56, 51, 35, 64, 58, 33][8, 26, 62, 21, 63, 30, 24, 42, 49, 11][1, 16, 9, 31, 11, 15, 42, 30, 21, 63][13, 43, 61, 14, 60, 17, 59, 68, 9, 31][13, 22, 38, 69, 23, 0, 2, 14, 44, 17][65, 39, 32, 5, 37, 18, 54, 66, 29, 69][0, 23, 69, 18, 54, 19, 22, 36, 38, 3][37, 65, 39, 48, 3, 23, 50, 2, 0, 69][18, 32, 5, 54, 65, 39, 48, 66, 29, 19][34, 45, 58, 57, 35, 51, 64, 52, 10, 55][13, 43, 61, 14, 60, 17, 59, 68, 9, 31][5, 32, 39, 18, 65, 54, 66, 3, 29, 69] 
[46, 7, 4, 25, 34, 57, 41, 12, 27, 67][34, 45, 58, 57, 35, 51, 64, 52, 10, 55][12, 4, 53, 40, 46, 7, 47, 6, 56, 28][20, 10, 28, 8, 56, 51, 35, 64, 58, 33][8, 26, 62, 21, 63, 30, 24, 42, 49, 11][1, 16, 9, 31, 11, 15, 42, 30, 21, 63][13, 43, 61, 14, 60, 17, 59, 68, 9, 31][13, 22, 38, 69, 23, 0, 2, 14, 44, 17][65, 39, 32, 5, 37, 18, 54, 66, 29, 69][0, 23, 69, 18, 54, 19, 22, 36, 38, 3][37, 65, 39, 48, 3, 23, 50, 2, 0, 69][18, 32, 5, 54, 65, 39, 48, 66, 29, 19][34, 45, 58, 57, 35, 51, 64, 52, 10, 55][13, 43, 61, 14, 60, 17, 59, 68, 9, 31][5, 32, 39, 18, 65, 54, 66, 3, 29, 69] 
[46, 7, 4, 25, 34, 57, 41, 12, 27, 67][34, 45, 58, 57, 35, 51, 64, 52, 10, 55][12, 4, 53, 40, 46, 7, 47, 6, 56, 28][20, 10, 28, 8, 56, 51, 35, 64, 58, 33][8, 26, 62, 21, 63, 30, 24, 42, 49, 11][1, 16, 9, 31, 11, 15, 42, 30, 21, 63][13, 43, 61, 14, 60, 17, 59, 68, 9, 31][13, 22, 38, 69, 23, 0, 2, 14, 44, 17][65, 39, 32, 5, 37, 18, 54, 66, 29, 69][0, 23, 69, 18, 54, 19, 22, 36, 38, 3][37, 65, 39, 48, 3, 23, 50, 2, 0, 69][18, 32, 5, 54, 65, 39, 48, 66, 29, 19][34, 45, 58, 57, 35, 51, 64, 52, 10, 55][13, 43, 61, 14, 60, 17, 59, 68, 9, 31][5, 32, 39, 18, 65, 54, 66, 3, 29, 69] 
[35, 41, 12, 25, 4, 53, 46, 7, 40, 47][34, 45, 58, 57, 35, 51, 64, 52, 10, 55][20, 10, 28, 8, 56, 51, 35, 64, 58, 33][8, 26, 62, 21, 63, 30, 24, 42, 49, 11][1, 16, 9, 31, 11, 15, 42, 30, 21, 63][13, 43, 61, 14, 60, 17, 59, 68, 9, 31][13, 22, 38, 69, 23, 0, 2, 14, 44, 17][65, 39, 32, 5, 37, 18, 54, 66, 29, 69][37, 65, 39, 48, 3, 23, 50, 2, 0, 69][46, 7, 4, 25, 34, 57, 41, 12, 27, 67][32, 5, 54, 65, 39, 48, 66, 29, 19, 36][12, 4, 53, 40, 46, 7, 47, 6, 56, 28][5, 32, 39, 18, 65, 54, 66, 3, 29, 69][13, 43, 61, 14, 60, 17, 59, 68, 9, 31][8, 26, 62, 21, 63, 30, 24, 42, 49, 11] 
[13, 43, 61, 14, 60, 17, 59, 68, 9, 31][1, 16, 9, 31, 11, 15, 42, 30, 21, 63][13, 22, 38, 69, 23, 0, 2, 14, 44, 17][65, 39, 32, 5, 37, 18, 54, 66, 29, 69][8, 26, 62, 21, 63, 30, 24, 42, 49, 11][20, 10, 28, 8, 56, 51, 35, 64, 58, 33][35, 41, 12, 25, 4, 53, 46, 7, 40, 47][34, 45, 58, 57, 35, 51, 64, 52, 10, 55][32, 5, 54, 65, 39, 48, 66, 29, 19, 36][46, 7, 4, 25, 34, 57, 41, 12, 27, 67][37, 65, 39, 48, 3, 23, 50, 2, 0, 69][12, 4, 53, 40, 46, 7, 47, 6, 56, 28][20, 10, 28, 8, 56, 51, 35, 64, 58, 33][5, 32, 39, 18, 65, 54, 66, 3, 29, 69][20, 10, 28, 8, 56, 51, 35, 64, 58, 33] 
[13, 43, 61, 14, 60, 17, 59, 68, 9, 31][1, 16, 9, 31, 11, 15, 42, 30, 21, 63][13, 22, 38, 69, 23, 0, 2, 14, 44, 17][65, 39, 32, 5, 37, 18, 54, 66, 29, 69][8, 26, 62, 21, 63, 30, 24, 42, 49, 11][20, 10, 28, 8, 56, 51, 35, 64, 58, 33][35, 41, 12, 25, 4, 53, 46, 7, 40, 47][34, 45, 58, 57, 35, 51, 64, 52, 10, 55][32, 5, 54, 65, 39, 48, 66, 29, 19, 36][46, 7, 4, 25, 34, 57, 41, 12, 27, 67][37, 65, 39, 48, 3, 23, 50, 2, 0, 69][12, 4, 53, 40, 46, 7, 47, 6, 56, 28][20, 10, 28, 8, 56, 51, 35, 64, 58, 33][5, 32, 39, 18, 65, 54, 66, 3, 29, 69][20, 10, 28, 8, 56, 51, 35, 64, 58, 33] 
[46, 7, 4, 25, 34, 57, 41, 12, 27, 67][34, 45, 58, 57, 35, 51, 64, 52, 10, 55][12, 4, 53, 40, 46, 7, 47, 6, 56, 28][20, 10, 28, 8, 56, 51, 35, 64, 58, 33][8, 26, 62, 21, 63, 30, 24, 42, 49, 11][1, 16, 9, 31, 11, 15, 42, 30, 21, 63][13, 43, 61, 14, 60, 17, 59, 68, 9, 31][13, 22, 38, 69, 23, 0, 2, 14, 44, 17][65, 39, 32, 5, 37, 18, 54, 66, 29, 69][0, 23, 69, 18, 54, 19, 22, 36, 38, 3][37, 65, 39, 48, 3, 23, 50, 2, 0, 69][18, 32, 5, 54, 65, 39, 48, 66, 29, 19][34, 45, 58, 57, 35, 51, 64, 52, 10, 55][13, 43, 61, 14, 60, 17, 59, 68, 9, 31][5, 32, 39, 18, 65, 54, 66, 3, 29, 69] 
[46, 7, 4, 25, 34, 57, 41, 12, 27, 67][34, 45, 58, 57, 35, 51, 64, 52, 10, 55][12, 4, 53, 40, 46, 7, 47, 6, 56, 28][20, 10, 28, 8, 56, 51, 35, 64, 58, 33][8, 26, 62, 21, 63, 30, 24, 42, 49, 11][1, 16, 9, 31, 11, 15, 42, 30, 21, 63][13, 43, 61, 14, 60, 17, 59, 68, 9, 31][13, 22, 38, 69, 23, 0, 2, 14, 44, 17][65, 39, 32, 5, 37, 18, 54, 66, 29, 69][0, 23, 69, 18, 54, 19, 22, 36, 38, 3][37, 65, 39, 48, 3, 23, 50, 2, 0, 69][18, 32, 5, 54, 65, 39, 48, 66, 29, 19][34, 45, 58, 57, 35, 51, 64, 52, 10, 55][13, 43, 61, 14, 60, 17, 59, 68, 9, 31][5, 32, 39, 18, 65, 54, 66, 3, 29, 69] 
[46, 7, 4, 25, 34, 57, 41, 12, 27, 67][34, 45, 58, 57, 35, 51, 64, 52, 10, 55][12, 4, 53, 40, 46, 7, 47, 6, 56, 28][20, 10, 28, 8, 56, 51, 35, 64, 58, 33][8, 26, 62, 21, 63, 30, 24, 42, 49, 11][1, 16, 9, 31, 11, 15, 42, 30, 21, 63][13, 43, 61, 14, 60, 17, 59, 68, 9, 31][13, 22, 38, 69, 23, 0, 2, 14, 44, 17][65, 39, 32, 5, 37, 18, 54, 66, 29, 69][0, 23, 69, 18, 54, 19, 22, 36, 38, 3][37, 65, 39, 48, 3, 23, 50, 2, 0, 69][18, 32, 5, 54, 65, 39, 48, 66, 29, 19][34, 45, 58, 57, 35, 51, 64, 52, 10, 55][13, 43, 61, 14, 60, 17, 59, 68, 9, 31][5, 32, 39, 18, 65, 54, 66, 3, 29, 69] 
[35, 41, 12, 25, 4, 53, 46, 7, 40, 47][34, 45, 58, 57, 35, 51, 64, 52, 10, 55][20, 10, 28, 8, 56, 51, 35, 64, 58, 33][8, 26, 62, 21, 63, 30, 24, 42, 49, 11][1, 16, 9, 31, 11, 15, 42, 30, 21, 63][13, 43, 61, 14, 60, 17, 59, 68, 9, 31][13, 22, 38, 69, 23, 0, 2, 14, 44, 17][65, 39, 32, 5, 37, 18, 54, 66, 29, 69][37, 65, 39, 48, 3, 23, 50, 2, 0, 69][46, 7, 4, 25, 34, 57, 41, 12, 27, 67][32, 5, 54, 65, 39, 48, 66, 29, 19, 36][12, 4, 53, 40, 46, 7, 47, 6, 56, 28][5, 32, 39, 18, 65, 54, 66, 3, 29, 69][13, 43, 61, 14, 60, 17, 59, 68, 9, 31][8, 26, 62, 21, 63, 30, 24, 42, 49, 11] 
[13, 43, 61, 14, 60, 17, 59, 68, 9, 31][1, 16, 9, 31, 11, 15, 42, 30, 21, 63][13, 22, 38, 69, 23, 0, 2, 14, 44, 17][65, 39, 32, 5, 37, 18, 54, 66, 29, 69][8, 26, 62, 21, 63, 30, 24, 42, 49, 11][20, 10, 28, 8, 56, 51, 35, 64, 58, 33][35, 41, 12, 25, 4, 53, 46, 7, 40, 47][34, 45, 58, 57, 35, 51, 64, 52, 10, 55][32, 5, 54, 65, 39, 48, 66, 29, 19, 36][46, 7, 4, 25, 34, 57, 41, 12, 27, 67][37, 65, 39, 48, 3, 23, 50, 2, 0, 69][12, 4, 53, 40, 46, 7, 47, 6, 56, 28][20, 10, 28, 8, 56, 51, 35, 64, 58, 33][5, 32, 39, 18, 65, 54, 66, 3, 29, 69][20, 10, 28, 8, 56, 51, 35, 64, 58, 33] 
[46, 7, 4, 25, 34, 57, 41, 12, 27, 67][34, 45, 58, 57, 35, 51, 64, 52, 10, 55][12, 4, 53, 40, 46, 7, 47, 6, 56, 28][20, 10, 28, 8, 56, 51, 35, 64, 58, 33][8, 26, 62, 21, 63, 30, 24, 42, 49, 11][1, 16, 9, 31, 11, 15, 42, 30, 21, 63][13, 43, 61, 14, 60, 17, 59, 68, 9, 31][13, 22, 38, 69, 23, 0, 2, 14, 44, 17][65, 39, 32, 5, 37, 18, 54, 66, 29, 69][0, 23, 69, 18, 54, 19, 22, 36, 38, 3][37, 65, 39, 48, 3, 23, 50, 2, 0, 69][18, 32, 5, 54, 65, 39, 48, 66, 29, 19][34, 45, 58, 57, 35, 51, 64, 52, 10, 55][13, 43, 61, 14, 60, 17, 59, 68, 9, 31][5, 32, 39, 18, 65, 54, 66, 3, 29, 69] 
[35, 41, 12, 25, 4, 53, 46, 7, 40, 47][34, 45, 58, 57, 35, 51, 64, 52, 10, 55][20, 10, 28, 8, 56, 51, 35, 64, 58, 33][8, 26, 62, 21, 63, 30, 24, 42, 49, 11][1, 16, 9, 31, 11, 15, 42, 30, 21, 63][13, 43, 61, 14, 60, 17, 59, 68, 9, 31][13, 22, 38, 69, 23, 0, 2, 14, 44, 17][65, 39, 32, 5, 37, 18, 54, 66, 29, 69][37, 65, 39, 48, 3, 23, 50, 2, 0, 69][46, 7, 4, 25, 34, 57, 41, 12, 27, 67][32, 5, 54, 65, 39, 48, 66, 29, 19, 36][12, 4, 53, 40, 46, 7, 47, 6, 56, 28][5, 32, 39, 18, 65, 54, 66, 3, 29, 69][13, 43, 61, 14, 60, 17, 59, 68, 9, 31][8, 26, 62, 21, 63, 30, 24, 42, 49, 11] 
[35, 41, 12, 25, 4, 53, 46, 7, 40, 47][34, 45, 58, 57, 35, 51, 64, 52, 10, 55][20, 10, 28, 8, 56, 51, 35, 64, 58, 33][8, 26, 62, 21, 63, 30, 24, 42, 49, 11][1, 16, 9, 31, 11, 15, 42, 30, 21, 63][13, 43, 61, 14, 60, 17, 59, 68, 9, 31][13, 22, 38, 69, 23, 0, 2, 14, 44, 17][65, 39, 32, 5, 37, 18, 54, 66, 29, 69][37, 65, 39, 48, 3, 23, 50, 2, 0, 69][46, 7, 4, 25, 34, 57, 41, 12, 27, 67][32, 5, 54, 65, 39, 48, 66, 29, 19, 36][12, 4, 53, 40, 46, 7, 47, 6, 56, 28][5, 32, 39, 18, 65, 54, 66, 3, 29, 69][13, 43, 61, 14, 60, 17, 59, 68, 9, 31][8, 26, 62, 21, 63, 30, 24, 42, 49, 11] 
[13, 43, 61, 14, 60, 17, 59, 68, 9, 31][1, 16, 9, 31, 11, 15, 42, 30, 21, 63][13, 22, 38, 69, 23, 0, 2, 14, 44, 17][65, 39, 32, 5, 37, 18, 54, 66, 29, 69][8, 26, 62, 21, 63, 30, 24, 42, 49, 11][20, 10, 28, 8, 56, 51, 35, 64, 58, 33][35, 41, 12, 25, 4, 53, 46, 7, 40, 47][34, 45, 58, 57, 35, 51, 64, 52, 10, 55][32, 5, 54, 65, 39, 48, 66, 29, 19, 36][46, 7, 4, 25, 34, 57, 41, 12, 27, 67][37, 65, 39, 48, 3, 23, 50, 2, 0, 69][12, 4, 53, 40, 46, 7, 47, 6, 56, 28][20, 10, 28, 8, 56, 51, 35, 64, 58, 33][5, 32, 39, 18, 65, 54, 66, 3, 29, 69][20, 10, 28, 8, 56, 51, 35, 64, 58, 33] 
[13, 43, 61, 14, 60, 17, 59, 68, 9, 31][1, 16, 9, 31, 11, 15, 42, 30, 21, 63][13, 22, 38, 69, 23, 0, 2, 14, 44, 17][65, 39, 32, 5, 37, 18, 54, 66, 29, 69][8, 26, 62, 21, 63, 30, 24, 42, 49, 11][20, 10, 28, 8, 56, 51, 35, 64, 58, 33][35, 41, 12, 25, 4, 53, 46, 7, 40, 47][34, 45, 58, 57, 35, 51, 64, 52, 10, 55][32, 5, 54, 65, 39, 48, 66, 29, 19, 36][46, 7, 4, 25, 34, 57, 41, 12, 27, 67][37, 65, 39, 48, 3, 23, 50, 2, 0, 69][12, 4, 53, 40, 46, 7, 47, 6, 56, 28][20, 10, 28, 8, 56, 51, 35, 64, 58, 33][5, 32, 39, 18, 65, 54, 66, 3, 29, 69][20, 10, 28, 8, 56, 51, 35, 64, 58, 33] 
[13, 43, 61, 14, 60, 17, 59, 68, 9, 31][1, 16, 9, 31, 11, 15, 42, 30, 21, 63][13, 22, 38, 69, 23, 0, 2, 14, 44, 17][65, 39, 32, 5, 37, 18, 54, 66, 29, 69][8, 26, 62, 21, 63, 30, 24, 42, 49, 11][20, 10, 28, 8, 56, 51, 35, 64, 58, 33][12, 4, 53, 40, 46, 7, 47, 6, 56, 28][46, 7, 4, 25, 34, 57, 41, 12, 27, 67][34, 45, 58, 57, 35, 51, 64, 52, 10, 55][32, 5, 54, 65, 39, 48, 66, 29, 19, 36][37, 65, 39, 48, 3, 23, 50, 2, 0, 69][1, 16, 9, 31, 11, 15, 42, 30, 21, 63][0, 23, 69, 18, 54, 19, 22, 36, 38, 3][65, 39, 32, 5, 37, 18, 54, 66, 29, 69][5, 32, 39, 18, 65, 54, 66, 3, 29, 69] 
[0, 23, 69, 18, 54, 19, 22, 36, 38, 3, 48, 39, 65][13, 43, 61, 14, 60, 17, 59, 68, 9, 31][1, 16, 9, 31, 11, 15, 42, 30, 21, 63][13, 22, 38, 69, 23, 0, 2, 14, 44, 17][65, 39, 32, 5, 37, 18, 54, 66, 29, 69][8, 26, 62, 21, 63, 30, 24, 42, 49, 11][20, 10, 28, 8, 56, 51, 35, 64, 58, 33][12, 4, 53, 40, 46, 7, 47, 6, 56, 28][46, 7, 4, 25, 34, 57, 41, 12, 27, 67][34, 45, 58, 57, 35, 51, 64, 52, 10, 55][32, 5, 54, 65, 39, 48, 66, 29, 19, 36][37, 65, 39, 48, 3, 23, 50, 2, 0, 69][1, 16, 9, 31, 11, 15, 42, 30, 21, 63][65, 39, 32, 5, 37, 18, 54, 66, 29, 69][5, 32, 39, 18, 65, 54, 66, 3, 29, 69] 
[13, 43, 61, 14, 60, 17, 59, 68, 9, 31][1, 16, 9, 31, 11, 15, 42, 30, 21, 63][13, 22, 38, 69, 23, 0, 2, 14, 44, 17][65, 39, 32, 5, 37, 18, 54, 66, 29, 69][8, 26, 62, 21, 63, 30, 24, 42, 49, 11][20, 10, 28, 8, 56, 51, 35, 64, 58, 33][12, 4, 53, 40, 46, 7, 47, 6, 56, 28][46, 7, 4, 25, 34, 57, 41, 12, 27, 67][34, 45, 58, 57, 35, 51, 64, 52, 10, 55][32, 5, 54, 65, 39, 48, 66, 29, 19, 36][37, 65, 39, 48, 3, 23, 50, 2, 0, 69][1, 16, 9, 31, 11, 15, 42, 30, 21, 63][0, 23, 69, 18, 54, 19, 22, 36, 38, 3][65, 39, 32, 5, 37, 18, 54, 66, 29, 69][5, 32, 39, 18, 65, 54, 66, 3, 29, 69] 
[35, 41, 12, 25, 4, 53, 46, 7, 40, 47][34, 45, 58, 57, 35, 51, 64, 52, 10, 55][20, 10, 28, 8, 56, 51, 35, 64, 58, 33][8, 26, 62, 21, 63, 30, 24, 42, 49, 11][1, 16, 9, 31, 11, 15, 42, 30, 21, 63][13, 43, 61, 14, 60, 17, 59, 68, 9, 31][13, 22, 38, 69, 23, 0, 2, 14, 44, 17][65, 39, 32, 5, 37, 18, 54, 66, 29, 69][37, 65, 39, 48, 3, 23, 50, 2, 0, 69][46, 7, 4, 25, 34, 57, 41, 12, 27, 67][32, 5, 54, 65, 39, 48, 66, 29, 19, 36][12, 4, 53, 40, 46, 7, 47, 6, 56, 28][5, 32, 39, 18, 65, 54, 66, 3, 29, 69][13, 43, 61, 14, 60, 17, 59, 68, 9, 31][8, 26, 62, 21, 63, 30, 24, 42, 49, 11] 
[13, 43, 61, 14, 60, 17, 59, 68, 9, 31][1, 16, 9, 31, 11, 15, 42, 30, 21, 63][13, 22, 38, 69, 23, 0, 2, 14, 44, 17][65, 39, 32, 5, 37, 18, 54, 66, 29, 69][8, 26, 62, 21, 63, 30, 24, 42, 49, 11][20, 10, 28, 8, 56, 51, 35, 64, 58, 33][35, 41, 12, 25, 4, 53, 46, 7, 40, 47][34, 45, 58, 57, 35, 51, 64, 52, 10, 55][32, 5, 54, 65, 39, 48, 66, 29, 19, 36][46, 7, 4, 25, 34, 57, 41, 12, 27, 67][37, 65, 39, 48, 3, 23, 50, 2, 0, 69][12, 4, 53, 40, 46, 7, 47, 6, 56, 28][20, 10, 28, 8, 56, 51, 35, 64, 58, 33][5, 32, 39, 18, 65, 54, 66, 3, 29, 69][20, 10, 28, 8, 56, 51, 35, 64, 58, 33] 
[0, 23, 69, 18, 54, 19, 22, 36, 38, 3, 48, 39, 65][13, 43, 61, 14, 60, 17, 59, 68, 9, 31][1, 16, 9, 31, 11, 15, 42, 30, 21, 63][13, 22, 38, 69, 23, 0, 2, 14, 44, 17][65, 39, 32, 5, 37, 18, 54, 66, 29, 69][8, 26, 62, 21, 63, 30, 24, 42, 49, 11][20, 10, 28, 8, 56, 51, 35, 64, 58, 33][12, 4, 53, 40, 46, 7, 47, 6, 56, 28][46, 7, 4, 25, 34, 57, 41, 12, 27, 67][34, 45, 58, 57, 35, 51, 64, 52, 10, 55][32, 5, 54, 65, 39, 48, 66, 29, 19, 36][37, 65, 39, 48, 3, 23, 50, 2, 0, 69][1, 16, 9, 31, 11, 15, 42, 30, 21, 63][65, 39, 32, 5, 37, 18, 54, 66, 29, 69][5, 32, 39, 18, 65, 54, 66, 3, 29, 69] 
[35, 41, 12, 25, 4, 53, 46, 7, 40, 47][34, 45, 58, 57, 35, 51, 64, 52, 10, 55][20, 10, 28, 8, 56, 51, 35, 64, 58, 33][8, 26, 62, 21, 63, 30, 24, 42, 49, 11][1, 16, 9, 31, 11, 15, 42, 30, 21, 63][13, 43, 61, 14, 60, 17, 59, 68, 9, 31][13, 22, 38, 69, 23, 0, 2, 14, 44, 17][65, 39, 32, 5, 37, 18, 54, 66, 29, 69][37, 65, 39, 48, 3, 23, 50, 2, 0, 69][46, 7, 4, 25, 34, 57, 41, 12, 27, 67][32, 5, 54, 65, 39, 48, 66, 29, 19, 36][12, 4, 53, 40, 46, 7, 47, 6, 56, 28][5, 32, 39, 18, 65, 54, 66, 3, 29, 69][13, 43, 61, 14, 60, 17, 59, 68, 9, 31][8, 26, 62, 21, 63, 30, 24, 42, 49, 11] 
[35, 41, 12, 25, 4, 53, 46, 7, 40, 47][34, 45, 58, 57, 35, 51, 64, 52, 10, 55][20, 10, 28, 8, 56, 51, 35, 64, 58, 33][8, 26, 62, 21, 63, 30, 24, 42, 49, 11][1, 16, 9, 31, 11, 15, 42, 30, 21, 63][13, 43, 61, 14, 60, 17, 59, 68, 9, 31][13, 22, 38, 69, 23, 0, 2, 14, 44, 17][65, 39, 32, 5, 37, 18, 54, 66, 29, 69][37, 65, 39, 48, 3, 23, 50, 2, 0, 69][46, 7, 4, 25, 34, 57, 41, 12, 27, 67][32, 5, 54, 65, 39, 48, 66, 29, 19, 36][12, 4, 53, 40, 46, 7, 47, 6, 56, 28][5, 32, 39, 18, 65, 54, 66, 3, 29, 69][13, 43, 61, 14, 60, 17, 59, 68, 9, 31][8, 26, 62, 21, 63, 30, 24, 42, 49, 11] 
[13, 43, 61, 14, 60, 17, 59, 68, 9, 31][1, 16, 9, 31, 11, 15, 42, 30, 21, 63][13, 22, 38, 69, 23, 0, 2, 14, 44, 17][65, 39, 32, 5, 37, 18, 54, 66, 29, 69][8, 26, 62, 21, 63, 30, 24, 42, 49, 11][20, 10, 28, 8, 56, 51, 35, 64, 58, 33][35, 41, 12, 25, 4, 53, 46, 7, 40, 47][34, 45, 58, 57, 35, 51, 64, 52, 10, 55][32, 5, 54, 65, 39, 48, 66, 29, 19, 36][46, 7, 4, 25, 34, 57, 41, 12, 27, 67][37, 65, 39, 48, 3, 23, 50, 2, 0, 69][12, 4, 53, 40, 46, 7, 47, 6, 56, 28][20, 10, 28, 8, 56, 51, 35, 64, 58, 33][5, 32, 39, 18, 65, 54, 66, 3, 29, 69][20, 10, 28, 8, 56, 51, 35, 64, 58, 33] 
[13, 43, 61, 14, 60, 17, 59, 68, 9, 31][1, 16, 9, 31, 11, 15, 42, 30, 21, 63][13, 22, 38, 69, 23, 0, 2, 14, 44, 17][65, 39, 32, 5, 37, 18, 54, 66, 29, 69][8, 26, 62, 21, 63, 30, 24, 42, 49, 11][20, 10, 28, 8, 56, 51, 35, 64, 58, 33][12, 4, 53, 40, 46, 7, 47, 6, 56, 28][46, 7, 4, 25, 34, 57, 41, 12, 27, 67][34, 45, 58, 57, 35, 51, 64, 52, 10, 55][32, 5, 54, 65, 39, 48, 66, 29, 19, 36][37, 65, 39, 48, 3, 23, 50, 2, 0, 69][1, 16, 9, 31, 11, 15, 42, 30, 21, 63][0, 23, 69, 18, 54, 19, 22, 36, 38, 3][65, 39, 32, 5, 37, 18, 54, 66, 29, 69][5, 32, 39, 18, 65, 54, 66, 3, 29, 69] 
[35, 41, 12, 25, 4, 53, 46, 7, 40, 47][34, 45, 58, 57, 35, 51, 64, 52, 10, 55][20, 10, 28, 8, 56, 51, 35, 64, 58, 33][8, 26, 62, 21, 63, 30, 24, 42, 49, 11][1, 16, 9, 31, 11, 15, 42, 30, 21, 63][13, 43, 61, 14, 60, 17, 59, 68, 9, 31][13, 22, 38, 69, 23, 0, 2, 14, 44, 17][65, 39, 32, 5, 37, 18, 54, 66, 29, 69][37, 65, 39, 48, 3, 23, 50, 2, 0, 69][46, 7, 4, 25, 34, 57, 41, 12, 27, 67][32, 5, 54, 65, 39, 48, 66, 29, 19, 36][12, 4, 53, 40, 46, 7, 47, 6, 56, 28][5, 32, 39, 18, 65, 54, 66, 3, 29, 69][13, 43, 61, 14, 60, 17, 59, 68, 9, 31][8, 26, 62, 21, 63, 30, 24, 42, 49, 11] 
[5, 32, 39, 18, 65, 54, 66, 3, 29, 69, 48][46, 7, 4, 25, 34, 57, 41, 12, 27, 67][34, 45, 58, 57, 35, 51, 64, 52, 10, 55][12, 4, 53, 40, 46, 7, 47, 6, 56, 28][20, 10, 28, 8, 56, 51, 35, 64, 58, 33][8, 26, 62, 21, 63, 30, 24, 42, 49, 11][1, 16, 9, 31, 11, 15, 42, 30, 21, 63][13, 43, 61, 14, 60, 17, 59, 68, 9, 31][13, 22, 38, 69, 23, 0, 2, 14, 44, 17][65, 39, 32, 5, 37, 18, 54, 66, 29, 69][32, 5, 54, 65, 39, 48, 66, 29, 19, 36][37, 65, 39, 48, 3, 23, 50, 2, 0, 69][35, 41, 12, 25, 4, 53, 46, 7, 40, 47][1, 16, 9, 31, 11, 15, 42, 30, 21, 63][8, 26, 62, 21, 63, 30, 24, 42, 49, 11] 
[24, 62, 49, 26, 1, 16, 9, 31, 11, 15, 42, 30, 21, 63, 6, 56][20, 10, 28, 8, 56, 51, 35, 64, 58, 33][35, 41, 12, 25, 4, 53, 46, 7, 40, 47][13, 43, 61, 14, 60, 17, 59, 68, 9, 31][13, 22, 38, 69, 23, 0, 2, 14, 44, 17][65, 39, 32, 5, 37, 18, 54, 66, 29, 69][34, 45, 58, 57, 35, 51, 64, 52, 10, 55][0, 23, 69, 18, 54, 19, 22, 36, 38, 3][37, 65, 39, 48, 3, 23, 50, 2, 0, 69][46, 7, 4, 25, 34, 57, 41, 12, 27, 67][1, 16, 9, 31, 11, 15, 42, 30, 21, 63][1, 16, 9, 31, 11, 15, 42, 30, 21, 63][1, 16, 9, 31, 11, 15, 42, 30, 21, 63][1, 16, 9, 31, 11, 15, 42, 30, 21, 63][1, 16, 9, 31, 11, 15, 42, 30, 21, 63] 
[24, 62, 49, 26, 1, 16, 9, 31, 11, 15, 42, 30, 21, 63, 6, 56][1, 16, 9, 31, 11, 15, 42, 30, 21, 63][13, 43, 61, 14, 60, 17, 59, 68, 9, 31][13, 22, 38, 69, 23, 0, 2, 14, 44, 17][65, 39, 32, 5, 37, 18, 54, 66, 29, 69][35, 41, 12, 25, 4, 53, 46, 7, 40, 47][34, 45, 58, 57, 35, 51, 64, 52, 10, 55][37, 65, 39, 48, 3, 23, 50, 2, 0, 69][20, 10, 28, 8, 56, 51, 35, 64, 58, 33][0, 23, 69, 18, 54, 19, 22, 36, 38, 3][46, 7, 4, 25, 34, 57, 41, 12, 27, 67][1, 16, 9, 31, 11, 15, 42, 30, 21, 63][1, 16, 9, 31, 11, 15, 42, 30, 21, 63][1, 16, 9, 31, 11, 15, 42, 30, 21, 63][1, 16, 9, 31, 11, 15, 42, 30, 21, 63] 
[24, 62, 49, 26, 1, 16, 9, 31, 11, 15, 42, 30, 21, 63, 6, 56][20, 10, 28, 8, 56, 51, 35, 64, 58, 33][35, 41, 12, 25, 4, 53, 46, 7, 40, 47][13, 43, 61, 14, 60, 17, 59, 68, 9, 31][13, 22, 38, 69, 23, 0, 2, 14, 44, 17][65, 39, 32, 5, 37, 18, 54, 66, 29, 69][34, 45, 58, 57, 35, 51, 64, 52, 10, 55][0, 23, 69, 18, 54, 19, 22, 36, 38, 3][37, 65, 39, 48, 3, 23, 50, 2, 0, 69][46, 7, 4, 25, 34, 57, 41, 12, 27, 67][1, 16, 9, 31, 11, 15, 42, 30, 21, 63][1, 16, 9, 31, 11, 15, 42, 30, 21, 63][1, 16, 9, 31, 11, 15, 42, 30, 21, 63][1, 16, 9, 31, 11, 15, 42, 30, 21, 63][1, 16, 9, 31, 11, 15, 42, 30, 21, 63] 
[24, 62, 49, 26, 1, 16, 9, 31, 11, 15, 42, 30, 21, 63, 6, 56][1, 16, 9, 31, 11, 15, 42, 30, 21, 63][13, 43, 61, 14, 60, 17, 59, 68, 9, 31][13, 22, 38, 69, 23, 0, 2, 14, 44, 17][65, 39, 32, 5, 37, 18, 54, 66, 29, 69][35, 41, 12, 25, 4, 53, 46, 7, 40, 47][34, 45, 58, 57, 35, 51, 64, 52, 10, 55][37, 65, 39, 48, 3, 23, 50, 2, 0, 69][20, 10, 28, 8, 56, 51, 35, 64, 58, 33][0, 23, 69, 18, 54, 19, 22, 36, 38, 3][46, 7, 4, 25, 34, 57, 41, 12, 27, 67][1, 16, 9, 31, 11, 15, 42, 30, 21, 63][1, 16, 9, 31, 11, 15, 42, 30, 21, 63][1, 16, 9, 31, 11, 15, 42, 30, 21, 63][1, 16, 9, 31, 11, 15, 42, 30, 21, 63] 
[24, 62, 49, 26, 1, 16, 9, 31, 11, 15, 42, 30, 21, 63, 6, 56][1, 16, 9, 31, 11, 15, 42, 30, 21, 63][13, 43, 61, 14, 60, 17, 59, 68, 9, 31][13, 22, 38, 69, 23, 0, 2, 14, 44, 17][65, 39, 32, 5, 37, 18, 54, 66, 29, 69][35, 41, 12, 25, 4, 53, 46, 7, 40, 47][34, 45, 58, 57, 35, 51, 64, 52, 10, 55][37, 65, 39, 48, 3, 23, 50, 2, 0, 69][20, 10, 28, 8, 56, 51, 35, 64, 58, 33][0, 23, 69, 18, 54, 19, 22, 36, 38, 3][46, 7, 4, 25, 34, 57, 41, 12, 27, 67][1, 16, 9, 31, 11, 15, 42, 30, 21, 63][1, 16, 9, 31, 11, 15, 42, 30, 21, 63][1, 16, 9, 31, 11, 15, 42, 30, 21, 63][1, 16, 9, 31, 11, 15, 42, 30, 21, 63] 
[24, 62, 49, 26, 1, 16, 9, 31, 11, 15, 42, 30, 21, 63, 6, 56][1, 16, 9, 31, 11, 15, 42, 30, 21, 63][13, 43, 61, 14, 60, 17, 59, 68, 9, 31][13, 22, 38, 69, 23, 0, 2, 14, 44, 17][5, 32, 39, 18, 65, 54, 66, 3, 29, 69][20, 10, 28, 8, 56, 51, 35, 64, 58, 33][35, 41, 12, 25, 4, 53, 46, 7, 40, 47][34, 45, 58, 57, 35, 51, 64, 52, 10, 55][37, 65, 39, 48, 3, 23, 50, 2, 0, 69][46, 7, 4, 25, 34, 57, 41, 12, 27, 67][0, 23, 69, 18, 54, 19, 22, 36, 38, 3][5, 32, 39, 18, 65, 54, 66, 3, 29, 69][1, 16, 9, 31, 11, 15, 42, 30, 21, 63][65, 39, 32, 5, 37, 18, 54, 66, 29, 69][1, 16, 9, 31, 11, 15, 42, 30, 21, 63] 
[24, 62, 49, 26, 1, 16, 9, 31, 11, 15, 42, 30, 21, 63, 6, 56][20, 10, 28, 8, 56, 51, 35, 64, 58, 33][35, 41, 12, 25, 4, 53, 46, 7, 40, 47][13, 43, 61, 14, 60, 17, 59, 68, 9, 31][13, 22, 38, 69, 23, 0, 2, 14, 44, 17][65, 39, 32, 5, 37, 18, 54, 66, 29, 69][34, 45, 58, 57, 35, 51, 64, 52, 10, 55][0, 23, 69, 18, 54, 19, 22, 36, 38, 3][37, 65, 39, 48, 3, 23, 50, 2, 0, 69][46, 7, 4, 25, 34, 57, 41, 12, 27, 67][1, 16, 9, 31, 11, 15, 42, 30, 21, 63][1, 16, 9, 31, 11, 15, 42, 30, 21, 63][1, 16, 9, 31, 11, 15, 42, 30, 21, 63][1, 16, 9, 31, 11, 15, 42, 30, 21, 63][1, 16, 9, 31, 11, 15, 42, 30, 21, 63] 
[24, 62, 49, 26, 1, 16, 9, 31, 11, 15, 42, 30, 21, 63, 6, 56][20, 10, 28, 8, 56, 51, 35, 64, 58, 33][35, 41, 12, 25, 4, 53, 46, 7, 40, 47][13, 43, 61, 14, 60, 17, 59, 68, 9, 31][13, 22, 38, 69, 23, 0, 2, 14, 44, 17][65, 39, 32, 5, 37, 18, 54, 66, 29, 69][34, 45, 58, 57, 35, 51, 64, 52, 10, 55][0, 23, 69, 18, 54, 19, 22, 36, 38, 3][37, 65, 39, 48, 3, 23, 50, 2, 0, 69][46, 7, 4, 25, 34, 57, 41, 12, 27, 67][1, 16, 9, 31, 11, 15, 42, 30, 21, 63][1, 16, 9, 31, 11, 15, 42, 30, 21, 63][1, 16, 9, 31, 11, 15, 42, 30, 21, 63][1, 16, 9, 31, 11, 15, 42, 30, 21, 63][1, 16, 9, 31, 11, 15, 42, 30, 21, 63] 
[24, 62, 49, 26, 1, 16, 9, 31, 11, 15, 42, 30, 21, 63, 6, 56][20, 10, 28, 8, 56, 51, 35, 64, 58, 33][35, 41, 12, 25, 4, 53, 46, 7, 40, 47][13, 43, 61, 14, 60, 17, 59, 68, 9, 31][13, 22, 38, 69, 23, 0, 2, 14, 44, 17][65, 39, 32, 5, 37, 18, 54, 66, 29, 69][34, 45, 58, 57, 35, 51, 64, 52, 10, 55][0, 23, 69, 18, 54, 19, 22, 36, 38, 3][37, 65, 39, 48, 3, 23, 50, 2, 0, 69][46, 7, 4, 25, 34, 57, 41, 12, 27, 67][1, 16, 9, 31, 11, 15, 42, 30, 21, 63][1, 16, 9, 31, 11, 15, 42, 30, 21, 63][1, 16, 9, 31, 11, 15, 42, 30, 21, 63][1, 16, 9, 31, 11, 15, 42, 30, 21, 63][1, 16, 9, 31, 11, 15, 42, 30, 21, 63] 
[24, 62, 49, 26, 1, 16, 9, 31, 11, 15, 42, 30, 21, 63, 6, 56][20, 10, 28, 8, 56, 51, 35, 64, 58, 33][35, 41, 12, 25, 4, 53, 46, 7, 40, 47][13, 43, 61, 14, 60, 17, 59, 68, 9, 31][13, 22, 38, 69, 23, 0, 2, 14, 44, 17][65, 39, 32, 5, 37, 18, 54, 66, 29, 69][34, 45, 58, 57, 35, 51, 64, 52, 10, 55][0, 23, 69, 18, 54, 19, 22, 36, 38, 3][37, 65, 39, 48, 3, 23, 50, 2, 0, 69][46, 7, 4, 25, 34, 57, 41, 12, 27, 67][1, 16, 9, 31, 11, 15, 42, 30, 21, 63][1, 16, 9, 31, 11, 15, 42, 30, 21, 63][1, 16, 9, 31, 11, 15, 42, 30, 21, 63][1, 16, 9, 31, 11, 15, 42, 30, 21, 63][1, 16, 9, 31, 11, 15, 42, 30, 21, 63] 
[24, 62, 49, 26, 1, 16, 9, 31, 11, 15, 42, 30, 21, 63, 6, 56][20, 10, 28, 8, 56, 51, 35, 64, 58, 33][35, 41, 12, 25, 4, 53, 46, 7, 40, 47][13, 43, 61, 14, 60, 17, 59, 68, 9, 31][13, 22, 38, 69, 23, 0, 2, 14, 44, 17][65, 39, 32, 5, 37, 18, 54, 66, 29, 69][34, 45, 58, 57, 35, 51, 64, 52, 10, 55][0, 23, 69, 18, 54, 19, 22, 36, 38, 3][37, 65, 39, 48, 3, 23, 50, 2, 0, 69][46, 7, 4, 25, 34, 57, 41, 12, 27, 67][1, 16, 9, 31, 11, 15, 42, 30, 21, 63][1, 16, 9, 31, 11, 15, 42, 30, 21, 63][1, 16, 9, 31, 11, 15, 42, 30, 21, 63][1, 16, 9, 31, 11, 15, 42, 30, 21, 63][1, 16, 9, 31, 11, 15, 42, 30, 21, 63] 
[24, 62, 49, 26, 1, 16, 9, 31, 11, 15, 42, 30, 21, 63, 6, 56][20, 10, 28, 8, 56, 51, 35, 64, 58, 33][35, 41, 12, 25, 4, 53, 46, 7, 40, 47][13, 43, 61, 14, 60, 17, 59, 68, 9, 31][13, 22, 38, 69, 23, 0, 2, 14, 44, 17][65, 39, 32, 5, 37, 18, 54, 66, 29, 69][34, 45, 58, 57, 35, 51, 64, 52, 10, 55][0, 23, 69, 18, 54, 19, 22, 36, 38, 3][37, 65, 39, 48, 3, 23, 50, 2, 0, 69][46, 7, 4, 25, 34, 57, 41, 12, 27, 67][1, 16, 9, 31, 11, 15, 42, 30, 21, 63][1, 16, 9, 31, 11, 15, 42, 30, 21, 63][1, 16, 9, 31, 11, 15, 42, 30, 21, 63][1, 16, 9, 31, 11, 15, 42, 30, 21, 63][1, 16, 9, 31, 11, 15, 42, 30, 21, 63] 
[24, 62, 49, 26, 1, 16, 9, 31, 11, 15, 42, 30, 21, 63, 6, 56][20, 10, 28, 8, 56, 51, 35, 64, 58, 33][35, 41, 12, 25, 4, 53, 46, 7, 40, 47][13, 43, 61, 14, 60, 17, 59, 68, 9, 31][13, 22, 38, 69, 23, 0, 2, 14, 44, 17][65, 39, 32, 5, 37, 18, 54, 66, 29, 69][34, 45, 58, 57, 35, 51, 64, 52, 10, 55][0, 23, 69, 18, 54, 19, 22, 36, 38, 3][37, 65, 39, 48, 3, 23, 50, 2, 0, 69][46, 7, 4, 25, 34, 57, 41, 12, 27, 67][1, 16, 9, 31, 11, 15, 42, 30, 21, 63][1, 16, 9, 31, 11, 15, 42, 30, 21, 63][1, 16, 9, 31, 11, 15, 42, 30, 21, 63][1, 16, 9, 31, 11, 15, 42, 30, 21, 63][1, 16, 9, 31, 11, 15, 42, 30, 21, 63] 
[24, 62, 49, 26, 1, 16, 9, 31, 11, 15, 42, 30, 21, 63, 6, 56][20, 10, 28, 8, 56, 51, 35, 64, 58, 33][35, 41, 12, 25, 4, 53, 46, 7, 40, 47][13, 43, 61, 14, 60, 17, 59, 68, 9, 31][13, 22, 38, 69, 23, 0, 2, 14, 44, 17][65, 39, 32, 5, 37, 18, 54, 66, 29, 69][34, 45, 58, 57, 35, 51, 64, 52, 10, 55][0, 23, 69, 18, 54, 19, 22, 36, 38, 3][37, 65, 39, 48, 3, 23, 50, 2, 0, 69][46, 7, 4, 25, 34, 57, 41, 12, 27, 67][1, 16, 9, 31, 11, 15, 42, 30, 21, 63][1, 16, 9, 31, 11, 15, 42, 30, 21, 63][1, 16, 9, 31, 11, 15, 42, 30, 21, 63][1, 16, 9, 31, 11, 15, 42, 30, 21, 63][1, 16, 9, 31, 11, 15, 42, 30, 21, 63] 
[24, 62, 49, 26, 1, 16, 9, 31, 11, 15, 42, 30, 21, 63, 6, 56][20, 10, 28, 8, 56, 51, 35, 64, 58, 33][35, 41, 12, 25, 4, 53, 46, 7, 40, 47][13, 43, 61, 14, 60, 17, 59, 68, 9, 31][13, 22, 38, 69, 23, 0, 2, 14, 44, 17][65, 39, 32, 5, 37, 18, 54, 66, 29, 69][34, 45, 58, 57, 35, 51, 64, 52, 10, 55][0, 23, 69, 18, 54, 19, 22, 36, 38, 3][37, 65, 39, 48, 3, 23, 50, 2, 0, 69][46, 7, 4, 25, 34, 57, 41, 12, 27, 67][1, 16, 9, 31, 11, 15, 42, 30, 21, 63][1, 16, 9, 31, 11, 15, 42, 30, 21, 63][1, 16, 9, 31, 11, 15, 42, 30, 21, 63][1, 16, 9, 31, 11, 15, 42, 30, 21, 63][1, 16, 9, 31, 11, 15, 42, 30, 21, 63] 
[43, 20, 17, 10, 28, 56, 51, 57, 34, 35, 41, 12, 25, 4, 53, 46, 7, 40, 47][24, 62, 49, 26, 1, 16, 9, 31, 11, 15, 42, 30, 21, 63, 6, 56][1, 16, 9, 31, 11, 15, 42, 30, 21, 63][13, 43, 61, 14, 60, 17, 59, 68, 9, 31][13, 22, 38, 69, 23, 0, 2, 14, 44, 17][65, 39, 32, 5, 37, 18, 54, 66, 29, 69][35, 41, 12, 25, 4, 53, 46, 7, 40, 47][20, 10, 28, 8, 56, 51, 35, 64, 58, 33][37, 65, 39, 48, 3, 23, 50, 2, 0, 69][46, 7, 4, 25, 34, 57, 41, 12, 27, 67][0, 23, 69, 18, 54, 19, 22, 36, 38, 3][34, 45, 58, 57, 35, 51, 64, 52, 10, 55][1, 16, 9, 31, 11, 15, 42, 30, 21, 63][1, 16, 9, 31, 11, 15, 42, 30, 21, 63][1, 16, 9, 31, 11, 15, 42, 30, 21, 63] 
[24, 62, 49, 26, 1, 16, 9, 31, 11, 15, 42, 30, 21, 63, 6, 56][20, 10, 28, 8, 56, 51, 35, 64, 58, 33][35, 41, 12, 25, 4, 53, 46, 7, 40, 47][13, 43, 61, 14, 60, 17, 59, 68, 9, 31][13, 22, 38, 69, 23, 0, 2, 14, 44, 17][65, 39, 32, 5, 37, 18, 54, 66, 29, 69][34, 45, 58, 57, 35, 51, 64, 52, 10, 55][0, 23, 69, 18, 54, 19, 22, 36, 38, 3][37, 65, 39, 48, 3, 23, 50, 2, 0, 69][46, 7, 4, 25, 34, 57, 41, 12, 27, 67][1, 16, 9, 31, 11, 15, 42, 30, 21, 63][1, 16, 9, 31, 11, 15, 42, 30, 21, 63][1, 16, 9, 31, 11, 15, 42, 30, 21, 63][1, 16, 9, 31, 11, 15, 42, 30, 21, 63][1, 16, 9, 31, 11, 15, 42, 30, 21, 63] 
[24, 62, 49, 26, 1, 16, 9, 31, 11, 15, 42, 30, 21, 63, 6, 56][20, 10, 28, 8, 56, 51, 35, 64, 58, 33][35, 41, 12, 25, 4, 53, 46, 7, 40, 47][13, 43, 61, 14, 60, 17, 59, 68, 9, 31][13, 22, 38, 69, 23, 0, 2, 14, 44, 17][65, 39, 32, 5, 37, 18, 54, 66, 29, 69][34, 45, 58, 57, 35, 51, 64, 52, 10, 55][0, 23, 69, 18, 54, 19, 22, 36, 38, 3][37, 65, 39, 48, 3, 23, 50, 2, 0, 69][46, 7, 4, 25, 34, 57, 41, 12, 27, 67][1, 16, 9, 31, 11, 15, 42, 30, 21, 63][1, 16, 9, 31, 11, 15, 42, 30, 21, 63][1, 16, 9, 31, 11, 15, 42, 30, 21, 63][1, 16, 9, 31, 11, 15, 42, 30, 21, 63][1, 16, 9, 31, 11, 15, 42, 30, 21, 63] 
[24, 62, 49, 26, 1, 16, 9, 31, 11, 15, 42, 30, 21, 63, 6, 56][20, 10, 28, 8, 56, 51, 35, 64, 58, 33][35, 41, 12, 25, 4, 53, 46, 7, 40, 47][13, 43, 61, 14, 60, 17, 59, 68, 9, 31][13, 22, 38, 69, 23, 0, 2, 14, 44, 17][65, 39, 32, 5, 37, 18, 54, 66, 29, 69][34, 45, 58, 57, 35, 51, 64, 52, 10, 55][0, 23, 69, 18, 54, 19, 22, 36, 38, 3][37, 65, 39, 48, 3, 23, 50, 2, 0, 69][46, 7, 4, 25, 34, 57, 41, 12, 27, 67][1, 16, 9, 31, 11, 15, 42, 30, 21, 63][1, 16, 9, 31, 11, 15, 42, 30, 21, 63][1, 16, 9, 31, 11, 15, 42, 30, 21, 63][1, 16, 9, 31, 11, 15, 42, 30, 21, 63][1, 16, 9, 31, 11, 15, 42, 30, 21, 63] 
[24, 62, 49, 26, 1, 16, 9, 31, 11, 15, 42, 30, 21, 63, 6, 56, 28, 8, 55, 52, 64, 51, 57, 25][13, 43, 61, 14, 60, 17, 59, 68, 9, 31][1, 16, 9, 31, 11, 15, 42, 30, 21, 63][13, 22, 38, 69, 23, 0, 2, 14, 44, 17][65, 39, 32, 5, 37, 18, 54, 66, 29, 69][20, 10, 28, 8, 56, 51, 35, 64, 58, 33][35, 41, 12, 25, 4, 53, 46, 7, 40, 47][34, 45, 58, 57, 35, 51, 64, 52, 10, 55][0, 23, 69, 18, 54, 19, 22, 36, 38, 3][46, 7, 4, 25, 34, 57, 41, 12, 27, 67][37, 65, 39, 48, 3, 23, 50, 2, 0, 69][65, 39, 32, 5, 37, 18, 54, 66, 29, 69][1, 16, 9, 31, 11, 15, 42, 30, 21, 63][1, 16, 9, 31, 11, 15, 42, 30, 21, 63][1, 16, 9, 31, 11, 15, 42, 30, 21, 63] 
[24, 62, 49, 26, 1, 16, 9, 31, 11, 15, 42, 30, 21, 63, 6, 56][20, 10, 28, 8, 56, 51, 35, 64, 58, 33][35, 41, 12, 25, 4, 53, 46, 7, 40, 47][13, 43, 61, 14, 60, 17, 59, 68, 9, 31][13, 22, 38, 69, 23, 0, 2, 14, 44, 17][65, 39, 32, 5, 37, 18, 54, 66, 29, 69][34, 45, 58, 57, 35, 51, 64, 52, 10, 55][0, 23, 69, 18, 54, 19, 22, 36, 38, 3][37, 65, 39, 48, 3, 23, 50, 2, 0, 69][46, 7, 4, 25, 34, 57, 41, 12, 27, 67][1, 16, 9, 31, 11, 15, 42, 30, 21, 63][1, 16, 9, 31, 11, 15, 42, 30, 21, 63][1, 16, 9, 31, 11, 15, 42, 30, 21, 63][1, 16, 9, 31, 11, 15, 42, 30, 21, 63][1, 16, 9, 31, 11, 15, 42, 30, 21, 63] 
[5, 32, 39, 18, 65, 54, 66, 3, 29, 69, 48][46, 7, 4, 25, 34, 57, 41, 12, 27, 67][34, 45, 58, 57, 35, 51, 64, 52, 10, 55][12, 4, 53, 40, 46, 7, 47, 6, 56, 28][20, 10, 28, 8, 56, 51, 35, 64, 58, 33][8, 26, 62, 21, 63, 30, 24, 42, 49, 11][1, 16, 9, 31, 11, 15, 42, 30, 21, 63][13, 43, 61, 14, 60, 17, 59, 68, 9, 31][13, 22, 38, 69, 23, 0, 2, 14, 44, 17][65, 39, 32, 5, 37, 18, 54, 66, 29, 69][32, 5, 54, 65, 39, 48, 66, 29, 19, 36][37, 65, 39, 48, 3, 23, 50, 2, 0, 69][35, 41, 12, 25, 4, 53, 46, 7, 40, 47][1, 16, 9, 31, 11, 15, 42, 30, 21, 63][8, 26, 62, 21, 63, 30, 24, 42, 49, 11] 
[35, 41, 12, 25, 4, 53, 46, 7, 40, 47][34, 45, 58, 57, 35, 51, 64, 52, 10, 55][20, 10, 28, 8, 56, 51, 35, 64, 58, 33][8, 26, 62, 21, 63, 30, 24, 42, 49, 11][1, 16, 9, 31, 11, 15, 42, 30, 21, 63][13, 43, 61, 14, 60, 17, 59, 68, 9, 31][13, 22, 38, 69, 23, 0, 2, 14, 44, 17][65, 39, 32, 5, 37, 18, 54, 66, 29, 69][37, 65, 39, 48, 3, 23, 50, 2, 0, 69][46, 7, 4, 25, 34, 57, 41, 12, 27, 67][32, 5, 54, 65, 39, 48, 66, 29, 19, 36][12, 4, 53, 40, 46, 7, 47, 6, 56, 28][5, 32, 39, 18, 65, 54, 66, 3, 29, 69][13, 43, 61, 14, 60, 17, 59, 68, 9, 31][8, 26, 62, 21, 63, 30, 24, 42, 49, 11] 
[35, 41, 12, 25, 4, 53, 46, 7, 40, 47][34, 45, 58, 57, 35, 51, 64, 52, 10, 55][20, 10, 28, 8, 56, 51, 35, 64, 58, 33][8, 26, 62, 21, 63, 30, 24, 42, 49, 11][1, 16, 9, 31, 11, 15, 42, 30, 21, 63][13, 43, 61, 14, 60, 17, 59, 68, 9, 31][13, 22, 38, 69, 23, 0, 2, 14, 44, 17][65, 39, 32, 5, 37, 18, 54, 66, 29, 69][37, 65, 39, 48, 3, 23, 50, 2, 0, 69][46, 7, 4, 25, 34, 57, 41, 12, 27, 67][32, 5, 54, 65, 39, 48, 66, 29, 19, 36][12, 4, 53, 40, 46, 7, 47, 6, 56, 28][5, 32, 39, 18, 65, 54, 66, 3, 29, 69][13, 43, 61, 14, 60, 17, 59, 68, 9, 31][8, 26, 62, 21, 63, 30, 24, 42, 49, 11] 
[35, 41, 12, 25, 4, 53, 46, 7, 40, 47][34, 45, 58, 57, 35, 51, 64, 52, 10, 55][20, 10, 28, 8, 56, 51, 35, 64, 58, 33][8, 26, 62, 21, 63, 30, 24, 42, 49, 11][1, 16, 9, 31, 11, 15, 42, 30, 21, 63][13, 43, 61, 14, 60, 17, 59, 68, 9, 31][13, 22, 38, 69, 23, 0, 2, 14, 44, 17][65, 39, 32, 5, 37, 18, 54, 66, 29, 69][37, 65, 39, 48, 3, 23, 50, 2, 0, 69][46, 7, 4, 25, 34, 57, 41, 12, 27, 67][32, 5, 54, 65, 39, 48, 66, 29, 19, 36][12, 4, 53, 40, 46, 7, 47, 6, 56, 28][5, 32, 39, 18, 65, 54, 66, 3, 29, 69][13, 43, 61, 14, 60, 17, 59, 68, 9, 31][8, 26, 62, 21, 63, 30, 24, 42, 49, 11] 
[35, 41, 12, 25, 4, 53, 46, 7, 40, 47][34, 45, 58, 57, 35, 51, 64, 52, 10, 55][20, 10, 28, 8, 56, 51, 35, 64, 58, 33][8, 26, 62, 21, 63, 30, 24, 42, 49, 11][1, 16, 9, 31, 11, 15, 42, 30, 21, 63][13, 43, 61, 14, 60, 17, 59, 68, 9, 31][13, 22, 38, 69, 23, 0, 2, 14, 44, 17][65, 39, 32, 5, 37, 18, 54, 66, 29, 69][37, 65, 39, 48, 3, 23, 50, 2, 0, 69][46, 7, 4, 25, 34, 57, 41, 12, 27, 67][32, 5, 54, 65, 39, 48, 66, 29, 19, 36][12, 4, 53, 40, 46, 7, 47, 6, 56, 28][5, 32, 39, 18, 65, 54, 66, 3, 29, 69][13, 43, 61, 14, 60, 17, 59, 68, 9, 31][8, 26, 62, 21, 63, 30, 24, 42, 49, 11] 
[35, 41, 12, 25, 4, 53, 46, 7, 40, 47][34, 45, 58, 57, 35, 51, 64, 52, 10, 55][20, 10, 28, 8, 56, 51, 35, 64, 58, 33][8, 26, 62, 21, 63, 30, 24, 42, 49, 11][1, 16, 9, 31, 11, 15, 42, 30, 21, 63][13, 43, 61, 14, 60, 17, 59, 68, 9, 31][13, 22, 38, 69, 23, 0, 2, 14, 44, 17][65, 39, 32, 5, 37, 18, 54, 66, 29, 69][37, 65, 39, 48, 3, 23, 50, 2, 0, 69][46, 7, 4, 25, 34, 57, 41, 12, 27, 67][32, 5, 54, 65, 39, 48, 66, 29, 19, 36][12, 4, 53, 40, 46, 7, 47, 6, 56, 28][5, 32, 39, 18, 65, 54, 66, 3, 29, 69][13, 43, 61, 14, 60, 17, 59, 68, 9, 31][8, 26, 62, 21, 63, 30, 24, 42, 49, 11] 
[35, 41, 12, 25, 4, 53, 46, 7, 40, 47][34, 45, 58, 57, 35, 51, 64, 52, 10, 55][20, 10, 28, 8, 56, 51, 35, 64, 58, 33][8, 26, 62, 21, 63, 30, 24, 42, 49, 11][1, 16, 9, 31, 11, 15, 42, 30, 21, 63][13, 43, 61, 14, 60, 17, 59, 68, 9, 31][13, 22, 38, 69, 23, 0, 2, 14, 44, 17][65, 39, 32, 5, 37, 18, 54, 66, 29, 69][37, 65, 39, 48, 3, 23, 50, 2, 0, 69][46, 7, 4, 25, 34, 57, 41, 12, 27, 67][32, 5, 54, 65, 39, 48, 66, 29, 19, 36][12, 4, 53, 40, 46, 7, 47, 6, 56, 28][5, 32, 39, 18, 65, 54, 66, 3, 29, 69][13, 43, 61, 14, 60, 17, 59, 68, 9, 31][8, 26, 62, 21, 63, 30, 24, 42, 49, 11] 
[35, 41, 12, 25, 4, 53, 46, 7, 40, 47][34, 45, 58, 57, 35, 51, 64, 52, 10, 55][20, 10, 28, 8, 56, 51, 35, 64, 58, 33][8, 26, 62, 21, 63, 30, 24, 42, 49, 11][1, 16, 9, 31, 11, 15, 42, 30, 21, 63][13, 43, 61, 14, 60, 17, 59, 68, 9, 31][13, 22, 38, 69, 23, 0, 2, 14, 44, 17][65, 39, 32, 5, 37, 18, 54, 66, 29, 69][37, 65, 39, 48, 3, 23, 50, 2, 0, 69][46, 7, 4, 25, 34, 57, 41, 12, 27, 67][32, 5, 54, 65, 39, 48, 66, 29, 19, 36][12, 4, 53, 40, 46, 7, 47, 6, 56, 28][5, 32, 39, 18, 65, 54, 66, 3, 29, 69][13, 43, 61, 14, 60, 17, 59, 68, 9, 31][8, 26, 62, 21, 63, 30, 24, 42, 49, 11] 
[35, 41, 12, 25, 4, 53, 46, 7, 40, 47][34, 45, 58, 57, 35, 51, 64, 52, 10, 55][20, 10, 28, 8, 56, 51, 35, 64, 58, 33][8, 26, 62, 21, 63, 30, 24, 42, 49, 11][1, 16, 9, 31, 11, 15, 42, 30, 21, 63][13, 43, 61, 14, 60, 17, 59, 68, 9, 31][13, 22, 38, 69, 23, 0, 2, 14, 44, 17][65, 39, 32, 5, 37, 18, 54, 66, 29, 69][37, 65, 39, 48, 3, 23, 50, 2, 0, 69][46, 7, 4, 25, 34, 57, 41, 12, 27, 67][32, 5, 54, 65, 39, 48, 66, 29, 19, 36][12, 4, 53, 40, 46, 7, 47, 6, 56, 28][5, 32, 39, 18, 65, 54, 66, 3, 29, 69][13, 43, 61, 14, 60, 17, 59, 68, 9, 31][8, 26, 62, 21, 63, 30, 24, 42, 49, 11] 
[35, 41, 12, 25, 4, 53, 46, 7, 40, 47][34, 45, 58, 57, 35, 51, 64, 52, 10, 55][20, 10, 28, 8, 56, 51, 35, 64, 58, 33][8, 26, 62, 21, 63, 30, 24, 42, 49, 11][1, 16, 9, 31, 11, 15, 42, 30, 21, 63][13, 43, 61, 14, 60, 17, 59, 68, 9, 31][13, 22, 38, 69, 23, 0, 2, 14, 44, 17][65, 39, 32, 5, 37, 18, 54, 66, 29, 69][37, 65, 39, 48, 3, 23, 50, 2, 0, 69][46, 7, 4, 25, 34, 57, 41, 12, 27, 67][32, 5, 54, 65, 39, 48, 66, 29, 19, 36][12, 4, 53, 40, 46, 7, 47, 6, 56, 28][5, 32, 39, 18, 65, 54, 66, 3, 29, 69][13, 43, 61, 14, 60, 17, 59, 68, 9, 31][8, 26, 62, 21, 63, 30, 24, 42, 49, 11] 
[35, 41, 12, 25, 4, 53, 46, 7, 40, 47][34, 45, 58, 57, 35, 51, 64, 52, 10, 55][20, 10, 28, 8, 56, 51, 35, 64, 58, 33][8, 26, 62, 21, 63, 30, 24, 42, 49, 11][1, 16, 9, 31, 11, 15, 42, 30, 21, 63][13, 43, 61, 14, 60, 17, 59, 68, 9, 31][13, 22, 38, 69, 23, 0, 2, 14, 44, 17][65, 39, 32, 5, 37, 18, 54, 66, 29, 69][37, 65, 39, 48, 3, 23, 50, 2, 0, 69][46, 7, 4, 25, 34, 57, 41, 12, 27, 67][32, 5, 54, 65, 39, 48, 66, 29, 19, 36][12, 4, 53, 40, 46, 7, 47, 6, 56, 28][5, 32, 39, 18, 65, 54, 66, 3, 29, 69][13, 43, 61, 14, 60, 17, 59, 68, 9, 31][8, 26, 62, 21, 63, 30, 24, 42, 49, 11] 
[35, 41, 12, 25, 4, 53, 46, 7, 40, 47][34, 45, 58, 57, 35, 51, 64, 52, 10, 55][20, 10, 28, 8, 56, 51, 35, 64, 58, 33][8, 26, 62, 21, 63, 30, 24, 42, 49, 11][1, 16, 9, 31, 11, 15, 42, 30, 21, 63][13, 43, 61, 14, 60, 17, 59, 68, 9, 31][13, 22, 38, 69, 23, 0, 2, 14, 44, 17][65, 39, 32, 5, 37, 18, 54, 66, 29, 69][37, 65, 39, 48, 3, 23, 50, 2, 0, 69][46, 7, 4, 25, 34, 57, 41, 12, 27, 67][32, 5, 54, 65, 39, 48, 66, 29, 19, 36][12, 4, 53, 40, 46, 7, 47, 6, 56, 28][5, 32, 39, 18, 65, 54, 66, 3, 29, 69][13, 43, 61, 14, 60, 17, 59, 68, 9, 31][8, 26, 62, 21, 63, 30, 24, 42, 49, 11] 
