[8, 26, 16, 55, 52, 64, 35, 34, 45, 22][17, 55, 52, 64, 58, 41, 51, 56, 8, 28][27, 41, 12, 25, 4, 7, 46, 53, 40, 47][48, 66, 19, 3, 23, 50, 43, 33, 58, 57][18, 39, 32, 54, 5, 37, 67, 65, 19, 38][60, 44, 61, 14, 2, 23, 0, 69, 29, 66][10, 20, 13, 43, 50, 0, 23, 3, 29, 66][10, 59, 68, 1, 49, 62, 24, 42, 30, 15][30, 42, 24, 21, 62, 15, 11, 31, 9, 68][12, 25, 4, 7, 46, 53, 40, 47, 6, 63][22, 36, 45, 34, 35, 64, 52, 55, 16, 26][22, 36, 45, 34, 35, 64, 52, 55, 16, 26][22, 36, 45, 34, 35, 64, 52, 55, 16, 26][27, 12, 25, 4, 7, 46, 53, 47, 6, 63][22, 36, 45, 34, 35, 64, 52, 55, 16, 26] 
[8, 26, 16, 55, 52, 64, 35, 34, 45, 22][17, 55, 52, 64, 58, 41, 51, 56, 8, 28][27, 41, 12, 25, 4, 7, 46, 53, 40, 47][48, 66, 19, 3, 23, 50, 43, 33, 58, 57][18, 39, 32, 54, 5, 37, 67, 65, 19, 38][60, 44, 61, 14, 2, 23, 0, 69, 29, 66][10, 20, 13, 43, 50, 0, 23, 3, 29, 66][10, 59, 68, 1, 49, 62, 24, 42, 30, 15][30, 42, 24, 21, 62, 15, 11, 31, 9, 68][12, 25, 4, 7, 46, 53, 40, 47, 6, 63][22, 36, 45, 34, 35, 64, 52, 55, 16, 26][22, 36, 45, 34, 35, 64, 52, 55, 16, 26][22, 36, 45, 34, 35, 64, 52, 55, 16, 26][27, 12, 25, 4, 7, 46, 53, 47, 6, 63][22, 36, 45, 34, 35, 64, 52, 55, 16, 26] 
[18, 39, 32, 54, 5, 37, 67, 65, 19, 38][48, 66, 19, 3, 23, 50, 43, 33, 58, 57][17, 55, 52, 64, 58, 41, 51, 56, 8, 28][27, 41, 12, 25, 4, 7, 46, 53, 40, 47][60, 44, 61, 14, 2, 23, 0, 69, 29, 66][22, 36, 45, 34, 35, 64, 52, 55, 16, 26][10, 20, 13, 43, 50, 0, 23, 3, 29, 66][10, 59, 68, 1, 49, 62, 24, 42, 30, 15][30, 42, 24, 21, 62, 15, 11, 31, 9, 68][27, 12, 25, 4, 7, 46, 53, 47, 6, 63][22, 36, 45, 34, 35, 64, 52, 55, 16, 26][8, 26, 16, 55, 52, 64, 35, 34, 45, 22][22, 36, 45, 34, 35, 64, 52, 55, 16, 26][18, 39, 32, 54, 5, 37, 67, 65, 19, 38][18, 39, 32, 54, 5, 37, 67, 65, 19, 38] 
[18, 39, 32, 54, 5, 37, 67, 65, 19, 38][48, 66, 19, 3, 23, 50, 43, 33, 58, 57][17, 55, 52, 64, 58, 41, 51, 56, 8, 28][27, 41, 12, 25, 4, 7, 46, 53, 40, 47][60, 44, 61, 14, 2, 23, 0, 69, 29, 66][22, 36, 45, 34, 35, 64, 52, 55, 16, 26][10, 20, 13, 43, 50, 0, 23, 3, 29, 66][10, 59, 68, 1, 49, 62, 24, 42, 30, 15][30, 42, 24, 21, 62, 15, 11, 31, 9, 68][27, 12, 25, 4, 7, 46, 53, 47, 6, 63][22, 36, 45, 34, 35, 64, 52, 55, 16, 26][8, 26, 16, 55, 52, 64, 35, 34, 45, 22][22, 36, 45, 34, 35, 64, 52, 55, 16, 26][18, 39, 32, 54, 5, 37, 67, 65, 19, 38][18, 39, 32, 54, 5, 37, 67, 65, 19, 38] 
[22, 45, 34, 35, 64, 52, 55, 16, 26, 8, 56][8, 26, 16, 55, 52, 64, 35, 34, 45, 22][17, 55, 52, 64, 58, 41, 51, 56, 8, 28][48, 66, 19, 3, 23, 50, 43, 33, 58, 57][18, 39, 32, 54, 5, 37, 67, 65, 19, 38][18, 67, 27, 25, 4, 7, 40, 47, 6, 63][60, 44, 61, 14, 2, 23, 0, 69, 29, 66][27, 12, 25, 4, 7, 46, 53, 47, 6, 63][10, 20, 13, 43, 50, 0, 23, 3, 29, 66][10, 59, 68, 1, 49, 62, 24, 42, 30, 15][30, 42, 24, 21, 62, 15, 11, 31, 9, 68][22, 36, 45, 34, 35, 64, 52, 55, 16, 26][22, 36, 45, 34, 35, 64, 52, 55, 16, 26][10, 59, 68, 1, 49, 62, 24, 42, 30, 15][8, 26, 16, 55, 52, 64, 35, 34, 45, 22] 
[22, 45, 34, 35, 64, 52, 55, 16, 26, 8, 28][60, 44, 61, 14, 2, 23, 0, 69, 29, 66][48, 66, 19, 3, 23, 50, 43, 33, 58, 57][18, 39, 32, 54, 5, 37, 67, 65, 19, 38][17, 55, 52, 64, 58, 41, 51, 56, 8, 28][18, 67, 27, 25, 4, 7, 40, 47, 6, 63][22, 36, 45, 34, 35, 64, 52, 55, 16, 26][10, 20, 13, 43, 50, 0, 23, 3, 29, 66][10, 59, 68, 1, 49, 62, 24, 42, 30, 15][30, 42, 24, 21, 62, 15, 11, 31, 9, 68][27, 12, 25, 4, 7, 46, 53, 47, 6, 63][8, 26, 16, 55, 52, 64, 35, 34, 45, 22][27, 12, 25, 4, 7, 46, 53, 47, 6, 63][17, 55, 52, 64, 58, 41, 51, 56, 8, 28][10, 59, 68, 1, 49, 62, 24, 42, 30, 15] 
[22, 45, 34, 35, 64, 52, 55, 16, 26, 8, 28][60, 44, 61, 14, 2, 23, 0, 69, 29, 66][48, 66, 19, 3, 23, 50, 43, 33, 58, 57][18, 39, 32, 54, 5, 37, 67, 65, 19, 38][17, 55, 52, 64, 58, 41, 51, 56, 8, 28][18, 67, 27, 25, 4, 7, 40, 47, 6, 63][22, 36, 45, 34, 35, 64, 52, 55, 16, 26][10, 20, 13, 43, 50, 0, 23, 3, 29, 66][10, 59, 68, 1, 49, 62, 24, 42, 30, 15][30, 42, 24, 21, 62, 15, 11, 31, 9, 68][27, 12, 25, 4, 7, 46, 53, 47, 6, 63][8, 26, 16, 55, 52, 64, 35, 34, 45, 22][27, 12, 25, 4, 7, 46, 53, 47, 6, 63][17, 55, 52, 64, 58, 41, 51, 56, 8, 28][10, 59, 68, 1, 49, 62, 24, 42, 30, 15] 
[22, 45, 34, 35, 64, 52, 55, 16, 26, 8, 56][8, 26, 16, 55, 52, 64, 35, 34, 45, 22][17, 55, 52, 64, 58, 41, 51, 56, 8, 28][48, 66, 19, 3, 23, 50, 43, 33, 58, 57][18, 39, 32, 54, 5, 37, 67, 65, 19, 38][18, 67, 27, 25, 4, 7, 40, 47, 6, 63][60, 44, 61, 14, 2, 23, 0, 69, 29, 66][27, 12, 25, 4, 7, 46, 53, 47, 6, 63][10, 20, 13, 43, 50, 0, 23, 3, 29, 66][10, 59, 68, 1, 49, 62, 24, 42, 30, 15][30, 42, 24, 21, 62, 15, 11, 31, 9, 68][22, 36, 45, 34, 35, 64, 52, 55, 16, 26][22, 36, 45, 34, 35, 64, 52, 55, 16, 26][10, 59, 68, 1, 49, 62, 24, 42, 30, 15][8, 26, 16, 55, 52, 64, 35, 34, 45, 22] 
[22, 45, 34, 35, 64, 52, 55, 16, 26, 8, 56][8, 26, 16, 55, 52, 64, 35, 34, 45, 22][17, 55, 52, 64, 58, 41, 51, 56, 8, 28][48, 66, 19, 3, 23, 50, 43, 33, 58, 57][18, 39, 32, 54, 5, 37, 67, 65, 19, 38][18, 67, 27, 25, 4, 7, 40, 47, 6, 63][60, 44, 61, 14, 2, 23, 0, 69, 29, 66][27, 12, 25, 4, 7, 46, 53, 47, 6, 63][10, 20, 13, 43, 50, 0, 23, 3, 29, 66][10, 59, 68, 1, 49, 62, 24, 42, 30, 15][30, 42, 24, 21, 62, 15, 11, 31, 9, 68][22, 36, 45, 34, 35, 64, 52, 55, 16, 26][22, 36, 45, 34, 35, 64, 52, 55, 16, 26][10, 59, 68, 1, 49, 62, 24, 42, 30, 15][8, 26, 16, 55, 52, 64, 35, 34, 45, 22] 
[22, 45, 34, 35, 64, 52, 55, 16, 26, 8, 56][8, 26, 16, 55, 52, 64, 35, 34, 45, 22][17, 55, 52, 64, 58, 41, 51, 56, 8, 28][48, 66, 19, 3, 23, 50, 43, 33, 58, 57][18, 39, 32, 54, 5, 37, 67, 65, 19, 38][18, 67, 27, 25, 4, 7, 40, 47, 6, 63][60, 44, 61, 14, 2, 23, 0, 69, 29, 66][27, 12, 25, 4, 7, 46, 53, 47, 6, 63][10, 20, 13, 43, 50, 0, 23, 3, 29, 66][10, 59, 68, 1, 49, 62, 24, 42, 30, 15][30, 42, 24, 21, 62, 15, 11, 31, 9, 68][22, 36, 45, 34, 35, 64, 52, 55, 16, 26][22, 36, 45, 34, 35, 64, 52, 55, 16, 26][10, 59, 68, 1, 49, 62, 24, 42, 30, 15][8, 26, 16, 55, 52, 64, 35, 34, 45, 22] 
[22, 36, 45, 34, 35, 64, 52, 55, 16, 26][17, 55, 52, 64, 58, 41, 51, 56, 8, 28][48, 66, 19, 3, 23, 50, 43, 33, 58, 57][18, 39, 32, 54, 5, 37, 67, 65, 19, 38][27, 41, 12, 25, 4, 7, 46, 53, 40, 47][60, 44, 61, 14, 2, 23, 0, 69, 29, 66][10, 20, 13, 43, 50, 0, 23, 3, 29, 66][10, 59, 68, 1, 49, 62, 24, 42, 30, 15][30, 42, 24, 21, 62, 15, 11, 31, 9, 68][27, 12, 25, 4, 7, 46, 53, 47, 6, 63][12, 25, 4, 7, 46, 53, 40, 47, 6, 63][27, 12, 25, 4, 7, 46, 53, 47, 6, 63][12, 25, 4, 7, 46, 53, 40, 47, 6, 63][8, 26, 16, 55, 52, 64, 35, 34, 45, 22][10, 59, 68, 1, 49, 62, 24, 42, 30, 15] 
[8, 26, 16, 55, 52, 64, 35, 34, 45, 22][17, 55, 52, 64, 58, 41, 51, 56, 8, 28][27, 41, 12, 25, 4, 7, 46, 53, 40, 47][48, 66, 19, 3, 23, 50, 43, 33, 58, 57][18, 39, 32, 54, 5, 37, 67, 65, 19, 38][60, 44, 61, 14, 2, 23, 0, 69, 29, 66][10, 20, 13, 43, 50, 0, 23, 3, 29, 66][10, 59, 68, 1, 49, 62, 24, 42, 30, 15][30, 42, 24, 21, 62, 15, 11, 31, 9, 68][12, 25, 4, 7, 46, 53, 40, 47, 6, 63][22, 36, 45, 34, 35, 64, 52, 55, 16, 26][22, 36, 45, 34, 35, 64, 52, 55, 16, 26][22, 36, 45, 34, 35, 64, 52, 55, 16, 26][27, 12, 25, 4, 7, 46, 53, 47, 6, 63][22, 36, 45, 34, 35, 64, 52, 55, 16, 26] 
[18, 39, 32, 54, 5, 37, 67, 65, 19, 38][48, 66, 19, 3, 23, 50, 43, 33, 58, 57][17, 55, 52, 64, 58, 41, 51, 56, 8, 28][27, 41, 12, 25, 4, 7, 46, 53, 40, 47][60, 44, 61, 14, 2, 23, 0, 69, 29, 66][22, 36, 45, 34, 35, 64, 52, 55, 16, 26][10, 20, 13, 43, 50, 0, 23, 3, 29, 66][10, 59, 68, 1, 49, 62, 24, 42, 30, 15][30, 42, 24, 21, 62, 15, 11, 31, 9, 68][27, 12, 25, 4, 7, 46, 53, 47, 6, 63][22, 36, 45, 34, 35, 64, 52, 55, 16, 26][8, 26, 16, 55, 52, 64, 35, 34, 45, 22][22, 36, 45, 34, 35, 64, 52, 55, 16, 26][18, 39, 32, 54, 5, 37, 67, 65, 19, 38][18, 39, 32, 54, 5, 37, 67, 65, 19, 38] 
[22, 45, 34, 35, 64, 52, 55, 16, 26, 8, 56][8, 26, 16, 55, 52, 64, 35, 34, 45, 22][17, 55, 52, 64, 58, 41, 51, 56, 8, 28][48, 66, 19, 3, 23, 50, 43, 33, 58, 57][18, 39, 32, 54, 5, 37, 67, 65, 19, 38][18, 67, 27, 25, 4, 7, 40, 47, 6, 63][60, 44, 61, 14, 2, 23, 0, 69, 29, 66][27, 12, 25, 4, 7, 46, 53, 47, 6, 63][10, 20, 13, 43, 50, 0, 23, 3, 29, 66][10, 59, 68, 1, 49, 62, 24, 42, 30, 15][30, 42, 24, 21, 62, 15, 11, 31, 9, 68][22, 36, 45, 34, 35, 64, 52, 55, 16, 26][22, 36, 45, 34, 35, 64, 52, 55, 16, 26][10, 59, 68, 1, 49, 62, 24, 42, 30, 15][8, 26, 16, 55, 52, 64, 35, 34, 45, 22] 
[22, 45, 34, 35, 64, 52, 55, 16, 26, 8, 56][8, 26, 16, 55, 52, 64, 35, 34, 45, 22][17, 55, 52, 64, 58, 41, 51, 56, 8, 28][48, 66, 19, 3, 23, 50, 43, 33, 58, 57][18, 39, 32, 54, 5, 37, 67, 65, 19, 38][18, 67, 27, 25, 4, 7, 40, 47, 6, 63][60, 44, 61, 14, 2, 23, 0, 69, 29, 66][27, 12, 25, 4, 7, 46, 53, 47, 6, 63][10, 20, 13, 43, 50, 0, 23, 3, 29, 66][10, 59, 68, 1, 49, 62, 24, 42, 30, 15][30, 42, 24, 21, 62, 15, 11, 31, 9, 68][22, 36, 45, 34, 35, 64, 52, 55, 16, 26][22, 36, 45, 34, 35, 64, 52, 55, 16, 26][10, 59, 68, 1, 49, 62, 24, 42, 30, 15][8, 26, 16, 55, 52, 64, 35, 34, 45, 22] 
[22, 45, 34, 35, 64, 52, 55, 16, 26, 8, 56][8, 26, 16, 55, 52, 64, 35, 34, 45, 22][17, 55, 52, 64, 58, 41, 51, 56, 8, 28][48, 66, 19, 3, 23, 50, 43, 33, 58, 57][18, 39, 32, 54, 5, 37, 67, 65, 19, 38][18, 67, 27, 25, 4, 7, 40, 47, 6, 63][60, 44, 61, 14, 2, 23, 0, 69, 29, 66][27, 12, 25, 4, 7, 46, 53, 47, 6, 63][10, 20, 13, 43, 50, 0, 23, 3, 29, 66][10, 59, 68, 1, 49, 62, 24, 42, 30, 15][30, 42, 24, 21, 62, 15, 11, 31, 9, 68][22, 36, 45, 34, 35, 64, 52, 55, 16, 26][22, 36, 45, 34, 35, 64, 52, 55, 16, 26][10, 59, 68, 1, 49, 62, 24, 42, 30, 15][8, 26, 16, 55, 52, 64, 35, 34, 45, 22] 
[22, 45, 34, 35, 64, 52, 55, 16, 26, 8, 56][22, 45, 34, 35, 64, 52, 55, 16, 26, 8, 56][48, 66, 19, 3, 23, 50, 43, 33, 58, 57][17, 55, 52, 64, 58, 41, 51, 56, 8, 28][27, 41, 12, 25, 4, 7, 46, 53, 40, 47][18, 39, 32, 54, 5, 37, 67, 65, 19, 38][60, 44, 61, 14, 2, 23, 0, 69, 29, 66][22, 36, 45, 34, 35, 64, 52, 55, 16, 26][10, 20, 13, 43, 50, 0, 23, 3, 29, 66][10, 59, 68, 1, 49, 62, 24, 42, 30, 15][30, 42, 24, 21, 62, 15, 11, 31, 9, 68][12, 25, 4, 7, 46, 53, 40, 47, 6, 63][27, 12, 25, 4, 7, 46, 53, 47, 6, 63][27, 12, 25, 4, 7, 46, 53, 47, 6, 63][8, 26, 16, 55, 52, 64, 35, 34, 45, 22] 
[8, 26, 16, 55, 52, 64, 35, 34, 45, 22][17, 55, 52, 64, 58, 41, 51, 56, 8, 28][27, 41, 12, 25, 4, 7, 46, 53, 40, 47][48, 66, 19, 3, 23, 50, 43, 33, 58, 57][18, 39, 32, 54, 5, 37, 67, 65, 19, 38][60, 44, 61, 14, 2, 23, 0, 69, 29, 66][10, 20, 13, 43, 50, 0, 23, 3, 29, 66][10, 59, 68, 1, 49, 62, 24, 42, 30, 15][30, 42, 24, 21, 62, 15, 11, 31, 9, 68][12, 25, 4, 7, 46, 53, 40, 47, 6, 63][22, 36, 45, 34, 35, 64, 52, 55, 16, 26][22, 36, 45, 34, 35, 64, 52, 55, 16, 26][22, 36, 45, 34, 35, 64, 52, 55, 16, 26][27, 12, 25, 4, 7, 46, 53, 47, 6, 63][22, 36, 45, 34, 35, 64, 52, 55, 16, 26] 
[22, 45, 34, 35, 64, 52, 55, 16, 26, 8, 56][8, 26, 16, 55, 52, 64, 35, 34, 45, 22][17, 55, 52, 64, 58, 41, 51, 56, 8, 28][48, 66, 19, 3, 23, 50, 43, 33, 58, 57][18, 39, 32, 54, 5, 37, 67, 65, 19, 38][18, 67, 27, 25, 4, 7, 40, 47, 6, 63][60, 44, 61, 14, 2, 23, 0, 69, 29, 66][27, 12, 25, 4, 7, 46, 53, 47, 6, 63][10, 20, 13, 43, 50, 0, 23, 3, 29, 66][10, 59, 68, 1, 49, 62, 24, 42, 30, 15][30, 42, 24, 21, 62, 15, 11, 31, 9, 68][22, 36, 45, 34, 35, 64, 52, 55, 16, 26][22, 36, 45, 34, 35, 64, 52, 55, 16, 26][10, 59, 68, 1, 49, 62, 24, 42, 30, 15][8, 26, 16, 55, 52, 64, 35, 34, 45, 22] 
[22, 45, 34, 35, 64, 52, 55, 16, 26, 8, 56][48, 66, 19, 3, 23, 50, 43, 33, 58, 57][17, 55, 52, 64, 58, 41, 51, 56, 8, 28][18, 39, 32, 54, 5, 37, 67, 65, 19, 38][27, 41, 12, 25, 4, 7, 46, 53, 40, 47][60, 44, 61, 14, 2, 23, 0, 69, 29, 66][22, 36, 45, 34, 35, 64, 52, 55, 16, 26][10, 20, 13, 43, 50, 0, 23, 3, 29, 66][10, 59, 68, 1, 49, 62, 24, 42, 30, 15][30, 42, 24, 21, 62, 15, 11, 31, 9, 68][27, 12, 25, 4, 7, 46, 53, 47, 6, 63][12, 25, 4, 7, 46, 53, 40, 47, 6, 63][10, 59, 68, 1, 49, 62, 24, 42, 30, 15][27, 12, 25, 4, 7, 46, 53, 47, 6, 63][27, 12, 25, 4, 7, 46, 53, 47, 6, 63] 
[60, 44, 61, 14, 2, 23, 0, 69, 29, 66][48, 66, 19, 3, 23, 50, 43, 33, 58, 57][17, 55, 52, 64, 58, 41, 51, 56, 8, 28][27, 41, 12, 25, 4, 7, 46, 53, 40, 47][18, 39, 32, 54, 5, 37, 67, 65, 19, 38][22, 36, 45, 34, 35, 64, 52, 55, 16, 26][10, 20, 13, 43, 50, 0, 23, 3, 29, 66][10, 59, 68, 1, 49, 62, 24, 42, 30, 15][30, 42, 24, 21, 62, 15, 11, 31, 9, 68][27, 12, 25, 4, 7, 46, 53, 47, 6, 63][27, 41, 12, 25, 4, 7, 46, 53, 40, 47][8, 26, 16, 55, 52, 64, 35, 34, 45, 22][12, 25, 4, 7, 46, 53, 40, 47, 6, 63][27, 12, 25, 4, 7, 46, 53, 47, 6, 63][12, 25, 4, 7, 46, 53, 40, 47, 6, 63] 
[8, 26, 16, 55, 52, 64, 35, 34, 45, 22][17, 55, 52, 64, 58, 41, 51, 56, 8, 28][27, 41, 12, 25, 4, 7, 46, 53, 40, 47][48, 66, 19, 3, 23, 50, 43, 33, 58, 57][18, 39, 32, 54, 5, 37, 67, 65, 19, 38][60, 44, 61, 14, 2, 23, 0, 69, 29, 66][10, 20, 13, 43, 50, 0, 23, 3, 29, 66][10, 59, 68, 1, 49, 62, 24, 42, 30, 15][30, 42, 24, 21, 62, 15, 11, 31, 9, 68][12, 25, 4, 7, 46, 53, 40, 47, 6, 63][22, 36, 45, 34, 35, 64, 52, 55, 16, 26][22, 36, 45, 34, 35, 64, 52, 55, 16, 26][22, 36, 45, 34, 35, 64, 52, 55, 16, 26][27, 12, 25, 4, 7, 46, 53, 47, 6, 63][22, 36, 45, 34, 35, 64, 52, 55, 16, 26] 
[18, 39, 32, 54, 5, 37, 67, 65, 19, 38][48, 66, 19, 3, 23, 50, 43, 33, 58, 57][17, 55, 52, 64, 58, 41, 51, 56, 8, 28][27, 41, 12, 25, 4, 7, 46, 53, 40, 47][60, 44, 61, 14, 2, 23, 0, 69, 29, 66][22, 36, 45, 34, 35, 64, 52, 55, 16, 26][10, 20, 13, 43, 50, 0, 23, 3, 29, 66][10, 59, 68, 1, 49, 62, 24, 42, 30, 15][30, 42, 24, 21, 62, 15, 11, 31, 9, 68][27, 12, 25, 4, 7, 46, 53, 47, 6, 63][22, 36, 45, 34, 35, 64, 52, 55, 16, 26][8, 26, 16, 55, 52, 64, 35, 34, 45, 22][22, 36, 45, 34, 35, 64, 52, 55, 16, 26][18, 39, 32, 54, 5, 37, 67, 65, 19, 38][18, 39, 32, 54, 5, 37, 67, 65, 19, 38] 
[22, 45, 34, 35, 64, 52, 55, 16, 26, 8, 56][10, 59, 68, 1, 49, 62, 24, 42, 30, 15][10, 20, 13, 43, 50, 0, 23, 3, 29, 66][60, 44, 61, 14, 2, 23, 0, 69, 29, 66][48, 66, 19, 3, 23, 50, 43, 33, 58, 57][17, 55, 52, 64, 58, 41, 51, 56, 8, 28][18, 39, 32, 54, 5, 37, 67, 65, 19, 38][18, 67, 27, 25, 4, 7, 40, 47, 6, 63][22, 36, 45, 34, 35, 64, 52, 55, 16, 26][30, 42, 24, 21, 62, 15, 11, 31, 9, 68][27, 12, 25, 4, 7, 46, 53, 47, 6, 63][8, 26, 16, 55, 52, 64, 35, 34, 45, 22][18, 39, 32, 54, 5, 37, 67, 65, 19, 38][10, 59, 68, 1, 49, 62, 24, 42, 30, 15][18, 67, 27, 25, 4, 7, 40, 47, 6, 63] 
[22, 45, 34, 35, 64, 52, 55, 16, 26, 8, 56][10, 59, 68, 1, 49, 62, 24, 42, 30, 15][10, 20, 13, 43, 50, 0, 23, 3, 29, 66][60, 44, 61, 14, 2, 23, 0, 69, 29, 66][48, 66, 19, 3, 23, 50, 43, 33, 58, 57][17, 55, 52, 64, 58, 41, 51, 56, 8, 28][18, 39, 32, 54, 5, 37, 67, 65, 19, 38][18, 67, 27, 25, 4, 7, 40, 47, 6, 63][22, 36, 45, 34, 35, 64, 52, 55, 16, 26][30, 42, 24, 21, 62, 15, 11, 31, 9, 68][27, 12, 25, 4, 7, 46, 53, 47, 6, 63][8, 26, 16, 55, 52, 64, 35, 34, 45, 22][18, 39, 32, 54, 5, 37, 67, 65, 19, 38][10, 59, 68, 1, 49, 62, 24, 42, 30, 15][18, 67, 27, 25, 4, 7, 40, 47, 6, 63] 
[22, 45, 34, 35, 64, 52, 55, 16, 26, 8, 56][8, 26, 16, 55, 52, 64, 35, 34, 45, 22][17, 55, 52, 64, 58, 41, 51, 56, 8, 28][48, 66, 19, 3, 23, 50, 43, 33, 58, 57][18, 39, 32, 54, 5, 37, 67, 65, 19, 38][18, 67, 27, 25, 4, 7, 40, 47, 6, 63][60, 44, 61, 14, 2, 23, 0, 69, 29, 66][27, 12, 25, 4, 7, 46, 53, 47, 6, 63][10, 20, 13, 43, 50, 0, 23, 3, 29, 66][10, 59, 68, 1, 49, 62, 24, 42, 30, 15][30, 42, 24, 21, 62, 15, 11, 31, 9, 68][22, 36, 45, 34, 35, 64, 52, 55, 16, 26][22, 36, 45, 34, 35, 64, 52, 55, 16, 26][10, 59, 68, 1, 49, 62, 24, 42, 30, 15][8, 26, 16, 55, 52, 64, 35, 34, 45, 22] 
[22, 45, 34, 35, 64, 52, 55, 16, 26, 8, 56][27, 41, 12, 25, 4, 7, 46, 53, 40, 47][17, 55, 52, 64, 58, 41, 51, 56, 8, 28][48, 66, 19, 3, 23, 50, 43, 33, 58, 57][18, 39, 32, 54, 5, 37, 67, 65, 19, 38][60, 44, 61, 14, 2, 23, 0, 69, 29, 66][22, 36, 45, 34, 35, 64, 52, 55, 16, 26][10, 20, 13, 43, 50, 0, 23, 3, 29, 66][10, 59, 68, 1, 49, 62, 24, 42, 30, 15][30, 42, 24, 21, 62, 15, 11, 31, 9, 68][27, 12, 25, 4, 7, 46, 53, 47, 6, 63][27, 12, 25, 4, 7, 46, 53, 47, 6, 63][12, 25, 4, 7, 46, 53, 40, 47, 6, 63][10, 20, 13, 43, 50, 0, 23, 3, 29, 66][10, 20, 13, 43, 50, 0, 23, 3, 29, 66] 
[8, 26, 16, 55, 52, 64, 35, 34, 45, 22][17, 55, 52, 64, 58, 41, 51, 56, 8, 28][27, 41, 12, 25, 4, 7, 46, 53, 40, 47][48, 66, 19, 3, 23, 50, 43, 33, 58, 57][18, 39, 32, 54, 5, 37, 67, 65, 19, 38][60, 44, 61, 14, 2, 23, 0, 69, 29, 66][10, 20, 13, 43, 50, 0, 23, 3, 29, 66][10, 59, 68, 1, 49, 62, 24, 42, 30, 15][30, 42, 24, 21, 62, 15, 11, 31, 9, 68][12, 25, 4, 7, 46, 53, 40, 47, 6, 63][22, 36, 45, 34, 35, 64, 52, 55, 16, 26][22, 36, 45, 34, 35, 64, 52, 55, 16, 26][22, 36, 45, 34, 35, 64, 52, 55, 16, 26][27, 12, 25, 4, 7, 46, 53, 47, 6, 63][22, 36, 45, 34, 35, 64, 52, 55, 16, 26] 
[22, 45, 34, 35, 64, 52, 55, 16, 26, 8, 56][8, 26, 16, 55, 52, 64, 35, 34, 45, 22][17, 55, 52, 64, 58, 41, 51, 56, 8, 28][48, 66, 19, 3, 23, 50, 43, 33, 58, 57][18, 39, 32, 54, 5, 37, 67, 65, 19, 38][18, 67, 27, 25, 4, 7, 40, 47, 6, 63][60, 44, 61, 14, 2, 23, 0, 69, 29, 66][27, 12, 25, 4, 7, 46, 53, 47, 6, 63][10, 20, 13, 43, 50, 0, 23, 3, 29, 66][10, 59, 68, 1, 49, 62, 24, 42, 30, 15][30, 42, 24, 21, 62, 15, 11, 31, 9, 68][22, 36, 45, 34, 35, 64, 52, 55, 16, 26][22, 36, 45, 34, 35, 64, 52, 55, 16, 26][10, 59, 68, 1, 49, 62, 24, 42, 30, 15][8, 26, 16, 55, 52, 64, 35, 34, 45, 22] 
[22, 45, 34, 35, 64, 52, 55, 16, 26, 8, 56][60, 44, 61, 14, 2, 23, 0, 69, 29, 66][48, 66, 19, 3, 23, 50, 43, 33, 58, 57][17, 55, 52, 64, 58, 41, 51, 56, 8, 28][27, 41, 12, 25, 4, 7, 46, 53, 40, 47][18, 39, 32, 54, 5, 37, 67, 65, 19, 38][22, 36, 45, 34, 35, 64, 52, 55, 16, 26][10, 20, 13, 43, 50, 0, 23, 3, 29, 66][10, 59, 68, 1, 49, 62, 24, 42, 30, 15][30, 42, 24, 21, 62, 15, 11, 31, 9, 68][27, 12, 25, 4, 7, 46, 53, 47, 6, 63][27, 41, 12, 25, 4, 7, 46, 53, 40, 47][12, 25, 4, 7, 46, 53, 40, 47, 6, 63][27, 12, 25, 4, 7, 46, 53, 47, 6, 63][12, 25, 4, 7, 46, 53, 40, 47, 6, 63] 
[22, 45, 34, 35, 64, 52, 55, 16, 26, 8, 56][48, 66, 19, 3, 23, 50, 43, 33, 58, 57][17, 55, 52, 64, 58, 41, 51, 56, 8, 28][27, 41, 12, 25, 4, 7, 46, 53, 40, 47][18, 39, 32, 54, 5, 37, 67, 65, 19, 38][60, 44, 61, 14, 2, 23, 0, 69, 29, 66][22, 36, 45, 34, 35, 64, 52, 55, 16, 26][10, 20, 13, 43, 50, 0, 23, 3, 29, 66][10, 59, 68, 1, 49, 62, 24, 42, 30, 15][30, 42, 24, 21, 62, 15, 11, 31, 9, 68][27, 12, 25, 4, 7, 46, 53, 47, 6, 63][27, 12, 25, 4, 7, 46, 53, 47, 6, 63][22, 36, 45, 34, 35, 64, 52, 55, 16, 26][18, 39, 32, 54, 5, 37, 67, 65, 19, 38][12, 25, 4, 7, 46, 53, 40, 47, 6, 63] 
[8, 26, 16, 55, 52, 64, 35, 34, 45, 22][17, 55, 52, 64, 58, 41, 51, 56, 8, 28][27, 41, 12, 25, 4, 7, 46, 53, 40, 47][48, 66, 19, 3, 23, 50, 43, 33, 58, 57][18, 39, 32, 54, 5, 37, 67, 65, 19, 38][60, 44, 61, 14, 2, 23, 0, 69, 29, 66][10, 20, 13, 43, 50, 0, 23, 3, 29, 66][10, 59, 68, 1, 49, 62, 24, 42, 30, 15][30, 42, 24, 21, 62, 15, 11, 31, 9, 68][12, 25, 4, 7, 46, 53, 40, 47, 6, 63][22, 36, 45, 34, 35, 64, 52, 55, 16, 26][22, 36, 45, 34, 35, 64, 52, 55, 16, 26][22, 36, 45, 34, 35, 64, 52, 55, 16, 26][27, 12, 25, 4, 7, 46, 53, 47, 6, 63][22, 36, 45, 34, 35, 64, 52, 55, 16, 26] 
[22, 45, 34, 35, 64, 52, 55, 16, 26, 8, 56][8, 26, 16, 55, 52, 64, 35, 34, 45, 22][17, 55, 52, 64, 58, 41, 51, 56, 8, 28][48, 66, 19, 3, 23, 50, 43, 33, 58, 57][18, 39, 32, 54, 5, 37, 67, 65, 19, 38][18, 67, 27, 25, 4, 7, 40, 47, 6, 63][60, 44, 61, 14, 2, 23, 0, 69, 29, 66][27, 12, 25, 4, 7, 46, 53, 47, 6, 63][10, 20, 13, 43, 50, 0, 23, 3, 29, 66][10, 59, 68, 1, 49, 62, 24, 42, 30, 15][30, 42, 24, 21, 62, 15, 11, 31, 9, 68][22, 36, 45, 34, 35, 64, 52, 55, 16, 26][22, 36, 45, 34, 35, 64, 52, 55, 16, 26][10, 59, 68, 1, 49, 62, 24, 42, 30, 15][8, 26, 16, 55, 52, 64, 35, 34, 45, 22] 
[22, 45, 34, 35, 64, 52, 55, 16, 26, 8, 56][60, 44, 61, 14, 2, 23, 0, 69, 29, 66][48, 66, 19, 3, 23, 50, 43, 33, 58, 57][17, 55, 52, 64, 58, 41, 51, 56, 8, 28][27, 41, 12, 25, 4, 7, 46, 53, 40, 47][18, 39, 32, 54, 5, 37, 67, 65, 19, 38][22, 36, 45, 34, 35, 64, 52, 55, 16, 26][10, 20, 13, 43, 50, 0, 23, 3, 29, 66][10, 59, 68, 1, 49, 62, 24, 42, 30, 15][30, 42, 24, 21, 62, 15, 11, 31, 9, 68][27, 12, 25, 4, 7, 46, 53, 47, 6, 63][27, 41, 12, 25, 4, 7, 46, 53, 40, 47][12, 25, 4, 7, 46, 53, 40, 47, 6, 63][27, 12, 25, 4, 7, 46, 53, 47, 6, 63][12, 25, 4, 7, 46, 53, 40, 47, 6, 63] 
[22, 45, 34, 35, 64, 52, 55, 16, 26, 8, 56][48, 66, 19, 3, 23, 50, 43, 33, 58, 57][17, 55, 52, 64, 58, 41, 51, 56, 8, 28][27, 41, 12, 25, 4, 7, 46, 53, 40, 47][18, 39, 32, 54, 5, 37, 67, 65, 19, 38][60, 44, 61, 14, 2, 23, 0, 69, 29, 66][22, 36, 45, 34, 35, 64, 52, 55, 16, 26][10, 20, 13, 43, 50, 0, 23, 3, 29, 66][10, 59, 68, 1, 49, 62, 24, 42, 30, 15][30, 42, 24, 21, 62, 15, 11, 31, 9, 68][27, 12, 25, 4, 7, 46, 53, 47, 6, 63][27, 12, 25, 4, 7, 46, 53, 47, 6, 63][22, 36, 45, 34, 35, 64, 52, 55, 16, 26][18, 39, 32, 54, 5, 37, 67, 65, 19, 38][12, 25, 4, 7, 46, 53, 40, 47, 6, 63] 
[35, 64, 58, 41, 12, 25, 4, 7, 46, 53, 40, 47, 6, 63][27, 41, 12, 25, 4, 7, 46, 53, 40, 47][17, 55, 52, 64, 58, 41, 51, 56, 8, 28][48, 66, 19, 3, 23, 50, 43, 33, 58, 57][18, 39, 32, 54, 5, 37, 67, 65, 19, 38][60, 44, 61, 14, 2, 23, 0, 69, 29, 66][22, 36, 45, 34, 35, 64, 52, 55, 16, 26][10, 20, 13, 43, 50, 0, 23, 3, 29, 66][10, 59, 68, 1, 49, 62, 24, 42, 30, 15][30, 42, 24, 21, 62, 15, 11, 31, 9, 68][12, 25, 4, 7, 46, 53, 40, 47, 6, 63][12, 25, 4, 7, 46, 53, 40, 47, 6, 63][12, 25, 4, 7, 46, 53, 40, 47, 6, 63][27, 41, 12, 25, 4, 7, 46, 53, 40, 47][12, 25, 4, 7, 46, 53, 40, 47, 6, 63] 
[60, 44, 17, 43, 33, 58, 45, 41, 12, 25, 4, 7, 46, 53, 40, 47, 6, 63][26, 49, 11, 31, 1, 16, 9, 68, 59, 17, 20, 13, 43][3, 0, 2, 50, 23, 29, 69, 48, 66, 54][18, 39, 32, 54, 5, 37, 67, 65, 19, 38][36, 38, 22, 45, 34, 35, 57, 58, 33, 43][17, 55, 52, 64, 58, 41, 51, 56, 8, 28][27, 41, 12, 25, 4, 7, 46, 53, 40, 47][10, 59, 68, 1, 49, 62, 24, 42, 30, 15][60, 44, 61, 14, 2, 23, 0, 69, 29, 66][12, 25, 4, 7, 46, 53, 40, 47, 6, 63][30, 42, 24, 21, 62, 15, 11, 31, 9, 68][22, 36, 45, 34, 35, 64, 52, 55, 16, 26][12, 25, 4, 7, 46, 53, 40, 47, 6, 63][12, 25, 4, 7, 46, 53, 40, 47, 6, 63][12, 25, 4, 7, 46, 53, 40, 47, 6, 63] 
[22, 36, 45, 34, 35, 64, 52, 55, 16, 26, 8, 10, 28, 56, 6, 21, 24, 63][3, 38, 19, 65, 67, 37, 5, 54, 32, 39, 18][48, 66, 19, 3, 23, 50, 43, 33, 58, 57][17, 55, 52, 64, 58, 41, 51, 56, 8, 28][27, 41, 12, 25, 4, 7, 46, 53, 40, 47][60, 44, 61, 14, 2, 23, 0, 69, 29, 66][22, 36, 45, 34, 35, 64, 52, 55, 16, 26][10, 20, 13, 43, 50, 0, 23, 3, 29, 66][10, 59, 68, 1, 49, 62, 24, 42, 30, 15][30, 42, 24, 21, 62, 15, 11, 31, 9, 68][12, 25, 4, 7, 46, 53, 40, 47, 6, 63][22, 36, 45, 34, 35, 64, 52, 55, 16, 26][22, 36, 45, 34, 35, 64, 52, 55, 16, 26][22, 36, 45, 34, 35, 64, 52, 55, 16, 26][22, 36, 45, 34, 35, 64, 52, 55, 16, 26] 
[56, 51, 34, 58, 41, 12, 25, 4, 7, 46, 53, 40, 47, 6, 63][3, 0, 2, 50, 23, 29, 69, 48, 66, 54][18, 39, 32, 54, 5, 37, 67, 65, 19, 38][36, 38, 22, 45, 34, 35, 57, 58, 33, 43][31, 1, 16, 9, 68, 59, 17, 20, 13, 43][17, 55, 52, 64, 58, 41, 51, 56, 8, 28][27, 41, 12, 25, 4, 7, 46, 53, 40, 47][10, 59, 68, 1, 49, 62, 24, 42, 30, 15][60, 44, 61, 14, 2, 23, 0, 69, 29, 66][12, 25, 4, 7, 46, 53, 40, 47, 6, 63][30, 42, 24, 21, 62, 15, 11, 31, 9, 68][22, 36, 45, 34, 35, 64, 52, 55, 16, 26][12, 25, 4, 7, 46, 53, 40, 47, 6, 63][12, 25, 4, 7, 46, 53, 40, 47, 6, 63][12, 25, 4, 7, 46, 53, 40, 47, 6, 63] 
[33, 58, 45, 41, 12, 25, 4, 7, 46, 53, 40, 47, 6, 63][3, 0, 2, 50, 23, 29, 69, 48, 66, 54][18, 39, 32, 54, 5, 37, 67, 65, 19, 38][36, 38, 22, 45, 34, 35, 57, 58, 33, 43][31, 1, 16, 9, 68, 59, 17, 20, 13, 43][17, 55, 52, 64, 58, 41, 51, 56, 8, 28][27, 41, 12, 25, 4, 7, 46, 53, 40, 47][10, 59, 68, 1, 49, 62, 24, 42, 30, 15][60, 44, 61, 14, 2, 23, 0, 69, 29, 66][12, 25, 4, 7, 46, 53, 40, 47, 6, 63][30, 42, 24, 21, 62, 15, 11, 31, 9, 68][22, 36, 45, 34, 35, 64, 52, 55, 16, 26][12, 25, 4, 7, 46, 53, 40, 47, 6, 63][12, 25, 4, 7, 46, 53, 40, 47, 6, 63][12, 25, 4, 7, 46, 53, 40, 47, 6, 63] 
[41, 27, 12, 25, 4, 7, 46, 53, 40, 47, 6, 63][27, 41, 12, 25, 4, 7, 46, 53, 40, 47][17, 55, 52, 64, 58, 41, 51, 56, 8, 28][48, 66, 19, 3, 23, 50, 43, 33, 58, 57][18, 39, 32, 54, 5, 37, 67, 65, 19, 38][60, 44, 61, 14, 2, 23, 0, 69, 29, 66][22, 36, 45, 34, 35, 64, 52, 55, 16, 26][10, 20, 13, 43, 50, 0, 23, 3, 29, 66][10, 59, 68, 1, 49, 62, 24, 42, 30, 15][30, 42, 24, 21, 62, 15, 11, 31, 9, 68][12, 25, 4, 7, 46, 53, 40, 47, 6, 63][12, 25, 4, 7, 46, 53, 40, 47, 6, 63][12, 25, 4, 7, 46, 53, 40, 47, 6, 63][12, 25, 4, 7, 46, 53, 40, 47, 6, 63][27, 41, 12, 25, 4, 7, 46, 53, 40, 47] 
[35, 64, 58, 41, 12, 25, 4, 7, 46, 53, 40, 47, 6, 63][27, 41, 12, 25, 4, 7, 46, 53, 40, 47][17, 55, 52, 64, 58, 41, 51, 56, 8, 28][48, 66, 19, 3, 23, 50, 43, 33, 58, 57][18, 39, 32, 54, 5, 37, 67, 65, 19, 38][60, 44, 61, 14, 2, 23, 0, 69, 29, 66][22, 36, 45, 34, 35, 64, 52, 55, 16, 26][10, 20, 13, 43, 50, 0, 23, 3, 29, 66][10, 59, 68, 1, 49, 62, 24, 42, 30, 15][30, 42, 24, 21, 62, 15, 11, 31, 9, 68][12, 25, 4, 7, 46, 53, 40, 47, 6, 63][12, 25, 4, 7, 46, 53, 40, 47, 6, 63][12, 25, 4, 7, 46, 53, 40, 47, 6, 63][27, 41, 12, 25, 4, 7, 46, 53, 40, 47][12, 25, 4, 7, 46, 53, 40, 47, 6, 63] 
[34, 58, 57, 35, 41, 12, 25, 4, 7, 46, 53, 40, 47, 6, 63][27, 41, 12, 25, 4, 7, 46, 53, 40, 47][17, 55, 52, 64, 58, 41, 51, 56, 8, 28][48, 66, 19, 3, 23, 50, 43, 33, 58, 57][18, 39, 32, 54, 5, 37, 67, 65, 19, 38][60, 44, 61, 14, 2, 23, 0, 69, 29, 66][22, 36, 45, 34, 35, 64, 52, 55, 16, 26][10, 20, 13, 43, 50, 0, 23, 3, 29, 66][10, 59, 68, 1, 49, 62, 24, 42, 30, 15][30, 42, 24, 21, 62, 15, 11, 31, 9, 68][12, 25, 4, 7, 46, 53, 40, 47, 6, 63][12, 25, 4, 7, 46, 53, 40, 47, 6, 63][12, 25, 4, 7, 46, 53, 40, 47, 6, 63][27, 41, 12, 25, 4, 7, 46, 53, 40, 47][12, 25, 4, 7, 46, 53, 40, 47, 6, 63] 
[34, 58, 57, 35, 41, 12, 25, 4, 7, 46, 53, 40, 47, 6, 63][8, 51, 41, 27, 12, 25, 4, 7, 46, 53, 40, 47, 6, 63][27, 41, 12, 25, 4, 7, 46, 53, 40, 47][17, 55, 52, 64, 58, 41, 51, 56, 8, 28][48, 66, 19, 3, 23, 50, 43, 33, 58, 57][18, 39, 32, 54, 5, 37, 67, 65, 19, 38][60, 44, 61, 14, 2, 23, 0, 69, 29, 66][22, 36, 45, 34, 35, 64, 52, 55, 16, 26][10, 20, 13, 43, 50, 0, 23, 3, 29, 66][10, 59, 68, 1, 49, 62, 24, 42, 30, 15][30, 42, 24, 21, 62, 15, 11, 31, 9, 68][12, 25, 4, 7, 46, 53, 40, 47, 6, 63][12, 25, 4, 7, 46, 53, 40, 47, 6, 63][27, 41, 12, 25, 4, 7, 46, 53, 40, 47][12, 25, 4, 7, 46, 53, 40, 47, 6, 63] 
[22, 36, 45, 34, 35, 64, 52, 55, 16, 26, 8, 10, 28, 56, 6, 21, 24, 63][18, 39, 32, 54, 5, 37, 67, 65, 19, 38][48, 66, 19, 3, 23, 50, 43, 33, 58, 57][17, 55, 52, 64, 58, 41, 51, 56, 8, 28][27, 41, 12, 25, 4, 7, 46, 53, 40, 47][60, 44, 61, 14, 2, 23, 0, 69, 29, 66][22, 36, 45, 34, 35, 64, 52, 55, 16, 26][10, 20, 13, 43, 50, 0, 23, 3, 29, 66][10, 59, 68, 1, 49, 62, 24, 42, 30, 15][30, 42, 24, 21, 62, 15, 11, 31, 9, 68][12, 25, 4, 7, 46, 53, 40, 47, 6, 63][22, 36, 45, 34, 35, 64, 52, 55, 16, 26][22, 36, 45, 34, 35, 64, 52, 55, 16, 26][22, 36, 45, 34, 35, 64, 52, 55, 16, 26][22, 36, 45, 34, 35, 64, 52, 55, 16, 26] 
[9, 31, 1, 59, 17, 55, 10, 8, 56, 51, 34, 58, 41, 12, 25, 4, 7, 46, 53, 40, 47, 6, 63][3, 0, 2, 50, 23, 29, 69, 48, 66, 54][18, 39, 32, 54, 5, 37, 67, 65, 19, 38][36, 38, 22, 45, 34, 35, 57, 58, 33, 43][31, 1, 16, 9, 68, 59, 17, 20, 13, 43][17, 55, 52, 64, 58, 41, 51, 56, 8, 28][27, 41, 12, 25, 4, 7, 46, 53, 40, 47][10, 59, 68, 1, 49, 62, 24, 42, 30, 15][60, 44, 61, 14, 2, 23, 0, 69, 29, 66][12, 25, 4, 7, 46, 53, 40, 47, 6, 63][30, 42, 24, 21, 62, 15, 11, 31, 9, 68][22, 36, 45, 34, 35, 64, 52, 55, 16, 26][12, 25, 4, 7, 46, 53, 40, 47, 6, 63][12, 25, 4, 7, 46, 53, 40, 47, 6, 63][12, 25, 4, 7, 46, 53, 40, 47, 6, 63] 
[39, 18, 38, 69, 29, 48, 66, 19, 3, 23, 50, 43, 33, 58, 57][35, 64, 58, 41, 12, 25, 4, 7, 46, 53, 40, 47, 6, 63][27, 41, 12, 25, 4, 7, 46, 53, 40, 47][17, 55, 52, 64, 58, 41, 51, 56, 8, 28][18, 39, 32, 54, 5, 37, 67, 65, 19, 38][60, 44, 61, 14, 2, 23, 0, 69, 29, 66][22, 36, 45, 34, 35, 64, 52, 55, 16, 26][10, 20, 13, 43, 50, 0, 23, 3, 29, 66][10, 59, 68, 1, 49, 62, 24, 42, 30, 15][30, 42, 24, 21, 62, 15, 11, 31, 9, 68][12, 25, 4, 7, 46, 53, 40, 47, 6, 63][12, 25, 4, 7, 46, 53, 40, 47, 6, 63][12, 25, 4, 7, 46, 53, 40, 47, 6, 63][27, 41, 12, 25, 4, 7, 46, 53, 40, 47][12, 25, 4, 7, 46, 53, 40, 47, 6, 63] 
[17, 59, 68, 9, 31, 1, 26, 16, 55, 52, 64, 35, 34, 45, 36, 22][22, 45, 34, 35, 64, 52, 55, 16, 26, 8, 56][17, 55, 52, 64, 58, 41, 51, 56, 8, 28][48, 66, 19, 3, 23, 50, 43, 33, 58, 57][27, 41, 12, 25, 4, 7, 46, 53, 40, 47][18, 39, 32, 54, 5, 37, 67, 65, 19, 38][60, 44, 61, 14, 2, 23, 0, 69, 29, 66][10, 20, 13, 43, 50, 0, 23, 3, 29, 66][10, 59, 68, 1, 49, 62, 24, 42, 30, 15][30, 42, 24, 21, 62, 15, 11, 31, 9, 68][27, 12, 25, 4, 7, 46, 53, 47, 6, 63][22, 36, 45, 34, 35, 64, 52, 55, 16, 26][12, 25, 4, 7, 46, 53, 40, 47, 6, 63][22, 36, 45, 34, 35, 64, 52, 55, 16, 26][22, 36, 45, 34, 35, 64, 52, 55, 16, 26] 
[22, 36, 45, 34, 35, 64, 52, 55, 16, 26, 8, 10, 28, 56, 6, 21, 24, 63][3, 38, 19, 65, 67, 37, 5, 54, 32, 39, 18][48, 66, 19, 3, 23, 50, 43, 33, 58, 57][17, 55, 52, 64, 58, 41, 51, 56, 8, 28][27, 41, 12, 25, 4, 7, 46, 53, 40, 47][60, 44, 61, 14, 2, 23, 0, 69, 29, 66][22, 36, 45, 34, 35, 64, 52, 55, 16, 26][10, 20, 13, 43, 50, 0, 23, 3, 29, 66][10, 59, 68, 1, 49, 62, 24, 42, 30, 15][30, 42, 24, 21, 62, 15, 11, 31, 9, 68][12, 25, 4, 7, 46, 53, 40, 47, 6, 63][22, 36, 45, 34, 35, 64, 52, 55, 16, 26][22, 36, 45, 34, 35, 64, 52, 55, 16, 26][22, 36, 45, 34, 35, 64, 52, 55, 16, 26][22, 36, 45, 34, 35, 64, 52, 55, 16, 26] 
[45, 58, 35, 41, 27, 12, 25, 4, 7, 46, 53, 40, 47, 6, 63][27, 41, 12, 25, 4, 7, 46, 53, 40, 47][17, 55, 52, 64, 58, 41, 51, 56, 8, 28][48, 66, 19, 3, 23, 50, 43, 33, 58, 57][18, 39, 32, 54, 5, 37, 67, 65, 19, 38][60, 44, 61, 14, 2, 23, 0, 69, 29, 66][22, 36, 45, 34, 35, 64, 52, 55, 16, 26][10, 20, 13, 43, 50, 0, 23, 3, 29, 66][10, 59, 68, 1, 49, 62, 24, 42, 30, 15][30, 42, 24, 21, 62, 15, 11, 31, 9, 68][12, 25, 4, 7, 46, 53, 40, 47, 6, 63][12, 25, 4, 7, 46, 53, 40, 47, 6, 63][12, 25, 4, 7, 46, 53, 40, 47, 6, 63][12, 25, 4, 7, 46, 53, 40, 47, 6, 63][27, 41, 12, 25, 4, 7, 46, 53, 40, 47] 
[39, 18, 38, 69, 29, 48, 66, 19, 3, 23, 50, 43, 33, 58, 57][35, 64, 58, 41, 12, 25, 4, 7, 46, 53, 40, 47, 6, 63][27, 41, 12, 25, 4, 7, 46, 53, 40, 47][17, 55, 52, 64, 58, 41, 51, 56, 8, 28][18, 39, 32, 54, 5, 37, 67, 65, 19, 38][60, 44, 61, 14, 2, 23, 0, 69, 29, 66][22, 36, 45, 34, 35, 64, 52, 55, 16, 26][10, 20, 13, 43, 50, 0, 23, 3, 29, 66][10, 59, 68, 1, 49, 62, 24, 42, 30, 15][30, 42, 24, 21, 62, 15, 11, 31, 9, 68][12, 25, 4, 7, 46, 53, 40, 47, 6, 63][12, 25, 4, 7, 46, 53, 40, 47, 6, 63][12, 25, 4, 7, 46, 53, 40, 47, 6, 63][27, 41, 12, 25, 4, 7, 46, 53, 40, 47][12, 25, 4, 7, 46, 53, 40, 47, 6, 63] 
[60, 44, 17, 43, 33, 58, 45, 41, 12, 25, 4, 7, 46, 53, 40, 47, 6, 63][3, 0, 2, 50, 23, 29, 69, 48, 66, 54][18, 39, 32, 54, 5, 37, 67, 65, 19, 38][36, 38, 22, 45, 34, 35, 57, 58, 33, 43][31, 1, 16, 9, 68, 59, 17, 20, 13, 43][17, 55, 52, 64, 58, 41, 51, 56, 8, 28][27, 41, 12, 25, 4, 7, 46, 53, 40, 47][10, 59, 68, 1, 49, 62, 24, 42, 30, 15][60, 44, 61, 14, 2, 23, 0, 69, 29, 66][12, 25, 4, 7, 46, 53, 40, 47, 6, 63][30, 42, 24, 21, 62, 15, 11, 31, 9, 68][22, 36, 45, 34, 35, 64, 52, 55, 16, 26][12, 25, 4, 7, 46, 53, 40, 47, 6, 63][12, 25, 4, 7, 46, 53, 40, 47, 6, 63][12, 25, 4, 7, 46, 53, 40, 47, 6, 63] 
[34, 58, 57, 35, 41, 12, 25, 4, 7, 46, 53, 40, 47, 6, 63][27, 41, 12, 25, 4, 7, 46, 53, 40, 47][17, 55, 52, 64, 58, 41, 51, 56, 8, 28][48, 66, 19, 3, 23, 50, 43, 33, 58, 57][18, 39, 32, 54, 5, 37, 67, 65, 19, 38][60, 44, 61, 14, 2, 23, 0, 69, 29, 66][22, 36, 45, 34, 35, 64, 52, 55, 16, 26][10, 20, 13, 43, 50, 0, 23, 3, 29, 66][10, 59, 68, 1, 49, 62, 24, 42, 30, 15][30, 42, 24, 21, 62, 15, 11, 31, 9, 68][12, 25, 4, 7, 46, 53, 40, 47, 6, 63][12, 25, 4, 7, 46, 53, 40, 47, 6, 63][12, 25, 4, 7, 46, 53, 40, 47, 6, 63][27, 41, 12, 25, 4, 7, 46, 53, 40, 47][12, 25, 4, 7, 46, 53, 40, 47, 6, 63] 
[42, 30, 26, 62, 24, 63, 6, 47, 40, 53, 46, 7, 4, 25, 12, 41, 58, 64, 35, 34, 51, 57][27, 41, 12, 25, 4, 7, 46, 53, 40, 47][17, 55, 52, 64, 58, 41, 51, 56, 8, 28][48, 66, 19, 3, 23, 50, 43, 33, 58, 57][18, 39, 32, 54, 5, 37, 67, 65, 19, 38][60, 44, 61, 14, 2, 23, 0, 69, 29, 66][22, 36, 45, 34, 35, 64, 52, 55, 16, 26][10, 20, 13, 43, 50, 0, 23, 3, 29, 66][10, 59, 68, 1, 49, 62, 24, 42, 30, 15][30, 42, 24, 21, 62, 15, 11, 31, 9, 68][12, 25, 4, 7, 46, 53, 40, 47, 6, 63][12, 25, 4, 7, 46, 53, 40, 47, 6, 63][12, 25, 4, 7, 46, 53, 40, 47, 6, 63][27, 41, 12, 25, 4, 7, 46, 53, 40, 47][12, 25, 4, 7, 46, 53, 40, 47, 6, 63] 
[52, 20, 13, 43, 17, 60, 44, 61, 14, 2, 0, 50, 33, 22, 45, 34, 58, 57, 35, 41, 12, 25, 4, 7, 46, 53, 40, 47, 6, 63][17, 55, 52, 64, 58, 41, 51, 56, 8, 28, 10, 20, 43, 33, 22, 45, 36, 54][27, 41, 12, 25, 4, 7, 46, 53, 40, 47][48, 66, 19, 3, 23, 50, 43, 33, 58, 57][18, 39, 32, 54, 5, 37, 67, 65, 19, 38][60, 44, 61, 14, 2, 23, 0, 69, 29, 66][22, 36, 45, 34, 35, 64, 52, 55, 16, 26][10, 20, 13, 43, 50, 0, 23, 3, 29, 66][10, 59, 68, 1, 49, 62, 24, 42, 30, 15][30, 42, 24, 21, 62, 15, 11, 31, 9, 68][12, 25, 4, 7, 46, 53, 40, 47, 6, 63][12, 25, 4, 7, 46, 53, 40, 47, 6, 63][12, 25, 4, 7, 46, 53, 40, 47, 6, 63][27, 41, 12, 25, 4, 7, 46, 53, 40, 47][12, 25, 4, 7, 46, 53, 40, 47, 6, 63] 
[10, 55, 52, 64, 51, 34, 58, 57, 35, 41, 12, 25, 4, 7, 46, 53, 40, 47, 6, 63][27, 41, 12, 25, 4, 7, 46, 53, 40, 47][17, 55, 52, 64, 58, 41, 51, 56, 8, 28][48, 66, 19, 3, 23, 50, 43, 33, 58, 57][18, 39, 32, 54, 5, 37, 67, 65, 19, 38][60, 44, 61, 14, 2, 23, 0, 69, 29, 66][22, 36, 45, 34, 35, 64, 52, 55, 16, 26][10, 20, 13, 43, 50, 0, 23, 3, 29, 66][10, 59, 68, 1, 49, 62, 24, 42, 30, 15][30, 42, 24, 21, 62, 15, 11, 31, 9, 68][12, 25, 4, 7, 46, 53, 40, 47, 6, 63][12, 25, 4, 7, 46, 53, 40, 47, 6, 63][12, 25, 4, 7, 46, 53, 40, 47, 6, 63][27, 41, 12, 25, 4, 7, 46, 53, 40, 47][12, 25, 4, 7, 46, 53, 40, 47, 6, 63] 
[22, 45, 34, 35, 64, 52, 55, 16, 26, 8, 56][48, 66, 19, 3, 23, 50, 43, 33, 58, 57][17, 55, 52, 64, 58, 41, 51, 56, 8, 28][18, 39, 32, 54, 5, 37, 67, 65, 19, 38][27, 41, 12, 25, 4, 7, 46, 53, 40, 47][60, 44, 61, 14, 2, 23, 0, 69, 29, 66][22, 36, 45, 34, 35, 64, 52, 55, 16, 26][10, 20, 13, 43, 50, 0, 23, 3, 29, 66][10, 59, 68, 1, 49, 62, 24, 42, 30, 15][30, 42, 24, 21, 62, 15, 11, 31, 9, 68][27, 12, 25, 4, 7, 46, 53, 47, 6, 63][12, 25, 4, 7, 46, 53, 40, 47, 6, 63][10, 59, 68, 1, 49, 62, 24, 42, 30, 15][27, 12, 25, 4, 7, 46, 53, 47, 6, 63][27, 12, 25, 4, 7, 46, 53, 47, 6, 63] 
[22, 45, 34, 35, 64, 52, 55, 16, 26, 8, 56][48, 66, 19, 3, 23, 50, 43, 33, 58, 57][17, 55, 52, 64, 58, 41, 51, 56, 8, 28][18, 39, 32, 54, 5, 37, 67, 65, 19, 38][27, 41, 12, 25, 4, 7, 46, 53, 40, 47][60, 44, 61, 14, 2, 23, 0, 69, 29, 66][22, 36, 45, 34, 35, 64, 52, 55, 16, 26][10, 20, 13, 43, 50, 0, 23, 3, 29, 66][10, 59, 68, 1, 49, 62, 24, 42, 30, 15][30, 42, 24, 21, 62, 15, 11, 31, 9, 68][27, 12, 25, 4, 7, 46, 53, 47, 6, 63][12, 25, 4, 7, 46, 53, 40, 47, 6, 63][10, 59, 68, 1, 49, 62, 24, 42, 30, 15][27, 12, 25, 4, 7, 46, 53, 47, 6, 63][27, 12, 25, 4, 7, 46, 53, 47, 6, 63] 
[22, 45, 34, 35, 64, 52, 55, 16, 26, 8, 56][48, 66, 19, 3, 23, 50, 43, 33, 58, 57][17, 55, 52, 64, 58, 41, 51, 56, 8, 28][27, 41, 12, 25, 4, 7, 46, 53, 40, 47][18, 39, 32, 54, 5, 37, 67, 65, 19, 38][60, 44, 61, 14, 2, 23, 0, 69, 29, 66][22, 36, 45, 34, 35, 64, 52, 55, 16, 26][10, 20, 13, 43, 50, 0, 23, 3, 29, 66][10, 59, 68, 1, 49, 62, 24, 42, 30, 15][30, 42, 24, 21, 62, 15, 11, 31, 9, 68][27, 12, 25, 4, 7, 46, 53, 47, 6, 63][27, 12, 25, 4, 7, 46, 53, 47, 6, 63][22, 36, 45, 34, 35, 64, 52, 55, 16, 26][18, 39, 32, 54, 5, 37, 67, 65, 19, 38][12, 25, 4, 7, 46, 53, 40, 47, 6, 63] 
[22, 45, 34, 35, 64, 52, 55, 16, 26, 8, 56][48, 66, 19, 3, 23, 50, 43, 33, 58, 57][17, 55, 52, 64, 58, 41, 51, 56, 8, 28][18, 39, 32, 54, 5, 37, 67, 65, 19, 38][27, 41, 12, 25, 4, 7, 46, 53, 40, 47][60, 44, 61, 14, 2, 23, 0, 69, 29, 66][22, 36, 45, 34, 35, 64, 52, 55, 16, 26][10, 20, 13, 43, 50, 0, 23, 3, 29, 66][10, 59, 68, 1, 49, 62, 24, 42, 30, 15][30, 42, 24, 21, 62, 15, 11, 31, 9, 68][27, 12, 25, 4, 7, 46, 53, 47, 6, 63][12, 25, 4, 7, 46, 53, 40, 47, 6, 63][10, 59, 68, 1, 49, 62, 24, 42, 30, 15][27, 12, 25, 4, 7, 46, 53, 47, 6, 63][27, 12, 25, 4, 7, 46, 53, 47, 6, 63] 
[22, 45, 34, 35, 64, 52, 55, 16, 26, 8, 28][60, 44, 61, 14, 2, 23, 0, 69, 29, 66][48, 66, 19, 3, 23, 50, 43, 33, 58, 57][18, 39, 32, 54, 5, 37, 67, 65, 19, 38][17, 55, 52, 64, 58, 41, 51, 56, 8, 28][27, 41, 12, 25, 4, 7, 46, 53, 40, 47][22, 36, 45, 34, 35, 64, 52, 55, 16, 26][10, 20, 13, 43, 50, 0, 23, 3, 29, 66][10, 59, 68, 1, 49, 62, 24, 42, 30, 15][30, 42, 24, 21, 62, 15, 11, 31, 9, 68][12, 25, 4, 7, 46, 53, 40, 47, 6, 63][18, 39, 32, 54, 5, 37, 67, 65, 19, 38][27, 12, 25, 4, 7, 46, 53, 47, 6, 63][27, 12, 25, 4, 7, 46, 53, 47, 6, 63][17, 55, 52, 64, 58, 41, 51, 56, 8, 28] 
[22, 45, 34, 35, 64, 52, 55, 16, 26, 8, 56][60, 44, 61, 14, 2, 23, 0, 69, 29, 66][48, 66, 19, 3, 23, 50, 43, 33, 58, 57][18, 39, 32, 54, 5, 37, 67, 65, 19, 38][17, 55, 52, 64, 58, 41, 51, 56, 8, 28][27, 41, 12, 25, 4, 7, 46, 53, 40, 47][22, 36, 45, 34, 35, 64, 52, 55, 16, 26][10, 20, 13, 43, 50, 0, 23, 3, 29, 66][10, 59, 68, 1, 49, 62, 24, 42, 30, 15][30, 42, 24, 21, 62, 15, 11, 31, 9, 68][27, 12, 25, 4, 7, 46, 53, 47, 6, 63][12, 25, 4, 7, 46, 53, 40, 47, 6, 63][27, 12, 25, 4, 7, 46, 53, 47, 6, 63][27, 41, 12, 25, 4, 7, 46, 53, 40, 47][10, 59, 68, 1, 49, 62, 24, 42, 30, 15] 
[22, 45, 34, 35, 64, 52, 55, 16, 26, 8, 56][48, 66, 19, 3, 23, 50, 43, 33, 58, 57][17, 55, 52, 64, 58, 41, 51, 56, 8, 28][18, 39, 32, 54, 5, 37, 67, 65, 19, 38][27, 41, 12, 25, 4, 7, 46, 53, 40, 47][60, 44, 61, 14, 2, 23, 0, 69, 29, 66][22, 36, 45, 34, 35, 64, 52, 55, 16, 26][10, 20, 13, 43, 50, 0, 23, 3, 29, 66][10, 59, 68, 1, 49, 62, 24, 42, 30, 15][30, 42, 24, 21, 62, 15, 11, 31, 9, 68][27, 12, 25, 4, 7, 46, 53, 47, 6, 63][12, 25, 4, 7, 46, 53, 40, 47, 6, 63][10, 59, 68, 1, 49, 62, 24, 42, 30, 15][27, 12, 25, 4, 7, 46, 53, 47, 6, 63][27, 12, 25, 4, 7, 46, 53, 47, 6, 63] 
[22, 45, 34, 35, 64, 52, 55, 16, 26, 8, 28][60, 44, 61, 14, 2, 23, 0, 69, 29, 66][48, 66, 19, 3, 23, 50, 43, 33, 58, 57][18, 39, 32, 54, 5, 37, 67, 65, 19, 38][17, 55, 52, 64, 58, 41, 51, 56, 8, 28][27, 41, 12, 25, 4, 7, 46, 53, 40, 47][22, 36, 45, 34, 35, 64, 52, 55, 16, 26][10, 20, 13, 43, 50, 0, 23, 3, 29, 66][10, 59, 68, 1, 49, 62, 24, 42, 30, 15][30, 42, 24, 21, 62, 15, 11, 31, 9, 68][12, 25, 4, 7, 46, 53, 40, 47, 6, 63][18, 39, 32, 54, 5, 37, 67, 65, 19, 38][27, 12, 25, 4, 7, 46, 53, 47, 6, 63][27, 12, 25, 4, 7, 46, 53, 47, 6, 63][17, 55, 52, 64, 58, 41, 51, 56, 8, 28] 
[22, 45, 34, 35, 64, 52, 55, 16, 26, 8, 56][60, 44, 61, 14, 2, 23, 0, 69, 29, 66][48, 66, 19, 3, 23, 50, 43, 33, 58, 57][18, 39, 32, 54, 5, 37, 67, 65, 19, 38][17, 55, 52, 64, 58, 41, 51, 56, 8, 28][27, 41, 12, 25, 4, 7, 46, 53, 40, 47][22, 36, 45, 34, 35, 64, 52, 55, 16, 26][10, 20, 13, 43, 50, 0, 23, 3, 29, 66][10, 59, 68, 1, 49, 62, 24, 42, 30, 15][30, 42, 24, 21, 62, 15, 11, 31, 9, 68][27, 12, 25, 4, 7, 46, 53, 47, 6, 63][12, 25, 4, 7, 46, 53, 40, 47, 6, 63][27, 12, 25, 4, 7, 46, 53, 47, 6, 63][27, 41, 12, 25, 4, 7, 46, 53, 40, 47][10, 59, 68, 1, 49, 62, 24, 42, 30, 15] 
[22, 45, 34, 35, 64, 52, 55, 16, 26, 8, 28][60, 44, 61, 14, 2, 23, 0, 69, 29, 66][48, 66, 19, 3, 23, 50, 43, 33, 58, 57][18, 39, 32, 54, 5, 37, 67, 65, 19, 38][17, 55, 52, 64, 58, 41, 51, 56, 8, 28][27, 41, 12, 25, 4, 7, 46, 53, 40, 47][22, 36, 45, 34, 35, 64, 52, 55, 16, 26][10, 20, 13, 43, 50, 0, 23, 3, 29, 66][10, 59, 68, 1, 49, 62, 24, 42, 30, 15][30, 42, 24, 21, 62, 15, 11, 31, 9, 68][12, 25, 4, 7, 46, 53, 40, 47, 6, 63][18, 39, 32, 54, 5, 37, 67, 65, 19, 38][27, 12, 25, 4, 7, 46, 53, 47, 6, 63][27, 12, 25, 4, 7, 46, 53, 47, 6, 63][17, 55, 52, 64, 58, 41, 51, 56, 8, 28] 
[22, 45, 34, 35, 64, 52, 55, 16, 26, 8, 56, 28][27, 41, 12, 25, 4, 7, 46, 53, 40, 47][17, 55, 52, 64, 58, 41, 51, 56, 8, 28][48, 66, 19, 3, 23, 50, 43, 33, 58, 57][18, 39, 32, 54, 5, 37, 67, 65, 19, 38][60, 44, 61, 14, 2, 23, 0, 69, 29, 66][22, 36, 45, 34, 35, 64, 52, 55, 16, 26][10, 20, 13, 43, 50, 0, 23, 3, 29, 66][10, 59, 68, 1, 49, 62, 24, 42, 30, 15][30, 42, 24, 21, 62, 15, 11, 31, 9, 68][12, 25, 4, 7, 46, 53, 40, 47, 6, 63][27, 12, 25, 4, 7, 46, 53, 47, 6, 63][27, 12, 25, 4, 7, 46, 53, 47, 6, 63][27, 12, 25, 4, 7, 46, 53, 47, 6, 63][10, 20, 13, 43, 50, 0, 23, 3, 29, 66] 
