[9, 23, 14, 1, 4, 7, 20][22, 19, 17, 18, 12, 8, 26][5, 15, 16, 27, 29][3, 11, 25, 28][13, 6, 21][2, 10, 21][6, 16][0, 13][0, 28][3, 24][14, 24][0, 18] 
[22, 19, 17, 18, 12, 8, 26][9, 23, 14, 1, 4, 7, 20][24, 3, 11, 25, 28][16, 27, 29][10, 2, 29][5, 15, 27][13, 6, 21][6, 16][0, 13][0, 18][0, 28][14, 24] 
[22, 19, 17, 18, 12, 8, 26][9, 23, 14, 1, 4, 7, 20][5, 21, 15, 27][6, 10, 2, 29][3, 11, 25, 28][16, 27, 29][3, 24][0, 28][0, 18][14, 24][0, 13][6, 13] 
[22, 19, 17, 18, 12, 8, 26][9, 23, 14, 1, 4, 7, 20][5, 21, 15, 27][6, 10, 2, 29][3, 11, 25, 28][16, 27, 29][3, 24][0, 28][0, 18][14, 24][0, 13][6, 13] 
[22, 19, 17, 18, 12, 8, 26][5, 15, 16, 27, 29][24, 3, 11, 25, 28][9, 23, 14, 7, 20][9, 1, 4, 20][13, 6, 21][2, 10, 21][0, 18][0, 13][6, 16][0, 28][14, 24] 
[22, 19, 17, 18, 12, 8, 26][24, 3, 11, 25, 28][5, 15, 16, 27, 29][20, 7, 14, 23][9, 1, 4, 20][13, 6, 21][2, 10, 21][14, 24][0, 28][0, 18][0, 13][6, 16] 
[9, 23, 14, 1, 4, 7, 20][22, 19, 17, 18, 12, 8, 26][24, 3, 11, 25, 28][13, 6, 21][16, 27, 29][5, 15, 27][10, 2, 29][14, 24][0, 28][0, 13][6, 16][0, 18] 
[22, 19, 17, 18, 12, 8, 26][5, 15, 16, 27, 29][24, 3, 11, 25, 28][9, 23, 14, 7, 20][9, 1, 4, 20][13, 6, 21][2, 10, 21][0, 18][0, 13][6, 16][0, 28][14, 24] 
[22, 19, 17, 18, 12, 8, 26][5, 15, 16, 27, 29][24, 3, 11, 25, 28][9, 23, 14, 7, 20][9, 1, 4, 20][2, 10, 21][13, 6, 21][6, 16][0, 13][0, 28][0, 18][14, 24] 
[22, 19, 17, 18, 12, 8, 26][24, 3, 11, 25, 28][9, 23, 14, 7, 20][5, 15, 16, 27, 29][9, 1, 4, 20][13, 6, 21][2, 10, 21][0, 28][0, 18][14, 24][0, 13][6, 16] 
[22, 19, 17, 18, 12, 8, 26][9, 23, 14, 1, 4, 7, 20][5, 15, 16, 27, 29][3, 11, 25, 28][13, 6, 21][2, 10, 21][0, 28][0, 13][0, 18][6, 16][3, 24][14, 24] 
[9, 23, 14, 1, 4, 7, 20][22, 19, 17, 18, 12, 8, 26][24, 3, 11, 25, 28][13, 6, 21][16, 27, 29][5, 15, 27][10, 2, 29][14, 24][0, 28][0, 13][6, 16][0, 18] 
[22, 19, 17, 18, 12, 8, 26][9, 23, 14, 1, 4, 7, 20][5, 21, 15, 27][6, 10, 2, 29][3, 11, 25, 28][16, 27, 29][3, 24][0, 28][0, 18][14, 24][0, 13][6, 13] 
[22, 19, 17, 18, 12, 8, 26][24, 3, 11, 25, 28][9, 23, 14, 7, 20][5, 15, 16, 27, 29][13, 6, 21][2, 10, 21][1, 4, 20][0, 28][0, 18][14, 24][0, 13][6, 16] 
[22, 19, 17, 18, 12, 8, 26][24, 3, 11, 25, 28][9, 23, 14, 7, 20][5, 15, 16, 27, 29][9, 1, 4, 20][13, 6, 21][2, 10, 21][0, 28][0, 18][14, 24][0, 13][6, 16] 
[22, 19, 17, 18, 12, 8, 26][5, 15, 16, 27, 29][24, 3, 11, 25, 28][9, 23, 14, 7, 20][9, 1, 4, 20][13, 6, 21][2, 10, 21][0, 13][0, 18][6, 16][0, 28][14, 24] 
[9, 23, 14, 1, 4, 7, 20][22, 19, 17, 18, 12, 8, 26][5, 15, 16, 27, 29][3, 11, 25, 28][13, 6, 21][2, 10, 21][6, 16][0, 13][0, 28][3, 24][14, 24][0, 18] 
[9, 23, 14, 1, 4, 7, 20][22, 19, 17, 18, 12, 8, 26][24, 3, 11, 25, 28][13, 6, 21][16, 27, 29][5, 15, 27][10, 2, 29][14, 24][0, 28][0, 13][6, 16][0, 18] 
[22, 19, 17, 18, 12, 8, 26][9, 23, 1, 4, 7, 20][5, 15, 16, 27, 29][24, 3, 11, 25, 28][13, 6, 21][2, 10, 21][9, 14, 20][6, 16][0, 13][0, 18][0, 28][14, 24] 
[9, 23, 14, 1, 4, 7, 20][22, 19, 17, 18, 12, 8, 26][5, 15, 16, 27, 29][3, 11, 25, 28][13, 6, 21][2, 10, 21][6, 16][0, 13][0, 28][3, 24][14, 24][0, 18] 
[9, 23, 14, 1, 4, 7, 20][22, 19, 17, 18, 12, 8, 26][5, 15, 16, 27, 29][3, 11, 25, 28][13, 6, 21][2, 10, 21][3, 24][14, 24][0, 28][0, 18][0, 13][6, 16] 
[9, 23, 14, 1, 4, 7, 20][22, 19, 17, 18, 12, 8, 26][24, 3, 11, 25, 28][13, 6, 21][16, 27, 29][5, 15, 27][10, 2, 29][14, 24][0, 28][0, 13][6, 16][0, 18] 
[22, 19, 17, 18, 12, 8, 26][9, 23, 14, 1, 4, 7, 20][5, 21, 15, 27][6, 10, 2, 29][3, 11, 25, 28][16, 27, 29][3, 24][0, 28][0, 18][14, 24][0, 13][6, 13] 
[22, 19, 17, 18, 12, 8, 26][5, 15, 16, 27, 29][24, 3, 11, 25, 28][9, 23, 14, 7, 20][9, 1, 4, 20][13, 6, 21][2, 10, 21][0, 13][0, 18][6, 16][0, 28][14, 24] 
[22, 19, 17, 18, 12, 8, 26][24, 3, 11, 25, 28][9, 23, 14, 7, 20][5, 15, 16, 27, 29][9, 1, 4, 20][13, 6, 21][2, 10, 21][0, 28][0, 18][14, 24][0, 13][6, 16] 
[22, 19, 17, 18, 12, 8, 26][24, 3, 11, 25, 28][9, 23, 14, 7, 20][5, 15, 16, 27, 29][9, 1, 4, 20][13, 6, 21][2, 10, 21][0, 28][0, 18][14, 24][0, 13][6, 16] 
[9, 23, 14, 1, 4, 7, 20][22, 19, 17, 18, 12, 8, 26][5, 15, 16, 27, 29][3, 11, 25, 28][13, 6, 21][2, 10, 21][6, 16][0, 13][0, 28][3, 24][14, 24][0, 18] 
[9, 23, 14, 1, 4, 7, 20][22, 19, 17, 18, 12, 8, 26][24, 3, 11, 25, 28][13, 6, 21][16, 27, 29][5, 15, 27][10, 2, 29][14, 24][0, 28][0, 18][0, 13][6, 16] 
[22, 19, 17, 18, 12, 8, 26][24, 3, 11, 25, 28][9, 23, 14, 7, 20][5, 15, 16, 27, 29][9, 1, 4, 20][13, 6, 21][2, 10, 21][0, 28][0, 18][14, 24][0, 13][6, 16] 
[9, 23, 14, 1, 4, 7, 20][22, 19, 17, 18, 12, 8, 26][5, 15, 16, 27, 29][3, 11, 25, 28][13, 6, 21][2, 10, 21][6, 16][0, 13][0, 28][3, 24][14, 24][0, 18] 
[9, 23, 14, 1, 4, 7, 20][22, 19, 17, 18, 12, 8, 26][5, 15, 16, 27, 29][3, 11, 25, 28][13, 6, 21][2, 10, 21][6, 16][0, 13][0, 28][3, 24][14, 24][0, 18] 
[9, 23, 14, 1, 4, 7, 20][22, 19, 17, 18, 12, 8, 26][24, 3, 11, 25, 28][13, 6, 21][16, 27, 29][5, 15, 27][10, 2, 29][14, 24][0, 28][0, 13][6, 16][0, 18] 
[9, 23, 14, 1, 4, 7, 20][22, 19, 17, 18, 12, 8, 26][5, 15, 16, 27, 29][3, 11, 25, 28][13, 6, 21][2, 10, 21][6, 16][0, 13][0, 28][3, 24][14, 24][0, 18] 
[9, 23, 14, 1, 4, 7, 20][22, 19, 17, 18, 12, 8, 26][5, 15, 16, 27, 29][3, 11, 25, 28][13, 6, 21][2, 10, 21][6, 16][0, 13][0, 28][3, 24][14, 24][0, 18] 
[9, 23, 14, 1, 4, 7, 20][22, 19, 17, 18, 12, 8, 26][5, 15, 16, 27, 29][3, 11, 25, 28][13, 6, 21][2, 10, 21][6, 16][0, 13][0, 28][3, 24][14, 24][0, 18] 
[16, 27, 2, 6, 13, 0, 25, 11, 3, 24][7, 28, 0, 22, 19, 17, 18, 12, 8, 26][9, 23, 14, 1, 4, 7, 20][15, 5, 21, 2, 29][6, 10][0, 28][0, 13][0, 28][0, 28][8, 26][0, 28][3, 11] 
[16, 27, 2, 6, 13, 0, 25, 11, 3, 24][7, 28, 0, 22, 19, 17, 18, 12, 8, 26][9, 23, 14, 1, 4, 7, 20][15, 5, 21, 2, 29][6, 10][0, 28][0, 13][0, 28][0, 28][8, 26][0, 28][3, 11] 
[16, 27, 2, 6, 13, 0, 25, 11, 3, 24][7, 28, 0, 22, 19, 17, 18, 12, 8, 26][9, 23, 14, 1, 4, 7, 20][15, 5, 21, 2, 29][6, 10][0, 28][0, 13][0, 28][0, 28][8, 26][0, 28][3, 11] 
[16, 27, 2, 6, 13, 0, 25, 11, 3, 24][7, 28, 0, 22, 19, 17, 18, 12, 8][9, 23, 14, 1, 4, 7, 20][15, 5, 21, 2, 29][6, 10][0, 28][0, 13][0, 28][0, 28][8, 26][0, 28][3, 11] 
[16, 27, 2, 6, 13, 0, 25, 11, 3, 24][7, 28, 0, 22, 19, 17, 18, 12, 8][9, 23, 14, 1, 4, 7, 20][15, 5, 21, 2, 29][6, 10][0, 28][0, 13][0, 28][0, 28][8, 26][0, 28][3, 11] 
[15, 16, 27, 10, 29, 2, 21, 5, 6, 13, 0, 25, 11, 3, 24][22, 19, 17, 18, 12, 8, 26][4, 1, 14, 23, 9][4, 20, 7, 28][3, 24][25, 28][0, 18][8, 26][6, 13][7, 20][7, 20][8, 26] 
[16, 27, 2, 6, 13, 0, 25, 11, 3, 24][7, 28, 0, 22, 19, 17, 18, 12, 8, 26][9, 23, 14, 1, 4, 7, 20][15, 5, 21, 2, 29][6, 10][0, 28][0, 13][0, 28][0, 28][8, 26][0, 28][3, 11] 
[16, 27, 2, 6, 13, 0, 25, 11, 3, 24][7, 28, 0, 22, 19, 17, 18, 12, 8, 26][9, 23, 14, 1, 4, 7, 20][15, 5, 21, 2, 29][6, 10][0, 28][0, 13][0, 28][0, 28][8, 26][0, 28][3, 11] 
[16, 27, 2, 6, 13, 0, 25, 11, 3, 24][7, 28, 0, 22, 19, 17, 18, 12, 8][9, 23, 14, 1, 4, 7, 20][15, 5, 21, 2, 29][6, 10][0, 28][0, 13][0, 28][0, 28][8, 26][0, 28][3, 11] 
[16, 27, 2, 6, 13, 0, 25, 11, 3, 24][7, 28, 0, 22, 19, 17, 18, 12, 8, 26][9, 23, 14, 1, 4, 7, 20][15, 5, 21, 2, 29][6, 10][0, 28][0, 13][0, 28][0, 28][8, 26][0, 28][3, 11] 
[16, 27, 2, 6, 13, 0, 25, 11, 3, 24][7, 28, 0, 22, 19, 17, 18, 12, 8, 26][9, 23, 14, 1, 4, 7, 20][15, 5, 21, 2, 29][6, 10][0, 28][0, 13][0, 28][0, 28][8, 26][0, 28][3, 11] 
[16, 27, 2, 6, 13, 0, 25, 11, 3, 24][7, 28, 0, 22, 19, 17, 18, 12, 8, 26][9, 23, 14, 1, 4, 7, 20][15, 5, 21, 2, 29][6, 10][0, 28][0, 13][0, 28][0, 28][8, 26][0, 28][3, 11] 
[16, 27, 2, 6, 13, 0, 25, 11, 3, 24][7, 28, 0, 22, 19, 17, 18, 12, 8][9, 23, 14, 1, 4, 7, 20][15, 5, 21, 2, 29][6, 10][0, 28][0, 13][0, 28][0, 28][8, 26][0, 28][3, 11] 
[16, 27, 2, 6, 13, 0, 25, 11, 3, 24][7, 28, 0, 22, 19, 17, 18, 12, 8, 26][9, 23, 14, 1, 4, 7, 20][15, 5, 21, 2, 29][6, 10][0, 28][0, 13][0, 28][0, 28][8, 26][0, 28][3, 11] 
[16, 27, 2, 6, 13, 0, 25, 11, 3, 24][7, 28, 0, 22, 19, 17, 18, 12, 8, 26][9, 23, 14, 1, 4, 7, 20][15, 5, 21, 2, 29][6, 10][0, 28][0, 13][0, 28][0, 28][8, 26][0, 28][3, 11] 
[15, 16, 27, 29, 2, 6, 13, 0, 25, 11, 3, 24][7, 28, 0, 22, 19, 17, 18, 12, 8, 26][9, 23, 14, 1, 4, 7, 20][15, 5, 21][6, 10][0, 28][0, 13][0, 28][0, 28][8, 26][0, 28][3, 11] 
[15, 16, 27, 29, 2, 6, 13, 0, 25, 11, 3, 24][7, 28, 0, 22, 19, 17, 18, 12, 8, 26][9, 23, 14, 1, 4, 7, 20][15, 5, 21][6, 10][0, 28][0, 13][0, 28][0, 28][8, 26][0, 28][3, 11] 
[16, 27, 2, 6, 13, 0, 25, 11, 3, 24][7, 28, 0, 22, 19, 17, 18, 12, 8, 26][9, 23, 14, 1, 4, 7, 20][15, 5, 21, 2, 29][6, 10][0, 28][0, 13][0, 28][0, 28][8, 26][0, 28][3, 11] 
[15, 16, 27, 29, 2, 6, 13, 0, 25, 11, 3, 24][7, 28, 0, 22, 19, 17, 18, 12, 8, 26][9, 23, 14, 1, 4, 7, 20][15, 5, 21][6, 10][0, 28][0, 13][0, 28][0, 28][8, 26][0, 28][3, 11] 
[15, 16, 27, 29, 2, 6, 13, 0, 25, 11, 3, 24][7, 28, 0, 22, 19, 17, 18, 12, 8, 26][9, 23, 14, 1, 4, 7, 20][15, 5, 21][6, 10][0, 28][0, 13][0, 28][0, 28][8, 26][0, 28][3, 11] 
[15, 16, 27, 29, 2, 6, 13, 0, 25, 11, 3, 24][7, 28, 0, 22, 19, 17, 18, 12, 8, 26][9, 23, 14, 1, 4, 7, 20][15, 5, 21][6, 10][0, 28][0, 13][0, 28][0, 28][8, 26][0, 28][3, 11] 
[22, 19, 17, 18, 12, 8, 26][9, 23, 14, 1, 4, 7, 20][5, 15, 16, 27, 29][3, 11, 25, 28][13, 6, 21][2, 10, 21][0, 28][0, 13][0, 18][6, 16][3, 24][14, 24] 
[22, 19, 17, 18, 12, 8, 26][24, 3, 11, 25, 28][9, 23, 14, 7, 20][5, 15, 16, 27, 29][9, 1, 4, 20][13, 6, 21][2, 10, 21][0, 28][0, 18][14, 24][0, 13][6, 16] 
[22, 19, 17, 18, 12, 8, 26][24, 3, 11, 25, 28][9, 23, 14, 7, 20][5, 15, 16, 27, 29][9, 1, 4, 20][13, 6, 21][2, 10, 21][0, 28][0, 18][14, 24][0, 13][6, 16] 
[22, 19, 17, 18, 12, 8, 26][24, 3, 11, 25, 28][9, 23, 14, 7, 20][5, 15, 16, 27, 29][9, 1, 4, 20][13, 6, 21][2, 10, 21][0, 28][0, 18][14, 24][0, 13][6, 16] 
[22, 19, 17, 18, 12, 8, 26][24, 3, 11, 25, 28][9, 23, 14, 7, 20][5, 15, 16, 27, 29][9, 1, 4, 20][13, 6, 21][2, 10, 21][0, 28][0, 18][14, 24][0, 13][6, 16] 
[22, 19, 17, 18, 12, 8, 26][24, 3, 11, 25, 28][9, 23, 14, 7, 20][5, 15, 16, 27, 29][9, 1, 4, 20][13, 6, 21][2, 10, 21][0, 28][0, 18][14, 24][0, 13][6, 16] 
[22, 19, 17, 18, 12, 8, 26][24, 3, 11, 25, 28][9, 23, 14, 7, 20][5, 15, 16, 27, 29][9, 1, 4, 20][13, 6, 21][2, 10, 21][14, 24][0, 28][0, 18][0, 13][6, 16] 
[22, 19, 17, 18, 12, 8, 26][24, 3, 11, 25, 28][9, 23, 14, 7, 20][5, 15, 16, 27, 29][9, 1, 4, 20][13, 6, 21][2, 10, 21][0, 28][0, 18][14, 24][0, 13][6, 16] 
[22, 19, 17, 18, 12, 8, 26][5, 15, 16, 27, 29][24, 3, 11, 25, 28][9, 23, 14, 7, 20][9, 1, 4, 20][2, 10, 21][13, 6, 21][6, 16][0, 13][0, 28][0, 18][14, 24] 
[22, 19, 17, 18, 12, 8, 26][24, 3, 11, 25, 28][9, 23, 14, 7, 20][5, 15, 16, 27, 29][9, 1, 4, 20][13, 6, 21][2, 10, 21][0, 28][14, 24][0, 13][0, 18][6, 16] 
[22, 19, 17, 18, 12, 8, 26][24, 3, 11, 25, 28][9, 23, 14, 7, 20][5, 15, 16, 27, 29][9, 1, 4, 20][13, 6, 21][2, 10, 21][14, 24][0, 28][0, 18][0, 13][6, 16] 
[22, 19, 17, 18, 12, 8, 26][24, 3, 11, 25, 28][9, 23, 14, 7, 20][5, 15, 16, 27, 29][9, 1, 4, 20][13, 6, 21][2, 10, 21][0, 28][0, 18][14, 24][0, 13][6, 16] 
[22, 19, 17, 18, 12, 8, 26][24, 3, 11, 25, 28][9, 23, 14, 7, 20][5, 15, 16, 27, 29][9, 1, 4, 20][13, 6, 21][2, 10, 21][0, 28][0, 18][14, 24][0, 13][6, 16] 
[22, 19, 17, 18, 12, 8, 26][24, 3, 11, 25, 28][9, 23, 14, 7, 20][5, 15, 16, 27, 29][9, 1, 4, 20][13, 6, 21][2, 10, 21][0, 28][14, 24][0, 13][0, 18][6, 16] 
[22, 19, 17, 18, 12, 8, 26][24, 3, 11, 25, 28][9, 23, 14, 7, 20][5, 15, 16, 27, 29][9, 1, 4, 20][13, 6, 21][2, 10, 21][0, 28][0, 18][14, 24][0, 13][6, 16] 
[9, 23, 14, 1, 4, 7, 20][22, 19, 17, 18, 12, 8, 26][5, 15, 16, 27, 29][3, 11, 25, 28][13, 6, 21][2, 10, 21][6, 16][0, 13][0, 28][3, 24][14, 24][0, 18] 
[22, 19, 17, 18, 12, 8, 26][9, 23, 14, 1, 4, 7, 20][5, 15, 16, 27, 29][3, 11, 25, 28][13, 6, 21][2, 10, 21][6, 16][0, 13][0, 18][0, 28][3, 24][14, 24] 
[9, 23, 14, 1, 4, 7, 20][22, 19, 17, 18, 12, 8, 26][5, 15, 16, 27, 29][3, 11, 25, 28][13, 6, 21][2, 10, 21][14, 24][3, 24][0, 28][0, 13][6, 16][0, 18] 
[9, 23, 14, 1, 4, 7, 20][22, 19, 17, 18, 12, 8, 26][5, 15, 16, 27, 29][3, 11, 25, 28][13, 6, 21][2, 10, 21][6, 16][0, 13][0, 28][3, 24][14, 24][0, 18] 
[9, 23, 14, 1, 4, 7, 20][22, 19, 17, 18, 12, 8, 26][5, 15, 16, 27, 29][3, 11, 25, 28][13, 6, 21][2, 10, 21][14, 24][3, 24][0, 28][0, 13][6, 16][0, 18] 
[9, 23, 14, 1, 4, 7, 20][22, 19, 17, 18, 12, 8, 26][24, 3, 11, 25, 28][5, 15, 27, 29][13, 6, 21][2, 10, 21][16, 27, 29][0, 28][0, 13][14, 24][0, 18][6, 16] 
[22, 19, 17, 18, 12, 8, 26][24, 3, 11, 25, 28][9, 23, 14, 7, 20][5, 15, 16, 27, 29][9, 1, 4, 20][13, 6, 21][2, 10, 21][0, 28][0, 18][14, 24][0, 13][6, 16] 
[22, 19, 17, 18, 12, 8, 26][24, 3, 11, 25, 28][9, 23, 14, 7, 20][5, 15, 16, 27, 29][9, 1, 4, 20][13, 6, 21][2, 10, 21][0, 28][0, 18][14, 24][0, 13][6, 16] 
[22, 19, 17, 18, 12, 8, 26][24, 3, 11, 25, 28][9, 23, 14, 7, 20][5, 15, 16, 27, 29][9, 1, 4, 20][13, 6, 21][2, 10, 21][0, 28][0, 18][14, 24][0, 13][6, 16] 
[22, 19, 17, 18, 12, 8, 26][5, 15, 16, 27, 29][24, 3, 11, 25, 28][9, 23, 14, 7, 20][9, 1, 4, 20][2, 10, 21][13, 6, 21][6, 16][0, 13][0, 28][0, 18][14, 24] 
[22, 19, 17, 18, 12, 8, 26][24, 3, 11, 25, 28][9, 23, 14, 7, 20][5, 15, 16, 27, 29][9, 1, 4, 20][13, 6, 21][2, 10, 21][0, 28][0, 18][14, 24][0, 13][6, 16] 
[22, 19, 17, 18, 12, 8, 26][24, 3, 11, 25, 28][9, 23, 14, 7, 20][5, 15, 16, 27, 29][9, 1, 4, 20][13, 6, 21][2, 10, 21][14, 24][0, 28][0, 18][0, 13][6, 16] 
[22, 19, 17, 18, 12, 8, 26][24, 3, 11, 25, 28][9, 23, 14, 7, 20][5, 15, 16, 27, 29][9, 1, 4, 20][13, 6, 21][2, 10, 21][0, 28][0, 18][14, 24][0, 13][6, 16] 
[9, 23, 14, 1, 4, 7, 20][22, 19, 17, 18, 12, 8, 26][5, 15, 16, 27, 29][3, 11, 25, 28][13, 6, 21][2, 10, 21][6, 16][0, 13][0, 28][3, 24][14, 24][0, 18] 
[9, 23, 14, 1, 4, 7, 20][22, 19, 17, 18, 12, 8, 26][5, 15, 16, 27, 29][3, 11, 25, 28][13, 6, 21][2, 10, 21][3, 24][14, 24][0, 28][0, 13][0, 18][6, 16] 
[9, 23, 14, 1, 4, 7, 20][22, 19, 17, 18, 12, 8, 26][5, 15, 16, 27, 29][3, 11, 25, 28][13, 6, 21][2, 10, 21][6, 16][0, 13][0, 28][3, 24][14, 24][0, 18] 
[9, 23, 14, 1, 4, 7, 20][22, 19, 17, 18, 12, 8, 26][5, 15, 16, 27, 29][3, 11, 25, 28][13, 6, 21][2, 10, 21][6, 16][0, 13][0, 28][3, 24][14, 24][0, 18] 
[9, 23, 14, 1, 4, 7, 20][22, 19, 17, 18, 12, 8, 26][5, 15, 16, 27, 29][3, 11, 25, 28][13, 6, 21][2, 10, 21][6, 16][0, 13][0, 28][3, 24][14, 24][0, 18] 
[9, 23, 14, 1, 4, 7, 20][22, 19, 17, 18, 12, 8, 26][5, 15, 16, 27, 29][3, 11, 25, 28][13, 6, 21][2, 10, 21][6, 16][0, 13][0, 28][3, 24][14, 24][0, 18] 
[9, 23, 14, 1, 4, 7, 20][22, 19, 17, 18, 12, 8, 26][5, 15, 16, 27, 29][3, 11, 25, 28][13, 6, 21][2, 10, 21][6, 16][0, 13][0, 28][3, 24][14, 24][0, 18] 
[9, 23, 14, 1, 4, 7, 20][22, 19, 17, 18, 12, 8, 26][5, 15, 16, 27, 29][3, 11, 25, 28][13, 6, 21][2, 10, 21][6, 16][0, 13][0, 28][3, 24][14, 24][0, 18] 
[9, 23, 14, 1, 4, 7, 20][22, 19, 17, 18, 12, 8, 26][5, 15, 16, 27, 29][3, 11, 25, 28][13, 6, 21][2, 10, 21][6, 16][0, 13][0, 28][3, 24][14, 24][0, 18] 
[9, 23, 14, 1, 4, 7, 20][22, 19, 17, 18, 12, 8, 26][5, 15, 16, 27, 29][3, 11, 25, 28][13, 6, 21][2, 10, 21][6, 16][0, 13][0, 28][3, 24][14, 24][0, 18] 
[9, 23, 14, 1, 4, 7, 20][22, 19, 17, 18, 12, 8, 26][5, 15, 16, 27, 29][3, 11, 25, 28][13, 6, 21][2, 10, 21][6, 16][0, 13][0, 28][3, 24][14, 24][0, 18] 
[9, 23, 14, 1, 4, 7, 20][22, 19, 17, 18, 12, 8, 26][5, 15, 16, 27, 29][3, 11, 25, 28][13, 6, 21][2, 10, 21][6, 16][0, 13][0, 28][3, 24][14, 24][0, 18] 
[9, 23, 14, 1, 4, 7, 20][22, 19, 17, 18, 12, 8, 26][5, 15, 16, 27, 29][3, 11, 25, 28][13, 6, 21][2, 10, 21][6, 16][0, 13][0, 28][3, 24][14, 24][0, 18] 
[9, 23, 14, 1, 4, 7, 20][22, 19, 17, 18, 12, 8, 26][5, 15, 16, 27, 29][3, 11, 25, 28][13, 6, 21][2, 10, 21][6, 16][0, 13][0, 28][3, 24][14, 24][0, 18] 
[9, 23, 14, 1, 4, 7, 20][22, 19, 17, 18, 12, 8, 26][5, 15, 16, 27, 29][3, 11, 25, 28][13, 6, 21][2, 10, 21][3, 24][14, 24][0, 28][0, 13][0, 18][6, 16] 
[22, 19, 17, 18, 12, 8, 26][9, 23, 14, 1, 4, 7, 20][5, 15, 16, 27, 29][24, 3, 11, 25, 28][13, 6, 21][2, 10, 21][6, 16][0, 13][0, 28][3, 11][0, 18][14, 24] 
[22, 19, 17, 18, 12, 8, 26][9, 23, 14, 1, 4, 7, 20][5, 15, 16, 27, 29][24, 3, 11, 25, 28][13, 6, 21][2, 10, 21][6, 16][0, 13][0, 28][3, 11][0, 18][14, 24] 
[22, 19, 17, 18, 12, 8, 26][9, 1, 4, 20, 7, 14, 23][5, 15, 16, 27, 29][24, 3, 11, 25, 28][13, 6, 21][2, 10, 21][6, 16][0, 13][0, 28][3, 11][0, 18][14, 24] 
[22, 19, 17, 18, 12, 8, 26][9, 1, 4, 20, 7, 14, 23][5, 15, 16, 27, 29][24, 3, 11, 25, 28][13, 6, 21][2, 10, 21][6, 16][0, 13][0, 28][3, 11][0, 18][14, 24] 
[22, 19, 17, 18, 12, 8, 26][9, 23, 14, 1, 4, 7, 20][5, 15, 16, 27, 29][24, 3, 11, 25, 28][13, 6, 21][2, 10, 21][6, 16][0, 13][0, 28][3, 11][0, 18][14, 24] 
[22, 19, 17, 18, 12, 8, 26][9, 23, 14, 1, 4, 7, 20][21, 5, 15, 16, 27, 29][24, 3, 11, 25, 28][2, 10, 6][6, 13][0, 13][0, 18][6, 16][16, 27][0, 28][7, 28] 
[22, 19, 17, 18, 12, 8, 26][5, 15, 16, 27, 29][24, 3, 11, 25, 28][9, 23, 14, 7, 20][9, 1, 4, 20][2, 10, 21][13, 6, 21][6, 16][0, 13][0, 28][0, 18][14, 24] 
[22, 19, 17, 18, 12, 8, 26][24, 3, 11, 25, 28][9, 23, 14, 7, 20][5, 15, 16, 27, 29][9, 1, 4, 20][13, 6, 21][2, 10, 21][0, 28][0, 18][14, 24][0, 13][6, 16] 
[22, 19, 17, 18, 12, 8, 26][24, 3, 11, 25, 28][9, 23, 14, 7, 20][5, 15, 16, 27, 29][9, 1, 4, 20][13, 6, 21][2, 10, 21][0, 28][0, 18][14, 24][0, 13][6, 16] 
[22, 19, 17, 18, 12, 8, 26][9, 23, 1, 4, 7, 20][5, 15, 16, 27, 29][24, 3, 11, 25, 28][13, 6, 21][2, 10, 21][9, 14, 20][6, 16][0, 13][0, 18][0, 28][14, 24] 
[22, 19, 17, 18, 12, 8, 26][24, 3, 11, 25, 28][9, 23, 14, 7, 20][5, 15, 16, 27, 29][9, 1, 4, 20][13, 6, 21][2, 10, 21][0, 28][0, 18][14, 24][0, 13][6, 16] 
[22, 19, 17, 18, 12, 8, 26][9, 23, 14, 1, 4, 7, 20][5, 15, 16, 27, 29][3, 11, 25, 28][13, 6, 21][2, 10, 21][6, 16][0, 13][0, 18][0, 28][3, 24][14, 24] 
[22, 19, 17, 18, 12, 8, 26][24, 3, 11, 25, 28][9, 23, 14, 7, 20][5, 15, 16, 27, 29][9, 1, 4, 20][13, 6, 21][2, 10, 21][0, 28][0, 18][14, 24][0, 13][6, 16] 
