[7, 16, 27, 29, 2, 10][3, 24, 4, 23, 1, 9][14, 11, 25, 28, 0, 26][5, 21, 15, 6][8, 12, 22, 17][13, 18, 19][7, 20][20, 24][10, 15][14, 24][17, 28][12, 19] 
[7, 16, 27, 29, 2, 10][3, 24, 4, 23, 1, 9][14, 11, 25, 28, 0, 26][8, 12, 22, 17][5, 21, 15, 6][13, 18, 19][7, 20][20, 24][14, 24][17, 28][12, 19][10, 15] 
[14, 11, 25, 28, 0, 26][3, 24, 4, 23, 1, 9][7, 16, 27, 29, 2, 10][8, 12, 22, 17][5, 21, 15, 6][13, 18, 19][12, 19][17, 28][14, 24][20, 24][7, 20][10, 15] 
[14, 11, 25, 28, 0, 26][3, 24, 4, 23, 1, 9][7, 16, 27, 29, 2, 10][8, 12, 22, 17][5, 21, 15, 6][13, 18, 19][14, 24][17, 28][20, 24][7, 20][10, 15][12, 19] 
[14, 11, 25, 28, 0, 26][3, 24, 4, 23, 1, 9][10, 2, 29, 27, 16][8, 12, 22, 17][5, 21, 15, 6][16, 7, 20][13, 18, 19][14, 24][17, 28][12, 19][10, 15][20, 24] 
[14, 11, 25, 28, 0, 26][3, 24, 4, 23, 1, 9][10, 2, 29, 27, 16][8, 12, 22, 17][5, 21, 15, 6][16, 7, 20][13, 18, 19][14, 24][17, 28][12, 19][10, 15][20, 24] 
[14, 11, 25, 28, 0, 26][3, 24, 4, 23, 1, 9][10, 2, 29, 27, 16][8, 12, 22, 17][5, 21, 15, 6][13, 18, 19][16, 7, 20][12, 19][17, 28][14, 24][20, 24][10, 15] 
[14, 11, 25, 28, 0, 26][3, 24, 4, 23, 1, 9][10, 2, 29, 27, 16][8, 12, 22, 17][5, 21, 15, 6][13, 18, 19][16, 7, 20][17, 28][12, 19][14, 24][20, 24][10, 15] 
[14, 11, 25, 28, 0, 26][3, 24, 4, 23, 1, 9][10, 2, 29, 27, 16][8, 12, 22, 17][5, 21, 15, 6][16, 7, 20][13, 18, 19][14, 24][17, 28][12, 19][10, 15][20, 24] 
[14, 11, 25, 28, 0, 26][3, 24, 4, 23, 1, 9][10, 2, 29, 27, 16][8, 12, 22, 17][5, 21, 15, 6][16, 7, 20][13, 18, 19][14, 24][17, 28][12, 19][10, 15][20, 24] 
[7, 16, 27, 29, 2, 10][3, 24, 4, 23, 1, 9][14, 11, 25, 28, 0, 26][5, 21, 15, 6][8, 12, 22, 17][13, 18, 19][7, 20][20, 24][10, 15][14, 24][17, 28][12, 19] 
[7, 16, 27, 29, 2, 10][3, 24, 4, 23, 1, 9][14, 11, 25, 28, 0, 26][5, 21, 15, 6][8, 12, 22, 17][13, 18, 19][7, 20][20, 24][10, 15][14, 24][17, 28][12, 19] 
[7, 16, 27, 29, 2, 10][3, 24, 4, 23, 1, 9][14, 11, 25, 28, 0, 26][5, 21, 15, 6][8, 12, 22, 17][13, 18, 19][7, 20][20, 24][10, 15][14, 24][17, 28][12, 19] 
[14, 11, 25, 28, 0, 26][3, 24, 4, 23, 1, 9][10, 2, 29, 27, 16][8, 12, 22, 17][5, 21, 15, 6][16, 7, 20][13, 18, 19][14, 24][17, 28][12, 19][10, 15][20, 24] 
[14, 11, 25, 28, 0, 26][3, 24, 4, 23, 1, 9][10, 2, 29, 27, 16][8, 12, 22, 17][5, 21, 15, 6][16, 7, 20][13, 18, 19][14, 24][17, 28][12, 19][10, 15][20, 24] 
[14, 11, 25, 28, 0, 26][3, 24, 4, 23, 1, 9][10, 2, 29, 27, 16][8, 12, 22, 17][5, 21, 15, 6][16, 7, 20][13, 18, 19][14, 24][17, 28][12, 19][10, 15][20, 24] 
[7, 16, 27, 29, 2, 10][3, 24, 4, 23, 1, 9][14, 11, 25, 28, 0, 26][5, 21, 15, 6][8, 12, 22, 17][13, 18, 19][7, 20][20, 24][10, 15][14, 24][17, 28][12, 19] 
[7, 16, 27, 29, 2, 10][3, 24, 4, 23, 1, 9][14, 11, 25, 28, 0, 26][5, 21, 15, 6][8, 12, 22, 17][13, 18, 19][7, 20][20, 24][10, 15][14, 24][17, 28][12, 19] 
[3, 24, 4, 23, 1, 9][14, 11, 25, 28, 0, 26][10, 2, 29, 27, 16][5, 21, 15, 6][8, 12, 22, 17][16, 7, 20][13, 18, 19][20, 24][10, 15][14, 24][17, 28][12, 19] 
[7, 16, 27, 29, 2, 10][3, 24, 4, 23, 1, 9][14, 11, 25, 28, 0, 26][5, 21, 15, 6][8, 12, 22, 17][13, 18, 19][7, 20][20, 24][10, 15][14, 24][17, 28][12, 19] 
[7, 16, 27, 29, 2, 10][3, 24, 4, 23, 1, 9][14, 11, 25, 28, 0, 26][5, 21, 15, 6][8, 12, 22, 17][13, 18, 19][7, 20][20, 24][10, 15][14, 24][17, 28][12, 19] 
[7, 16, 27, 29, 2, 10][3, 24, 4, 23, 1, 9][14, 11, 25, 28, 0, 26][5, 21, 15, 6][8, 12, 22, 17][13, 18, 19][7, 20][20, 24][10, 15][14, 24][17, 28][12, 19] 
[14, 11, 25, 28, 0, 26][3, 24, 4, 23, 1, 9][7, 16, 27, 29, 2, 10][8, 12, 22, 17][5, 21, 15, 6][13, 18, 19][17, 28][14, 24][20, 24][7, 20][12, 19][10, 15] 
[14, 11, 25, 28, 0, 26][3, 24, 4, 23, 1, 9][10, 2, 29, 27, 16][8, 12, 22, 17][5, 21, 15, 6][16, 7, 20][13, 18, 19][14, 24][17, 28][12, 19][10, 15][20, 24] 
[14, 11, 25, 28, 0, 26][3, 24, 4, 23, 1, 9][10, 2, 29, 27, 16][8, 12, 22, 17][5, 21, 15, 6][13, 18, 19][16, 7, 20][17, 28][12, 19][14, 24][20, 24][10, 15] 
[14, 11, 25, 28, 0, 26][3, 24, 4, 23, 1, 9][10, 2, 29, 27, 16][8, 12, 22, 17][5, 21, 15, 6][16, 7, 20][13, 18, 19][14, 24][17, 28][12, 19][10, 15][20, 24] 
[7, 16, 27, 29, 2, 10][3, 24, 4, 23, 1, 9][14, 11, 25, 28, 0, 26][5, 21, 15, 6][8, 12, 22, 17][13, 18, 19][7, 20][20, 24][10, 15][14, 24][17, 28][12, 19] 
[7, 16, 27, 29, 2, 10][3, 24, 4, 23, 1, 9][14, 11, 25, 28, 0, 26][5, 21, 15, 6][8, 12, 22, 17][13, 18, 19][7, 20][20, 24][10, 15][14, 24][17, 28][12, 19] 
[14, 11, 25, 28, 0, 26][3, 24, 4, 23, 1, 9][10, 2, 29, 27, 16][8, 12, 22, 17][5, 21, 15, 6][13, 18, 19][16, 7, 20][12, 19][17, 28][14, 24][20, 24][10, 15] 
[7, 16, 27, 29, 2, 10][3, 24, 4, 23, 1, 9][14, 11, 25, 28, 0, 26][5, 21, 15, 6][8, 12, 22, 17][13, 18, 19][7, 20][20, 24][10, 15][14, 24][17, 28][12, 19] 
[7, 16, 27, 29, 2, 10][3, 24, 4, 23, 1, 9][14, 11, 25, 28, 0, 26][5, 21, 15, 6][8, 12, 22, 17][13, 18, 19][7, 20][20, 24][10, 15][14, 24][17, 28][12, 19] 
[7, 16, 27, 29, 2, 10][3, 24, 4, 23, 1, 9][14, 11, 25, 28, 0, 26][5, 21, 15, 6][8, 12, 22, 17][13, 18, 19][7, 20][20, 24][10, 15][14, 24][17, 28][12, 19] 
[3, 24, 4, 23, 1, 9][14, 11, 25, 28, 0, 26][10, 2, 29, 27, 16][5, 21, 15, 6][8, 12, 22, 17][16, 7, 20][13, 18, 19][20, 24][14, 24][10, 15][17, 28][12, 19] 
[7, 16, 27, 29, 2, 10][3, 24, 4, 23, 1, 9][14, 11, 25, 28, 0, 26][5, 21, 15, 6][8, 12, 22, 17][13, 18, 19][7, 20][20, 24][10, 15][14, 24][17, 28][12, 19] 
[7, 16, 27, 29, 2, 10][3, 24, 4, 23, 1, 9][14, 11, 25, 28, 0, 26][5, 21, 15, 6][8, 12, 22, 17][13, 18, 19][7, 20][20, 24][10, 15][14, 24][17, 28][12, 19] 
[9, 3, 23, 20, 7, 24, 1, 4, 14, 11, 17, 0, 19, 8, 26][17, 22, 18, 13, 6, 21, 5, 15, 29, 27][2, 10, 16, 28][16, 27][11, 25][12, 19][5, 21][13, 18][13, 18][13, 18][13, 18][13, 18] 
[9, 3, 23, 20, 7, 24, 1, 4, 14, 11, 17, 0, 19, 8, 26][17, 22, 18, 13, 6, 21, 5, 15, 29, 27][2, 10, 16, 28][16, 27][11, 25][12, 19][5, 21][13, 18][13, 18][13, 18][13, 18][13, 18] 
[9, 3, 23, 20, 7, 24, 1, 4, 14, 11, 17, 0, 19, 8, 26][17, 22, 18, 13, 6, 21, 5, 15, 29, 27][2, 10, 16, 28][16, 27][11, 25][12, 19][5, 21][13, 18][13, 18][13, 18][13, 18][13, 18] 
[9, 3, 23, 20, 7, 24, 1, 4, 14, 11, 17, 0, 19, 8, 26][22, 18, 13, 6, 21, 5, 15, 29, 27][0, 28, 16, 10, 2][13, 18][12, 22][11, 25][16, 27][13, 18][8, 19][13, 18][7, 24][16, 28] 
[9, 3, 23, 20, 7, 24, 1, 4, 14, 11, 17, 0, 19, 8, 26][22, 18, 13, 6, 21, 5, 15, 29, 27][0, 28, 16, 10, 2][13, 18][12, 22][11, 25][16, 27][13, 18][8, 19][13, 18][7, 24][16, 28] 
[9, 3, 23, 20, 7, 24, 1, 4, 14, 11, 17, 0, 19, 8, 26][25, 22, 18, 13, 6, 21, 5, 15, 29, 27][10, 2, 27][13, 18][12, 22][11, 25][16, 27][13, 18][8, 19][13, 18][7, 24][16, 28] 
[9, 3, 23, 20, 7, 24, 1, 4, 14, 11, 17, 0, 19, 8, 26][17, 22, 18, 13, 6, 21, 5, 15, 29, 27][2, 10, 16, 28][16, 27][11, 25][12, 19][5, 21][13, 18][13, 18][13, 18][13, 18][13, 18] 
[9, 3, 23, 20, 7, 24, 1, 4, 14, 11, 17, 0, 19, 8, 26][17, 22, 18, 13, 6, 21, 5, 15, 29, 27][2, 10, 16, 28][16, 27][11, 25][12, 19][5, 21][13, 18][13, 18][13, 18][13, 18][13, 18] 
[9, 3, 23, 20, 7, 24, 1, 4, 14, 11, 17, 0, 19, 8, 26][22, 18, 13, 6, 21, 5, 15, 29, 27][0, 28, 16, 10, 2][13, 18][12, 22][11, 25][16, 27][13, 18][8, 19][13, 18][7, 24][16, 28] 
[9, 3, 23, 20, 7, 24, 1, 4, 14, 11, 17, 0, 19, 8, 26][17, 22, 18, 13, 6, 21, 5, 15, 29, 27][2, 10, 16, 28][16, 27][11, 25][12, 19][5, 21][13, 18][13, 18][13, 18][13, 18][13, 18] 
[9, 3, 23, 20, 7, 24, 1, 4, 14, 11, 17, 0, 19, 8, 26][3, 11, 17, 22, 18, 13, 6, 21, 5, 15, 29, 27][2, 10, 16, 28][16, 27][11, 25][12, 19][5, 21][13, 18][13, 18][13, 18][13, 18][13, 18] 
[9, 3, 23, 20, 7, 24, 1, 4, 14, 11, 17, 0, 19, 8, 26][3, 11, 17, 22, 18, 13, 6, 21, 5, 15, 29, 27][2, 10, 16, 28][16, 27][11, 25][12, 19][5, 21][13, 18][13, 18][13, 18][13, 18][13, 18] 
[9, 3, 23, 20, 7, 24, 1, 4, 14, 11, 17, 0, 19, 8, 26][22, 18, 13, 6, 21, 5, 15, 29, 27][0, 28, 16, 10, 2][13, 18][12, 22][11, 25][16, 27][13, 18][8, 19][13, 18][7, 24][16, 28] 
[9, 3, 23, 20, 7, 24, 1, 4, 14, 11, 17, 0, 19, 8, 26][17, 22, 18, 13, 6, 21, 5, 15, 29, 27][2, 10, 16, 28][16, 27][11, 25][12, 19][5, 21][13, 18][13, 18][13, 18][13, 18][13, 18] 
[9, 3, 23, 20, 7, 24, 1, 4, 14, 11, 17, 0, 19, 8, 26][17, 22, 18, 13, 6, 21, 5, 15, 29, 27][2, 10, 16, 28][16, 27][11, 25][12, 19][5, 21][13, 18][13, 18][13, 18][13, 18][13, 18] 
[9, 3, 23, 20, 7, 24, 1, 4, 14, 11, 17, 0, 19, 8, 26][25, 11, 17, 22, 18, 13, 6, 21, 5, 15, 29][0, 28, 16, 10][5, 21][2, 10][12, 19][13, 18][13, 18][8, 19][13, 18][13, 18][16, 27] 
[9, 3, 23, 20, 7, 24, 1, 4, 14, 11, 17, 0, 19, 8, 26][25, 11, 17, 22, 18, 13, 6, 21, 5, 15, 29][0, 28, 16, 10][5, 21][2, 10][12, 19][13, 18][13, 18][8, 19][13, 18][13, 18][16, 27] 
[9, 3, 23, 20, 7, 24, 1, 4, 14, 11, 17, 0, 19, 8, 26][22, 18, 13, 6, 21, 5, 15, 29, 27][0, 28, 16, 10, 2][13, 18][16, 27][11, 25][12, 19][13, 18][5, 21][7, 24][13, 18][8, 19] 
[9, 3, 23, 20, 7, 24, 1, 4, 14, 11, 17, 0, 19, 8, 26][25, 11, 17, 22, 18, 13, 6, 21, 5, 15, 29][0, 28, 16, 10][5, 21][2, 10][12, 19][13, 18][13, 18][8, 19][13, 18][13, 18][16, 27] 
[9, 3, 23, 20, 7, 24, 1, 4, 14, 11, 17, 0, 19, 8, 26][25, 11, 17, 22, 18, 13, 6, 21, 5, 15, 29][0, 28, 16, 10][5, 21][2, 10][12, 19][13, 18][13, 18][8, 19][13, 18][13, 18][16, 27] 
[9, 3, 23, 20, 7, 24, 1, 4, 14, 11, 17, 0, 19, 8, 26][25, 11, 17, 22, 18, 13, 6, 21, 5, 15, 29, 27][0, 28, 16, 10, 2][16, 27][11, 25][12, 19][5, 21][13, 18][13, 18][13, 18][13, 18][13, 18] 
[14, 11, 25, 28, 0, 26][3, 24, 4, 23, 1, 9][10, 2, 29, 27, 16][8, 12, 22, 17][5, 21, 15, 6][16, 7, 20][13, 18, 19][14, 24][17, 28][12, 19][10, 15][20, 24] 
[14, 11, 25, 28, 0, 26][3, 24, 4, 23, 1, 9][10, 2, 29, 27, 16][8, 12, 22, 17][5, 21, 15, 6][16, 7, 20][13, 18, 19][14, 24][17, 28][12, 19][10, 15][20, 24] 
[14, 11, 25, 28, 0, 26][3, 24, 4, 23, 1, 9][10, 2, 29, 27, 16][8, 12, 22, 17][5, 21, 15, 6][16, 7, 20][13, 18, 19][14, 24][17, 28][12, 19][10, 15][20, 24] 
[3, 24, 4, 23, 1, 9][14, 11, 25, 28, 0, 26][10, 2, 29, 27, 16][8, 12, 22, 17][5, 21, 15, 6][16, 7, 20][13, 18, 19][20, 24][14, 24][17, 28][10, 15][12, 19] 
[14, 11, 25, 28, 0, 26][3, 24, 4, 23, 1, 9][10, 2, 29, 27, 16][8, 12, 22, 17][5, 21, 15, 6][16, 7, 20][13, 18, 19][14, 24][17, 28][12, 19][10, 15][20, 24] 
[14, 11, 25, 28, 0, 26][3, 24, 4, 23, 1, 9][10, 2, 29, 27, 16][8, 12, 22, 17][5, 21, 15, 6][16, 7, 20][13, 18, 19][14, 24][17, 28][12, 19][10, 15][20, 24] 
[14, 11, 25, 28, 0, 26][3, 24, 4, 23, 1, 9][10, 2, 29, 27, 16][8, 12, 22, 17][5, 21, 15, 6][13, 18, 19][16, 7, 20][17, 28][12, 19][14, 24][20, 24][10, 15] 
[3, 24, 4, 23, 1, 9][14, 11, 25, 28, 0, 26][10, 2, 29, 27, 16][8, 12, 22, 17][5, 21, 15, 6][16, 7, 20][13, 18, 19][20, 24][14, 24][17, 28][10, 15][12, 19] 
[14, 11, 25, 28, 0, 26][3, 24, 4, 23, 1, 9][10, 2, 29, 27, 16][8, 12, 22, 17][5, 21, 15, 6][16, 7, 20][13, 18, 19][14, 24][17, 28][12, 19][10, 15][20, 24] 
[14, 11, 25, 28, 0, 26][3, 24, 4, 23, 1, 9][10, 2, 29, 27, 16][8, 12, 22, 17][5, 21, 15, 6][16, 7, 20][13, 18, 19][14, 24][17, 28][12, 19][10, 15][20, 24] 
[3, 24, 4, 23, 1, 9][14, 11, 25, 28, 0, 26][10, 2, 29, 27, 16][5, 21, 15, 6][8, 12, 22, 17][16, 7, 20][13, 18, 19][10, 15][20, 24][14, 24][17, 28][12, 19] 
[3, 24, 4, 23, 1, 9][14, 11, 25, 28, 0, 26][10, 2, 29, 27, 16][5, 21, 15, 6][8, 12, 22, 17][16, 7, 20][13, 18, 19][20, 24][14, 24][10, 15][17, 28][12, 19] 
[14, 11, 25, 28, 0, 26][3, 24, 4, 23, 1, 9][10, 2, 29, 27, 16][8, 12, 22, 17][5, 21, 15, 6][16, 7, 20][13, 18, 19][14, 24][17, 28][12, 19][10, 15][20, 24] 
[14, 11, 25, 28, 0, 26][3, 24, 4, 23, 1, 9][10, 2, 29, 27, 16][8, 12, 22, 17][5, 21, 15, 6][16, 7, 20][13, 18, 19][14, 24][17, 28][12, 19][10, 15][20, 24] 
[3, 24, 4, 23, 1, 9][14, 11, 25, 28, 0, 26][10, 2, 29, 27, 16][5, 21, 15, 6][8, 12, 22, 17][16, 7, 20][13, 18, 19][20, 24][14, 24][10, 15][17, 28][12, 19] 
[3, 24, 4, 23, 1, 9][14, 11, 25, 28, 0, 26][10, 2, 29, 27, 16][5, 21, 15, 6][8, 12, 22, 17][16, 7, 20][13, 18, 19][20, 24][14, 24][6, 10][17, 28][12, 19] 
[7, 16, 27, 29, 2, 10][3, 24, 4, 23, 1, 9][14, 11, 25, 28, 0, 26][5, 21, 15, 6][8, 12, 22, 17][13, 18, 19][7, 20][20, 24][10, 15][14, 24][17, 28][12, 19] 
[14, 11, 25, 28, 0, 26][3, 24, 4, 23, 1, 9][7, 16, 27, 29, 2, 10][8, 12, 22, 17][5, 21, 15, 6][13, 18, 19][17, 28][12, 19][14, 24][20, 24][7, 20][10, 15] 
[7, 16, 27, 29, 2, 10][3, 24, 4, 23, 1, 9][14, 11, 25, 28, 0, 26][5, 21, 15, 6][8, 12, 22, 17][13, 18, 19][7, 20][20, 24][10, 15][14, 24][17, 28][12, 19] 
[14, 11, 25, 28, 0, 26][3, 24, 4, 23, 1, 9][7, 16, 27, 29, 2, 10][8, 12, 22, 17][5, 21, 15, 6][13, 18, 19][17, 28][12, 19][14, 24][20, 24][7, 20][10, 15] 
[3, 24, 4, 23, 1, 9][14, 11, 25, 28, 0, 26][5, 21, 15, 6, 10][8, 12, 22, 17][2, 29, 27, 16][16, 7, 20][13, 18, 19][14, 24][17, 28][20, 24][12, 19][10, 27] 
[3, 24, 4, 23, 1, 9][14, 11, 25, 28, 0, 26][10, 2, 29, 27, 16][5, 21, 15, 6][8, 12, 22, 17][16, 7, 20][13, 18, 19][10, 15][20, 24][14, 24][17, 28][12, 19] 
[14, 11, 25, 28, 0, 26][3, 24, 4, 23, 1, 9][10, 2, 29, 27, 16][8, 12, 22, 17][5, 21, 15, 6][13, 18, 19][16, 7, 20][17, 28][14, 24][12, 19][20, 24][10, 15] 
[14, 11, 25, 28, 0, 26][3, 24, 4, 23, 1, 9][10, 2, 29, 27, 16][8, 12, 22, 17][5, 21, 15, 6][13, 18, 19][16, 7, 20][12, 19][17, 28][14, 24][20, 24][10, 15] 
[3, 24, 4, 23, 1, 9][14, 11, 25, 28, 0, 26][10, 2, 29, 27, 16][5, 21, 15, 6][8, 12, 22, 17][16, 7, 20][13, 18, 19][20, 24][14, 24][10, 15][17, 28][12, 19] 
[3, 24, 4, 23, 1, 9][14, 11, 25, 28, 0, 26][10, 2, 29, 27, 16][5, 21, 15, 6][8, 12, 22, 17][16, 7, 20][13, 18, 19][10, 15][20, 24][14, 24][17, 28][12, 19] 
[3, 24, 4, 23, 1, 9][14, 11, 25, 28, 0, 26][10, 2, 29, 27, 16][5, 21, 15, 6][8, 12, 22, 17][16, 7, 20][13, 18, 19][20, 24][14, 24][10, 15][17, 28][12, 19] 
[14, 11, 25, 28, 0, 26][3, 24, 4, 23, 1, 9][10, 2, 29, 27, 16][8, 12, 22, 17][5, 21, 15, 6][16, 7, 20][13, 18, 19][14, 24][17, 28][12, 19][10, 15][20, 24] 
[7, 16, 27, 29, 2, 10][3, 24, 4, 23, 1, 9][14, 11, 25, 28, 0, 26][5, 21, 15, 6][8, 12, 22, 17][13, 18, 19][7, 20][20, 24][10, 15][14, 24][17, 28][12, 19] 
[14, 11, 25, 28, 0, 26][3, 24, 4, 23, 1, 9][7, 16, 27, 29, 2, 10][8, 12, 22, 17][5, 21, 15, 6][13, 18, 19][12, 19][17, 28][14, 24][20, 24][7, 20][10, 15] 
[7, 16, 27, 29, 2, 10][3, 24, 4, 23, 1, 9][14, 11, 25, 28, 0, 26][5, 21, 15, 6][8, 12, 22, 17][13, 18, 19][7, 20][20, 24][10, 15][14, 24][17, 28][12, 19] 
[7, 16, 27, 29, 2, 10][3, 24, 4, 23, 1, 9][14, 11, 25, 28, 0, 26][5, 21, 15, 6][8, 12, 22, 17][13, 18, 19][7, 20][20, 24][10, 15][14, 24][17, 28][12, 19] 
[14, 11, 25, 28, 0, 26][3, 24, 4, 23, 1, 9][7, 16, 27, 29, 2, 10][8, 12, 22, 17][5, 21, 15, 6][13, 18, 19][12, 19][17, 28][14, 24][20, 24][7, 20][10, 15] 
[14, 11, 25, 28, 0, 26][3, 24, 4, 23, 1, 9][7, 16, 27, 29, 2, 10][8, 12, 22, 17][5, 21, 15, 6][13, 18, 19][12, 19][17, 28][14, 24][20, 24][7, 20][10, 15] 
[7, 16, 27, 29, 2, 10][3, 24, 4, 23, 1, 9][14, 11, 25, 28, 0, 26][5, 21, 15, 6][8, 12, 22, 17][13, 18, 19][7, 20][20, 24][10, 15][14, 24][17, 28][12, 19] 
[7, 16, 27, 29, 2, 10][3, 24, 4, 23, 1, 9][14, 11, 25, 28, 0, 26][5, 21, 15, 6][8, 12, 22, 17][13, 18, 19][7, 20][20, 24][10, 15][14, 24][17, 28][12, 19] 
[7, 16, 27, 29, 2, 10][3, 24, 4, 23, 1, 9][14, 11, 25, 28, 0, 26][5, 21, 15, 6][8, 12, 22, 17][13, 18, 19][7, 20][20, 24][10, 15][14, 24][17, 28][12, 19] 
[3, 24, 4, 23, 1, 9][14, 11, 25, 28, 0, 26][10, 2, 29, 27, 16][5, 21, 15, 6][8, 12, 22, 17][16, 7, 20][13, 18, 19][20, 24][14, 24][6, 10][17, 28][12, 19] 
[7, 16, 27, 29, 2, 10][3, 24, 4, 23, 1, 9][14, 11, 25, 28, 0, 26][5, 21, 15, 6][8, 12, 22, 17][13, 18, 19][7, 20][20, 24][10, 15][14, 24][17, 28][12, 19] 
[7, 16, 27, 29, 2, 10][3, 24, 4, 23, 1, 9][14, 11, 25, 28, 0, 26][5, 21, 15, 6][8, 12, 22, 17][13, 18, 19][7, 20][20, 24][10, 15][14, 24][17, 28][12, 19] 
[7, 16, 27, 29, 2, 10][3, 24, 4, 23, 1, 9][14, 11, 25, 28, 0, 26][5, 21, 15, 6][8, 12, 22, 17][13, 18, 19][7, 20][20, 24][10, 15][14, 24][17, 28][12, 19] 
[7, 16, 27, 29, 2, 10][3, 24, 4, 23, 1, 9][14, 11, 25, 28, 0, 26][5, 21, 15, 6][8, 12, 22, 17][13, 18, 19][7, 20][20, 24][10, 15][14, 24][17, 28][12, 19] 
[7, 16, 27, 29, 2, 10][3, 24, 4, 23, 1, 9][14, 11, 25, 28, 0, 26][5, 21, 15, 6][8, 12, 22, 17][13, 18, 19][7, 20][20, 24][10, 15][14, 24][17, 28][12, 19] 
[3, 24, 4, 23, 1, 9][14, 11, 25, 28, 0, 26][8, 12, 22, 17, 18, 13][10, 2, 29, 27, 16][5, 21, 15, 6][16, 7, 20][15, 21][6, 10][20, 24][14, 24][17, 28][12, 19] 
[3, 24, 4, 23, 1, 9][14, 11, 25, 28, 0, 26][8, 12, 22, 17, 18, 13][10, 2, 29, 27, 16][5, 21, 15, 6][16, 7, 20][15, 21][6, 10][20, 24][14, 24][17, 28][12, 19] 
[3, 24, 4, 23, 1, 9][14, 11, 25, 28, 0, 26][8, 12, 22, 17, 18, 13][10, 2, 29, 27, 16][5, 21, 15, 6][16, 7, 20][15, 21][6, 10][20, 24][14, 24][17, 28][12, 19] 
[3, 24, 4, 23, 1, 9][14, 11, 25, 28, 0, 26][8, 12, 22, 17, 18, 13][10, 2, 29, 27, 16][5, 21, 15, 6][16, 7, 20][15, 21][6, 10][20, 24][14, 24][17, 28][12, 19] 
[3, 24, 4, 23, 1, 9][14, 11, 25, 28, 0, 26][8, 12, 22, 17, 18, 13][10, 2, 29, 27, 16][5, 21, 15, 6][16, 7, 20][15, 21][6, 10][20, 24][14, 24][17, 28][12, 19] 
[3, 24, 4, 23, 1, 9, 14][13, 18, 17, 22, 12, 8, 19][11, 25, 28, 0, 26][5, 21, 15, 6, 10][2, 29, 27, 16][16, 7, 20][16, 28][20, 24][17, 28][10, 27][15, 21][15, 21] 
[14, 11, 25, 28, 0, 26][3, 24, 4, 23, 1, 9][10, 2, 29, 27, 16][8, 12, 22, 17][5, 21, 15, 6][16, 7, 20][13, 18, 19][14, 24][17, 28][12, 19][10, 15][20, 24] 
[14, 11, 25, 28, 0, 26][3, 24, 4, 23, 1, 9][10, 2, 29, 27, 16][8, 12, 22, 17][5, 21, 15, 6][16, 7, 20][13, 18, 19][14, 24][17, 28][12, 19][10, 15][20, 24] 
[14, 11, 25, 28, 0, 26][3, 24, 4, 23, 1, 9][10, 2, 29, 27, 16][8, 12, 22, 17][5, 21, 15, 6][13, 18, 19][16, 7, 20][17, 28][12, 19][14, 24][20, 24][10, 15] 
[14, 11, 25, 28, 0, 26][3, 24, 4, 23, 1, 9][10, 2, 29, 27, 16][8, 12, 22, 17][5, 21, 15, 6][16, 7, 20][13, 18, 19][14, 24][17, 28][12, 19][10, 15][20, 24] 
[14, 11, 25, 28, 0, 26][3, 24, 4, 23, 1, 9][10, 2, 29, 27, 16][8, 12, 22, 17][5, 21, 15, 6][13, 18, 19][16, 7, 20][17, 28][12, 19][14, 24][20, 24][10, 15] 
[7, 16, 27, 29, 2, 10][3, 24, 4, 23, 1, 9][14, 11, 25, 28, 0, 26][5, 21, 15, 6][8, 12, 22, 17][13, 18, 19][7, 20][20, 24][10, 15][14, 24][17, 28][12, 19] 
[14, 11, 25, 28, 0, 26][3, 24, 4, 23, 1, 9][10, 2, 29, 27, 16][8, 12, 22, 17][5, 21, 15, 6][13, 18, 19][16, 7, 20][17, 28][12, 19][14, 24][20, 24][10, 15] 
