[9, 3, 11, 25, 28, 16][14, 20, 24, 4, 1, 23][12, 17, 22, 19, 8, 26][18, 13, 6, 2, 29][5, 21, 15, 27][10, 15][10, 16][7, 27][2, 10][7, 20][0, 18][0, 22] 
[9, 3, 11, 25, 28, 16][14, 20, 24, 4, 1, 23][18, 13, 6, 2, 29][17, 19, 12, 8, 26][5, 21, 15, 27][0, 22, 17][2, 10][10, 16][0, 18][10, 15][7, 27][7, 20] 
[17, 22, 19, 12, 8, 26][9, 3, 11, 25, 28, 16][14, 20, 24, 4, 1, 23][18, 13, 6, 2, 29][5, 21, 15, 27][0, 22][0, 18][2, 10][10, 16][10, 15][7, 27][7, 20] 
[14, 20, 24, 4, 1, 23][9, 3, 11, 25, 28, 16][18, 13, 6, 2, 29][22, 19, 12, 8, 26][5, 21, 15, 27][0, 22, 17][7, 27][7, 20][10, 15][10, 16][2, 10][0, 18] 
[17, 22, 19, 12, 8, 26][9, 3, 11, 25, 28, 16][14, 20, 24, 4, 1, 23][18, 13, 6, 2, 29][5, 21, 15, 27][0, 18][2, 10][0, 22][10, 15][10, 16][7, 27][7, 20] 
[17, 22, 19, 12, 8, 26][9, 3, 11, 25, 28, 16][14, 20, 24, 4, 1, 23][18, 13, 6, 2, 29][5, 21, 15, 27][0, 22][0, 18][2, 10][10, 16][10, 15][7, 27][7, 20] 
[9, 3, 11, 25, 28, 16][17, 22, 19, 12, 8, 26][14, 20, 24, 4, 1, 23][18, 13, 6, 2, 29][5, 21, 15, 27][10, 16][2, 10][0, 18][10, 15][0, 22][7, 27][7, 20] 
[17, 22, 19, 12, 8, 26][9, 3, 11, 25, 28, 16][14, 20, 24, 4, 1, 23][18, 13, 6, 2, 29][5, 21, 15, 27][0, 22][0, 18][2, 10][10, 16][10, 15][7, 27][7, 20] 
[9, 3, 11, 25, 28, 16][17, 22, 19, 12, 8, 26][14, 20, 24, 4, 1, 23][18, 13, 6, 2, 29][5, 21, 15, 27][10, 16][10, 15][2, 10][7, 27][0, 18][0, 22][7, 20] 
[17, 22, 19, 12, 8, 26][9, 3, 11, 25, 28, 16][14, 20, 24, 4, 1, 23][18, 13, 6, 2, 29][5, 21, 15, 27][0, 22][0, 18][2, 10][10, 16][10, 15][7, 27][7, 20] 
[12, 17, 22, 19, 8, 26][9, 3, 11, 25, 28, 16][14, 20, 24, 4, 1, 23][18, 13, 6, 2, 29][5, 21, 15, 27][0, 18][0, 22][2, 10][10, 15][10, 16][7, 27][7, 20] 
[9, 3, 11, 25, 28, 16][14, 20, 24, 4, 1, 23][18, 13, 6, 2, 29][17, 19, 12, 8, 26][5, 21, 15, 27][0, 22, 17][2, 10][10, 16][0, 18][10, 15][7, 27][7, 20] 
[14, 20, 24, 4, 1, 23][9, 3, 11, 25, 28, 16][18, 13, 6, 2, 29][22, 19, 12, 8, 26][5, 21, 15, 27][0, 22, 17][7, 27][7, 20][10, 15][10, 16][2, 10][0, 18] 
[17, 22, 19, 12, 8, 26][9, 3, 11, 25, 28, 16][14, 20, 24, 4, 1, 23][18, 13, 6, 2, 29][5, 21, 15, 27][0, 22][0, 18][2, 10][10, 16][10, 15][7, 27][7, 20] 
[9, 3, 11, 25, 28, 16][17, 22, 19, 12, 8, 26][14, 20, 24, 4, 1, 23][18, 13, 6, 2, 29][5, 21, 15, 27][10, 16][10, 15][2, 10][7, 27][0, 18][0, 22][7, 20] 
[9, 3, 11, 25, 28, 16][17, 22, 19, 12, 8, 26][14, 20, 24, 4, 1, 23][18, 13, 6, 2, 29][5, 21, 15, 27][2, 10][10, 16][10, 15][7, 27][0, 18][0, 22][7, 20] 
[9, 3, 11, 25, 28, 16][14, 20, 24, 4, 1, 23][12, 17, 22, 19, 8, 26][18, 13, 6, 2, 29][5, 21, 15, 27][10, 15][10, 16][7, 27][2, 10][7, 20][0, 18][0, 22] 
[9, 3, 11, 25, 28, 16][14, 20, 24, 4, 1, 23][18, 13, 6, 2, 29][17, 19, 12, 8, 26][5, 21, 15, 27][0, 22, 17][2, 10][10, 16][0, 18][10, 15][7, 27][7, 20] 
[9, 3, 11, 25, 28, 16][17, 22, 19, 12, 8, 26][14, 20, 24, 4, 1, 23][18, 13, 6, 2, 29][5, 21, 15, 27][10, 16][10, 15][2, 10][7, 27][0, 18][0, 22][7, 20] 
[9, 3, 11, 25, 28, 16][14, 20, 24, 4, 1, 23][12, 17, 22, 19, 8, 26][18, 13, 6, 2, 29][5, 21, 15, 27][10, 15][10, 16][7, 27][2, 10][7, 20][0, 18][0, 22] 
[9, 3, 11, 25, 28, 16][12, 17, 22, 19, 8, 26][14, 20, 24, 4, 1, 23][18, 13, 6, 2, 29][5, 21, 15, 27][10, 16][2, 10][0, 18][0, 22][10, 15][7, 27][7, 20] 
[9, 3, 11, 25, 28, 16][14, 20, 24, 4, 1, 23][18, 13, 6, 2, 29][17, 19, 12, 8, 26][5, 21, 15, 27][0, 22, 17][2, 10][10, 16][0, 18][10, 15][7, 27][7, 20] 
[9, 3, 11, 25, 28, 16][17, 22, 19, 12, 8, 26][14, 20, 24, 4, 1, 23][18, 13, 6, 2, 29][5, 21, 15, 27][10, 16][2, 10][0, 18][10, 15][0, 22][7, 27][7, 20] 
[17, 22, 19, 12, 8, 26][9, 3, 11, 25, 28, 16][14, 20, 24, 4, 1, 23][18, 13, 6, 2, 29][5, 21, 15, 27][0, 22][0, 18][2, 10][10, 16][10, 15][7, 27][7, 20] 
[17, 22, 19, 12, 8, 26][9, 3, 11, 25, 28, 16][14, 20, 24, 4, 1, 23][18, 13, 6, 2, 29][5, 21, 15, 27][0, 22][0, 18][2, 10][10, 16][10, 15][7, 27][7, 20] 
[17, 22, 19, 12, 8, 26][9, 3, 11, 25, 28, 16][14, 20, 24, 4, 1, 23][18, 13, 6, 2, 29][5, 21, 15, 27][0, 22][0, 18][2, 10][10, 16][10, 15][7, 27][7, 20] 
[12, 17, 22, 19, 8, 26][9, 3, 11, 25, 28, 16][14, 20, 24, 4, 1, 23][18, 13, 6, 2, 29][5, 21, 15, 27][0, 18][0, 22][2, 10][10, 15][10, 16][7, 27][7, 20] 
[9, 3, 11, 25, 28, 16][14, 20, 24, 4, 1, 23][18, 13, 6, 2, 29][17, 19, 12, 8, 26][5, 21, 15, 27][0, 22, 17][2, 10][10, 16][0, 18][10, 15][7, 27][7, 20] 
[17, 22, 19, 12, 8, 26][9, 3, 11, 25, 28, 16][14, 20, 24, 4, 1, 23][18, 13, 6, 2, 29][5, 21, 15, 27][0, 22][0, 18][2, 10][10, 16][10, 15][7, 27][7, 20] 
[12, 17, 22, 19, 8, 26][9, 3, 11, 25, 28, 16][14, 20, 24, 4, 1, 23][18, 13, 6, 2, 29][5, 21, 15, 27][0, 18][0, 22][2, 10][10, 15][10, 16][7, 27][7, 20] 
[12, 17, 22, 19, 8, 26][9, 3, 11, 25, 28, 16][14, 20, 24, 4, 1, 23][18, 13, 6, 2, 29][5, 21, 15, 27][0, 18][0, 22][2, 10][10, 15][10, 16][7, 27][7, 20] 
[9, 3, 11, 25, 28, 16][14, 20, 24, 4, 1, 23][18, 13, 6, 2, 29][17, 19, 12, 8, 26][5, 21, 15, 27][0, 22, 17][2, 10][10, 16][0, 18][10, 15][7, 27][7, 20] 
[17, 22, 19, 12, 8, 26][9, 3, 11, 25, 28, 16][14, 20, 24, 4, 1, 23][18, 13, 6, 2, 29][5, 21, 15, 27][0, 18][2, 10][0, 22][10, 15][10, 16][7, 27][7, 20] 
[14, 20, 24, 4, 1, 23][9, 3, 11, 25, 28, 16][12, 17, 22, 19, 8, 26][18, 13, 6, 2, 29][5, 21, 15, 27][7, 20][7, 27][10, 15][2, 10][10, 16][0, 18][0, 22] 
[9, 3, 11, 25, 28, 16][12, 17, 22, 19, 8, 26][14, 20, 24, 4, 1, 23][18, 13, 6, 2, 29][5, 21, 15, 27][10, 16][2, 10][0, 18][0, 22][10, 15][7, 27][7, 20] 
[2, 21, 5, 15, 27, 7, 25, 0, 19, 8, 26][13, 18, 17, 22, 25, 7, 16, 6, 10, 29][19, 12, 0, 22, 17, 28, 25, 11, 3, 24][4, 1, 9, 23, 3, 14, 20][13, 18][0, 17][13, 18][13, 18][8, 26][13, 18][13, 18][13, 18] 
[26, 8, 19, 0, 25, 7, 27, 15, 5, 21, 10, 29][22, 0, 12, 17, 28, 25, 11, 3, 24][13, 18, 22, 25, 7, 16, 6, 2, 29][4, 1, 9, 23, 3, 14, 20][3, 24][13, 18][13, 18][8, 26][8, 26][13, 18][13, 18][13, 18] 
[26, 0, 13, 18, 17, 12, 22, 25, 7, 16, 6, 2, 10, 29][19, 0, 22, 17, 28, 25, 11, 3, 24][4, 1, 9, 23, 3, 14, 20][7, 27, 15, 5, 21][13, 18][8, 26][0, 17][13, 18][13, 18][13, 18][13, 18][0, 17] 
[2, 10, 21, 5, 15, 27, 7, 25, 0, 19, 8, 26][13, 18, 22, 25, 7, 16, 6, 2, 29][4, 1, 9, 23, 3, 14, 20][3, 11, 25, 28, 17, 12, 19][3, 24][13, 18][13, 18][8, 26][8, 26][13, 18][13, 18][13, 18] 
[2, 10, 21, 5, 15, 27, 7, 25, 0, 19, 8, 26][13, 18, 22, 25, 7, 16, 6, 2, 29][4, 1, 9, 23, 3, 14, 20][3, 11, 25, 28, 17, 12, 19][3, 24][13, 18][13, 18][8, 26][8, 26][13, 18][13, 18][13, 18] 
[26, 0, 13, 18, 22, 25, 7, 16, 6, 2, 10, 29][3, 11, 25, 28, 17, 22, 12, 19][4, 1, 9, 23, 3, 14, 20][5, 15, 27, 7][13, 18][3, 24][8, 26][13, 18][13, 18][13, 18][13, 18][5, 21] 
[2, 21, 5, 15, 27, 7, 25, 0, 19, 8, 26][13, 18, 17, 22, 25, 7, 16, 6, 10, 29][19, 12, 0, 22, 17, 28, 25, 11, 3, 24][4, 1, 9, 23, 3, 14, 20][13, 18][0, 17][13, 18][13, 18][8, 26][13, 18][13, 18][13, 18] 
[26, 8, 19, 0, 25, 7, 27, 15, 5, 21, 10, 29][22, 0, 12, 17, 28, 25, 11, 3, 24][13, 18, 22, 25, 7, 16, 6, 2, 29][4, 1, 9, 23, 3, 14, 20][3, 24][13, 18][13, 18][8, 26][8, 26][13, 18][13, 18][13, 18] 
[2, 10, 21, 5, 15, 27, 7, 25, 0, 19, 8, 26][13, 18, 22, 25, 7, 16, 6, 2, 29][4, 1, 9, 23, 3, 14, 20][3, 11, 25, 28, 17, 12, 19][3, 24][13, 18][13, 18][8, 26][8, 26][13, 18][13, 18][13, 18] 
[26, 0, 13, 18, 17, 12, 22, 25, 7, 16, 6, 2, 10, 29][19, 0, 22, 17, 28, 25, 11, 3, 24][4, 1, 9, 23, 3, 14, 20][7, 27, 15, 5, 21][13, 18][8, 26][0, 17][13, 18][13, 18][13, 18][13, 18][0, 17] 
[26, 8, 19, 0, 25, 7, 27, 15, 5, 21, 10, 29][22, 0, 12, 17, 28, 25, 11, 3, 24][13, 18, 22, 25, 7, 16, 6, 2, 29][4, 1, 9, 23, 3, 14, 20][3, 24][13, 18][13, 18][8, 26][8, 26][13, 18][13, 18][13, 18] 
[26, 0, 13, 18, 17, 12, 22, 25, 7, 16, 6, 2, 10, 29][19, 0, 22, 17, 28, 25, 11, 3, 24][4, 1, 9, 23, 3, 14, 20][7, 27, 15, 5, 21][13, 18][8, 26][0, 17][13, 18][13, 18][13, 18][13, 18][0, 17] 
[2, 10, 21, 5, 15, 27, 7, 25, 0, 19, 8, 26][13, 18, 22, 25, 7, 16, 6, 2, 29][4, 1, 9, 23, 3, 14, 20][3, 11, 25, 28, 17, 12, 19][3, 24][13, 18][13, 18][8, 26][8, 26][13, 18][13, 18][13, 18] 
[2, 10, 21, 5, 15, 27, 7, 25, 0, 19, 8, 26][13, 18, 12, 22, 25, 7, 16, 6, 10, 29][19, 12, 22, 17, 28, 25, 11, 3, 24][4, 1, 9, 23, 14, 20, 24][8, 26][13, 18][13, 18][13, 18][13, 18][0, 17][13, 18][13, 18] 
[2, 10, 21, 5, 15, 27, 7, 25, 0, 19, 8, 26][13, 18, 12, 22, 25, 7, 16, 6, 10, 29][19, 12, 22, 17, 28, 25, 11, 3, 24][4, 1, 9, 23, 14, 20, 24][8, 26][13, 18][13, 18][13, 18][13, 18][0, 17][13, 18][13, 18] 
[2, 16, 10, 6, 21, 5, 15, 27, 7, 25, 0, 19, 12, 8, 26][0, 13, 18, 17, 12, 22, 25, 7, 16, 6, 2, 10, 29][19, 12, 0, 22, 17, 28, 25, 11, 3, 24][4, 1, 9, 23, 3, 14, 20][8, 26][13, 18][13, 18][13, 18][13, 18][0, 17][13, 18][13, 18] 
[2, 16, 10, 6, 21, 5, 15, 27, 7, 25, 0, 19, 12, 8, 26][0, 13, 18, 17, 12, 22, 25, 7, 16, 6, 2, 10, 29][19, 12, 0, 22, 17, 28, 25, 11, 3, 24][4, 1, 9, 23, 3, 14, 20][8, 26][13, 18][13, 18][13, 18][13, 18][0, 17][13, 18][13, 18] 
[26, 0, 13, 18, 12, 22, 25, 7, 16, 6, 2, 10, 29][19, 22, 17, 28, 25, 11, 3, 24][4, 1, 9, 23, 3, 14, 20][7, 27, 15, 5, 21][8, 26][0, 26][13, 18][13, 18][0, 26][13, 18][0, 26][13, 18] 
[2, 16, 10, 6, 21, 5, 15, 27, 7, 25, 0, 19, 12, 8, 26][13, 18, 17, 12, 22, 25, 7, 16, 6, 2, 10, 29][0, 22, 17, 28, 25, 11, 3, 24][4, 1, 9, 23, 3, 14, 20, 24][8, 26][13, 18][13, 18][13, 18][13, 18][0, 17][13, 18][13, 18] 
[2, 16, 10, 6, 21, 5, 15, 27, 7, 25, 0, 19, 12, 8, 26][13, 18, 17, 12, 22, 25, 7, 16, 6, 2, 10, 29][0, 22, 17, 28, 25, 11, 3, 24][4, 1, 9, 23, 3, 14, 20, 24][8, 26][13, 18][13, 18][13, 18][13, 18][0, 17][13, 18][13, 18] 
[2, 16, 10, 6, 21, 5, 15, 27, 7, 25, 0, 19, 12, 8, 26][26, 0, 13, 18, 17, 12, 22, 25, 7, 16, 6, 2, 10, 29][19, 12, 0, 22, 17, 28, 25, 11, 3, 24][4, 1, 9, 23, 3, 14, 20][8, 26][13, 18][13, 18][13, 18][13, 18][0, 17][13, 18][13, 18] 
[9, 3, 11, 25, 28, 16][17, 22, 19, 12, 8, 26][14, 20, 24, 4, 1, 23][18, 13, 6, 2, 29][5, 21, 15, 27][2, 10][10, 15][0, 18][10, 16][7, 27][0, 22][7, 20] 
[9, 3, 11, 25, 28, 16][17, 22, 19, 12, 8, 26][14, 20, 24, 4, 1, 23][18, 13, 6, 2, 29][5, 21, 15, 27][10, 16][10, 15][2, 10][7, 27][0, 18][0, 22][7, 20] 
[9, 3, 11, 25, 28, 16][17, 22, 19, 12, 8, 26][14, 20, 24, 4, 1, 23][18, 13, 6, 2, 29][5, 21, 15, 27][10, 16][2, 10][0, 18][10, 15][0, 22][7, 27][7, 20] 
[17, 22, 19, 12, 8, 26][9, 3, 11, 25, 28, 16][14, 20, 24, 4, 1, 23][18, 13, 6, 2, 29][5, 21, 15, 27][0, 22][0, 18][2, 10][10, 16][10, 15][7, 27][7, 20] 
[9, 3, 11, 25, 28, 16][17, 22, 19, 12, 8, 26][14, 20, 24, 4, 1, 23][18, 13, 6, 2, 29][5, 21, 15, 27][10, 16][2, 10][0, 18][10, 15][0, 22][7, 27][7, 20] 
[17, 22, 19, 12, 8, 26][9, 3, 11, 25, 28, 16][14, 20, 24, 4, 1, 23][18, 13, 6, 2, 29][5, 21, 15, 27][0, 22][0, 18][2, 10][10, 16][10, 15][7, 27][7, 20] 
[17, 22, 19, 12, 8, 26][9, 3, 11, 25, 28, 16][14, 20, 24, 4, 1, 23][18, 13, 6, 2, 29][5, 21, 15, 27][0, 22][0, 18][2, 10][10, 16][10, 15][7, 27][7, 20] 
[9, 3, 11, 25, 28, 16][17, 22, 19, 12, 8, 26][14, 20, 24, 4, 1, 23][18, 13, 6, 2, 29][5, 21, 15, 27][10, 16][10, 15][2, 10][7, 27][0, 18][0, 22][7, 20] 
[17, 22, 19, 12, 8, 26][9, 3, 11, 25, 28, 16][14, 20, 24, 4, 1, 23][18, 13, 6, 2, 29][5, 21, 15, 27][0, 22][0, 18][2, 10][10, 16][10, 15][7, 27][7, 20] 
[9, 3, 11, 25, 28, 16][17, 22, 19, 12, 8, 26][14, 20, 24, 4, 1, 23][18, 13, 6, 2, 29][5, 21, 15, 27][10, 16][10, 15][2, 10][7, 27][0, 18][0, 22][7, 20] 
[17, 22, 19, 12, 8, 26][9, 3, 11, 25, 28, 16][14, 20, 24, 4, 1, 23][18, 13, 6, 2, 29][5, 21, 15, 27][0, 22][0, 18][2, 10][10, 16][10, 15][7, 27][7, 20] 
[9, 3, 11, 25, 28, 16][17, 22, 19, 12, 8, 26][14, 20, 24, 4, 1, 23][18, 13, 6, 2, 29][5, 21, 15, 27][2, 10][10, 15][0, 18][10, 16][7, 27][0, 22][7, 20] 
[17, 22, 19, 12, 8, 26][9, 3, 11, 25, 28, 16][14, 20, 24, 4, 1, 23][18, 13, 6, 2, 29][5, 21, 15, 27][2, 10][10, 15][7, 27][0, 18][0, 22][10, 16][7, 20] 
[17, 22, 19, 12, 8, 26][9, 3, 11, 25, 28, 16][14, 20, 24, 4, 1, 23][18, 13, 6, 2, 29][5, 21, 15, 27][0, 22][0, 18][2, 10][10, 16][10, 15][7, 27][7, 20] 
[17, 22, 19, 12, 8, 26][9, 3, 11, 25, 28, 16][14, 20, 24, 4, 1, 23][18, 13, 6, 2, 29][5, 21, 15, 27][0, 22][0, 18][2, 10][10, 16][10, 15][7, 27][7, 20] 
[9, 3, 11, 25, 28, 16][12, 17, 22, 19, 8, 26][14, 20, 24, 4, 1, 23][18, 13, 6, 2, 29][5, 21, 15, 27][10, 16][2, 10][0, 18][0, 22][10, 15][7, 27][7, 20] 
[9, 3, 11, 25, 28, 16][14, 20, 24, 4, 1, 23][12, 17, 22, 19, 8, 26][18, 13, 6, 2, 29][5, 21, 15, 27][10, 15][10, 16][7, 27][2, 10][7, 20][0, 18][0, 22] 
[9, 3, 11, 25, 28, 16][14, 20, 24, 4, 1, 23][12, 17, 22, 19, 8, 26][18, 13, 6, 2, 29][5, 21, 15, 27][10, 15][10, 16][7, 27][2, 10][7, 20][0, 18][0, 22] 
[9, 3, 11, 25, 28, 16][14, 20, 24, 4, 1, 23][12, 17, 22, 19, 8, 26][18, 13, 6, 2, 29][5, 21, 15, 27][10, 15][10, 16][7, 27][2, 10][7, 20][0, 18][0, 22] 
[14, 20, 24, 4, 1, 23][9, 3, 11, 25, 28, 16][12, 17, 22, 19, 8, 26][18, 13, 6, 2, 29][5, 21, 15, 27][7, 20][7, 27][10, 15][10, 16][2, 10][0, 18][0, 22] 
[12, 17, 22, 19, 8, 26][9, 3, 11, 25, 28, 16][14, 20, 24, 4, 1, 23][18, 13, 6, 2, 29][5, 21, 15, 27][0, 12][0, 18][2, 10][10, 15][10, 16][7, 27][7, 20] 
[9, 3, 11, 25, 28, 16][17, 22, 19, 12, 8, 26][14, 20, 24, 4, 1, 23][18, 13, 6, 2, 29][5, 21, 15, 27][10, 16][10, 15][2, 10][7, 27][0, 18][0, 22][7, 20] 
[9, 3, 11, 25, 28, 16][17, 22, 19, 12, 8, 26][14, 20, 24, 4, 1, 23][18, 13, 6, 2, 29][5, 21, 15, 27][2, 10][10, 15][0, 18][10, 16][7, 27][0, 22][7, 20] 
[17, 22, 19, 12, 8, 26][9, 3, 11, 25, 28, 16][14, 20, 24, 4, 1, 23][18, 13, 6, 2, 29][5, 21, 15, 27][0, 22][0, 18][2, 10][10, 16][10, 15][7, 27][7, 20] 
[9, 3, 11, 25, 28, 16][17, 22, 19, 12, 8, 26][14, 20, 24, 4, 1, 23][18, 13, 6, 2, 29][5, 21, 15, 27][2, 10][10, 15][0, 18][10, 16][7, 27][0, 22][7, 20] 
[9, 3, 11, 25, 28, 16][17, 22, 19, 12, 8, 26][14, 20, 24, 4, 1, 23][18, 13, 6, 2, 29][5, 21, 15, 27][10, 16][10, 15][2, 10][7, 27][0, 18][0, 22][7, 20] 
[9, 3, 11, 25, 28, 16][14, 20, 24, 4, 1, 23][19, 22, 17, 12, 8, 26][18, 13, 6, 2, 29][5, 21, 15, 27][10, 16][10, 15][7, 27][7, 20][2, 10][0, 18][0, 22] 
[9, 3, 11, 25, 28, 16][17, 22, 19, 12, 8, 26][14, 20, 24, 4, 1, 23][18, 13, 6, 2, 29][5, 21, 15, 27][2, 10][10, 16][10, 15][7, 27][0, 18][0, 22][7, 20] 
[9, 3, 11, 25, 28, 16][12, 17, 22, 19, 8, 26][14, 20, 24, 4, 1, 23][18, 13, 6, 2, 29][5, 21, 15, 27][10, 16][2, 10][0, 18][0, 22][10, 15][7, 27][7, 20] 
[9, 3, 11, 25, 28, 16][14, 20, 24, 4, 1, 23][12, 17, 22, 19, 8, 26][18, 13, 6, 2, 29][5, 21, 15, 27][10, 15][10, 16][7, 27][2, 10][7, 20][0, 18][0, 22] 
[9, 3, 11, 25, 28, 16][14, 20, 24, 4, 1, 23][12, 17, 22, 19, 8, 26][18, 13, 6, 2, 29][5, 21, 15, 27][10, 15][10, 16][7, 27][2, 10][7, 20][0, 18][0, 22] 
[9, 3, 11, 25, 28, 16][12, 17, 22, 19, 8, 26][14, 20, 24, 4, 1, 23][18, 13, 6, 2, 29][5, 21, 15, 27][10, 16][2, 10][0, 18][0, 22][10, 15][7, 27][7, 20] 
[9, 3, 11, 25, 28, 16][12, 17, 22, 19, 8, 26][14, 20, 24, 4, 1, 23][18, 13, 6, 2, 29][5, 21, 15, 27][10, 16][2, 10][0, 18][0, 22][10, 15][7, 27][7, 20] 
[14, 20, 24, 4, 1, 23][9, 3, 11, 25, 28, 16][12, 17, 22, 19, 8, 26][18, 13, 6, 2, 29][5, 21, 15, 27][7, 20][7, 27][10, 15][2, 10][10, 16][0, 18][0, 22] 
[9, 3, 11, 25, 28, 16][14, 20, 24, 4, 1, 23][12, 17, 22, 19, 8, 26][18, 13, 6, 2, 29][5, 21, 15, 27][10, 15][10, 16][7, 27][2, 10][7, 20][0, 18][0, 22] 
[9, 3, 11, 25, 28, 16][14, 20, 24, 4, 1, 23][12, 17, 22, 19, 8, 26][18, 13, 6, 2, 29][5, 21, 15, 27][10, 15][10, 16][7, 27][2, 10][7, 20][0, 18][0, 22] 
[14, 20, 24, 4, 1, 23][9, 3, 11, 25, 28, 16][12, 17, 22, 19, 8, 26][18, 13, 6, 2, 29][5, 21, 15, 27][7, 20][7, 27][10, 15][2, 10][10, 16][0, 18][0, 22] 
[14, 20, 24, 4, 1, 23][9, 3, 11, 25, 28, 16][12, 17, 22, 19, 8, 26][18, 13, 6, 2, 29][5, 21, 15, 27][7, 20][7, 27][10, 15][2, 10][10, 16][0, 18][0, 22] 
[9, 3, 11, 25, 28, 16][12, 17, 22, 19, 8, 26][14, 20, 24, 4, 1, 23][18, 13, 6, 2, 29][5, 21, 15, 27][10, 16][2, 10][0, 18][0, 22][10, 15][7, 27][7, 20] 
[9, 3, 11, 25, 28, 16][12, 17, 22, 19, 8, 26][14, 20, 24, 4, 1, 23][18, 13, 6, 2, 29][5, 21, 15, 27][10, 16][2, 10][0, 18][0, 22][10, 15][7, 27][7, 20] 
[14, 20, 24, 4, 1, 23][9, 3, 11, 25, 28, 16][12, 17, 22, 19, 8, 26][18, 13, 6, 2, 29][5, 21, 15, 27][7, 20][7, 27][10, 15][2, 10][10, 16][0, 18][0, 22] 
[14, 20, 24, 4, 1, 23][9, 3, 11, 25, 28, 16][12, 17, 22, 19, 8, 26][18, 13, 6, 2, 29][5, 21, 15, 27][7, 20][7, 27][10, 15][2, 10][10, 16][0, 18][0, 22] 
[9, 3, 11, 25, 28, 16][12, 17, 22, 19, 8, 26][14, 20, 24, 4, 1, 23][18, 13, 6, 2, 29][5, 21, 15, 27][10, 16][2, 10][0, 18][0, 22][10, 15][7, 27][7, 20] 
[9, 3, 11, 25, 28, 16][0, 18, 13, 6, 2, 29][12, 17, 22, 19, 8, 26][14, 20, 24, 4, 1, 23][5, 21, 15, 27][10, 16][10, 15][2, 10][17, 22][7, 27][7, 20][0, 22] 
[0, 18, 13, 6, 2, 29][9, 3, 11, 25, 28, 16][12, 17, 22, 19, 8, 26][14, 20, 24, 4, 1, 23][5, 21, 15, 27][2, 10][10, 16][10, 15][7, 27][0, 22][7, 20][17, 22] 
[0, 18, 13, 6, 2, 29][9, 3, 11, 25, 28, 16][14, 20, 24, 4, 1, 23][12, 17, 22, 19, 8, 26][5, 21, 15, 27][7, 27][10, 15][2, 10][10, 16][7, 20][0, 18][0, 22] 
[9, 3, 11, 25, 28, 16][0, 18, 13, 6, 2, 29][12, 17, 22, 19, 8, 26][14, 20, 24, 4, 1, 23][5, 21, 15, 27][10, 16][10, 15][2, 10][17, 22][7, 27][7, 20][0, 22] 
[9, 3, 11, 25, 28, 16][0, 18, 13, 6, 2, 29][12, 17, 22, 19, 8, 26][14, 20, 24, 4, 1, 23][5, 21, 15, 27][10, 16][10, 15][2, 10][17, 22][7, 27][7, 20][0, 22] 
[0, 18, 13, 6, 2, 29][9, 3, 11, 25, 28, 16][12, 17, 22, 19, 8, 26][14, 20, 24, 4, 1, 23][5, 21, 15, 27][2, 10][10, 16][10, 15][7, 27][0, 22][7, 20][17, 22] 
[9, 3, 11, 25, 28, 16][14, 20, 24, 4, 1, 23][18, 13, 6, 2, 29][17, 19, 12, 8, 26][5, 21, 15, 27][0, 22, 17][2, 10][10, 16][0, 18][10, 15][7, 27][7, 20] 
[9, 3, 11, 25, 28, 16][14, 20, 24, 4, 1, 23][18, 13, 6, 2, 29][17, 19, 12, 8, 26][5, 21, 15, 27][0, 22, 17][2, 10][10, 16][0, 18][10, 15][7, 27][7, 20] 
[9, 3, 11, 25, 28, 16][14, 20, 24, 4, 1, 23][18, 13, 6, 2, 29][17, 19, 12, 8, 26][5, 21, 15, 27][0, 22, 17][2, 10][10, 16][0, 18][10, 15][7, 27][7, 20] 
[9, 3, 11, 25, 28, 16][14, 20, 24, 4, 1, 23][18, 13, 6, 2, 29][17, 19, 12, 8, 26][5, 21, 15, 27][0, 22, 17][2, 10][10, 16][0, 18][10, 15][7, 27][7, 20] 
[9, 3, 11, 25, 28, 16][14, 20, 24, 4, 1, 23][18, 13, 6, 2, 29][17, 19, 12, 8, 26][5, 21, 15, 27][0, 22, 17][2, 10][10, 16][0, 18][10, 15][7, 27][7, 20] 
[14, 20, 24, 4, 1, 23][9, 3, 11, 25, 28, 16][12, 17, 22, 19, 8, 26][18, 13, 6, 2, 29][5, 21, 15, 27][7, 20][7, 27][10, 15][10, 16][2, 10][0, 18][0, 22] 
[9, 3, 11, 25, 28, 16][17, 22, 19, 12, 8, 26][14, 20, 24, 4, 1, 23][18, 13, 6, 2, 29][5, 21, 15, 27][2, 10][10, 15][0, 18][10, 16][7, 27][0, 22][7, 20] 
