[12, 18, 17, 28, 16, 27][13, 6, 10, 15, 5, 21][4, 23, 3, 1, 9][22, 19, 8, 26][20, 7, 2, 29][11, 14, 24][0, 25, 11][14, 23][0, 22][4, 7][27, 29][2, 10] 
[12, 18, 17, 28, 16, 27][13, 6, 10, 15, 5, 21][4, 23, 3, 1, 9][22, 19, 8, 26][20, 7, 2, 29][11, 14, 24][0, 25, 11][0, 22][14, 23][4, 7][27, 29][2, 10] 
[13, 6, 10, 15, 5, 21][12, 22, 19, 8, 26][4, 23, 3, 1, 9][18, 17, 28, 16, 27][20, 7, 2, 29][0, 25, 11][11, 14, 24][0, 22][12, 18][14, 23][27, 29][2, 10] 
[13, 6, 10, 15, 5, 21][12, 22, 19, 8, 26][4, 23, 3, 1, 9][18, 17, 28, 16, 27][20, 7, 2, 29][0, 25, 11][11, 14, 24][0, 22][12, 18][14, 23][27, 29][2, 10] 
[13, 6, 10, 15, 5, 21][12, 22, 19, 8, 26][4, 23, 3, 1, 9][18, 17, 28, 16, 27][20, 7, 2, 29][0, 25, 11][11, 14, 24][0, 22][12, 18][14, 23][27, 29][2, 10] 
[13, 6, 10, 15, 5, 21][12, 22, 19, 8, 26][4, 23, 3, 1, 9][18, 17, 28, 16, 27][20, 7, 2, 29][0, 25, 11][11, 14, 24][0, 22][12, 18][14, 23][27, 29][2, 10] 
[13, 6, 10, 15, 5, 21][12, 22, 19, 8, 26][4, 23, 3, 1, 9][18, 17, 28, 16, 27][20, 7, 2, 29][0, 25, 11][11, 14, 24][0, 22][12, 18][14, 23][27, 29][2, 10] 
[13, 6, 10, 15, 5, 21][4, 23, 3, 1, 9][12, 22, 19, 8, 26][18, 17, 28, 16, 27][20, 7, 2, 29][11, 14, 24][0, 25, 11][14, 23][0, 22][12, 18][4, 7][2, 10] 
[13, 6, 10, 15, 5, 21][4, 23, 3, 1, 9][12, 22, 19, 8, 26][18, 17, 28, 16, 27][20, 7, 2, 29][11, 14, 24][0, 25, 11][2, 10][4, 7][14, 23][0, 22][12, 18] 
[13, 6, 10, 15, 5, 21][4, 23, 3, 1, 9][12, 22, 19, 8, 26][18, 17, 28, 16, 27][20, 7, 2, 29][11, 14, 24][0, 25, 11][2, 10][4, 7][14, 23][0, 22][12, 18] 
[13, 6, 10, 15, 5, 21][12, 18, 17, 28, 16, 27][4, 23, 3, 1, 9][22, 19, 8, 26][20, 7, 2, 29][0, 25, 11][11, 14, 24][0, 22][14, 23][4, 7][2, 10][27, 29] 
[13, 6, 10, 15, 5, 21][12, 18, 17, 28, 16, 27][4, 23, 3, 1, 9][22, 19, 8, 26][20, 7, 2, 29][0, 25, 11][11, 14, 24][0, 22][14, 23][4, 7][2, 10][27, 29] 
[13, 6, 10, 15, 5, 21][18, 17, 28, 16, 27][12, 22, 19, 8, 26][4, 23, 3, 1, 9][20, 7, 2, 29][0, 25, 11][11, 14, 24][2, 10][27, 29][12, 18][0, 22][14, 23] 
[13, 6, 10, 15, 5, 21][12, 22, 19, 8, 26][4, 23, 3, 1, 9][18, 17, 28, 16, 27][20, 7, 2, 29][0, 25, 11][11, 14, 24][0, 22][12, 18][14, 23][27, 29][2, 10] 
[13, 6, 10, 15, 5, 21][18, 17, 28, 16, 27][12, 22, 19, 8, 26][4, 23, 3, 1, 9][20, 7, 2, 29][0, 25, 11][11, 14, 24][2, 10][27, 29][12, 18][0, 22][14, 23] 
[13, 6, 10, 15, 5, 21][4, 23, 3, 1, 9][12, 22, 19, 8, 26][18, 17, 28, 16, 27][20, 7, 2, 29][11, 14, 24][0, 25, 11][14, 23][0, 22][12, 18][4, 7][2, 10] 
[13, 6, 10, 15, 5, 21][12, 18, 17, 28, 16, 27][4, 23, 3, 1, 9][22, 19, 8, 26][20, 7, 2, 29][11, 14, 24][0, 25, 11][0, 22][14, 23][4, 7][2, 10][27, 29] 
[13, 6, 10, 15, 5, 21][12, 18, 17, 28, 16, 27][4, 23, 3, 1, 9][20, 7, 2, 29][22, 19, 8, 26][11, 14, 24][0, 25, 11][4, 7][2, 10][27, 29][14, 23][0, 22] 
[13, 6, 10, 15, 5, 21][12, 22, 19, 8, 26][4, 23, 3, 1, 9][18, 17, 28, 16, 27][20, 7, 2, 29][0, 25, 11][11, 14, 24][0, 22][12, 18][14, 23][27, 29][2, 10] 
[13, 6, 10, 15, 5, 21][12, 18, 17, 28, 16, 27][4, 23, 3, 1, 9][20, 7, 2, 29][22, 19, 8, 26][11, 14, 24][0, 25, 11][4, 7][2, 10][27, 29][14, 23][0, 22] 
[13, 6, 10, 15, 5, 21][12, 18, 17, 28, 16, 27][4, 23, 3, 1, 9][22, 19, 8, 26][20, 7, 2, 29][0, 25, 11][11, 14, 24][0, 22][14, 23][4, 7][2, 10][27, 29] 
[13, 6, 10, 15, 5, 21][12, 18, 17, 28, 16, 27][4, 23, 3, 1, 9][22, 19, 8, 26][20, 7, 2, 29][11, 14, 24][0, 25, 11][14, 23][0, 22][4, 7][2, 10][27, 29] 
[13, 6, 10, 15, 5, 21][18, 17, 28, 16, 27][12, 22, 19, 8, 26][4, 23, 3, 1, 9][20, 7, 2, 29][0, 25, 11][11, 14, 24][2, 10][27, 29][12, 18][0, 22][14, 23] 
[13, 6, 10, 15, 5, 21][12, 22, 19, 8, 26][4, 23, 3, 1, 9][18, 17, 28, 16, 27][20, 7, 2, 29][0, 25, 11][11, 14, 24][0, 22][12, 18][14, 23][27, 29][2, 10] 
[13, 6, 10, 15, 5, 21][12, 22, 19, 8, 26][18, 17, 28, 16, 27][4, 23, 3, 1, 9][20, 7, 2, 29][0, 25, 11][11, 14, 24][0, 22][12, 18][14, 23][27, 29][2, 10] 
[13, 6, 10, 15, 5, 21][4, 23, 3, 1, 9][12, 22, 19, 8, 26][18, 17, 28, 16, 27][20, 7, 2, 29][11, 14, 24][0, 25, 11][4, 7][14, 23][0, 22][2, 10][12, 18] 
[12, 18, 17, 28, 16, 27][13, 6, 10, 15, 5, 21][4, 23, 3, 1, 9][22, 19, 8, 26][20, 7, 2, 29][11, 14, 24][0, 25, 11][0, 22][14, 23][4, 7][27, 29][2, 10] 
[13, 6, 10, 15, 5, 21][12, 18, 17, 28, 16, 27][4, 23, 3, 1, 9][22, 19, 8, 26][20, 7, 2, 29][0, 25, 11][11, 14, 24][0, 22][14, 23][4, 7][2, 10][27, 29] 
[13, 6, 10, 15, 5, 21][12, 22, 19, 8, 26][18, 17, 28, 16, 27][4, 23, 3, 1, 9][20, 7, 2, 29][0, 25, 11][11, 14, 24][0, 22][12, 18][14, 23][27, 29][2, 10] 
[13, 6, 10, 15, 5, 21][12, 18, 17, 28, 16, 27][4, 23, 3, 1, 9][22, 19, 8, 26][20, 7, 2, 29][11, 14, 24][0, 25, 11][0, 22][14, 23][4, 7][2, 10][27, 29] 
[12, 18, 17, 28, 16, 27][13, 6, 10, 15, 5, 21][4, 23, 3, 1, 9][22, 19, 8, 26][20, 7, 2, 29][11, 14, 24][0, 25, 11][0, 22][14, 23][4, 7][27, 29][2, 10] 
[13, 6, 10, 15, 5, 21][12, 18, 17, 28, 16, 27][4, 23, 3, 1, 9][22, 19, 8, 26][20, 7, 2, 29][0, 25, 11][11, 14, 24][0, 22][14, 23][4, 7][2, 10][27, 29] 
[13, 6, 10, 15, 5, 21][18, 17, 28, 16, 27][12, 22, 19, 8, 26][4, 23, 3, 1, 9][20, 7, 2, 29][0, 25, 11][11, 14, 24][2, 10][27, 29][12, 18][0, 22][14, 23] 
[13, 6, 10, 15, 5, 21][12, 18, 17, 28, 16, 27][4, 23, 3, 1, 9][22, 19, 8, 26][20, 7, 2, 29][0, 25, 11][11, 14, 24][0, 22][14, 23][4, 7][2, 10][27, 29] 
[13, 6, 10, 15, 5, 21][12, 18, 17, 28, 16, 27][4, 23, 3, 1, 9][22, 19, 8, 26][20, 7, 2, 29][11, 14, 24][0, 25, 11][0, 22][14, 23][4, 7][2, 10][27, 29] 
[28, 0, 22, 17, 18, 13, 6, 5, 21, 10, 27, 15, 2, 29][11, 14, 20, 23, 1, 9, 3, 24, 7, 25][16, 6, 13, 18, 22, 17, 0, 12, 8, 19][4, 23][11, 17][0, 12][8, 26][5, 21][5, 21][10, 21][5, 21][5, 21] 
[28, 0, 22, 17, 18, 13, 6, 5, 21, 10, 27, 15, 2, 29][11, 14, 20, 23, 1, 9, 3, 24, 7, 25][16, 6, 13, 18, 22, 17, 0, 12, 8, 19][4, 23][11, 17][0, 12][8, 26][5, 21][5, 21][10, 21][5, 21][5, 21] 
[28, 0, 22, 17, 18, 13, 6, 5, 21, 10, 27, 15, 2, 29][11, 14, 20, 23, 1, 9, 3, 24, 7, 25][16, 6, 13, 18, 22, 17, 0, 12, 8, 19][4, 23][11, 17][0, 12][8, 26][5, 21][5, 21][10, 21][5, 21][5, 21] 
[28, 0, 22, 18, 13, 6, 5, 21, 10, 27, 15, 2, 29][11, 14, 20, 23, 1, 9, 3, 24, 7, 25][16, 6, 13, 18, 22, 17, 0, 12, 8, 19][4, 23][11, 17][0, 12][8, 26][5, 21][5, 21][10, 21][5, 21][5, 21] 
[28, 0, 22, 18, 13, 6, 5, 21, 10, 27, 15, 2, 29][11, 14, 20, 23, 1, 9, 3, 24, 7, 25][16, 6, 13, 18, 22, 17, 0, 12, 8, 19][4, 23][11, 17][0, 12][8, 26][5, 21][5, 21][10, 21][5, 21][5, 21] 
[28, 0, 22, 18, 13, 6, 5, 21, 10, 27, 15, 2, 29][11, 14, 20, 23, 1, 9, 3, 24, 7, 25][17, 0, 12, 8, 19][11, 17][4, 23][8, 26][5, 21][10, 21][10, 21][5, 21][6, 16][5, 21] 
[28, 0, 22, 17, 18, 13, 6, 5, 21, 10, 27, 15, 2, 29][11, 14, 20, 23, 1, 9, 3, 24, 7, 25][16, 6, 13, 18, 22, 17, 0, 12, 8, 19][4, 23][11, 17][0, 12][8, 26][5, 21][5, 21][10, 21][5, 21][5, 21] 
[28, 0, 22, 17, 18, 13, 6, 5, 21, 10, 27, 15, 2, 29][11, 14, 20, 23, 1, 9, 3, 24, 7, 25][16, 6, 13, 18, 22, 17, 0, 12, 8, 19][4, 23][11, 17][0, 12][8, 26][5, 21][5, 21][10, 21][5, 21][5, 21] 
[28, 0, 22, 18, 13, 6, 5, 21, 10, 27, 15, 2, 29][11, 14, 20, 23, 1, 9, 3, 24, 7, 25][16, 6, 13, 18, 22, 17, 0, 12, 8, 19][4, 23][11, 17][0, 12][8, 26][5, 21][5, 21][10, 21][5, 21][5, 21] 
[28, 0, 22, 17, 18, 13, 6, 5, 21, 10, 27, 15, 2, 29][11, 14, 20, 23, 1, 9, 3, 24, 7, 25][16, 6, 13, 18, 22, 17, 0, 12, 8, 19][4, 23][11, 17][0, 12][8, 26][5, 21][5, 21][10, 21][5, 21][5, 21] 
[28, 0, 22, 17, 18, 13, 6, 5, 21, 10, 27, 15, 2, 29][11, 14, 20, 23, 1, 9, 3, 24, 7, 25][16, 6, 13, 18, 22, 17, 0, 12, 8, 19][4, 23][11, 17][0, 12][8, 26][5, 21][5, 21][10, 21][5, 21][5, 21] 
[28, 0, 22, 17, 18, 13, 6, 5, 21, 10, 27, 15, 2, 29][11, 14, 20, 23, 1, 9, 3, 24, 7, 25][16, 6, 13, 18, 22, 17, 0, 12, 8, 19][4, 23][11, 17][0, 12][8, 26][5, 21][5, 21][10, 21][5, 21][5, 21] 
[28, 0, 22, 18, 13, 6, 5, 21, 10, 27, 15, 2, 29][11, 14, 20, 23, 1, 9, 3, 24, 7, 25][16, 6, 13, 18, 22, 17, 0, 12, 8, 19][4, 23][11, 17][0, 12][8, 26][5, 21][5, 21][10, 21][5, 21][5, 21] 
[28, 0, 22, 17, 18, 13, 6, 5, 21, 10, 27, 15, 2, 29][11, 14, 20, 23, 1, 9, 3, 24, 7, 25][16, 6, 13, 18, 22, 17, 0, 12, 8, 19][4, 23][11, 17][0, 12][8, 26][5, 21][5, 21][10, 21][5, 21][5, 21] 
[28, 0, 22, 17, 18, 13, 6, 5, 21, 10, 27, 15, 2, 29][11, 14, 20, 23, 1, 9, 3, 24, 7, 25][16, 6, 13, 18, 22, 17, 0, 12, 8, 19][4, 23][11, 17][0, 12][8, 26][5, 21][5, 21][10, 21][5, 21][5, 21] 
[28, 0, 22, 18, 13, 6, 5, 21, 10, 27, 15, 2, 29][9, 1, 24, 3, 4, 20, 7, 25, 22, 17, 11][16, 6, 13, 18, 22, 17, 0, 12, 8, 19][4, 23][0, 12][11, 14][8, 26][5, 21][5, 21][10, 21][5, 21][5, 21] 
[28, 0, 22, 18, 13, 6, 5, 21, 10, 27, 15, 2, 29][9, 1, 24, 3, 4, 20, 7, 25, 22, 17, 11][16, 6, 13, 18, 22, 17, 0, 12, 8, 19][4, 23][0, 12][11, 14][8, 26][5, 21][5, 21][10, 21][5, 21][5, 21] 
[28, 0, 22, 17, 18, 13, 6, 5, 21, 10, 27, 15, 2, 29][11, 14, 20, 23, 1, 9, 3, 24, 7, 25][16, 6, 13, 18, 22, 17, 0, 12, 8, 19][4, 23][11, 17][0, 12][8, 26][5, 21][5, 21][10, 21][5, 21][5, 21] 
[28, 0, 22, 17, 18, 13, 6, 5, 21, 10, 27, 15, 2, 29][9, 1, 24, 3, 4, 20, 7, 25, 22, 17, 11][13, 18, 22, 0, 12, 8, 19][16, 28, 17, 18][4, 23, 14][0, 28][5, 21][8, 26][2, 29][2, 29][10, 21][5, 21] 
[28, 0, 22, 18, 13, 6, 5, 21, 10, 27, 15, 2, 29][9, 1, 24, 3, 4, 20, 7, 25, 22, 17, 11][16, 6, 13, 18, 22, 17, 0, 12, 8, 19][4, 23][0, 12][11, 14][8, 26][5, 21][5, 21][10, 21][5, 21][5, 21] 
[28, 0, 22, 18, 13, 6, 5, 21, 10, 27, 15, 2, 29][9, 1, 24, 3, 4, 20, 7, 25, 22, 17, 11][16, 6, 13, 18, 22, 17, 0, 12, 8, 19][4, 23][0, 12][11, 14][8, 26][5, 21][5, 21][10, 21][5, 21][5, 21] 
[13, 6, 10, 15, 5, 21][12, 22, 19, 8, 26][4, 23, 3, 1, 9][18, 17, 28, 16, 27][20, 7, 2, 29][0, 25, 11][11, 14, 24][0, 22][12, 18][14, 23][27, 29][2, 10] 
[13, 6, 10, 15, 5, 21][12, 22, 19, 8, 26][4, 23, 3, 1, 9][18, 17, 28, 16, 27][20, 7, 2, 29][0, 25, 11][11, 14, 24][0, 22][12, 18][14, 23][27, 29][2, 10] 
[13, 6, 10, 15, 5, 21][18, 17, 28, 16, 27][12, 22, 19, 8, 26][4, 23, 3, 1, 9][20, 7, 2, 29][0, 25, 11][11, 14, 24][2, 10][27, 29][12, 18][0, 22][14, 23] 
[13, 6, 10, 15, 5, 21][12, 22, 19, 8, 26][4, 23, 3, 1, 9][18, 17, 28, 16, 27][20, 7, 2, 29][0, 25, 11][11, 14, 24][0, 22][12, 18][14, 23][27, 29][2, 10] 
[13, 6, 10, 15, 5, 21][12, 22, 19, 8, 26][4, 23, 3, 1, 9][18, 17, 28, 16, 27][20, 7, 2, 29][0, 25, 11][11, 14, 24][0, 22][12, 18][14, 23][27, 29][2, 10] 
[13, 6, 10, 15, 5, 21][12, 22, 19, 8, 26][4, 23, 3, 1, 9][18, 17, 28, 16, 27][20, 7, 2, 29][0, 25, 11][11, 14, 24][0, 22][12, 18][14, 23][27, 29][2, 10] 
[13, 6, 10, 15, 5, 21][12, 22, 19, 8, 26][4, 23, 3, 1, 9][18, 17, 28, 16, 27][20, 7, 2, 29][0, 25, 11][11, 14, 24][0, 22][12, 18][14, 23][27, 29][2, 10] 
[13, 6, 10, 15, 5, 21][18, 17, 28, 16, 27][12, 22, 19, 8, 26][4, 23, 3, 1, 9][20, 7, 2, 29][0, 25, 11][11, 14, 24][2, 10][27, 29][12, 18][0, 22][14, 23] 
[13, 6, 10, 15, 5, 21][18, 17, 28, 16, 27][12, 22, 19, 8, 26][4, 23, 3, 1, 9][20, 7, 2, 29][0, 25, 11][11, 14, 24][2, 10][27, 29][12, 18][0, 22][14, 23] 
[13, 6, 10, 15, 5, 21][12, 22, 19, 8, 26][4, 23, 3, 1, 9][18, 17, 28, 16, 27][20, 7, 2, 29][0, 25, 11][11, 14, 24][0, 22][12, 18][14, 23][27, 29][2, 10] 
[13, 6, 10, 15, 5, 21][12, 22, 19, 8, 26][4, 23, 3, 1, 9][18, 17, 28, 16, 27][20, 7, 2, 29][0, 25, 11][11, 14, 24][0, 22][12, 18][14, 23][27, 29][2, 10] 
[13, 6, 10, 15, 5, 21][4, 23, 3, 1, 9][12, 22, 19, 8, 26][18, 17, 28, 16, 27][20, 7, 2, 29][11, 14, 24][0, 25, 11][14, 23][0, 22][12, 18][27, 29][2, 10] 
[13, 6, 10, 15, 5, 21][12, 22, 19, 8, 26][4, 23, 3, 1, 9][18, 17, 28, 16, 27][20, 7, 2, 29][0, 25, 11][11, 14, 24][0, 22][12, 18][14, 23][27, 29][2, 10] 
[13, 6, 10, 15, 5, 21][4, 23, 3, 1, 9][12, 22, 19, 8, 26][18, 17, 28, 16, 27][20, 7, 2, 29][11, 14, 24][0, 25, 11][14, 23][0, 22][12, 18][27, 29][2, 10] 
[13, 6, 10, 15, 5, 21][18, 17, 28, 16, 27][12, 22, 19, 8, 26][4, 23, 3, 1, 9][20, 7, 2, 29][0, 25, 11][11, 14, 24][2, 10][27, 29][12, 18][0, 22][14, 23] 
[13, 6, 10, 15, 5, 21][12, 18, 17, 28, 16, 27][4, 23, 3, 1, 9][22, 19, 8, 26][20, 7, 2, 29][0, 25, 11][11, 14, 24][0, 22][14, 23][4, 7][2, 10][27, 29] 
[12, 18, 17, 28, 16, 27][13, 6, 10, 15, 5, 21][4, 23, 3, 1, 9][20, 7, 2, 29][22, 19, 8, 26][11, 14, 24][0, 25, 11][4, 7][27, 29][14, 23][0, 22][2, 10] 
[13, 6, 10, 15, 5, 21][12, 18, 17, 28, 16, 27][4, 23, 3, 1, 9][22, 19, 8, 26][20, 7, 2, 29][0, 25, 11][11, 14, 24][0, 22][14, 23][4, 7][2, 10][27, 29] 
[13, 6, 10, 15, 5, 21][12, 18, 17, 28, 16, 27][4, 23, 3, 1, 9][22, 19, 8, 26][20, 7, 2, 29][11, 14, 24][0, 25, 11][0, 22][14, 23][4, 7][2, 10][27, 29] 
[13, 6, 10, 15, 5, 21][12, 18, 17, 28, 16, 27][4, 23, 3, 1, 9][22, 19, 8, 26][20, 7, 2, 29][11, 14, 24][0, 25, 11][14, 23][0, 22][4, 7][2, 10][27, 29] 
[13, 6, 10, 15, 5, 21][12, 18, 17, 28, 16, 27][4, 23, 3, 1, 9][22, 19, 8, 26][20, 7, 2, 29][0, 25, 11][11, 14, 24][0, 22][14, 23][4, 7][2, 10][27, 29] 
[13, 6, 10, 15, 5, 21][12, 22, 19, 8, 26][4, 23, 3, 1, 9][18, 17, 28, 16, 27][20, 7, 2, 29][0, 25, 11][11, 14, 24][0, 22][12, 18][14, 23][27, 29][2, 10] 
[13, 6, 10, 15, 5, 21][12, 22, 19, 8, 26][4, 23, 3, 1, 9][18, 17, 28, 16, 27][20, 7, 2, 29][0, 25, 11][11, 14, 24][0, 22][12, 18][14, 23][27, 29][2, 10] 
[13, 6, 10, 15, 5, 21][4, 23, 3, 1, 9][12, 22, 19, 8, 26][18, 17, 28, 16, 27][20, 7, 2, 29][11, 14, 24][0, 25, 11][14, 23][0, 22][12, 18][27, 29][2, 10] 
[13, 6, 10, 15, 5, 21][12, 22, 19, 8, 26][4, 23, 3, 1, 9][18, 17, 28, 16, 27][20, 7, 2, 29][0, 25, 11][11, 14, 24][0, 22][12, 18][14, 23][27, 29][2, 10] 
[13, 6, 10, 15, 5, 21][12, 22, 19, 8, 26][4, 23, 3, 1, 9][18, 17, 28, 16, 27][20, 7, 2, 29][0, 25, 11][11, 14, 24][0, 22][12, 18][14, 23][27, 29][2, 10] 
[13, 6, 10, 15, 5, 21][18, 17, 28, 16, 27][12, 22, 19, 8, 26][4, 23, 3, 1, 9][20, 7, 2, 29][0, 25, 11][11, 14, 24][2, 10][27, 29][12, 18][0, 22][14, 23] 
[13, 6, 10, 15, 5, 21][12, 22, 19, 8, 26][4, 23, 3, 1, 9][18, 17, 28, 16, 27][20, 7, 2, 29][0, 25, 11][11, 14, 24][0, 22][12, 18][14, 23][27, 29][2, 10] 
[13, 6, 10, 15, 5, 21][12, 18, 17, 28, 16, 27][4, 23, 3, 1, 9][22, 19, 8, 26][20, 7, 2, 29][11, 14, 24][0, 25, 11][0, 22][14, 23][4, 7][2, 10][27, 29] 
[13, 6, 10, 15, 5, 21][12, 18, 17, 28, 16, 27][4, 23, 3, 1, 9][22, 19, 8, 26][20, 7, 2, 29][0, 25, 11][11, 14, 24][0, 22][14, 23][4, 7][2, 10][27, 29] 
[12, 18, 17, 28, 16, 27][13, 6, 10, 15, 5, 21][4, 23, 3, 1, 9][20, 7, 2, 29][22, 19, 8, 26][11, 14, 24][0, 25, 11][4, 7][27, 29][14, 23][0, 22][2, 10] 
[13, 6, 10, 15, 5, 21][12, 18, 17, 28, 16, 27][4, 23, 3, 1, 9][22, 19, 8, 26][20, 7, 2, 29][0, 25, 11][11, 14, 24][0, 22][14, 23][4, 7][2, 10][27, 29] 
[13, 6, 10, 15, 5, 21][12, 18, 17, 28, 16, 27][4, 23, 3, 1, 9][22, 19, 8, 26][20, 7, 2, 29][0, 25, 11][11, 14, 24][0, 22][14, 23][4, 7][2, 10][27, 29] 
[13, 6, 10, 15, 5, 21][12, 18, 17, 28, 16, 27][4, 23, 3, 1, 9][20, 7, 2, 29][22, 19, 8, 26][11, 14, 24][0, 25, 11][2, 10][4, 7][27, 29][14, 23][0, 22] 
[12, 18, 17, 28, 16, 27][13, 6, 10, 15, 5, 21][4, 23, 3, 1, 9][22, 19, 8, 26][20, 7, 2, 29][11, 14, 24][0, 25, 11][0, 22][14, 23][4, 7][27, 29][2, 10] 
[13, 6, 10, 15, 5, 21][12, 18, 17, 28, 16, 27][4, 23, 3, 1, 9][22, 19, 8, 26][20, 7, 2, 29][0, 25, 11][11, 14, 24][0, 22][14, 23][4, 7][2, 10][27, 29] 
[13, 6, 10, 15, 5, 21][12, 18, 17, 28, 16, 27][4, 23, 3, 1, 9][22, 19, 8, 26][20, 7, 2, 29][0, 25, 11][11, 14, 24][0, 22][14, 23][4, 7][2, 10][27, 29] 
[13, 6, 10, 15, 5, 21][12, 18, 17, 28, 16, 27][4, 23, 3, 1, 9][22, 19, 8, 26][20, 7, 2, 29][11, 14, 24][0, 25, 11][0, 22][14, 23][4, 7][2, 10][27, 29] 
[13, 6, 10, 15, 5, 21][12, 18, 17, 28, 16, 27][4, 23, 3, 1, 9][22, 19, 8, 26][20, 7, 2, 29][0, 25, 11][11, 14, 24][0, 22][14, 23][4, 7][2, 10][27, 29] 
[12, 18, 17, 28, 16, 27][13, 6, 10, 15, 5, 21][4, 23, 3, 1, 9][20, 7, 2, 29][22, 19, 8, 26][11, 14, 24][0, 25, 11][4, 7][27, 29][14, 23][0, 22][2, 10] 
[13, 6, 10, 15, 5, 21][12, 18, 17, 28, 16, 27][4, 23, 3, 1, 9][22, 19, 8, 26][20, 7, 2, 29][11, 14, 24][0, 25, 11][0, 22][14, 23][4, 7][2, 10][27, 29] 
[13, 6, 10, 15, 5, 21][12, 18, 17, 28, 16, 27][4, 23, 3, 1, 9][22, 19, 8, 26][20, 7, 2, 29][11, 14, 24][0, 25, 11][0, 22][14, 23][4, 7][2, 10][27, 29] 
[12, 18, 17, 28, 16, 27][13, 6, 10, 15, 5, 21][4, 23, 3, 1, 9][20, 7, 2, 29][22, 19, 8, 26][11, 14, 24][0, 25, 11][4, 7][27, 29][14, 23][0, 22][2, 10] 
[13, 6, 10, 15, 5, 21][12, 18, 17, 28, 16, 27][4, 23, 3, 1, 9][22, 19, 8, 26][20, 7, 2, 29][0, 25, 11][11, 14, 24][11, 14, 23][0, 22][4, 7][2, 10][27, 29] 
[13, 6, 10, 15, 5, 21][12, 18, 17, 28, 16, 27][4, 23, 3, 1, 9][22, 19, 8, 26][20, 7, 2, 29][0, 25, 11][11, 14, 24][11, 14, 23][0, 22][4, 7][2, 10][27, 29] 
[13, 6, 10, 15, 5, 21][12, 18, 17, 28, 16, 27][4, 23, 3, 1, 9][22, 19, 8, 26][20, 7, 2, 29][0, 25, 11][11, 14, 24][11, 14, 23][0, 22][4, 7][2, 10][27, 29] 
[13, 6, 10, 15, 5, 21][12, 18, 17, 28, 16, 27][4, 23, 3, 1, 9][22, 19, 8, 26][20, 7, 2, 29][0, 25, 11][11, 14, 24][11, 14, 23][0, 22][4, 7][2, 10][27, 29] 
[13, 6, 10, 15, 5, 21][12, 18, 17, 28, 16, 27][4, 23, 3, 1, 9][22, 19, 8, 26][20, 7, 2, 29][0, 25, 11][11, 14, 24][11, 14, 23][0, 22][4, 7][2, 10][27, 29] 
[12, 18, 17, 28, 16, 27][13, 6, 10, 15, 5, 21][11, 25, 0, 19, 8, 26][4, 23, 3, 1, 9][2, 7, 20][11, 14, 24][27, 29][4, 7][2, 10][14, 23][0, 22][2, 29] 
[13, 6, 10, 15, 5, 21][12, 22, 19, 8, 26][4, 23, 3, 1, 9][18, 17, 28, 16, 27][20, 7, 2, 29][0, 25, 11][11, 14, 24][0, 22][12, 18][14, 23][27, 29][2, 10] 
[13, 6, 10, 15, 5, 21][12, 22, 19, 8, 26][4, 23, 3, 1, 9][18, 17, 28, 16, 27][20, 7, 2, 29][0, 25, 11][11, 14, 24][0, 22][12, 18][14, 23][27, 29][2, 10] 
[13, 6, 10, 15, 5, 21][12, 22, 19, 8, 26][4, 23, 3, 1, 9][18, 17, 28, 16, 27][20, 7, 2, 29][0, 25, 11][11, 14, 24][0, 22][12, 18][14, 23][27, 29][2, 10] 
[13, 6, 10, 15, 5, 21][12, 22, 19, 8, 26][4, 23, 3, 1, 9][18, 17, 28, 16, 27][20, 7, 2, 29][0, 25, 11][11, 14, 24][0, 22][12, 18][14, 23][27, 29][2, 10] 
[13, 6, 10, 15, 5, 21][18, 17, 28, 16, 27][12, 22, 19, 8, 26][4, 23, 3, 1, 9][20, 7, 2, 29][0, 25, 11][11, 14, 24][2, 10][27, 29][12, 18][0, 22][14, 23] 
[12, 18, 17, 28, 16, 27][13, 6, 10, 15, 5, 21][4, 23, 3, 1, 9][20, 7, 2, 29][22, 19, 8, 26][11, 14, 24][0, 25, 11][4, 7][27, 29][14, 23][0, 22][2, 10] 
[13, 6, 10, 15, 5, 21][12, 22, 19, 8, 26][4, 23, 3, 1, 9][18, 17, 28, 16, 27][20, 7, 2, 29][0, 25, 11][11, 14, 24][0, 22][12, 18][14, 23][27, 29][2, 10] 
