[9, 1, 4, 20, 14, 23][2, 15, 10, 21, 5, 6][8, 26, 0, 19, 12][13, 18, 22, 17][24, 3, 11, 25][7, 28, 16, 27][16, 27, 29][11, 17][0, 22][1, 24][25, 28][2, 29] 
[9, 1, 4, 20, 14, 23][2, 15, 10, 21, 5, 6][8, 26, 0, 19, 12][24, 3, 11, 25][7, 16, 27, 29][13, 18, 22, 17][1, 24][25, 28][7, 28][11, 17][2, 29][0, 22] 
[9, 1, 4, 20, 14, 23][2, 15, 10, 21, 5, 6][8, 26, 0, 19, 12][24, 3, 11, 25][7, 16, 27, 29][13, 18, 22, 17][1, 24][25, 28][7, 28][11, 17][2, 29][0, 22] 
[9, 1, 4, 20, 14, 23][2, 15, 10, 21, 5, 6][8, 26, 0, 19, 12][24, 3, 11, 25][7, 16, 27, 29][13, 18, 22, 17][1, 24][25, 28][7, 28][11, 17][2, 29][0, 22] 
[9, 1, 4, 20, 14, 23][2, 15, 10, 21, 5, 6][8, 26, 0, 19, 12][24, 3, 11, 25][13, 18, 22, 17][7, 28, 16, 27][1, 24][11, 17][0, 22][25, 28][27, 29][2, 29] 
[9, 1, 4, 20, 14, 23][2, 15, 10, 21, 5, 6][8, 26, 0, 19, 12][24, 3, 11, 25][13, 18, 22, 17][7, 28, 16, 27][1, 24][11, 17][0, 22][25, 28][27, 29][2, 29] 
[9, 1, 4, 20, 14, 23][2, 15, 10, 21, 5, 6][8, 26, 0, 19, 12][24, 3, 11, 25][13, 18, 22, 17][7, 28, 16, 27][1, 24][11, 17][0, 22][25, 28][27, 29][2, 29] 
[9, 1, 4, 20, 14, 23][2, 15, 10, 21, 5, 6][8, 26, 0, 19, 12][24, 3, 11, 25][13, 18, 22, 17][7, 28, 16, 27][1, 24][11, 17][0, 22][25, 28][27, 29][2, 29] 
[9, 1, 4, 20, 14, 23][2, 15, 10, 21, 5, 6][8, 26, 0, 19, 12][24, 3, 11, 25][13, 18, 22, 17][7, 28, 16, 27][1, 24][11, 17][0, 22][25, 28][27, 29][2, 29] 
[9, 1, 4, 20, 14, 23][2, 15, 10, 21, 5, 6][8, 26, 0, 19, 12][24, 3, 11, 25][13, 18, 22, 17][7, 28, 16, 27][1, 24][11, 17][0, 22][25, 28][27, 29][2, 29] 
[9, 1, 4, 20, 14, 23][2, 15, 10, 21, 5, 6][8, 26, 0, 19, 12][13, 18, 22, 17][24, 3, 11, 25][7, 28, 16, 27][16, 27, 29][11, 17][0, 22][1, 24][25, 28][2, 29] 
[9, 1, 4, 20, 14, 23][2, 15, 10, 21, 5, 6][8, 26, 0, 19, 12][24, 3, 11, 25][7, 16, 27, 29][13, 18, 22, 17][1, 24][25, 28][7, 28][11, 17][2, 29][0, 22] 
[9, 1, 4, 20, 14, 23][2, 15, 10, 21, 5, 6][8, 26, 0, 19, 12][24, 3, 11, 25][7, 16, 27, 29][13, 18, 22, 17][1, 24][25, 28][7, 28][11, 17][2, 29][0, 22] 
[9, 1, 4, 20, 14, 23][2, 15, 10, 21, 5, 6][8, 26, 0, 19, 12][24, 3, 11, 25][13, 18, 22, 17][7, 28, 16, 27][1, 24][11, 17][0, 22][25, 28][27, 29][2, 29] 
[9, 1, 4, 20, 14, 23][2, 15, 10, 21, 5, 6][8, 26, 0, 19, 12][24, 3, 11, 25][13, 18, 22, 17][7, 28, 16, 27][1, 24][11, 17][0, 22][25, 28][27, 29][2, 29] 
[9, 1, 4, 20, 14, 23][2, 15, 10, 21, 5, 6][8, 26, 0, 19, 12][24, 3, 11, 25][13, 18, 22, 17][7, 28, 16, 27][1, 24][11, 17][0, 22][25, 28][27, 29][2, 29] 
[9, 1, 4, 20, 14, 23][2, 15, 10, 21, 5, 6][8, 26, 0, 19, 12][24, 3, 11, 25][13, 18, 22, 17][7, 28, 16, 27][16, 27, 29][1, 24][11, 17][0, 22][25, 28][2, 29] 
[9, 1, 4, 20, 14, 23][2, 15, 10, 21, 5, 6][8, 26, 0, 19, 12][24, 3, 11, 25][7, 16, 27, 29][13, 18, 22, 17][1, 24][25, 28][7, 28][11, 17][2, 29][0, 22] 
[9, 1, 4, 20, 14, 23][2, 15, 10, 21, 5, 6][8, 26, 0, 19, 12][24, 3, 11, 25][13, 18, 22, 17][7, 28, 16, 27][1, 24][11, 17][0, 22][25, 28][27, 29][2, 29] 
[9, 1, 4, 20, 14, 23][2, 15, 10, 21, 5, 6][8, 26, 0, 19, 12][24, 3, 11, 25][13, 18, 22, 17][7, 28, 16, 27][16, 27, 29][1, 24][11, 17][0, 22][25, 28][2, 29] 
[9, 1, 4, 20, 14, 23][2, 15, 10, 21, 5, 6][8, 26, 0, 19, 12][7, 28, 16, 27][24, 3, 11, 25][13, 18, 22, 17][16, 27, 29][25, 28][11, 17][0, 22][1, 24][2, 29] 
[9, 1, 4, 20, 14, 23][2, 15, 10, 21, 5, 6][8, 26, 0, 19, 12][24, 3, 11, 25][7, 16, 27, 29][13, 18, 22, 17][1, 24][25, 28][7, 28][11, 17][2, 29][0, 22] 
[9, 1, 4, 20, 14, 23][2, 15, 10, 21, 5, 6][8, 26, 0, 19, 12][24, 3, 11, 25][7, 16, 27, 29][13, 18, 22, 17][1, 24][25, 28][7, 28][11, 17][2, 29][0, 22] 
[9, 1, 4, 20, 14, 23][2, 15, 10, 21, 5, 6][8, 26, 0, 19, 12][24, 3, 11, 25][13, 18, 22, 17][7, 28, 16, 27][1, 24][11, 17][0, 22][25, 28][27, 29][2, 29] 
[9, 1, 4, 20, 14, 23][2, 15, 10, 21, 5, 6][8, 26, 0, 19, 12][24, 3, 11, 25][13, 18, 22, 17][7, 28, 16, 27][1, 24][11, 17][0, 22][25, 28][27, 29][2, 29] 
[9, 1, 4, 20, 14, 23][2, 15, 10, 21, 5, 6][8, 26, 0, 19, 12][24, 3, 11, 25][13, 18, 22, 17][7, 28, 16, 27][1, 24][11, 17][0, 22][25, 28][27, 29][2, 29] 
[9, 1, 4, 20, 14, 23][2, 15, 10, 21, 5, 6][8, 26, 0, 19, 12][13, 18, 22, 17][24, 3, 11, 25][7, 28, 16, 27][16, 27, 29][11, 17][25, 28][1, 24][0, 22][2, 29] 
[9, 1, 4, 20, 14, 23][2, 15, 10, 21, 5, 6][8, 26, 0, 19, 12][24, 3, 11, 25][7, 16, 27, 29][13, 18, 22, 17][1, 24][25, 28][7, 28][11, 17][2, 29][0, 22] 
[9, 1, 4, 20, 14, 23][2, 15, 10, 21, 5, 6][8, 26, 0, 19, 12][13, 18, 22, 17][24, 3, 11, 25][7, 28, 16, 27][0, 22][11, 17][25, 28][1, 24][27, 29][2, 29] 
[9, 1, 4, 20, 14, 23][2, 15, 10, 21, 5, 6][8, 26, 0, 19, 12][24, 3, 11, 25][13, 18, 22, 17][7, 28, 16, 27][16, 27, 29][1, 24][11, 17][0, 22][25, 28][2, 29] 
[2, 15, 10, 21, 5, 6][9, 1, 4, 20, 14, 23][8, 26, 0, 19, 12][7, 28, 16, 27][24, 3, 11, 25][13, 18, 22, 17][16, 27, 29][2, 29][25, 28][11, 17][1, 24][0, 22] 
[9, 1, 4, 20, 14, 23][2, 15, 10, 21, 5, 6][8, 26, 0, 19, 12][24, 3, 11, 25][7, 16, 27, 29][13, 18, 22, 17][1, 24][25, 28][7, 28][11, 17][2, 29][0, 22] 
[9, 1, 4, 20, 14, 23][2, 15, 10, 21, 5, 6][8, 26, 0, 19, 12][13, 18, 22, 17][24, 3, 11, 25][7, 28, 16, 27][0, 22][11, 17][25, 28][1, 24][27, 29][2, 29] 
[9, 1, 4, 20, 14, 23][2, 15, 10, 21, 5, 6][8, 26, 0, 19, 12][13, 18, 22, 17][24, 3, 11, 25][7, 28, 16, 27][16, 27, 29][11, 17][0, 22][25, 28][1, 24][2, 29] 
[9, 1, 4, 20, 14, 23][2, 15, 10, 21, 5, 6][8, 26, 0, 19, 12][24, 3, 11, 25][13, 18, 22, 17][7, 28, 16, 27][16, 27, 29][1, 24][11, 17][0, 22][25, 28][2, 29] 
[4, 1, 9, 3, 24, 7, 2, 10, 27, 16, 6, 5, 21, 15, 29][17, 18, 13, 0, 28, 25, 22, 19, 12, 8, 26][20, 24, 23, 14, 11, 25][25, 28][1, 9][12, 19][16, 27][13, 18][10, 27][13, 18][13, 18][2, 7] 
[4, 1, 9, 3, 24, 7, 2, 10, 27, 16, 6, 5, 21, 15, 29][17, 18, 13, 0, 28, 25, 22, 19, 12, 8, 26][20, 24, 23, 14, 11, 25][25, 28][1, 9][12, 19][16, 27][13, 18][10, 27][13, 18][13, 18][2, 7] 
[4, 1, 9, 3, 24, 7, 2, 10, 27, 16, 6, 5, 21, 15, 29][17, 18, 13, 0, 28, 25, 22, 19, 12, 8, 26][20, 24, 23, 14, 11, 25][25, 28][1, 9][12, 19][16, 27][13, 18][10, 27][13, 18][13, 18][2, 7] 
[4, 1, 9, 3, 24, 7, 2, 10, 27, 16, 6, 5, 21, 15, 29][17, 18, 13, 0, 28, 25, 22, 19, 12, 8, 26][11, 14, 23, 24, 20][11, 25][1, 9][25, 28][13, 18][12, 19][13, 18][13, 18][13, 18][13, 18] 
[4, 1, 9, 3, 24, 7, 2, 10, 27, 16, 6, 5, 21, 15, 29][17, 18, 13, 0, 28, 25, 22, 19, 12, 8, 26][11, 14, 23, 24, 20][1, 9][11, 25][10, 27][25, 28][13, 18][13, 18][13, 18][2, 7][10, 27] 
[1, 9, 3, 24, 7, 2, 10, 27, 16, 6, 5, 21, 15, 29][17, 18, 13, 0, 28, 25, 22, 19, 12, 8, 26][11, 14, 23, 24, 20][1, 4][13, 18][10, 27][16, 27][16, 27][2, 7][10, 27][13, 18][11, 25] 
[4, 1, 9, 3, 24, 7, 2, 10, 27, 16, 6, 5, 21, 15, 29][17, 18, 13, 0, 28, 25, 22, 19, 12, 8, 26][20, 24, 23, 14, 11, 25][25, 28][1, 9][12, 19][16, 27][13, 18][10, 27][13, 18][13, 18][2, 7] 
[4, 1, 9, 3, 24, 7, 2, 10, 27, 16, 6, 5, 21, 15, 29][17, 18, 13, 0, 28, 25, 22, 19, 12, 8, 26][20, 24, 23, 14, 11, 25][25, 28][1, 9][12, 19][16, 27][13, 18][10, 27][13, 18][13, 18][2, 7] 
[4, 1, 9, 3, 24, 7, 2, 10, 27, 16, 6, 5, 21, 15, 29][17, 18, 13, 0, 28, 25, 22, 19, 12, 8, 26][11, 14, 23, 24, 20][11, 25][1, 9][25, 28][13, 18][12, 19][13, 18][13, 18][13, 18][13, 18] 
[4, 1, 9, 3, 24, 7, 2, 10, 27, 16, 6, 5, 21, 15, 29][17, 18, 13, 0, 28, 25, 22, 19, 12, 8, 26][20, 24, 23, 14, 11, 25][25, 28][1, 9][12, 19][16, 27][13, 18][10, 27][13, 18][13, 18][2, 7] 
[4, 1, 9, 3, 24, 7, 2, 10, 27, 16, 6, 5, 21, 15, 29][17, 18, 13, 0, 28, 25, 22, 19, 12, 8, 26][20, 24, 23, 14, 11, 25][25, 28][1, 9][12, 19][16, 27][13, 18][10, 27][13, 18][13, 18][2, 7] 
[4, 1, 9, 3, 24, 7, 2, 10, 27, 16, 6, 5, 21, 15, 29][17, 18, 13, 0, 28, 25, 22, 19, 12, 8, 26][20, 24, 23, 14, 11, 25][25, 28][1, 9][12, 19][16, 27][13, 18][10, 27][13, 18][13, 18][2, 7] 
[4, 1, 9, 3, 24, 7, 2, 10, 27, 16, 6, 5, 21, 15, 29][17, 18, 13, 0, 28, 25, 22, 19, 12, 8, 26][4, 1, 9, 3, 24][11, 14, 23, 24, 20][13, 18][10, 27][16, 27][16, 27][2, 7][10, 27][13, 18][11, 25] 
[4, 1, 9, 3, 24, 7, 2, 10, 27, 16, 6, 5, 21, 15, 29][17, 18, 13, 0, 28, 25, 22, 19, 12, 8, 26][20, 24, 23, 14, 11, 25][25, 28][1, 9][12, 19][16, 27][13, 18][10, 27][13, 18][13, 18][2, 7] 
[4, 1, 9, 3, 24, 7, 2, 10, 27, 16, 6, 5, 21, 15, 29][17, 18, 13, 0, 28, 25, 22, 19, 12, 8, 26][20, 24, 23, 14, 11, 25][25, 28][1, 9][12, 19][16, 27][13, 18][10, 27][13, 18][13, 18][2, 7] 
[4, 1, 9, 3, 24, 7, 2, 10, 27, 16, 6, 5, 21, 15, 29][17, 18, 13, 0, 28, 25, 22, 19, 12, 8, 26][20, 24, 23, 14, 11, 25][25, 28][1, 9][12, 19][16, 27][13, 18][10, 27][13, 18][13, 18][2, 7] 
[4, 1, 9, 3, 24, 7, 2, 10, 27, 16, 6, 5, 21, 15, 29][17, 18, 13, 0, 28, 25, 22, 19, 12, 8, 26][20, 24, 23, 14, 11, 25][25, 28][1, 9][12, 19][16, 27][13, 18][10, 27][13, 18][13, 18][2, 7] 
[4, 1, 9, 3, 24, 7, 2, 10, 27, 16, 6, 5, 21, 15, 29][17, 18, 13, 0, 28, 25, 22, 19, 12, 8, 26][20, 24, 23, 14, 11, 25][25, 28][1, 9][12, 19][16, 27][13, 18][10, 27][13, 18][13, 18][2, 7] 
[4, 1, 9, 3, 24, 7, 2, 10, 27, 16, 6, 5, 21, 15, 29][17, 18, 13, 0, 28, 25, 22, 19, 12, 8, 26][20, 24, 23, 14, 11, 25][25, 28][1, 9][12, 19][16, 27][13, 18][10, 27][13, 18][13, 18][2, 7] 
[4, 1, 9, 3, 24, 7, 2, 10, 27, 16, 6, 5, 21, 15, 29][17, 18, 13, 0, 28, 25, 22, 19, 12, 8, 26][20, 24, 23, 14, 11, 25][25, 28][1, 9][12, 19][16, 27][13, 18][10, 27][13, 18][13, 18][2, 7] 
[4, 1, 9, 3, 24, 7, 2, 10, 27, 16, 6, 5, 21, 15, 29][17, 18, 13, 0, 28, 25, 22, 19, 12, 8, 26][20, 24, 3, 23, 14, 11, 25][13, 18][13, 18][16, 27][1, 9][8, 26][12, 19][1, 9][13, 18][25, 28] 
[2, 15, 10, 21, 5, 6][9, 1, 4, 20, 14, 23][8, 26, 0, 19, 12][24, 3, 11, 25][13, 18, 22, 17][16, 27, 29][7, 28, 16][15, 29][25, 28][1, 24][11, 17][0, 22] 
[2, 15, 10, 21, 5, 6][9, 1, 4, 20, 14, 23][8, 26, 0, 19, 12][24, 3, 11, 25][13, 18, 22, 17][16, 27, 29][7, 28, 16][15, 29][25, 28][11, 17][0, 22][1, 24] 
[2, 15, 10, 21, 5, 6][9, 1, 4, 20, 14, 23][8, 26, 0, 19, 12][24, 3, 11, 25][13, 18, 22, 17][16, 27, 29][7, 28, 16][15, 29][25, 28][11, 17][0, 22][1, 24] 
[2, 15, 10, 21, 5, 6][9, 1, 4, 20, 14, 23][8, 26, 0, 19, 12][24, 3, 11, 25][13, 18, 22, 17][16, 27, 29][7, 28, 16][15, 29][25, 28][11, 17][0, 22][1, 24] 
[2, 15, 10, 21, 5, 6][9, 1, 4, 20, 14, 23][8, 26, 0, 19, 12][24, 3, 11, 25][13, 18, 22, 17][16, 27, 29][7, 28, 16][15, 29][25, 28][11, 17][0, 22][1, 24] 
[2, 15, 10, 21, 5, 6][9, 1, 4, 20, 14, 23][8, 26, 0, 19, 12][24, 3, 11, 25][13, 18, 22, 17][16, 27, 29][7, 28, 16][15, 29][25, 28][11, 17][0, 22][1, 24] 
[2, 15, 10, 21, 5, 6][9, 1, 4, 20, 14, 23][8, 26, 0, 19, 12][24, 3, 11, 25][13, 18, 22, 17][16, 27, 29][7, 28, 16][15, 29][25, 28][11, 17][0, 22][1, 24] 
[2, 15, 10, 21, 5, 6][9, 1, 4, 20, 14, 23][8, 26, 0, 19, 12][24, 3, 11, 25][13, 18, 22, 17][16, 27, 29][7, 28, 16][15, 29][25, 28][11, 17][0, 22][1, 24] 
[2, 15, 10, 21, 5, 6][9, 1, 4, 20, 14, 23][8, 26, 0, 19, 12][24, 3, 11, 25][13, 18, 22, 17][16, 27, 29][7, 28, 16][15, 29][25, 28][11, 17][0, 22][1, 24] 
[2, 15, 10, 21, 5, 6][9, 1, 4, 20, 14, 23][8, 26, 0, 19, 12][24, 3, 11, 25][13, 18, 22, 17][16, 27, 29][7, 28, 16][15, 29][25, 28][11, 17][0, 22][1, 24] 
[2, 15, 10, 21, 5, 6][9, 1, 4, 20, 14, 23][8, 26, 0, 19, 12][24, 3, 11, 25][13, 18, 22, 17][16, 27, 29][7, 28, 16][15, 29][25, 28][11, 17][0, 22][1, 24] 
[2, 15, 10, 21, 5, 6][9, 1, 4, 20, 14, 23][8, 26, 0, 19, 12][24, 3, 11, 25][13, 18, 22, 17][16, 27, 29][7, 28, 16][15, 29][25, 28][11, 17][0, 22][1, 24] 
[2, 15, 10, 21, 5, 6][9, 1, 4, 20, 14, 23][8, 26, 0, 19, 12][24, 3, 11, 25][13, 18, 22, 17][16, 27, 29][7, 28, 16][15, 29][25, 28][11, 17][0, 22][1, 24] 
[2, 15, 10, 21, 5, 6][9, 1, 4, 20, 14, 23][8, 26, 0, 19, 12][24, 3, 11, 25][13, 18, 22, 17][16, 27, 29][7, 28, 16][15, 29][25, 28][11, 17][0, 22][1, 24] 
[2, 15, 10, 21, 5, 6][9, 1, 4, 20, 14, 23][8, 26, 0, 19, 12][24, 3, 11, 25][13, 18, 22, 17][16, 27, 29][7, 28, 16][15, 29][25, 28][11, 17][0, 22][1, 24] 
[9, 1, 4, 20, 14, 23][2, 15, 10, 21, 5, 6][8, 26, 0, 19, 12][13, 18, 22, 17][24, 3, 11, 25][7, 28, 16, 27][16, 27, 29][11, 17][1, 24][25, 28][0, 22][2, 29] 
[9, 1, 4, 20, 14, 23][2, 15, 10, 21, 5, 6][8, 26, 0, 19, 12][24, 3, 11, 25][13, 18, 22, 17][7, 28, 16, 27][16, 27, 29][1, 24][11, 17][0, 22][25, 28][2, 29] 
[9, 1, 4, 20, 14, 23][2, 15, 10, 21, 5, 6][8, 26, 0, 19, 12][24, 3, 11, 25][13, 18, 22, 17][7, 28, 16, 27][16, 27, 29][1, 24][11, 17][0, 22][25, 28][2, 29] 
[9, 1, 4, 20, 14, 23][2, 15, 10, 21, 5, 6][8, 26, 0, 19, 12][24, 3, 11, 25][13, 18, 22, 17][7, 28, 16, 27][16, 27, 29][1, 24][11, 17][0, 22][25, 28][2, 29] 
[9, 1, 4, 20, 14, 23][2, 15, 10, 21, 5, 6][8, 26, 0, 19, 12][13, 18, 22, 17][24, 3, 11, 25][7, 28, 16, 27][16, 27, 29][11, 17][1, 24][25, 28][0, 22][2, 29] 
[9, 1, 4, 20, 14, 23][2, 15, 10, 21, 5, 6][8, 26, 0, 19, 12][13, 18, 22, 17][7, 16, 27, 29][3, 11, 25, 28][0, 22][11, 17][3, 24][1, 24][7, 28][2, 29] 
[2, 15, 10, 21, 5, 6][9, 1, 4, 20, 14, 23][8, 26, 0, 19, 12][24, 3, 11, 25][13, 18, 22, 17][16, 27, 29][7, 28, 16][15, 29][25, 28][11, 17][0, 22][1, 24] 
[2, 15, 10, 21, 5, 6][9, 1, 4, 20, 14, 23][8, 26, 0, 19, 12][24, 3, 11, 25][13, 18, 22, 17][16, 27, 29][7, 28, 16][15, 29][25, 28][11, 17][0, 22][1, 24] 
[2, 15, 10, 21, 5, 6][9, 1, 4, 20, 14, 23][8, 26, 0, 19, 12][24, 3, 11, 25][13, 18, 22, 17][16, 27, 29][7, 28, 16][15, 29][25, 28][11, 17][0, 22][1, 24] 
[2, 15, 10, 21, 5, 6][9, 1, 4, 20, 14, 23][8, 26, 0, 19, 12][24, 3, 11, 25][13, 18, 22, 17][16, 27, 29][7, 28, 16][15, 29][25, 28][11, 17][0, 22][1, 24] 
[2, 15, 10, 21, 5, 6][9, 1, 4, 20, 14, 23][8, 26, 0, 19, 12][24, 3, 11, 25][13, 18, 22, 17][16, 27, 29][7, 28, 16][15, 29][25, 28][11, 17][0, 22][1, 24] 
[9, 1, 4, 20, 14, 23][2, 15, 10, 21, 5, 6][8, 26, 0, 19, 12][7, 28, 16, 27][24, 3, 11, 25][13, 18, 22, 17][16, 27, 29][25, 28][11, 17][1, 24][0, 22][15, 29] 
[2, 15, 10, 21, 5, 6][9, 1, 4, 20, 14, 23][8, 26, 0, 19, 12][24, 3, 11, 25][13, 18, 22, 17][16, 27, 29][7, 28, 16][15, 29][25, 28][11, 17][0, 22][1, 24] 
[9, 1, 4, 20, 14, 23][2, 15, 10, 21, 5, 6][8, 26, 0, 19, 12][13, 18, 22, 17][24, 3, 11, 25][7, 28, 16, 27][16, 27, 29][11, 17][25, 28][1, 24][0, 22][2, 29] 
[9, 1, 4, 20, 14, 23][2, 15, 10, 21, 5, 6][8, 26, 0, 19, 12][24, 3, 11, 25][13, 18, 22, 17][7, 28, 16, 27][16, 27, 29][1, 24][11, 17][0, 22][25, 28][2, 29] 
[9, 1, 4, 20, 14, 23][2, 15, 10, 21, 5, 6][8, 26, 0, 19, 12][24, 3, 11, 25][13, 18, 22, 17][7, 28, 16, 27][16, 27, 29][1, 24][11, 17][0, 22][25, 28][2, 29] 
[9, 1, 4, 20, 14, 23][2, 15, 10, 21, 5, 6][8, 26, 0, 19, 12][24, 3, 11, 25][13, 18, 22, 17][7, 28, 16, 27][16, 27, 29][1, 24][11, 17][0, 22][25, 28][2, 29] 
[9, 1, 4, 20, 14, 23][2, 15, 10, 21, 5, 6][8, 26, 0, 19, 12][24, 3, 11, 25][13, 18, 22, 17][7, 28, 16, 27][16, 27, 29][1, 24][11, 17][0, 22][25, 28][2, 29] 
[9, 1, 4, 20, 14, 23][2, 15, 10, 21, 5, 6][8, 26, 0, 19, 12][24, 3, 11, 25][13, 18, 22, 17][7, 28, 16, 27][16, 27, 29][1, 24][11, 17][0, 22][25, 28][2, 29] 
[9, 1, 4, 20, 14, 23][2, 15, 10, 21, 5, 6][8, 26, 0, 19, 12][24, 3, 11, 25][13, 18, 22, 17][7, 28, 16, 27][16, 27, 29][1, 24][11, 17][0, 22][25, 28][2, 29] 
[9, 1, 4, 20, 14, 23][2, 15, 10, 21, 5, 6][8, 26, 0, 19, 12][24, 3, 11, 25][13, 18, 22, 17][7, 28, 16, 27][16, 27, 29][1, 24][11, 17][0, 22][25, 28][2, 29] 
[9, 1, 4, 20, 14, 23][2, 15, 10, 21, 5, 6][8, 26, 0, 19, 12][24, 3, 11, 25][13, 18, 22, 17][7, 28, 16, 27][16, 27, 29][1, 24][11, 17][0, 22][25, 28][2, 29] 
[9, 1, 4, 20, 14, 23][2, 15, 10, 21, 5, 6][8, 26, 0, 19, 12][24, 3, 11, 25][13, 18, 22, 17][7, 28, 16, 27][16, 27, 29][1, 24][11, 17][0, 22][25, 28][2, 29] 
[9, 1, 4, 20, 14, 23][2, 15, 10, 21, 5, 6][8, 26, 0, 19, 12][13, 18, 22, 17][24, 3, 11, 25][7, 28, 16, 27][16, 27, 29][0, 22][11, 17][1, 24][25, 28][2, 29] 
[9, 1, 4, 20, 14, 23][2, 15, 10, 21, 5, 6][8, 26, 0, 19, 12][24, 3, 11, 25][13, 18, 22, 17][7, 28, 16, 27][16, 27, 29][1, 24][11, 17][0, 22][25, 28][2, 29] 
[9, 1, 4, 20, 14, 23][2, 15, 10, 21, 5, 6][8, 26, 0, 19, 12][24, 3, 11, 25][13, 18, 22, 17][7, 28, 16, 27][16, 27, 29][1, 24][11, 17][0, 22][25, 28][2, 29] 
[9, 1, 4, 20, 14, 23][2, 15, 10, 21, 5, 6][8, 26, 0, 19, 12][24, 3, 11, 25][13, 18, 22, 17][7, 28, 16, 27][16, 27, 29][1, 24][11, 17][0, 22][25, 28][2, 29] 
[9, 1, 4, 20, 14, 23][2, 15, 10, 21, 5, 6][8, 26, 0, 19, 12][24, 3, 11, 25][13, 18, 22, 17][7, 28, 16, 27][16, 27, 29][1, 24][11, 17][0, 22][25, 28][2, 29] 
[2, 15, 10, 21, 5, 6][9, 1, 4, 20, 14, 23][8, 26, 0, 19, 12][24, 3, 11, 25, 28][7, 16, 27, 29][13, 18, 22, 17][2, 29][7, 28][3, 11][11, 17][0, 22][1, 24] 
[2, 15, 10, 21, 5, 6][9, 1, 4, 20, 14, 23][8, 26, 0, 19, 12][24, 3, 11, 25, 28][7, 16, 27, 29][13, 18, 22, 17][2, 29][7, 28][3, 11][11, 17][0, 22][1, 24] 
[2, 15, 10, 21, 5, 6][9, 1, 4, 20, 14, 23][8, 26, 0, 19, 12][24, 3, 11, 25, 28][7, 16, 27, 29][13, 18, 22, 17][2, 29][7, 28][3, 11][11, 17][0, 22][1, 24] 
[2, 15, 10, 21, 5, 6][9, 1, 4, 20, 14, 23][8, 26, 0, 19, 12][24, 3, 11, 25, 28][7, 16, 27, 29][13, 18, 22, 17][2, 29][7, 28][3, 11][11, 17][0, 22][1, 24] 
[2, 15, 10, 21, 5, 6][9, 1, 4, 20, 14, 23][8, 26, 0, 19, 12][24, 3, 11, 25, 28][7, 16, 27, 29][13, 18, 22, 17][2, 29][7, 28][3, 11][11, 17][0, 22][1, 24] 
[7, 24, 3, 11, 25, 28][9, 1, 4, 20, 14, 23][2, 15, 10, 21, 5, 6][8, 26, 0, 19, 12][13, 18, 22, 17][16, 27, 29][11, 17][0, 22][1, 24][7, 16][15, 29][25, 28] 
[9, 1, 4, 20, 14, 23][2, 15, 10, 21, 5, 6][8, 26, 0, 19, 12][24, 3, 11, 25][13, 18, 22, 17][7, 28, 16, 27][11, 17][1, 24][25, 28][0, 22][27, 29][2, 29] 
[9, 1, 4, 20, 14, 23][2, 15, 10, 21, 5, 6][8, 26, 0, 19, 12][24, 3, 11, 25][7, 28, 16, 27][13, 18, 22, 17][25, 28][1, 24][11, 17][0, 22][27, 29][2, 29] 
[9, 1, 4, 20, 14, 23][2, 15, 10, 21, 5, 6][8, 26, 0, 19, 12][24, 3, 11, 25][13, 18, 22, 17][7, 28, 16, 27][11, 17][1, 24][25, 28][0, 22][27, 29][2, 29] 
[9, 1, 4, 20, 14, 23][2, 15, 10, 21, 5, 6][8, 26, 0, 19, 12][24, 3, 11, 25][13, 18, 22, 17][7, 28, 16, 27][1, 24][11, 17][0, 22][25, 28][27, 29][2, 29] 
[9, 1, 4, 20, 14, 23][2, 15, 10, 21, 5, 6][8, 26, 0, 19, 12][24, 3, 11, 25][13, 18, 22, 17][7, 28, 16, 27][1, 24][11, 17][0, 22][25, 28][27, 29][2, 29] 
[9, 1, 4, 20, 14, 23][2, 15, 10, 21, 5, 6][8, 26, 0, 19, 12][24, 3, 11, 25][13, 18, 22, 17][7, 28, 16, 27][16, 27, 29][1, 24][11, 17][0, 22][25, 28][2, 29] 
[2, 15, 10, 21, 5, 6][9, 1, 4, 20, 14, 23][8, 26, 0, 19, 12][24, 3, 11, 25][13, 18, 22, 17][16, 27, 29][7, 28, 16][15, 29][25, 28][11, 17][0, 22][1, 24] 
