[17, 28, 25, 11, 14, 23, 20][8, 12, 19, 18, 13][3, 9, 1, 24][2, 29, 15, 6][5, 21, 10, 27][18, 22, 0, 26][4, 7, 16][4, 24][6, 16][15, 27][4, 14][22, 25] 
[17, 28, 25, 11, 14, 23, 20][3, 9, 1, 24, 4][8, 12, 19, 18, 13][5, 21, 10, 27][2, 29, 15, 6][4, 7, 16][18, 0, 26][16, 27][2, 27][4, 14][22, 25][0, 22] 
[17, 28, 25, 11, 14, 23, 20][3, 9, 1, 24, 4][8, 12, 19, 18, 13][5, 21, 10, 27][2, 29, 15, 6][4, 7, 16][18, 0, 26][16, 27][2, 27][4, 14][22, 25][0, 22] 
[17, 28, 25, 11, 14, 23, 20][3, 9, 1, 24, 4][8, 12, 19, 18, 13][5, 21, 10, 27][2, 29, 15, 6][4, 7, 16][18, 0, 26][16, 27][2, 27][4, 14][22, 25][0, 22] 
[17, 28, 25, 11, 14, 23, 20][8, 12, 19, 18, 13][3, 9, 1, 24][2, 29, 15, 6][5, 21, 10, 27][18, 22, 0, 26][4, 7, 16][4, 24][4, 14][6, 16][16, 27][22, 25] 
[17, 28, 25, 11, 14, 23, 20][3, 9, 1, 24, 4][8, 12, 19, 18, 13][2, 29, 15, 6][5, 21, 10, 27][4, 7, 16][18, 0, 26][4, 14][6, 16][22, 25][16, 27][0, 22] 
[17, 28, 25, 11, 14, 23, 20][3, 9, 1, 24, 4][8, 12, 19, 18, 13][5, 21, 10, 27][2, 29, 15, 6][4, 7, 16][18, 0, 26][16, 27][2, 27][4, 14][22, 25][0, 22] 
[17, 28, 25, 11, 14, 23, 20][13, 18, 19, 12, 8, 26][18, 22, 0, 26][3, 9, 1, 24][2, 29, 15, 6][5, 21, 10, 27][4, 7, 16][22, 25][4, 14][4, 24][6, 16][16, 27] 
[17, 28, 25, 11, 14, 23, 20][8, 12, 19, 18, 13][18, 22, 0, 26][2, 29, 15, 6][3, 9, 1, 24][5, 21, 10, 27][4, 7, 16][22, 25][4, 14][6, 16][4, 24][16, 27] 
[17, 28, 25, 11, 14, 23, 20][13, 18, 19, 12, 8, 26][18, 22, 0, 26][3, 9, 1, 24][2, 29, 15, 6][5, 21, 10, 27][4, 7, 16][22, 25][4, 14][4, 24][6, 16][16, 27] 
[17, 28, 25, 11, 14, 23, 20][8, 12, 19, 18, 13][3, 9, 1, 24][2, 29, 15, 6][5, 21, 10, 27][18, 22, 0, 26][4, 7, 16][4, 24][6, 16][15, 27][4, 14][22, 25] 
[17, 28, 25, 11, 14, 23, 20][3, 9, 1, 24, 4][8, 12, 19, 18, 13][2, 29, 15, 6][5, 21, 10, 27][4, 7, 16][18, 0, 26][2, 27][16, 27][4, 14][22, 25][0, 22] 
[17, 28, 25, 11, 14, 23, 20][3, 9, 1, 24, 4][8, 12, 19, 18, 13][5, 21, 10, 27][2, 29, 15, 6][4, 7, 16][18, 0, 26][16, 27][2, 27][4, 14][22, 25][0, 22] 
[17, 28, 25, 11, 14, 23, 20][8, 12, 19, 18, 13][18, 22, 0, 26][2, 29, 15, 6][3, 9, 1, 24][5, 21, 10, 27][4, 7, 16][22, 25][4, 14][6, 16][4, 24][16, 27] 
[17, 28, 25, 11, 14, 23, 20][3, 9, 1, 24, 4][8, 12, 19, 18, 13][2, 29, 15, 6][5, 21, 10, 27][4, 7, 16][18, 0, 26][0, 22][22, 25][4, 14][6, 16][16, 27] 
[17, 28, 25, 11, 14, 23, 20][13, 18, 19, 12, 8, 26][18, 22, 0, 26][3, 9, 1, 24][2, 29, 15, 6][5, 21, 10, 27][4, 7, 16][22, 25][4, 14][4, 24][6, 16][16, 27] 
[17, 28, 25, 11, 14, 23, 20][8, 12, 19, 18, 13][18, 22, 0, 26][3, 9, 1, 24][2, 29, 15, 6][5, 21, 10, 27][4, 7, 16][22, 25][4, 14][4, 24][6, 16][15, 27] 
[17, 28, 25, 11, 14, 23, 20][3, 9, 1, 24, 4][8, 12, 19, 18, 13][5, 21, 10, 27][2, 29, 15, 6][4, 7, 16][18, 0, 26][16, 27][2, 27][4, 14][22, 25][0, 22] 
[17, 28, 25, 11, 14, 23, 20][8, 12, 19, 18, 13][18, 22, 0, 26][5, 21, 10, 27][2, 29, 15, 6][3, 9, 1, 24][4, 7, 16][22, 25][4, 14][4, 24][16, 27][6, 16] 
[17, 28, 25, 11, 14, 23, 20][8, 12, 19, 18, 13][18, 22, 0, 26][3, 9, 1, 24][2, 29, 15, 6][5, 21, 10, 27][4, 7, 16][22, 25][4, 14][4, 24][6, 16][15, 27] 
[17, 28, 25, 11, 14, 23, 20][8, 12, 19, 18, 13][3, 9, 1, 24][2, 29, 15, 6][18, 22, 0, 26][5, 21, 10, 27][4, 7, 16][4, 24][4, 14][6, 16][22, 25][15, 27] 
[17, 28, 25, 11, 14, 23, 20][3, 9, 1, 24, 4][8, 12, 19, 18, 13][5, 21, 10, 27][2, 29, 15, 6][4, 7, 16][18, 0, 26][16, 27][2, 27][4, 14][22, 25][0, 22] 
[17, 28, 25, 11, 14, 23, 20][3, 9, 1, 24, 4][8, 12, 19, 18, 13][5, 21, 10, 27][2, 29, 15, 6][4, 7, 16][18, 0, 26][16, 27][2, 27][4, 14][22, 25][0, 22] 
[17, 28, 25, 11, 14, 23, 20][8, 12, 19, 18, 13][3, 9, 1, 24][5, 21, 10, 27][2, 29, 15, 6][18, 22, 0, 26][4, 7, 16][4, 24][16, 27][4, 14][6, 16][22, 25] 
[17, 28, 25, 11, 14, 23, 20][3, 9, 1, 24, 4][8, 12, 19, 18, 13][2, 29, 15, 6][5, 21, 10, 27][4, 7, 16][18, 0, 26][0, 22][22, 25][4, 14][6, 16][16, 27] 
[17, 28, 25, 11, 14, 23, 20][13, 18, 19, 12, 8, 26][3, 9, 1, 24][5, 21, 10, 27][2, 29, 15, 6][18, 22, 0, 26][4, 7, 16][4, 24][16, 27][4, 14][6, 16][22, 25] 
[17, 28, 25, 11, 14, 23, 20][8, 12, 19, 18, 13][3, 9, 1, 24][2, 29, 15, 6][5, 21, 10, 27][18, 22, 0, 26][4, 7, 16][4, 24][6, 16][15, 27][4, 14][22, 25] 
[17, 28, 25, 11, 14, 23, 20][3, 9, 1, 24, 4][8, 12, 19, 18, 13][5, 21, 10, 27][2, 29, 15, 6][4, 7, 16][18, 0, 26][16, 27][2, 27][4, 14][22, 25][0, 22] 
[17, 28, 25, 11, 14, 23, 20][8, 12, 19, 18, 13][3, 9, 1, 24][5, 21, 10, 27][2, 29, 15, 6][18, 22, 0, 26][4, 7, 16][4, 24][16, 27][4, 14][6, 16][22, 25] 
[17, 28, 25, 11, 14, 23, 20][8, 12, 19, 18, 13][3, 9, 1, 24][2, 29, 15, 6][5, 21, 10, 27][18, 22, 0, 26][4, 7, 16][4, 24][6, 16][15, 27][4, 14][22, 25] 
[17, 28, 25, 11, 14, 23, 20][8, 12, 19, 18, 13][3, 9, 1, 24][2, 29, 15, 6][18, 22, 0, 26][5, 21, 10, 27][4, 7, 16][4, 24][4, 14][6, 16][22, 25][15, 27] 
[17, 28, 25, 11, 14, 23, 20][3, 9, 1, 24, 4][8, 12, 19, 18, 13][5, 21, 10, 27][2, 29, 15, 6][4, 7, 16][18, 0, 26][16, 27][2, 27][4, 14][22, 25][0, 22] 
[17, 28, 25, 11, 14, 23, 20][8, 12, 19, 18, 13][2, 29, 15, 6][5, 21, 10, 27][18, 22, 0, 26][3, 9, 1, 24][4, 7, 16][4, 24][4, 14][6, 16][16, 27][22, 25] 
[17, 28, 25, 11, 14, 23, 20][8, 12, 19, 18, 13][3, 9, 1, 24][2, 29, 15, 6][5, 21, 10, 27][18, 22, 0, 26][4, 7, 16][4, 24][6, 16][15, 27][4, 14][22, 25] 
[17, 28, 25, 11, 14, 23, 20][8, 12, 19, 18, 13][3, 9, 1, 24][2, 29, 15, 6][18, 22, 0, 26][5, 21, 10, 27][4, 7, 16][4, 24][4, 14][6, 16][22, 25][15, 27] 
[2, 6, 21, 15, 16, 27, 7, 20, 4, 24, 14, 3, 1, 9, 23][16, 28, 25, 11, 17, 12, 8, 26, 0, 22, 19][0, 13, 18][7, 10][15, 29][5, 21][15, 21][15, 21][8, 26][15, 21][15, 21][15, 21] 
[2, 6, 21, 15, 16, 27, 7, 20, 4, 24, 14, 3, 1, 9, 23][16, 28, 25, 11, 17, 12, 8, 26, 0, 22, 19][0, 13, 18][7, 10][15, 29][5, 21][15, 21][15, 21][8, 26][15, 21][15, 21][15, 21] 
[2, 6, 21, 15, 16, 27, 7, 20, 4, 24, 14, 3, 1, 9, 23][16, 28, 25, 11, 17, 12, 8, 26, 0, 22, 19][18, 13, 0, 19][7, 10][15, 29][5, 21][15, 21][15, 21][8, 26][15, 21][15, 21][15, 21] 
[2, 6, 21, 15, 16, 27, 7, 20, 4, 24, 14, 3, 1, 9, 23][19, 22, 18, 0, 26, 8, 12, 17, 11, 25, 28][7, 10, 29, 2, 6, 16, 28][2, 6, 21, 15, 16][5, 21][15, 29][13, 18][3, 14][15, 21][8, 26][15, 21][3, 14] 
[2, 6, 21, 15, 16, 27, 7, 20, 4, 24, 14, 3, 1, 9, 23][19, 22, 18, 0, 26, 8, 12, 17, 11, 25, 28][7, 10, 29, 2, 6, 16, 28][2, 6, 21, 15, 16][5, 21][15, 29][13, 18][3, 14][15, 21][8, 26][15, 21][3, 14] 
[2, 21, 15, 27, 7, 20, 4, 24, 14, 3, 1, 9, 23][16, 28, 25, 11, 17, 12, 8, 26, 0, 18, 22, 19][10, 21, 6, 15, 29][11, 25, 28, 16][5, 21][16, 27][13, 18][15, 21][8, 26][8, 26][16, 27][8, 26] 
[2, 6, 21, 15, 16, 27, 7, 20, 4, 24, 14, 3, 1, 9, 23][16, 28, 25, 11, 17, 12, 8, 26, 0, 22, 19][0, 13, 18][7, 10][15, 29][5, 21][15, 21][15, 21][8, 26][15, 21][15, 21][15, 21] 
[2, 6, 21, 15, 16, 27, 7, 20, 4, 24, 14, 3, 1, 9, 23][16, 28, 25, 11, 17, 12, 8, 26, 0, 22, 19][18, 13, 0, 19][7, 10][15, 29][5, 21][15, 21][15, 21][8, 26][15, 21][15, 21][15, 21] 
[2, 6, 21, 15, 16, 27, 7, 20, 4, 24, 14, 3, 1, 9, 23][2, 6, 21, 15, 16, 27, 7, 20, 4, 24, 14][19, 22, 18, 0, 26, 8, 12, 17, 11, 25, 28][7, 10, 29, 2, 6, 16, 28][5, 21][15, 29][13, 18][3, 14][15, 21][8, 26][15, 21][3, 14] 
[2, 6, 21, 15, 16, 27, 7, 20, 4, 24, 14, 3, 1, 9, 23][16, 28, 25, 11, 17, 12, 8, 26, 0, 22, 19][0, 13, 18][7, 10][15, 29][5, 21][15, 21][15, 21][8, 26][15, 21][15, 21][15, 21] 
[2, 6, 21, 15, 16, 27, 7, 20, 4, 24, 14, 3, 1, 9, 23][16, 28, 25, 11, 17, 12, 8, 26, 0, 22, 19][0, 13, 18][7, 10][15, 29][5, 21][15, 21][15, 21][8, 26][15, 21][15, 21][15, 21] 
[2, 6, 21, 15, 16, 27, 7, 20, 4, 24, 14, 3, 1, 9, 23][16, 28, 25, 11, 17, 12, 8, 26, 0, 22, 19][18, 13, 0, 19][7, 10][15, 29][5, 21][15, 21][15, 21][8, 26][15, 21][15, 21][15, 21] 
[2, 21, 15, 27, 7, 20, 4, 24, 14, 3, 1, 9, 23][16, 28, 25, 11, 17, 12, 8, 26, 0, 18, 22, 19][21, 6, 15, 29][16, 27][13, 18][7, 10][5, 21][15, 21][8, 26][8, 26][15, 21][25, 28] 
[2, 6, 21, 15, 16, 27, 7, 20, 4, 24, 14, 3, 1, 9, 23][16, 28, 25, 11, 17, 12, 8, 26, 0, 22, 19][18, 13, 0, 19][7, 10][15, 29][5, 21][15, 21][15, 21][8, 26][15, 21][15, 21][15, 21] 
[2, 6, 21, 15, 16, 27, 7, 20, 4, 24, 14, 3, 1, 9, 23][16, 28, 25, 11, 17, 12, 8, 26, 0, 22, 19][0, 13, 18][7, 10][15, 29][5, 21][15, 21][15, 21][8, 26][15, 21][15, 21][15, 21] 
[2, 6, 21, 15, 16, 27, 7, 20, 4, 24, 14, 3, 1, 9, 23][16, 28, 25, 11, 17, 12, 8, 26, 0, 18, 22, 19][13, 18][7, 10][15, 29][5, 21][15, 21][15, 21][8, 26][15, 21][15, 21][15, 21] 
[6, 21, 15, 16, 27, 7, 20, 4, 24, 14, 3, 1, 9, 23][16, 28, 25, 11, 17, 12, 8, 26, 0, 22, 19][7, 10, 29, 2, 6, 16][0, 13, 18][15, 29][5, 21][15, 21][3, 14][15, 21][15, 21][15, 21][15, 21] 
[4, 20, 14, 3, 9, 1, 24, 7, 2, 21, 5, 6, 15, 29][8, 12, 17, 11, 25, 28, 16, 27, 29][13, 18, 19, 8, 26, 0, 22][10, 21][27, 29][8, 26][9, 23][5, 21][13, 18][5, 21][13, 18][16, 28] 
[21, 15, 16, 27, 7, 20, 4, 24, 14, 3, 1, 9, 23][16, 28, 25, 11, 17, 12, 8, 26, 0, 22, 19][7, 10, 29, 2, 6, 16][0, 13, 18][15, 29][5, 21][15, 21][3, 14][15, 21][15, 21][15, 21][15, 21] 
[21, 15, 16, 27, 7, 20, 4, 24, 14, 3, 1, 9, 23][16, 28, 25, 11, 17, 12, 8, 26, 0, 22, 19][7, 10, 29, 2, 6, 16][0, 13, 18][15, 29][5, 21][15, 21][3, 14][15, 21][15, 21][15, 21][15, 21] 
[6, 21, 15, 16, 27, 7, 20, 4, 24, 14, 3, 1, 9, 23][6, 13, 18, 19, 22, 0, 26, 8, 12, 17, 11, 25, 28, 16][7, 10, 29, 2, 6, 16][0, 13, 18][15, 29][5, 21][15, 21][3, 14][15, 21][15, 21][15, 21][15, 21] 
[17, 28, 25, 11, 14, 23, 20][13, 18, 19, 12, 8, 26][2, 29, 15, 6][5, 21, 10, 27][3, 9, 1, 24][18, 22, 0, 26][4, 7, 16][6, 16][16, 27][4, 24][4, 14][22, 25] 
[17, 28, 25, 11, 14, 23, 20][13, 18, 19, 12, 8, 26][3, 9, 1, 24][5, 21, 10, 27][2, 29, 15, 6][18, 22, 0, 26][4, 7, 16][4, 24][16, 27][4, 14][6, 16][22, 25] 
[17, 28, 25, 11, 14, 23, 20][13, 18, 19, 12, 8, 26][3, 9, 1, 24][5, 21, 10, 27][2, 29, 15, 6][18, 22, 0, 26][4, 7, 16][4, 24][16, 27][4, 14][6, 16][22, 25] 
[17, 28, 25, 11, 14, 23, 20][13, 18, 19, 12, 8, 26][3, 9, 1, 24][5, 21, 10, 27][2, 29, 15, 6][18, 22, 0, 26][4, 7, 16][4, 24][16, 27][4, 14][6, 16][22, 25] 
[17, 28, 25, 11, 14, 23, 20][13, 18, 19, 12, 8, 26][3, 9, 1, 24][5, 21, 10, 27][2, 29, 15, 6][18, 22, 0, 26][4, 7, 16][4, 24][16, 27][4, 14][6, 16][22, 25] 
[17, 28, 25, 11, 14, 23, 20][13, 18, 19, 12, 8, 26][5, 21, 10, 27][3, 9, 1, 24][2, 29, 15, 6][18, 22, 0, 26][4, 7, 16][16, 27][4, 24][4, 14][6, 16][22, 25] 
[17, 28, 25, 11, 14, 23, 20][13, 18, 19, 12, 8, 26][18, 22, 0, 26][5, 21, 10, 27][2, 29, 15, 6][3, 9, 1, 24][4, 7, 16][22, 25][4, 14][16, 27][6, 16][4, 24] 
[17, 28, 25, 11, 14, 23, 20][13, 18, 19, 12, 8, 26][5, 21, 10, 27][3, 9, 1, 24][2, 29, 15, 6][18, 22, 0, 26][4, 7, 16][16, 27][4, 24][4, 14][6, 16][22, 25] 
[17, 28, 25, 11, 14, 23, 20][13, 18, 19, 12, 8, 26][18, 22, 0, 26][3, 9, 1, 24][2, 29, 15, 6][5, 21, 10, 27][4, 7, 16][22, 25][4, 14][4, 24][6, 16][16, 27] 
[17, 28, 25, 11, 14, 23, 20][13, 18, 19, 12, 8, 26][18, 22, 0, 26][3, 9, 1, 24][2, 29, 15, 6][5, 21, 10, 27][4, 7, 16][22, 25][4, 14][4, 24][6, 16][16, 27] 
[17, 28, 25, 11, 14, 23, 20][13, 18, 19, 12, 8, 26][2, 29, 15, 6][5, 21, 10, 27][3, 9, 1, 24][18, 22, 0, 26][4, 7, 16][6, 16][16, 27][4, 14][4, 24][22, 25] 
[17, 28, 25, 11, 14, 23, 20][13, 18, 19, 12, 8, 26][3, 9, 1, 24][5, 21, 10, 27][2, 29, 15, 6][18, 22, 0, 26][4, 7, 16][4, 24][16, 27][4, 14][6, 16][22, 25] 
[17, 28, 25, 11, 14, 23, 20][13, 18, 19, 12, 8, 26][3, 9, 1, 24][5, 21, 10, 27][2, 29, 15, 6][18, 22, 0, 26][4, 7, 16][4, 24][16, 27][4, 14][6, 16][22, 25] 
[17, 28, 25, 11, 14, 23, 20][13, 18, 19, 12, 8, 26][3, 9, 1, 24][5, 21, 10, 27][2, 29, 15, 6][18, 22, 0, 26][4, 7, 16][4, 24][16, 27][4, 14][6, 16][22, 25] 
[17, 28, 25, 11, 14, 23, 20][13, 18, 19, 12, 8, 26][3, 9, 1, 24][5, 21, 10, 27][2, 29, 15, 6][18, 22, 0, 26][4, 7, 16][4, 24][16, 27][4, 14][6, 16][22, 25] 
[17, 28, 25, 11, 14, 23, 20][8, 12, 19, 18, 13][3, 9, 1, 24][2, 29, 15, 6][5, 21, 10, 27][18, 22, 0, 26][4, 7, 16][4, 24][6, 16][15, 27][4, 14][22, 25] 
[17, 28, 25, 11, 14, 23, 20][8, 12, 19, 18, 13][3, 9, 1, 24][2, 29, 15, 6][5, 21, 10, 27][18, 22, 0, 26][4, 7, 16][4, 24][6, 16][15, 27][4, 14][22, 25] 
[17, 28, 25, 11, 14, 23, 20][8, 12, 19, 18, 13][3, 9, 1, 24][2, 29, 15, 6][5, 21, 10, 27][18, 22, 0, 26][4, 7, 16][4, 24][6, 16][15, 27][4, 14][22, 25] 
[17, 28, 25, 11, 14, 23, 20][8, 12, 19, 18, 13][3, 9, 1, 24][2, 29, 15, 6][5, 21, 10, 27][18, 22, 0, 26][4, 7, 16][4, 24][6, 16][15, 27][4, 14][22, 25] 
[17, 28, 25, 11, 14, 23, 20][8, 12, 19, 18, 13][3, 9, 1, 24][2, 29, 15, 6][5, 21, 10, 27][18, 22, 0, 26][4, 7, 16][4, 24][6, 16][15, 27][4, 14][22, 25] 
[17, 28, 25, 11, 14, 23, 20][8, 12, 19, 18, 13][3, 9, 1, 24, 4][18, 22, 0, 26][5, 21, 10, 27][4, 7, 16][2, 29, 15][22, 25][4, 14][6, 16][2, 27][6, 15] 
[17, 28, 25, 11, 14, 23, 20][13, 18, 19, 12, 8, 26][2, 29, 15, 6][5, 21, 10, 27][3, 9, 1, 24][18, 22, 0, 26][4, 7, 16][6, 16][16, 27][4, 14][4, 24][22, 25] 
[17, 28, 25, 11, 14, 23, 20][13, 18, 19, 12, 8, 26][18, 22, 0, 26][5, 21, 10, 27][2, 29, 15, 6][3, 9, 1, 24][4, 7, 16][22, 25][4, 14][16, 27][6, 16][4, 24] 
[17, 28, 25, 11, 14, 23, 20][13, 18, 19, 12, 8, 26][18, 22, 0, 26][3, 9, 1, 24][2, 29, 15, 6][5, 21, 10, 27][4, 7, 16][22, 25][4, 14][4, 24][6, 16][16, 27] 
[17, 28, 25, 11, 14, 23, 20][13, 18, 19, 12, 8, 26][3, 9, 1, 24][5, 21, 10, 27][2, 29, 15, 6][18, 22, 0, 26][4, 7, 16][4, 24][16, 27][4, 14][6, 16][22, 25] 
[17, 28, 25, 11, 14, 23, 20][13, 18, 19, 12, 8, 26][3, 9, 1, 24][5, 21, 10, 27][2, 29, 15, 6][18, 22, 0, 26][4, 7, 16][4, 24][16, 27][4, 14][6, 16][22, 25] 
[17, 28, 25, 11, 14, 23, 20][8, 12, 19, 18, 13][18, 22, 0, 26][2, 29, 15, 6][3, 9, 1, 24][5, 21, 10, 27][4, 7, 16][22, 25][4, 14][6, 16][4, 24][16, 27] 
[17, 28, 25, 11, 14, 23, 20][13, 18, 19, 12, 8, 26][3, 9, 1, 24][5, 21, 10, 27][2, 29, 15, 6][18, 22, 0, 26][4, 7, 16][4, 24][16, 27][4, 14][6, 16][22, 25] 
[17, 28, 25, 11, 14, 23, 20][8, 12, 19, 18, 13][3, 9, 1, 24][2, 29, 15, 6][18, 22, 0, 26][5, 21, 10, 27][4, 7, 16][4, 24][4, 14][6, 16][22, 25][15, 27] 
[17, 28, 25, 11, 14, 23, 20][8, 12, 19, 18, 13][3, 9, 1, 24][2, 29, 15, 6][5, 21, 10, 27][18, 22, 0, 26][4, 7, 16][4, 24][6, 16][15, 27][4, 14][22, 25] 
[17, 28, 25, 11, 14, 23, 20][8, 12, 19, 18, 13][3, 9, 1, 24][2, 29, 15, 6][5, 21, 10, 27][18, 22, 0, 26][4, 7, 16][4, 24][6, 16][15, 27][4, 14][22, 25] 
[17, 28, 25, 11, 14, 23, 20][8, 12, 19, 18, 13][3, 9, 1, 24][2, 29, 15, 6][5, 21, 10, 27][18, 22, 0, 26][4, 7, 16][4, 24][6, 16][15, 27][4, 14][22, 25] 
[17, 28, 25, 11, 14, 23, 20][8, 12, 19, 18, 13][3, 9, 1, 24][2, 29, 15, 6][5, 21, 10, 27][18, 22, 0, 26][4, 7, 16][4, 24][6, 16][15, 27][4, 14][22, 25] 
[17, 28, 25, 11, 14, 23, 20][8, 12, 19, 18, 13][3, 9, 1, 24][2, 29, 15, 6][5, 21, 10, 27][18, 22, 0, 26][4, 7, 16][4, 24][6, 16][15, 27][4, 14][22, 25] 
[17, 28, 25, 11, 14, 23, 20][8, 12, 19, 18, 13][3, 9, 1, 24][2, 29, 15, 6][5, 21, 10, 27][18, 22, 0, 26][4, 7, 16][4, 24][6, 16][15, 27][4, 14][22, 25] 
[17, 28, 25, 11, 14, 23, 20][8, 12, 19, 18, 13][3, 9, 1, 24][2, 29, 15, 6][5, 21, 10, 27][18, 22, 0, 26][4, 7, 16][4, 24][6, 16][15, 27][4, 14][22, 25] 
[17, 28, 25, 11, 14, 23, 20][8, 12, 19, 18, 13][3, 9, 1, 24][2, 29, 15, 6][5, 21, 10, 27][18, 22, 0, 26][4, 7, 16][4, 24][6, 16][15, 27][4, 14][22, 25] 
[17, 28, 25, 11, 14, 23, 20][8, 12, 19, 18, 13][3, 9, 1, 24][2, 29, 15, 6][5, 21, 10, 27][18, 22, 0, 26][4, 7, 16][4, 24][6, 16][15, 27][4, 14][22, 25] 
[17, 28, 25, 11, 14, 23, 20][8, 12, 19, 18, 13][3, 9, 1, 24][2, 29, 15, 6][18, 22, 0, 26][5, 21, 10, 27][4, 7, 16][4, 24][4, 14][6, 16][22, 25][15, 27] 
[17, 28, 25, 11, 14, 23, 20][8, 12, 19, 18, 13][3, 9, 1, 24][2, 29, 15, 6][18, 22, 0, 26][5, 21, 10, 27][4, 7, 16][4, 24][4, 14][6, 16][22, 25][15, 27] 
[17, 28, 25, 11, 14, 23, 20][8, 12, 19, 18, 13][3, 9, 1, 24][2, 29, 15, 6][18, 22, 0, 26][5, 21, 10, 27][4, 7, 16][4, 24][4, 14][6, 16][22, 25][15, 27] 
[17, 28, 25, 11, 14, 23, 20][8, 12, 19, 18, 13][3, 9, 1, 24][2, 29, 15, 6][5, 21, 10, 27][18, 22, 0, 26][4, 7, 16][4, 24][6, 16][15, 27][4, 14][22, 25] 
[17, 28, 25, 11, 14, 23, 20][8, 12, 19, 18, 13][3, 9, 1, 24][2, 29, 15, 6][5, 21, 10, 27][18, 22, 0, 26][4, 7, 16][4, 24][6, 16][15, 27][4, 14][22, 25] 
[17, 28, 25, 11, 14, 23, 20][3, 9, 1, 24, 4][8, 12, 19, 18, 13][2, 29, 15, 6][18, 22, 0, 26][5, 21, 10, 27][4, 7, 16][4, 14][22, 25][0, 22][6, 16][15, 27] 
[17, 28, 25, 11, 14, 23, 20][3, 9, 1, 24, 4][8, 12, 19, 18, 13][2, 29, 15, 6][18, 22, 0, 26][5, 21, 10, 27][4, 7, 16][4, 14][22, 25][0, 22][6, 16][15, 27] 
[17, 28, 25, 11, 14, 23, 20][3, 9, 1, 24, 4][8, 12, 19, 18, 13][2, 29, 15, 6][18, 22, 0, 26][5, 21, 10, 27][4, 7, 16][4, 14][22, 25][0, 22][6, 16][15, 27] 
[17, 28, 25, 11, 14, 23, 20][3, 9, 1, 24, 4][8, 12, 19, 18, 13][2, 29, 15, 6][18, 22, 0, 26][5, 21, 10, 27][4, 7, 16][4, 14][22, 25][0, 22][6, 16][15, 27] 
[17, 28, 25, 11, 14, 23, 20][3, 9, 1, 24, 4][8, 12, 19, 18, 13][2, 29, 15, 6][18, 22, 0, 26][5, 21, 10, 27][4, 7, 16][4, 14][22, 25][0, 22][6, 16][15, 27] 
[17, 28, 25, 11, 14, 23, 20][2, 29, 15, 6, 5, 21, 10][8, 12, 19, 18, 13][3, 9, 1, 24, 4][18, 22, 0, 26][22, 25][0, 22][4, 14][4, 7][7, 16][6, 16][16, 27] 
[17, 28, 25, 11, 14, 23, 20][8, 12, 19, 18, 13][2, 29, 15, 6][5, 21, 10, 27][3, 9, 1, 24][18, 22, 0, 26][4, 7, 16][15, 27][16, 27][4, 24][4, 14][22, 25] 
[17, 28, 25, 11, 14, 23, 20][8, 12, 19, 18, 13][2, 29, 15, 6][5, 21, 10, 27][3, 9, 1, 24][18, 22, 0, 26][4, 7, 16][15, 27][16, 27][4, 24][4, 14][22, 25] 
[17, 28, 25, 11, 14, 23, 20][8, 12, 19, 18, 13][18, 22, 0, 26][2, 29, 15, 6][3, 9, 1, 24][5, 21, 10, 27][4, 7, 16][22, 25][4, 14][6, 16][4, 24][16, 27] 
[17, 28, 25, 11, 14, 23, 20][8, 12, 19, 18, 13][2, 29, 15, 6][5, 21, 10, 27][3, 9, 1, 24][18, 22, 0, 26][4, 7, 16][15, 27][16, 27][4, 24][4, 14][22, 25] 
[17, 28, 25, 11, 14, 23, 20][8, 12, 19, 18, 13][2, 29, 15, 6][3, 9, 1, 24][18, 22, 0, 26][5, 21, 10, 27][4, 7, 16][6, 16][4, 24][4, 14][22, 25][16, 27] 
[17, 28, 25, 11, 14, 23, 20][8, 12, 19, 18, 13][3, 9, 1, 24][2, 29, 15, 6][5, 21, 10, 27][18, 22, 0, 26][4, 7, 16][4, 24][6, 16][15, 27][4, 14][22, 25] 
[17, 28, 25, 11, 14, 23, 20][8, 12, 19, 18, 13][3, 9, 1, 24][5, 21, 10, 27][18, 22, 0, 26][2, 29, 15, 6][4, 7, 16][4, 24][16, 27][4, 14][22, 25][6, 16] 
