[5, 21, 6, 10, 15, 2, 29][9, 1, 3, 23, 20, 7, 27][19, 12, 8, 26][11, 14, 4, 24][16, 28, 25][12, 0, 22][13, 18, 17][15, 16][22, 25][17, 28][11, 17][20, 24] 
[5, 21, 6, 10, 15, 2, 29][9, 1, 3, 23, 20, 7, 27][19, 12, 8, 26][11, 14, 4, 24][16, 28, 25][12, 0, 22][13, 18, 17][15, 16][22, 25][17, 28][11, 17][20, 24] 
[5, 21, 6, 10, 15, 2, 29][9, 1, 3, 23, 20, 7, 27][11, 14, 4, 24][19, 12, 8, 26][16, 28, 25][13, 18, 17][0, 22, 12][15, 16][17, 28][11, 17][22, 25][20, 24] 
[5, 21, 6, 10, 15, 2, 29][9, 1, 3, 23, 20, 7, 27][19, 12, 8, 26][11, 14, 4, 24][16, 28, 25][12, 0, 22][13, 18, 17][15, 16][22, 25][17, 28][11, 17][20, 24] 
[5, 21, 6, 10, 15, 2, 29][9, 1, 3, 23, 20, 7, 27][19, 12, 8, 26][11, 14, 4, 24][16, 28, 25][13, 18, 17][12, 0, 22][10, 16][17, 28][22, 25][11, 17][20, 24] 
[5, 21, 6, 10, 15, 2, 29][9, 1, 3, 23, 20, 7, 27][19, 12, 8, 26][11, 14, 4, 24][13, 18, 17][16, 28, 25][12, 0, 22][17, 28][22, 25][10, 16][11, 17][20, 24] 
[9, 1, 3, 23, 20, 7, 27][5, 21, 6, 10, 15, 2, 29][11, 14, 4, 24][19, 12, 8, 26][13, 18, 17][16, 28, 25][12, 0, 22][20, 24][11, 17][17, 28][10, 16][22, 25] 
[9, 1, 3, 23, 20, 7, 27][5, 21, 6, 10, 15, 2, 29][0, 19, 12, 8, 26][11, 14, 4, 24][13, 18, 17][16, 28, 25][11, 17][17, 28][20, 24][22, 25][0, 22][10, 16] 
[5, 21, 6, 10, 15, 2, 29][9, 1, 3, 23, 20, 7, 27][0, 19, 12, 8, 26][11, 14, 4, 24][16, 28, 25][13, 18, 17][22, 25][0, 22][10, 16][17, 28][11, 17][20, 24] 
[5, 21, 6, 10, 15, 2, 29][9, 1, 3, 23, 20, 7, 27][0, 19, 12, 8, 26][11, 14, 4, 24][16, 28, 25][13, 18, 17][22, 25][0, 22][10, 16][17, 28][11, 17][20, 24] 
[5, 21, 6, 10, 15, 2, 29][9, 1, 3, 23, 20, 7, 27][19, 12, 8, 26][11, 14, 4, 24][16, 28, 25][12, 0, 22][13, 18, 17][15, 16][22, 25][17, 28][11, 17][20, 24] 
[5, 21, 6, 10, 15, 2, 29][9, 1, 3, 23, 20, 7, 27][19, 12, 8, 26][11, 14, 4, 24][16, 28, 25][12, 0, 22][13, 18, 17][15, 16][22, 25][17, 28][11, 17][20, 24] 
[5, 21, 6, 10, 15, 2, 29][9, 1, 3, 23, 20, 7, 27][19, 12, 8, 26][11, 14, 4, 24][16, 28, 25][13, 18, 17][0, 22, 12][15, 16][17, 28][22, 25][11, 17][20, 24] 
[9, 1, 3, 23, 20, 7, 27][5, 21, 6, 10, 15, 2, 29][11, 14, 4, 24][19, 12, 8, 26][13, 18, 17][16, 28, 25][12, 0, 22][20, 24][11, 17][17, 28][10, 16][22, 25] 
[9, 1, 3, 23, 20, 7, 27][5, 21, 6, 10, 15, 2, 29][11, 14, 4, 24][19, 12, 8, 26][13, 18, 17][16, 28, 25][12, 0, 22][20, 24][11, 17][17, 28][10, 16][22, 25] 
[9, 1, 3, 23, 20, 7, 27][5, 21, 6, 10, 15, 2, 29][0, 19, 12, 8, 26][11, 14, 4, 24][13, 18, 17][16, 28, 25][11, 17][17, 28][20, 24][22, 25][0, 22][10, 16] 
[5, 21, 6, 10, 15, 2, 29][9, 1, 3, 23, 20, 7, 27][19, 12, 8, 26][11, 14, 4, 24][16, 28, 25][0, 22, 12][13, 18, 17][22, 25][15, 16][17, 28][11, 17][20, 24] 
[5, 21, 6, 10, 15, 2, 29][9, 1, 3, 23, 20, 7, 27][11, 14, 4, 24][19, 12, 8, 26][16, 28, 25][13, 18, 17][0, 22, 12][17, 28][15, 16][11, 17][20, 24][22, 25] 
[5, 21, 6, 10, 15, 2, 29][9, 1, 3, 23, 20, 7, 27][19, 12, 8, 26][11, 14, 4, 24][16, 28, 25][13, 18, 17][12, 0, 22][10, 16][17, 28][22, 25][11, 17][20, 24] 
[5, 21, 6, 10, 15, 2, 29][9, 1, 3, 23, 20, 7, 27][19, 12, 8, 26][11, 14, 4, 24][16, 28, 25][12, 0, 22][13, 18, 17][15, 16][22, 25][17, 28][11, 17][20, 24] 
[5, 21, 6, 10, 15, 2, 29][9, 1, 3, 23, 20, 7, 27][19, 12, 8, 26][11, 14, 4, 24][16, 28, 25][12, 0, 22][13, 18, 17][15, 16][22, 25][17, 28][11, 17][20, 24] 
[5, 21, 6, 10, 15, 2, 29][9, 1, 3, 23, 20, 7, 27][19, 12, 8, 26][11, 14, 4, 24][16, 28, 25][12, 0, 22][13, 18, 17][15, 16][22, 25][17, 28][11, 17][20, 24] 
[5, 21, 6, 10, 15, 2, 29][9, 1, 3, 23, 20, 7, 27][11, 14, 4, 24][19, 12, 8, 26][16, 28, 25][13, 18, 17][0, 22, 12][15, 16][17, 28][11, 17][22, 25][20, 24] 
[5, 21, 6, 10, 15, 2, 29][9, 1, 3, 23, 20, 7, 27][19, 12, 8, 26][11, 14, 4, 24][13, 18, 17][16, 28, 25][12, 0, 22][17, 28][22, 25][10, 16][11, 17][20, 24] 
[5, 21, 6, 10, 15, 2, 29][9, 1, 3, 23, 20, 7, 27][19, 12, 8, 26][11, 14, 4, 24][16, 28, 25][13, 18, 17][12, 0, 22][10, 16][17, 28][22, 25][11, 17][20, 24] 
[5, 21, 6, 10, 15, 2, 29][9, 1, 3, 23, 20, 7, 27][0, 19, 12, 8, 26][11, 14, 4, 24][16, 28, 25][13, 18, 17][22, 25][0, 22][10, 16][17, 28][11, 17][20, 24] 
[5, 21, 6, 10, 15, 2, 29][9, 1, 3, 23, 20, 7, 27][19, 12, 8, 26][11, 14, 4, 24][16, 28, 25][12, 0, 22][13, 18, 17][15, 16][22, 25][17, 28][11, 17][20, 24] 
[5, 21, 6, 10, 15, 2, 29][9, 1, 3, 23, 20, 7, 27][19, 12, 8, 26][11, 14, 4, 24][16, 28, 25][12, 0, 22][13, 18, 17][15, 16][22, 25][17, 28][11, 17][20, 24] 
[5, 21, 6, 10, 15, 2, 29][9, 1, 3, 23, 20, 7, 27][19, 12, 8, 26][11, 14, 4, 24][13, 18, 17][16, 28, 25][12, 0, 22][17, 28][22, 25][10, 16][11, 17][20, 24] 
[5, 21, 6, 10, 15, 2, 29][9, 1, 3, 23, 20, 7, 27][19, 12, 8, 26][11, 14, 4, 24][16, 28, 25][12, 0, 22][13, 18, 17][15, 16][22, 25][17, 28][11, 17][20, 24] 
[5, 21, 6, 10, 15, 2, 29][9, 1, 3, 23, 20, 7, 27][19, 12, 8, 26][11, 14, 4, 24][16, 28, 25][12, 0, 22][13, 18, 17][15, 16][22, 25][17, 28][11, 17][20, 24] 
[5, 21, 6, 10, 15, 2, 29][9, 1, 3, 23, 20, 7, 27][11, 14, 4, 24][19, 12, 8, 26][16, 28, 25][13, 18, 17][0, 22, 12][17, 28][15, 16][11, 17][20, 24][22, 25] 
[9, 1, 3, 23, 20, 7, 27][5, 21, 6, 10, 15, 2, 29][11, 14, 4, 24][19, 12, 8, 26][13, 18, 17][16, 28, 25][12, 0, 22][20, 24][11, 17][17, 28][10, 16][22, 25] 
[5, 21, 6, 10, 15, 2, 29][9, 1, 3, 23, 20, 7, 27][11, 14, 4, 24][19, 12, 8, 26][16, 28, 25][13, 18, 17][0, 22, 12][17, 28][15, 16][11, 17][20, 24][22, 25] 
[5, 21, 6, 10, 15, 2, 29][9, 1, 3, 23, 20, 7, 27][19, 12, 8, 26][11, 14, 4, 24][16, 28, 25][12, 0, 22][13, 18, 17][15, 16][22, 25][17, 28][11, 17][20, 24] 
[20, 7, 10, 6, 15, 29, 27, 16, 28, 25, 22][9, 14, 4, 24, 23, 1, 3, 11, 25, 0, 18][18, 19, 8, 26][5, 21, 2, 29][11, 17, 12][6, 13][16, 27][16, 27][16, 27][16, 27][12, 17][16, 27] 
[20, 7, 10, 6, 15, 29, 27, 16, 28, 25, 22][9, 14, 4, 24, 23, 1, 3, 11, 25, 0, 18][18, 19, 8, 26][5, 21, 2, 29][11, 17, 12][6, 13][16, 27][16, 27][16, 27][16, 27][12, 17][16, 27] 
[20, 7, 10, 6, 15, 29, 27, 16, 28, 25, 22][9, 14, 4, 24, 23, 1, 3, 11, 25, 0, 18][18, 19, 8, 26][5, 21, 2, 29][11, 17, 12][6, 13][16, 27][16, 27][16, 27][16, 27][12, 17][16, 27] 
[20, 7, 10, 6, 15, 29, 27, 16, 28, 25, 22][9, 14, 4, 24, 23, 1, 3, 11, 25, 0, 18][18, 19, 8, 26][5, 21, 2, 29][11, 17][6, 13][16, 27][16, 27][16, 27][16, 27][12, 17][16, 27] 
[20, 7, 10, 6, 15, 29, 27, 16, 28, 25, 22][9, 14, 4, 24, 23, 1, 3, 11, 25, 0, 18][18, 19, 8, 26][5, 21, 2, 29][11, 17][6, 13][16, 27][16, 27][16, 27][16, 27][12, 17][16, 27] 
[9, 14, 4, 23, 1, 3, 11, 25, 0, 18][20, 7, 10, 29, 27, 16, 28, 25, 22][5, 21, 6, 15, 2, 29][0, 19, 12, 8, 26][13, 18][16, 27][20, 24][16, 27][25, 28][16, 27][11, 17][10, 16] 
[20, 7, 10, 6, 15, 29, 27, 16, 28, 25, 22][9, 14, 4, 24, 23, 1, 3, 11, 25, 0, 18][18, 19, 8, 26][5, 21, 2, 29][11, 17, 12][6, 13][16, 27][16, 27][16, 27][16, 27][12, 17][16, 27] 
[20, 7, 10, 6, 15, 29, 27, 16, 28, 25, 22][9, 14, 4, 24, 23, 1, 3, 11, 25, 0, 18][18, 19, 8, 26][5, 21, 2, 29][11, 17, 12][6, 13][16, 27][16, 27][16, 27][16, 27][12, 17][16, 27] 
[20, 7, 10, 6, 15, 29, 27, 16, 28, 25, 22][9, 14, 4, 24, 23, 1, 3, 11, 25, 0, 18][18, 19, 8, 26][5, 21, 2, 29][11, 17][6, 13][16, 27][16, 27][16, 27][16, 27][12, 17][16, 27] 
[20, 7, 10, 6, 15, 29, 27, 16, 28, 25, 22][9, 14, 4, 24, 23, 1, 3, 11, 25, 0, 18][18, 19, 8, 26][5, 21, 2, 29][11, 17, 12][6, 13][16, 27][16, 27][16, 27][16, 27][12, 17][16, 27] 
[20, 7, 10, 6, 15, 29, 27, 16, 28, 25, 22][9, 14, 4, 24, 23, 1, 3, 11, 25, 0, 18][18, 19, 8, 26][5, 21, 2, 29][11, 17, 12][6, 13][16, 27][16, 27][16, 27][16, 27][12, 17][16, 27] 
[20, 7, 10, 6, 15, 29, 27, 16, 28, 25, 22][9, 14, 4, 24, 23, 1, 3, 11, 25, 0, 18][18, 19, 8, 26][5, 21, 2, 29][11, 17, 12][6, 13][16, 27][16, 27][16, 27][16, 27][12, 17][16, 27] 
[20, 7, 10, 6, 15, 29, 27, 16, 28, 25, 22][9, 14, 4, 24, 23, 1, 3, 11, 25, 0, 18][18, 19, 8, 26][5, 21, 2, 29][11, 17][6, 13][16, 27][16, 27][16, 27][16, 27][12, 17][16, 27] 
[20, 7, 10, 6, 15, 29, 27, 16, 28, 25, 22][9, 14, 4, 24, 23, 1, 3, 11, 25, 0, 18][18, 19, 8, 26][5, 21, 2, 29][11, 17, 12][6, 13][16, 27][16, 27][16, 27][16, 27][12, 17][16, 27] 
[20, 7, 10, 6, 15, 29, 27, 16, 28, 25, 22][9, 14, 4, 24, 23, 1, 3, 11, 25, 0, 18][18, 19, 8, 26][5, 21, 2, 29][11, 17, 12][6, 13][16, 27][16, 27][16, 27][16, 27][12, 17][16, 27] 
[20, 7, 10, 6, 5, 15, 29, 27, 16, 28, 25, 22][9, 14, 4, 24, 23, 1, 3, 11, 25, 0, 18][18, 19, 8, 26][11, 17, 12][2, 21, 5][6, 13][16, 27][16, 27][16, 27][16, 27][12, 17][12, 17] 
[20, 7, 10, 6, 5, 15, 29, 27, 16, 28, 25, 22][9, 14, 4, 24, 23, 1, 3, 11, 25, 0, 18][18, 19, 8, 26][11, 17, 12][2, 21, 5][6, 13][16, 27][16, 27][16, 27][16, 27][12, 17][12, 17] 
[9, 14, 4, 24, 23, 1, 3, 11, 25, 0, 18][20, 7, 10, 6, 15, 29, 27, 16, 28, 25, 22][18, 19, 8, 26][5, 21, 2, 29][11, 17, 12][6, 13][16, 27][16, 27][16, 27][16, 27][12, 17][12, 17] 
[20, 7, 10, 6, 5, 15, 29, 27, 16, 28, 25, 22][9, 14, 4, 24, 23, 1, 3, 11, 25, 0, 18][18, 19, 8, 26][11, 17, 12][2, 21, 5][6, 13][16, 27][16, 27][16, 27][16, 27][12, 17][12, 17] 
[20, 7, 10, 6, 5, 15, 29, 27, 16, 28, 25, 22][9, 14, 4, 24, 23, 1, 3, 11, 25, 0, 18][18, 19, 8, 26][11, 17, 12][2, 21, 5][6, 13][16, 27][16, 27][16, 27][16, 27][12, 17][12, 17] 
[0, 22, 25, 28, 16, 27, 29, 15, 5, 6, 10, 7, 20][9, 14, 4, 24, 23, 1, 3, 11, 25, 0, 18][18, 19, 8, 26][11, 17, 12][2, 21, 5][12, 17][6, 13][16, 27][16, 27][16, 27][16, 27][16, 27] 
[9, 1, 3, 23, 20, 7, 27][5, 21, 6, 10, 15, 2, 29][0, 19, 12, 8, 26][11, 14, 4, 24][13, 18, 17][16, 28, 25][17, 28][22, 25][0, 22][11, 17][20, 24][15, 16] 
[9, 1, 3, 23, 20, 7, 27][5, 21, 6, 10, 15, 2, 29][0, 19, 12, 8, 26][11, 14, 4, 24][13, 18, 17][16, 28, 25][17, 28][22, 25][0, 22][11, 17][20, 24][15, 16] 
[9, 1, 3, 23, 20, 7, 27][5, 21, 6, 10, 15, 2, 29][0, 19, 12, 8, 26][11, 14, 4, 24][13, 18, 17][16, 28, 25][17, 28][22, 25][0, 22][11, 17][20, 24][15, 16] 
[5, 21, 6, 10, 15, 2, 29][9, 1, 3, 23, 20, 7, 27][0, 19, 12, 8, 26][11, 14, 4, 24][16, 28, 25][13, 18, 17][0, 22][22, 25][15, 16][17, 28][11, 17][20, 24] 
[9, 1, 3, 23, 20, 7, 27][5, 21, 6, 10, 15, 2, 29][0, 19, 12, 8, 26][11, 14, 4, 24][13, 18, 17][16, 28, 25][17, 28][22, 25][0, 22][11, 17][20, 24][15, 16] 
[5, 21, 6, 10, 15, 2, 29][9, 1, 3, 23, 20, 7, 27][0, 19, 12, 8, 26][11, 14, 4, 24][16, 28, 25][13, 18, 17][0, 22][22, 25][15, 16][17, 28][11, 17][20, 24] 
[5, 21, 6, 10, 15, 2, 29][9, 1, 3, 23, 20, 7, 27][0, 19, 12, 8, 26][11, 14, 4, 24][16, 28, 25][13, 18, 17][0, 22][22, 25][15, 16][17, 28][11, 17][20, 24] 
[5, 21, 6, 10, 15, 2, 29][9, 1, 3, 23, 20, 7, 27][0, 19, 12, 8, 26][11, 14, 4, 24][16, 28, 25][13, 18, 17][0, 22][22, 25][15, 16][17, 28][11, 17][20, 24] 
[5, 21, 6, 10, 15, 2, 29][9, 1, 3, 23, 20, 7, 27][0, 19, 12, 8, 26][11, 14, 4, 24][16, 28, 25][13, 18, 17][0, 22][22, 25][15, 16][17, 28][11, 17][20, 24] 
[5, 21, 6, 10, 15, 2, 29][9, 1, 3, 23, 20, 7, 27][0, 19, 12, 8, 26][11, 14, 4, 24][16, 28, 25][13, 18, 17][0, 22][22, 25][15, 16][17, 28][11, 17][20, 24] 
[9, 1, 3, 23, 20, 7, 27][5, 21, 6, 10, 15, 2, 29][0, 19, 12, 8, 26][11, 14, 4, 24][13, 18, 17][16, 28, 25][17, 28][22, 25][0, 22][11, 17][20, 24][15, 16] 
[9, 1, 3, 23, 20, 7, 27][5, 21, 6, 10, 15, 2, 29][0, 19, 12, 8, 26][11, 14, 4, 24][13, 18, 17][16, 28, 25][17, 28][22, 25][0, 22][11, 17][20, 24][15, 16] 
[5, 21, 6, 10, 15, 2, 29][9, 1, 3, 23, 20, 7, 27][0, 19, 12, 8, 26][11, 14, 4, 24][16, 28, 25][13, 18, 17][0, 22][22, 25][17, 28][11, 17][15, 16][20, 24] 
[9, 1, 3, 23, 20, 7, 27][5, 21, 6, 10, 15, 2, 29][0, 19, 12, 8, 26][11, 14, 4, 24][13, 18, 17][16, 28, 25][20, 24][11, 17][17, 28][15, 16][22, 25][0, 22] 
[9, 1, 3, 23, 20, 7, 27][5, 21, 6, 10, 15, 2, 29][0, 19, 12, 8, 26][11, 14, 4, 24][13, 18, 17][16, 28, 25][17, 28][22, 25][0, 22][11, 17][20, 24][15, 16] 
[5, 21, 6, 10, 15, 2, 29][9, 1, 3, 23, 20, 7, 27][19, 12, 8, 26][11, 14, 4, 24][16, 28, 25][0, 22, 12][13, 18, 17][22, 25][15, 16][17, 28][11, 17][20, 24] 
[5, 21, 6, 10, 15, 2, 29][9, 1, 3, 23, 20, 7, 27][19, 12, 8, 26][11, 14, 4, 24][16, 28, 25][0, 22, 12][13, 18, 17][22, 25][15, 16][17, 28][11, 17][20, 24] 
[5, 21, 6, 10, 15, 2, 29][9, 1, 3, 23, 20, 7, 27][19, 12, 8, 26][11, 14, 4, 24][16, 28, 25][12, 0, 22][13, 18, 17][15, 16][22, 25][17, 28][11, 17][20, 24] 
[5, 21, 6, 10, 15, 2, 29][9, 1, 3, 23, 20, 7, 27][19, 12, 8, 26][11, 14, 4, 24][16, 28, 25][12, 0, 22][13, 18, 17][15, 16][22, 25][17, 28][11, 17][20, 24] 
[5, 21, 6, 10, 15, 2, 29][9, 1, 3, 23, 20, 7, 27][19, 12, 8, 26][11, 14, 4, 24][16, 28, 25][0, 22, 12][13, 18, 17][22, 25][15, 16][17, 28][11, 17][20, 24] 
[2, 29, 15, 10, 6, 21, 5][9, 1, 3, 23, 20, 7, 27][19, 12, 8, 26][0, 25, 28, 16][11, 14, 4, 24][13, 18, 17][12, 22][22, 25][15, 16][17, 28][11, 17][20, 24] 
[5, 21, 6, 10, 15, 2, 29][9, 1, 3, 23, 20, 7, 27][0, 19, 12, 8, 26][11, 14, 4, 24][16, 28, 25][13, 18, 17][0, 22][22, 25][17, 28][11, 17][15, 16][20, 24] 
[9, 1, 3, 23, 20, 7, 27][5, 21, 6, 10, 15, 2, 29][0, 19, 12, 8, 26][11, 14, 4, 24][13, 18, 17][16, 28, 25][17, 28][22, 25][0, 22][11, 17][20, 24][15, 16] 
[9, 1, 3, 23, 20, 7, 27][5, 21, 6, 10, 15, 2, 29][0, 19, 12, 8, 26][11, 14, 4, 24][13, 18, 17][16, 28, 25][11, 17][20, 24][17, 28][15, 16][22, 25][0, 22] 
[9, 1, 3, 23, 20, 7, 27][5, 21, 6, 10, 15, 2, 29][0, 19, 12, 8, 26][11, 14, 4, 24][13, 18, 17][16, 28, 25][20, 24][11, 17][17, 28][15, 16][22, 25][0, 22] 
[5, 21, 6, 10, 15, 2, 29][9, 1, 3, 23, 20, 7, 27][0, 19, 12, 8, 26][11, 14, 4, 24][16, 28, 25][13, 18, 17][0, 22][22, 25][17, 28][11, 17][15, 16][20, 24] 
[5, 21, 6, 10, 15, 2, 29][9, 1, 3, 23, 20, 7, 27][11, 14, 4, 24][19, 12, 8, 26][16, 28, 25][13, 18, 17][0, 22, 12][17, 28][15, 16][11, 17][20, 24][22, 25] 
[9, 1, 3, 23, 20, 7, 27][5, 21, 6, 10, 15, 2, 29][0, 19, 12, 8, 26][11, 14, 4, 24][13, 18, 17][16, 28, 25][11, 17][20, 24][17, 28][15, 16][22, 25][0, 22] 
[5, 21, 6, 10, 15, 2, 29][9, 1, 3, 23, 20, 7, 27][19, 12, 8, 26][11, 14, 4, 24][16, 28, 25][12, 0, 22][13, 18, 17][15, 16][22, 25][17, 28][11, 17][20, 24] 
[5, 21, 6, 10, 15, 2, 29][9, 1, 3, 23, 20, 7, 27][19, 12, 8, 26][11, 14, 4, 24][16, 28, 25][12, 0, 22][13, 18, 17][15, 16][22, 25][17, 28][11, 17][20, 24] 
[9, 1, 3, 23, 20, 7, 27][5, 21, 6, 10, 15, 2, 29][11, 14, 4, 24][19, 12, 8, 26][13, 18, 17][16, 28, 25][0, 22, 12][11, 17][20, 24][17, 28][15, 16][22, 25] 
[5, 21, 6, 10, 15, 2, 29][9, 1, 3, 23, 20, 7, 27][19, 12, 8, 26][11, 14, 4, 24][16, 28, 25][12, 0, 22][13, 18, 17][15, 16][22, 25][17, 28][11, 17][20, 24] 
[5, 21, 6, 10, 15, 2, 29][9, 1, 3, 23, 20, 7, 27][11, 14, 4, 24][19, 12, 8, 26][16, 28, 25][13, 18, 17][0, 22, 12][17, 28][15, 16][11, 17][20, 24][22, 25] 
[5, 21, 6, 10, 15, 2, 29][9, 1, 3, 23, 20, 7, 27][11, 14, 4, 24][19, 12, 8, 26][16, 28, 25][13, 18, 17][0, 22, 12][17, 28][15, 16][11, 17][20, 24][22, 25] 
[5, 21, 6, 10, 15, 2, 29][9, 1, 3, 23, 20, 7, 27][19, 12, 8, 26][11, 14, 4, 24][16, 28, 25][12, 0, 22][13, 18, 17][15, 16][22, 25][17, 28][11, 17][20, 24] 
[5, 21, 6, 10, 15, 2, 29][9, 1, 3, 23, 20, 7, 27][11, 14, 4, 24][19, 12, 8, 26][13, 18, 17][16, 28, 25][12, 0, 22][17, 28][11, 17][22, 25][15, 16][20, 24] 
[5, 21, 6, 10, 15, 2, 29][9, 1, 3, 23, 20, 7, 27][11, 14, 4, 24][19, 12, 8, 26][13, 18, 17][16, 28, 25][12, 0, 22][17, 28][11, 17][22, 25][15, 16][20, 24] 
[5, 21, 6, 10, 15, 2, 29][9, 1, 3, 23, 20, 7, 27][19, 12, 8, 26][11, 14, 4, 24][16, 28, 25][12, 0, 22][13, 18, 17][15, 16][22, 25][17, 28][11, 17][20, 24] 
[5, 21, 6, 10, 15, 2, 29][9, 1, 3, 23, 20, 7, 27][19, 12, 8, 26][11, 14, 4, 24][16, 28, 25][12, 0, 22][13, 18, 17][15, 16][22, 25][17, 28][11, 17][20, 24] 
[5, 21, 6, 10, 15, 2, 29][9, 1, 3, 23, 20, 7, 27][19, 12, 8, 26][11, 14, 4, 24][16, 28, 25][12, 0, 22][13, 18, 17][15, 16][22, 25][17, 28][11, 17][20, 24] 
[5, 21, 6, 10, 15, 2, 29][9, 1, 3, 23, 20, 7, 27][19, 12, 8, 26][11, 14, 4, 24][16, 28, 25][12, 0, 22][13, 18, 17][15, 16][22, 25][17, 28][11, 17][20, 24] 
[5, 21, 6, 10, 15, 2, 29][9, 1, 3, 23, 20, 7, 27][11, 14, 4, 24][19, 12, 8, 26][16, 28, 25][13, 18, 17][0, 22, 12][17, 28][15, 16][11, 17][20, 24][22, 25] 
[5, 21, 6, 10, 15, 2, 29][9, 1, 3, 23, 20, 7, 27][19, 12, 8, 26][11, 14, 4, 24][16, 28, 25][12, 0, 22][13, 18, 17][15, 16][22, 25][17, 28][11, 17][20, 24] 
[2, 29, 15, 10, 6, 21, 5][9, 1, 3, 23, 20, 7, 27][12, 22, 0, 19, 8, 26][11, 14, 4, 24][16, 28, 25][13, 18, 17][8, 26][22, 25][15, 16][17, 28][11, 17][20, 24] 
[2, 29, 15, 10, 6, 21, 5][9, 1, 3, 23, 20, 7, 27][12, 22, 0, 19, 8, 26][11, 14, 4, 24][16, 28, 25][13, 18, 17][8, 26][22, 25][15, 16][17, 28][11, 17][20, 24] 
[2, 29, 15, 10, 6, 21, 5][9, 1, 3, 23, 20, 7, 27][12, 22, 0, 19, 8, 26][11, 14, 4, 24][16, 28, 25][13, 18, 17][8, 26][22, 25][15, 16][17, 28][11, 17][20, 24] 
[2, 29, 15, 10, 6, 21, 5][9, 1, 3, 23, 20, 7, 27][12, 22, 0, 19, 8, 26][11, 14, 4, 24][16, 28, 25][13, 18, 17][8, 26][22, 25][15, 16][17, 28][11, 17][20, 24] 
[2, 29, 15, 10, 6, 21, 5][9, 1, 3, 23, 20, 7, 27][12, 22, 0, 19, 8, 26][11, 14, 4, 24][16, 28, 25][13, 18, 17][8, 26][22, 25][15, 16][17, 28][11, 17][20, 24] 
[2, 29, 15, 10, 6, 21, 5][9, 1, 3, 23, 20, 7, 27][12, 22, 19, 8, 26][0, 25, 28, 16][11, 14, 4, 24][13, 18, 17][19, 8, 26][22, 25][15, 16][17, 28][11, 17][20, 24] 
[5, 21, 6, 10, 15, 2, 29][9, 1, 3, 23, 20, 7, 27][0, 19, 12, 8, 26][11, 14, 4, 24][16, 28, 25][13, 18, 17][0, 22][22, 25][15, 16][17, 28][11, 17][20, 24] 
[9, 1, 3, 23, 20, 7, 27][5, 21, 6, 10, 15, 2, 29][0, 19, 12, 8, 26][11, 14, 4, 24][13, 18, 17][16, 28, 25][17, 28][22, 25][0, 22][11, 17][20, 24][15, 16] 
[5, 21, 6, 10, 15, 2, 29][9, 1, 3, 23, 20, 7, 27][0, 19, 12, 8, 26][11, 14, 4, 24][16, 28, 25][13, 18, 17][0, 22][22, 25][15, 16][17, 28][11, 17][20, 24] 
[5, 21, 6, 10, 15, 2, 29][9, 1, 3, 23, 20, 7, 27][0, 19, 12, 8, 26][11, 14, 4, 24][16, 28, 25][13, 18, 17][0, 22][22, 25][15, 16][17, 28][11, 17][20, 24] 
[5, 21, 6, 10, 15, 2, 29][9, 1, 3, 23, 20, 7, 27][0, 19, 12, 8, 26][11, 14, 4, 24][16, 28, 25][13, 18, 17][0, 22][22, 25][15, 16][17, 28][11, 17][20, 24] 
[5, 21, 6, 10, 15, 2, 29][9, 1, 3, 23, 20, 7, 27][19, 12, 8, 26][11, 14, 4, 24][16, 28, 25][0, 22, 12][13, 18, 17][22, 25][15, 16][17, 28][11, 17][20, 24] 
[5, 21, 6, 10, 15, 2, 29][9, 1, 3, 23, 20, 7, 27][0, 19, 12, 8, 26][11, 14, 4, 24][16, 28, 25][13, 18, 17][0, 22][22, 25][17, 28][11, 17][15, 16][20, 24] 
