[4, 24, 14, 1, 3, 9][5, 21, 10, 2, 15][6, 13, 18, 19][20, 7, 25, 22][11, 25, 28, 17][8, 26, 0, 12][16, 27, 29][23, 20, 24][6, 16][2, 29][7, 27][12, 19] 
[4, 24, 14, 1, 3, 9, 23][2, 10, 15, 5, 21][8, 26, 0, 12][6, 13, 18, 19][20, 7, 25, 22][11, 25, 28, 17][16, 27, 29][12, 19][6, 16][2, 29][7, 27][20, 23] 
[4, 24, 14, 1, 3, 9][2, 10, 15, 5, 21][20, 7, 25, 22][11, 25, 28, 17][6, 13, 18, 19][8, 26, 0, 12][16, 27, 29][23, 20, 24][2, 29][7, 27][6, 16][12, 19] 
[4, 24, 14, 1, 3, 9][2, 10, 15, 5, 21][20, 7, 25, 22][11, 25, 28, 17][6, 13, 18, 19][8, 26, 0, 12][16, 27, 29][23, 20, 24][2, 29][7, 27][6, 16][12, 19] 
[4, 24, 14, 1, 3, 9, 23][5, 21, 10, 2, 15][20, 7, 25, 22][11, 25, 28, 17][6, 13, 18, 19][8, 26, 0, 12][16, 27, 29][20, 23][7, 27][6, 16][2, 29][12, 19] 
[4, 24, 14, 1, 3, 9, 23][2, 10, 15, 5, 21][20, 7, 25, 22][11, 25, 28, 17][6, 13, 18, 19][8, 26, 0, 12][16, 27, 29][20, 23][7, 27][2, 29][6, 16][12, 19] 
[4, 24, 14, 1, 3, 9, 23][2, 10, 15, 5, 21][6, 13, 18, 19][8, 26, 0, 12][20, 7, 25, 22][11, 25, 28, 17][16, 27, 29][12, 19][6, 16][7, 27][2, 29][20, 23] 
[4, 24, 14, 1, 3, 9, 23][2, 10, 15, 5, 21][8, 26, 0, 12][6, 13, 18, 19][20, 7, 25, 22][11, 25, 28, 17][16, 27, 29][0, 19][6, 16][2, 29][7, 27][20, 23] 
[4, 24, 14, 1, 3, 9, 23][2, 10, 15, 5, 21][20, 7, 25, 22][11, 25, 28, 17][6, 13, 18, 19][8, 26, 0, 12][16, 27, 29][20, 23][7, 27][2, 29][6, 16][12, 19] 
[4, 24, 14, 1, 3, 9, 23][2, 10, 15, 5, 21][8, 26, 0, 12][6, 13, 18, 19][20, 7, 25, 22][11, 25, 28, 17][16, 27, 29][0, 19][6, 16][2, 29][7, 27][20, 23] 
[4, 24, 14, 1, 3, 9][5, 21, 10, 2, 15][20, 7, 25, 22][11, 25, 28, 17][6, 13, 18, 19][8, 26, 0, 12][23, 20, 24][16, 27, 29][7, 27][2, 29][6, 16][12, 19] 
[4, 24, 14, 1, 3, 9, 23][2, 10, 15, 5, 21][6, 13, 18, 19][8, 26, 0, 12][20, 7, 25, 22][11, 25, 28, 17][16, 27, 29][12, 19][6, 16][7, 27][2, 29][20, 23] 
[4, 24, 14, 1, 3, 9][2, 10, 15, 5, 21][20, 7, 25, 22][11, 25, 28, 17][6, 13, 18, 19][8, 26, 0, 12][16, 27, 29][23, 20, 24][2, 29][7, 27][6, 16][12, 19] 
[4, 24, 14, 1, 3, 9, 23][5, 21, 10, 2, 15][6, 13, 18, 19][20, 7, 25, 22][11, 25, 28, 17][8, 26, 0, 12][16, 27, 29][6, 16][2, 29][7, 27][20, 23][12, 19] 
[4, 24, 14, 1, 3, 9, 23][2, 10, 15, 5, 21][20, 7, 25, 22][11, 25, 28, 17][6, 13, 18, 19][8, 26, 0, 12][16, 27, 29][20, 23][7, 27][2, 29][6, 16][12, 19] 
[4, 24, 14, 1, 3, 9, 23][2, 10, 15, 5, 21][8, 26, 0, 12][6, 13, 18, 19][20, 7, 25, 22][11, 25, 28, 17][16, 27, 29][0, 19][6, 16][2, 29][7, 27][20, 23] 
[4, 24, 14, 1, 3, 9][5, 21, 10, 2, 15][20, 7, 25, 22][11, 25, 28, 17][6, 13, 18, 19][8, 26, 0, 12][23, 20, 24][16, 27, 29][7, 27][2, 29][6, 16][12, 19] 
[4, 24, 14, 1, 3, 9, 23][2, 10, 15, 5, 21][20, 7, 25, 22][11, 25, 28, 17][6, 13, 18, 19][8, 26, 0, 12][16, 27, 29][20, 23][7, 27][6, 16][12, 19][2, 29] 
[4, 24, 14, 1, 3, 9, 23][5, 21, 10, 2, 15][20, 7, 25, 22][11, 25, 28, 17][6, 13, 18, 19][8, 26, 0, 12][16, 27, 29][2, 29][7, 27][20, 23][6, 16][12, 19] 
[4, 24, 14, 1, 3, 9][5, 21, 10, 2, 15][20, 7, 25, 22][11, 25, 28, 17][6, 13, 18, 19][8, 26, 0, 12][16, 27, 29][23, 20, 24][2, 29][7, 27][6, 16][12, 19] 
[4, 24, 14, 1, 3, 9][5, 21, 10, 2, 15][6, 13, 18, 19][20, 7, 25, 22][11, 25, 28, 17][8, 26, 0, 12][16, 27, 29][23, 20, 24][6, 16][2, 29][7, 27][12, 19] 
[4, 24, 14, 1, 3, 9, 23][2, 10, 15, 5, 21][8, 26, 0, 12][6, 13, 18, 19][20, 7, 25, 22][11, 25, 28, 17][16, 27, 29][12, 19][6, 16][7, 27][20, 23][2, 29] 
[4, 24, 14, 1, 3, 9][2, 10, 15, 5, 21][8, 26, 0, 12][6, 13, 18, 19][20, 7, 25, 22][11, 25, 28, 17][16, 27, 29][23, 20, 24][12, 19][6, 16][7, 27][2, 29] 
[4, 24, 14, 1, 3, 9, 23][5, 21, 10, 2, 15][20, 7, 25, 22][11, 25, 28, 17][6, 13, 18, 19][8, 26, 0, 12][16, 27, 29][2, 29][7, 27][20, 23][6, 16][12, 19] 
[4, 24, 14, 1, 3, 9, 23][2, 10, 15, 5, 21][20, 7, 25, 22][11, 25, 28, 17][6, 13, 18, 19][8, 26, 0, 12][16, 27, 29][20, 23][7, 27][2, 29][6, 16][12, 19] 
[4, 24, 14, 1, 3, 9, 23][2, 10, 15, 5, 21][8, 26, 0, 12][6, 13, 18, 19][20, 7, 25, 22][11, 25, 28, 17][16, 27, 29][0, 19][6, 16][2, 29][7, 27][20, 23] 
[4, 24, 14, 1, 3, 9][5, 21, 10, 2, 15][20, 7, 25, 22][11, 25, 28, 17][6, 13, 18, 19][8, 26, 0, 12][16, 27, 29][23, 20, 24][2, 29][7, 27][6, 16][12, 19] 
[4, 24, 14, 1, 3, 9, 23][2, 10, 15, 5, 21][8, 26, 0, 12][6, 13, 18, 19][20, 7, 25, 22][11, 25, 28, 17][16, 27, 29][12, 19][6, 16][2, 29][7, 27][20, 23] 
[4, 24, 14, 1, 3, 9, 23][5, 21, 10, 2, 15][6, 13, 18, 19][20, 7, 25, 22][11, 25, 28, 17][8, 26, 0, 12][16, 27, 29][6, 16][2, 29][7, 27][20, 23][12, 19] 
[4, 24, 14, 1, 3, 9][5, 21, 10, 2, 15][20, 7, 25, 22][11, 25, 28, 17][6, 13, 18, 19][8, 26, 0, 12][16, 27, 29][23, 20, 24][2, 29][7, 27][6, 16][12, 19] 
[4, 24, 14, 1, 3, 9][5, 21, 10, 2, 15][20, 7, 25, 22][11, 25, 28, 17][6, 13, 18, 19][8, 26, 0, 12][16, 27, 29][23, 20, 24][2, 29][7, 27][6, 16][12, 19] 
[4, 24, 14, 1, 3, 9, 23][2, 10, 15, 5, 21][8, 26, 0, 12][6, 13, 18, 19][20, 7, 25, 22][11, 25, 28, 17][16, 27, 29][12, 19][6, 16][2, 29][7, 27][20, 23] 
[4, 24, 14, 1, 3, 9, 23][5, 21, 10, 2, 15][20, 7, 25, 22][11, 25, 28, 17][6, 13, 18, 19][8, 26, 0, 12][16, 27, 29][2, 29][7, 27][20, 23][6, 16][12, 19] 
[4, 24, 14, 1, 3, 9][5, 21, 10, 2, 15][20, 7, 25, 22][11, 25, 28, 17][6, 13, 18, 19][8, 26, 0, 12][16, 27, 29][23, 20, 24][2, 29][7, 27][6, 16][12, 19] 
[4, 24, 14, 1, 3, 9][5, 21, 10, 2, 15][20, 7, 25, 22][11, 25, 28, 17][6, 13, 18, 19][8, 26, 0, 12][16, 27, 29][23, 20, 24][2, 29][7, 27][6, 16][12, 19] 
[1, 3, 4, 24, 23, 9, 14, 11, 25, 7, 2, 21, 5][15, 27, 10, 16, 7, 28, 17, 18, 0, 19][0, 26, 8, 12, 22, 17, 18, 13, 6][10, 29][4, 20][9, 23][11, 25][7, 28][11, 25][11, 25][7, 28][5, 21] 
[1, 3, 4, 24, 23, 9, 14, 11, 25, 7, 2, 21, 5][6, 13, 18, 22, 12, 8, 26, 0, 28, 7, 27][15, 10, 16, 28, 17, 19][10, 29][4, 20][9, 23][11, 25][7, 28][11, 25][11, 25][7, 28][5, 21] 
[1, 3, 4, 24, 23, 9, 14, 11, 25, 7, 2, 21, 5][6, 13, 18, 22, 12, 8, 26, 0, 28, 7][15, 27, 10, 16, 28, 17, 19][6, 13][10, 29][4, 20][2, 21][11, 25][10, 29][15, 27][9, 23][11, 25] 
[1, 3, 4, 24, 23, 9, 14, 11, 25, 7, 2, 21][6, 13, 18, 17, 22, 12, 8, 26, 0, 19][15, 27, 10, 16, 7, 28, 17][10, 29][4, 20][9, 23][11, 25][7, 28][11, 25][11, 25][7, 28][5, 21] 
[1, 3, 4, 24, 23, 9, 14, 11, 25, 7, 2, 21][6, 13, 18, 17, 22, 12, 8, 26, 0, 19][15, 27, 10, 16, 7, 28, 17][10, 29][4, 20][9, 23][11, 25][7, 28][11, 25][11, 25][7, 28][5, 21] 
[1, 3, 4, 24, 23, 9, 14, 11, 25, 7, 2, 21, 5][15, 27, 10, 16, 28, 17, 18, 0, 19][6, 13, 18, 17, 22, 12, 8, 26][10, 29][4, 20][9, 23][11, 25][7, 28][11, 25][11, 25][7, 28][5, 21] 
[1, 3, 4, 24, 23, 9, 14, 11, 25, 7, 2, 21][6, 13, 18, 22, 12, 8, 26, 0, 28, 7, 27][15, 10, 16, 28, 17, 19][10, 29][4, 20][9, 23][11, 25][7, 28][11, 25][11, 25][7, 28][5, 21] 
[1, 3, 4, 24, 23, 9, 14, 11, 25, 7, 2, 21, 5][15, 27, 10, 16, 7, 28, 17, 18, 0, 19][6, 13, 18, 17, 22, 12, 8, 26][10, 29][4, 20][9, 23][11, 25][7, 28][11, 25][11, 25][7, 28][5, 21] 
[1, 3, 4, 24, 23, 9, 14, 11, 25, 7, 2, 21][6, 13, 18, 17, 22, 12, 8, 26, 0, 19][15, 27, 10, 16, 7, 28, 17][10, 29][4, 20][9, 23][11, 25][7, 28][11, 25][11, 25][7, 28][5, 21] 
[1, 3, 4, 24, 23, 9, 14, 11, 25, 7, 2, 21][6, 13, 18, 22, 12, 8, 26, 0, 28, 7, 27][15, 10, 16, 28, 17, 19][10, 29][4, 20][9, 23][11, 25][7, 28][11, 25][11, 25][7, 28][5, 21] 
[1, 3, 4, 24, 23, 9, 14, 11, 25, 7, 2, 21, 5][15, 27, 10, 16, 7, 28, 17, 18, 0, 19][6, 13, 18, 17, 22, 12, 8, 26, 0, 19][4, 20, 23, 9, 14, 24][10, 29][9, 23][11, 25][7, 28][11, 25][11, 25][7, 28][5, 21] 
[1, 3, 4, 24, 23, 9, 14, 11, 25, 7, 2, 21, 5][6, 13, 18, 22, 12, 8, 26, 0, 28, 7][15, 27, 10, 16, 28, 17, 19][6, 13][10, 29][4, 20][2, 21][11, 25][10, 29][15, 27][9, 23][11, 25] 
[1, 3, 4, 24, 23, 9, 14, 11, 25, 7, 2, 21][6, 13, 18, 17, 22, 12, 8, 26, 0, 19][15, 27, 10, 16, 7, 28, 17][10, 29][4, 20][9, 23][11, 25][7, 28][11, 25][11, 25][7, 28][5, 21] 
[1, 3, 4, 24, 23, 9, 14, 11, 25, 7, 2, 21, 5][15, 27, 10, 16, 7, 28, 17, 18, 0, 19][6, 13, 18, 17, 22, 12, 8, 26][14, 11, 25][10, 29][4, 20][9, 23][7, 28][11, 25][11, 25][7, 28][5, 21] 
[1, 3, 4, 24, 23, 9, 14, 11, 25, 7, 2, 21, 5][15, 27, 10, 16, 7, 28, 17, 18, 0, 19][6, 13, 18, 17, 22, 12, 8, 26, 0, 19][4, 20, 23, 9, 14, 24][10, 29][9, 23][11, 25][7, 28][11, 25][11, 25][7, 28][5, 21] 
[1, 3, 4, 24, 23, 9, 14, 11, 25, 7, 2, 21, 5][6, 13, 18, 22, 12, 8, 26, 0, 28, 7, 27][15, 10, 16, 28, 17, 19][10, 29][4, 20][9, 23][11, 25][7, 28][11, 25][11, 25][7, 28][5, 21] 
[1, 3, 4, 24, 23, 9, 14, 11, 25, 7, 2, 21, 5][15, 27, 10, 16, 7, 28, 17, 18, 0, 19][6, 13, 18, 17, 22, 12, 8, 26][10, 29][4, 20][9, 23][11, 25][7, 28][11, 25][11, 25][7, 28][5, 21] 
[1, 3, 4, 24, 23, 9, 14, 11, 25, 7, 2, 21][15, 27, 10, 16, 7, 28, 17, 18, 0, 19][6, 13, 18, 17, 22, 12, 8, 26][10, 29][4, 20][9, 23][11, 25][7, 28][11, 25][11, 25][7, 28][5, 21] 
[1, 3, 4, 24, 23, 9, 14, 11, 25, 7, 2, 21, 5][15, 27, 10, 16, 7, 28, 17, 18, 0, 19][0, 26, 8, 12, 22, 17, 18, 13, 6][10, 29][4, 20][9, 23][11, 25][7, 28][11, 25][11, 25][7, 28][5, 21] 
[1, 3, 4, 24, 23, 9, 14, 11, 25, 7, 2, 21, 5][15, 27, 10, 16, 7, 28, 17, 18, 0, 19][6, 13, 18, 17, 22, 12, 8, 26][14, 11, 25][10, 29][4, 20][9, 23][7, 28][11, 25][11, 25][7, 28][5, 21] 
[1, 3, 4, 24, 23, 9, 14, 11, 25, 7, 2, 21, 5][6, 13, 18, 17, 22, 12, 8, 26, 0, 28, 16, 7, 27][15, 27, 10, 16, 7, 28, 17, 18, 0, 19][10, 29][4, 20][9, 23][11, 25][7, 28][11, 25][11, 25][7, 28][5, 21] 
[4, 24, 14, 1, 3, 9, 23][5, 21, 10, 2, 15][6, 13, 18, 19][8, 26, 0, 12][20, 7, 25, 22][11, 25, 28, 17][16, 27, 29][23, 20, 24][6, 16][2, 29][0, 19][7, 27] 
[4, 24, 14, 1, 3, 9, 23][5, 21, 10, 2, 15][20, 7, 25, 22][11, 25, 28, 17][6, 13, 18, 19][8, 26, 0, 12][23, 20, 24][16, 27, 29][7, 27][6, 16][2, 29][0, 19] 
[4, 24, 14, 1, 3, 9, 23][5, 21, 10, 2, 15][11, 25, 28, 17][20, 7, 25, 22][6, 13, 18, 19][8, 26, 0, 12][23, 20, 24][16, 27, 29][7, 27][6, 16][2, 29][0, 19] 
[4, 24, 14, 1, 3, 9, 23][5, 21, 10, 2, 15][20, 7, 25, 22][11, 25, 28, 17][6, 13, 18, 19][8, 26, 0, 12][16, 27, 29][23, 20, 24][7, 27][6, 16][0, 19][2, 29] 
[4, 24, 14, 1, 3, 9, 23][5, 21, 10, 2, 15][11, 25, 28, 17][20, 7, 25, 22][6, 13, 18, 19][8, 26, 0, 12][23, 20, 24][16, 27, 29][7, 27][6, 16][2, 29][0, 19] 
[4, 24, 14, 1, 3, 9, 23][5, 21, 10, 2, 15][20, 7, 25, 22][11, 25, 28, 17][6, 13, 18, 19][8, 26, 0, 12][23, 20, 24][16, 27, 29][7, 27][6, 16][0, 19][2, 29] 
[4, 24, 14, 1, 3, 9, 23][5, 21, 10, 2, 15][20, 7, 25, 22][11, 25, 28, 17][6, 13, 18, 19][8, 26, 0, 12][23, 20, 24][16, 27, 29][7, 27][6, 16][2, 29][0, 19] 
[4, 24, 14, 1, 3, 9, 23][5, 21, 10, 2, 15][6, 13, 18, 19][8, 26, 0, 12][20, 7, 25, 22][11, 25, 28, 17][16, 27, 29][23, 20, 24][6, 16][2, 29][0, 19][7, 27] 
[4, 24, 14, 1, 3, 9, 23][5, 21, 10, 2, 15][20, 7, 25, 22][11, 25, 28, 17][6, 13, 18, 19][8, 26, 0, 12][23, 20, 24][16, 27, 29][7, 27][6, 16][0, 19][2, 29] 
[4, 24, 14, 1, 3, 9, 23][5, 21, 10, 2, 15][6, 13, 18, 19][8, 26, 0, 12][20, 7, 25, 22][11, 25, 28, 17][16, 27, 29][23, 20, 24][6, 16][2, 29][0, 19][7, 27] 
[4, 24, 14, 1, 3, 9, 23][5, 21, 10, 2, 15][20, 7, 25, 22][11, 25, 28, 17][6, 13, 18, 19][8, 26, 0, 12][23, 20, 24][16, 27, 29][7, 27][2, 29][6, 16][0, 19] 
[4, 24, 14, 1, 3, 9, 23][5, 21, 10, 2, 15][6, 13, 18, 19][8, 26, 0, 12][20, 7, 25, 22][11, 25, 28, 17][16, 27, 29][23, 20, 24][6, 16][0, 19][2, 29][7, 27] 
[4, 24, 14, 1, 3, 9, 23][5, 21, 10, 2, 15][20, 7, 25, 22][11, 25, 28, 17][6, 13, 18, 19][8, 26, 0, 12][16, 27, 29][23, 20, 24][7, 27][6, 16][0, 19][2, 29] 
[4, 24, 14, 1, 3, 9, 23][5, 21, 10, 2, 15][6, 13, 18, 19][8, 26, 0, 12][20, 7, 25, 22][11, 25, 28, 17][16, 27, 29][23, 20, 24][6, 16][0, 19][2, 29][7, 27] 
[4, 24, 14, 1, 3, 9, 23][5, 21, 10, 2, 15][6, 13, 18, 19][8, 26, 0, 12][20, 7, 25, 22][11, 25, 28, 17][16, 27, 29][23, 20, 24][6, 16][0, 19][2, 29][7, 27] 
[4, 24, 14, 1, 3, 9][5, 21, 10, 2, 15][6, 13, 18, 19][20, 7, 25, 22][11, 25, 28, 17][8, 26, 0, 12][16, 27, 29][23, 20, 24][6, 16][7, 27][12, 19][2, 29] 
[4, 24, 14, 1, 3, 9][5, 21, 10, 2, 15][20, 7, 25, 22][11, 25, 28, 17][6, 13, 18, 19][8, 26, 0, 12][23, 20, 24][16, 27, 29][7, 27][6, 16][12, 19][2, 29] 
[4, 24, 14, 1, 3, 9][5, 21, 10, 2, 15][6, 13, 18, 19][20, 7, 25, 22][11, 25, 28, 17][8, 26, 0, 12][16, 27, 29][23, 20, 24][6, 16][7, 27][12, 19][2, 29] 
[4, 24, 14, 1, 3, 9][5, 21, 10, 2, 15][6, 13, 18, 19][20, 7, 25, 22][11, 25, 28, 17][8, 26, 0, 12][16, 27, 29][23, 20, 24][6, 16][2, 29][7, 27][12, 19] 
[4, 24, 14, 1, 3, 9][5, 21, 10, 2, 15][20, 7, 25, 22][11, 25, 28, 17][6, 13, 18, 19][8, 26, 0, 12][16, 27, 29][23, 20, 24][2, 29][7, 27][6, 16][12, 19] 
[4, 24, 14, 1, 3, 9][5, 21, 10, 2, 15][8, 26, 0, 12][6, 13, 18, 19][11, 25, 28, 17][20, 7, 25, 22][23, 20, 24][16, 27, 29][12, 19][0, 28][6, 16][2, 29] 
[4, 24, 14, 1, 3, 9, 23][5, 21, 10, 2, 15][11, 25, 28, 17][20, 7, 25, 22][6, 13, 18, 19][8, 26, 0, 12][23, 20, 24][16, 27, 29][7, 27][6, 16][2, 29][0, 19] 
[4, 24, 14, 1, 3, 9, 23][5, 21, 10, 2, 15][6, 13, 18, 19][8, 26, 0, 12][20, 7, 25, 22][11, 25, 28, 17][16, 27, 29][23, 20, 24][6, 16][0, 19][2, 29][7, 27] 
[4, 24, 14, 1, 3, 9, 23][5, 21, 10, 2, 15][11, 25, 28, 17][20, 7, 25, 22][6, 13, 18, 19][8, 26, 0, 12][23, 20, 24][16, 27, 29][7, 27][6, 16][2, 29][0, 19] 
[4, 24, 14, 1, 3, 9, 23][5, 21, 10, 2, 15][20, 7, 25, 22][11, 25, 28, 17][6, 13, 18, 19][8, 26, 0, 12][23, 20, 24][16, 27, 29][7, 27][2, 29][6, 16][0, 19] 
[4, 24, 14, 1, 3, 9, 23][5, 21, 10, 2, 15][6, 13, 18, 19][20, 7, 25, 22][11, 25, 28, 17][8, 26, 0, 12][16, 27, 29][23, 20, 24][6, 16][7, 27][2, 29][0, 19] 
[4, 24, 14, 1, 3, 9][5, 21, 10, 2, 15][6, 13, 18, 19][8, 26, 0, 12][20, 7, 25, 22][11, 25, 28, 17][16, 27, 29][23, 20, 24][6, 16][2, 29][0, 19][7, 27] 
[4, 24, 14, 1, 3, 9, 23][5, 21, 10, 2, 15][6, 13, 18, 19][8, 26, 0, 12][20, 7, 25, 22][11, 25, 28, 17][16, 27, 29][23, 20, 24][6, 16][2, 29][0, 19][7, 27] 
[4, 24, 14, 1, 3, 9][5, 21, 10, 2, 15][6, 13, 18, 19][8, 26, 0, 12][20, 7, 25, 22][11, 25, 28, 17][16, 27, 29][23, 20, 24][2, 29][6, 16][12, 19][7, 27] 
[4, 24, 14, 1, 3, 9][5, 21, 10, 2, 15][20, 7, 25, 22][11, 25, 28, 17][6, 13, 18, 19][8, 26, 0, 12][16, 27, 29][23, 20, 24][2, 29][7, 27][6, 16][12, 19] 
[4, 24, 14, 1, 3, 9][5, 21, 10, 2, 15][11, 25, 28, 17][20, 7, 25, 22][6, 13, 18, 19][8, 26, 0, 12][23, 20, 24][16, 27, 29][7, 27][6, 16][12, 19][2, 29] 
[4, 24, 14, 1, 3, 9][5, 21, 10, 2, 15][6, 13, 18, 19][8, 26, 0, 12][20, 7, 25, 22][11, 25, 28, 17][16, 27, 29][23, 20, 24][2, 29][6, 16][12, 19][7, 27] 
[4, 24, 14, 1, 3, 9][5, 21, 10, 2, 15][6, 13, 18, 19][20, 7, 25, 22][11, 25, 28, 17][8, 26, 0, 12][16, 27, 29][23, 20, 24][6, 16][2, 29][7, 27][12, 19] 
[4, 24, 14, 1, 3, 9][5, 21, 10, 2, 15][20, 7, 25, 22][11, 25, 28, 17][6, 13, 18, 19][8, 26, 0, 12][23, 20, 24][16, 27, 29][7, 27][6, 16][12, 19][2, 29] 
[4, 24, 14, 1, 3, 9][5, 21, 10, 2, 15][6, 13, 18, 19][20, 7, 25, 22][11, 25, 28, 17][8, 26, 0, 12][16, 27, 29][23, 20, 24][6, 16][2, 29][7, 27][12, 19] 
[4, 24, 14, 1, 3, 9][5, 21, 10, 2, 15][6, 13, 18, 19][20, 7, 25, 22][11, 25, 28, 17][8, 26, 0, 12][16, 27, 29][23, 20, 24][6, 16][2, 29][7, 27][12, 19] 
[4, 24, 14, 1, 3, 9][5, 21, 10, 2, 15][6, 13, 18, 19][20, 7, 25, 22][11, 25, 28, 17][8, 26, 0, 12][16, 27, 29][23, 20, 24][6, 16][2, 29][7, 27][12, 19] 
[4, 24, 14, 1, 3, 9][5, 21, 10, 2, 15][6, 13, 18, 19][20, 7, 25, 22][11, 25, 28, 17][8, 26, 0, 12][16, 27, 29][23, 20, 24][6, 16][2, 29][7, 27][12, 19] 
[4, 24, 14, 1, 3, 9][5, 21, 10, 2, 15][20, 7, 25, 22][11, 25, 28, 17][6, 13, 18, 19][8, 26, 0, 12][16, 27, 29][23, 20, 24][2, 29][7, 27][6, 16][12, 19] 
[4, 24, 14, 1, 3, 9][5, 21, 10, 2, 15][20, 7, 25, 22][11, 25, 28, 17][6, 13, 18, 19][8, 26, 0, 12][16, 27, 29][23, 20, 24][2, 29][7, 27][6, 16][12, 19] 
[4, 24, 14, 1, 3, 9][5, 21, 10, 2, 15][20, 7, 25, 22][11, 25, 28, 17][6, 13, 18, 19][8, 26, 0, 12][16, 27, 29][23, 20, 24][2, 29][7, 27][6, 16][12, 19] 
[4, 24, 14, 1, 3, 9][5, 21, 10, 2, 15][6, 13, 18, 19][20, 7, 25, 22][11, 25, 28, 17][8, 26, 0, 12][16, 27, 29][23, 20, 24][6, 16][2, 29][7, 27][12, 19] 
[4, 24, 14, 1, 3, 9][5, 21, 10, 2, 15][20, 7, 25, 22][11, 25, 28, 17][6, 13, 18, 19][8, 26, 0, 12][16, 27, 29][23, 20, 24][2, 29][7, 27][6, 16][12, 19] 
[2, 29, 10, 15, 5, 21][4, 24, 14, 1, 3, 9][6, 13, 18, 19][20, 7, 25, 22][11, 25, 28, 17][8, 26, 0, 12][16, 27, 29][6, 16][7, 27][20, 23][12, 19][23, 24] 
[2, 29, 10, 15, 5, 21][4, 24, 14, 1, 3, 9][6, 13, 18, 19][20, 7, 25, 22][11, 25, 28, 17][8, 26, 0, 12][16, 27, 29][6, 16][7, 27][20, 23][12, 19][23, 24] 
[2, 29, 10, 15, 5, 21][4, 24, 14, 1, 3, 9][6, 13, 18, 19][20, 7, 25, 22][11, 25, 28, 17][8, 26, 0, 12][16, 27, 29][6, 16][7, 27][20, 23][12, 19][23, 24] 
[2, 29, 10, 15, 5, 21][4, 24, 14, 1, 3, 9][6, 13, 18, 19][20, 7, 25, 22][11, 25, 28, 17][8, 26, 0, 12][16, 27, 29][6, 16][7, 27][20, 23][12, 19][23, 24] 
[2, 29, 10, 15, 5, 21][4, 24, 14, 1, 3, 9][6, 13, 18, 19][20, 7, 25, 22][11, 25, 28, 17][8, 26, 0, 12][16, 27, 29][6, 16][7, 27][20, 23][12, 19][23, 24] 
[4, 24, 14, 1, 3, 9][16, 6, 13, 18, 19][5, 21, 10, 2, 15][20, 7, 25, 22][11, 25, 28, 17][8, 26, 0, 12][23, 20, 24][16, 27, 29][7, 27][6, 16][2, 29][12, 19] 
[4, 24, 14, 1, 3, 9, 23][5, 21, 10, 2, 15][6, 13, 18, 19][8, 26, 0, 12][20, 7, 25, 22][11, 25, 28, 17][16, 27, 29][23, 20, 24][6, 16][2, 29][0, 19][7, 27] 
[4, 24, 14, 1, 3, 9, 23][5, 21, 10, 2, 15][11, 25, 28, 17][20, 7, 25, 22][6, 13, 18, 19][8, 26, 0, 12][23, 20, 24][16, 27, 29][7, 27][6, 16][2, 29][0, 19] 
[4, 24, 14, 1, 3, 9, 23][5, 21, 10, 2, 15][6, 13, 18, 19][8, 26, 0, 12][20, 7, 25, 22][11, 25, 28, 17][16, 27, 29][23, 20, 24][6, 16][0, 19][2, 29][7, 27] 
[4, 24, 14, 1, 3, 9, 23][5, 21, 10, 2, 15][6, 13, 18, 19][8, 26, 0, 12][20, 7, 25, 22][11, 25, 28, 17][16, 27, 29][23, 20, 24][6, 16][2, 29][0, 19][7, 27] 
[4, 24, 14, 1, 3, 9, 23][5, 21, 10, 2, 15][6, 13, 18, 19][8, 26, 0, 12][20, 7, 25, 22][11, 25, 28, 17][16, 27, 29][23, 20, 24][6, 16][2, 29][0, 19][7, 27] 
[4, 24, 14, 1, 3, 9][5, 21, 10, 2, 15][6, 13, 18, 19][20, 7, 25, 22][11, 25, 28, 17][8, 26, 0, 12][16, 27, 29][23, 20, 24][6, 16][2, 29][7, 27][12, 19] 
[4, 24, 14, 1, 3, 9, 23][5, 21, 10, 2, 15][6, 13, 18, 19][8, 26, 0, 12][20, 7, 25, 22][11, 25, 28, 17][16, 27, 29][23, 20, 24][6, 16][2, 29][0, 19][7, 27] 
