[2, 6, 13, 18, 12][26, 8, 19, 17, 28][1, 4, 7, 27, 29][23, 9, 14, 20, 24][5, 21, 10, 15][0, 18, 22][11, 17, 22][16, 28, 25][7, 25][15, 16][3, 11][3, 24] 
[9, 23, 14, 20, 24][26, 8, 19, 17, 28][2, 6, 13, 18, 12][1, 4, 7, 27, 29][5, 21, 10, 15][11, 17, 22][16, 28, 25][0, 18, 22][3, 9][3, 11][15, 16][7, 25] 
[9, 23, 14, 20, 24][26, 8, 19, 17, 28][2, 6, 13, 18, 12][1, 4, 7, 27, 29][5, 21, 10, 15][11, 17, 22][16, 28, 25][0, 18, 22][3, 9][3, 11][15, 16][7, 25] 
[9, 23, 14, 20, 24][26, 8, 19, 17, 28][2, 6, 13, 18, 12][1, 4, 7, 27, 29][5, 21, 10, 15][11, 17, 22][16, 28, 25][0, 18, 22][3, 9][3, 11][15, 16][7, 25] 
[1, 4, 7, 27, 29][26, 8, 19, 17, 28][2, 6, 13, 18, 12][9, 23, 14, 20, 24][5, 21, 10, 15][16, 28, 25][11, 17, 22][0, 18, 22][7, 25][3, 11][15, 16][3, 24] 
[9, 23, 14, 20, 24][26, 8, 19, 17, 28][2, 6, 13, 18, 12][1, 4, 7, 27, 29][5, 21, 10, 15][11, 17, 22][16, 28, 25][0, 18, 22][3, 9][3, 11][15, 16][7, 25] 
[9, 23, 14, 20, 24][26, 8, 19, 17, 28][2, 6, 13, 18, 12][1, 4, 7, 27, 29][5, 21, 10, 15][11, 17, 22][16, 28, 25][0, 18, 22][3, 9][3, 11][15, 16][7, 25] 
[9, 23, 14, 20, 24][26, 8, 19, 17, 28][2, 6, 13, 18, 12][1, 4, 7, 27, 29][5, 21, 10, 15][11, 17, 22][16, 28, 25][0, 18, 22][3, 9][3, 11][15, 16][7, 25] 
[2, 6, 13, 18, 12][26, 8, 19, 17, 28][9, 23, 14, 20, 24][1, 4, 7, 27, 29][5, 21, 10, 15][0, 18, 22][11, 17, 22][16, 28, 25][3, 11][3, 9][7, 25][15, 16] 
[9, 23, 14, 20, 24][26, 8, 19, 17, 28][2, 6, 13, 18, 12][1, 4, 7, 27, 29][5, 21, 10, 15][11, 17, 22][16, 28, 25][0, 18, 22][3, 9][3, 11][15, 16][7, 25] 
[26, 8, 19, 17, 28][2, 6, 13, 18, 12][1, 4, 7, 27, 29][23, 9, 14, 20, 24][5, 21, 10, 15][16, 28, 25][11, 17, 22][0, 18, 22][15, 16][7, 25][3, 11][3, 24] 
[9, 23, 14, 20, 24][26, 8, 19, 17, 28][2, 6, 13, 18, 12][1, 4, 7, 27, 29][5, 21, 10, 15][11, 17, 22][16, 28, 25][0, 18, 22][3, 9][3, 11][7, 25][15, 16] 
[9, 23, 14, 20, 24][26, 8, 19, 17, 28][2, 6, 13, 18, 12][1, 4, 7, 27, 29][5, 21, 10, 15][11, 17, 22][16, 28, 25][0, 18, 22][3, 9][3, 11][15, 16][7, 25] 
[26, 8, 19, 17, 28][2, 6, 13, 18, 12][1, 4, 7, 27, 29][9, 23, 14, 20, 24][5, 21, 10, 15][16, 28, 25][11, 17, 22][0, 18, 22][15, 16][7, 25][3, 11][3, 24] 
[9, 23, 14, 20, 24][26, 8, 19, 17, 28][2, 6, 13, 18, 12][1, 4, 7, 27, 29][5, 21, 10, 15][11, 17, 22][16, 28, 25][0, 18, 22][3, 9][3, 11][15, 16][7, 25] 
[9, 23, 14, 20, 24][26, 8, 19, 17, 28][2, 6, 13, 18, 12][1, 4, 7, 27, 29][5, 21, 10, 15][11, 17, 22][16, 28, 25][0, 18, 22][3, 9][3, 11][15, 16][7, 25] 
[2, 6, 13, 18, 12][26, 8, 19, 17, 28][1, 4, 7, 27, 29][23, 9, 14, 20, 24][5, 21, 10, 15][0, 18, 22][11, 17, 22][16, 28, 25][7, 25][15, 16][3, 11][3, 24] 
[1, 4, 7, 27, 29][26, 8, 19, 17, 28][2, 6, 13, 18, 12][9, 23, 14, 20, 24][5, 21, 10, 15][16, 28, 25][11, 17, 22][0, 18, 22][7, 25][3, 11][3, 9][15, 16] 
[26, 8, 19, 17, 28][2, 6, 13, 18, 12][1, 4, 7, 27, 29][9, 23, 14, 20, 24][5, 21, 10, 15][11, 17, 22][16, 28, 25][0, 18, 22][15, 16][7, 25][3, 11][3, 24] 
[26, 8, 19, 17, 28][2, 6, 13, 18, 12][23, 9, 14, 20, 24][1, 4, 7, 27, 29][5, 21, 10, 15][16, 28, 25][11, 17, 22][0, 18, 22][3, 11][3, 24][15, 16][7, 25] 
[2, 6, 13, 18, 12][26, 8, 19, 17, 28][1, 4, 7, 27, 29][23, 9, 14, 20, 24][5, 21, 10, 15][0, 18, 22][11, 17, 22][16, 28, 25][7, 25][15, 16][3, 11][3, 24] 
[9, 23, 14, 20, 24][26, 8, 19, 17, 28][2, 6, 13, 18, 12][1, 4, 7, 27, 29][5, 21, 10, 15][11, 17, 22][16, 28, 25][0, 18, 22][3, 9][3, 11][15, 16][7, 25] 
[26, 8, 19, 17, 28][2, 6, 13, 18, 12][1, 4, 7, 27, 29][9, 23, 14, 20, 24][5, 21, 10, 15][16, 28, 25][11, 17, 22][0, 18, 22][15, 16][3, 11][7, 25][3, 9] 
[1, 4, 7, 27, 29][26, 8, 19, 17, 28][2, 6, 13, 18, 12][9, 23, 14, 20, 24][5, 21, 10, 15][16, 28, 25][11, 17, 22][0, 18, 22][7, 25][3, 11][15, 16][3, 24] 
[2, 6, 13, 18, 12][26, 8, 19, 17, 28][9, 23, 14, 20, 24][1, 4, 7, 27, 29][5, 21, 10, 15][0, 18, 22][11, 17, 22][16, 28, 25][3, 11][3, 9][7, 25][15, 16] 
[9, 23, 14, 20, 24][26, 8, 19, 17, 28][2, 6, 13, 18, 12][1, 4, 7, 27, 29][5, 21, 10, 15][11, 17, 22][16, 28, 25][0, 18, 22][3, 9][3, 11][15, 16][7, 25] 
[2, 6, 13, 18, 12][26, 8, 19, 17, 28][1, 4, 7, 27, 29][23, 9, 14, 20, 24][5, 21, 10, 15][0, 18, 22][11, 17, 22][16, 28, 25][7, 25][15, 16][3, 11][3, 24] 
[9, 23, 14, 20, 24][26, 8, 19, 17, 28][2, 6, 13, 18, 12][1, 4, 7, 27, 29][5, 21, 10, 15][11, 17, 22][16, 28, 25][0, 18, 22][3, 9][3, 11][15, 16][7, 25] 
[26, 8, 19, 17, 28][2, 6, 13, 18, 12][9, 23, 14, 20, 24][1, 4, 7, 27, 29][5, 21, 10, 15][11, 17, 22][0, 18, 22][16, 28, 25][3, 11][15, 16][3, 24][7, 25] 
[26, 8, 19, 17, 28][2, 6, 13, 18, 12][1, 4, 7, 27, 29][23, 9, 14, 20, 24][5, 21, 10, 15][16, 28, 25][11, 17, 22][0, 18, 22][15, 16][7, 25][3, 11][3, 24] 
[2, 6, 13, 18, 12][26, 8, 19, 17, 28][1, 4, 7, 27, 29][23, 9, 14, 20, 24][5, 21, 10, 15][0, 18, 22][11, 17, 22][16, 28, 25][7, 25][15, 16][3, 11][3, 24] 
[26, 8, 19, 17, 28][2, 6, 13, 18, 12][1, 4, 7, 27, 29][9, 23, 14, 20, 24][5, 21, 10, 15][11, 17, 22][16, 28, 25][0, 18, 22][3, 11][7, 25][15, 16][3, 9] 
[26, 8, 19, 17, 28][2, 6, 13, 18, 12][1, 4, 7, 27, 29][9, 23, 14, 20, 24][5, 21, 10, 15][16, 28, 25][11, 17, 22][0, 18, 22][7, 25][3, 11][15, 16][3, 24] 
[2, 6, 13, 18, 12][26, 8, 19, 17, 28][1, 4, 7, 27, 29][23, 9, 14, 20, 24][5, 21, 10, 15][0, 18, 22][11, 17, 22][16, 28, 25][7, 25][15, 16][3, 11][3, 24] 
[2, 6, 13, 18, 12][26, 8, 19, 17, 28][1, 4, 7, 27, 29][23, 9, 14, 20, 24][5, 21, 10, 15][0, 18, 22][11, 17, 22][16, 28, 25][7, 25][15, 16][3, 11][3, 24] 
[17, 11, 25, 28, 7, 16, 10, 21, 5, 6, 2, 29][11, 14, 9, 23, 4, 1, 3, 24, 20][6, 13, 0, 26, 8, 19][12, 18, 13][10, 15, 27][10, 16][5, 21][8, 26][1, 4][18, 22][10, 16][9, 23] 
[17, 11, 25, 28, 7, 16, 10, 21, 5, 6, 2, 29][11, 14, 9, 23, 4, 1, 3, 24, 20][6, 13, 0, 26, 8, 19][12, 18, 13][10, 15, 27][10, 16][5, 21][8, 26][1, 4][18, 22][10, 16][9, 23] 
[17, 11, 25, 28, 7, 16, 10, 21, 5, 6, 2, 29][11, 14, 9, 23, 4, 1, 3, 24, 20][6, 13, 0, 26, 8, 19][12, 18, 13][10, 15, 27][10, 16][5, 21][8, 26][1, 4][18, 22][10, 16][9, 23] 
[17, 11, 25, 28, 7, 16, 10, 21, 5, 6, 2, 29, 27][4, 1, 9, 23, 14, 7][6, 13, 0, 26, 8, 19][1, 3, 24, 20][12, 18, 13][10, 16][5, 21][8, 26][18, 22][10, 15][10, 16][9, 23] 
[17, 11, 25, 28, 7, 16, 10, 21, 5, 6, 2, 29, 27][4, 1, 9, 23, 14, 7][6, 13, 0, 26, 8, 19][1, 3, 24, 20][12, 18, 13][10, 16][5, 21][8, 26][18, 22][10, 15][10, 16][9, 23] 
[17, 11, 25, 28, 7, 16, 10, 21, 5, 6, 2, 29][14, 9, 23, 4, 1, 3, 24, 20][6, 13, 0, 26, 8, 19][12, 18, 13][18, 22][8, 26][10, 15][3, 24][10, 16][15, 27][3, 11][8, 26] 
[17, 11, 25, 28, 7, 16, 10, 21, 5, 6, 2, 29][11, 14, 9, 23, 4, 1, 3, 24, 20][6, 13, 0, 26, 8, 19][12, 18, 13][10, 15, 27][10, 16][5, 21][8, 26][1, 4][18, 22][10, 16][9, 23] 
[17, 11, 25, 28, 7, 16, 10, 21, 5, 6, 2, 29][11, 14, 9, 23, 4, 1, 3, 24, 20][6, 13, 0, 26, 8, 19][12, 18, 13][10, 15, 27][10, 16][5, 21][8, 26][1, 4][18, 22][10, 16][9, 23] 
[17, 11, 25, 28, 7, 16, 10, 21, 5, 6, 2, 29, 27][4, 1, 9, 23, 14, 7][6, 13, 0, 26, 8, 19][1, 3, 24, 20][12, 18, 13][10, 16][5, 21][8, 26][18, 22][10, 15][10, 16][9, 23] 
[17, 11, 25, 28, 7, 16, 10, 21, 5, 6, 2, 29][11, 14, 9, 23, 4, 1, 3, 24, 20][6, 13, 0, 26, 8, 19][12, 18, 13][10, 15, 27][10, 16][5, 21][8, 26][1, 4][18, 22][10, 16][9, 23] 
[17, 11, 25, 28, 7, 16, 10, 21, 5, 6, 2, 29][11, 14, 9, 23, 4, 1, 3, 24, 20][6, 13, 0, 26, 8, 19][12, 18, 13][10, 15, 27][10, 16][5, 21][8, 26][1, 4][18, 22][10, 16][9, 23] 
[17, 11, 25, 28, 7, 16, 10, 21, 5, 6, 2, 29][11, 14, 9, 23, 4, 1, 3, 24, 20][6, 13, 0, 26, 8, 19][12, 18, 13][10, 15, 27][10, 16][5, 21][8, 26][1, 4][18, 22][10, 16][9, 23] 
[17, 11, 25, 28, 7, 16, 10, 21, 5, 6, 2, 29, 27][4, 1, 9, 23, 14, 7][6, 13, 0, 26, 8, 19][1, 3, 24, 20][12, 18, 13][10, 15, 29][10, 16][5, 21][8, 26][18, 22][10, 16][9, 23] 
[17, 11, 25, 28, 7, 16, 10, 21, 5, 6, 2, 29][11, 14, 9, 23, 4, 1, 3, 24, 20][6, 13, 0, 26, 8, 19][12, 18, 13][10, 15, 27][10, 16][5, 21][8, 26][1, 4][18, 22][10, 16][9, 23] 
[17, 11, 25, 28, 7, 16, 10, 21, 5, 6, 2, 29][11, 14, 9, 23, 4, 1, 3, 24, 20][6, 13, 0, 26, 8, 19][12, 18, 13][10, 15, 27][10, 16][5, 21][8, 26][1, 4][18, 22][10, 16][9, 23] 
[17, 11, 25, 28, 7, 16, 10, 21, 5, 6, 2, 29][11, 14, 9, 23, 4, 1, 3, 24, 20][6, 13, 0, 26, 8, 19][12, 18, 13][10, 15, 27][10, 16][5, 21][8, 26][1, 4][18, 22][10, 16][9, 23] 
[17, 11, 25, 28, 7, 16, 10, 21, 5, 6, 2, 29][11, 14, 9, 23, 4, 1, 3, 24, 20][6, 13, 0, 26, 8, 19][12, 18, 13][10, 15, 27][10, 16][5, 21][8, 26][1, 4][18, 22][10, 16][9, 23] 
[17, 11, 25, 28, 7, 16, 10, 21, 5, 6, 2, 29][11, 14, 9, 23, 4, 1, 3, 24, 20][6, 13, 0, 26, 8, 19][12, 18, 13][10, 15, 27][10, 16][5, 21][8, 26][1, 4][18, 22][10, 16][9, 23] 
[17, 11, 25, 28, 7, 16, 10, 21, 5, 6, 2, 29][11, 14, 9, 23, 4, 1, 3, 24, 20][6, 13, 0, 26, 8, 19][12, 18, 13][10, 15, 27][10, 16][5, 21][8, 26][1, 4][18, 22][10, 16][9, 23] 
[17, 11, 25, 28, 7, 16, 10, 21, 5, 6, 2, 29][11, 14, 9, 23, 4, 1, 3, 24, 20][6, 13, 0, 26, 8, 19][12, 18, 13][10, 15, 27][10, 16][5, 21][8, 26][1, 4][18, 22][10, 16][9, 23] 
[17, 11, 25, 28, 7, 16, 10, 21, 5, 6, 2, 29, 27][11, 14, 9, 23, 4, 1, 3, 24, 20][6, 13, 0, 26, 8, 19][12, 18, 13][10, 16][5, 21][8, 26][1, 4][18, 22][10, 15][10, 16][9, 23] 
[9, 23, 14, 20, 24][26, 8, 19, 17, 28][2, 6, 13, 18, 12][1, 4, 7, 27, 29][5, 21, 10, 15][11, 17, 22][0, 18, 22][16, 28, 25][3, 24][3, 11][7, 25][15, 16] 
[26, 8, 19, 17, 28][2, 6, 13, 18, 12][1, 4, 7, 27, 29][9, 23, 14, 20, 24][5, 21, 10, 15][16, 28, 25][11, 17, 22][0, 18, 22][7, 25][3, 11][15, 16][3, 24] 
[26, 8, 19, 17, 28][2, 6, 13, 18, 12][1, 4, 7, 27, 29][9, 23, 14, 20, 24][5, 21, 10, 15][16, 28, 25][11, 17, 22][0, 18, 22][7, 25][3, 11][15, 16][3, 24] 
[9, 23, 14, 20, 24][26, 8, 19, 17, 28][2, 6, 13, 18, 12][1, 4, 7, 27, 29][5, 21, 10, 15][11, 17, 22][0, 18, 22][16, 28, 25][3, 24][3, 11][7, 25][15, 16] 
[2, 6, 13, 18, 12][26, 8, 19, 17, 28][1, 4, 7, 27, 29][9, 23, 14, 20, 24][5, 21, 10, 15][0, 18, 22][11, 17, 22][16, 28, 25][3, 11][15, 16][7, 25][3, 24] 
[26, 8, 19, 17, 28][2, 6, 13, 18, 12][9, 23, 14, 20, 24][1, 4, 7, 27, 29][5, 21, 10, 15][16, 28, 25][11, 17, 22][0, 18, 22][15, 16][3, 11][3, 24][7, 25] 
[9, 23, 14, 20, 24][26, 8, 19, 17, 28][2, 6, 13, 18, 12][1, 4, 7, 27, 29][5, 21, 10, 15][11, 17, 22][0, 18, 22][16, 28, 25][3, 24][3, 11][7, 25][15, 16] 
[26, 8, 19, 17, 28][2, 6, 13, 18, 12][1, 4, 7, 27, 29][9, 23, 14, 20, 24][5, 21, 10, 15][16, 28, 25][11, 17, 22][0, 18, 22][7, 25][3, 11][15, 16][3, 24] 
[26, 8, 19, 17, 28][2, 6, 13, 18, 12][1, 4, 7, 27, 29][9, 23, 14, 20, 24][5, 21, 10, 15][16, 28, 25][11, 17, 22][0, 18, 22][15, 16][7, 25][3, 11][3, 24] 
[26, 8, 19, 17, 28][2, 6, 13, 18, 12][1, 4, 7, 27, 29][9, 23, 14, 20, 24][5, 21, 10, 15][11, 17, 22][16, 28, 25][0, 18, 22][15, 16][7, 25][3, 11][3, 24] 
[26, 8, 19, 17, 28][2, 6, 13, 18, 12][1, 4, 7, 27, 29][9, 23, 14, 20, 24][5, 21, 10, 15][16, 28, 25][11, 17, 22][0, 18, 22][7, 25][3, 11][15, 16][3, 24] 
[26, 8, 19, 17, 28][2, 6, 13, 18, 12][1, 4, 7, 27, 29][9, 23, 14, 20, 24][5, 21, 10, 15][16, 28, 25][11, 17, 22][0, 18, 22][7, 25][3, 11][15, 16][3, 24] 
[26, 8, 19, 17, 28][2, 6, 13, 18, 12][9, 23, 14, 20, 24][1, 4, 7, 27, 29][5, 21, 10, 15][16, 28, 25][11, 17, 22][0, 18, 22][15, 16][3, 11][3, 24][7, 25] 
[26, 8, 19, 17, 28][2, 6, 13, 18, 12][1, 4, 7, 27, 29][9, 23, 14, 20, 24][5, 21, 10, 15][11, 17, 22][16, 28, 25][0, 18, 22][15, 16][7, 25][3, 11][3, 24] 
[26, 8, 19, 17, 28][2, 6, 13, 18, 12][1, 4, 7, 27, 29][9, 23, 14, 20, 24][5, 21, 10, 15][16, 28, 25][11, 17, 22][0, 18, 22][7, 25][3, 11][15, 16][3, 24] 
[2, 6, 13, 18, 12][26, 8, 19, 17, 28][1, 4, 7, 27, 29][23, 9, 14, 20, 24][5, 21, 10, 15][0, 18, 22][11, 17, 22][16, 28, 25][7, 25][15, 16][3, 11][3, 24] 
[2, 6, 13, 18, 12][26, 8, 19, 17, 28][1, 4, 7, 27, 29][23, 9, 14, 20, 24][5, 21, 10, 15][0, 18, 22][11, 17, 22][16, 28, 25][7, 25][15, 16][3, 11][3, 24] 
[2, 6, 13, 18, 12][26, 8, 19, 17, 28][1, 4, 7, 27, 29][23, 9, 14, 20, 24][5, 21, 10, 15][0, 18, 22][11, 17, 22][16, 28, 25][7, 25][15, 16][3, 11][3, 24] 
[2, 6, 13, 18, 12][26, 8, 19, 17, 28][1, 4, 7, 27, 29][23, 9, 14, 20, 24][5, 21, 10, 15][0, 18, 22][11, 17, 22][16, 28, 25][7, 25][15, 16][3, 11][3, 24] 
[2, 6, 13, 18, 12][26, 8, 19, 17, 28][1, 4, 7, 27, 29][23, 9, 14, 20, 24][5, 21, 10, 15][0, 18, 22][11, 17, 22][16, 28, 25][7, 25][15, 16][3, 11][3, 24] 
[26, 8, 19, 17, 28][2, 6, 13, 18, 12][1, 4, 7, 27, 29][9, 23, 14, 20, 24][5, 21, 10, 15][0, 22, 17, 11][16, 28, 25][15, 16][3, 11][18, 22][7, 25][3, 24] 
[26, 8, 19, 17, 28][2, 6, 13, 18, 12][1, 4, 7, 27, 29][9, 23, 14, 20, 24][5, 21, 10, 15][16, 28, 25][11, 17, 22][0, 18, 22][7, 25][3, 11][15, 16][3, 24] 
[26, 8, 19, 17, 28][2, 6, 13, 18, 12][1, 4, 7, 27, 29][9, 23, 14, 20, 24][5, 21, 10, 15][16, 28, 25][11, 17, 22][0, 18, 22][7, 25][3, 11][15, 16][3, 24] 
[26, 8, 19, 17, 28][2, 6, 13, 18, 12][9, 23, 14, 20, 24][1, 4, 7, 27, 29][5, 21, 10, 15][11, 17, 22][0, 18, 22][16, 28, 25][3, 11][15, 16][3, 24][7, 25] 
[9, 23, 14, 20, 24][26, 8, 19, 17, 28][2, 6, 13, 18, 12][1, 4, 7, 27, 29][5, 21, 10, 15][11, 17, 22][0, 18, 22][16, 28, 25][3, 24][3, 11][7, 25][15, 16] 
[26, 8, 19, 17, 28][2, 6, 13, 18, 12][1, 4, 7, 27, 29][9, 23, 14, 20, 24][5, 21, 10, 15][16, 28, 25][11, 17, 22][0, 18, 22][7, 25][3, 11][15, 16][3, 24] 
[9, 23, 14, 20, 24][26, 8, 19, 17, 28][2, 6, 13, 18, 12][1, 4, 7, 27, 29][5, 21, 10, 15][11, 17, 22][0, 18, 22][16, 28, 25][3, 24][3, 11][7, 25][15, 16] 
[26, 8, 19, 17, 28][2, 6, 13, 18, 12][1, 4, 7, 27, 29][9, 23, 14, 20, 24][5, 21, 10, 15][16, 28, 25][11, 17, 22][0, 18, 22][15, 16][7, 25][3, 11][3, 24] 
[2, 6, 13, 18, 12][26, 8, 19, 17, 28][1, 4, 7, 27, 29][23, 9, 14, 20, 24][5, 21, 10, 15][0, 18, 22][11, 17, 22][16, 28, 25][7, 25][15, 16][3, 11][3, 24] 
[2, 6, 13, 18, 12][26, 8, 19, 17, 28][1, 4, 7, 27, 29][23, 9, 14, 20, 24][5, 21, 10, 15][0, 18, 22][11, 17, 22][16, 28, 25][7, 25][15, 16][3, 11][3, 24] 
[2, 6, 13, 18, 12][26, 8, 19, 17, 28][1, 4, 7, 27, 29][23, 9, 14, 20, 24][5, 21, 10, 15][0, 18, 22][11, 17, 22][16, 28, 25][7, 25][15, 16][3, 11][3, 24] 
[2, 6, 13, 18, 12][26, 8, 19, 17, 28][1, 4, 7, 27, 29][23, 9, 14, 20, 24][5, 21, 10, 15][0, 18, 22][11, 17, 22][16, 28, 25][7, 25][15, 16][3, 11][3, 24] 
[2, 6, 13, 18, 12][26, 8, 19, 17, 28][1, 4, 7, 27, 29][23, 9, 14, 20, 24][5, 21, 10, 15][0, 18, 22][11, 17, 22][16, 28, 25][7, 25][15, 16][3, 11][3, 24] 
[2, 6, 13, 18, 12][26, 8, 19, 17, 28][1, 4, 7, 27, 29][23, 9, 14, 20, 24][5, 21, 10, 15][0, 18, 22][11, 17, 22][16, 28, 25][7, 25][15, 16][3, 11][3, 24] 
[2, 6, 13, 18, 12][26, 8, 19, 17, 28][1, 4, 7, 27, 29][23, 9, 14, 20, 24][5, 21, 10, 15][0, 18, 22][11, 17, 22][16, 28, 25][7, 25][15, 16][3, 11][3, 24] 
[2, 6, 13, 18, 12][26, 8, 19, 17, 28][1, 4, 7, 27, 29][23, 9, 14, 20, 24][5, 21, 10, 15][0, 18, 22][11, 17, 22][16, 28, 25][7, 25][15, 16][3, 11][3, 24] 
[2, 6, 13, 18, 12][26, 8, 19, 17, 28][1, 4, 7, 27, 29][23, 9, 14, 20, 24][5, 21, 10, 15][0, 18, 22][11, 17, 22][16, 28, 25][7, 25][15, 16][3, 11][3, 24] 
[2, 6, 13, 18, 12][26, 8, 19, 17, 28][1, 4, 7, 27, 29][23, 9, 14, 20, 24][5, 21, 10, 15][0, 18, 22][11, 17, 22][16, 28, 25][7, 25][15, 16][3, 11][3, 24] 
[2, 6, 13, 18, 12][26, 8, 19, 17, 28][1, 4, 7, 27, 29][23, 9, 14, 20, 24][5, 21, 10, 15][0, 18, 22][11, 17, 22][16, 28, 25][15, 16][7, 25][3, 11][3, 24] 
[2, 6, 13, 18, 12][26, 8, 19, 17, 28][1, 4, 7, 27, 29][23, 9, 14, 20, 24][5, 21, 10, 15][0, 18, 22][11, 17, 22][16, 28, 25][7, 25][15, 16][3, 11][3, 24] 
[2, 6, 13, 18, 12][26, 8, 19, 17, 28][1, 4, 7, 27, 29][23, 9, 14, 20, 24][5, 21, 10, 15][0, 18, 22][11, 17, 22][16, 28, 25][7, 25][15, 16][3, 11][3, 24] 
[2, 6, 13, 18, 12][26, 8, 19, 17, 28][1, 4, 7, 27, 29][23, 9, 14, 20, 24][5, 21, 10, 15][0, 18, 22][11, 17, 22][16, 28, 25][7, 25][15, 16][3, 11][3, 24] 
[2, 6, 13, 18, 12][26, 8, 19, 17, 28][1, 4, 7, 27, 29][23, 9, 14, 20, 24][5, 21, 10, 15][0, 18, 22][11, 17, 22][16, 28, 25][7, 25][15, 16][3, 11][3, 24] 
[2, 6, 13, 18, 12][26, 8, 19, 17, 28][1, 4, 7, 27, 29][23, 9, 14, 20, 24][5, 21, 10, 15][0, 18, 22][11, 17, 22][16, 28, 25][11, 3, 24][7, 25][15, 16][3, 11] 
[26, 8, 19, 17, 28][2, 6, 13, 18, 12][1, 4, 7, 27, 29][9, 23, 14, 20, 24][3, 11, 17, 22][5, 21, 10, 15][16, 28, 25][0, 18, 22][7, 25][3, 11][15, 16][3, 24] 
[26, 8, 19, 17, 28][2, 6, 13, 18, 12][1, 4, 7, 27, 29][23, 9, 14, 20, 24][5, 21, 10, 15][16, 28, 25][11, 17, 22][0, 18, 22][11, 3, 24][15, 16][7, 25][3, 11] 
[2, 6, 13, 18, 12][26, 8, 19, 17, 28][1, 4, 7, 27, 29][23, 9, 14, 20, 24][5, 21, 10, 15][0, 18, 22][11, 17, 22][16, 28, 25][11, 3, 24][7, 25][15, 16][3, 11] 
[26, 8, 19, 17, 28][2, 6, 13, 18, 12][1, 4, 7, 27, 29][9, 23, 14, 20, 24][3, 11, 17, 22][5, 21, 10, 15][16, 28, 25][0, 18, 22][7, 25][3, 11][15, 16][3, 24] 
[11, 3, 24, 20, 14, 9, 23][1, 4, 7, 27, 29][26, 8, 19, 17, 28][2, 6, 13, 18, 12][5, 21, 10, 15][16, 28, 25][17, 0, 22][7, 25][15, 16][18, 22][3, 4][9, 14] 
[9, 23, 14, 20, 24][26, 8, 19, 17, 28][2, 6, 13, 18, 12][1, 4, 7, 27, 29][5, 21, 10, 15][11, 17, 22][0, 18, 22][16, 28, 25][3, 24][3, 11][7, 25][15, 16] 
[26, 8, 19, 17, 28][2, 6, 13, 18, 12][1, 4, 7, 27, 29][9, 23, 14, 20, 24][5, 21, 10, 15][16, 28, 25][11, 17, 22][0, 18, 22][7, 25][3, 11][15, 16][3, 24] 
[26, 8, 19, 17, 28][2, 6, 13, 18, 12][9, 23, 14, 20, 24][1, 4, 7, 27, 29][5, 21, 10, 15][11, 17, 22][0, 18, 22][16, 28, 25][3, 11][15, 16][3, 24][7, 25] 
[26, 8, 19, 17, 28][2, 6, 13, 18, 12][1, 4, 7, 27, 29][9, 23, 14, 20, 24][5, 21, 10, 15][16, 28, 25][11, 17, 22][0, 18, 22][7, 25][3, 11][15, 16][3, 24] 
[2, 6, 13, 18, 12][26, 8, 19, 17, 28][1, 4, 7, 27, 29][9, 23, 14, 20, 24][5, 21, 10, 15][0, 18, 22][11, 17, 22][16, 28, 25][3, 11][15, 16][7, 25][3, 24] 
[2, 6, 13, 18, 12][26, 8, 19, 17, 28][1, 4, 7, 27, 29][23, 9, 14, 20, 24][5, 21, 10, 15][0, 18, 22][11, 17, 22][16, 28, 25][7, 25][15, 16][3, 11][3, 24] 
[9, 23, 14, 20, 24][26, 8, 19, 17, 28][2, 6, 13, 18, 12][1, 4, 7, 27, 29][5, 21, 10, 15][11, 17, 22][0, 18, 22][16, 28, 25][3, 24][3, 11][7, 25][15, 16] 
