[4, 1, 9, 23, 20, 14][5, 21, 10, 27, 7][24, 3, 11, 25][6, 13, 0, 22][19, 12, 8, 26][16, 15, 2, 29][18, 0, 26][18, 17, 28][7, 20][1, 3][22, 25][6, 15] 
[4, 1, 9, 23, 20, 14][5, 21, 10, 27, 7][24, 3, 11, 25][6, 13, 0, 22][19, 12, 8, 26][16, 15, 2, 29][22, 17, 28][18, 0, 26][1, 3][7, 20][25, 28][6, 15] 
[4, 1, 9, 23, 20, 14][5, 21, 10, 27, 7][16, 15, 2, 29][6, 13, 0, 22][24, 3, 11, 25][19, 12, 8, 26][22, 17, 28][18, 0, 26][6, 15][25, 28][1, 3][7, 20] 
[4, 1, 9, 23, 20, 14][5, 21, 10, 27, 7][24, 3, 11, 25][6, 13, 0, 22][19, 12, 8, 26][16, 15, 2, 29][22, 17, 28][18, 0, 26][25, 28][1, 3][6, 15][7, 20] 
[4, 1, 9, 23, 20, 14][5, 21, 10, 27, 7][19, 12, 8, 26][6, 13, 0, 22][16, 15, 2, 29][24, 3, 11, 25][18, 0, 26][18, 17, 28][6, 15][25, 28][1, 3][7, 20] 
[4, 1, 9, 23, 20, 14][5, 21, 10, 27, 7][19, 12, 8, 26][6, 13, 0, 22][16, 15, 2, 29][24, 3, 11, 25][18, 0, 26][18, 17, 28][6, 15][25, 28][1, 3][7, 20] 
[4, 1, 9, 23, 20, 14][5, 21, 10, 27, 7][24, 3, 11, 25][6, 13, 0, 22][19, 12, 8, 26][16, 15, 2, 29][18, 17, 28][18, 0, 26][7, 20][1, 3][25, 28][6, 15] 
[4, 1, 9, 23, 20, 14][22, 25, 11, 3, 24][5, 21, 10, 27, 7][19, 12, 8, 26][16, 15, 2, 29][18, 17, 28][18, 0, 26][0, 13, 6][25, 28][1, 3][7, 20][6, 15] 
[4, 1, 9, 23, 20, 14][22, 25, 11, 3, 24][5, 21, 10, 27, 7][19, 12, 8, 26][16, 15, 2, 29][18, 17, 28][18, 0, 26][0, 13, 6][25, 28][1, 3][7, 20][6, 15] 
[4, 1, 9, 23, 20, 14][5, 21, 10, 27, 7][22, 25, 11, 3, 24][19, 12, 8, 26][16, 15, 2, 29][18, 17, 28][18, 0, 26][0, 13, 6][7, 20][1, 3][25, 28][6, 15] 
[4, 1, 9, 23, 20, 14][5, 21, 10, 27, 7][6, 13, 0, 22][19, 12, 8, 26][16, 15, 2, 29][24, 3, 11, 25][18, 0, 26][18, 17, 28][7, 20][1, 3][22, 25][6, 15] 
[4, 1, 9, 23, 20, 14][5, 21, 10, 27, 7][24, 3, 11, 25][6, 13, 0, 22][19, 12, 8, 26][16, 15, 2, 29][22, 17, 28][18, 0, 26][25, 28][1, 3][6, 15][7, 20] 
[4, 1, 9, 23, 20, 14][5, 21, 10, 27, 7][6, 13, 0, 22][24, 3, 11, 25][16, 15, 2, 29][19, 12, 8, 26][22, 17, 28][18, 0, 26][25, 28][1, 3][6, 15][7, 20] 
[4, 1, 9, 23, 20, 14][5, 21, 10, 27, 7][24, 3, 11, 25][6, 13, 0, 22][19, 12, 8, 26][16, 15, 2, 29][18, 17, 28][18, 0, 26][1, 3][25, 28][6, 15][7, 20] 
[4, 1, 9, 23, 20, 14][5, 21, 10, 27, 7][24, 3, 11, 25][19, 12, 8, 26][6, 13, 0, 22][16, 15, 2, 29][18, 17, 28][18, 0, 26][1, 3][25, 28][6, 15][7, 20] 
[4, 1, 9, 23, 20, 14][22, 25, 11, 3, 24][5, 21, 10, 27, 7][19, 12, 8, 26][16, 15, 2, 29][18, 17, 28][18, 0, 26][0, 13, 6][25, 28][1, 3][7, 20][6, 15] 
[4, 1, 9, 23, 20, 14][5, 21, 10, 27, 7][6, 13, 0, 22][19, 12, 8, 26][16, 15, 2, 29][24, 3, 11, 25][18, 0, 26][18, 17, 28][7, 20][1, 3][22, 25][6, 15] 
[4, 1, 9, 23, 20, 14][5, 21, 10, 27, 7][6, 13, 0, 22][19, 12, 8, 26][16, 15, 2, 29][24, 3, 11, 25][18, 0, 26][22, 17, 28][6, 15][25, 28][1, 3][7, 20] 
[4, 1, 9, 23, 20, 14][5, 21, 10, 27, 7][24, 3, 11, 25][19, 12, 8, 26][6, 13, 0, 22][16, 15, 2, 29][18, 17, 28][18, 0, 26][1, 3][25, 28][6, 15][7, 20] 
[4, 1, 9, 23, 20, 14][5, 21, 10, 27, 7][6, 13, 0, 22][19, 12, 8, 26][16, 15, 2, 29][24, 3, 11, 25][18, 0, 26][18, 17, 28][7, 20][1, 3][22, 25][6, 15] 
[4, 1, 9, 23, 20, 14][5, 21, 10, 27, 7][6, 13, 0, 22][19, 12, 8, 26][16, 15, 2, 29][24, 3, 11, 25][18, 0, 26][18, 17, 28][7, 20][1, 3][22, 25][6, 15] 
[4, 1, 9, 23, 20, 14][5, 21, 10, 27, 7][24, 3, 11, 25][6, 13, 0, 22][19, 12, 8, 26][16, 15, 2, 29][22, 17, 28][18, 0, 26][25, 28][1, 3][6, 15][7, 20] 
[4, 1, 9, 23, 20, 14][5, 21, 10, 27, 7][16, 15, 2, 29][6, 13, 0, 22][24, 3, 11, 25][19, 12, 8, 26][22, 17, 28][18, 0, 26][6, 15][25, 28][1, 3][7, 20] 
[4, 1, 9, 23, 20, 14][5, 21, 10, 27, 7][19, 12, 8, 26][6, 13, 0, 22][16, 15, 2, 29][24, 3, 11, 25][18, 0, 26][18, 17, 28][6, 15][25, 28][1, 3][7, 20] 
[4, 1, 9, 23, 20, 14][5, 21, 10, 27, 7][24, 3, 11, 25][6, 13, 0, 22][19, 12, 8, 26][16, 15, 2, 29][18, 17, 28][18, 0, 26][7, 20][1, 3][25, 28][6, 15] 
[4, 1, 9, 23, 20, 14][22, 25, 11, 3, 24][5, 21, 10, 27, 7][19, 12, 8, 26][16, 15, 2, 29][18, 17, 28][18, 0, 26][0, 13, 6][25, 28][1, 3][7, 20][6, 15] 
[4, 1, 9, 23, 20, 14][5, 21, 10, 27, 7][6, 13, 0, 22][19, 12, 8, 26][16, 15, 2, 29][24, 3, 11, 25][18, 0, 26][18, 17, 28][7, 20][1, 3][22, 25][6, 15] 
[4, 1, 9, 23, 20, 14][5, 21, 10, 27, 7][6, 13, 0, 22][24, 3, 11, 25][16, 15, 2, 29][19, 12, 8, 26][22, 17, 28][18, 0, 26][25, 28][1, 3][6, 15][7, 20] 
[4, 1, 9, 23, 20, 14][5, 21, 10, 27, 7][24, 3, 11, 25][6, 13, 0, 22][19, 12, 8, 26][16, 15, 2, 29][18, 17, 28][18, 0, 26][1, 3][25, 28][6, 15][7, 20] 
[4, 1, 9, 23, 20, 14][5, 21, 10, 27, 7][6, 13, 0, 22][19, 12, 8, 26][16, 15, 2, 29][24, 3, 11, 25][18, 0, 26][18, 17, 28][7, 20][1, 3][22, 25][6, 15] 
[4, 1, 9, 23, 20, 14][5, 21, 10, 27, 7][6, 13, 0, 22][19, 12, 8, 26][16, 15, 2, 29][24, 3, 11, 25][18, 0, 26][18, 17, 28][7, 20][1, 3][22, 25][6, 15] 
[4, 1, 9, 23, 20, 14][5, 21, 10, 27, 7][6, 13, 0, 22][24, 3, 11, 25][16, 15, 2, 29][19, 12, 8, 26][22, 17, 28][18, 0, 26][25, 28][1, 3][6, 15][7, 20] 
[4, 1, 9, 23, 20, 14][5, 21, 10, 27, 7][24, 3, 11, 25][19, 12, 8, 26][6, 13, 0, 22][16, 15, 2, 29][18, 17, 28][18, 0, 26][7, 20][1, 3][25, 28][6, 15] 
[4, 1, 9, 23, 20, 14][5, 21, 10, 27, 7][6, 13, 0, 22][19, 12, 8, 26][16, 15, 2, 29][24, 3, 11, 25][18, 0, 26][18, 17, 28][7, 20][1, 3][22, 25][6, 15] 
[4, 1, 9, 23, 20, 14][5, 21, 10, 27, 7][6, 13, 0, 22][19, 12, 8, 26][16, 15, 2, 29][24, 3, 11, 25][18, 0, 26][18, 17, 28][7, 20][1, 3][22, 25][6, 15] 
[6, 13, 18, 12, 22, 17, 19, 8, 26, 0, 25, 28][9, 23, 24, 4, 3, 14, 20, 7, 25, 11][10, 27, 29, 2, 21, 5, 15, 16, 28][1, 3][15, 16][2, 29][12, 18][15, 16][15, 16][15, 16][15, 16][15, 16] 
[6, 13, 18, 12, 22, 17, 19, 8, 26, 0, 25, 28][9, 23, 24, 4, 3, 14, 20, 7, 25, 11][10, 27, 29, 2, 21, 5, 15, 16, 28][3, 1, 24, 23, 9][15, 16][2, 29][12, 18][15, 16][15, 16][15, 16][15, 16][15, 16] 
[6, 13, 18, 12, 22, 17, 19, 8, 26, 0, 25, 28][9, 23, 24, 4, 3, 14, 20, 7, 25, 11][10, 27, 29, 2, 21, 5, 15, 16, 28][1, 3][15, 16][2, 29][12, 18][15, 16][15, 16][15, 16][15, 16][15, 16] 
[9, 23, 24, 4, 3, 14, 20, 7, 25, 11, 17, 18, 12, 19, 22][0, 13, 6, 10, 27, 29, 2, 21, 5, 15, 16, 28][19, 8, 26][1, 3][25, 28][12, 18][15, 16][15, 16][2, 29][15, 16][15, 16][12, 18] 
[9, 23, 24, 4, 3, 14, 20, 7, 25, 11, 17, 18, 12, 19, 22][0, 13, 6, 10, 27, 29, 2, 21, 5, 15, 16, 28][19, 8, 26][1, 3][25, 28][12, 18][15, 16][15, 16][2, 29][15, 16][15, 16][12, 18] 
[9, 23, 24, 4, 3, 14, 20, 7, 25, 11, 17, 18, 12, 19][22, 0, 13, 6, 10, 27, 29, 2, 21, 5, 15, 16, 28][0, 26, 8][7, 27][1, 3][12, 18][2, 29][15, 16][12, 18][2, 29][12, 18][14, 20] 
[6, 13, 18, 12, 22, 17, 19, 8, 26, 0, 25, 28][13, 6, 10, 27, 29, 2, 21, 5, 15, 16, 28][9, 23, 24, 4, 3, 14, 20, 7, 25, 11][6, 13, 18, 12][2, 29][15, 16][12, 18][8, 26][1, 3][15, 16][14, 20][15, 16] 
[9, 23, 24, 4, 3, 14, 20, 7, 25, 11, 17, 18, 12, 19, 22][0, 13, 6, 10, 27, 29, 2, 21, 5, 15, 16, 28][6, 13, 18, 12, 22, 17, 19, 8, 26, 0, 25, 28][19, 8, 26][2, 29][15, 16][12, 18][1, 3][12, 18][15, 16][14, 20][15, 16] 
[9, 23, 24, 4, 3, 14, 20, 7, 25, 11, 17, 18, 12, 19, 22][0, 13, 6, 10, 27, 29, 2, 21, 5, 15, 16, 28][19, 8, 26][1, 3][25, 28][12, 18][15, 16][15, 16][2, 29][15, 16][15, 16][12, 18] 
[6, 13, 18, 12, 22, 17, 19, 8, 26, 0, 25, 28][13, 6, 10, 27, 29, 2, 21, 5, 15, 16, 28][9, 23, 24, 4, 3, 14, 20, 7, 25, 11][6, 13, 18, 12][2, 29][15, 16][12, 18][8, 26][1, 3][15, 16][14, 20][15, 16] 
[6, 13, 18, 12, 22, 17, 19, 8, 26, 0, 25, 28][9, 23, 24, 4, 3, 14, 20, 7, 25, 11][10, 27, 29, 2, 21, 5, 15, 16, 28][1, 3][15, 16][2, 29][12, 18][15, 16][15, 16][15, 16][15, 16][15, 16] 
[6, 13, 18, 12, 22, 17, 19, 8, 26, 0, 25, 28][9, 23, 24, 4, 3, 14, 20, 7, 25, 11][10, 27, 29, 2, 21, 5, 15, 16, 28][3, 1, 24, 23, 9][15, 16][2, 29][12, 18][15, 16][15, 16][15, 16][15, 16][15, 16] 
[9, 23, 24, 4, 3, 14, 20, 7, 25, 11, 17, 18, 12, 19, 22][0, 13, 6, 10, 27, 29, 2, 21, 5, 15, 16, 28][19, 8, 26][1, 3][25, 28][12, 18][15, 16][15, 16][2, 29][15, 16][15, 16][12, 18] 
[6, 13, 18, 12, 22, 17, 19, 8, 26, 0, 25, 28][9, 23, 24, 4, 3, 14, 20, 7, 25, 11][10, 27, 29, 2, 21, 5, 15, 16, 28][1, 3][15, 16][2, 29][12, 18][15, 16][15, 16][15, 16][15, 16][15, 16] 
[6, 13, 18, 12, 22, 17, 19, 8, 26, 0, 25, 28][9, 23, 24, 4, 3, 14, 20, 7, 25, 11][10, 27, 29, 2, 21, 5, 15, 16, 28][1, 3][15, 16][2, 29][12, 18][15, 16][15, 16][15, 16][15, 16][15, 16] 
[0, 13, 6, 10, 27, 29, 2, 21, 5, 15, 16, 28][6, 13, 18, 12, 22, 17, 19, 8, 26, 0, 25, 28][9, 23, 24, 4, 3, 14, 20, 7, 25, 11][1, 3][15, 16][2, 29][12, 18][15, 16][15, 16][15, 16][15, 16][15, 16] 
[6, 13, 18, 12, 22, 17, 19, 8, 26, 0, 25, 28][9, 23, 24, 4, 3, 14, 20, 7, 25, 11][10, 27, 29, 2, 21, 5, 15, 16, 28][1, 3][15, 16][2, 29][12, 18][15, 16][15, 16][15, 16][15, 16][15, 16] 
[0, 13, 6, 10, 27, 29, 2, 21, 5, 15, 16, 28][24, 20, 14, 9, 1, 23, 4, 7, 25, 28][22, 19, 12, 18, 17, 11, 25][19, 8, 26][2, 29][15, 16][12, 18][1, 3][12, 18][15, 16][14, 20][15, 16] 
[6, 13, 18, 12, 22, 17, 19, 8, 26, 0, 25, 28][9, 23, 24, 4, 3, 14, 20, 7, 25, 11][10, 27, 29, 2, 21, 5, 15, 16, 28][1, 3][15, 16][2, 29][12, 18][15, 16][15, 16][15, 16][15, 16][15, 16] 
[0, 13, 6, 10, 27, 29, 2, 21, 5, 15, 16, 28][6, 13, 18, 12, 22, 17, 19, 8, 26, 0, 25, 28][9, 23, 24, 4, 3, 14, 20, 7, 25, 11][1, 3][15, 16][2, 29][12, 18][15, 16][15, 16][15, 16][15, 16][15, 16] 
[6, 13, 18, 12, 22, 17, 19, 8, 26, 0, 25, 28][9, 23, 24, 4, 3, 14, 20, 7, 25, 11][10, 27, 29, 2, 21, 5, 15, 16, 28][1, 3][15, 16][2, 29][12, 18][15, 16][15, 16][15, 16][15, 16][15, 16] 
[4, 1, 9, 23, 20, 14][22, 25, 11, 3, 24][5, 21, 10, 27, 7][19, 12, 8, 26][16, 15, 2, 29][18, 17, 28][18, 0, 26][0, 13, 6][1, 3][25, 28][7, 20][6, 15] 
[4, 1, 9, 23, 20, 14][22, 25, 11, 3, 24][5, 21, 10, 27, 7][16, 15, 2, 29][19, 12, 8, 26][0, 13, 6][18, 0, 26][18, 17, 28][6, 15][25, 28][1, 3][7, 20] 
[4, 1, 9, 23, 20, 14][22, 25, 11, 3, 24][5, 21, 10, 27, 7][16, 15, 2, 29][19, 12, 8, 26][0, 13, 6][18, 0, 26][18, 17, 28][6, 15][25, 28][1, 3][7, 20] 
[4, 1, 9, 23, 20, 14][22, 25, 11, 3, 24][5, 21, 10, 27, 7][19, 12, 8, 26][16, 15, 2, 29][18, 17, 28][18, 0, 26][0, 13, 6][25, 28][1, 3][7, 20][6, 15] 
[4, 1, 9, 23, 20, 14][22, 25, 11, 3, 24][5, 21, 10, 27, 7][16, 15, 2, 29][19, 12, 8, 26][0, 13, 6][18, 0, 26][18, 17, 28][6, 15][25, 28][1, 3][7, 20] 
[4, 1, 9, 23, 20, 14][22, 25, 11, 3, 24][5, 21, 10, 27, 7][16, 15, 2, 29][19, 12, 8, 26][0, 13, 6][18, 0, 26][18, 17, 28][6, 15][25, 28][1, 3][7, 20] 
[4, 1, 9, 23, 20, 14][22, 25, 11, 3, 24][5, 21, 10, 27, 7][16, 15, 2, 29][19, 12, 8, 26][0, 13, 6][18, 0, 26][18, 17, 28][6, 15][25, 28][1, 3][7, 20] 
[4, 1, 9, 23, 20, 14][22, 25, 11, 3, 24][5, 21, 10, 27, 7][16, 15, 2, 29][19, 12, 8, 26][0, 13, 6][18, 0, 26][18, 17, 28][6, 15][25, 28][1, 3][7, 20] 
[4, 1, 9, 23, 20, 14][22, 25, 11, 3, 24][5, 21, 10, 27, 7][16, 15, 2, 29][19, 12, 8, 26][0, 13, 6][18, 0, 26][18, 17, 28][6, 15][25, 28][1, 3][7, 20] 
[4, 1, 9, 23, 20, 14][22, 25, 11, 3, 24][5, 21, 10, 27, 7][16, 15, 2, 29][19, 12, 8, 26][0, 13, 6][18, 0, 26][18, 17, 28][6, 15][25, 28][1, 3][7, 20] 
[4, 1, 9, 23, 20, 14][22, 25, 11, 3, 24][5, 21, 10, 27, 7][16, 15, 2, 29][19, 12, 8, 26][0, 13, 6][18, 0, 26][18, 17, 28][6, 15][25, 28][1, 3][7, 20] 
[4, 1, 9, 23, 20, 14][22, 25, 11, 3, 24][5, 21, 10, 27, 7][19, 12, 8, 26][16, 15, 2, 29][18, 17, 28][18, 0, 26][0, 13, 6][25, 28][1, 3][7, 20][6, 15] 
[4, 1, 9, 23, 20, 14][22, 25, 11, 3, 24][5, 21, 10, 27, 7][19, 12, 8, 26][16, 15, 2, 29][18, 17, 28][18, 0, 26][0, 13, 6][25, 28][1, 3][7, 20][6, 15] 
[4, 1, 9, 23, 20, 14][22, 25, 11, 3, 24][5, 21, 10, 27, 7][16, 15, 2, 29][19, 12, 8, 26][0, 13, 6][18, 0, 26][18, 17, 28][6, 15][25, 28][1, 3][7, 20] 
[4, 1, 9, 23, 20, 14][22, 25, 11, 3, 24][5, 21, 10, 27, 7][19, 12, 8, 26][16, 15, 2, 29][18, 17, 28][18, 0, 26][0, 13, 6][25, 28][1, 3][7, 20][6, 15] 
[4, 1, 9, 23, 20, 14][5, 21, 10, 27, 7][24, 3, 11, 25][6, 13, 0, 22][19, 12, 8, 26][16, 15, 2, 29][18, 0, 26][18, 17, 28][7, 20][1, 3][22, 25][6, 15] 
[4, 1, 9, 23, 20, 14][5, 21, 10, 27, 7][6, 13, 0, 22][19, 12, 8, 26][16, 15, 2, 29][24, 3, 11, 25][18, 0, 26][18, 17, 28][7, 20][1, 3][22, 25][6, 15] 
[4, 1, 9, 23, 20, 14][5, 21, 10, 27, 7][6, 13, 0, 22][19, 12, 8, 26][16, 15, 2, 29][24, 3, 11, 25][18, 0, 26][18, 17, 28][7, 20][1, 3][22, 25][6, 15] 
[4, 1, 9, 23, 20, 14][5, 21, 10, 27, 7][24, 3, 11, 25][6, 13, 0, 22][19, 12, 8, 26][16, 15, 2, 29][18, 0, 26][18, 17, 28][7, 20][1, 3][22, 25][6, 15] 
[4, 1, 9, 23, 20, 14][5, 21, 10, 27, 7][6, 13, 0, 22][19, 12, 8, 26][16, 15, 2, 29][24, 3, 11, 25][18, 0, 26][18, 17, 28][7, 20][1, 3][22, 25][6, 15] 
[4, 1, 9, 23, 20, 14][5, 21, 10, 27, 7][6, 13, 0, 22][19, 12, 8, 26][24, 3, 11, 25][16, 15, 2, 29][18, 0, 26][22, 17, 28][22, 25][6, 15][1, 3][7, 20] 
[4, 1, 9, 23, 20, 14][22, 25, 11, 3, 24][5, 21, 10, 27, 7][16, 15, 2, 29][19, 12, 8, 26][0, 13, 6][18, 0, 26][18, 17, 28][6, 15][25, 28][1, 3][7, 20] 
[4, 1, 9, 23, 20, 14][22, 25, 11, 3, 24][5, 21, 10, 27, 7][19, 12, 8, 26][16, 15, 2, 29][18, 17, 28][18, 0, 26][0, 13, 6][1, 3][7, 20][25, 28][6, 15] 
[4, 1, 9, 23, 20, 14][22, 25, 11, 3, 24][5, 21, 10, 27, 7][16, 15, 2, 29][19, 12, 8, 26][0, 13, 6][18, 0, 26][18, 17, 28][6, 15][25, 28][1, 3][7, 20] 
[4, 1, 9, 23, 20, 14][22, 25, 11, 3, 24][5, 21, 10, 27, 7][16, 15, 2, 29][19, 12, 8, 26][0, 13, 6][18, 0, 26][18, 17, 28][6, 15][25, 28][1, 3][7, 20] 
[4, 1, 9, 23, 20, 14][5, 21, 10, 27, 7][22, 25, 11, 3, 24][19, 12, 8, 26][16, 15, 2, 29][18, 17, 28][18, 0, 26][0, 13, 6][7, 20][1, 3][25, 28][6, 15] 
[4, 1, 9, 23, 20, 14][22, 19, 12, 8, 26][5, 21, 10, 27, 7][24, 3, 11, 25][16, 15, 2, 29][18, 17, 28][18, 0, 26][0, 13, 6][25, 28][6, 15][1, 3][7, 20] 
[4, 1, 9, 23, 20, 14][5, 21, 10, 27, 7][22, 25, 11, 3, 24][19, 12, 8, 26][16, 15, 2, 29][18, 17, 28][18, 0, 26][0, 13, 6][7, 20][1, 3][25, 28][6, 15] 
[4, 1, 9, 23, 20, 14][5, 21, 10, 27, 7][24, 3, 11, 25][6, 13, 0, 22][19, 12, 8, 26][16, 15, 2, 29][18, 0, 26][18, 17, 28][7, 20][1, 3][22, 25][6, 15] 
[4, 1, 9, 23, 20, 14][5, 21, 10, 27, 7][6, 13, 0, 22][19, 12, 8, 26][16, 15, 2, 29][24, 3, 11, 25][18, 0, 26][18, 17, 28][7, 20][1, 3][22, 25][6, 15] 
[4, 1, 9, 23, 20, 14][5, 21, 10, 27, 7][6, 13, 0, 22][19, 12, 8, 26][16, 15, 2, 29][24, 3, 11, 25][18, 0, 26][18, 17, 28][7, 20][1, 3][22, 25][6, 15] 
[4, 1, 9, 23, 20, 14][5, 21, 10, 27, 7][6, 13, 0, 22][19, 12, 8, 26][16, 15, 2, 29][24, 3, 11, 25][18, 0, 26][18, 17, 28][7, 20][1, 3][22, 25][6, 15] 
[4, 1, 9, 23, 20, 14][5, 21, 10, 27, 7][6, 13, 0, 22][19, 12, 8, 26][16, 15, 2, 29][24, 3, 11, 25][18, 0, 26][18, 17, 28][7, 20][1, 3][22, 25][6, 15] 
[4, 1, 9, 23, 20, 14][5, 21, 10, 27, 7][6, 13, 0, 22][19, 12, 8, 26][16, 15, 2, 29][24, 3, 11, 25][18, 0, 26][18, 17, 28][7, 20][1, 3][22, 25][6, 15] 
[4, 1, 9, 23, 20, 14][5, 21, 10, 27, 7][6, 13, 0, 22][19, 12, 8, 26][16, 15, 2, 29][24, 3, 11, 25][18, 0, 26][18, 17, 28][7, 20][1, 3][22, 25][6, 15] 
[4, 1, 9, 23, 20, 14][5, 21, 10, 27, 7][6, 13, 0, 22][19, 12, 8, 26][16, 15, 2, 29][24, 3, 11, 25][18, 0, 26][18, 17, 28][7, 20][1, 3][22, 25][6, 15] 
[4, 1, 9, 23, 20, 14][5, 21, 10, 27, 7][6, 13, 0, 22][19, 12, 8, 26][16, 15, 2, 29][24, 3, 11, 25][18, 0, 26][18, 17, 28][7, 20][1, 3][22, 25][6, 15] 
[4, 1, 9, 23, 20, 14][5, 21, 10, 27, 7][6, 13, 0, 22][19, 12, 8, 26][16, 15, 2, 29][24, 3, 11, 25][18, 0, 26][18, 17, 28][7, 20][1, 3][22, 25][6, 15] 
[4, 1, 9, 23, 20, 14][5, 21, 10, 27, 7][6, 13, 0, 22][19, 12, 8, 26][16, 15, 2, 29][24, 3, 11, 25][18, 0, 26][18, 17, 28][7, 20][1, 3][22, 25][6, 15] 
[4, 1, 9, 23, 20, 14][5, 21, 10, 27, 7][6, 13, 0, 22][19, 12, 8, 26][16, 15, 2, 29][24, 3, 11, 25][18, 0, 26][18, 17, 28][7, 20][1, 3][22, 25][6, 15] 
[4, 1, 9, 23, 20, 14][5, 21, 10, 27, 7][6, 13, 0, 22][19, 12, 8, 26][16, 15, 2, 29][24, 3, 11, 25][18, 0, 26][18, 17, 28][7, 20][1, 3][22, 25][6, 15] 
[4, 1, 9, 23, 20, 14][5, 21, 10, 27, 7][6, 13, 0, 22][19, 12, 8, 26][16, 15, 2, 29][24, 3, 11, 25][18, 0, 26][18, 17, 28][7, 20][1, 3][22, 25][6, 15] 
[4, 1, 9, 23, 20, 14][5, 21, 10, 27, 7][24, 3, 11, 25][6, 13, 0, 22][19, 12, 8, 26][16, 15, 2, 29][18, 0, 26][18, 17, 28][7, 20][1, 3][22, 25][6, 15] 
[4, 1, 9, 23, 20, 14][22, 19, 12, 8, 26][5, 21, 10, 27, 7][16, 15, 2, 29][6, 13, 0, 22][24, 3, 11, 25][18, 17, 28][6, 15][17, 22][25, 28][1, 3][7, 20] 
[4, 1, 9, 23, 20, 14][22, 19, 12, 8, 26][5, 21, 10, 27, 7][16, 15, 2, 29][6, 13, 0, 22][24, 3, 11, 25][18, 17, 28][6, 15][17, 22][25, 28][1, 3][7, 20] 
[4, 1, 9, 23, 20, 14][22, 19, 12, 8, 26][5, 21, 10, 27, 7][16, 15, 2, 29][6, 13, 0, 22][24, 3, 11, 25][18, 17, 28][6, 15][17, 22][25, 28][1, 3][7, 20] 
[4, 1, 9, 23, 20, 14][22, 19, 12, 8, 26][5, 21, 10, 27, 7][16, 15, 2, 29][6, 13, 0, 22][24, 3, 11, 25][18, 17, 28][6, 15][17, 22][25, 28][1, 3][7, 20] 
[4, 1, 9, 23, 20, 14][22, 19, 12, 8, 26][5, 21, 10, 27, 7][16, 15, 2, 29][6, 13, 0, 22][24, 3, 11, 25][18, 17, 28][6, 15][17, 22][25, 28][1, 3][7, 20] 
[24, 3, 11, 25, 22, 19, 8, 26][4, 1, 9, 23, 20, 14][5, 21, 10, 27, 7][12, 18, 17, 28][16, 15, 2, 29][0, 13, 6][7, 20][1, 3][11, 25][25, 28][0, 18][6, 15] 
[4, 1, 9, 23, 20, 14][22, 19, 12, 8, 26][5, 21, 10, 27, 7][24, 3, 11, 25][16, 15, 2, 29][18, 17, 28][18, 0, 26][0, 13, 6][25, 28][6, 15][1, 3][7, 20] 
[4, 1, 9, 23, 20, 14][22, 19, 12, 8, 26][5, 21, 10, 27, 7][24, 3, 11, 25][16, 15, 2, 29][18, 17, 28][18, 0, 26][0, 13, 6][25, 28][6, 15][1, 3][7, 20] 
[4, 1, 9, 23, 20, 14][22, 19, 12, 8, 26][5, 21, 10, 27, 7][24, 3, 11, 25][16, 15, 2, 29][18, 17, 28][18, 0, 26][0, 13, 6][25, 28][6, 15][1, 3][7, 20] 
[4, 1, 9, 23, 20, 14][22, 19, 12, 8, 26][5, 21, 10, 27, 7][24, 3, 11, 25][16, 15, 2, 29][18, 17, 28][18, 0, 26][0, 13, 6][25, 28][6, 15][1, 3][7, 20] 
[4, 1, 9, 23, 20, 14][22, 19, 12, 8, 26][5, 21, 10, 27, 7][24, 3, 11, 25][16, 15, 2, 29][18, 17, 28][18, 0, 26][0, 13, 6][25, 28][6, 15][1, 3][7, 20] 
[4, 1, 9, 23, 20, 14][5, 21, 10, 27, 7][24, 3, 11, 25][6, 13, 0, 22][19, 12, 8, 26][16, 15, 2, 29][18, 0, 26][18, 17, 28][22, 25][6, 15][1, 3][7, 20] 
[4, 1, 9, 23, 20, 14][22, 25, 11, 3, 24][5, 21, 10, 27, 7][16, 15, 2, 29][19, 12, 8, 26][0, 13, 6][18, 0, 26][18, 17, 28][6, 15][25, 28][1, 3][7, 20] 
