[23, 14, 3, 11, 25][9, 1, 4, 24, 20][26, 0, 22, 17, 28][12, 8, 19, 0, 18][5, 21, 2, 29][10, 15, 6, 13][7, 16, 27][2, 15][6, 16][7, 14][14, 24][22, 25] 
[5, 21, 15, 2, 29][9, 1, 4, 24, 20][26, 0, 22, 17, 28][12, 8, 19, 0, 18][10, 15, 6, 13][23, 3, 11, 25][7, 16, 27][6, 16][7, 14][14, 24][3, 14][22, 25] 
[26, 0, 22, 17, 28][12, 8, 19, 0, 18][5, 21, 15, 2, 29][9, 1, 4, 24, 20][23, 3, 11, 25][10, 15, 6, 13][7, 16, 27][22, 25][3, 14][7, 14][6, 16][14, 24] 
[23, 14, 3, 11, 25][26, 0, 22, 17, 28][12, 8, 19, 0, 18][9, 1, 4, 24, 20][5, 21, 15, 2, 29][7, 16, 27][6, 15, 10][22, 25][7, 14][14, 24][6, 16][6, 13] 
[5, 21, 15, 2, 29][9, 1, 4, 24, 20][26, 0, 22, 17, 28][12, 8, 19, 0, 18][10, 15, 6, 13][23, 3, 11, 25][7, 16, 27][6, 16][7, 14][11, 14][14, 24][22, 25] 
[5, 21, 15, 2, 29][9, 1, 4, 24, 20][26, 0, 22, 17, 28][12, 8, 19, 0, 18][10, 15, 6, 13][23, 3, 11, 25][7, 16, 27][6, 16][7, 14][11, 14][14, 24][22, 25] 
[5, 21, 15, 2, 29][9, 1, 4, 24, 20][26, 0, 22, 17, 28][12, 8, 19, 0, 18][10, 15, 6, 13][23, 3, 11, 25][7, 16, 27][6, 16][7, 14][11, 14][14, 24][22, 25] 
[5, 21, 15, 2, 29][9, 1, 4, 24, 20][26, 0, 22, 17, 28][12, 8, 19, 0, 18][10, 15, 6, 13][23, 3, 11, 25][7, 16, 27][6, 16][7, 14][11, 14][14, 24][22, 25] 
[5, 21, 15, 2, 29][9, 1, 4, 24, 20][26, 0, 22, 17, 28][12, 8, 19, 0, 18][10, 15, 6, 13][23, 3, 11, 25][7, 16, 27][6, 16][7, 14][11, 14][14, 24][22, 25] 
[5, 21, 15, 2, 29][9, 1, 4, 24, 20][26, 0, 22, 17, 28][12, 8, 19, 0, 18][10, 15, 6, 13][23, 3, 11, 25][7, 16, 27][6, 16][7, 14][11, 14][14, 24][22, 25] 
[23, 14, 3, 11, 25][26, 0, 22, 17, 28][12, 8, 19, 0, 18][9, 1, 4, 24, 20][10, 15, 6, 13][5, 21, 2, 29][7, 16, 27][22, 25][14, 24][7, 14][6, 16][2, 15] 
[12, 8, 19, 0, 18][26, 0, 22, 17, 28][9, 1, 4, 24, 20][5, 21, 15, 2, 29][23, 3, 11, 25][10, 15, 6, 13][7, 16, 27][22, 25][3, 14][7, 14][14, 24][6, 16] 
[26, 0, 22, 17, 28][12, 8, 19, 0, 18][5, 21, 15, 2, 29][9, 1, 4, 24, 20][23, 3, 11, 25][10, 15, 6, 13][7, 16, 27][22, 25][3, 14][7, 14][6, 16][14, 24] 
[5, 21, 15, 2, 29][9, 1, 4, 24, 20][26, 0, 22, 17, 28][12, 8, 19, 0, 18][10, 15, 6, 13][23, 3, 11, 25][7, 16, 27][6, 16][7, 14][11, 14][14, 24][22, 25] 
[5, 21, 15, 2, 29][9, 1, 4, 24, 20][26, 0, 22, 17, 28][12, 8, 19, 0, 18][10, 15, 6, 13][23, 3, 11, 25][7, 16, 27][6, 16][7, 14][11, 14][14, 24][22, 25] 
[5, 21, 15, 2, 29][9, 1, 4, 24, 20][26, 0, 22, 17, 28][12, 8, 19, 0, 18][10, 15, 6, 13][23, 3, 11, 25][7, 16, 27][6, 16][7, 14][11, 14][14, 24][22, 25] 
[23, 14, 3, 11, 25][26, 0, 22, 17, 28][12, 8, 19, 0, 18][9, 1, 4, 24, 20][10, 15, 6, 13][5, 21, 2, 29][7, 16, 27][6, 16][7, 14][22, 25][2, 15][14, 24] 
[26, 0, 22, 17, 28][12, 8, 19, 0, 18][5, 21, 15, 2, 29][9, 1, 4, 24, 20][23, 3, 11, 25][10, 15, 6, 13][7, 16, 27][22, 25][3, 14][7, 14][6, 16][14, 24] 
[5, 21, 15, 2, 29][9, 1, 4, 24, 20][26, 0, 22, 17, 28][12, 8, 19, 0, 18][10, 15, 6, 13][23, 3, 11, 25][7, 16, 27][6, 16][7, 14][11, 14][14, 24][22, 25] 
[12, 8, 19, 0, 18][26, 0, 22, 17, 28][23, 14, 3, 11, 25][9, 1, 4, 24, 20][10, 15, 6, 13][5, 21, 2, 29][7, 16, 27][22, 25][7, 14][14, 24][6, 16][2, 15] 
[23, 14, 3, 11, 25][9, 1, 4, 24, 20][26, 0, 22, 17, 28][12, 8, 19, 0, 18][10, 15, 6, 13][5, 21, 2, 29][7, 16, 27][6, 16][7, 14][14, 24][22, 25][2, 15] 
[26, 0, 22, 17, 28][12, 8, 19, 0, 18][5, 21, 15, 2, 29][9, 1, 4, 24, 20][23, 3, 11, 25][10, 15, 6, 13][7, 16, 27][22, 25][3, 14][7, 14][6, 16][14, 24] 
[12, 8, 19, 0, 18][26, 0, 22, 17, 28][9, 1, 4, 24, 20][5, 21, 15, 2, 29][23, 3, 11, 25][10, 15, 6, 13][7, 16, 27][22, 25][3, 14][7, 14][14, 24][6, 16] 
[5, 21, 15, 2, 29][9, 1, 4, 24, 20][26, 0, 22, 17, 28][12, 8, 19, 0, 18][10, 15, 6, 13][23, 3, 11, 25][7, 16, 27][6, 16][7, 14][11, 14][14, 24][22, 25] 
[5, 21, 15, 2, 29][9, 1, 4, 24, 20][26, 0, 22, 17, 28][12, 8, 19, 0, 18][10, 15, 6, 13][23, 3, 11, 25][7, 16, 27][6, 16][7, 14][11, 14][14, 24][22, 25] 
[5, 21, 15, 2, 29][9, 1, 4, 24, 20][26, 0, 22, 17, 28][12, 8, 19, 0, 18][10, 15, 6, 13][23, 3, 11, 25][7, 16, 27][6, 16][7, 14][11, 14][14, 24][22, 25] 
[23, 14, 3, 11, 25][26, 0, 22, 17, 28][12, 8, 19, 0, 18][9, 1, 4, 24, 20][5, 21, 2, 29][10, 15, 6, 13][7, 16, 27][2, 15][6, 16][7, 14][22, 25][14, 24] 
[26, 0, 22, 17, 28][12, 8, 19, 0, 18][5, 21, 15, 2, 29][9, 1, 4, 24, 20][23, 3, 11, 25][10, 15, 6, 13][7, 16, 27][22, 25][3, 14][7, 14][6, 16][14, 24] 
[5, 21, 15, 2, 29][9, 1, 4, 24, 20][26, 0, 22, 17, 28][12, 8, 19, 0, 18][10, 15, 6, 13][23, 3, 11, 25][7, 16, 27][6, 16][7, 14][11, 14][14, 24][22, 25] 
[23, 14, 3, 11, 25][26, 0, 22, 17, 28][12, 8, 19, 0, 18][9, 1, 4, 24, 20][10, 15, 6, 13][5, 21, 2, 29][7, 16, 27][6, 16][2, 15][7, 14][22, 25][14, 24] 
[23, 14, 3, 11, 25][9, 1, 4, 24, 20][26, 0, 22, 17, 28][12, 8, 19, 0, 18][10, 15, 6, 13][5, 21, 2, 29][7, 16, 27][6, 16][7, 14][14, 24][22, 25][2, 15] 
[26, 0, 22, 17, 28][12, 8, 19, 0, 18][5, 21, 15, 2, 29][9, 1, 4, 24, 20][23, 3, 11, 25][10, 15, 6, 13][7, 16, 27][22, 25][3, 14][7, 14][6, 16][14, 24] 
[5, 21, 15, 2, 29][9, 1, 4, 24, 20][26, 0, 22, 17, 28][12, 8, 19, 0, 18][10, 15, 6, 13][23, 3, 11, 25][7, 16, 27][6, 16][7, 14][11, 14][14, 24][22, 25] 
[23, 14, 3, 11, 25][9, 1, 4, 24, 20][26, 0, 22, 17, 28][12, 8, 19, 0, 18][5, 21, 2, 29][10, 15, 6, 13][7, 16, 27][2, 15][6, 16][7, 14][14, 24][22, 25] 
[23, 14, 3, 11, 25][9, 1, 4, 24, 20][26, 0, 22, 17, 28][12, 8, 19, 0, 18][5, 21, 2, 29][10, 15, 6, 13][7, 16, 27][2, 15][6, 16][7, 14][14, 24][22, 25] 
[19, 17, 12, 22, 25, 11, 14, 20, 24, 23, 3, 1, 4, 7, 27][13, 6, 16, 27, 15, 5, 21, 2, 29][8, 26, 0, 28, 16, 10][11, 14][11, 25][3, 9][1, 4][22, 25][0, 18][6, 16][0, 26][6, 16] 
[19, 17, 12, 22, 25, 11, 14, 20, 24, 23, 3, 1, 4, 7, 27][13, 6, 16, 27, 15, 5, 21, 2, 29][8, 26, 0, 28, 16, 10][11, 14][11, 25][3, 9][1, 4][22, 25][0, 18][6, 16][0, 26][6, 16] 
[19, 17, 12, 22, 25, 11, 14, 20, 24, 23, 3, 1, 4, 7, 27][13, 6, 16, 27, 15, 5, 21, 2, 29][8, 26, 0, 28, 16, 10][11, 14][11, 25][3, 9][1, 4][22, 25][0, 18][6, 16][0, 26][6, 16] 
[7, 4, 1, 3, 23, 24, 20, 14, 11, 25, 22, 12, 17, 19][10, 29, 2, 21, 5, 15, 27, 16, 6, 13][8, 26, 0, 28, 16][11, 25][11, 25][7, 16][6, 16][1, 9][0, 18][11, 25][20, 24][11, 25] 
[7, 4, 1, 3, 23, 24, 20, 14, 11, 25, 22, 12, 17, 19][10, 29, 2, 21, 5, 15, 27, 16, 6, 13][8, 26, 0, 28, 16][11, 25][11, 25][7, 16][6, 16][1, 9][0, 18][11, 25][20, 24][11, 25] 
[7, 4, 1, 3, 23, 24, 20, 14, 11, 25, 22, 12, 17, 19][10, 29, 2, 21, 5, 15, 27, 16, 6, 13][8, 26, 0, 28, 16][0, 26][8, 12][16, 27][0, 26][1, 9][16, 27][11, 25][11, 25][0, 18] 
[19, 17, 12, 22, 25, 11, 14, 20, 24, 23, 3, 1, 4, 7, 27][13, 6, 16, 27, 15, 5, 21, 2, 29][8, 26, 0, 28, 16, 10][11, 14][11, 25][3, 9][1, 4][22, 25][0, 18][6, 16][0, 26][6, 16] 
[19, 17, 12, 22, 25, 11, 14, 20, 24, 23, 3, 1, 4, 7, 27][13, 6, 16, 27, 15, 5, 21, 2, 29][8, 26, 0, 28, 16, 10][11, 14][11, 25][3, 9][1, 4][22, 25][0, 18][6, 16][0, 26][6, 16] 
[7, 4, 1, 3, 23, 24, 20, 14, 11, 25, 22, 12, 17, 19][10, 29, 2, 21, 5, 15, 27, 16, 6, 13][8, 26, 0, 28, 16][11, 25][11, 25][7, 16][6, 16][1, 9][0, 18][11, 25][20, 24][11, 25] 
[19, 17, 12, 22, 25, 11, 14, 20, 24, 23, 3, 1, 4, 7, 27][13, 6, 16, 27, 15, 5, 21, 2, 29][8, 26, 0, 28, 16, 10][11, 14][11, 25][3, 9][1, 4][22, 25][0, 18][6, 16][0, 26][6, 16] 
[19, 17, 12, 22, 25, 11, 14, 20, 24, 23, 3, 1, 4, 7, 27][13, 6, 16, 27, 15, 5, 21, 2, 29][8, 26, 0, 28, 16, 10, 2, 15][11, 14][11, 25][3, 9][1, 4][22, 25][0, 18][6, 16][0, 26][6, 16] 
[19, 17, 12, 22, 25, 11, 14, 20, 24, 23, 3, 1, 4, 7, 27][13, 6, 16, 27, 15, 5, 21, 2, 29][8, 26, 0, 28, 16, 10][11, 14][11, 25][3, 9][1, 4][22, 25][0, 18][6, 16][0, 26][6, 16] 
[7, 4, 1, 3, 23, 24, 20, 14, 11, 25, 22, 12, 17, 19][10, 29, 2, 21, 5, 15, 27, 16, 6, 13][8, 26, 0, 28, 16][11, 25][11, 25][7, 16][6, 16][1, 9][0, 18][11, 25][20, 24][11, 25] 
[19, 17, 12, 22, 25, 11, 14, 20, 24, 23, 3, 1, 4, 7, 27][13, 6, 16, 27, 15, 5, 21, 2, 29][8, 26, 0, 28, 16, 10][11, 14][11, 25][3, 9][1, 4][22, 25][0, 18][6, 16][0, 26][6, 16] 
[19, 17, 12, 22, 25, 11, 14, 20, 24, 23, 3, 1, 4, 7, 27][13, 6, 16, 27, 15, 5, 21, 2, 29][8, 26, 0, 28, 16, 10][11, 14][11, 25][3, 9][1, 4][22, 25][0, 18][6, 16][0, 26][6, 16] 
[19, 17, 12, 22, 25, 11, 14, 20, 24, 23, 3, 1, 4, 7, 27][13, 6, 16, 27, 15, 5, 21, 2, 29][8, 26, 0, 28, 16, 10][1, 4][3, 9][0, 18][6, 16][11, 14][11, 14][11, 14][11, 14][6, 16] 
[19, 17, 12, 22, 25, 11, 14, 20, 24, 23, 3, 1, 4, 7, 27][13, 6, 16, 27, 15, 5, 21, 2, 29][8, 26, 0, 28, 16, 10][1, 4][3, 9][0, 18][6, 16][11, 14][11, 14][11, 14][11, 14][6, 16] 
[19, 17, 12, 22, 25, 11, 14, 20, 24, 23, 3, 1, 4, 7, 27][13, 6, 16, 27, 15, 5, 21, 2, 29][8, 26, 0, 28, 16, 10][11, 14][11, 25][3, 9][1, 4][22, 25][0, 18][6, 16][0, 26][6, 16] 
[19, 17, 12, 22, 25, 11, 14, 20, 24, 23, 3, 1, 4, 7, 27][13, 6, 16, 27, 15, 5, 21, 2, 29][8, 26, 0, 28, 16, 10][1, 4][3, 9][0, 18][6, 16][11, 14][11, 14][11, 14][11, 14][6, 16] 
[19, 17, 12, 22, 25, 11, 14, 20, 24, 23, 3, 1, 4, 7, 27][13, 6, 16, 27, 15, 5, 21, 2, 29][8, 26, 0, 28, 16, 10][1, 4][3, 9][0, 18][6, 16][11, 14][11, 14][11, 14][11, 14][6, 16] 
[19, 17, 12, 22, 25, 11, 14, 20, 24, 23, 3, 1, 4, 7, 27][10, 29, 2, 21, 5, 15, 27, 16, 6, 13][8, 26, 0, 28, 16][11, 14][11, 25][3, 9][1, 4][22, 25][0, 18][6, 16][0, 26][6, 16] 
[5, 21, 15, 2, 29][9, 1, 4, 24, 20][26, 0, 22, 17, 28][12, 8, 19, 0, 18][10, 15, 6, 13][23, 3, 11, 25][16, 7, 27][6, 16][7, 14][14, 24][22, 25][11, 14] 
[5, 21, 15, 2, 29][9, 1, 4, 24, 20][26, 0, 22, 17, 28][12, 8, 19, 0, 18][10, 15, 6, 13][23, 3, 11, 25][16, 7, 27][6, 16][7, 14][11, 14][14, 24][22, 25] 
[5, 21, 15, 2, 29][9, 1, 4, 24, 20][26, 0, 22, 17, 28][12, 8, 19, 0, 18][10, 15, 6, 13][23, 3, 11, 25][16, 7, 27][6, 16][7, 14][11, 14][14, 24][22, 25] 
[5, 21, 15, 2, 29][9, 1, 4, 24, 20][26, 0, 22, 17, 28][12, 8, 19, 0, 18][10, 15, 6, 13][23, 3, 11, 25][16, 7, 27][6, 16][7, 14][14, 24][22, 25][11, 14] 
[5, 21, 15, 2, 29][9, 1, 4, 24, 20][26, 0, 22, 17, 28][12, 8, 19, 0, 18][10, 15, 6, 13][23, 3, 11, 25][16, 7, 27][6, 16][7, 14][11, 14][14, 24][22, 25] 
[12, 8, 19, 0, 18][26, 0, 22, 17, 28][9, 1, 4, 24, 20][5, 21, 15, 2, 29][23, 3, 11, 25][10, 15, 6, 13][16, 7, 27][22, 25][11, 14][7, 14][14, 24][6, 16] 
[5, 21, 15, 2, 29][9, 1, 4, 24, 20][26, 0, 22, 17, 28][12, 8, 19, 0, 18][10, 15, 6, 13][23, 3, 11, 25][16, 7, 27][6, 16][7, 14][11, 14][14, 24][22, 25] 
[5, 21, 15, 2, 29][9, 1, 4, 24, 20][26, 0, 22, 17, 28][12, 8, 19, 0, 18][10, 15, 6, 13][23, 3, 11, 25][16, 7, 27][6, 16][7, 14][11, 14][14, 24][22, 25] 
[5, 21, 15, 2, 29][9, 1, 4, 24, 20][26, 0, 22, 17, 28][12, 8, 19, 0, 18][10, 15, 6, 13][23, 3, 11, 25][16, 7, 27][6, 16][7, 14][11, 14][14, 24][22, 25] 
[5, 21, 15, 2, 29][26, 0, 22, 17, 28][12, 8, 19, 0, 18][9, 1, 4, 24, 20][10, 15, 6, 13][23, 3, 11, 25][16, 7, 27][6, 16][7, 14][11, 14][22, 25][14, 24] 
[5, 21, 15, 2, 29][9, 1, 4, 24, 20][26, 0, 22, 17, 28][12, 8, 19, 0, 18][10, 15, 6, 13][23, 3, 11, 25][16, 7, 27][6, 16][7, 14][11, 14][14, 24][22, 25] 
[5, 21, 15, 2, 29][9, 1, 4, 24, 20][26, 0, 22, 17, 28][12, 8, 19, 0, 18][10, 15, 6, 13][23, 3, 11, 25][16, 7, 27][6, 16][7, 14][11, 14][14, 24][22, 25] 
[5, 21, 15, 2, 29][9, 1, 4, 24, 20][26, 0, 22, 17, 28][12, 8, 19, 0, 18][10, 15, 6, 13][23, 3, 11, 25][16, 7, 27][6, 16][7, 14][11, 14][14, 24][22, 25] 
[5, 21, 15, 2, 29][9, 1, 4, 24, 20][26, 0, 22, 17, 28][12, 8, 19, 0, 18][10, 15, 6, 13][23, 3, 11, 25][16, 7, 27][6, 16][7, 14][11, 14][14, 24][22, 25] 
[5, 21, 15, 2, 29][9, 1, 4, 24, 20][26, 0, 22, 17, 28][12, 8, 19, 0, 18][10, 15, 6, 13][23, 3, 11, 25][16, 7, 27][6, 16][7, 14][11, 14][14, 24][22, 25] 
[23, 14, 3, 11, 25][26, 0, 22, 17, 28][12, 8, 19, 0, 18][9, 1, 4, 24, 20][10, 15, 6, 13][5, 21, 2, 29][7, 16, 27][22, 25][14, 24][7, 14][6, 16][2, 15] 
[23, 14, 3, 11, 25][26, 0, 22, 17, 28][12, 8, 19, 0, 18][9, 1, 4, 24, 20][10, 15, 6, 13][5, 21, 2, 29][7, 16, 27][2, 15][6, 16][7, 14][22, 25][14, 24] 
[23, 14, 3, 11, 25][26, 0, 22, 17, 28][12, 8, 19, 0, 18][9, 1, 4, 24, 20][10, 15, 6, 13][5, 21, 2, 29][7, 16, 27][6, 16][7, 14][22, 25][2, 15][14, 24] 
[23, 14, 3, 11, 25][26, 0, 22, 17, 28][12, 8, 19, 0, 18][9, 1, 4, 24, 20][10, 15, 6, 13][5, 21, 2, 29][7, 16, 27][6, 16][7, 14][22, 25][2, 15][14, 24] 
[26, 0, 22, 17, 28][12, 8, 19, 0, 18][23, 14, 3, 11, 25][9, 1, 4, 24, 20][10, 15, 6, 13][5, 21, 2, 29][7, 16, 27][22, 25][14, 24][7, 14][6, 16][2, 15] 
[23, 14, 3, 11, 25][9, 1, 4, 24, 20][26, 0, 22, 17, 28][12, 8, 19, 0, 18][10, 15, 6, 13][5, 21, 2, 29][7, 16, 27][2, 15][6, 16][7, 14][14, 24][22, 25] 
[26, 0, 22, 17, 28][12, 8, 19, 0, 18][9, 1, 4, 24, 20][5, 21, 15, 2, 29][23, 3, 11, 25][10, 15, 6, 13][16, 7, 27][22, 25][11, 14][14, 24][7, 14][6, 16] 
[5, 21, 15, 2, 29][9, 1, 4, 24, 20][26, 0, 22, 17, 28][12, 8, 19, 0, 18][10, 15, 6, 13][23, 3, 11, 25][16, 7, 27][6, 16][7, 14][11, 14][14, 24][22, 25] 
[5, 21, 15, 2, 29][9, 1, 4, 24, 20][26, 0, 22, 17, 28][12, 8, 19, 0, 18][10, 15, 6, 13][23, 3, 11, 25][16, 7, 27][6, 16][7, 14][11, 14][14, 24][22, 25] 
[5, 21, 15, 2, 29][9, 1, 4, 24, 20][26, 0, 22, 17, 28][12, 8, 19, 0, 18][10, 15, 6, 13][23, 3, 11, 25][16, 7, 27][6, 16][7, 14][11, 14][14, 24][22, 25] 
[5, 21, 15, 2, 29][9, 1, 4, 24, 20][26, 0, 22, 17, 28][12, 8, 19, 0, 18][10, 15, 6, 13][23, 3, 11, 25][16, 7, 27][6, 16][7, 14][11, 14][14, 24][22, 25] 
[26, 0, 22, 17, 28][12, 8, 19, 0, 18][23, 14, 3, 11, 25][9, 1, 4, 24, 20][10, 15, 6, 13][5, 21, 2, 29][7, 16, 27][22, 25][14, 24][7, 14][6, 16][2, 15] 
[26, 0, 22, 17, 28][12, 8, 19, 0, 18][9, 1, 4, 24, 20][5, 21, 15, 2, 29][23, 3, 11, 25][10, 15, 6, 13][16, 7, 27][22, 25][11, 14][14, 24][7, 14][6, 16] 
[23, 14, 3, 11, 25][9, 1, 4, 24, 20][26, 0, 22, 17, 28][12, 8, 19, 0, 18][5, 21, 2, 29][10, 15, 6, 13][7, 16, 27][2, 15][6, 16][7, 14][14, 24][22, 25] 
[12, 8, 19, 0, 18][26, 0, 22, 17, 28][23, 14, 3, 11, 25][9, 1, 4, 24, 20][10, 15, 6, 13][5, 21, 2, 29][7, 16, 27][22, 25][7, 14][14, 24][6, 16][2, 15] 
[12, 8, 19, 0, 18][26, 0, 22, 17, 28][23, 14, 3, 11, 25][9, 1, 4, 24, 20][10, 15, 6, 13][5, 21, 2, 29][7, 16, 27][22, 25][7, 14][14, 24][6, 16][2, 15] 
[23, 14, 3, 11, 25][9, 1, 4, 24, 20][26, 0, 22, 17, 28][12, 8, 19, 0, 18][5, 21, 2, 29][10, 15, 6, 13][7, 16, 27][2, 15][6, 16][7, 14][14, 24][22, 25] 
[23, 14, 3, 11, 25][26, 0, 22, 17, 28][12, 8, 19, 0, 18][9, 1, 4, 24, 20][10, 15, 6, 13][5, 21, 2, 29][7, 16, 27][6, 16][7, 14][22, 25][2, 15][14, 24] 
[23, 14, 3, 11, 25][26, 0, 22, 17, 28][12, 8, 19, 0, 18][9, 1, 4, 24, 20][10, 15, 6, 13][5, 21, 2, 29][7, 16, 27][6, 16][7, 14][22, 25][2, 15][14, 24] 
[23, 14, 3, 11, 25][26, 0, 22, 17, 28][12, 8, 19, 0, 18][9, 1, 4, 24, 20][10, 15, 6, 13][5, 21, 2, 29][7, 16, 27][6, 16][7, 14][22, 25][2, 15][14, 24] 
[23, 14, 3, 11, 25][9, 1, 4, 24, 20][26, 0, 22, 17, 28][12, 8, 19, 0, 18][10, 15, 6, 13][5, 21, 2, 29][7, 16, 27][2, 15][6, 16][7, 14][14, 24][22, 25] 
[23, 14, 3, 11, 25][26, 0, 22, 17, 28][12, 8, 19, 0, 18][9, 1, 4, 24, 20][10, 15, 6, 13][5, 21, 2, 29][7, 16, 27][6, 16][7, 14][22, 25][2, 15][14, 24] 
[23, 14, 3, 11, 25][9, 1, 4, 24, 20][26, 0, 22, 17, 28][12, 8, 19, 0, 18][10, 15, 6, 13][5, 21, 2, 29][7, 16, 27][2, 15][6, 16][7, 14][14, 24][22, 25] 
[23, 14, 3, 11, 25][9, 1, 4, 24, 20][26, 0, 22, 17, 28][12, 8, 19, 0, 18][5, 21, 2, 29][10, 15, 6, 13][7, 16, 27][2, 15][6, 16][7, 14][14, 24][22, 25] 
[23, 14, 3, 11, 25][9, 1, 4, 24, 20][26, 0, 22, 17, 28][12, 8, 19, 0, 18][10, 15, 6, 13][5, 21, 2, 29][7, 16, 27][2, 15][6, 16][7, 14][14, 24][22, 25] 
[23, 14, 3, 11, 25][26, 0, 22, 17, 28][12, 8, 19, 0, 18][9, 1, 4, 24, 20][10, 15, 6, 13][5, 21, 2, 29][7, 16, 27][6, 16][7, 14][22, 25][2, 15][14, 24] 
[23, 14, 3, 11, 25][26, 0, 22, 17, 28][12, 8, 19, 0, 18][9, 1, 4, 24, 20][10, 15, 6, 13][5, 21, 2, 29][7, 16, 27][6, 16][2, 15][7, 14][22, 25][14, 24] 
[12, 8, 19, 0, 18][26, 0, 22, 17, 28][23, 14, 3, 11, 25][9, 1, 4, 24, 20][10, 15, 6, 13][5, 21, 2, 29][7, 16, 27][22, 25][7, 14][6, 16][14, 24][2, 15] 
[5, 21, 15, 2, 29][23, 14, 3, 11, 25][26, 0, 22, 17, 28][12, 8, 19, 0, 18][9, 1, 4, 24, 20][10, 15, 6, 13][7, 16, 27][6, 16][7, 14][22, 25][14, 24][11, 25] 
[12, 8, 19, 0, 18][26, 0, 22, 17, 28][23, 14, 3, 11, 25][9, 1, 4, 24, 20][5, 21, 15, 2, 29][10, 15, 6, 13][7, 16, 27][22, 25][11, 25][7, 14][14, 24][6, 16] 
[12, 8, 19, 0, 18][26, 0, 22, 17, 28][23, 14, 3, 11, 25][9, 1, 4, 24, 20][5, 21, 15, 2, 29][10, 15, 6, 13][7, 16, 27][22, 25][11, 25][7, 14][14, 24][6, 16] 
[5, 21, 15, 2, 29][23, 14, 3, 11, 25][26, 0, 22, 17, 28][12, 8, 19, 0, 18][9, 1, 4, 24, 20][10, 15, 6, 13][7, 16, 27][6, 16][7, 14][22, 25][14, 24][11, 25] 
[12, 8, 19, 0, 18][26, 0, 22, 17, 28][23, 14, 3, 11, 25][9, 1, 4, 24, 20][5, 21, 15, 2, 29][10, 15, 6, 13][7, 16, 27][22, 25][11, 25][7, 14][14, 24][6, 16] 
[5, 21, 10, 15, 6, 13][23, 14, 3, 11, 25][26, 0, 22, 17, 28][12, 8, 19, 0, 18][9, 1, 4, 24, 20][7, 16, 27, 29][11, 25][7, 14][22, 25][14, 24][6, 16][2, 15] 
[23, 14, 3, 11, 25][9, 1, 4, 24, 20][26, 0, 22, 17, 28][12, 8, 19, 0, 18][5, 21, 2, 29][10, 15, 6, 13][7, 16, 27][2, 15][6, 16][7, 14][14, 24][22, 25] 
[12, 8, 19, 0, 18][26, 0, 22, 17, 28][23, 14, 3, 11, 25][9, 1, 4, 24, 20][10, 15, 6, 13][5, 21, 2, 29][7, 16, 27][22, 25][7, 14][6, 16][14, 24][2, 15] 
[12, 8, 19, 0, 18][26, 0, 22, 17, 28][23, 14, 3, 11, 25][9, 1, 4, 24, 20][10, 15, 6, 13][5, 21, 2, 29][7, 16, 27][22, 25][7, 14][14, 24][6, 16][2, 15] 
[23, 14, 3, 11, 25][26, 0, 22, 17, 28][12, 8, 19, 0, 18][9, 1, 4, 24, 20][10, 15, 6, 13][5, 21, 2, 29][7, 16, 27][6, 16][7, 14][22, 25][2, 15][14, 24] 
[23, 14, 3, 11, 25][9, 1, 4, 24, 20][26, 0, 22, 17, 28][12, 8, 19, 0, 18][10, 15, 6, 13][5, 21, 2, 29][7, 16, 27][2, 15][6, 16][7, 14][14, 24][22, 25] 
[23, 14, 3, 11, 25][26, 0, 22, 17, 28][12, 8, 19, 0, 18][9, 1, 4, 24, 20][10, 15, 6, 13][5, 21, 2, 29][7, 16, 27][6, 16][7, 14][22, 25][2, 15][14, 24] 
[5, 21, 15, 2, 29][9, 1, 4, 24, 20][26, 0, 22, 17, 28][12, 8, 19, 0, 18][10, 15, 6, 13][23, 3, 11, 25][7, 16, 27][6, 16][7, 14][11, 14][14, 24][22, 25] 
