[19, 17, 22, 0, 12, 8, 26][3, 1, 9, 14, 11, 25, 28][13, 6, 15, 16][5, 21, 10, 27][4, 24, 20, 23][21, 2, 29][10, 15][13, 18][2, 7][18, 22][7, 20][14, 24] 
[3, 1, 9, 14, 11, 25, 28][19, 17, 22, 0, 12, 8, 26][5, 21, 10, 27][13, 6, 15, 16][4, 24, 20, 23][21, 2, 29][2, 7][10, 15][7, 20][13, 18][14, 24][18, 22] 
[3, 1, 9, 14, 11, 25, 28][19, 17, 22, 0, 12, 8, 26][4, 24, 20, 23][5, 21, 10, 27][13, 6, 15, 16][21, 2, 29][14, 24][7, 20][2, 7][10, 15][13, 18][18, 22] 
[19, 17, 22, 0, 12, 8, 26][3, 1, 9, 14, 11, 25, 28][13, 6, 15, 16][5, 21, 10, 27][4, 24, 20, 23][21, 2, 29][18, 22][13, 18][10, 15][2, 7][7, 20][14, 24] 
[19, 17, 22, 0, 12, 8, 26][3, 1, 9, 14, 11, 25][13, 6, 15, 16][5, 21, 10, 27][4, 24, 20, 23][21, 2, 29][20, 7, 28][10, 15][2, 7][25, 28][13, 18][18, 22] 
[19, 17, 22, 0, 12, 8, 26][3, 1, 9, 14, 11, 25][13, 6, 15, 16][5, 21, 10, 27][4, 24, 20, 23][21, 2, 29][20, 7, 28][10, 15][2, 7][25, 28][13, 18][18, 22] 
[19, 17, 22, 0, 12, 8, 26][3, 1, 9, 14, 11, 25][4, 24, 20, 23][5, 21, 10, 27][13, 6, 15, 16][20, 7, 28][21, 2, 29][25, 28][2, 7][10, 15][13, 18][18, 22] 
[19, 17, 22, 0, 12, 8, 26][3, 1, 9, 14, 11, 25][4, 24, 20, 23][5, 21, 10, 27][13, 6, 15, 16][20, 7, 28][21, 2, 29][2, 7][10, 15][13, 18][18, 22][25, 28] 
[19, 17, 22, 0, 12, 8, 26][3, 1, 9, 14, 11, 25][4, 24, 20, 23][5, 21, 10, 27][13, 6, 15, 16][20, 7, 28][21, 2, 29][25, 28][2, 7][10, 15][13, 18][18, 22] 
[19, 17, 22, 0, 12, 8, 26][3, 1, 9, 14, 11, 25][13, 6, 15, 16][5, 21, 10, 27][4, 24, 20, 23][21, 2, 29][20, 7, 28][10, 15][2, 7][25, 28][13, 18][18, 22] 
[19, 17, 22, 0, 12, 8, 26][3, 1, 9, 14, 11, 25, 28][13, 6, 15, 16][5, 21, 10, 27][4, 24, 20, 23][21, 2, 29][18, 22][13, 18][10, 15][2, 7][7, 20][14, 24] 
[19, 17, 22, 0, 12, 8, 26][3, 1, 9, 14, 11, 25, 28][13, 6, 15, 16][5, 21, 10, 27][4, 24, 20, 23][21, 2, 29][18, 22][13, 18][10, 15][2, 7][7, 20][14, 24] 
[19, 17, 22, 0, 12, 8, 26][3, 1, 9, 14, 11, 25, 28][13, 6, 15, 16][5, 21, 10, 27][4, 24, 20, 23][21, 2, 29][18, 22][13, 18][10, 15][2, 7][7, 20][14, 24] 
[19, 17, 22, 0, 12, 8, 26][3, 1, 9, 14, 11, 25][13, 6, 15, 16][5, 21, 10, 27][4, 24, 20, 23][21, 2, 29][20, 7, 28][10, 15][2, 7][25, 28][13, 18][18, 22] 
[19, 17, 22, 0, 12, 8, 26][3, 1, 9, 14, 11, 25][4, 24, 20, 23][5, 21, 10, 27][13, 6, 15, 16][20, 7, 28][21, 2, 29][25, 28][2, 7][10, 15][13, 18][18, 22] 
[19, 17, 22, 0, 12, 8, 26][3, 1, 9, 14, 11, 25][4, 24, 20, 23][5, 21, 10, 27][13, 6, 15, 16][20, 7, 28][21, 2, 29][2, 7][10, 15][13, 18][18, 22][25, 28] 
[3, 1, 9, 14, 11, 25, 28][19, 17, 22, 0, 12, 8, 26][5, 21, 10, 27][13, 6, 15, 16][4, 24, 20, 23][21, 2, 29][10, 15][2, 7][7, 20][13, 18][14, 24][18, 22] 
[3, 1, 9, 14, 11, 25, 28][19, 17, 22, 0, 12, 8, 26][4, 24, 20, 23][5, 21, 10, 27][13, 6, 15, 16][21, 2, 29][14, 24][7, 20][2, 7][10, 15][13, 18][18, 22] 
[19, 17, 22, 0, 12, 8, 26][3, 1, 9, 14, 11, 25][4, 24, 20, 23][5, 21, 10, 27][13, 6, 15, 16][20, 7, 28][21, 2, 29][25, 28][2, 7][10, 15][13, 18][18, 22] 
[19, 17, 22, 0, 12, 8, 26][3, 1, 9, 14, 11, 25, 28][13, 6, 15, 16][5, 21, 10, 27][4, 24, 20, 23][21, 2, 29][10, 15][13, 18][2, 7][18, 22][7, 20][14, 24] 
[19, 17, 22, 0, 12, 8, 26][3, 1, 9, 14, 11, 25, 28][13, 6, 15, 16][5, 21, 10, 27][4, 24, 20, 23][21, 2, 29][18, 22][13, 18][10, 15][2, 7][7, 20][14, 24] 
[3, 1, 9, 14, 11, 25, 28][19, 17, 22, 0, 12, 8, 26][5, 21, 10, 27][13, 6, 15, 16][4, 24, 20, 23][21, 2, 29][10, 15][2, 7][7, 20][13, 18][14, 24][18, 22] 
[3, 1, 9, 14, 11, 25, 28][19, 17, 22, 0, 12, 8, 26][4, 24, 20, 23][5, 21, 10, 27][13, 6, 15, 16][21, 2, 29][14, 24][7, 20][2, 7][10, 15][13, 18][18, 22] 
[19, 17, 22, 0, 12, 8, 26][3, 1, 9, 14, 11, 25][13, 6, 15, 16][5, 21, 10, 27][4, 24, 20, 23][21, 2, 29][20, 7, 28][10, 15][2, 7][25, 28][13, 18][18, 22] 
[19, 17, 22, 0, 12, 8, 26][3, 1, 9, 14, 11, 25][5, 21, 10, 27][4, 24, 20, 23][13, 6, 15, 16][21, 2, 29][20, 7, 28][0, 18, 22][2, 7][14, 24][10, 15][13, 18] 
[19, 17, 22, 0, 12, 8, 26][3, 1, 9, 14, 11, 25][4, 24, 20, 23][5, 21, 10, 27][13, 6, 15, 16][20, 7, 28][21, 2, 29][25, 28][2, 7][10, 15][13, 18][18, 22] 
[3, 1, 9, 14, 11, 25, 28][19, 17, 22, 0, 12, 8, 26][4, 24, 20, 23][5, 21, 10, 27][13, 6, 15, 16][21, 2, 29][14, 24][7, 20][2, 7][10, 15][13, 18][18, 22] 
[3, 1, 9, 14, 11, 25, 28][19, 17, 22, 0, 12, 8, 26][5, 21, 10, 27][13, 6, 15, 16][4, 24, 20, 23][21, 2, 29][10, 15][2, 7][7, 20][13, 18][14, 24][18, 22] 
[19, 17, 22, 0, 12, 8, 26][3, 1, 9, 14, 11, 25][4, 24, 20, 23][5, 21, 10, 27][13, 6, 15, 16][20, 7, 28][21, 2, 29][0, 18, 22][14, 24][2, 7][10, 15][13, 18] 
[3, 1, 9, 14, 11, 25, 28][19, 17, 22, 0, 12, 8, 26][4, 24, 20, 23][5, 21, 10, 27][13, 6, 15, 16][21, 2, 29][14, 24][7, 20][2, 7][10, 15][13, 18][18, 22] 
[19, 17, 22, 0, 12, 8, 26][3, 1, 9, 14, 11, 25, 28][5, 21, 10, 27][13, 6, 15, 16][4, 24, 20, 23][21, 2, 29][10, 15][2, 7][13, 18][18, 22][7, 20][14, 24] 
[3, 1, 9, 14, 11, 25, 28][19, 17, 22, 0, 12, 8, 26][5, 21, 10, 27][13, 6, 15, 16][4, 24, 20, 23][21, 2, 29][10, 15][2, 7][7, 20][13, 18][14, 24][18, 22] 
[19, 17, 22, 0, 12, 8, 26][3, 1, 9, 14, 11, 25][4, 24, 20, 23][5, 21, 10, 27][13, 6, 15, 16][20, 7, 28][21, 2, 29][0, 18, 22][14, 24][2, 7][10, 15][13, 18] 
[3, 1, 9, 14, 11, 25, 28][19, 17, 22, 0, 12, 8, 26][5, 21, 10, 27][13, 6, 15, 16][4, 24, 20, 23][21, 2, 29][2, 7][10, 15][7, 20][14, 24][13, 18][18, 22] 
[3, 1, 9, 14, 11, 25, 28][19, 17, 22, 0, 12, 8, 26][5, 21, 10, 27][13, 6, 15, 16][4, 24, 20, 23][21, 2, 29][10, 15][2, 7][7, 20][13, 18][14, 24][18, 22] 
[16, 2, 21, 10, 29, 27, 7, 24, 23, 14, 9, 1, 4, 20][15, 6, 13, 0, 25, 22, 17, 18, 19, 12, 8, 26][3, 1, 9, 14, 11, 17][7, 28][5, 6][8, 12][8, 12][6, 13][6, 13][6, 13][6, 13][8, 12] 
[16, 2, 21, 10, 29, 27, 7, 24, 23, 14, 9, 1, 4, 20][15, 6, 13, 0, 25, 22, 17, 18, 19, 12, 8, 26][3, 1, 9, 14, 11, 17][7, 28][5, 6][8, 12][8, 12][6, 13][6, 13][6, 13][6, 13][8, 12] 
[16, 2, 21, 10, 29, 27, 7, 24, 23, 14, 9, 1, 4, 20][15, 6, 13, 0, 25, 22, 17, 18, 19, 12, 8, 26][3, 1, 9, 14, 11, 17][7, 28][5, 6][8, 12][8, 12][6, 13][6, 13][6, 13][6, 13][8, 12] 
[15, 6, 13, 0, 25, 22, 17, 18, 19, 12, 8, 26][16, 2, 21, 10, 29, 27, 7, 24][4, 3, 1, 9, 14, 11, 17][3, 23, 20, 7, 28][8, 12][5, 6][8, 12][6, 13][6, 13][8, 12][8, 12][8, 12] 
[15, 6, 13, 0, 25, 22, 17, 18, 19, 12, 8, 26][16, 2, 21, 10, 29, 27, 7, 24][4, 3, 1, 9, 14, 11, 17][3, 23, 20, 7, 28][6, 13][5, 6][8, 12][8, 12][8, 12][7, 20][8, 12][8, 12] 
[15, 6, 13, 0, 25, 22, 17, 18, 19, 12, 8, 26][16, 2, 21, 10, 29, 27, 7, 24][3, 1, 9, 14, 11, 17][3, 23, 20, 7, 28][8, 12][3, 4][5, 6][8, 12][7, 20][8, 12][6, 13][8, 12] 
[16, 2, 21, 10, 29, 27, 7, 24, 23, 14, 9, 1, 4, 20][15, 6, 13, 0, 25, 22, 17, 18, 19, 12, 8, 26][3, 1, 9, 14, 11, 17][7, 28][5, 6][8, 12][8, 12][6, 13][6, 13][6, 13][6, 13][8, 12] 
[16, 2, 21, 10, 29, 27, 7, 24, 23, 14, 9, 1, 4, 20][15, 6, 13, 0, 25, 22, 17, 18, 19, 12, 8, 26][3, 1, 9, 14, 11, 17][7, 28][5, 6][8, 12][8, 12][6, 13][6, 13][6, 13][6, 13][8, 12] 
[15, 6, 13, 0, 25, 22, 17, 18, 19, 12, 8, 26][16, 2, 21, 10, 29, 27, 7, 24][4, 3, 1, 9, 14, 11, 17][3, 23, 20, 7, 28][6, 13][5, 6][8, 12][8, 12][8, 12][7, 20][8, 12][8, 12] 
[16, 2, 21, 10, 29, 27, 7, 24, 23, 14, 9, 1, 4, 20][15, 6, 13, 0, 25, 22, 17, 18, 19, 12, 8, 26][3, 1, 9, 14, 11, 17][7, 28][5, 6][8, 12][8, 12][6, 13][6, 13][6, 13][6, 13][8, 12] 
[16, 2, 21, 10, 29, 27, 7, 24, 23, 14, 9, 1, 4, 20][15, 6, 13, 0, 25, 22, 17, 18, 19, 12, 8, 26][3, 1, 9, 14, 11, 17][7, 28][5, 6][8, 12][8, 12][6, 13][6, 13][6, 13][6, 13][8, 12] 
[16, 2, 21, 10, 29, 27, 7, 24, 23, 14, 9, 1, 4, 20][15, 6, 13, 0, 25, 22, 17, 18, 19, 12, 8, 26][3, 1, 9, 14, 11, 17][7, 28][5, 6][8, 12][8, 12][6, 13][6, 13][6, 13][6, 13][8, 12] 
[15, 6, 13, 0, 25, 22, 17, 18, 19, 12, 8, 26][16, 2, 21, 10, 29, 27, 7, 24][4, 3, 1, 9, 14, 11, 17][3, 23, 20, 7, 28][6, 13][5, 6][8, 12][8, 12][8, 12][7, 20][8, 12][8, 12] 
[16, 2, 21, 10, 29, 27, 7, 24, 23, 14, 9, 1, 4, 20][15, 6, 13, 0, 25, 22, 17, 18, 19, 12, 8, 26][3, 1, 9, 14, 11, 17][7, 28][5, 6][8, 12][8, 12][6, 13][6, 13][6, 13][6, 13][8, 12] 
[16, 2, 21, 10, 29, 27, 7, 24, 23, 14, 9, 1, 4, 20][15, 6, 13, 0, 25, 22, 17, 18, 19, 12, 8, 26][3, 1, 9, 14, 11, 17][7, 28][5, 6][8, 12][8, 12][6, 13][6, 13][6, 13][6, 13][8, 12] 
[16, 2, 21, 10, 29, 27, 7, 24, 23, 14, 9, 1, 4, 20][15, 6, 13, 0, 25, 22, 17, 18, 19, 12, 8, 26][3, 1, 9, 14, 11, 17][8, 12][7, 28][5, 6][8, 12][6, 13][6, 13][8, 12][8, 12][8, 12] 
[16, 2, 21, 10, 29, 27, 7, 24, 23, 14, 9, 1, 4, 20][15, 6, 13, 0, 25, 22, 17, 18, 19, 12, 8, 26][3, 1, 9, 14, 11, 17][8, 12][7, 28][5, 6][8, 12][6, 13][6, 13][8, 12][8, 12][8, 12] 
[15, 6, 13, 0, 25, 22, 17, 18, 19, 12, 8, 26][16, 2, 21, 10, 29, 27, 7, 24][4, 3, 1, 9, 14, 11, 17][3, 23, 20, 7, 28][8, 12][5, 6][8, 12][6, 13][6, 13][8, 12][8, 12][8, 12] 
[16, 2, 21, 10, 29, 27, 7, 24, 23, 14, 9, 1, 4, 20][15, 6, 13, 0, 25, 22, 17, 18, 19, 12, 8, 26][3, 1, 9, 14, 11, 17][8, 12][7, 28][5, 6][8, 12][6, 13][6, 13][8, 12][8, 12][8, 12] 
[16, 2, 21, 10, 29, 27, 7, 24, 23, 14, 9, 1, 4, 20][15, 6, 13, 0, 25, 22, 17, 18, 19, 12, 8, 26][3, 1, 9, 14, 11, 17][8, 12][7, 28][5, 6][8, 12][6, 13][6, 13][8, 12][8, 12][8, 12] 
[16, 2, 21, 10, 29, 27, 7, 24, 23, 14, 9, 1, 4, 20][15, 6, 13, 0, 25, 22, 17, 18, 19, 12, 8, 26][3, 1, 9, 14, 11, 17][8, 12][7, 28][5, 6][8, 12][6, 13][6, 13][8, 12][8, 12][8, 12] 
[19, 17, 22, 0, 12, 8, 26][3, 1, 9, 14, 11, 25][4, 24, 20, 23][5, 21, 10, 27][13, 6, 15, 16][20, 7, 28][21, 2, 29][14, 24][2, 7][10, 15][13, 18][18, 22] 
[19, 17, 22, 0, 12, 8, 26][3, 1, 9, 14, 11, 25][5, 21, 10, 27][4, 24, 20, 23][13, 6, 15, 16][21, 2, 29][20, 7, 28][2, 7][14, 24][10, 15][13, 18][18, 22] 
[19, 17, 22, 0, 12, 8, 26][3, 1, 9, 14, 11, 25][5, 21, 10, 27][13, 6, 15, 16][4, 24, 20, 23][21, 2, 29][20, 7, 28][10, 15][13, 18][18, 22][2, 7][14, 24] 
[19, 17, 22, 0, 12, 8, 26][3, 1, 9, 14, 11, 25][5, 21, 10, 27][4, 24, 20, 23][13, 6, 15, 16][21, 2, 29][20, 7, 28][2, 7][14, 24][10, 15][13, 18][18, 22] 
[19, 17, 22, 0, 12, 8, 26][3, 1, 9, 14, 11, 25][13, 6, 15, 16][5, 21, 10, 27][4, 24, 20, 23][21, 2, 29][20, 7, 28][18, 22][13, 18][10, 15][2, 7][14, 24] 
[19, 17, 22, 0, 12, 8, 26][3, 1, 9, 14, 11, 25][5, 21, 10, 27][21, 2, 29, 27][13, 6, 15, 16][4, 24, 20, 23][20, 7, 28][10, 15][13, 18][18, 22][2, 7][14, 24] 
[19, 17, 22, 0, 12, 8, 26][3, 1, 9, 14, 11, 25][4, 24, 20, 23][5, 21, 10, 27][13, 6, 15, 16][20, 7, 28][21, 2, 29][0, 18, 22][14, 24][2, 7][10, 15][13, 18] 
[19, 17, 22, 0, 12, 8, 26][3, 1, 9, 14, 11, 25][4, 24, 20, 23][5, 21, 10, 27][13, 6, 15, 16][20, 7, 28][21, 2, 29][14, 24][2, 7][10, 15][13, 18][18, 22] 
[19, 17, 22, 0, 12, 8, 26][3, 1, 9, 14, 11, 25][5, 21, 10, 27][21, 2, 29, 27][13, 6, 15, 16][4, 24, 20, 23][20, 7, 28][10, 15][13, 18][18, 22][2, 7][14, 24] 
[19, 17, 22, 0, 12, 8, 26][3, 1, 9, 14, 11, 25][4, 24, 20, 23][5, 21, 10, 27][13, 6, 15, 16][20, 7, 28][21, 2, 29][0, 18, 22][14, 24][2, 7][10, 15][13, 18] 
[19, 17, 22, 0, 12, 8, 26][3, 1, 9, 14, 11, 25][4, 24, 20, 23][5, 21, 10, 27][13, 6, 15, 16][20, 7, 28][21, 2, 29][14, 24][2, 7][10, 15][13, 18][18, 22] 
[19, 17, 22, 0, 12, 8, 26][3, 1, 9, 14, 11, 25][4, 24, 20, 23][5, 21, 10, 27][13, 6, 15, 16][20, 7, 28][21, 2, 29][14, 24][2, 7][10, 15][13, 18][18, 22] 
[19, 17, 22, 0, 12, 8, 26][3, 1, 9, 14, 11, 25][5, 21, 10, 27][13, 6, 15, 16][4, 24, 20, 23][21, 2, 29][20, 7, 28][10, 15][13, 18][18, 22][2, 7][14, 24] 
[19, 17, 22, 0, 12, 8, 26][3, 1, 9, 14, 11, 25][5, 21, 10, 27][4, 24, 20, 23][13, 6, 15, 16][21, 2, 29][20, 7, 28][2, 7][14, 24][10, 15][13, 18][18, 22] 
[19, 17, 22, 0, 12, 8, 26][3, 1, 9, 14, 11, 25][4, 24, 20, 23][5, 21, 10, 27][13, 6, 15, 16][20, 7, 28][21, 2, 29][14, 24][2, 7][10, 15][13, 18][18, 22] 
[3, 1, 9, 14, 11, 25, 28][19, 17, 22, 0, 12, 8, 26][5, 21, 10, 27][13, 6, 15, 16][4, 24, 20, 23][21, 2, 29][10, 15][2, 7][7, 20][13, 18][14, 24][18, 22] 
[3, 1, 9, 14, 11, 25, 28][19, 17, 22, 0, 12, 8, 26][5, 21, 10, 27][13, 6, 15, 16][4, 24, 20, 23][21, 2, 29][10, 15][2, 7][7, 20][13, 18][14, 24][18, 22] 
[3, 1, 9, 14, 11, 25, 28][19, 17, 22, 0, 12, 8, 26][5, 21, 10, 27][13, 6, 15, 16][4, 24, 20, 23][21, 2, 29][10, 15][2, 7][7, 20][13, 18][14, 24][18, 22] 
[19, 17, 22, 0, 12, 8, 26][3, 1, 9, 14, 11, 25, 28][13, 6, 15, 16][5, 21, 10, 27][4, 24, 20, 23][21, 2, 29][18, 22][13, 18][10, 15][2, 7][7, 20][14, 24] 
[19, 17, 22, 0, 12, 8, 26][3, 1, 9, 14, 11, 25, 28][13, 6, 15, 16][5, 21, 10, 27][4, 24, 20, 23][21, 2, 29][18, 22][13, 18][10, 15][2, 7][7, 20][14, 24] 
[3, 1, 9, 14, 11, 25, 28][19, 17, 22, 0, 12, 8, 26][5, 21, 10, 27][13, 6, 15, 16][4, 24, 20, 23][21, 2, 29][10, 15][2, 7][7, 20][13, 18][14, 24][18, 22] 
[19, 17, 22, 0, 12, 8, 26][3, 1, 9, 14, 11, 25][5, 21, 10, 27][4, 24, 20, 23][13, 6, 15, 16][21, 2, 29][20, 7, 28][2, 7][14, 24][10, 15][13, 18][18, 22] 
[19, 17, 22, 0, 12, 8, 26][3, 1, 9, 14, 11, 25][5, 21, 10, 27][4, 24, 20, 23][13, 6, 15, 16][21, 2, 29][20, 7, 28][2, 7][10, 15][13, 18][18, 22][14, 24] 
[19, 17, 22, 0, 12, 8, 26][3, 1, 9, 14, 11, 25][5, 21, 10, 27][4, 24, 20, 23][13, 6, 15, 16][21, 2, 29][20, 7, 28][2, 7][14, 24][10, 15][13, 18][18, 22] 
[19, 17, 22, 0, 12, 8, 26][3, 1, 9, 14, 11, 25][13, 6, 15, 16][5, 21, 10, 27][4, 24, 20, 23][21, 2, 29][20, 7, 28][18, 22][13, 18][10, 15][2, 7][14, 24] 
[19, 17, 22, 0, 12, 8, 26][3, 1, 9, 14, 11, 25][5, 21, 10, 27][4, 24, 20, 23][13, 6, 15, 16][21, 2, 29][20, 7, 28][0, 18, 22][2, 7][14, 24][10, 15][13, 18] 
[19, 17, 22, 0, 12, 8, 26][3, 1, 9, 14, 11, 25][5, 21, 10, 27][13, 6, 15, 16][4, 24, 20, 23][21, 2, 29][20, 7, 28][10, 15][13, 18][18, 22][2, 7][14, 24] 
[19, 17, 22, 0, 12, 8, 26][3, 1, 9, 14, 11, 25][13, 6, 15, 16][5, 21, 10, 27][4, 24, 20, 23][21, 2, 29][20, 7, 28][18, 22][13, 18][10, 15][2, 7][14, 24] 
[19, 17, 22, 0, 12, 8, 26][3, 1, 9, 14, 11, 25, 28][13, 6, 15, 16][5, 21, 10, 27][4, 24, 20, 23][21, 2, 29][18, 22][13, 18][10, 15][2, 7][7, 20][14, 24] 
[3, 1, 9, 14, 11, 25, 28][19, 17, 22, 0, 12, 8, 26][5, 21, 10, 27][13, 6, 15, 16][4, 24, 20, 23][21, 2, 29][2, 7][10, 15][7, 20][13, 18][14, 24][18, 22] 
[3, 1, 9, 14, 11, 25, 28][19, 17, 22, 0, 12, 8, 26][4, 24, 20, 23][5, 21, 10, 27][13, 6, 15, 16][21, 2, 29][14, 24][7, 20][2, 7][10, 15][13, 18][18, 22] 
[3, 1, 9, 14, 11, 25, 28][19, 17, 22, 0, 12, 8, 26][4, 24, 20, 23][5, 21, 10, 27][13, 6, 15, 16][21, 2, 29][14, 24][7, 20][2, 7][10, 15][13, 18][18, 22] 
[3, 1, 9, 14, 11, 25, 28][19, 17, 22, 0, 12, 8, 26][4, 24, 20, 23][5, 21, 10, 27][13, 6, 15, 16][21, 2, 29][14, 24][7, 20][2, 7][10, 15][13, 18][18, 22] 
[3, 1, 9, 14, 11, 25, 28][19, 17, 22, 0, 12, 8, 26][4, 24, 20, 23][5, 21, 10, 27][13, 6, 15, 16][21, 2, 29][14, 24][7, 20][2, 7][10, 15][13, 18][18, 22] 
[3, 1, 9, 14, 11, 25, 28][19, 17, 22, 0, 12, 8, 26][4, 24, 20, 23][5, 21, 10, 27][13, 6, 15, 16][21, 2, 29][14, 24][7, 20][2, 7][10, 15][13, 18][18, 22] 
[19, 17, 22, 0, 12, 8, 26][3, 1, 9, 14, 11, 25, 28][13, 6, 15, 16][5, 21, 10, 27][4, 24, 20, 23][21, 2, 29][18, 22][13, 18][10, 15][2, 7][7, 20][14, 24] 
[19, 17, 22, 0, 12, 8, 26][3, 1, 9, 14, 11, 25, 28][13, 6, 15, 16][5, 21, 10, 27][4, 24, 20, 23][21, 2, 29][18, 22][13, 18][10, 15][2, 7][7, 20][14, 24] 
[19, 17, 22, 0, 12, 8, 26][3, 1, 9, 14, 11, 25, 28][13, 6, 15, 16][5, 21, 10, 27][4, 24, 20, 23][21, 2, 29][18, 22][13, 18][10, 15][2, 7][7, 20][14, 24] 
[19, 17, 22, 0, 12, 8, 26][3, 1, 9, 14, 11, 25, 28][13, 6, 15, 16][5, 21, 10, 27][4, 24, 20, 23][21, 2, 29][18, 22][13, 18][10, 15][2, 7][7, 20][14, 24] 
[3, 1, 9, 14, 11, 25, 28][19, 17, 22, 0, 12, 8, 26][5, 21, 10, 27][13, 6, 15, 16][4, 24, 20, 23][21, 2, 29][10, 15][2, 7][7, 20][13, 18][14, 24][18, 22] 
[19, 17, 22, 0, 12, 8, 26][3, 1, 9, 14, 11, 25, 28][13, 6, 15, 16][5, 21, 10, 27][4, 24, 20, 23][21, 2, 29][18, 22][13, 18][10, 15][2, 7][7, 20][14, 24] 
[3, 1, 9, 14, 11, 25, 28][19, 17, 22, 0, 12, 8, 26][5, 21, 10, 27][13, 6, 15, 16][4, 24, 20, 23][21, 2, 29][10, 15][2, 7][7, 20][13, 18][14, 24][18, 22] 
[3, 1, 9, 14, 11, 25, 28][19, 17, 22, 0, 12, 8, 26][5, 21, 10, 27][13, 6, 15, 16][4, 24, 20, 23][21, 2, 29][10, 15][2, 7][7, 20][13, 18][14, 24][18, 22] 
[17, 22, 12, 0, 19, 8, 26][3, 1, 9, 14, 11, 25, 28][5, 21, 10, 27][13, 6, 15, 16][4, 24, 20, 23][21, 2, 29][2, 7][10, 15][13, 18][18, 22][7, 20][14, 24] 
[17, 22, 12, 0, 19, 8, 26][3, 1, 9, 14, 11, 25, 28][5, 21, 10, 27][13, 6, 15, 16][4, 24, 20, 23][21, 2, 29][2, 7][10, 15][13, 18][18, 22][7, 20][14, 24] 
[17, 22, 12, 0, 19, 8, 26][3, 1, 9, 14, 11, 25, 28][5, 21, 10, 27][13, 6, 15, 16][4, 24, 20, 23][21, 2, 29][2, 7][10, 15][13, 18][18, 22][7, 20][14, 24] 
[17, 22, 12, 0, 19, 8, 26][3, 1, 9, 14, 11, 25, 28][5, 21, 10, 27][13, 6, 15, 16][4, 24, 20, 23][21, 2, 29][2, 7][10, 15][13, 18][18, 22][7, 20][14, 24] 
[17, 22, 12, 0, 19, 8, 26][3, 1, 9, 14, 11, 25, 28][5, 21, 10, 27][13, 6, 15, 16][4, 24, 20, 23][21, 2, 29][2, 7][10, 15][13, 18][18, 22][7, 20][14, 24] 
[17, 22, 12, 0, 19, 8, 26][3, 1, 9, 14, 11, 25, 28][5, 21, 10, 27][13, 6, 15, 16][4, 24, 20, 23][21, 2, 29][2, 7, 20][10, 15][13, 18][18, 22][7, 20][14, 24] 
[19, 17, 22, 0, 12, 8, 26][3, 1, 9, 14, 11, 25][5, 21, 10, 27][4, 24, 20, 23][13, 6, 15, 16][21, 2, 29][20, 7, 28][2, 7][14, 24][10, 15][13, 18][18, 22] 
[19, 17, 22, 0, 12, 8, 26][3, 1, 9, 14, 11, 25][5, 21, 10, 27][4, 24, 20, 23][13, 6, 15, 16][21, 2, 29][20, 7, 28][2, 7][10, 15][13, 18][18, 22][14, 24] 
[19, 17, 22, 0, 12, 8, 26][3, 1, 9, 14, 11, 25][5, 21, 10, 27][13, 6, 15, 16][4, 24, 20, 23][21, 2, 29][20, 7, 28][10, 15][13, 18][18, 22][2, 7][14, 24] 
[19, 17, 22, 0, 12, 8, 26][3, 1, 9, 14, 11, 25][4, 24, 20, 23][5, 21, 10, 27][13, 6, 15, 16][20, 7, 28][21, 2, 29][14, 24][2, 7][10, 15][13, 18][18, 22] 
[19, 17, 22, 0, 12, 8, 26][3, 1, 9, 14, 11, 25][4, 24, 20, 23][5, 21, 10, 27][13, 6, 15, 16][20, 7, 28][21, 2, 29][14, 24][2, 7][10, 15][13, 18][18, 22] 
[3, 1, 9, 14, 11, 25, 28][19, 17, 22, 0, 12, 8, 26][5, 21, 10, 27][13, 6, 15, 16][4, 24, 20, 23][21, 2, 29][10, 15][2, 7][7, 20][13, 18][14, 24][18, 22] 
[19, 17, 22, 0, 12, 8, 26][3, 1, 9, 14, 11, 25][5, 21, 10, 27][4, 24, 20, 23][13, 6, 15, 16][21, 2, 29][20, 7, 28][2, 7][14, 24][10, 15][13, 18][18, 22] 
