[9, 3, 1, 23, 24, 4, 7, 20][14, 11, 17, 12, 19, 22][8, 26, 0, 18][13, 6, 2, 29][0, 28, 16][15, 10, 16][25, 7, 27][18, 22][5, 15][5, 6][16, 27][5, 21] 
[9, 3, 1, 23, 24, 4, 7, 20, 14][11, 17, 12, 19, 22][8, 26, 0, 18][13, 6, 2, 29][25, 7, 27][15, 10, 16][0, 28, 16][16, 27][5, 15][18, 22][5, 6][5, 21] 
[9, 3, 1, 23, 24, 4, 7, 20, 14][11, 17, 12, 19, 22][8, 26, 0, 18][13, 6, 2, 29][0, 28, 16][15, 10, 16][25, 7, 27][18, 22][5, 15][16, 27][5, 6][5, 21] 
[9, 3, 1, 23, 24, 4, 7, 20, 14][8, 26, 0, 18, 22][11, 17, 12, 19][25, 7, 27][15, 10, 16][0, 28, 16][6, 5, 21][2, 6, 13][16, 27][5, 15][2, 29][19, 22] 
[9, 3, 1, 23, 24, 4, 7, 20][14, 11, 17, 12, 19, 22][8, 26, 0, 18][13, 6, 2, 29][25, 7, 27][0, 28, 16][15, 5, 21][16, 27][10, 16][18, 22][10, 15][5, 6] 
[9, 3, 1, 23, 24, 4, 7, 20][14, 11, 17, 12, 19][8, 26, 0, 18][13, 6, 2, 29][0, 28, 16][15, 10, 16][25, 7, 27][15, 5, 21][18, 22][19, 22][16, 27][5, 6] 
[9, 3, 1, 23, 24, 4, 7, 20][11, 17, 12, 19, 22][8, 26, 0, 18][13, 6, 2, 29][15, 10, 16][0, 28, 16][15, 5, 21][25, 7, 27][5, 6][16, 27][18, 22][14, 20] 
[9, 3, 1, 23, 24, 4, 7, 20][14, 11, 17, 12, 19, 22][8, 26, 0, 18][13, 6, 2, 29][25, 7, 27][0, 28, 16][15, 5, 21][16, 27][10, 16][18, 22][10, 15][5, 6] 
[9, 3, 1, 23, 24, 4, 7, 20][14, 11, 17, 12, 19][8, 26, 0, 18][13, 6, 2, 29][0, 28, 16][15, 10, 16][25, 7, 27][15, 5, 21][18, 22][19, 22][16, 27][5, 6] 
[9, 3, 1, 23, 24, 4, 7, 20][14, 11, 17, 12, 19, 22][8, 26, 0, 18][13, 6, 2, 29][25, 7, 27][0, 28, 16][15, 5, 21][16, 27][10, 16][18, 22][10, 15][5, 6] 
[9, 3, 1, 23, 24, 4, 7, 20][14, 11, 17, 12, 19, 22][8, 26, 0, 18][13, 6, 2, 29][0, 28, 16][15, 10, 16][25, 7, 27][18, 22][5, 15][5, 6][16, 27][5, 21] 
[9, 3, 1, 23, 24, 4, 7, 20, 14][11, 17, 12, 19, 22][8, 26, 0, 18][13, 6, 2, 29][15, 10, 16][0, 28, 16][25, 7, 27][5, 15][5, 21][18, 22][5, 6][16, 27] 
[9, 3, 1, 23, 24, 4, 7, 20, 14][11, 17, 12, 19, 22][8, 26, 0, 18][13, 6, 2, 29][15, 10, 16][0, 28, 16][25, 7, 27][5, 15][5, 21][18, 22][5, 6][16, 27] 
[9, 3, 1, 23, 24, 4, 7, 20][14, 11, 17, 12, 19, 22][8, 26, 0, 18][13, 6, 2, 29][0, 28, 16][25, 7, 27][15, 5, 21][10, 16][16, 27][10, 15][5, 6][18, 22] 
[9, 3, 1, 23, 24, 4, 7, 20][14, 11, 17, 12, 19][8, 26, 0, 18][13, 6, 2, 29][0, 28, 16][15, 10, 16][25, 7, 27][15, 5, 21][18, 22][19, 22][16, 27][5, 6] 
[9, 3, 1, 23, 24, 4, 7, 20][14, 11, 17, 12, 19, 22][8, 26, 0, 18][13, 6, 2, 29][25, 7, 27][0, 28, 16][15, 5, 21][16, 27][10, 16][18, 22][10, 15][5, 6] 
[9, 3, 1, 23, 24, 4, 7, 20][14, 11, 17, 12, 19, 22][8, 26, 0, 18][13, 6, 2, 29][0, 28, 16][15, 10, 16][25, 7, 27][5, 15][5, 6][18, 22][5, 21][16, 27] 
[9, 3, 1, 23, 24, 4, 7, 20, 14][11, 17, 12, 19, 22][8, 26, 0, 18][13, 6, 2, 29][15, 10, 16][0, 28, 16][25, 7, 27][5, 15][5, 21][18, 22][5, 6][16, 27] 
[9, 3, 1, 23, 24, 4, 7, 20][14, 11, 17, 12, 19, 22][8, 26, 0, 18][13, 6, 2, 29][25, 7, 27][0, 28, 16][15, 5, 21][16, 27][10, 16][18, 22][10, 15][5, 6] 
[9, 3, 1, 23, 24, 4, 7, 20][14, 11, 17, 12, 19, 22][8, 26, 0, 18][13, 6, 2, 29][0, 28, 16][15, 10, 16][25, 7, 27][5, 15][5, 6][18, 22][5, 21][16, 27] 
[9, 3, 1, 23, 24, 4, 7, 20][14, 11, 17, 12, 19, 22][8, 26, 0, 18][13, 6, 2, 29][0, 28, 16][15, 10, 16][25, 7, 27][18, 22][5, 15][5, 6][16, 27][5, 21] 
[9, 3, 1, 23, 24, 4, 7, 20, 14][11, 17, 12, 19, 22][8, 26, 0, 18][13, 6, 2, 29][15, 10, 16][0, 28, 16][25, 7, 27][5, 15][5, 21][18, 22][5, 6][16, 27] 
[9, 3, 1, 23, 24, 4, 7, 20, 14][11, 17, 12, 19, 22][8, 26, 0, 18][13, 6, 2, 29][0, 28, 16][15, 10, 16][25, 7, 27][18, 22][5, 15][16, 27][5, 6][5, 21] 
[9, 3, 1, 23, 24, 4, 7, 20][14, 11, 17, 12, 19, 22][8, 26, 0, 18][13, 6, 2, 29][0, 28, 16][15, 5, 21][25, 7, 27][10, 15][5, 6][16, 27][18, 22][10, 16] 
[9, 3, 1, 23, 24, 4, 7, 20][14, 11, 17, 12, 19][8, 26, 0, 18][13, 6, 2, 29][0, 28, 16][15, 10, 16][25, 7, 27][15, 5, 21][18, 22][19, 22][16, 27][5, 6] 
[9, 3, 1, 23, 24, 4, 7, 20][14, 11, 17, 12, 19, 22][8, 26, 0, 18][13, 6, 2, 29][25, 7, 27][0, 28, 16][15, 5, 21][16, 27][10, 16][18, 22][10, 15][5, 6] 
[9, 3, 1, 23, 24, 4, 7, 20][14, 11, 17, 12, 19, 22][8, 26, 0, 18][13, 6, 2, 29][0, 28, 16][15, 10, 16][25, 7, 27][18, 22][5, 15][5, 6][16, 27][5, 21] 
[9, 3, 1, 23, 24, 4, 7, 20, 14][11, 17, 12, 19, 22][8, 26, 0, 18][13, 6, 2, 29][15, 10, 16][0, 28, 16][25, 7, 27][5, 15][5, 21][18, 22][5, 6][16, 27] 
[9, 3, 1, 23, 24, 4, 7, 20][14, 11, 17, 12, 19, 22][8, 26, 0, 18][13, 6, 2, 29][25, 7, 27][0, 28, 16][15, 5, 21][16, 27][10, 16][18, 22][10, 15][5, 6] 
[9, 3, 1, 23, 24, 4, 7, 20][14, 11, 17, 12, 19, 22][8, 26, 0, 18][13, 6, 2, 29][0, 28, 16][15, 10, 16][25, 7, 27][18, 22][5, 15][5, 6][16, 27][5, 21] 
[9, 3, 1, 23, 24, 4, 7, 20][14, 11, 17, 12, 19, 22][8, 26, 0, 18][13, 6, 2, 29][0, 28, 16][15, 10, 16][25, 7, 27][18, 22][5, 15][5, 6][16, 27][5, 21] 
[9, 3, 1, 23, 24, 4, 7, 20, 14][11, 17, 12, 19, 22][8, 26, 0, 18][13, 6, 2, 29][15, 10, 16][0, 28, 16][25, 7, 27][5, 15][5, 21][18, 22][5, 6][16, 27] 
[9, 3, 1, 23, 24, 4, 7, 20][14, 11, 17, 12, 19, 22][8, 26, 0, 18][13, 6, 2, 29][0, 28, 16][15, 5, 21][25, 7, 27][10, 15][5, 6][16, 27][18, 22][10, 16] 
[9, 3, 1, 23, 24, 4, 7, 20][14, 11, 17, 12, 19, 22][8, 26, 0, 18][13, 6, 2, 29][0, 28, 16][15, 10, 16][25, 7, 27][18, 22][5, 15][5, 6][16, 27][5, 21] 
[9, 3, 1, 23, 24, 4, 7, 20][14, 11, 17, 12, 19, 22][8, 26, 0, 18][13, 6, 2, 29][0, 28, 16][15, 10, 16][25, 7, 27][18, 22][5, 15][5, 6][16, 27][5, 21] 
[21, 15, 27, 10, 29, 2, 6, 13, 0, 22, 18, 12, 8, 26][17, 11, 25, 7, 20, 14, 4, 3, 1, 23, 24][5, 15, 29, 27, 2, 7, 28, 16][1, 9, 3][1, 3][12, 19][7, 28][2, 29][18, 22][14, 20][14, 20][18, 22] 
[21, 15, 27, 10, 29, 2, 6, 13, 0, 22, 18, 12, 8, 26][17, 11, 25, 7, 20, 14, 4, 3, 1, 23, 24][5, 15, 29, 27, 2, 7, 28, 16][1, 3][12, 19][7, 28][1, 9][2, 29][18, 22][14, 20][14, 20][18, 22] 
[5, 21, 15, 27, 10, 29, 2, 6, 13, 0, 22, 18, 12, 8, 26][17, 11, 25, 7, 20, 14, 4, 3, 1, 23, 24][6, 10, 21, 2, 7, 28, 16][7, 28][12, 19][1, 9][1, 3][14, 20][1, 3][14, 20][14, 20][18, 22] 
[5, 21, 15, 27, 10, 29, 2, 6, 13, 0, 22, 18, 12, 8, 26][17, 11, 25, 7, 20, 14, 4, 3, 1, 23, 24][2, 7, 28, 16][7, 28][12, 19][1, 9][1, 3][14, 20][1, 3][14, 20][14, 20][18, 22] 
[5, 21, 15, 27, 10, 29, 2, 6, 13, 0, 22, 18, 12, 8, 26][17, 11, 25, 7, 20, 14, 4, 3, 1, 23, 24][2, 7, 28, 16][1, 3][12, 19][7, 28][1, 9][2, 29][18, 22][14, 20][14, 20][18, 22] 
[5, 21, 15, 27, 10, 29, 2, 6, 13, 0, 22, 18, 12, 8, 26][17, 11, 25, 7, 20, 14, 4, 3, 1, 23, 24][0, 28, 16][18, 22][18, 22][18, 19][1, 9][14, 20][14, 20][18, 22][7, 28][2, 29] 
[5, 21, 15, 27, 10, 29, 2, 6, 13, 0, 22, 18, 12, 8, 26][17, 11, 25, 7, 20, 14, 4, 3, 1, 23, 24][6, 10, 21, 2, 7, 28, 16][7, 28][12, 19][1, 9][1, 3][14, 20][1, 3][14, 20][14, 20][18, 22] 
[21, 15, 27, 10, 29, 2, 6, 13, 0, 22, 18, 12, 8, 26][17, 11, 25, 7, 20, 14, 4, 3, 1, 23, 24][5, 15, 29, 27, 2, 7, 28, 16][1, 3][12, 19][7, 28][1, 9][2, 29][18, 22][14, 20][14, 20][18, 22] 
[5, 21, 15, 27, 10, 29, 2, 6, 13, 0, 22, 18, 12, 8, 26][17, 11, 25, 7, 20, 14, 4, 3, 1, 23, 24][2, 7, 28, 16][7, 28][12, 19][1, 9][1, 3][14, 20][1, 3][14, 20][14, 20][18, 22] 
[21, 15, 27, 10, 29, 2, 6, 13, 0, 22, 18, 12, 8, 26][17, 11, 25, 7, 20, 14, 4, 3, 1, 23, 24][5, 15, 29, 27, 2, 7, 28, 16][1, 3][12, 19][7, 28][1, 9][2, 29][18, 22][14, 20][14, 20][18, 22] 
[21, 15, 27, 10, 29, 2, 6, 13, 0, 22, 18, 12, 8, 26][17, 11, 25, 7, 20, 14, 4, 3, 1, 23, 24][5, 15, 29, 27, 2, 7, 28, 16][1, 9, 3][1, 3][12, 19][7, 28][2, 29][18, 22][14, 20][14, 20][18, 22] 
[21, 15, 27, 10, 29, 2, 6, 13, 0, 22, 18, 12, 8, 26][17, 11, 25, 7, 20, 14, 4, 3, 1, 23, 24][5, 15, 29, 27, 2, 7, 28, 16][1, 3][12, 19][7, 28][1, 9][2, 29][18, 22][14, 20][14, 20][18, 22] 
[5, 21, 15, 27, 10, 29, 2, 6, 13, 0, 22, 18, 12, 8, 26][17, 11, 25, 7, 20, 14, 4, 3, 1, 23, 24][2, 7, 28, 16][7, 28][12, 19][1, 9][1, 3][14, 20][1, 3][14, 20][14, 20][18, 22] 
[21, 15, 27, 10, 29, 2, 6, 13, 0, 22, 18, 12, 8, 26][17, 11, 25, 7, 20, 14, 4, 3, 1, 23, 24][5, 15, 29, 27, 2, 7, 28, 16][1, 3][12, 19][7, 28][1, 9][2, 29][18, 22][14, 20][14, 20][18, 22] 
[21, 15, 27, 10, 29, 2, 6, 13, 0, 22, 18, 12, 8, 26][17, 11, 25, 7, 20, 14, 4, 3, 1, 23, 24][5, 15, 29, 27, 2, 7, 28, 16][1, 3][12, 19][7, 28][1, 9][2, 29][18, 22][14, 20][14, 20][18, 22] 
[5, 21, 15, 27, 10, 29, 2, 6, 13, 0, 22, 18, 12, 8, 26][17, 11, 25, 7, 20, 14, 4, 3, 1, 23, 24][13, 6, 21, 10, 29, 15, 2, 7, 28, 16][1, 3][12, 19][7, 28][1, 9][2, 29][18, 22][14, 20][14, 20][18, 22] 
[5, 21, 15, 27, 10, 29, 2, 6, 13, 0, 22, 18, 12, 8, 26][17, 11, 25, 7, 20, 14, 4, 3, 1, 23, 24][5, 6, 10, 21, 2, 7, 28, 16][7, 28][12, 19][1, 9][1, 3][14, 20][1, 3][14, 20][14, 20][18, 22] 
[5, 21, 15, 27, 10, 29, 2, 6, 13, 0, 22, 18, 12, 8, 26][17, 11, 25, 7, 20, 14, 4, 3, 1, 23, 24][2, 7, 28, 16][2, 29][12, 19][1, 9][1, 3][14, 20][18, 22][14, 20][14, 20][18, 22] 
[5, 21, 15, 27, 10, 29, 2, 6, 13, 0, 22, 18, 12, 8, 26][17, 11, 25, 7, 20, 14, 4, 3, 1, 23, 24][5, 6, 10, 21, 2, 7, 28, 16][7, 28][12, 19][1, 9][1, 3][14, 20][1, 3][14, 20][14, 20][18, 22] 
[5, 21, 15, 27, 10, 29, 2, 6, 13, 0, 22, 18, 12, 8, 26][17, 11, 25, 7, 20, 14, 4, 3, 1, 23, 24][5, 15, 29, 27, 2, 7, 28, 16][12, 18, 22][1, 3][12, 19][7, 28][1, 9][2, 29][14, 20][14, 20][18, 22] 
[5, 21, 15, 27, 10, 29, 2, 6, 13, 0, 22, 18, 12, 8, 26][17, 11, 25, 7, 20, 14, 4, 3, 1, 23, 24][13, 6, 21, 10, 29, 15, 2, 7, 28, 16][1, 3][12, 19][7, 28][1, 9][2, 29][18, 22][14, 20][14, 20][18, 22] 
[9, 3, 1, 23, 24, 4, 7, 20][14, 11, 17, 12, 19, 22][8, 26, 0, 18][13, 6, 2, 29][25, 7, 27][0, 28, 16][15, 5, 21][16, 27][10, 16][18, 22][10, 15][5, 6] 
[9, 3, 1, 23, 24, 4, 7, 20][14, 11, 17, 12, 19, 22][8, 26, 0, 18][13, 6, 2, 29][25, 7, 27][0, 28, 16][15, 5, 21][16, 27][10, 16][18, 22][10, 15][5, 6] 
[9, 3, 1, 23, 24, 4, 7, 20][14, 11, 17, 12, 19, 22][8, 26, 0, 18][13, 6, 2, 29][25, 7, 27][0, 28, 16][15, 5, 21][16, 27][10, 16][18, 22][10, 15][5, 6] 
[9, 3, 1, 23, 24, 4, 7, 20][14, 11, 17, 12, 19, 22][8, 26, 0, 18][13, 6, 2, 29][25, 7, 27][0, 28, 16][15, 5, 21][16, 27][10, 16][18, 22][10, 15][5, 6] 
[9, 3, 1, 23, 24, 4, 7, 20][14, 11, 17, 12, 19, 22][8, 26, 0, 18][13, 6, 2, 29][25, 7, 27][0, 28, 16][15, 5, 21][16, 27][10, 16][18, 22][10, 15][5, 6] 
[9, 3, 1, 23, 24, 4, 7, 20][14, 11, 17, 12, 19, 22][8, 26, 0, 18][13, 6, 2, 29][25, 7, 27][0, 28, 16][15, 5, 21][16, 27][10, 16][18, 22][10, 15][5, 6] 
[9, 3, 1, 23, 24, 4, 7, 20][14, 11, 17, 12, 19, 22][8, 26, 0, 18][13, 6, 2, 29][25, 7, 27][0, 28, 16][15, 5, 21][16, 27][10, 16][18, 22][10, 15][5, 6] 
[9, 3, 1, 23, 24, 4, 7, 20][14, 11, 17, 12, 19, 22][8, 26, 0, 18][13, 6, 2, 29][25, 7, 27][0, 28, 16][15, 5, 21][16, 27][10, 16][18, 22][10, 15][5, 6] 
[9, 3, 1, 23, 24, 4, 7, 20][14, 11, 17, 12, 19, 22][8, 26, 0, 18][13, 6, 2, 29][25, 7, 27][0, 28, 16][15, 5, 21][16, 27][10, 16][18, 22][10, 15][5, 6] 
[9, 3, 1, 23, 24, 4, 7, 20][14, 11, 17, 12, 19, 22][8, 26, 0, 18][13, 6, 2, 29][25, 7, 27][0, 28, 16][15, 5, 21][16, 27][10, 16][18, 22][10, 15][5, 6] 
[9, 3, 1, 23, 24, 4, 7, 20][14, 11, 17, 12, 19, 22][8, 26, 0, 18][13, 6, 2, 29][0, 28, 16][25, 7, 27][15, 5, 21][10, 16][16, 27][10, 15][5, 6][18, 22] 
[9, 3, 1, 23, 24, 4, 7, 20][14, 11, 17, 12, 19, 22][8, 26, 0, 18][13, 6, 2, 29][25, 7, 27][0, 28, 16][15, 5, 21][16, 27][10, 16][18, 22][10, 15][5, 6] 
[9, 3, 1, 23, 24, 4, 7, 20][14, 11, 17, 12, 19, 22][8, 26, 0, 18][13, 6, 2, 29][25, 7, 27][0, 28, 16][15, 5, 21][16, 27][10, 16][18, 22][10, 15][5, 6] 
[9, 3, 1, 23, 24, 4, 7, 20][14, 11, 17, 12, 19, 22][8, 26, 0, 18][13, 6, 2, 29][0, 28, 16][25, 7, 27][15, 5, 21][10, 16][16, 27][10, 15][5, 6][18, 22] 
[9, 3, 1, 23, 24, 4, 7, 20][14, 11, 17, 12, 19, 22][8, 26, 0, 18][13, 6, 2, 29][0, 28, 16][15, 5, 21][25, 7, 27][10, 15][5, 6][16, 27][18, 22][10, 16] 
[9, 3, 1, 23, 24, 4, 7, 20][14, 11, 17, 12, 19, 22][8, 26, 0, 18][13, 6, 2, 29][0, 28, 16][15, 10, 16][25, 7, 27][18, 22][5, 15][5, 6][16, 27][5, 21] 
[9, 3, 1, 23, 24, 4, 7, 20][14, 11, 17, 12, 19, 22][8, 26, 0, 18][13, 6, 2, 29][0, 28, 16][15, 10, 16][25, 7, 27][18, 22][5, 15][5, 6][16, 27][5, 21] 
[9, 3, 1, 23, 24, 4, 7, 20][14, 11, 17, 12, 19, 22][8, 26, 0, 18][13, 6, 2, 29][0, 28, 16][15, 10, 16][25, 7, 27][18, 22][5, 15][5, 6][16, 27][5, 21] 
[9, 3, 1, 23, 24, 4, 7, 20][14, 11, 17, 12, 19, 22][8, 26, 0, 18][13, 6, 2, 29][0, 28, 16][15, 10, 16][25, 7, 27][18, 22][5, 15][5, 6][16, 27][5, 21] 
[9, 3, 1, 23, 24, 4, 7, 20][14, 11, 17, 12, 19, 22][8, 26, 0, 18][13, 6, 2, 29][0, 28, 16][15, 10, 16][25, 7, 27][18, 22][16, 27][5, 15][5, 6][5, 21] 
[9, 3, 1, 23, 24, 4, 7, 20][14, 11, 17, 12, 19, 22][8, 26, 0, 18][13, 6, 2, 29][15, 10, 16][15, 5, 21][25, 7, 27][0, 28][18, 22][13, 18][16, 27][16, 28] 
[9, 3, 1, 23, 24, 4, 7, 20][14, 11, 17, 12, 19, 22][8, 26, 0, 18][13, 6, 2, 29][25, 7, 27][0, 28, 16][15, 5, 21][16, 27][10, 16][18, 22][10, 15][5, 6] 
[9, 3, 1, 23, 24, 4, 7, 20][14, 11, 17, 12, 19, 22][8, 26, 0, 18][13, 6, 2, 29][25, 7, 27][0, 28, 16][15, 5, 21][16, 27][10, 16][18, 22][10, 15][5, 6] 
[9, 3, 1, 23, 24, 4, 7, 20][14, 11, 17, 12, 19, 22][8, 26, 0, 18][13, 6, 2, 29][0, 28, 16][25, 7, 27][15, 5, 21][10, 16][16, 27][10, 15][5, 6][18, 22] 
[9, 3, 1, 23, 24, 4, 7, 20][14, 11, 17, 12, 19, 22][8, 26, 0, 18][13, 6, 2, 29][0, 28, 16][25, 7, 27][15, 5, 21][10, 16][16, 27][10, 15][5, 6][18, 22] 
[9, 3, 1, 23, 24, 4, 7, 20][14, 11, 17, 12, 19, 22][8, 26, 0, 18][13, 6, 2, 29][25, 7, 27][0, 28, 16][15, 5, 21][16, 27][10, 16][18, 22][10, 15][5, 6] 
[9, 3, 1, 23, 24, 4, 7, 20][14, 11, 17, 12, 19, 22][8, 26, 0, 18][13, 6, 2, 29][0, 28, 16][15, 10, 16][25, 7, 27][18, 22][5, 15][5, 6][16, 27][5, 21] 
[9, 3, 1, 23, 24, 4, 7, 20][14, 11, 17, 12, 19, 22][8, 26, 0, 18][13, 6, 2, 29][25, 7, 27][0, 28, 16][15, 5, 21][16, 27][10, 16][18, 22][10, 15][5, 6] 
[9, 3, 1, 23, 24, 4, 7, 20][14, 11, 17, 12, 19, 22][8, 26, 0, 18][13, 6, 2, 29][0, 28, 16][15, 10, 16][25, 7, 27][18, 22][5, 15][5, 6][16, 27][5, 21] 
[9, 3, 1, 23, 24, 4, 7, 20][14, 11, 17, 12, 19, 22][8, 26, 0, 18][13, 6, 2, 29][0, 28, 16][15, 10, 16][25, 7, 27][18, 22][5, 15][5, 6][16, 27][5, 21] 
[9, 3, 1, 23, 24, 4, 7, 20][14, 11, 17, 12, 19, 22][8, 26, 0, 18][13, 6, 2, 29][0, 28, 16][15, 10, 16][25, 7, 27][18, 22][5, 15][5, 6][16, 27][5, 21] 
[9, 3, 1, 23, 24, 4, 7, 20][14, 11, 17, 12, 19, 22][8, 26, 0, 18][13, 6, 2, 29][0, 28, 16][15, 10, 16][25, 7, 27][18, 22][5, 15][5, 6][16, 27][5, 21] 
[9, 3, 1, 23, 24, 4, 7, 20][14, 11, 17, 12, 19, 22][8, 26, 0, 18][13, 6, 2, 29][0, 28, 16][15, 10, 16][25, 7, 27][18, 22][5, 15][5, 6][16, 27][5, 21] 
[9, 3, 1, 23, 24, 4, 7, 20][14, 11, 17, 12, 19, 22][8, 26, 0, 18][13, 6, 2, 29][0, 28, 16][15, 10, 16][25, 7, 27][18, 22][5, 15][5, 6][16, 27][5, 21] 
[9, 3, 1, 23, 24, 4, 7, 20][14, 11, 17, 12, 19, 22][8, 26, 0, 18][13, 6, 2, 29][0, 28, 16][15, 10, 16][25, 7, 27][18, 22][5, 15][5, 6][16, 27][5, 21] 
[9, 3, 1, 23, 24, 4, 7, 20][14, 11, 17, 12, 19, 22][8, 26, 0, 18][13, 6, 2, 29][0, 28, 16][15, 10, 16][25, 7, 27][18, 22][5, 15][5, 6][16, 27][5, 21] 
[9, 3, 1, 23, 24, 4, 7, 20][14, 11, 17, 12, 19, 22][8, 26, 0, 18][13, 6, 2, 29][0, 28, 16][15, 10, 16][25, 7, 27][18, 22][5, 15][5, 6][16, 27][5, 21] 
[9, 3, 1, 23, 24, 4, 7, 20][14, 11, 17, 12, 19, 22][8, 26, 0, 18][13, 6, 2, 29][0, 28, 16][15, 10, 16][25, 7, 27][18, 22][5, 15][5, 6][16, 27][5, 21] 
[9, 3, 1, 23, 24, 4, 7, 20][14, 11, 17, 12, 19, 22][8, 26, 0, 18][13, 6, 2, 29][0, 28, 16][15, 10, 16][25, 7, 27][18, 22][5, 15][5, 6][16, 27][5, 21] 
[9, 3, 1, 23, 24, 4, 7, 20][14, 11, 17, 12, 19, 22][8, 26, 0, 18][13, 6, 2, 29][0, 28, 16][15, 10, 16][25, 7, 27][18, 22][5, 15][5, 6][16, 27][5, 21] 
[9, 3, 1, 23, 24, 4, 7, 20][14, 11, 17, 12, 19, 22][8, 26, 0, 18][13, 6, 2, 29][0, 28, 16][15, 10, 16][25, 7, 27][18, 22][5, 15][5, 6][16, 27][5, 21] 
[9, 3, 1, 23, 24, 4, 7, 20][14, 11, 17, 12, 19, 22][8, 26, 0, 18][13, 6, 2, 29][0, 28, 16][15, 10, 16][25, 7, 27][18, 22][5, 15][5, 6][16, 27][5, 21] 
[9, 3, 1, 23, 24, 4, 7, 20][14, 11, 17, 12, 19, 22][8, 26, 0, 18][13, 6, 2, 29][0, 28, 16][15, 10, 16][25, 7, 27][18, 22][5, 15][5, 6][16, 27][5, 21] 
[9, 3, 1, 23, 24, 4, 7, 20, 14][11, 17, 12, 19, 22][21, 5, 6, 2, 29][8, 26, 0, 18][0, 28, 16][15, 10, 16][25, 7, 27][18, 19][5, 15][16, 27][13, 18][7, 20] 
[9, 3, 1, 23, 24, 4, 7, 20, 14][11, 17, 12, 19, 22][21, 5, 6, 2, 29][8, 26, 0, 18][0, 28, 16][15, 10, 16][25, 7, 27][18, 19][5, 15][16, 27][13, 18][7, 20] 
[9, 3, 1, 23, 24, 4, 7, 20, 14][11, 17, 12, 19, 22][21, 5, 6, 2, 29][8, 26, 0, 18][0, 28, 16][15, 10, 16][25, 7, 27][18, 19][5, 15][16, 27][13, 18][7, 20] 
[9, 3, 1, 23, 24, 4, 7, 20, 14][21, 5, 6, 2, 29][11, 17, 12, 19, 22][8, 26, 0, 18][0, 28, 16][15, 10, 16][25, 7, 27][5, 15][16, 27][14, 20][13, 18][18, 19] 
[9, 3, 1, 23, 24, 4, 7, 20, 14][21, 5, 6, 2, 29][11, 17, 12, 19, 22][8, 26, 0, 18][0, 28, 16][15, 10, 16][25, 7, 27][5, 15][16, 27][14, 20][13, 18][18, 19] 
[9, 3, 1, 23, 24, 4, 7, 20, 14][11, 17, 12, 19, 22][13, 6, 2, 29][8, 26, 0, 18][5, 15, 10, 16][0, 28, 16][25, 7, 27][13, 18][18, 19][5, 15][5, 21][16, 27] 
[9, 3, 1, 23, 24, 4, 7, 20][14, 11, 17, 12, 19, 22][8, 26, 0, 18][13, 6, 2, 29][25, 7, 27][0, 28, 16][15, 5, 21][16, 27][10, 16][18, 22][10, 15][5, 6] 
[9, 3, 1, 23, 24, 4, 7, 20][14, 11, 17, 12, 19, 22][8, 26, 0, 18][13, 6, 2, 29][25, 7, 27][0, 28, 16][15, 5, 21][16, 27][10, 16][18, 22][10, 15][5, 6] 
[9, 3, 1, 23, 24, 4, 7, 20][14, 11, 17, 12, 19, 22][8, 26, 0, 18][13, 6, 2, 29][25, 7, 27][0, 28, 16][15, 5, 21][16, 27][10, 16][18, 22][10, 15][5, 6] 
[9, 3, 1, 23, 24, 4, 7, 20][14, 11, 17, 12, 19, 22][8, 26, 0, 18][13, 6, 2, 29][25, 7, 27][0, 28, 16][15, 5, 21][16, 27][10, 16][18, 22][10, 15][5, 6] 
[9, 3, 1, 23, 24, 4, 7, 20][14, 11, 17, 12, 19, 22][8, 26, 0, 18][13, 6, 2, 29][25, 7, 27][0, 28, 16][15, 5, 21][16, 27][10, 16][18, 22][10, 15][5, 6] 
[9, 3, 1, 23, 24, 4, 7, 20][14, 11, 17, 12, 19, 22][8, 26, 0, 18][13, 6, 2, 29][0, 28, 16][15, 10, 16][25, 7, 27][18, 22][5, 15][5, 6][16, 27][5, 21] 
[9, 3, 1, 23, 24, 4, 7, 20][14, 11, 17, 12, 19, 22][8, 26, 0, 18][13, 6, 2, 29][0, 28, 16][25, 7, 27][15, 5, 21][10, 16][16, 27][10, 15][5, 6][18, 22] 
