[1, 9, 3, 14, 24, 23, 20, 7, 4][17, 19, 12, 8, 26][21, 5, 15, 29][0, 13, 18, 22][2, 10, 16][27, 16, 28][11, 25, 28][6, 15][10, 21][6, 13][7, 27][0, 17] 
[1, 9, 3, 14, 24, 23, 20, 7, 4][17, 19, 12, 8, 26][21, 5, 15, 29][0, 13, 18, 22][2, 10, 16][27, 16, 28][11, 25, 28][10, 21][6, 15][7, 27][6, 13][0, 17] 
[1, 9, 3, 14, 24, 23, 20, 7, 4][22, 18, 19, 12, 8, 26][21, 5, 15, 29][13, 0, 17][2, 10, 16][27, 16, 28][11, 25, 28][17, 19][6, 13][6, 15][10, 21][7, 27] 
[1, 9, 3, 14, 24, 23, 20, 7, 4][22, 18, 19, 12, 8, 26][21, 5, 15, 29][2, 10, 16][27, 16, 28][11, 25, 28][13, 0, 17][10, 21][7, 27][6, 15][6, 13][17, 19] 
[1, 9, 3, 14, 24, 23, 20, 7, 4][17, 19, 12, 8, 26][21, 5, 15, 29][0, 13, 18, 22][2, 10, 16][27, 16, 28][11, 25, 28][10, 21][6, 15][7, 27][6, 13][0, 17] 
[1, 9, 3, 14, 24, 23, 20, 7, 4][17, 19, 12, 8, 26][21, 5, 15, 29][0, 13, 18, 22][27, 16, 28][2, 10, 16][11, 25, 28][7, 27][10, 21][6, 15][6, 13][0, 17] 
[1, 9, 3, 14, 24, 23, 20, 7, 4][22, 18, 19, 12, 8, 26][21, 5, 15, 29][13, 0, 17][2, 10, 16][27, 16, 28][11, 25, 28][17, 19][6, 13][6, 15][10, 21][7, 27] 
[1, 9, 3, 14, 24, 23, 20, 7, 4][17, 19, 12, 8, 26][21, 5, 15, 29][0, 13, 18, 22][2, 10, 16][27, 16, 28][11, 25, 28][10, 21][6, 15][6, 13][7, 27][0, 17] 
[1, 9, 3, 14, 24, 23, 20, 7, 4][17, 19, 12, 8, 26][21, 5, 15, 29][0, 13, 18, 22][2, 10, 16][27, 16, 28][11, 25, 28][6, 15][10, 21][6, 13][7, 27][0, 17] 
[1, 9, 3, 14, 24, 23, 20, 7, 4][17, 19, 12, 8, 26][21, 5, 15, 29][0, 13, 18, 22][2, 10, 16][27, 16, 28][11, 25, 28][6, 15][10, 21][6, 13][7, 27][0, 17] 
[1, 9, 3, 14, 24, 23, 20, 7, 4][17, 19, 12, 8, 26][21, 5, 15, 29][0, 13, 18, 22][2, 10, 16][27, 16, 28][11, 25, 28][10, 21][6, 15][7, 27][6, 13][0, 17] 
[1, 9, 3, 14, 24, 23, 20, 7, 4][17, 19, 12, 8, 26][0, 13, 18, 22][21, 5, 15, 29][2, 10, 16][27, 16, 28][11, 25, 28][6, 13][0, 17][6, 15][10, 21][7, 27] 
[1, 9, 3, 14, 24, 23, 20, 7, 4][22, 18, 19, 12, 8, 26][21, 5, 15, 29][27, 16, 28][2, 10, 16][11, 25, 28][13, 0, 17][7, 27][10, 21][6, 15][6, 13][17, 19] 
[1, 9, 3, 14, 24, 23, 20, 7, 4][17, 19, 12, 8, 26][21, 5, 15, 29][0, 13, 18, 22][2, 10, 16][27, 16, 28][11, 25, 28][10, 21][6, 15][7, 27][6, 13][0, 17] 
[1, 9, 3, 14, 24, 23, 20, 7, 4][17, 19, 12, 8, 26][0, 13, 18, 22][21, 5, 15, 29][2, 10, 16][27, 16, 28][11, 25, 28][18, 19][6, 13][6, 15][10, 21][7, 27] 
[1, 9, 3, 14, 24, 23, 20, 7, 4][17, 19, 12, 8, 26][21, 5, 15, 29][0, 13, 18, 22][2, 10, 16][27, 16, 28][11, 25, 28][10, 21][6, 15][7, 27][6, 13][0, 17] 
[1, 9, 3, 14, 24, 23, 20, 7, 4][17, 19, 12, 8, 26][21, 5, 15, 29][0, 13, 18, 22][2, 10, 16][27, 16, 28][11, 25, 28][10, 21][6, 15][6, 13][7, 27][0, 17] 
[1, 9, 3, 14, 24, 23, 20, 7, 4][17, 19, 12, 8, 26][0, 13, 18, 22][21, 5, 15, 29][2, 10, 16][27, 16, 28][11, 25, 28][18, 19][6, 13][6, 15][10, 21][7, 27] 
[1, 9, 3, 14, 24, 23, 20, 7, 4][17, 19, 12, 8, 26][21, 5, 15, 29][0, 13, 18, 22][2, 10, 16][27, 16, 28][11, 25, 28][10, 21][6, 15][6, 13][7, 27][0, 17] 
[1, 9, 3, 14, 24, 23, 20, 7, 4][17, 19, 12, 8, 26][21, 5, 15, 29][0, 13, 18, 22][2, 10, 16][27, 16, 28][11, 25, 28][10, 21][6, 15][7, 27][6, 13][0, 17] 
[1, 9, 3, 14, 24, 23, 20, 7, 4][17, 19, 12, 8, 26][21, 5, 15, 29][0, 13, 18, 22][2, 10, 16][27, 16, 28][11, 25, 28][10, 21][6, 15][7, 27][6, 13][0, 17] 
[1, 9, 3, 14, 24, 23, 20, 7, 4][17, 19, 12, 8, 26][21, 5, 15, 29][0, 13, 18, 22][2, 10, 16][27, 16, 28][11, 25, 28][10, 21][6, 15][7, 27][6, 13][0, 17] 
[1, 9, 3, 14, 24, 23, 20, 7, 4][22, 18, 19, 12, 8, 26][21, 5, 15, 29][2, 10, 16][27, 16, 28][11, 25, 28][13, 0, 17][10, 21][7, 27][6, 15][6, 13][17, 19] 
[1, 9, 3, 14, 24, 23, 20, 7, 4][17, 19, 12, 8, 26][21, 5, 15, 29][0, 13, 18, 22][2, 10, 16][27, 16, 28][11, 25, 28][10, 21][6, 15][7, 27][6, 13][0, 17] 
[1, 9, 3, 14, 24, 23, 20, 7, 4][17, 19, 12, 8, 26][21, 5, 15, 29][0, 13, 18, 22][27, 16, 28][2, 10, 16][11, 25, 28][7, 27][10, 21][6, 15][6, 13][0, 17] 
[1, 9, 3, 14, 24, 23, 20, 7, 4][17, 19, 12, 8, 26][21, 5, 15, 29][0, 13, 18, 22][2, 10, 16][27, 16, 28][11, 25, 28][10, 21][6, 15][6, 13][7, 27][0, 17] 
[1, 9, 3, 14, 24, 23, 20, 7, 4][17, 19, 12, 8, 26][21, 5, 15, 29][0, 13, 18, 22][2, 10, 16][27, 16, 28][11, 25, 28][10, 21][6, 15][7, 27][6, 13][0, 17] 
[1, 9, 3, 14, 24, 23, 20, 7, 4][17, 19, 12, 8, 26][21, 5, 15, 29][0, 13, 18, 22][2, 10, 16][27, 16, 28][11, 25, 28][10, 21][6, 15][7, 27][6, 13][0, 17] 
[1, 9, 3, 14, 24, 23, 20, 7, 4][17, 19, 12, 8, 26][21, 5, 15, 29][0, 13, 18, 22][2, 10, 16][27, 16, 28][11, 25, 28][10, 21][6, 15][6, 13][7, 27][0, 17] 
[1, 9, 3, 14, 24, 23, 20, 7, 4][17, 19, 12, 8, 26][21, 5, 15, 29][0, 13, 18, 22][2, 10, 16][27, 16, 28][11, 25, 28][10, 21][6, 15][6, 13][7, 27][0, 17] 
[1, 9, 3, 14, 24, 23, 20, 7, 4][17, 19, 12, 8, 26][21, 5, 15, 29][0, 13, 18, 22][2, 10, 16][27, 16, 28][11, 25, 28][10, 21][6, 15][7, 27][6, 13][0, 17] 
[1, 9, 3, 14, 24, 23, 20, 7, 4][17, 19, 12, 8, 26][21, 5, 15, 29][0, 13, 18, 22][2, 10, 16][27, 16, 28][11, 25, 28][10, 21][6, 15][7, 27][6, 13][0, 17] 
[1, 9, 3, 14, 24, 23, 20, 7, 4][17, 19, 12, 8, 26][21, 5, 15, 29][0, 13, 18, 22][2, 10, 16][27, 16, 28][11, 25, 28][10, 21][6, 15][6, 13][7, 27][0, 17] 
[1, 9, 3, 14, 24, 23, 20, 7, 4][17, 19, 12, 8, 26][21, 5, 15, 29][0, 13, 18, 22][27, 16, 28][2, 10, 16][11, 25, 28][7, 27][10, 21][6, 15][6, 13][0, 17] 
[1, 9, 3, 14, 24, 23, 20, 7, 4][17, 19, 12, 8, 26][21, 5, 15, 29][0, 13, 18, 22][27, 16, 28][2, 10, 16][11, 25, 28][7, 27][10, 21][6, 15][6, 13][0, 17] 
[7, 28, 16, 10, 15, 5, 21, 6, 13, 18, 17, 11, 14, 20][23, 4, 3, 9, 1, 14, 24][17, 0, 26, 8, 19, 12, 22][7, 2, 29, 27][11, 17][3, 4][5, 21][2, 29][2, 29][11, 17][5, 21][22, 25] 
[16, 10, 7, 24, 14, 1, 9, 3, 4, 23, 20][13, 18, 17, 0, 26, 8, 19, 12, 22, 25][14, 11, 17, 18, 13, 6, 21, 5, 15][27, 29, 2, 7, 28][2, 29][7, 28][10, 16][10, 16][2, 29][2, 29][11, 17][5, 21] 
[7, 28, 16, 10, 15, 5, 21, 6, 13, 18, 17, 11, 14, 20][23, 4, 3, 9, 1, 14, 24][17, 0, 26, 8, 19, 12, 22][7, 2, 29, 27][11, 17][3, 4][5, 21][2, 29][2, 29][11, 17][5, 21][22, 25] 
[16, 10, 7, 24, 14, 1, 9, 3, 4, 23][15, 5, 21, 6, 13, 18, 17, 11, 14, 20][17, 0, 26, 8, 19, 12, 22][27, 29, 2, 7, 28][11, 17][3, 4][5, 21][2, 29][2, 29][11, 17][5, 21][22, 25] 
[16, 10, 7, 24, 14, 1, 9, 3, 4, 23][15, 5, 21, 6, 13, 18, 17, 11, 14, 20][17, 0, 26, 8, 19, 12, 22][27, 29, 2, 7, 28][11, 17][3, 4][5, 21][2, 29][2, 29][11, 17][5, 21][22, 25] 
[5, 21, 15, 10, 6, 13, 18, 17, 0, 26, 8, 19, 12, 22, 25][7, 24, 14, 1, 9, 3, 4, 23, 20][7, 2, 29, 27][7, 10, 16][3, 4][7, 28][11, 17][3, 4][3, 4][3, 4][22, 25][2, 29] 
[7, 28, 16, 10, 15, 5, 21, 6, 13, 18, 17, 11, 14, 20][13, 18, 17, 0, 26, 8, 19, 12, 22, 25][23, 4, 3, 9, 1, 14, 24][7, 2, 29, 27][3, 4][2, 7][10, 16][22, 25][14, 20][11, 17][12, 22][3, 4] 
[7, 28, 16, 10, 15, 5, 21, 6, 13, 18, 17, 11, 14, 20][23, 4, 3, 9, 1, 14, 24][17, 0, 26, 8, 19, 12, 22][7, 2, 29, 27][11, 17][3, 4][5, 21][2, 29][2, 29][11, 17][5, 21][22, 25] 
[15, 5, 21, 6, 13, 18, 17, 11, 14, 20][16, 10, 7, 24, 14, 1, 9, 3, 4, 23][17, 0, 26, 8, 19, 12, 22][27, 29, 2, 7, 28][10, 16][14, 20][10, 16][22, 25][10, 16][3, 4][2, 29][2, 29] 
[7, 28, 16, 10, 15, 5, 21, 6, 13, 18, 17, 11, 14, 20][23, 4, 3, 9, 1, 14, 24][17, 0, 26, 8, 19, 12, 22][7, 2, 29, 27][11, 17][3, 4][5, 21][2, 29][2, 29][11, 17][5, 21][22, 25] 
[16, 10, 7, 24, 14, 1, 9, 3, 4, 23, 20][13, 18, 17, 0, 26, 8, 19, 12, 22, 25][14, 11, 17, 18, 13, 6, 21, 5, 15][27, 29, 2, 7, 28][2, 29][7, 28][10, 16][10, 16][2, 29][2, 29][11, 17][5, 21] 
[16, 10, 7, 24, 14, 1, 9, 3, 4, 23, 20][14, 11, 17, 18, 13, 6, 21, 5, 15][17, 0, 26, 8, 19, 12, 22, 25][27, 29, 2, 7, 28][2, 29][7, 28][10, 16][10, 16][2, 29][2, 29][11, 17][5, 21] 
[16, 10, 7, 24, 14, 1, 9, 3, 4, 23][15, 5, 21, 6, 13, 18, 17, 11, 14, 20][17, 0, 26, 8, 19, 12, 22][27, 29, 2, 7, 28][11, 17][3, 4][5, 21][2, 29][2, 29][11, 17][5, 21][22, 25] 
[20, 14, 11, 17, 18, 13, 6, 21, 5, 15, 10, 16, 28][18, 17, 0, 26, 8, 19, 12, 22, 25][23, 4, 3, 9, 1, 14, 24][27, 29, 2, 7, 28][22, 25][12, 22][11, 17][3, 4][11, 17][11, 17][3, 4][11, 17] 
[4, 14, 11, 17, 0, 26, 8, 19, 12, 22, 25][16, 10, 7, 24, 14, 1, 9, 3, 4, 23, 20][14, 11, 17, 18, 13, 6, 21, 5, 15][27, 29, 2, 7, 28][2, 29][7, 28][10, 16][10, 16][2, 29][2, 29][11, 17][5, 21] 
[7, 28, 16, 10, 15, 5, 21, 6, 13, 18, 17, 11, 14, 20][10, 6, 13, 18, 17, 0, 26, 8, 19, 12, 22, 25][23, 4, 3, 9, 1, 14, 24][7, 2, 29, 27][22, 25][12, 22][11, 17][3, 4][11, 17][11, 17][3, 4][11, 17] 
[20, 14, 11, 17, 18, 13, 6, 21, 5, 15, 10, 16, 28][18, 17, 0, 26, 8, 19, 12, 22, 25][23, 4, 3, 9, 1, 14, 24][27, 29, 2, 7, 28][11, 17, 18][22, 25][12, 22][11, 17][3, 4][11, 17][11, 17][3, 4] 
[16, 10, 7, 24, 14, 1, 9, 3, 4, 23, 20][15, 5, 21, 6, 13, 18, 17, 11, 14, 20][17, 0, 26, 8, 19, 12, 22, 25][27, 29, 2, 7, 28][2, 29][7, 28][10, 16][10, 16][2, 29][2, 29][11, 17][5, 21] 
[20, 14, 11, 17, 18, 13, 6, 21, 5, 15, 10, 16, 28][18, 17, 0, 26, 8, 19, 12, 22, 25][23, 4, 3, 9, 1, 14, 24][27, 29, 2, 7, 28][22, 25][12, 22][11, 17][3, 4][11, 17][11, 17][3, 4][11, 17] 
[7, 28, 16, 10, 15, 5, 21, 6, 13, 18, 17, 11, 14, 20][10, 6, 13, 18, 17, 0, 26, 8, 19, 12, 22, 25][23, 4, 3, 9, 1, 14, 24][7, 2, 29, 27][22, 25][12, 22][11, 17][3, 4][11, 17][11, 17][3, 4][11, 17] 
[20, 14, 11, 17, 18, 13, 6, 21, 5, 15, 10, 16, 28][18, 17, 0, 26, 8, 19, 12, 22, 25][23, 4, 3, 9, 1, 14, 24][27, 29, 2, 7, 28][11, 17, 18][22, 25][12, 22][11, 17][3, 4][11, 17][11, 17][3, 4] 
[1, 9, 3, 14, 24, 23, 20, 7, 4][17, 19, 12, 8, 26][0, 13, 18, 22][21, 5, 15, 29][2, 10, 16][27, 16, 28][11, 25, 28][6, 13][18, 19][6, 15][10, 21][7, 27] 
[1, 9, 3, 14, 24, 23, 20, 7, 4][17, 19, 12, 8, 26][0, 13, 18, 22][21, 5, 15, 29][2, 10, 16][27, 16, 28][11, 25, 28][6, 13][18, 19][6, 15][10, 21][7, 27] 
[1, 9, 3, 14, 24, 23, 20, 7, 4][17, 19, 12, 8, 26][21, 5, 15, 29][0, 13, 18, 22][27, 16, 28][2, 10, 16][11, 25, 28][7, 27][10, 21][6, 15][6, 13][18, 19] 
[1, 9, 3, 14, 24, 23, 20, 7, 4][17, 19, 12, 8, 26][0, 13, 18, 22][21, 5, 15, 29][2, 10, 16][27, 16, 28][11, 25, 28][6, 13][18, 19][6, 15][10, 21][7, 27] 
[1, 9, 3, 14, 24, 23, 20, 7, 4][17, 19, 12, 8, 26][0, 13, 18, 22][21, 5, 15, 29][2, 10, 16][27, 16, 28][11, 25, 28][6, 13][18, 19][6, 15][10, 21][7, 27] 
[1, 9, 3, 14, 24, 23, 20, 7, 4][17, 19, 12, 8, 26][0, 13, 18, 22][21, 5, 15, 29][2, 10, 16][27, 16, 28][11, 25, 28][6, 13][18, 19][6, 15][10, 21][7, 27] 
[1, 9, 3, 14, 24, 23, 20, 7, 4][17, 19, 12, 8, 26][0, 13, 18, 22][21, 5, 15, 29][2, 10, 16][27, 16, 28][11, 25, 28][6, 13][18, 19][6, 15][10, 21][7, 27] 
[1, 9, 3, 14, 24, 23, 20, 7, 4][17, 19, 12, 8, 26][21, 5, 15, 29][0, 13, 18, 22][2, 10, 16][27, 16, 28][11, 25, 28][7, 27][10, 21][6, 15][6, 13][18, 19] 
[1, 9, 3, 14, 24, 23, 20, 7, 4][17, 19, 12, 8, 26][0, 13, 18, 22][21, 5, 15, 29][2, 10, 16][27, 16, 28][11, 25, 28][6, 13][18, 19][6, 15][10, 21][7, 27] 
[1, 9, 3, 14, 24, 23, 20, 7, 4][17, 19, 12, 8, 26][0, 13, 18, 22][21, 5, 15, 29][2, 10, 16][27, 16, 28][11, 25, 28][6, 13][18, 19][6, 15][10, 21][7, 27] 
[1, 9, 3, 14, 24, 23, 20, 7, 4][17, 19, 12, 8, 26][0, 13, 18, 22][21, 5, 15, 29][2, 10, 16][27, 16, 28][11, 25, 28][6, 13][18, 19][6, 15][10, 21][7, 27] 
[1, 9, 3, 14, 24, 23, 20, 7, 4][17, 19, 12, 8, 26][0, 13, 18, 22][21, 5, 15, 29][2, 10, 16][27, 16, 28][11, 25, 28][6, 13][18, 19][6, 15][10, 21][7, 27] 
[1, 9, 3, 14, 24, 23, 20, 7, 4][17, 19, 12, 8, 26][0, 13, 18, 22][21, 5, 15, 29][2, 10, 16][27, 16, 28][11, 25, 28][6, 13][18, 19][6, 15][10, 21][7, 27] 
[1, 9, 3, 14, 24, 23, 20, 7, 4][17, 19, 12, 8, 26][21, 5, 15, 29][0, 13, 18, 22][27, 16, 28][2, 10, 16][11, 25, 28][7, 27][10, 21][6, 15][6, 13][18, 19] 
[1, 9, 3, 14, 24, 23, 20, 7, 4][17, 19, 12, 8, 26][0, 13, 18, 22][21, 5, 15, 29][2, 10, 16][27, 16, 28][11, 25, 28][6, 13][18, 19][6, 15][10, 21][7, 27] 
[1, 9, 3, 14, 24, 23, 20, 7, 4][17, 19, 12, 8, 26][21, 5, 15, 29][0, 13, 18, 22][2, 10, 16][27, 16, 28][11, 25, 28][10, 21][6, 15][7, 27][6, 13][0, 17] 
[1, 9, 3, 14, 24, 23, 20, 7, 4][17, 19, 12, 8, 26][21, 5, 15, 29][0, 13, 18, 22][2, 10, 16][27, 16, 28][11, 25, 28][10, 21][6, 15][7, 27][6, 13][0, 17] 
[1, 9, 3, 14, 24, 23, 20, 7, 4][17, 19, 12, 8, 26][21, 5, 15, 29][0, 13, 18, 22][27, 16, 28][2, 10, 16][11, 25, 28][7, 27][10, 21][6, 15][6, 13][0, 17] 
[1, 9, 3, 14, 24, 23, 20, 7, 4][17, 19, 12, 8, 26][21, 5, 15, 29][0, 13, 18, 22][2, 10, 16][27, 16, 28][11, 25, 28][6, 15][10, 21][6, 13][7, 27][0, 17] 
[1, 9, 3, 14, 24, 23, 20, 7, 4][17, 19, 12, 8, 26][21, 5, 15, 29][0, 13, 18, 22][2, 10, 16][27, 16, 28][11, 25, 28][10, 21][6, 15][7, 27][6, 13][0, 17] 
[1, 9, 3, 14, 24, 23, 20, 7, 4][17, 0, 13, 18, 22][21, 5, 15, 29][19, 12, 8, 26][24, 7, 27][27, 16, 28][2, 10, 16][11, 25, 28][10, 21][6, 15][6, 13][18, 19] 
[1, 9, 3, 14, 24, 23, 20, 7, 4][17, 19, 12, 8, 26][0, 13, 18, 22][21, 5, 15, 29][2, 10, 16][27, 16, 28][11, 25, 28][6, 13][18, 19][6, 15][10, 21][7, 27] 
[1, 9, 3, 14, 24, 23, 20, 7, 4][17, 19, 12, 8, 26][21, 5, 15, 29][0, 13, 18, 22][27, 16, 28][2, 10, 16][11, 25, 28][7, 27][10, 21][6, 15][6, 13][18, 19] 
[1, 9, 3, 14, 24, 23, 20, 7, 4][17, 19, 12, 8, 26][0, 13, 18, 22][21, 5, 15, 29][2, 10, 16][27, 16, 28][11, 25, 28][18, 19][6, 13][6, 15][10, 21][7, 27] 
[1, 9, 3, 14, 24, 23, 20, 7, 4][17, 19, 12, 8, 26][0, 13, 18, 22][21, 5, 15, 29][2, 10, 16][27, 16, 28][11, 25, 28][6, 13][18, 19][6, 15][10, 21][7, 27] 
[1, 9, 3, 14, 24, 23, 20, 7, 4][17, 19, 12, 8, 26][0, 13, 18, 22][21, 5, 15, 29][2, 10, 16][27, 16, 28][11, 25, 28][6, 13][18, 19][6, 15][10, 21][7, 27] 
[1, 9, 3, 14, 24, 23, 20, 7, 4][17, 19, 12, 8, 26][21, 5, 15, 29][0, 13, 18, 22][2, 10, 16][27, 16, 28][11, 25, 28][6, 15][10, 21][6, 13][7, 27][0, 17] 
[1, 9, 3, 14, 24, 23, 20, 7, 4][17, 19, 12, 8, 26][0, 13, 18, 22][21, 5, 15, 29][2, 10, 16][27, 16, 28][11, 25, 28][6, 13][18, 19][6, 15][10, 21][7, 27] 
[1, 9, 3, 14, 24, 23, 20, 7, 4][17, 19, 12, 8, 26][21, 5, 15, 29][0, 13, 18, 22][2, 10, 16][27, 16, 28][11, 25, 28][10, 21][6, 15][7, 27][6, 13][0, 17] 
[1, 9, 3, 14, 24, 23, 20, 7, 4][17, 19, 12, 8, 26][21, 5, 15, 29][0, 13, 18, 22][2, 10, 16][27, 16, 28][11, 25, 28][6, 15][10, 21][6, 13][7, 27][0, 17] 
[1, 9, 3, 14, 24, 23, 20, 7, 4][17, 19, 12, 8, 26][21, 5, 15, 29][0, 13, 18, 22][2, 10, 16][27, 16, 28][11, 25, 28][6, 15][10, 21][6, 13][7, 27][0, 17] 
[1, 9, 3, 14, 24, 23, 20, 7, 4][17, 19, 12, 8, 26][21, 5, 15, 29][0, 13, 18, 22][2, 10, 16][27, 16, 28][11, 25, 28][10, 21][6, 15][6, 13][7, 27][0, 17] 
[1, 9, 3, 14, 24, 23, 20, 7, 4][17, 19, 12, 8, 26][21, 5, 15, 29][0, 13, 18, 22][27, 16, 28][2, 10, 16][11, 25, 28][7, 27][10, 21][6, 15][6, 13][0, 17] 
[1, 9, 3, 14, 24, 23, 20, 7, 4][17, 19, 12, 8, 26][21, 5, 15, 29][0, 13, 18, 22][27, 16, 28][2, 10, 16][11, 25, 28][7, 27][10, 21][6, 15][6, 13][0, 17] 
[1, 9, 3, 14, 24, 23, 20, 7, 4][17, 19, 12, 8, 26][21, 5, 15, 29][0, 13, 18, 22][2, 10, 16][27, 16, 28][11, 25, 28][10, 21][6, 15][7, 27][6, 13][0, 17] 
[1, 9, 3, 14, 24, 23, 20, 7, 4][17, 19, 12, 8, 26][21, 5, 15, 29][0, 13, 18, 22][27, 16, 28][2, 10, 16][11, 25, 28][7, 27][10, 21][6, 15][6, 13][0, 17] 
[1, 9, 3, 14, 24, 23, 20, 7, 4][17, 19, 12, 8, 26][21, 5, 15, 29][0, 13, 18, 22][2, 10, 16][27, 16, 28][11, 25, 28][10, 21][6, 15][7, 27][6, 13][0, 17] 
[1, 9, 3, 14, 24, 23, 20, 7, 4][17, 19, 12, 8, 26][21, 5, 15, 29][0, 13, 18, 22][2, 10, 16][27, 16, 28][11, 25, 28][10, 21][6, 15][7, 27][6, 13][0, 17] 
[1, 9, 3, 14, 24, 23, 20, 7, 4][17, 19, 12, 8, 26][21, 5, 15, 29][0, 13, 18, 22][2, 10, 16][27, 16, 28][11, 25, 28][6, 15][10, 21][6, 13][7, 27][0, 17] 
[1, 9, 3, 14, 24, 23, 20, 7, 4][17, 19, 12, 8, 26][21, 5, 15, 29][0, 13, 18, 22][27, 16, 28][2, 10, 16][11, 25, 28][7, 27][10, 21][6, 15][6, 13][0, 17] 
[1, 9, 3, 14, 24, 23, 20, 7, 4][17, 19, 12, 8, 26][21, 5, 15, 29][0, 13, 18, 22][27, 16, 28][2, 10, 16][11, 25, 28][7, 27][10, 21][6, 15][6, 13][0, 17] 
[1, 9, 3, 14, 24, 23, 20, 7, 4][17, 19, 12, 8, 26][21, 5, 15, 29][0, 13, 18, 22][2, 10, 16][27, 16, 28][11, 25, 28][10, 21][6, 15][7, 27][6, 13][0, 17] 
[1, 9, 3, 14, 24, 23, 20, 7, 4][17, 19, 12, 8, 26][21, 5, 15, 29][0, 13, 18, 22][2, 10, 16][27, 16, 28][11, 25, 28][6, 15][10, 21][6, 13][7, 27][0, 17] 
[1, 9, 3, 14, 24, 23, 20, 7, 4][22, 18, 19, 12, 8, 26][21, 5, 15, 29][11, 25, 28, 17][0, 13, 18][2, 10, 16][27, 16, 28][18, 19][6, 13][6, 15][10, 21][7, 27] 
[1, 9, 3, 14, 24, 23, 20, 7, 4][22, 18, 19, 12, 8, 26][21, 5, 15, 29][11, 25, 28, 17][0, 13, 18][2, 10, 16][27, 16, 28][18, 19][6, 13][6, 15][10, 21][7, 27] 
[1, 9, 3, 14, 24, 23, 20, 7, 4][22, 18, 19, 12, 8, 26][21, 5, 15, 29][11, 25, 28, 17][0, 13, 18][2, 10, 16][27, 16, 28][18, 19][6, 13][6, 15][10, 21][7, 27] 
[1, 9, 3, 14, 24, 23, 20, 7, 4][22, 18, 19, 12, 8, 26][21, 5, 15, 29][11, 25, 28, 17][0, 13, 18][2, 10, 16][27, 16, 28][18, 19][6, 13][6, 15][10, 21][7, 27] 
[1, 9, 3, 14, 24, 23, 20, 7, 4][22, 18, 19, 12, 8, 26][21, 5, 15, 29][11, 25, 28, 17][0, 13, 18][2, 10, 16][27, 16, 28][18, 19][6, 13][6, 15][10, 21][7, 27] 
[1, 9, 3, 14, 24, 23, 20, 7, 4][18, 12, 17, 11, 25, 22][13, 0, 19, 8, 26][21, 5, 15, 29][2, 10, 16][27, 16, 28][10, 21][7, 27][25, 28][11, 25][6, 15][6, 13] 
[1, 9, 3, 14, 24, 23, 20, 7, 4][17, 19, 12, 8, 26][21, 5, 15, 29][0, 13, 18, 22][27, 16, 28][2, 10, 16][11, 25, 28][7, 27][10, 21][6, 15][6, 13][18, 19] 
[1, 9, 3, 14, 24, 23, 20, 7, 4][17, 19, 12, 8, 26][0, 13, 18, 22][21, 5, 15, 29][2, 10, 16][27, 16, 28][11, 25, 28][6, 13][18, 19][6, 15][10, 21][7, 27] 
[1, 9, 3, 14, 24, 23, 20, 7, 4][17, 19, 12, 8, 26][0, 13, 18, 22][21, 5, 15, 29][2, 10, 16][27, 16, 28][11, 25, 28][6, 13][18, 19][6, 15][10, 21][7, 27] 
[1, 9, 3, 14, 24, 23, 20, 7, 4][17, 19, 12, 8, 26][0, 13, 18, 22][21, 5, 15, 29][2, 10, 16][27, 16, 28][11, 25, 28][6, 13][18, 19][6, 15][10, 21][7, 27] 
[1, 9, 3, 14, 24, 23, 20, 7, 4][17, 19, 12, 8, 26][21, 5, 15, 29][0, 13, 18, 22][2, 10, 16][27, 16, 28][11, 25, 28][7, 27][10, 21][6, 15][6, 13][18, 19] 
[1, 9, 3, 14, 24, 23, 20, 7, 4][17, 19, 12, 8, 26][21, 5, 15, 29][0, 13, 18, 22][2, 10, 16][27, 16, 28][11, 25, 28][6, 15][10, 21][6, 13][7, 27][0, 17] 
[1, 9, 3, 14, 24, 23, 20, 7, 4][17, 19, 12, 8, 26][21, 5, 15, 29][0, 13, 18, 22][2, 10, 16][27, 16, 28][11, 25, 28][7, 27][10, 21][6, 15][6, 13][18, 19] 
