[25, 28, 0, 12, 8, 26][14, 9, 1, 23, 20, 24][5, 21, 15, 2, 29][11, 17, 22, 19, 18][3, 4, 7, 27][10, 6, 13][10, 16][10, 15][16, 28][0, 19][16, 27][3, 9] 
[25, 28, 0, 12, 8, 26][14, 9, 1, 23, 20, 24][11, 17, 22, 19, 18][5, 21, 15, 2, 29][3, 4, 7, 27][10, 6, 13][0, 19][16, 28][16, 27][10, 16][10, 15][3, 9] 
[25, 28, 0, 12, 8, 26][14, 9, 1, 23, 20, 24][11, 17, 22, 19, 18][5, 21, 15, 2, 29][3, 4, 7, 27][10, 6, 13][16, 28][10, 16][0, 19][10, 15][16, 27][1, 3] 
[25, 28, 0, 12, 8, 26][14, 9, 1, 23, 20, 24][11, 17, 22, 19, 18][5, 21, 15, 2, 29][3, 4, 7, 27][10, 6, 13][0, 19][16, 28][16, 27][1, 3][10, 16][10, 15] 
[25, 28, 0, 12, 8, 26][14, 9, 1, 23, 20][24, 3, 4, 7, 27][5, 21, 15, 2, 29][11, 17, 22, 19, 18][10, 6, 13][3, 9][16, 27][10, 16][16, 28][10, 15][0, 19] 
[25, 28, 0, 12, 8, 26][24, 3, 4, 7, 27][9, 1, 14, 20, 23][11, 17, 22, 19, 18][5, 21, 15, 2, 29][10, 6, 13][16, 28][16, 27][1, 3][0, 19][10, 16][10, 15] 
[25, 28, 0, 12, 8, 26][14, 9, 1, 23, 20, 24][11, 17, 22, 19, 18][5, 21, 15, 2, 29][3, 4, 7, 27][10, 6, 13][0, 19][16, 28][16, 27][1, 3][10, 16][10, 15] 
[25, 28, 0, 12, 8, 26][11, 17, 22, 19, 18][5, 21, 15, 2, 29][24, 3, 4, 7, 27][14, 9, 1, 23, 20][10, 6, 13][0, 19][16, 28][10, 16][10, 15][16, 27][3, 9] 
[25, 28, 0, 12, 8, 26][24, 3, 4, 7, 27][9, 1, 14, 20, 23][11, 17, 22, 19, 18][5, 21, 15, 2, 29][10, 6, 13][16, 28][16, 27][1, 3][0, 19][10, 16][10, 15] 
[25, 28, 0, 12, 8, 26][9, 1, 14, 20, 23][24, 3, 4, 7, 27][5, 21, 15, 2, 29][11, 17, 22, 19, 18][10, 6, 13][3, 9][16, 27][16, 28][10, 16][10, 15][0, 19] 
[25, 28, 0, 12, 8, 26][14, 9, 1, 23, 20, 24][11, 17, 22, 19, 18][5, 21, 15, 2, 29][3, 4, 7, 27][10, 6, 13][16, 28][0, 19][16, 27][3, 9][10, 16][10, 15] 
[14, 9, 1, 23, 20, 24][25, 28, 0, 12, 8, 26][5, 21, 15, 2, 29][11, 17, 22, 19, 18][3, 4, 7, 27][10, 6, 13][3, 9][16, 27][10, 16][16, 28][10, 15][0, 19] 
[14, 9, 1, 23, 20, 24][25, 28, 0, 12, 8, 26][5, 21, 15, 2, 29][11, 17, 22, 19, 18][3, 4, 7, 27][10, 6, 13][10, 16][16, 27][1, 3][10, 15][16, 28][0, 19] 
[25, 28, 0, 12, 8, 26][14, 9, 1, 23, 20][24, 3, 4, 7, 27][11, 17, 22, 19, 18][5, 21, 15, 2, 29][10, 6, 13][3, 9][16, 27][16, 28][0, 19][10, 16][10, 15] 
[25, 28, 0, 12, 8, 26][24, 3, 4, 7, 27][9, 1, 14, 20, 23][11, 17, 22, 19, 18][5, 21, 15, 2, 29][10, 6, 13][16, 28][16, 27][1, 3][0, 19][10, 16][10, 15] 
[25, 28, 0, 12, 8, 26][11, 17, 22, 19, 18][5, 21, 15, 2, 29][24, 3, 4, 7, 27][14, 9, 1, 23, 20][10, 6, 13][0, 19][16, 28][10, 16][10, 15][16, 27][3, 9] 
[25, 28, 0, 12, 8, 26][14, 9, 1, 23, 20, 24][11, 17, 22, 19, 18][5, 21, 15, 2, 29][3, 4, 7, 27][10, 6, 13][0, 19][16, 28][16, 27][10, 16][10, 15][3, 9] 
[25, 28, 0, 12, 8, 26][14, 9, 1, 23, 20, 24][11, 17, 22, 19, 18][5, 21, 15, 2, 29][3, 4, 7, 27][10, 6, 13][0, 19][16, 28][10, 16][10, 15][16, 27][3, 9] 
[25, 28, 0, 12, 8, 26][5, 21, 15, 2, 29][11, 17, 22, 19, 18][24, 3, 4, 7, 27][14, 9, 1, 23, 20][10, 6, 13][10, 15][10, 16][16, 28][0, 19][16, 27][3, 9] 
[25, 28, 0, 12, 8, 26][14, 9, 1, 23, 20, 24][11, 17, 22, 19, 18][5, 21, 15, 2, 29][3, 4, 7, 27][10, 6, 13][0, 19][16, 28][10, 16][10, 15][16, 27][3, 9] 
[25, 28, 0, 12, 8, 26][14, 9, 1, 23, 20, 24][11, 17, 22, 19, 18][5, 21, 15, 2, 29][3, 4, 7, 27][10, 6, 13][0, 19][16, 28][10, 16][16, 27][3, 9][10, 15] 
[25, 28, 0, 12, 8, 26][14, 9, 1, 23, 20, 24][11, 17, 22, 19, 18][5, 21, 15, 2, 29][3, 4, 7, 27][10, 6, 13][0, 19][16, 28][10, 16][16, 27][3, 9][10, 15] 
[25, 28, 0, 12, 8, 26][14, 9, 1, 23, 20, 24][11, 17, 22, 19, 18][5, 21, 15, 2, 29][3, 4, 7, 27][10, 6, 13][0, 19][16, 28][10, 16][16, 27][1, 3][10, 15] 
[25, 28, 0, 12, 8, 26][14, 9, 1, 23, 20][24, 3, 4, 7, 27][11, 17, 22, 19, 18][5, 21, 15, 2, 29][10, 6, 13][3, 9][16, 27][16, 28][0, 19][10, 16][10, 15] 
[25, 28, 0, 12, 8, 26][24, 3, 4, 7, 27][9, 1, 14, 20, 23][11, 17, 22, 19, 18][5, 21, 15, 2, 29][10, 6, 13][16, 28][16, 27][1, 3][0, 19][10, 16][10, 15] 
[25, 28, 0, 12, 8, 26][5, 21, 15, 2, 29][11, 17, 22, 19, 18][24, 3, 4, 7, 27][14, 9, 1, 23, 20][10, 6, 13][10, 15][10, 16][16, 28][0, 19][16, 27][3, 9] 
[25, 28, 0, 12, 8, 26][14, 9, 1, 23, 20, 24][11, 17, 22, 19, 18][5, 21, 15, 2, 29][3, 4, 7, 27][10, 6, 13][0, 19][16, 28][10, 16][16, 27][3, 9][10, 15] 
[25, 28, 0, 12, 8, 26][14, 9, 1, 23, 20, 24][5, 21, 15, 2, 29][11, 17, 22, 19, 18][3, 4, 7, 27][10, 6, 13][10, 16][10, 15][16, 28][0, 19][16, 27][3, 9] 
[25, 28, 0, 12, 8, 26][14, 9, 1, 23, 20][24, 3, 4, 7, 27][5, 21, 15, 2, 29][11, 17, 22, 19, 18][10, 6, 13][3, 9][16, 27][10, 16][16, 28][10, 15][0, 19] 
[25, 28, 0, 12, 8, 26][14, 9, 1, 23, 20, 24][11, 17, 22, 19, 18][5, 21, 15, 2, 29][3, 4, 7, 27][10, 6, 13][0, 19][16, 28][10, 16][10, 15][16, 27][3, 9] 
[25, 28, 0, 12, 8, 26][14, 9, 1, 23, 20, 24][11, 17, 22, 19, 18][5, 21, 15, 2, 29][3, 4, 7, 27][10, 6, 13][0, 19][16, 28][10, 16][16, 27][3, 9][10, 15] 
[25, 28, 0, 12, 8, 26][14, 9, 1, 23, 20, 24][5, 21, 15, 2, 29][11, 17, 22, 19, 18][3, 4, 7, 27][10, 6, 13][10, 16][10, 15][16, 28][0, 19][16, 27][3, 9] 
[25, 28, 0, 12, 8, 26][11, 17, 22, 19, 18][5, 21, 15, 2, 29][24, 3, 4, 7, 27][14, 9, 1, 23, 20][10, 6, 13][0, 19][16, 28][10, 16][10, 15][16, 27][3, 9] 
[25, 28, 0, 12, 8, 26][14, 9, 1, 23, 20, 24][11, 17, 22, 19, 18][5, 21, 15, 2, 29][3, 4, 7, 27][10, 6, 13][0, 19][16, 28][10, 16][16, 27][3, 9][10, 15] 
[25, 28, 0, 12, 8, 26][14, 9, 1, 23, 20, 24][11, 17, 22, 19, 18][5, 21, 15, 2, 29][3, 4, 7, 27][10, 6, 13][0, 19][16, 28][10, 16][16, 27][3, 9][10, 15] 
[4, 14, 9, 1, 23, 20, 24, 3, 11, 17, 28, 7, 16, 6][11, 25, 0, 19, 22, 18, 12, 8, 26][10, 27, 29, 15, 5, 21, 2, 6, 13][1, 23][2, 21][1, 23][1, 23][1, 23][1, 23][1, 23][1, 23][1, 23] 
[4, 14, 9, 1, 23, 20, 24, 3, 11, 17, 28, 7, 16, 6][11, 25, 0, 19, 22, 18, 12, 8, 26][10, 27, 29, 15, 5, 21, 2, 6, 13][1, 23][2, 21][1, 23][1, 23][1, 23][1, 23][1, 23][1, 23][1, 23] 
[4, 14, 9, 1, 23, 20, 24, 3, 11, 17, 28, 7, 16, 6][11, 25, 0, 19, 22, 18, 12, 8, 26][10, 27, 29, 15, 5, 21, 2, 6, 13][1, 23][2, 21][1, 23][1, 23][1, 23][1, 23][1, 23][1, 23][1, 23] 
[13, 6, 2, 21, 5, 15, 29, 27, 10, 7, 25, 28, 16][4, 14, 9, 1, 23, 20, 24, 3, 11, 17][25, 0, 19, 22, 18, 12, 8, 26][1, 23][11, 25][2, 21][1, 23][1, 23][1, 23][2, 21][1, 23][1, 23] 
[13, 6, 2, 21, 5, 15, 29, 27, 10, 7, 25, 28, 16][4, 14, 9, 1, 23, 20, 24, 3, 11, 17][25, 0, 19, 22, 18, 12, 8, 26][1, 23][11, 25][2, 21][1, 23][1, 23][1, 23][2, 21][1, 23][1, 23] 
[13, 6, 2, 21, 5, 15, 29, 27, 10, 7, 25, 28, 16][4, 14, 9, 1, 23, 20, 24, 3, 11][0, 19, 22, 18, 12, 8, 26][0, 25, 11, 17][1, 23][2, 21][2, 21][1, 23][9, 14][1, 23][3, 24][9, 14] 
[4, 14, 9, 1, 23, 20, 24, 3, 11, 17, 28, 7, 16, 6][11, 25, 0, 19, 22, 18, 12, 8, 26][10, 27, 29, 15, 5, 21, 2, 6, 13][1, 23][2, 21][1, 23][1, 23][1, 23][1, 23][1, 23][1, 23][1, 23] 
[4, 14, 9, 1, 23, 20, 24, 3, 11, 17, 28, 7, 16, 6][11, 25, 0, 19, 22, 18, 12, 8, 26][10, 27, 29, 15, 5, 21, 2, 6, 13][1, 23][2, 21][1, 23][1, 23][1, 23][1, 23][1, 23][1, 23][1, 23] 
[13, 6, 2, 21, 5, 15, 29, 27, 10, 7, 25, 28, 16][4, 14, 9, 1, 23, 20, 24, 3, 11, 17][25, 0, 19, 22, 18, 12, 8, 26][1, 23][11, 25][2, 21][1, 23][1, 23][1, 23][2, 21][1, 23][1, 23] 
[4, 14, 9, 1, 23, 20, 24, 3, 11, 17, 28, 7, 16, 6][11, 25, 0, 19, 22, 18, 12, 8, 26][10, 27, 29, 15, 5, 21, 2, 6, 13][1, 23][2, 21][1, 23][1, 23][1, 23][1, 23][1, 23][1, 23][1, 23] 
[4, 14, 9, 1, 23, 20, 24, 3, 11, 17, 28, 7, 16, 6][11, 25, 0, 19, 22, 18, 12, 8, 26][10, 27, 29, 15, 5, 21, 2, 6, 13][1, 23][2, 21][1, 23][1, 23][1, 23][1, 23][1, 23][1, 23][1, 23] 
[4, 14, 9, 1, 23, 20, 24, 3, 11, 17, 28, 7, 16, 6][11, 25, 0, 19, 22, 18, 12, 8, 26][10, 27, 29, 15, 5, 21, 2, 6, 13][1, 23][2, 21][1, 23][1, 23][1, 23][1, 23][1, 23][1, 23][1, 23] 
[13, 6, 2, 21, 5, 15, 29, 27, 10, 7, 25, 28, 16][4, 14, 9, 1, 23, 20, 24, 3, 11, 17][25, 0, 19, 22, 18, 12, 8, 26][1, 23][11, 25][2, 21][1, 23][1, 23][1, 23][2, 21][1, 23][1, 23] 
[4, 14, 9, 1, 23, 20, 24, 3, 11, 17, 28, 7, 16, 6][11, 25, 0, 19, 22, 18, 12, 8, 26][10, 27, 29, 15, 5, 21, 2, 6, 13][1, 23][2, 21][1, 23][1, 23][1, 23][1, 23][1, 23][1, 23][1, 23] 
[4, 14, 9, 1, 23, 20, 24, 3, 11, 17, 28, 7, 16, 6][11, 25, 0, 19, 22, 18, 12, 8, 26][10, 27, 29, 15, 5, 21, 2, 6, 13][1, 23][2, 21][1, 23][1, 23][1, 23][1, 23][1, 23][1, 23][1, 23] 
[4, 14, 9, 1, 23, 20, 24, 3, 11, 17, 28, 7, 16][13, 6, 2, 21, 5, 15, 29, 27, 10, 7, 25][25, 0, 19, 22, 18, 12, 8, 26][2, 21][15, 29][11, 17][9, 14][1, 23][1, 23][1, 23][1, 23][1, 23] 
[4, 14, 9, 1, 23, 20, 24, 3, 11, 17, 28, 7, 16][13, 6, 2, 21, 5, 15, 29, 27, 10, 7, 25][25, 0, 19, 22, 18, 12, 8, 26][2, 21][15, 29][11, 17][9, 14][1, 23][1, 23][1, 23][1, 23][1, 23] 
[13, 6, 2, 21, 5, 15, 29, 27, 10, 7, 25, 28, 16][4, 14, 9, 1, 23, 20, 24, 3, 11][11, 25, 0, 19, 22, 18, 12, 8, 26][9, 14][2, 21][3, 24][1, 23][1, 23][1, 23][11, 17][2, 21][1, 23] 
[4, 14, 9, 1, 23, 20, 24, 3, 11, 17, 28, 7, 16][13, 6, 2, 21, 5, 15, 29, 27, 10, 7, 25][25, 0, 19, 22, 18, 12, 8, 26][2, 21][15, 29][11, 17][9, 14][1, 23][1, 23][1, 23][1, 23][1, 23] 
[4, 14, 9, 1, 23, 20, 24, 3, 11, 17, 28, 7, 16][13, 6, 2, 21, 5, 15, 29, 27, 10, 7, 25][25, 0, 19, 22, 18, 12, 8, 26][2, 21][15, 29][11, 17][9, 14][1, 23][1, 23][1, 23][1, 23][1, 23] 
[4, 14, 9, 1, 23, 20, 24, 3, 11, 17, 28, 7, 16][13, 6, 2, 21, 5, 15, 29, 27, 10, 7, 25][25, 0, 19, 22, 18, 12, 8, 26][2, 21][15, 29][11, 17][9, 14][1, 23][1, 23][1, 23][1, 23][1, 23] 
[25, 28, 0, 12, 8, 26][14, 9, 1, 23, 20][24, 3, 4, 7, 27][5, 21, 15, 2, 29][11, 17, 22, 19, 18][10, 6, 13][1, 3][16, 27][10, 16][10, 15][16, 28][0, 19] 
[25, 28, 0, 12, 8, 26][24, 3, 4, 7, 27][14, 9, 1, 23, 20][11, 17, 22, 19, 18][5, 21, 15, 2, 29][10, 6, 13][1, 3][16, 27][16, 28][10, 16][0, 19][10, 15] 
[25, 28, 0, 12, 8, 26][24, 3, 4, 7, 27][14, 9, 1, 23, 20][11, 17, 22, 19, 18][5, 21, 15, 2, 29][10, 6, 13][1, 3][16, 27][16, 28][10, 16][0, 19][10, 15] 
[25, 28, 0, 12, 8, 26][11, 17, 22, 19, 18][24, 3, 4, 7, 27][5, 21, 15, 2, 29][14, 9, 1, 23, 20][10, 6, 13][16, 28][0, 19][10, 16][16, 27][10, 15][1, 3] 
[25, 28, 0, 12, 8, 26][24, 3, 4, 7, 27][14, 9, 1, 23, 20][11, 17, 22, 19, 18][5, 21, 15, 2, 29][10, 6, 13][1, 3][16, 27][16, 28][10, 16][0, 19][10, 15] 
[25, 28, 0, 12, 8, 26][24, 3, 4, 7, 27][14, 9, 1, 23, 20][11, 17, 22, 19, 18][5, 21, 15, 2, 29][10, 6, 13][1, 3][16, 27][16, 28][10, 16][0, 19][10, 15] 
[25, 28, 0, 12, 8, 26][24, 3, 4, 7, 27][14, 9, 1, 23, 20][11, 17, 22, 19, 18][5, 21, 15, 2, 29][10, 6, 13][1, 3][16, 27][16, 28][10, 16][0, 19][10, 15] 
[25, 28, 0, 12, 8, 26][24, 3, 4, 7, 27][14, 9, 1, 23, 20][11, 17, 22, 19, 18][5, 21, 15, 2, 29][10, 6, 13][1, 3][16, 27][16, 28][10, 16][0, 19][10, 15] 
[25, 28, 0, 12, 8, 26][24, 3, 4, 7, 27][14, 9, 1, 23, 20][11, 17, 22, 19, 18][5, 21, 15, 2, 29][10, 6, 13][1, 3][16, 27][16, 28][10, 16][0, 19][10, 15] 
[25, 28, 0, 12, 8, 26][24, 3, 4, 7, 27][14, 9, 1, 23, 20][11, 17, 22, 19, 18][5, 21, 15, 2, 29][10, 6, 13][1, 3][16, 27][16, 28][10, 16][0, 19][10, 15] 
[25, 28, 0, 12, 8, 26][24, 3, 4, 7, 27][14, 9, 1, 23, 20][11, 17, 22, 19, 18][5, 21, 15, 2, 29][10, 6, 13][1, 3][16, 27][16, 28][10, 16][0, 19][10, 15] 
[25, 28, 0, 12, 8, 26][24, 3, 4, 7, 27][14, 9, 1, 23, 20][11, 17, 22, 19, 18][5, 21, 15, 2, 29][10, 6, 13][1, 3][16, 27][16, 28][10, 16][0, 19][10, 15] 
[25, 28, 0, 12, 8, 26][11, 17, 22, 19, 18][24, 3, 4, 7, 27][5, 21, 15, 2, 29][14, 9, 1, 23, 20][10, 6, 13][16, 28][0, 19][10, 16][16, 27][10, 15][1, 3] 
[25, 28, 0, 12, 8, 26][14, 9, 1, 23, 20][24, 3, 4, 7, 27][5, 21, 15, 2, 29][11, 17, 22, 19, 18][10, 6, 13][1, 3][16, 27][10, 16][10, 15][16, 28][0, 19] 
[25, 28, 0, 12, 8, 26][14, 9, 1, 23, 20][24, 3, 4, 7, 27][5, 21, 15, 2, 29][11, 17, 22, 19, 18][10, 6, 13][1, 3][16, 27][10, 16][10, 15][16, 28][0, 19] 
[25, 28, 0, 12, 8, 26][14, 9, 1, 23, 20, 24][11, 17, 22, 19, 18][5, 21, 15, 2, 29][3, 4, 7, 27][10, 6, 13][0, 19][16, 28][16, 27][10, 16][10, 15][3, 9] 
[25, 28, 0, 12, 8, 26][14, 9, 1, 23, 20, 24][11, 17, 22, 19, 18][5, 21, 15, 2, 29][3, 4, 7, 27][10, 6, 13][0, 19][16, 28][10, 16][16, 27][3, 9][10, 15] 
[25, 28, 0, 12, 8, 26][14, 9, 1, 23, 20, 24][11, 17, 22, 19, 18][5, 21, 15, 2, 29][3, 4, 7, 27][10, 6, 13][16, 28][0, 19][16, 27][3, 9][10, 16][10, 15] 
[25, 28, 0, 12, 8, 26][14, 9, 1, 23, 20, 24][11, 17, 22, 19, 18][5, 21, 15, 2, 29][3, 4, 7, 27][10, 6, 13][0, 19][16, 28][16, 27][10, 16][10, 15][3, 9] 
[25, 28, 0, 12, 8, 26][14, 9, 1, 23, 20, 24][11, 17, 22, 19, 18][5, 21, 15, 2, 29][3, 4, 7, 27][10, 6, 13][0, 19][16, 28][16, 27][10, 16][10, 15][3, 9] 
[14, 9, 1, 23, 20, 24][25, 28, 0, 12, 8, 26][11, 17, 22, 19, 18][5, 21, 15, 2, 29][3, 4, 7, 27][3, 9, 23][10, 6, 13][16, 27][16, 28][0, 19][10, 16][10, 15] 
[25, 28, 0, 12, 8, 26][14, 9, 1, 23, 20][24, 3, 4, 7, 27][5, 21, 15, 2, 29][11, 17, 22, 19, 18][10, 6, 13][1, 3][16, 27][10, 16][10, 15][16, 28][0, 19] 
[25, 28, 0, 12, 8, 26][14, 9, 1, 23, 20][24, 3, 4, 7, 27][5, 21, 15, 2, 29][11, 17, 22, 19, 18][10, 6, 13][1, 3][16, 27][10, 16][10, 15][16, 28][0, 19] 
[25, 28, 0, 12, 8, 26][24, 3, 4, 7, 27][14, 9, 1, 23, 20][11, 17, 22, 19, 18][5, 21, 15, 2, 29][10, 6, 13][1, 3][16, 27][16, 28][10, 16][0, 19][10, 15] 
[25, 28, 0, 12, 8, 26][24, 3, 4, 7, 27][14, 9, 1, 23, 20][11, 17, 22, 19, 18][5, 21, 15, 2, 29][10, 6, 13][1, 3][16, 27][16, 28][10, 16][0, 19][10, 15] 
[25, 28, 0, 12, 8, 26][14, 9, 1, 23, 20][24, 3, 4, 7, 27][5, 21, 15, 2, 29][11, 17, 22, 19, 18][10, 6, 13][1, 3][16, 27][10, 16][10, 15][16, 28][0, 19] 
[25, 28, 0, 12, 8, 26][11, 17, 22, 19, 18][5, 21, 15, 2, 29][24, 3, 4, 7, 27][14, 9, 1, 23, 20][10, 6, 13][0, 19][16, 28][10, 16][10, 15][16, 27][3, 9] 
[25, 28, 0, 12, 8, 26][14, 9, 1, 23, 20][24, 3, 4, 7, 27][5, 21, 15, 2, 29][11, 17, 22, 19, 18][10, 6, 13][1, 3][16, 27][10, 16][10, 15][16, 28][0, 19] 
[25, 28, 0, 12, 8, 26][14, 9, 1, 23, 20, 24][11, 17, 22, 19, 18][5, 21, 15, 2, 29][3, 4, 7, 27][10, 6, 13][0, 19][16, 28][16, 27][10, 16][10, 15][3, 9] 
[25, 28, 0, 12, 8, 26][14, 9, 1, 23, 20, 24][11, 17, 22, 19, 18][5, 21, 15, 2, 29][3, 4, 7, 27][10, 6, 13][0, 19][16, 28][10, 16][16, 27][3, 9][10, 15] 
[25, 28, 0, 12, 8, 26][14, 9, 1, 23, 20, 24][11, 17, 22, 19, 18][5, 21, 15, 2, 29][3, 4, 7, 27][10, 6, 13][0, 19][16, 28][10, 16][16, 27][3, 9][10, 15] 
[25, 28, 0, 12, 8, 26][14, 9, 1, 23, 20, 24][11, 17, 22, 19, 18][5, 21, 15, 2, 29][3, 4, 7, 27][10, 6, 13][0, 19][16, 28][10, 16][16, 27][3, 9][10, 15] 
[25, 28, 0, 12, 8, 26][14, 9, 1, 23, 20, 24][11, 17, 22, 19, 18][5, 21, 15, 2, 29][3, 4, 7, 27][10, 6, 13][0, 19][16, 28][10, 16][10, 15][16, 27][3, 9] 
[25, 28, 0, 12, 8, 26][14, 9, 1, 23, 20, 24][11, 17, 22, 19, 18][5, 21, 15, 2, 29][3, 4, 7, 27][10, 6, 13][0, 19][16, 28][16, 27][10, 16][10, 15][3, 9] 
[25, 28, 0, 12, 8, 26][14, 9, 1, 23, 20, 24][11, 17, 22, 19, 18][5, 21, 15, 2, 29][3, 4, 7, 27][10, 6, 13][0, 19][16, 28][16, 27][10, 16][10, 15][3, 9] 
[25, 28, 0, 12, 8, 26][14, 9, 1, 23, 20, 24][11, 17, 22, 19, 18][5, 21, 15, 2, 29][3, 4, 7, 27][10, 6, 13][0, 19][16, 28][10, 16][16, 27][3, 9][10, 15] 
[25, 28, 0, 12, 8, 26][14, 9, 1, 23, 20, 24][11, 17, 22, 19, 18][5, 21, 15, 2, 29][3, 4, 7, 27][10, 6, 13][16, 28][0, 19][16, 27][3, 9][10, 16][10, 15] 
[25, 28, 0, 12, 8, 26][14, 9, 1, 23, 20, 24][11, 17, 22, 19, 18][5, 21, 15, 2, 29][3, 4, 7, 27][10, 6, 13][0, 19][16, 28][16, 27][10, 16][10, 15][3, 9] 
[25, 28, 0, 12, 8, 26][14, 9, 1, 23, 20, 24][11, 17, 22, 19, 18][5, 21, 15, 2, 29][3, 4, 7, 27][10, 6, 13][0, 19][16, 28][10, 16][16, 27][3, 9][10, 15] 
[25, 28, 0, 12, 8, 26][14, 9, 1, 23, 20, 24][11, 17, 22, 19, 18][5, 21, 15, 2, 29][3, 4, 7, 27][10, 6, 13][0, 19][16, 28][10, 16][16, 27][3, 9][10, 15] 
[25, 28, 0, 12, 8, 26][14, 9, 1, 23, 20, 24][11, 17, 22, 19, 18][5, 21, 15, 2, 29][3, 4, 7, 27][10, 6, 13][0, 19][16, 28][10, 16][16, 27][3, 9][10, 15] 
[25, 28, 0, 12, 8, 26][14, 9, 1, 23, 20, 24][5, 21, 15, 2, 29][11, 17, 22, 19, 18][3, 4, 7, 27][10, 6, 13][10, 15][10, 16][16, 27][16, 28][0, 19][3, 9] 
[25, 28, 0, 12, 8, 26][14, 9, 1, 23, 20, 24][11, 17, 22, 19, 18][5, 21, 15, 2, 29][3, 4, 7, 27][10, 6, 13][0, 19][16, 28][10, 16][16, 27][3, 9][10, 15] 
[14, 9, 1, 23, 20, 24][25, 28, 0, 12, 8, 26][5, 21, 15, 2, 29][11, 17, 22, 19, 18][7, 4, 3, 9][10, 6, 13][10, 15][10, 16][16, 27][7, 27][16, 28][0, 19] 
[14, 9, 1, 23, 20, 24][25, 28, 0, 12, 8, 26][5, 21, 15, 2, 29][11, 17, 22, 19, 18][7, 4, 3, 9][10, 6, 13][10, 15][10, 16][16, 27][7, 27][16, 28][0, 19] 
[14, 9, 1, 23, 20, 24][25, 28, 0, 12, 8, 26][5, 21, 15, 2, 29][11, 17, 22, 19, 18][7, 4, 3, 9][10, 6, 13][10, 15][10, 16][16, 27][7, 27][16, 28][0, 19] 
[25, 28, 0, 12, 8, 26][14, 9, 1, 23, 20, 24][11, 17, 22, 19, 18][5, 21, 15, 2, 29][7, 4, 3, 9][10, 6, 13][16, 27][16, 28][10, 16][7, 27][0, 19][10, 15] 
[25, 28, 0, 12, 8, 26][5, 21, 15, 2, 29][11, 17, 22, 19, 18][24, 3, 4, 7, 27][14, 9, 1, 23, 20][10, 6, 13][10, 16, 28][10, 15][10, 16][0, 19][16, 27][3, 9] 
[25, 28, 0, 12, 8, 26][1, 3, 24, 20, 23, 14][11, 17, 22, 19, 18][9, 3, 4, 7, 27][5, 21, 15, 2, 29][10, 6, 13][16, 28][0, 19][16, 27][20, 24][10, 16][10, 15] 
[25, 28, 0, 12, 8, 26][14, 9, 1, 23, 20][24, 3, 4, 7, 27][5, 21, 15, 2, 29][11, 17, 22, 19, 18][10, 6, 13][3, 9][16, 27][10, 16][16, 28][10, 15][0, 19] 
[25, 28, 0, 12, 8, 26][14, 9, 1, 23, 20][24, 3, 4, 7, 27][5, 21, 15, 2, 29][11, 17, 22, 19, 18][10, 6, 13][3, 9][16, 27][10, 16][16, 28][10, 15][0, 19] 
[25, 28, 0, 12, 8, 26][14, 9, 1, 23, 20][24, 3, 4, 7, 27][5, 21, 15, 2, 29][11, 17, 22, 19, 18][10, 6, 13][3, 9][16, 27][10, 16][16, 28][10, 15][0, 19] 
[25, 28, 0, 12, 8, 26][14, 9, 1, 23, 20][24, 3, 4, 7, 27][5, 21, 15, 2, 29][11, 17, 22, 19, 18][10, 6, 13][3, 9][16, 27][10, 16][16, 28][10, 15][0, 19] 
[25, 28, 0, 12, 8, 26][11, 17, 22, 19, 18][5, 21, 15, 2, 29][24, 3, 4, 7, 27][14, 9, 1, 23, 20][10, 6, 13][0, 19][16, 28][10, 16][10, 15][16, 27][3, 9] 
[25, 28, 0, 12, 8, 26][14, 9, 1, 23, 20, 24][11, 17, 22, 19, 18][5, 21, 15, 2, 29][3, 4, 7, 27][10, 6, 13][0, 19][16, 28][16, 27][10, 16][10, 15][3, 9] 
[25, 28, 0, 12, 8, 26][14, 9, 1, 23, 20][24, 3, 4, 7, 27][5, 21, 15, 2, 29][11, 17, 22, 19, 18][10, 6, 13][1, 3][16, 27][10, 16][10, 15][16, 28][0, 19] 
