[23, 9, 1, 4, 20, 7, 28][15, 10, 2, 16, 27, 29][13, 18, 19, 22, 17][0, 26, 8, 12][14, 11, 3, 24][6, 5, 21][6, 13][0, 22][22, 25][11, 25][9, 14][6, 10] 
[23, 9, 1, 4, 20, 7, 28][13, 18, 19, 22, 17][16, 27, 2, 29][10, 6, 5, 21][14, 11, 3, 24][0, 26, 8, 12][2, 10, 15][6, 13][22, 25][11, 25][0, 22][9, 14] 
[23, 9, 1, 4, 20, 7, 28][13, 18, 19, 22, 17][16, 27, 2, 29][10, 6, 5, 21][14, 11, 3, 24][0, 26, 8, 12][2, 10, 15][6, 13][22, 25][11, 25][0, 22][9, 14] 
[23, 9, 1, 4, 20, 7, 28][13, 18, 19, 22, 17][16, 27, 2, 29][10, 6, 5, 21][14, 11, 3, 24][0, 26, 8, 12][2, 10, 15][6, 13][22, 25][11, 25][0, 22][9, 14] 
[23, 9, 1, 4, 20, 7, 28][13, 18, 19, 22, 17][16, 27, 2, 29][10, 6, 5, 21][14, 11, 3, 24][0, 26, 8, 12][2, 10, 15][6, 13][22, 25][11, 25][0, 22][9, 14] 
[23, 9, 1, 4, 20, 7, 28][13, 18, 19, 22, 17][16, 27, 2, 29][10, 6, 5, 21][14, 11, 3, 24][0, 26, 8, 12][2, 10, 15][6, 13][22, 25][11, 25][0, 22][9, 14] 
[23, 9, 1, 4, 20, 7, 28][13, 18, 19, 22, 17][16, 27, 2, 29][10, 6, 5, 21][14, 11, 3, 24][0, 26, 8, 12][2, 10, 15][6, 13][22, 25][11, 25][0, 22][9, 14] 
[23, 9, 1, 4, 20, 7, 28][13, 18, 19, 22, 17][14, 11, 3, 24][10, 6, 5, 21][16, 27, 2, 29][0, 26, 8, 12][2, 10, 15][9, 14][11, 25][22, 25][6, 13][0, 22] 
[23, 9, 1, 4, 20, 7, 28][13, 18, 19, 22, 17][14, 11, 3, 24][10, 6, 5, 21][16, 27, 2, 29][0, 26, 8, 12][2, 10, 15][9, 14][11, 25][22, 25][6, 13][0, 22] 
[23, 9, 1, 4, 20, 7, 28][13, 18, 19, 22, 17][14, 11, 3, 24][10, 6, 5, 21][16, 27, 2, 29][0, 26, 8, 12][2, 10, 15][9, 14][11, 25][22, 25][6, 13][0, 22] 
[23, 9, 1, 4, 20, 7, 28][15, 10, 2, 16, 27, 29][13, 18, 19, 22, 17][0, 26, 8, 12][14, 11, 3, 24][6, 5, 21][6, 13][0, 22][22, 25][11, 25][9, 14][6, 10] 
[23, 9, 1, 4, 20, 7, 28][13, 18, 19, 22, 17][16, 27, 2, 29][10, 6, 5, 21][14, 11, 3, 24][0, 26, 8, 12][2, 10, 15][6, 13][22, 25][11, 25][0, 22][9, 14] 
[23, 9, 1, 4, 20, 7, 28][13, 18, 19, 22, 17][16, 27, 2, 29][10, 6, 5, 21][14, 11, 3, 24][0, 26, 8, 12][2, 10, 15][6, 13][22, 25][11, 25][0, 22][9, 14] 
[23, 9, 1, 4, 20, 7, 28][13, 18, 19, 22, 17][16, 27, 2, 29][10, 6, 5, 21][14, 11, 3, 24][0, 26, 8, 12][2, 10, 15][6, 13][22, 25][11, 25][0, 22][9, 14] 
[23, 9, 1, 4, 20, 7, 28][13, 18, 19, 22, 17][16, 27, 2, 29][10, 6, 5, 21][14, 11, 3, 24][0, 26, 8, 12][2, 10, 15][6, 13][22, 25][11, 25][0, 22][9, 14] 
[23, 9, 1, 4, 20, 7, 28][13, 18, 19, 22, 17][16, 27, 2, 29][10, 6, 5, 21][14, 11, 3, 24][0, 26, 8, 12][2, 10, 15][6, 13][22, 25][11, 25][0, 22][9, 14] 
[23, 9, 1, 4, 20, 7, 28][15, 10, 2, 16, 27, 29][13, 18, 19, 22, 17][0, 26, 8, 12][14, 11, 3, 24][6, 5, 21][6, 13][0, 22][22, 25][11, 25][9, 14][6, 10] 
[23, 9, 1, 4, 20, 7, 28][13, 18, 19, 22, 17][16, 27, 2, 29][10, 6, 5, 21][14, 11, 3, 24][0, 26, 8, 12][2, 10, 15][6, 13][22, 25][11, 25][0, 22][9, 14] 
[23, 9, 1, 4, 20, 7, 28][13, 18, 19, 22, 17][14, 11, 3, 24][10, 6, 5, 21][16, 27, 2, 29][0, 26, 8, 12][2, 10, 15][9, 14][11, 25][22, 25][6, 13][0, 22] 
[23, 9, 1, 4, 20, 7, 28][15, 10, 2, 16, 27, 29][13, 18, 19, 22, 17][14, 11, 3, 24][0, 26, 8, 12][6, 5, 21][11, 25][22, 25][0, 22][6, 13][9, 14][6, 10] 
[23, 9, 1, 4, 20, 7, 28][15, 10, 2, 16, 27, 29][13, 18, 19, 22, 17][0, 26, 8, 12][14, 11, 3, 24][6, 5, 21][6, 13][0, 22][22, 25][11, 25][9, 14][6, 10] 
[23, 9, 1, 4, 20, 7, 28][13, 18, 19, 22, 17][16, 27, 2, 29][10, 6, 5, 21][14, 11, 3, 24][0, 26, 8, 12][2, 10, 15][6, 13][22, 25][11, 25][0, 22][9, 14] 
[23, 9, 1, 4, 20, 7, 28][13, 18, 19, 22, 17][16, 27, 2, 29][10, 6, 5, 21][14, 11, 3, 24][0, 26, 8, 12][2, 10, 15][6, 13][22, 25][11, 25][0, 22][9, 14] 
[23, 9, 1, 4, 20, 7, 28][13, 18, 19, 22, 17][0, 26, 8, 12][10, 6, 5, 21][16, 27, 2, 29][14, 11, 3, 24][2, 10, 15][0, 22][22, 25][6, 13][11, 25][9, 14] 
[23, 9, 1, 4, 20, 7, 28][13, 18, 19, 22, 17][16, 27, 2, 29][10, 6, 5, 21][14, 11, 3, 24][0, 26, 8, 12][2, 10, 15][6, 13][22, 25][11, 25][0, 22][9, 14] 
[23, 9, 1, 4, 20, 7, 28][13, 18, 19, 22, 17][14, 11, 3, 24][10, 6, 5, 21][16, 27, 2, 29][0, 26, 8, 12][2, 10, 15][9, 14][11, 25][22, 25][6, 13][0, 22] 
[23, 9, 1, 4, 20, 7, 28][15, 10, 2, 16, 27, 29][13, 18, 19, 22, 17][14, 11, 3, 24][0, 26, 8, 12][6, 5, 21][11, 25][22, 25][9, 14][6, 13][6, 10][0, 22] 
[23, 9, 1, 4, 20, 7, 28][13, 18, 19, 22, 17][16, 27, 2, 29][10, 6, 5, 21][14, 11, 3, 24][0, 26, 8, 12][2, 10, 15][6, 13][22, 25][11, 25][0, 22][9, 14] 
[23, 9, 1, 4, 20, 7, 28][13, 18, 19, 22, 17][16, 27, 2, 29][10, 6, 5, 21][14, 11, 3, 24][0, 26, 8, 12][2, 10, 15][6, 13][22, 25][11, 25][0, 22][9, 14] 
[23, 9, 1, 4, 20, 7, 28][15, 10, 2, 16, 27, 29][13, 18, 19, 22, 17][0, 26, 8, 12][14, 11, 3, 24][6, 5, 21][6, 13][0, 22][22, 25][11, 25][9, 14][6, 10] 
[23, 9, 1, 4, 20, 7, 28][15, 10, 2, 16, 27, 29][13, 18, 19, 22, 17][14, 11, 3, 24][0, 26, 8, 12][6, 5, 21][9, 14][11, 25][22, 25][0, 22][6, 13][6, 10] 
[23, 9, 1, 4, 20, 7, 28][13, 18, 19, 22, 17][0, 26, 8, 12][10, 6, 5, 21][16, 27, 2, 29][14, 11, 3, 24][2, 10, 15][0, 22][22, 25][6, 13][11, 25][9, 14] 
[23, 9, 1, 4, 20, 7, 28][13, 18, 19, 22, 17][14, 11, 3, 24][10, 6, 5, 21][16, 27, 2, 29][0, 26, 8, 12][2, 10, 15][9, 14][11, 25][22, 25][6, 13][0, 22] 
[23, 9, 1, 4, 20, 7, 28][13, 18, 19, 22, 17][10, 6, 5, 21, 15][14, 11, 3, 24][16, 27, 2, 29][0, 26, 8, 12][2, 10, 15][9, 14][11, 25][22, 25][6, 13][0, 22] 
[23, 9, 1, 4, 20, 7, 28][15, 10, 2, 16, 27, 29][13, 18, 19, 22, 17][0, 26, 8, 12][14, 11, 3, 24][6, 5, 21][6, 13][0, 22][22, 25][11, 25][9, 14][6, 10] 
[12, 22, 19, 0, 28, 16, 27, 7, 10, 21, 2, 29][17, 11, 14, 23, 24, 3, 9, 1, 4, 20, 7, 25][15, 21, 5, 6, 13, 18][0, 26, 8][6, 13][2, 21][2, 21][4, 20][2, 21][2, 21][2, 21][2, 21] 
[12, 22, 19, 0, 28, 16, 27, 7, 10, 21, 2, 29][17, 11, 14, 23, 24, 3, 9, 1, 4, 20, 7, 25][15, 21, 5, 6, 13, 18][0, 26, 8][6, 13][2, 21][2, 21][4, 20][2, 21][2, 21][2, 21][2, 21] 
[12, 22, 19, 0, 28, 16, 27, 7, 10, 21, 2, 29][17, 11, 14, 23, 24, 3, 9, 1, 4, 20, 7, 25][15, 21, 5, 6, 13, 18][0, 26, 8][6, 13][2, 21][2, 21][4, 20][2, 21][2, 21][2, 21][2, 21] 
[12, 22, 19, 0, 28, 16, 27, 7, 10, 21, 2, 29][11, 14, 23, 24, 3, 9, 1, 4, 20, 7, 25][2, 16, 15, 21, 5, 6, 13, 18][2, 21][11, 17][0, 26][2, 21][2, 21][6, 13][4, 20][2, 21][8, 26] 
[12, 22, 19, 0, 28, 16, 27, 7, 10, 21, 2, 29][11, 14, 23, 24, 3, 9, 1, 4, 20, 7, 25][15, 21, 5, 6, 13, 18][2, 21][11, 17][0, 26][2, 21][2, 21][6, 13][4, 20][2, 21][8, 26] 
[7, 20, 4, 1, 9, 3, 24, 23, 14, 11, 17][15, 29, 2, 21, 10, 7, 27, 16, 28][6, 13, 18, 12, 8, 26, 0, 22][17, 22, 19][8, 26][8, 26][22, 25][5, 21][8, 12][4, 20][3, 24][4, 20] 
[12, 22, 19, 0, 28, 16, 27, 7, 10, 21, 2, 29][17, 11, 14, 23, 24, 3, 9, 1, 4, 20, 7, 25][15, 21, 5, 6, 13, 18][0, 26, 8][6, 13][2, 21][2, 21][4, 20][2, 21][2, 21][2, 21][2, 21] 
[12, 22, 19, 0, 28, 16, 27, 7, 10, 21, 2, 29][17, 11, 14, 23, 24, 3, 9, 1, 4, 20, 7, 25][15, 21, 5, 6, 13, 18][0, 26, 8][6, 13][2, 21][2, 21][4, 20][2, 21][2, 21][2, 21][2, 21] 
[12, 22, 19, 0, 28, 16, 27, 7, 10, 21, 2, 29][11, 14, 23, 24, 3, 9, 1, 4, 20, 7, 25][15, 21, 5, 6, 13, 18][2, 21][11, 17][0, 26][2, 21][2, 21][6, 13][4, 20][2, 21][8, 26] 
[12, 22, 19, 0, 28, 16, 27, 7, 10, 21, 2, 29][17, 11, 14, 23, 24, 3, 9, 1, 4, 20, 7, 25][15, 21, 5, 6, 13, 18][0, 26, 8][6, 13][2, 21][2, 21][4, 20][2, 21][2, 21][2, 21][2, 21] 
[12, 22, 19, 0, 28, 16, 27, 7, 10, 21, 2, 29][17, 11, 14, 23, 24, 3, 9, 1, 4, 20, 7, 25][15, 21, 5, 6, 13, 18][0, 26, 8][6, 13][2, 21][2, 21][4, 20][2, 21][2, 21][2, 21][2, 21] 
[12, 22, 19, 0, 28, 16, 27, 7, 10, 21, 2, 29][17, 11, 14, 23, 24, 3, 9, 1, 4, 20, 7, 25][15, 21, 5, 6, 13, 18][0, 26, 8][6, 13][2, 21][2, 21][4, 20][2, 21][2, 21][2, 21][2, 21] 
[12, 22, 19, 0, 28, 16, 27, 7, 10, 21, 2, 29][11, 14, 23, 24, 3, 9, 1, 4, 20, 7, 25][2, 16, 15, 21, 5, 6, 13, 18][2, 21][11, 17][0, 26][2, 21][2, 21][6, 13][4, 20][2, 21][8, 26] 
[12, 22, 19, 0, 28, 16, 27, 7, 10, 21, 2, 29][17, 11, 14, 23, 24, 3, 9, 1, 4, 20, 7, 25][15, 21, 5, 6, 13, 18][0, 26, 8][6, 13][2, 21][2, 21][4, 20][2, 21][2, 21][2, 21][2, 21] 
[12, 22, 19, 0, 28, 16, 27, 7, 10, 21, 2, 29][17, 11, 14, 23, 24, 3, 9, 1, 4, 20, 7, 25][15, 21, 5, 6, 13, 18][0, 26, 8][6, 13][2, 21][2, 21][4, 20][2, 21][2, 21][2, 21][2, 21] 
[12, 22, 19, 0, 28, 16, 27, 7, 10, 21, 2, 29][17, 11, 14, 23, 24, 3, 9, 1, 4, 20, 7, 25][15, 21, 5, 6, 13, 18][0, 26, 8][6, 13][2, 21][2, 21][4, 20][2, 21][2, 21][2, 21][2, 21] 
[12, 22, 19, 0, 28, 16, 27, 7, 10, 21, 2, 29][17, 11, 14, 23, 24, 3, 9, 1, 4, 20, 7, 25][15, 21, 5, 6, 13, 18][0, 26, 8][6, 13][2, 21][2, 21][4, 20][2, 21][2, 21][2, 21][2, 21] 
[17, 11, 14, 23, 24, 3, 9, 1, 4, 20, 7, 25][2, 21, 10, 7, 27, 16, 28, 0, 19, 22, 12][15, 21, 5, 6, 13, 18][0, 26, 8][2, 21][6, 13][2, 21][13, 18][2, 21][2, 21][2, 29][2, 21] 
[12, 22, 19, 0, 28, 16, 27, 7, 10, 21, 2, 29][17, 11, 14, 23, 24, 3, 9, 1, 4, 20, 7, 25][15, 21, 5, 6, 13, 18][0, 26, 8][6, 13][2, 21][2, 21][4, 20][2, 21][2, 21][2, 21][2, 21] 
[12, 22, 19, 0, 28, 16, 27, 7, 10, 21, 2, 29][17, 11, 14, 23, 24, 3, 9, 1, 4, 20, 7, 25][15, 21, 5, 6, 13, 18][0, 26, 8][6, 13][2, 21][2, 21][4, 20][2, 21][2, 21][2, 21][2, 21] 
[12, 22, 19, 0, 28, 16, 27, 7, 10, 21, 2, 29][17, 11, 14, 23, 24, 3, 9, 1, 4, 20, 7, 25][15, 21, 5, 6, 13, 18][0, 26, 8][6, 13][2, 21][2, 21][4, 20][2, 21][2, 21][2, 21][2, 21] 
[23, 9, 1, 4, 20, 7, 28][13, 18, 19, 22, 17][16, 27, 2, 29][10, 6, 5, 21][14, 11, 3, 24][0, 26, 8, 12][2, 10, 15][6, 13][22, 25][11, 25][0, 22][9, 14] 
[23, 9, 1, 4, 20, 7, 28][13, 18, 19, 22, 17][16, 27, 2, 29][10, 6, 5, 21][14, 11, 3, 24][0, 26, 8, 12][2, 10, 15][6, 13][22, 25][11, 25][0, 22][9, 14] 
[23, 9, 1, 4, 20, 7, 28][13, 18, 19, 22, 17][16, 27, 2, 29][10, 6, 5, 21][0, 26, 8, 12][14, 11, 3, 24][2, 10, 15][6, 13][22, 25][0, 22][11, 25][9, 14] 
[23, 9, 1, 4, 20, 7, 28][13, 18, 19, 22, 17][16, 27, 2, 29][10, 6, 5, 21][0, 26, 8, 12][14, 11, 3, 24][2, 10, 15][6, 13][22, 25][0, 22][11, 25][9, 14] 
[23, 9, 1, 4, 20, 7, 28][13, 18, 19, 22, 17][16, 27, 2, 29][10, 6, 5, 21][14, 11, 3, 24][0, 26, 8, 12][2, 10, 15][6, 13][22, 25][11, 25][0, 22][9, 14] 
[23, 9, 1, 4, 20, 7, 28][13, 18, 19, 22, 17][16, 27, 2, 29][10, 6, 5, 21][14, 11, 3, 24][0, 26, 8, 12][2, 10, 15][6, 13][22, 25][11, 25][0, 22][9, 14] 
[23, 9, 1, 4, 20, 7, 28][13, 18, 19, 22, 17][16, 27, 2, 29][10, 6, 5, 21][14, 11, 3, 24][0, 26, 8, 12][2, 10, 15][6, 13][22, 25][11, 25][0, 22][9, 14] 
[23, 9, 1, 4, 20, 7, 28][13, 18, 19, 22, 17][16, 27, 2, 29][10, 6, 5, 21][14, 11, 3, 24][0, 26, 8, 12][2, 10, 15][6, 13][22, 25][11, 25][0, 22][9, 14] 
[23, 9, 1, 4, 20, 7, 28][13, 18, 19, 22, 17][14, 11, 3, 24][10, 6, 5, 21][16, 27, 2, 29][0, 26, 8, 12][2, 10, 15][9, 14][11, 25][22, 25][6, 13][0, 22] 
[23, 9, 1, 4, 20, 7, 28][13, 18, 19, 22, 17][16, 27, 2, 29][10, 6, 5, 21][14, 11, 3, 24][0, 26, 8, 12][2, 10, 15][6, 13][22, 25][11, 25][0, 22][9, 14] 
[23, 9, 1, 4, 20, 7, 28][13, 18, 19, 22, 17][10, 6, 5, 21][16, 27, 2, 29][0, 26, 8, 12][14, 11, 3, 24][2, 10, 15][6, 13][0, 22][22, 25][11, 25][9, 14] 
[23, 9, 1, 4, 20, 7, 28][13, 18, 19, 22, 17][16, 27, 2, 29][10, 6, 5, 21][14, 11, 3, 24][0, 26, 8, 12][2, 10, 15][6, 13][22, 25][11, 25][0, 22][9, 14] 
[23, 9, 1, 4, 20, 7, 28][13, 18, 19, 22, 17][0, 26, 8, 12][14, 11, 3, 24][10, 6, 5, 21][16, 27, 2, 29][2, 10, 15][22, 25][0, 22][11, 25][6, 13][9, 14] 
[23, 9, 1, 4, 20, 7, 28][13, 18, 19, 22, 17][16, 27, 2, 29][10, 6, 5, 21][14, 11, 3, 24][0, 26, 8, 12][2, 10, 15][6, 13][22, 25][11, 25][0, 22][9, 14] 
[23, 9, 1, 4, 20, 7, 28][13, 18, 19, 22, 17][16, 27, 2, 29][10, 6, 5, 21][14, 11, 3, 24][0, 26, 8, 12][2, 10, 15][6, 13][22, 25][11, 25][0, 22][9, 14] 
[23, 9, 1, 4, 20, 7, 28][15, 10, 2, 16, 27, 29][13, 18, 19, 22, 17][0, 26, 8, 12][14, 11, 3, 24][6, 5, 21][6, 13][0, 22][22, 25][11, 25][9, 14][6, 10] 
[23, 9, 1, 4, 20, 7, 28][15, 10, 2, 16, 27, 29][13, 18, 19, 22, 17][0, 26, 8, 12][14, 11, 3, 24][6, 5, 21][6, 13][0, 22][22, 25][11, 25][9, 14][6, 10] 
[23, 9, 1, 4, 20, 7, 28][10, 6, 5, 21, 15][13, 18, 19, 22, 17][16, 27, 2, 29][14, 11, 3, 24][0, 26, 8, 12][2, 10, 15][6, 13][22, 25][11, 25][0, 22][9, 14] 
[23, 9, 1, 4, 20, 7, 28][13, 18, 19, 22, 17][10, 6, 5, 21, 15][14, 11, 3, 24][16, 27, 2, 29][0, 26, 8, 12][2, 10, 15][9, 14][11, 25][22, 25][6, 13][0, 22] 
[23, 9, 1, 4, 20, 7, 28][15, 10, 2, 16, 27, 29][13, 18, 19, 22, 17][0, 26, 8, 12][14, 11, 3, 24][6, 5, 21][6, 13][0, 22][22, 25][11, 25][9, 14][6, 10] 
[23, 9, 1, 4, 20, 7, 28][15, 10, 2, 16, 27, 29][13, 18, 19, 22, 17][14, 11, 3, 24][0, 26, 8, 12][6, 5, 21][9, 14][11, 25][22, 25][12, 22][6, 13][6, 10] 
[23, 9, 1, 4, 20, 7, 28][13, 18, 19, 22, 17][16, 27, 2, 29][10, 6, 5, 21][14, 11, 3, 24][0, 26, 8, 12][2, 10, 15][6, 13][22, 25][11, 25][0, 22][9, 14] 
[23, 9, 1, 4, 20, 7, 28][13, 18, 19, 22, 17][16, 27, 2, 29][10, 6, 5, 21][14, 11, 3, 24][0, 26, 8, 12][2, 10, 15][6, 13][22, 25][11, 25][0, 22][9, 14] 
[23, 9, 1, 4, 20, 7, 28][13, 18, 19, 22, 17][14, 11, 3, 24][10, 6, 5, 21][16, 27, 2, 29][0, 26, 8, 12][2, 10, 15][11, 25][22, 25][9, 14][6, 13][0, 22] 
[23, 9, 1, 4, 20, 7, 28][13, 18, 19, 22, 17][16, 27, 2, 29][10, 6, 5, 21][14, 11, 3, 24][0, 26, 8, 12][2, 10, 15][6, 13][22, 25][11, 25][0, 22][9, 14] 
[23, 9, 1, 4, 20, 7, 28][13, 18, 19, 22, 17][10, 6, 5, 21][16, 27, 2, 29][0, 26, 8, 12][14, 11, 3, 24][2, 10, 15][6, 13][0, 22][22, 25][11, 25][9, 14] 
[23, 9, 1, 4, 20, 7, 28][13, 18, 19, 22, 17][14, 11, 3, 24][10, 6, 5, 21][16, 27, 2, 29][0, 26, 8, 12][2, 10, 15][11, 25][22, 25][9, 14][6, 13][0, 22] 
[23, 9, 1, 4, 20, 7, 28][13, 18, 19, 22, 17][16, 27, 2, 29][10, 6, 5, 21][14, 11, 3, 24][0, 26, 8, 12][2, 10, 15][6, 13][22, 25][11, 25][0, 22][9, 14] 
[23, 9, 1, 4, 20, 7, 28][10, 6, 5, 21, 15][13, 18, 19, 22, 17][16, 27, 2, 29][14, 11, 3, 24][0, 26, 8, 12][2, 10, 15][6, 13][22, 25][11, 25][0, 22][9, 14] 
[23, 9, 1, 4, 20, 7, 28][15, 10, 2, 16, 27, 29][13, 18, 19, 22, 17][0, 26, 8, 12][14, 11, 3, 24][6, 5, 21][6, 13][0, 22][22, 25][11, 25][9, 14][6, 10] 
[23, 9, 1, 4, 20, 7, 28][15, 10, 2, 16, 27, 29][13, 18, 19, 22, 17][14, 11, 3, 24][0, 26, 8, 12][6, 5, 21][11, 25][22, 25][0, 22][6, 13][9, 14][6, 10] 
[23, 9, 1, 4, 20, 7, 28][15, 10, 2, 16, 27, 29][13, 18, 19, 22, 17][0, 26, 8, 12][14, 11, 3, 24][6, 5, 21][6, 13][0, 22][22, 25][11, 25][9, 14][6, 10] 
[23, 9, 1, 4, 20, 7, 28][13, 18, 19, 22, 17][10, 6, 5, 21, 15][14, 11, 3, 24][16, 27, 2, 29][0, 26, 8, 12][2, 10, 15][9, 14][11, 25][22, 25][6, 13][0, 22] 
[23, 9, 1, 4, 20, 7, 28][13, 18, 19, 22, 17][10, 6, 5, 21, 15][14, 11, 3, 24][16, 27, 2, 29][0, 26, 8, 12][2, 10, 15][9, 14][11, 25][22, 25][6, 13][0, 22] 
[23, 9, 1, 4, 20, 7, 28][15, 10, 2, 16, 27, 29][13, 18, 19, 22, 17][0, 26, 8, 12][14, 11, 3, 24][6, 5, 21][6, 13][0, 22][22, 25][11, 25][9, 14][6, 10] 
[23, 9, 1, 4, 20, 7, 28][15, 10, 2, 16, 27, 29][13, 18, 19, 22, 17][14, 11, 3, 24][0, 26, 8, 12][6, 5, 21][11, 25][22, 25][0, 22][6, 13][9, 14][6, 10] 
[23, 9, 1, 4, 20, 7, 28][13, 18, 19, 22, 17][10, 6, 5, 21, 15][14, 11, 3, 24][16, 27, 2, 29][0, 26, 8, 12][2, 10, 15][9, 14][11, 25][22, 25][6, 13][0, 22] 
[23, 9, 1, 4, 20, 7, 28][15, 10, 2, 16, 27, 29][13, 18, 19, 22, 17][0, 26, 8, 12][14, 11, 3, 24][6, 5, 21][6, 13][0, 22][22, 25][11, 25][9, 14][6, 10] 
[23, 9, 1, 4, 20, 7, 28][15, 10, 2, 16, 27, 29][13, 18, 19, 22, 17][14, 11, 3, 24][0, 26, 8, 12][6, 5, 21][9, 14][11, 25][22, 25][0, 22][6, 13][6, 10] 
[23, 9, 1, 4, 20, 7, 28][15, 10, 2, 16, 27, 29][13, 18, 19, 22, 17][14, 11, 3, 24][0, 26, 8, 12][6, 5, 21][11, 25][22, 25][0, 22][6, 13][9, 14][6, 10] 
[23, 9, 1, 4, 20, 7, 28][13, 18, 19, 22, 17][10, 6, 5, 21, 15][14, 11, 3, 24][16, 27, 2, 29][0, 26, 8, 12][2, 10, 15][9, 14][11, 25][22, 25][6, 13][0, 22] 
[23, 9, 1, 4, 20, 7, 28][15, 10, 2, 16, 27, 29][13, 18, 19, 22, 17][14, 11, 3, 24][0, 26, 8, 12][6, 5, 21][11, 25][22, 25][9, 14][6, 13][6, 10][0, 22] 
[23, 9, 1, 4, 20, 7, 28][15, 10, 2, 16, 27, 29][13, 18, 19, 22, 17][14, 11, 3, 24][0, 26, 8, 12][6, 5, 21][11, 25][22, 25][0, 22][6, 13][9, 14][6, 10] 
[23, 9, 1, 4, 20, 7, 28][15, 10, 2, 16, 27, 29][13, 18, 19, 22, 17][0, 26, 8, 12][14, 11, 3, 24][6, 5, 21][0, 22, 25][6, 10][6, 13][11, 25][9, 14][8, 26] 
[23, 9, 1, 4, 20, 7, 28][15, 10, 2, 16, 27, 29][13, 18, 19, 22, 17][0, 26, 8, 12][14, 11, 3, 24][6, 5, 21][0, 22, 25][6, 10][6, 13][11, 25][9, 14][8, 26] 
[23, 9, 1, 4, 20, 7, 28][15, 10, 2, 16, 27, 29][13, 18, 19, 22, 17][0, 26, 8, 12][14, 11, 3, 24][6, 5, 21][0, 22, 25][6, 10][6, 13][11, 25][9, 14][8, 26] 
[23, 9, 1, 4, 20, 7, 28][15, 10, 2, 16, 27, 29][13, 18, 19, 22, 17][0, 26, 8, 12][14, 11, 3, 24][6, 5, 21][0, 22, 25][6, 10][6, 13][11, 25][9, 14][8, 26] 
[23, 9, 1, 4, 20, 7, 28][15, 10, 2, 16, 27, 29][13, 18, 19, 22, 17][0, 26, 8, 12][14, 11, 3, 24][6, 5, 21][0, 22, 25][6, 10][6, 13][11, 25][9, 14][8, 26] 
[23, 9, 1, 4, 20, 7, 28][15, 10, 2, 16, 27, 29][0, 22, 12, 8, 26][13, 18, 19, 22, 17][14, 11, 3, 24][6, 5, 21][8, 12][6, 13][22, 25][6, 10][11, 25][9, 14] 
[23, 9, 1, 4, 20, 7, 28][13, 18, 19, 22, 17][16, 27, 2, 29][10, 6, 5, 21][14, 11, 3, 24][0, 26, 8, 12][2, 10, 15][6, 13][22, 25][11, 25][0, 22][9, 14] 
[23, 9, 1, 4, 20, 7, 28][13, 18, 19, 22, 17][16, 27, 2, 29][10, 6, 5, 21][14, 11, 3, 24][0, 26, 8, 12][2, 10, 15][6, 13][22, 25][11, 25][0, 22][9, 14] 
[23, 9, 1, 4, 20, 7, 28][13, 18, 19, 22, 17][14, 11, 3, 24][10, 6, 5, 21][16, 27, 2, 29][0, 26, 8, 12][2, 10, 15][9, 14][11, 25][22, 25][6, 13][0, 22] 
[23, 9, 1, 4, 20, 7, 28][13, 18, 19, 22, 17][16, 27, 2, 29][10, 6, 5, 21][14, 11, 3, 24][0, 26, 8, 12][2, 10, 15][6, 13][22, 25][11, 25][0, 22][9, 14] 
[23, 9, 1, 4, 20, 7, 28][13, 18, 19, 22, 17][16, 27, 2, 29][10, 6, 5, 21][14, 11, 3, 24][0, 26, 8, 12][2, 10, 15][6, 13][22, 25][11, 25][0, 22][9, 14] 
[23, 9, 1, 4, 20, 7, 28][15, 10, 2, 16, 27, 29][13, 18, 19, 22, 17][0, 26, 8, 12][14, 11, 3, 24][6, 5, 21][6, 13][0, 22][22, 25][11, 25][9, 14][6, 10] 
[23, 9, 1, 4, 20, 7, 28][13, 18, 19, 22, 17][16, 27, 2, 29][10, 6, 5, 21][14, 11, 3, 24][0, 26, 8, 12][2, 10, 15][6, 13][22, 25][11, 25][0, 22][9, 14] 
