[9, 23, 24, 1, 3, 4, 20][8, 26, 0, 25, 28, 16][13, 18, 22, 17, 19][5, 15, 10, 21, 6][27, 7, 2, 29][8, 12][12, 19][11, 17][11, 14][7, 14][10, 27][14, 23] 
[9, 23, 24, 1, 3, 4, 20][8, 26, 0, 25, 28, 16][5, 15, 10, 21, 6][13, 18, 22, 17, 19][27, 7, 2, 29][10, 27][7, 14][14, 23][11, 14][11, 17][12, 19][8, 12] 
[9, 23, 24, 1, 3, 4, 20][8, 26, 0, 25, 28, 16][13, 18, 22, 17, 19][5, 15, 10, 21, 6][27, 7, 2, 29][12, 19][8, 12][11, 17][11, 14][7, 14][14, 23][10, 27] 
[9, 23, 24, 1, 3, 4, 20][8, 26, 0, 25, 28, 16][13, 18, 22, 17, 19][5, 15, 10, 21, 6][27, 7, 2, 29][12, 19][8, 12][11, 17][11, 14][7, 14][14, 23][10, 27] 
[9, 23, 24, 1, 3, 4, 20][16, 28, 25, 0, 26][5, 15, 10, 21, 6][8, 12, 17, 11][27, 7, 2, 29][18, 22, 17, 19][13, 18][8, 26][11, 14][14, 23][7, 14][10, 27] 
[9, 23, 24, 1, 3, 4, 20][16, 28, 25, 0, 26][5, 15, 10, 21, 6][8, 12, 17, 11][27, 7, 2, 29][18, 22, 17, 19][13, 18][8, 26][11, 14][14, 23][7, 14][10, 27] 
[9, 23, 24, 1, 3, 4, 20][8, 26, 0, 25, 28, 16][13, 18, 22, 17, 19][5, 15, 10, 21, 6][27, 7, 2, 29][12, 19][11, 17][8, 12][11, 14][14, 23][7, 14][10, 27] 
[9, 23, 24, 1, 3, 4, 20][5, 15, 10, 21, 6][16, 28, 25, 0, 26][27, 7, 2, 29][8, 12, 17, 11][18, 22, 17, 19][7, 14][14, 23][11, 14][10, 27][8, 26][13, 18] 
[9, 23, 24, 1, 3, 4, 20][5, 15, 10, 21, 6][16, 28, 25, 0, 26][27, 7, 2, 29][8, 12, 17, 11][18, 22, 17, 19][7, 14][14, 23][11, 14][10, 27][8, 26][13, 18] 
[9, 23, 24, 1, 3, 4, 20][16, 28, 25, 0, 26][5, 15, 10, 21, 6][8, 12, 17, 11][18, 22, 17, 19][27, 7, 2, 29][14, 23][11, 14][7, 14][8, 26][10, 27][13, 18] 
[9, 23, 24, 1, 3, 4, 20][8, 26, 0, 25, 28, 16][5, 15, 10, 21, 6][13, 18, 22, 17, 19][27, 7, 2, 29][10, 27][7, 14][14, 23][11, 14][11, 17][12, 19][8, 12] 
[9, 23, 24, 1, 3, 4, 20][8, 26, 0, 25, 28, 16][5, 15, 10, 21, 6][13, 18, 22, 17, 19][27, 7, 2, 29][14, 23][7, 14][10, 27][11, 14][11, 17][12, 19][8, 12] 
[9, 23, 24, 1, 3, 4, 20][8, 12, 0, 25, 28, 16][13, 18, 22, 17, 19][5, 15, 10, 21, 6][27, 7, 2, 29][11, 17][12, 19][11, 14][14, 23][7, 14][10, 27][8, 26] 
[9, 23, 24, 1, 3, 4, 20][5, 15, 10, 21, 6][16, 28, 25, 0, 26][27, 7, 2, 29][8, 12, 17, 11][18, 22, 17, 19][7, 14][14, 23][11, 14][10, 27][8, 26][13, 18] 
[9, 23, 24, 1, 3, 4, 20][5, 15, 10, 21, 6][16, 28, 25, 0, 26][27, 7, 2, 29][8, 12, 17, 11][18, 22, 17, 19][7, 14][14, 23][11, 14][10, 27][8, 26][13, 18] 
[9, 23, 24, 1, 3, 4, 20][5, 15, 10, 21, 6][16, 28, 25, 0, 26][27, 7, 2, 29][8, 12, 17, 11][18, 22, 17, 19][14, 23][7, 14][11, 14][10, 27][8, 26][13, 18] 
[9, 23, 24, 1, 3, 4, 20][8, 26, 0, 25, 28, 16][13, 18, 22, 17, 19][5, 15, 10, 21, 6][27, 7, 2, 29][12, 19][8, 12][11, 17][11, 14][7, 14][14, 23][10, 27] 
[9, 23, 24, 1, 3, 4, 20][8, 26, 0, 25, 28, 16][5, 15, 10, 21, 6][13, 18, 22, 17, 19][27, 7, 2, 29][10, 27][7, 14][14, 23][11, 14][11, 17][12, 19][8, 12] 
[9, 23, 24, 1, 3, 4, 20][5, 15, 10, 21, 6][16, 28, 25, 0, 26][27, 7, 2, 29][8, 12, 17, 11][18, 22, 17, 19][14, 23][7, 14][11, 14][10, 27][8, 26][13, 18] 
[9, 23, 24, 1, 3, 4, 20][8, 26, 0, 25, 28, 16][13, 18, 22, 17, 19][5, 15, 10, 21, 6][27, 7, 2, 29][8, 12][12, 19][11, 17][11, 14][7, 14][10, 27][14, 23] 
[9, 23, 24, 1, 3, 4, 20][8, 26, 0, 25, 28, 16][5, 15, 10, 21, 6][13, 18, 22, 17, 19][27, 7, 2, 29][14, 23][7, 14][10, 27][11, 14][11, 17][12, 19][8, 12] 
[9, 23, 24, 1, 3, 4, 20][8, 26, 0, 25, 28, 16][5, 15, 10, 21, 6][13, 18, 22, 17, 19][27, 7, 2, 29][10, 27][7, 14][14, 23][11, 14][11, 17][12, 19][8, 12] 
[9, 23, 24, 1, 3, 4, 20][8, 26, 0, 25, 28, 16][5, 15, 10, 21, 6][13, 18, 22, 17, 19][27, 7, 2, 29][14, 23][7, 14][10, 27][11, 14][11, 17][12, 19][8, 12] 
[9, 23, 24, 1, 3, 4, 20][16, 28, 25, 0, 26][5, 15, 10, 21, 6][8, 12, 17, 11][18, 22, 17, 19][27, 7, 2, 29][14, 23][11, 14][7, 14][8, 26][10, 27][13, 18] 
[9, 23, 24, 1, 3, 4, 20][16, 28, 25, 0, 26][5, 15, 10, 21, 6][8, 12, 17, 11][18, 22, 17, 19][27, 7, 2, 29][14, 23][11, 14][7, 14][8, 26][10, 27][13, 18] 
[9, 23, 24, 1, 3, 4, 20][16, 28, 25, 0, 26][5, 15, 10, 21, 6][8, 12, 17, 11][27, 7, 2, 29][18, 22, 17, 19][13, 18][8, 26][11, 14][14, 23][7, 14][10, 27] 
[9, 23, 24, 1, 3, 4, 20][8, 26, 0, 25, 28, 16][5, 15, 10, 21, 6][13, 18, 22, 17, 19][27, 7, 2, 29][14, 23][7, 14][10, 27][11, 14][11, 17][12, 19][8, 12] 
[9, 23, 24, 1, 3, 4, 20][8, 26, 0, 25, 28, 16][5, 15, 10, 21, 6][13, 18, 22, 17, 19][27, 7, 2, 29][10, 27][7, 14][14, 23][11, 14][11, 17][12, 19][8, 12] 
[9, 23, 24, 1, 3, 4, 20][5, 15, 10, 21, 6][16, 28, 25, 0, 26][27, 7, 2, 29][8, 12, 17, 11][18, 22, 17, 19][14, 23][7, 14][11, 14][10, 27][8, 26][13, 18] 
[9, 23, 24, 1, 3, 4, 20][8, 26, 0, 25, 28, 16][5, 15, 10, 21, 6][13, 18, 22, 17, 19][27, 7, 2, 29][10, 27][7, 14][11, 14][14, 23][11, 17][12, 19][8, 12] 
[9, 23, 24, 1, 3, 4, 20][8, 26, 0, 25, 28, 16][5, 15, 10, 21, 6][13, 18, 22, 17, 19][27, 7, 2, 29][10, 27][7, 14][11, 14][11, 17][14, 23][12, 19][8, 12] 
[9, 23, 24, 1, 3, 4, 20][8, 26, 0, 25, 28, 16][13, 18, 22, 17, 19][5, 15, 10, 21, 6][27, 7, 2, 29][12, 19][8, 12][11, 17][11, 14][7, 14][14, 23][10, 27] 
[9, 23, 24, 1, 3, 4, 20][16, 28, 25, 0, 26][5, 15, 10, 21, 6][8, 12, 17, 11][27, 7, 2, 29][18, 22, 17, 19][13, 18][8, 26][11, 14][14, 23][7, 14][10, 27] 
[9, 23, 24, 1, 3, 4, 20][8, 26, 0, 25, 28, 16][13, 18, 22, 17, 19][5, 15, 10, 21, 6][27, 7, 2, 29][14, 23][7, 14][11, 14][11, 17][10, 27][12, 19][8, 12] 
[9, 23, 24, 1, 3, 4, 20][8, 26, 0, 25, 28, 16][13, 18, 22, 17, 19][5, 15, 10, 21, 6][27, 7, 2, 29][12, 19][8, 12][11, 17][11, 14][7, 14][14, 23][10, 27] 
[1, 9, 14, 23, 20, 4, 3, 24, 7, 16, 28, 25, 11][19, 17, 18, 22, 12, 8, 26, 0, 25][5, 21, 15, 16, 6, 13][7, 2, 29][10, 27][2, 27][8, 26][8, 26][0, 26][8, 12][0, 26][0, 26] 
[1, 9, 14, 23, 20, 4, 3, 24, 7, 16, 28, 25, 11][19, 17, 18, 22, 12, 8, 26, 0, 25][5, 21, 15, 16, 6, 13][7, 2, 29][10, 27][2, 27][8, 26][8, 26][0, 26][8, 12][0, 26][0, 26] 
[1, 9, 14, 23, 20, 4, 3, 24, 7, 16, 28, 25, 11][19, 17, 18, 22, 12, 8, 26, 0, 25][5, 21, 15, 16, 6, 13][7, 2, 29][10, 16][10, 27][8, 26][8, 26][8, 12][14, 23][8, 26][8, 12] 
[1, 9, 14, 23, 20, 4, 3, 24, 7, 16, 28, 25, 11][19, 17, 18, 22, 12, 8, 26, 0, 25][5, 15, 10, 21, 6][7, 2, 29][0, 26][6, 13][8, 26][7, 27][10, 27][8, 12][14, 23][14, 23] 
[1, 9, 14, 23, 20, 4, 3, 24, 7, 16, 28, 25, 11][19, 17, 18, 22, 12, 8, 26, 0, 25][5, 15, 10, 21, 6][7, 2, 29][0, 26][6, 13][8, 26][7, 27][10, 27][8, 12][14, 23][14, 23] 
[19, 17, 18, 22, 12, 8, 26, 0, 25][20, 14, 23, 1, 9, 3, 11, 25][4, 3, 24, 7, 16, 28][5, 21, 15, 16, 6, 13][7, 2, 29, 10, 16][8, 12][10, 16][10, 27][8, 26][14, 23][15, 21][8, 26] 
[1, 9, 14, 23, 20, 4, 3, 24, 7, 16, 28, 25, 11][19, 17, 18, 22, 12, 8, 26, 0, 25][5, 21, 15, 16, 6, 13][7, 2, 29][10, 16][10, 27][8, 26][8, 26][8, 12][14, 23][8, 26][8, 12] 
[1, 9, 14, 23, 20, 4, 3, 24, 7, 16, 28, 25, 11][19, 17, 18, 22, 12, 8, 26, 0, 25][5, 21, 15, 16, 6, 13][7, 2, 29][10, 27][2, 27][8, 26][8, 26][0, 26][8, 12][0, 26][0, 26] 
[1, 9, 14, 23, 20, 4, 3, 24, 7, 16, 28, 25, 11][19, 17, 18, 22, 12, 8, 26, 0, 25][5, 15, 10, 21, 6][7, 2, 29][0, 26][6, 13][8, 26][7, 27][10, 27][8, 12][14, 23][14, 23] 
[1, 9, 14, 23, 20, 4, 3, 24, 7, 16, 28, 25, 11][19, 17, 18, 22, 12, 8, 26, 0, 25][5, 21, 15, 16, 6, 13][7, 2, 29][10, 27][2, 27][8, 26][8, 26][0, 26][8, 12][0, 26][0, 26] 
[1, 9, 14, 23, 20, 4, 3, 24, 7, 16, 28, 25, 11][19, 17, 18, 22, 12, 8, 26, 0, 25][5, 21, 15, 16, 6, 13][7, 2, 29][10, 27][2, 27][8, 26][8, 26][0, 26][8, 12][0, 26][0, 26] 
[1, 9, 14, 23, 20, 4, 3, 24, 7, 16, 28, 25, 11][19, 17, 18, 22, 12, 8, 26, 0, 25][5, 21, 15, 16, 6, 13][7, 2, 29][10, 27][2, 27][8, 26][8, 26][0, 26][8, 12][0, 26][0, 26] 
[1, 9, 14, 23, 20, 4, 3, 24, 7, 16, 28, 25, 11][19, 17, 18, 22, 12, 8, 26, 0, 25][5, 15, 10, 21, 6][7, 2, 29][0, 26][6, 13][8, 26][7, 27][10, 27][8, 12][14, 23][14, 23] 
[1, 9, 14, 23, 20, 4, 3, 24, 7, 16, 28, 25, 11][19, 17, 18, 22, 12, 8, 26, 0, 25][5, 21, 15, 16, 6, 13][7, 2, 29][10, 27][2, 27][8, 26][8, 26][0, 26][8, 12][0, 26][0, 26] 
[1, 9, 14, 23, 20, 4, 3, 24, 7, 16, 28, 25, 11][19, 17, 18, 22, 12, 8, 26, 0, 25][5, 21, 15, 16, 6, 13][7, 2, 29][10, 27][2, 27][8, 26][8, 26][0, 26][8, 12][0, 26][0, 26] 
[5, 21, 10, 27, 16, 6, 15, 29, 2, 7, 24, 14, 11][1, 9, 14, 23, 20, 4, 3, 24, 7, 16, 28, 25][19, 17, 18, 22, 12, 8, 26, 0, 25][10, 27][2, 27][6, 13][8, 26][8, 26][0, 26][8, 12][0, 26][0, 26] 
[1, 9, 14, 23, 20, 4, 3, 24, 7, 16, 28, 25, 11][19, 17, 18, 22, 12, 8, 26, 0, 25][5, 21, 15, 16, 6, 13][7, 2, 29][10, 16][10, 27][8, 26][8, 26][8, 12][14, 23][8, 26][8, 12] 
[1, 9, 14, 23, 20, 4, 3, 24, 7, 16, 28, 25, 11][19, 17, 18, 22, 12, 8, 26, 0, 25][5, 21, 15, 16, 6][27, 7, 2, 29][0, 26][13, 18][8, 26][10, 27][8, 12][8, 26][8, 12][8, 26] 
[5, 21, 10, 27, 16, 6, 15, 29, 2, 7, 24, 14, 11][1, 9, 14, 23, 20, 4, 3, 24, 7, 16, 28, 25][19, 17, 18, 22, 12, 8, 26, 0, 25][10, 27][2, 27][6, 13][8, 26][8, 26][0, 26][8, 12][0, 26][0, 26] 
[5, 21, 10, 27, 16, 6, 15, 29, 2, 7, 24, 14, 11][1, 9, 14, 23, 20, 4, 3, 24, 7, 16, 28, 25][19, 17, 18, 22, 12, 8, 26, 0, 25][10, 27][2, 27][6, 13][8, 26][8, 26][0, 26][8, 12][0, 26][0, 26] 
[5, 21, 10, 27, 16, 6, 15, 29, 2, 7, 24, 14, 11][1, 9, 14, 23, 20, 4, 3, 24, 7, 16, 28, 25][19, 17, 18, 22, 12, 8, 26, 0, 25][10, 27][2, 27][6, 13][8, 26][8, 26][0, 26][8, 12][0, 26][0, 26] 
[9, 23, 24, 1, 3, 4, 20][5, 15, 10, 21, 6][13, 18, 22, 17, 19][16, 28, 25, 0, 26][27, 7, 2, 29][11, 17, 12][10, 27][7, 14][14, 23][11, 14][8, 12][8, 26] 
[9, 23, 24, 1, 3, 4, 20][5, 15, 10, 21, 6][13, 18, 22, 17, 19][16, 28, 25, 0, 26][27, 7, 2, 29][11, 17, 12][10, 27][7, 14][14, 23][11, 14][8, 12][8, 26] 
[9, 23, 24, 1, 3, 4, 20][13, 18, 22, 17, 19][5, 15, 10, 21, 6][16, 28, 25, 0, 26][27, 7, 2, 29][11, 17, 12][14, 23][11, 14][7, 14][8, 12][10, 27][8, 26] 
[9, 23, 24, 1, 3, 4, 20][13, 18, 22, 17, 19][16, 28, 25, 0, 26][5, 15, 10, 21, 6][27, 7, 2, 29][11, 17, 12][8, 12][8, 26][11, 14][14, 23][7, 14][10, 27] 
[9, 23, 24, 1, 3, 4, 20][13, 18, 22, 17, 19][16, 28, 25, 0, 26][5, 15, 10, 21, 6][27, 7, 2, 29][11, 17, 12][8, 12][8, 26][11, 14][14, 23][7, 14][10, 27] 
[9, 23, 24, 1, 3, 4, 20][5, 15, 10, 21, 6][13, 18, 22, 17, 19][16, 28, 25, 0, 26][27, 7, 2, 29][11, 17, 12][10, 27][7, 14][14, 23][11, 14][8, 12][8, 26] 
[9, 23, 24, 1, 3, 4, 20][5, 15, 10, 21, 6][13, 18, 22, 17, 19][16, 28, 25, 0, 26][27, 7, 2, 29][11, 17, 12][10, 27][7, 14][14, 23][11, 14][8, 12][8, 26] 
[9, 23, 24, 1, 3, 4, 20][5, 15, 10, 21, 6][13, 18, 22, 17, 19][16, 28, 25, 0, 26][27, 7, 2, 29][11, 17, 12][10, 27][7, 14][14, 23][11, 14][8, 12][8, 26] 
[9, 23, 24, 1, 3, 4, 20][13, 18, 22, 17, 19][5, 15, 10, 21, 6][16, 28, 25, 0, 26][27, 7, 2, 29][11, 17, 12][11, 14][14, 23][7, 14][10, 27][8, 12][8, 26] 
[9, 23, 24, 1, 3, 4, 20][5, 15, 10, 21, 6][13, 18, 22, 17, 19][16, 28, 25, 0, 26][27, 7, 2, 29][11, 17, 12][10, 27][7, 14][14, 23][11, 14][8, 12][8, 26] 
[9, 23, 24, 1, 3, 4, 20][5, 15, 10, 21, 6][13, 18, 22, 17, 19][16, 28, 25, 0, 26][27, 7, 2, 29][11, 17, 12][10, 27][7, 14][14, 23][11, 14][8, 12][8, 26] 
[9, 23, 24, 1, 3, 4, 20][5, 15, 10, 21, 6][13, 18, 22, 17, 19][16, 28, 25, 0, 26][27, 7, 2, 29][11, 17, 12][10, 27][7, 14][14, 23][11, 14][8, 12][8, 26] 
[9, 23, 24, 1, 3, 4, 20][5, 15, 10, 21, 6][13, 18, 22, 17, 19][16, 28, 25, 0, 26][27, 7, 2, 29][11, 17, 12][10, 27][7, 14][14, 23][11, 14][8, 12][8, 26] 
[9, 23, 24, 1, 3, 4, 20][13, 18, 22, 17, 19][5, 15, 10, 21, 6][16, 28, 25, 0, 26][27, 7, 2, 29][11, 17, 12][11, 14][14, 23][7, 14][10, 27][8, 12][8, 26] 
[9, 23, 24, 1, 3, 4, 20][5, 15, 10, 21, 6][13, 18, 22, 17, 19][16, 28, 25, 0, 26][27, 7, 2, 29][11, 17, 12][10, 27][7, 14][14, 23][11, 14][8, 12][8, 26] 
[9, 23, 24, 1, 3, 4, 20][8, 26, 0, 25, 28, 16][5, 15, 10, 21, 6][13, 18, 22, 17, 19][27, 7, 2, 29][10, 27][7, 14][11, 14][11, 17][14, 23][12, 19][8, 12] 
[9, 23, 24, 1, 3, 4, 20][8, 26, 0, 25, 28, 16][13, 18, 22, 17, 19][5, 15, 10, 21, 6][27, 7, 2, 29][11, 17][11, 14][14, 23][12, 19][7, 14][10, 27][8, 12] 
[9, 23, 24, 1, 3, 4, 20][8, 26, 0, 25, 28, 16][5, 15, 10, 21, 6][13, 18, 22, 17, 19][27, 7, 2, 29][10, 27][7, 14][11, 14][11, 17][14, 23][12, 19][8, 12] 
[9, 23, 24, 1, 3, 4, 20][8, 26, 0, 25, 28, 16][5, 15, 10, 21, 6][13, 18, 22, 17, 19][27, 7, 2, 29][10, 27][7, 14][11, 14][11, 17][14, 23][12, 19][8, 12] 
[9, 23, 24, 1, 3, 4, 20][8, 26, 0, 25, 28, 16][5, 15, 10, 21, 6][13, 18, 22, 17, 19][27, 7, 2, 29][10, 27][7, 14][11, 14][11, 17][14, 23][12, 19][8, 12] 
[9, 23, 24, 1, 3, 4, 20][8, 26, 0, 25, 28, 16][5, 15, 10, 21, 6][13, 18, 22, 17, 19][27, 7, 2, 29][10, 27][7, 14][11, 14][11, 17][14, 23][12, 19][8, 12] 
[9, 23, 24, 1, 3, 4, 20][5, 15, 10, 21, 6][13, 18, 22, 17, 19][16, 28, 25, 0, 26][27, 7, 2, 29][11, 17, 12][10, 27][7, 14][14, 23][11, 14][8, 12][8, 26] 
[9, 23, 24, 1, 3, 4, 20][13, 18, 22, 17, 19][16, 28, 25, 0, 26][5, 15, 10, 21, 6][27, 7, 2, 29][11, 17, 12][8, 12][8, 26][11, 14][14, 23][7, 14][10, 27] 
[9, 23, 24, 1, 3, 4, 20][5, 15, 10, 21, 6][13, 18, 22, 17, 19][16, 28, 25, 0, 26][27, 7, 2, 29][11, 17, 12][10, 27][7, 14][14, 23][11, 14][8, 12][8, 26] 
[9, 23, 24, 1, 3, 4, 20][5, 15, 10, 21, 6][13, 18, 22, 17, 19][16, 28, 25, 0, 26][27, 7, 2, 29][11, 17, 12][10, 27][7, 14][14, 23][11, 14][8, 12][8, 26] 
[9, 23, 24, 1, 3, 4, 20][5, 15, 10, 21, 6][13, 18, 22, 17, 19][16, 28, 25, 0, 26][27, 7, 2, 29][11, 17, 12][10, 27][7, 14][14, 23][11, 14][8, 12][8, 26] 
[9, 23, 24, 1, 3, 4, 20][8, 26, 0, 25, 28, 16][5, 15, 10, 21, 6][13, 18, 22, 17, 19][27, 7, 2, 29][10, 27][7, 14][11, 14][11, 17][14, 23][12, 19][8, 12] 
[9, 23, 24, 1, 3, 4, 20][5, 15, 10, 21, 6][13, 18, 22, 17, 19][16, 28, 25, 0, 26][27, 7, 2, 29][11, 17, 12][7, 14][10, 27][14, 23][11, 14][8, 12][8, 26] 
[9, 23, 24, 1, 3, 4, 20][8, 26, 0, 25, 28, 16][5, 15, 10, 21, 6][13, 18, 22, 17, 19][27, 7, 2, 29][10, 27][7, 14][11, 14][11, 17][14, 23][12, 19][8, 12] 
[9, 23, 24, 1, 3, 4, 20][8, 26, 0, 25, 28, 16][5, 15, 10, 21, 6][13, 18, 22, 17, 19][27, 7, 2, 29][10, 27][7, 14][14, 23][11, 14][11, 17][12, 19][8, 12] 
[9, 23, 24, 1, 3, 4, 20][8, 26, 0, 25, 28, 16][13, 18, 22, 17, 19][5, 15, 10, 21, 6][27, 7, 2, 29][12, 19][8, 12][11, 17][11, 14][7, 14][14, 23][10, 27] 
[9, 23, 24, 1, 3, 4, 20][8, 26, 0, 25, 28, 16][5, 15, 10, 21, 6][13, 18, 22, 17, 19][27, 7, 2, 29][10, 27][7, 14][11, 14][11, 17][14, 23][12, 19][8, 12] 
[9, 23, 24, 1, 3, 4, 20][8, 26, 0, 25, 28, 16][5, 15, 10, 21, 6][13, 18, 22, 17, 19][27, 7, 2, 29][10, 27][7, 14][11, 14][11, 17][14, 23][12, 19][8, 12] 
[9, 23, 24, 1, 3, 4, 20][8, 26, 0, 25, 28, 16][5, 15, 10, 21, 6][13, 18, 22, 17, 19][27, 7, 2, 29][10, 27][7, 14][11, 14][11, 17][14, 23][12, 19][8, 12] 
[9, 23, 24, 1, 3, 4, 20][8, 26, 0, 25, 28, 16][5, 15, 10, 21, 6][13, 18, 22, 17, 19][27, 7, 2, 29][10, 27][7, 14][11, 14][11, 17][14, 23][12, 19][8, 12] 
[9, 23, 24, 1, 3, 4, 20][8, 26, 0, 25, 28, 16][5, 15, 10, 21, 6][13, 18, 22, 17, 19][27, 7, 2, 29][10, 27][7, 14][11, 14][14, 23][11, 17][12, 19][8, 12] 
[9, 23, 24, 1, 3, 4, 20][8, 26, 0, 25, 28, 16][5, 15, 10, 21, 6][13, 18, 22, 17, 19][27, 7, 2, 29][10, 27][7, 14][11, 14][11, 17][14, 23][12, 19][8, 12] 
[9, 23, 24, 1, 3, 4, 20][8, 26, 0, 25, 28, 16][5, 15, 10, 21, 6][13, 18, 22, 17, 19][27, 7, 2, 29][10, 27][7, 14][11, 14][11, 17][14, 23][12, 19][8, 12] 
[9, 23, 24, 1, 3, 4, 20][8, 26, 0, 25, 28, 16][5, 15, 10, 21, 6][13, 18, 22, 17, 19][27, 7, 2, 29][10, 27][7, 14][11, 14][11, 17][14, 23][12, 19][8, 12] 
[9, 23, 24, 1, 3, 4, 20][8, 26, 0, 25, 28, 16][13, 18, 22, 17, 19][5, 15, 10, 21, 6][27, 7, 2, 29][12, 19][8, 12][11, 17][11, 14][7, 14][14, 23][10, 27] 
[9, 23, 24, 1, 3, 4, 20][8, 26, 0, 25, 28, 16][5, 15, 10, 21, 6][13, 18, 22, 17, 19][27, 7, 2, 29][10, 27][7, 14][11, 14][11, 17][14, 23][12, 19][8, 12] 
[9, 23, 24, 1, 3, 4, 20][8, 26, 0, 25, 28, 16][13, 18, 22, 17, 19][5, 15, 10, 21, 6][27, 7, 2, 29][11, 14][14, 23][11, 17][7, 14][10, 27][12, 19][8, 12] 
[9, 23, 24, 1, 3, 4, 20][8, 26, 0, 25, 28, 16][5, 15, 10, 21, 6][13, 18, 22, 17, 19][27, 7, 2, 29][10, 27][7, 14][11, 14][11, 17][14, 23][12, 19][8, 12] 
[9, 23, 24, 1, 3, 4, 20][12, 19, 17, 22, 18, 13][8, 26, 0, 25, 28, 16][5, 15, 10, 21, 6][27, 7, 2, 29][7, 14][11, 14][11, 17][8, 12][14, 23][10, 27][0, 26] 
[9, 23, 24, 1, 3, 4, 20][12, 19, 17, 22, 18, 13][8, 26, 0, 25, 28, 16][5, 15, 10, 21, 6][27, 7, 2, 29][7, 14][11, 14][11, 17][8, 12][14, 23][10, 27][0, 26] 
[9, 23, 24, 1, 3, 4, 20][12, 19, 17, 22, 18, 13][8, 26, 0, 25, 28, 16][5, 15, 10, 21, 6][27, 7, 2, 29][7, 14][11, 14][11, 17][8, 12][14, 23][10, 27][0, 26] 
[9, 23, 24, 1, 3, 4, 20][12, 19, 17, 22, 18, 13][8, 26, 0, 25, 28, 16][5, 15, 10, 21, 6][27, 7, 2, 29][7, 14][11, 14][11, 17][8, 12][14, 23][10, 27][0, 26] 
[9, 23, 24, 1, 3, 4, 20][12, 19, 17, 22, 18, 13][8, 26, 0, 25, 28, 16][5, 15, 10, 21, 6][27, 7, 2, 29][7, 14][11, 14][11, 17][8, 12][14, 23][10, 27][0, 26] 
[9, 23, 24, 1, 3, 4, 20][12, 19, 17, 22, 18, 13][8, 26, 0, 25, 28, 16][5, 15, 10, 21, 6][27, 7, 2, 29][7, 14][11, 14][11, 17][8, 12][14, 23][10, 27][0, 26] 
[9, 23, 24, 1, 3, 4, 20][5, 15, 10, 21, 6][13, 18, 22, 17, 19][16, 28, 25, 0, 26][27, 7, 2, 29][11, 17, 12][0, 26, 8][10, 27][7, 14][14, 23][11, 14][8, 12] 
[9, 23, 24, 1, 3, 4, 20][13, 18, 22, 17, 19][16, 28, 25, 0, 26][5, 15, 10, 21, 6][27, 7, 2, 29][11, 17, 12][8, 12][8, 26][11, 14][14, 23][7, 14][10, 27] 
[9, 23, 24, 1, 3, 4, 20][13, 18, 22, 17, 19][16, 28, 25, 0, 26][5, 15, 10, 21, 6][27, 7, 2, 29][11, 17, 12][0, 26, 8][8, 12][11, 14][14, 23][7, 14][10, 27] 
[9, 23, 24, 1, 3, 4, 20][5, 15, 10, 21, 6][13, 18, 22, 17, 19][16, 28, 25, 0, 26][27, 7, 2, 29][11, 17, 12][10, 27][7, 14][14, 23][11, 14][8, 12][8, 26] 
[9, 23, 24, 1, 3, 4, 20][5, 15, 10, 21, 6][13, 18, 22, 17, 19][16, 28, 25, 0, 26][27, 7, 2, 29][11, 17, 12][10, 27][7, 14][14, 23][11, 14][8, 12][8, 26] 
[9, 23, 24, 1, 3, 4, 20][8, 26, 0, 25, 28, 16][5, 15, 10, 21, 6][13, 18, 22, 17, 19][27, 7, 2, 29][10, 27][7, 14][11, 14][11, 17][14, 23][12, 19][8, 12] 
[9, 23, 24, 1, 3, 4, 20][5, 15, 10, 21, 6][13, 18, 22, 17, 19][16, 28, 25, 0, 26][27, 7, 2, 29][11, 17, 12][10, 27][7, 14][14, 23][11, 14][8, 12][8, 26] 
