[9, 14, 23, 3, 1, 24][17, 12, 19, 18, 22][27, 10, 16, 2, 29][13, 6, 5, 15, 21][8, 26, 0, 28][7, 25, 11][20, 4, 24][0, 19][7, 28][7, 20][7, 27][10, 15] 
[23, 9, 1, 3, 14, 24][27, 10, 16, 2, 29][13, 6, 5, 15, 21][17, 12, 19, 18, 22][8, 26, 0, 28][4, 20, 7][7, 25, 11][4, 24][7, 28][7, 27][10, 15][0, 19] 
[23, 9, 1, 3, 14, 24][27, 10, 16, 2, 29][13, 6, 5, 15, 21][17, 12, 19, 18, 22][8, 26, 0, 28][7, 25, 11][4, 20, 7][7, 27][7, 28][10, 15][0, 19][4, 24] 
[4, 24, 14, 3, 1, 9, 23][27, 10, 16, 2, 29][13, 6, 5, 15, 21][17, 12, 19, 18, 22][8, 26, 0, 28][7, 25, 11][10, 15][7, 27][7, 28][0, 19][7, 20][4, 20] 
[23, 9, 1, 3, 14, 24][27, 10, 16, 2, 29][13, 6, 5, 15, 21][17, 12, 19, 18, 22][8, 26, 0, 28][4, 20, 7][7, 25, 11][4, 24][7, 28][7, 27][10, 15][0, 19] 
[23, 9, 1, 3, 14, 24][27, 10, 16, 2, 29][13, 6, 5, 15, 21][17, 12, 19, 18, 22][8, 26, 0, 28][4, 20, 7][7, 25, 11][4, 24][7, 28][7, 27][10, 15][0, 19] 
[23, 9, 1, 3, 14, 24][27, 10, 16, 2, 29][13, 6, 5, 15, 21][17, 12, 19, 18, 22][8, 26, 0, 28][4, 20, 7][7, 25, 11][4, 24][7, 28][7, 27][10, 15][0, 19] 
[23, 9, 1, 3, 14, 24][27, 10, 16, 2, 29][13, 6, 5, 15, 21][17, 12, 19, 18, 22][8, 26, 0, 28][4, 20, 7][7, 25, 11][4, 24][7, 28][7, 27][10, 15][0, 19] 
[23, 9, 1, 3, 14, 24][27, 10, 16, 2, 29][13, 6, 5, 15, 21][17, 12, 19, 18, 22][8, 26, 0, 28][4, 20, 7][7, 25, 11][4, 24][7, 28][7, 27][10, 15][0, 19] 
[23, 9, 1, 3, 14, 24][27, 10, 16, 2, 29][13, 6, 5, 15, 21][17, 12, 19, 18, 22][8, 26, 0, 28][4, 20, 7][7, 25, 11][4, 24][7, 28][7, 27][10, 15][0, 19] 
[9, 14, 23, 3, 1, 24][27, 10, 16, 2, 29][13, 6, 5, 15, 21][17, 12, 19, 18, 22][8, 26, 0, 28][7, 25, 11][20, 4, 24][7, 27][7, 28][7, 20][10, 15][0, 19] 
[23, 9, 1, 3, 14, 24][27, 10, 16, 2, 29][13, 6, 5, 15, 21][17, 12, 19, 18, 22][8, 26, 0, 28][4, 20, 7][7, 25, 11][4, 24][7, 28][7, 27][10, 15][0, 19] 
[23, 9, 1, 3, 14, 24][27, 10, 16, 2, 29][13, 6, 5, 15, 21][17, 12, 19, 18, 22][8, 26, 0, 28][4, 20, 7][7, 25, 11][7, 27][7, 28][4, 24][10, 15][0, 19] 
[23, 9, 1, 3, 14, 24][27, 10, 16, 2, 29][13, 6, 5, 15, 21][17, 12, 19, 18, 22][8, 26, 0, 28][4, 20, 7][7, 25, 11][4, 24][7, 28][7, 27][10, 15][0, 19] 
[23, 9, 1, 3, 14, 24][27, 10, 16, 2, 29][13, 6, 5, 15, 21][17, 12, 19, 18, 22][8, 26, 0, 28][4, 20, 7][7, 25, 11][4, 24][7, 28][7, 27][10, 15][0, 19] 
[23, 9, 1, 3, 14, 24][27, 10, 16, 2, 29][13, 6, 5, 15, 21][17, 12, 19, 18, 22][8, 26, 0, 28][4, 20, 7][7, 25, 11][4, 24][7, 28][7, 27][10, 15][0, 19] 
[9, 14, 23, 3, 1, 24][17, 12, 19, 18, 22][27, 10, 16, 2, 29][13, 6, 5, 15, 21][8, 26, 0, 28][20, 4, 24][7, 25, 11][7, 20][7, 28][0, 19][7, 27][10, 15] 
[23, 9, 1, 3, 14, 24][27, 10, 16, 2, 29][13, 6, 5, 15, 21][17, 12, 19, 18, 22][8, 26, 0, 28][4, 20, 7][7, 25, 11][4, 24][7, 28][7, 27][10, 15][0, 19] 
[23, 9, 1, 3, 14, 24][27, 10, 16, 2, 29][13, 6, 5, 15, 21][17, 12, 19, 18, 22][8, 26, 0, 28][4, 20, 7][7, 25, 11][4, 24][7, 28][7, 27][10, 15][0, 19] 
[9, 14, 23, 3, 1, 24][27, 10, 16, 2, 29][13, 6, 5, 15, 21][17, 12, 19, 18, 22][8, 26, 0, 28][7, 25, 11][20, 4, 24][10, 15][7, 27][7, 28][7, 20][0, 19] 
[9, 14, 23, 3, 1, 24][17, 12, 19, 18, 22][27, 10, 16, 2, 29][13, 6, 5, 15, 21][8, 26, 0, 28][20, 4, 24][7, 25, 11][7, 20][7, 28][0, 19][7, 27][10, 15] 
[23, 9, 1, 3, 14, 24][27, 10, 16, 2, 29][13, 6, 5, 15, 21][17, 12, 19, 18, 22][8, 26, 0, 28][4, 20, 7][7, 25, 11][7, 27][7, 28][4, 24][10, 15][0, 19] 
[23, 9, 1, 3, 14, 24][27, 10, 16, 2, 29][13, 6, 5, 15, 21][17, 12, 19, 18, 22][8, 26, 0, 28][7, 25, 11][4, 20, 7][7, 27][7, 28][10, 15][0, 19][4, 24] 
[23, 9, 1, 3, 14, 24][27, 10, 16, 2, 29][13, 6, 5, 15, 21][17, 12, 19, 18, 22][8, 26, 0, 28][4, 20, 7][7, 25, 11][4, 24][7, 28][7, 27][10, 15][0, 19] 
[23, 9, 1, 3, 14, 24][27, 10, 16, 2, 29][13, 6, 5, 15, 21][17, 12, 19, 18, 22][8, 26, 0, 28][7, 25, 11][4, 20, 7][7, 27][7, 28][10, 15][0, 19][4, 24] 
[23, 9, 1, 3, 14, 24][27, 10, 16, 2, 29][13, 6, 5, 15, 21][17, 12, 19, 18, 22][8, 26, 0, 28][4, 20, 7][7, 25, 11][4, 24][7, 28][7, 27][10, 15][0, 19] 
[9, 14, 23, 3, 1, 24][27, 10, 16, 2, 29][13, 6, 5, 15, 21][17, 12, 19, 18, 22][8, 26, 0, 28][7, 25, 11][20, 4, 24][10, 15][7, 27][7, 28][7, 20][0, 19] 
[23, 9, 1, 3, 14, 24][17, 12, 19, 18, 22][27, 10, 16, 2, 29][13, 6, 5, 15, 21][8, 26, 0, 28][4, 20, 7][7, 25, 11][7, 28][0, 19][4, 24][7, 27][10, 15] 
[23, 9, 1, 3, 14, 24][27, 10, 16, 2, 29][13, 6, 5, 15, 21][17, 12, 19, 18, 22][8, 26, 0, 28][4, 20, 7][7, 25, 11][4, 24][7, 28][7, 27][10, 15][0, 19] 
[9, 14, 23, 3, 1, 24][27, 10, 16, 2, 29][13, 6, 5, 15, 21][17, 12, 19, 18, 22][8, 26, 0, 28][7, 25, 11][20, 4, 24][10, 15][7, 27][7, 28][7, 20][0, 19] 
[9, 14, 23, 3, 1, 24][17, 12, 19, 18, 22][27, 10, 16, 2, 29][13, 6, 5, 15, 21][8, 26, 0, 28][7, 25, 11][20, 4, 24][7, 28][0, 19][7, 27][10, 15][7, 20] 
[23, 9, 1, 3, 14, 24][27, 10, 16, 2, 29][13, 6, 5, 15, 21][17, 12, 19, 18, 22][8, 26, 0, 28][4, 20, 7][7, 25, 11][4, 24][7, 28][7, 27][10, 15][0, 19] 
[23, 9, 1, 3, 14, 24][17, 12, 19, 18, 22][27, 10, 16, 2, 29][13, 6, 5, 15, 21][8, 26, 0, 28][4, 20, 7][7, 25, 11][7, 28][0, 19][4, 24][7, 27][10, 15] 
[9, 14, 23, 3, 1, 24][27, 10, 16, 2, 29][13, 6, 5, 15, 21][17, 12, 19, 18, 22][8, 26, 0, 28][7, 25, 11][20, 4, 24][10, 15][7, 27][7, 28][7, 20][0, 19] 
[9, 14, 23, 3, 1, 24][13, 6, 5, 15, 21][27, 10, 16, 2, 29][17, 12, 19, 18, 22][8, 26, 0, 28][7, 25, 11][20, 4, 24][10, 15][7, 27][7, 28][0, 19][7, 20] 
[1, 23, 24, 20, 7, 28, 0, 26, 8, 12, 19][25, 28, 16, 6, 5, 15, 21, 10, 2, 27, 29][11, 17, 18, 13, 0, 22][7, 14, 4, 3, 9][8, 26][8, 26][8, 26][8, 26][8, 26][8, 26][8, 26][8, 26] 
[1, 23, 24, 20, 7, 28, 0, 26, 8, 12, 19][25, 28, 16, 6, 5, 15, 21, 10, 2, 27, 29][11, 17, 18, 13, 0, 22][7, 14, 4, 3, 9][8, 26][8, 26][8, 26][8, 26][8, 26][8, 26][8, 26][8, 26] 
[1, 23, 24, 20, 7, 28, 0, 26, 8, 12, 19][25, 28, 16, 6, 5, 15, 21, 10, 2, 27, 29][11, 17, 18, 13, 0, 22][7, 14, 4, 3, 9][8, 26][8, 26][8, 26][8, 26][8, 26][8, 26][8, 26][8, 26] 
[25, 28, 16, 6, 5, 15, 21, 10, 2, 27, 29][1, 23, 24, 20, 7, 28, 0, 26, 8, 12, 19][17, 18, 13, 0, 22][7, 14, 4, 3, 9][8, 26][8, 26][8, 26][8, 26][8, 26][8, 26][11, 17][8, 26] 
[25, 28, 16, 6, 5, 15, 21, 10, 2, 27, 29][1, 23, 24, 20, 7, 28, 0, 26, 8, 12, 19][17, 18, 13, 0, 22][7, 14, 4, 3, 9][8, 26][8, 26][8, 26][8, 26][8, 26][8, 26][11, 17][8, 26] 
[25, 28, 16, 6, 5, 15, 21, 10, 2, 27, 29][7, 28, 0, 26, 8, 12, 19][1, 3, 9, 23, 24, 4, 20][11, 17, 18, 13, 0, 22][4, 14, 7][8, 26][17, 18][8, 26][8, 26][8, 12][8, 26][8, 26] 
[1, 23, 24, 20, 7, 28, 0, 26, 8, 12, 19][25, 28, 16, 6, 5, 15, 21, 10, 2, 27, 29][11, 17, 18, 13, 0, 22][7, 14, 4, 3, 9][8, 26][8, 26][8, 26][8, 26][8, 26][8, 26][8, 26][8, 26] 
[1, 23, 24, 20, 7, 28, 0, 26, 8, 12, 19][25, 28, 16, 6, 5, 15, 21, 10, 2, 27, 29][11, 17, 18, 13, 0, 22][7, 14, 4, 3, 9][8, 26][8, 26][8, 26][8, 26][8, 26][8, 26][8, 26][8, 26] 
[25, 28, 16, 6, 5, 15, 21, 10, 2, 27, 29][1, 23, 24, 20, 7, 28, 0, 26, 8, 12, 19][17, 18, 13, 0, 22][7, 14, 4, 3, 9][8, 26][8, 26][8, 26][8, 26][8, 26][8, 26][11, 17][8, 26] 
[1, 23, 24, 20, 7, 28, 0, 26, 8, 12, 19][25, 28, 16, 6, 5, 15, 21, 10, 2, 27, 29][11, 17, 18, 13, 0, 22][7, 14, 4, 3, 9][8, 26][8, 26][8, 26][8, 26][8, 26][8, 26][8, 26][8, 26] 
[1, 23, 24, 20, 7, 28, 0, 26, 8, 12, 19][25, 28, 16, 6, 5, 15, 21, 10, 2, 27, 29][11, 17, 18, 13, 0, 22][7, 14, 4, 3, 9][8, 26][8, 26][8, 26][8, 26][8, 26][8, 26][8, 26][8, 26] 
[1, 23, 24, 20, 7, 28, 0, 26, 8, 12, 19][25, 28, 16, 6, 5, 15, 21, 10, 2, 27, 29][11, 17, 18, 13, 0, 22][7, 14, 4, 3, 9][8, 26][8, 26][8, 26][8, 26][8, 26][8, 26][8, 26][8, 26] 
[25, 28, 16, 6, 5, 15, 21, 10, 2, 27, 29][1, 23, 24, 20, 7, 28, 0, 26, 8, 12, 19][17, 18, 13, 0, 22][7, 14, 4, 3, 9][8, 26][8, 26][8, 26][8, 26][8, 26][8, 26][11, 17][8, 26] 
[1, 23, 24, 20, 7, 28, 0, 26, 8, 12, 19][25, 28, 16, 6, 5, 15, 21, 10, 2, 27, 29][11, 17, 18, 13, 0, 22][7, 14, 4, 3, 9][8, 26][8, 26][8, 26][8, 26][8, 26][8, 26][8, 26][8, 26] 
[1, 23, 24, 20, 7, 28, 0, 26, 8, 12, 19][25, 28, 16, 6, 5, 15, 21, 10, 2, 27, 29][11, 17, 18, 13, 0, 22][7, 14, 4, 3, 9][8, 26][8, 26][8, 26][8, 26][8, 26][8, 26][8, 26][8, 26] 
[14, 7, 16, 28, 25, 11, 17, 18, 13, 0, 22, 19, 12, 8, 26][7, 20, 24, 23, 1, 9, 14, 11, 17, 19][28, 16, 6, 5, 15, 21, 10, 2, 27, 29][3, 4, 14][8, 26][11, 17][8, 26][8, 26][8, 26][8, 26][8, 26][8, 26] 
[1, 23, 24, 20, 7, 28, 0, 26, 8, 12, 19][25, 28, 16, 6, 5, 15, 21, 10, 2, 27, 29][11, 17, 18, 13, 0, 22][7, 14, 4, 3, 9][8, 26][8, 26][8, 26][8, 26][8, 26][8, 26][8, 26][8, 26] 
[1, 23, 24, 20, 7, 28, 0, 26, 8, 12, 19][25, 28, 16, 6, 5, 15, 21, 10, 2, 27, 29][11, 17, 18, 13, 0, 22][7, 14, 4, 3, 9][8, 26][8, 26][8, 26][8, 26][8, 26][8, 26][8, 26][8, 26] 
[14, 7, 16, 28, 25, 11, 17, 18, 13, 0, 22, 19, 12, 8, 26][16, 6, 5, 15, 21, 10, 2, 27, 29][7, 20, 24, 23, 1, 9, 14][3, 4, 14][8, 26][11, 17][8, 26][8, 26][8, 26][8, 26][8, 26][8, 26] 
[14, 7, 16, 28, 25, 11, 17, 18, 13, 0, 22, 19, 12, 8, 26][7, 20, 24, 23, 1, 9, 14, 11, 17, 19][28, 16, 6, 5, 15, 21, 10, 2, 27, 29][3, 4, 14][8, 26][11, 17][8, 26][8, 26][8, 26][8, 26][8, 26][8, 26] 
[14, 7, 16, 28, 25, 11, 17, 18, 13, 0, 22, 19, 12, 8, 26][16, 6, 5, 15, 21, 10, 2, 27, 29][7, 20, 24, 23, 1, 9, 14][3, 4, 14][8, 26][11, 17][8, 26][8, 26][8, 26][8, 26][8, 26][8, 26] 
[9, 14, 23, 3, 1, 24][27, 10, 16, 2, 29][13, 6, 5, 15, 21][18, 19, 12, 17, 22][8, 26, 0, 28][4, 20, 7][7, 25, 11][10, 15][7, 27][4, 24][7, 28][0, 19] 
[9, 14, 23, 3, 1, 24][27, 10, 16, 2, 29][13, 6, 5, 15, 21][18, 19, 12, 17, 22][8, 26, 0, 28][7, 25, 11][4, 20, 7][7, 27][4, 24][10, 15][7, 28][0, 19] 
[9, 14, 23, 3, 1, 24][27, 10, 16, 2, 29][13, 6, 5, 15, 21][18, 19, 12, 17, 22][8, 26, 0, 28][4, 20, 7][7, 25, 11][7, 27][7, 28][10, 15][4, 24][0, 19] 
[9, 14, 23, 3, 1, 24][18, 19, 12, 17, 22][27, 10, 16, 2, 29][13, 6, 5, 15, 21][8, 26, 0, 28][4, 20, 7][7, 25, 11][4, 24][7, 28][0, 19][7, 27][10, 15] 
[9, 14, 23, 3, 1, 24][18, 19, 12, 17, 22][27, 10, 16, 2, 29][13, 6, 5, 15, 21][8, 26, 0, 28][4, 20, 7][7, 25, 11][4, 24][7, 28][0, 19][7, 27][10, 15] 
[9, 14, 23, 3, 1, 24][27, 10, 16, 2, 29][13, 6, 5, 15, 21][18, 19, 12, 17, 22][8, 26, 0, 28][7, 25, 11][4, 20, 7][7, 27][4, 24][10, 15][7, 28][0, 19] 
[9, 14, 23, 3, 1, 24][18, 19, 12, 17, 22][27, 10, 16, 2, 29][13, 6, 5, 15, 21][8, 26, 0, 28][4, 20, 7][7, 25, 11][4, 24][7, 28][0, 19][7, 27][10, 15] 
[9, 14, 23, 3, 1, 24][18, 19, 12, 17, 22][27, 10, 16, 2, 29][13, 6, 5, 15, 21][8, 26, 0, 28][4, 20, 7][7, 25, 11][4, 24][7, 28][0, 19][7, 27][10, 15] 
[9, 14, 23, 3, 1, 24][18, 19, 12, 17, 22][27, 10, 16, 2, 29][13, 6, 5, 15, 21][8, 26, 0, 28][4, 20, 7][7, 25, 11][4, 24][7, 28][0, 19][7, 27][10, 15] 
[9, 14, 23, 3, 1, 24][18, 19, 12, 17, 22][27, 10, 16, 2, 29][13, 6, 5, 15, 21][8, 26, 0, 28][4, 20, 7][7, 25, 11][4, 24][7, 28][0, 19][7, 27][10, 15] 
[9, 14, 23, 3, 1, 24][18, 19, 12, 17, 22][27, 10, 16, 2, 29][13, 6, 5, 15, 21][8, 26, 0, 28][4, 20, 7][7, 25, 11][4, 24][7, 28][0, 19][7, 27][10, 15] 
[9, 14, 23, 3, 1, 24][27, 10, 16, 2, 29][13, 6, 5, 15, 21][18, 19, 12, 17, 22][8, 26, 0, 28][7, 25, 11][4, 20, 7][7, 27][4, 24][10, 15][7, 28][0, 19] 
[9, 14, 23, 3, 1, 24][18, 19, 12, 17, 22][27, 10, 16, 2, 29][13, 6, 5, 15, 21][8, 26, 0, 28][4, 20, 7][7, 25, 11][4, 24][7, 28][0, 19][7, 27][10, 15] 
[9, 14, 23, 3, 1, 24][27, 10, 16, 2, 29][13, 6, 5, 15, 21][18, 19, 12, 17, 22][8, 26, 0, 28][7, 25, 11][4, 20, 7][7, 27][4, 24][10, 15][7, 28][0, 19] 
[9, 14, 23, 3, 1, 24][27, 10, 16, 2, 29][13, 6, 5, 15, 21][18, 19, 12, 17, 22][8, 26, 0, 28][7, 25, 11][4, 20, 7][7, 27][4, 24][10, 15][7, 28][0, 19] 
[9, 14, 23, 3, 1, 24][17, 12, 19, 18, 22][27, 10, 16, 2, 29][13, 6, 5, 15, 21][8, 26, 0, 28][7, 25, 11][20, 4, 24][0, 19][7, 28][7, 20][7, 27][10, 15] 
[9, 14, 23, 3, 1, 24][17, 12, 19, 18, 22][27, 10, 16, 2, 29][13, 6, 5, 15, 21][8, 26, 0, 28][20, 4, 24][7, 25, 11][7, 20][7, 28][0, 19][7, 27][10, 15] 
[9, 14, 23, 3, 1, 24][13, 6, 5, 15, 21][27, 10, 16, 2, 29][17, 12, 19, 18, 22][8, 26, 0, 28][7, 25, 11][20, 4, 24][10, 15][7, 27][7, 28][0, 19][7, 20] 
[9, 14, 23, 3, 1, 24][27, 10, 16, 2, 29][13, 6, 5, 15, 21][17, 12, 19, 18, 22][8, 26, 0, 28][7, 25, 11][20, 4, 24][10, 15][7, 27][7, 28][7, 20][0, 19] 
[9, 14, 23, 3, 1, 24][17, 12, 19, 18, 22][27, 10, 16, 2, 29][13, 6, 5, 15, 21][8, 26, 0, 28][20, 4, 24][7, 25, 11][7, 20][7, 28][0, 19][7, 27][10, 15] 
[14, 23, 3, 1, 24, 4, 20][27, 10, 16, 2, 29][13, 6, 5, 15, 21][17, 12, 19, 18, 22][8, 26, 0, 28][7, 25, 11][7, 27][10, 15][7, 28][0, 19][7, 20][1, 9] 
[9, 14, 23, 3, 1, 24][18, 19, 12, 17, 22][27, 10, 16, 2, 29][13, 6, 5, 15, 21][8, 26, 0, 28][4, 20, 7][7, 25, 11][4, 24][7, 28][0, 19][7, 27][10, 15] 
[9, 14, 23, 3, 1, 24][18, 19, 12, 17, 22][27, 10, 16, 2, 29][13, 6, 5, 15, 21][8, 26, 0, 28][4, 20, 7][7, 25, 11][4, 24][7, 28][0, 19][7, 27][10, 15] 
[9, 14, 23, 3, 1, 24][27, 10, 16, 2, 29][13, 6, 5, 15, 21][18, 19, 12, 17, 22][8, 26, 0, 28][4, 20, 7][7, 25, 11][10, 15][7, 27][7, 28][4, 24][0, 19] 
[9, 14, 23, 3, 1, 24][18, 19, 12, 17, 22][27, 10, 16, 2, 29][13, 6, 5, 15, 21][8, 26, 0, 28][4, 20, 7][7, 25, 11][0, 19][7, 28][7, 27][4, 24][10, 15] 
[9, 14, 23, 3, 1, 24][18, 19, 12, 17, 22][27, 10, 16, 2, 29][13, 6, 5, 15, 21][8, 26, 0, 28][4, 20, 7][7, 25, 11][4, 24][7, 28][0, 19][7, 27][10, 15] 
[23, 9, 1, 3, 14, 24][17, 12, 19, 18, 22][27, 10, 16, 2, 29][13, 6, 5, 15, 21][8, 26, 0, 28][4, 20, 7][7, 25, 11][7, 28][0, 19][4, 24][7, 27][10, 15] 
[9, 14, 23, 3, 1, 24][18, 19, 12, 17, 22][27, 10, 16, 2, 29][13, 6, 5, 15, 21][8, 26, 0, 28][4, 20, 7][7, 25, 11][4, 24][7, 28][0, 19][7, 27][10, 15] 
[9, 14, 23, 3, 1, 24][17, 12, 19, 18, 22][27, 10, 16, 2, 29][13, 6, 5, 15, 21][8, 26, 0, 28][20, 4, 24][7, 25, 11][7, 20][7, 28][0, 19][7, 27][10, 15] 
[9, 14, 23, 3, 1, 24][17, 12, 19, 18, 22][27, 10, 16, 2, 29][13, 6, 5, 15, 21][8, 26, 0, 28][20, 4, 24][7, 25, 11][7, 20][7, 28][0, 19][7, 27][10, 15] 
[9, 14, 23, 3, 1, 24][17, 12, 19, 18, 22][27, 10, 16, 2, 29][13, 6, 5, 15, 21][8, 26, 0, 28][20, 4, 24][7, 25, 11][7, 20][7, 28][0, 19][7, 27][10, 15] 
[9, 14, 23, 3, 1, 24][27, 10, 16, 2, 29][13, 6, 5, 15, 21][17, 12, 19, 18, 22][8, 26, 0, 28][7, 25, 11][20, 4, 24][10, 15][7, 27][7, 28][7, 20][0, 19] 
[9, 14, 23, 3, 1, 24][27, 10, 16, 2, 29][13, 6, 5, 15, 21][17, 12, 19, 18, 22][8, 26, 0, 28][7, 25, 11][20, 4, 24][7, 27][10, 15][7, 28][7, 20][0, 19] 
[9, 14, 23, 3, 1, 24][27, 10, 16, 2, 29][13, 6, 5, 15, 21][17, 12, 19, 18, 22][8, 26, 0, 28][7, 25, 11][20, 4, 24][10, 15][7, 27][7, 28][7, 20][0, 19] 
[9, 14, 23, 3, 1, 24][27, 10, 16, 2, 29][13, 6, 5, 15, 21][17, 12, 19, 18, 22][8, 26, 0, 28][7, 25, 11][20, 4, 24][7, 27][7, 28][7, 20][10, 15][0, 19] 
[9, 14, 23, 3, 1, 24][17, 12, 19, 18, 22][27, 10, 16, 2, 29][13, 6, 5, 15, 21][8, 26, 0, 28][20, 4, 24][7, 25, 11][7, 20][7, 28][0, 19][7, 27][10, 15] 
[9, 14, 23, 3, 1, 24][27, 10, 16, 2, 29][13, 6, 5, 15, 21][17, 12, 19, 18, 22][8, 26, 0, 28][7, 25, 11][20, 4, 24][7, 27][10, 15][7, 28][7, 20][0, 19] 
[9, 14, 23, 3, 1, 24][27, 10, 16, 2, 29][13, 6, 5, 15, 21][17, 12, 19, 18, 22][8, 26, 0, 28][7, 25, 11][20, 4, 24][7, 27][7, 28][7, 20][10, 15][0, 19] 
[9, 14, 23, 3, 1, 24][17, 12, 19, 18, 22][27, 10, 16, 2, 29][13, 6, 5, 15, 21][8, 26, 0, 28][7, 25, 11][20, 4, 24][7, 28][0, 19][7, 27][10, 15][7, 20] 
[9, 14, 23, 3, 1, 24][27, 10, 16, 2, 29][13, 6, 5, 15, 21][17, 12, 19, 18, 22][8, 26, 0, 28][7, 25, 11][20, 4, 24][7, 27][10, 15][7, 28][7, 20][0, 19] 
[9, 14, 23, 3, 1, 24][17, 12, 19, 18, 22][27, 10, 16, 2, 29][13, 6, 5, 15, 21][8, 26, 0, 28][7, 25, 11][20, 4, 24][7, 28][0, 19][7, 27][10, 15][7, 20] 
[9, 14, 23, 3, 1, 24][17, 12, 19, 18, 22][27, 10, 16, 2, 29][13, 6, 5, 15, 21][8, 26, 0, 28][7, 25, 11][20, 4, 24][7, 28][0, 19][7, 27][10, 15][7, 20] 
[9, 14, 23, 3, 1, 24][27, 10, 16, 2, 29][13, 6, 5, 15, 21][17, 12, 19, 18, 22][8, 26, 0, 28][7, 25, 11][20, 4, 24][7, 27][7, 28][7, 20][10, 15][0, 19] 
[20, 4, 24, 14, 3, 1, 9, 23][13, 6, 5, 15, 21][27, 10, 16, 2, 29][18, 19, 12, 17, 22][8, 26, 0, 28][7, 25, 11][10, 15][7, 27][7, 28][0, 19][12, 17][7, 20] 
[20, 4, 24, 14, 3, 1, 9, 23][13, 6, 5, 15, 21][27, 10, 16, 2, 29][18, 19, 12, 17, 22][8, 26, 0, 28][7, 25, 11][10, 15][7, 27][7, 28][0, 19][12, 17][7, 20] 
[20, 4, 24, 14, 3, 1, 9, 23][13, 6, 5, 15, 21][27, 10, 16, 2, 29][18, 19, 12, 17, 22][8, 26, 0, 28][7, 25, 11][10, 15][7, 27][7, 28][0, 19][12, 17][7, 20] 
[20, 4, 24, 14, 3, 1, 9, 23][13, 6, 5, 15, 21][27, 10, 16, 2, 29][18, 19, 12, 17, 22][8, 26, 0, 28][7, 25, 11][10, 15][7, 27][7, 28][0, 19][12, 17][7, 20] 
[20, 4, 24, 14, 3, 1, 9, 23][13, 6, 5, 15, 21][27, 10, 16, 2, 29][18, 19, 12, 17, 22][8, 26, 0, 28][7, 25, 11][10, 15][7, 27][7, 28][0, 19][12, 17][7, 20] 
[20, 4, 24, 14, 3, 1, 9, 23][27, 10, 16, 2, 29][13, 6, 5, 15, 21][17, 12, 19, 18, 22][8, 26, 0, 28][7, 25, 11][4, 20, 7][7, 27][4, 20][7, 28][10, 15][0, 19] 
[23, 9, 1, 3, 14, 24][27, 10, 16, 2, 29][13, 6, 5, 15, 21][17, 12, 19, 18, 22][8, 26, 0, 28][4, 20, 7][7, 25, 11][4, 24][7, 28][7, 27][10, 15][0, 19] 
[23, 9, 1, 3, 14, 24][27, 10, 16, 2, 29][13, 6, 5, 15, 21][17, 12, 19, 18, 22][8, 26, 0, 28][7, 25, 11][4, 20, 7][7, 27][7, 28][10, 15][0, 19][4, 24] 
[23, 9, 1, 3, 14, 24][27, 10, 16, 2, 29][13, 6, 5, 15, 21][17, 12, 19, 18, 22][8, 26, 0, 28][4, 20, 7][7, 25, 11][4, 24][7, 28][7, 27][10, 15][0, 19] 
[23, 9, 1, 3, 14, 24][27, 10, 16, 2, 29][13, 6, 5, 15, 21][17, 12, 19, 18, 22][8, 26, 0, 28][4, 20, 7][7, 25, 11][4, 24][7, 28][7, 27][10, 15][0, 19] 
[23, 9, 1, 3, 14, 24][27, 10, 16, 2, 29][13, 6, 5, 15, 21][17, 12, 19, 18, 22][8, 26, 0, 28][7, 25, 11][4, 20, 7][10, 15][7, 27][7, 28][0, 19][4, 24] 
[9, 14, 23, 3, 1, 24][17, 12, 19, 18, 22][27, 10, 16, 2, 29][13, 6, 5, 15, 21][8, 26, 0, 28][20, 4, 24][7, 25, 11][7, 20][7, 28][0, 19][7, 27][10, 15] 
[23, 9, 1, 3, 14, 24][13, 6, 5, 15, 21][27, 10, 16, 2, 29][18, 19, 12, 17, 22][8, 26, 0, 28][7, 25, 11][4, 20, 7][10, 15][7, 27][4, 24][7, 28][0, 19] 
