[5, 21, 6, 15, 29, 2, 10][4, 14, 1, 9, 23][24, 20, 7, 25][3, 11, 17, 28][0, 22, 18, 13][12, 19, 8, 26][7, 28, 16][14, 20][17, 18][0, 12][16, 27][10, 27] 
[5, 21, 6, 15, 29, 2, 10][4, 14, 1, 9, 23][24, 20, 7, 25][3, 11, 17, 28][0, 22, 18, 13][12, 19, 8, 26][7, 28, 16][14, 20][17, 18][0, 12][16, 27][10, 27] 
[5, 21, 6, 15, 29, 2, 10][4, 14, 1, 9, 23][3, 11, 17, 28][24, 20, 7, 25][0, 22, 18, 13][12, 19, 8, 26][7, 28, 16][10, 27][16, 27][14, 20][17, 18][19, 22] 
[5, 21, 6, 15, 29, 2, 10][4, 14, 1, 9, 23][16, 28, 7, 25][3, 11, 17, 28][0, 22, 18, 13][12, 19, 8, 26][7, 20, 24][10, 27][16, 27][14, 20][17, 18][19, 22] 
[5, 21, 6, 15, 29, 2, 10][4, 14, 1, 9, 23][24, 20, 7, 25][3, 11, 17, 28][0, 22, 18, 13][12, 19, 8, 26][7, 28, 16][10, 27][16, 27][17, 18][14, 20][0, 12] 
[5, 21, 6, 15, 29, 2, 10][4, 14, 1, 9, 23][24, 20, 7, 25][3, 11, 17, 28][0, 22, 18, 13][12, 19, 8, 26][7, 28, 16][10, 27][16, 27][17, 18][14, 20][0, 12] 
[5, 21, 6, 15, 29, 2, 10][4, 14, 1, 9, 23][24, 20, 7, 25][3, 11, 17, 28][12, 19, 8, 26][7, 28, 16][13, 18, 22][0, 22, 19][10, 27][16, 27][14, 20][17, 18] 
[2, 29, 15, 6, 21, 5][4, 14, 1, 9, 23][0, 22, 18, 13][3, 11, 17, 28][24, 20, 7, 25][12, 19, 8, 26][7, 28, 16][10, 27, 15][0, 12][17, 18][16, 27][14, 20] 
[2, 29, 15, 6, 21, 5][4, 14, 1, 9, 23][12, 19, 8, 26][0, 22, 18, 13][3, 11, 17, 28][24, 20, 7, 25][7, 28, 16][10, 27, 15][19, 22][17, 18][14, 20][16, 27] 
[2, 29, 15, 6, 21, 5][4, 14, 1, 9, 23][0, 22, 18, 13][3, 11, 17, 28][24, 20, 7, 25][12, 19, 8, 26][7, 28, 16][10, 27, 15][0, 12][17, 18][16, 27][14, 20] 
[5, 21, 6, 15, 29, 2, 10][4, 14, 1, 9, 23][24, 20, 7, 25][3, 11, 17, 28][0, 22, 18, 13][12, 19, 8, 26][7, 28, 16][10, 27][16, 27][17, 18][14, 20][0, 12] 
[5, 21, 6, 15, 29, 2, 10][4, 14, 1, 9, 23][24, 20, 7, 25][3, 11, 17, 28][0, 22, 18, 13][12, 19, 8, 26][7, 28, 16][10, 27][16, 27][17, 18][14, 20][0, 12] 
[5, 21, 6, 15, 29, 2, 10][4, 14, 1, 9, 23][24, 20, 7, 25][3, 11, 17, 28][0, 22, 18, 13][12, 19, 8, 26][7, 28, 16][17, 18][16, 27][10, 27][19, 22][14, 20] 
[5, 21, 6, 15, 29, 2, 10][4, 14, 1, 9, 23][24, 20, 7, 25][3, 11, 17, 28][0, 22, 18, 13][12, 19, 8, 26][7, 28, 16][10, 27][16, 27][17, 18][14, 20][0, 12] 
[5, 21, 6, 15, 29, 2, 10][4, 14, 1, 9, 23][12, 19, 8, 26][0, 22, 18, 13][3, 11, 17, 28][24, 20, 7, 25][7, 28, 16][0, 12][17, 18][16, 27][10, 27][14, 20] 
[2, 29, 15, 6, 21, 5][4, 14, 1, 9, 23][0, 22, 18, 13][3, 11, 17, 28][24, 20, 7, 25][12, 19, 8, 26][7, 28, 16][10, 27, 15][0, 12][17, 18][16, 27][14, 20] 
[5, 21, 6, 15, 29, 2, 10][4, 14, 1, 9, 23][24, 20, 7, 25][3, 11, 17, 28][0, 22, 18, 13][12, 19, 8, 26][7, 28, 16][10, 27][16, 27][17, 18][14, 20][0, 12] 
[5, 21, 6, 15, 29, 2, 10][4, 14, 1, 9, 23][24, 20, 7, 25][3, 11, 17, 28][0, 22, 18, 13][12, 19, 8, 26][7, 28, 16][10, 27][16, 27][17, 18][14, 20][0, 12] 
[5, 21, 6, 15, 29, 2, 10][4, 14, 1, 9, 23][24, 20, 7, 25][3, 11, 17, 28][0, 22, 18, 13][12, 19, 8, 26][7, 28, 16][10, 27][16, 27][17, 18][14, 20][0, 12] 
[5, 21, 6, 15, 29, 2, 10][4, 14, 1, 9, 23][24, 20, 7, 25][3, 11, 17, 28][0, 22, 18, 13][12, 19, 8, 26][7, 28, 16][10, 27][16, 27][17, 18][14, 20][0, 12] 
[5, 21, 6, 15, 29, 2, 10][4, 14, 1, 9, 23][24, 20, 7, 25][3, 11, 17, 28][0, 22, 18, 13][12, 19, 8, 26][7, 28, 16][10, 27][16, 27][17, 18][14, 20][0, 12] 
[5, 21, 6, 15, 29, 2, 10][4, 14, 1, 9, 23][24, 20, 7, 25][3, 11, 17, 28][0, 22, 18, 13][12, 19, 8, 26][7, 28, 16][10, 27][16, 27][17, 18][14, 20][0, 12] 
[5, 21, 6, 15, 29, 2, 10][4, 14, 1, 9, 23][12, 19, 8, 26][0, 22, 18, 13][3, 11, 17, 28][24, 20, 7, 25][7, 28, 16][19, 22][17, 18][14, 20][16, 27][10, 27] 
[5, 21, 6, 15, 29, 2, 10][4, 14, 1, 9, 23][24, 20, 7, 25][3, 11, 17, 28][0, 22, 18, 13][12, 19, 8, 26][7, 28, 16][10, 27][16, 27][17, 18][14, 20][0, 12] 
[5, 21, 6, 15, 29, 2, 10][4, 14, 1, 9, 23][12, 19, 8, 26][0, 22, 18, 13][3, 11, 17, 28][24, 20, 7, 25][7, 28, 16][0, 12][17, 18][16, 27][10, 27][14, 20] 
[2, 29, 15, 6, 21, 5][4, 14, 1, 9, 23][0, 22, 18, 13][3, 11, 17, 28][24, 20, 7, 25][12, 19, 8, 26][7, 28, 16][10, 27, 15][0, 12][17, 18][16, 27][14, 20] 
[5, 21, 6, 15, 29, 2, 10][4, 14, 1, 9, 23][0, 22, 18, 13][12, 19, 8, 26][3, 11, 17, 28][24, 20, 7, 25][7, 28, 16][0, 12][17, 18][14, 20][16, 27][10, 27] 
[5, 21, 6, 15, 29, 2, 10][4, 14, 1, 9, 23][12, 19, 8, 26][0, 22, 18, 13][3, 11, 17, 28][24, 20, 7, 25][7, 28, 16][0, 12][17, 18][14, 20][16, 27][10, 27] 
[5, 21, 6, 15, 29, 2, 10][4, 14, 1, 9, 23][24, 20, 7, 25][3, 11, 17, 28][0, 22, 18, 13][12, 19, 8, 26][7, 28, 16][10, 27][16, 27][17, 18][14, 20][0, 12] 
[5, 21, 6, 15, 29, 2, 10][4, 14, 1, 9, 23][0, 22, 18, 13][12, 19, 8, 26][3, 11, 17, 28][24, 20, 7, 25][7, 28, 16][0, 12][17, 18][14, 20][16, 27][10, 27] 
[5, 21, 6, 15, 29, 2, 10][4, 14, 1, 9, 23][12, 19, 8, 26][0, 22, 18, 13][3, 11, 17, 28][24, 20, 7, 25][7, 28, 16][0, 12][17, 18][14, 20][16, 27][10, 27] 
[5, 21, 6, 15, 29, 2, 10][4, 14, 1, 9, 23][24, 20, 7, 25][3, 11, 17, 28][0, 22, 18, 13][12, 19, 8, 26][7, 28, 16][10, 27][16, 27][17, 18][14, 20][0, 12] 
[5, 21, 6, 15, 29, 2, 10][4, 14, 1, 9, 23][0, 22, 18, 13][12, 19, 8, 26][3, 11, 17, 28][24, 20, 7, 25][7, 28, 16][0, 12][17, 18][14, 20][16, 27][10, 27] 
[5, 21, 6, 15, 29, 2, 10][4, 14, 1, 9, 23][12, 19, 8, 26][0, 22, 18, 13][3, 11, 17, 28][24, 20, 7, 25][7, 28, 16][0, 12][17, 18][14, 20][16, 27][10, 27] 
[5, 21, 6, 15, 29, 2, 10][4, 14, 1, 9, 23][12, 19, 8, 26][0, 22, 18, 13][3, 11, 17, 28][24, 20, 7, 25][7, 28, 16][0, 12][17, 18][14, 20][16, 27][10, 27] 
[20, 23, 1, 9, 3, 4, 24, 14, 11, 17, 28, 25, 22][5, 6, 10, 21, 2, 29, 27, 15, 16, 7, 4, 1, 23][11, 25, 0, 26, 8, 19, 12, 18, 13][3, 9][3, 9][13, 18][3, 9][3, 9][3, 9][3, 9][3, 9][20, 23] 
[3, 9, 23, 1, 4, 7, 16, 15, 27, 29, 2, 21, 10, 6, 5][20, 23, 1, 9, 3, 4, 24, 14, 11, 17, 28, 25, 22][11, 25, 0, 26, 8, 19, 12, 18, 13][15, 16, 7, 4, 24, 14, 20, 23][3, 9][3, 9][13, 18][3, 9][3, 9][3, 9][3, 9][3, 9] 
[3, 9, 23, 1, 4, 7, 16, 15, 27, 29, 2, 21, 10, 6, 5][22, 25, 28, 17, 11, 14, 24, 4, 3, 9, 1, 23][11, 25, 0, 26, 8, 19, 12, 18, 13][3, 9][3, 9][13, 18][3, 9][3, 9][3, 9][3, 9][3, 9][20, 23] 
[20, 23, 1, 9, 3, 4, 24, 14, 11, 17, 28, 25, 22][5, 6, 10, 21, 2, 29, 27, 15, 16, 7][13, 18, 12, 19, 8, 26, 0, 25][3, 9][3, 9][3, 9][3, 9][4, 7][3, 9][3, 9][3, 9][3, 9] 
[20, 23, 1, 9, 3, 4, 24, 14, 11, 17, 28, 25, 22][5, 6, 10, 21, 2, 29, 27, 15, 16, 7][13, 18, 12, 19, 8, 26, 0, 25][3, 9][3, 9][3, 9][3, 9][4, 7][3, 9][3, 9][3, 9][3, 9] 
[20, 23, 1, 9, 3, 4, 24, 14, 11, 17, 28, 25, 22][5, 6, 10, 21, 2, 29, 27, 15][18, 12, 19, 8, 26, 0, 25][4, 7, 16, 15][3, 9][3, 9][13, 18][3, 9][3, 9][3, 9][3, 9][3, 9] 
[5, 6, 10, 21, 2, 29, 27, 15, 16, 7, 4, 24, 14, 20, 23][22, 25, 28, 17, 11, 14, 24, 4, 3, 9, 1, 23][11, 25, 0, 26, 8, 19, 12, 18, 13][3, 9][4, 7][22, 25][3, 9][22, 25][3, 9][3, 9][3, 9][22, 25] 
[3, 9, 23, 1, 4, 7, 16, 15, 27, 29, 2, 21, 10, 6, 5][22, 25, 28, 17, 11, 14, 24, 4, 3, 9, 1, 23][11, 25, 0, 26, 8, 19, 12, 18, 13][3, 9][3, 9][13, 18][3, 9][3, 9][3, 9][3, 9][3, 9][20, 23] 
[20, 23, 1, 9, 3, 4, 24, 14, 11, 17, 28, 25, 22][5, 6, 10, 21, 2, 29, 27, 15, 16, 7][13, 18, 12, 19, 8, 26, 0, 25][3, 9][3, 9][3, 9][3, 9][4, 7][3, 9][3, 9][3, 9][3, 9] 
[20, 23, 1, 9, 3, 4, 24, 14, 11, 17, 28, 25, 22][4, 7, 16, 15, 27, 29, 2, 21, 10, 6, 5][18, 12, 19, 8, 26, 0, 25][3, 9][3, 9][13, 18][3, 9][3, 9][3, 9][3, 9][3, 9][3, 9] 
[5, 6, 10, 21, 2, 29, 27, 15, 16, 7, 4, 24, 14, 20, 23][20, 23, 1, 9, 3, 4, 24, 14, 11, 17, 28, 25, 22][11, 25, 0, 26, 8, 19, 12, 18, 13][13, 18, 12, 19, 8, 26][22, 25][22, 25][3, 9][3, 9][4, 7][3, 9][3, 9][3, 9] 
[20, 23, 1, 9, 3, 4, 24, 14, 11, 17, 28, 25, 22][5, 6, 10, 21, 2, 29, 27, 15, 16, 7, 4, 1, 23][11, 25, 0, 26, 8, 19, 12, 18, 13][3, 9][3, 9][13, 18][3, 9][3, 9][3, 9][3, 9][3, 9][20, 23] 
[20, 23, 1, 9, 3, 4, 24, 14, 11, 17, 28, 25, 22][5, 6, 10, 21, 2, 29, 27, 15, 16, 7][13, 18, 12, 19, 8, 26, 0, 25][3, 9][3, 9][3, 9][3, 9][4, 7][3, 9][3, 9][3, 9][3, 9] 
[3, 9, 23, 1, 4, 7, 16, 15, 27, 29, 2, 21, 10, 6, 5][20, 23, 1, 9, 3, 4, 24, 14, 11, 17, 28, 25, 22][3, 9, 1, 23, 14, 4, 20, 24, 7, 16][11, 25, 0, 26, 8, 19, 12, 18, 13][3, 9][3, 9][3, 9][3, 9][3, 9][13, 18][3, 9][13, 18] 
[3, 9, 23, 1, 4, 7, 16, 15, 27, 29, 2, 21, 10, 6, 5][20, 23, 1, 9, 3, 4, 24, 14, 11, 17, 28, 25, 22][3, 9, 1, 23, 14, 4, 20, 24, 7, 16][11, 25, 0, 26, 8, 19, 12, 18, 13][3, 9][3, 9][3, 9][3, 9][3, 9][13, 18][3, 9][13, 18] 
[20, 23, 1, 9, 3, 4, 24, 14, 11, 17, 28, 25, 22][5, 6, 10, 21, 2, 29, 27, 15, 16, 7, 4, 24][11, 25, 0, 26, 8, 19, 12, 18, 13][13, 18, 12, 19, 8, 26][22, 25][22, 25][3, 9][3, 9][4, 7][3, 9][3, 9][3, 9] 
[20, 23, 1, 9, 3, 4, 24, 14, 11, 17, 28, 25, 22][4, 7, 16, 15, 27, 29, 2, 21, 10, 6, 5][11, 25, 0, 26, 8, 19, 12, 18, 13][3, 9][3, 9][13, 18][3, 9][3, 9][3, 9][3, 9][3, 9][3, 9] 
[3, 9, 23, 1, 4, 7, 16, 15, 27, 29, 2, 21, 10, 6, 5][4, 24, 14, 11, 17, 28, 25, 22][13, 18, 12, 19, 8, 26, 0, 25][3, 9][3, 9][13, 18][3, 9][3, 9][3, 9][3, 9][3, 9][20, 23] 
[20, 23, 1, 9, 3, 4, 24, 14, 11, 17, 28, 25, 22][4, 7, 16, 15, 27, 29, 2, 21, 10, 6, 5][11, 25, 0, 26, 8, 19, 12, 18, 13][3, 9][3, 9][13, 18][3, 9][3, 9][3, 9][3, 9][3, 9][3, 9] 
[20, 23, 1, 9, 3, 4, 24, 14, 11, 17, 28, 25, 22][5, 6, 10, 21, 2, 29, 27, 15, 16, 7, 4, 1, 23][11, 25, 0, 26, 8, 19, 12, 18, 13][3, 9][3, 9][13, 18][3, 9][3, 9][3, 9][3, 9][3, 9][20, 23] 
[20, 23, 1, 9, 3, 4, 24, 14, 11, 17, 28, 25, 22][4, 7, 16, 15, 27, 29, 2, 21, 10, 6, 5][13, 18, 12, 19, 8, 26, 0, 25, 11, 17][1, 9, 3][19, 22][3, 9][3, 9][3, 9][3, 9][3, 9][3, 9][3, 9] 
[5, 21, 6, 15, 29, 2, 10][4, 14, 1, 9, 23][24, 20, 7, 25][3, 11, 17, 28][0, 22, 18, 13][10, 27, 2, 21][12, 19, 8, 26][7, 28, 16][17, 18][16, 27][19, 22][14, 20] 
[5, 21, 6, 15, 29, 2, 10][4, 14, 1, 9, 23][24, 20, 7, 25][3, 11, 17, 28][0, 22, 18, 13][10, 27, 2, 21][12, 19, 8, 26][7, 28, 16][17, 18][16, 27][19, 22][14, 20] 
[2, 29, 15, 6, 21, 5][4, 14, 1, 9, 23][3, 11, 17, 28][0, 22, 18, 13][24, 20, 7, 25][12, 19, 8, 26][7, 28, 16][10, 27, 15][17, 18][19, 22][16, 27][14, 20] 
[2, 29, 15, 6, 21, 5][4, 14, 1, 9, 23][3, 11, 17, 28][0, 22, 18, 13][24, 20, 7, 25][12, 19, 8, 26][7, 28, 16][10, 27, 15][17, 18][19, 22][16, 27][14, 20] 
[2, 29, 15, 6, 21, 5][4, 14, 1, 9, 23][3, 11, 17, 28][0, 22, 18, 13][24, 20, 7, 25][12, 19, 8, 26][7, 28, 16][10, 27, 15][17, 18][19, 22][16, 27][14, 20] 
[2, 29, 15, 6, 21, 5][4, 14, 1, 9, 23][12, 19, 8, 26][0, 22, 18, 13][3, 11, 17, 28][24, 20, 7, 25][7, 28, 16][10, 27, 15][19, 22][17, 18][14, 20][16, 27] 
[2, 29, 15, 6, 21, 5][4, 14, 1, 9, 23][3, 11, 17, 28][0, 22, 18, 13][24, 20, 7, 25][12, 19, 8, 26][7, 28, 16][10, 27, 15][17, 18][19, 22][16, 27][14, 20] 
[2, 29, 15, 6, 21, 5][4, 14, 1, 9, 23][3, 11, 17, 28][24, 20, 7, 25][0, 22, 18, 13][12, 19, 8, 26][10, 27, 15][7, 28, 16][16, 27][17, 18][19, 22][14, 20] 
[2, 29, 15, 6, 21, 5][4, 14, 1, 9, 23][24, 20, 7, 25][3, 11, 17, 28][0, 22, 18, 13][12, 19, 8, 26][7, 28, 16][10, 27, 15][14, 20][17, 18][16, 27][19, 22] 
[2, 29, 15, 6, 21, 5][4, 14, 1, 9, 23][24, 20, 7, 25][3, 11, 17, 28][0, 22, 18, 13][12, 19, 8, 26][7, 28, 16][10, 27, 15][14, 20][17, 18][16, 27][19, 22] 
[5, 21, 6, 15, 29, 2, 10][4, 14, 1, 9, 23][24, 20, 7, 25][3, 11, 17, 28][0, 22, 18, 13][12, 19, 8, 26][7, 28, 16][10, 27, 15][14, 20][17, 18][19, 22][16, 27] 
[2, 29, 15, 6, 21, 5][4, 14, 1, 9, 23][0, 22, 18, 13][3, 11, 17, 28][24, 20, 7, 25][12, 19, 8, 26][7, 28, 16][10, 27, 15][17, 18][19, 22][14, 20][16, 27] 
[2, 29, 15, 6, 21, 5][4, 14, 1, 9, 23][12, 19, 8, 26][0, 22, 18, 13][3, 11, 17, 28][24, 20, 7, 25][7, 28, 16][10, 27, 15][19, 22][17, 18][14, 20][16, 27] 
[2, 29, 15, 6, 21, 5][4, 14, 1, 9, 23][24, 20, 7, 25][3, 11, 17, 28][0, 22, 18, 13][12, 19, 8, 26][7, 28, 16][10, 27, 15][14, 20][17, 18][16, 27][19, 22] 
[2, 29, 15, 6, 21, 5][4, 14, 1, 9, 23][3, 11, 17, 28][0, 22, 18, 13][24, 20, 7, 25][12, 19, 8, 26][7, 28, 16][10, 27, 15][17, 18][14, 20][16, 27][19, 22] 
[5, 21, 6, 15, 29, 2, 10][4, 14, 1, 9, 23][24, 20, 7, 25][3, 11, 17, 28][0, 22, 18, 13][12, 19, 8, 26][7, 28, 16][10, 27][16, 27][17, 18][14, 20][0, 12] 
[5, 21, 6, 15, 29, 2, 10][4, 14, 1, 9, 23][24, 20, 7, 25][3, 11, 17, 28][0, 22, 18, 13][12, 19, 8, 26][7, 28, 16][10, 27][16, 27][17, 18][14, 20][0, 12] 
[5, 21, 6, 15, 29, 2, 10][4, 14, 1, 9, 23][24, 20, 7, 25][3, 11, 17, 28][0, 22, 18, 13][12, 19, 8, 26][7, 28, 16][10, 27][16, 27][17, 18][14, 20][0, 12] 
[5, 21, 6, 15, 29, 2, 10][4, 14, 1, 9, 23][24, 20, 7, 25][3, 11, 17, 28][0, 22, 18, 13][12, 19, 8, 26][7, 28, 16][10, 27][16, 27][17, 18][14, 20][0, 12] 
[5, 21, 6, 15, 29, 2, 10][4, 14, 1, 9, 23][24, 20, 7, 25][3, 11, 17, 28][0, 22, 18, 13][12, 19, 8, 26][7, 28, 16][10, 27][16, 27][17, 18][14, 20][0, 12] 
[5, 21, 6, 15, 29, 2, 10][12, 22, 19, 8, 26][4, 14, 1, 9, 23][0, 22, 18, 13][24, 20, 7, 25][3, 11, 17][7, 28, 16][17, 18][14, 20][16, 27][10, 27][17, 28] 
[2, 29, 15, 6, 21, 5][4, 14, 1, 9, 23][3, 11, 17, 28][0, 22, 18, 13][24, 20, 7, 25][12, 19, 8, 26][7, 28, 16][10, 27, 15][17, 18][19, 22][16, 27][14, 20] 
[2, 29, 15, 6, 21, 5][4, 14, 1, 9, 23][24, 20, 7, 25][3, 11, 17, 28][0, 22, 18, 13][12, 19, 8, 26][7, 28, 16][10, 27, 15][14, 20][17, 18][16, 27][19, 22] 
[2, 29, 15, 6, 21, 5][4, 14, 1, 9, 23][24, 20, 7, 25][3, 11, 17, 28][0, 22, 18, 13][12, 19, 8, 26][7, 28, 16][10, 27, 15][14, 20][17, 18][16, 27][19, 22] 
[2, 29, 15, 6, 21, 5][4, 14, 1, 9, 23][24, 20, 7, 25][3, 11, 17, 28][0, 22, 18, 13][12, 19, 8, 26][7, 28, 16][10, 27, 15][14, 20][17, 18][16, 27][19, 22] 
[2, 29, 15, 6, 21, 5][4, 14, 1, 9, 23][3, 11, 17, 28][0, 22, 18, 13][24, 20, 7, 25][12, 19, 8, 26][7, 28, 16][10, 27, 15][17, 18][19, 22][16, 27][14, 20] 
[5, 21, 6, 15, 29, 2, 10][4, 14, 1, 9, 23][24, 20, 7, 25][3, 11, 17, 28][0, 22, 18, 13][12, 19, 8, 26][7, 28, 16][10, 27][16, 27][17, 18][14, 20][0, 12] 
[2, 29, 15, 6, 21, 5][4, 14, 1, 9, 23][24, 20, 7, 25][3, 11, 17, 28][0, 22, 18, 13][12, 19, 8, 26][7, 28, 16][10, 27, 15][14, 20][17, 18][16, 27][19, 22] 
[5, 21, 6, 15, 29, 2, 10][4, 14, 1, 9, 23][24, 20, 7, 25][3, 11, 17, 28][0, 22, 18, 13][12, 19, 8, 26][7, 28, 16][10, 27][16, 27][17, 18][14, 20][0, 12] 
[5, 21, 6, 15, 29, 2, 10][4, 14, 1, 9, 23][3, 11, 17, 28][24, 20, 7, 25][0, 22, 18, 13][12, 19, 8, 26][7, 28, 16][14, 20][17, 18][16, 27][10, 27][0, 12] 
[5, 21, 6, 15, 29, 2, 10][4, 14, 1, 9, 23][3, 11, 17, 28][24, 20, 7, 25][0, 22, 18, 13][12, 19, 8, 26][7, 28, 16][14, 20][17, 18][16, 27][10, 27][0, 12] 
[5, 21, 6, 15, 29, 2, 10][4, 14, 1, 9, 23][24, 20, 7, 25][3, 11, 17, 28][0, 22, 18, 13][12, 19, 8, 26][7, 28, 16][10, 27][16, 27][17, 18][14, 20][0, 12] 
[5, 21, 6, 15, 29, 2, 10][4, 14, 1, 9, 23][24, 20, 7, 25][3, 11, 17, 28][0, 22, 18, 13][12, 19, 8, 26][7, 28, 16][10, 27][16, 27][17, 18][14, 20][0, 12] 
[5, 21, 6, 15, 29, 2, 10][4, 14, 1, 9, 23][24, 20, 7, 25][3, 11, 17, 28][0, 22, 18, 13][12, 19, 8, 26][7, 28, 16][10, 27][16, 27][17, 18][14, 20][0, 12] 
[5, 21, 6, 15, 29, 2, 10][4, 14, 1, 9, 23][24, 20, 7, 25][3, 11, 17, 28][0, 22, 18, 13][12, 19, 8, 26][7, 28, 16][10, 27][16, 27][17, 18][14, 20][0, 12] 
[5, 21, 6, 15, 29, 2, 10][4, 14, 1, 9, 23][24, 20, 7, 25][3, 11, 17, 28][0, 22, 18, 13][12, 19, 8, 26][7, 28, 16][10, 27][16, 27][17, 18][14, 20][0, 12] 
[5, 21, 6, 15, 29, 2, 10][4, 14, 1, 9, 23][24, 20, 7, 25][3, 11, 17, 28][0, 22, 18, 13][12, 19, 8, 26][7, 28, 16][10, 27][16, 27][17, 18][14, 20][0, 12] 
[5, 21, 6, 15, 29, 2, 10][4, 14, 1, 9, 23][3, 11, 17, 28][24, 20, 7, 25][0, 22, 18, 13][12, 19, 8, 26][7, 28, 16][0, 22, 19][16, 27][10, 27][14, 20][17, 18] 
[5, 21, 6, 15, 29, 2, 10][4, 14, 1, 9, 23][24, 20, 7, 25][3, 11, 17, 28][0, 22, 18, 13][12, 19, 8, 26][7, 28, 16][10, 27][16, 27][17, 18][0, 12][14, 20] 
[5, 21, 6, 15, 29, 2, 10][4, 14, 1, 9, 23][24, 20, 7, 25][3, 11, 17, 28][0, 22, 18, 13][12, 19, 8, 26][7, 28, 16][10, 27][16, 27][17, 18][0, 12][14, 20] 
[5, 21, 6, 15, 29, 2, 10][4, 14, 1, 9, 23][24, 20, 7, 25][3, 11, 17, 28][0, 22, 18, 13][12, 19, 8, 26][7, 28, 16][10, 27][16, 27][17, 18][14, 20][0, 12] 
[5, 21, 6, 15, 29, 2, 10][4, 14, 1, 9, 23][3, 11, 17, 28][24, 20, 7, 25][0, 22, 18, 13][12, 19, 8, 26][7, 28, 16][0, 22, 19][16, 27][10, 27][14, 20][17, 18] 
[5, 21, 6, 15, 29, 2, 10][4, 14, 1, 9, 23][0, 22, 18, 13][12, 19, 8, 26][3, 11, 17, 28][24, 20, 7, 25][7, 28, 16][0, 12][17, 18][14, 20][16, 27][10, 27] 
[5, 21, 6, 15, 29, 2, 10][12, 22, 19, 8, 26][4, 14, 1, 9, 23][3, 11, 17, 28][24, 20, 7, 25][0, 22, 18, 13][7, 28, 16][17, 18][16, 27][10, 27][14, 20][2, 29] 
[5, 21, 6, 15, 29, 2, 10][12, 22, 19, 8, 26][4, 14, 1, 9, 23][3, 11, 17, 28][24, 20, 7, 25][0, 22, 18, 13][7, 28, 16][2, 29][10, 27][16, 27][17, 18][14, 20] 
[5, 21, 6, 15, 29, 2, 10][12, 22, 19, 8, 26][4, 14, 1, 9, 23][0, 22, 18, 13][3, 11, 17, 28][24, 20, 7, 25][7, 28, 16][17, 18][16, 27][10, 27][14, 20][2, 29] 
[5, 21, 6, 15, 29, 2, 10][12, 22, 19, 8, 26][4, 14, 1, 9, 23][3, 11, 17, 28][24, 20, 7, 25][0, 22, 18, 13][7, 28, 16][2, 29][10, 27][16, 27][17, 18][14, 20] 
[5, 21, 6, 15, 29, 2, 10][12, 22, 19, 8, 26][4, 14, 1, 9, 23][3, 11, 17, 28][0, 22, 18, 13][24, 20, 7, 25][7, 28, 16][17, 18][14, 20][16, 27][10, 27][2, 29] 
[21, 5, 6, 2, 10, 27, 15, 29][4, 14, 1, 9, 23][12, 19, 8, 26][0, 22, 18, 13][3, 11, 17, 28][24, 20, 7, 25][7, 28, 16][0, 12][17, 18][16, 27][14, 20][10, 27] 
[5, 21, 6, 15, 29, 2, 10][4, 14, 1, 9, 23][24, 20, 7, 25][3, 11, 17, 28][0, 22, 18, 13][12, 19, 8, 26][7, 28, 16][10, 27, 15][14, 20][17, 18][19, 22][16, 27] 
[2, 29, 15, 6, 21, 5][4, 14, 1, 9, 23][3, 11, 17, 28][0, 22, 18, 13][24, 20, 7, 25][12, 19, 8, 26][7, 28, 16][10, 27, 15][17, 18][19, 22][16, 27][14, 20] 
[2, 29, 15, 6, 21, 5][4, 14, 1, 9, 23][3, 11, 17, 28][24, 20, 7, 25][0, 22, 18, 13][12, 19, 8, 26][10, 27, 15][7, 28, 16][16, 27][17, 18][19, 22][14, 20] 
[2, 29, 15, 6, 21, 5][4, 14, 1, 9, 23][24, 20, 7, 25][3, 11, 17, 28][0, 22, 18, 13][12, 19, 8, 26][7, 28, 16][10, 27, 15][14, 20][17, 18][16, 27][19, 22] 
[2, 29, 15, 6, 21, 5][4, 14, 1, 9, 23][24, 20, 7, 25][3, 11, 17, 28][0, 22, 18, 13][12, 19, 8, 26][7, 28, 16][10, 27, 15][14, 20][17, 18][16, 27][19, 22] 
[5, 21, 6, 15, 29, 2, 10][4, 14, 1, 9, 23][24, 20, 7, 25][3, 11, 17, 28][0, 22, 18, 13][12, 19, 8, 26][7, 28, 16][10, 27][16, 27][17, 18][14, 20][0, 12] 
[2, 29, 15, 6, 21, 5][4, 14, 1, 9, 23][3, 11, 17, 28][0, 22, 18, 13][24, 20, 7, 25][12, 19, 8, 26][7, 28, 16][10, 27, 15][17, 18][19, 22][16, 27][14, 20] 
