[4, 14, 24, 1, 9, 23][5, 15, 2, 29, 27, 10][3, 11, 17, 18, 19, 12][8, 26, 0, 25, 28][16, 6, 21][16, 7, 20][6, 13][14, 20][7, 25][22, 25][6, 15][18, 22] 
[5, 15, 2, 29, 27, 10][4, 14, 24, 1, 9, 23][3, 11, 17, 18, 19, 12][8, 26, 0, 25, 28][13, 6, 21][16, 7, 20][6, 15][6, 16][7, 25][22, 25][14, 20][18, 22] 
[3, 23, 9, 1, 24, 14, 4][5, 15, 2, 29, 27, 10][8, 26, 0, 25, 28][11, 17, 18, 19, 12][13, 6, 21][16, 7, 20][6, 15][6, 16][14, 20][7, 25][22, 25][18, 22] 
[3, 23, 9, 1, 24, 14, 4][5, 15, 2, 29, 27, 10][11, 17, 18, 19, 12][8, 26, 0, 25, 28][16, 7, 20][13, 6, 21][18, 22][22, 25][7, 25][14, 20][6, 16][6, 15] 
[3, 11, 17, 18, 19, 12][4, 14, 24, 1, 9, 23][5, 15, 2, 29, 27, 10][8, 26, 0, 25, 28][16, 7, 20][13, 6, 21][18, 22][22, 25][7, 25][6, 16][14, 20][6, 15] 
[4, 14, 24, 1, 9, 23][3, 11, 17, 18, 19, 12][5, 15, 2, 29, 27, 10][8, 26, 0, 25, 28][16, 7, 20][13, 6, 21][14, 20][7, 25][22, 25][18, 22][6, 16][6, 15] 
[3, 23, 9, 1, 24, 14, 4][5, 15, 2, 29, 27, 10][11, 17, 18, 19, 12][8, 26, 0, 25, 28][16, 7, 20][13, 6, 21][18, 22][22, 25][7, 25][14, 20][6, 16][6, 15] 
[5, 15, 2, 29, 27, 10][4, 14, 24, 1, 9, 23][3, 11, 17, 18, 19, 12][8, 26, 0, 25, 28][13, 6, 21][16, 7, 20][6, 15][6, 16][7, 25][22, 25][14, 20][18, 22] 
[5, 15, 2, 29, 27, 10][4, 14, 24, 1, 9, 23][3, 11, 17, 18, 19, 12][8, 26, 0, 25, 28][13, 6, 21][16, 7, 20][6, 15][6, 16][7, 25][22, 25][14, 20][18, 22] 
[5, 15, 2, 29, 27, 10][4, 14, 24, 1, 9, 23][3, 11, 17, 18, 19, 12][8, 26, 0, 25, 28][13, 6, 21][16, 7, 20][6, 15][6, 16][7, 25][22, 25][14, 20][18, 22] 
[3, 11, 17, 18, 19, 12][4, 14, 24, 1, 9, 23][5, 15, 2, 29, 27, 10][8, 26, 0, 25, 28][16, 7, 20][16, 6, 21][7, 25][22, 25][18, 22][14, 20][6, 13][6, 15] 
[3, 11, 17, 18, 19, 12][4, 14, 24, 1, 9, 23][5, 15, 2, 29, 27, 10][8, 26, 0, 25, 28][16, 7, 20][16, 6, 21][18, 22][22, 25][7, 25][14, 20][6, 15][6, 13] 
[3, 23, 9, 1, 24, 14, 4][5, 15, 2, 29, 27, 10][8, 26, 0, 25, 28][11, 17, 18, 19, 12][13, 6, 21][16, 7, 20][6, 15][6, 16][14, 20][7, 25][22, 25][18, 22] 
[5, 15, 2, 29, 27, 10][4, 14, 24, 1, 9, 23][3, 11, 17, 18, 19, 12][8, 26, 0, 25, 28][13, 6, 21][16, 7, 20][6, 15][6, 16][7, 25][22, 25][14, 20][18, 22] 
[5, 15, 2, 29, 27, 10][4, 14, 24, 1, 9, 23][3, 11, 17, 18, 19, 12][8, 26, 0, 25, 28][13, 6, 21][16, 7, 20][6, 15][6, 16][7, 25][22, 25][14, 20][18, 22] 
[5, 15, 2, 29, 27, 10][4, 14, 24, 1, 9, 23][3, 11, 17, 18, 19, 12][8, 26, 0, 25, 28][13, 6, 21][16, 7, 20][6, 15][6, 16][7, 25][22, 25][14, 20][18, 22] 
[4, 14, 24, 1, 9, 23][5, 15, 2, 29, 27, 10][3, 11, 17, 18, 19, 12][8, 26, 0, 25, 28][16, 6, 21][16, 7, 20][6, 13][14, 20][7, 25][22, 25][6, 15][18, 22] 
[4, 14, 24, 1, 9, 23][5, 15, 2, 29, 27, 10][3, 11, 17, 18, 19, 12][8, 26, 0, 25, 28][16, 6, 21][16, 7, 20][6, 13][14, 20][7, 25][22, 25][6, 15][18, 22] 
[5, 15, 2, 29, 27, 10][4, 14, 24, 1, 9, 23][3, 11, 17, 18, 19, 12][8, 26, 0, 25, 28][13, 6, 21][16, 7, 20][6, 15][6, 16][7, 25][22, 25][14, 20][18, 22] 
[5, 15, 2, 29, 27, 10][4, 14, 24, 1, 9, 23][3, 11, 17, 18, 19, 12][8, 26, 0, 25, 28][16, 7, 20][16, 6, 21][6, 15][14, 20][7, 25][22, 25][18, 22][6, 13] 
[4, 14, 24, 1, 9, 23][5, 15, 2, 29, 27, 10][3, 11, 17, 18, 19, 12][8, 26, 0, 25, 28][16, 6, 21][16, 7, 20][6, 13][14, 20][7, 25][22, 25][6, 15][18, 22] 
[4, 14, 24, 1, 9, 23][5, 15, 2, 29, 27, 10][3, 11, 17, 18, 19, 12][8, 26, 0, 25, 28][16, 6, 21][16, 7, 20][6, 13][14, 20][7, 25][22, 25][6, 15][18, 22] 
[3, 23, 9, 1, 24, 14, 4][5, 15, 2, 29, 27, 10][11, 17, 18, 19, 12][8, 26, 0, 25, 28][16, 7, 20][13, 6, 21][18, 22][22, 25][7, 25][14, 20][6, 16][6, 15] 
[5, 15, 2, 29, 27, 10][4, 14, 24, 1, 9, 23][3, 11, 17, 18, 19, 12][8, 26, 0, 25, 28][13, 6, 21][16, 7, 20][6, 15][6, 16][7, 25][22, 25][14, 20][18, 22] 
[5, 15, 2, 29, 27, 10][4, 14, 24, 1, 9, 23][3, 11, 17, 18, 19, 12][8, 26, 0, 25, 28][13, 6, 21][16, 7, 20][6, 15][6, 16][7, 25][22, 25][14, 20][18, 22] 
[5, 15, 2, 29, 27, 10][4, 14, 24, 1, 9, 23][3, 11, 17, 18, 19, 12][8, 26, 0, 25, 28][13, 6, 21][16, 7, 20][6, 15][6, 16][7, 25][22, 25][14, 20][18, 22] 
[4, 14, 24, 1, 9, 23][5, 15, 2, 29, 27, 10][3, 11, 17, 18, 19, 12][8, 26, 0, 25, 28][16, 6, 21][16, 7, 20][6, 13][14, 20][7, 25][22, 25][6, 15][18, 22] 
[5, 15, 2, 29, 27, 10][4, 14, 24, 1, 9, 23][3, 11, 17, 18, 19, 12][8, 26, 0, 25, 28][16, 7, 20][13, 6, 21][6, 16][6, 15][7, 25][14, 20][22, 25][18, 22] 
[5, 15, 2, 29, 27, 10][4, 14, 24, 1, 9, 23][3, 11, 17, 18, 19, 12][8, 26, 0, 25, 28][13, 6, 21][16, 7, 20][6, 15][6, 16][7, 25][22, 25][14, 20][18, 22] 
[5, 15, 2, 29, 27, 10][4, 14, 24, 1, 9, 23][3, 11, 17, 18, 19, 12][8, 26, 0, 25, 28][16, 7, 20][16, 6, 21][6, 13][7, 25][6, 15][14, 20][22, 25][18, 22] 
[3, 11, 17, 18, 19, 12][4, 14, 24, 1, 9, 23][5, 15, 2, 29, 27, 10][8, 26, 0, 25, 28][16, 7, 20][16, 6, 21][7, 25][22, 25][18, 22][14, 20][6, 13][6, 15] 
[5, 15, 2, 29, 27, 10][4, 14, 24, 1, 9, 23][3, 11, 17, 18, 19, 12][8, 26, 0, 25, 28][16, 7, 20][13, 6, 21][6, 16][6, 15][7, 25][14, 20][22, 25][18, 22] 
[5, 15, 2, 29, 27, 10][4, 14, 24, 1, 9, 23][3, 11, 17, 18, 19, 12][8, 26, 0, 25, 28][16, 7, 20][13, 6, 21][6, 16][6, 15][7, 25][14, 20][22, 25][18, 22] 
[3, 11, 17, 18, 19, 12][4, 14, 24, 1, 9, 23][5, 15, 2, 29, 27, 10][8, 26, 0, 25, 28][16, 7, 20][16, 6, 21][18, 22][22, 25][7, 25][14, 20][6, 15][6, 13] 
[4, 14, 24, 1, 9, 23][5, 15, 2, 29, 27, 10][3, 11, 17, 18, 19, 12][8, 26, 0, 25, 28][16, 6, 21][16, 7, 20][6, 13][14, 20][7, 25][22, 25][6, 15][18, 22] 
[9, 23, 20, 24, 3, 1, 4, 14, 11, 17, 18, 22, 25, 7, 16][21, 10, 27, 29, 2, 15, 5, 6, 13, 0, 26][26, 8, 19, 12, 22, 25, 28][0, 13][0, 13][0, 13][0, 13][0, 13][0, 13][0, 13][0, 13][0, 13] 
[9, 23, 20, 24, 3, 1, 4, 14, 11, 17, 18, 22, 25, 7, 16][21, 10, 27, 29, 2, 15, 5, 6, 13, 0, 26][26, 8, 19, 12, 22, 25, 28][0, 13][0, 13][0, 13][0, 13][0, 13][0, 13][0, 13][0, 13][0, 13] 
[9, 23, 20, 24, 3, 1, 4, 14, 11, 17, 18, 22, 25, 7, 16][21, 10, 27, 29, 2, 15, 5, 6, 13, 0, 26][26, 8, 19, 12, 22, 25, 28][0, 13][0, 13][0, 13][0, 13][0, 13][0, 13][0, 13][0, 13][0, 13] 
[9, 23, 20, 24, 3, 1, 4, 14, 11, 17, 18, 22, 25, 7, 16][12, 8, 26, 0, 13, 6, 5, 15, 2, 29, 27, 10, 21][19, 12, 22, 25][0, 26][10, 21][0, 13][0, 13][25, 28][0, 13][10, 21][0, 13][7, 16] 
[9, 23, 20, 24, 3, 1, 4, 14, 11, 17, 18, 22, 25, 7, 16][12, 8, 26, 0, 13, 6, 5, 15, 2, 29, 27, 10, 21][19, 12, 22, 25][0, 26][10, 21][0, 13][0, 13][25, 28][0, 13][10, 21][0, 13][7, 16] 
[9, 23, 20, 24, 3, 1, 4, 14, 11, 17, 18, 22, 25, 7, 16][12, 8, 26, 0, 13, 6, 5, 15, 2, 29, 27, 10, 21][7, 25][25, 28][12, 19][0, 26][6, 13][0, 13][6, 16][0, 13][18, 22][7, 25] 
[9, 23, 20, 24, 3, 1, 4, 14, 11, 17, 18, 22, 25, 7, 16][21, 10, 27, 29, 2, 15, 5, 6, 13, 0, 26][26, 8, 19, 12, 22, 25, 28][0, 13][0, 13][0, 13][0, 13][0, 13][0, 13][0, 13][0, 13][0, 13] 
[9, 23, 20, 24, 3, 1, 4, 14, 11, 17, 18, 22, 25, 7, 16][21, 10, 27, 29, 2, 15, 5, 6, 13, 0, 26][26, 8, 19, 12, 22, 25, 28][0, 13][0, 13][0, 13][0, 13][0, 13][0, 13][0, 13][0, 13][0, 13] 
[7, 25, 22, 18, 17, 11, 14, 4, 1, 3, 24, 20, 23, 9][12, 8, 26, 0, 13, 6, 5, 15, 2, 29, 27, 10, 21][19, 12, 22, 25, 28][0, 26][7, 16][0, 13][0, 26][0, 13][0, 26][0, 13][0, 26][0, 26] 
[9, 23, 20, 24, 3, 1, 4, 14, 11, 17, 18, 22, 25, 7, 16][21, 10, 27, 29, 2, 15, 5, 6, 13, 0, 26][26, 8, 19, 12, 22, 25, 28][0, 13][0, 13][0, 13][0, 13][0, 13][0, 13][0, 13][0, 13][0, 13] 
[9, 23, 20, 24, 3, 1, 4, 14, 11, 17, 18, 22, 25, 7, 16][21, 10, 27, 29, 2, 15, 5, 6, 13, 0, 26][26, 8, 19, 12, 22, 25, 28][0, 13][0, 13][0, 13][0, 13][0, 13][0, 13][0, 13][0, 13][0, 13] 
[9, 23, 20, 24, 3, 1, 4, 14, 11, 17, 18, 22, 25, 7, 16][21, 10, 27, 29, 2, 15, 5, 6, 13, 0, 26][26, 8, 19, 12, 22, 25, 28][0, 13][0, 13][0, 13][0, 13][0, 13][0, 13][0, 13][0, 13][0, 13] 
[7, 25, 22, 18, 17, 11, 14, 4, 1, 3, 24, 20, 23, 9][12, 8, 26, 0, 13, 6, 5, 15, 2, 29, 27, 10, 21][19, 12, 22, 25, 28][0, 26][7, 16][0, 13][0, 26][0, 13][0, 26][0, 13][0, 26][0, 26] 
[9, 23, 20, 24, 3, 1, 4, 14, 11, 17, 18, 22, 25, 7, 16][21, 10, 27, 29, 2, 15, 5, 6, 13, 0, 26][26, 8, 19, 12, 22, 25, 28][0, 13][0, 13][0, 13][0, 13][0, 13][0, 13][0, 13][0, 13][0, 13] 
[9, 23, 20, 24, 3, 1, 4, 14, 11, 17, 18, 22, 25, 7, 16][21, 10, 27, 29, 2, 15, 5, 6, 13, 0, 26][26, 8, 19, 12, 22, 25, 28][0, 13][0, 13][0, 13][0, 13][0, 13][0, 13][0, 13][0, 13][0, 13] 
[9, 23, 20, 24, 3, 1, 4, 14, 11, 17, 18, 22, 25, 7, 16][13, 18, 0, 26, 8, 19, 12, 22, 25, 28][0, 13, 6, 5, 15, 2, 29, 27, 10, 21][17, 18][0, 13][0, 13][0, 13][0, 26][0, 13][0, 13][0, 13][0, 13] 
[9, 23, 20, 24, 3, 1, 4, 14, 11, 17, 18, 22, 25, 7, 16][21, 10, 27, 29, 2, 15, 5, 6, 13, 0, 26][13, 18, 0, 26, 8, 19, 12, 22, 25, 28][0, 13][0, 13][6, 13][0, 13][0, 13][0, 13][0, 13][0, 13][0, 13] 
[9, 23, 20, 24, 3, 1, 4, 14, 11, 17, 18, 22, 25, 7, 16][12, 8, 26, 0, 13, 6, 5, 15, 2, 29, 27, 10, 21][19, 12, 22, 25, 28][0, 13][0, 26][0, 13][17, 18][0, 13][6, 13][0, 13][0, 26][0, 13] 
[9, 23, 20, 24, 3, 1, 4, 14, 11, 17, 18, 22, 25, 7, 16][13, 18, 0, 26, 8, 19, 12, 22, 25, 28][0, 13, 6, 5, 15, 2, 29, 27, 10, 21][17, 18][0, 13][0, 13][0, 13][0, 26][0, 13][0, 13][0, 13][0, 13] 
[9, 23, 20, 24, 3, 1, 4, 14, 11, 17, 18, 22, 25, 7, 16][21, 10, 27, 29, 2, 15, 5, 6, 13, 0, 26][13, 18, 0, 26, 8, 19, 12, 22, 25, 28][17, 18][0, 13][0, 13][0, 13][0, 26][0, 13][0, 13][0, 13][0, 13] 
[9, 23, 20, 24, 3, 1, 4, 14, 11, 17, 18, 22, 25, 7, 16][0, 13, 6, 5, 15, 2, 29, 27, 10, 21][13, 18, 0, 26, 8, 19, 12, 22, 25, 28][0, 13][0, 13][6, 13][0, 13][0, 13][0, 13][0, 13][0, 13][0, 13] 
[5, 15, 2, 29, 27, 10][4, 14, 24, 1, 9, 23][3, 11, 17, 18, 19, 12][8, 26, 0, 25, 28][16, 7, 20][13, 6, 21][6, 16][7, 25][22, 25][6, 15][14, 20][18, 22] 
[5, 15, 2, 29, 27, 10][4, 14, 24, 1, 9, 23][3, 11, 17, 18, 19, 12][8, 26, 0, 25, 28][13, 6, 21][16, 7, 20][6, 15][6, 16][7, 25][22, 25][14, 20][18, 22] 
[3, 11, 17, 18, 19, 12][5, 15, 2, 29, 27, 10][4, 14, 24, 1, 9, 23][8, 26, 0, 25, 28][16, 7, 20][13, 6, 21][18, 22][22, 25][7, 25][6, 16][6, 15][14, 20] 
[3, 11, 17, 18, 19, 12][4, 14, 24, 1, 9, 23][5, 15, 2, 29, 27, 10][8, 26, 0, 25, 28][16, 7, 20][13, 6, 21][18, 22][22, 25][7, 25][6, 16][14, 20][6, 15] 
[3, 11, 17, 18, 19, 12][5, 15, 2, 29, 27, 10][4, 14, 24, 1, 9, 23][8, 26, 0, 25, 28][16, 7, 20][13, 6, 21][18, 22][22, 25][7, 25][6, 16][6, 15][14, 20] 
[4, 14, 24, 1, 9, 23][5, 15, 2, 29, 27, 10][3, 11, 17, 18, 19, 12][8, 26, 0, 25, 28][16, 7, 20][13, 6, 21][14, 20][7, 25][6, 16][6, 15][22, 25][18, 22] 
[5, 15, 2, 29, 27, 10][4, 14, 24, 1, 9, 23][3, 11, 17, 18, 19, 12][8, 26, 0, 25, 28][13, 6, 21][16, 7, 20][6, 15][6, 16][7, 25][22, 25][14, 20][18, 22] 
[5, 15, 2, 29, 27, 10][4, 14, 24, 1, 9, 23][3, 11, 17, 18, 19, 12][8, 26, 0, 25, 28][13, 6, 21][16, 7, 20][6, 15][6, 16][7, 25][22, 25][14, 20][18, 22] 
[3, 11, 17, 18, 19, 12][4, 14, 24, 1, 9, 23][5, 15, 2, 29, 27, 10][8, 26, 0, 25, 28][16, 7, 20][13, 6, 21][18, 22][22, 25][7, 25][6, 16][14, 20][6, 15] 
[5, 15, 2, 29, 27, 10][4, 14, 24, 1, 9, 23][3, 11, 17, 18, 19, 12][8, 26, 0, 25, 28][13, 6, 21][16, 7, 20][6, 15][6, 16][14, 20][7, 25][22, 25][18, 22] 
[5, 15, 2, 29, 27, 10][4, 14, 24, 1, 9, 23][3, 11, 17, 18, 19, 12][8, 26, 0, 25, 28][13, 6, 21][16, 7, 20][6, 15][6, 16][7, 25][22, 25][14, 20][18, 22] 
[5, 15, 2, 29, 27, 10][4, 14, 24, 1, 9, 23][3, 11, 17, 18, 19, 12][8, 26, 0, 25, 28][13, 6, 21][16, 7, 20][6, 15][6, 16][7, 25][22, 25][14, 20][18, 22] 
[5, 15, 2, 29, 27, 10][4, 14, 24, 1, 9, 23][3, 11, 17, 18, 19, 12][8, 26, 0, 25, 28][13, 6, 21][16, 7, 20][6, 15][6, 16][7, 25][22, 25][14, 20][18, 22] 
[5, 15, 2, 29, 27, 10][4, 14, 24, 1, 9, 23][3, 11, 17, 18, 19, 12][8, 26, 0, 25, 28][13, 6, 21][16, 7, 20][6, 15][6, 16][7, 25][22, 25][14, 20][18, 22] 
[5, 15, 2, 29, 27, 10][4, 14, 24, 1, 9, 23][3, 11, 17, 18, 19, 12][8, 26, 0, 25, 28][16, 7, 20][13, 6, 21][6, 16][7, 25][22, 25][6, 15][14, 20][18, 22] 
[3, 11, 17, 18, 19, 12][4, 14, 24, 1, 9, 23][5, 15, 2, 29, 27, 10][8, 26, 0, 25, 28][16, 7, 20][16, 6, 21][18, 22][22, 25][7, 25][14, 20][6, 15][6, 13] 
[3, 11, 17, 18, 19, 12][4, 14, 24, 1, 9, 23][5, 15, 2, 29, 27, 10][8, 26, 0, 25, 28][16, 7, 20][16, 6, 21][18, 22][22, 25][7, 25][14, 20][6, 15][6, 13] 
[4, 14, 24, 1, 9, 23][5, 15, 2, 29, 27, 10][3, 11, 17, 18, 19, 12][8, 26, 0, 25, 28][16, 6, 21][16, 7, 20][6, 13][14, 20][7, 25][22, 25][6, 15][18, 22] 
[3, 11, 17, 18, 19, 12][4, 14, 24, 1, 9, 23][5, 15, 2, 29, 27, 10][8, 26, 0, 25, 28][16, 7, 20][16, 6, 21][18, 22][22, 25][7, 25][14, 20][6, 15][6, 13] 
[4, 14, 24, 1, 9, 23][3, 11, 17, 18, 19, 12][5, 15, 2, 29, 27, 10][8, 26, 0, 25, 28][16, 7, 20][16, 6, 21][7, 25][6, 13][22, 25][14, 20][18, 22][6, 15] 
[5, 15, 2, 29, 27, 10][3, 11, 17, 18, 19, 12][4, 14, 24, 1, 9, 23][8, 26, 0, 25, 28][16, 6, 21][16, 7, 20][6, 13][6, 15][13, 18][12, 22][22, 25][14, 20] 
[5, 15, 2, 29, 27, 10][4, 14, 24, 1, 9, 23][3, 11, 17, 18, 19, 12][8, 26, 0, 25, 28][16, 7, 20][13, 6, 21][6, 16][7, 25][22, 25][6, 15][14, 20][18, 22] 
[5, 15, 2, 29, 27, 10][4, 14, 24, 1, 9, 23][3, 11, 17, 18, 19, 12][8, 26, 0, 25, 28][13, 6, 21][16, 7, 20][6, 15][6, 16][7, 25][22, 25][14, 20][18, 22] 
[5, 15, 2, 29, 27, 10][4, 14, 24, 1, 9, 23][3, 11, 17, 18, 19, 12][8, 26, 0, 25, 28][13, 6, 21][16, 7, 20][6, 15][6, 16][7, 25][22, 25][14, 20][18, 22] 
[4, 14, 24, 1, 9, 23][3, 11, 17, 18, 19, 12][5, 15, 2, 29, 27, 10][8, 26, 0, 25, 28][16, 7, 20][13, 6, 21][14, 20][7, 25][22, 25][18, 22][6, 16][6, 15] 
[3, 11, 17, 18, 19, 12][4, 14, 24, 1, 9, 23][5, 15, 2, 29, 27, 10][8, 26, 0, 25, 28][16, 7, 20][13, 6, 21][18, 22][22, 25][7, 25][6, 16][14, 20][6, 15] 
[5, 15, 2, 29, 27, 10][4, 14, 24, 1, 9, 23][3, 11, 17, 18, 19, 12][8, 26, 0, 25, 28][13, 6, 21][16, 7, 20][6, 15][6, 16][7, 25][22, 25][14, 20][18, 22] 
[5, 15, 2, 29, 27, 10][4, 14, 24, 1, 9, 23][3, 11, 17, 18, 19, 12][8, 26, 0, 25, 28][13, 6, 21][16, 7, 20][6, 15][6, 16][14, 20][7, 25][22, 25][18, 22] 
[5, 15, 2, 29, 27, 10][4, 14, 24, 1, 9, 23][3, 11, 17, 18, 19, 12][8, 26, 0, 25, 28][16, 6, 21][16, 7, 20][6, 13][6, 15][14, 20][7, 25][22, 25][18, 22] 
[4, 14, 24, 1, 9, 23][5, 15, 2, 29, 27, 10][3, 11, 17, 18, 19, 12][8, 26, 0, 25, 28][16, 6, 21][16, 7, 20][6, 13][14, 20][7, 25][22, 25][6, 15][18, 22] 
[5, 15, 2, 29, 27, 10][4, 14, 24, 1, 9, 23][3, 11, 17, 18, 19, 12][8, 26, 0, 25, 28][16, 6, 21][16, 7, 20][6, 13][6, 15][14, 20][7, 25][22, 25][18, 22] 
[5, 15, 2, 29, 27, 10][4, 14, 24, 1, 9, 23][3, 11, 17, 18, 19, 12][8, 26, 0, 25, 28][16, 6, 21][16, 7, 20][6, 13][6, 15][14, 20][7, 25][22, 25][18, 22] 
[5, 15, 2, 29, 27, 10][4, 14, 24, 1, 9, 23][3, 11, 17, 18, 19, 12][8, 26, 0, 25, 28][16, 6, 21][16, 7, 20][6, 13][6, 15][14, 20][7, 25][22, 25][18, 22] 
[5, 15, 2, 29, 27, 10][4, 14, 24, 1, 9, 23][3, 11, 17, 18, 19, 12][8, 26, 0, 25, 28][16, 6, 21][16, 7, 20][6, 13][6, 15][14, 20][7, 25][22, 25][18, 22] 
[4, 14, 24, 1, 9, 23][5, 15, 2, 29, 27, 10][3, 11, 17, 18, 19, 12][8, 26, 0, 25, 28][16, 6, 21][16, 7, 20][6, 13][14, 20][7, 25][22, 25][6, 15][18, 22] 
[4, 14, 24, 1, 9, 23][5, 15, 2, 29, 27, 10][3, 11, 17, 18, 19, 12][8, 26, 0, 25, 28][16, 6, 21][16, 7, 20][6, 13][14, 20][7, 25][22, 25][6, 15][18, 22] 
[4, 14, 24, 1, 9, 23][5, 15, 2, 29, 27, 10][3, 11, 17, 18, 19, 12][8, 26, 0, 25, 28][16, 6, 21][16, 7, 20][6, 13][14, 20][7, 25][22, 25][6, 15][18, 22] 
[4, 14, 24, 1, 9, 23][5, 15, 2, 29, 27, 10][3, 11, 17, 18, 19, 12][8, 26, 0, 25, 28][16, 6, 21][16, 7, 20][6, 13][14, 20][7, 25][22, 25][6, 15][18, 22] 
[4, 14, 24, 1, 9, 23][5, 15, 2, 29, 27, 10][3, 11, 17, 18, 19, 12][8, 26, 0, 25, 28][16, 6, 21][16, 7, 20][6, 13][14, 20][7, 25][22, 25][6, 15][18, 22] 
[5, 15, 2, 29, 27, 10][4, 14, 24, 1, 9, 23][3, 11, 17, 18, 19, 12][8, 26, 0, 25, 28][16, 7, 20][16, 6, 21][6, 13][6, 15][7, 25][14, 20][22, 25][18, 22] 
[5, 15, 2, 29, 27, 10][4, 14, 24, 1, 9, 23][3, 11, 17, 18, 19, 12][8, 26, 0, 25, 28][16, 7, 20][16, 6, 21][6, 13][6, 15][7, 25][14, 20][22, 25][18, 22] 
[4, 14, 24, 1, 9, 23][5, 15, 2, 29, 27, 10][3, 11, 17, 18, 19, 12][8, 26, 0, 25, 28][16, 6, 21][16, 7, 20][6, 13][14, 20][7, 25][22, 25][6, 15][18, 22] 
[4, 14, 24, 1, 9, 23][5, 15, 2, 29, 27, 10][3, 11, 17, 18, 19, 12][8, 26, 0, 25, 28][16, 6, 21][16, 7, 20][6, 13][14, 20][7, 25][22, 25][6, 15][18, 22] 
[5, 15, 2, 29, 27, 10, 21][4, 14, 24, 1, 9, 23][3, 11, 17, 18, 19, 12][8, 26, 0, 25, 28][16, 7, 20][13, 6, 16][7, 25][14, 20][22, 25][6, 15][10, 27][12, 22] 
[5, 15, 2, 29, 27, 10, 21][4, 14, 24, 1, 9, 23][3, 11, 17, 18, 19, 12][8, 26, 0, 25, 28][16, 7, 20][13, 6, 16][7, 25][14, 20][22, 25][6, 15][10, 27][12, 22] 
[5, 15, 2, 29, 27, 10, 21][4, 14, 24, 1, 9, 23][3, 11, 17, 18, 19, 12][8, 26, 0, 25, 28][16, 7, 20][13, 6, 16][14, 20][7, 25][6, 15][22, 25][12, 22][9, 23] 
[5, 15, 2, 29, 27, 10, 21][4, 14, 24, 1, 9, 23][3, 11, 17, 18, 19, 12][8, 26, 0, 25, 28][16, 7, 20][13, 6, 16][7, 25][14, 20][22, 25][6, 15][10, 27][12, 22] 
[5, 15, 2, 29, 27, 10, 21][4, 14, 24, 1, 9, 23][3, 11, 17, 18, 19, 12][8, 26, 0, 25, 28][16, 7, 20][13, 6, 16][7, 25][14, 20][22, 25][6, 15][10, 27][12, 22] 
[5, 15, 2, 29, 27, 10, 21][3, 11, 17, 18, 19, 12][4, 14, 24, 1, 9, 23][8, 26, 0, 25, 28][6, 16, 7, 20][22, 25][12, 22][13, 18][6, 13][6, 15][14, 20][10, 27] 
[5, 15, 2, 29, 27, 10][4, 14, 24, 1, 9, 23][3, 11, 17, 18, 19, 12][8, 26, 0, 25, 28][13, 6, 21][16, 7, 20][6, 15][6, 16][7, 25][22, 25][14, 20][18, 22] 
[5, 15, 2, 29, 27, 10][4, 14, 24, 1, 9, 23][3, 11, 17, 18, 19, 12][8, 26, 0, 25, 28][13, 6, 21][16, 7, 20][6, 15][6, 16][7, 25][22, 25][14, 20][18, 22] 
[5, 15, 2, 29, 27, 10][4, 14, 24, 1, 9, 23][3, 11, 17, 18, 19, 12][8, 26, 0, 25, 28][13, 6, 21][16, 7, 20][6, 15][6, 16][7, 25][22, 25][14, 20][18, 22] 
[5, 15, 2, 29, 27, 10][4, 14, 24, 1, 9, 23][3, 11, 17, 18, 19, 12][8, 26, 0, 25, 28][13, 6, 21][16, 7, 20][6, 15][6, 16][7, 25][22, 25][14, 20][18, 22] 
[5, 15, 2, 29, 27, 10][4, 14, 24, 1, 9, 23][3, 11, 17, 18, 19, 12][8, 26, 0, 25, 28][16, 7, 20][13, 6, 21][6, 16][7, 25][22, 25][6, 15][14, 20][18, 22] 
[3, 11, 17, 18, 19, 12][4, 14, 24, 1, 9, 23][5, 15, 2, 29, 27, 10][8, 26, 0, 25, 28][16, 7, 20][16, 6, 21][18, 22][22, 25][7, 25][14, 20][6, 15][6, 13] 
[5, 15, 2, 29, 27, 10][4, 14, 24, 1, 9, 23][3, 11, 17, 18, 19, 12][8, 26, 0, 25, 28][13, 6, 21][16, 7, 20][6, 15][6, 16][7, 25][22, 25][14, 20][18, 22] 
