[2, 27, 7, 4, 20, 23][13, 6, 5, 21, 10, 29][9, 1, 3, 14, 24][17, 22, 0, 18, 19][3, 11, 25][15, 16, 28][12, 8, 26][25, 28][14, 23][7, 10][17, 28][12, 17] 
[2, 27, 7, 4, 20, 23][13, 6, 5, 21, 10, 29][9, 1, 3, 14, 24][17, 22, 0, 18, 19][3, 11, 25][15, 16, 28][12, 8, 26][25, 28][14, 23][7, 10][17, 28][12, 17] 
[2, 27, 7, 4, 20, 23][13, 6, 5, 21, 10, 29][17, 22, 0, 18, 19][9, 1, 3, 14, 24][8, 12, 0, 26][15, 16, 28][17, 28][25, 28][11, 25][3, 11][14, 23][7, 10] 
[2, 27, 7, 4, 20, 23][13, 6, 5, 21, 10, 29][17, 22, 0, 18, 19][9, 1, 3, 14, 24][8, 12, 0, 26][15, 16, 28][17, 28][25, 28][11, 25][3, 11][14, 23][7, 10] 
[2, 27, 7, 4, 20, 23][13, 6, 5, 21, 10, 29][9, 1, 3, 14, 24][17, 22, 0, 18, 19][3, 11, 25][15, 16, 28][12, 8, 26][14, 23][7, 10][25, 28][17, 28][0, 12] 
[2, 27, 7, 4, 20, 23][13, 6, 5, 21, 10, 29][17, 22, 0, 18, 19][9, 1, 3, 14, 24][12, 8, 26][15, 16, 28][3, 11, 25][0, 12][17, 28][25, 28][14, 23][7, 10] 
[2, 27, 7, 4, 20, 23][13, 6, 5, 21, 10, 29][17, 22, 0, 18, 19][9, 1, 3, 14, 24][8, 12, 0, 26][15, 16, 28][17, 28][25, 28][11, 25][3, 11][14, 23][7, 10] 
[2, 27, 7, 4, 20, 23][13, 6, 5, 21, 10, 29][9, 1, 3, 14, 24][17, 22, 0, 18, 19][3, 11, 25][15, 16, 28][12, 8, 26][14, 23][7, 10][25, 28][17, 28][0, 12] 
[2, 27, 7, 4, 20, 23][13, 6, 5, 21, 10, 29][17, 22, 0, 18, 19][9, 1, 3, 14, 24][12, 8, 26][15, 16, 28][3, 11, 25][0, 12][17, 28][25, 28][14, 23][7, 10] 
[2, 27, 7, 4, 20, 23][13, 6, 5, 21, 10, 29][17, 22, 0, 18, 19][9, 1, 3, 14, 24][12, 8, 26][15, 16, 28][3, 11, 25][0, 12][17, 28][25, 28][14, 23][7, 10] 
[2, 27, 7, 4, 20, 23][13, 6, 5, 21, 10, 29][9, 1, 3, 14, 24][17, 22, 0, 18, 19][3, 11, 25][15, 16, 28][12, 8, 26][7, 10][14, 23][25, 28][17, 28][12, 17] 
[2, 27, 7, 4, 20, 23][13, 6, 5, 21, 10, 29][9, 1, 3, 14, 24][17, 22, 0, 18, 19][15, 16, 28][3, 11, 25][12, 8, 26][17, 28][12, 17][25, 28][14, 23][7, 10] 
[2, 27, 7, 4, 20, 23][13, 6, 5, 21, 10, 29][17, 22, 0, 18, 19][9, 1, 3, 14, 24][8, 12, 0, 26][15, 16, 28][17, 28][25, 28][11, 25][3, 11][14, 23][7, 10] 
[2, 27, 7, 4, 20, 23][13, 6, 5, 21, 10, 29][17, 22, 0, 18, 19][9, 1, 3, 14, 24][12, 8, 26][15, 16, 28][3, 11, 25][0, 12][17, 28][25, 28][14, 23][7, 10] 
[2, 27, 7, 4, 20, 23][13, 6, 5, 21, 10, 29][17, 22, 0, 18, 19][9, 1, 3, 14, 24][12, 8, 26][15, 16, 28][3, 11, 25][0, 12][17, 28][25, 28][14, 23][7, 10] 
[2, 27, 7, 4, 20, 23][13, 6, 5, 21, 10, 29][17, 22, 0, 18, 19][9, 1, 3, 14, 24][15, 16, 28][3, 11, 25][12, 8, 26][17, 28][0, 12][25, 28][14, 23][7, 10] 
[2, 27, 7, 4, 20, 23][13, 6, 5, 21, 10, 29][9, 1, 3, 14, 24][17, 22, 0, 18, 19][15, 16, 28][3, 11, 25][12, 8, 26][17, 28][12, 17][25, 28][14, 23][7, 10] 
[2, 27, 7, 4, 20, 23][13, 6, 5, 21, 10, 29][9, 1, 3, 14, 24][17, 22, 0, 18, 19][15, 16, 28][3, 11, 25][12, 8, 26][17, 28][12, 17][25, 28][14, 23][7, 10] 
[2, 27, 7, 4, 20, 23][13, 6, 5, 21, 10, 29][17, 22, 0, 18, 19][9, 1, 3, 14, 24][12, 8, 26][15, 16, 28][3, 11, 25][0, 12][17, 28][25, 28][14, 23][7, 10] 
[2, 27, 7, 4, 20, 23][13, 6, 5, 21, 10, 29][9, 1, 3, 14, 24][17, 22, 0, 18, 19][15, 16, 28][3, 11, 25][12, 8, 26][17, 28][12, 17][25, 28][14, 23][7, 10] 
[2, 27, 7, 4, 20, 23][13, 6, 5, 21, 10, 29][9, 1, 3, 14, 24][17, 22, 0, 18, 19][3, 11, 25][15, 16, 28][12, 8, 26][7, 10][14, 23][25, 28][17, 28][12, 17] 
[2, 27, 7, 4, 20, 23][13, 6, 5, 21, 10, 29][17, 22, 0, 18, 19][9, 1, 3, 14, 24][15, 16, 28][3, 11, 25][12, 8, 26][17, 28][25, 28][14, 23][7, 10][12, 17] 
[2, 27, 7, 4, 20, 23][13, 6, 5, 21, 10, 29][9, 1, 3, 14, 24][17, 22, 0, 18, 19][8, 12, 0, 26][15, 16, 28][14, 23][7, 10][3, 11][11, 25][25, 28][17, 28] 
[2, 27, 7, 4, 20, 23][13, 6, 5, 21, 10, 29][17, 22, 0, 18, 19][9, 1, 3, 14, 24][12, 8, 26][15, 16, 28][3, 11, 25][0, 12][17, 28][25, 28][14, 23][7, 10] 
[2, 27, 7, 4, 20, 23][13, 6, 5, 21, 10, 29][17, 22, 0, 18, 19][9, 1, 3, 14, 24][12, 8, 26][15, 16, 28][3, 11, 25][0, 12][17, 28][25, 28][14, 23][7, 10] 
[2, 27, 7, 4, 20, 23][13, 6, 5, 21, 10, 29][17, 22, 0, 18, 19][9, 1, 3, 14, 24][15, 16, 28][12, 8, 26][3, 11, 25][17, 28][0, 12][25, 28][14, 23][7, 10] 
[2, 27, 7, 4, 20, 23][13, 6, 5, 21, 10, 29][9, 1, 3, 14, 24][17, 22, 0, 18, 19][15, 16, 28][3, 11, 25][12, 8, 26][17, 28][12, 17][25, 28][14, 23][7, 10] 
[13, 6, 5, 21, 10, 29][2, 27, 7, 4, 20, 23][9, 1, 3, 14, 24][17, 22, 0, 18, 19][3, 11, 25][15, 16, 28][12, 8, 26][7, 10][14, 23][25, 28][17, 28][12, 17] 
[2, 27, 7, 4, 20, 23][13, 6, 5, 21, 10, 29][17, 22, 0, 18, 19][9, 1, 3, 14, 24][15, 16, 28][3, 11, 25][12, 8, 26][17, 28][0, 12][25, 28][14, 23][7, 10] 
[2, 27, 7, 4, 20, 23][13, 6, 5, 21, 10, 29][9, 1, 3, 14, 24][17, 22, 0, 18, 19][15, 16, 28][3, 11, 25][12, 8, 26][17, 28][12, 17][25, 28][14, 23][7, 10] 
[2, 27, 7, 4, 20, 23][13, 6, 5, 21, 10, 29][9, 1, 3, 14, 24][17, 22, 0, 18, 19][15, 16, 28][3, 11, 25][12, 8, 26][17, 28][12, 17][25, 28][14, 23][7, 10] 
[2, 27, 7, 4, 20, 23][13, 6, 5, 21, 10, 29][9, 1, 3, 14, 24][17, 22, 0, 18, 19][15, 16, 28][3, 11, 25][12, 8, 26][17, 28][12, 17][25, 28][14, 23][7, 10] 
[2, 27, 7, 4, 20, 23][13, 6, 5, 21, 10, 29][17, 22, 0, 18, 19][9, 1, 3, 14, 24][12, 8, 26][15, 16, 28][3, 11, 25][0, 12][17, 28][25, 28][14, 23][7, 10] 
[2, 27, 7, 4, 20, 23][13, 6, 5, 21, 10, 29][9, 1, 3, 14, 24][17, 22, 0, 18, 19][15, 16, 28][3, 11, 25][12, 8, 26][17, 28][12, 17][25, 28][14, 23][7, 10] 
[13, 6, 5, 21, 10, 29][2, 27, 7, 4, 20, 23][9, 1, 3, 14, 24][17, 22, 0, 18, 19][3, 11, 25][15, 16, 28][12, 8, 26][7, 10][14, 23][25, 28][17, 28][12, 17] 
[20, 24, 1, 9, 14, 23, 4, 7, 27, 10, 29, 2, 21][5, 15, 16, 28, 25, 22, 0, 13, 6, 10][19, 18, 0, 22, 17, 12, 8, 26][25, 28][16, 28][11, 25][16, 28][16, 28][25, 28][14, 23][3, 11][10, 29] 
[20, 24, 1, 9, 14, 23, 4, 7, 27, 10, 29, 2, 21][5, 15, 16, 28, 25, 22, 0, 13, 6, 10][19, 18, 0, 22, 17, 12, 8, 26][25, 28][16, 28][11, 25][16, 28][16, 28][25, 28][14, 23][3, 11][10, 29] 
[20, 24, 1, 9, 14, 23, 4, 7, 27, 10, 29, 2, 21][5, 15, 16, 28, 25, 22, 0, 13, 6, 10][19, 18, 0, 22, 17, 12, 8, 26][25, 28][16, 28][11, 25][16, 28][16, 28][25, 28][14, 23][3, 11][10, 29] 
[20, 24, 1, 9, 14, 23, 4, 7, 27, 10, 29, 2, 21][5, 15, 16, 28, 25, 22, 0, 13, 6][19, 18, 0, 22, 17, 12, 8, 26][3, 11, 25][16, 28][3, 9][16, 28][1, 9][25, 28][2, 29][25, 28][16, 28] 
[20, 24, 1, 9, 14, 23, 4, 7, 27, 10, 29, 2, 21][5, 15, 16, 28, 25, 22, 0, 13, 6][19, 18, 0, 22, 17, 12, 8, 26][3, 11, 25][16, 28][3, 9][16, 28][1, 9][25, 28][2, 29][25, 28][16, 28] 
[20, 24, 1, 9, 14, 23, 4, 7, 27, 10, 29, 2, 21][5, 15, 16, 28, 25, 22, 0, 13, 6][19, 18, 0, 22, 17, 12, 8, 26][3, 11, 25][16, 28][3, 9][16, 28][1, 9][25, 28][2, 29][25, 28][16, 28] 
[20, 24, 1, 9, 14, 23, 4, 7, 27, 10, 29, 2, 21][5, 15, 16, 28, 25, 22, 0, 13, 6, 10][19, 18, 0, 22, 17, 12, 8, 26][25, 28][16, 28][11, 25][16, 28][16, 28][25, 28][14, 23][3, 11][10, 29] 
[20, 24, 1, 9, 14, 23, 4, 7, 27, 10, 29, 2, 21][5, 15, 16, 28, 25, 22, 0, 13, 6, 10][19, 18, 0, 22, 17, 12, 8, 26][25, 28][16, 28][11, 25][16, 28][16, 28][25, 28][14, 23][3, 11][10, 29] 
[20, 24, 1, 9, 14, 23, 4, 7, 27, 10, 29, 2, 21][5, 15, 16, 28, 25, 22, 0, 13, 6][19, 18, 0, 22, 17, 12, 8, 26][3, 11, 25][16, 28][3, 9][16, 28][1, 9][25, 28][2, 29][25, 28][16, 28] 
[20, 24, 1, 9, 14, 23, 4, 7, 27, 10, 29, 2, 21][5, 15, 16, 28, 25, 22, 0, 13, 6, 10][19, 18, 0, 22, 17, 12, 8, 26][25, 28][16, 28][11, 25][16, 28][16, 28][25, 28][14, 23][3, 11][10, 29] 
[20, 24, 1, 9, 14, 23, 4, 7, 27, 10, 29, 2, 21][5, 15, 16, 28, 25, 22, 0, 13, 6, 10][19, 18, 0, 22, 17, 12, 8, 26][25, 28][16, 28][11, 25][16, 28][16, 28][25, 28][14, 23][3, 11][10, 29] 
[20, 24, 1, 9, 14, 23, 4, 7, 27, 10, 29, 2, 21][5, 15, 16, 28, 25, 22, 0, 13, 6, 10][19, 18, 0, 22, 17, 12, 8, 26][25, 28][16, 28][11, 25][16, 28][16, 28][25, 28][14, 23][3, 11][10, 29] 
[20, 24, 1, 9, 14, 23, 4, 7, 27, 10, 29, 2, 21][5, 15, 16, 28, 25, 22, 0, 13, 6][19, 18, 0, 22, 17, 12, 8, 26][3, 11, 25][16, 28][3, 9][16, 28][1, 9][25, 28][2, 29][25, 28][16, 28] 
[20, 24, 1, 9, 14, 23, 4, 7, 27, 10, 29, 2, 21][5, 15, 16, 28, 25, 22, 0, 13, 6, 10][19, 18, 0, 22, 17, 12, 8, 26][25, 28][16, 28][11, 25][16, 28][16, 28][25, 28][14, 23][3, 11][10, 29] 
[20, 24, 1, 9, 14, 23, 4, 7, 27, 10, 29, 2, 21][5, 15, 16, 28, 25, 22, 0, 13, 6, 10][19, 18, 0, 22, 17, 12, 8, 26][25, 28][16, 28][11, 25][16, 28][16, 28][25, 28][14, 23][3, 11][10, 29] 
[20, 24, 1, 9, 14, 23, 4, 7, 27, 10, 29, 2, 21][5, 15, 16, 28, 25, 22, 0, 13, 6, 10][0, 26, 8, 19, 18, 17, 11][3, 11][12, 18][25, 28][25, 28][16, 28][14, 23][14, 23][16, 28][16, 28] 
[20, 24, 1, 9, 14, 23, 4, 7, 27, 10, 29, 2, 21][5, 15, 16, 28, 25, 22, 0, 13, 6, 10][0, 26, 8, 19, 18, 17, 11][3, 11][12, 18][25, 28][25, 28][16, 28][14, 23][14, 23][16, 28][16, 28] 
[5, 21, 2, 29, 10, 27, 7, 4, 23, 14, 9, 1, 24, 20][6, 13, 0, 26, 8, 19, 18, 17, 11][0, 22, 25, 28, 16, 15, 5][16, 28][12, 18][3, 11][25, 28][16, 28][25, 28][2, 29][25, 28][14, 23] 
[20, 24, 1, 9, 14, 23, 4, 7, 27, 10, 29, 2, 21][5, 15, 16, 28, 25, 22, 0, 13, 6, 10][0, 26, 8, 19, 18, 17, 11][3, 11][12, 18][25, 28][25, 28][16, 28][14, 23][14, 23][16, 28][16, 28] 
[20, 24, 1, 9, 14, 23, 4, 7, 27, 10, 29, 2, 21][5, 15, 16, 28, 25, 22, 0, 13, 6, 10][0, 26, 8, 19, 18, 17, 11][3, 11][12, 18][25, 28][25, 28][16, 28][14, 23][14, 23][16, 28][16, 28] 
[5, 21, 2, 29, 10, 27, 7, 4, 23, 14, 9, 1, 24, 20][5, 15, 16, 28, 25, 22, 0, 13, 6, 10][6, 13, 0, 26, 8, 19, 18, 17, 11][16, 28][12, 18][3, 11][25, 28][16, 28][25, 28][2, 29][25, 28][14, 23] 
[2, 27, 7, 4, 20, 23][13, 6, 5, 21, 10, 29][9, 1, 3, 14, 24][19, 18, 0, 22][17, 12, 8, 26][15, 16, 28][3, 11, 25][0, 12][17, 28][25, 28][14, 23][7, 10] 
[13, 6, 5, 21, 10, 29][2, 27, 7, 4, 20, 23][9, 1, 3, 14, 24][17, 12, 8, 26][19, 18, 0, 22][3, 11, 25][15, 16, 28][7, 10][14, 23][25, 28][17, 28][0, 12] 
[2, 27, 7, 4, 20, 23][13, 6, 5, 21, 10, 29][9, 1, 3, 14, 24][19, 18, 0, 22][17, 12, 8, 26][15, 16, 28][3, 11, 25][0, 12][17, 28][25, 28][14, 23][7, 10] 
[2, 27, 7, 4, 20, 23][13, 6, 5, 21, 10, 29][9, 1, 3, 14, 24][19, 18, 0, 22][17, 12, 8, 26][15, 16, 28][3, 11, 25][0, 12][17, 28][25, 28][14, 23][7, 10] 
[2, 27, 7, 4, 20, 23][13, 6, 5, 21, 10, 29][9, 1, 3, 14, 24][19, 18, 0, 22][17, 12, 8, 26][15, 16, 28][3, 11, 25][0, 12][17, 28][25, 28][14, 23][7, 10] 
[13, 6, 5, 21, 10, 29][2, 27, 7, 4, 20, 23][9, 1, 3, 14, 24][17, 12, 8, 26][19, 18, 0, 22][3, 11, 25][15, 16, 28][7, 10][14, 23][25, 28][17, 28][0, 12] 
[2, 27, 7, 4, 20, 23][13, 6, 5, 21, 10, 29][9, 1, 3, 14, 24][19, 18, 0, 22][17, 12, 8, 26][15, 16, 28][3, 11, 25][0, 12][17, 28][25, 28][14, 23][7, 10] 
[2, 27, 7, 4, 20, 23][13, 6, 5, 21, 10, 29][9, 1, 3, 14, 24][19, 18, 0, 22][17, 12, 8, 26][15, 16, 28][3, 11, 25][0, 12][17, 28][25, 28][14, 23][7, 10] 
[2, 27, 7, 4, 20, 23][13, 6, 5, 21, 10, 29][9, 1, 3, 14, 24][19, 18, 0, 22][17, 12, 8, 26][15, 16, 28][3, 11, 25][0, 12][17, 28][25, 28][14, 23][7, 10] 
[2, 27, 7, 4, 20, 23][13, 6, 5, 21, 10, 29][9, 1, 3, 14, 24][19, 18, 0, 22][17, 12, 8, 26][15, 16, 28][3, 11, 25][0, 12][17, 28][25, 28][14, 23][7, 10] 
[13, 6, 5, 21, 10, 29][2, 27, 7, 4, 20, 23][9, 1, 3, 14, 24][17, 12, 8, 26][19, 18, 0, 22][3, 11, 25][15, 16, 28][7, 10][14, 23][25, 28][17, 28][0, 12] 
[2, 27, 7, 4, 20, 23][13, 6, 5, 21, 10, 29][9, 1, 3, 14, 24][19, 18, 0, 22][17, 12, 8, 26][15, 16, 28][3, 11, 25][0, 12][17, 28][25, 28][14, 23][7, 10] 
[2, 27, 7, 4, 20, 23][13, 6, 5, 21, 10, 29][9, 1, 3, 14, 24][19, 18, 0, 22][17, 12, 8, 26][15, 16, 28][3, 11, 25][0, 12][17, 28][25, 28][14, 23][7, 10] 
[2, 27, 7, 4, 20, 23][13, 6, 5, 21, 10, 29][9, 1, 3, 14, 24][19, 18, 0, 22][17, 12, 8, 26][15, 16, 28][3, 11, 25][0, 12][17, 28][25, 28][14, 23][7, 10] 
[2, 27, 7, 4, 20, 23][13, 6, 5, 21, 10, 29][9, 1, 3, 14, 24][19, 18, 0, 22][17, 12, 8, 26][15, 16, 28][3, 11, 25][0, 12][17, 28][25, 28][14, 23][7, 10] 
[2, 27, 7, 4, 20, 23][13, 6, 5, 21, 10, 29][9, 1, 3, 14, 24][17, 22, 0, 18, 19][15, 16, 28][3, 11, 25][12, 8, 26][17, 28][12, 17][25, 28][14, 23][7, 10] 
[2, 27, 7, 4, 20, 23][13, 6, 5, 21, 10, 29][17, 22, 0, 18, 19][9, 1, 3, 14, 24][12, 8, 26][15, 16, 28][3, 11, 25][12, 17][17, 28][25, 28][14, 23][7, 10] 
[2, 27, 7, 4, 20, 23][13, 6, 5, 21, 10, 29][9, 1, 3, 14, 24][17, 22, 0, 18, 19][3, 11, 25][15, 16, 28][12, 8, 26][14, 23][25, 28][17, 28][7, 10][12, 17] 
[2, 27, 7, 4, 20, 23][13, 6, 5, 21, 10, 29][9, 1, 3, 14, 24][17, 22, 0, 18, 19][15, 16, 28][3, 11, 25][12, 8, 26][17, 28][12, 17][25, 28][14, 23][7, 10] 
[2, 27, 7, 4, 20, 23][13, 6, 5, 21, 10, 29][9, 1, 3, 14, 24][17, 22, 0, 18, 19][15, 16, 28][3, 11, 25][12, 8, 26][17, 28][12, 17][25, 28][14, 23][7, 10] 
[19, 18, 0, 22, 17, 12, 8, 26][13, 6, 5, 21, 10, 29][2, 27, 7, 4, 20, 23][9, 3, 11, 25][15, 16, 28][7, 10][14, 23][1, 24][1, 9][25, 28][17, 28][14, 24] 
[2, 27, 7, 4, 20, 23][13, 6, 5, 21, 10, 29][9, 1, 3, 14, 24][19, 18, 0, 22][17, 12, 8, 26][15, 16, 28][3, 11, 25][0, 12][17, 28][25, 28][14, 23][7, 10] 
[2, 27, 7, 4, 20, 23][13, 6, 5, 21, 10, 29][9, 1, 3, 14, 24][19, 18, 0, 22][17, 12, 8, 26][15, 16, 28][3, 11, 25][0, 12][17, 28][25, 28][14, 23][7, 10] 
[2, 27, 7, 4, 20, 23][13, 6, 5, 21, 10, 29][9, 1, 3, 14, 24][19, 18, 0, 22][17, 12, 8, 26][15, 16, 28][3, 11, 25][0, 12][17, 28][25, 28][14, 23][7, 10] 
[2, 27, 7, 4, 20, 23][13, 6, 5, 21, 10, 29][9, 1, 3, 14, 24][19, 18, 0, 22][17, 12, 8, 26][15, 16, 28][3, 11, 25][0, 12][17, 28][25, 28][14, 23][7, 10] 
[2, 27, 7, 4, 20, 23][13, 6, 5, 21, 10, 29][9, 1, 3, 14, 24][19, 18, 0, 22][17, 12, 8, 26][15, 16, 28][3, 11, 25][0, 12][17, 28][25, 28][14, 23][7, 10] 
[2, 27, 7, 4, 20, 23][13, 6, 5, 21, 10, 29][9, 1, 3, 14, 24][17, 12, 8, 26][19, 18, 0, 22][3, 11, 25][15, 16, 28][14, 23][25, 28][17, 28][17, 22][7, 10] 
[2, 27, 7, 4, 20, 23][13, 6, 5, 21, 10, 29][9, 1, 3, 14, 24][19, 18, 0, 22][17, 12, 8, 26][15, 16, 28][3, 11, 25][0, 12][17, 28][25, 28][14, 23][7, 10] 
[2, 27, 7, 4, 20, 23][13, 6, 5, 21, 10, 29][9, 1, 3, 14, 24][17, 22, 0, 18, 19][15, 16, 28][3, 11, 25][12, 8, 26][17, 28][12, 17][25, 28][14, 23][7, 10] 
[2, 27, 7, 4, 20, 23][13, 6, 5, 21, 10, 29][17, 22, 0, 18, 19][9, 1, 3, 14, 24][15, 16, 28][3, 11, 25][12, 8, 26][17, 28][25, 28][14, 23][7, 10][12, 17] 
[2, 27, 7, 4, 20, 23][13, 6, 5, 21, 10, 29][17, 22, 0, 18, 19][9, 1, 3, 14, 24][12, 8, 26][15, 16, 28][3, 11, 25][12, 17][17, 28][25, 28][14, 23][7, 10] 
[2, 27, 7, 4, 20, 23][13, 6, 5, 21, 10, 29][9, 1, 3, 14, 24][17, 22, 0, 18, 19][3, 11, 25][15, 16, 28][12, 8, 26][14, 23][25, 28][17, 28][7, 10][12, 17] 
[2, 27, 7, 4, 20, 23][13, 6, 5, 21, 10, 29][9, 1, 3, 14, 24][17, 22, 0, 18, 19][3, 11, 25][15, 16, 28][12, 8, 26][14, 23][7, 10][25, 28][17, 28][12, 17] 
[2, 27, 7, 4, 20, 23][13, 6, 5, 21, 10, 29][9, 1, 3, 14, 24][17, 22, 0, 18, 19][3, 11, 25][15, 16, 28][12, 8, 26][14, 23][7, 10][25, 28][17, 28][12, 17] 
[2, 27, 7, 4, 20, 23][13, 6, 5, 21, 10, 29][9, 1, 3, 14, 24][17, 22, 0, 18, 19][15, 16, 28][3, 11, 25][12, 8, 26][17, 28][12, 17][25, 28][14, 23][7, 10] 
[2, 27, 7, 4, 20, 23][13, 6, 5, 21, 10, 29][17, 22, 0, 18, 19][9, 1, 3, 14, 24][15, 16, 28][3, 11, 25][12, 8, 26][17, 28][25, 28][14, 23][7, 10][12, 17] 
[2, 27, 7, 4, 20, 23][13, 6, 5, 21, 10, 29][9, 1, 3, 14, 24][17, 22, 0, 18, 19][15, 16, 28][3, 11, 25][12, 8, 26][17, 28][12, 17][25, 28][14, 23][7, 10] 
[2, 27, 7, 4, 20, 23][13, 6, 5, 21, 10, 29][17, 22, 0, 18, 19][9, 1, 3, 14, 24][15, 16, 28][3, 11, 25][12, 8, 26][17, 28][25, 28][14, 23][7, 10][12, 17] 
[2, 27, 7, 4, 20, 23][13, 6, 5, 21, 10, 29][9, 1, 3, 14, 24][17, 22, 0, 18, 19][15, 16, 28][3, 11, 25][12, 8, 26][17, 28][12, 17][25, 28][14, 23][7, 10] 
[13, 6, 5, 21, 10, 29][2, 27, 7, 4, 20, 23][9, 1, 3, 14, 24][17, 22, 0, 18, 19][3, 11, 25][15, 16, 28][12, 8, 26][7, 10][14, 23][25, 28][17, 28][12, 17] 
[13, 6, 5, 21, 10, 29][2, 27, 7, 4, 20, 23][9, 1, 3, 14, 24][17, 22, 0, 18, 19][3, 11, 25][15, 16, 28][12, 8, 26][7, 10][14, 23][25, 28][17, 28][12, 17] 
[2, 27, 7, 4, 20, 23][13, 6, 5, 21, 10, 29][9, 1, 3, 14, 24][17, 22, 0, 18, 19][15, 16, 28][3, 11, 25][12, 8, 26][17, 28][12, 17][25, 28][14, 23][7, 10] 
[2, 27, 7, 4, 20, 23][13, 6, 5, 21, 10, 29][9, 1, 3, 14, 24][17, 22, 0, 18, 19][15, 16, 28][3, 11, 25][12, 8, 26][17, 28][12, 17][25, 28][14, 23][7, 10] 
[19, 18, 0, 22, 17, 12, 8, 26][2, 27, 7, 4, 20, 23][13, 6, 5, 21, 10, 29][1, 3, 14, 24][3, 11, 25][15, 16, 28][14, 23][25, 28][7, 10][1, 9][17, 28][12, 17] 
[19, 18, 0, 22, 17, 12, 8, 26][2, 27, 7, 4, 20, 23][13, 6, 5, 21, 10, 29][1, 3, 14, 24][3, 11, 25][15, 16, 28][14, 23][25, 28][7, 10][1, 9][17, 28][12, 17] 
[19, 18, 0, 22, 17, 12, 8, 26][2, 27, 7, 4, 20, 23][13, 6, 5, 21, 10, 29][1, 3, 14, 24][3, 11, 25][15, 16, 28][14, 23][25, 28][7, 10][1, 9][17, 28][12, 17] 
[19, 18, 0, 22, 17, 12, 8, 26][2, 27, 7, 4, 20, 23][13, 6, 5, 21, 10, 29][1, 3, 14, 24][3, 11, 25][15, 16, 28][14, 23][25, 28][7, 10][1, 9][17, 28][12, 17] 
[19, 18, 0, 22, 17, 12, 8, 26][2, 27, 7, 4, 20, 23][13, 6, 5, 21, 10, 29][1, 3, 14, 24][3, 11, 25][15, 16, 28][14, 23][25, 28][7, 10][1, 9][17, 28][12, 17] 
[19, 18, 0, 22, 17, 12, 8, 26][2, 27, 7, 4, 20, 23][13, 6, 5, 21, 10, 29][9, 1, 3, 14, 24][9, 3, 11, 25][15, 16, 28][14, 23][25, 28][7, 10][17, 28][17, 22][0, 22] 
[2, 27, 7, 4, 20, 23][13, 6, 5, 21, 10, 29][9, 1, 3, 14, 24][19, 18, 0, 22][17, 12, 8, 26][15, 16, 28][3, 11, 25][0, 12][17, 28][25, 28][14, 23][7, 10] 
[2, 27, 7, 4, 20, 23][13, 6, 5, 21, 10, 29][9, 1, 3, 14, 24][19, 18, 0, 22][17, 12, 8, 26][15, 16, 28][3, 11, 25][0, 12][17, 28][25, 28][14, 23][7, 10] 
[13, 6, 5, 21, 10, 29][2, 27, 7, 4, 20, 23][9, 1, 3, 14, 24][17, 12, 8, 26][19, 18, 0, 22][3, 11, 25][15, 16, 28][7, 10][14, 23][25, 28][17, 28][0, 12] 
[2, 27, 7, 4, 20, 23][13, 6, 5, 21, 10, 29][9, 1, 3, 14, 24][19, 18, 0, 22][17, 12, 8, 26][15, 16, 28][3, 11, 25][0, 12][17, 28][25, 28][14, 23][7, 10] 
[2, 27, 7, 4, 20, 23][13, 6, 5, 21, 10, 29][9, 1, 3, 14, 24][19, 18, 0, 22][17, 12, 8, 26][15, 16, 28][3, 11, 25][0, 12][17, 28][25, 28][14, 23][7, 10] 
[2, 27, 7, 4, 20, 23][13, 6, 5, 21, 10, 29][9, 1, 3, 14, 24][17, 22, 0, 18, 19][15, 16, 28][3, 11, 25][12, 8, 26][17, 28][12, 17][25, 28][14, 23][7, 10] 
[2, 27, 7, 4, 20, 23][13, 6, 5, 21, 10, 29][9, 1, 3, 14, 24][19, 18, 0, 22][17, 12, 8, 26][15, 16, 28][3, 11, 25][0, 12][17, 28][25, 28][14, 23][7, 10] 
