[8, 19, 12, 18, 22][2, 29, 15, 6, 13][11, 17, 0, 26][4, 24, 7, 28][3, 1, 23, 9][5, 21, 10, 27][14, 11, 25][14, 7, 16][23, 20, 24][17, 22][16, 27][10, 15] 
[2, 29, 15, 6, 13][8, 19, 12, 18, 22][4, 24, 7, 28][3, 1, 23, 9][11, 17, 0, 26][5, 21, 10, 27][23, 20, 24][14, 7, 16][14, 11, 25][16, 27][10, 15][17, 22] 
[8, 19, 12, 18, 22][2, 29, 15, 6, 13][11, 17, 0, 26][4, 24, 7, 28][9, 3, 1, 23][5, 21, 10, 27][14, 11, 25][14, 7, 16][23, 20, 24][17, 22][16, 27][10, 15] 
[2, 29, 15, 6, 13][8, 12, 18, 22, 19][5, 21, 10, 27][4, 24, 7, 28][14, 23, 20, 24][9, 3, 1, 23][11, 17, 0, 26][14, 11, 25][10, 15][16, 27][7, 16][17, 22] 
[8, 19, 12, 18, 22][2, 29, 15, 6, 13][5, 21, 10, 27][4, 24, 7, 28][9, 3, 1, 23][11, 17, 0, 26][14, 7, 16][23, 20, 24][14, 11, 25][16, 27][17, 22][10, 15] 
[8, 19, 12, 18, 22][2, 29, 15, 6, 13][4, 24, 7, 28][9, 3, 1, 23][11, 17, 0, 26][5, 21, 10, 27][14, 7, 16][23, 20, 24][14, 11, 25][17, 22][16, 27][10, 15] 
[2, 29, 15, 6, 13][8, 19, 12, 18, 22][5, 21, 10, 27][4, 24, 7, 28][9, 3, 1, 23][11, 17, 0, 26][14, 7, 16][23, 20, 24][14, 11, 25][10, 15][16, 27][17, 22] 
[2, 29, 15, 6, 13][8, 19, 12, 18, 22][11, 17, 0, 26][4, 24, 7, 28][9, 3, 1, 23][5, 21, 10, 27][14, 11, 25][14, 7, 16][23, 20, 24][17, 22][16, 27][10, 15] 
[8, 19, 12, 18, 22][2, 29, 15, 6, 13][11, 17, 0, 26][4, 24, 7, 28][9, 3, 1, 23][5, 21, 10, 27][14, 11, 25][14, 7, 16][23, 20, 24][17, 22][16, 27][10, 15] 
[2, 29, 15, 6, 13][8, 12, 18, 22, 19][5, 21, 10, 27][4, 24, 7, 28][11, 17, 0, 26][9, 3, 1, 23][14, 7, 16][14, 11, 25][23, 20, 24][10, 15][16, 27][17, 22] 
[8, 19, 12, 18, 22][2, 29, 15, 6, 13][11, 17, 0, 26][4, 24, 7, 28][3, 1, 23, 9][5, 21, 10, 27][14, 11, 25][14, 7, 16][23, 20, 24][17, 22][16, 27][10, 15] 
[2, 29, 15, 6, 13][8, 19, 12, 18, 22][5, 21, 10, 27][4, 24, 7, 28][11, 17, 0, 26][3, 1, 23, 9][14, 7, 16][14, 11, 25][23, 20, 24][10, 15][16, 27][17, 22] 
[2, 29, 15, 6, 13][8, 19, 12, 18, 22][5, 21, 10, 27][4, 24, 7, 28][9, 3, 1, 23][11, 17, 0, 26][14, 7, 16][23, 20, 24][14, 11, 25][10, 15][16, 27][17, 22] 
[2, 29, 15, 6, 13][8, 19, 12, 18, 22][5, 21, 10, 27][4, 24, 7, 28][11, 17, 0, 26][9, 3, 1, 23][14, 7, 16][14, 11, 25][23, 20, 24][10, 15][16, 27][17, 22] 
[8, 19, 12, 18, 22][2, 29, 15, 6, 13][11, 17, 0, 26][4, 24, 7, 28][9, 3, 1, 23][5, 21, 10, 27][14, 11, 25][14, 7, 16][23, 20, 24][17, 22][16, 27][10, 15] 
[8, 19, 12, 18, 22][2, 29, 15, 6, 13][4, 24, 7, 28][9, 3, 1, 23][11, 17, 0, 26][5, 21, 10, 27][23, 20, 24][14, 7, 16][14, 11, 25][17, 22][16, 27][10, 15] 
[2, 29, 15, 6, 13][8, 19, 12, 18, 22][4, 24, 7, 28][3, 1, 23, 9][11, 17, 0, 26][5, 21, 10, 27][23, 20, 24][14, 7, 16][14, 11, 25][16, 27][10, 15][17, 22] 
[8, 19, 12, 18, 22][2, 29, 15, 6, 13][11, 17, 0, 26][4, 24, 7, 28][3, 1, 23, 9][5, 21, 10, 27][14, 11, 25][14, 7, 16][23, 20, 24][17, 22][16, 27][10, 15] 
[8, 19, 12, 18, 22][2, 29, 15, 6, 13][11, 17, 0, 26][4, 24, 7, 28][9, 3, 1, 23][5, 21, 10, 27][14, 11, 25][14, 7, 16][23, 20, 24][17, 22][16, 27][10, 15] 
[2, 29, 15, 6, 13][8, 19, 12, 18, 22][5, 21, 10, 27][4, 24, 7, 28][11, 17, 0, 26][3, 1, 23, 9][14, 7, 16][14, 11, 25][23, 20, 24][10, 15][16, 27][17, 22] 
[8, 19, 12, 18, 22][2, 29, 15, 6, 13][3, 1, 23, 9][4, 24, 7, 28][11, 17, 0, 26][5, 21, 10, 27][23, 20, 24][14, 7, 16][14, 11, 25][17, 22][16, 27][10, 15] 
[2, 29, 15, 6, 13][8, 19, 12, 18, 22][4, 24, 7, 28][3, 1, 23, 9][11, 17, 0, 26][5, 21, 10, 27][23, 20, 24][14, 7, 16][14, 11, 25][16, 27][10, 15][17, 22] 
[2, 29, 15, 6, 13][8, 19, 12, 18, 22][4, 24, 7, 28][9, 3, 1, 23][11, 17, 0, 26][5, 21, 10, 27][14, 7, 16][23, 20, 24][14, 11, 25][16, 27][10, 15][17, 22] 
[2, 29, 15, 6, 13][8, 19, 12, 18, 22][4, 24, 7, 28][11, 17, 0, 26][9, 3, 1, 23][5, 21, 10, 27][14, 7, 16][14, 11, 25][23, 20, 24][16, 27][10, 15][17, 22] 
[2, 29, 15, 6, 13][8, 19, 12, 18, 22][5, 21, 10, 27][4, 24, 7, 28][11, 17, 0, 26][9, 3, 1, 23][14, 7, 16][14, 11, 25][23, 20, 24][10, 15][16, 27][17, 22] 
[8, 19, 12, 18, 22][2, 29, 15, 6, 13][11, 17, 0, 26][4, 24, 7, 28][9, 3, 1, 23][5, 21, 10, 27][14, 11, 25][14, 7, 16][23, 20, 24][17, 22][16, 27][10, 15] 
[8, 19, 12, 18, 22][2, 29, 15, 6, 13][11, 17, 0, 26][4, 24, 7, 28][3, 1, 23, 9][5, 21, 10, 27][14, 11, 25][14, 7, 16][23, 20, 24][17, 22][16, 27][10, 15] 
[8, 19, 12, 18, 22][2, 29, 15, 6, 13][11, 17, 0, 26][4, 24, 7, 28][3, 1, 23, 9][5, 21, 10, 27][14, 11, 25][14, 7, 16][23, 20, 24][17, 22][16, 27][10, 15] 
[8, 19, 12, 18, 22][2, 29, 15, 6, 13][9, 3, 1, 23][4, 24, 7, 28][11, 17, 0, 26][5, 21, 10, 27][23, 20, 24][14, 7, 16][14, 11, 25][17, 22][16, 27][10, 15] 
[2, 29, 15, 6, 13][8, 19, 12, 18, 22][5, 21, 10, 27][4, 24, 7, 28][11, 17, 0, 26][3, 1, 23, 9][14, 7, 16][14, 11, 25][23, 20, 24][10, 15][16, 27][17, 22] 
[2, 29, 15, 6, 13][8, 19, 12, 18, 22][5, 21, 10, 27][4, 24, 7, 28][11, 17, 0, 26][3, 1, 23, 9][14, 7, 16][14, 11, 25][23, 20, 24][10, 15][16, 27][17, 22] 
[8, 19, 12, 18, 22][2, 29, 15, 6, 13][11, 17, 0, 26][4, 24, 7, 28][3, 1, 23, 9][5, 21, 10, 27][14, 11, 25][14, 7, 16][23, 20, 24][17, 22][16, 27][10, 15] 
[8, 19, 12, 18, 22][2, 29, 15, 6, 13][4, 24, 7, 28][11, 17, 0, 26][9, 3, 1, 23][5, 21, 10, 27][14, 7, 16][14, 11, 25][23, 20, 24][17, 22][16, 27][10, 15] 
[8, 19, 12, 18, 22][2, 29, 15, 6, 13][11, 17, 0, 26][4, 24, 7, 28][3, 1, 23, 9][5, 21, 10, 27][14, 11, 25][14, 7, 16][23, 20, 24][17, 22][16, 27][10, 15] 
[8, 19, 12, 18, 22][2, 29, 15, 6, 13][11, 17, 0, 26][4, 24, 7, 28][3, 1, 23, 9][5, 21, 10, 27][14, 11, 25][14, 7, 16][23, 20, 24][17, 22][16, 27][10, 15] 
[20, 24, 3, 4, 1, 9, 23, 14, 7, 28][5, 6, 13, 0, 17, 18, 19, 12, 8, 26][6, 15, 29, 2, 7, 16, 27, 10, 21][14, 11, 25][6, 13][18, 22][6, 13][16, 27][6, 15][7, 28][6, 13][7, 28] 
[20, 24, 3, 4, 1, 9, 23, 14, 7, 28][5, 6, 13, 0, 17, 18, 19, 12, 8, 26][6, 15, 29, 2, 7, 16, 27, 10, 21][14, 11, 25][6, 13][18, 22][6, 13][16, 27][6, 15][7, 28][6, 13][7, 28] 
[20, 24, 3, 4, 1, 9, 23, 14, 7, 28][5, 6, 13, 0, 17, 18, 19, 12, 8, 26][6, 15, 29, 2, 7, 16, 27, 10, 21][22, 18, 0, 26][14, 11, 25][16, 27][6, 13][10, 27][6, 13][6, 13][6, 13][6, 13] 
[5, 6, 13, 0, 17, 18, 19, 12, 8, 26][20, 24, 3, 4, 1, 9, 23, 14, 7, 28][15, 29, 2, 7, 16, 27, 10, 21][14, 11, 25][6, 13][18, 22][6, 15][6, 13][16, 27][6, 13][16, 27][6, 13] 
[5, 6, 13, 0, 17, 18, 19, 12, 8, 26][20, 24, 3, 4, 1, 9, 23, 14, 7, 28][15, 29, 2, 7, 16, 27, 10, 21][14, 11, 25][6, 13][18, 22][6, 15][6, 13][16, 27][6, 13][16, 27][6, 13] 
[26, 8, 12, 19, 18, 17, 0, 13, 6, 5, 21, 10, 15, 29][16, 28, 7, 14, 23, 9, 1, 4, 3, 24, 20][14, 11, 25][16, 27][2, 29][18, 22][6, 13][10, 27][6, 13][6, 13][6, 13][6, 13] 
[20, 24, 3, 4, 1, 9, 23, 14, 7, 28][5, 6, 13, 0, 17, 18, 19, 12, 8, 26][6, 15, 29, 2, 7, 16, 27, 10, 21][14, 11, 25][6, 13][18, 22][6, 13][16, 27][6, 15][7, 28][6, 13][7, 28] 
[20, 24, 3, 4, 1, 9, 23, 14, 7, 28][5, 6, 13, 0, 17, 18, 19, 12, 8, 26][6, 15, 29, 2, 7, 16, 27, 10, 21][22, 18, 0, 26][14, 11, 25][16, 27][6, 13][10, 27][6, 13][6, 13][6, 13][6, 13] 
[5, 6, 13, 0, 17, 18, 19, 12, 8, 26][20, 24, 3, 4, 1, 9, 23, 14, 7, 28][15, 29, 2, 7, 16, 27, 10, 21][14, 11, 25][6, 13][18, 22][6, 15][6, 13][16, 27][6, 13][16, 27][6, 13] 
[20, 24, 3, 4, 1, 9, 23, 14, 7, 28][5, 6, 13, 0, 17, 18, 19, 12, 8, 26][6, 15, 29, 2, 7, 16, 27, 10, 21][12, 18, 22][14, 11, 25][16, 27][6, 13][10, 27][6, 13][6, 13][6, 13][6, 13] 
[20, 24, 3, 4, 1, 9, 23, 14, 7, 28][5, 6, 13, 0, 17, 18, 19, 12, 8, 26][6, 15, 29, 2, 7, 16, 27, 10, 21][12, 18, 22][14, 11, 25][16, 27][6, 13][10, 27][6, 13][6, 13][6, 13][6, 13] 
[20, 24, 3, 4, 1, 9, 23, 14, 7, 28][5, 6, 13, 0, 17, 18, 19, 12, 8, 26][6, 15, 29, 2, 7, 16, 27, 10, 21][0, 18, 22][14, 11, 25][16, 27][6, 13][10, 27][6, 13][6, 13][6, 13][6, 13] 
[5, 6, 13, 0, 17, 18, 19, 12, 8, 26][20, 24, 3, 4, 1, 9, 23, 14, 7, 28][15, 29, 2, 7, 16, 27, 10, 21][14, 11, 25][6, 13][18, 22][6, 15][6, 13][16, 27][6, 13][16, 27][6, 13] 
[20, 24, 3, 4, 1, 9, 23, 14, 7, 28][5, 6, 13, 0, 17, 18, 19, 12, 8, 26][6, 15, 29, 2, 7, 16, 27, 10, 21][14, 11, 25][6, 13][18, 22][6, 13][16, 27][6, 15][7, 28][6, 13][7, 28] 
[20, 24, 3, 4, 1, 9, 23, 14, 7, 28][5, 6, 13, 0, 17, 18, 19, 12, 8, 26][6, 15, 29, 2, 7, 16, 27, 10, 21][14, 11, 25][6, 13][18, 22][6, 13][16, 27][6, 15][7, 28][6, 13][7, 28] 
[5, 6, 13, 0, 17, 18, 19, 12, 8, 26][20, 24, 3, 4, 1, 9, 23, 14, 7, 28][6, 15, 29, 2, 7, 16, 27, 10, 21][14, 11, 25][16, 27][18, 22][6, 13][6, 13][6, 13][6, 13][6, 13][16, 27] 
[5, 6, 13, 0, 17, 18, 19, 12, 8, 26][20, 24, 3, 4, 1, 9, 23, 14, 7, 28][6, 15, 29, 2, 7, 16, 27, 10, 21][14, 11, 25][16, 27][18, 22][6, 13][6, 13][6, 13][6, 13][6, 13][16, 27] 
[20, 24, 3, 4, 1, 9, 23, 14, 7, 28][5, 6, 13, 0, 17, 18, 19, 12, 8, 26][6, 15, 29, 2, 7, 16, 27, 10, 21][14, 11, 25][16, 27][18, 22][6, 13][10, 27][6, 13][6, 13][6, 13][6, 13] 
[5, 6, 13, 0, 17, 18, 19, 12, 8, 26][20, 24, 3, 4, 1, 9, 23, 14, 7, 28][6, 15, 29, 2, 7, 16, 27, 10, 21][14, 11, 25][16, 27][18, 22][6, 13][6, 13][6, 13][6, 13][6, 13][16, 27] 
[5, 6, 13, 0, 17, 18, 19, 12, 8, 26][20, 24, 3, 4, 1, 9, 23, 14, 7, 28][6, 15, 29, 2, 7, 16, 27, 10, 21][14, 11, 25][16, 27][18, 22][6, 13][6, 13][6, 13][6, 13][6, 13][16, 27] 
[5, 6, 13, 0, 17, 18, 19, 12, 8, 26][20, 24, 3, 4, 1, 9, 23, 14, 7, 28][6, 15, 29, 2, 7, 16, 27, 10, 21][14, 11, 25][16, 27][18, 22][6, 13][6, 13][6, 13][6, 13][6, 13][16, 27] 
[8, 12, 18, 22, 19][2, 29, 15, 6, 13][11, 17, 0, 26][4, 24, 7, 28][9, 3, 1, 23][5, 21, 10, 27][14, 11, 25][14, 7, 16][23, 20, 24][17, 22][16, 27][10, 15] 
[8, 12, 18, 22, 19][2, 29, 15, 6, 13][9, 3, 1, 23][4, 24, 7, 28][11, 17, 0, 26][5, 21, 10, 27][23, 20, 24][14, 7, 16][14, 11, 25][16, 27][17, 22][10, 15] 
[8, 12, 18, 22, 19][2, 29, 15, 6, 13][9, 3, 1, 23][4, 24, 7, 28][11, 17, 0, 26][5, 21, 10, 27][23, 20, 24][14, 7, 16][14, 11, 25][16, 27][17, 22][10, 15] 
[8, 12, 18, 22, 19][2, 29, 15, 6, 13][9, 3, 1, 23][4, 24, 7, 28][11, 17, 0, 26][5, 21, 10, 27][23, 20, 24][14, 7, 16][14, 11, 25][16, 27][17, 22][10, 15] 
[2, 29, 15, 6, 13][8, 12, 18, 22, 19][5, 21, 10, 27][4, 24, 7, 28][9, 3, 1, 23][11, 17, 0, 26][14, 7, 16][23, 20, 24][14, 11, 25][10, 15][16, 27][17, 22] 
[2, 29, 15, 6, 13][8, 12, 18, 22, 19][4, 24, 7, 28][11, 17, 0, 26][9, 3, 1, 23][5, 21, 10, 27][14, 7, 16][14, 11, 25][23, 20, 24][16, 27][10, 15][17, 22] 
[2, 29, 15, 6, 13][8, 12, 18, 22, 19][5, 21, 10, 27][4, 24, 7, 28][9, 3, 1, 23][11, 17, 0, 26][14, 7, 16][23, 20, 24][14, 11, 25][10, 15][16, 27][17, 22] 
[2, 29, 15, 6, 13][8, 12, 18, 22, 19][5, 21, 10, 27][4, 24, 7, 28][11, 17, 0, 26][9, 3, 1, 23][14, 7, 16][14, 11, 25][23, 20, 24][10, 15][16, 27][17, 22] 
[2, 29, 15, 6, 13][8, 12, 18, 22, 19][5, 21, 10, 27][4, 24, 7, 28][9, 3, 1, 23][11, 17, 0, 26][14, 7, 16][23, 20, 24][14, 11, 25][10, 15][16, 27][17, 22] 
[8, 12, 18, 22, 19][2, 29, 15, 6, 13][11, 17, 0, 26][4, 24, 7, 28][9, 3, 1, 23][5, 21, 10, 27][14, 11, 25][14, 7, 16][23, 20, 24][17, 22][16, 27][10, 15] 
[2, 29, 15, 6, 13][8, 12, 18, 22, 19][5, 21, 10, 27][4, 24, 7, 28][11, 17, 0, 26][9, 3, 1, 23][14, 7, 16][14, 11, 25][23, 20, 24][10, 15][16, 27][17, 22] 
[2, 29, 15, 6, 13][8, 12, 18, 22, 19][5, 21, 10, 27][4, 24, 7, 28][11, 17, 0, 26][9, 3, 1, 23][14, 7, 16][14, 11, 25][23, 20, 24][10, 15][16, 27][17, 22] 
[8, 12, 18, 22, 19][2, 29, 15, 6, 13][11, 17, 0, 26][4, 24, 7, 28][9, 3, 1, 23][5, 21, 10, 27][14, 11, 25][14, 7, 16][23, 20, 24][17, 22][16, 27][10, 15] 
[2, 29, 15, 6, 13][8, 12, 18, 22, 19][5, 21, 10, 27][4, 24, 7, 28][11, 17, 0, 26][9, 3, 1, 23][14, 7, 16][14, 11, 25][23, 20, 24][10, 15][16, 27][17, 22] 
[2, 29, 15, 6, 13][8, 12, 18, 22, 19][5, 21, 10, 27][4, 24, 7, 28][11, 17, 0, 26][9, 3, 1, 23][14, 7, 16][14, 11, 25][23, 20, 24][10, 15][16, 27][17, 22] 
[2, 29, 15, 6, 13][8, 19, 12, 18, 22][5, 21, 10, 27][4, 24, 7, 28][11, 17, 0, 26][3, 1, 23, 9][14, 7, 16][14, 11, 25][23, 20, 24][10, 15][16, 27][17, 22] 
[2, 29, 15, 6, 13][8, 19, 12, 18, 22][4, 24, 7, 28][3, 1, 23, 9][11, 17, 0, 26][5, 21, 10, 27][23, 20, 24][14, 7, 16][14, 11, 25][16, 27][10, 15][17, 22] 
[2, 29, 15, 6, 13][8, 19, 12, 18, 22][11, 17, 0, 26][4, 24, 7, 28][3, 1, 23, 9][5, 21, 10, 27][14, 11, 25][14, 7, 16][23, 20, 24][17, 22][16, 27][10, 15] 
[2, 29, 15, 6, 13][8, 19, 12, 18, 22][11, 17, 0, 26][4, 24, 7, 28][3, 1, 23, 9][5, 21, 10, 27][14, 11, 25][14, 7, 16][23, 20, 24][17, 22][16, 27][10, 15] 
[2, 29, 15, 6, 13][8, 19, 12, 18, 22][5, 21, 10, 27][4, 24, 7, 28][11, 17, 0, 26][3, 1, 23, 9][14, 7, 16][14, 11, 25][23, 20, 24][10, 15][16, 27][17, 22] 
[8, 19, 12, 18, 22][2, 29, 15, 6, 13][14, 23, 20, 24][4, 24, 7, 28][9, 3, 1, 23][11, 17, 0, 26][5, 21, 10, 27][14, 11, 25][17, 22][7, 16][16, 27][10, 15] 
[2, 29, 15, 6, 13][8, 12, 18, 22, 19][5, 21, 10, 27][4, 24, 7, 28][11, 17, 0, 26][9, 3, 1, 23][14, 7, 16][14, 11, 25][23, 20, 24][10, 15][16, 27][17, 22] 
[8, 12, 18, 22, 19][2, 29, 15, 6, 13][11, 17, 0, 26][4, 24, 7, 28][9, 3, 1, 23][5, 21, 10, 27][14, 11, 25][14, 7, 16][23, 20, 24][17, 22][16, 27][10, 15] 
[8, 12, 18, 22, 19][2, 29, 15, 6, 13][9, 3, 1, 23][4, 24, 7, 28][11, 17, 0, 26][5, 21, 10, 27][23, 20, 24][14, 7, 16][14, 11, 25][16, 27][17, 22][10, 15] 
[2, 29, 15, 6, 13][8, 12, 18, 22, 19][5, 21, 10, 27][4, 24, 7, 28][11, 17, 0, 26][9, 3, 1, 23][14, 7, 16][14, 11, 25][23, 20, 24][10, 15][16, 27][17, 22] 
[2, 29, 15, 6, 13][8, 12, 18, 22, 19][4, 24, 7, 28][11, 17, 0, 26][9, 3, 1, 23][5, 21, 10, 27][14, 7, 16][14, 11, 25][23, 20, 24][16, 27][10, 15][17, 22] 
[2, 29, 15, 6, 13][8, 12, 18, 22, 19][5, 21, 10, 27][4, 24, 7, 28][11, 17, 0, 26][3, 1, 23, 9][14, 7, 16][14, 11, 25][23, 20, 24][10, 15][16, 27][17, 22] 
[2, 29, 15, 6, 13][8, 12, 18, 22, 19][5, 21, 10, 27][4, 24, 7, 28][11, 17, 0, 26][9, 3, 1, 23][14, 7, 16][14, 11, 25][23, 20, 24][10, 15][16, 27][17, 22] 
[8, 19, 12, 18, 22][2, 29, 15, 6, 13][11, 17, 0, 26][4, 24, 7, 28][3, 1, 23, 9][5, 21, 10, 27][14, 11, 25][14, 7, 16][23, 20, 24][17, 22][16, 27][10, 15] 
[2, 29, 15, 6, 13][8, 19, 12, 18, 22][4, 24, 7, 28][3, 1, 23, 9][11, 17, 0, 26][5, 21, 10, 27][23, 20, 24][14, 7, 16][14, 11, 25][16, 27][10, 15][17, 22] 
[2, 29, 15, 6, 13][8, 19, 12, 18, 22][4, 24, 7, 28][3, 1, 23, 9][11, 17, 0, 26][5, 21, 10, 27][23, 20, 24][14, 7, 16][14, 11, 25][16, 27][10, 15][17, 22] 
[2, 29, 15, 6, 13][8, 19, 12, 18, 22][11, 17, 0, 26][4, 24, 7, 28][3, 1, 23, 9][5, 21, 10, 27][14, 11, 25][14, 7, 16][23, 20, 24][17, 22][16, 27][10, 15] 
[8, 19, 12, 18, 22][2, 29, 15, 6, 13][11, 17, 0, 26][4, 24, 7, 28][3, 1, 23, 9][5, 21, 10, 27][14, 11, 25][14, 7, 16][23, 20, 24][17, 22][16, 27][10, 15] 
[2, 29, 15, 6, 13][8, 19, 12, 18, 22][11, 17, 0, 26][4, 24, 7, 28][3, 1, 23, 9][5, 21, 10, 27][14, 11, 25][14, 7, 16][23, 20, 24][17, 22][16, 27][10, 15] 
[8, 19, 12, 18, 22][2, 29, 15, 6, 13][3, 1, 23, 9][4, 24, 7, 28][11, 17, 0, 26][5, 21, 10, 27][23, 20, 24][14, 7, 16][14, 11, 25][17, 22][16, 27][10, 15] 
[2, 29, 15, 6, 13][8, 19, 12, 18, 22][5, 21, 10, 27][4, 24, 7, 28][11, 17, 0, 26][3, 1, 23, 9][14, 7, 16][14, 11, 25][23, 20, 24][16, 27][10, 15][17, 22] 
[2, 29, 15, 6, 13][8, 19, 12, 18, 22][4, 24, 7, 28][3, 1, 23, 9][11, 17, 0, 26][5, 21, 10, 27][23, 20, 24][14, 7, 16][14, 11, 25][16, 27][10, 15][17, 22] 
[8, 19, 12, 18, 22][2, 29, 15, 6, 13][3, 1, 23, 9][4, 24, 7, 28][11, 17, 0, 26][5, 21, 10, 27][23, 20, 24][14, 7, 16][14, 11, 25][17, 22][16, 27][10, 15] 
[2, 29, 15, 6, 13][8, 19, 12, 18, 22][11, 17, 0, 26][4, 24, 7, 28][3, 1, 23, 9][5, 21, 10, 27][14, 11, 25][14, 7, 16][23, 20, 24][17, 22][16, 27][10, 15] 
[8, 19, 12, 18, 22][2, 29, 15, 6, 13][11, 17, 0, 26][4, 24, 7, 28][3, 1, 23, 9][5, 21, 10, 27][14, 11, 25][14, 7, 16][23, 20, 24][17, 22][16, 27][10, 15] 
[2, 29, 15, 6, 13][8, 19, 12, 18, 22][5, 21, 10, 27][4, 24, 7, 28][11, 17, 0, 26][3, 1, 23, 9][14, 7, 16][14, 11, 25][23, 20, 24][10, 15][16, 27][17, 22] 
[8, 19, 12, 18, 22][2, 29, 15, 6, 13][3, 1, 23, 9][4, 24, 7, 28][11, 17, 0, 26][5, 21, 10, 27][23, 20, 24][14, 7, 16][14, 11, 25][16, 27][17, 22][10, 15] 
[8, 19, 12, 18, 22][2, 29, 15, 6, 13][3, 1, 23, 9][4, 24, 7, 28][11, 17, 0, 26][5, 21, 10, 27][23, 20, 24][14, 7, 16][14, 11, 25][16, 27][17, 22][10, 15] 
[2, 29, 15, 6, 13][8, 19, 12, 18, 22][4, 24, 7, 28][3, 1, 23, 9][3, 14, 11, 25][11, 17, 0, 26][5, 21, 10, 27][23, 20, 24][7, 16][16, 27][10, 15][17, 22] 
[2, 29, 15, 6, 13][8, 19, 12, 18, 22][4, 24, 7, 28][3, 1, 23, 9][3, 14, 11, 25][11, 17, 0, 26][5, 21, 10, 27][23, 20, 24][7, 16][16, 27][10, 15][17, 22] 
[2, 29, 15, 6, 13][8, 19, 12, 18, 22][4, 24, 7, 28][3, 1, 23, 9][3, 14, 11, 25][11, 17, 0, 26][5, 21, 10, 27][23, 20, 24][7, 16][16, 27][10, 15][17, 22] 
[2, 29, 15, 6, 13][8, 19, 12, 18, 22][4, 24, 7, 28][3, 1, 23, 9][3, 14, 11, 25][11, 17, 0, 26][5, 21, 10, 27][23, 20, 24][7, 16][16, 27][10, 15][17, 22] 
[8, 19, 12, 18, 22][2, 29, 15, 6, 13][4, 24, 7, 28][3, 1, 23, 9][3, 14, 11, 25][11, 17, 0, 26][5, 21, 10, 27][23, 20, 24][7, 16][17, 22][16, 27][10, 15] 
[3, 9, 1, 14, 11, 25][2, 29, 15, 6, 13][8, 19, 12, 18, 22][5, 21, 10, 27][4, 24, 7, 28][9, 3, 1, 23][11, 17, 0, 26][23, 20, 24][10, 15][16, 27][7, 16][17, 22] 
[8, 12, 18, 22, 19][2, 29, 15, 6, 13][11, 17, 0, 26][4, 24, 7, 28][3, 1, 23, 9][5, 21, 10, 27][14, 11, 25][14, 7, 16][23, 20, 24][17, 22][16, 27][10, 15] 
[8, 12, 18, 22, 19][2, 29, 15, 6, 13][11, 17, 0, 26][4, 24, 7, 28][3, 1, 23, 9][5, 21, 10, 27][14, 11, 25][14, 7, 16][23, 20, 24][17, 22][16, 27][10, 15] 
[8, 12, 18, 22, 19][2, 29, 15, 6, 13][11, 17, 0, 26][4, 24, 7, 28][3, 1, 23, 9][5, 21, 10, 27][14, 11, 25][14, 7, 16][23, 20, 24][17, 22][16, 27][10, 15] 
[2, 29, 15, 6, 13][8, 12, 18, 22, 19][5, 21, 10, 27][4, 24, 7, 28][11, 17, 0, 26][3, 1, 23, 9][14, 7, 16][14, 11, 25][23, 20, 24][10, 15][16, 27][17, 22] 
[8, 12, 18, 22, 19][2, 29, 15, 6, 13][11, 17, 0, 26][4, 24, 7, 28][3, 1, 23, 9][5, 21, 10, 27][14, 11, 25][14, 7, 16][23, 20, 24][17, 22][16, 27][10, 15] 
[2, 29, 15, 6, 13][8, 19, 12, 18, 22][5, 21, 10, 27][4, 24, 7, 28][11, 17, 0, 26][3, 1, 23, 9][14, 7, 16][14, 11, 25][23, 20, 24][10, 15][16, 27][17, 22] 
[2, 29, 15, 6, 13][8, 12, 18, 22, 19][5, 21, 10, 27][4, 24, 7, 28][11, 17, 0, 26][9, 3, 1, 23][14, 7, 16][14, 11, 25][23, 20, 24][10, 15][16, 27][17, 22] 
