[20, 4, 24, 1, 9, 23][8, 19, 12, 0, 26][5, 15, 10, 27, 29][18, 13, 6, 21][2, 16, 28, 25][18, 17, 22][3, 11, 17][14, 11, 25][0, 22][14, 23][7, 14][7, 27] 
[20, 4, 24, 1, 9, 23][5, 15, 10, 27, 29][21, 6, 13, 18, 22][8, 19, 12, 0, 26][2, 16, 28, 25][14, 11, 25][3, 14, 7][14, 23][7, 27][11, 17][17, 22][0, 22] 
[20, 4, 24, 1, 9, 23][21, 6, 13, 18, 22][8, 19, 12, 0, 26][5, 15, 10, 27, 29][2, 16, 28, 25][3, 14, 7][14, 11, 25][14, 23][11, 17][17, 22][0, 22][7, 27] 
[3, 23, 9, 1, 24, 4, 20][5, 15, 10, 27, 29][21, 6, 13, 18, 22][8, 19, 12, 0, 26][2, 16, 28, 25][14, 11, 25][7, 27][7, 14][14, 23][11, 17][17, 22][0, 22] 
[20, 4, 24, 1, 9, 23][21, 6, 13, 18, 22][5, 15, 10, 27, 29][8, 19, 12, 0, 26][2, 16, 28, 25][3, 11, 17][14, 11, 25][14, 23][17, 22][7, 14][7, 27][0, 22] 
[20, 4, 24, 1, 9, 23][5, 15, 10, 27, 29][21, 6, 13, 18, 22][8, 19, 12, 0, 26][2, 16, 28, 25][3, 14, 7][14, 11, 25][7, 27][14, 23][11, 17][17, 22][0, 22] 
[20, 4, 24, 1, 9, 23][21, 6, 13, 18, 22][8, 19, 12, 0, 26][5, 15, 10, 27, 29][2, 16, 28, 25][3, 14, 7][14, 11, 25][14, 23][11, 17][17, 22][0, 22][7, 27] 
[20, 4, 24, 1, 9, 23][21, 6, 13, 18, 22][8, 19, 12, 0, 26][5, 15, 10, 27, 29][2, 16, 28, 25][3, 11, 17][14, 11, 25][17, 22][7, 14][0, 22][14, 23][7, 27] 
[20, 4, 24, 1, 9, 23][8, 19, 12, 0, 26][21, 6, 13, 18, 22][5, 15, 10, 27, 29][2, 16, 28, 25][14, 11, 25][3, 11, 17][14, 23][17, 22][0, 22][7, 14][7, 27] 
[20, 4, 24, 1, 9, 23][21, 6, 13, 18, 22][8, 19, 12, 0, 26][5, 15, 10, 27, 29][2, 16, 28, 25][14, 11, 25][3, 11, 17][14, 23][7, 14][17, 22][0, 22][7, 27] 
[20, 4, 24, 1, 9, 23][8, 19, 12, 0, 26][5, 15, 10, 27, 29][18, 13, 6, 21][2, 16, 28, 25][18, 17, 22][3, 11, 17][14, 11, 25][0, 22][14, 23][7, 14][7, 27] 
[20, 4, 24, 1, 9, 23][5, 15, 10, 27, 29][21, 6, 13, 18, 22][8, 19, 12, 0, 26][2, 16, 28, 25][3, 14, 7][14, 11, 25][7, 27][14, 23][11, 17][17, 22][0, 22] 
[20, 4, 24, 1, 9, 23][5, 15, 10, 27, 29][21, 6, 13, 18, 22][8, 19, 12, 0, 26][2, 16, 28, 25][3, 14, 7][14, 11, 25][7, 27][14, 23][11, 17][17, 22][0, 22] 
[20, 4, 24, 1, 9, 23][21, 6, 13, 18, 22][8, 19, 12, 0, 26][5, 15, 10, 27, 29][2, 16, 28, 25][3, 11, 17][14, 11, 25][17, 22][7, 14][0, 22][14, 23][7, 27] 
[20, 4, 24, 1, 9, 23][5, 15, 10, 27, 29][21, 6, 13, 18, 22][8, 19, 12, 0, 26][2, 16, 28, 25][3, 14, 7][14, 11, 25][7, 27][14, 23][11, 17][17, 22][0, 22] 
[20, 4, 24, 1, 9, 23][21, 6, 13, 18, 22][8, 19, 12, 0, 26][5, 15, 10, 27, 29][2, 16, 28, 25][3, 11, 17][14, 11, 25][17, 22][7, 14][0, 22][14, 23][7, 27] 
[20, 4, 24, 1, 9, 23][5, 15, 10, 27, 29][8, 19, 12, 0, 26][2, 16, 28, 25][18, 13, 6, 21][14, 11, 25][3, 11, 17][18, 17, 22][7, 27][7, 14][0, 22][14, 23] 
[20, 4, 24, 1, 9, 23][5, 15, 10, 27, 29][21, 6, 13, 18, 22][8, 19, 12, 0, 26][2, 16, 28, 25][14, 11, 25][3, 14, 7][14, 23][7, 27][11, 17][17, 22][0, 22] 
[20, 4, 24, 1, 9, 23][21, 6, 13, 18, 22][8, 19, 12, 0, 26][5, 15, 10, 27, 29][2, 16, 28, 25][3, 11, 17][14, 11, 25][17, 22][7, 14][0, 22][14, 23][7, 27] 
[20, 4, 24, 1, 9, 23][8, 19, 12, 0, 26][5, 15, 10, 27, 29][18, 13, 6, 21][2, 16, 28, 25][18, 17, 22][3, 11, 17][14, 11, 25][0, 22][14, 23][7, 14][7, 27] 
[20, 4, 24, 1, 9, 23][8, 19, 12, 0, 26][5, 15, 10, 27, 29][18, 13, 6, 21][2, 16, 28, 25][18, 17, 22][3, 11, 17][14, 11, 25][0, 22][14, 23][7, 14][7, 27] 
[20, 4, 24, 1, 9, 23][5, 15, 10, 27, 29][21, 6, 13, 18, 22][8, 19, 12, 0, 26][2, 16, 28, 25][3, 14, 7][14, 11, 25][7, 27][14, 23][11, 17][17, 22][0, 22] 
[20, 4, 24, 1, 9, 23][5, 15, 10, 27, 29][21, 6, 13, 18, 22][8, 19, 12, 0, 26][2, 16, 28, 25][14, 11, 25][3, 14, 7][14, 23][7, 27][11, 17][17, 22][0, 22] 
[20, 4, 24, 1, 9, 23][21, 6, 13, 18, 22][5, 15, 10, 27, 29][8, 19, 12, 0, 26][2, 16, 28, 25][3, 11, 17][14, 11, 25][17, 22][14, 23][7, 14][7, 27][0, 22] 
[20, 4, 24, 1, 9, 23][5, 15, 10, 27, 29][21, 6, 13, 18, 22][8, 19, 12, 0, 26][2, 16, 28, 25][3, 14, 7][14, 11, 25][7, 27][14, 23][11, 17][17, 22][0, 22] 
[20, 4, 24, 1, 9, 23][8, 19, 12, 0, 26][21, 6, 13, 18, 22][5, 15, 10, 27, 29][2, 16, 28, 25][14, 11, 25][3, 11, 17][17, 22][0, 22][7, 14][7, 27][14, 23] 
[20, 4, 24, 1, 9, 23][8, 19, 12, 0, 26][5, 15, 10, 27, 29][18, 13, 6, 21][2, 16, 28, 25][18, 17, 22][3, 11, 17][14, 11, 25][0, 22][14, 23][7, 14][7, 27] 
[20, 4, 24, 1, 9, 23][5, 15, 10, 27, 29][21, 6, 13, 18, 22][8, 19, 12, 0, 26][2, 16, 28, 25][14, 11, 25][3, 14, 7][14, 23][7, 27][11, 17][17, 22][0, 22] 
[20, 4, 24, 1, 9, 23][5, 15, 10, 27, 29][21, 6, 13, 18, 22][8, 19, 12, 0, 26][2, 16, 28, 25][14, 11, 25][3, 11, 17][7, 14][14, 23][17, 22][7, 27][0, 22] 
[20, 4, 24, 1, 9, 23][5, 15, 10, 27, 29][8, 19, 12, 0, 26][2, 16, 28, 25][18, 13, 6, 21][14, 11, 25][3, 11, 17][18, 17, 22][7, 27][7, 14][14, 23][0, 22] 
[20, 4, 24, 1, 9, 23][8, 19, 12, 0, 26][5, 15, 10, 27, 29][18, 13, 6, 21][2, 16, 28, 25][18, 17, 22][3, 11, 17][14, 11, 25][0, 22][14, 23][7, 14][7, 27] 
[20, 4, 24, 1, 9, 23][5, 15, 10, 27, 29][21, 6, 13, 18, 22][8, 19, 12, 0, 26][2, 16, 28, 25][3, 14, 7][14, 11, 25][7, 27][14, 23][11, 17][17, 22][0, 22] 
[20, 4, 24, 1, 9, 23][5, 15, 10, 27, 29][21, 6, 13, 18, 22][8, 19, 12, 0, 26][2, 16, 28, 25][14, 11, 25][3, 11, 17][7, 14][14, 23][17, 22][7, 27][0, 22] 
[20, 4, 24, 1, 9, 23][8, 19, 12, 0, 26][5, 15, 10, 27, 29][18, 13, 6, 21][2, 16, 28, 25][18, 17, 22][3, 11, 17][14, 11, 25][0, 22][14, 23][7, 14][7, 27] 
[20, 4, 24, 1, 9, 23][5, 15, 10, 27, 29][8, 19, 12, 0, 26][2, 16, 28, 25][18, 13, 6, 21][14, 11, 25][3, 11, 17][18, 17, 22][7, 14][14, 23][7, 27][0, 22] 
[18, 19, 8, 12, 17, 11, 25, 7, 20][1, 23, 3, 4, 24, 7, 2, 29][5, 15, 10, 27, 29][21, 6, 13, 18, 22][16, 28, 25][12, 0, 26][1, 14][8, 19][3, 9][3, 4][3, 23][3, 4] 
[18, 19, 8, 12, 17, 11, 25, 7, 20][1, 23, 3, 4, 24, 7, 2, 29][5, 15, 10, 27, 29][21, 6, 13, 18, 22][16, 28, 25][12, 0, 26][1, 14][8, 19][3, 9][3, 4][3, 23][3, 4] 
[18, 19, 8, 12, 17, 11, 25, 7, 20][1, 23, 3, 4, 24, 7, 2, 29][5, 15, 10, 27, 29][21, 6, 13, 18, 22][16, 28, 25][12, 0, 26][1, 14][8, 19][3, 9][3, 4][3, 23][3, 4] 
[20, 7, 25, 11, 17, 12, 8, 19, 18, 0, 22][20, 4, 24, 1, 9, 23][21, 5, 15, 29, 27][2, 16, 28, 25][3, 14, 7][13, 6, 21][8, 26][6, 10][5, 15][5, 15][8, 19][2, 29] 
[20, 7, 25, 11, 17, 12, 8, 19, 18, 0, 22][20, 4, 24, 1, 9, 23][21, 5, 15, 29, 27][2, 16, 28, 25][3, 14, 7][13, 6, 21][8, 26][6, 10][5, 15][5, 15][8, 19][2, 29] 
[0, 18, 19, 8, 12, 17, 11, 25, 7, 20][20, 4, 24, 1, 9, 23][5, 15, 10, 27, 29][21, 6, 13, 18, 22][2, 16, 28, 25][8, 19][6, 10][3, 4][1, 14][6, 13][11, 25][8, 26] 
[18, 19, 8, 12, 17, 11, 25, 7, 20][1, 23, 3, 4, 24, 7, 2, 29][5, 15, 10, 27, 29][21, 6, 13, 18, 22][16, 28, 25][12, 0, 26][1, 14][8, 19][3, 9][3, 4][3, 23][3, 4] 
[18, 19, 8, 12, 17, 11, 25, 7, 20][1, 23, 3, 4, 24, 7, 2, 29][5, 15, 10, 27, 29][21, 6, 13, 18, 22][16, 28, 25][12, 0, 26][1, 14][8, 19][3, 9][3, 4][3, 23][3, 4] 
[20, 7, 25, 11, 17, 12, 8, 19, 18, 0, 22][20, 4, 24, 1, 9, 23][21, 5, 15, 29, 27][2, 16, 28, 25][3, 14, 7][13, 6, 21][8, 26][6, 10][5, 15][5, 15][8, 19][2, 29] 
[18, 19, 8, 12, 17, 11, 25, 7, 20][1, 23, 3, 4, 24, 7, 2, 29][5, 15, 10, 27, 29][21, 6, 13, 18, 22][16, 28, 25][12, 0, 26][1, 14][8, 19][3, 9][3, 4][3, 23][3, 4] 
[18, 19, 8, 12, 17, 11, 25, 7, 20][1, 23, 3, 4, 24, 7, 2, 29][5, 15, 10, 27, 29][21, 6, 13, 18, 22][16, 28, 25][12, 0, 26][1, 14][8, 19][3, 9][3, 4][3, 23][3, 4] 
[18, 19, 8, 12, 17, 11, 25, 7, 20][1, 23, 3, 4, 24, 7, 2, 29][5, 15, 10, 27, 29][21, 6, 13, 18, 22][16, 28, 25][12, 0, 26][1, 14][8, 19][3, 9][3, 4][3, 23][3, 4] 
[20, 7, 25, 11, 17, 12, 8, 19, 18, 0, 22][20, 4, 24, 1, 9, 23][21, 5, 15, 29, 27][2, 16, 28, 25][3, 14, 7][13, 6, 21][8, 26][6, 10][5, 15][5, 15][8, 19][2, 29] 
[18, 19, 8, 12, 17, 11, 25, 7, 20][1, 23, 3, 4, 24, 7, 2, 29][5, 15, 10, 27, 29][21, 6, 13, 18, 22][16, 28, 25][12, 0, 26][1, 14][8, 19][3, 9][3, 4][3, 23][3, 4] 
[18, 19, 8, 12, 17, 11, 25, 7, 20][1, 23, 3, 4, 24, 7, 2, 29][5, 15, 10, 27, 29][21, 6, 13, 18, 22][16, 28, 25][12, 0, 26][1, 14][8, 19][3, 9][3, 4][3, 23][3, 4] 
[18, 19, 8, 12, 17, 11, 25, 7, 20][1, 23, 3, 4, 24, 7, 2, 29][5, 15, 10, 27, 29][21, 6, 13, 18, 22][16, 28, 25][12, 0, 26][1, 14][8, 19][3, 9][3, 4][3, 23][3, 4] 
[18, 19, 8, 12, 17, 11, 25, 7, 20][1, 23, 3, 4, 24, 7, 2, 29][5, 15, 10, 27, 29][21, 6, 13, 18, 22][16, 28, 25][12, 0, 26][1, 14][8, 19][3, 9][3, 4][3, 23][3, 4] 
[18, 19, 8, 12, 17, 11, 25, 7, 20][1, 23, 3, 4, 24, 7, 2, 29][5, 15, 10, 27, 29][21, 6, 13, 18, 22][16, 28, 25][12, 0, 26][1, 14][8, 19][3, 9][3, 4][3, 23][3, 4] 
[18, 19, 8, 12, 17, 11, 25, 7, 20][1, 23, 3, 4, 24, 7, 2, 29][5, 15, 10, 27, 29][21, 6, 13, 18, 22][16, 28, 25][12, 0, 26][1, 14][8, 19][3, 9][3, 4][3, 23][3, 4] 
[18, 19, 8, 12, 17, 11, 25, 7, 20][1, 23, 3, 4, 24, 7, 2, 29][5, 15, 10, 27, 29][21, 6, 13, 18, 22][16, 28, 25][12, 0, 26][1, 14][8, 19][3, 9][3, 4][3, 23][3, 4] 
[20, 7, 25, 11, 17, 12, 8, 19, 18, 0, 22][1, 23, 3, 4, 24, 7, 2, 29][21, 5, 15, 29, 27][10, 6, 13, 18][2, 16, 28][1, 14][8, 26][3, 9][3, 4][3, 4][6, 13][6, 13] 
[20, 4, 24, 1, 9, 23][8, 19, 12, 0, 26][21, 6, 13, 18, 22][5, 15, 10, 27, 29][2, 16, 28, 25][14, 11, 25][3, 11, 17][17, 22][0, 22][7, 14][7, 27][14, 23] 
[20, 4, 24, 1, 9, 23][21, 6, 13, 18, 22][8, 19, 12, 0, 26][5, 15, 10, 27, 29][2, 16, 28, 25][14, 11, 25][3, 11, 17][14, 23][17, 22][0, 22][7, 14][7, 27] 
[20, 4, 24, 1, 9, 23][21, 6, 13, 18, 22][5, 15, 10, 27, 29][8, 19, 12, 0, 26][2, 16, 28, 25][3, 11, 17][14, 11, 25][14, 23][17, 22][7, 14][7, 27][0, 22] 
[20, 4, 24, 1, 9, 23][21, 6, 13, 18, 22][5, 15, 10, 27, 29][8, 19, 12, 0, 26][2, 16, 28, 25][3, 11, 17][14, 11, 25][14, 23][17, 22][7, 14][7, 27][0, 22] 
[20, 4, 24, 1, 9, 23][21, 6, 13, 18, 22][5, 15, 10, 27, 29][8, 19, 12, 0, 26][2, 16, 28, 25][3, 11, 17][14, 11, 25][14, 23][17, 22][7, 14][7, 27][0, 22] 
[20, 4, 24, 1, 9, 23][5, 15, 10, 27, 29][21, 6, 13, 18, 22][8, 19, 12, 0, 26][2, 16, 28, 25][14, 11, 25][3, 11, 17][7, 27][7, 14][14, 23][17, 22][0, 22] 
[20, 4, 24, 1, 9, 23][21, 6, 13, 18, 22][5, 15, 10, 27, 29][8, 19, 12, 0, 26][2, 16, 28, 25][3, 11, 17][14, 11, 25][14, 23][17, 22][7, 14][7, 27][0, 22] 
[20, 4, 24, 1, 9, 23][21, 6, 13, 18, 22][5, 15, 10, 27, 29][8, 19, 12, 0, 26][2, 16, 28, 25][3, 11, 17][14, 11, 25][14, 23][17, 22][7, 14][7, 27][0, 22] 
[20, 4, 24, 1, 9, 23][21, 6, 13, 18, 22][5, 15, 10, 27, 29][8, 19, 12, 0, 26][2, 16, 28, 25][3, 11, 17][14, 11, 25][17, 22][7, 14][7, 27][14, 23][0, 22] 
[20, 4, 24, 1, 9, 23][21, 6, 13, 18, 22][8, 19, 12, 0, 26][5, 15, 10, 27, 29][2, 16, 28, 25][3, 11, 17][14, 11, 25][17, 22][14, 23][7, 14][0, 22][7, 27] 
[20, 4, 24, 1, 9, 23][21, 6, 13, 18, 22][5, 15, 10, 27, 29][8, 19, 12, 0, 26][2, 16, 28, 25][3, 11, 17][14, 11, 25][14, 23][17, 22][7, 14][7, 27][0, 22] 
[20, 4, 24, 1, 9, 23][21, 6, 13, 18, 22][8, 19, 12, 0, 26][5, 15, 10, 27, 29][2, 16, 28, 25][3, 11, 17][14, 11, 25][17, 22][14, 23][0, 22][7, 14][7, 27] 
[20, 4, 24, 1, 9, 23][8, 19, 12, 0, 26][21, 6, 13, 18, 22][5, 15, 10, 27, 29][2, 16, 28, 25][14, 11, 25][3, 11, 17][17, 22][0, 22][7, 14][7, 27][14, 23] 
[20, 4, 24, 1, 9, 23][21, 6, 13, 18, 22][8, 19, 12, 0, 26][5, 15, 10, 27, 29][2, 16, 28, 25][3, 11, 17][14, 11, 25][17, 22][14, 23][0, 22][7, 14][7, 27] 
[20, 4, 24, 1, 9, 23][5, 15, 10, 27, 29][8, 19, 12, 0, 26][21, 6, 13, 18, 22][2, 16, 28, 25][14, 11, 25][3, 11, 17][7, 27][7, 14][14, 23][17, 22][0, 22] 
[20, 4, 24, 1, 9, 23][8, 19, 12, 0, 26][5, 15, 10, 27, 29][18, 13, 6, 21][2, 16, 28, 25][18, 17, 22][3, 11, 17][14, 11, 25][0, 22][7, 14][14, 23][7, 27] 
[20, 4, 24, 1, 9, 23][8, 19, 12, 0, 26][5, 15, 10, 27, 29][18, 13, 6, 21][2, 16, 28, 25][18, 17, 22][3, 11, 17][14, 11, 25][0, 22][7, 14][14, 23][7, 27] 
[20, 4, 24, 1, 9, 23][5, 15, 10, 27, 29][8, 19, 12, 0, 26][2, 16, 28, 25][18, 13, 6, 21][14, 11, 25][3, 11, 17][18, 17, 22][14, 23][7, 14][7, 27][0, 22] 
[20, 4, 24, 1, 9, 23][5, 15, 10, 27, 29][8, 19, 12, 0, 26][2, 16, 28, 25][18, 13, 6, 21][14, 11, 25][3, 11, 17][18, 17, 22][14, 23][7, 14][7, 27][0, 22] 
[20, 4, 24, 1, 9, 23][5, 15, 10, 27, 29][8, 19, 12, 0, 26][2, 16, 28, 25][18, 13, 6, 21][14, 11, 25][3, 11, 17][18, 17, 22][7, 14][14, 23][7, 27][0, 22] 
[20, 4, 24, 1, 9, 23][21, 6, 13, 18, 22][8, 19, 12, 0, 26][5, 15, 10, 27, 29][2, 16, 28, 25][3, 11, 17][3, 14, 7][17, 22][14, 23][0, 22][7, 27][11, 25] 
[20, 4, 24, 1, 9, 23][21, 6, 13, 18, 22][8, 19, 12, 0, 26][5, 15, 10, 27, 29][2, 16, 28, 25][14, 11, 25][3, 11, 17][14, 23][17, 22][0, 22][7, 14][7, 27] 
[20, 4, 24, 1, 9, 23][8, 19, 12, 0, 26][21, 6, 13, 18, 22][5, 15, 10, 27, 29][2, 16, 28, 25][3, 11, 17][14, 11, 25][0, 22][17, 22][7, 14][14, 23][7, 27] 
[20, 4, 24, 1, 9, 23][21, 6, 13, 18, 22][8, 19, 12, 0, 26][5, 15, 10, 27, 29][2, 16, 28, 25][14, 11, 25][3, 11, 17][14, 23][17, 22][0, 22][7, 14][7, 27] 
[20, 4, 24, 1, 9, 23][21, 6, 13, 18, 22][8, 19, 12, 0, 26][5, 15, 10, 27, 29][2, 16, 28, 25][14, 11, 25][3, 11, 17][14, 23][17, 22][0, 22][7, 14][7, 27] 
[20, 4, 24, 1, 9, 23][21, 6, 13, 18, 22][8, 19, 12, 0, 26][5, 15, 10, 27, 29][2, 16, 28, 25][3, 11, 17][14, 11, 25][17, 22][14, 23][0, 22][7, 14][7, 27] 
[20, 4, 24, 1, 9, 23][21, 6, 13, 18, 22][5, 15, 10, 27, 29][8, 19, 12, 0, 26][2, 16, 28, 25][3, 11, 17][14, 11, 25][14, 23][17, 22][7, 14][7, 27][0, 22] 
[20, 4, 24, 1, 9, 23][21, 6, 13, 18, 22][5, 15, 10, 27, 29][8, 19, 12, 0, 26][2, 16, 28, 25][14, 11, 25][3, 11, 17][14, 23][7, 14][17, 22][7, 27][0, 22] 
[20, 4, 24, 1, 9, 23][5, 15, 10, 27, 29][8, 19, 12, 0, 26][2, 16, 28, 25][18, 13, 6, 21][14, 11, 25][3, 11, 17][18, 17, 22][7, 14][14, 23][7, 27][0, 22] 
[20, 4, 24, 1, 9, 23][8, 19, 12, 0, 26][5, 15, 10, 27, 29][18, 13, 6, 21][2, 16, 28, 25][18, 17, 22][3, 11, 17][14, 11, 25][0, 22][14, 23][7, 14][7, 27] 
[20, 4, 24, 1, 9, 23][8, 19, 12, 0, 26][5, 15, 10, 27, 29][18, 13, 6, 21][2, 16, 28, 25][18, 17, 22][3, 11, 17][14, 11, 25][0, 22][7, 14][14, 23][7, 27] 
[20, 4, 24, 1, 9, 23][5, 15, 10, 27, 29][8, 19, 12, 0, 26][2, 16, 28, 25][18, 13, 6, 21][14, 11, 25][3, 11, 17][18, 17, 22][7, 14][14, 23][7, 27][0, 22] 
[20, 4, 24, 1, 9, 23][8, 19, 12, 0, 26][5, 15, 10, 27, 29][18, 13, 6, 21][2, 16, 28, 25][18, 17, 22][3, 11, 17][14, 11, 25][0, 22][7, 14][14, 23][7, 27] 
[20, 4, 24, 1, 9, 23][8, 19, 12, 0, 26][5, 15, 10, 27, 29][18, 13, 6, 21][2, 16, 28, 25][18, 17, 22][3, 11, 17][14, 11, 25][0, 22][7, 14][7, 27][14, 23] 
[20, 4, 24, 1, 9, 23][8, 19, 12, 0, 26][5, 15, 10, 27, 29][18, 13, 6, 21][2, 16, 28, 25][18, 17, 22][3, 11, 17][14, 11, 25][0, 22][14, 23][7, 14][7, 27] 
[20, 4, 24, 1, 9, 23][8, 19, 12, 0, 26][5, 15, 10, 27, 29][18, 13, 6, 21][2, 16, 28, 25][18, 17, 22][3, 11, 17][14, 11, 25][0, 22][7, 14][14, 23][7, 27] 
[20, 4, 24, 1, 9, 23][8, 19, 12, 0, 26][5, 15, 10, 27, 29][18, 13, 6, 21][2, 16, 28, 25][18, 17, 22][3, 11, 17][14, 11, 25][0, 22][7, 14][7, 27][14, 23] 
[20, 4, 24, 1, 9, 23][5, 15, 10, 27, 29][8, 19, 12, 0, 26][18, 13, 6, 21][2, 16, 28, 25][18, 17, 22][3, 11, 17][14, 11, 25][7, 14][7, 27][0, 22][14, 23] 
[20, 4, 24, 1, 9, 23][8, 19, 12, 0, 26][5, 15, 10, 27, 29][18, 13, 6, 21][2, 16, 28, 25][18, 17, 22][3, 11, 17][14, 11, 25][0, 22][14, 23][7, 14][7, 27] 
[20, 4, 24, 1, 9, 23][5, 15, 10, 27, 29][8, 19, 12, 0, 26][2, 16, 28, 25][18, 13, 6, 21][14, 11, 25][3, 11, 17][18, 17, 22][7, 27][7, 14][0, 22][14, 23] 
[20, 4, 24, 1, 9, 23][8, 19, 12, 0, 26][5, 15, 10, 27, 29][18, 13, 6, 21][2, 16, 28, 25][18, 17, 22][3, 11, 17][14, 11, 25][0, 22][7, 14][7, 27][14, 23] 
[20, 4, 24, 1, 9, 23][5, 15, 10, 27, 29][8, 19, 12, 0, 26][2, 16, 28, 25][18, 13, 6, 21][14, 11, 25][3, 11, 17][18, 17, 22][7, 14][14, 23][7, 27][0, 22] 
[20, 4, 24, 1, 9, 23][5, 15, 10, 27, 29][8, 19, 12, 0, 26][2, 16, 28, 25][18, 13, 6, 21][14, 11, 25][3, 11, 17][18, 17, 22][7, 27][7, 14][14, 23][0, 22] 
[3, 23, 9, 1, 24, 4, 20][21, 6, 13, 18, 22][8, 19, 12, 0, 26][5, 15, 10, 27, 29][2, 16, 28, 25][14, 11, 25][17, 22][11, 17][0, 22][14, 23][7, 14][7, 27] 
[3, 23, 9, 1, 24, 4, 20][21, 6, 13, 18, 22][8, 19, 12, 0, 26][5, 15, 10, 27, 29][2, 16, 28, 25][14, 11, 25][17, 22][11, 17][0, 22][14, 23][7, 14][7, 27] 
[3, 23, 9, 1, 24, 4, 20][21, 6, 13, 18, 22][8, 19, 12, 0, 26][5, 15, 10, 27, 29][2, 16, 28, 25][14, 11, 25][17, 22][11, 17][0, 22][14, 23][7, 14][7, 27] 
[3, 23, 9, 1, 24, 4, 20][21, 6, 13, 18, 22][8, 19, 12, 0, 26][5, 15, 10, 27, 29][2, 16, 28, 25][14, 11, 25][0, 22][17, 22][11, 17][7, 14][7, 27][14, 23] 
[3, 23, 9, 1, 24, 4, 20][21, 6, 13, 18, 22][8, 19, 12, 0, 26][5, 15, 10, 27, 29][2, 16, 28, 25][14, 11, 25][0, 22][17, 22][11, 17][7, 14][7, 27][14, 23] 
[3, 23, 9, 1, 24, 4, 20][8, 19, 12, 0, 26][5, 15, 10, 27, 29][2, 16, 28, 25][18, 13, 6, 21][14, 11, 25][18, 17, 22][22, 25][0, 22][7, 14][14, 23][7, 27] 
[20, 4, 24, 1, 9, 23][8, 19, 12, 0, 26][5, 15, 10, 27, 29][21, 6, 13, 18, 22][2, 16, 28, 25][3, 11, 17][14, 11, 25][0, 22][17, 22][14, 23][7, 14][7, 27] 
[20, 4, 24, 1, 9, 23][21, 6, 13, 18, 22][5, 15, 10, 27, 29][8, 19, 12, 0, 26][2, 16, 28, 25][3, 11, 17][14, 11, 25][14, 23][17, 22][7, 14][7, 27][0, 22] 
[20, 4, 24, 1, 9, 23][5, 15, 10, 27, 29][8, 19, 12, 0, 26][21, 6, 13, 18, 22][2, 16, 28, 25][14, 11, 25][3, 11, 17][7, 27][7, 14][14, 23][17, 22][0, 22] 
[20, 4, 24, 1, 9, 23][21, 6, 13, 18, 22][8, 19, 12, 0, 26][5, 15, 10, 27, 29][2, 16, 28, 25][3, 11, 17][14, 11, 25][17, 22][14, 23][0, 22][7, 14][7, 27] 
[20, 4, 24, 1, 9, 23][21, 6, 13, 18, 22][8, 19, 12, 0, 26][5, 15, 10, 27, 29][2, 16, 28, 25][3, 11, 17][14, 11, 25][17, 22][14, 23][0, 22][7, 14][7, 27] 
[20, 4, 24, 1, 9, 23][5, 15, 10, 27, 29][8, 19, 12, 0, 26][18, 13, 6, 21][2, 16, 28, 25][3, 11, 17][18, 17, 22][14, 11, 25][7, 14][7, 27][0, 22][14, 23] 
[20, 4, 24, 1, 9, 23][21, 6, 13, 18, 22][8, 19, 12, 0, 26][5, 15, 10, 27, 29][2, 16, 28, 25][3, 11, 17][14, 11, 25][17, 22][14, 23][0, 22][7, 14][7, 27] 
