[19, 8, 26, 0, 12, 17, 22][9, 23, 24, 4, 14][1, 3, 11, 25, 28][18, 13, 6, 15, 27][5, 21, 2, 29][10, 7, 20][10, 29][4, 20][10, 16][16, 28][17, 28][16, 27] 
[8, 26, 0, 12, 17, 22][18, 13, 6, 15, 27][5, 21, 2, 29][4, 24, 23, 9][1, 3, 11, 25][16, 10, 29][10, 7, 20][14, 20, 24][19, 17, 28][16, 27][16, 28][25, 28] 
[8, 26, 0, 12, 17, 22][18, 13, 6, 15, 27][5, 21, 2, 29][4, 24, 23, 9][1, 3, 11, 25][16, 10, 29][10, 7, 20][14, 20, 24][19, 17, 28][16, 27][16, 28][25, 28] 
[8, 26, 0, 12, 17, 22][18, 13, 6, 15, 27][5, 21, 2, 29][4, 24, 23, 9][1, 3, 11, 25][16, 10, 29][10, 7, 20][14, 20, 24][19, 17, 28][16, 27][16, 28][25, 28] 
[8, 26, 0, 12, 17, 22][9, 23, 14, 4, 24][18, 13, 6, 15, 27][5, 21, 2, 29][1, 3, 11, 25][16, 10, 29][10, 7, 20][19, 17, 28][16, 28][14, 20][25, 28][16, 27] 
[8, 26, 0, 12, 17, 22][18, 13, 6, 15, 27][5, 21, 2, 29][4, 24, 23, 9][1, 3, 11, 25][16, 10, 29][10, 7, 20][14, 20, 24][19, 17, 28][16, 27][16, 28][25, 28] 
[8, 26, 0, 12, 17, 22][18, 13, 6, 15, 27][5, 21, 2, 29][4, 24, 23, 9][1, 3, 11, 25][19, 17, 28][16, 10, 29][10, 7, 20][14, 20, 24][16, 28][16, 27][25, 28] 
[8, 26, 0, 12, 17, 22][9, 23, 14, 4, 24][18, 13, 6, 15, 27][5, 21, 2, 29][1, 3, 11, 25][10, 7, 20][16, 10, 29][19, 17, 28][14, 20][16, 28][16, 27][25, 28] 
[8, 26, 0, 12, 17, 22][9, 23, 14, 4, 24][18, 13, 6, 15, 27][5, 21, 2, 29][1, 3, 11, 25][10, 7, 20][16, 10, 29][19, 17, 28][14, 20][16, 28][16, 27][25, 28] 
[8, 26, 0, 12, 17, 22][9, 23, 14, 4, 24][18, 13, 6, 15, 27][5, 21, 2, 29][1, 3, 11, 25][10, 7, 20][16, 10, 29][19, 17, 28][14, 20][16, 28][16, 27][25, 28] 
[19, 8, 26, 0, 12, 17, 22][1, 3, 11, 25, 28][18, 13, 6, 15, 27][9, 23, 24, 4, 14][5, 21, 2, 29][10, 7, 20][17, 28][16, 28][16, 27][10, 16][4, 20][10, 29] 
[8, 26, 0, 12, 17, 22][18, 13, 6, 15, 27][5, 21, 2, 29][4, 24, 23, 9][1, 3, 11, 25][19, 17, 28][16, 10, 29][10, 7, 20][14, 20, 24][16, 28][16, 27][25, 28] 
[8, 26, 0, 12, 17, 22][18, 13, 6, 15, 27][5, 21, 2, 29][4, 24, 23, 9][1, 3, 11, 25][16, 10, 29][10, 7, 20][14, 20, 24][19, 17, 28][16, 27][16, 28][25, 28] 
[8, 26, 0, 12, 17, 22][9, 23, 14, 4, 24][18, 13, 6, 15, 27][5, 21, 2, 29][1, 3, 11, 25][16, 10, 29][10, 7, 20][19, 17, 28][16, 28][14, 20][25, 28][16, 27] 
[8, 26, 0, 12, 17, 22][18, 13, 6, 15, 27][1, 3, 11, 25][5, 21, 2, 29][4, 24, 23, 9][19, 17, 28][16, 10, 29][10, 7, 20][14, 20, 24][25, 28][16, 28][16, 27] 
[8, 26, 0, 12, 17, 22][9, 23, 14, 4, 24][18, 13, 6, 15, 27][5, 21, 2, 29][1, 3, 11, 25][10, 7, 20][16, 10, 29][19, 17, 28][14, 20][16, 28][16, 27][25, 28] 
[19, 8, 26, 0, 12, 17, 22][9, 23, 24, 4, 14][18, 13, 6, 15, 27][1, 3, 11, 25, 28][5, 21, 2, 29][10, 7, 20][10, 29][10, 16][4, 20][16, 27][16, 28][17, 28] 
[8, 26, 0, 12, 17, 22][18, 13, 6, 15, 27][5, 21, 2, 29][4, 24, 23, 9][1, 3, 11, 25][16, 10, 29][10, 7, 20][14, 20, 24][19, 17, 28][16, 27][16, 28][25, 28] 
[8, 26, 0, 12, 17, 22][9, 23, 14, 4, 24][18, 13, 6, 15, 27][5, 21, 2, 29][1, 3, 11, 25][16, 10, 29][10, 7, 20][19, 17, 28][14, 20][16, 27][16, 28][25, 28] 
[19, 8, 26, 0, 12, 17, 22][1, 3, 11, 25, 28][18, 13, 6, 15, 27][9, 23, 24, 4, 14][5, 21, 2, 29][10, 7, 20][17, 28][16, 28][16, 27][10, 16][4, 20][10, 29] 
[19, 8, 26, 0, 12, 17, 22][1, 3, 11, 25, 28][18, 13, 6, 15, 27][9, 23, 24, 4, 14][5, 21, 2, 29][10, 7, 20][17, 28][16, 28][16, 27][10, 16][4, 20][10, 29] 
[8, 26, 0, 12, 17, 22][18, 13, 6, 15, 27][5, 21, 2, 29][4, 24, 23, 9][1, 3, 11, 25][16, 10, 29][10, 7, 20][14, 20, 24][19, 17, 28][16, 27][16, 28][25, 28] 
[8, 26, 0, 12, 17, 22][18, 13, 6, 15, 27][5, 21, 2, 29][4, 24, 23, 9][1, 3, 11, 25][16, 10, 29][10, 7, 20][14, 20, 24][19, 17, 28][16, 28][25, 28][16, 27] 
[8, 26, 0, 12, 17, 22][9, 23, 14, 4, 24][18, 13, 6, 15, 27][5, 21, 2, 29][1, 3, 11, 25][10, 7, 20][16, 10, 29][19, 17, 28][14, 20][16, 28][16, 27][25, 28] 
[8, 26, 0, 12, 17, 22][18, 13, 6, 15, 27][5, 21, 2, 29][4, 24, 23, 9][1, 3, 11, 25][16, 10, 29][10, 7, 20][14, 20, 24][19, 17, 28][16, 27][16, 28][25, 28] 
[8, 26, 0, 12, 17, 22][9, 23, 14, 4, 24][18, 13, 6, 15, 27][5, 21, 2, 29][1, 3, 11, 25][10, 7, 20][16, 10, 29][19, 17, 28][14, 20][16, 28][16, 27][25, 28] 
[19, 8, 26, 0, 12, 17, 22][1, 3, 11, 25, 28][18, 13, 6, 15, 27][9, 23, 24, 4, 14][5, 21, 2, 29][10, 7, 20][17, 28][16, 28][16, 27][10, 16][4, 20][10, 29] 
[8, 26, 0, 12, 17, 22][18, 13, 6, 15, 27][4, 24, 23, 9][5, 21, 2, 29][1, 3, 11, 25][14, 20, 24][10, 7, 20][16, 10, 29][19, 17, 28][16, 28][16, 27][25, 28] 
[8, 26, 0, 12, 17, 22][9, 23, 14, 4, 24][18, 13, 6, 15, 27][5, 21, 2, 29][1, 3, 11, 25][10, 7, 20][16, 10, 29][19, 17, 28][14, 20][16, 28][16, 27][25, 28] 
[19, 8, 26, 0, 12, 17, 22][9, 23, 24, 4, 14][18, 13, 6, 15, 27][1, 3, 11, 25, 28][5, 21, 2, 29][10, 7, 20][10, 29][10, 16][4, 20][16, 27][16, 28][17, 28] 
[19, 8, 26, 0, 12, 17, 22][9, 23, 24, 4, 14][18, 13, 6, 15, 27][1, 3, 11, 25, 28][5, 21, 2, 29][10, 7, 20][10, 29][4, 20][10, 16][16, 27][16, 28][17, 28] 
[8, 26, 0, 12, 17, 22][18, 13, 6, 15, 27][5, 21, 2, 29][4, 24, 23, 9][1, 3, 11, 25][16, 10, 29][10, 7, 20][14, 20, 24][19, 17, 28][16, 27][16, 28][25, 28] 
[8, 26, 0, 12, 17, 22][9, 23, 14, 4, 24][18, 13, 6, 15, 27][5, 21, 2, 29][1, 3, 11, 25][10, 7, 20][16, 10, 29][19, 17, 28][14, 20][16, 28][16, 27][25, 28] 
[19, 8, 26, 0, 12, 17, 22][18, 13, 6, 15, 27][9, 23, 24, 4, 14][1, 3, 11, 25, 28][5, 21, 2, 29][10, 7, 20][16, 27][10, 16][4, 20][10, 29][16, 28][17, 28] 
[19, 8, 26, 0, 12, 17, 22][9, 23, 24, 4, 14][18, 13, 6, 15, 27][1, 3, 11, 25, 28][5, 21, 2, 29][10, 7, 20][10, 29][4, 20][10, 16][16, 27][16, 28][17, 28] 
[5, 21, 2, 15, 6, 13, 18, 22, 17, 12, 0, 26, 8, 19][10, 7, 4, 24, 14, 1, 3, 11, 25, 28][9, 23, 20, 7, 2, 29][2, 27, 16][7, 10][13, 18][7, 10][7, 10][13, 18][7, 10][13, 18][13, 18] 
[5, 21, 2, 15, 6, 13, 18, 22, 17, 12, 0, 26, 8, 19][10, 7, 4, 24, 14, 1, 3, 11, 25, 28][9, 23, 20, 7, 2, 29][2, 27, 16][7, 10][13, 18][7, 10][7, 10][13, 18][7, 10][13, 18][13, 18] 
[5, 21, 2, 15, 6, 13, 18, 22, 17, 12, 0, 26, 8, 19][10, 7, 4, 24, 14, 1, 3, 11, 25, 28][9, 23, 20, 7, 2, 29][2, 27, 16][7, 10][13, 18][7, 10][7, 10][13, 18][7, 10][13, 18][13, 18] 
[5, 21, 6, 13, 18, 22, 17, 12, 0, 26, 8, 19][10, 7, 4, 24, 14, 1, 3, 11, 25, 28][9, 23, 20, 7, 2, 29][2, 27, 16, 15, 5][1, 3, 11, 25, 28][13, 18][13, 18][7, 10][13, 18][13, 18][7, 10][13, 18] 
[5, 21, 6, 13, 18, 22, 17, 12, 0, 26, 8, 19][10, 7, 4, 24, 14, 1, 3, 11, 25, 28][9, 23, 20, 7, 2, 29][2, 27, 16, 15, 5][1, 3, 11, 25, 28][13, 18][13, 18][7, 10][13, 18][13, 18][7, 10][13, 18] 
[5, 21, 6, 13, 18, 22, 17, 12, 0, 26, 8][10, 7, 4, 24, 14, 1, 3, 11, 25, 28][9, 23, 20, 7, 2, 29][2, 27, 16, 15, 5][8, 19][13, 18][13, 18][13, 18][13, 18][13, 18][13, 18][13, 18] 
[5, 21, 2, 15, 6, 13, 18, 22, 17, 12, 0, 26, 8, 19][10, 7, 4, 24, 14, 1, 3, 11, 25, 28][9, 23, 20, 7, 2, 29][2, 27, 16][7, 10][13, 18][7, 10][7, 10][13, 18][7, 10][13, 18][13, 18] 
[5, 21, 2, 15, 6, 13, 18, 22, 17, 12, 0, 26, 8, 19][10, 7, 4, 24, 14, 1, 3, 11, 25, 28][9, 23, 20, 7, 2, 29][8, 26, 0, 12, 17, 22][2, 27, 16][11, 25, 28][2, 21][7, 10][4, 24][13, 18][7, 10][13, 18] 
[5, 21, 6, 13, 18, 22, 17, 12, 0, 26, 8, 19][10, 7, 4, 24, 14, 1, 3, 11, 25, 28][9, 23, 20, 7, 2, 29][2, 27, 16, 15, 5][13, 18][7, 10][13, 18][7, 10][13, 18][13, 18][13, 18][13, 18] 
[5, 21, 2, 15, 6, 13, 18, 22, 17, 12, 0, 26, 8, 19][10, 7, 4, 24, 14, 1, 3, 11, 25, 28][9, 23, 20, 7, 2, 29][2, 27, 16][7, 10][13, 18][7, 10][7, 10][13, 18][7, 10][13, 18][13, 18] 
[5, 21, 2, 15, 6, 13, 18, 22, 17, 12, 0, 26, 8, 19][10, 7, 4, 24, 14, 1, 3, 11, 25, 28][9, 23, 20, 7, 2, 29][2, 27, 16][7, 10][13, 18][7, 10][7, 10][13, 18][7, 10][13, 18][13, 18] 
[5, 21, 2, 15, 6, 13, 18, 22, 17, 12, 0, 26, 8, 19][10, 7, 4, 24, 14, 1, 3, 11, 25, 28][9, 23, 20, 7, 2, 29][8, 26, 0, 12, 17, 22][2, 27, 16][11, 25, 28][2, 21][7, 10][4, 24][13, 18][7, 10][13, 18] 
[5, 21, 6, 13, 18, 22, 17, 12, 0, 26, 8, 19][10, 7, 4, 24, 14, 1, 3, 11, 25, 28][9, 23, 20, 7, 2, 29][2, 27, 16, 15, 5][13, 18][7, 10][13, 18][7, 10][13, 18][13, 18][13, 18][13, 18] 
[5, 21, 2, 15, 6, 13, 18, 22, 17, 12, 0, 26, 8, 19][10, 7, 4, 24, 14, 1, 3, 11, 25, 28][9, 23, 20, 7, 2, 29][8, 26, 0, 12, 17, 22][2, 27, 16][11, 25, 28][2, 21][7, 10][4, 24][13, 18][7, 10][13, 18] 
[5, 21, 2, 15, 6, 13, 18, 22, 17, 12, 0, 26, 8, 19][10, 7, 4, 24, 14, 1, 3, 11, 25, 28][9, 23, 20, 7, 2, 29][2, 27, 16][2, 21][25, 28][7, 10][4, 24][13, 18][7, 10][8, 26][13, 18] 
[5, 21, 2, 15, 6, 13, 18, 22, 17, 12, 0, 26, 8, 19][10, 7, 4, 24, 14, 1, 3, 11, 25, 28][9, 23, 20, 7, 2, 29][2, 27, 16][13, 18][13, 18][7, 10][13, 18][13, 18][13, 18][13, 18][13, 18] 
[5, 21, 2, 15, 6, 13, 18, 22, 17, 12, 0, 26, 8, 19][10, 7, 4, 24, 14, 1, 3, 11, 25, 28][9, 23, 20, 7, 2, 29][2, 27, 16][13, 18][13, 18][7, 10][13, 18][13, 18][13, 18][13, 18][13, 18] 
[5, 21, 2, 15, 6, 13, 18, 22, 17, 12, 0, 26, 8, 19][7, 4, 24, 14, 1, 3, 11, 25, 28][9, 23, 20, 7, 2, 29][2, 27, 16][13, 18][13, 18][7, 10][13, 18][13, 18][13, 18][13, 18][13, 18] 
[5, 21, 2, 15, 6, 13, 18, 22, 17, 12, 0, 26, 8, 19][10, 7, 4, 24, 14, 1, 3, 11, 25, 28][9, 23, 20, 7, 2, 29][2, 27, 16][7, 10][13, 18][7, 10][7, 10][13, 18][7, 10][13, 18][13, 18] 
[5, 21, 2, 15, 6, 13, 18, 22, 17, 12, 0, 26, 8, 19][10, 7, 4, 24, 14, 1, 3, 11, 25, 28][9, 23, 20, 7, 2, 29][2, 27, 16][13, 18][13, 18][7, 10][13, 18][13, 18][13, 18][13, 18][13, 18] 
[5, 21, 2, 15, 6, 13, 18, 22, 17, 12, 0, 26, 8, 19][10, 7, 4, 24, 14, 1, 3, 11, 25, 28][9, 23, 20, 7, 2, 29][2, 27, 16][13, 18][13, 18][7, 10][13, 18][13, 18][13, 18][13, 18][13, 18] 
[19, 8, 26, 0, 12, 17, 22][9, 23, 14, 4, 24][18, 13, 6, 15, 27][1, 3, 11, 25, 28][5, 21, 2, 29][10, 7, 20][4, 20][10, 16][10, 29][16, 27][16, 28][17, 28] 
[19, 8, 26, 0, 12, 17, 22][1, 3, 11, 25, 28][18, 13, 6, 15, 27][9, 23, 14, 4, 24][5, 21, 2, 29][10, 7, 20][16, 28][17, 28][16, 27][10, 16][4, 20][10, 29] 
[19, 8, 26, 0, 12, 17, 22][1, 3, 11, 25, 28][18, 13, 6, 15, 27][9, 23, 14, 4, 24][5, 21, 2, 29][10, 7, 20][16, 28][17, 28][16, 27][10, 16][4, 20][10, 29] 
[19, 8, 26, 0, 12, 17, 22][1, 3, 11, 25, 28][18, 13, 6, 15, 27][9, 23, 14, 4, 24][5, 21, 2, 29][10, 7, 20][16, 28][17, 28][16, 27][10, 16][4, 20][10, 29] 
[19, 8, 26, 0, 12, 17, 22][18, 13, 6, 15, 27][9, 23, 14, 4, 24][1, 3, 11, 25, 28][5, 21, 2, 29][10, 7, 20][16, 27][10, 16][4, 20][16, 28][17, 28][10, 29] 
[19, 8, 26, 0, 12, 17, 22][1, 3, 11, 25, 28][18, 13, 6, 15, 27][9, 23, 14, 4, 24][5, 21, 2, 29][10, 7, 20][17, 28][16, 28][16, 27][10, 16][4, 20][10, 29] 
[19, 8, 26, 0, 12, 17, 22][1, 3, 11, 25, 28][18, 13, 6, 15, 27][9, 23, 14, 4, 24][5, 21, 2, 29][10, 7, 20][16, 28][17, 28][16, 27][10, 16][4, 20][10, 29] 
[19, 8, 26, 0, 12, 17, 22][1, 3, 11, 25, 28][18, 13, 6, 15, 27][9, 23, 14, 4, 24][5, 21, 2, 29][10, 7, 20][16, 28][17, 28][16, 27][10, 16][4, 20][10, 29] 
[19, 8, 26, 0, 12, 17, 22][1, 3, 11, 25, 28][18, 13, 6, 15, 27][9, 23, 14, 4, 24][5, 21, 2, 29][10, 7, 20][17, 28][16, 28][16, 27][10, 16][4, 20][10, 29] 
[19, 8, 26, 0, 12, 17, 22][9, 23, 14, 4, 24][18, 13, 6, 15, 27][1, 3, 11, 25, 28][5, 21, 2, 29][10, 7, 20][4, 20][10, 16][10, 29][16, 27][16, 28][17, 28] 
[19, 8, 26, 0, 12, 17, 22][9, 23, 14, 4, 24][1, 3, 11, 25, 28][18, 13, 6, 15, 27][5, 21, 2, 29][10, 7, 20][4, 20][10, 16][10, 29][16, 28][16, 27][17, 28] 
[19, 8, 26, 0, 12, 17, 22][18, 13, 6, 15, 27][9, 23, 14, 4, 24][1, 3, 11, 25, 28][5, 21, 2, 29][10, 7, 20][16, 27][10, 16][4, 20][16, 28][17, 28][10, 29] 
[19, 8, 26, 0, 12, 17, 22][1, 3, 11, 25, 28][18, 13, 6, 15, 27][9, 23, 14, 4, 24][5, 21, 2, 29][10, 7, 20][16, 28][17, 28][16, 27][10, 16][4, 20][10, 29] 
[19, 8, 26, 0, 12, 17, 22][18, 13, 6, 15, 27][1, 3, 11, 25, 28][9, 23, 14, 4, 24][5, 21, 2, 29][10, 7, 20][16, 27][16, 28][17, 28][10, 16][10, 29][4, 20] 
[19, 8, 26, 0, 12, 17, 22][18, 13, 6, 15, 27][1, 3, 11, 25, 28][9, 23, 14, 4, 24][5, 21, 2, 29][10, 7, 20][10, 16][10, 29][16, 27][16, 28][17, 28][4, 20] 
[19, 8, 26, 0, 12, 17, 22][1, 3, 11, 25, 28][18, 13, 6, 15, 27][9, 23, 24, 4, 14][5, 21, 2, 29][10, 7, 20][17, 28][16, 28][10, 16][16, 27][4, 20][10, 29] 
[19, 8, 26, 0, 12, 17, 22][9, 23, 24, 4, 14][1, 3, 11, 25, 28][18, 13, 6, 15, 27][5, 21, 2, 29][10, 7, 20][4, 20][10, 16][16, 28][10, 29][16, 27][17, 28] 
[19, 8, 26, 0, 12, 17, 22][9, 23, 24, 4, 14][1, 3, 11, 25, 28][18, 13, 6, 15, 27][5, 21, 2, 29][10, 7, 20][4, 20][10, 16][16, 28][10, 29][16, 27][17, 28] 
[19, 8, 26, 0, 12, 17, 22][1, 3, 11, 25, 28][18, 13, 6, 15, 27][9, 23, 24, 4, 14][5, 21, 2, 29][10, 7, 20][17, 28][16, 28][10, 16][16, 27][4, 20][10, 29] 
[19, 8, 26, 0, 12, 17, 22][18, 13, 6, 15, 27][1, 3, 11, 25, 28][9, 23, 24, 4, 14][5, 21, 2, 29][10, 7, 20][16, 27][16, 28][10, 16][10, 29][4, 20][17, 28] 
[19, 8, 26, 0, 12, 17, 22][18, 13, 6, 15, 27][1, 3, 11, 25, 28][9, 23, 24, 4, 14][5, 21, 2, 29][10, 7, 20][16, 27][16, 28][10, 16][10, 29][4, 20][17, 28] 
[19, 8, 26, 0, 12, 17, 22][1, 3, 11, 25, 28][9, 23, 14, 4, 24][18, 13, 6, 15, 27][5, 21, 2, 29][10, 7, 20][10, 16][16, 28][10, 29][4, 20][17, 28][16, 27] 
[19, 8, 26, 0, 12, 17, 22][1, 3, 11, 25, 28][18, 13, 6, 15, 27][9, 23, 14, 4, 24][5, 21, 2, 29][10, 7, 20][16, 28][17, 28][16, 27][10, 16][4, 20][10, 29] 
[19, 8, 26, 0, 12, 17, 22][18, 13, 6, 15, 27][1, 3, 11, 25, 28][9, 23, 14, 4, 24][5, 21, 2, 29][10, 7, 20][10, 16][10, 29][16, 27][16, 28][17, 28][4, 20] 
[19, 8, 26, 0, 12, 17, 22][1, 3, 11, 25, 28][18, 13, 6, 15, 27][9, 23, 14, 4, 24][5, 21, 2, 29][10, 7, 20][16, 28][17, 28][16, 27][10, 16][4, 20][10, 29] 
[19, 8, 26, 0, 12, 17, 22][1, 3, 11, 25, 28][18, 13, 6, 15, 27][9, 23, 14, 4, 24][5, 21, 2, 29][10, 7, 20][16, 28][17, 28][16, 27][10, 16][4, 20][10, 29] 
[19, 8, 26, 0, 12, 17, 22][1, 3, 11, 25, 28][18, 13, 6, 15, 27][9, 23, 24, 4, 14][5, 21, 2, 29][10, 7, 20][17, 28][16, 28][10, 16][16, 27][4, 20][10, 29] 
[19, 8, 26, 0, 12, 17, 22][18, 13, 6, 15, 27][1, 3, 11, 25, 28][9, 23, 14, 4, 24][5, 21, 2, 29][10, 7, 20][10, 16][10, 29][16, 27][16, 28][17, 28][4, 20] 
[19, 8, 26, 0, 12, 17, 22][9, 23, 24, 4, 14][18, 13, 6, 15, 27][1, 3, 11, 25, 28][5, 21, 2, 29][10, 7, 20][10, 29][10, 16][4, 20][16, 27][16, 28][17, 28] 
[19, 8, 26, 0, 12, 17, 22][1, 3, 11, 25, 28][18, 13, 6, 15, 27][9, 23, 24, 4, 14][5, 21, 2, 29][10, 7, 20][17, 28][16, 28][16, 27][10, 16][4, 20][10, 29] 
[19, 8, 26, 0, 12, 17, 22][1, 3, 11, 25, 28][18, 13, 6, 15, 27][9, 23, 24, 4, 14][5, 21, 2, 29][10, 7, 20][17, 28][16, 28][16, 27][10, 16][4, 20][10, 29] 
[19, 8, 26, 0, 12, 17, 22][18, 13, 6, 15, 27][1, 3, 11, 25, 28][9, 23, 24, 4, 14][5, 21, 2, 29][10, 7, 20][10, 16][10, 29][16, 27][16, 28][4, 20][17, 28] 
[19, 8, 26, 0, 12, 17, 22][9, 23, 24, 4, 14][18, 13, 6, 15, 27][1, 3, 11, 25, 28][5, 21, 2, 29][10, 7, 20][4, 20][10, 29][10, 16][16, 27][16, 28][17, 28] 
[19, 8, 26, 0, 12, 17, 22][1, 3, 11, 25, 28][18, 13, 6, 15, 27][9, 23, 24, 4, 14][5, 21, 2, 29][10, 7, 20][17, 28][16, 28][16, 27][10, 16][4, 20][10, 29] 
[19, 8, 26, 0, 12, 17, 22][9, 23, 24, 4, 14][18, 13, 6, 15, 27][1, 3, 11, 25, 28][5, 21, 2, 29][10, 7, 20][10, 29][10, 16][4, 20][16, 27][16, 28][17, 28] 
[19, 8, 26, 0, 12, 17, 22][18, 13, 6, 15, 27][1, 3, 11, 25, 28][9, 23, 24, 4, 14][5, 21, 2, 29][10, 7, 20][10, 16][10, 29][16, 27][16, 28][4, 20][17, 28] 
[19, 8, 26, 0, 12, 17, 22][1, 3, 11, 25, 28][18, 13, 6, 15, 27][9, 23, 24, 4, 14][5, 21, 2, 29][10, 7, 20][17, 28][16, 28][16, 27][10, 16][4, 20][10, 29] 
[19, 8, 26, 0, 12, 17, 22][1, 3, 11, 25, 28][18, 13, 6, 15, 27][9, 23, 24, 4, 14][5, 21, 2, 29][10, 7, 20][17, 28][16, 28][16, 27][10, 16][4, 20][10, 29] 
[19, 8, 26, 0, 12, 17, 22][1, 3, 11, 25, 28][18, 13, 6, 15, 27][9, 23, 24, 4, 14][5, 21, 2, 29][10, 7, 20][17, 28][16, 28][16, 27][10, 16][4, 20][10, 29] 
[19, 8, 26, 0, 12, 17, 22][1, 3, 11, 25, 28][18, 13, 6, 15, 27][9, 23, 24, 4, 14][5, 21, 2, 29][10, 7, 20][17, 28][16, 28][16, 27][10, 16][4, 20][10, 29] 
[19, 8, 26, 0, 12, 17, 22][18, 13, 6, 15, 27][9, 23, 24, 4, 14][1, 3, 11, 25, 28][5, 21, 2, 29][10, 7, 20][16, 27][10, 16][4, 20][10, 29][16, 28][17, 28] 
[19, 8, 26, 0, 12, 17, 22][9, 23, 24, 4, 14][18, 13, 6, 15, 27][1, 3, 11, 25, 28][5, 21, 2, 29][10, 7, 20][10, 29][10, 16][4, 20][16, 27][16, 28][17, 28] 
[19, 8, 26, 0, 12, 17, 22][1, 3, 11, 25, 28][18, 13, 6, 15, 27][9, 23, 24, 4, 14][5, 21, 2, 29][10, 7, 20][17, 28][16, 28][16, 27][10, 16][4, 20][10, 29] 
[19, 8, 26, 0, 12, 17, 22][9, 23, 20, 14, 4, 24][18, 13, 6, 15, 27][1, 3, 11, 25, 28][5, 21, 2, 29][10, 7, 20][10, 29][10, 16][16, 27][16, 28][17, 28][8, 26] 
[19, 8, 26, 0, 12, 17, 22][9, 23, 20, 14, 4, 24][18, 13, 6, 15, 27][1, 3, 11, 25, 28][5, 21, 2, 29][10, 7, 20][10, 29][10, 16][16, 27][16, 28][17, 28][8, 26] 
[19, 8, 26, 0, 12, 17, 22][9, 23, 20, 14, 4, 24][18, 13, 6, 15, 27][1, 3, 11, 25, 28][5, 21, 2, 29][10, 7, 20][10, 29][10, 16][16, 27][16, 28][17, 28][8, 26] 
[19, 8, 26, 0, 12, 17, 22][9, 23, 20, 14, 4, 24][18, 13, 6, 15, 27][1, 3, 11, 25, 28][5, 21, 2, 29][10, 7, 20][10, 29][10, 16][16, 27][16, 28][17, 28][8, 26] 
[19, 8, 26, 0, 12, 17, 22][9, 23, 20, 14, 4, 24][18, 13, 6, 15, 27][1, 3, 11, 25, 28][5, 21, 2, 29][10, 7, 20][10, 29][10, 16][16, 27][16, 28][17, 28][8, 26] 
[19, 8, 26, 0, 12, 17, 22][9, 23, 20, 14, 4, 24][18, 13, 6, 15, 27][1, 3, 11, 25, 28][5, 21, 2, 29][10, 7, 20][10, 29][10, 16][16, 27][16, 28][17, 28][8, 26] 
[19, 8, 26, 0, 12, 17, 22][1, 3, 11, 25, 28][18, 13, 6, 15, 27][9, 23, 24, 4, 14][5, 21, 2, 29][10, 7, 20][17, 28][16, 28][10, 16][16, 27][4, 20][10, 29] 
[19, 8, 26, 0, 12, 17, 22][9, 23, 24, 4, 14][1, 3, 11, 25, 28][18, 13, 6, 15, 27][5, 21, 2, 29][10, 7, 20][4, 20][10, 16][16, 28][10, 29][16, 27][17, 28] 
[19, 8, 26, 0, 12, 17, 22][18, 13, 6, 15, 27][1, 3, 11, 25, 28][9, 23, 24, 4, 14][5, 21, 2, 29][10, 7, 20][10, 16][10, 29][16, 27][16, 28][4, 20][17, 28] 
[19, 8, 26, 0, 12, 17, 22][18, 13, 6, 15, 27][1, 3, 11, 25, 28][9, 23, 24, 4, 14][5, 21, 2, 29][10, 7, 20][10, 16][10, 29][16, 27][16, 28][4, 20][17, 28] 
[19, 8, 26, 0, 12, 17, 22][18, 13, 6, 15, 27][9, 23, 24, 4, 14][1, 3, 11, 25, 28][5, 21, 2, 29][10, 7, 20][16, 27][10, 16][10, 29][4, 20][16, 28][17, 28] 
[19, 8, 26, 0, 12, 17, 22][9, 23, 24, 4, 14][18, 13, 6, 15, 27][1, 3, 11, 25, 28][5, 21, 2, 29][10, 7, 20][4, 20][10, 29][10, 16][16, 27][16, 28][17, 28] 
[19, 8, 26, 0, 12, 17, 22][9, 23, 24, 4, 14][1, 3, 11, 25, 28][18, 13, 6, 15, 27][5, 21, 2, 29][10, 7, 20][4, 20][10, 16][16, 28][10, 29][16, 27][17, 28] 
