[11, 14, 9, 1, 4, 20][6, 13, 18, 22, 17, 19][23, 3, 24, 7, 25][2, 29, 10, 21, 5][0, 12, 8, 26][27, 16, 28][4, 24][25, 28][15, 27][0, 28][10, 15][0, 18] 
[6, 13, 18, 22, 17, 19][11, 14, 9, 1, 4, 20][2, 29, 10, 21, 5][23, 3, 24, 7, 25][0, 12, 8, 26][27, 16, 28][10, 15][15, 27][0, 28][25, 28][0, 18][4, 24] 
[6, 13, 18, 22, 17, 19][11, 14, 9, 1, 4, 20][2, 29, 10, 21, 5][7, 24, 3, 23][0, 12, 8, 26][15, 27, 16][7, 28, 25][16, 28][0, 28][10, 15][0, 18][4, 24] 
[6, 13, 18, 22, 17, 19][11, 14, 9, 1, 4, 20][2, 29, 10, 21, 5][7, 24, 3, 23][0, 12, 8, 26][15, 27, 16][7, 28, 25][16, 28][0, 28][10, 15][0, 18][4, 24] 
[11, 14, 9, 1, 4, 20][6, 13, 18, 22, 17][23, 3, 24, 7, 25][12, 8, 26, 0, 19][2, 29, 10, 21, 5][27, 16, 28][6, 16][25, 28][0, 18][4, 24][15, 27][10, 15] 
[11, 14, 9, 1, 4, 20][6, 13, 18, 22, 17][19, 0, 12, 8, 26][2, 29, 10, 21, 5][7, 24, 3, 23][7, 28, 25][15, 27, 16][0, 18][0, 28][16, 28][10, 15][4, 24] 
[11, 14, 9, 1, 4, 20][6, 13, 18, 22, 17, 19][23, 3, 24, 7, 25][2, 29, 10, 21, 5][0, 26, 8, 12][15, 27, 16][4, 24][25, 28][16, 28][0, 28][0, 18][10, 15] 
[11, 14, 9, 1, 4, 20][12, 8, 26, 0, 19][2, 29, 10, 21, 5][6, 13, 18, 22, 17][7, 24, 3, 23][7, 28, 25][15, 27, 16][16, 28][0, 28][10, 15][0, 18][4, 24] 
[11, 14, 9, 1, 4, 20][12, 8, 26, 0, 19][2, 29, 10, 21, 5][6, 13, 18, 22, 17][7, 24, 3, 23][7, 28, 25][15, 27, 16][16, 28][0, 28][10, 15][0, 18][4, 24] 
[11, 14, 9, 1, 4, 20][12, 8, 26, 0, 19][6, 13, 18, 22, 17][2, 29, 10, 21, 5][7, 24, 3, 23][7, 28, 25][15, 27, 16][0, 28][4, 24][16, 28][0, 18][10, 15] 
[6, 13, 18, 22, 17, 19][11, 14, 9, 1, 4, 20][23, 3, 24, 7, 25][2, 29, 10, 21, 5][0, 12, 8, 26][27, 16, 28][0, 18][0, 28][25, 28][4, 24][15, 27][10, 15] 
[6, 13, 18, 22, 17, 19][11, 14, 9, 1, 4, 20][2, 29, 10, 21, 5][23, 3, 24, 7, 25][0, 12, 8, 26][27, 16, 28][15, 27][10, 15][0, 28][25, 28][0, 18][4, 24] 
[6, 13, 18, 22, 17, 19][11, 14, 9, 1, 4, 20][2, 29, 10, 21, 5][0, 12, 8, 26][7, 24, 3, 23][7, 28, 25][15, 27, 16][0, 18][0, 28][16, 28][10, 15][4, 24] 
[11, 14, 9, 1, 4, 20][6, 13, 18, 22, 17][23, 3, 24, 7, 25][12, 8, 26, 0, 19][2, 29, 10, 21, 5][27, 16, 28][6, 16][25, 28][0, 18][4, 24][15, 27][10, 15] 
[11, 14, 9, 1, 4, 20][6, 13, 18, 22, 17][19, 0, 12, 8, 26][2, 29, 10, 21, 5][7, 24, 3, 23][7, 28, 25][15, 27, 16][0, 18][0, 28][16, 28][10, 15][4, 24] 
[11, 14, 9, 1, 4, 20][12, 8, 26, 0, 19][6, 13, 18, 22, 17][2, 29, 10, 21, 5][7, 24, 3, 23][7, 28, 25][15, 27, 16][0, 28][4, 24][16, 28][0, 18][10, 15] 
[11, 14, 9, 1, 4, 20][6, 13, 18, 22, 17, 19][2, 29, 10, 21, 5][23, 3, 24, 7, 25][0, 12, 8, 26][27, 16, 28][10, 15][15, 27][25, 28][4, 24][0, 28][0, 18] 
[11, 14, 9, 1, 4, 20][6, 13, 18, 22, 17, 19][2, 29, 10, 21, 5][23, 3, 24, 7, 25][0, 12, 8, 26][27, 16, 28][10, 15][15, 27][25, 28][4, 24][0, 28][0, 18] 
[11, 14, 9, 1, 4, 20][6, 13, 18, 22, 17][23, 3, 24, 7, 25][12, 8, 26, 0, 19][2, 29, 10, 21, 5][27, 16, 28][6, 16][25, 28][0, 18][4, 24][15, 27][10, 15] 
[11, 14, 9, 1, 4, 20][6, 13, 18, 22, 17, 19][2, 29, 10, 21, 5][23, 3, 24, 7, 25][0, 12, 8, 26][27, 16, 28][10, 15][15, 27][25, 28][4, 24][0, 28][0, 18] 
[11, 14, 9, 1, 4, 20][6, 13, 18, 22, 17, 19][23, 3, 24, 7, 25][2, 29, 10, 21, 5][0, 12, 8, 26][27, 16, 28][4, 24][25, 28][15, 27][0, 28][10, 15][0, 18] 
[6, 13, 18, 22, 17, 19][11, 14, 9, 1, 4, 20][23, 3, 24, 7, 25][2, 29, 10, 21, 5][0, 12, 8, 26][27, 16, 28][25, 28][0, 28][0, 18][4, 24][15, 27][10, 15] 
[6, 13, 18, 22, 17, 19][11, 14, 9, 1, 4, 20][2, 29, 10, 21, 5][0, 12, 8, 26][7, 24, 3, 23][7, 28, 25][15, 27, 16][0, 18][0, 28][16, 28][10, 15][4, 24] 
[11, 14, 9, 1, 4, 20][6, 13, 18, 22, 17][23, 3, 24, 7, 25][12, 8, 26, 0, 19][2, 29, 10, 21, 5][27, 16, 28][6, 16][25, 28][0, 18][4, 24][15, 27][10, 15] 
[11, 14, 9, 1, 4, 20][6, 13, 18, 22, 17][19, 0, 12, 8, 26][2, 29, 10, 21, 5][7, 24, 3, 23][7, 28, 25][15, 27, 16][0, 18][0, 28][16, 28][10, 15][4, 24] 
[11, 14, 9, 1, 4, 20][12, 8, 26, 0, 19][6, 13, 18, 22, 17][2, 29, 10, 21, 5][7, 24, 3, 23][7, 28, 25][15, 27, 16][0, 28][0, 18][4, 24][16, 28][10, 15] 
[6, 13, 18, 22, 17, 19][11, 14, 9, 1, 4, 20][2, 29, 10, 21, 5][23, 3, 24, 7, 25][0, 12, 8, 26][27, 16, 28][10, 15][15, 27][25, 28][0, 28][0, 18][4, 24] 
[6, 13, 18, 22, 17, 19][11, 14, 9, 1, 4, 20][23, 3, 24, 7, 25][2, 29, 10, 21, 5][0, 12, 8, 26][27, 16, 28][0, 18][0, 28][25, 28][4, 24][15, 27][10, 15] 
[11, 14, 9, 1, 4, 20][6, 13, 18, 22, 17][23, 3, 24, 7, 25][12, 8, 26, 0, 19][2, 29, 10, 21, 5][27, 16, 28][6, 16][25, 28][0, 18][4, 24][15, 27][10, 15] 
[11, 14, 9, 1, 4, 20][6, 13, 18, 22, 17, 19][23, 3, 24, 7, 25][2, 29, 10, 21, 5][0, 12, 8, 26][27, 16, 28][15, 27][25, 28][0, 28][10, 15][4, 24][0, 18] 
[6, 13, 18, 22, 17, 19][11, 14, 9, 1, 4, 20][23, 3, 24, 7, 25][2, 29, 10, 21, 5][0, 12, 8, 26][27, 16, 28][0, 18][0, 28][25, 28][4, 24][15, 27][10, 15] 
[6, 13, 18, 22, 17, 19][11, 14, 9, 1, 4, 20][23, 3, 24, 7, 25][2, 29, 10, 21, 5][0, 12, 8, 26][27, 16, 28][0, 18][0, 28][25, 28][4, 24][15, 27][10, 15] 
[11, 14, 9, 1, 4, 20][6, 13, 18, 22, 17][23, 3, 24, 7, 25][12, 8, 26, 0, 19][2, 29, 10, 21, 5][27, 16, 28][6, 16][25, 28][0, 18][4, 24][15, 27][10, 15] 
[6, 13, 18, 22, 17, 19][11, 14, 9, 1, 4, 20][2, 29, 10, 21, 5][23, 3, 24, 7, 25][0, 12, 8, 26][27, 16, 28][10, 15][15, 27][0, 28][25, 28][0, 18][4, 24] 
[6, 13, 18, 22, 17, 19][11, 14, 9, 1, 4, 20][23, 3, 24, 7, 25][2, 29, 10, 21, 5][0, 12, 8, 26][27, 16, 28][0, 18][0, 28][25, 28][15, 27][4, 24][10, 15] 
[18, 13, 6, 21, 5, 15, 27, 7, 16, 2, 10, 29][12, 17, 11, 14, 1, 9, 23][8, 26, 0, 19, 22, 17][1, 4, 20, 14, 24, 7][7, 24, 3, 23][7, 28, 25][0, 19][0, 19][15, 27][0, 19][15, 27][0, 19] 
[18, 13, 6, 21, 5, 15, 27, 7, 16, 2, 10, 29][12, 17, 11, 14, 1, 9, 23][8, 26, 0, 19, 22, 17][1, 4, 20, 14, 24, 7][7, 24, 3, 23][7, 28, 25][0, 19][0, 19][15, 27][0, 19][15, 27][0, 19] 
[18, 13, 6, 21, 5, 15, 27, 7, 16, 2, 10, 29][12, 17, 11, 14, 1, 9, 23][8, 26, 0, 19, 22, 17][7, 24, 3, 23][7, 28, 25][1, 4, 20][0, 19][0, 19][15, 27][0, 19][15, 27][0, 19] 
[18, 13, 6, 21, 5, 15, 27, 7, 16, 2, 10, 29][12, 17, 11, 14, 1, 9, 23][8, 26, 0, 19, 22, 17][7, 24, 3, 23][7, 28, 25][1, 4, 20][15, 27][0, 19][6, 13][0, 19][15, 27][0, 19] 
[18, 13, 6, 21, 5, 15, 27, 7, 16, 2, 10, 29][12, 17, 11, 14, 1, 9, 23][8, 26, 0, 19, 22, 17][7, 24, 3, 23][7, 28, 25][1, 4, 20][15, 27][0, 19][6, 13][0, 19][15, 27][0, 19] 
[13, 6, 21, 5, 15, 27, 7, 16, 2, 10, 29][12, 17, 11, 14, 1, 9, 23][8, 26, 0, 19, 22, 17][7, 24, 3, 23][1, 4, 20][7, 28, 25][0, 19][13, 18][0, 19][15, 27][0, 19][15, 27] 
[18, 13, 6, 21, 5, 15, 27, 7, 16, 2, 10, 29][12, 17, 11, 14, 1, 9, 23][8, 26, 0, 19, 22, 17][7, 24, 3, 23][7, 28, 25][1, 4, 20][0, 19][0, 19][15, 27][0, 19][15, 27][0, 19] 
[18, 13, 6, 21, 5, 15, 27, 7, 16, 2, 10, 29][12, 17, 11, 14, 1, 9, 23][8, 26, 0, 19, 22, 17][7, 24, 3, 23][7, 28, 25][1, 4, 20][0, 19][0, 19][15, 27][0, 19][15, 27][0, 19] 
[18, 13, 6, 21, 5, 15, 27, 7, 16, 2, 10, 29][12, 17, 11, 14, 1, 9, 23][8, 26, 0, 19, 22, 17][7, 24, 3, 23][7, 28, 25][1, 4, 20][15, 27][0, 19][6, 13][0, 19][15, 27][0, 19] 
[18, 13, 6, 21, 5, 15, 27, 7, 16, 2, 10, 29][12, 17, 11, 14, 1, 9, 23][8, 26, 0, 19, 22, 17][7, 24, 3, 23][7, 28, 25][1, 4, 20][0, 19][0, 19][15, 27][0, 19][15, 27][0, 19] 
[18, 13, 6, 21, 5, 15, 27, 7, 16, 2, 10, 29][12, 17, 11, 14, 1, 9, 23][8, 26, 0, 19, 22, 17][7, 24, 3, 23][7, 28, 25][1, 4, 20][0, 19][0, 19][15, 27][0, 19][15, 27][0, 19] 
[18, 13, 6, 21, 5, 15, 27, 7, 16, 2, 10, 29][12, 17, 11, 14, 1, 9, 23][8, 26, 0, 19, 22, 17][7, 24, 3, 23][7, 28, 25][1, 4, 20][0, 19][0, 19][15, 27][0, 19][15, 27][0, 19] 
[18, 13, 6, 21, 5, 15, 27, 7, 16, 2, 10, 29][12, 17, 11, 14, 1, 9, 23][8, 26, 0, 19, 22, 17][7, 24, 3, 23][7, 28, 25][1, 4, 20][15, 27][0, 19][6, 13][0, 19][15, 27][0, 19] 
[18, 13, 6, 21, 5, 15, 27, 7, 16, 2, 10, 29][12, 17, 11, 14, 1, 9, 23][8, 26, 0, 19, 22, 17][7, 24, 3, 23][7, 28, 25][1, 4, 20][0, 19][0, 19][15, 27][0, 19][15, 27][0, 19] 
[18, 13, 6, 21, 5, 15, 27, 7, 16, 2, 10, 29][12, 17, 11, 14, 1, 9, 23][8, 26, 0, 19, 22, 17][7, 24, 3, 23][7, 28, 25][1, 4, 20][0, 19][0, 19][15, 27][0, 19][15, 27][0, 19] 
[10, 27, 15, 5, 6, 13, 18, 12, 8, 26, 0, 19, 22, 17][18, 13, 6, 21, 5, 15, 27, 7, 16, 2, 10, 29][12, 17, 11, 14, 1, 9, 23][7, 24, 3, 23][7, 28, 25][1, 4, 20][0, 19][15, 27][0, 19][15, 27][15, 27][0, 19] 
[10, 27, 15, 5, 6, 13, 18, 12, 8, 26, 0, 19, 22, 17][18, 13, 6, 21, 5, 15, 27, 7, 16, 2, 10, 29][12, 17, 11, 14, 1, 9, 23][7, 24, 3, 23][7, 28, 25][1, 4, 20][10, 27, 15][0, 19][0, 19][15, 27][15, 27][0, 19] 
[18, 13, 6, 21, 5, 15, 27, 7, 16, 2, 10, 29][12, 17, 11, 14, 1, 9, 23][8, 26, 0, 19, 22, 17][7, 24, 3, 23][7, 28, 25][1, 4, 20][0, 19][0, 19][15, 27][0, 19][15, 27][0, 19] 
[10, 27, 15, 5, 6, 13, 18, 12, 8, 26, 0, 19, 22, 17][18, 13, 6, 21, 5, 15, 27, 7, 16, 2, 10, 29][12, 17, 11, 14, 1, 9, 23][7, 24, 3, 23][7, 28, 25][1, 4, 20][10, 27, 15][0, 19][0, 19][15, 27][15, 27][0, 19] 
[18, 13, 6, 21, 5, 15, 27, 7, 16, 2, 10, 29][4, 14, 1, 9, 23, 3, 24, 7][12, 17, 11, 14, 1, 9, 23][8, 26, 0, 19, 22, 17][7, 28, 25][1, 4, 20][0, 19][15, 27][0, 19][15, 27][15, 27][0, 19] 
[10, 27, 15, 5, 6, 13, 18, 12, 8, 26, 0, 19, 22, 17][18, 13, 6, 21, 5, 15, 27, 7, 16, 2, 10, 29][12, 17, 11, 14, 1, 9, 23][7, 24, 3, 23][7, 28, 25][1, 4, 20][0, 19][15, 27][0, 19][15, 27][15, 27][0, 19] 
[11, 14, 9, 1, 4, 20][23, 3, 24, 7, 25][12, 8, 26, 0, 19][6, 13, 18, 22, 17][2, 29, 10, 21, 5][15, 27, 16][16, 28][25, 28][0, 28][4, 24][0, 18][10, 15] 
[11, 14, 9, 1, 4, 20][12, 8, 26, 0, 19][6, 13, 18, 22, 17][23, 3, 24, 7, 25][2, 29, 10, 21, 5][15, 27, 16][0, 18][0, 28][16, 28][25, 28][4, 24][10, 15] 
[11, 14, 9, 1, 4, 20][12, 8, 26, 0, 19][6, 13, 18, 22, 17][23, 3, 24, 7, 25][2, 29, 10, 21, 5][15, 27, 16][0, 28][0, 18][25, 28][16, 28][4, 24][10, 15] 
[11, 14, 9, 1, 4, 20][6, 13, 18, 22, 17][12, 8, 26, 0, 19][23, 3, 24, 7, 25][2, 29, 10, 21, 5][15, 27, 16][0, 18][0, 28][16, 28][25, 28][4, 24][10, 15] 
[11, 14, 9, 1, 4, 20][23, 3, 24, 7, 25][12, 8, 26, 0, 19][6, 13, 18, 22, 17][2, 29, 10, 21, 5][15, 27, 16][16, 28][25, 28][0, 28][4, 24][0, 18][10, 15] 
[11, 14, 9, 1, 4, 20][12, 8, 26, 0, 19][6, 13, 18, 22, 17][23, 3, 24, 7, 25][2, 29, 10, 21, 5][15, 27, 16][0, 28][16, 28][0, 18][25, 28][4, 24][10, 15] 
[11, 14, 9, 1, 4, 20][12, 8, 26, 0, 19][6, 13, 18, 22, 17][23, 3, 24, 7, 25][2, 29, 10, 21, 5][15, 27, 16][0, 28][16, 28][0, 18][25, 28][4, 24][10, 15] 
[11, 14, 9, 1, 4, 20][12, 8, 26, 0, 19][6, 13, 18, 22, 17][23, 3, 24, 7, 25][2, 29, 10, 21, 5][15, 27, 16][0, 18][0, 28][16, 28][25, 28][10, 15][4, 24] 
[11, 14, 9, 1, 4, 20][23, 3, 24, 7, 25][12, 8, 26, 0, 19][6, 13, 18, 22, 17][2, 29, 10, 21, 5][15, 27, 16][16, 28][25, 28][0, 28][4, 24][0, 18][10, 15] 
[11, 14, 9, 1, 4, 20][12, 8, 26, 0, 19][6, 13, 18, 22, 17][23, 3, 24, 7, 25][2, 29, 10, 21, 5][15, 27, 16][0, 18][0, 28][16, 28][25, 28][10, 15][4, 24] 
[11, 14, 9, 1, 4, 20][6, 13, 18, 22, 17][12, 8, 26, 0, 19][23, 3, 24, 7, 25][2, 29, 10, 21, 5][15, 27, 16][0, 18][0, 28][16, 28][25, 28][4, 24][10, 15] 
[11, 14, 9, 1, 4, 20][12, 8, 26, 0, 19][6, 13, 18, 22, 17][23, 3, 24, 7, 25][2, 29, 10, 21, 5][15, 27, 16][0, 18][0, 28][16, 28][25, 28][4, 24][10, 15] 
[11, 14, 9, 1, 4, 20][6, 13, 18, 22, 17][12, 8, 26, 0, 19][23, 3, 24, 7, 25][2, 29, 10, 21, 5][15, 27, 16][0, 18][0, 28][16, 28][25, 28][4, 24][10, 15] 
[11, 14, 9, 1, 4, 20][23, 3, 24, 7, 25][12, 8, 26, 0, 19][6, 13, 18, 22, 17][2, 29, 10, 21, 5][15, 27, 16][4, 24][25, 28][0, 28][0, 18][16, 28][10, 15] 
[11, 14, 9, 1, 4, 20][23, 3, 24, 7, 25][12, 8, 26, 0, 19][6, 13, 18, 22, 17][2, 29, 10, 21, 5][15, 27, 16][16, 28][25, 28][0, 28][4, 24][0, 18][10, 15] 
[6, 13, 18, 22, 17, 19][11, 14, 9, 1, 4, 20][23, 3, 24, 7, 25][2, 29, 10, 21, 5][0, 12, 8, 26][27, 16, 28][25, 28][0, 28][0, 18][4, 24][15, 27][10, 15] 
[6, 13, 18, 22, 17, 19][11, 14, 9, 1, 4, 20][23, 3, 24, 7, 25][2, 29, 10, 21, 5][0, 12, 8, 26][27, 16, 28][0, 28][0, 18][25, 28][15, 27][4, 24][10, 15] 
[11, 14, 9, 1, 4, 20][6, 13, 18, 22, 17, 19][23, 3, 24, 7, 25][2, 29, 10, 21, 5][0, 12, 8, 26][27, 16, 28][25, 28][0, 28][4, 24][0, 18][15, 27][10, 15] 
[11, 14, 9, 1, 4, 20][6, 13, 18, 22, 17, 19][23, 3, 24, 7, 25][2, 29, 10, 21, 5][0, 12, 8, 26][27, 16, 28][25, 28][0, 28][4, 24][0, 18][15, 27][10, 15] 
[6, 13, 18, 22, 17, 19][11, 14, 9, 1, 4, 20][23, 3, 24, 7, 25][2, 29, 10, 21, 5][0, 12, 8, 26][27, 16, 28][0, 18][0, 28][25, 28][4, 24][15, 27][10, 15] 
[11, 14, 9, 1, 4, 20][6, 13, 18, 22, 17, 19][2, 29, 10, 21, 5][7, 24, 3, 23][0, 12, 8, 26][7, 28, 25][27, 16, 28][4, 24][0, 28][0, 18][15, 27][10, 15] 
[11, 14, 9, 1, 4, 20][2, 29, 10, 21, 5][12, 8, 26, 0, 19][23, 3, 24, 7, 25][6, 13, 18, 22, 17][15, 27, 16][10, 15][16, 28][0, 28][25, 28][4, 24][0, 18] 
[11, 14, 9, 1, 4, 20][12, 8, 26, 0, 19][6, 13, 18, 22, 17][23, 3, 24, 7, 25][2, 29, 10, 21, 5][15, 27, 16][0, 28][0, 18][25, 28][4, 24][16, 28][10, 15] 
[11, 14, 9, 1, 4, 20][23, 3, 24, 7, 25][12, 8, 26, 0, 19][6, 13, 18, 22, 17][2, 29, 10, 21, 5][15, 27, 16][16, 28][25, 28][0, 28][4, 24][0, 18][10, 15] 
[11, 14, 9, 1, 4, 20][12, 8, 26, 0, 19][6, 13, 18, 22, 17][23, 3, 24, 7, 25][2, 29, 10, 21, 5][15, 27, 16][0, 18][0, 28][16, 28][25, 28][4, 24][10, 15] 
[11, 14, 9, 1, 4, 20][12, 8, 26, 0, 19][6, 13, 18, 22, 17][23, 3, 24, 7, 25][2, 29, 10, 21, 5][15, 27, 16][0, 18][0, 28][16, 28][25, 28][4, 24][10, 15] 
[6, 13, 18, 22, 17, 19][11, 14, 9, 1, 4, 20][23, 3, 24, 7, 25][2, 29, 10, 21, 5][0, 26, 8, 12][27, 16, 28][0, 18][0, 28][25, 28][4, 24][15, 27][10, 15] 
[11, 14, 9, 1, 4, 20][12, 8, 26, 0, 19][6, 13, 18, 22, 17][23, 3, 24, 7, 25][2, 29, 10, 21, 5][15, 27, 16][0, 28][0, 18][25, 28][4, 24][16, 28][10, 15] 
[6, 13, 18, 22, 17, 19][11, 14, 9, 1, 4, 20][23, 3, 24, 7, 25][2, 29, 10, 21, 5][0, 12, 8, 26][27, 16, 28][0, 18][0, 28][25, 28][4, 24][15, 27][10, 15] 
[6, 13, 18, 22, 17, 19][11, 14, 9, 1, 4, 20][23, 3, 24, 7, 25][2, 29, 10, 21, 5][0, 12, 8, 26][27, 16, 28][0, 18][0, 28][25, 28][4, 24][15, 27][10, 15] 
[6, 13, 18, 22, 17, 19][11, 14, 9, 1, 4, 20][23, 3, 24, 7, 25][2, 29, 10, 21, 5][0, 12, 8, 26][27, 16, 28][0, 28][0, 18][25, 28][15, 27][4, 24][10, 15] 
[6, 13, 18, 22, 17, 19][11, 14, 9, 1, 4, 20][2, 29, 10, 21, 5][23, 3, 24, 7, 25][0, 12, 8, 26][27, 16, 28][10, 15][15, 27][0, 28][25, 28][0, 18][4, 24] 
[6, 13, 18, 22, 17, 19][11, 14, 9, 1, 4, 20][2, 29, 10, 21, 5][23, 3, 24, 7, 25][0, 12, 8, 26][27, 16, 28][15, 27][10, 15][0, 28][25, 28][0, 18][4, 24] 
[11, 14, 9, 1, 4, 20][6, 13, 18, 22, 17, 19][23, 3, 24, 7, 25][2, 29, 10, 21, 5][0, 12, 8, 26][27, 16, 28][4, 24][25, 28][15, 27][0, 28][10, 15][0, 18] 
[11, 14, 9, 1, 4, 20][6, 13, 18, 22, 17, 19][2, 29, 10, 21, 5][23, 3, 24, 7, 25][0, 12, 8, 26][27, 16, 28][10, 15][15, 27][25, 28][4, 24][0, 28][0, 18] 
[6, 13, 18, 22, 17, 19][11, 14, 9, 1, 4, 20][23, 3, 24, 7, 25][2, 29, 10, 21, 5][0, 12, 8, 26][27, 16, 28][0, 18][0, 28][25, 28][4, 24][15, 27][10, 15] 
[6, 13, 18, 22, 17, 19][11, 14, 9, 1, 4, 20][2, 29, 10, 21, 5][23, 3, 24, 7, 25][0, 12, 8, 26][27, 16, 28][10, 15][15, 27][25, 28][0, 28][0, 18][4, 24] 
[11, 14, 9, 1, 4, 20][6, 13, 18, 22, 17, 19][23, 3, 24, 7, 25][2, 29, 10, 21, 5][0, 12, 8, 26][27, 16, 28][15, 27][25, 28][0, 28][10, 15][4, 24][0, 18] 
[11, 14, 9, 1, 4, 20][6, 13, 18, 22, 17, 19][23, 3, 24, 7, 25][2, 29, 10, 21, 5][0, 12, 8, 26][27, 16, 28][4, 24][25, 28][15, 27][0, 28][10, 15][0, 18] 
[6, 13, 18, 22, 17, 19][11, 14, 9, 1, 4, 20][23, 3, 24, 7, 25][2, 29, 10, 21, 5][0, 12, 8, 26][27, 16, 28][0, 18][0, 28][25, 28][4, 24][15, 27][10, 15] 
[6, 13, 18, 22, 17, 19][11, 14, 9, 1, 4, 20][2, 29, 10, 21, 5][23, 3, 24, 7, 25][0, 12, 8, 26][27, 16, 28][10, 15][15, 27][0, 28][25, 28][0, 18][4, 24] 
[6, 13, 18, 22, 17, 19][11, 14, 9, 1, 4, 20][2, 29, 10, 21, 5][23, 3, 24, 7, 25][0, 12, 8, 26][27, 16, 28][10, 15][15, 27][0, 28][25, 28][0, 18][4, 24] 
[6, 13, 18, 22, 17, 19][11, 14, 9, 1, 4, 20][2, 29, 10, 21, 5][23, 3, 24, 7, 25][0, 12, 8, 26][27, 16, 28][10, 15][15, 27][0, 28][25, 28][0, 18][4, 24] 
[11, 14, 9, 1, 4, 20][6, 13, 18, 22, 17, 19][5, 21, 10, 29, 2, 27][7, 24, 3, 23][0, 12, 8, 26][7, 28, 25][16, 28][4, 24][0, 28][0, 18][15, 16][10, 15] 
[11, 14, 9, 1, 4, 20][6, 13, 18, 22, 17, 19][5, 21, 10, 29, 2, 27][7, 24, 3, 23][0, 12, 8, 26][7, 28, 25][16, 28][4, 24][0, 28][0, 18][15, 16][10, 15] 
[11, 14, 9, 1, 4, 20][6, 13, 18, 22, 17, 19][5, 21, 10, 29, 2, 27][7, 24, 3, 23][0, 12, 8, 26][7, 28, 25][16, 28][4, 24][0, 28][0, 18][15, 16][10, 15] 
[11, 14, 9, 1, 4, 20][6, 13, 18, 22, 17, 19][5, 21, 10, 29, 2, 27][7, 24, 3, 23][0, 12, 8, 26][7, 28, 25][16, 28][4, 24][0, 28][0, 18][15, 16][10, 15] 
[11, 14, 9, 1, 4, 20][6, 13, 18, 22, 17, 19][5, 21, 10, 29, 2, 27][7, 24, 3, 23][0, 12, 8, 26][7, 28, 25][16, 28][4, 24][0, 28][0, 18][15, 16][10, 15] 
[5, 21, 10, 29, 2, 27][6, 13, 18, 22, 17, 19][9, 1, 14, 11, 25][0, 12, 8, 26][7, 24, 3, 23][7, 28, 25][20, 4, 24][10, 15][15, 16][16, 28][0, 28][0, 18] 
[11, 14, 9, 1, 4, 20][12, 8, 26, 0, 19][23, 3, 24, 7, 25][6, 13, 18, 22, 17][2, 29, 10, 21, 5][27, 16, 28][0, 28][25, 28][4, 24][0, 18][15, 27][10, 15] 
[11, 14, 9, 1, 4, 20][12, 8, 26, 0, 19][23, 3, 24, 7, 25][6, 13, 18, 22, 17][2, 29, 10, 21, 5][27, 16, 28][0, 28][25, 28][4, 24][0, 18][15, 27][10, 15] 
[11, 14, 9, 1, 4, 20][12, 8, 26, 0, 19][23, 3, 24, 7, 25][6, 13, 18, 22, 17][2, 29, 10, 21, 5][27, 16, 28][0, 28][25, 28][4, 24][0, 18][15, 27][10, 15] 
[11, 14, 9, 1, 4, 20][12, 8, 26, 0, 19][23, 3, 24, 7, 25][6, 13, 18, 22, 17][2, 29, 10, 21, 5][27, 16, 28][0, 28][25, 28][4, 24][0, 18][15, 27][10, 15] 
[11, 14, 9, 1, 4, 20][12, 8, 26, 0, 19][23, 3, 24, 7, 25][6, 13, 18, 22, 17][2, 29, 10, 21, 5][27, 16, 28][0, 28][25, 28][4, 24][0, 18][15, 27][10, 15] 
[6, 13, 18, 22, 17, 19][11, 14, 9, 1, 4, 20][23, 3, 24, 7, 25][2, 29, 10, 21, 5][0, 12, 8, 26][27, 16, 28][0, 18][0, 28][25, 28][4, 24][15, 27][10, 15] 
[11, 14, 9, 1, 4, 20][12, 8, 26, 0, 19][23, 3, 24, 7, 25][6, 13, 18, 22, 17][2, 29, 10, 21, 5][27, 16, 28][0, 28][25, 28][0, 18][4, 24][15, 27][10, 15] 
