[5, 21, 6, 10, 15][7, 25, 22, 12, 8][4, 3, 9, 1, 23][26, 0, 17, 28][11, 14, 24, 20][2, 29, 27, 16][13, 18, 19][0, 12, 19][6, 13][11, 17][10, 29][4, 14] 
[5, 21, 6, 10, 15][7, 25, 22, 12, 8][4, 3, 9, 1, 23][2, 29, 27, 16][26, 0, 17, 28][11, 14, 24, 20][0, 12, 19][13, 18, 19][10, 29][16, 28][11, 17][4, 14] 
[7, 25, 22, 12, 8][5, 21, 6, 10, 15][17, 11, 14, 24, 20][4, 3, 9, 1, 23][2, 29, 27, 16][13, 18, 19][0, 12, 19][26, 0, 28][16, 28][2, 10][0, 17][4, 14] 
[5, 21, 6, 10, 15][7, 25, 22, 12, 8][2, 29, 27, 16][17, 11, 14, 24][9, 1, 23, 20][3, 23, 14, 4][0, 12, 19][13, 18, 19][26, 0, 28][2, 10][16, 28][0, 17] 
[17, 11, 14, 24, 20][7, 25, 22, 12, 8][4, 3, 9, 1, 23][5, 21, 6, 10, 15][2, 29, 27, 16][26, 0, 28][0, 12, 19][13, 18, 19][17, 28][4, 14][16, 28][10, 29] 
[4, 3, 9, 1, 23][17, 11, 14, 24, 20][7, 25, 22, 12, 8][5, 21, 6, 10, 15][2, 29, 27, 16][26, 0, 28][0, 12, 19][13, 18, 19][4, 14][17, 28][16, 28][2, 10] 
[17, 11, 14, 24, 20][7, 25, 22, 12, 8][4, 3, 9, 1, 23][5, 21, 6, 10, 15][2, 29, 27, 16][26, 0, 28][0, 12, 19][13, 18, 19][17, 28][16, 28][4, 14][2, 10] 
[7, 25, 22, 12, 8][17, 11, 14, 24, 20][5, 21, 6, 10, 15][3, 23, 4, 1, 9][2, 29, 27, 16][26, 0, 28][0, 12, 19][13, 18, 19][16, 28][17, 28][10, 29][4, 14] 
[17, 11, 14, 24, 20][7, 25, 22, 12, 8][4, 3, 9, 1, 23][5, 21, 6, 10, 15][2, 29, 27, 16][26, 0, 28][0, 12, 19][13, 18, 19][17, 28][4, 14][6, 13][16, 28] 
[7, 25, 22, 12, 8][5, 21, 6, 10, 15][17, 11, 14, 24, 20][3, 23, 4, 1, 9][2, 29, 27, 16][26, 0, 28][0, 12, 19][13, 18, 19][16, 28][6, 13][17, 28][4, 14] 
[7, 25, 22, 12, 8][5, 21, 6, 10, 15][4, 3, 9, 1, 23][26, 0, 17, 28][11, 14, 24, 20][2, 29, 27, 16][0, 12, 19][13, 18, 19][11, 17][6, 13][4, 14][10, 29] 
[5, 21, 6, 10, 15][7, 25, 22, 12, 8][4, 3, 9, 1, 23][2, 29, 27, 16][26, 0, 17, 28][11, 14, 24, 20][0, 12, 19][13, 18, 19][10, 29][16, 28][11, 17][4, 14] 
[7, 25, 22, 12, 8][5, 21, 6, 10, 15][17, 11, 14, 24, 20][4, 3, 9, 1, 23][2, 29, 27, 16][13, 18, 19][0, 12, 19][26, 0, 28][16, 28][2, 10][0, 17][4, 14] 
[4, 3, 9, 1, 23][17, 11, 14, 24, 20][7, 25, 22, 12, 8][5, 21, 6, 10, 15][2, 29, 27, 16][26, 0, 28][0, 12, 19][13, 18, 19][4, 14][17, 28][16, 28][10, 29] 
[4, 3, 9, 1, 23][17, 11, 14, 24, 20][7, 25, 22, 12, 8][5, 21, 6, 10, 15][2, 29, 27, 16][26, 0, 28][0, 12, 19][13, 18, 19][4, 14][17, 28][16, 28][2, 10] 
[7, 25, 22, 12, 8][17, 11, 14, 24, 20][3, 23, 4, 1, 9][5, 21, 6, 10, 15][2, 29, 27, 16][13, 18, 19][0, 12, 19][26, 0, 28][17, 28][4, 14][16, 28][10, 29] 
[7, 25, 22, 12, 8][5, 21, 6, 10, 15][4, 3, 9, 1, 23][11, 14, 24, 20][26, 0, 17, 28][2, 29, 27, 16][0, 12, 19][13, 18, 19][11, 17][6, 13][10, 29][4, 14] 
[5, 21, 6, 10, 15][7, 25, 22, 12, 8][4, 3, 9, 1, 23][2, 29, 27, 16][26, 0, 17, 28][11, 14, 24, 20][0, 12, 19][13, 18, 19][10, 29][16, 28][11, 17][4, 14] 
[7, 25, 22, 12, 8][17, 11, 14, 24, 20][5, 21, 6, 10, 15][4, 3, 9, 1, 23][2, 29, 27, 16][13, 18, 19][0, 12, 19][26, 0, 28][17, 28][16, 28][10, 29][4, 14] 
[7, 25, 22, 12, 8][5, 21, 6, 10, 15][4, 3, 9, 1, 23][11, 14, 24, 20][26, 0, 17, 28][2, 29, 27, 16][0, 12, 19][13, 18, 19][11, 17][6, 13][10, 29][4, 14] 
[7, 25, 22, 12, 8][5, 21, 6, 10, 15][4, 3, 9, 1, 23][26, 0, 17, 28][11, 14, 24, 20][2, 29, 27, 16][0, 12, 19][13, 18, 19][11, 17][6, 13][4, 14][10, 29] 
[5, 21, 6, 10, 15][7, 25, 22, 12, 8][4, 3, 9, 1, 23][2, 29, 27, 16][26, 0, 17, 28][11, 14, 24, 20][0, 12, 19][13, 18, 19][10, 29][16, 28][11, 17][4, 14] 
[5, 21, 6, 10, 15][7, 25, 22, 12, 8][4, 3, 9, 1, 23][2, 29, 27, 16][26, 0, 17, 28][11, 14, 24, 20][0, 12, 19][13, 18, 19][2, 10][16, 28][4, 14][11, 17] 
[5, 21, 6, 10, 15][7, 25, 22, 12, 8][17, 11, 14, 24, 20][4, 3, 9, 1, 23][2, 29, 27, 16][26, 0, 28][0, 12, 19][13, 18, 19][10, 29][16, 28][17, 28][4, 14] 
[17, 11, 14, 24, 20][4, 3, 9, 1, 23][7, 25, 22, 12, 8][5, 21, 6, 10, 15][2, 29, 27, 16][26, 0, 28][0, 12, 19][13, 18, 19][4, 14][17, 28][16, 28][2, 10] 
[7, 25, 22, 12, 8][17, 11, 14, 24, 20][3, 23, 4, 1, 9][5, 21, 6, 10, 15][2, 29, 27, 16][13, 18, 19][0, 12, 19][26, 0, 28][17, 28][4, 14][16, 28][10, 29] 
[7, 25, 22, 12, 8][5, 21, 6, 10, 15][4, 3, 9, 1, 23][26, 0, 17, 28][11, 14, 24, 20][2, 29, 27, 16][0, 12, 19][13, 18, 19][11, 17][6, 13][4, 14][10, 29] 
[5, 21, 6, 10, 15][7, 25, 22, 12, 8][4, 3, 9, 1, 23][2, 29, 27, 16][26, 0, 17, 28][11, 14, 24, 20][0, 12, 19][13, 18, 19][10, 29][16, 28][11, 17][4, 14] 
[5, 21, 6, 10, 15][7, 25, 22, 12, 8][17, 11, 14, 24, 20][4, 3, 9, 1, 23][2, 29, 27, 16][26, 0, 28][0, 12, 19][13, 18, 19][10, 29][16, 28][17, 28][4, 14] 
[5, 21, 6, 10, 15][7, 25, 22, 12, 8][4, 3, 9, 1, 23][2, 29, 27, 16][26, 0, 17, 28][11, 14, 24, 20][13, 18, 19][0, 12, 19][10, 29][6, 13][11, 17][4, 14] 
[7, 25, 22, 12, 8][5, 21, 6, 10, 15][4, 3, 9, 1, 23][26, 0, 17, 28][2, 29, 27, 16][11, 14, 24, 20][0, 12, 19][13, 18, 19][6, 13][10, 29][11, 17][4, 14] 
[7, 25, 22, 12, 8][4, 3, 9, 1, 23][5, 21, 6, 10, 15][26, 0, 17, 28][2, 29, 27, 16][11, 14, 24, 20][0, 12, 19][13, 18, 19][16, 28][11, 17][4, 14][10, 29] 
[7, 25, 22, 12, 8][17, 11, 14, 24, 20][5, 21, 6, 10, 15][4, 3, 9, 1, 23][2, 29, 27, 16][26, 0, 28][0, 12, 19][13, 18, 19][16, 28][17, 28][10, 29][4, 14] 
[5, 21, 6, 10, 15][7, 25, 22, 12, 8][4, 3, 9, 1, 23][2, 29, 27, 16][26, 0, 17, 28][11, 14, 24, 20][13, 18, 19][0, 12, 19][10, 29][6, 13][11, 17][4, 14] 
[5, 21, 6, 10, 15][7, 25, 22, 12, 8][4, 3, 9, 1, 23][2, 29, 27, 16][26, 0, 17, 28][11, 14, 24, 20][13, 18, 19][0, 12, 19][10, 29][6, 13][11, 17][4, 14] 
[1, 4, 23, 3, 9, 14, 20, 24, 7, 10, 29, 27, 15, 21, 5][5, 6, 13, 18, 19, 12, 8, 26, 0, 17][2, 16, 28, 25, 22, 17, 11][13, 18][6, 15][13, 18][13, 18][13, 18][6, 13][13, 18][13, 18][13, 18] 
[1, 4, 23, 3, 9, 14, 20, 24, 7, 10, 29, 27, 15, 21, 5][5, 6, 13, 18, 19, 12, 8, 26, 0, 17][2, 16, 28, 25, 22, 17, 11][13, 18][6, 15][13, 18][13, 18][13, 18][6, 13][13, 18][13, 18][13, 18] 
[1, 4, 23, 3, 9, 14, 20, 24, 7, 10, 29, 27, 15, 21, 5][5, 6, 13, 18, 19, 12, 8, 26, 0, 17][2, 16, 28, 25, 22, 17, 11][13, 18][6, 15][13, 18][13, 18][13, 18][6, 13][13, 18][13, 18][13, 18] 
[1, 4, 23, 3, 9, 14, 20, 24, 7, 10, 29, 27, 15, 21][5, 6, 13, 18, 19, 12, 8, 26, 0, 17][2, 16, 28, 25, 22, 17, 11][13, 18][13, 18][13, 18][13, 18][13, 18][13, 18][13, 18][6, 10][13, 18] 
[1, 4, 23, 3, 9, 14, 20, 24, 7, 10, 29, 27, 15, 21][5, 6, 13, 18, 19, 12, 8, 26, 0, 17][2, 16, 28, 25, 22, 17, 11][13, 18][13, 18][13, 18][13, 18][13, 18][13, 18][13, 18][6, 10][13, 18] 
[1, 4, 23, 3, 9, 14, 20, 24, 7, 10, 29, 27, 15][5, 6, 13, 18, 19, 12, 8, 26, 0, 17][2, 16, 28, 25, 22, 17, 11][6, 21][13, 18][13, 18][13, 18][6, 10][13, 18][13, 18][13, 18][13, 18] 
[1, 4, 23, 3, 9, 14, 20, 24, 7, 10, 29, 27, 15, 21, 5][5, 6, 13, 18, 19, 12, 8, 26, 0, 17][2, 16, 28, 25, 22, 17, 11][13, 18][6, 15][13, 18][13, 18][13, 18][6, 13][13, 18][13, 18][13, 18] 
[1, 4, 23, 3, 9, 14, 20, 24, 7, 10, 29, 27, 15, 21, 5][5, 6, 13, 18, 19, 12, 8, 26, 0, 17][2, 16, 28, 25, 22, 17, 11][13, 18][6, 15][13, 18][13, 18][13, 18][6, 13][13, 18][13, 18][13, 18] 
[1, 4, 23, 3, 9, 14, 20, 24, 7, 10, 29, 27, 15, 21][5, 6, 13, 18, 19, 12, 8, 26, 0, 17][2, 16, 28, 25, 22, 17, 11][13, 18][13, 18][6, 10][13, 18][13, 18][13, 18][13, 18][13, 18][13, 18] 
[1, 4, 23, 3, 9, 14, 20, 24, 7, 10, 29, 27, 15, 21, 5][5, 6, 13, 18, 19, 12, 8, 26, 0, 17][2, 16, 28, 25, 22, 17, 11][13, 18][6, 15][13, 18][13, 18][13, 18][6, 13][13, 18][13, 18][13, 18] 
[1, 4, 23, 3, 9, 14, 20, 24, 7, 10, 29, 27, 15, 21, 5][5, 6, 13, 18, 19, 12, 8, 26, 0, 17][2, 16, 28, 25, 22, 17, 11][13, 18][6, 15][13, 18][13, 18][13, 18][6, 13][13, 18][13, 18][13, 18] 
[1, 4, 23, 3, 9, 14, 20, 24, 7, 10, 29, 27, 15, 21, 5][5, 6, 13, 18, 19, 12, 8, 26, 0, 17][2, 16, 28, 25, 22, 17, 11][13, 18][6, 15][13, 18][13, 18][13, 18][6, 13][13, 18][13, 18][13, 18] 
[1, 4, 23, 3, 9, 14, 20, 24, 7, 10, 29, 27, 15, 21][5, 6, 13, 18, 19, 12, 8, 26, 0, 17][2, 16, 28, 25, 22, 17, 11][13, 18][13, 18][6, 10][13, 18][13, 18][13, 18][13, 18][13, 18][13, 18] 
[1, 4, 23, 3, 9, 14, 20, 24, 7, 10, 29, 27, 15, 21, 5][5, 6, 13, 18, 19, 12, 8, 26, 0, 17][2, 16, 28, 25, 22, 17, 11][13, 18][6, 15][13, 18][13, 18][13, 18][6, 13][13, 18][13, 18][13, 18] 
[1, 4, 23, 3, 9, 14, 20, 24, 7, 10, 29, 27, 15, 21, 5][5, 6, 13, 18, 19, 12, 8, 26, 0, 17][2, 16, 28, 25, 22, 17, 11][13, 18][6, 15][13, 18][13, 18][13, 18][6, 13][13, 18][13, 18][13, 18] 
[1, 4, 23, 3, 9, 14, 20, 24, 7, 10, 29, 27, 15, 21, 5][5, 6, 13, 18, 19, 12, 8, 26, 0, 17][2, 16, 28, 25, 22, 17, 11][13, 18][13, 18][13, 18][13, 18][13, 18][13, 18][13, 18][13, 18][13, 18] 
[1, 4, 23, 3, 9, 14, 20, 24, 7, 10, 29, 27, 15, 21, 5][5, 6, 13, 18, 19, 12, 8, 26, 0, 17][2, 16, 28, 25, 22, 17, 11][13, 18][13, 18][13, 18][13, 18][13, 18][13, 18][13, 18][13, 18][13, 18] 
[1, 4, 23, 3, 9, 14, 20, 24, 7, 10, 29, 27, 15, 21, 5][0, 26, 8, 12, 19, 18, 13, 6, 5][2, 16, 28, 25, 22, 17, 11][8, 12][12, 19][11, 14][13, 18][6, 13][13, 18][6, 13][13, 18][10, 29] 
[1, 4, 23, 3, 9, 14, 20, 24, 7, 10, 29, 27, 15, 21, 5][5, 6, 13, 18, 19, 12, 8, 26, 0, 17][2, 16, 28, 25, 22, 17, 11][13, 18][13, 18][13, 18][13, 18][13, 18][13, 18][13, 18][13, 18][13, 18] 
[1, 4, 23, 3, 9, 14, 20, 24, 7, 10, 29, 27, 15, 21, 5][5, 6, 13, 18, 19, 12, 8, 26, 0, 17][2, 16, 28, 25, 22, 17, 11][13, 18][13, 18][13, 18][13, 18][13, 18][13, 18][13, 18][13, 18][13, 18] 
[1, 4, 23, 3, 9, 14, 20, 24, 7, 10, 29, 27, 15, 21, 5][5, 6, 13, 18, 19, 12, 8, 26, 0, 17][2, 16, 28, 25, 22, 17, 11][13, 18][13, 18][13, 18][13, 18][13, 18][13, 18][13, 18][13, 18][13, 18] 
[7, 25, 22, 12, 8][17, 11, 14, 24, 20][3, 23, 4, 1, 9][5, 21, 6, 10, 15][2, 29, 27, 16][13, 18, 19][0, 12, 19][26, 0, 28][17, 28][4, 14][16, 28][10, 29] 
[17, 11, 14, 24, 20][3, 23, 4, 1, 9][7, 25, 22, 12, 8][5, 21, 6, 10, 15][2, 29, 27, 16][26, 0, 28][0, 12, 19][13, 18, 19][4, 14][17, 28][16, 28][10, 29] 
[7, 25, 22, 12, 8][5, 21, 6, 10, 15][17, 11, 14, 24, 20][3, 23, 4, 1, 9][2, 29, 27, 16][26, 0, 28][0, 12, 19][13, 18, 19][16, 28][10, 29][17, 28][4, 14] 
[5, 21, 6, 10, 15][7, 25, 22, 12, 8][17, 11, 14, 24, 20][3, 23, 4, 1, 9][2, 29, 27, 16][26, 0, 28][0, 12, 19][13, 18, 19][10, 29][16, 28][17, 28][4, 14] 
[5, 21, 6, 10, 15][7, 25, 22, 12, 8][17, 11, 14, 24, 20][3, 23, 4, 1, 9][2, 29, 27, 16][26, 0, 28][0, 12, 19][13, 18, 19][10, 29][16, 28][17, 28][4, 14] 
[17, 11, 14, 24, 20][7, 25, 22, 12, 8][5, 21, 6, 10, 15][3, 23, 4, 1, 9][2, 29, 27, 16][26, 0, 28][0, 12, 19][13, 18, 19][17, 28][16, 28][10, 29][4, 14] 
[7, 25, 22, 12, 8][5, 21, 6, 10, 15][17, 11, 14, 24, 20][3, 23, 4, 1, 9][2, 29, 27, 16][26, 0, 28][0, 12, 19][13, 18, 19][16, 28][10, 29][17, 28][4, 14] 
[3, 23, 4, 1, 9][17, 11, 14, 24, 20][7, 25, 22, 12, 8][5, 21, 6, 10, 15][2, 29, 27, 16][26, 0, 28][0, 12, 19][13, 18, 19][4, 14][17, 28][16, 28][10, 29] 
[17, 11, 14, 24, 20][7, 25, 22, 12, 8][3, 23, 4, 1, 9][5, 21, 6, 10, 15][2, 29, 27, 16][26, 0, 28][0, 12, 19][13, 18, 19][17, 28][4, 14][16, 28][10, 29] 
[3, 23, 4, 1, 9][17, 11, 14, 24, 20][7, 25, 22, 12, 8][5, 21, 6, 10, 15][2, 29, 27, 16][26, 0, 28][0, 12, 19][13, 18, 19][4, 14][17, 28][16, 28][10, 29] 
[17, 11, 14, 24, 20][7, 25, 22, 12, 8][3, 23, 4, 1, 9][5, 21, 6, 10, 15][2, 29, 27, 16][26, 0, 28][0, 12, 19][13, 18, 19][17, 28][16, 28][4, 14][10, 29] 
[7, 25, 22, 12, 8][17, 11, 14, 24, 20][3, 23, 4, 1, 9][5, 21, 6, 10, 15][2, 29, 27, 16][0, 12, 19][26, 0, 28][13, 18, 19][17, 28][4, 14][16, 28][10, 29] 
[7, 25, 22, 12, 8][17, 11, 14, 24, 20][5, 21, 6, 10, 15][3, 23, 4, 1, 9][2, 29, 27, 16][13, 18, 19][0, 12, 19][26, 0, 28][16, 28][17, 28][10, 29][4, 14] 
[17, 11, 14, 24, 20][7, 25, 22, 12, 8][3, 23, 4, 1, 9][5, 21, 6, 10, 15][2, 29, 27, 16][26, 0, 28][0, 12, 19][13, 18, 19][17, 28][16, 28][4, 14][10, 29] 
[17, 11, 14, 24, 20][7, 25, 22, 12, 8][5, 21, 6, 10, 15][3, 23, 4, 1, 9][2, 29, 27, 16][26, 0, 28][0, 12, 19][13, 18, 19][17, 28][16, 28][10, 29][4, 14] 
[5, 21, 6, 10, 15][7, 25, 22, 12, 8][4, 3, 9, 1, 23][2, 29, 27, 16][26, 0, 17, 28][11, 14, 24, 20][13, 18, 19][0, 12, 19][10, 29][6, 13][11, 17][4, 14] 
[4, 3, 9, 1, 23][7, 25, 22, 12, 8][5, 21, 6, 10, 15][11, 14, 24, 20][26, 0, 17, 28][2, 29, 27, 16][0, 12, 19][13, 18, 19][4, 14][6, 13][10, 29][11, 17] 
[4, 3, 9, 1, 23][7, 25, 22, 12, 8][5, 21, 6, 10, 15][11, 14, 24, 20][26, 0, 17, 28][2, 29, 27, 16][0, 12, 19][13, 18, 19][4, 14][11, 17][6, 13][10, 29] 
[4, 3, 9, 1, 23][7, 25, 22, 12, 8][5, 21, 6, 10, 15][11, 14, 24, 20][26, 0, 17, 28][2, 29, 27, 16][0, 12, 19][13, 18, 19][4, 14][6, 13][10, 29][11, 17] 
[5, 21, 6, 10, 15][7, 25, 22, 12, 8][4, 3, 9, 1, 23][2, 29, 27, 16][26, 0, 17, 28][11, 14, 24, 20][13, 18, 19][0, 12, 19][10, 29][6, 13][11, 17][4, 14] 
[7, 25, 22, 12, 8][17, 11, 14, 24, 20][4, 3, 9, 1, 23][5, 21, 6, 10, 15][26, 0, 17, 28][2, 29, 27, 16][13, 18, 19][0, 12][4, 14][6, 13][10, 29][12, 19] 
[7, 25, 22, 12, 8][17, 11, 14, 24, 20][3, 23, 4, 1, 9][5, 21, 6, 10, 15][2, 29, 27, 16][0, 12, 19][26, 0, 28][13, 18, 19][17, 28][4, 14][16, 28][10, 29] 
[3, 23, 4, 1, 9][17, 11, 14, 24, 20][7, 25, 22, 12, 8][5, 21, 6, 10, 15][2, 29, 27, 16][26, 0, 28][0, 12, 19][13, 18, 19][4, 14][17, 28][16, 28][10, 29] 
[7, 25, 22, 12, 8][5, 21, 6, 10, 15][17, 11, 14, 24, 20][3, 23, 4, 1, 9][2, 29, 27, 16][0, 12, 19][13, 18, 19][26, 0, 28][16, 28][10, 29][17, 28][4, 14] 
[3, 23, 4, 1, 9][17, 11, 14, 24, 20][7, 25, 22, 12, 8][5, 21, 6, 10, 15][2, 29, 27, 16][26, 0, 28][0, 12, 19][13, 18, 19][4, 14][17, 28][16, 28][10, 29] 
[17, 11, 14, 24, 20][3, 23, 4, 1, 9][7, 25, 22, 12, 8][5, 21, 6, 10, 15][2, 29, 27, 16][26, 0, 28][0, 12, 19][13, 18, 19][4, 14][17, 28][16, 28][10, 29] 
[7, 25, 22, 12, 8][17, 11, 14, 24, 20][5, 21, 6, 10, 15][4, 3, 9, 1, 23][2, 29, 27, 16][26, 0, 28][0, 12, 19][13, 18, 19][17, 28][16, 28][10, 29][4, 14] 
[7, 25, 22, 12, 8][17, 11, 14, 24, 20][5, 21, 6, 10, 15][3, 23, 4, 1, 9][2, 29, 27, 16][13, 18, 19][0, 12, 19][26, 0, 28][16, 28][17, 28][10, 29][4, 14] 
[5, 21, 6, 10, 15][7, 25, 22, 12, 8][4, 3, 9, 1, 23][2, 29, 27, 16][26, 0, 17, 28][11, 14, 24, 20][13, 18, 19][0, 12, 19][10, 29][6, 13][11, 17][4, 14] 
[4, 3, 9, 1, 23][7, 25, 22, 12, 8][5, 21, 6, 10, 15][11, 14, 24, 20][26, 0, 17, 28][2, 29, 27, 16][0, 12, 19][13, 18, 19][4, 14][6, 13][10, 29][11, 17] 
[4, 3, 9, 1, 23][7, 25, 22, 12, 8][5, 21, 6, 10, 15][11, 14, 24, 20][26, 0, 17, 28][2, 29, 27, 16][0, 12, 19][13, 18, 19][4, 14][6, 13][10, 29][11, 17] 
[5, 21, 6, 10, 15][7, 25, 22, 12, 8][4, 3, 9, 1, 23][2, 29, 27, 16][26, 0, 17, 28][11, 14, 24, 20][13, 18, 19][0, 12, 19][10, 29][6, 13][11, 17][4, 14] 
[7, 25, 22, 12, 8][5, 21, 6, 10, 15][4, 3, 9, 1, 23][26, 0, 17, 28][11, 14, 24, 20][2, 29, 27, 16][0, 12, 19][13, 18, 19][6, 13][11, 17][10, 29][4, 14] 
[4, 3, 9, 1, 23][7, 25, 22, 12, 8][5, 21, 6, 10, 15][11, 14, 24, 20][26, 0, 17, 28][2, 29, 27, 16][0, 12, 19][13, 18, 19][4, 14][11, 17][6, 13][10, 29] 
[7, 25, 22, 12, 8][5, 21, 6, 10, 15][4, 3, 9, 1, 23][26, 0, 17, 28][11, 14, 24, 20][2, 29, 27, 16][0, 12, 19][13, 18, 19][11, 17][6, 13][4, 14][10, 29] 
[4, 3, 9, 1, 23][7, 25, 22, 12, 8][5, 21, 6, 10, 15][11, 14, 24, 20][26, 0, 17, 28][2, 29, 27, 16][0, 12, 19][13, 18, 19][4, 14][6, 13][10, 29][11, 17] 
[5, 21, 6, 10, 15][7, 25, 22, 12, 8][4, 3, 9, 1, 23][2, 29, 27, 16][26, 0, 17, 28][11, 14, 24, 20][13, 18, 19][0, 12, 19][10, 29][6, 13][11, 17][4, 14] 
[5, 21, 6, 10, 15][7, 25, 22, 12, 8][4, 3, 9, 1, 23][2, 29, 27, 16][26, 0, 17, 28][11, 14, 24, 20][13, 18, 19][0, 12, 19][10, 29][6, 13][11, 17][4, 14] 
[4, 3, 9, 1, 23][7, 25, 22, 12, 8][5, 21, 6, 10, 15][11, 14, 24, 20][26, 0, 17, 28][2, 29, 27, 16][0, 12, 19][13, 18, 19][4, 14][6, 13][10, 29][11, 17] 
[4, 3, 9, 1, 23][7, 25, 22, 12, 8][5, 21, 6, 10, 15][11, 14, 24, 20][26, 0, 17, 28][2, 29, 27, 16][0, 12, 19][13, 18, 19][4, 14][6, 13][10, 29][11, 17] 
[7, 25, 22, 12, 8][5, 21, 6, 10, 15][4, 3, 9, 1, 23][26, 0, 17, 28][2, 29, 27, 16][11, 14, 24, 20][0, 12, 19][13, 18, 19][6, 13][10, 29][11, 17][4, 14] 
[5, 21, 6, 10, 15][7, 25, 22, 12, 8][4, 3, 9, 1, 23][2, 29, 27, 16][26, 0, 17, 28][11, 14, 24, 20][13, 18, 19][0, 12, 19][10, 29][6, 13][11, 17][4, 14] 
[5, 21, 6, 10, 15][7, 25, 22, 12, 8][4, 3, 9, 1, 23][2, 29, 27, 16][26, 0, 17, 28][11, 14, 24, 20][13, 18, 19][0, 12, 19][10, 29][6, 13][11, 17][4, 14] 
[4, 3, 9, 1, 23][17, 11, 14, 24, 20][7, 25, 22, 12, 8][5, 21, 6, 10, 15][26, 0, 17, 28][2, 29, 27, 16][0, 12, 19][13, 18, 19][4, 14][11, 14][6, 13][10, 29] 
[4, 3, 9, 1, 23][17, 11, 14, 24, 20][7, 25, 22, 12, 8][5, 21, 6, 10, 15][26, 0, 17, 28][2, 29, 27, 16][0, 12, 19][13, 18, 19][4, 14][11, 14][6, 13][10, 29] 
[4, 3, 9, 1, 23][17, 11, 14, 24, 20][7, 25, 22, 12, 8][5, 21, 6, 10, 15][26, 0, 17, 28][2, 29, 27, 16][0, 12, 19][13, 18, 19][4, 14][11, 14][6, 13][10, 29] 
[4, 3, 9, 1, 23][17, 11, 14, 24, 20][7, 25, 22, 12, 8][5, 21, 6, 10, 15][26, 0, 17, 28][2, 29, 27, 16][0, 12, 19][13, 18, 19][11, 14][4, 14][6, 13][10, 29] 
[4, 3, 9, 1, 23][17, 11, 14, 24, 20][7, 25, 22, 12, 8][5, 21, 6, 10, 15][26, 0, 17, 28][2, 29, 27, 16][0, 12, 19][13, 18, 19][11, 14][4, 14][6, 13][10, 29] 
[4, 3, 9, 1, 23][17, 11, 14, 24, 20][7, 25, 22, 12, 8][5, 21, 6, 10, 15][26, 0, 17, 28][2, 29, 27, 16][0, 12, 19][13, 18, 19][4, 14][11, 14][6, 13][10, 29] 
[7, 25, 22, 12, 8][17, 11, 14, 24, 20][4, 3, 9, 1, 23][5, 21, 6, 10, 15][2, 29, 27, 16][0, 12, 19][26, 0, 28][13, 18, 19][17, 28][4, 14][16, 28][10, 29] 
[7, 25, 22, 12, 8][17, 11, 14, 24, 20][4, 3, 9, 1, 23][5, 21, 6, 10, 15][2, 29, 27, 16][0, 12, 19][26, 0, 28][13, 18, 19][17, 28][4, 14][16, 28][10, 29] 
[17, 11, 14, 24, 20][7, 25, 22, 12, 8][4, 3, 9, 1, 23][5, 21, 6, 10, 15][2, 29, 27, 16][26, 0, 28][0, 12, 19][13, 18, 19][17, 28][4, 14][16, 28][10, 29] 
[7, 25, 22, 12, 8][17, 11, 14, 24, 20][4, 3, 9, 1, 23][5, 21, 6, 10, 15][2, 29, 27, 16][26, 0, 28][0, 12, 19][13, 18, 19][16, 28][17, 28][4, 14][10, 29] 
[17, 11, 14, 24, 20][4, 3, 9, 1, 23][7, 25, 22, 12, 8][5, 21, 6, 10, 15][2, 29, 27, 16][26, 0, 28][0, 12, 19][13, 18, 19][4, 14][17, 28][16, 28][10, 29] 
[5, 21, 6, 10, 15][7, 25, 22, 12, 8][4, 3, 9, 1, 23][2, 29, 27, 16][26, 0, 17, 28][11, 14, 24, 20][13, 18, 19][0, 12, 19][10, 29][6, 13][11, 17][4, 14] 
[7, 25, 22, 12, 8][17, 11, 14, 24, 20][5, 21, 6, 10, 15][4, 3, 9, 1, 23][2, 29, 27, 16][0, 12, 19][13, 18, 19][26, 0, 28][17, 28][16, 28][10, 29][4, 14] 
