[19, 17, 0, 22, 12, 8, 26][4, 23, 3, 1, 9][14, 11, 25, 28][5, 21, 10, 16][15, 6, 13, 18][20, 7, 27][14, 24, 20][2, 27, 29][4, 24][10, 29][10, 15][0, 28] 
[19, 17, 0, 22, 12, 8, 26][14, 11, 25, 28][1, 3, 9, 23][5, 21, 10, 16][15, 6, 13, 18][14, 24, 20][1, 24, 4][20, 7, 27][2, 27, 29][0, 28][10, 29][10, 15] 
[19, 17, 0, 22, 12, 8, 26][14, 11, 25, 28][9, 1, 3, 23][5, 21, 10, 16][15, 6, 13, 18][20, 7, 27][2, 27, 29][14, 24, 20][1, 24, 4][10, 29][10, 15][0, 28] 
[19, 17, 0, 22, 12, 8, 26][14, 11, 25, 28][9, 1, 3, 23][5, 21, 10, 16][15, 6, 13, 18][20, 7, 27][14, 24, 20][2, 27, 29][1, 24, 4][10, 29][0, 28][10, 15] 
[19, 17, 0, 22, 12, 8, 26][1, 3, 9, 23][14, 11, 25, 28][5, 21, 10, 16][15, 6, 13, 18][1, 24, 4][14, 24, 20][20, 7, 27][2, 27, 29][0, 28][10, 29][10, 15] 
[19, 17, 0, 22, 12, 8, 26][14, 11, 25, 28][1, 3, 9, 23][5, 21, 10, 16][15, 6, 13, 18][14, 24, 20][20, 7, 27][1, 24, 4][2, 27, 29][0, 28][10, 29][10, 15] 
[19, 17, 0, 22, 12, 8, 26][9, 1, 3, 23][14, 11, 25, 28][5, 21, 10, 16][15, 6, 13, 18][1, 24, 4][14, 24, 20][20, 7, 27][2, 27, 29][0, 28][10, 29][10, 15] 
[19, 17, 0, 22, 12, 8, 26][5, 21, 10, 16][14, 11, 25, 28][9, 1, 3, 23][15, 6, 13, 18][2, 27, 29][20, 7, 27][14, 24, 20][1, 24, 4][10, 29][0, 28][10, 15] 
[19, 17, 0, 22, 12, 8, 26][5, 21, 10, 16][14, 11, 25, 28][9, 1, 3, 23][15, 6, 13, 18][2, 27, 29][20, 7, 27][14, 24, 20][1, 24, 4][10, 29][0, 28][10, 15] 
[19, 17, 0, 22, 12, 8, 26][14, 11, 25, 28][9, 1, 3, 23][5, 21, 10, 16][15, 6, 13, 18][14, 24, 20][1, 24, 4][20, 7, 27][2, 27, 29][0, 28][10, 29][10, 15] 
[19, 17, 0, 22, 12, 8, 26][4, 23, 3, 1, 9][14, 11, 25, 28][5, 21, 10, 16][15, 6, 13, 18][14, 24, 20][20, 7, 27][2, 27, 29][4, 24][10, 29][10, 15][0, 28] 
[19, 17, 0, 22, 12, 8, 26][1, 3, 9, 23][14, 11, 25, 28][5, 21, 10, 16][15, 6, 13, 18][1, 24, 4][14, 24, 20][20, 7, 27][2, 27, 29][10, 29][10, 15][0, 28] 
[19, 17, 0, 22, 12, 8, 26][14, 11, 25, 28][9, 1, 3, 23][5, 21, 10, 16][15, 6, 13, 18][14, 24, 20][1, 24, 4][20, 7, 27][2, 27, 29][0, 28][10, 29][10, 15] 
[19, 17, 0, 22, 12, 8, 26][14, 11, 25, 28][1, 3, 9, 23][5, 21, 10, 16][15, 6, 13, 18][20, 7, 27][2, 27, 29][14, 24, 20][1, 24, 4][10, 29][0, 28][10, 15] 
[19, 17, 0, 22, 12, 8, 26][1, 3, 9, 23][14, 11, 25, 28][5, 21, 10, 16][15, 6, 13, 18][1, 24, 4][14, 24, 20][20, 7, 27][2, 27, 29][10, 29][10, 15][0, 28] 
[19, 17, 0, 22, 12, 8, 26][14, 11, 25, 28][9, 1, 3, 23][5, 21, 10, 16][15, 6, 13, 18][20, 7, 27][14, 24, 20][2, 27, 29][1, 24, 4][10, 29][0, 28][10, 15] 
[19, 17, 0, 22, 12, 8, 26][4, 23, 3, 1, 9][14, 11, 25, 28][5, 21, 10, 16][15, 6, 13, 18][20, 7, 27][2, 27, 29][14, 24, 20][0, 28][4, 24][10, 29][10, 15] 
[19, 17, 0, 22, 12, 8, 26][14, 11, 25, 28][1, 3, 9, 23][5, 21, 10, 16][15, 6, 13, 18][14, 24, 20][1, 24, 4][20, 7, 27][2, 27, 29][0, 28][10, 29][10, 15] 
[19, 17, 0, 22, 12, 8, 26][1, 3, 9, 23][14, 11, 25, 28][5, 21, 10, 16][15, 6, 13, 18][1, 24, 4][14, 24, 20][20, 7, 27][2, 27, 29][0, 28][10, 29][10, 15] 
[19, 17, 0, 22, 12, 8, 26][4, 23, 3, 1, 9][14, 11, 25, 28][5, 21, 10, 16][15, 6, 13, 18][14, 24, 20][20, 7, 27][2, 27, 29][0, 28][4, 24][10, 29][10, 15] 
[19, 17, 0, 22, 12, 8, 26][4, 23, 3, 1, 9][15, 6, 13, 18][5, 21, 10, 16][14, 11, 25, 28][2, 27, 29][20, 7, 27][14, 24, 20][10, 15][10, 29][0, 28][4, 24] 
[19, 17, 0, 22, 12, 8, 26][1, 3, 9, 23][14, 11, 25, 28][5, 21, 10, 16][15, 6, 13, 18][1, 24, 4][14, 24, 20][20, 7, 27][2, 27, 29][10, 29][10, 15][0, 28] 
[19, 17, 0, 22, 12, 8, 26][14, 11, 25, 28][9, 1, 3, 23][5, 21, 10, 16][15, 6, 13, 18][14, 24, 20][1, 24, 4][20, 7, 27][2, 27, 29][10, 29][0, 28][10, 15] 
[19, 17, 0, 22, 12, 8, 26][14, 11, 25, 28][1, 3, 9, 23][5, 21, 10, 16][15, 6, 13, 18][14, 24, 20][20, 7, 27][1, 24, 4][2, 27, 29][0, 28][10, 29][10, 15] 
[19, 17, 0, 22, 12, 8, 26][14, 11, 25, 28][1, 3, 9, 23][5, 21, 10, 16][15, 6, 13, 18][20, 7, 27][2, 27, 29][14, 24, 20][1, 24, 4][10, 29][0, 28][10, 15] 
[19, 17, 0, 22, 12, 8, 26][14, 11, 25, 28][9, 1, 3, 23][5, 21, 10, 16][15, 6, 13, 18][14, 24, 20][20, 7, 27][1, 24, 4][2, 27, 29][10, 29][10, 15][0, 28] 
[19, 17, 0, 22, 12, 8, 26][4, 23, 3, 1, 9][14, 11, 25, 28][5, 21, 10, 16][15, 6, 13, 18][14, 24, 20][20, 7, 27][2, 27, 29][4, 24][0, 28][10, 29][10, 15] 
[19, 17, 0, 22, 12, 8, 26][1, 3, 9, 23][14, 11, 25, 28][5, 21, 10, 16][15, 6, 13, 18][1, 24, 4][14, 24, 20][20, 7, 27][2, 27, 29][10, 29][0, 28][10, 15] 
[19, 17, 0, 22, 12, 8, 26][14, 11, 25, 28][1, 3, 9, 23][5, 21, 10, 16][15, 6, 13, 18][14, 24, 20][20, 7, 27][1, 24, 4][2, 27, 29][10, 29][10, 15][0, 28] 
[19, 17, 0, 22, 12, 8, 26][4, 23, 3, 1, 9][14, 11, 25, 28][5, 21, 10, 16][15, 6, 13, 18][14, 24, 20][20, 7, 27][2, 27, 29][4, 24][10, 29][10, 15][0, 28] 
[19, 17, 0, 22, 12, 8, 26][4, 23, 3, 1, 9][14, 11, 25, 28][5, 21, 10, 16][15, 6, 13, 18][20, 7, 27][14, 24, 20][2, 27, 29][4, 24][10, 29][10, 15][0, 28] 
[19, 17, 0, 22, 12, 8, 26][1, 3, 9, 23][14, 11, 25, 28][5, 21, 10, 16][15, 6, 13, 18][1, 24, 4][14, 24, 20][20, 7, 27][2, 27, 29][10, 29][0, 28][10, 15] 
[19, 17, 0, 22, 12, 8, 26][1, 3, 9, 23][14, 11, 25, 28][5, 21, 10, 16][15, 6, 13, 18][1, 24, 4][14, 24, 20][20, 7, 27][2, 27, 29][10, 29][10, 15][0, 28] 
[19, 17, 0, 22, 12, 8, 26][4, 23, 3, 1, 9][14, 11, 25, 28][5, 21, 10, 16][15, 6, 13, 18][14, 24, 20][20, 7, 27][2, 27, 29][4, 24][10, 29][10, 15][0, 28] 
[19, 17, 0, 22, 12, 8, 26][4, 23, 3, 1, 9][14, 11, 25, 28][5, 21, 10, 16][15, 6, 13, 18][14, 24, 20][20, 7, 27][2, 27, 29][0, 28][4, 24][10, 29][10, 15] 
[10, 21, 15, 16, 28, 0, 12, 8, 26][8, 12, 17, 11, 14, 9, 23, 20][4, 1, 3, 24, 7, 10, 29][6, 5, 15, 2, 16][12, 19, 18, 13][12, 22][0, 25][10, 27][8, 12][8, 26][8, 12][8, 26] 
[10, 21, 15, 16, 28, 0, 12, 8, 26][8, 12, 17, 11, 14, 9, 23, 20][4, 1, 3, 24, 7, 10, 29][6, 5, 15, 2, 16][12, 19, 18, 13][12, 22][0, 25][10, 27][8, 12][8, 26][8, 12][8, 26] 
[10, 21, 15, 16, 28, 0, 12, 8, 26][8, 12, 17, 11, 14, 9, 23, 20][4, 1, 3, 24, 7, 10, 29][6, 5, 15, 2, 16][12, 19, 18, 13][12, 22][0, 25][10, 27][8, 12][8, 26][8, 12][8, 26] 
[0, 26, 8, 12, 17, 11, 14, 9, 23, 20][4, 1, 3, 24, 7, 10, 29][0, 28, 16, 15, 21, 10][2, 15, 5, 6][12, 19, 18, 13][7, 24][12, 22][10, 27][0, 25][8, 12][8, 12][8, 26] 
[0, 26, 8, 12, 17, 11, 14, 9, 23, 20][4, 1, 3, 24, 7, 10, 29][0, 28, 16, 15, 21, 10][2, 15, 5, 6][12, 19, 18, 13][7, 24][12, 22][10, 27][0, 25][8, 12][8, 12][8, 26] 
[10, 6, 13, 18, 19, 8, 26, 0, 25, 22, 12, 17, 28][1, 9, 14, 24, 20, 23][5, 21, 2, 27, 15][20, 7, 27][4, 3, 11][27, 29][13, 18][4, 24][10, 16][22, 25][6, 15][8, 26] 
[10, 21, 15, 16, 28, 0, 12, 8, 26][8, 12, 17, 11, 14, 9, 23, 20][4, 1, 3, 24, 7, 10, 29][6, 5, 15, 2, 16][12, 19, 18, 13][12, 22][0, 25][10, 27][8, 12][8, 26][8, 12][8, 26] 
[10, 21, 15, 16, 28, 0, 12, 8, 26][8, 12, 17, 11, 14, 9, 23, 20][4, 1, 3, 24, 7, 10, 29][6, 5, 15, 2, 16][12, 19, 18, 13][12, 22][0, 25][10, 27][8, 12][8, 26][8, 12][8, 26] 
[0, 26, 8, 12, 17, 11, 14, 9, 23, 20][4, 1, 3, 24, 7, 10, 29][0, 28, 16, 15, 21, 10][2, 15, 5, 6][12, 19, 18, 13][7, 24][12, 22][10, 27][0, 25][8, 12][8, 12][8, 26] 
[10, 21, 15, 16, 28, 0, 12, 8, 26][8, 12, 17, 11, 14, 9, 23, 20][4, 1, 3, 24, 7, 10, 29][6, 5, 15, 2, 16][12, 19, 18, 13][12, 22][0, 25][10, 27][8, 12][8, 26][8, 12][8, 26] 
[10, 21, 15, 16, 28, 0, 12, 8, 26][8, 12, 17, 11, 14, 9, 23, 20][4, 1, 3, 24, 7, 10, 29][6, 5, 15, 2, 16][12, 19, 18, 13][12, 22][0, 25][10, 27][8, 12][8, 26][8, 12][8, 26] 
[10, 21, 15, 16, 28, 0, 12, 8, 26][8, 12, 17, 11, 14, 9, 23, 20][4, 1, 3, 24, 7, 10, 29][6, 5, 15, 2, 16][12, 19, 18, 13][12, 22][0, 25][10, 27][8, 12][8, 26][8, 12][8, 26] 
[0, 26, 8, 12, 17, 11, 14, 9, 23, 20][4, 1, 3, 24, 7, 10, 29][0, 28, 16, 15, 21, 10][2, 15, 5, 6][12, 19, 18, 13][7, 24][12, 22][10, 27][0, 25][8, 12][8, 12][8, 26] 
[10, 21, 15, 16, 28, 0, 12, 8, 26][8, 12, 17, 11, 14, 9, 23, 20][4, 1, 3, 24, 7, 10, 29][6, 5, 15, 2, 16][12, 19, 18, 13][12, 22][0, 25][10, 27][8, 12][8, 26][8, 12][8, 26] 
[10, 21, 15, 16, 28, 0, 12, 8, 26][8, 12, 17, 11, 14, 9, 23, 20][4, 1, 3, 24, 7, 10, 29][6, 5, 15, 2, 16][12, 19, 18, 13][12, 22][0, 25][10, 27][8, 12][8, 26][8, 12][8, 26] 
[0, 26, 8, 12, 17, 11, 14, 9, 23, 20][10, 21, 15, 16, 28, 0, 12, 8, 26][4, 1, 3, 24, 7, 10, 29][6, 5, 15, 2, 16][12, 19, 18, 13][8, 26][0, 25][10, 27][12, 22][8, 12][8, 26][8, 26] 
[0, 26, 8, 12, 17, 11, 14, 9, 23, 20][10, 21, 15, 16, 28, 0, 12, 8, 26][4, 1, 3, 24, 7, 10, 29][6, 5, 15, 2, 16][12, 19, 18, 13][8, 26][0, 25][10, 27][12, 22][8, 12][8, 26][8, 26] 
[0, 26, 8, 12, 17, 11, 14, 9, 23, 20][4, 14, 1, 3, 24, 7, 10, 29][10, 21, 5, 15, 2, 16][12, 19, 18, 13][0, 28, 25][8, 26][10, 27][12, 22][6, 21][8, 26][8, 26][7, 24] 
[0, 26, 8, 12, 17, 11, 14, 9, 23, 20][10, 21, 15, 16, 28, 0, 12, 8, 26][4, 1, 3, 24, 7, 10, 29][6, 5, 15, 2, 16][12, 19, 18, 13][8, 26][0, 25][10, 27][12, 22][8, 12][8, 26][8, 26] 
[0, 26, 8, 12, 17, 11, 14, 9, 23, 20][10, 21, 15, 16, 28, 0, 12, 8, 26][4, 1, 3, 24, 7, 10, 29][6, 5, 15, 2, 16][12, 19, 18, 13][8, 26][0, 25][10, 27][12, 22][8, 12][8, 26][8, 26] 
[8, 26, 0, 25, 11, 17, 19, 22, 12, 18, 13, 6, 5, 21][0, 26, 8, 12, 17, 11, 14, 9, 23, 20][10, 21, 15, 16, 28, 0, 12, 8, 26][4, 1, 3, 24, 7, 10, 29][6, 5, 15, 2, 16][12, 19, 18, 13][7, 24][10, 27][0, 25][8, 12][8, 12][8, 26] 
[19, 17, 0, 22, 12, 8, 26][4, 23, 3, 1, 9][15, 6, 13, 18][5, 21, 10, 16][14, 11, 25, 28][2, 27, 29][20, 7, 27][14, 24, 20][1, 24, 4][10, 15][10, 29][0, 28] 
[19, 17, 0, 22, 12, 8, 26][4, 23, 3, 1, 9][14, 11, 25, 28][5, 21, 10, 16][15, 6, 13, 18][2, 27, 29][20, 7, 27][14, 24, 20][1, 24, 4][0, 28][10, 29][10, 15] 
[19, 17, 0, 22, 12, 8, 26][4, 23, 3, 1, 9][15, 6, 13, 18][5, 21, 10, 16][14, 11, 25, 28][2, 27, 29][20, 7, 27][14, 24, 20][1, 24, 4][10, 15][10, 29][0, 28] 
[19, 17, 0, 22, 12, 8, 26][4, 23, 3, 1, 9][14, 11, 25, 28][5, 21, 10, 16][15, 6, 13, 18][1, 24, 4][14, 24, 20][20, 7, 27][2, 27, 29][10, 29][10, 15][0, 28] 
[19, 17, 0, 22, 12, 8, 26][4, 23, 3, 1, 9][14, 11, 25, 28][5, 21, 10, 16][15, 6, 13, 18][14, 24, 20][20, 7, 27][1, 24, 4][2, 27, 29][10, 29][0, 28][10, 15] 
[19, 17, 0, 22, 12, 8, 26][4, 23, 3, 1, 9][14, 11, 25, 28][5, 21, 10, 16][15, 6, 13, 18][1, 24, 4][14, 24, 20][20, 7, 27][2, 27, 29][10, 29][0, 28][10, 15] 
[19, 17, 0, 22, 12, 8, 26][4, 23, 3, 1, 9][14, 11, 25, 28][5, 21, 10, 16][15, 6, 13, 18][1, 24, 4][14, 24, 20][20, 7, 27][2, 27, 29][0, 28][10, 29][10, 15] 
[19, 17, 0, 22, 12, 8, 26][4, 23, 3, 1, 9][14, 11, 25, 28][5, 21, 10, 16][15, 6, 13, 18][14, 24, 20][20, 7, 27][1, 24, 4][2, 27, 29][10, 29][0, 28][10, 15] 
[19, 17, 0, 22, 12, 8, 26][4, 23, 3, 1, 9][14, 11, 25, 28][5, 21, 10, 16][15, 6, 13, 18][14, 24, 20][20, 7, 27][2, 27, 29][1, 24, 4][0, 28][10, 29][10, 15] 
[19, 17, 0, 22, 12, 8, 26][4, 23, 3, 1, 9][14, 11, 25, 28][5, 21, 10, 16][15, 6, 13, 18][14, 24, 20][1, 24, 4][20, 7, 27][2, 27, 29][0, 28][10, 29][10, 15] 
[19, 17, 0, 22, 12, 8, 26][4, 23, 3, 1, 9][14, 11, 25, 28][5, 21, 10, 16][15, 6, 13, 18][1, 24, 4][14, 24, 20][20, 7, 27][2, 27, 29][10, 29][10, 15][0, 28] 
[19, 17, 0, 22, 12, 8, 26][4, 23, 3, 1, 9][14, 11, 25, 28][5, 21, 10, 16][15, 6, 13, 18][14, 24, 20][20, 7, 27][2, 27, 29][1, 24, 4][0, 28][10, 29][10, 15] 
[19, 17, 0, 22, 12, 8, 26][4, 23, 3, 1, 9][14, 11, 25, 28][5, 21, 10, 16][15, 6, 13, 18][20, 7, 27][14, 24, 20][2, 27, 29][1, 24, 4][10, 29][0, 28][10, 15] 
[19, 17, 0, 22, 12, 8, 26][4, 23, 3, 1, 9][14, 11, 25, 28][5, 21, 10, 16][15, 6, 13, 18][14, 24, 20][1, 24, 4][20, 7, 27][2, 27, 29][0, 28][10, 29][10, 15] 
[19, 17, 0, 22, 12, 8, 26][4, 23, 3, 1, 9][15, 6, 13, 18][5, 21, 10, 16][14, 11, 25, 28][2, 27, 29][20, 7, 27][14, 24, 20][1, 24, 4][10, 15][10, 29][0, 28] 
[19, 17, 0, 22, 12, 8, 26][4, 23, 3, 1, 9][14, 11, 25, 28][5, 21, 10, 16][15, 6, 13, 18][14, 24, 20][20, 7, 27][2, 27, 29][0, 28][4, 24][10, 29][10, 15] 
[19, 17, 0, 22, 12, 8, 26][4, 23, 3, 1, 9][5, 21, 10, 16][14, 11, 25, 28][15, 6, 13, 18][2, 27, 29][20, 7, 27][14, 24, 20][10, 29][4, 24][10, 15][0, 28] 
[19, 17, 0, 22, 12, 8, 26][4, 23, 3, 1, 9][5, 21, 10, 16][14, 11, 25, 28][15, 6, 13, 18][2, 27, 29][20, 7, 27][14, 24, 20][10, 29][0, 28][4, 24][10, 15] 
[19, 17, 0, 22, 12, 8, 26][4, 23, 3, 1, 9][14, 11, 25, 28][5, 21, 10, 16][15, 6, 13, 18][14, 24, 20][20, 7, 27][2, 27, 29][4, 24][10, 29][10, 15][0, 28] 
[19, 17, 0, 22, 12, 8, 26][4, 23, 3, 1, 9][14, 11, 25, 28][5, 21, 10, 16][15, 6, 13, 18][14, 24, 20][20, 7, 27][2, 27, 29][4, 24][0, 28][10, 29][10, 15] 
[19, 17, 0, 22, 12, 8, 26][4, 23, 3, 1, 9][14, 11, 25, 28][5, 21, 10, 16][15, 6, 13, 18][14, 24, 20][20, 7, 27][2, 27, 29][4, 24][0, 28][10, 29][10, 15] 
[19, 17, 0, 22, 12, 8, 26][4, 23, 3, 1, 9][14, 11, 25, 28][5, 21, 10, 16][15, 6, 13, 18][20, 7, 27][14, 24, 20][2, 27, 29][1, 24, 4][10, 29][0, 28][10, 15] 
[19, 17, 0, 22, 12, 8, 26][4, 23, 3, 1, 9][15, 6, 13, 18][5, 21, 10, 16][14, 11, 25, 28][2, 27, 29][20, 7, 27][14, 24, 20][1, 24, 4][10, 15][10, 29][0, 28] 
[19, 17, 0, 22, 12, 8, 26][4, 23, 3, 1, 9][15, 6, 13, 18][5, 21, 10, 16][14, 11, 25, 28][2, 27, 29][20, 7, 27][14, 24, 20][1, 24, 4][10, 15][10, 29][0, 28] 
[19, 17, 0, 22, 12, 8, 26][4, 23, 3, 1, 9][14, 11, 25, 28][5, 21, 10, 16][15, 6, 13, 18][1, 24, 4][14, 24, 20][20, 7, 27][2, 27, 29][0, 28][10, 29][10, 15] 
[19, 17, 0, 22, 12, 8, 26][4, 23, 3, 1, 9][14, 11, 25, 28][5, 21, 10, 16][15, 6, 13, 18][1, 24, 4][14, 24, 20][20, 7, 27][2, 27, 29][0, 28][10, 29][10, 15] 
[19, 17, 0, 22, 12, 8, 26][14, 11, 25, 28][5, 21, 10, 16][15, 6, 13, 18][1, 3, 9, 23][14, 24, 20][1, 24, 4][20, 7, 27][2, 27, 29][0, 28][10, 29][10, 15] 
[19, 17, 0, 22, 12, 8, 26][4, 23, 3, 1, 9][14, 11, 25, 28][5, 21, 10, 16][15, 6, 13, 18][20, 7, 27][14, 24, 20][2, 27, 29][1, 24, 4][10, 29][0, 28][10, 15] 
[19, 17, 0, 22, 12, 8, 26][4, 23, 3, 1, 9][14, 11, 25, 28][5, 21, 10, 16][15, 6, 13, 18][14, 24, 20][20, 7, 27][2, 27, 29][4, 24][0, 28][10, 29][10, 15] 
[19, 17, 0, 22, 12, 8, 26][4, 23, 3, 1, 9][5, 21, 10, 16][14, 11, 25, 28][15, 6, 13, 18][2, 27, 29][20, 7, 27][14, 24, 20][10, 29][4, 24][10, 15][0, 28] 
[19, 17, 0, 22, 12, 8, 26][4, 23, 3, 1, 9][5, 21, 10, 16][14, 11, 25, 28][15, 6, 13, 18][2, 27, 29][20, 7, 27][14, 24, 20][10, 29][4, 24][10, 15][0, 28] 
[19, 17, 0, 22, 12, 8, 26][4, 23, 3, 1, 9][14, 11, 25, 28][5, 21, 10, 16][15, 6, 13, 18][14, 24, 20][20, 7, 27][2, 27, 29][4, 24][10, 29][0, 28][10, 15] 
[19, 17, 0, 22, 12, 8, 26][4, 23, 3, 1, 9][5, 21, 10, 16][14, 11, 25, 28][15, 6, 13, 18][2, 27, 29][20, 7, 27][14, 24, 20][10, 29][4, 24][10, 15][0, 28] 
[19, 17, 0, 22, 12, 8, 26][4, 23, 3, 1, 9][5, 21, 10, 16][14, 11, 25, 28][15, 6, 13, 18][2, 27, 29][20, 7, 27][14, 24, 20][10, 29][4, 24][10, 15][0, 28] 
[19, 17, 0, 22, 12, 8, 26][4, 23, 3, 1, 9][15, 6, 13, 18][5, 21, 10, 16][14, 11, 25, 28][2, 27, 29][20, 7, 27][14, 24, 20][10, 15][10, 29][4, 24][0, 28] 
[19, 17, 0, 22, 12, 8, 26][4, 23, 3, 1, 9][15, 6, 13, 18][5, 21, 10, 16][14, 11, 25, 28][2, 27, 29][20, 7, 27][14, 24, 20][10, 15][10, 29][4, 24][0, 28] 
[19, 17, 0, 22, 12, 8, 26][4, 23, 3, 1, 9][14, 11, 25, 28][5, 21, 10, 16][15, 6, 13, 18][14, 24, 20][20, 7, 27][2, 27, 29][10, 29][0, 28][10, 15][4, 24] 
[19, 17, 0, 22, 12, 8, 26][4, 23, 3, 1, 9][14, 11, 25, 28][5, 21, 10, 16][15, 6, 13, 18][20, 7, 27][2, 27, 29][14, 24, 20][0, 28][4, 24][10, 29][10, 15] 
[19, 17, 0, 22, 12, 8, 26][4, 23, 3, 1, 9][14, 11, 25, 28][5, 21, 10, 16][15, 6, 13, 18][14, 24, 20][20, 7, 27][2, 27, 29][4, 24][10, 29][10, 15][0, 28] 
[19, 17, 0, 22, 12, 8, 26][4, 23, 3, 1, 9][5, 21, 10, 16][14, 11, 25, 28][15, 6, 13, 18][2, 27, 29][20, 7, 27][14, 24, 20][10, 29][4, 24][10, 15][0, 28] 
[19, 17, 0, 22, 12, 8, 26][4, 23, 3, 1, 9][14, 11, 25, 28][5, 21, 10, 16][15, 6, 13, 18][14, 24, 20][20, 7, 27][2, 27, 29][10, 29][0, 28][10, 15][4, 24] 
[19, 17, 0, 22, 12, 8, 26][4, 23, 3, 1, 9][14, 11, 25, 28][5, 21, 10, 16][15, 6, 13, 18][20, 7, 27][2, 27, 29][14, 24, 20][10, 29][10, 15][4, 24][0, 28] 
[19, 17, 0, 22, 12, 8, 26][4, 23, 3, 1, 9][15, 6, 13, 18][5, 21, 10, 16][14, 11, 25, 28][2, 27, 29][20, 7, 27][14, 24, 20][10, 15][10, 29][0, 28][4, 24] 
[19, 17, 0, 22, 12, 8, 26][4, 23, 3, 1, 9][5, 21, 10, 16][7, 20, 24, 14][14, 11, 25, 28][15, 6, 13, 18][2, 27, 29][20, 7, 27][10, 29][0, 28][4, 24][10, 15] 
[19, 17, 0, 22, 12, 8, 26][4, 23, 3, 1, 9][5, 21, 10, 16][15, 6, 13, 18][7, 20, 24, 14][14, 11, 25, 28][2, 27, 29][20, 7, 27][10, 15][10, 29][4, 24][0, 28] 
[19, 17, 0, 22, 12, 8, 26][4, 23, 3, 1, 9][5, 21, 10, 16][15, 6, 13, 18][7, 20, 24, 14][14, 11, 25, 28][2, 27, 29][20, 7, 27][10, 15][10, 29][4, 24][0, 28] 
[19, 17, 0, 22, 12, 8, 26][4, 23, 3, 1, 9][5, 21, 10, 16][15, 6, 13, 18][7, 20, 24, 14][14, 11, 25, 28][2, 27, 29][20, 7, 27][10, 15][10, 29][4, 24][0, 28] 
[19, 17, 0, 22, 12, 8, 26][4, 23, 3, 1, 9][5, 21, 10, 16][15, 6, 13, 18][7, 20, 24, 14][14, 11, 25, 28][2, 27, 29][20, 7, 27][10, 15][10, 29][4, 24][0, 28] 
[19, 17, 0, 22, 12, 8, 26][1, 24, 4, 3, 9, 23][5, 21, 10, 16][15, 6, 13, 18][14, 11, 25, 28][2, 27, 29][20, 7, 27][14, 24, 20][10, 29][10, 15][0, 28][4, 24] 
[19, 17, 0, 22, 12, 8, 26][14, 11, 25, 28][9, 1, 3, 23][5, 21, 10, 16][15, 6, 13, 18][20, 7, 27][2, 27, 29][14, 24, 20][1, 24, 4][0, 28][10, 29][10, 15] 
[19, 17, 0, 22, 12, 8, 26][14, 11, 25, 28][9, 1, 3, 23][5, 21, 10, 16][15, 6, 13, 18][14, 24, 20][1, 24, 4][20, 7, 27][2, 27, 29][0, 28][10, 29][10, 15] 
[19, 17, 0, 22, 12, 8, 26][14, 11, 25, 28][9, 1, 3, 23][5, 21, 10, 16][15, 6, 13, 18][1, 24, 4][14, 24, 20][20, 7, 27][2, 27, 29][10, 29][10, 15][0, 28] 
[19, 17, 0, 22, 12, 8, 26][14, 11, 25, 28][9, 1, 3, 23][5, 21, 10, 16][15, 6, 13, 18][14, 24, 20][20, 7, 27][1, 24, 4][2, 27, 29][0, 28][10, 29][10, 15] 
[19, 17, 0, 22, 12, 8, 26][14, 11, 25, 28][9, 1, 3, 23][5, 21, 10, 16][15, 6, 13, 18][14, 24, 20][20, 7, 27][1, 24, 4][2, 27, 29][0, 28][10, 29][10, 15] 
[19, 17, 0, 22, 12, 8, 26][4, 23, 3, 1, 9][5, 21, 10, 16][15, 6, 13, 18][14, 11, 25, 28][2, 27, 29][20, 7, 27][14, 24, 20][10, 29][10, 15][4, 24][0, 28] 
[19, 17, 0, 22, 12, 8, 26][14, 11, 25, 28][9, 1, 3, 23][5, 21, 10, 16][15, 6, 13, 18][14, 24, 20][1, 24, 4][20, 7, 27][2, 27, 29][10, 29][0, 28][10, 15] 
