[2, 27, 15, 5, 21][9, 23, 24, 20, 14][4, 1, 3, 11, 17][16, 6, 13, 18, 22][0, 19, 12, 8, 26][28, 7, 10, 29][25, 28][10, 15][7, 20][4, 24][17, 22][0, 22] 
[25, 0, 19, 12, 8, 26][9, 23, 24, 20, 14][2, 27, 15, 5, 21][16, 6, 13, 18, 22][28, 7, 10, 29][1, 3, 11, 17][7, 20][25, 28][10, 15][0, 22][17, 22][4, 24] 
[25, 0, 19, 12, 8, 26][21, 5, 15, 27, 2, 29][16, 6, 13, 18, 22][9, 23, 24, 20, 14][1, 3, 11, 17][10, 7, 28][0, 22][25, 28][10, 15][17, 22][7, 20][4, 24] 
[25, 0, 19, 12, 8, 26][21, 5, 15, 27, 2, 29][9, 23, 24, 20, 14][16, 6, 13, 18, 22][1, 3, 11, 17][10, 7, 28][25, 28][7, 20][10, 15][4, 24][0, 22][17, 22] 
[25, 0, 19, 12, 8, 26][9, 23, 24, 20, 14][2, 27, 15, 5, 21][16, 6, 13, 18, 22][28, 7, 10, 29][1, 3, 11, 17][7, 20][25, 28][10, 15][4, 24][1, 4][17, 22] 
[25, 0, 19, 12, 8, 26][2, 27, 15, 5, 21][4, 1, 3, 11, 17][16, 6, 13, 18, 22][28, 7, 10, 29][14, 20, 24][9, 23, 14][10, 15][25, 28][7, 20][4, 24][17, 22] 
[16, 6, 13, 18, 22][0, 19, 12, 8, 26][4, 1, 3, 11, 17][9, 23, 24, 20, 14][2, 27, 15, 5, 21][28, 7, 10, 29][0, 22][17, 22][4, 24][7, 20][25, 28][10, 15] 
[25, 0, 19, 12, 8, 26][2, 27, 15, 5, 21][9, 23, 24, 20, 14][16, 6, 13, 18, 22][28, 7, 10, 29][1, 3, 11, 17][25, 28][10, 15][7, 20][4, 24][1, 4][17, 22] 
[25, 0, 19, 12, 8, 26][2, 27, 15, 5, 21][9, 23, 24, 20, 14][16, 6, 13, 18, 22][28, 7, 10, 29][1, 3, 11, 17][25, 28][10, 15][7, 20][4, 24][1, 4][17, 22] 
[25, 0, 19, 12, 8, 26][9, 23, 24, 20, 14][2, 27, 15, 5, 21][16, 6, 13, 18, 22][28, 7, 10, 29][1, 3, 11, 17][25, 28][7, 20][10, 15][4, 24][1, 4][17, 22] 
[16, 6, 13, 18, 22][0, 19, 12, 8, 26][4, 1, 3, 11, 17][9, 23, 24, 20, 14][2, 27, 15, 5, 21][28, 7, 10, 29][0, 22][17, 22][4, 24][7, 20][25, 28][10, 15] 
[25, 0, 19, 12, 8, 26][9, 23, 24, 20, 14][2, 27, 15, 5, 21][16, 6, 13, 18, 22][28, 7, 10, 29][1, 3, 11, 17][25, 28][7, 20][4, 24][10, 15][0, 22][17, 22] 
[25, 0, 19, 12, 8, 26][21, 5, 15, 27, 2, 29][16, 6, 13, 18, 22][9, 23, 24, 20, 14][1, 3, 11, 17][10, 7, 28][0, 22][25, 28][10, 15][17, 22][7, 20][4, 24] 
[25, 0, 19, 12, 8, 26][9, 23, 24, 20, 14][2, 27, 15, 5, 21][16, 6, 13, 18, 22][28, 7, 10, 29][1, 3, 11, 17][7, 20][25, 28][10, 15][4, 24][1, 4][17, 22] 
[25, 0, 19, 12, 8, 26][4, 1, 3, 11, 17][2, 27, 15, 5, 21][16, 6, 13, 18, 22][28, 7, 10, 29][14, 20, 24][9, 23, 14][7, 20][25, 28][4, 24][10, 15][17, 22] 
[25, 0, 19, 12, 8, 26][2, 27, 15, 5, 21][9, 23, 24, 20, 14][16, 6, 13, 18, 22][28, 7, 10, 29][1, 3, 11, 17][25, 28][10, 15][7, 20][4, 24][1, 4][17, 22] 
[2, 27, 15, 5, 21][9, 23, 24, 20, 14][4, 1, 3, 11, 17][16, 6, 13, 18, 22][0, 19, 12, 8, 26][28, 7, 10, 29][10, 15][25, 28][7, 20][4, 24][17, 22][0, 22] 
[25, 0, 19, 12, 8, 26][2, 27, 15, 5, 21][16, 6, 13, 18, 22][9, 23, 24, 20, 14][28, 7, 10, 29][1, 3, 11, 17][10, 15][25, 28][0, 22][17, 22][7, 20][4, 24] 
[25, 0, 19, 12, 8, 26][2, 27, 15, 5, 21][9, 23, 24, 20, 14][16, 6, 13, 18, 22][28, 7, 10, 29][1, 3, 11, 17][25, 28][10, 15][7, 20][4, 24][1, 4][17, 22] 
[4, 1, 3, 11, 17][16, 6, 13, 18, 22][0, 19, 12, 8, 26][9, 23, 24, 20, 14][2, 27, 15, 5, 21][28, 7, 10, 29][17, 22][0, 22][4, 24][7, 20][25, 28][10, 15] 
[16, 6, 13, 18, 22][0, 19, 12, 8, 26][4, 1, 3, 11, 17][9, 23, 24, 20, 14][2, 27, 15, 5, 21][28, 7, 10, 29][0, 22][17, 22][4, 24][7, 20][25, 28][10, 15] 
[25, 0, 19, 12, 8, 26][9, 23, 24, 20, 14][2, 27, 15, 5, 21][16, 6, 13, 18, 22][28, 7, 10, 29][1, 3, 11, 17][25, 28][7, 20][4, 24][10, 15][0, 22][17, 22] 
[25, 0, 19, 12, 8, 26][21, 5, 15, 27, 2, 29][9, 23, 24, 20, 14][16, 6, 13, 18, 22][1, 3, 11, 17][10, 7, 28][25, 28][7, 20][10, 15][4, 24][0, 22][17, 22] 
[25, 0, 19, 12, 8, 26][16, 6, 13, 18, 22][9, 23, 24, 20, 14][2, 27, 15, 5, 21][28, 7, 10, 29][1, 3, 11, 17][17, 22][1, 4][4, 24][7, 20][10, 15][25, 28] 
[25, 0, 19, 12, 8, 26][16, 6, 13, 18, 22][4, 1, 3, 11, 17][2, 27, 15, 5, 21][28, 7, 10, 29][14, 20, 24][9, 23, 14][17, 22][4, 24][7, 20][25, 28][10, 15] 
[25, 0, 19, 12, 8, 26][9, 23, 24, 20, 14][2, 27, 15, 5, 21][16, 6, 13, 18, 22][28, 7, 10, 29][1, 3, 11, 17][25, 28][7, 20][10, 15][4, 24][1, 4][17, 22] 
[16, 6, 13, 18, 22][0, 19, 12, 8, 26][4, 1, 3, 11, 17][9, 23, 24, 20, 14][2, 27, 15, 5, 21][28, 7, 10, 29][0, 22][17, 22][4, 24][7, 20][25, 28][10, 15] 
[25, 0, 19, 12, 8, 26][2, 27, 15, 5, 21][16, 6, 13, 18, 22][9, 23, 24, 20, 14][28, 7, 10, 29][1, 3, 11, 17][10, 15][25, 28][0, 22][17, 22][7, 20][4, 24] 
[25, 0, 19, 12, 8, 26][2, 27, 15, 5, 21][9, 23, 24, 20, 14][16, 6, 13, 18, 22][28, 7, 10, 29][1, 3, 11, 17][25, 28][10, 15][7, 20][4, 24][1, 4][17, 22] 
[9, 23, 24, 20, 14][4, 1, 3, 11, 17][16, 6, 13, 18, 22][0, 19, 12, 8, 26][2, 27, 15, 5, 21][28, 7, 10, 29][4, 24][7, 20][17, 22][0, 22][10, 15][25, 28] 
[16, 6, 13, 18, 22][0, 19, 12, 8, 26][4, 1, 3, 11, 17][9, 23, 24, 20, 14][2, 27, 15, 5, 21][28, 7, 10, 29][0, 22][17, 22][4, 24][7, 20][25, 28][10, 15] 
[25, 0, 19, 12, 8, 26][9, 23, 24, 20, 14][2, 27, 15, 5, 21][16, 6, 13, 18, 22][28, 7, 10, 29][1, 3, 11, 17][7, 20][25, 28][10, 15][0, 22][17, 22][4, 24] 
[25, 0, 19, 12, 8, 26][2, 27, 15, 5, 21][9, 23, 24, 20, 14][16, 6, 13, 18, 22][28, 7, 10, 29][1, 3, 11, 17][25, 28][10, 15][7, 20][4, 24][1, 4][17, 22] 
[4, 1, 3, 11, 17][9, 23, 24, 20, 14][16, 6, 13, 18, 22][0, 19, 12, 8, 26][2, 27, 15, 5, 21][28, 7, 10, 29][4, 24][17, 22][0, 22][7, 20][10, 15][25, 28] 
[16, 6, 13, 18, 22][0, 19, 12, 8, 26][4, 1, 3, 11, 17][9, 23, 24, 20, 14][2, 27, 15, 5, 21][28, 7, 10, 29][0, 22][17, 22][4, 24][7, 20][25, 28][10, 15] 
[5, 15, 27, 29, 2, 16, 28, 17, 22, 19, 8, 26][13, 18, 12, 17, 11, 25, 7, 10, 21, 6, 15][4, 23, 9, 3, 24, 1, 14][7, 10][4, 7][7, 20][0, 13][7, 10][7, 10][7, 10][11, 25][7, 10] 
[5, 15, 27, 29, 2, 16, 28, 17, 22, 19, 8, 26][13, 18, 12, 17, 11, 25, 7, 10, 21, 6, 15][4, 23, 9, 3, 24, 1, 14][7, 10][4, 7][7, 20][0, 13][7, 10][7, 10][7, 10][11, 25][7, 10] 
[5, 15, 27, 29, 2, 16, 28, 17, 22, 19, 8, 26][13, 18, 12, 17, 11, 25, 7, 10, 21, 6, 15][4, 23, 9, 3, 24, 1, 14][7, 10][4, 7][7, 20][0, 13][7, 10][7, 10][7, 10][11, 25][7, 10] 
[0, 26, 8, 19, 22, 17, 28, 16, 2, 29, 27, 15, 21, 6][5, 21, 10, 7, 25, 11, 17, 12][4, 23, 9, 3, 24, 1, 14][0, 18][13, 18][4, 7][7, 20][7, 10][8, 26][11, 25][7, 10][11, 25] 
[0, 26, 8, 19, 22, 17, 28, 16, 2, 29, 27, 15, 21, 6][5, 21, 10, 7, 25, 11, 17, 12][4, 23, 9, 3, 24, 1, 14][0, 18][13, 18][4, 7][7, 20][7, 10][8, 26][11, 25][7, 10][11, 25] 
[6, 21, 15, 27, 29, 2, 16, 28, 17, 22, 19, 8, 26][5, 21, 10, 7, 25, 11, 17, 12][4, 23, 9, 3, 24, 1, 14][11, 25][0, 26][0, 18][13, 18][4, 7][7, 20][7, 10][11, 25][11, 25] 
[5, 15, 27, 29, 2, 16, 28, 17, 22, 19, 8, 26][13, 18, 12, 17, 11, 25, 7, 10, 21, 6, 15][4, 23, 9, 3, 24, 1, 14][7, 10][4, 7][7, 20][0, 13][7, 10][7, 10][7, 10][11, 25][7, 10] 
[13, 18, 12, 17, 11, 25, 7, 10, 21, 6, 5, 15][5, 15, 27, 29, 2, 16, 28, 17, 22, 19, 8, 26][4, 23, 9, 3, 24, 1, 14][7, 10][4, 7][7, 20][0, 13][7, 10][7, 10][7, 10][11, 25][7, 10] 
[0, 26, 8, 19, 22, 17, 28, 16, 2, 29, 27, 15, 21, 6][5, 21, 10, 7, 25, 11, 17, 12][4, 23, 9, 3, 24, 1, 14][0, 18][13, 18][4, 7][7, 20][7, 10][8, 26][11, 25][7, 10][11, 25] 
[5, 15, 27, 29, 2, 16, 28, 17, 22, 19, 8, 26][13, 18, 12, 17, 11, 25, 7, 10, 21, 6, 15][4, 23, 9, 3, 24, 1, 14][7, 10][4, 7][7, 20][0, 13][7, 10][7, 10][7, 10][11, 25][7, 10] 
[5, 15, 27, 29, 2, 16, 28, 17, 22, 19, 8, 26][13, 18, 12, 17, 11, 25, 7, 10, 21, 6, 15][4, 23, 9, 3, 24, 1, 14][7, 10][4, 7][7, 20][0, 13][7, 10][7, 10][7, 10][11, 25][7, 10] 
[5, 15, 27, 29, 2, 16, 28, 17, 22, 19, 8, 26][13, 18, 12, 17, 11, 25, 7, 10, 21, 6, 15][4, 23, 9, 3, 24, 1, 14][7, 10][4, 7][7, 20][0, 13][7, 10][7, 10][7, 10][11, 25][7, 10] 
[0, 26, 8, 19, 22, 17, 28, 16, 2, 29, 27, 15, 21, 6][5, 21, 10, 7, 25, 11, 17, 12][4, 23, 9, 3, 24, 1, 14][0, 18][13, 18][4, 7][7, 20][7, 10][8, 26][11, 25][7, 10][11, 25] 
[5, 15, 27, 29, 2, 16, 28, 17, 22, 19, 8, 26][13, 18, 12, 17, 11, 25, 7, 10, 21, 6, 15][4, 23, 9, 3, 24, 1, 14][7, 10][4, 7][7, 20][0, 13][7, 10][7, 10][7, 10][11, 25][7, 10] 
[13, 18, 12, 17, 11, 25, 7, 10, 21, 6, 5, 15][5, 15, 27, 29, 2, 16, 28, 17, 22, 19, 8, 26][4, 23, 9, 3, 24, 1, 14][7, 10][4, 7][7, 20][0, 13][7, 10][7, 10][7, 10][11, 25][7, 10] 
[5, 15, 27, 29, 2, 16, 28, 17, 22, 19, 8, 26][13, 18, 12, 17, 11, 25, 7, 10, 21, 6, 15][4, 23, 9, 3, 24, 1, 14][7, 10][4, 7][7, 20][0, 13][7, 10][7, 10][7, 10][11, 25][7, 10] 
[5, 15, 27, 29, 2, 16, 28, 17, 22, 19, 8, 26][13, 18, 12, 17, 11, 25, 7, 10, 21, 6, 15][4, 23, 9, 3, 24, 1, 14][7, 10][4, 7][7, 20][0, 13][7, 10][7, 10][7, 10][11, 25][7, 10] 
[15, 27, 29, 2, 16, 28, 17, 22, 19, 8, 26][5, 6, 21, 10, 7, 25, 11, 17, 12, 18, 13][4, 23, 9, 3, 24, 1, 14][7, 20][7, 10][11, 25][4, 7][0, 13][11, 25][11, 25][7, 10][11, 25] 
[5, 15, 27, 29, 2, 16, 28, 17, 22, 19, 8, 26][13, 18, 12, 17, 11, 25, 7, 10, 21, 6, 15][4, 23, 9, 3, 24, 1, 14][7, 10][4, 7][7, 20][0, 13][7, 10][7, 10][7, 10][11, 25][7, 10] 
[5, 15, 27, 29, 2, 16, 28, 17, 22, 19, 8, 26][13, 18, 12, 17, 11, 25, 7, 10, 21, 6, 15][4, 23, 9, 3, 24, 1, 14][7, 10][4, 7][7, 20][0, 13][7, 10][7, 10][7, 10][11, 25][7, 10] 
[5, 15, 27, 29, 2, 16, 28, 17, 22, 19, 8, 26][13, 18, 12, 17, 11, 25, 7, 10, 21, 6, 15][4, 23, 9, 3, 24, 1, 14][7, 10][4, 7][7, 20][0, 13][7, 10][7, 10][7, 10][11, 25][7, 10] 
[25, 0, 19, 12, 8, 26][16, 6, 13, 18, 22][9, 23, 24, 20, 14][2, 27, 15, 5, 21][1, 3, 11, 17][28, 7, 10, 29][17, 22][1, 4][4, 24][7, 20][25, 28][10, 15] 
[25, 0, 19, 12, 8, 26][16, 6, 13, 18, 22][9, 23, 24, 20, 14][2, 27, 15, 5, 21][28, 7, 10, 29][1, 3, 11, 17][17, 22][1, 4][4, 24][7, 20][10, 15][25, 28] 
[25, 0, 19, 12, 8, 26][16, 6, 13, 18, 22][9, 23, 24, 20, 14][2, 27, 15, 5, 21][28, 7, 10, 29][1, 3, 11, 17][17, 22][1, 4][4, 24][7, 20][10, 15][25, 28] 
[25, 0, 19, 12, 8, 26][16, 6, 13, 18, 22][9, 23, 24, 20, 14][2, 27, 15, 5, 21][28, 7, 10, 29][1, 3, 11, 17][17, 22][1, 4][4, 24][7, 20][10, 15][25, 28] 
[25, 0, 19, 12, 8, 26][16, 6, 13, 18, 22][9, 23, 24, 20, 14][2, 27, 15, 5, 21][28, 7, 10, 29][1, 3, 11, 17][17, 22][1, 4][4, 24][7, 20][10, 15][25, 28] 
[25, 0, 19, 12, 8, 26][16, 6, 13, 18, 22][9, 23, 24, 20, 14][2, 27, 15, 5, 21][1, 3, 11, 17][28, 7, 10, 29][17, 22][1, 4][4, 24][7, 20][25, 28][10, 15] 
[25, 0, 19, 12, 8, 26][9, 23, 24, 20, 14][2, 27, 15, 5, 21][16, 6, 13, 18, 22][28, 7, 10, 29][1, 3, 11, 17][7, 20][4, 24][25, 28][10, 15][17, 22][1, 4] 
[25, 0, 19, 12, 8, 26][2, 27, 15, 5, 21][9, 23, 24, 20, 14][16, 6, 13, 18, 22][28, 7, 10, 29][1, 3, 11, 17][25, 28][10, 15][7, 20][4, 24][1, 4][17, 22] 
[25, 0, 19, 12, 8, 26][2, 27, 15, 5, 21][9, 23, 24, 20, 14][16, 6, 13, 18, 22][28, 7, 10, 29][1, 3, 11, 17][25, 28][10, 15][7, 20][4, 24][1, 4][17, 22] 
[25, 0, 19, 12, 8, 26][9, 23, 24, 20, 14][2, 27, 15, 5, 21][16, 6, 13, 18, 22][28, 7, 10, 29][1, 3, 11, 17][25, 28][7, 20][10, 15][4, 24][1, 4][17, 22] 
[25, 0, 19, 12, 8, 26][9, 23, 24, 20, 14][2, 27, 15, 5, 21][16, 6, 13, 18, 22][28, 7, 10, 29][1, 3, 11, 17][7, 20][4, 24][25, 28][10, 15][17, 22][1, 4] 
[25, 0, 19, 12, 8, 26][9, 23, 24, 20, 14][2, 27, 15, 5, 21][16, 6, 13, 18, 22][28, 7, 10, 29][1, 3, 11, 17][7, 20][4, 24][25, 28][10, 15][17, 22][1, 4] 
[25, 0, 19, 12, 8, 26][2, 27, 15, 5, 21][9, 23, 24, 20, 14][16, 6, 13, 18, 22][28, 7, 10, 29][1, 3, 11, 17][25, 28][10, 15][7, 20][4, 24][1, 4][17, 22] 
[25, 0, 19, 12, 8, 26][2, 27, 15, 5, 21][9, 23, 24, 20, 14][16, 6, 13, 18, 22][28, 7, 10, 29][1, 3, 11, 17][25, 28][10, 15][7, 20][4, 24][1, 4][17, 22] 
[25, 0, 19, 12, 8, 26][2, 27, 15, 5, 21][9, 23, 24, 20, 14][16, 6, 13, 18, 22][28, 7, 10, 29][1, 3, 11, 17][25, 28][10, 15][7, 20][4, 24][1, 4][17, 22] 
[16, 6, 13, 18, 22][0, 19, 12, 8, 26][4, 1, 3, 11, 17][9, 23, 24, 20, 14][2, 27, 15, 5, 21][28, 7, 10, 29][0, 22][17, 22][4, 24][7, 20][25, 28][10, 15] 
[9, 23, 24, 20, 14][4, 1, 3, 11, 17][2, 27, 15, 5, 21][16, 6, 13, 18, 22][0, 19, 12, 8, 26][28, 7, 10, 29][7, 20][4, 24][10, 15][17, 22][25, 28][0, 22] 
[4, 1, 3, 11, 17][16, 6, 13, 18, 22][0, 19, 12, 8, 26][9, 23, 24, 20, 14][2, 27, 15, 5, 21][28, 7, 10, 29][17, 22][0, 22][4, 24][7, 20][25, 28][10, 15] 
[16, 6, 13, 18, 22][0, 19, 12, 8, 26][4, 1, 3, 11, 17][9, 23, 24, 20, 14][2, 27, 15, 5, 21][28, 7, 10, 29][0, 22][17, 22][4, 24][7, 20][25, 28][10, 15] 
[9, 23, 24, 20, 14][4, 1, 3, 11, 17][2, 27, 15, 5, 21][16, 6, 13, 18, 22][0, 19, 12, 8, 26][28, 7, 10, 29][7, 20][4, 24][10, 15][17, 22][25, 28][0, 22] 
[25, 0, 19, 12, 8, 26][16, 6, 13, 18, 22][4, 1, 3, 11, 17][9, 23, 24, 20, 14][2, 27, 15, 5, 21][28, 7, 10, 29][17, 22][1, 3][4, 24][7, 20][10, 15][25, 28] 
[25, 0, 19, 12, 8, 26][9, 23, 24, 20, 14][2, 27, 15, 5, 21][16, 6, 13, 18, 22][28, 7, 10, 29][1, 3, 11, 17][25, 28][7, 20][10, 15][4, 24][1, 4][17, 22] 
[25, 0, 19, 12, 8, 26][9, 23, 24, 20, 14][2, 27, 15, 5, 21][16, 6, 13, 18, 22][28, 7, 10, 29][1, 3, 11, 17][7, 20][4, 24][25, 28][10, 15][17, 22][1, 4] 
[25, 0, 19, 12, 8, 26][2, 27, 15, 5, 21][9, 23, 24, 20, 14][16, 6, 13, 18, 22][28, 7, 10, 29][1, 3, 11, 17][25, 28][10, 15][7, 20][4, 24][1, 4][17, 22] 
[25, 0, 19, 12, 8, 26][16, 6, 13, 18, 22][9, 23, 24, 20, 14][2, 27, 15, 5, 21][28, 7, 10, 29][1, 3, 11, 17][17, 22][1, 4][4, 24][7, 20][10, 15][25, 28] 
[25, 0, 19, 12, 8, 26][9, 23, 24, 20, 14][2, 27, 15, 5, 21][16, 6, 13, 18, 22][28, 7, 10, 29][1, 3, 11, 17][7, 20][4, 24][25, 28][10, 15][17, 22][1, 4] 
[16, 6, 13, 18, 22][0, 19, 12, 8, 26][4, 1, 3, 11, 17][9, 23, 24, 20, 14][2, 27, 15, 5, 21][28, 7, 10, 29][0, 22][17, 22][4, 24][7, 20][10, 15][25, 28] 
[25, 0, 19, 12, 8, 26][2, 27, 15, 5, 21][9, 23, 24, 20, 14][16, 6, 13, 18, 22][28, 7, 10, 29][1, 3, 11, 17][25, 28][10, 15][7, 20][4, 24][1, 4][17, 22] 
[16, 6, 13, 18, 22][0, 19, 12, 8, 26][4, 1, 3, 11, 17][9, 23, 24, 20, 14][2, 27, 15, 5, 21][28, 7, 10, 29][0, 22][17, 22][4, 24][7, 20][10, 15][25, 28] 
[16, 6, 13, 18, 22][0, 19, 12, 8, 26][4, 1, 3, 11, 17][9, 23, 24, 20, 14][2, 27, 15, 5, 21][28, 7, 10, 29][0, 22][17, 22][4, 24][7, 20][25, 28][10, 15] 
[16, 6, 13, 18, 22][0, 19, 12, 8, 26][4, 1, 3, 11, 17][9, 23, 24, 20, 14][2, 27, 15, 5, 21][28, 7, 10, 29][0, 22][17, 22][4, 24][7, 20][10, 15][25, 28] 
[16, 6, 13, 18, 22][0, 19, 12, 8, 26][4, 1, 3, 11, 17][9, 23, 24, 20, 14][2, 27, 15, 5, 21][28, 7, 10, 29][0, 22][17, 22][4, 24][7, 20][25, 28][10, 15] 
[2, 27, 15, 5, 21][9, 23, 24, 20, 14][4, 1, 3, 11, 17][16, 6, 13, 18, 22][0, 19, 12, 8, 26][28, 7, 10, 29][25, 28][10, 15][7, 20][4, 24][17, 22][0, 22] 
[2, 27, 15, 5, 21][9, 23, 24, 20, 14][4, 1, 3, 11, 17][16, 6, 13, 18, 22][0, 19, 12, 8, 26][28, 7, 10, 29][25, 28][10, 15][7, 20][4, 24][17, 22][0, 22] 
[16, 6, 13, 18, 22][0, 19, 12, 8, 26][4, 1, 3, 11, 17][9, 23, 24, 20, 14][2, 27, 15, 5, 21][28, 7, 10, 29][0, 22][17, 22][4, 24][7, 20][25, 28][10, 15] 
[16, 6, 13, 18, 22][0, 19, 12, 8, 26][4, 1, 3, 11, 17][9, 23, 24, 20, 14][2, 27, 15, 5, 21][28, 7, 10, 29][0, 22][17, 22][4, 24][7, 20][25, 28][10, 15] 
[16, 6, 13, 18, 22][0, 19, 12, 8, 26][4, 1, 3, 11, 17][9, 23, 24, 20, 14][2, 27, 15, 5, 21][28, 7, 10, 29][0, 22][17, 22][4, 24][7, 20][25, 28][10, 15] 
[2, 27, 15, 5, 21][9, 23, 24, 20, 14][4, 1, 3, 11, 17][16, 6, 13, 18, 22][0, 19, 12, 8, 26][28, 7, 10, 29][10, 15][25, 28][7, 20][4, 24][17, 22][0, 22] 
[16, 6, 13, 18, 22][0, 19, 12, 8, 26][4, 1, 3, 11, 17][9, 23, 24, 20, 14][2, 27, 15, 5, 21][28, 7, 10, 29][0, 22][17, 22][4, 24][7, 20][25, 28][10, 15] 
[9, 23, 24, 20, 14][4, 1, 3, 11, 17][16, 6, 13, 18, 22][2, 27, 15, 5, 21][0, 19, 12, 8, 26][28, 7, 10, 29][7, 20][4, 24][25, 28][17, 22][10, 15][0, 22] 
[16, 6, 13, 18, 22][0, 19, 12, 8, 26][4, 1, 3, 11, 17][9, 23, 24, 20, 14][2, 27, 15, 5, 21][28, 7, 10, 29][0, 22][17, 22][4, 24][7, 20][25, 28][10, 15] 
[16, 6, 13, 18, 22][0, 19, 12, 8, 26][4, 1, 3, 11, 17][9, 23, 24, 20, 14][2, 27, 15, 5, 21][28, 7, 10, 29][0, 22][17, 22][4, 24][7, 20][25, 28][10, 15] 
[9, 23, 24, 20, 14][4, 1, 3, 11, 17][16, 6, 13, 18, 22][2, 27, 15, 5, 21][0, 19, 12, 8, 26][28, 7, 10, 29][7, 20][4, 24][25, 28][17, 22][10, 15][0, 22] 
[21, 5, 15, 27, 2, 29][25, 0, 19, 12, 8, 26][9, 23, 24, 20, 14][4, 1, 3, 11, 17][16, 6, 13, 18, 22][10, 7, 28][7, 20][4, 24][10, 15][25, 28][17, 22][1, 3] 
[21, 5, 15, 27, 2, 29][25, 0, 19, 12, 8, 26][9, 23, 24, 20, 14][4, 1, 3, 11, 17][16, 6, 13, 18, 22][10, 7, 28][7, 20][4, 24][10, 15][25, 28][17, 22][1, 3] 
[21, 5, 15, 27, 2, 29][25, 0, 19, 12, 8, 26][9, 23, 24, 20, 14][4, 1, 3, 11, 17][16, 6, 13, 18, 22][10, 7, 28][7, 20][4, 24][10, 15][25, 28][17, 22][1, 3] 
[21, 5, 15, 27, 2, 29][25, 0, 19, 12, 8, 26][9, 23, 24, 20, 14][4, 1, 3, 11, 17][16, 6, 13, 18, 22][10, 7, 28][7, 20][4, 24][10, 15][25, 28][17, 22][1, 3] 
[21, 5, 15, 27, 2, 29][25, 0, 19, 12, 8, 26][9, 23, 24, 20, 14][4, 1, 3, 11, 17][16, 6, 13, 18, 22][10, 7, 28][7, 20][4, 24][10, 15][25, 28][17, 22][1, 3] 
[21, 5, 15, 27, 2, 29][25, 0, 19, 12, 8, 26][9, 23, 24, 20, 14][4, 1, 3, 11, 17][16, 6, 13, 18, 22][10, 7, 28][10, 29][25, 28][7, 20][4, 24][17, 22][1, 3] 
[16, 6, 13, 18, 22][0, 19, 12, 8, 26][4, 1, 3, 11, 17][9, 23, 24, 20, 14][2, 27, 15, 5, 21][28, 7, 10, 29][0, 22][17, 22][4, 24][7, 20][10, 15][25, 28] 
[16, 6, 13, 18, 22][0, 19, 12, 8, 26][4, 1, 3, 11, 17][9, 23, 24, 20, 14][2, 27, 15, 5, 21][28, 7, 10, 29][0, 22][17, 22][4, 24][7, 20][25, 28][10, 15] 
[0, 19, 12, 8, 26][16, 6, 13, 18, 22][4, 1, 3, 11, 17][9, 23, 24, 20, 14][2, 27, 15, 5, 21][28, 7, 10, 29][0, 22][17, 22][4, 24][7, 20][25, 28][10, 15] 
[9, 23, 24, 20, 14][4, 1, 3, 11, 17][16, 6, 13, 18, 22][0, 19, 12, 8, 26][2, 27, 15, 5, 21][28, 7, 10, 29][4, 24][7, 20][17, 22][0, 22][10, 15][25, 28] 
[4, 1, 3, 11, 17][9, 23, 24, 20, 14][16, 6, 13, 18, 22][0, 19, 12, 8, 26][2, 27, 15, 5, 21][28, 7, 10, 29][4, 24][17, 22][0, 22][7, 20][10, 15][25, 28] 
[0, 19, 12, 8, 26][16, 6, 13, 18, 22][4, 1, 3, 11, 17][9, 23, 24, 20, 14][2, 27, 15, 5, 21][28, 7, 10, 29][0, 22][17, 22][4, 24][7, 20][25, 28][10, 15] 
[9, 23, 24, 20, 14][4, 1, 3, 11, 17][2, 27, 15, 5, 21][0, 19, 12, 8, 26][16, 6, 13, 18, 22][28, 7, 10, 29][4, 24][7, 20][10, 15][25, 28][17, 22][0, 25] 
