[4, 1, 9, 23, 14, 20][22, 25, 11, 3, 24][0, 26, 8, 19, 17][5, 21, 10, 27][16, 7, 25, 28][6, 13, 18, 12][15, 2, 29][15, 27][7, 27][7, 20][17, 22][12, 19] 
[4, 1, 9, 23, 14, 20][22, 25, 11, 3, 24][0, 26, 8, 19, 17][5, 21, 10, 15][16, 7, 25, 28][6, 13, 18, 12][15, 2, 29][15, 27][7, 27][7, 20][17, 22][12, 19] 
[4, 1, 9, 23, 14, 20][22, 25, 11, 3, 24][0, 26, 8, 19, 17][5, 21, 10, 15][16, 7, 25, 28][6, 13, 18, 12][15, 2, 29][15, 27][7, 27][17, 22][7, 20][12, 19] 
[4, 1, 9, 23, 14, 20][22, 25, 11, 3, 24][0, 26, 8, 19, 17][5, 21, 10, 15][16, 7, 25, 28][6, 13, 18, 12][15, 2, 29][15, 27][7, 27][7, 20][17, 22][12, 19] 
[4, 1, 9, 23, 14, 20][22, 25, 11, 3, 24][0, 26, 8, 19, 17][16, 7, 25, 28][5, 21, 10, 27][6, 13, 18, 12][15, 2, 29][7, 20][17, 22][7, 27][15, 27][0, 13] 
[4, 1, 9, 23, 14, 20][0, 26, 8, 19, 17][22, 25, 11, 3, 24][16, 7, 25, 28][6, 13, 18, 12][5, 21, 10, 27][15, 2, 29][17, 22][7, 20][12, 19][7, 27][15, 27] 
[4, 1, 9, 23, 14, 20][22, 25, 11, 3, 24][0, 26, 8, 19, 17][16, 7, 25, 28][5, 21, 10, 27][6, 13, 18, 12][15, 2, 29][7, 20][7, 27][17, 22][15, 27][12, 19] 
[4, 1, 9, 23, 14, 20][22, 25, 11, 3, 24][0, 26, 8, 19, 17][16, 7, 25, 28][5, 21, 10, 27][6, 13, 18, 12][15, 2, 29][17, 22][7, 20][7, 27][0, 13][15, 27] 
[4, 1, 9, 23, 14, 20][22, 25, 11, 3, 24][0, 26, 8, 19, 17][16, 7, 25, 28][5, 21, 10, 27][6, 13, 18, 12][15, 2, 29][7, 20][17, 22][7, 27][15, 27][0, 13] 
[4, 1, 9, 23, 14, 20][22, 25, 11, 3, 24][0, 26, 8, 19, 17][16, 7, 25, 28][5, 21, 10, 27][6, 13, 18, 12][15, 2, 29][7, 20][17, 22][7, 27][15, 27][0, 13] 
[4, 1, 9, 23, 14, 20][22, 25, 11, 3, 24][0, 26, 8, 19, 17][16, 7, 25, 28][5, 21, 10, 27][6, 13, 18, 12][15, 2, 29][7, 27][15, 27][17, 22][7, 20][12, 19] 
[4, 1, 9, 23, 14, 20][22, 25, 11, 3, 24][0, 26, 8, 19, 17][5, 21, 10, 15][16, 7, 25, 28][6, 13, 18, 12][15, 2, 29][15, 27][7, 27][7, 20][17, 22][12, 19] 
[4, 1, 9, 23, 14, 20][22, 25, 11, 3, 24][0, 26, 8, 19, 17][5, 21, 10, 15][16, 7, 25, 28][6, 13, 18, 12][15, 2, 29][15, 27][7, 27][7, 20][17, 22][12, 19] 
[4, 1, 9, 23, 14, 20][22, 25, 11, 3, 24][0, 26, 8, 19, 17][16, 7, 25, 28][5, 21, 10, 27][6, 13, 18, 12][15, 2, 29][7, 27][15, 27][7, 20][17, 22][0, 13] 
[4, 1, 9, 23, 14, 20][0, 26, 8, 19, 17][22, 25, 11, 3, 24][16, 7, 25, 28][5, 21, 10, 27][6, 13, 18, 12][15, 2, 29][17, 22][7, 27][12, 19][7, 20][15, 27] 
[4, 1, 9, 23, 14, 20][22, 25, 11, 3, 24][0, 26, 8, 19, 17][16, 7, 25, 28][5, 21, 10, 27][6, 13, 18, 12][15, 2, 29][7, 20][17, 22][7, 27][15, 27][0, 13] 
[4, 1, 9, 23, 14, 20][0, 26, 8, 19, 17][22, 25, 11, 3, 24][16, 7, 25, 28][6, 13, 18, 12][5, 21, 10, 27][15, 2, 29][17, 22][7, 20][12, 19][7, 27][15, 27] 
[4, 1, 9, 23, 14, 20][22, 25, 11, 3, 24][0, 26, 8, 19, 17][5, 21, 10, 15][16, 7, 25, 28][6, 13, 18, 12][15, 2, 29][15, 27][7, 27][7, 20][17, 22][12, 19] 
[4, 1, 9, 23, 14, 20][22, 25, 11, 3, 24][0, 26, 8, 19, 17][5, 21, 10, 27][16, 7, 25, 28][6, 13, 18, 12][15, 2, 29][7, 27][7, 20][15, 27][17, 22][0, 13] 
[4, 1, 9, 23, 14, 20][22, 25, 11, 3, 24][0, 26, 8, 19, 17][16, 7, 25, 28][5, 21, 10, 27][6, 13, 18, 12][15, 2, 29][7, 27][15, 27][17, 22][7, 20][12, 19] 
[4, 1, 9, 23, 14, 20][22, 25, 11, 3, 24][0, 26, 8, 19, 17][16, 7, 25, 28][5, 21, 10, 27][6, 13, 18, 12][15, 2, 29][7, 20][17, 22][7, 27][12, 19][15, 27] 
[4, 1, 9, 23, 14, 20][22, 25, 11, 3, 24][0, 26, 8, 19, 17][5, 21, 10, 15][16, 7, 25, 28][6, 13, 18, 12][15, 2, 29][15, 27][7, 27][7, 20][17, 22][12, 19] 
[4, 1, 9, 23, 14, 20][22, 25, 11, 3, 24][0, 26, 8, 19, 17][5, 21, 10, 15][16, 7, 25, 28][6, 13, 18, 12][15, 2, 29][15, 27][7, 27][7, 20][17, 22][12, 19] 
[4, 1, 9, 23, 14, 20][22, 25, 11, 3, 24][0, 26, 8, 19, 17][16, 7, 25, 28][5, 21, 10, 27][6, 13, 18, 12][15, 2, 29][7, 20][17, 22][7, 27][15, 27][0, 13] 
[4, 1, 9, 23, 14, 20][0, 26, 8, 19, 17][22, 25, 11, 3, 24][16, 7, 25, 28][5, 21, 10, 27][6, 13, 18, 12][15, 2, 29][17, 22][7, 27][15, 27][12, 19][7, 20] 
[4, 1, 9, 23, 14, 20][22, 25, 11, 3, 24][0, 26, 8, 19, 17][16, 7, 25, 28][5, 21, 10, 27][6, 13, 18, 12][15, 2, 29][7, 20][17, 22][7, 27][15, 27][0, 13] 
[4, 1, 9, 23, 14, 20][22, 25, 11, 3, 24][0, 26, 8, 19, 17][5, 21, 10, 27][16, 7, 25, 28][6, 13, 18, 12][15, 2, 29][15, 27][7, 27][7, 20][17, 22][12, 19] 
[4, 1, 9, 23, 14, 20][22, 25, 11, 3, 24][0, 26, 8, 19, 17][5, 21, 10, 15][16, 7, 25, 28][6, 13, 18, 12][15, 2, 29][15, 27][7, 27][7, 20][17, 22][12, 19] 
[4, 1, 9, 23, 14, 20][0, 26, 8, 19, 17][22, 25, 11, 3, 24][16, 7, 25, 28][6, 13, 18, 12][5, 21, 10, 27][15, 2, 29][17, 22][0, 13][7, 20][7, 27][15, 27] 
[4, 1, 9, 23, 14, 20][0, 26, 8, 19, 17][22, 25, 11, 3, 24][16, 7, 25, 28][5, 21, 10, 27][6, 13, 18, 12][15, 2, 29][17, 22][7, 27][12, 19][7, 20][15, 27] 
[4, 1, 9, 23, 14, 20][22, 25, 11, 3, 24][0, 26, 8, 19, 17][5, 21, 10, 27][16, 7, 25, 28][6, 13, 18, 12][15, 2, 29][15, 27][7, 27][7, 20][17, 22][12, 19] 
[4, 1, 9, 23, 14, 20][0, 26, 8, 19, 17][22, 25, 11, 3, 24][6, 13, 18, 12][16, 7, 25, 28][5, 21, 10, 15][15, 2, 29][12, 19][17, 22][7, 27][15, 27][7, 20] 
[4, 1, 9, 23, 14, 20][0, 26, 8, 19, 17][22, 25, 11, 3, 24][16, 7, 25, 28][6, 13, 18, 12][5, 21, 10, 27][15, 2, 29][17, 22][0, 13][7, 20][7, 27][15, 27] 
[4, 1, 9, 23, 14, 20][0, 26, 8, 19, 17][22, 25, 11, 3, 24][16, 7, 25, 28][6, 13, 18, 12][5, 21, 10, 27][15, 2, 29][17, 22][12, 19][7, 27][15, 27][7, 20] 
[4, 1, 9, 23, 14, 20][22, 25, 11, 3, 24][0, 26, 8, 19, 17][16, 7, 25, 28][5, 21, 10, 27][6, 13, 18, 12][15, 2, 29][7, 27][17, 22][12, 19][7, 20][15, 27] 
[9, 23, 20, 4, 14, 3, 1, 24, 7, 16, 15][13, 6, 5, 21, 10, 27, 29][13, 0, 26, 8, 19, 17][3, 11, 25, 22][12, 18, 13][5, 21][2, 15][17, 28][0, 26][7, 24][25, 28][7, 24] 
[9, 23, 20, 4, 14, 3, 1, 24, 7, 16, 15][13, 6, 5, 21, 10, 27, 29][13, 0, 26, 8, 19, 17][3, 11, 25, 22][12, 18, 13][5, 21][2, 15][17, 28][0, 26][7, 24][25, 28][7, 24] 
[9, 23, 20, 4, 14, 3, 1, 24, 7, 16, 15][13, 6, 5, 21, 10, 27, 29][13, 0, 26, 8, 19, 17][3, 11, 25, 22][12, 18, 13][5, 21][2, 15][17, 28][0, 26][7, 24][25, 28][7, 24] 
[9, 23, 20, 4, 14, 3, 1, 24, 7, 16, 15][13, 6, 5, 21, 10, 27, 29][13, 0, 26, 8, 19, 17][3, 11, 25, 22][12, 18, 13][5, 21][2, 15][17, 28][0, 26][7, 24][25, 28][7, 24] 
[9, 23, 20, 4, 14, 3, 1, 24, 7, 16, 15][13, 6, 5, 21, 10, 27, 29][13, 0, 26, 8, 19, 17][3, 11, 25, 22][12, 18, 13][5, 21][2, 15][17, 28][0, 26][7, 24][25, 28][7, 24] 
[9, 23, 20, 4, 14, 3, 1, 24, 7, 16, 15][13, 6, 21, 10, 27, 29][13, 0, 26, 8, 19, 17][3, 11, 25, 22][12, 18, 13][5, 21][2, 15][17, 28][0, 26][7, 24][25, 28][7, 24] 
[9, 23, 20, 4, 14, 3, 1, 24, 7, 16, 15][13, 6, 5, 21, 10, 27, 29][13, 0, 26, 8, 19, 17][3, 11, 25, 22][12, 18, 13][5, 21][2, 15][17, 28][0, 26][7, 24][25, 28][7, 24] 
[9, 23, 20, 4, 14, 3, 1, 24, 7, 16, 15][13, 6, 5, 21, 10, 27, 29][13, 0, 26, 8, 19, 17][3, 11, 25, 22][12, 18, 13][5, 21][2, 15][17, 28][0, 26][7, 24][25, 28][7, 24] 
[9, 23, 20, 4, 14, 3, 1, 24, 7, 16, 15][13, 6, 5, 21, 10, 27, 29][13, 0, 26, 8, 19, 17][3, 11, 25, 22][12, 18, 13][5, 21][2, 15][17, 28][0, 26][7, 24][25, 28][7, 24] 
[9, 23, 20, 4, 14, 3, 1, 24, 7, 16, 15][13, 6, 5, 21, 10, 27, 29][13, 0, 26, 8, 19, 17][3, 11, 25, 22][12, 18, 13][5, 21][2, 15][17, 28][0, 26][7, 24][25, 28][7, 24] 
[9, 23, 20, 4, 14, 3, 1, 24, 7, 16, 15][13, 6, 5, 21, 10, 27, 29][13, 0, 26, 8, 19, 17][3, 11, 25, 22][12, 18, 13][5, 21][2, 15][17, 28][0, 26][7, 24][25, 28][7, 24] 
[9, 23, 20, 4, 14, 3, 1, 24, 7, 16, 15][13, 6, 5, 21, 10, 27, 29][13, 0, 26, 8, 19, 17][3, 11, 25, 22][12, 18, 13][5, 21][2, 15][17, 28][0, 26][7, 24][25, 28][7, 24] 
[9, 23, 20, 4, 14, 3, 1, 24, 7, 16, 15][13, 6, 5, 21, 10, 27, 29][13, 0, 26, 8, 19, 17][3, 11, 25, 22][12, 18, 13][5, 21][2, 15][17, 28][0, 26][7, 24][25, 28][7, 24] 
[9, 23, 20, 4, 14, 3, 1, 24, 7, 16, 15][13, 6, 5, 21, 10, 27, 29][13, 0, 26, 8, 19, 17][3, 11, 25, 22][12, 18, 13][5, 21][2, 15][17, 28][0, 26][7, 24][25, 28][7, 24] 
[9, 23, 20, 4, 14, 3, 1, 24, 7, 16, 15][13, 6, 5, 21, 10, 27, 29][13, 0, 26, 8, 19, 17][3, 11, 25, 22][12, 18, 13][5, 21][2, 15][17, 28][0, 26][7, 24][25, 28][7, 24] 
[9, 23, 20, 4, 14, 3, 1, 24, 7, 16, 15][13, 6, 5, 21, 10, 27, 29][13, 0, 26, 8, 19, 17][3, 11, 25, 22][12, 18, 13][5, 21][2, 15][17, 28][0, 26][7, 24][25, 28][7, 24] 
[9, 23, 20, 4, 14, 3, 1, 24, 7, 16, 15, 27, 29, 2, 21][13, 6, 5, 21, 10, 27, 29][13, 0, 26, 8, 19, 17][5, 21, 10, 27, 29][3, 11, 25, 22][12, 18, 13][7, 24][25, 28][12, 18][7, 24][2, 15][0, 26] 
[9, 23, 20, 4, 14, 3, 1, 24, 7, 16, 15][13, 6, 5, 21, 10, 27, 29][13, 0, 26, 8, 19, 17][3, 11, 25, 22][12, 18, 13][5, 21][2, 15][17, 28][0, 26][7, 24][25, 28][7, 24] 
[9, 23, 20, 4, 14, 3, 1, 24, 7, 16, 15][13, 6, 5, 21, 10, 27, 29][13, 0, 26, 8, 19, 17][3, 11, 25, 22][12, 18, 13][5, 21][2, 15][17, 28][0, 26][7, 24][25, 28][7, 24] 
[9, 23, 20, 4, 14, 3, 1, 24, 7, 16, 15][13, 6, 5, 21, 10, 27, 29][13, 0, 26, 8, 19, 17][3, 11, 25, 22][12, 18, 13][5, 21][2, 15][17, 28][0, 26][7, 24][25, 28][7, 24] 
[9, 23, 20, 4, 14, 3, 1, 24, 7, 16, 15, 27, 29, 2, 21][3, 11, 25, 22, 18, 19, 8, 12, 17, 28, 16, 7, 20, 24, 4][12, 18, 13, 6, 5, 15, 29, 10, 21, 2, 27][13, 6, 5, 21, 10, 27, 29][13, 0, 26, 8, 19, 17][5, 21][2, 15][17, 28][0, 26][7, 24][25, 28][7, 24] 
[4, 1, 9, 23, 14, 20][22, 25, 11, 3, 24][0, 26, 8, 19, 17][16, 7, 25, 28][5, 21, 10, 27][6, 13, 18, 12][15, 2, 29][7, 27][7, 20][17, 22][12, 19][15, 27] 
[4, 1, 9, 23, 14, 20][22, 25, 11, 3, 24][0, 26, 8, 19, 17][16, 7, 25, 28][5, 21, 10, 27][6, 13, 18, 12][15, 2, 29][7, 27][7, 20][17, 22][12, 19][15, 27] 
[4, 1, 9, 23, 14, 20][22, 25, 11, 3, 24][0, 26, 8, 19, 17][16, 7, 25, 28][5, 21, 10, 27][6, 13, 18, 12][15, 2, 29][7, 20][7, 27][15, 27][17, 22][12, 19] 
[4, 1, 9, 23, 14, 20][22, 25, 11, 3, 24][0, 26, 8, 19, 17][16, 7, 25, 28][5, 21, 10, 27][6, 13, 18, 12][15, 2, 29][7, 27][15, 27][17, 22][7, 20][12, 19] 
[4, 1, 9, 23, 14, 20][0, 26, 8, 19, 17][22, 25, 11, 3, 24][6, 13, 18, 12][16, 7, 25, 28][5, 21, 10, 27][15, 2, 29][12, 19][17, 22][7, 27][7, 20][15, 27] 
[4, 1, 9, 23, 14, 20][22, 25, 11, 3, 24][0, 26, 8, 19, 17][16, 7, 25, 28][5, 21, 10, 27][6, 13, 18, 12][15, 2, 29][7, 27][17, 22][12, 19][7, 20][15, 27] 
[4, 1, 9, 23, 14, 20][22, 25, 11, 3, 24][0, 26, 8, 19, 17][5, 21, 10, 27][16, 7, 25, 28][6, 13, 18, 12][15, 2, 29][15, 27][7, 27][7, 20][17, 22][12, 19] 
[4, 1, 9, 23, 14, 20][22, 25, 11, 3, 24][0, 26, 8, 19, 17][16, 7, 25, 28][6, 13, 18, 12][5, 21, 10, 27][15, 2, 29][17, 22][12, 19][7, 27][15, 27][7, 20] 
[4, 1, 9, 23, 14, 20][22, 25, 11, 3, 24][0, 26, 8, 19, 17][16, 7, 25, 28][5, 21, 10, 27][6, 13, 18, 12][15, 2, 29][7, 27][17, 22][12, 19][7, 20][15, 27] 
[4, 1, 9, 23, 14, 20][22, 25, 11, 3, 24][0, 26, 8, 19, 17][16, 7, 25, 28][5, 21, 10, 27][6, 13, 18, 12][15, 2, 29][7, 20][17, 22][7, 27][12, 19][15, 27] 
[4, 1, 9, 23, 14, 20][22, 25, 11, 3, 24][0, 26, 8, 19, 17][16, 7, 25, 28][5, 21, 10, 27][6, 13, 18, 12][15, 2, 29][7, 20][17, 22][7, 27][12, 19][15, 27] 
[4, 1, 9, 23, 14, 20][22, 25, 11, 3, 24][0, 26, 8, 19, 17][16, 7, 25, 28][5, 21, 10, 27][6, 13, 18, 12][15, 2, 29][7, 27][15, 27][7, 20][17, 22][12, 19] 
[4, 1, 9, 23, 14, 20][22, 25, 11, 3, 24][0, 26, 8, 19, 17][16, 7, 25, 28][5, 21, 10, 27][6, 13, 18, 12][15, 2, 29][7, 27][17, 22][12, 19][7, 20][15, 27] 
[4, 1, 9, 23, 14, 20][22, 25, 11, 3, 24][0, 26, 8, 19, 17][16, 7, 25, 28][5, 21, 10, 27][6, 13, 18, 12][15, 2, 29][7, 27][17, 22][12, 19][7, 20][15, 27] 
[4, 1, 9, 23, 14, 20][22, 25, 11, 3, 24][0, 26, 8, 19, 17][16, 7, 25, 28][5, 21, 10, 27][6, 13, 18, 12][15, 2, 29][7, 27][15, 27][7, 20][17, 22][12, 19] 
[4, 1, 9, 23, 14, 20][22, 25, 11, 3, 24][0, 26, 8, 19, 17][16, 7, 25, 28][5, 21, 10, 27][6, 13, 18, 12][15, 2, 29][17, 22][7, 27][7, 20][15, 27][12, 19] 
[4, 1, 9, 23, 14, 20][0, 26, 8, 19, 17][22, 25, 11, 3, 24][6, 13, 18, 12][16, 7, 25, 28][5, 21, 10, 27][15, 2, 29][12, 19][17, 22][7, 20][7, 27][15, 27] 
[4, 1, 9, 23, 14, 20][22, 25, 11, 3, 24][0, 26, 8, 19, 17][16, 7, 25, 28][5, 21, 10, 27][6, 13, 18, 12][15, 2, 29][7, 27][17, 22][12, 19][7, 20][15, 27] 
[4, 1, 9, 23, 14, 20][0, 26, 8, 19, 17][22, 25, 11, 3, 24][6, 13, 18, 12][16, 7, 25, 28][5, 21, 10, 27][15, 2, 29][12, 19][17, 22][7, 20][7, 27][15, 27] 
[4, 1, 9, 23, 14, 20][22, 25, 11, 3, 24][0, 26, 8, 19, 17][16, 7, 25, 28][5, 21, 10, 27][6, 13, 18, 12][15, 2, 29][7, 20][17, 22][7, 27][12, 19][15, 27] 
[4, 1, 9, 23, 14, 20][22, 25, 11, 3, 24][0, 26, 8, 19, 17][5, 21, 10, 15][16, 7, 25, 28][6, 13, 18, 12][15, 2, 29][15, 27][7, 27][7, 20][17, 22][12, 19] 
[4, 1, 9, 23, 14, 20][22, 25, 11, 3, 24][0, 26, 8, 19, 17][16, 7, 25, 28][6, 13, 18, 12][5, 21, 10, 27][15, 2, 29][7, 20][17, 22][12, 19][7, 27][15, 27] 
[4, 1, 9, 23, 14, 20][22, 25, 11, 3, 24][0, 26, 8, 19, 17][16, 7, 25, 28][5, 21, 10, 27][6, 13, 18, 12][15, 2, 29][17, 22][7, 27][7, 20][15, 27][12, 19] 
[4, 1, 9, 23, 14, 20][22, 25, 11, 3, 24][0, 26, 8, 19, 17][5, 21, 10, 27][16, 7, 25, 28][6, 13, 18, 12][15, 2, 29][15, 27][7, 27][7, 20][17, 22][12, 19] 
[4, 1, 9, 23, 14, 20][22, 25, 11, 3, 24][0, 26, 8, 19, 17][16, 7, 25, 28][6, 13, 18, 12][5, 21, 10, 27][15, 2, 29][7, 20][17, 22][12, 19][7, 27][15, 27] 
[4, 1, 9, 23, 14, 20][22, 25, 11, 3, 24][0, 26, 8, 19, 17][5, 21, 10, 27][16, 7, 25, 28][6, 13, 18, 12][15, 2, 29][7, 27][7, 20][17, 22][15, 27][12, 19] 
[4, 1, 9, 23, 14, 20][22, 25, 11, 3, 24][0, 26, 8, 19, 17][16, 7, 25, 28][5, 21, 10, 27][6, 13, 18, 12][15, 2, 29][7, 27][15, 27][7, 20][17, 22][12, 19] 
[4, 1, 9, 23, 14, 20][22, 25, 11, 3, 24][0, 26, 8, 19, 17][16, 7, 25, 28][5, 21, 10, 27][6, 13, 18, 12][15, 2, 29][7, 27][15, 27][7, 20][17, 22][12, 19] 
[4, 1, 9, 23, 14, 20][0, 26, 8, 19, 17][22, 25, 11, 3, 24][6, 13, 18, 12][16, 7, 25, 28][5, 21, 10, 27][15, 2, 29][12, 19][17, 22][7, 27][7, 20][15, 27] 
[4, 1, 9, 23, 14, 20][22, 25, 11, 3, 24][0, 26, 8, 19, 17][16, 7, 25, 28][5, 21, 10, 27][6, 13, 18, 12][15, 2, 29][7, 20][17, 22][7, 27][12, 19][15, 27] 
[4, 1, 9, 23, 14, 20][22, 25, 11, 3, 24][0, 26, 8, 19, 17][16, 7, 25, 28][5, 21, 10, 27][6, 13, 18, 12][15, 2, 29][7, 27][15, 27][17, 22][7, 20][12, 19] 
[4, 1, 9, 23, 14, 20][0, 26, 8, 19, 17][22, 25, 11, 3, 24][6, 13, 18, 12][16, 7, 25, 28][5, 21, 10, 27][15, 2, 29][12, 19][17, 22][7, 27][7, 20][15, 27] 
[4, 1, 9, 23, 14, 20][0, 26, 8, 19, 17][22, 25, 11, 3, 24][6, 13, 18, 12][16, 7, 25, 28][5, 21, 10, 27][15, 2, 29][12, 19][17, 22][7, 27][7, 20][15, 27] 
[4, 1, 9, 23, 14, 20][0, 26, 8, 19, 17][22, 25, 11, 3, 24][6, 13, 18, 12][16, 7, 25, 28][5, 21, 10, 27][15, 2, 29][12, 19][17, 22][7, 27][7, 20][15, 27] 
[4, 1, 9, 23, 14, 20][22, 25, 11, 3, 24][0, 26, 8, 19, 17][16, 7, 25, 28][5, 21, 10, 27][6, 13, 18, 12][15, 2, 29][7, 20][17, 22][7, 27][12, 19][15, 27] 
[4, 1, 9, 23, 14, 20][22, 25, 11, 3, 24][0, 26, 8, 19, 17][16, 7, 25, 28][5, 21, 10, 27][6, 13, 18, 12][15, 2, 29][7, 27][15, 27][17, 22][7, 20][12, 19] 
[4, 1, 9, 23, 14, 20][22, 25, 11, 3, 24][0, 26, 8, 19, 17][5, 21, 10, 27][16, 7, 25, 28][6, 13, 18, 12][15, 2, 29][7, 27][15, 27][17, 22][12, 19][7, 20] 
[4, 1, 9, 23, 14, 20][22, 25, 11, 3, 24][0, 26, 8, 19, 17][5, 21, 10, 27][16, 7, 25, 28][6, 13, 18, 12][15, 2, 29][15, 27][7, 27][7, 20][17, 22][12, 19] 
[4, 1, 9, 23, 14, 20][22, 25, 11, 3, 24][0, 26, 8, 19, 17][16, 7, 25, 28][5, 21, 10, 27][6, 13, 18, 12][15, 2, 29][7, 20][7, 27][17, 22][12, 19][15, 27] 
[4, 1, 9, 23, 14, 20][22, 25, 11, 3, 24][0, 26, 8, 19, 17][16, 7, 25, 28][5, 21, 10, 27][6, 13, 18, 12][15, 2, 29][7, 27][17, 22][12, 19][7, 20][15, 27] 
[4, 1, 9, 23, 14, 20][22, 25, 11, 3, 24][0, 26, 8, 19, 17][16, 7, 25, 28][5, 21, 10, 27][6, 13, 18, 12][15, 2, 29][7, 20][7, 27][17, 22][15, 27][12, 19] 
[4, 1, 9, 23, 14, 20][0, 26, 8, 19, 17][22, 25, 11, 3, 24][16, 7, 25, 28][6, 13, 18, 12][5, 21, 10, 27][15, 2, 29][17, 22][12, 19][7, 27][15, 27][7, 20] 
[4, 1, 9, 23, 14, 20][22, 25, 11, 3, 24][0, 26, 8, 19, 17][16, 7, 25, 28][5, 21, 10, 27][6, 13, 18, 12][15, 2, 29][7, 27][17, 22][12, 19][7, 20][15, 27] 
[4, 1, 9, 23, 14, 20][22, 25, 11, 3, 24][0, 26, 8, 19, 17][5, 21, 10, 15][16, 7, 25, 28][6, 13, 18, 12][15, 2, 29][15, 27][7, 27][7, 20][17, 22][12, 19] 
[4, 1, 9, 23, 14, 20][22, 25, 11, 3, 24][0, 26, 8, 19, 17][5, 21, 10, 15][16, 7, 25, 28][6, 13, 18, 12][15, 2, 29][15, 27][7, 27][7, 20][17, 22][12, 19] 
[4, 1, 9, 23, 14, 20][22, 25, 11, 3, 24][0, 26, 8, 19, 17][5, 21, 10, 15][16, 7, 25, 28][6, 13, 18, 12][15, 2, 29][15, 27][7, 27][7, 20][17, 22][12, 19] 
[4, 1, 9, 23, 14, 20][22, 25, 11, 3, 24][0, 26, 8, 19, 17][5, 21, 10, 15][16, 7, 25, 28][6, 13, 18, 12][15, 2, 29][15, 27][7, 27][7, 20][17, 22][12, 19] 
[4, 1, 9, 23, 14, 20][22, 25, 11, 3, 24][0, 26, 8, 19, 17][5, 21, 10, 15][16, 7, 25, 28][6, 13, 18, 12][15, 2, 29][15, 27][7, 27][7, 20][17, 22][12, 19] 
[4, 1, 9, 23, 14, 20][22, 25, 11, 3, 24][0, 26, 8, 19, 17][5, 21, 10, 15][16, 7, 25, 28][6, 13, 18, 12][15, 2, 29][15, 27][7, 27][7, 20][17, 22][12, 19] 
[4, 1, 9, 23, 14, 20][22, 25, 11, 3, 24][0, 26, 8, 19, 17][16, 7, 25, 28][5, 21, 10, 27][6, 13, 18, 12][15, 2, 29][7, 20][17, 22][7, 27][12, 19][15, 27] 
[4, 1, 9, 23, 14, 20][22, 25, 11, 3, 24][0, 26, 8, 19, 17][5, 21, 10, 27][16, 7, 25, 28][6, 13, 18, 12][15, 2, 29][7, 27][15, 27][17, 22][12, 19][7, 20] 
[4, 1, 9, 23, 14, 20][0, 26, 8, 19, 17][22, 25, 11, 3, 24][6, 13, 18, 12][16, 7, 25, 28][5, 21, 10, 27][15, 2, 29][12, 19][17, 22][7, 27][7, 20][15, 27] 
[4, 1, 9, 23, 14, 20][22, 25, 11, 3, 24][0, 26, 8, 19, 17][16, 7, 25, 28][5, 21, 10, 27][6, 13, 18, 12][15, 2, 29][7, 27][15, 27][17, 22][7, 20][12, 19] 
[4, 1, 9, 23, 14, 20][22, 25, 11, 3, 24][0, 26, 8, 19, 17][16, 7, 25, 28][5, 21, 10, 27][6, 13, 18, 12][15, 2, 29][7, 27][17, 22][12, 19][7, 20][15, 27] 
[4, 1, 9, 23, 14, 20][22, 25, 11, 3, 24][0, 26, 8, 19, 17][5, 21, 10, 27][16, 7, 25, 28][6, 13, 18, 12][15, 2, 29][15, 27][7, 27][7, 20][17, 22][12, 19] 
[4, 1, 9, 23, 14, 20][22, 25, 11, 3, 24][0, 26, 8, 19, 17][5, 21, 10, 27][16, 7, 25, 28][6, 13, 18, 12][15, 2, 29][15, 27][7, 27][7, 20][17, 22][12, 19] 
