[11, 25, 0, 12, 8, 26][6, 13, 18, 17, 22, 19][1, 3, 24, 4, 7][28, 16, 15, 29][2, 10, 21, 5][14, 20, 23][1, 9, 23][11, 14][7, 27][25, 28][2, 27][6, 10] 
[11, 25, 0, 12, 8, 26][6, 13, 18, 17, 22, 19][1, 3, 24, 4, 7][28, 16, 15, 29][2, 10, 21, 5][1, 9, 23][14, 20, 23][7, 27][11, 14][25, 28][2, 27][6, 10] 
[11, 25, 0, 12, 8, 26][6, 13, 18, 17, 22, 19][3, 24, 4, 7, 27][28, 16, 15, 29][2, 10, 21, 5][14, 20, 23][1, 9, 23][11, 14][22, 25][1, 3][25, 28][6, 10] 
[6, 13, 18, 17, 22, 19][11, 25, 0, 12, 8, 26][5, 21, 10, 2, 29][7, 27, 15, 16][3, 24, 4, 7][1, 9, 23][14, 20, 23][2, 27][6, 10][1, 3][11, 14][25, 28] 
[11, 25, 0, 12, 8, 26][6, 13, 18, 17, 22, 19][1, 3, 24, 4, 7][5, 21, 10, 2, 27][28, 16, 15, 29][14, 20, 23][25, 28][11, 14][9, 23][1, 9][7, 27][6, 10] 
[11, 25, 0, 12, 8, 26][6, 13, 18, 17, 22, 19][5, 21, 10, 2, 27][1, 3, 24, 4][28, 16, 15, 29][14, 20, 23][1, 9, 23][11, 14][25, 28][7, 27][6, 10][4, 7] 
[6, 13, 18, 17, 22, 19][11, 25, 0, 12, 8, 26][1, 3, 24, 4, 7][2, 10, 21, 5][28, 16, 15, 29][1, 9, 23][14, 20, 23][7, 27][2, 27][6, 10][11, 14][25, 28] 
[11, 25, 0, 12, 8, 26][6, 13, 18, 17, 22, 19][1, 3, 24, 4, 7][5, 21, 10, 2, 27][28, 16, 15, 29][14, 20, 23][1, 9][9, 23][7, 27][11, 14][6, 10][25, 28] 
[6, 13, 18, 17, 22, 19][1, 3, 24, 4, 7][5, 21, 10, 2, 27][25, 0, 12, 8, 26][28, 16, 15, 29][14, 20, 23][1, 9, 23][7, 27][6, 10][11, 14][25, 28][11, 25] 
[11, 25, 0, 12, 8, 26][6, 13, 18, 17, 22, 19][1, 3, 24, 4, 7][5, 21, 10, 2, 27][28, 16, 15, 29][14, 20, 23][1, 9][9, 23][7, 27][11, 14][6, 10][25, 28] 
[6, 13, 18, 17, 22, 19][11, 25, 0, 12, 8, 26][1, 3, 24, 4, 7][2, 10, 21, 5][28, 16, 15, 29][1, 9, 23][14, 20, 23][6, 10][2, 27][7, 27][11, 14][25, 28] 
[6, 13, 18, 17, 22, 19][11, 25, 0, 12, 8, 26][3, 24, 4, 7, 27][2, 10, 21, 5][28, 16, 15, 29][1, 9, 23][14, 20, 23][2, 27][6, 10][1, 3][11, 14][25, 28] 
[6, 13, 18, 17, 22, 19][11, 25, 0, 12, 8, 26][3, 24, 4, 7, 27][28, 16, 15, 29][2, 10, 21, 5][14, 20, 23][1, 9, 23][22, 25][25, 28][6, 10][11, 14][1, 3] 
[11, 25, 0, 12, 8, 26][6, 13, 18, 17, 22, 19][1, 3, 24, 4, 7][5, 21, 10, 2, 27][28, 16, 15, 29][14, 20, 23][25, 28][11, 14][9, 23][7, 27][6, 10][1, 9] 
[6, 13, 18, 17, 22, 19][25, 0, 12, 8, 26][1, 3, 24, 4, 7][5, 21, 10, 2, 27][28, 16, 15, 29][14, 20, 23][1, 9, 23][25, 28][11, 25][11, 14][7, 27][6, 10] 
[11, 25, 0, 12, 8, 26][6, 13, 18, 17, 22, 19][1, 3, 24, 4, 7][5, 21, 10, 2, 27][28, 16, 15, 29][14, 20, 23][1, 9][9, 23][7, 27][11, 14][6, 10][25, 28] 
[11, 25, 0, 12, 8, 26][6, 13, 18, 17, 22, 19][1, 3, 24, 4, 7][28, 16, 15, 29][2, 10, 21, 5][14, 20, 23][1, 9, 23][10, 2, 27][11, 14][7, 27][25, 28][6, 10] 
[6, 13, 18, 17, 22, 19][11, 25, 0, 12, 8, 26][3, 24, 4, 7, 27][2, 10, 21, 5][28, 16, 15, 29][1, 9, 23][14, 20, 23][2, 27][6, 10][1, 3][11, 14][25, 28] 
[11, 25, 0, 12, 8, 26][6, 13, 18, 17, 22, 19][1, 3, 24, 4, 7][5, 21, 10, 2, 27][28, 16, 15, 29][14, 20, 23][25, 28][11, 14][9, 23][7, 27][6, 10][1, 9] 
[11, 25, 0, 12, 8, 26][6, 13, 18, 17, 22, 19][1, 3, 24, 4, 7][28, 16, 15, 29][2, 10, 21, 5][14, 20, 23][1, 9, 23][25, 28][11, 14][7, 27][2, 27][6, 10] 
[11, 25, 0, 12, 8, 26][6, 13, 18, 17, 22, 19][1, 3, 24, 4, 7][28, 16, 15, 29][2, 10, 21, 5][14, 20, 23][1, 9, 23][11, 14][25, 28][7, 27][2, 27][6, 10] 
[6, 13, 18, 17, 22, 19][11, 25, 0, 12, 8, 26][1, 3, 24, 4, 7][2, 10, 21, 5][28, 16, 15, 29][1, 9, 23][14, 20, 23][7, 27][2, 27][6, 10][11, 14][25, 28] 
[11, 25, 0, 12, 8, 26][6, 13, 18, 17, 22, 19][3, 24, 4, 7, 27][28, 16, 15, 29][2, 10, 21, 5][14, 20, 23][1, 9, 23][25, 28][22, 25][6, 10][11, 14][1, 3] 
[11, 25, 0, 12, 8, 26][6, 13, 18, 17, 22, 19][1, 3, 24, 4, 7][5, 21, 10, 2, 27][28, 16, 15, 29][14, 20, 23][25, 28][11, 14][9, 23][1, 9][7, 27][6, 10] 
[6, 13, 18, 17, 22, 19][1, 3, 24, 4, 7][5, 21, 10, 2, 27][25, 0, 12, 8, 26][28, 16, 15, 29][14, 20, 23][1, 9, 23][7, 27][6, 10][11, 14][25, 28][11, 25] 
[11, 25, 0, 12, 8, 26][6, 13, 18, 17, 22, 19][1, 3, 24, 4, 7][5, 21, 10, 2, 27][28, 16, 15, 29][14, 20, 23][25, 28][11, 14][9, 23][7, 27][6, 10][1, 9] 
[6, 13, 18, 17, 22, 19][11, 25, 0, 12, 8, 26][1, 3, 24, 4, 7][2, 10, 21, 5][28, 16, 15, 29][1, 9, 23][14, 20, 23][7, 27][2, 27][6, 10][11, 14][25, 28] 
[11, 25, 0, 12, 8, 26][6, 13, 18, 17, 22, 19][3, 24, 4, 7, 27][2, 10, 21, 5][28, 16, 15, 29][1, 9, 23][14, 20, 23][2, 27][1, 3][11, 14][25, 28][6, 10] 
[11, 25, 0, 12, 8, 26][6, 13, 18, 17, 22, 19][1, 3, 24, 4, 7][5, 21, 10, 2, 27][28, 16, 15, 29][14, 20, 23][25, 28][11, 14][9, 23][7, 27][6, 10][1, 9] 
[6, 13, 18, 17, 22, 19][11, 25, 0, 12, 8, 26][1, 3, 24, 4, 7][2, 10, 21, 5][28, 16, 15, 29][1, 9, 23][14, 20, 23][7, 27][2, 27][6, 10][11, 14][25, 28] 
[11, 25, 0, 12, 8, 26][6, 13, 18, 17, 22, 19][1, 3, 24, 4, 7][28, 16, 15, 29][2, 10, 21, 5][14, 20, 23][1, 9, 23][25, 28][11, 14][7, 27][2, 27][6, 10] 
[6, 13, 18, 17, 22, 19][11, 25, 0, 12, 8, 26][1, 3, 24, 4, 7][2, 10, 21, 5][28, 16, 15, 29][1, 9, 23][14, 20, 23][7, 27][2, 27][6, 10][11, 14][25, 28] 
[11, 25, 0, 12, 8, 26][6, 13, 18, 17, 22, 19][1, 3, 24, 4, 7][5, 21, 10, 2, 27][28, 16, 15, 29][14, 20, 23][25, 28][11, 14][9, 23][7, 27][6, 10][1, 9] 
[11, 25, 0, 12, 8, 26][6, 13, 18, 17, 22, 19][1, 3, 24, 4, 7][28, 16, 15, 29][2, 10, 21, 5][14, 20, 23][1, 9, 23][11, 14][25, 28][7, 27][2, 27][6, 10] 
[11, 25, 0, 12, 8, 26][6, 13, 18, 17, 22, 19][1, 3, 24, 4, 7][28, 16, 15, 29][2, 10, 21, 5][14, 20, 23][1, 9, 23][25, 28][11, 14][7, 27][2, 27][6, 10] 
[8, 26, 0, 22, 12, 19, 18, 13, 6, 16, 28, 25, 11][16, 15, 29, 27, 7, 14, 20, 4, 1, 9, 3, 24][5, 21, 10, 2, 27][16, 28][11, 17][9, 23][6, 13][25, 28][6, 13][13, 18][6, 13][25, 28] 
[8, 26, 0, 22, 12, 19, 18, 13, 6, 16, 28, 25, 11][16, 15, 29, 27, 7, 14, 20, 4, 1, 9, 3, 24][5, 21, 10, 2, 27][16, 28][11, 17][9, 23][6, 13][25, 28][6, 13][13, 18][6, 13][25, 28] 
[8, 26, 0, 22, 12, 19, 18, 13, 6, 16, 28, 25, 11][16, 15, 29, 27, 7, 14, 20, 4, 1, 9, 3, 24][5, 21, 10, 2, 27][16, 28][11, 17][9, 23][6, 13][25, 28][6, 13][13, 18][6, 13][25, 28] 
[8, 26, 0, 22, 12, 19, 18, 13, 6, 16, 28, 25, 11, 17][3, 9, 1, 23, 4, 20, 14, 7, 2, 27, 29, 15][2, 10, 21, 5][16, 28][15, 16][4, 24][11, 25][11, 25][6, 13][11, 25][11, 25][27, 29] 
[8, 26, 0, 22, 12, 19, 18, 13, 6, 16, 28, 25, 11, 17][3, 9, 1, 23, 4, 20, 14, 7, 2, 27, 29, 15][2, 10, 21, 5][16, 28][15, 16][4, 24][11, 25][11, 25][6, 13][11, 25][11, 25][27, 29] 
[8, 26, 0, 22, 12, 19, 18, 13, 6, 16, 28, 25, 11, 17][15, 29, 27, 2, 7, 14, 20, 4, 23, 1, 9, 3, 24][5, 21, 10][15, 16][2, 10][16, 28][16, 28][16, 28][27, 29][25, 28][3, 9][16, 28] 
[8, 26, 0, 22, 12, 19, 18, 13, 6, 16, 28, 25, 11][16, 15, 29, 27, 7, 14, 20, 4, 1, 9, 3, 24][5, 21, 10, 2, 27][16, 28][11, 17][9, 23][6, 13][25, 28][6, 13][13, 18][6, 13][25, 28] 
[8, 26, 0, 22, 12, 19, 18, 13, 6, 16, 28, 25, 11][16, 15, 29, 27, 7, 14, 20, 4, 1, 9, 3, 24][5, 21, 10, 2, 27][16, 28][11, 17][9, 23][6, 13][25, 28][6, 13][13, 18][6, 13][25, 28] 
[8, 26, 0, 22, 12, 19, 18, 13, 6, 16, 28, 25, 11, 17][3, 9, 1, 23, 4, 20, 14, 7, 2, 27, 29, 15][2, 10, 21, 5][16, 28][15, 16][4, 24][11, 25][11, 25][6, 13][11, 25][11, 25][27, 29] 
[8, 26, 0, 22, 12, 19, 18, 13, 6, 16, 28, 25, 11][16, 15, 29, 27, 7, 14, 20, 4, 1, 9, 3, 24][5, 21, 10, 2, 27][16, 28][11, 17][9, 23][6, 13][25, 28][6, 13][13, 18][6, 13][25, 28] 
[8, 26, 0, 22, 12, 19, 18, 13, 6, 16, 28, 25, 11][16, 15, 29, 27, 7, 14, 20, 4, 1, 9, 3, 24][5, 21, 10, 2, 27][16, 28][11, 17][9, 23][6, 13][25, 28][6, 13][13, 18][6, 13][25, 28] 
[8, 26, 0, 22, 12, 19, 18, 13, 6, 16, 28, 25, 11][16, 15, 29, 27, 7, 14, 20, 4, 1, 9, 3, 24][5, 21, 10, 2, 27][16, 28][11, 17][9, 23][6, 13][25, 28][6, 13][13, 18][6, 13][25, 28] 
[8, 26, 0, 22, 12, 19, 18, 13, 6, 16, 28, 25, 11, 17][3, 9, 1, 23, 4, 20, 14, 7, 2, 27, 29, 15][2, 10, 21, 5][16, 28][15, 16][4, 24][11, 25][11, 25][6, 13][11, 25][11, 25][27, 29] 
[8, 26, 0, 22, 12, 19, 18, 13, 6, 16, 28, 25, 11][16, 15, 29, 27, 7, 14, 20, 4, 1, 9, 3, 24][5, 21, 10, 2, 27][16, 28][11, 17][9, 23][6, 13][25, 28][6, 13][13, 18][6, 13][25, 28] 
[8, 26, 0, 22, 12, 19, 18, 13, 6, 16, 28, 25, 11][16, 15, 29, 27, 7, 14, 20, 4, 1, 9, 3, 24][5, 21, 10, 2, 27][16, 28][11, 17][9, 23][6, 13][25, 28][6, 13][13, 18][6, 13][25, 28] 
[8, 26, 0, 22, 12, 19, 18, 13, 6, 16, 28, 25, 11, 17][16, 15, 29, 27, 7, 14, 20, 4, 1, 9, 3, 24][5, 21, 10, 2, 27][16, 28][9, 23][16, 28][25, 28][16, 28][13, 18][16, 28][16, 28][25, 28] 
[8, 26, 0, 22, 12, 19, 18, 13, 6, 16, 28, 25, 11, 17][16, 15, 29, 27, 7, 14, 20, 4, 1, 9, 3, 24][5, 21, 10, 2, 27][16, 28][4, 23][11, 25][25, 28][2, 10][16, 28][16, 28][16, 28][27, 29] 
[8, 26, 0, 22, 12, 19, 18, 13, 6, 16, 28, 25, 11, 17][3, 9, 1, 23, 4, 20, 14, 7, 2, 27, 29, 15][2, 10, 21, 5][16, 28][15, 16][4, 24][11, 25][11, 25][6, 13][11, 25][11, 25][27, 29] 
[8, 26, 0, 22, 12, 19, 18, 13, 6, 16, 28, 25, 11, 17][16, 15, 29, 27, 7, 14, 20, 4, 1, 9, 3, 24][5, 21, 10, 2, 27][16, 28][9, 23][16, 28][25, 28][16, 28][13, 18][16, 28][16, 28][25, 28] 
[8, 26, 0, 22, 12, 19, 18, 13, 6, 16, 28, 25, 11, 17][16, 15, 29, 27, 7, 14, 20, 4, 1, 9, 3, 24][5, 21, 10, 2, 27][16, 28][9, 23][16, 28][25, 28][16, 28][13, 18][16, 28][16, 28][25, 28] 
[8, 26, 0, 22, 12, 19, 18, 13, 6, 16, 28, 25, 11, 17][16, 15, 29, 27, 7, 14, 20, 4, 1, 9, 3, 24][5, 21, 10, 2, 27][16, 28][4, 23][11, 25][25, 28][2, 10][16, 28][16, 28][16, 28][27, 29] 
[11, 25, 0, 12, 8, 26][13, 18, 17, 22, 19][5, 21, 10, 2, 27][1, 3, 24, 4, 7][28, 16, 15, 29][1, 9, 23][14, 20, 23][6, 13][6, 10][7, 27][11, 14][25, 28] 
[11, 25, 0, 12, 8, 26][13, 18, 17, 22, 19][5, 21, 10, 2, 27][1, 3, 24, 4, 7][28, 16, 15, 29][1, 9, 23][14, 20, 23][6, 13][6, 10][7, 27][11, 14][25, 28] 
[11, 25, 0, 12, 8, 26][1, 3, 24, 4, 7][5, 21, 10, 2, 27][13, 18, 17, 22, 19][28, 16, 15, 29][1, 9, 23][14, 20, 23][7, 27][11, 14][25, 28][6, 10][6, 13] 
[11, 25, 0, 12, 8, 26][13, 18, 17, 22, 19][5, 21, 10, 2, 27][1, 3, 24, 4, 7][28, 16, 15, 29][1, 9, 23][14, 20, 23][6, 10][7, 27][11, 14][25, 28][6, 13] 
[11, 25, 0, 12, 8, 26][1, 3, 24, 4, 7][5, 21, 10, 2, 27][13, 18, 17, 22, 19][28, 16, 15, 29][1, 9, 23][14, 20, 23][7, 27][11, 14][6, 10][6, 13][25, 28] 
[11, 25, 0, 12, 8, 26][1, 3, 24, 4, 7][5, 21, 10, 2, 27][13, 18, 17, 22, 19][28, 16, 15, 29][1, 9, 23][14, 20, 23][7, 27][11, 14][6, 10][6, 13][25, 28] 
[11, 25, 0, 12, 8, 26][13, 18, 17, 22, 19][5, 21, 10, 2, 27][1, 3, 24, 4, 7][28, 16, 15, 29][1, 9, 23][14, 20, 23][6, 13][6, 10][7, 27][11, 14][25, 28] 
[11, 25, 0, 12, 8, 26][1, 3, 24, 4, 7][5, 21, 10, 2, 27][13, 18, 17, 22, 19][28, 16, 15, 29][1, 9, 23][14, 20, 23][7, 27][11, 14][6, 10][6, 13][25, 28] 
[11, 25, 0, 12, 8, 26][13, 18, 17, 22, 19][5, 21, 10, 2, 27][1, 3, 24, 4, 7][28, 16, 15, 29][1, 9, 23][14, 20, 23][6, 10][7, 27][11, 14][25, 28][6, 13] 
[11, 25, 0, 12, 8, 26][1, 3, 24, 4, 7][5, 21, 10, 2, 27][13, 18, 17, 22, 19][28, 16, 15, 29][1, 9, 23][14, 20, 23][7, 27][11, 14][6, 10][6, 13][25, 28] 
[11, 25, 0, 12, 8, 26][13, 18, 17, 22, 19][5, 21, 10, 2, 27][1, 3, 24, 4, 7][28, 16, 15, 29][1, 9, 23][14, 20, 23][6, 13][6, 10][7, 27][11, 14][25, 28] 
[11, 25, 0, 12, 8, 26][1, 3, 24, 4, 7][5, 21, 10, 2, 27][13, 18, 17, 22, 19][28, 16, 15, 29][1, 9, 23][14, 20, 23][7, 27][11, 14][6, 10][6, 13][25, 28] 
[11, 25, 0, 12, 8, 26][1, 3, 24, 4, 7][5, 21, 10, 2, 27][13, 18, 17, 22, 19][28, 16, 15, 29][1, 9, 23][14, 20, 23][7, 27][11, 14][25, 28][6, 10][6, 13] 
[11, 25, 0, 12, 8, 26][1, 3, 24, 4, 7][5, 21, 10, 2, 27][13, 18, 17, 22, 19][28, 16, 15, 29][14, 20, 23][1, 9, 23][11, 14][25, 28][7, 27][6, 10][6, 13] 
[11, 25, 0, 12, 8, 26][1, 3, 24, 4, 7][5, 21, 10, 2, 27][13, 18, 17, 22, 19][28, 16, 15, 29][14, 20, 23][1, 9, 23][11, 14][25, 28][7, 27][6, 10][6, 13] 
[6, 13, 18, 17, 22, 19][11, 25, 0, 12, 8, 26][1, 3, 24, 4, 7][2, 10, 21, 5][28, 16, 15, 29][1, 9, 23][14, 20, 23][7, 27][2, 27][6, 10][11, 14][25, 28] 
[6, 13, 18, 17, 22, 19][11, 25, 0, 12, 8, 26][1, 3, 24, 4, 7][2, 10, 21, 5][28, 16, 15, 29][1, 9, 23][14, 20, 23][7, 27][2, 27][6, 10][11, 14][25, 28] 
[11, 25, 0, 12, 8, 26][6, 13, 18, 17, 22, 19][1, 3, 24, 4, 7][2, 10, 21, 5][28, 16, 15, 29][1, 9, 23][14, 20, 23][7, 27][11, 14][2, 27][25, 28][6, 10] 
[6, 13, 18, 17, 22, 19][11, 25, 0, 12, 8, 26][1, 3, 24, 4, 7][2, 10, 21, 5][28, 16, 15, 29][1, 9, 23][14, 20, 23][7, 27][2, 27][6, 10][11, 14][25, 28] 
[11, 25, 0, 12, 8, 26][6, 13, 18, 17, 22, 19][1, 3, 24, 4, 7][2, 10, 21, 5][28, 16, 15, 29][1, 9, 23][14, 20, 23][10, 2, 27][7, 27][11, 14][25, 28][6, 10] 
[11, 25, 0, 12, 8, 26][6, 13, 18, 17, 22, 19][1, 3, 24, 4, 7][5, 21, 10, 2, 27][28, 16, 15, 29][14, 20, 23][1, 9, 23][7, 27][11, 14][25, 28][6, 10][13, 18] 
[11, 25, 0, 12, 8, 26][13, 18, 17, 22, 19][5, 21, 10, 2, 27][1, 3, 24, 4, 7][28, 16, 15, 29][1, 9, 23][14, 20, 23][6, 13][6, 10][7, 27][11, 14][25, 28] 
[11, 25, 0, 12, 8, 26][1, 3, 24, 4, 7][5, 21, 10, 2, 27][13, 18, 17, 22, 19][28, 16, 15, 29][1, 9, 23][14, 20, 23][7, 27][11, 14][6, 10][6, 13][25, 28] 
[11, 25, 0, 12, 8, 26][13, 18, 17, 22, 19][5, 21, 10, 2, 27][1, 3, 24, 4, 7][28, 16, 15, 29][1, 9, 23][14, 20, 23][6, 10][7, 27][11, 14][25, 28][6, 13] 
[11, 25, 0, 12, 8, 26][13, 18, 17, 22, 19][5, 21, 10, 2, 27][1, 3, 24, 4, 7][28, 16, 15, 29][1, 9, 23][14, 20, 23][6, 13][6, 10][7, 27][11, 14][25, 28] 
[11, 25, 0, 12, 8, 26][13, 18, 17, 22, 19][5, 21, 10, 2, 27][1, 3, 24, 4, 7][28, 16, 15, 29][1, 9, 23][14, 20, 23][6, 10][7, 27][11, 14][25, 28][6, 13] 
[11, 25, 0, 12, 8, 26][1, 3, 24, 4, 7][5, 21, 10, 2, 27][13, 18, 17, 22, 19][28, 16, 15, 29][14, 20, 23][1, 9, 23][11, 14][25, 28][7, 27][6, 10][6, 13] 
[11, 25, 0, 12, 8, 26][1, 3, 24, 4, 7][5, 21, 10, 2, 27][13, 18, 17, 22, 19][28, 16, 15, 29][14, 20, 23][1, 9, 23][11, 14][25, 28][7, 27][6, 10][6, 13] 
[11, 25, 0, 12, 8, 26][6, 13, 18, 17, 22, 19][1, 3, 24, 4, 7][28, 16, 15, 29][2, 10, 21, 5][14, 20, 23][1, 9, 23][11, 14][7, 27][25, 28][2, 27][6, 10] 
[11, 25, 0, 12, 8, 26][6, 13, 18, 17, 22, 19][1, 3, 24, 4, 7][28, 16, 15, 29][2, 10, 21, 5][14, 20, 23][1, 9, 23][10, 2, 27][11, 14][25, 28][7, 27][6, 10] 
[11, 25, 0, 12, 8, 26][6, 13, 18, 17, 22, 19][1, 3, 24, 4, 7][28, 16, 15, 29][2, 10, 21, 5][14, 20, 23][1, 9, 23][10, 2, 27][11, 14][25, 28][7, 27][6, 10] 
[11, 25, 0, 12, 8, 26][6, 13, 18, 17, 22, 19][1, 3, 24, 4, 7][2, 10, 21, 5][28, 16, 15, 29][10, 2, 27][1, 9, 23][14, 20, 23][7, 27][11, 14][6, 10][25, 28] 
[11, 25, 0, 12, 8, 26][6, 13, 18, 17, 22, 19][1, 3, 24, 4, 7][28, 16, 15, 29][2, 10, 21, 5][14, 20, 23][1, 9, 23][10, 2, 27][11, 14][25, 28][7, 27][6, 10] 
[11, 25, 0, 12, 8, 26][6, 13, 18, 17, 22, 19][1, 3, 24, 4, 7][2, 10, 21, 5][28, 16, 15, 29][1, 9, 23][14, 20, 23][7, 27][11, 14][2, 27][6, 10][25, 28] 
[6, 13, 18, 17, 22, 19][11, 25, 0, 12, 8, 26][1, 3, 24, 4, 7][2, 10, 21, 5][28, 16, 15, 29][1, 9, 23][14, 20, 23][7, 27][2, 27][6, 10][11, 14][25, 28] 
[11, 25, 0, 12, 8, 26][6, 13, 18, 17, 22, 19][1, 3, 24, 4, 7][28, 16, 15, 29][2, 10, 21, 5][14, 20, 23][1, 9, 23][10, 2, 27][25, 28][11, 14][7, 27][6, 10] 
[11, 25, 0, 12, 8, 26][6, 13, 18, 17, 22, 19][1, 3, 24, 4, 7][2, 10, 21, 5][28, 16, 15, 29][10, 2, 27][1, 9, 23][14, 20, 23][7, 27][11, 14][6, 10][25, 28] 
[11, 25, 0, 12, 8, 26][6, 13, 18, 17, 22, 19][1, 3, 24, 4, 7][28, 16, 15, 29][2, 10, 21, 5][14, 20, 23][1, 9, 23][10, 2, 27][11, 14][7, 27][25, 28][6, 10] 
[11, 25, 0, 12, 8, 26][6, 13, 18, 17, 22, 19][1, 3, 24, 4, 7][28, 16, 15, 29][2, 10, 21, 5][14, 20, 23][1, 9, 23][10, 2, 27][25, 28][11, 14][7, 27][6, 10] 
[11, 25, 0, 12, 8, 26][6, 13, 18, 17, 22, 19][1, 3, 24, 4, 7][28, 16, 15, 29][2, 10, 21, 5][14, 20, 23][1, 9, 23][10, 2, 27][11, 14][25, 28][7, 27][6, 10] 
[11, 25, 0, 12, 8, 26][6, 13, 18, 17, 22, 19][1, 3, 24, 4, 7][2, 10, 21, 5][28, 16, 15, 29][1, 9, 23][14, 20, 23][10, 2, 27][7, 27][11, 14][25, 28][6, 10] 
[11, 25, 0, 12, 8, 26][6, 13, 18, 17, 22, 19][1, 3, 24, 4, 7][2, 10, 21, 5][28, 16, 15, 29][1, 9, 23][14, 20, 23][10, 2, 27][7, 27][11, 14][25, 28][6, 10] 
[11, 25, 0, 12, 8, 26][6, 13, 18, 17, 22, 19][1, 3, 24, 4, 7][2, 10, 21, 5][28, 16, 15, 29][1, 9, 23][14, 20, 23][10, 2, 27][7, 27][11, 14][25, 28][6, 10] 
[11, 25, 0, 12, 8, 26][6, 13, 18, 17, 22, 19][1, 3, 24, 4, 7][5, 21, 10, 2, 27][28, 16, 15, 29][1, 9, 23][14, 20, 23][11, 14][25, 28][22, 25][13, 18][7, 27] 
[11, 25, 0, 12, 8, 26][6, 13, 18, 17, 22, 19][1, 3, 24, 4, 7][5, 21, 10, 2, 27][28, 16, 15, 29][1, 9, 23][14, 20, 23][11, 14][25, 28][22, 25][13, 18][7, 27] 
[11, 25, 0, 12, 8, 26][6, 13, 18, 17, 22, 19][1, 3, 24, 4, 7][5, 21, 10, 2, 27][28, 16, 15, 29][1, 9, 23][14, 20, 23][11, 14][25, 28][22, 25][13, 18][7, 27] 
[11, 25, 0, 12, 8, 26][6, 13, 18, 17, 22, 19][1, 3, 24, 4, 7][5, 21, 10, 2, 27][28, 16, 15, 29][1, 9, 23][14, 20, 23][11, 14][25, 28][22, 25][13, 18][7, 27] 
[11, 25, 0, 12, 8, 26][6, 13, 18, 17, 22, 19][1, 3, 24, 4, 7][5, 21, 10, 2, 27][28, 16, 15, 29][1, 9, 23][14, 20, 23][11, 14][25, 28][22, 25][13, 18][7, 27] 
[11, 25, 0, 12, 8, 26][6, 13, 18, 17, 22, 19][1, 3, 24, 4, 7][27, 29, 15, 16, 28][2, 10, 21, 5][1, 9, 23][14, 20, 23][4, 7][11, 14][22, 25][25, 28][6, 10] 
[11, 25, 0, 12, 8, 26][1, 3, 24, 4, 7][5, 21, 10, 2, 27][13, 18, 17, 22, 19][28, 16, 15, 29][14, 20, 23][1, 9, 23][11, 14][25, 28][7, 27][6, 10][6, 13] 
[11, 25, 0, 12, 8, 26][1, 3, 24, 4, 7][5, 21, 10, 2, 27][13, 18, 17, 22, 19][28, 16, 15, 29][1, 9, 23][14, 20, 23][7, 27][11, 14][25, 28][6, 10][6, 13] 
[11, 25, 0, 12, 8, 26][1, 3, 24, 4, 7][5, 21, 10, 2, 27][13, 18, 17, 22, 19][28, 16, 15, 29][1, 9, 23][14, 20, 23][7, 27][11, 14][25, 28][6, 10][6, 13] 
[11, 25, 0, 12, 8, 26][13, 18, 17, 22, 19][5, 21, 10, 2, 27][1, 3, 24, 4, 7][28, 16, 15, 29][1, 9, 23][14, 20, 23][6, 10][7, 27][11, 14][25, 28][6, 13] 
[11, 25, 0, 12, 8, 26][13, 18, 17, 22, 19][5, 21, 10, 2, 27][1, 3, 24, 4, 7][28, 16, 15, 29][1, 9, 23][14, 20, 23][6, 10][7, 27][11, 14][25, 28][6, 13] 
[6, 13, 18, 17, 22, 19][11, 25, 0, 12, 8, 26][1, 3, 24, 4, 7][2, 10, 21, 5][28, 16, 15, 29][1, 9, 23][14, 20, 23][7, 27][2, 27][6, 10][11, 14][25, 28] 
[11, 25, 0, 12, 8, 26][1, 3, 24, 4, 7][5, 21, 10, 2, 27][13, 18, 17, 22, 19][28, 16, 15, 29][1, 9, 23][14, 20, 23][11, 14][25, 28][7, 27][6, 10][6, 13] 
