[10, 16, 1, 31, 11, 15, 42, 30, 26, 62][9, 49, 42, 62, 24, 21, 63, 6, 56, 28][42, 62, 26, 16, 55, 52, 64, 35, 6, 56][43, 61, 14, 44, 60, 17, 55, 8, 51, 64][47, 7, 40, 46, 53, 4, 12, 25, 34, 51][13, 33, 58, 34, 57, 25, 4, 7, 40, 47][20, 33, 50, 23, 2, 0, 69, 19, 29, 66][3, 69, 38, 22, 45, 36, 54, 65, 37, 5][41, 27, 67, 5, 32, 39, 48, 29, 23, 50][1, 59, 68, 9, 49, 15, 62, 30, 24, 21][29, 19, 54, 18, 39, 48, 66, 69, 38, 36][6, 56, 28, 10, 16, 1, 49, 15, 30, 21][21, 30, 15, 49, 9, 1, 16, 10, 28, 56][6, 56, 28, 10, 16, 1, 49, 15, 30, 21][43, 61, 14, 44, 60, 17, 55, 8, 51, 64] 
[3, 69, 38, 22, 45, 36, 54, 65, 37, 5][20, 33, 50, 23, 2, 0, 69, 19, 29, 66][13, 33, 58, 34, 57, 25, 4, 7, 40, 47][41, 27, 67, 5, 32, 39, 48, 29, 23, 50][47, 7, 40, 46, 53, 4, 12, 25, 34, 51][43, 61, 14, 44, 60, 17, 55, 8, 51, 64][42, 62, 26, 16, 55, 52, 64, 35, 6, 56][1, 59, 68, 9, 49, 15, 62, 30, 24, 21][10, 16, 1, 31, 11, 15, 42, 30, 26, 62][9, 49, 42, 62, 24, 21, 63, 6, 56, 28][29, 19, 54, 18, 39, 48, 66, 69, 38, 36][1, 59, 68, 9, 49, 15, 62, 30, 24, 21][1, 59, 68, 9, 49, 15, 62, 30, 24, 21][6, 56, 28, 10, 16, 1, 49, 15, 30, 21][1, 59, 68, 9, 49, 15, 62, 30, 24, 21] 
[20, 33, 50, 23, 2, 0, 69, 19, 29, 66][13, 33, 58, 34, 57, 25, 4, 7, 40, 47][3, 69, 38, 22, 45, 36, 54, 65, 37, 5][41, 27, 67, 5, 32, 39, 48, 29, 23, 50][47, 7, 40, 46, 53, 4, 12, 25, 34, 51][43, 61, 14, 44, 60, 17, 55, 8, 51, 64][42, 62, 26, 16, 55, 52, 64, 35, 6, 56][1, 59, 68, 9, 49, 15, 62, 30, 24, 21][10, 16, 1, 31, 11, 15, 42, 30, 26, 62][9, 49, 42, 62, 24, 21, 63, 6, 56, 28][29, 19, 54, 18, 39, 48, 66, 69, 38, 36][1, 59, 68, 9, 49, 15, 62, 30, 24, 21][1, 59, 68, 9, 49, 15, 62, 30, 24, 21][6, 56, 28, 10, 16, 1, 49, 15, 30, 21][3, 69, 38, 22, 45, 36, 54, 65, 37, 5] 
[20, 33, 50, 23, 2, 0, 69, 19, 29, 66][13, 33, 58, 34, 57, 25, 4, 7, 40, 47][3, 69, 38, 22, 45, 36, 54, 65, 37, 5][41, 27, 67, 5, 32, 39, 48, 29, 23, 50][47, 7, 40, 46, 53, 4, 12, 25, 34, 51][43, 61, 14, 44, 60, 17, 55, 8, 51, 64][42, 62, 26, 16, 55, 52, 64, 35, 6, 56][1, 59, 68, 9, 49, 15, 62, 30, 24, 21][10, 16, 1, 31, 11, 15, 42, 30, 26, 62][9, 49, 42, 62, 24, 21, 63, 6, 56, 28][29, 19, 54, 18, 39, 48, 66, 69, 38, 36][1, 59, 68, 9, 49, 15, 62, 30, 24, 21][1, 59, 68, 9, 49, 15, 62, 30, 24, 21][6, 56, 28, 10, 16, 1, 49, 15, 30, 21][3, 69, 38, 22, 45, 36, 54, 65, 37, 5] 
[9, 49, 62, 21, 6, 56, 28, 10, 59, 11][42, 62, 26, 16, 55, 52, 64, 35, 6, 56][43, 61, 14, 44, 60, 17, 55, 8, 51, 64][47, 7, 40, 46, 53, 4, 12, 25, 34, 51][13, 33, 58, 34, 57, 25, 4, 7, 40, 47][20, 33, 50, 23, 2, 0, 69, 19, 29, 66][3, 69, 38, 22, 45, 36, 54, 65, 37, 5][41, 27, 67, 5, 32, 39, 48, 29, 23, 50][10, 16, 1, 31, 11, 15, 42, 30, 26, 62][1, 59, 68, 9, 49, 15, 62, 30, 24, 21][9, 49, 42, 62, 24, 21, 63, 6, 56, 28][29, 19, 54, 18, 39, 48, 66, 69, 38, 36][13, 33, 58, 34, 57, 25, 4, 7, 40, 47][13, 33, 58, 34, 57, 25, 4, 7, 40, 47][21, 30, 15, 49, 9, 1, 16, 10, 28, 56] 
[47, 7, 40, 46, 53, 4, 12, 25, 34, 51][43, 61, 14, 44, 60, 17, 55, 8, 51, 64][42, 62, 26, 16, 55, 52, 64, 35, 6, 56][21, 30, 15, 49, 9, 68, 1, 16, 10, 28][13, 33, 58, 34, 57, 25, 4, 7, 40, 47][20, 33, 50, 23, 2, 0, 69, 19, 29, 66][3, 69, 38, 22, 45, 36, 54, 65, 37, 5][41, 27, 67, 5, 32, 39, 48, 29, 23, 50][9, 49, 42, 62, 24, 21, 63, 6, 56, 28][10, 16, 1, 31, 11, 15, 42, 30, 26, 62][29, 19, 54, 18, 39, 48, 66, 69, 38, 36][1, 59, 68, 9, 49, 15, 62, 30, 24, 21][20, 33, 50, 23, 2, 0, 69, 19, 29, 66][47, 7, 40, 46, 53, 4, 12, 25, 34, 51][6, 56, 28, 10, 16, 1, 49, 15, 30, 21] 
[41, 27, 67, 5, 32, 39, 48, 29, 23, 50][3, 69, 38, 22, 45, 36, 54, 65, 37, 5][20, 33, 50, 23, 2, 0, 69, 19, 29, 66][13, 33, 58, 34, 57, 25, 4, 7, 40, 47][47, 7, 40, 46, 53, 4, 12, 25, 34, 51][43, 61, 14, 44, 60, 17, 55, 8, 51, 64][42, 62, 26, 16, 55, 52, 64, 35, 6, 56][1, 59, 68, 9, 49, 15, 62, 30, 24, 21][10, 16, 1, 31, 11, 15, 42, 30, 26, 62][9, 49, 42, 62, 24, 21, 63, 6, 56, 28][29, 19, 54, 18, 39, 48, 66, 69, 38, 36][6, 56, 28, 10, 16, 1, 49, 15, 30, 21][42, 62, 26, 16, 55, 52, 64, 35, 6, 56][47, 7, 40, 46, 53, 4, 12, 25, 34, 51][9, 49, 42, 62, 24, 21, 63, 6, 56, 28] 
[9, 49, 62, 21, 6, 56, 28, 10, 59, 11][42, 62, 26, 16, 55, 52, 64, 35, 6, 56][43, 61, 14, 44, 60, 17, 55, 8, 51, 64][47, 7, 40, 46, 53, 4, 12, 25, 34, 51][13, 33, 58, 34, 57, 25, 4, 7, 40, 47][20, 33, 50, 23, 2, 0, 69, 19, 29, 66][3, 69, 38, 22, 45, 36, 54, 65, 37, 5][41, 27, 67, 5, 32, 39, 48, 29, 23, 50][10, 16, 1, 31, 11, 15, 42, 30, 26, 62][1, 59, 68, 9, 49, 15, 62, 30, 24, 21][9, 49, 42, 62, 24, 21, 63, 6, 56, 28][29, 19, 54, 18, 39, 48, 66, 69, 38, 36][13, 33, 58, 34, 57, 25, 4, 7, 40, 47][13, 33, 58, 34, 57, 25, 4, 7, 40, 47][21, 30, 15, 49, 9, 1, 16, 10, 28, 56] 
[9, 49, 62, 21, 6, 56, 28, 10, 59, 11][42, 62, 26, 16, 55, 52, 64, 35, 6, 56][43, 61, 14, 44, 60, 17, 55, 8, 51, 64][47, 7, 40, 46, 53, 4, 12, 25, 34, 51][13, 33, 58, 34, 57, 25, 4, 7, 40, 47][20, 33, 50, 23, 2, 0, 69, 19, 29, 66][3, 69, 38, 22, 45, 36, 54, 65, 37, 5][41, 27, 67, 5, 32, 39, 48, 29, 23, 50][10, 16, 1, 31, 11, 15, 42, 30, 26, 62][1, 59, 68, 9, 49, 15, 62, 30, 24, 21][9, 49, 42, 62, 24, 21, 63, 6, 56, 28][29, 19, 54, 18, 39, 48, 66, 69, 38, 36][13, 33, 58, 34, 57, 25, 4, 7, 40, 47][13, 33, 58, 34, 57, 25, 4, 7, 40, 47][21, 30, 15, 49, 9, 1, 16, 10, 28, 56] 
[9, 49, 62, 21, 6, 56, 28, 10, 59, 11][42, 62, 26, 16, 55, 52, 64, 35, 6, 56][43, 61, 14, 44, 60, 17, 55, 8, 51, 64][47, 7, 40, 46, 53, 4, 12, 25, 34, 51][13, 33, 58, 34, 57, 25, 4, 7, 40, 47][20, 33, 50, 23, 2, 0, 69, 19, 29, 66][3, 69, 38, 22, 45, 36, 54, 65, 37, 5][41, 27, 67, 5, 32, 39, 48, 29, 23, 50][10, 16, 1, 31, 11, 15, 42, 30, 26, 62][1, 59, 68, 9, 49, 15, 62, 30, 24, 21][9, 49, 42, 62, 24, 21, 63, 6, 56, 28][29, 19, 54, 18, 39, 48, 66, 69, 38, 36][13, 33, 58, 34, 57, 25, 4, 7, 40, 47][13, 33, 58, 34, 57, 25, 4, 7, 40, 47][21, 30, 15, 49, 9, 1, 16, 10, 28, 56] 
[10, 16, 1, 31, 11, 15, 42, 30, 26, 62][9, 49, 42, 62, 24, 21, 63, 6, 56, 28][42, 62, 26, 16, 55, 52, 64, 35, 6, 56][43, 61, 14, 44, 60, 17, 55, 8, 51, 64][47, 7, 40, 46, 53, 4, 12, 25, 34, 51][13, 33, 58, 34, 57, 25, 4, 7, 40, 47][20, 33, 50, 23, 2, 0, 69, 19, 29, 66][3, 69, 38, 22, 45, 36, 54, 65, 37, 5][41, 27, 67, 5, 32, 39, 48, 29, 23, 50][1, 59, 68, 9, 49, 15, 62, 30, 24, 21][29, 19, 54, 18, 39, 48, 66, 69, 38, 36][6, 56, 28, 10, 16, 1, 49, 15, 30, 21][21, 30, 15, 49, 9, 1, 16, 10, 28, 56][6, 56, 28, 10, 16, 1, 49, 15, 30, 21][43, 61, 14, 44, 60, 17, 55, 8, 51, 64] 
[3, 69, 38, 22, 45, 36, 54, 65, 37, 5][20, 33, 50, 23, 2, 0, 69, 19, 29, 66][13, 33, 58, 34, 57, 25, 4, 7, 40, 47][41, 27, 67, 5, 32, 39, 48, 29, 23, 50][47, 7, 40, 46, 53, 4, 12, 25, 34, 51][43, 61, 14, 44, 60, 17, 55, 8, 51, 64][42, 62, 26, 16, 55, 52, 64, 35, 6, 56][1, 59, 68, 9, 49, 15, 62, 30, 24, 21][10, 16, 1, 31, 11, 15, 42, 30, 26, 62][9, 49, 42, 62, 24, 21, 63, 6, 56, 28][29, 19, 54, 18, 39, 48, 66, 69, 38, 36][1, 59, 68, 9, 49, 15, 62, 30, 24, 21][1, 59, 68, 9, 49, 15, 62, 30, 24, 21][6, 56, 28, 10, 16, 1, 49, 15, 30, 21][1, 59, 68, 9, 49, 15, 62, 30, 24, 21] 
[20, 33, 50, 23, 2, 0, 69, 19, 29, 66][13, 33, 58, 34, 57, 25, 4, 7, 40, 47][3, 69, 38, 22, 45, 36, 54, 65, 37, 5][41, 27, 67, 5, 32, 39, 48, 29, 23, 50][47, 7, 40, 46, 53, 4, 12, 25, 34, 51][43, 61, 14, 44, 60, 17, 55, 8, 51, 64][42, 62, 26, 16, 55, 52, 64, 35, 6, 56][1, 59, 68, 9, 49, 15, 62, 30, 24, 21][10, 16, 1, 31, 11, 15, 42, 30, 26, 62][9, 49, 42, 62, 24, 21, 63, 6, 56, 28][29, 19, 54, 18, 39, 48, 66, 69, 38, 36][1, 59, 68, 9, 49, 15, 62, 30, 24, 21][1, 59, 68, 9, 49, 15, 62, 30, 24, 21][6, 56, 28, 10, 16, 1, 49, 15, 30, 21][3, 69, 38, 22, 45, 36, 54, 65, 37, 5] 
[9, 49, 62, 21, 6, 56, 28, 10, 59, 11][42, 62, 26, 16, 55, 52, 64, 35, 6, 56][43, 61, 14, 44, 60, 17, 55, 8, 51, 64][47, 7, 40, 46, 53, 4, 12, 25, 34, 51][13, 33, 58, 34, 57, 25, 4, 7, 40, 47][20, 33, 50, 23, 2, 0, 69, 19, 29, 66][3, 69, 38, 22, 45, 36, 54, 65, 37, 5][41, 27, 67, 5, 32, 39, 48, 29, 23, 50][10, 16, 1, 31, 11, 15, 42, 30, 26, 62][1, 59, 68, 9, 49, 15, 62, 30, 24, 21][9, 49, 42, 62, 24, 21, 63, 6, 56, 28][29, 19, 54, 18, 39, 48, 66, 69, 38, 36][13, 33, 58, 34, 57, 25, 4, 7, 40, 47][13, 33, 58, 34, 57, 25, 4, 7, 40, 47][21, 30, 15, 49, 9, 1, 16, 10, 28, 56] 
[47, 7, 40, 46, 53, 4, 12, 25, 34, 51][43, 61, 14, 44, 60, 17, 55, 8, 51, 64][42, 62, 26, 16, 55, 52, 64, 35, 6, 56][21, 30, 15, 49, 9, 68, 1, 16, 10, 28][13, 33, 58, 34, 57, 25, 4, 7, 40, 47][20, 33, 50, 23, 2, 0, 69, 19, 29, 66][3, 69, 38, 22, 45, 36, 54, 65, 37, 5][41, 27, 67, 5, 32, 39, 48, 29, 23, 50][9, 49, 42, 62, 24, 21, 63, 6, 56, 28][10, 16, 1, 31, 11, 15, 42, 30, 26, 62][29, 19, 54, 18, 39, 48, 66, 69, 38, 36][1, 59, 68, 9, 49, 15, 62, 30, 24, 21][20, 33, 50, 23, 2, 0, 69, 19, 29, 66][47, 7, 40, 46, 53, 4, 12, 25, 34, 51][6, 56, 28, 10, 16, 1, 49, 15, 30, 21] 
[9, 49, 62, 21, 6, 56, 28, 10, 59, 11][42, 62, 26, 16, 55, 52, 64, 35, 6, 56][43, 61, 14, 44, 60, 17, 55, 8, 51, 64][47, 7, 40, 46, 53, 4, 12, 25, 34, 51][13, 33, 58, 34, 57, 25, 4, 7, 40, 47][20, 33, 50, 23, 2, 0, 69, 19, 29, 66][3, 69, 38, 22, 45, 36, 54, 65, 37, 5][41, 27, 67, 5, 32, 39, 48, 29, 23, 50][10, 16, 1, 31, 11, 15, 42, 30, 26, 62][1, 59, 68, 9, 49, 15, 62, 30, 24, 21][9, 49, 42, 62, 24, 21, 63, 6, 56, 28][29, 19, 54, 18, 39, 48, 66, 69, 38, 36][13, 33, 58, 34, 57, 25, 4, 7, 40, 47][13, 33, 58, 34, 57, 25, 4, 7, 40, 47][21, 30, 15, 49, 9, 1, 16, 10, 28, 56] 
[10, 16, 1, 31, 11, 15, 42, 30, 26, 62][9, 49, 42, 62, 24, 21, 63, 6, 56, 28][42, 62, 26, 16, 55, 52, 64, 35, 6, 56][43, 61, 14, 44, 60, 17, 55, 8, 51, 64][47, 7, 40, 46, 53, 4, 12, 25, 34, 51][13, 33, 58, 34, 57, 25, 4, 7, 40, 47][20, 33, 50, 23, 2, 0, 69, 19, 29, 66][3, 69, 38, 22, 45, 36, 54, 65, 37, 5][41, 27, 67, 5, 32, 39, 48, 29, 23, 50][1, 59, 68, 9, 49, 15, 62, 30, 24, 21][29, 19, 54, 18, 39, 48, 66, 69, 38, 36][6, 56, 28, 10, 16, 1, 49, 15, 30, 21][21, 30, 15, 49, 9, 1, 16, 10, 28, 56][6, 56, 28, 10, 16, 1, 49, 15, 30, 21][43, 61, 14, 44, 60, 17, 55, 8, 51, 64] 
[3, 69, 38, 22, 45, 36, 54, 65, 37, 5][20, 33, 50, 23, 2, 0, 69, 19, 29, 66][13, 33, 58, 34, 57, 25, 4, 7, 40, 47][41, 27, 67, 5, 32, 39, 48, 29, 23, 50][47, 7, 40, 46, 53, 4, 12, 25, 34, 51][43, 61, 14, 44, 60, 17, 55, 8, 51, 64][42, 62, 26, 16, 55, 52, 64, 35, 6, 56][1, 59, 68, 9, 49, 15, 62, 30, 24, 21][10, 16, 1, 31, 11, 15, 42, 30, 26, 62][9, 49, 42, 62, 24, 21, 63, 6, 56, 28][29, 19, 54, 18, 39, 48, 66, 69, 38, 36][1, 59, 68, 9, 49, 15, 62, 30, 24, 21][1, 59, 68, 9, 49, 15, 62, 30, 24, 21][6, 56, 28, 10, 16, 1, 49, 15, 30, 21][1, 59, 68, 9, 49, 15, 62, 30, 24, 21] 
[9, 49, 62, 21, 6, 56, 28, 10, 59, 11][42, 62, 26, 16, 55, 52, 64, 35, 6, 56][43, 61, 14, 44, 60, 17, 55, 8, 51, 64][47, 7, 40, 46, 53, 4, 12, 25, 34, 51][13, 33, 58, 34, 57, 25, 4, 7, 40, 47][20, 33, 50, 23, 2, 0, 69, 19, 29, 66][3, 69, 38, 22, 45, 36, 54, 65, 37, 5][41, 27, 67, 5, 32, 39, 48, 29, 23, 50][10, 16, 1, 31, 11, 15, 42, 30, 26, 62][1, 59, 68, 9, 49, 15, 62, 30, 24, 21][9, 49, 42, 62, 24, 21, 63, 6, 56, 28][29, 19, 54, 18, 39, 48, 66, 69, 38, 36][13, 33, 58, 34, 57, 25, 4, 7, 40, 47][13, 33, 58, 34, 57, 25, 4, 7, 40, 47][21, 30, 15, 49, 9, 1, 16, 10, 28, 56] 
[10, 16, 1, 31, 11, 15, 42, 30, 26, 62][9, 49, 42, 62, 24, 21, 63, 6, 56, 28][42, 62, 26, 16, 55, 52, 64, 35, 6, 56][43, 61, 14, 44, 60, 17, 55, 8, 51, 64][47, 7, 40, 46, 53, 4, 12, 25, 34, 51][13, 33, 58, 34, 57, 25, 4, 7, 40, 47][20, 33, 50, 23, 2, 0, 69, 19, 29, 66][3, 69, 38, 22, 45, 36, 54, 65, 37, 5][41, 27, 67, 5, 32, 39, 48, 29, 23, 50][1, 59, 68, 9, 49, 15, 62, 30, 24, 21][29, 19, 54, 18, 39, 48, 66, 69, 38, 36][6, 56, 28, 10, 16, 1, 49, 15, 30, 21][21, 30, 15, 49, 9, 1, 16, 10, 28, 56][6, 56, 28, 10, 16, 1, 49, 15, 30, 21][43, 61, 14, 44, 60, 17, 55, 8, 51, 64] 
[10, 16, 1, 31, 11, 15, 42, 30, 26, 62][9, 49, 42, 62, 24, 21, 63, 6, 56, 28][42, 62, 26, 16, 55, 52, 64, 35, 6, 56][43, 61, 14, 44, 60, 17, 55, 8, 51, 64][47, 7, 40, 46, 53, 4, 12, 25, 34, 51][13, 33, 58, 34, 57, 25, 4, 7, 40, 47][20, 33, 50, 23, 2, 0, 69, 19, 29, 66][3, 69, 38, 22, 45, 36, 54, 65, 37, 5][41, 27, 67, 5, 32, 39, 48, 29, 23, 50][1, 59, 68, 9, 49, 15, 62, 30, 24, 21][29, 19, 54, 18, 39, 48, 66, 69, 38, 36][6, 56, 28, 10, 16, 1, 49, 15, 30, 21][21, 30, 15, 49, 9, 1, 16, 10, 28, 56][6, 56, 28, 10, 16, 1, 49, 15, 30, 21][43, 61, 14, 44, 60, 17, 55, 8, 51, 64] 
[3, 69, 38, 22, 45, 36, 54, 65, 37, 5][20, 33, 50, 23, 2, 0, 69, 19, 29, 66][13, 33, 58, 34, 57, 25, 4, 7, 40, 47][41, 27, 67, 5, 32, 39, 48, 29, 23, 50][47, 7, 40, 46, 53, 4, 12, 25, 34, 51][43, 61, 14, 44, 60, 17, 55, 8, 51, 64][42, 62, 26, 16, 55, 52, 64, 35, 6, 56][1, 59, 68, 9, 49, 15, 62, 30, 24, 21][10, 16, 1, 31, 11, 15, 42, 30, 26, 62][9, 49, 42, 62, 24, 21, 63, 6, 56, 28][29, 19, 54, 18, 39, 48, 66, 69, 38, 36][1, 59, 68, 9, 49, 15, 62, 30, 24, 21][1, 59, 68, 9, 49, 15, 62, 30, 24, 21][6, 56, 28, 10, 16, 1, 49, 15, 30, 21][1, 59, 68, 9, 49, 15, 62, 30, 24, 21] 
[20, 33, 50, 23, 2, 0, 69, 19, 29, 66][13, 33, 58, 34, 57, 25, 4, 7, 40, 47][3, 69, 38, 22, 45, 36, 54, 65, 37, 5][41, 27, 67, 5, 32, 39, 48, 29, 23, 50][47, 7, 40, 46, 53, 4, 12, 25, 34, 51][43, 61, 14, 44, 60, 17, 55, 8, 51, 64][42, 62, 26, 16, 55, 52, 64, 35, 6, 56][1, 59, 68, 9, 49, 15, 62, 30, 24, 21][10, 16, 1, 31, 11, 15, 42, 30, 26, 62][9, 49, 42, 62, 24, 21, 63, 6, 56, 28][29, 19, 54, 18, 39, 48, 66, 69, 38, 36][1, 59, 68, 9, 49, 15, 62, 30, 24, 21][1, 59, 68, 9, 49, 15, 62, 30, 24, 21][6, 56, 28, 10, 16, 1, 49, 15, 30, 21][3, 69, 38, 22, 45, 36, 54, 65, 37, 5] 
[9, 49, 62, 21, 6, 56, 28, 10, 59, 11][42, 62, 26, 16, 55, 52, 64, 35, 6, 56][43, 61, 14, 44, 60, 17, 55, 8, 51, 64][47, 7, 40, 46, 53, 4, 12, 25, 34, 51][13, 33, 58, 34, 57, 25, 4, 7, 40, 47][20, 33, 50, 23, 2, 0, 69, 19, 29, 66][3, 69, 38, 22, 45, 36, 54, 65, 37, 5][41, 27, 67, 5, 32, 39, 48, 29, 23, 50][10, 16, 1, 31, 11, 15, 42, 30, 26, 62][1, 59, 68, 9, 49, 15, 62, 30, 24, 21][9, 49, 42, 62, 24, 21, 63, 6, 56, 28][29, 19, 54, 18, 39, 48, 66, 69, 38, 36][13, 33, 58, 34, 57, 25, 4, 7, 40, 47][13, 33, 58, 34, 57, 25, 4, 7, 40, 47][21, 30, 15, 49, 9, 1, 16, 10, 28, 56] 
[47, 7, 40, 46, 53, 4, 12, 25, 34, 51][43, 61, 14, 44, 60, 17, 55, 8, 51, 64][42, 62, 26, 16, 55, 52, 64, 35, 6, 56][21, 30, 15, 49, 9, 68, 1, 16, 10, 28][13, 33, 58, 34, 57, 25, 4, 7, 40, 47][20, 33, 50, 23, 2, 0, 69, 19, 29, 66][3, 69, 38, 22, 45, 36, 54, 65, 37, 5][41, 27, 67, 5, 32, 39, 48, 29, 23, 50][9, 49, 42, 62, 24, 21, 63, 6, 56, 28][10, 16, 1, 31, 11, 15, 42, 30, 26, 62][29, 19, 54, 18, 39, 48, 66, 69, 38, 36][1, 59, 68, 9, 49, 15, 62, 30, 24, 21][20, 33, 50, 23, 2, 0, 69, 19, 29, 66][47, 7, 40, 46, 53, 4, 12, 25, 34, 51][6, 56, 28, 10, 16, 1, 49, 15, 30, 21] 
[9, 49, 62, 21, 6, 56, 28, 10, 59, 11][42, 62, 26, 16, 55, 52, 64, 35, 6, 56][43, 61, 14, 44, 60, 17, 55, 8, 51, 64][47, 7, 40, 46, 53, 4, 12, 25, 34, 51][13, 33, 58, 34, 57, 25, 4, 7, 40, 47][20, 33, 50, 23, 2, 0, 69, 19, 29, 66][3, 69, 38, 22, 45, 36, 54, 65, 37, 5][41, 27, 67, 5, 32, 39, 48, 29, 23, 50][10, 16, 1, 31, 11, 15, 42, 30, 26, 62][1, 59, 68, 9, 49, 15, 62, 30, 24, 21][9, 49, 42, 62, 24, 21, 63, 6, 56, 28][29, 19, 54, 18, 39, 48, 66, 69, 38, 36][13, 33, 58, 34, 57, 25, 4, 7, 40, 47][13, 33, 58, 34, 57, 25, 4, 7, 40, 47][21, 30, 15, 49, 9, 1, 16, 10, 28, 56] 
[10, 16, 1, 31, 11, 15, 42, 30, 26, 62][9, 49, 42, 62, 24, 21, 63, 6, 56, 28][42, 62, 26, 16, 55, 52, 64, 35, 6, 56][43, 61, 14, 44, 60, 17, 55, 8, 51, 64][47, 7, 40, 46, 53, 4, 12, 25, 34, 51][13, 33, 58, 34, 57, 25, 4, 7, 40, 47][20, 33, 50, 23, 2, 0, 69, 19, 29, 66][3, 69, 38, 22, 45, 36, 54, 65, 37, 5][41, 27, 67, 5, 32, 39, 48, 29, 23, 50][1, 59, 68, 9, 49, 15, 62, 30, 24, 21][29, 19, 54, 18, 39, 48, 66, 69, 38, 36][6, 56, 28, 10, 16, 1, 49, 15, 30, 21][21, 30, 15, 49, 9, 1, 16, 10, 28, 56][6, 56, 28, 10, 16, 1, 49, 15, 30, 21][43, 61, 14, 44, 60, 17, 55, 8, 51, 64] 
[3, 69, 38, 22, 45, 36, 54, 65, 37, 5][20, 33, 50, 23, 2, 0, 69, 19, 29, 66][13, 33, 58, 34, 57, 25, 4, 7, 40, 47][41, 27, 67, 5, 32, 39, 48, 29, 23, 50][47, 7, 40, 46, 53, 4, 12, 25, 34, 51][43, 61, 14, 44, 60, 17, 55, 8, 51, 64][42, 62, 26, 16, 55, 52, 64, 35, 6, 56][1, 59, 68, 9, 49, 15, 62, 30, 24, 21][10, 16, 1, 31, 11, 15, 42, 30, 26, 62][9, 49, 42, 62, 24, 21, 63, 6, 56, 28][29, 19, 54, 18, 39, 48, 66, 69, 38, 36][1, 59, 68, 9, 49, 15, 62, 30, 24, 21][1, 59, 68, 9, 49, 15, 62, 30, 24, 21][6, 56, 28, 10, 16, 1, 49, 15, 30, 21][1, 59, 68, 9, 49, 15, 62, 30, 24, 21] 
[9, 49, 62, 21, 6, 56, 28, 10, 59, 11][42, 62, 26, 16, 55, 52, 64, 35, 6, 56][43, 61, 14, 44, 60, 17, 55, 8, 51, 64][47, 7, 40, 46, 53, 4, 12, 25, 34, 51][13, 33, 58, 34, 57, 25, 4, 7, 40, 47][20, 33, 50, 23, 2, 0, 69, 19, 29, 66][3, 69, 38, 22, 45, 36, 54, 65, 37, 5][41, 27, 67, 5, 32, 39, 48, 29, 23, 50][10, 16, 1, 31, 11, 15, 42, 30, 26, 62][1, 59, 68, 9, 49, 15, 62, 30, 24, 21][9, 49, 42, 62, 24, 21, 63, 6, 56, 28][29, 19, 54, 18, 39, 48, 66, 69, 38, 36][13, 33, 58, 34, 57, 25, 4, 7, 40, 47][13, 33, 58, 34, 57, 25, 4, 7, 40, 47][21, 30, 15, 49, 9, 1, 16, 10, 28, 56] 
[10, 16, 1, 31, 11, 15, 42, 30, 26, 62][9, 49, 42, 62, 24, 21, 63, 6, 56, 28][42, 62, 26, 16, 55, 52, 64, 35, 6, 56][43, 61, 14, 44, 60, 17, 55, 8, 51, 64][47, 7, 40, 46, 53, 4, 12, 25, 34, 51][13, 33, 58, 34, 57, 25, 4, 7, 40, 47][20, 33, 50, 23, 2, 0, 69, 19, 29, 66][3, 69, 38, 22, 45, 36, 54, 65, 37, 5][41, 27, 67, 5, 32, 39, 48, 29, 23, 50][1, 59, 68, 9, 49, 15, 62, 30, 24, 21][29, 19, 54, 18, 39, 48, 66, 69, 38, 36][6, 56, 28, 10, 16, 1, 49, 15, 30, 21][21, 30, 15, 49, 9, 1, 16, 10, 28, 56][6, 56, 28, 10, 16, 1, 49, 15, 30, 21][43, 61, 14, 44, 60, 17, 55, 8, 51, 64] 
[10, 16, 1, 31, 11, 15, 42, 30, 26, 62][9, 49, 42, 62, 24, 21, 63, 6, 56, 28][42, 62, 26, 16, 55, 52, 64, 35, 6, 56][43, 61, 14, 44, 60, 17, 55, 8, 51, 64][47, 7, 40, 46, 53, 4, 12, 25, 34, 51][13, 33, 58, 34, 57, 25, 4, 7, 40, 47][20, 33, 50, 23, 2, 0, 69, 19, 29, 66][3, 69, 38, 22, 45, 36, 54, 65, 37, 5][41, 27, 67, 5, 32, 39, 48, 29, 23, 50][1, 59, 68, 9, 49, 15, 62, 30, 24, 21][29, 19, 54, 18, 39, 48, 66, 69, 38, 36][6, 56, 28, 10, 16, 1, 49, 15, 30, 21][21, 30, 15, 49, 9, 1, 16, 10, 28, 56][6, 56, 28, 10, 16, 1, 49, 15, 30, 21][43, 61, 14, 44, 60, 17, 55, 8, 51, 64] 
[3, 69, 38, 22, 45, 36, 54, 65, 37, 5][20, 33, 50, 23, 2, 0, 69, 19, 29, 66][13, 33, 58, 34, 57, 25, 4, 7, 40, 47][41, 27, 67, 5, 32, 39, 48, 29, 23, 50][47, 7, 40, 46, 53, 4, 12, 25, 34, 51][43, 61, 14, 44, 60, 17, 55, 8, 51, 64][42, 62, 26, 16, 55, 52, 64, 35, 6, 56][1, 59, 68, 9, 49, 15, 62, 30, 24, 21][10, 16, 1, 31, 11, 15, 42, 30, 26, 62][9, 49, 42, 62, 24, 21, 63, 6, 56, 28][29, 19, 54, 18, 39, 48, 66, 69, 38, 36][1, 59, 68, 9, 49, 15, 62, 30, 24, 21][1, 59, 68, 9, 49, 15, 62, 30, 24, 21][6, 56, 28, 10, 16, 1, 49, 15, 30, 21][1, 59, 68, 9, 49, 15, 62, 30, 24, 21] 
[9, 49, 62, 21, 6, 56, 28, 10, 59, 11][42, 62, 26, 16, 55, 52, 64, 35, 6, 56][43, 61, 14, 44, 60, 17, 55, 8, 51, 64][47, 7, 40, 46, 53, 4, 12, 25, 34, 51][13, 33, 58, 34, 57, 25, 4, 7, 40, 47][20, 33, 50, 23, 2, 0, 69, 19, 29, 66][3, 69, 38, 22, 45, 36, 54, 65, 37, 5][41, 27, 67, 5, 32, 39, 48, 29, 23, 50][10, 16, 1, 31, 11, 15, 42, 30, 26, 62][1, 59, 68, 9, 49, 15, 62, 30, 24, 21][9, 49, 42, 62, 24, 21, 63, 6, 56, 28][29, 19, 54, 18, 39, 48, 66, 69, 38, 36][13, 33, 58, 34, 57, 25, 4, 7, 40, 47][13, 33, 58, 34, 57, 25, 4, 7, 40, 47][21, 30, 15, 49, 9, 1, 16, 10, 28, 56] 
[10, 16, 1, 31, 11, 15, 42, 30, 26, 62][9, 49, 42, 62, 24, 21, 63, 6, 56, 28][42, 62, 26, 16, 55, 52, 64, 35, 6, 56][43, 61, 14, 44, 60, 17, 55, 8, 51, 64][47, 7, 40, 46, 53, 4, 12, 25, 34, 51][13, 33, 58, 34, 57, 25, 4, 7, 40, 47][20, 33, 50, 23, 2, 0, 69, 19, 29, 66][3, 69, 38, 22, 45, 36, 54, 65, 37, 5][41, 27, 67, 5, 32, 39, 48, 29, 23, 50][1, 59, 68, 9, 49, 15, 62, 30, 24, 21][29, 19, 54, 18, 39, 48, 66, 69, 38, 36][6, 56, 28, 10, 16, 1, 49, 15, 30, 21][21, 30, 15, 49, 9, 1, 16, 10, 28, 56][6, 56, 28, 10, 16, 1, 49, 15, 30, 21][43, 61, 14, 44, 60, 17, 55, 8, 51, 64] 
[10, 16, 1, 31, 11, 15, 42, 30, 26, 62][9, 49, 42, 62, 24, 21, 63, 6, 56, 28][42, 62, 26, 16, 55, 52, 64, 35, 6, 56][43, 61, 14, 44, 60, 17, 55, 8, 51, 64][47, 7, 40, 46, 53, 4, 12, 25, 34, 51][13, 33, 58, 34, 57, 25, 4, 7, 40, 47][20, 33, 50, 23, 2, 0, 69, 19, 29, 66][3, 69, 38, 22, 45, 36, 54, 65, 37, 5][41, 27, 67, 5, 32, 39, 48, 29, 23, 50][1, 59, 68, 9, 49, 15, 62, 30, 24, 21][29, 19, 54, 18, 39, 48, 66, 69, 38, 36][6, 56, 28, 10, 16, 1, 49, 15, 30, 21][21, 30, 15, 49, 9, 1, 16, 10, 28, 56][6, 56, 28, 10, 16, 1, 49, 15, 30, 21][43, 61, 14, 44, 60, 17, 55, 8, 51, 64] 
[13, 43, 61, 17, 10, 52, 64, 51, 34, 25, 12, 4, 53, 46, 40, 7, 47][29, 19, 54, 18, 39, 48, 66, 69, 38, 36][22, 36, 41, 45, 58, 51, 34, 35, 57, 25][43, 61, 14, 44, 60, 17, 55, 8, 51, 64][27, 67, 37, 32, 5, 65, 39, 18, 54, 66][7, 40, 46, 53, 4, 12, 25, 34, 51, 64][20, 33, 50, 23, 2, 0, 69, 19, 29, 66][10, 16, 1, 31, 11, 49, 15, 42, 30, 26][9, 49, 42, 62, 24, 21, 63, 6, 56, 28][21, 24, 42, 30, 62, 15, 49, 9, 68, 59][2, 0, 23, 3, 29, 19, 54, 18, 39, 48][20, 33, 50, 23, 2, 0, 69, 19, 29, 66][7, 40, 46, 53, 4, 12, 25, 34, 51, 64][7, 40, 46, 53, 4, 12, 25, 34, 51, 64][7, 40, 46, 53, 4, 12, 25, 34, 51, 64] 
[13, 43, 61, 17, 10, 52, 64, 51, 34, 25, 12, 4, 53, 46, 40, 7, 47][29, 19, 54, 18, 39, 48, 66, 69, 38, 36][22, 36, 41, 45, 58, 51, 34, 35, 57, 25][43, 61, 14, 44, 60, 17, 55, 8, 51, 64][27, 67, 37, 32, 5, 65, 39, 18, 54, 66][7, 40, 46, 53, 4, 12, 25, 34, 51, 64][20, 33, 50, 23, 2, 0, 69, 19, 29, 66][10, 16, 1, 31, 11, 49, 15, 42, 30, 26][9, 49, 42, 62, 24, 21, 63, 6, 56, 28][21, 24, 42, 30, 62, 15, 49, 9, 68, 59][2, 0, 23, 3, 29, 19, 54, 18, 39, 48][20, 33, 50, 23, 2, 0, 69, 19, 29, 66][7, 40, 46, 53, 4, 12, 25, 34, 51, 64][7, 40, 46, 53, 4, 12, 25, 34, 51, 64][7, 40, 46, 53, 4, 12, 25, 34, 51, 64] 
[13, 43, 61, 17, 10, 52, 64, 51, 34, 25, 12, 4, 53, 46, 40, 7, 47][29, 19, 54, 18, 39, 48, 66, 69, 38, 36][22, 36, 41, 45, 58, 51, 34, 35, 57, 25][43, 61, 14, 44, 60, 17, 55, 8, 51, 64][27, 67, 37, 32, 5, 65, 39, 18, 54, 66][7, 40, 46, 53, 4, 12, 25, 34, 51, 64][20, 33, 50, 23, 2, 0, 69, 19, 29, 66][10, 16, 1, 31, 11, 49, 15, 42, 30, 26][9, 49, 42, 62, 24, 21, 63, 6, 56, 28][21, 24, 42, 30, 62, 15, 49, 9, 68, 59][2, 0, 23, 3, 29, 19, 54, 18, 39, 48][20, 33, 50, 23, 2, 0, 69, 19, 29, 66][7, 40, 46, 53, 4, 12, 25, 34, 51, 64][7, 40, 46, 53, 4, 12, 25, 34, 51, 64][7, 40, 46, 53, 4, 12, 25, 34, 51, 64] 
[13, 43, 17, 10, 52, 64, 51, 34, 25, 12, 4, 53, 46, 40, 7, 47][29, 19, 54, 18, 39, 48, 66, 69, 38, 36][22, 36, 41, 45, 58, 51, 34, 35, 57, 25][43, 61, 14, 44, 60, 17, 55, 8, 51, 64][27, 67, 37, 32, 5, 65, 39, 18, 54, 66][7, 40, 46, 53, 4, 12, 25, 34, 51, 64][20, 33, 50, 23, 2, 0, 69, 19, 29, 66][10, 16, 1, 31, 11, 49, 15, 42, 30, 26][9, 49, 42, 62, 24, 21, 63, 6, 56, 28][21, 24, 42, 30, 62, 15, 49, 9, 68, 59][2, 0, 23, 3, 29, 19, 54, 18, 39, 48][20, 33, 50, 23, 2, 0, 69, 19, 29, 66][7, 40, 46, 53, 4, 12, 25, 34, 51, 64][7, 40, 46, 53, 4, 12, 25, 34, 51, 64][7, 40, 46, 53, 4, 12, 25, 34, 51, 64] 
[13, 43, 17, 10, 52, 64, 51, 34, 25, 12, 4, 53, 46, 40, 7, 47][29, 19, 54, 18, 39, 48, 66, 69, 38, 36][22, 36, 41, 45, 58, 51, 34, 35, 57, 25][43, 61, 14, 44, 60, 17, 55, 8, 51, 64][27, 67, 37, 32, 5, 65, 39, 18, 54, 66][7, 40, 46, 53, 4, 12, 25, 34, 51, 64][20, 33, 50, 23, 2, 0, 69, 19, 29, 66][10, 16, 1, 31, 11, 49, 15, 42, 30, 26][9, 49, 42, 62, 24, 21, 63, 6, 56, 28][21, 24, 42, 30, 62, 15, 49, 9, 68, 59][2, 0, 23, 3, 29, 19, 54, 18, 39, 48][20, 33, 50, 23, 2, 0, 69, 19, 29, 66][7, 40, 46, 53, 4, 12, 25, 34, 51, 64][7, 40, 46, 53, 4, 12, 25, 34, 51, 64][7, 40, 46, 53, 4, 12, 25, 34, 51, 64] 
[20, 33, 50, 23, 2, 0, 69, 19, 29, 66][27, 67, 37, 32, 5, 65, 39, 18, 54, 66][29, 19, 54, 18, 39, 48, 66, 69, 38, 36][22, 36, 41, 45, 58, 51, 34, 35, 57, 25][43, 61, 14, 44, 60, 17, 55, 8, 51, 64][7, 40, 46, 53, 4, 12, 25, 34, 51, 64][12, 25, 34, 51, 64, 52, 10, 17, 43, 13][10, 16, 1, 31, 11, 49, 15, 42, 30, 26][9, 49, 42, 62, 24, 21, 63, 6, 56, 28][21, 24, 42, 30, 62, 15, 49, 9, 68, 59][2, 0, 23, 3, 29, 19, 54, 18, 39, 48][29, 19, 54, 18, 39, 48, 66, 69, 38, 36][7, 40, 46, 53, 4, 12, 25, 34, 51, 64][2, 0, 23, 3, 29, 19, 54, 18, 39, 48][47, 7, 40, 46, 53, 4, 12, 25, 34, 51] 
[13, 43, 17, 10, 52, 64, 51, 34, 25, 12, 4, 53, 46, 40, 7, 47][43, 61, 14, 44, 60, 17, 55, 8, 51, 64][20, 33, 50, 23, 2, 0, 69, 19, 29, 66][22, 36, 41, 45, 58, 51, 34, 35, 57, 25][10, 16, 1, 31, 11, 49, 15, 42, 30, 26][27, 67, 37, 32, 5, 65, 39, 18, 54, 66][9, 49, 42, 62, 24, 21, 63, 6, 56, 28][7, 40, 46, 53, 4, 12, 25, 34, 51, 64][29, 19, 54, 18, 39, 48, 66, 69, 38, 36][21, 24, 42, 30, 62, 15, 49, 9, 68, 59][2, 0, 23, 3, 29, 19, 54, 18, 39, 48][7, 40, 46, 53, 4, 12, 25, 34, 51, 64][7, 40, 46, 53, 4, 12, 25, 34, 51, 64][7, 40, 46, 53, 4, 12, 25, 34, 51, 64][20, 33, 50, 23, 2, 0, 69, 19, 29, 66] 
[13, 43, 17, 10, 52, 64, 51, 34, 25, 12, 4, 53, 46, 40, 7, 47][43, 61, 14, 44, 60, 17, 55, 8, 51, 64][20, 33, 50, 23, 2, 0, 69, 19, 29, 66][22, 36, 41, 45, 58, 51, 34, 35, 57, 25][10, 16, 1, 31, 11, 49, 15, 42, 30, 26][27, 67, 37, 32, 5, 65, 39, 18, 54, 66][9, 49, 42, 62, 24, 21, 63, 6, 56, 28][7, 40, 46, 53, 4, 12, 25, 34, 51, 64][29, 19, 54, 18, 39, 48, 66, 69, 38, 36][21, 24, 42, 30, 62, 15, 49, 9, 68, 59][2, 0, 23, 3, 29, 19, 54, 18, 39, 48][7, 40, 46, 53, 4, 12, 25, 34, 51, 64][7, 40, 46, 53, 4, 12, 25, 34, 51, 64][7, 40, 46, 53, 4, 12, 25, 34, 51, 64][20, 33, 50, 23, 2, 0, 69, 19, 29, 66] 
[13, 43, 17, 10, 52, 64, 51, 34, 25, 12, 4, 53, 46, 40, 7, 47][29, 19, 54, 18, 39, 48, 66, 69, 38, 36][22, 36, 41, 45, 58, 51, 34, 35, 57, 25][43, 61, 14, 44, 60, 17, 55, 8, 51, 64][27, 67, 37, 32, 5, 65, 39, 18, 54, 66][7, 40, 46, 53, 4, 12, 25, 34, 51, 64][20, 33, 50, 23, 2, 0, 69, 19, 29, 66][10, 16, 1, 31, 11, 49, 15, 42, 30, 26][9, 49, 42, 62, 24, 21, 63, 6, 56, 28][21, 24, 42, 30, 62, 15, 49, 9, 68, 59][2, 0, 23, 3, 29, 19, 54, 18, 39, 48][20, 33, 50, 23, 2, 0, 69, 19, 29, 66][7, 40, 46, 53, 4, 12, 25, 34, 51, 64][7, 40, 46, 53, 4, 12, 25, 34, 51, 64][7, 40, 46, 53, 4, 12, 25, 34, 51, 64] 
[20, 13, 43, 61, 17, 10, 52, 64, 51, 34, 25, 12, 4, 53, 46, 40, 7, 47][29, 19, 54, 18, 39, 48, 66, 69, 38, 36][22, 36, 41, 45, 58, 51, 34, 35, 57, 25][43, 61, 14, 44, 60, 17, 55, 8, 51, 64][27, 67, 37, 32, 5, 65, 39, 18, 54, 66][7, 40, 46, 53, 4, 12, 25, 34, 51, 64][20, 33, 50, 23, 2, 0, 69, 19, 29, 66][10, 16, 1, 31, 11, 49, 15, 42, 30, 26][9, 49, 42, 62, 24, 21, 63, 6, 56, 28][21, 24, 42, 30, 62, 15, 49, 9, 68, 59][2, 0, 23, 3, 29, 19, 54, 18, 39, 48][20, 33, 50, 23, 2, 0, 69, 19, 29, 66][7, 40, 46, 53, 4, 12, 25, 34, 51, 64][7, 40, 46, 53, 4, 12, 25, 34, 51, 64][7, 40, 46, 53, 4, 12, 25, 34, 51, 64] 
[13, 43, 61, 17, 10, 52, 64, 51, 34, 25, 12, 4, 53, 46, 40, 7, 47][29, 19, 54, 18, 39, 48, 66, 69, 38, 36][22, 36, 41, 45, 58, 51, 34, 35, 57, 25][43, 61, 14, 44, 60, 17, 55, 8, 51, 64][27, 67, 37, 32, 5, 65, 39, 18, 54, 66][7, 40, 46, 53, 4, 12, 25, 34, 51, 64][20, 33, 50, 23, 2, 0, 69, 19, 29, 66][10, 16, 1, 31, 11, 49, 15, 42, 30, 26][9, 49, 42, 62, 24, 21, 63, 6, 56, 28][21, 24, 42, 30, 62, 15, 49, 9, 68, 59][2, 0, 23, 3, 29, 19, 54, 18, 39, 48][20, 33, 50, 23, 2, 0, 69, 19, 29, 66][7, 40, 46, 53, 4, 12, 25, 34, 51, 64][7, 40, 46, 53, 4, 12, 25, 34, 51, 64][7, 40, 46, 53, 4, 12, 25, 34, 51, 64] 
[13, 43, 61, 17, 10, 52, 64, 51, 34, 25, 12, 4, 53, 46, 40, 7, 47][29, 19, 54, 18, 39, 48, 66, 69, 38, 36][22, 36, 41, 45, 58, 51, 34, 35, 57, 25][43, 61, 14, 44, 60, 17, 55, 8, 51, 64][27, 67, 37, 32, 5, 65, 39, 18, 54, 66][7, 40, 46, 53, 4, 12, 25, 34, 51, 64][20, 33, 50, 23, 2, 0, 69, 19, 29, 66][10, 16, 1, 31, 11, 49, 15, 42, 30, 26][9, 49, 42, 62, 24, 21, 63, 6, 56, 28][21, 24, 42, 30, 62, 15, 49, 9, 68, 59][2, 0, 23, 3, 29, 19, 54, 18, 39, 48][20, 33, 50, 23, 2, 0, 69, 19, 29, 66][7, 40, 46, 53, 4, 12, 25, 34, 51, 64][7, 40, 46, 53, 4, 12, 25, 34, 51, 64][7, 40, 46, 53, 4, 12, 25, 34, 51, 64] 
[13, 43, 17, 10, 52, 64, 51, 34, 25, 12, 4, 53, 46, 40, 7, 47][29, 19, 54, 18, 39, 48, 66, 69, 38, 36][22, 36, 41, 45, 58, 51, 34, 35, 57, 25][43, 61, 14, 44, 60, 17, 55, 8, 51, 64][27, 67, 37, 32, 5, 65, 39, 18, 54, 66][7, 40, 46, 53, 4, 12, 25, 34, 51, 64][20, 33, 50, 23, 2, 0, 69, 19, 29, 66][10, 16, 1, 31, 11, 49, 15, 42, 30, 26][9, 49, 42, 62, 24, 21, 63, 6, 56, 28][21, 24, 42, 30, 62, 15, 49, 9, 68, 59][2, 0, 23, 3, 29, 19, 54, 18, 39, 48][20, 33, 50, 23, 2, 0, 69, 19, 29, 66][7, 40, 46, 53, 4, 12, 25, 34, 51, 64][7, 40, 46, 53, 4, 12, 25, 34, 51, 64][7, 40, 46, 53, 4, 12, 25, 34, 51, 64] 
[6, 47, 53, 46, 40, 4, 25, 57, 35, 34, 51, 58, 45, 41, 36, 22][13, 43, 17, 10, 52, 64, 51, 34, 25, 12, 4, 53, 46, 40, 7, 47][29, 19, 54, 18, 39, 48, 66, 69, 38, 36][43, 61, 14, 44, 60, 17, 55, 8, 51, 64][27, 67, 37, 32, 5, 65, 39, 18, 54, 66][7, 40, 46, 53, 4, 12, 25, 34, 51, 64][20, 33, 50, 23, 2, 0, 69, 19, 29, 66][10, 16, 1, 31, 11, 49, 15, 42, 30, 26][9, 49, 42, 62, 24, 21, 63, 6, 56, 28][21, 24, 42, 30, 62, 15, 49, 9, 68, 59][2, 0, 23, 3, 29, 19, 54, 18, 39, 48][20, 33, 50, 23, 2, 0, 69, 19, 29, 66][7, 40, 46, 53, 4, 12, 25, 34, 51, 64][7, 40, 46, 53, 4, 12, 25, 34, 51, 64][7, 40, 46, 53, 4, 12, 25, 34, 51, 64] 
[13, 43, 61, 17, 10, 52, 64, 51, 34, 25, 12, 4, 53, 46, 40, 7, 47][29, 19, 54, 18, 39, 48, 66, 69, 38, 36][22, 36, 41, 45, 58, 51, 34, 35, 57, 25][43, 61, 14, 44, 60, 17, 55, 8, 51, 64][27, 67, 37, 32, 5, 65, 39, 18, 54, 66][7, 40, 46, 53, 4, 12, 25, 34, 51, 64][20, 33, 50, 23, 2, 0, 69, 19, 29, 66][10, 16, 1, 31, 11, 49, 15, 42, 30, 26][9, 49, 42, 62, 24, 21, 63, 6, 56, 28][21, 24, 42, 30, 62, 15, 49, 9, 68, 59][2, 0, 23, 3, 29, 19, 54, 18, 39, 48][20, 33, 50, 23, 2, 0, 69, 19, 29, 66][7, 40, 46, 53, 4, 12, 25, 34, 51, 64][7, 40, 46, 53, 4, 12, 25, 34, 51, 64][7, 40, 46, 53, 4, 12, 25, 34, 51, 64] 
[13, 43, 61, 17, 10, 52, 64, 51, 34, 25, 12, 4, 53, 46, 40, 7, 47][16, 55, 10, 20, 33, 50, 23, 2, 0, 69, 19, 29, 66][29, 19, 54, 18, 39, 48, 66, 69, 38, 36][22, 36, 41, 45, 58, 51, 34, 35, 57, 25][43, 61, 14, 44, 60, 17, 55, 8, 51, 64][27, 67, 37, 32, 5, 65, 39, 18, 54, 66][7, 40, 46, 53, 4, 12, 25, 34, 51, 64][10, 16, 1, 31, 11, 49, 15, 42, 30, 26][9, 49, 42, 62, 24, 21, 63, 6, 56, 28][21, 24, 42, 30, 62, 15, 49, 9, 68, 59][2, 0, 23, 3, 29, 19, 54, 18, 39, 48][20, 33, 50, 23, 2, 0, 69, 19, 29, 66][7, 40, 46, 53, 4, 12, 25, 34, 51, 64][7, 40, 46, 53, 4, 12, 25, 34, 51, 64][7, 40, 46, 53, 4, 12, 25, 34, 51, 64] 
[13, 43, 17, 10, 52, 64, 51, 34, 25, 12, 4, 53, 46, 40, 7, 47][52, 10, 55, 20, 33, 50, 23, 2, 0, 69, 19, 29, 66][29, 19, 54, 18, 39, 48, 66, 69, 38, 36][22, 36, 41, 45, 58, 51, 34, 35, 57, 25][43, 61, 14, 44, 60, 17, 55, 8, 51, 64][27, 67, 37, 32, 5, 65, 39, 18, 54, 66][7, 40, 46, 53, 4, 12, 25, 34, 51, 64][20, 33, 50, 23, 2, 0, 69, 19, 29, 66][10, 16, 1, 31, 11, 49, 15, 42, 30, 26][9, 49, 42, 62, 24, 21, 63, 6, 56, 28][21, 24, 42, 30, 62, 15, 49, 9, 68, 59][2, 0, 23, 3, 29, 19, 54, 18, 39, 48][7, 40, 46, 53, 4, 12, 25, 34, 51, 64][7, 40, 46, 53, 4, 12, 25, 34, 51, 64][7, 40, 46, 53, 4, 12, 25, 34, 51, 64] 
[13, 43, 17, 10, 52, 64, 51, 34, 25, 12, 4, 53, 46, 40, 7, 47][43, 61, 14, 44, 60, 17, 55, 8, 51, 64][20, 33, 50, 23, 2, 0, 69, 19, 29, 66][22, 36, 41, 45, 58, 51, 34, 35, 57, 25][10, 16, 1, 31, 11, 49, 15, 42, 30, 26][27, 67, 37, 32, 5, 65, 39, 18, 54, 66][9, 49, 42, 62, 24, 21, 63, 6, 56, 28][7, 40, 46, 53, 4, 12, 25, 34, 51, 64][29, 19, 54, 18, 39, 48, 66, 69, 38, 36][21, 24, 42, 30, 62, 15, 49, 9, 68, 59][2, 0, 23, 3, 29, 19, 54, 18, 39, 48][7, 40, 46, 53, 4, 12, 25, 34, 51, 64][7, 40, 46, 53, 4, 12, 25, 34, 51, 64][7, 40, 46, 53, 4, 12, 25, 34, 51, 64][20, 33, 50, 23, 2, 0, 69, 19, 29, 66] 
[13, 43, 17, 10, 52, 64, 51, 34, 25, 12, 4, 53, 46, 40, 7, 47][52, 10, 55, 20, 33, 50, 23, 2, 0, 69, 19, 29, 66][29, 19, 54, 18, 39, 48, 66, 69, 38, 36][22, 36, 41, 45, 58, 51, 34, 35, 57, 25][43, 61, 14, 44, 60, 17, 55, 8, 51, 64][27, 67, 37, 32, 5, 65, 39, 18, 54, 66][7, 40, 46, 53, 4, 12, 25, 34, 51, 64][20, 33, 50, 23, 2, 0, 69, 19, 29, 66][10, 16, 1, 31, 11, 49, 15, 42, 30, 26][9, 49, 42, 62, 24, 21, 63, 6, 56, 28][21, 24, 42, 30, 62, 15, 49, 9, 68, 59][2, 0, 23, 3, 29, 19, 54, 18, 39, 48][7, 40, 46, 53, 4, 12, 25, 34, 51, 64][7, 40, 46, 53, 4, 12, 25, 34, 51, 64][7, 40, 46, 53, 4, 12, 25, 34, 51, 64] 
[13, 43, 61, 17, 10, 52, 64, 51, 34, 25, 12, 4, 53, 46, 40, 7, 47][61, 14, 60, 44, 17, 43, 20, 33, 50, 23, 2, 0, 69, 19, 29, 66][29, 19, 54, 18, 39, 48, 66, 69, 38, 36][22, 36, 41, 45, 58, 51, 34, 35, 57, 25][43, 61, 14, 44, 60, 17, 55, 8, 51, 64][27, 67, 37, 32, 5, 65, 39, 18, 54, 66][7, 40, 46, 53, 4, 12, 25, 34, 51, 64][20, 33, 50, 23, 2, 0, 69, 19, 29, 66][10, 16, 1, 31, 11, 49, 15, 42, 30, 26][9, 49, 42, 62, 24, 21, 63, 6, 56, 28][21, 24, 42, 30, 62, 15, 49, 9, 68, 59][2, 0, 23, 3, 29, 19, 54, 18, 39, 48][7, 40, 46, 53, 4, 12, 25, 34, 51, 64][7, 40, 46, 53, 4, 12, 25, 34, 51, 64][7, 40, 46, 53, 4, 12, 25, 34, 51, 64] 
[7, 40, 46, 53, 4, 12, 25, 34, 51, 64, 35, 41, 27, 67, 18, 5, 32, 54, 65, 19, 3, 38, 66, 48, 29, 69, 0, 23][13, 43, 61, 17, 10, 52, 64, 51, 34, 25, 12, 4, 53, 46, 40, 7, 47][29, 19, 54, 18, 39, 48, 66, 69, 38, 36][22, 36, 41, 45, 58, 51, 34, 35, 57, 25][43, 61, 14, 44, 60, 17, 55, 8, 51, 64][27, 67, 37, 32, 5, 65, 39, 18, 54, 66][20, 33, 50, 23, 2, 0, 69, 19, 29, 66][10, 16, 1, 31, 11, 49, 15, 42, 30, 26][9, 49, 42, 62, 24, 21, 63, 6, 56, 28][21, 24, 42, 30, 62, 15, 49, 9, 68, 59][2, 0, 23, 3, 29, 19, 54, 18, 39, 48][20, 33, 50, 23, 2, 0, 69, 19, 29, 66][7, 40, 46, 53, 4, 12, 25, 34, 51, 64][7, 40, 46, 53, 4, 12, 25, 34, 51, 64][7, 40, 46, 53, 4, 12, 25, 34, 51, 64] 
[10, 16, 1, 31, 11, 15, 42, 30, 26, 62][9, 49, 42, 62, 24, 21, 63, 6, 56, 28][42, 62, 26, 16, 55, 52, 64, 35, 6, 56][43, 61, 14, 44, 60, 17, 55, 8, 51, 64][47, 7, 40, 46, 53, 4, 12, 25, 34, 51][13, 33, 58, 34, 57, 25, 4, 7, 40, 47][20, 33, 50, 23, 2, 0, 69, 19, 29, 66][3, 69, 38, 22, 45, 36, 54, 65, 37, 5][41, 27, 67, 5, 32, 39, 48, 29, 23, 50][1, 59, 68, 9, 49, 15, 62, 30, 24, 21][29, 19, 54, 18, 39, 48, 66, 69, 38, 36][6, 56, 28, 10, 16, 1, 49, 15, 30, 21][21, 30, 15, 49, 9, 1, 16, 10, 28, 56][6, 56, 28, 10, 16, 1, 49, 15, 30, 21][43, 61, 14, 44, 60, 17, 55, 8, 51, 64] 
[10, 16, 1, 31, 11, 15, 42, 30, 26, 62][9, 49, 42, 62, 24, 21, 63, 6, 56, 28][42, 62, 26, 16, 55, 52, 64, 35, 6, 56][43, 61, 14, 44, 60, 17, 55, 8, 51, 64][47, 7, 40, 46, 53, 4, 12, 25, 34, 51][13, 33, 58, 34, 57, 25, 4, 7, 40, 47][20, 33, 50, 23, 2, 0, 69, 19, 29, 66][3, 69, 38, 22, 45, 36, 54, 65, 37, 5][41, 27, 67, 5, 32, 39, 48, 29, 23, 50][1, 59, 68, 9, 49, 15, 62, 30, 24, 21][29, 19, 54, 18, 39, 48, 66, 69, 38, 36][6, 56, 28, 10, 16, 1, 49, 15, 30, 21][21, 30, 15, 49, 9, 1, 16, 10, 28, 56][6, 56, 28, 10, 16, 1, 49, 15, 30, 21][43, 61, 14, 44, 60, 17, 55, 8, 51, 64] 
[10, 16, 1, 31, 11, 15, 42, 30, 26, 62][9, 49, 42, 62, 24, 21, 63, 6, 56, 28][42, 62, 26, 16, 55, 52, 64, 35, 6, 56][43, 61, 14, 44, 60, 17, 55, 8, 51, 64][47, 7, 40, 46, 53, 4, 12, 25, 34, 51][13, 33, 58, 34, 57, 25, 4, 7, 40, 47][20, 33, 50, 23, 2, 0, 69, 19, 29, 66][3, 69, 38, 22, 45, 36, 54, 65, 37, 5][41, 27, 67, 5, 32, 39, 48, 29, 23, 50][1, 59, 68, 9, 49, 15, 62, 30, 24, 21][29, 19, 54, 18, 39, 48, 66, 69, 38, 36][6, 56, 28, 10, 16, 1, 49, 15, 30, 21][21, 30, 15, 49, 9, 1, 16, 10, 28, 56][6, 56, 28, 10, 16, 1, 49, 15, 30, 21][43, 61, 14, 44, 60, 17, 55, 8, 51, 64] 
[10, 16, 1, 31, 11, 15, 42, 30, 26, 62][9, 49, 42, 62, 24, 21, 63, 6, 56, 28][42, 62, 26, 16, 55, 52, 64, 35, 6, 56][43, 61, 14, 44, 60, 17, 55, 8, 51, 64][47, 7, 40, 46, 53, 4, 12, 25, 34, 51][13, 33, 58, 34, 57, 25, 4, 7, 40, 47][20, 33, 50, 23, 2, 0, 69, 19, 29, 66][3, 69, 38, 22, 45, 36, 54, 65, 37, 5][41, 27, 67, 5, 32, 39, 48, 29, 23, 50][1, 59, 68, 9, 49, 15, 62, 30, 24, 21][29, 19, 54, 18, 39, 48, 66, 69, 38, 36][6, 56, 28, 10, 16, 1, 49, 15, 30, 21][21, 30, 15, 49, 9, 1, 16, 10, 28, 56][6, 56, 28, 10, 16, 1, 49, 15, 30, 21][43, 61, 14, 44, 60, 17, 55, 8, 51, 64] 
[10, 16, 1, 31, 11, 15, 42, 30, 26, 62][9, 49, 42, 62, 24, 21, 63, 6, 56, 28][42, 62, 26, 16, 55, 52, 64, 35, 6, 56][43, 61, 14, 44, 60, 17, 55, 8, 51, 64][47, 7, 40, 46, 53, 4, 12, 25, 34, 51][13, 33, 58, 34, 57, 25, 4, 7, 40, 47][20, 33, 50, 23, 2, 0, 69, 19, 29, 66][3, 69, 38, 22, 45, 36, 54, 65, 37, 5][41, 27, 67, 5, 32, 39, 48, 29, 23, 50][1, 59, 68, 9, 49, 15, 62, 30, 24, 21][29, 19, 54, 18, 39, 48, 66, 69, 38, 36][6, 56, 28, 10, 16, 1, 49, 15, 30, 21][21, 30, 15, 49, 9, 1, 16, 10, 28, 56][6, 56, 28, 10, 16, 1, 49, 15, 30, 21][43, 61, 14, 44, 60, 17, 55, 8, 51, 64] 
[10, 16, 1, 31, 11, 15, 42, 30, 26, 62][9, 49, 42, 62, 24, 21, 63, 6, 56, 28][42, 62, 26, 16, 55, 52, 64, 35, 6, 56][43, 61, 14, 44, 60, 17, 55, 8, 51, 64][47, 7, 40, 46, 53, 4, 12, 25, 34, 51][13, 33, 58, 34, 57, 25, 4, 7, 40, 47][20, 33, 50, 23, 2, 0, 69, 19, 29, 66][3, 69, 38, 22, 45, 36, 54, 65, 37, 5][41, 27, 67, 5, 32, 39, 48, 29, 23, 50][1, 59, 68, 9, 49, 15, 62, 30, 24, 21][29, 19, 54, 18, 39, 48, 66, 69, 38, 36][6, 56, 28, 10, 16, 1, 49, 15, 30, 21][21, 30, 15, 49, 9, 1, 16, 10, 28, 56][6, 56, 28, 10, 16, 1, 49, 15, 30, 21][43, 61, 14, 44, 60, 17, 55, 8, 51, 64] 
[10, 16, 1, 31, 11, 15, 42, 30, 26, 62][9, 49, 42, 62, 24, 21, 63, 6, 56, 28][42, 62, 26, 16, 55, 52, 64, 35, 6, 56][43, 61, 14, 44, 60, 17, 55, 8, 51, 64][47, 7, 40, 46, 53, 4, 12, 25, 34, 51][13, 33, 58, 34, 57, 25, 4, 7, 40, 47][20, 33, 50, 23, 2, 0, 69, 19, 29, 66][3, 69, 38, 22, 45, 36, 54, 65, 37, 5][41, 27, 67, 5, 32, 39, 48, 29, 23, 50][1, 59, 68, 9, 49, 15, 62, 30, 24, 21][29, 19, 54, 18, 39, 48, 66, 69, 38, 36][6, 56, 28, 10, 16, 1, 49, 15, 30, 21][21, 30, 15, 49, 9, 1, 16, 10, 28, 56][6, 56, 28, 10, 16, 1, 49, 15, 30, 21][43, 61, 14, 44, 60, 17, 55, 8, 51, 64] 
[10, 16, 1, 31, 11, 15, 42, 30, 26, 62][9, 49, 42, 62, 24, 21, 63, 6, 56, 28][42, 62, 26, 16, 55, 52, 64, 35, 6, 56][43, 61, 14, 44, 60, 17, 55, 8, 51, 64][47, 7, 40, 46, 53, 4, 12, 25, 34, 51][13, 33, 58, 34, 57, 25, 4, 7, 40, 47][20, 33, 50, 23, 2, 0, 69, 19, 29, 66][3, 69, 38, 22, 45, 36, 54, 65, 37, 5][41, 27, 67, 5, 32, 39, 48, 29, 23, 50][1, 59, 68, 9, 49, 15, 62, 30, 24, 21][29, 19, 54, 18, 39, 48, 66, 69, 38, 36][6, 56, 28, 10, 16, 1, 49, 15, 30, 21][21, 30, 15, 49, 9, 1, 16, 10, 28, 56][6, 56, 28, 10, 16, 1, 49, 15, 30, 21][43, 61, 14, 44, 60, 17, 55, 8, 51, 64] 
[10, 16, 1, 31, 11, 15, 42, 30, 26, 62][9, 49, 42, 62, 24, 21, 63, 6, 56, 28][42, 62, 26, 16, 55, 52, 64, 35, 6, 56][43, 61, 14, 44, 60, 17, 55, 8, 51, 64][47, 7, 40, 46, 53, 4, 12, 25, 34, 51][13, 33, 58, 34, 57, 25, 4, 7, 40, 47][20, 33, 50, 23, 2, 0, 69, 19, 29, 66][3, 69, 38, 22, 45, 36, 54, 65, 37, 5][41, 27, 67, 5, 32, 39, 48, 29, 23, 50][1, 59, 68, 9, 49, 15, 62, 30, 24, 21][29, 19, 54, 18, 39, 48, 66, 69, 38, 36][6, 56, 28, 10, 16, 1, 49, 15, 30, 21][21, 30, 15, 49, 9, 1, 16, 10, 28, 56][6, 56, 28, 10, 16, 1, 49, 15, 30, 21][43, 61, 14, 44, 60, 17, 55, 8, 51, 64] 
[10, 16, 1, 31, 11, 15, 42, 30, 26, 62][9, 49, 42, 62, 24, 21, 63, 6, 56, 28][42, 62, 26, 16, 55, 52, 64, 35, 6, 56][43, 61, 14, 44, 60, 17, 55, 8, 51, 64][47, 7, 40, 46, 53, 4, 12, 25, 34, 51][13, 33, 58, 34, 57, 25, 4, 7, 40, 47][20, 33, 50, 23, 2, 0, 69, 19, 29, 66][3, 69, 38, 22, 45, 36, 54, 65, 37, 5][41, 27, 67, 5, 32, 39, 48, 29, 23, 50][1, 59, 68, 9, 49, 15, 62, 30, 24, 21][29, 19, 54, 18, 39, 48, 66, 69, 38, 36][6, 56, 28, 10, 16, 1, 49, 15, 30, 21][21, 30, 15, 49, 9, 1, 16, 10, 28, 56][6, 56, 28, 10, 16, 1, 49, 15, 30, 21][43, 61, 14, 44, 60, 17, 55, 8, 51, 64] 
[10, 16, 1, 31, 11, 15, 42, 30, 26, 62][9, 49, 42, 62, 24, 21, 63, 6, 56, 28][42, 62, 26, 16, 55, 52, 64, 35, 6, 56][43, 61, 14, 44, 60, 17, 55, 8, 51, 64][47, 7, 40, 46, 53, 4, 12, 25, 34, 51][13, 33, 58, 34, 57, 25, 4, 7, 40, 47][20, 33, 50, 23, 2, 0, 69, 19, 29, 66][3, 69, 38, 22, 45, 36, 54, 65, 37, 5][41, 27, 67, 5, 32, 39, 48, 29, 23, 50][1, 59, 68, 9, 49, 15, 62, 30, 24, 21][29, 19, 54, 18, 39, 48, 66, 69, 38, 36][6, 56, 28, 10, 16, 1, 49, 15, 30, 21][21, 30, 15, 49, 9, 1, 16, 10, 28, 56][6, 56, 28, 10, 16, 1, 49, 15, 30, 21][43, 61, 14, 44, 60, 17, 55, 8, 51, 64] 
