[22, 19, 18, 0, 12, 8, 26][4, 24, 14, 23, 1, 3, 9][5, 21, 10, 2, 29][13, 6, 15, 27][11, 25, 28][16, 7, 20][12, 17][17, 28][16, 28][16, 27][2, 15][14, 20] 
[22, 19, 18, 0, 12, 8, 26][4, 24, 14, 23, 1, 3, 9][5, 21, 10, 2, 29][13, 6, 15, 27][11, 25, 28][16, 7, 20][12, 17][17, 28][16, 28][16, 27][2, 15][14, 20] 
[22, 19, 18, 0, 12, 8, 26][4, 24, 14, 23, 1, 3, 9][5, 21, 10, 2, 29][13, 6, 15, 27][11, 25, 28][16, 7, 20][12, 17][17, 28][16, 28][16, 27][2, 15][14, 20] 
[22, 19, 18, 0, 12, 8, 26][4, 24, 14, 23, 1, 3, 9][5, 21, 10, 2, 29][13, 6, 15, 27][11, 25, 28][16, 7, 20][12, 17][17, 28][16, 28][16, 27][2, 15][14, 20] 
[22, 19, 18, 0, 12, 8, 26][5, 21, 10, 2, 29][4, 3, 1, 23, 9][13, 6, 15, 27][16, 7, 20, 24][11, 25, 28, 17][2, 15][16, 27][16, 28][14, 20][12, 17][14, 23] 
[22, 19, 18, 0, 12, 8, 26][5, 21, 10, 2, 29][4, 3, 1, 23, 9][11, 25, 28, 17][16, 7, 20, 24][13, 6, 15, 27][16, 28][16, 27][2, 15][14, 20][14, 23][12, 17] 
[22, 19, 18, 0, 12, 8, 26][23, 9, 1, 3, 4, 24][5, 21, 10, 2, 29][11, 25, 28, 17][13, 6, 15, 27][16, 7, 20][14, 23][14, 20][16, 28][12, 17][16, 27][2, 15] 
[22, 19, 18, 0, 12, 8, 26][4, 3, 1, 23, 9][5, 21, 10, 2, 29][16, 7, 20, 24][13, 6, 15, 27][11, 25, 28, 17][14, 23][14, 20][16, 27][2, 15][16, 28][12, 17] 
[22, 19, 18, 0, 12, 8, 26][4, 3, 1, 23, 9][5, 21, 10, 2, 29][16, 7, 20, 24][13, 6, 15, 27][11, 25, 28, 17][14, 23][14, 20][16, 27][2, 15][16, 28][12, 17] 
[22, 19, 18, 0, 12, 8, 26][4, 3, 1, 23, 9][5, 21, 10, 2, 29][16, 7, 20, 24][11, 25, 28, 17][13, 6, 15, 27][14, 23][14, 20][16, 28][12, 17][16, 27][2, 15] 
[22, 19, 18, 0, 12, 8, 26][4, 24, 14, 23, 1, 3, 9][5, 21, 10, 2, 29][13, 6, 15, 27][11, 25, 28][16, 7, 20][12, 17][17, 28][16, 28][16, 27][2, 15][14, 20] 
[22, 19, 18, 0, 12, 8, 26][4, 24, 14, 23, 1, 3, 9][5, 21, 10, 2, 29][13, 6, 15, 27][11, 25, 28][16, 7, 20][12, 17][17, 28][16, 28][16, 27][2, 15][14, 20] 
[22, 19, 18, 0, 12, 8, 26][4, 24, 14, 23, 1, 3, 9][5, 21, 10, 2, 29][13, 6, 15, 27][11, 25, 28][16, 7, 20][12, 17][17, 28][16, 28][16, 27][2, 15][14, 20] 
[22, 19, 18, 0, 12, 8, 26][4, 3, 1, 23, 9][5, 21, 10, 2, 29][16, 7, 20, 24][11, 25, 28, 17][13, 6, 15, 27][14, 23][14, 20][16, 28][12, 17][16, 27][2, 15] 
[22, 19, 18, 0, 12, 8, 26][4, 3, 1, 23, 9][5, 21, 10, 2, 29][16, 7, 20, 24][13, 6, 15, 27][11, 25, 28, 17][14, 23][14, 20][16, 27][2, 15][16, 28][12, 17] 
[22, 19, 18, 0, 12, 8, 26][4, 3, 1, 23, 9][5, 21, 10, 2, 29][16, 7, 20, 24][13, 6, 15, 27][11, 25, 28, 17][14, 23][14, 20][16, 27][2, 15][16, 28][12, 17] 
[22, 19, 18, 0, 12, 8, 26][4, 24, 14, 23, 1, 3, 9][5, 21, 10, 2, 29][13, 6, 15, 27][11, 25, 28][16, 7, 20][12, 17][17, 28][16, 28][16, 27][2, 15][14, 20] 
[22, 19, 18, 0, 12, 8, 26][4, 24, 14, 23, 1, 3, 9][5, 21, 10, 2, 29][13, 6, 15, 27][11, 25, 28][16, 7, 20][12, 17][17, 28][16, 28][16, 27][2, 15][14, 20] 
[22, 19, 18, 0, 12, 8, 26][4, 3, 1, 23, 9][5, 21, 10, 2, 29][11, 25, 28, 17][16, 7, 20, 24][13, 6, 15, 27][16, 28][14, 20][12, 17][16, 27][14, 23][2, 15] 
[4, 24, 14, 23, 1, 3, 9][22, 19, 18, 0, 12, 8, 26][5, 21, 10, 2, 29][13, 6, 15, 27][16, 7, 20][11, 25, 28][16, 27][16, 28][2, 15][17, 28][12, 17][14, 20] 
[22, 19, 18, 0, 12, 8, 26][4, 24, 14, 23, 1, 3, 9][5, 21, 10, 2, 29][13, 6, 15, 27][11, 25, 28][16, 7, 20][12, 17][17, 28][16, 28][16, 27][2, 15][14, 20] 
[4, 24, 14, 23, 1, 3, 9][22, 19, 18, 0, 12, 8, 26][5, 21, 10, 2, 29][13, 6, 15, 27][16, 7, 20][11, 25, 28][2, 15][16, 27][14, 20][16, 28][17, 28][12, 17] 
[22, 19, 18, 0, 12, 8, 26][4, 24, 14, 23, 1, 3, 9][5, 21, 10, 2, 29][13, 6, 15, 27][11, 25, 28][16, 7, 20][12, 17][17, 28][16, 28][16, 27][2, 15][14, 20] 
[22, 19, 18, 0, 12, 8, 26][5, 21, 10, 2, 29][4, 3, 1, 23, 9][11, 25, 28, 17][16, 7, 20, 24][13, 6, 15, 27][16, 28][16, 27][2, 15][14, 20][14, 23][12, 17] 
[22, 19, 18, 0, 12, 8, 26][4, 3, 1, 23, 9][5, 21, 10, 2, 29][16, 7, 20, 24][13, 6, 15, 27][11, 25, 28, 17][14, 23][14, 20][16, 27][2, 15][16, 28][12, 17] 
[22, 19, 18, 0, 12, 8, 26][4, 3, 1, 23, 9][5, 21, 10, 2, 29][16, 7, 20, 24][13, 6, 15, 27][11, 25, 28, 17][14, 23][14, 20][16, 27][2, 15][16, 28][12, 17] 
[22, 19, 18, 0, 12, 8, 26][4, 24, 14, 23, 1, 3, 9][5, 21, 10, 2, 29][13, 6, 15, 27][11, 25, 28][16, 7, 20][12, 17][17, 28][16, 28][16, 27][2, 15][14, 20] 
[4, 24, 14, 23, 1, 3, 9][22, 19, 18, 0, 12, 8, 26][5, 21, 10, 2, 29][13, 6, 15, 27][16, 7, 20][11, 25, 28][14, 20][16, 28][17, 28][12, 17][16, 27][2, 15] 
[22, 19, 18, 0, 12, 8, 26][5, 21, 10, 2, 29][4, 3, 1, 23, 9][13, 6, 15, 27][16, 7, 20, 24][11, 25, 28, 17][2, 15][16, 27][14, 20][16, 28][14, 23][12, 17] 
[4, 24, 14, 23, 1, 3, 9][22, 19, 18, 0, 12, 8, 26][5, 21, 10, 2, 29][13, 6, 15, 27][16, 7, 20][11, 25, 28][16, 28][14, 20][16, 27][2, 15][17, 28][12, 17] 
[22, 19, 18, 0, 12, 8, 26][4, 24, 14, 23, 1, 3, 9][5, 21, 10, 2, 29][13, 6, 15, 27][11, 25, 28][16, 7, 20][12, 17][17, 28][16, 28][14, 20][16, 27][2, 15] 
[4, 24, 14, 23, 1, 3, 9][22, 19, 18, 0, 12, 8, 26][5, 21, 10, 2, 29][13, 6, 15, 27][16, 7, 20][11, 25, 28][14, 20][16, 28][17, 28][12, 17][16, 27][2, 15] 
[22, 19, 18, 0, 12, 8, 26][5, 21, 10, 2, 29][4, 3, 1, 23, 9][13, 6, 15, 27][16, 7, 20, 24][11, 25, 28, 17][2, 15][16, 27][14, 20][16, 28][14, 23][12, 17] 
[4, 24, 14, 23, 1, 3, 9][22, 19, 18, 0, 12, 8, 26][5, 21, 10, 2, 29][13, 6, 15, 27][16, 7, 20][11, 25, 28][16, 28][14, 20][16, 27][2, 15][17, 28][12, 17] 
[22, 19, 18, 0, 12, 8, 26][4, 24, 14, 23, 1, 3, 9][5, 21, 10, 2, 29][13, 6, 15, 27][11, 25, 28][16, 7, 20][12, 17][17, 28][16, 28][14, 20][16, 27][2, 15] 
[12, 22, 18, 13, 6, 16, 7, 25, 11, 17, 0, 26, 8, 19][9, 1, 23, 20, 4, 3, 11, 14, 24][2, 15, 6, 5, 21, 10, 29, 27][7, 28][8, 26][8, 26][13, 18][13, 18][8, 26][8, 26][13, 18][13, 18] 
[12, 22, 18, 13, 6, 16, 7, 25, 11, 17, 0, 26, 8, 19][9, 1, 23, 20, 4, 3, 11, 14, 24][2, 15, 6, 5, 21, 10, 29, 27][7, 28][8, 26][8, 26][13, 18][13, 18][8, 26][8, 26][13, 18][13, 18] 
[12, 22, 18, 13, 6, 16, 7, 25, 11, 17, 0, 26, 8, 19][9, 1, 23, 20, 4, 3, 11, 14, 24][2, 15, 6, 5, 21, 10, 29, 27][7, 28][8, 26][8, 26][13, 18][13, 18][8, 26][8, 26][13, 18][13, 18] 
[8, 26, 0, 17, 11, 25, 7, 16, 6, 13, 18, 22][9, 1, 23, 20, 4, 3, 11, 14, 24][2, 15, 6, 5, 21, 10, 29, 27][12, 17][8, 26][8, 19][8, 26][13, 18][7, 28][13, 18][8, 26][8, 26] 
[8, 26, 0, 17, 11, 25, 7, 16, 6, 13, 18, 22][9, 1, 23, 20, 4, 3, 11, 14, 24][2, 15, 6, 5, 21, 10, 29, 27][12, 17][8, 26][8, 19][8, 26][13, 18][7, 28][13, 18][8, 26][8, 26] 
[19, 8, 26, 0, 17, 11, 25, 7, 16, 6, 13, 18, 22][2, 15, 6, 5, 21, 10, 29, 27][3, 4, 20, 23, 1, 9][3, 24, 14][3, 11][7, 28][12, 17][8, 26][1, 23][8, 26][13, 18][1, 23] 
[12, 22, 18, 13, 6, 16, 7, 25, 11, 17, 0, 26, 8, 19][9, 1, 23, 20, 4, 3, 11, 14, 24][2, 15, 6, 5, 21, 10, 29, 27][7, 28][8, 26][8, 26][13, 18][13, 18][8, 26][8, 26][13, 18][13, 18] 
[12, 22, 18, 13, 6, 16, 7, 25, 11, 17, 0, 26, 8, 19][9, 1, 23, 20, 4, 3, 11, 14, 24][2, 15, 6, 5, 21, 10, 29, 27][7, 28][8, 26][8, 26][13, 18][13, 18][8, 26][8, 26][13, 18][13, 18] 
[8, 26, 0, 17, 11, 25, 7, 16, 6, 13, 18, 22][9, 1, 23, 20, 4, 3, 11, 14, 24][2, 15, 6, 5, 21, 10, 29, 27][12, 17][8, 26][8, 19][8, 26][13, 18][7, 28][13, 18][8, 26][8, 26] 
[12, 22, 18, 13, 6, 16, 7, 25, 11, 17, 0, 26, 8, 19][9, 1, 23, 20, 4, 3, 11, 14, 24][2, 15, 6, 5, 21, 10, 29, 27][7, 28][8, 26][8, 26][13, 18][13, 18][8, 26][8, 26][13, 18][13, 18] 
[12, 22, 18, 13, 6, 16, 7, 25, 11, 17, 0, 26, 8, 19][9, 1, 23, 20, 4, 3, 11, 14, 24][2, 15, 6, 5, 21, 10, 29, 27][7, 28][8, 26][8, 26][13, 18][13, 18][8, 26][8, 26][13, 18][13, 18] 
[12, 22, 18, 13, 6, 16, 7, 25, 11, 17, 0, 26, 8, 19][9, 1, 23, 20, 4, 3, 11, 14, 24][2, 15, 6, 5, 21, 10, 29, 27][7, 28][8, 26][8, 26][13, 18][13, 18][8, 26][8, 26][13, 18][13, 18] 
[8, 26, 0, 17, 11, 25, 7, 16, 6, 13, 18, 22][9, 1, 23, 20, 4, 3, 11, 14, 24][2, 15, 6, 5, 21, 10, 29, 27][12, 17][8, 26][8, 19][8, 26][13, 18][7, 28][13, 18][8, 26][8, 26] 
[12, 22, 18, 13, 6, 16, 7, 25, 11, 17, 0, 26, 8, 19][9, 1, 23, 20, 4, 3, 11, 14, 24][2, 15, 6, 5, 21, 10, 29, 27][7, 28][8, 26][8, 26][13, 18][13, 18][8, 26][8, 26][13, 18][13, 18] 
[12, 22, 18, 13, 6, 16, 7, 25, 11, 17, 0, 26, 8, 19][9, 1, 23, 20, 4, 3, 11, 14, 24][2, 15, 6, 5, 21, 10, 29, 27][7, 28][8, 26][8, 26][13, 18][13, 18][8, 26][8, 26][13, 18][13, 18] 
[12, 22, 18, 13, 6, 16, 7, 25, 11, 17, 0, 26, 8, 19][2, 15, 6, 5, 21, 10, 29, 27, 16, 7][9, 1, 23, 20, 4, 3, 11, 14, 24][12, 17][7, 28][8, 26][1, 23][13, 18][8, 26][8, 26][13, 18][8, 26] 
[12, 22, 18, 13, 6, 16, 7, 25, 11, 17, 0, 26, 8, 19][9, 1, 23, 20, 4, 3, 11, 14, 24][2, 15, 6, 5, 21, 10, 29, 27][7, 28][8, 26][8, 26][13, 18][13, 18][8, 26][8, 26][13, 18][13, 18] 
[19, 8, 26, 0, 17, 11, 25, 7, 16, 6, 13, 18, 22][9, 1, 23, 20, 4, 3, 11, 14, 24][2, 15, 6, 5, 21, 10, 29, 27][12, 17][7, 28][8, 26][1, 23][13, 18][8, 26][8, 26][13, 18][8, 26] 
[12, 22, 18, 13, 6, 16, 7, 25, 11, 17, 0, 26, 8, 19][2, 15, 6, 5, 21, 10, 29, 27, 16, 7][9, 1, 23, 20, 4, 3, 11, 14, 24][12, 17][7, 28][8, 26][1, 23][13, 18][8, 26][8, 26][13, 18][8, 26] 
[12, 22, 18, 13, 6, 16, 7, 25, 11, 17, 0, 26, 8, 19][9, 1, 23, 20, 4, 3, 11, 14, 24][2, 15, 6, 5, 21, 10, 29, 27][7, 28][8, 26][8, 26][13, 18][13, 18][8, 26][8, 26][13, 18][13, 18] 
[12, 22, 18, 13, 6, 16, 7, 25, 11, 17, 0, 26, 8, 19][9, 1, 23, 20, 4, 3, 11, 14, 24][2, 15, 6, 5, 21, 10, 29, 27][7, 28][8, 26][8, 26][13, 18][13, 18][8, 26][8, 26][13, 18][13, 18] 
[22, 19, 18, 0, 12, 8, 26][5, 21, 10, 2, 29][4, 3, 1, 23, 9][13, 6, 15, 27][16, 7, 20, 24][11, 25, 28, 17][2, 15][16, 27][16, 28][14, 20][12, 17][14, 23] 
[22, 19, 18, 0, 12, 8, 26][4, 3, 1, 23, 9][5, 21, 10, 2, 29][16, 7, 20, 24][13, 6, 15, 27][11, 25, 28, 17][14, 23][14, 20][16, 27][2, 15][16, 28][12, 17] 
[22, 19, 18, 0, 12, 8, 26][4, 3, 1, 23, 9][5, 21, 10, 2, 29][16, 7, 20, 24][11, 25, 28, 17][13, 6, 15, 27][16, 28][14, 20][16, 27][12, 17][14, 23][2, 15] 
[22, 19, 18, 0, 12, 8, 26][5, 21, 10, 2, 29][4, 3, 1, 23, 9][13, 6, 15, 27][16, 7, 20, 24][11, 25, 28, 17][2, 15][16, 27][14, 20][16, 28][12, 17][14, 23] 
[22, 19, 18, 0, 12, 8, 26][5, 21, 10, 2, 29][4, 3, 1, 23, 9][11, 25, 28, 17][16, 7, 20, 24][13, 6, 15, 27][12, 17][16, 28][16, 27][2, 15][14, 20][14, 23] 
[22, 19, 18, 0, 12, 8, 26][4, 3, 1, 23, 9][5, 21, 10, 2, 29][16, 7, 20, 24][13, 6, 15, 27][11, 25, 28, 17][14, 23][14, 20][16, 27][2, 15][16, 28][12, 17] 
[22, 19, 18, 0, 12, 8, 26][4, 3, 1, 23, 9][5, 21, 10, 2, 29][16, 7, 20, 24][11, 25, 28, 17][13, 6, 15, 27][16, 28][14, 20][16, 27][12, 17][14, 23][2, 15] 
[22, 19, 18, 0, 12, 8, 26][4, 3, 1, 23, 9][5, 21, 10, 2, 29][16, 7, 20, 24][13, 6, 15, 27][11, 25, 28, 17][14, 23][14, 20][16, 27][2, 15][16, 28][12, 17] 
[22, 19, 18, 0, 12, 8, 26][4, 3, 1, 23, 9][5, 21, 10, 2, 29][16, 7, 20, 24][13, 6, 15, 27][11, 25, 28, 17][14, 23][14, 20][16, 27][16, 28][12, 17][2, 15] 
[22, 19, 18, 0, 12, 8, 26][4, 3, 1, 23, 9][5, 21, 10, 2, 29][16, 7, 20, 24][11, 25, 28, 17][13, 6, 15, 27][16, 28][14, 20][16, 27][12, 17][14, 23][2, 15] 
[22, 19, 18, 0, 12, 8, 26][4, 3, 1, 23, 9][5, 21, 10, 2, 29][16, 7, 20, 24][11, 25, 28, 17][13, 6, 15, 27][16, 28][14, 20][16, 27][12, 17][14, 23][2, 15] 
[22, 19, 18, 0, 12, 8, 26][4, 3, 1, 23, 9][5, 21, 10, 2, 29][16, 7, 20, 24][11, 25, 28, 17][13, 6, 15, 27][14, 23][14, 20][16, 28][12, 17][16, 27][2, 15] 
[22, 19, 18, 0, 12, 8, 26][5, 21, 10, 2, 29][4, 3, 1, 23, 9][13, 6, 15, 27][16, 7, 20, 24][11, 25, 28, 17][2, 15][16, 27][14, 20][16, 28][14, 23][12, 17] 
[22, 19, 18, 0, 12, 8, 26][4, 3, 1, 23, 9][5, 21, 10, 2, 29][16, 7, 20, 24][13, 6, 15, 27][11, 25, 28, 17][14, 23][14, 20][16, 27][2, 15][16, 28][12, 17] 
[22, 19, 18, 0, 12, 8, 26][4, 3, 1, 23, 9][5, 21, 10, 2, 29][16, 7, 20, 24][13, 6, 15, 27][11, 25, 28, 17][14, 23][14, 20][16, 27][2, 15][16, 28][12, 17] 
[22, 19, 18, 0, 12, 8, 26][4, 24, 14, 23, 1, 3, 9][5, 21, 10, 2, 29][13, 6, 15, 27][11, 25, 28][16, 7, 20][12, 17][17, 28][16, 28][16, 27][2, 15][14, 20] 
[22, 19, 18, 0, 12, 8, 26][4, 24, 14, 23, 1, 3, 9][5, 21, 10, 2, 29][13, 6, 15, 27][11, 25, 28][16, 7, 20][12, 17][17, 28][16, 28][16, 27][2, 15][14, 20] 
[4, 24, 14, 23, 1, 3, 9][22, 19, 18, 0, 12, 8, 26][5, 21, 10, 2, 29][13, 6, 15, 27][16, 7, 20][11, 25, 28][16, 27][2, 15][16, 28][14, 20][17, 28][12, 17] 
[22, 19, 18, 0, 12, 8, 26][4, 24, 14, 23, 1, 3, 9][5, 21, 10, 2, 29][13, 6, 15, 27][11, 25, 28][16, 7, 20][12, 17][17, 28][16, 28][16, 27][2, 15][14, 20] 
[22, 19, 18, 0, 12, 8, 26][4, 24, 14, 23, 1, 3, 9][5, 21, 10, 2, 29][13, 6, 15, 27][11, 25, 28][16, 7, 20][12, 17][17, 28][16, 28][14, 20][16, 27][2, 15] 
[4, 24, 14, 23, 1, 3, 9][22, 19, 18, 0, 12, 8, 26][5, 21, 10, 2, 29][13, 6, 15, 27][16, 7, 20][11, 25, 28][16, 27][2, 15][16, 28][14, 20][17, 28][12, 17] 
[22, 19, 18, 0, 12, 8, 26][5, 21, 10, 2, 29][4, 3, 1, 23, 9][13, 6, 15, 27][16, 7, 20, 24][11, 25, 28, 17][2, 15][16, 27][14, 20][16, 28][12, 17][14, 23] 
[22, 19, 18, 0, 12, 8, 26][5, 21, 10, 2, 29][4, 3, 1, 23, 9][13, 6, 15, 27][16, 7, 20, 24][11, 25, 28, 17][2, 15][16, 27][14, 20][16, 28][14, 23][12, 17] 
[22, 19, 18, 0, 12, 8, 26][4, 3, 1, 23, 9][5, 21, 10, 2, 29][16, 7, 20, 24][13, 6, 15, 27][11, 25, 28, 17][14, 23][14, 20][16, 27][2, 15][16, 28][12, 17] 
[22, 19, 18, 0, 12, 8, 26][4, 3, 1, 23, 9][5, 21, 10, 2, 29][16, 7, 20, 24][13, 6, 15, 27][11, 25, 28, 17][14, 23][14, 20][16, 27][2, 15][16, 28][12, 17] 
[22, 19, 18, 0, 12, 8, 26][5, 21, 10, 2, 29][4, 3, 1, 23, 9][13, 6, 15, 27][16, 7, 20, 24][11, 25, 28, 17][2, 15][16, 27][14, 20][16, 28][12, 17][14, 23] 
[22, 19, 18, 0, 12, 8, 26][4, 3, 1, 23, 9][5, 21, 10, 2, 29][16, 7, 20, 24][13, 6, 15, 27][11, 25, 28, 17][14, 23][14, 20][16, 27][2, 15][16, 28][12, 17] 
[22, 19, 18, 0, 12, 8, 26][4, 3, 1, 23, 9][5, 21, 10, 2, 29][16, 7, 20, 24][13, 6, 15, 27][11, 25, 28, 17][14, 23][14, 20][16, 27][16, 28][12, 17][2, 15] 
[4, 24, 14, 23, 1, 3, 9][22, 19, 18, 0, 12, 8, 26][5, 21, 10, 2, 29][13, 6, 15, 27][16, 7, 20][11, 25, 28][16, 27][2, 15][16, 28][14, 20][17, 28][12, 17] 
[22, 19, 18, 0, 12, 8, 26][4, 24, 14, 23, 1, 3, 9][5, 21, 10, 2, 29][13, 6, 15, 27][11, 25, 28][16, 7, 20][12, 17][17, 28][16, 28][16, 27][2, 15][14, 20] 
[4, 24, 14, 23, 1, 3, 9][22, 19, 18, 0, 12, 8, 26][5, 21, 10, 2, 29][13, 6, 15, 27][16, 7, 20][11, 25, 28][2, 15][16, 27][14, 20][16, 28][17, 28][12, 17] 
[22, 19, 18, 0, 12, 8, 26][4, 24, 14, 23, 1, 3, 9][5, 21, 10, 2, 29][13, 6, 15, 27][11, 25, 28][16, 7, 20][12, 17][17, 28][16, 28][16, 27][2, 15][14, 20] 
[22, 19, 18, 0, 12, 8, 26][4, 24, 14, 23, 1, 3, 9][5, 21, 10, 2, 29][13, 6, 15, 27][11, 25, 28][16, 7, 20][12, 17][17, 28][16, 28][16, 27][2, 15][14, 20] 
[22, 19, 18, 0, 12, 8, 26][4, 24, 14, 23, 1, 3, 9][5, 21, 10, 2, 29][13, 6, 15, 27][11, 25, 28][16, 7, 20][12, 17][17, 28][16, 28][16, 27][2, 15][14, 20] 
[22, 19, 18, 0, 12, 8, 26][4, 24, 14, 23, 1, 3, 9][5, 21, 10, 2, 29][13, 6, 15, 27][11, 25, 28][16, 7, 20][12, 17][17, 28][16, 28][16, 27][2, 15][14, 20] 
[22, 19, 18, 0, 12, 8, 26][4, 24, 14, 23, 1, 3, 9][5, 21, 10, 2, 29][13, 6, 15, 27][11, 25, 28][16, 7, 20][12, 17][17, 28][16, 28][16, 27][2, 15][14, 20] 
[22, 19, 18, 0, 12, 8, 26][4, 24, 14, 23, 1, 3, 9][5, 21, 10, 2, 29][13, 6, 15, 27][11, 25, 28][16, 7, 20][12, 17][17, 28][16, 28][16, 27][2, 15][14, 20] 
[22, 19, 18, 0, 12, 8, 26][4, 24, 14, 23, 1, 3, 9][5, 21, 10, 2, 29][13, 6, 15, 27][11, 25, 28][16, 7, 20][12, 17][17, 28][16, 28][16, 27][2, 15][14, 20] 
[4, 24, 14, 23, 1, 3, 9][22, 19, 18, 0, 12, 8, 26][5, 21, 10, 2, 29][13, 6, 15, 27][11, 25, 28][16, 7, 20][16, 28][14, 20][17, 28][16, 27][12, 17][2, 15] 
[22, 19, 18, 0, 12, 8, 26][4, 24, 14, 23, 1, 3, 9][5, 21, 10, 2, 29][13, 6, 15, 27][11, 25, 28][16, 7, 20][12, 17][17, 28][16, 28][16, 27][2, 15][14, 20] 
[22, 19, 18, 0, 12, 8, 26][4, 24, 14, 23, 1, 3, 9][5, 21, 10, 2, 29][13, 6, 15, 27][11, 25, 28][16, 7, 20][12, 17][17, 28][16, 28][16, 27][2, 15][14, 20] 
[22, 19, 18, 0, 12, 8, 26][4, 24, 14, 23, 1, 3, 9][5, 21, 10, 2, 29][13, 6, 15, 27][11, 25, 28][16, 7, 20][12, 17][17, 28][16, 28][16, 27][2, 15][14, 20] 
[22, 19, 18, 0, 12, 8, 26][4, 24, 14, 23, 1, 3, 9][5, 21, 10, 2, 29][13, 6, 15, 27][11, 25, 28][16, 7, 20][12, 17][17, 28][16, 28][16, 27][2, 15][14, 20] 
[22, 19, 18, 0, 12, 8, 26][4, 24, 14, 23, 1, 3, 9][5, 21, 10, 2, 29][11, 25, 28, 17][13, 6, 15, 27][16, 7, 20][16, 28][16, 27][12, 17][14, 20][14, 23][2, 15] 
[22, 19, 18, 0, 12, 8, 26][4, 24, 14, 23, 1, 3, 9][5, 21, 10, 2, 29][13, 6, 15, 27][11, 25, 28, 17][16, 7, 20][16, 27][16, 28][2, 15][12, 17][14, 20][14, 23] 
[22, 19, 18, 0, 12, 8, 26][4, 24, 14, 23, 1, 3, 9][5, 21, 10, 2, 29][11, 25, 28, 17][13, 6, 15, 27][16, 7, 20][16, 28][16, 27][12, 17][14, 20][14, 23][2, 15] 
[22, 19, 18, 0, 12, 8, 26][4, 24, 14, 23, 1, 3, 9][5, 21, 10, 2, 29][11, 25, 28, 17][13, 6, 15, 27][16, 7, 20][16, 28][16, 27][12, 17][14, 20][14, 23][2, 15] 
[22, 19, 18, 0, 12, 8, 26][4, 24, 14, 23, 1, 3, 9][5, 21, 10, 2, 29][13, 6, 15, 27][11, 25, 28, 17][16, 7, 20][16, 27][16, 28][2, 15][12, 17][14, 20][14, 23] 
[22, 17, 12, 0, 18, 19, 8, 26][4, 24, 14, 23, 1, 3, 9][5, 21, 10, 2, 29][13, 6, 15, 27][16, 7, 20][11, 25, 28][2, 15][16, 27][16, 28][14, 20][17, 28][12, 17] 
[22, 19, 18, 0, 12, 8, 26][4, 3, 1, 23, 9][5, 21, 10, 2, 29][16, 7, 20, 24][13, 6, 15, 27][11, 25, 28, 17][14, 23][14, 20][16, 27][2, 15][16, 28][12, 17] 
[22, 19, 18, 0, 12, 8, 26][4, 3, 1, 23, 9][5, 21, 10, 2, 29][16, 7, 20, 24][13, 6, 15, 27][11, 25, 28, 17][14, 23][14, 20][16, 27][2, 15][16, 28][12, 17] 
[22, 19, 18, 0, 12, 8, 26][5, 21, 10, 2, 29][4, 3, 1, 23, 9][13, 6, 15, 27][16, 7, 20, 24][11, 25, 28, 17][2, 15][16, 27][14, 20][16, 28][12, 17][14, 23] 
[22, 19, 18, 0, 12, 8, 26][4, 3, 1, 23, 9][5, 21, 10, 2, 29][16, 7, 20, 24][11, 25, 28, 17][13, 6, 15, 27][16, 28][14, 20][16, 27][12, 17][14, 23][2, 15] 
[22, 19, 18, 0, 12, 8, 26][4, 3, 1, 23, 9][5, 21, 10, 2, 29][16, 7, 20, 24][11, 25, 28, 17][13, 6, 15, 27][16, 28][14, 20][16, 27][12, 17][14, 23][2, 15] 
[4, 24, 14, 23, 1, 3, 9][22, 19, 18, 0, 12, 8, 26][5, 21, 10, 2, 29][13, 6, 15, 27][16, 7, 20][11, 25, 28][16, 27][2, 15][16, 28][14, 20][17, 28][12, 17] 
[22, 19, 18, 0, 12, 8, 26][4, 3, 1, 23, 9][5, 21, 10, 2, 29][16, 7, 20, 24][13, 6, 15, 27][11, 25, 28, 17][14, 23][14, 20][16, 27][2, 15][16, 28][12, 17] 
