[5, 21, 6, 13, 18][11, 3, 1, 23, 14][16, 28, 25, 22, 17][0, 26, 8, 19, 12][24, 7, 27, 29][2, 15, 10][4, 24, 20][4, 1, 9][6, 10][10, 27][11, 17][12, 22] 
[5, 21, 6, 13, 18][16, 28, 25, 22, 17][0, 26, 8, 19, 12][11, 3, 1, 23, 14][24, 7, 27, 29][2, 10, 15][4, 24, 20][4, 1, 9][18, 22][6, 10][12, 22][10, 27] 
[11, 17, 22, 25, 28, 16][5, 21, 6, 13, 18][0, 26, 8, 19, 12][24, 7, 27, 29][3, 1, 23, 14][2, 10, 15][4, 24, 20][4, 1, 9][6, 10][10, 27][18, 22][12, 22] 
[11, 17, 22, 25, 28, 16][5, 21, 6, 13, 18][0, 26, 8, 19, 12][24, 7, 27, 29][3, 1, 23, 14][2, 10, 15][4, 24, 20][4, 1, 9][6, 10][10, 27][18, 22][12, 22] 
[11, 17, 22, 25, 28, 16][5, 21, 6, 13, 18][0, 26, 8, 19, 12][24, 7, 27, 29][3, 1, 23, 14][2, 15, 10][4, 24, 20][4, 1, 9][10, 27][6, 10][3, 11][12, 22] 
[5, 21, 6, 13, 18][11, 3, 1, 23, 14][16, 28, 25, 22, 17][0, 26, 8, 19, 12][24, 7, 27, 29][2, 10, 15][4, 24, 20][4, 1, 9][6, 10][10, 27][11, 17][12, 22] 
[0, 26, 8, 19, 12][16, 28, 25, 22, 17][5, 21, 6, 13, 18][11, 3, 1, 23, 14][24, 7, 27, 29][2, 10, 15][4, 24, 20][4, 1, 9][12, 22][18, 22][6, 10][10, 27] 
[11, 17, 22, 25, 28, 16][5, 21, 6, 13, 18][0, 26, 8, 19, 12][3, 1, 23, 14][24, 7, 27, 29][4, 1, 9][4, 24, 20][2, 10, 15][3, 11][10, 27][6, 10][12, 22] 
[11, 17, 22, 25, 28, 16][5, 21, 6, 13, 18][0, 26, 8, 19, 12][3, 1, 23, 14][24, 7, 27, 29][4, 1, 9][4, 24, 20][2, 10, 15][3, 11][10, 27][6, 10][12, 22] 
[11, 17, 22, 25, 28, 16][5, 21, 6, 13, 18][0, 26, 8, 19, 12][24, 7, 27, 29][3, 1, 23, 14][2, 10, 15][4, 24, 20][4, 1, 9][6, 10][10, 27][3, 11][12, 22] 
[16, 28, 25, 22, 17][0, 26, 8, 19, 12][11, 3, 1, 23, 14][5, 21, 6, 13, 18][24, 7, 27, 29][4, 1, 9][4, 24, 20][2, 15, 10][12, 22][11, 17][10, 27][6, 10] 
[5, 21, 6, 13, 18][16, 28, 25, 22, 17][0, 26, 8, 19, 12][11, 3, 1, 23, 14][24, 7, 27, 29][2, 10, 15][4, 24, 20][4, 1, 9][18, 22][6, 10][12, 22][10, 27] 
[11, 17, 22, 25, 28, 16][5, 21, 6, 13, 18][0, 26, 8, 19, 12][24, 7, 27, 29][3, 1, 23, 14][2, 10, 15][4, 24, 20][4, 1, 9][6, 10][10, 27][18, 22][12, 22] 
[11, 17, 22, 25, 28, 16][0, 26, 8, 19, 12][5, 21, 6, 13, 18][3, 1, 23, 14][24, 7, 27, 29][4, 1, 9][4, 24, 20][2, 15, 10][12, 22][3, 11][10, 27][6, 10] 
[5, 21, 6, 13, 18][11, 3, 1, 23, 14][16, 28, 25, 22, 17][0, 26, 8, 19, 12][24, 7, 27, 29][2, 10, 15][4, 24, 20][4, 1, 9][6, 10][10, 27][11, 17][12, 22] 
[11, 17, 22, 25, 28, 16][5, 21, 6, 13, 18][0, 26, 8, 19, 12][24, 7, 27, 29][3, 1, 23, 14][2, 10, 15][4, 24, 20][4, 1, 9][6, 10][10, 27][3, 11][12, 22] 
[11, 3, 1, 23, 14][5, 21, 6, 13, 18][16, 28, 25, 22, 17][0, 26, 8, 19, 12][24, 7, 27, 29][4, 24, 20][4, 1, 9][2, 15, 10][10, 27][6, 10][11, 17][12, 22] 
[5, 21, 6, 13, 18][11, 3, 1, 23, 14][16, 28, 25, 22, 17][0, 26, 8, 19, 12][24, 7, 27, 29][2, 10, 15][4, 24, 20][4, 1, 9][6, 10][10, 27][18, 22][12, 22] 
[11, 17, 22, 25, 28, 16][0, 26, 8, 19, 12][5, 21, 6, 13, 18][3, 1, 23, 14][24, 7, 27, 29][4, 1, 9][4, 24, 20][2, 15, 10][12, 22][3, 11][10, 27][6, 10] 
[11, 3, 1, 23, 14][5, 21, 6, 13, 18][16, 28, 25, 22, 17][0, 26, 8, 19, 12][24, 7, 27, 29][4, 24, 20][4, 1, 9][2, 15, 10][10, 27][6, 10][11, 17][12, 22] 
[5, 21, 6, 13, 18][11, 3, 1, 23, 14][0, 26, 8, 19, 12][16, 28, 25, 22, 17][24, 7, 27, 29][2, 15, 10][4, 24, 20][4, 1, 9][6, 10][10, 27][11, 17][12, 22] 
[5, 21, 6, 13, 18][16, 28, 25, 22, 17][0, 26, 8, 19, 12][11, 3, 1, 23, 14][24, 7, 27, 29][2, 10, 15][4, 24, 20][4, 1, 9][18, 22][6, 10][12, 22][10, 27] 
[11, 17, 22, 25, 28, 16][5, 21, 6, 13, 18][0, 26, 8, 19, 12][24, 7, 27, 29][3, 1, 23, 14][2, 10, 15][4, 24, 20][4, 1, 9][6, 10][10, 27][18, 22][12, 22] 
[11, 17, 22, 25, 28, 16][5, 21, 6, 13, 18][0, 26, 8, 19, 12][3, 1, 23, 14][24, 7, 27, 29][4, 1, 9][4, 24, 20][2, 15, 10][3, 11][10, 27][6, 10][12, 22] 
[5, 21, 6, 13, 18][11, 3, 1, 23, 14][16, 28, 25, 22, 17][0, 26, 8, 19, 12][24, 7, 27, 29][2, 10, 15][4, 24, 20][4, 1, 9][6, 10][10, 27][11, 17][12, 22] 
[11, 17, 22, 25, 28, 16][5, 21, 6, 13, 18][0, 26, 8, 19, 12][24, 7, 27, 29][3, 1, 23, 14][2, 10, 15][4, 24, 20][4, 1, 9][6, 10][10, 27][3, 11][12, 22] 
[11, 3, 1, 23, 14][16, 28, 25, 22, 17][5, 21, 6, 13, 18][0, 26, 8, 19, 12][24, 7, 27, 29][2, 15, 10][4, 24, 20][4, 1, 9][10, 27][11, 17][6, 10][12, 22] 
[5, 21, 6, 13, 18][16, 28, 25, 22, 17][0, 26, 8, 19, 12][11, 3, 1, 23, 14][24, 7, 27, 29][2, 10, 15][4, 24, 20][4, 1, 9][18, 22][6, 10][12, 22][10, 27] 
[11, 17, 22, 25, 28, 16][0, 26, 8, 19, 12][5, 21, 6, 13, 18][3, 1, 23, 14][24, 7, 27, 29][4, 1, 9][4, 24, 20][2, 15, 10][12, 22][3, 11][10, 27][6, 10] 
[16, 28, 25, 22, 17][0, 26, 8, 19, 12][11, 3, 1, 23, 14][5, 21, 6, 13, 18][24, 7, 27, 29][4, 1, 9][4, 24, 20][2, 15, 10][12, 22][11, 17][10, 27][6, 10] 
[11, 3, 1, 23, 14][5, 21, 6, 13, 18][16, 28, 25, 22, 17][0, 26, 8, 19, 12][24, 7, 27, 29][4, 24, 20][4, 1, 9][2, 15, 10][10, 27][6, 10][11, 17][12, 22] 
[5, 21, 6, 13, 18][16, 28, 25, 22, 17][0, 26, 8, 19, 12][11, 3, 1, 23, 14][24, 7, 27, 29][2, 10, 15][4, 24, 20][4, 1, 9][18, 22][6, 10][12, 22][10, 27] 
[11, 17, 22, 25, 28, 16][5, 21, 6, 13, 18][0, 26, 8, 19, 12][3, 1, 23, 14][24, 7, 27, 29][4, 1, 9][4, 24, 20][2, 15, 10][3, 11][10, 27][6, 10][12, 22] 
[0, 26, 8, 19, 12][16, 28, 25, 22, 17][11, 3, 1, 23, 14][5, 21, 6, 13, 18][24, 7, 27, 29][4, 1, 9][4, 24, 20][2, 15, 10][12, 22][11, 17][10, 27][6, 10] 
[11, 3, 1, 23, 14][5, 21, 6, 13, 18][16, 28, 25, 22, 17][0, 26, 8, 19, 12][24, 7, 27, 29][4, 24, 20][4, 1, 9][2, 15, 10][10, 27][6, 10][11, 17][12, 22] 
[9, 1, 14, 7, 27, 29, 15, 16, 2, 6, 5, 21, 10][20, 4, 23, 1, 3, 11, 25, 7, 24][22, 18, 12, 19, 8, 26][7, 28, 0, 18, 17][15, 29][12, 19][6, 13][11, 25][11, 25][15, 29][0, 28][1, 3] 
[9, 1, 14, 7, 27, 29, 15, 16, 2, 6, 5, 21, 10][20, 4, 23, 1, 3, 11, 25, 7, 24][22, 18, 12, 19, 8, 26][7, 28, 0, 18, 17][15, 29][12, 19][6, 13][11, 25][11, 25][15, 29][0, 28][1, 3] 
[9, 1, 14, 7, 27, 29, 15, 16, 2, 6, 5, 21, 10][20, 4, 23, 1, 3, 11, 25, 7, 24][22, 18, 12, 19, 8, 26][7, 28, 0, 18, 17][15, 29][12, 19][6, 13][11, 25][11, 25][15, 29][0, 28][1, 3] 
[9, 1, 14, 7, 27, 29, 15, 16, 2, 6, 5, 21, 10][20, 4, 23, 1, 3, 11, 25, 7, 24][22, 18, 12, 19, 8, 26][17, 22, 25, 28][15, 29][0, 28][12, 19][6, 13][15, 29][12, 18][12, 19][5, 21] 
[9, 1, 14, 7, 27, 29, 15, 16, 2, 6, 5, 21, 10][20, 4, 23, 1, 3, 11, 25, 7, 24][22, 18, 12, 19, 8, 26][17, 22, 25, 28][15, 29][0, 28][12, 19][6, 13][15, 29][12, 18][12, 19][5, 21] 
[9, 1, 14, 7, 27, 29, 15, 16, 2, 6, 5, 21, 10][20, 4, 23, 1, 3, 11, 25, 7, 24][22, 18, 12, 19, 8, 26][17, 22][5, 21][0, 26][15, 29][13, 18][0, 28][12, 19][6, 13][27, 29] 
[9, 1, 14, 7, 27, 29, 15, 16, 2, 6, 5, 21, 10][20, 4, 23, 1, 3, 11, 25, 7, 24][22, 18, 12, 19, 8, 26][7, 28, 0, 18, 17][15, 29][12, 19][6, 13][11, 25][11, 25][15, 29][0, 28][1, 3] 
[9, 1, 14, 7, 27, 29, 15, 16, 2, 6, 5, 21, 10][20, 4, 23, 1, 3, 11, 25, 7, 24][22, 18, 12, 19, 8, 26][7, 28, 0, 18, 17][15, 29][12, 19][6, 13][11, 25][11, 25][15, 29][0, 28][1, 3] 
[9, 1, 14, 7, 27, 29, 15, 16, 2, 6, 5, 21, 10][20, 4, 23, 1, 3, 11, 25, 7, 24][22, 18, 12, 19, 8, 26][17, 22, 25, 28][15, 29][0, 28][12, 19][6, 13][15, 29][12, 18][12, 19][5, 21] 
[9, 1, 14, 7, 27, 29, 15, 16, 2, 6, 5, 21, 10][20, 4, 23, 1, 3, 11, 25, 7, 24][22, 18, 12, 19, 8, 26][7, 28, 0, 18, 17][15, 29][12, 19][6, 13][11, 25][11, 25][15, 29][0, 28][1, 3] 
[9, 1, 14, 7, 27, 29, 15, 16, 2, 6, 5, 21, 10][20, 4, 23, 1, 3, 11, 25, 7, 24][22, 18, 12, 19, 8, 26][7, 28, 0, 18, 17][15, 29][12, 19][6, 13][11, 25][11, 25][15, 29][0, 28][1, 3] 
[9, 1, 14, 7, 27, 29, 15, 16, 2, 6, 5, 21, 10][20, 4, 23, 1, 3, 11, 25, 7, 24][22, 18, 12, 19, 8, 26][7, 28, 0, 18, 17][15, 29][12, 19][6, 13][11, 25][11, 25][15, 29][0, 28][1, 3] 
[9, 1, 14, 7, 27, 29, 15, 16, 2, 6, 5, 21, 10][20, 4, 23, 1, 3, 11, 25, 7, 24][22, 18, 12, 19, 8, 26][17, 22, 25, 28][15, 29][0, 28][12, 19][6, 13][15, 29][12, 18][12, 19][5, 21] 
[9, 1, 14, 7, 27, 29, 15, 16, 2, 6, 5, 21, 10][20, 4, 23, 1, 3, 11, 25, 7, 24][22, 18, 12, 19, 8, 26][7, 28, 0, 18, 17][15, 29][12, 19][6, 13][11, 25][11, 25][15, 29][0, 28][1, 3] 
[9, 1, 14, 7, 27, 29, 15, 16, 2, 6, 5, 21, 10][20, 4, 23, 1, 3, 11, 25, 7, 24][22, 18, 12, 19, 8, 26][7, 28, 0, 18, 17][15, 29][12, 19][6, 13][11, 25][11, 25][15, 29][0, 28][1, 3] 
[9, 1, 14, 7, 27, 29, 15, 16, 2, 6, 5, 21, 10][20, 4, 23, 1, 3, 11, 25, 7, 24][22, 18, 12, 19, 8, 26][7, 28, 0, 18, 17][15, 29][12, 19][6, 13][11, 25][11, 25][15, 29][0, 28][1, 3] 
[9, 1, 14, 7, 27, 29, 15, 16, 2, 6, 5, 21, 10][20, 4, 23, 1, 3, 11, 25, 7, 24][22, 18, 12, 19, 8, 26][7, 28, 0, 18, 17][15, 29][12, 19][6, 13][11, 25][11, 25][15, 29][0, 28][1, 3] 
[9, 1, 14, 7, 27, 29, 15, 16, 2, 6, 5, 21, 10][20, 4, 23, 1, 3, 11, 25, 7, 24][7, 28, 0, 18, 17][0, 26, 8, 19, 12][1, 3][12, 22][6, 13][5, 21][11, 25][5, 21][11, 25][27, 29] 
[9, 1, 14, 7, 27, 29, 15, 16, 2, 6, 5, 21, 10][20, 4, 23, 1, 3, 11, 25, 7, 24][22, 18, 12, 19, 8, 26][7, 28, 0, 18, 17][15, 29][12, 19][6, 13][11, 25][11, 25][15, 29][0, 28][1, 3] 
[9, 1, 14, 7, 27, 29, 15, 16, 2, 6, 5, 21, 10][20, 4, 23, 1, 3, 11, 25, 7, 24][22, 18, 12, 19, 8, 26][7, 28, 0, 18, 17][15, 29][12, 19][6, 13][11, 25][11, 25][15, 29][0, 28][1, 3] 
[9, 1, 14, 7, 27, 29, 15, 16, 2, 6, 5, 21, 10][20, 4, 23, 1, 3, 11, 25, 7, 24][22, 18, 12, 19, 8, 26][7, 28, 0, 18, 17][15, 29][12, 19][6, 13][11, 25][11, 25][15, 29][0, 28][1, 3] 
[11, 17, 22, 25, 28, 16][0, 26, 8, 19, 12][5, 21, 6, 13, 18][3, 1, 23, 14][24, 7, 27, 29][4, 1, 9][4, 24, 20][2, 10, 15][12, 22][3, 11][10, 27][6, 10] 
[11, 17, 22, 25, 28, 16][5, 21, 6, 13, 18][0, 26, 8, 19, 12][24, 7, 27, 29][3, 1, 23, 14][2, 10, 15][4, 24, 20][4, 1, 9][6, 10][10, 27][3, 11][12, 22] 
[11, 17, 22, 25, 28, 16][5, 21, 6, 13, 18][0, 26, 8, 19, 12][24, 7, 27, 29][3, 1, 23, 14][2, 10, 15][4, 24, 20][4, 1, 9][6, 10][10, 27][3, 11][12, 22] 
[11, 17, 22, 25, 28, 16][5, 21, 6, 13, 18][0, 26, 8, 19, 12][3, 1, 23, 14][24, 7, 27, 29][4, 1, 9][4, 24, 20][2, 10, 15][3, 11][10, 27][6, 10][12, 22] 
[11, 17, 22, 25, 28, 16][5, 21, 6, 13, 18][0, 26, 8, 19, 12][24, 7, 27, 29][3, 1, 23, 14][2, 10, 15][4, 24, 20][4, 1, 9][6, 10][10, 27][3, 11][12, 22] 
[11, 17, 22, 25, 28, 16][5, 21, 6, 13, 18][0, 26, 8, 19, 12][24, 7, 27, 29][3, 1, 23, 14][2, 10, 15][4, 24, 20][4, 1, 9][6, 10][10, 27][3, 11][12, 22] 
[11, 17, 22, 25, 28, 16][5, 21, 6, 13, 18][0, 26, 8, 19, 12][24, 7, 27, 29][3, 1, 23, 14][2, 10, 15][4, 24, 20][4, 1, 9][6, 10][10, 27][3, 11][12, 22] 
[11, 17, 22, 25, 28, 16][5, 21, 6, 13, 18][0, 26, 8, 19, 12][24, 7, 27, 29][3, 1, 23, 14][2, 10, 15][4, 24, 20][4, 1, 9][6, 10][10, 27][3, 11][12, 22] 
[11, 17, 22, 25, 28, 16][0, 26, 8, 19, 12][5, 21, 6, 13, 18][3, 1, 23, 14][24, 7, 27, 29][4, 1, 9][4, 24, 20][2, 10, 15][12, 22][3, 11][10, 27][6, 10] 
[11, 17, 22, 25, 28, 16][0, 26, 8, 19, 12][5, 21, 6, 13, 18][3, 1, 23, 14][24, 7, 27, 29][4, 1, 9][4, 24, 20][2, 10, 15][3, 11][10, 27][12, 22][6, 10] 
[11, 17, 22, 25, 28, 16][5, 21, 6, 13, 18][0, 26, 8, 19, 12][3, 1, 23, 14][24, 7, 27, 29][4, 1, 9][4, 24, 20][2, 10, 15][10, 27][3, 11][6, 10][12, 22] 
[11, 17, 22, 25, 28, 16][5, 21, 6, 13, 18][0, 26, 8, 19, 12][24, 7, 27, 29][3, 1, 23, 14][2, 10, 15][4, 24, 20][4, 1, 9][6, 10][10, 27][3, 11][12, 22] 
[11, 17, 22, 25, 28, 16][5, 21, 6, 13, 18][0, 26, 8, 19, 12][24, 7, 27, 29][3, 1, 23, 14][2, 10, 15][4, 24, 20][4, 1, 9][6, 10][10, 27][3, 11][12, 22] 
[11, 17, 22, 25, 28, 16][5, 21, 6, 13, 18][0, 26, 8, 19, 12][24, 7, 27, 29][3, 1, 23, 14][2, 10, 15][4, 24, 20][4, 1, 9][6, 10][10, 27][3, 11][12, 22] 
[11, 17, 22, 25, 28, 16][5, 21, 6, 13, 18][0, 26, 8, 19, 12][3, 1, 23, 14][24, 7, 27, 29][4, 1, 9][4, 24, 20][2, 10, 15][10, 27][3, 11][6, 10][12, 22] 
[11, 3, 1, 23, 14][16, 28, 25, 22, 17][0, 26, 8, 19, 12][5, 21, 6, 13, 18][24, 7, 27, 29][4, 24, 20][4, 1, 9][2, 15, 10][11, 17][10, 27][12, 22][6, 10] 
[16, 28, 25, 22, 17][11, 3, 1, 23, 14][0, 26, 8, 19, 12][5, 21, 6, 13, 18][24, 7, 27, 29][4, 1, 9][4, 24, 20][2, 15, 10][11, 17][12, 22][10, 27][6, 10] 
[5, 21, 6, 13, 18][11, 3, 1, 23, 14][0, 26, 8, 19, 12][16, 28, 25, 22, 17][24, 7, 27, 29][2, 15, 10][4, 24, 20][4, 1, 9][6, 10][10, 27][11, 17][12, 22] 
[5, 21, 6, 13, 18][11, 3, 1, 23, 14][0, 26, 8, 19, 12][16, 28, 25, 22, 17][24, 7, 27, 29][2, 15, 10][4, 24, 20][4, 1, 9][6, 10][10, 27][11, 17][12, 22] 
[5, 21, 6, 13, 18][11, 3, 1, 23, 14][0, 26, 8, 19, 12][16, 28, 25, 22, 17][24, 7, 27, 29][2, 15, 10][4, 24, 20][4, 1, 9][6, 10][10, 27][11, 17][12, 22] 
[16, 28, 25, 22, 17][0, 26, 8, 19, 12][5, 21, 6, 13, 18][11, 3, 1, 23, 14][24, 7, 27, 29][2, 10, 15][4, 1, 9][4, 24, 20][12, 22][11, 17][18, 22][6, 10] 
[11, 17, 22, 25, 28, 16][0, 26, 8, 19, 12][5, 21, 6, 13, 18][3, 1, 23, 14][24, 7, 27, 29][4, 1, 9][4, 24, 20][2, 10, 15][3, 11][12, 22][10, 27][6, 10] 
[11, 17, 22, 25, 28, 16][5, 21, 6, 13, 18][0, 26, 8, 19, 12][24, 7, 27, 29][3, 1, 23, 14][2, 10, 15][4, 24, 20][4, 1, 9][6, 10][10, 27][3, 11][12, 22] 
[11, 17, 22, 25, 28, 16][5, 21, 6, 13, 18][0, 26, 8, 19, 12][3, 1, 23, 14][24, 7, 27, 29][4, 1, 9][4, 24, 20][2, 10, 15][3, 11][10, 27][6, 10][12, 22] 
[11, 17, 22, 25, 28, 16][0, 26, 8, 19, 12][5, 21, 6, 13, 18][3, 1, 23, 14][24, 7, 27, 29][4, 1, 9][4, 24, 20][2, 10, 15][3, 11][10, 27][12, 22][6, 10] 
[11, 17, 22, 25, 28, 16][0, 26, 8, 19, 12][5, 21, 6, 13, 18][3, 1, 23, 14][24, 7, 27, 29][4, 1, 9][4, 24, 20][2, 10, 15][3, 11][12, 22][10, 27][6, 10] 
[5, 21, 6, 13, 18][11, 3, 1, 23, 14][16, 28, 25, 22, 17][0, 26, 8, 19, 12][24, 7, 27, 29][2, 15, 10][4, 24, 20][4, 1, 9][6, 10][10, 27][11, 25][12, 22] 
[11, 17, 22, 25, 28, 16][0, 26, 8, 19, 12][5, 21, 6, 13, 18][3, 1, 23, 14][24, 7, 27, 29][4, 1, 9][4, 24, 20][2, 10, 15][12, 22][3, 11][10, 27][6, 10] 
[5, 21, 6, 13, 18][11, 3, 1, 23, 14][16, 28, 25, 22, 17][0, 26, 8, 19, 12][24, 7, 27, 29][2, 15, 10][4, 24, 20][4, 1, 9][6, 10][10, 27][11, 17][12, 22] 
[16, 28, 25, 22, 17][0, 26, 8, 19, 12][11, 3, 1, 23, 14][5, 21, 6, 13, 18][24, 7, 27, 29][4, 1, 9][4, 24, 20][2, 15, 10][12, 22][11, 17][10, 27][6, 10] 
[11, 3, 1, 23, 14][16, 28, 25, 22, 17][0, 26, 8, 19, 12][5, 21, 6, 13, 18][24, 7, 27, 29][4, 24, 20][4, 1, 9][2, 15, 10][11, 17][12, 22][10, 27][6, 10] 
[5, 21, 6, 13, 18][11, 3, 1, 23, 14][0, 26, 8, 19, 12][16, 28, 25, 22, 17][24, 7, 27, 29][2, 15, 10][4, 24, 20][4, 1, 9][6, 10][10, 27][11, 17][12, 22] 
[11, 3, 1, 23, 14][16, 28, 25, 22, 17][0, 26, 8, 19, 12][5, 21, 6, 13, 18][24, 7, 27, 29][4, 24, 20][4, 1, 9][2, 15, 10][11, 17][12, 22][10, 27][6, 10] 
[11, 3, 1, 23, 14][16, 28, 25, 22, 17][0, 26, 8, 19, 12][5, 21, 6, 13, 18][24, 7, 27, 29][4, 24, 20][4, 1, 9][2, 15, 10][11, 17][12, 22][10, 27][6, 10] 
[16, 28, 25, 22, 17][11, 3, 1, 23, 14][0, 26, 8, 19, 12][5, 21, 6, 13, 18][24, 7, 27, 29][4, 1, 9][4, 24, 20][2, 15, 10][11, 17][12, 22][10, 27][6, 10] 
[16, 28, 25, 22, 17][11, 3, 1, 23, 14][0, 26, 8, 19, 12][5, 21, 6, 13, 18][24, 7, 27, 29][4, 1, 9][4, 24, 20][2, 15, 10][11, 17][12, 22][10, 27][6, 10] 
[16, 28, 25, 22, 17][11, 3, 1, 23, 14][0, 26, 8, 19, 12][5, 21, 6, 13, 18][24, 7, 27, 29][4, 1, 9][4, 24, 20][2, 15, 10][11, 17][12, 22][10, 27][6, 10] 
[11, 3, 1, 23, 14][16, 28, 25, 22, 17][5, 21, 6, 13, 18][0, 26, 8, 19, 12][24, 7, 27, 29][2, 15, 10][4, 24, 20][4, 1, 9][10, 27][11, 17][6, 10][12, 22] 
[5, 21, 6, 13, 18][11, 3, 1, 23, 14][0, 26, 8, 19, 12][16, 28, 25, 22, 17][24, 7, 27, 29][2, 15, 10][4, 24, 20][4, 1, 9][6, 10][10, 27][11, 17][12, 22] 
[0, 26, 8, 19, 12][16, 28, 25, 22, 17][11, 3, 1, 23, 14][5, 21, 6, 13, 18][24, 7, 27, 29][4, 1, 9][4, 24, 20][2, 15, 10][12, 22][11, 17][10, 27][6, 10] 
[5, 21, 6, 13, 18][11, 3, 1, 23, 14][16, 28, 25, 22, 17][0, 26, 8, 19, 12][24, 7, 27, 29][2, 15, 10][4, 24, 20][4, 1, 9][6, 10][10, 27][11, 17][12, 22] 
[16, 28, 25, 22, 17][0, 26, 8, 19, 12][11, 3, 1, 23, 14][5, 21, 6, 13, 18][24, 7, 27, 29][4, 1, 9][4, 24, 20][2, 15, 10][12, 22][11, 17][10, 27][6, 10] 
[0, 26, 8, 19, 12][16, 28, 25, 22, 17][11, 3, 1, 23, 14][5, 21, 6, 13, 18][24, 7, 27, 29][4, 1, 9][4, 24, 20][2, 15, 10][12, 22][11, 17][10, 27][6, 10] 
[16, 28, 25, 22, 17][0, 26, 8, 19, 12][11, 3, 1, 23, 14][5, 21, 6, 13, 18][24, 7, 27, 29][2, 15, 10, 27][4, 1, 9][4, 24, 20][12, 22][11, 17][3, 11][6, 10] 
[16, 28, 25, 22, 17][0, 26, 8, 19, 12][11, 3, 1, 23, 14][5, 21, 6, 13, 18][24, 7, 27, 29][2, 15, 10, 27][4, 1, 9][4, 24, 20][12, 22][11, 17][3, 11][6, 10] 
[16, 28, 25, 22, 17][0, 26, 8, 19, 12][11, 3, 1, 23, 14][5, 21, 6, 13, 18][24, 7, 27, 29][2, 15, 10, 27][4, 1, 9][4, 24, 20][12, 22][11, 17][3, 11][6, 10] 
[16, 28, 25, 22, 17][0, 26, 8, 19, 12][11, 3, 1, 23, 14][5, 21, 6, 13, 18][24, 7, 27, 29][2, 15, 10, 27][4, 1, 9][4, 24, 20][12, 22][11, 17][3, 11][6, 10] 
[16, 28, 25, 22, 17][0, 26, 8, 19, 12][11, 3, 1, 23, 14][5, 21, 6, 13, 18][24, 7, 27, 29][2, 15, 10, 27][4, 1, 9][4, 24, 20][12, 22][11, 17][3, 11][6, 10] 
[2, 15, 5, 21, 6, 13, 18][16, 28, 25, 22, 17][0, 26, 8, 19, 12][11, 3, 1, 23, 14][24, 7, 27, 29][4, 1, 9][4, 24, 20][12, 22][11, 17][10, 27][6, 10][5, 21] 
[11, 17, 22, 25, 28, 16][5, 21, 6, 13, 18][0, 26, 8, 19, 12][3, 1, 23, 14][24, 7, 27, 29][4, 1, 9][4, 24, 20][2, 15, 10][3, 11][10, 27][6, 10][12, 22] 
[11, 17, 22, 25, 28, 16][5, 21, 6, 13, 18][0, 26, 8, 19, 12][3, 1, 23, 14][24, 7, 27, 29][4, 1, 9][4, 24, 20][2, 15, 10][3, 11][10, 27][6, 10][12, 22] 
[11, 17, 22, 25, 28, 16][0, 26, 8, 19, 12][5, 21, 6, 13, 18][3, 1, 23, 14][24, 7, 27, 29][4, 1, 9][4, 24, 20][2, 15, 10][10, 27][3, 11][12, 22][6, 10] 
[11, 17, 22, 25, 28, 16][0, 26, 8, 19, 12][5, 21, 6, 13, 18][3, 1, 23, 14][24, 7, 27, 29][4, 1, 9][4, 24, 20][2, 15, 10][12, 22][3, 11][10, 27][6, 10] 
[11, 17, 22, 25, 28, 16][5, 21, 6, 13, 18][0, 26, 8, 19, 12][3, 1, 23, 14][24, 7, 27, 29][4, 1, 9][4, 24, 20][2, 15, 10][3, 11][10, 27][6, 10][12, 22] 
[5, 21, 6, 13, 18][11, 3, 1, 23, 14][0, 26, 8, 19, 12][16, 28, 25, 22, 17][24, 7, 27, 29][2, 15, 10][4, 24, 20][4, 1, 9][6, 10][10, 27][11, 17][12, 22] 
[11, 17, 22, 25, 28, 16][0, 26, 8, 19, 12][5, 21, 6, 13, 18][3, 1, 23, 14][24, 7, 27, 29][4, 1, 9][4, 24, 20][2, 10, 15][12, 22][3, 11][10, 27][6, 10] 
