[12, 18, 22, 25, 28][2, 7, 24, 1, 23][13, 0, 26, 8, 19][6, 16, 27, 10][5, 21, 15, 29][9, 3, 4, 20][16, 28, 17][9, 14, 11][6, 15][11, 17][14, 23][0, 18] 
[10, 27, 16, 6, 13][2, 7, 24, 1, 23][0, 26, 8, 12, 19][9, 3, 4, 20][18, 22, 25, 28][5, 21, 15, 29][9, 14, 11][16, 28, 17][11, 17][10, 29][14, 23][0, 18] 
[13, 0, 18, 22, 25, 28][2, 7, 24, 1, 23][19, 12, 8, 26][6, 16, 27, 10][5, 21, 15, 29][9, 3, 4, 20][16, 28, 17][9, 14, 11][0, 26][10, 29][11, 17][4, 24] 
[13, 0, 18, 22, 25, 28][2, 7, 24, 1, 23][6, 16, 27, 10][19, 12, 8, 26][9, 3, 4, 20][5, 21, 15, 29][16, 28, 17][9, 14, 11][12, 18][11, 17][4, 24][10, 29] 
[10, 27, 16, 6, 13][0, 26, 8, 19, 12][2, 7, 24, 1, 23][9, 3, 4, 20][18, 22, 25, 28][5, 21, 15, 29][9, 14, 11][16, 28, 17][11, 17][6, 15][14, 23][0, 18] 
[10, 27, 16, 6, 13][2, 7, 24, 1, 23][0, 26, 8, 12, 19][9, 3, 4, 20][18, 22, 25, 28][5, 21, 15, 29][9, 14, 11][16, 28, 17][11, 17][10, 29][14, 23][0, 18] 
[10, 27, 16, 6, 13][2, 7, 24, 1, 23][0, 26, 8, 12, 19][9, 3, 4, 20][18, 22, 25, 28][5, 21, 15, 29][9, 14, 11][16, 28, 17][11, 17][10, 29][14, 23][0, 18] 
[13, 18, 22, 25, 28][0, 26, 8, 19, 12][2, 7, 24, 1, 23][5, 21, 15, 29][6, 16, 27, 10][9, 3, 4, 20][16, 28, 17][9, 14, 11][10, 29][0, 18][11, 17][14, 23] 
[13, 18, 22, 25, 28][2, 7, 24, 1, 23][0, 26, 8, 12, 19][6, 16, 27, 10][5, 21, 15, 29][9, 3, 4, 20][16, 28, 17][9, 14, 11][10, 29][11, 17][14, 23][0, 18] 
[13, 18, 22, 25, 28][0, 26, 8, 19, 12][2, 7, 24, 1, 23][6, 16, 27, 10][5, 21, 15, 29][9, 3, 4, 20][16, 28, 17][9, 14, 11][10, 29][0, 18][11, 17][14, 23] 
[12, 18, 22, 25, 28][2, 7, 24, 1, 23][13, 0, 26, 8, 19][6, 16, 27, 10][5, 21, 15, 29][9, 3, 4, 20][16, 28, 17][9, 14, 11][6, 15][11, 17][14, 23][0, 18] 
[10, 27, 16, 6, 13][2, 7, 24, 1, 23][0, 26, 8, 12, 19][9, 3, 4, 20][18, 22, 25, 28][5, 21, 15, 29][9, 14, 11][16, 28, 17][11, 17][10, 29][14, 23][0, 18] 
[13, 0, 18, 22, 25, 28][2, 7, 24, 1, 23][19, 12, 8, 26][6, 16, 27, 10][5, 21, 15, 29][9, 3, 4, 20][16, 28, 17][9, 14, 11][0, 26][10, 29][11, 17][4, 24] 
[10, 27, 16, 6, 13][0, 26, 8, 19, 12][2, 7, 24, 1, 23][9, 3, 4, 20][18, 22, 25, 28][5, 21, 15, 29][9, 14, 11][16, 28, 17][11, 17][6, 15][14, 23][0, 18] 
[10, 27, 16, 6, 13][2, 7, 24, 1, 23][0, 26, 8, 12, 19][9, 3, 4, 20][18, 22, 25, 28][5, 21, 15, 29][9, 14, 11][16, 28, 17][11, 17][10, 29][14, 23][0, 18] 
[13, 18, 22, 25, 28][0, 26, 8, 19, 12][2, 7, 24, 1, 23][9, 3, 4, 20][6, 16, 27, 10][5, 21, 15, 29][9, 14, 11][16, 28, 17][11, 17][0, 18][14, 23][10, 29] 
[12, 18, 22, 25, 28][2, 7, 24, 1, 23][13, 0, 26, 8, 19][6, 16, 27, 10][5, 21, 15, 29][9, 3, 4, 20][16, 28, 17][9, 14, 11][6, 15][11, 17][14, 23][0, 18] 
[0, 26, 8, 12, 19][10, 27, 16, 6, 13][2, 7, 24, 1, 23][18, 22, 25, 28][5, 21, 15, 29][9, 3, 4, 20][16, 28, 17][9, 14, 11][0, 18][10, 29][11, 17][14, 23] 
[10, 27, 16, 6, 13][0, 26, 8, 19, 12][2, 7, 24, 1, 23][9, 3, 4, 20][18, 22, 25, 28][5, 21, 15, 29][9, 14, 11][16, 28, 17][11, 17][6, 15][14, 23][0, 18] 
[12, 18, 22, 25, 28][13, 0, 26, 8, 19][2, 7, 24, 1, 23][6, 16, 27, 10][9, 3, 4, 20][5, 21, 15, 29][16, 28, 17][9, 14, 11][0, 18][11, 17][6, 15][14, 23] 
[12, 18, 22, 25, 28][2, 7, 24, 1, 23][13, 0, 26, 8, 19][6, 16, 27, 10][5, 21, 15, 29][9, 3, 4, 20][16, 28, 17][9, 14, 11][6, 15][11, 17][14, 23][0, 18] 
[0, 26, 8, 12, 19][10, 27, 16, 6, 13][2, 7, 24, 1, 23][18, 22, 25, 28][5, 21, 15, 29][9, 3, 4, 20][16, 28, 17][9, 14, 11][0, 18][10, 29][11, 17][14, 23] 
[13, 0, 18, 22, 25, 28][2, 7, 24, 1, 23][19, 12, 8, 26][6, 16, 27, 10][5, 21, 15, 29][9, 3, 4, 20][16, 28, 17][9, 14, 11][0, 26][10, 29][11, 17][4, 24] 
[10, 27, 16, 6, 13][0, 26, 8, 19, 12][2, 7, 24, 1, 23][9, 3, 4, 20][18, 22, 25, 28][5, 21, 15, 29][9, 14, 11][16, 28, 17][11, 17][6, 15][14, 23][0, 18] 
[0, 26, 8, 12, 19][10, 27, 16, 6, 13][2, 7, 24, 1, 23][18, 22, 25, 28][5, 21, 15, 29][9, 3, 4, 20][16, 28, 17][9, 14, 11][0, 18][10, 29][11, 17][14, 23] 
[2, 7, 24, 1, 23][13, 18, 22, 25, 28][0, 26, 8, 19, 12][9, 3, 4, 20][6, 16, 27, 10][5, 21, 15, 29][9, 14, 11][16, 28, 17][14, 23][11, 17][10, 29][0, 18] 
[12, 18, 22, 25, 28][2, 7, 24, 1, 23][13, 0, 26, 8, 19][6, 16, 27, 10][5, 21, 15, 29][9, 3, 4, 20][16, 28, 17][9, 14, 11][6, 15][11, 17][14, 23][0, 18] 
[10, 27, 16, 6, 13][2, 7, 24, 1, 23][0, 26, 8, 12, 19][9, 3, 4, 20][18, 22, 25, 28][5, 21, 15, 29][9, 14, 11][16, 28, 17][11, 17][10, 29][14, 23][0, 18] 
[10, 27, 16, 6, 13][0, 26, 8, 19, 12][2, 7, 24, 1, 23][9, 3, 4, 20][18, 22, 25, 28][5, 21, 15, 29][9, 14, 11][16, 28, 17][11, 17][6, 15][14, 23][0, 18] 
[12, 18, 22, 25, 28][13, 0, 26, 8, 19][2, 7, 24, 1, 23][6, 16, 27, 10][9, 3, 4, 20][5, 21, 15, 29][16, 28, 17][9, 14, 11][0, 18][11, 17][6, 15][14, 23] 
[12, 18, 22, 25, 28][2, 7, 24, 1, 23][13, 0, 26, 8, 19][6, 16, 27, 10][5, 21, 15, 29][9, 3, 4, 20][16, 28, 17][9, 14, 11][6, 15][11, 17][14, 23][0, 18] 
[10, 27, 16, 6, 13][2, 7, 24, 1, 23][0, 26, 8, 12, 19][9, 3, 4, 20][18, 22, 25, 28][5, 21, 15, 29][9, 14, 11][16, 28, 17][11, 17][10, 29][14, 23][0, 18] 
[10, 27, 16, 6, 13][0, 26, 8, 19, 12][2, 7, 24, 1, 23][9, 3, 4, 20][18, 22, 25, 28][5, 21, 15, 29][9, 14, 11][16, 28, 17][11, 17][6, 15][14, 23][0, 18] 
[12, 18, 22, 25, 28][2, 7, 24, 1, 23][13, 0, 26, 8, 19][6, 16, 27, 10][5, 21, 15, 29][9, 3, 4, 20][16, 28, 17][9, 14, 11][6, 15][11, 17][14, 23][0, 18] 
[12, 18, 22, 25, 28][2, 7, 24, 1, 23][13, 0, 26, 8, 19][6, 16, 27, 10][5, 21, 15, 29][9, 3, 4, 20][16, 28, 17][9, 14, 11][6, 15][11, 17][14, 23][0, 18] 
[2, 29, 10, 16, 28, 17, 11, 3, 23, 24, 1, 14, 7, 4, 20][2, 29, 15, 27, 10, 16, 6, 13, 18, 22, 12, 19, 8, 26][0, 25, 28, 7, 2, 29][5, 21, 15][3, 9][7, 20][8, 26][2, 29][6, 13][1, 24][4, 20][8, 26] 
[1, 24, 23, 9, 3, 11, 14, 4, 20, 7, 25, 22, 19, 0, 28][2, 29, 15, 27, 10, 16, 6, 13, 18, 22, 12, 19, 8, 26][6, 13][15, 21][5, 15][17, 18][4, 20][1, 24][8, 26][8, 26][4, 20][1, 24] 
[13, 6, 16, 27, 29, 2, 7, 28, 25, 0, 26, 8, 19, 12, 22][1, 24, 23, 3, 11, 17, 28, 16, 10][7, 20, 4, 23, 14, 9, 1, 24][5, 21, 15, 29][8, 26][12, 19][0, 18][9, 14][1, 24][16, 28][8, 26][11, 17] 
[1, 24, 23, 9, 3, 11, 14, 4, 20, 7][2, 7, 28, 25, 0, 26, 8, 19, 12, 17][2, 29, 15, 27, 10, 16, 6, 13, 18, 22][15, 29][15, 21][12, 19][6, 15][6, 10][3, 9][12, 19][5, 21][4, 20] 
[1, 24, 23, 9, 3, 11, 14, 4, 20, 7][2, 7, 28, 25, 0, 26, 8, 19, 12, 17][2, 29, 15, 27, 10, 16, 6, 13, 18, 22][15, 29][15, 21][12, 19][6, 15][6, 10][3, 9][12, 19][5, 21][4, 20] 
[1, 24, 23, 9, 3, 11, 14, 4, 20, 7, 25][2, 29, 15, 27, 10, 16, 6, 13, 18, 22][17, 12, 19, 8, 26, 0, 25, 28][0, 18][8, 26][15, 21][5, 21][3, 9][15, 29][6, 15][3, 9][4, 20] 
[1, 24, 23, 9, 3, 11, 14, 4, 20, 7, 25, 22, 19, 0, 28][2, 29, 15, 27, 10, 16, 6, 13, 18, 22, 12, 19, 8, 26][15, 21, 10, 29, 27][12, 19, 8, 26][6, 13][5, 15][17, 18][4, 20][1, 24][8, 26][4, 20][1, 24] 
[1, 24, 23, 9, 3, 11, 14, 4, 20, 7, 25, 22, 19, 0, 28][2, 29, 15, 27, 10, 16, 6, 13, 18, 22, 12, 19, 8, 26][15, 21, 10, 29, 27][12, 19, 8, 26][6, 13][5, 15][17, 18][4, 20][1, 24][8, 26][4, 20][1, 24] 
[1, 24, 23, 9, 3, 11, 14, 4, 20, 7][2, 7, 28, 25, 0, 26, 8, 19, 12, 17][2, 29, 15, 27, 10, 16, 6, 13, 18, 22][15, 29][15, 21][12, 19][6, 15][6, 10][3, 9][12, 19][5, 21][4, 20] 
[1, 24, 23, 9, 3, 11, 14, 4, 20, 7, 25, 22, 19, 0, 28][2, 29, 15, 27, 10, 16, 6, 13, 18, 22, 12, 19, 8, 26][19, 8, 26][15, 21][5, 15][6, 13][17, 18][8, 26][4, 20][8, 26][1, 24][6, 16] 
[13, 6, 16, 27, 29, 2, 7, 28, 25, 0, 26, 8, 19, 12, 22][10, 16, 28, 17, 11, 3, 23, 24, 1, 14][7, 20, 4, 23, 14, 9, 1, 24][6, 5, 21, 15, 29][8, 26][12, 19][0, 18][9, 14][1, 24][16, 28][8, 26][11, 17] 
[13, 6, 16, 27, 29, 2, 7, 28, 25, 0, 26, 8, 19, 12, 22][1, 24, 23, 3, 11, 17, 28, 16, 10][7, 20, 4, 23, 14, 9, 1, 24][5, 21, 15, 29][8, 26][12, 19][0, 18][9, 14][1, 24][16, 28][8, 26][11, 17] 
[1, 24, 23, 9, 3, 11, 14, 4, 20, 7][2, 7, 28, 25, 0, 26, 8, 19, 12, 17][2, 29, 15, 27, 10, 16, 6, 13, 18, 22][15, 29][15, 21][12, 19][6, 15][6, 10][3, 9][12, 19][5, 21][4, 20] 
[13, 6, 16, 27, 29, 2, 7, 28, 25, 0, 26, 8, 19, 12, 22][10, 16, 28, 17, 11, 3, 23, 24, 1, 14][7, 20, 4, 23, 14, 9, 1, 24][6, 5, 21, 15, 29][8, 26][12, 19][0, 18][9, 14][1, 24][16, 28][8, 26][11, 17] 
[13, 6, 16, 27, 29, 2, 7, 28, 25, 0, 26, 8, 19, 12, 22][10, 16, 28, 17, 11, 3, 23, 24, 1, 14][7, 20, 4, 23, 14, 9, 1, 24][5, 21, 15, 29][8, 26][12, 19][0, 18][9, 14][1, 24][16, 28][8, 26][11, 17] 
[1, 24, 23, 9, 3, 11, 14, 4, 20, 7, 25, 22, 19, 0, 28][2, 29, 15, 27, 10, 16, 6, 13, 18, 22, 12, 19, 8, 26][12, 19, 8, 26][6, 13][15, 21][5, 15][17, 18][4, 20][1, 24][8, 26][4, 20][1, 24] 
[1, 24, 23, 9, 3, 11, 14, 4, 20, 7, 25, 22, 19, 0, 28][2, 29, 15, 27, 10, 16, 6, 13, 18, 22, 12, 19, 8, 26][12, 19, 8, 26][6, 13][15, 21][5, 15][17, 18][4, 20][1, 24][8, 26][4, 20][1, 24] 
[13, 6, 16, 27, 29, 2, 7, 28, 25, 0, 26, 8, 19, 12, 22][10, 16, 28, 17, 11, 3, 23, 24][7, 20, 4, 23, 14, 9, 1, 24][5, 21, 15, 29][8, 26][12, 19][0, 18][9, 14][1, 24][16, 28][8, 26][11, 17] 
[1, 24, 23, 9, 3, 11, 14, 4, 20, 7, 25, 22, 19, 0, 28][2, 29, 15, 27, 10, 16, 6, 13, 18, 22, 12, 19, 8, 26][15, 21][5, 15][6, 13][17, 18][8, 26][4, 20][8, 26][1, 24][8, 26][6, 16] 
[13, 6, 16, 27, 29, 2, 7, 28, 25, 0, 26, 8, 19, 12, 22][10, 16, 28, 17, 11, 3, 23, 24][7, 20, 4, 23, 14, 9, 1, 24][5, 21, 15, 29][8, 26][12, 19][0, 18][9, 14][1, 24][16, 28][8, 26][11, 17] 
[1, 24, 23, 9, 3, 11, 14, 4, 20, 7, 25, 22, 19, 0, 28][2, 29, 15, 27, 10, 16, 6, 13, 18, 22, 12, 19, 8, 26][13, 18, 22, 12, 19, 8, 26][6, 13][15, 21][5, 15][17, 18][4, 20][1, 24][8, 26][4, 20][1, 24] 
[13, 18, 22, 25, 28][2, 7, 24, 1, 23][0, 26, 8, 12, 19][6, 16, 27, 10][5, 21, 15, 29][9, 3, 4, 20][16, 28, 17][9, 14, 11][10, 29][11, 17][14, 23][0, 18] 
[13, 18, 22, 25, 28][2, 7, 24, 1, 23][0, 26, 8, 12, 19][6, 16, 27, 10][5, 21, 15, 29][9, 3, 4, 20][16, 28, 17][9, 14, 11][10, 29][11, 17][14, 23][0, 18] 
[13, 18, 22, 25, 28][2, 7, 24, 1, 23][0, 26, 8, 12, 19][6, 16, 27, 10][5, 21, 15, 29][9, 3, 4, 20][16, 28, 17][9, 14, 11][10, 29][11, 17][14, 23][0, 18] 
[13, 18, 22, 25, 28][2, 7, 24, 1, 23][0, 26, 8, 12, 19][6, 16, 27, 10][5, 21, 15, 29][9, 3, 4, 20][16, 28, 17][9, 14, 11][10, 29][11, 17][14, 23][0, 18] 
[13, 18, 22, 25, 28][2, 7, 24, 1, 23][0, 26, 8, 12, 19][6, 16, 27, 10][5, 21, 15, 29][9, 3, 4, 20][16, 28, 17][9, 14, 11][10, 29][11, 17][14, 23][0, 18] 
[13, 18, 22, 25, 28][2, 7, 24, 1, 23][0, 26, 8, 12, 19][6, 16, 27, 10][5, 21, 15, 29][9, 3, 4, 20][16, 28, 17][9, 14, 11][10, 29][11, 17][14, 23][0, 18] 
[13, 18, 22, 25, 28][2, 7, 24, 1, 23][0, 26, 8, 12, 19][6, 16, 27, 10][5, 21, 15, 29][9, 3, 4, 20][16, 28, 17][9, 14, 11][10, 29][11, 17][14, 23][0, 18] 
[13, 18, 22, 25, 28][2, 7, 24, 1, 23][0, 26, 8, 12, 19][6, 16, 27, 10][5, 21, 15, 29][9, 3, 4, 20][16, 28, 17][9, 14, 11][10, 29][11, 17][14, 23][0, 18] 
[13, 18, 22, 25, 28][0, 26, 8, 12, 19][2, 7, 24, 1, 23][6, 16, 27, 10][9, 3, 4, 20][5, 21, 15, 29][16, 28, 17][9, 14, 11][11, 17][0, 18][10, 29][14, 23] 
[13, 18, 22, 25, 28][2, 7, 24, 1, 23][0, 26, 8, 12, 19][6, 16, 27, 10][5, 21, 15, 29][9, 3, 4, 20][16, 28, 17][9, 14, 11][10, 29][11, 17][14, 23][0, 18] 
[13, 18, 22, 25, 28][2, 7, 24, 1, 23][0, 26, 8, 12, 19][9, 3, 4, 20][6, 16, 27, 10][5, 21, 15, 29][9, 14, 11][16, 28, 17][11, 17][14, 23][10, 29][0, 18] 
[2, 7, 24, 1, 23][13, 18, 22, 25, 28][0, 26, 8, 12, 19][9, 3, 4, 20][6, 16, 27, 10][5, 21, 15, 29][9, 14, 11][16, 28, 17][14, 23][11, 17][10, 29][0, 18] 
[13, 18, 22, 25, 28][0, 26, 8, 12, 19][2, 7, 24, 1, 23][6, 16, 27, 10][9, 3, 4, 20][5, 21, 15, 29][16, 28, 17][9, 14, 11][11, 17][10, 29][0, 18][14, 23] 
[2, 7, 24, 1, 23][13, 18, 22, 25, 28][0, 26, 8, 12, 19][9, 3, 4, 20][6, 16, 27, 10][5, 21, 15, 29][9, 14, 11][16, 28, 17][14, 23][11, 17][10, 29][0, 18] 
[2, 7, 24, 1, 23][13, 18, 22, 25, 28][0, 26, 8, 12, 19][9, 3, 4, 20][6, 16, 27, 10][5, 21, 15, 29][9, 14, 11][16, 28, 17][14, 23][11, 17][10, 29][0, 18] 
[12, 18, 22, 25, 28][2, 7, 24, 1, 23][13, 0, 26, 8, 19][6, 16, 27, 10][5, 21, 15, 29][9, 3, 4, 20][16, 28, 17][9, 14, 11][6, 15][11, 17][14, 23][0, 18] 
[2, 7, 24, 1, 23][12, 18, 22, 25, 28][13, 0, 26, 8, 19][9, 3, 4, 20][6, 16, 27, 10][5, 21, 15, 29][9, 14, 11][16, 28, 17][14, 23][11, 17][0, 18][6, 15] 
[12, 18, 22, 25, 28][13, 0, 26, 8, 19][2, 7, 24, 1, 23][5, 21, 15, 29][6, 16, 27, 10][9, 3, 4, 20][16, 28, 17][9, 14, 11][6, 15][11, 17][0, 18][14, 23] 
[12, 18, 22, 25, 28][2, 7, 24, 1, 23][13, 0, 26, 8, 19][6, 16, 27, 10][5, 21, 15, 29][9, 3, 4, 20][16, 28, 17][9, 14, 11][6, 15][11, 17][14, 23][0, 18] 
[12, 18, 22, 25, 28][2, 7, 24, 1, 23][13, 0, 26, 8, 19][6, 16, 27, 10][5, 21, 15, 29][9, 3, 4, 20][16, 28, 17][9, 14, 11][6, 15][11, 17][14, 23][0, 18] 
[12, 18, 22, 25, 28][2, 7, 24, 1, 23][13, 0, 26, 8, 19][6, 16, 27, 10][5, 21, 15, 29][9, 3, 4, 20][16, 28, 17][9, 14, 11][6, 15][11, 17][14, 23][0, 18] 
[13, 18, 22, 25, 28][2, 7, 24, 1, 23][0, 26, 8, 12, 19][9, 3, 4, 20][6, 16, 27, 10][5, 21, 15, 29][9, 14, 11][16, 28, 17][11, 17][14, 23][10, 29][0, 18] 
[2, 7, 24, 1, 23][13, 18, 22, 25, 28][0, 26, 8, 12, 19][9, 3, 4, 20][6, 16, 27, 10][5, 21, 15, 29][9, 14, 11][16, 28, 17][14, 23][11, 17][10, 29][0, 18] 
[13, 18, 22, 25, 28][0, 26, 8, 12, 19][2, 7, 24, 1, 23][6, 16, 27, 10][9, 3, 4, 20][5, 21, 15, 29][16, 28, 17][9, 14, 11][11, 17][0, 18][10, 29][14, 23] 
[2, 7, 24, 1, 23][13, 18, 22, 25, 28][0, 26, 8, 12, 19][9, 3, 4, 20][6, 16, 27, 10][5, 21, 15, 29][9, 14, 11][16, 28, 17][14, 23][11, 17][10, 29][0, 18] 
[13, 18, 22, 25, 28][0, 26, 8, 12, 19][2, 7, 24, 1, 23][6, 16, 27, 10][9, 3, 4, 20][5, 21, 15, 29][16, 28, 17][9, 14, 11][11, 17][0, 18][10, 29][14, 23] 
[2, 7, 24, 1, 23][13, 18, 22, 25, 28][0, 26, 8, 19, 12][9, 3, 4, 20][6, 16, 27, 10][5, 21, 15, 29][9, 14, 11][16, 28, 17][14, 23][11, 17][6, 15][0, 18] 
[2, 7, 24, 1, 23][13, 18, 22, 25, 28][0, 26, 8, 12, 19][9, 3, 4, 20][6, 16, 27, 10][5, 21, 15, 29][9, 14, 11][16, 28, 17][14, 23][11, 17][10, 29][0, 18] 
[12, 18, 22, 25, 28][2, 7, 24, 1, 23][13, 0, 26, 8, 19][6, 16, 27, 10][5, 21, 15, 29][9, 3, 4, 20][16, 28, 17][9, 14, 11][6, 15][11, 17][14, 23][0, 18] 
[12, 18, 22, 25, 28][2, 7, 24, 1, 23][13, 0, 26, 8, 19][6, 16, 27, 10][5, 21, 15, 29][9, 3, 4, 20][16, 28, 17][9, 14, 11][6, 15][11, 17][14, 23][0, 18] 
[12, 18, 22, 25, 28][2, 7, 24, 1, 23][13, 0, 26, 8, 19][6, 16, 27, 10][5, 21, 15, 29][9, 3, 4, 20][16, 28, 17][9, 14, 11][6, 15][11, 17][14, 23][0, 18] 
[12, 18, 22, 25, 28][2, 7, 24, 1, 23][13, 0, 26, 8, 19][6, 16, 27, 10][5, 21, 15, 29][9, 3, 4, 20][16, 28, 17][9, 14, 11][6, 15][11, 17][14, 23][0, 18] 
[12, 18, 22, 25, 28][13, 0, 26, 8, 19][2, 7, 24, 1, 23][9, 3, 4, 20][6, 16, 27, 10][5, 21, 15, 29][9, 14, 11][16, 28, 17][11, 17][0, 18][6, 15][14, 23] 
[12, 18, 22, 25, 28][13, 0, 26, 8, 19][2, 7, 24, 1, 23][9, 3, 4, 20][6, 16, 27, 10][5, 21, 15, 29][9, 14, 11][16, 28, 17][11, 17][0, 18][6, 15][14, 23] 
[12, 18, 22, 25, 28][13, 0, 26, 8, 19][2, 7, 24, 1, 23][9, 3, 4, 20][6, 16, 27, 10][5, 21, 15, 29][9, 14, 11][16, 28, 17][11, 17][0, 18][6, 15][14, 23] 
[12, 18, 22, 25, 28][2, 7, 24, 1, 23][13, 0, 26, 8, 19][6, 16, 27, 10][5, 21, 15, 29][9, 3, 4, 20][16, 28, 17][9, 14, 11][6, 15][11, 17][14, 23][0, 18] 
[12, 18, 22, 25, 28][13, 0, 26, 8, 19][2, 7, 24, 1, 23][9, 3, 4, 20][6, 16, 27, 10][5, 21, 15, 29][9, 14, 11][16, 28, 17][11, 17][0, 18][6, 15][14, 23] 
[12, 18, 22, 25, 28][13, 0, 26, 8, 19][2, 7, 24, 1, 23][9, 3, 4, 20][6, 16, 27, 10][5, 21, 15, 29][9, 14, 11][16, 28, 17][11, 17][0, 18][6, 15][14, 23] 
[12, 18, 22, 25, 28][13, 0, 26, 8, 19][2, 7, 24, 1, 23][9, 3, 4, 20][6, 16, 27, 10][5, 21, 15, 29][9, 14, 11][16, 28, 17][11, 17][0, 18][6, 15][14, 23] 
[12, 18, 22, 25, 28][2, 7, 24, 1, 23][13, 0, 26, 8, 19][6, 16, 27, 10][5, 21, 15, 29][9, 3, 4, 20][16, 28, 17][9, 14, 11][6, 15][11, 17][14, 23][0, 18] 
[12, 18, 22, 25, 28][2, 7, 24, 1, 23][13, 0, 26, 8, 19][6, 16, 27, 10][5, 21, 15, 29][9, 3, 4, 20][16, 28, 17][9, 14, 11][6, 15][11, 17][14, 23][0, 18] 
[12, 18, 22, 25, 28][2, 7, 24, 1, 23][13, 0, 26, 8, 19][6, 16, 27, 10][5, 21, 15, 29][9, 3, 4, 20][16, 28, 17][9, 14, 11][6, 15][11, 17][14, 23][0, 18] 
[12, 18, 22, 25, 28][2, 7, 24, 1, 23][13, 0, 26, 8, 19][6, 16, 27, 10][5, 21, 15, 29][9, 3, 4, 20][16, 28, 17][9, 14, 11][6, 15][11, 17][14, 23][0, 18] 
[11, 14, 9, 3, 4, 20][13, 0, 26, 8, 19][12, 18, 22, 25, 28][2, 7, 24, 1, 23][6, 16, 27, 10][5, 21, 15, 29][16, 28, 17][0, 18][11, 17][14, 23][6, 15][8, 19] 
[11, 14, 9, 3, 4, 20][13, 0, 26, 8, 19][12, 18, 22, 25, 28][2, 7, 24, 1, 23][6, 16, 27, 10][5, 21, 15, 29][16, 28, 17][0, 18][11, 17][14, 23][6, 15][8, 19] 
[11, 14, 9, 3, 4, 20][12, 18, 22, 25, 28][2, 7, 24, 1, 23][13, 0, 26, 8, 19][5, 21, 15, 29][6, 16, 27, 10][16, 28, 17][6, 15][0, 18][8, 19][11, 17][14, 23] 
[11, 14, 9, 3, 4, 20][12, 18, 22, 25, 28][2, 7, 24, 1, 23][13, 0, 26, 8, 19][5, 21, 15, 29][6, 16, 27, 10][16, 28, 17][6, 15][0, 18][8, 19][11, 17][14, 23] 
[11, 14, 9, 3, 4, 20][12, 18, 22, 25, 28][2, 7, 24, 1, 23][13, 0, 26, 8, 19][5, 21, 15, 29][6, 16, 27, 10][16, 28, 17][6, 15][0, 18][8, 19][11, 17][14, 23] 
[11, 14, 9, 3, 4, 20][12, 18, 22, 25, 28][2, 7, 24, 1, 23][13, 0, 26, 8, 19][5, 21, 15, 29][6, 16, 27, 10][16, 28, 17][6, 15][0, 18][8, 19][11, 17][14, 23] 
[13, 18, 22, 25, 28][0, 26, 8, 12, 19][2, 7, 24, 1, 23][6, 16, 27, 10][9, 3, 4, 20][5, 21, 15, 29][16, 28, 17][9, 14, 11][0, 18][11, 17][6, 15][14, 23] 
[2, 7, 24, 1, 23][13, 18, 22, 25, 28][0, 26, 8, 12, 19][9, 3, 4, 20][6, 16, 27, 10][5, 21, 15, 29][9, 14, 11][16, 28, 17][14, 23][11, 17][6, 15][0, 18] 
[2, 7, 24, 1, 23][13, 18, 22, 25, 28][0, 26, 8, 12, 19][9, 3, 4, 20][6, 16, 27, 10][5, 21, 15, 29][9, 14, 11][16, 28, 17][14, 23][11, 17][6, 15][0, 18] 
[2, 7, 24, 1, 23][13, 18, 22, 25, 28][0, 26, 8, 12, 19][9, 3, 4, 20][6, 16, 27, 10][5, 21, 15, 29][9, 14, 11][16, 28, 17][14, 23][11, 17][6, 15][0, 18] 
[2, 7, 24, 1, 23][13, 18, 22, 25, 28][0, 26, 8, 12, 19][9, 3, 4, 20][6, 16, 27, 10][5, 21, 15, 29][9, 14, 11][16, 28, 17][14, 23][11, 17][6, 15][0, 18] 
[12, 18, 22, 25, 28][2, 7, 24, 1, 23][13, 0, 26, 8, 19][6, 16, 27, 10][5, 21, 15, 29][9, 3, 4, 20][16, 28, 17][9, 14, 11][6, 15][11, 17][14, 23][0, 18] 
[13, 18, 22, 25, 28][0, 26, 8, 12, 19][2, 7, 24, 1, 23][6, 16, 27, 10][9, 3, 4, 20][5, 21, 15, 29][16, 28, 17][9, 14, 11][11, 17][10, 29][0, 18][14, 23] 
