[9, 3, 1, 24, 7, 16][2, 29, 27, 10, 21][8, 19, 22, 0, 26][12, 17, 11, 25][4, 23, 14, 20][6, 13, 18][5, 15, 6][22, 25, 28][2, 6][0, 18][16, 28][20, 24] 
[9, 3, 1, 24, 7, 16][2, 29, 27, 10, 21][8, 19, 22, 0, 26][12, 17, 11, 25][4, 23, 14, 20][6, 13, 18][0, 18, 12][5, 6, 15][2, 6][25, 28][16, 28][20, 24] 
[9, 3, 1, 24, 7, 16][8, 19, 22, 0, 26][2, 29, 27, 10, 21][4, 23, 14, 20][12, 17, 11, 25][0, 18, 12][6, 13, 18][5, 6, 15][20, 24][16, 28][25, 28][2, 6] 
[9, 3, 1, 24, 7, 16][2, 29, 27, 10, 21][8, 19, 22, 0, 26][12, 17, 11, 25][4, 23, 14, 20][6, 13, 18][0, 18, 12][5, 6, 15][2, 6][25, 28][16, 28][20, 24] 
[9, 3, 1, 24, 7, 16][8, 19, 22, 0, 26][2, 29, 27, 10, 21][12, 17, 11, 25][4, 14, 20, 23][22, 25, 28][6, 13, 18][5, 6, 15][16, 28][20, 24][0, 18][2, 6] 
[9, 3, 1, 24, 7, 16][8, 19, 22, 0, 26][2, 29, 27, 10, 21][4, 23, 14, 20][12, 17, 11, 25][22, 25, 28][6, 13, 18][5, 6, 15][20, 24][16, 28][0, 18][2, 6] 
[9, 3, 1, 24, 7, 16][2, 29, 27, 10, 21][8, 19, 22, 0, 26][12, 17, 11, 25][4, 23, 14, 20][6, 13, 18][0, 18, 12][5, 6, 15][2, 6][25, 28][16, 28][20, 24] 
[9, 3, 1, 24, 7, 16][8, 19, 22, 0, 26][2, 29, 27, 10, 21][4, 23, 14, 20][22, 25, 28][17, 11, 25][0, 18, 12][6, 13, 18][5, 6, 15][16, 28][20, 24][2, 6] 
[9, 3, 1, 24, 7, 16][8, 19, 22, 0, 26][2, 29, 27, 10, 21][4, 23, 14, 20][22, 25, 28][17, 11, 25][0, 18, 12][6, 13, 18][5, 6, 15][16, 28][20, 24][2, 6] 
[9, 3, 1, 24, 7, 16][8, 19, 22, 0, 26][2, 29, 27, 10, 21][4, 23, 14, 20][5, 6, 15][6, 13, 18][0, 18, 12][22, 25, 28][17, 11, 25][16, 28][2, 6][20, 24] 
[9, 3, 1, 24, 7, 16][2, 29, 27, 10, 21][8, 19, 22, 0, 26][12, 17, 11, 25][4, 23, 14, 20][6, 13, 18][5, 15, 6][22, 25, 28][2, 6][0, 18][16, 28][20, 24] 
[9, 3, 1, 24, 7, 16][2, 29, 27, 10, 21][8, 19, 22, 0, 26][12, 17, 11, 25][4, 23, 14, 20][6, 13, 18][0, 18, 12][5, 6, 15][2, 6][25, 28][16, 28][20, 24] 
[9, 3, 1, 24, 7, 16][2, 29, 27, 10, 21][8, 19, 22, 0, 26][12, 17, 11, 25][4, 23, 14, 20][6, 13, 18][0, 18, 12][5, 6, 15][2, 6][25, 28][16, 28][20, 24] 
[9, 3, 1, 24, 7, 16][2, 29, 27, 10, 21][8, 19, 22, 0, 26][12, 17, 11, 25][4, 14, 20, 23][6, 13, 18][5, 6, 15][22, 25, 28][2, 6][0, 18][16, 28][20, 24] 
[9, 3, 1, 24, 7, 16][8, 19, 22, 0, 26][2, 29, 27, 10, 21][4, 23, 14, 20][12, 17, 11, 25][22, 25, 28][6, 13, 18][5, 6, 15][20, 24][16, 28][0, 18][2, 6] 
[9, 3, 1, 24, 7, 16][8, 19, 22, 0, 26][2, 29, 27, 10, 21][4, 23, 14, 20][22, 25, 28][17, 11, 25][0, 18, 12][6, 13, 18][5, 6, 15][16, 28][20, 24][2, 6] 
[9, 3, 1, 24, 7, 16][8, 19, 22, 0, 26][2, 29, 27, 10, 21][12, 17, 11, 25][4, 23, 14, 20][22, 25, 28][6, 13, 18][5, 15, 6][16, 28][0, 18][20, 24][2, 6] 
[9, 3, 1, 24, 7, 16][8, 19, 22, 0, 26][2, 29, 27, 10, 21][4, 23, 14, 20][12, 17, 11, 25][0, 18, 12][6, 13, 18][5, 6, 15][20, 24][16, 28][25, 28][2, 6] 
[9, 3, 1, 24, 7, 16][8, 19, 22, 0, 26][2, 29, 27, 10, 21][12, 17, 11, 25][4, 14, 20, 23][22, 25, 28][6, 13, 18][5, 6, 15][16, 28][20, 24][0, 18][2, 6] 
[9, 3, 1, 24, 7, 16][8, 19, 22, 0, 26][2, 29, 27, 10, 21][4, 23, 14, 20][12, 17, 11, 25][22, 25, 28][6, 13, 18][5, 15, 6][20, 24][16, 28][0, 18][2, 6] 
[9, 3, 1, 24, 7, 16][2, 29, 27, 10, 21][8, 19, 22, 0, 26][12, 17, 11, 25][4, 23, 14, 20][6, 13, 18][5, 15, 6][22, 25, 28][2, 6][0, 18][16, 28][20, 24] 
[9, 3, 1, 24, 7, 16][8, 19, 22, 0, 26][2, 29, 27, 10, 21][12, 17, 11, 25][4, 23, 14, 20][0, 18, 12][6, 13, 18][5, 6, 15][25, 28][16, 28][20, 24][2, 6] 
[9, 3, 1, 24, 7, 16][8, 19, 22, 0, 26][2, 29, 27, 10, 21][12, 17, 11, 25][4, 23, 14, 20][0, 18, 12][6, 13, 18][5, 6, 15][25, 28][16, 28][20, 24][2, 6] 
[9, 3, 1, 24, 7, 16][8, 19, 22, 0, 26][2, 29, 27, 10, 21][12, 17, 11, 25][4, 14, 20, 23][6, 13, 18][5, 6, 15][22, 25, 28][0, 18][16, 28][20, 24][2, 6] 
[9, 3, 1, 24, 7, 16][2, 29, 27, 10, 21][8, 19, 22, 0, 26][12, 17, 11, 25][4, 23, 14, 20][6, 13, 18][22, 25, 28][5, 6, 15][2, 6][0, 18][16, 28][20, 24] 
[9, 3, 1, 24, 7, 16][8, 19, 22, 0, 26][2, 29, 27, 10, 21][4, 23, 14, 20][22, 25, 28][17, 11, 25][0, 18, 12][6, 13, 18][5, 6, 15][16, 28][20, 24][2, 6] 
[9, 3, 1, 24, 7, 16][2, 29, 27, 10, 21][8, 19, 22, 0, 26][12, 17, 11, 25][4, 23, 14, 20][6, 13, 18][5, 15, 6][22, 25, 28][2, 6][0, 18][16, 28][20, 24] 
[9, 3, 1, 24, 7, 16][2, 29, 27, 10, 21][8, 19, 22, 0, 26][12, 17, 11, 25][4, 23, 14, 20][6, 13, 18][0, 18, 12][5, 6, 15][2, 6][25, 28][16, 28][20, 24] 
[9, 3, 1, 24, 7, 16][2, 29, 27, 10, 21][8, 19, 22, 0, 26][12, 17, 11, 25][4, 14, 20, 23][6, 13, 18][5, 6, 15][22, 25, 28][2, 6][0, 18][16, 28][20, 24] 
[9, 3, 1, 24, 7, 16][8, 19, 22, 0, 26][2, 29, 27, 10, 21][4, 23, 14, 20][12, 17, 11, 25][22, 25, 28][6, 13, 18][5, 15, 6][20, 24][16, 28][0, 18][2, 6] 
[9, 3, 1, 24, 7, 16][2, 29, 27, 10, 21][8, 19, 22, 0, 26][12, 17, 11, 25][4, 23, 14, 20][5, 15, 6][6, 13, 18][22, 25, 28][2, 6][0, 18][16, 28][20, 24] 
[9, 3, 1, 24, 7, 16][8, 19, 22, 0, 26][2, 29, 27, 10, 21][12, 17, 11, 25][4, 23, 14, 20][0, 18, 12][6, 13, 18][5, 6, 15][25, 28][16, 28][20, 24][2, 6] 
[9, 3, 1, 24, 7, 16][8, 19, 22, 0, 26][2, 29, 27, 10, 21][12, 17, 11, 25][4, 14, 20, 23][22, 25, 28][6, 13, 18][5, 6, 15][16, 28][20, 24][0, 18][2, 6] 
[9, 3, 1, 24, 7, 16][2, 29, 27, 10, 21][8, 19, 22, 0, 26][12, 17, 11, 25][4, 23, 14, 20][5, 15, 6][6, 13, 18][22, 25, 28][2, 6][0, 18][16, 28][20, 24] 
[9, 3, 1, 24, 7, 16][2, 29, 27, 10, 21][8, 19, 22, 0, 26][12, 17, 11, 25][4, 23, 14, 20][5, 15, 6][6, 13, 18][22, 25, 28][2, 6][0, 18][16, 28][20, 24] 
[19, 8, 26, 0, 22, 12, 18, 13, 6, 10, 29, 15, 16, 27][2, 21, 10, 6, 5, 15, 16, 28, 7, 25, 11, 17][7, 14, 9, 1, 23, 3, 24, 20][3, 4, 1, 23, 9][16, 28][6, 15][6, 15][13, 18][13, 18][13, 18][6, 15][16, 28] 
[19, 8, 26, 0, 22, 12, 18, 13, 6, 10, 29, 15, 16, 27][2, 21, 10, 6, 5, 15, 16, 28, 7, 25, 11, 17][7, 14, 9, 1, 23, 3, 24, 20][1, 4, 3][16, 28][6, 15][6, 15][13, 18][13, 18][7, 14][13, 18][6, 15] 
[19, 8, 26, 0, 22, 12, 18, 13, 6, 10, 29, 15, 16, 27][2, 21, 10, 6, 5, 15, 16, 28, 7, 25, 11, 17][7, 14, 9, 1, 23, 3, 24, 20][16, 28][3, 4][6, 15][6, 15][13, 18][13, 18][13, 18][6, 15][16, 28] 
[11, 25, 7, 28, 16, 15, 5, 6, 10, 21, 2, 27][6, 13, 18, 12, 22, 0, 26, 8, 19][14, 9, 1, 23, 3, 24, 20][3, 4, 7, 2, 29][16, 28][11, 17][16, 28][13, 18][16, 28][13, 18][1, 9][13, 18] 
[11, 25, 7, 28, 16, 15, 5, 6, 10, 21, 2, 27][6, 13, 18, 12, 22, 0, 26, 8, 19][14, 9, 1, 23, 3, 24, 20][3, 4, 7, 2, 29][16, 28][11, 17][16, 28][13, 18][16, 28][13, 18][1, 9][13, 18] 
[17, 11, 25, 7, 28, 16, 15, 5, 6, 10, 21, 2, 27][6, 13, 18, 12, 22, 0, 26, 8][14, 9, 1, 23, 3, 24, 20][4, 7, 2, 29][3, 4][13, 18][1, 9][16, 28][13, 18][13, 18][13, 18][8, 19] 
[19, 8, 26, 0, 22, 12, 18, 13, 6, 10, 29, 15, 16, 27][2, 21, 10, 6, 5, 15, 16, 28, 7, 25, 11, 17][7, 14, 9, 1, 23, 3, 24, 20][3, 4, 1, 23, 9, 14][16, 28][6, 15][6, 15][13, 18][13, 18][13, 18][6, 15][16, 28] 
[19, 8, 26, 0, 22, 12, 18, 13, 6, 10, 29, 15, 16, 27][2, 21, 10, 6, 5, 15, 16, 28, 7, 25, 11, 17][7, 14, 9, 1, 23, 3, 24, 20][3, 4, 1, 23][16, 28][6, 15][6, 15][13, 18][13, 18][13, 18][6, 15][16, 28] 
[11, 25, 7, 28, 16, 15, 5, 6, 10, 21, 2, 27][6, 13, 18, 12, 22, 0, 26, 8, 19][14, 9, 1, 23, 3, 24, 20][3, 4, 7, 2, 29][16, 28][11, 17][16, 28][13, 18][16, 28][13, 18][1, 9][13, 18] 
[19, 8, 26, 0, 22, 12, 18, 13, 6, 10, 29, 15, 16, 27][2, 21, 10, 6, 5, 15, 16, 28, 7, 25, 11, 17][7, 14, 9, 1, 23, 3, 24, 20][3, 4, 1, 23][16, 28][6, 15][6, 15][13, 18][13, 18][13, 18][6, 15][16, 28] 
[19, 8, 26, 0, 22, 12, 18, 13, 6, 10, 29, 15, 16, 27][2, 21, 10, 6, 5, 15, 16, 28, 7, 25, 11, 17][7, 14, 9, 1, 23, 3, 24, 20][3, 4, 1, 23, 14][16, 28][6, 15][6, 15][13, 18][13, 18][13, 18][6, 15][16, 28] 
[19, 8, 26, 0, 22, 12, 18, 13, 6, 10, 29, 15, 16, 27][2, 21, 10, 6, 5, 15, 16, 28, 7, 25, 11, 17][7, 14, 9, 1, 23, 3, 24, 20][1, 4, 3][16, 28][6, 15][6, 15][13, 18][13, 18][7, 14][13, 18][6, 15] 
[11, 25, 7, 28, 16, 15, 5, 6, 10, 21, 2, 27][6, 13, 18, 12, 22, 0, 26, 8, 19][14, 9, 1, 23, 3, 24, 20][3, 4, 7, 2, 29][16, 28][11, 17][16, 28][13, 18][16, 28][13, 18][1, 9][13, 18] 
[19, 8, 26, 0, 22, 12, 18, 13, 6, 10, 29, 15, 16, 27][2, 21, 10, 6, 5, 15, 16, 28, 7, 25, 11, 17][7, 14, 9, 1, 23, 3, 24, 20][3, 4, 1, 23, 14][16, 28][6, 15][6, 15][13, 18][13, 18][13, 18][6, 15][16, 28] 
[19, 8, 26, 0, 22, 12, 18, 13, 6, 10, 29, 15, 16, 27][2, 21, 10, 6, 5, 15, 16, 28, 7, 25, 11, 17][7, 14, 9, 1, 23, 3, 24, 20][18, 12, 22, 0, 26, 8, 19][3, 4, 1, 23, 9, 14][6, 15][11, 17][6, 15][16, 28][8, 19][6, 15][13, 18] 
[19, 8, 26, 0, 22, 12, 18, 13, 6, 10, 29, 15, 16, 27][2, 21, 10, 6, 5, 15, 16, 28, 7, 25, 11, 17][7, 14, 9, 1, 23, 3, 24, 20][16, 28][3, 4][6, 15][6, 15][13, 18][13, 18][13, 18][6, 15][16, 28] 
[19, 8, 26, 0, 22, 12, 18, 13, 6, 10, 29, 15, 16, 27][2, 21, 10, 6, 5, 15, 16, 28, 7, 25, 11, 17][7, 14, 9, 1, 23, 3, 24, 20][16, 28][3, 4][6, 15][6, 15][13, 18][13, 18][13, 18][6, 15][16, 28] 
[17, 11, 25, 7, 28, 16, 15, 5, 6, 10, 21, 2, 27][6, 13, 18, 12, 22, 0, 26, 8, 19][14, 9, 1, 23, 3, 24, 20][3, 4, 7, 2, 29][1, 9][16, 28][1, 9][1, 9][13, 18][13, 18][16, 28][13, 18] 
[19, 8, 26, 0, 22, 12, 18, 13, 6, 10, 29, 15, 16, 27][2, 21, 10, 6, 5, 15, 16, 28, 7, 25, 11, 17][7, 14, 9, 1, 23, 3, 24, 20][16, 28][3, 4][6, 15][6, 15][13, 18][13, 18][13, 18][6, 15][16, 28] 
[19, 8, 26, 0, 22, 12, 18, 13, 6, 10, 29, 15, 16, 27][2, 21, 10, 6, 5, 15, 16, 28, 7, 25, 11, 17][7, 14, 9, 1, 23, 3, 24, 20][16, 28][3, 4][6, 15][6, 15][13, 18][13, 18][13, 18][6, 15][16, 28] 
[19, 8, 26, 0, 22, 12, 18, 13, 6, 10, 29, 15, 16, 27][2, 21, 10, 6, 5, 15, 16, 28, 7, 25, 11, 17][7, 14, 9, 1, 23, 3, 24, 20][16, 28][3, 4][6, 15][6, 15][13, 18][13, 18][13, 18][6, 15][16, 28] 
[9, 3, 1, 24, 7, 16][8, 19, 22, 0, 26][2, 29, 27, 10, 21][4, 14, 20, 23][12, 17, 11, 25][22, 25, 28][6, 13, 18][5, 6, 15][20, 24][16, 28][0, 18][2, 6] 
[9, 3, 1, 24, 7, 16][8, 19, 22, 0, 26][2, 29, 27, 10, 21][4, 14, 20, 23][12, 17, 11, 25][22, 25, 28][6, 13, 18][5, 6, 15][20, 24][16, 28][0, 18][2, 6] 
[9, 3, 1, 24, 7, 16][8, 19, 22, 0, 26][2, 29, 27, 10, 21][12, 17, 11, 25][4, 14, 20, 23][22, 25, 28][6, 13, 18][5, 6, 15][0, 18][2, 6][16, 28][20, 24] 
[9, 3, 1, 24, 7, 16][8, 19, 22, 0, 26][2, 29, 27, 10, 21][4, 14, 20, 23][12, 17, 11, 25][22, 25, 28][6, 13, 18][5, 6, 15][20, 24][16, 28][0, 18][2, 6] 
[9, 3, 1, 24, 7, 16][8, 19, 22, 0, 26][2, 29, 27, 10, 21][12, 17, 11, 25][4, 14, 20, 23][22, 25, 28][6, 13, 18][5, 6, 15][0, 18][2, 6][16, 28][20, 24] 
[9, 3, 1, 24, 7, 16][2, 29, 27, 10, 21][8, 19, 22, 0, 26][12, 17, 11, 25][4, 14, 20, 23][5, 6, 15][6, 13, 18][22, 25, 28][2, 6][0, 18][16, 28][20, 24] 
[9, 3, 1, 24, 7, 16][8, 19, 22, 0, 26][2, 29, 27, 10, 21][4, 14, 20, 23][12, 17, 11, 25][22, 25, 28][6, 13, 18][5, 6, 15][20, 24][16, 28][0, 18][2, 6] 
[9, 3, 1, 24, 7, 16][8, 19, 22, 0, 26][2, 29, 27, 10, 21][4, 14, 20, 23][12, 17, 11, 25][22, 25, 28][6, 13, 18][5, 6, 15][20, 24][16, 28][0, 18][2, 6] 
[9, 3, 1, 24, 7, 16][8, 19, 22, 0, 26][2, 29, 27, 10, 21][12, 17, 11, 25][4, 14, 20, 23][22, 25, 28][6, 13, 18][5, 6, 15][16, 28][0, 18][20, 24][2, 6] 
[9, 3, 1, 24, 7, 16][8, 19, 22, 0, 26][2, 29, 27, 10, 21][12, 17, 11, 25][4, 14, 20, 23][5, 6, 15][6, 13, 18][22, 25, 28][0, 18][2, 6][16, 28][20, 24] 
[9, 3, 1, 24, 7, 16][8, 19, 22, 0, 26][2, 29, 27, 10, 21][12, 17, 11, 25][4, 14, 20, 23][6, 13, 18][5, 6, 15][22, 25, 28][0, 18][2, 6][16, 28][20, 24] 
[9, 3, 1, 24, 7, 16][8, 19, 22, 0, 26][2, 29, 27, 10, 21][12, 17, 11, 25][4, 14, 20, 23][22, 25, 28][6, 13, 18][5, 6, 15][16, 28][0, 18][20, 24][2, 6] 
[9, 3, 1, 24, 7, 16][8, 19, 22, 0, 26][2, 29, 27, 10, 21][12, 17, 11, 25][4, 14, 20, 23][22, 25, 28][6, 13, 18][5, 6, 15][16, 28][0, 18][20, 24][2, 6] 
[9, 3, 1, 24, 7, 16][8, 19, 22, 0, 26][2, 29, 27, 10, 21][4, 14, 20, 23][12, 17, 11, 25][22, 25, 28][6, 13, 18][5, 6, 15][20, 24][16, 28][0, 18][2, 6] 
[9, 3, 1, 24, 7, 16][8, 19, 22, 0, 26][2, 29, 27, 10, 21][4, 14, 20, 23][12, 17, 11, 25][22, 25, 28][6, 13, 18][5, 6, 15][20, 24][16, 28][0, 18][2, 6] 
[9, 3, 1, 24, 7, 16][2, 29, 27, 10, 21][8, 19, 22, 0, 26][12, 17, 11, 25][4, 23, 14, 20][6, 13, 18][5, 15, 6][22, 25, 28][2, 6][0, 18][16, 28][20, 24] 
[9, 3, 1, 24, 7, 16][8, 19, 22, 0, 26][2, 29, 27, 10, 21][12, 17, 11, 25][4, 23, 14, 20][22, 25, 28][6, 13, 18][5, 15, 6][16, 28][20, 24][0, 18][2, 6] 
[9, 3, 1, 24, 7, 16][2, 29, 27, 10, 21][8, 19, 22, 0, 26][12, 17, 11, 25][4, 23, 14, 20][6, 13, 18][5, 15, 6][22, 25, 28][2, 6][0, 18][16, 28][20, 24] 
[9, 3, 1, 24, 7, 16][8, 19, 22, 0, 26][2, 29, 27, 10, 21][12, 17, 11, 25][4, 23, 14, 20][22, 25, 28][6, 13, 18][5, 15, 6][16, 28][20, 24][0, 18][2, 6] 
[9, 3, 1, 24, 7, 16][2, 29, 27, 10, 21][8, 19, 22, 0, 26][12, 17, 11, 25][4, 23, 14, 20][5, 15, 6][6, 13, 18][22, 25, 28][2, 6][0, 18][16, 28][20, 24] 
[12, 8, 19, 22, 0, 26][9, 3, 1, 24, 7, 16][2, 29, 27, 10, 21][4, 23, 14, 20][22, 25, 28][6, 13, 18][5, 15, 6][17, 11, 25][0, 18][2, 6][16, 28][20, 24] 
[9, 3, 1, 24, 7, 16][8, 19, 22, 0, 26][2, 29, 27, 10, 21][12, 17, 11, 25][4, 14, 20, 23][22, 25, 28][6, 13, 18][5, 6, 15][16, 28][20, 24][0, 18][2, 6] 
[9, 3, 1, 24, 7, 16][8, 19, 22, 0, 26][2, 29, 27, 10, 21][12, 17, 11, 25][4, 14, 20, 23][6, 13, 18][5, 6, 15][22, 25, 28][0, 18][16, 28][20, 24][2, 6] 
[9, 3, 1, 24, 7, 16][8, 19, 22, 0, 26][2, 29, 27, 10, 21][12, 17, 11, 25][4, 14, 20, 23][22, 25, 28][6, 13, 18][5, 6, 15][16, 28][0, 18][20, 24][2, 6] 
[9, 3, 1, 24, 7, 16][8, 19, 22, 0, 26][2, 29, 27, 10, 21][12, 17, 11, 25][4, 14, 20, 23][22, 25, 28][6, 13, 18][5, 6, 15][16, 28][20, 24][0, 18][2, 6] 
[9, 3, 1, 24, 7, 16][8, 19, 22, 0, 26][2, 29, 27, 10, 21][12, 17, 11, 25][4, 14, 20, 23][6, 13, 18][5, 6, 15][22, 25, 28][0, 18][16, 28][20, 24][2, 6] 
[9, 3, 1, 24, 7, 16][8, 19, 22, 0, 26][2, 29, 27, 10, 21][12, 17, 11, 25][4, 23, 14, 20][22, 25, 28][6, 13, 18][5, 6, 15][16, 28][20, 24][0, 18][2, 6] 
[9, 3, 1, 24, 7, 16][8, 19, 22, 0, 26][2, 29, 27, 10, 21][12, 17, 11, 25][4, 14, 20, 23][22, 25, 28][6, 13, 18][5, 6, 15][16, 28][0, 18][20, 24][2, 6] 
[9, 3, 1, 24, 7, 16][2, 29, 27, 10, 21][8, 19, 22, 0, 26][12, 17, 11, 25][4, 23, 14, 20][6, 13, 18][5, 15, 6][22, 25, 28][2, 6][0, 18][16, 28][20, 24] 
[9, 3, 1, 24, 7, 16][2, 29, 27, 10, 21][8, 19, 22, 0, 26][12, 17, 11, 25][4, 23, 14, 20][6, 13, 18][5, 15, 6][22, 25, 28][2, 6][0, 18][16, 28][20, 24] 
[9, 3, 1, 24, 7, 16][2, 29, 27, 10, 21][8, 19, 22, 0, 26][12, 17, 11, 25][4, 23, 14, 20][6, 13, 18][5, 15, 6][22, 25, 28][2, 6][0, 18][16, 28][20, 24] 
[9, 3, 1, 24, 7, 16][8, 19, 22, 0, 26][2, 29, 27, 10, 21][12, 17, 11, 25][4, 23, 14, 20][22, 25, 28][6, 13, 18][5, 15, 6][16, 28][0, 18][2, 6][20, 24] 
[9, 3, 1, 24, 7, 16][2, 29, 27, 10, 21][8, 19, 22, 0, 26][12, 17, 11, 25][4, 23, 14, 20][6, 13, 18][5, 15, 6][22, 25, 28][2, 6][0, 18][16, 28][20, 24] 
[9, 3, 1, 24, 7, 16][8, 19, 22, 0, 26][2, 29, 27, 10, 21][4, 23, 14, 20][12, 17, 11, 25][22, 25, 28][6, 13, 18][5, 15, 6][20, 24][16, 28][0, 18][2, 6] 
[9, 3, 1, 24, 7, 16][8, 19, 22, 0, 26][2, 29, 27, 10, 21][4, 23, 14, 20][12, 17, 11, 25][22, 25, 28][6, 13, 18][5, 15, 6][20, 24][16, 28][0, 18][2, 6] 
[9, 3, 1, 24, 7, 16][2, 29, 27, 10, 21][8, 19, 22, 0, 26][12, 17, 11, 25][4, 23, 14, 20][6, 13, 18][5, 15, 6][22, 25, 28][2, 6][0, 18][16, 28][20, 24] 
[9, 3, 1, 24, 7, 16][2, 29, 27, 10, 21][8, 19, 22, 0, 26][12, 17, 11, 25][4, 23, 14, 20][6, 13, 18][5, 15, 6][22, 25, 28][2, 6][0, 18][16, 28][20, 24] 
[9, 3, 1, 24, 7, 16][8, 19, 22, 0, 26][2, 29, 27, 10, 21][12, 17, 11, 25][4, 23, 14, 20][22, 25, 28][6, 13, 18][5, 15, 6][16, 28][0, 18][20, 24][2, 6] 
[9, 3, 1, 24, 7, 16][2, 29, 27, 10, 21][8, 19, 22, 0, 26][12, 17, 11, 25][4, 23, 14, 20][6, 13, 18][5, 15, 6][22, 25, 28][2, 6][0, 18][16, 28][20, 24] 
[9, 3, 1, 24, 7, 16][2, 29, 27, 10, 21][8, 19, 22, 0, 26][12, 17, 11, 25][4, 23, 14, 20][5, 15, 6][6, 13, 18][22, 25, 28][2, 6][0, 18][16, 28][20, 24] 
[9, 3, 1, 24, 7, 16][8, 19, 22, 0, 26][2, 29, 27, 10, 21][12, 17, 11, 25][4, 23, 14, 20][22, 25, 28][6, 13, 18][5, 15, 6][16, 28][0, 18][2, 6][20, 24] 
[9, 3, 1, 24, 7, 16][8, 19, 22, 0, 26][2, 29, 27, 10, 21][12, 17, 11, 25][4, 23, 14, 20][22, 25, 28][6, 13, 18][5, 15, 6][16, 28][0, 18][2, 6][20, 24] 
[9, 3, 1, 24, 7, 16][2, 29, 27, 10, 21][8, 19, 22, 0, 26][12, 17, 11, 25][4, 23, 14, 20][6, 13, 18][5, 15, 6][22, 25, 28][2, 6][0, 18][16, 28][20, 24] 
[12, 8, 19, 22, 0, 26][9, 3, 1, 24, 7, 16][2, 29, 27, 10, 21][4, 23, 14, 20][22, 25, 28][6, 13, 18][5, 15, 6][17, 11, 25][16, 28][20, 24][12, 18][2, 6] 
[12, 8, 19, 22, 0, 26][9, 3, 1, 24, 7, 16][2, 29, 27, 10, 21][4, 23, 14, 20][22, 25, 28][6, 13, 18][5, 15, 6][17, 11, 25][16, 28][20, 24][12, 18][2, 6] 
[12, 8, 19, 22, 0, 26][9, 3, 1, 24, 7, 16][2, 29, 27, 10, 21][4, 23, 14, 20][22, 25, 28][6, 13, 18][5, 15, 6][17, 11, 25][16, 28][20, 24][12, 18][2, 6] 
[12, 8, 19, 22, 0, 26][9, 3, 1, 24, 7, 16][2, 29, 27, 10, 21][4, 23, 14, 20][22, 25, 28][6, 13, 18][5, 15, 6][17, 11, 25][16, 28][20, 24][12, 18][2, 6] 
[12, 8, 19, 22, 0, 26][9, 3, 1, 24, 7, 16][2, 29, 27, 10, 21][4, 23, 14, 20][22, 25, 28][6, 13, 18][5, 15, 6][17, 11, 25][16, 28][20, 24][12, 18][2, 6] 
[12, 8, 19, 22, 0, 26][9, 3, 1, 24, 7, 16][2, 29, 27, 10, 21][12, 17, 11, 25][4, 23, 14, 20][6, 13, 18][5, 15, 6][0, 18][2, 6][25, 28][16, 28][20, 24] 
[9, 3, 1, 24, 7, 16][8, 19, 22, 0, 26][2, 29, 27, 10, 21][12, 17, 11, 25][4, 23, 14, 20][22, 25, 28][6, 13, 18][5, 6, 15][16, 28][20, 24][0, 18][2, 6] 
[9, 3, 1, 24, 7, 16][2, 29, 27, 10, 21][8, 19, 22, 0, 26][12, 17, 11, 25][4, 23, 14, 20][6, 13, 18][5, 6, 15][22, 25, 28][2, 6][0, 18][16, 28][20, 24] 
[9, 3, 1, 24, 7, 16][8, 19, 22, 0, 26][2, 29, 27, 10, 21][12, 17, 11, 25][4, 23, 14, 20][22, 25, 28][6, 13, 18][5, 6, 15][16, 28][20, 24][0, 18][2, 6] 
[9, 3, 1, 24, 7, 16][2, 29, 27, 10, 21][8, 19, 22, 0, 26][12, 17, 11, 25][4, 23, 14, 20][6, 13, 18][5, 6, 15][22, 25, 28][2, 6][0, 18][16, 28][20, 24] 
[9, 3, 1, 24, 7, 16][8, 19, 22, 0, 26][2, 29, 27, 10, 21][12, 17, 11, 25][4, 23, 14, 20][22, 25, 28][6, 13, 18][5, 6, 15][16, 28][20, 24][0, 18][2, 6] 
[9, 3, 1, 24, 7, 16][2, 29, 27, 10, 21][8, 19, 22, 0, 26][12, 17, 11, 25][4, 23, 14, 20][6, 13, 18][5, 15, 6][22, 25, 28][2, 6][0, 18][16, 28][20, 24] 
[9, 3, 1, 24, 7, 16][8, 19, 22, 0, 26][2, 29, 27, 10, 21][12, 17, 11, 25][4, 14, 20, 23][22, 25, 28][6, 13, 18][5, 6, 15][16, 28][0, 18][20, 24][2, 6] 
