[16, 28, 0, 26, 8, 19][11, 25, 22, 17, 12][4, 1, 3, 23, 20][18, 13, 6, 10, 29][9, 14, 7, 24][21, 5, 15, 27][25, 28][11, 14][23, 24][2, 7][2, 29][10, 15] 
[16, 28, 0, 26, 8, 19][11, 25, 22, 17, 12][4, 1, 3, 23, 20][2, 29, 10, 6, 13][9, 14, 7, 24][21, 5, 15, 27][11, 14][25, 28][7, 20][18, 19][13, 18][10, 15] 
[16, 28, 0, 26, 8, 19][2, 29, 10, 6, 13][11, 25, 22, 17, 12][4, 1, 3, 23, 20][21, 5, 15, 27][9, 14, 7, 24][10, 15][13, 18][18, 19][25, 28][11, 14][7, 20] 
[16, 28, 0, 26, 8, 19, 18][11, 25, 22, 17, 12][2, 29, 10, 6, 13][9, 14, 7, 24][4, 1, 3, 23][21, 5, 15, 27][11, 14][7, 20][25, 28][23, 24][13, 18][10, 15] 
[16, 28, 0, 26, 8, 19][11, 25, 22, 17, 12][2, 29, 10, 6, 13][4, 1, 3, 23, 20][21, 5, 15, 27][9, 14, 7, 24][18, 19][25, 28][13, 18][10, 15][2, 7][7, 20] 
[16, 28, 0, 26, 8, 19][11, 25, 22, 17, 12][2, 29, 10, 6, 13][4, 1, 3, 23, 20][21, 5, 15, 27][9, 14, 7, 24][18, 19][25, 28][13, 18][10, 15][2, 7][7, 20] 
[16, 28, 0, 26, 8, 19][11, 25, 22, 17, 12][4, 1, 3, 23, 20][2, 29, 10, 6, 13][9, 14, 7, 24][21, 5, 15, 27][11, 14][25, 28][7, 20][18, 19][13, 18][10, 15] 
[16, 28, 0, 26, 8, 19][4, 1, 3, 23, 20][2, 29, 10, 6, 13][11, 25, 22, 17, 12][9, 14, 7, 24][21, 5, 15, 27][7, 20][2, 7][13, 18][10, 15][18, 19][25, 28] 
[16, 28, 0, 26, 8, 19][4, 1, 3, 23, 20][2, 29, 10, 6, 13][11, 25, 22, 17, 12][9, 14, 7, 24][21, 5, 15, 27][7, 20][2, 7][13, 18][10, 15][18, 19][25, 28] 
[16, 28, 0, 26, 8, 19][11, 25, 22, 17, 12][2, 29, 10, 6, 13][4, 1, 3, 23, 20][21, 5, 15, 27][9, 14, 7, 24][18, 19][25, 28][13, 18][10, 15][2, 7][7, 20] 
[16, 28, 0, 26, 8, 19][18, 13, 6, 10, 29][4, 1, 3, 23, 20][11, 25, 22, 17, 12][21, 5, 15, 27][9, 14, 7, 24][10, 15][2, 29][2, 7][23, 24][11, 14][25, 28] 
[16, 28, 0, 26, 8, 19][2, 29, 10, 6, 13][4, 1, 3, 23, 20][11, 25, 22, 17, 12][9, 14, 7, 24][21, 5, 15, 27][7, 20][10, 15][11, 14][25, 28][18, 19][13, 18] 
[16, 28, 0, 26, 8, 19][11, 25, 22, 17, 12][4, 1, 3, 23, 20][2, 29, 10, 6, 13][9, 14, 7, 24][21, 5, 15, 27][11, 14][25, 28][7, 20][18, 19][13, 18][10, 15] 
[16, 28, 0, 26, 8, 19][2, 29, 10, 6, 13][4, 1, 3, 23, 20][11, 25, 22, 17, 12][21, 5, 15, 27][9, 14, 7, 24][13, 18][10, 15][2, 7][18, 19][7, 20][25, 28] 
[16, 28, 0, 26, 8, 19][2, 29, 10, 6, 13][4, 1, 3, 23, 20][11, 25, 22, 17, 12][21, 5, 15, 27][9, 14, 7, 24][10, 15][13, 18][2, 7][7, 20][18, 19][25, 28] 
[16, 28, 0, 26, 8, 19][2, 29, 10, 6, 13][4, 1, 3, 23, 20][11, 25, 22, 17, 12][21, 5, 15, 27][9, 14, 7, 24][13, 18][10, 15][2, 7][18, 19][7, 20][25, 28] 
[16, 28, 0, 26, 8, 19][11, 25, 22, 17, 12][4, 1, 3, 23, 20][18, 13, 6, 10, 29][9, 14, 7, 24][21, 5, 15, 27][2, 7][11, 14][25, 28][23, 24][2, 29][10, 15] 
[16, 28, 0, 26, 8, 19][11, 25, 22, 17, 12][4, 1, 3, 23, 20][2, 29, 10, 6, 13][9, 14, 7, 24][21, 5, 15, 27][11, 14][25, 28][7, 20][18, 19][13, 18][10, 15] 
[16, 28, 0, 26, 8, 19][2, 29, 10, 6, 13][4, 1, 3, 23, 20][11, 25, 22, 17, 12][21, 5, 15, 27][9, 14, 7, 24][10, 15][13, 18][2, 7][7, 20][18, 19][25, 28] 
[16, 28, 0, 26, 8, 19][18, 13, 6, 10, 29][4, 1, 3, 23, 20][11, 25, 22, 17, 12][21, 5, 15, 27][9, 14, 7, 24][10, 15][2, 29][2, 7][23, 24][11, 14][25, 28] 
[16, 28, 0, 26, 8, 19][11, 25, 22, 17, 12][4, 1, 3, 23, 20][18, 13, 6, 10, 29][9, 14, 7, 24][21, 5, 15, 27][25, 28][11, 14][23, 24][2, 7][2, 29][10, 15] 
[16, 28, 0, 26, 8, 19][11, 25, 22, 17, 12][4, 1, 3, 23, 20][2, 29, 10, 6, 13][9, 14, 7, 24][21, 5, 15, 27][11, 14][25, 28][7, 20][18, 19][13, 18][10, 15] 
[16, 28, 0, 26, 8, 19][11, 25, 22, 17, 12][4, 1, 3, 23, 20][2, 29, 10, 6, 13][9, 14, 7, 24][21, 5, 15, 27][11, 14][25, 28][7, 20][18, 19][13, 18][10, 15] 
[16, 28, 0, 26, 8, 19][2, 29, 10, 6, 13][4, 1, 3, 23, 20][11, 25, 22, 17, 12][9, 14, 7, 24][21, 5, 15, 27][2, 7][7, 20][10, 15][13, 18][18, 19][25, 28] 
[16, 28, 0, 26, 8, 19][2, 29, 10, 6, 13][4, 1, 3, 23, 20][11, 25, 22, 17, 12][9, 14, 7, 24][21, 5, 15, 27][2, 7][13, 18][7, 20][18, 19][10, 15][25, 28] 
[16, 28, 0, 26, 8, 19][4, 1, 3, 23, 20][2, 29, 10, 6, 13][11, 25, 22, 17, 12][9, 14, 7, 24][21, 5, 15, 27][7, 20][2, 7][13, 18][10, 15][18, 19][25, 28] 
[16, 28, 0, 26, 8, 19][11, 25, 22, 17, 12][4, 1, 3, 23, 20][18, 13, 6, 10, 29][9, 14, 7, 24][21, 5, 15, 27][25, 28][11, 14][23, 24][2, 7][2, 29][10, 15] 
[16, 28, 0, 26, 8, 19][2, 29, 10, 6, 13][4, 1, 3, 23, 20][11, 25, 22, 17, 12][9, 14, 7, 24][21, 5, 15, 27][7, 20][10, 15][11, 14][25, 28][18, 19][13, 18] 
[16, 28, 0, 26, 8, 19][2, 29, 10, 6, 13][4, 1, 3, 23, 20][11, 25, 22, 17, 12][9, 14, 7, 24][21, 5, 15, 27][2, 7][7, 20][10, 15][13, 18][18, 19][25, 28] 
[16, 28, 0, 26, 8, 19][11, 25, 22, 17, 12][4, 1, 3, 23, 20][18, 13, 6, 10, 29][9, 14, 7, 24][21, 5, 15, 27][25, 28][11, 14][23, 24][2, 7][2, 29][10, 15] 
[16, 28, 0, 26, 8, 19][11, 25, 22, 17, 12][18, 13, 6, 10, 29][4, 1, 3, 23, 20][9, 14, 7, 24][21, 5, 15, 27][11, 14][2, 7][2, 29][25, 28][23, 24][10, 15] 
[16, 28, 0, 26, 8, 19][4, 1, 3, 23, 20][11, 25, 22, 17, 12][2, 29, 10, 6, 13][9, 14, 7, 24][21, 5, 15, 27][7, 20][11, 14][25, 28][18, 19][13, 18][10, 15] 
[16, 28, 0, 26, 8, 19][2, 29, 10, 6, 13][4, 1, 3, 23, 20][11, 25, 22, 17, 12][9, 14, 7, 24][21, 5, 15, 27][2, 7][7, 20][10, 15][13, 18][18, 19][25, 28] 
[16, 28, 0, 26, 8, 19][11, 25, 22, 17, 12][4, 1, 3, 23, 20][18, 13, 6, 10, 29][9, 14, 7, 24][21, 5, 15, 27][25, 28][11, 14][23, 24][2, 7][2, 29][10, 15] 
[16, 28, 0, 26, 8, 19][11, 25, 22, 17, 12][4, 1, 3, 23, 20][18, 13, 6, 10, 29][9, 14, 7, 24][21, 5, 15, 27][11, 14][25, 28][23, 24][2, 7][2, 29][10, 15] 
[16, 28, 0, 12, 17, 11, 14, 9, 3, 4, 23, 1, 24, 7, 27][10, 2, 29, 15, 5, 21, 6, 13][0, 26, 8, 19, 18, 13][11, 25, 22][11, 14][7, 20][11, 14][11, 14][11, 14][11, 14][11, 14][11, 14] 
[16, 28, 0, 12, 17, 11, 14, 9, 3, 4, 23, 1, 24, 7, 27][10, 2, 29, 15, 5, 21, 6, 13][0, 26, 8, 19, 18, 13][11, 25, 22][11, 14][7, 20][11, 14][11, 14][11, 14][11, 14][11, 14][11, 14] 
[16, 28, 0, 12, 17, 11, 14, 9, 3, 4, 23, 1, 24, 7, 27][10, 2, 29, 15, 5, 21, 6, 13][0, 26, 8, 19, 18, 13][11, 25, 22][11, 14][7, 20][11, 14][11, 14][11, 14][11, 14][11, 14][11, 14] 
[16, 28, 0, 12, 17, 11, 14, 9, 3, 4, 23, 1, 24, 7, 27][10, 2, 29, 15, 5, 21, 6, 13][13, 18, 19, 8, 26][2, 7, 20][17, 22, 25][11, 14][12, 17][5, 21][2, 29][2, 29][5, 21][5, 21] 
[16, 28, 0, 12, 17, 11, 14, 9, 3, 4, 23, 1, 24, 7, 27][10, 2, 29, 15, 5, 21, 6, 13][13, 18, 19, 8, 26][2, 7, 20][17, 22, 25][11, 14][12, 17][5, 21][2, 29][2, 29][5, 21][5, 21] 
[16, 28, 0, 12, 17, 11, 14, 9, 3, 4, 23, 1, 24, 7, 27][10, 2, 29, 15, 5, 21, 6, 13][13, 18, 19, 8, 26][19, 22, 25][7, 20][15, 27][11, 14][5, 21][11, 14][11, 14][19, 22][11, 14] 
[16, 28, 0, 12, 17, 11, 14, 9, 3, 4, 23, 1, 24, 7, 27][10, 2, 29, 15, 5, 21, 6, 13][0, 26, 8, 19, 18, 13][11, 25, 22][11, 14][7, 20][11, 14][11, 14][11, 14][11, 14][11, 14][11, 14] 
[16, 28, 0, 12, 17, 11, 14, 9, 3, 4, 23, 1, 24, 7, 27][10, 2, 29, 15, 5, 21, 6, 13][0, 26, 8, 19, 18, 13][11, 25, 22][11, 14][7, 20][11, 14][11, 14][11, 14][11, 14][11, 14][11, 14] 
[16, 28, 0, 12, 17, 11, 14, 9, 3, 4, 23, 1, 24, 7, 27][10, 2, 29, 15, 5, 21, 6, 13][13, 18, 19, 8, 26][2, 7, 20][17, 22, 25][11, 14][12, 17][5, 21][2, 29][2, 29][5, 21][5, 21] 
[16, 28, 0, 12, 17, 11, 14, 9, 3, 4, 23, 1, 24, 7, 27][10, 2, 29, 15, 5, 21, 6, 13][0, 26, 8, 19, 18, 13][11, 25, 22][11, 14][7, 20][11, 14][11, 14][11, 14][11, 14][11, 14][11, 14] 
[16, 28, 0, 12, 17, 11, 14, 9, 3, 4, 23, 1, 24, 7, 27][10, 2, 29, 15, 5, 21, 6, 13][0, 26, 8, 19, 18, 13][11, 25, 22][11, 14][7, 20][11, 14][11, 14][11, 14][11, 14][11, 14][11, 14] 
[16, 28, 0, 12, 17, 11, 14, 9, 3, 4, 23, 1, 24, 7, 27][10, 2, 29, 15, 5, 21, 6, 13][0, 26, 8, 19, 18, 13][11, 25, 22][7, 20][11, 14][11, 14][11, 14][11, 14][11, 14][11, 14][11, 14] 
[16, 28, 0, 12, 17, 11, 14, 9, 3, 4, 23, 1, 24, 7, 27][10, 2, 29, 15, 5, 21, 6, 13][13, 18, 19, 8, 26][2, 7, 20][17, 22, 25][11, 14][12, 17][5, 21][2, 29][2, 29][5, 21][5, 21] 
[16, 28, 0, 12, 17, 11, 14, 9, 3, 4, 23, 1, 24, 7, 27][10, 2, 29, 15, 5, 21, 6, 13][0, 26, 8, 19, 18, 13][11, 25, 22][7, 20][11, 14][11, 14][11, 14][11, 14][11, 14][11, 14][11, 14] 
[16, 28, 0, 12, 17, 11, 14, 9, 3, 4, 23, 1, 24, 7, 27][10, 2, 29, 15, 5, 21, 6, 13][0, 26, 8, 19, 18, 13][11, 25, 22][11, 14][7, 20][11, 14][11, 14][11, 14][11, 14][11, 14][11, 14] 
[16, 28, 0, 12, 17, 11, 14, 9, 3, 4, 23, 1, 24, 7, 27][10, 2, 29, 15, 5, 21, 6, 13][0, 26, 8, 19, 18, 13][12, 22, 25][11, 14][7, 20][11, 14][11, 14][11, 14][11, 14][11, 14][11, 14] 
[16, 28, 0, 12, 17, 11, 14, 9, 3, 4, 23, 1, 24, 7, 27][10, 2, 29, 15, 5, 21, 6, 13][0, 26, 8, 19, 18, 13][12, 22, 25][11, 14][7, 20][11, 14][11, 14][11, 14][11, 14][11, 14][11, 14] 
[16, 28, 0, 12, 17, 11, 14, 9, 3, 4, 23, 1, 24, 7, 27][10, 2, 29, 15, 5, 21, 6, 13][0, 26, 8, 19, 18, 13][11, 25, 22][11, 14][7, 20][11, 14][11, 14][11, 14][11, 14][11, 14][11, 14] 
[16, 28, 0, 12, 17, 11, 14, 9, 3, 4, 23, 1, 24, 7, 27][10, 2, 29, 15, 5, 21, 6, 13][0, 26, 8, 19, 18, 13][12, 22, 25][11, 14][7, 20][11, 14][11, 14][11, 14][11, 14][11, 14][11, 14] 
[16, 28, 0, 12, 17, 11, 14, 9, 3, 4, 23, 1, 24, 7, 27][10, 2, 29, 15, 5, 21, 6, 13][0, 26, 8, 19, 18, 13][12, 22, 25][11, 14][7, 20][11, 14][11, 14][11, 14][11, 14][11, 14][11, 14] 
[16, 28, 0, 12, 17, 11, 14, 9, 3, 4, 23, 1, 24, 7, 27][13, 18, 19, 8, 26, 0, 17, 22][10, 2, 29, 15, 5, 21, 6, 13][11, 14][22, 25][7, 20][11, 14][11, 14][11, 14][11, 14][11, 14][11, 14] 
[16, 28, 0, 26, 8, 19][2, 29, 10, 6, 13][4, 1, 3, 23, 20][11, 25, 22, 17, 12][21, 5, 15, 27][9, 14, 7, 24][13, 18][10, 15][2, 7][18, 19][7, 20][25, 28] 
[16, 28, 0, 26, 8, 19][11, 25, 22, 17, 12][2, 29, 10, 6, 13][4, 1, 3, 23, 20][21, 5, 15, 27][9, 14, 7, 24][25, 28][18, 19][13, 18][10, 15][2, 7][7, 20] 
[16, 28, 0, 26, 8, 19][11, 25, 22, 17, 12][2, 29, 10, 6, 13][4, 1, 3, 23, 20][21, 5, 15, 27][9, 14, 7, 24][25, 28][18, 19][13, 18][10, 15][2, 7][7, 20] 
[16, 28, 0, 26, 8, 19][2, 29, 10, 6, 13][4, 1, 3, 23, 20][11, 25, 22, 17, 12][9, 14, 7, 24][21, 5, 15, 27][2, 7][13, 18][7, 20][18, 19][10, 15][25, 28] 
[16, 28, 0, 26, 8, 19][2, 29, 10, 6, 13][4, 1, 3, 23, 20][11, 25, 22, 17, 12][9, 14, 7, 24][21, 5, 15, 27][2, 7][7, 20][10, 15][13, 18][18, 19][25, 28] 
[16, 28, 0, 26, 8, 19][2, 29, 10, 6, 13][4, 1, 3, 23, 20][11, 25, 22, 17, 12][9, 14, 7, 24][21, 5, 15, 27][2, 7][7, 20][10, 15][13, 18][18, 19][25, 28] 
[16, 28, 0, 26, 8, 19][2, 29, 10, 6, 13][4, 1, 3, 23, 20][11, 25, 22, 17, 12][9, 14, 7, 24][21, 5, 15, 27][2, 7][7, 20][10, 15][13, 18][18, 19][25, 28] 
[16, 28, 0, 26, 8, 19][11, 25, 22, 17, 12][2, 29, 10, 6, 13][4, 1, 3, 23, 20][21, 5, 15, 27][9, 14, 7, 24][25, 28][18, 19][13, 18][10, 15][2, 7][7, 20] 
[16, 28, 0, 26, 8, 19][4, 1, 3, 23, 20][2, 29, 10, 6, 13][11, 25, 22, 17, 12][9, 14, 7, 24][21, 5, 15, 27][7, 20][2, 7][13, 18][10, 15][18, 19][25, 28] 
[16, 28, 0, 26, 8, 19][2, 29, 10, 6, 13][4, 1, 3, 23, 20][11, 25, 22, 17, 12][21, 5, 15, 27][9, 14, 7, 24][13, 18][10, 15][2, 7][18, 19][7, 20][25, 28] 
[16, 28, 0, 26, 8, 19][11, 25, 22, 17, 12][2, 29, 10, 6, 13][4, 1, 3, 23, 20][9, 14, 7, 24][21, 5, 15, 27][25, 28][18, 19][13, 18][2, 7][10, 15][7, 20] 
[16, 28, 0, 26, 8, 19][2, 29, 10, 6, 13][4, 1, 3, 23, 20][11, 25, 22, 17, 12][21, 5, 15, 27][9, 14, 7, 24][13, 18][10, 15][2, 7][7, 20][18, 19][25, 28] 
[16, 28, 0, 26, 8, 19][11, 25, 22, 17, 12][2, 29, 10, 6, 13][4, 1, 3, 23, 20][9, 14, 7, 24][21, 5, 15, 27][25, 28][18, 19][13, 18][2, 7][10, 15][7, 20] 
[16, 28, 0, 26, 8, 19][2, 29, 10, 6, 13][4, 1, 3, 23, 20][11, 25, 22, 17, 12][9, 14, 7, 24][21, 5, 15, 27][2, 7][13, 18][7, 20][18, 19][10, 15][25, 28] 
[16, 28, 0, 26, 8, 19][2, 29, 10, 6, 13][4, 1, 3, 23, 20][11, 25, 22, 17, 12][9, 14, 7, 24][21, 5, 15, 27][2, 7][7, 20][10, 15][13, 18][18, 19][25, 28] 
[16, 28, 0, 26, 8, 19][11, 25, 22, 17, 12][4, 1, 3, 23, 20][18, 13, 6, 10, 29][9, 14, 7, 24][21, 5, 15, 27][25, 28][11, 14][23, 24][2, 7][2, 29][10, 15] 
[16, 28, 0, 26, 8, 19][18, 13, 6, 10, 29][11, 25, 22, 17, 12][4, 1, 3, 23, 20][21, 5, 15, 27][9, 14, 7, 24][10, 15][2, 29][2, 7][11, 14][23, 24][25, 28] 
[16, 28, 0, 26, 8, 19][18, 13, 6, 10, 29][4, 1, 3, 23, 20][11, 25, 22, 17, 12][21, 5, 15, 27][9, 14, 7, 24][2, 29][10, 15][2, 7][23, 24][11, 14][25, 28] 
[16, 28, 0, 26, 8, 19][11, 25, 22, 17, 12][4, 1, 3, 23, 20][18, 13, 6, 10, 29][9, 14, 7, 24][21, 5, 15, 27][11, 14][25, 28][23, 24][2, 7][2, 29][10, 15] 
[16, 28, 0, 26, 8, 19][18, 13, 6, 10, 29][11, 25, 22, 17, 12][4, 1, 3, 23, 20][21, 5, 15, 27][9, 14, 7, 24][10, 15][2, 29][2, 7][11, 14][23, 24][25, 28] 
[16, 28, 0, 26, 8, 19][2, 21, 5, 15, 27][11, 25, 22, 17, 12][4, 1, 3, 23, 20][13, 6, 10, 29][9, 14, 7, 24][18, 19][13, 18][10, 15][25, 28][11, 14][7, 20] 
[16, 28, 0, 26, 8, 19][2, 29, 10, 6, 13][4, 1, 3, 23, 20][11, 25, 22, 17, 12][21, 5, 15, 27][9, 14, 7, 24][13, 18][10, 15][2, 7][18, 19][7, 20][25, 28] 
[16, 28, 0, 26, 8, 19][2, 29, 10, 6, 13][4, 1, 3, 23, 20][11, 25, 22, 17, 12][21, 5, 15, 27][9, 14, 7, 24][13, 18][10, 15][2, 7][18, 19][7, 20][25, 28] 
[16, 28, 0, 26, 8, 19][2, 29, 10, 6, 13][4, 1, 3, 23, 20][11, 25, 22, 17, 12][21, 5, 15, 27][9, 14, 7, 24][13, 18][10, 15][2, 7][7, 20][18, 19][25, 28] 
[16, 28, 0, 26, 8, 19][2, 29, 10, 6, 13][4, 1, 3, 23, 20][11, 25, 22, 17, 12][21, 5, 15, 27][9, 14, 7, 24][13, 18][10, 15][2, 7][18, 19][7, 20][25, 28] 
[16, 28, 0, 26, 8, 19][2, 29, 10, 6, 13][4, 1, 3, 23, 20][11, 25, 22, 17, 12][9, 14, 7, 24][21, 5, 15, 27][2, 7][7, 20][10, 15][13, 18][18, 19][25, 28] 
[16, 28, 0, 26, 8, 19][11, 25, 22, 17, 12][2, 29, 10, 6, 13][4, 1, 3, 23, 20][21, 5, 15, 27][9, 14, 7, 24][25, 28][18, 19][13, 18][10, 15][2, 7][23, 24] 
[16, 28, 0, 26, 8, 19][2, 29, 10, 6, 13][4, 1, 3, 23, 20][11, 25, 22, 17, 12][21, 5, 15, 27][9, 14, 7, 24][13, 18][10, 15][2, 7][18, 19][7, 20][25, 28] 
[16, 28, 0, 26, 8, 19][11, 25, 22, 17, 12][4, 1, 3, 23, 20][18, 13, 6, 10, 29][9, 14, 7, 24][21, 5, 15, 27][25, 28][11, 14][23, 24][2, 7][2, 29][10, 15] 
[16, 28, 0, 26, 8, 19][11, 25, 22, 17, 12][4, 1, 3, 23, 20][18, 13, 6, 10, 29][9, 14, 7, 24][21, 5, 15, 27][25, 28][11, 14][23, 24][2, 7][2, 29][10, 15] 
[16, 28, 0, 26, 8, 19][18, 13, 6, 10, 29][11, 25, 22, 17, 12][4, 1, 3, 23, 20][21, 5, 15, 27][9, 14, 7, 24][10, 15][2, 29][2, 7][11, 14][23, 24][25, 28] 
[16, 28, 0, 26, 8, 19][11, 25, 22, 17, 12][4, 1, 3, 23, 20][18, 13, 6, 10, 29][9, 14, 7, 24][21, 5, 15, 27][25, 28][11, 14][23, 24][2, 7][2, 29][10, 15] 
[16, 28, 0, 26, 8, 19][18, 13, 6, 10, 29][11, 25, 22, 17, 12][4, 1, 3, 23, 20][21, 5, 15, 27][9, 14, 7, 24][10, 15][2, 29][2, 7][11, 14][23, 24][25, 28] 
[16, 28, 0, 26, 8, 19][18, 13, 6, 10, 29][11, 25, 22, 17, 12][4, 1, 3, 23, 20][21, 5, 15, 27][9, 14, 7, 24][10, 15][2, 29][2, 7][11, 14][23, 24][25, 28] 
[16, 28, 0, 26, 8, 19][11, 25, 22, 17, 12][4, 1, 3, 23, 20][18, 13, 6, 10, 29][9, 14, 7, 24][21, 5, 15, 27][25, 28][11, 14][23, 24][2, 7][2, 29][10, 15] 
[16, 28, 0, 26, 8, 19][11, 25, 22, 17, 12][4, 1, 3, 23, 20][18, 13, 6, 10, 29][9, 14, 7, 24][21, 5, 15, 27][25, 28][11, 14][23, 24][2, 7][2, 29][10, 15] 
[16, 28, 0, 26, 8, 19][18, 13, 6, 10, 29][11, 25, 22, 17, 12][4, 1, 3, 23, 20][21, 5, 15, 27][9, 14, 7, 24][10, 15][2, 29][2, 7][11, 14][23, 24][25, 28] 
[16, 28, 0, 26, 8, 19][11, 25, 22, 17, 12][4, 1, 3, 23, 20][18, 13, 6, 10, 29][9, 14, 7, 24][21, 5, 15, 27][2, 7][11, 14][25, 28][23, 24][2, 29][10, 15] 
[16, 28, 0, 26, 8, 19][11, 25, 22, 17, 12][4, 1, 3, 23, 20][18, 13, 6, 10, 29][9, 14, 7, 24][21, 5, 15, 27][25, 28][11, 14][23, 24][2, 7][2, 29][10, 15] 
[16, 28, 0, 26, 8, 19][18, 13, 6, 10, 29][11, 25, 22, 17, 12][4, 1, 3, 23, 20][21, 5, 15, 27][9, 14, 7, 24][10, 15][2, 29][2, 7][11, 14][23, 24][25, 28] 
[16, 28, 0, 26, 8, 19][18, 13, 6, 10, 29][11, 25, 22, 17, 12][4, 1, 3, 23, 20][21, 5, 15, 27][9, 14, 7, 24][10, 15][2, 29][2, 7][11, 14][23, 24][25, 28] 
[16, 28, 0, 26, 8, 19][18, 13, 6, 10, 29][4, 1, 3, 23, 20][11, 25, 22, 17, 12][21, 5, 15, 27][9, 14, 7, 24][10, 15][2, 29][2, 7][23, 24][11, 14][25, 28] 
[16, 28, 0, 26, 8, 19][11, 25, 22, 17, 12][4, 1, 3, 23, 20][18, 13, 6, 10, 29][9, 14, 7, 24][21, 5, 15, 27][25, 28][11, 14][23, 24][2, 7][2, 29][10, 15] 
[16, 28, 0, 26, 8, 19][2, 29, 10, 6, 13, 18][11, 25, 22, 17, 12][4, 1, 3, 23, 20][9, 14, 7, 24][21, 5, 15, 27][25, 28][11, 14][23, 24][2, 7][2, 29][10, 15] 
[16, 28, 0, 26, 8, 19][2, 29, 10, 6, 13, 18][11, 25, 22, 17, 12][4, 1, 3, 23, 20][9, 14, 7, 24][21, 5, 15, 27][25, 28][11, 14][23, 24][2, 7][2, 29][10, 15] 
[16, 28, 0, 26, 8, 19][2, 29, 10, 6, 13, 18][11, 25, 22, 17, 12][4, 1, 3, 23, 20][9, 14, 7, 24][21, 5, 15, 27][25, 28][11, 14][23, 24][2, 7][2, 29][10, 15] 
[16, 28, 0, 26, 8, 19][2, 29, 10, 6, 13, 18][11, 25, 22, 17, 12][4, 1, 3, 23, 20][9, 14, 7, 24][21, 5, 15, 27][25, 28][11, 14][23, 24][2, 7][2, 29][10, 15] 
[16, 28, 0, 26, 8, 19][2, 29, 10, 6, 13, 18][11, 25, 22, 17, 12][4, 1, 3, 23, 20][9, 14, 7, 24][21, 5, 15, 27][25, 28][11, 14][23, 24][2, 7][2, 29][10, 15] 
[13, 18, 19, 8, 26, 0, 28, 16][4, 1, 3, 23, 20][11, 25, 22, 17, 12][2, 29, 10, 6][9, 14, 7, 24][21, 5, 15, 27][2, 7][23, 24][11, 14][25, 28][8, 19][10, 27] 
[16, 28, 0, 26, 8, 19][11, 25, 22, 17, 12][4, 1, 3, 23, 20][18, 13, 6, 10, 29][9, 14, 7, 24][21, 5, 15, 27][2, 29][2, 7][11, 14][10, 15][25, 28][7, 20] 
[16, 28, 0, 26, 8, 19][11, 25, 22, 17, 12][4, 1, 3, 23, 20][18, 13, 6, 10, 29][9, 14, 7, 24][21, 5, 15, 27][2, 29][2, 7][11, 14][10, 15][25, 28][7, 20] 
[16, 28, 0, 26, 8, 19][4, 1, 3, 23, 20][11, 25, 22, 17, 12][18, 13, 6, 10, 29][9, 14, 7, 24][21, 5, 15, 27][7, 20][2, 7][11, 14][25, 28][2, 29][10, 15] 
[16, 28, 0, 26, 8, 19][11, 25, 22, 17, 12][4, 1, 3, 23, 20][18, 13, 6, 10, 29][21, 5, 15, 27][9, 14, 7, 24][10, 15][2, 29][2, 7][11, 14][7, 20][25, 28] 
[16, 28, 0, 26, 8, 19][11, 25, 22, 17, 12][4, 1, 3, 23, 20][18, 13, 6, 10, 29][21, 5, 15, 27][9, 14, 7, 24][10, 15][2, 29][2, 7][11, 14][7, 20][25, 28] 
[16, 28, 0, 26, 8, 19][11, 25, 22, 17, 12][4, 1, 3, 23, 20][18, 13, 6, 10, 29][9, 14, 7, 24][21, 5, 15, 27][11, 14][25, 28][23, 24][2, 7][2, 29][10, 15] 
[16, 28, 0, 26, 8, 19][11, 25, 22, 17, 12][4, 1, 3, 23, 20][18, 13, 6, 10, 29][9, 14, 7, 24][21, 5, 15, 27][2, 29][2, 7][11, 14][10, 15][25, 28][7, 20] 
