[5, 15, 6, 21, 2, 29][3, 11, 17, 22, 18, 13][10, 27, 7, 28, 25][9, 1, 23, 14, 20][8, 19, 12, 0, 26][7, 24][7, 16][6, 16][4, 24][3, 24][19, 22][4, 20] 
[4, 20, 14, 23, 1, 9][5, 15, 6, 21, 2, 29][3, 11, 17, 22, 18, 13][8, 19, 12, 0, 26][7, 28, 25][7, 16, 27][7, 24][4, 24][6, 16][3, 24][10, 27][19, 22] 
[5, 15, 6, 21, 2, 29][4, 20, 14, 23, 1, 9][10, 27, 7, 28, 25][11, 17, 22, 18, 13][8, 19, 12, 0, 26][7, 16][7, 24][6, 16][4, 24][3, 24][6, 13][19, 22] 
[5, 15, 6, 21, 2, 29][4, 20, 14, 23, 1, 9][10, 27, 7, 28, 25][11, 17, 22, 18, 13][8, 19, 12, 0, 26][7, 16][7, 24][6, 16][4, 24][3, 24][6, 13][19, 22] 
[4, 20, 14, 23, 1, 9][5, 15, 6, 21, 2, 29][11, 17, 22, 18, 13][8, 19, 12, 0, 26][10, 27, 7, 28, 25][3, 11][3, 24][4, 24][19, 22][7, 24][7, 16][6, 16] 
[4, 20, 14, 23, 1, 9][5, 15, 6, 21, 2, 29][11, 17, 22, 18, 13][8, 19, 12, 0, 26][10, 27, 7, 28, 25][3, 11][3, 24][4, 24][19, 22][7, 24][7, 16][6, 16] 
[4, 20, 14, 23, 1, 9][5, 15, 6, 21, 2, 29][11, 17, 22, 18, 13][8, 19, 12, 0, 26][7, 16, 27][3, 24, 7][7, 28, 25][10, 27][3, 11][4, 24][19, 22][6, 16] 
[4, 20, 14, 23, 1, 9][5, 15, 6, 21, 2, 29][10, 27, 7, 28, 25][11, 17, 22, 18, 13][8, 19, 12, 0, 26][7, 16, 27][7, 24][4, 24][3, 24][3, 11][19, 22][6, 16] 
[5, 15, 6, 21, 2, 29][4, 20, 14, 23, 1, 9][11, 17, 22, 18, 13][8, 19, 12, 0, 26][10, 27, 7, 28, 25][19, 22][3, 11][3, 24][7, 24][7, 16][6, 16][4, 24] 
[4, 20, 14, 23, 1, 9][5, 15, 6, 21, 2, 29][10, 27, 7, 28, 25][11, 17, 22, 18, 13][8, 19, 12, 0, 26][7, 16, 27][4, 24][7, 24][3, 24][3, 11][6, 16][19, 22] 
[5, 15, 6, 21, 2, 29][3, 11, 17, 22, 18, 13][10, 27, 7, 28, 25][9, 1, 23, 14, 20][8, 19, 12, 0, 26][7, 24][7, 16][6, 16][4, 24][3, 24][19, 22][4, 20] 
[5, 15, 6, 21, 2, 29][4, 20, 14, 23, 1, 9][3, 11, 17, 22, 18, 13][8, 19, 12, 0, 26][7, 28, 25][7, 16, 27][7, 24][6, 16][4, 24][3, 24][10, 27][19, 22] 
[5, 15, 6, 21, 2, 29][4, 20, 14, 23, 1, 9][10, 27, 7, 28, 25][11, 17, 22, 18, 13][8, 19, 12, 0, 26][7, 16][7, 24][6, 16][4, 24][3, 24][6, 13][19, 22] 
[5, 15, 6, 21, 2, 29][4, 20, 14, 23, 1, 9][10, 27, 7, 28, 25][11, 17, 22, 18, 13][8, 19, 12, 0, 26][6, 16][7, 16][7, 24][3, 24][4, 24][3, 11][19, 22] 
[4, 20, 14, 23, 1, 9][5, 15, 6, 21, 2, 29][11, 17, 22, 18, 13][8, 19, 12, 0, 26][10, 27, 7, 28, 25][3, 11][3, 24][4, 24][19, 22][7, 24][7, 16][6, 16] 
[4, 20, 14, 23, 1, 9][5, 15, 6, 21, 2, 29][10, 27, 7, 28, 25][11, 17, 22, 18, 13][8, 19, 12, 0, 26][7, 16, 27][4, 24][7, 24][3, 24][3, 11][6, 16][19, 22] 
[5, 15, 6, 21, 2, 29][3, 11, 17, 22, 18, 13][10, 27, 7, 28, 25][9, 1, 23, 14, 20][8, 19, 12, 0, 26][7, 24][7, 16][6, 16][4, 24][3, 24][19, 22][4, 20] 
[5, 15, 6, 21, 2, 29][4, 20, 14, 23, 1, 9][3, 11, 17, 22, 18, 13][8, 19, 12, 0, 26][7, 16, 27][7, 28, 25][6, 16][7, 24][4, 24][10, 27][3, 24][19, 22] 
[5, 15, 6, 21, 2, 29][4, 20, 14, 23, 1, 9][10, 27, 7, 28, 25][11, 17, 22, 18, 13][8, 19, 12, 0, 26][7, 16][6, 16][7, 24][4, 24][3, 24][3, 11][19, 22] 
[3, 11, 17, 22, 18, 13][5, 15, 6, 21, 2, 29][10, 27, 7, 28, 25][9, 1, 23, 14, 20][8, 19, 12, 0, 26][7, 16][7, 24][3, 24][4, 24][4, 20][19, 22][6, 16] 
[3, 11, 17, 22, 18, 13][5, 15, 6, 21, 2, 29][10, 27, 7, 28, 25][8, 19, 12, 0, 26][9, 1, 23, 14, 20][3, 24][7, 24][19, 22][4, 24][4, 20][7, 16][6, 16] 
[5, 15, 6, 21, 2, 29][4, 20, 14, 23, 1, 9][3, 11, 17, 22, 18, 13][8, 19, 12, 0, 26][7, 28, 25][7, 16, 27][7, 24][6, 16][4, 24][3, 24][10, 27][19, 22] 
[5, 15, 6, 21, 2, 29][4, 20, 14, 23, 1, 9][10, 27, 7, 28, 25][11, 17, 22, 18, 13][8, 19, 12, 0, 26][7, 16][7, 24][6, 16][4, 24][3, 24][6, 13][19, 22] 
[4, 20, 14, 23, 1, 9][5, 15, 6, 21, 2, 29][11, 17, 22, 18, 13][8, 19, 12, 0, 26][10, 27, 7, 28, 25][3, 11][3, 24][4, 24][19, 22][7, 24][7, 16][6, 16] 
[4, 20, 14, 23, 1, 9][5, 15, 6, 21, 2, 29][11, 17, 22, 18, 13][8, 19, 12, 0, 26][10, 27, 7, 28, 25][3, 11][3, 24][4, 24][19, 22][7, 24][7, 16][6, 16] 
[4, 20, 14, 23, 1, 9][5, 15, 6, 21, 2, 29][8, 19, 12, 0, 26][11, 17, 22, 18, 13][10, 27, 7, 28, 25][7, 16, 27][19, 22][3, 11][3, 24][4, 24][7, 24][6, 16] 
[3, 11, 17, 22, 18, 13][5, 15, 6, 21, 2, 29][10, 27, 7, 28, 25][8, 19, 12, 0, 26][9, 1, 23, 14, 20][7, 24][3, 24][19, 22][4, 24][4, 20][7, 16][6, 16] 
[5, 15, 6, 21, 2, 29][4, 20, 14, 23, 1, 9][3, 11, 17, 22, 18, 13][8, 19, 12, 0, 26][7, 28, 25][7, 16, 27][7, 24][6, 16][4, 24][3, 24][10, 27][19, 22] 
[5, 15, 6, 21, 2, 29][4, 20, 14, 23, 1, 9][10, 27, 7, 28, 25][11, 17, 22, 18, 13][8, 19, 12, 0, 26][7, 16][7, 24][6, 16][3, 24][3, 11][19, 22][4, 24] 
[3, 11, 17, 22, 18, 13][5, 15, 6, 21, 2, 29][9, 1, 23, 14, 20][8, 19, 12, 0, 26][10, 27, 7, 28, 25][4, 20][4, 24][3, 24][19, 22][7, 24][7, 16][6, 16] 
[5, 15, 6, 21, 2, 29][3, 11, 17, 22, 18, 13][10, 27, 7, 28, 25][9, 1, 23, 14, 20][8, 19, 12, 0, 26][7, 24][7, 16][6, 16][4, 24][3, 24][19, 22][4, 20] 
[5, 15, 6, 21, 2, 29][4, 20, 14, 23, 1, 9][3, 11, 17, 22, 18, 13][8, 19, 12, 0, 26][7, 16, 27][7, 28, 25][6, 16][7, 24][4, 24][10, 27][3, 24][19, 22] 
[5, 15, 6, 21, 2, 29][4, 20, 14, 23, 1, 9][10, 27, 7, 28, 25][11, 17, 22, 18, 13][8, 19, 12, 0, 26][6, 16][7, 16][7, 24][4, 24][3, 24][3, 11][19, 22] 
[5, 15, 6, 21, 2, 29][3, 11, 17, 22, 18, 13][10, 27, 7, 28, 25][8, 19, 12, 0, 26][9, 1, 23, 14, 20][7, 16][6, 16][7, 24][3, 24][19, 22][4, 24][4, 20] 
[3, 11, 17, 22, 18, 13][5, 15, 6, 21, 2, 29][10, 27, 7, 28, 25][8, 19, 12, 0, 26][9, 1, 23, 14, 20][7, 24][3, 24][19, 22][4, 24][4, 20][7, 16][6, 16] 
[1, 4, 23, 24, 3, 9, 14, 7, 16, 6, 5][20, 24, 4, 7, 10, 2, 29, 27, 15, 21][8, 26, 0, 12, 19, 22, 25, 28][1, 3, 11, 17, 12, 8][13, 18, 22][2, 29][7, 24][7, 24][7, 24][2, 29][19, 22][8, 12] 
[1, 4, 23, 24, 3, 9, 14, 7, 16, 6, 5][20, 24, 4, 7, 10, 2, 29, 27, 15, 21][8, 26, 0, 12, 19, 22, 25, 28][1, 3, 11, 17, 12, 8][13, 18, 22][2, 29][7, 24][7, 24][7, 24][2, 29][19, 22][8, 12] 
[1, 4, 23, 24, 3, 9, 14, 7, 16, 6, 5][20, 24, 4, 7, 10, 2, 29, 27, 15, 21][8, 26, 0, 12, 19, 22, 25, 28][1, 3, 11, 17, 12, 8][13, 18, 22][2, 29][7, 24][7, 24][7, 24][2, 29][19, 22][8, 12] 
[20, 24, 4, 7, 10, 2, 29, 27, 15, 21][5, 6, 16, 7, 14, 9, 3, 24, 23][1, 3, 11, 17, 12, 8, 26][0, 12, 19, 22, 25, 28][13, 18, 22][19, 22][7, 24][2, 29][2, 29][2, 29][7, 24][2, 29] 
[20, 24, 4, 7, 10, 2, 29, 27, 15, 21][5, 6, 16, 7, 14, 9, 3, 24, 23][1, 3, 11, 17, 12, 8, 26][0, 12, 19, 22, 25, 28][13, 18, 22][19, 22][7, 24][2, 29][2, 29][2, 29][7, 24][2, 29] 
[20, 24, 4, 7, 10, 2, 29, 27, 15, 21][6, 16, 7, 14, 9, 3, 24, 23][1, 3, 11, 17, 12, 8, 26][0, 12, 19, 22, 25, 28][13, 18, 22][2, 29][13, 18][5, 6][2, 29][13, 18][2, 29][2, 29] 
[1, 4, 23, 24, 3, 9, 14, 7, 16, 6, 5][20, 24, 4, 7, 10, 2, 29, 27, 15, 21][8, 26, 0, 12, 19, 22, 25, 28][1, 3, 11, 17, 12, 8][13, 18, 22][2, 29][7, 24][7, 24][7, 24][2, 29][19, 22][8, 12] 
[1, 4, 23, 24, 3, 9, 14, 7, 16, 6, 5][20, 24, 4, 7, 10, 2, 29, 27, 15, 21][8, 26, 0, 12, 19, 22, 25, 28][1, 3, 11, 17, 12, 8][13, 18, 22][2, 29][7, 24][7, 24][7, 24][2, 29][19, 22][8, 12] 
[20, 24, 4, 7, 10, 2, 29, 27, 15, 21][5, 6, 16, 7, 14, 9, 3, 24, 23][1, 3, 11, 17, 12, 8, 26][0, 12, 19, 22, 25, 28][13, 18, 22][19, 22][7, 24][2, 29][2, 29][2, 29][7, 24][2, 29] 
[1, 4, 23, 24, 3, 9, 14, 7, 16, 6, 5][20, 24, 4, 7, 10, 2, 29, 27, 15, 21][8, 26, 0, 12, 19, 22, 25, 28][1, 3, 11, 17, 12, 8][13, 18, 22][2, 29][7, 24][7, 24][7, 24][2, 29][19, 22][8, 12] 
[1, 4, 23, 24, 3, 9, 14, 7, 16, 6, 5][20, 24, 4, 7, 10, 2, 29, 27, 15, 21][8, 26, 0, 12, 19, 22, 25, 28][1, 3, 11, 17, 12, 8][13, 18, 22][2, 29][7, 24][7, 24][7, 24][2, 29][19, 22][8, 12] 
[1, 4, 23, 24, 3, 9, 14, 7, 16, 6, 5][20, 24, 4, 7, 10, 2, 29, 27, 15, 21][8, 26, 0, 12, 19, 22, 25, 28][1, 3, 11, 17, 12, 8][13, 18, 22][2, 29][7, 24][7, 24][7, 24][2, 29][19, 22][8, 12] 
[20, 24, 4, 7, 10, 2, 29, 27, 15, 21][5, 6, 16, 7, 14, 9, 3, 24, 23][1, 3, 11, 17, 12, 8, 26][0, 12, 19, 22, 25, 28][13, 18, 22][19, 22][7, 24][2, 29][2, 29][2, 29][7, 24][2, 29] 
[1, 4, 23, 24, 3, 9, 14, 7, 16, 6, 5][20, 24, 4, 7, 10, 2, 29, 27, 15, 21][8, 26, 0, 12, 19, 22, 25, 28][1, 3, 11, 17, 12, 8][13, 18, 22][2, 29][7, 24][7, 24][7, 24][2, 29][19, 22][8, 12] 
[1, 4, 23, 24, 3, 9, 14, 7, 16, 6, 5][20, 24, 4, 7, 10, 2, 29, 27, 15, 21][8, 26, 0, 12, 19, 22, 25, 28][1, 3, 11, 17, 12, 8][13, 18, 22][2, 29][7, 24][7, 24][7, 24][2, 29][19, 22][8, 12] 
[1, 4, 23, 24, 3, 9, 14, 7, 16, 6, 5][20, 24, 4, 7, 10, 2, 29, 27, 15, 21][8, 26, 0, 12, 19, 22, 25, 28][1, 3, 11, 17, 12, 8][13, 18, 22][2, 29][7, 24][7, 24][7, 24][2, 29][19, 22][8, 12] 
[1, 4, 23, 24, 3, 9, 14, 7, 16, 6, 5][20, 24, 4, 7, 10, 2, 29, 27, 15, 21][8, 26, 0, 12, 19, 22, 25, 28][1, 3, 11, 17, 12, 8][13, 18, 22][2, 29][7, 24][7, 24][7, 24][2, 29][19, 22][8, 12] 
[1, 4, 23, 24, 3, 9, 14, 7, 16, 6, 5][20, 24, 4, 7, 10, 2, 29, 27, 15, 21][3, 11, 17, 12, 8, 26][0, 12, 19, 22, 25, 28][13, 18, 22][7, 24][19, 22][19, 22][2, 29][2, 29][7, 24][2, 29] 
[1, 4, 23, 24, 3, 9, 14, 7, 16, 6, 5][20, 24, 4, 7, 10, 2, 29, 27, 15, 21][8, 26, 0, 12, 19, 22, 25, 28][1, 3, 11, 17, 12, 8][13, 18, 22][2, 29][7, 24][7, 24][7, 24][2, 29][19, 22][8, 12] 
[1, 4, 23, 24, 3, 9, 14, 7, 16, 6, 5][20, 24, 4, 7, 10, 2, 29, 27, 15, 21][8, 26, 0, 12, 19, 22, 25, 28][1, 3, 11, 17, 12, 8][13, 18, 22][2, 29][7, 24][7, 24][7, 24][2, 29][19, 22][8, 12] 
[1, 4, 23, 24, 3, 9, 14, 7, 16, 6, 5][20, 24, 4, 7, 10, 2, 29, 27, 15, 21][8, 26, 0, 12, 19, 22, 25, 28][1, 3, 11, 17, 12, 8][13, 18, 22][2, 29][7, 24][7, 24][7, 24][2, 29][19, 22][8, 12] 
[4, 20, 14, 23, 1, 9][5, 15, 6, 21, 2, 29][10, 27, 7, 28, 25][11, 17, 22, 18, 13][8, 19, 12, 0, 26][7, 16, 27][7, 24][4, 24][3, 24][3, 11][19, 22][6, 16] 
[4, 20, 14, 23, 1, 9][5, 15, 6, 21, 2, 29][10, 27, 7, 28, 25][11, 17, 22, 18, 13][8, 19, 12, 0, 26][7, 16, 27][4, 24][7, 24][3, 24][3, 11][6, 16][19, 22] 
[4, 20, 14, 23, 1, 9][5, 15, 6, 21, 2, 29][8, 19, 12, 0, 26][11, 17, 22, 18, 13][10, 27, 7, 28, 25][7, 16, 27][19, 22][3, 11][3, 24][4, 24][7, 24][6, 16] 
[4, 20, 14, 23, 1, 9][5, 15, 6, 21, 2, 29][11, 17, 22, 18, 13][8, 19, 12, 0, 26][10, 27, 7, 28, 25][7, 16, 27][3, 11][19, 22][3, 24][7, 24][4, 24][6, 16] 
[4, 20, 14, 23, 1, 9][5, 15, 6, 21, 2, 29][10, 27, 7, 28, 25][11, 17, 22, 18, 13][8, 19, 12, 0, 26][7, 16, 27][4, 24][7, 24][3, 24][3, 11][6, 16][19, 22] 
[4, 20, 14, 23, 1, 9][5, 15, 6, 21, 2, 29][11, 17, 22, 18, 13][8, 19, 12, 0, 26][10, 27, 7, 28, 25][7, 16, 27][3, 11][19, 22][3, 24][7, 24][4, 24][6, 16] 
[4, 20, 14, 23, 1, 9][5, 15, 6, 21, 2, 29][11, 17, 22, 18, 13][8, 19, 12, 0, 26][10, 27, 7, 28, 25][7, 16, 27][3, 11][19, 22][3, 24][7, 24][4, 24][6, 16] 
[4, 20, 14, 23, 1, 9][5, 15, 6, 21, 2, 29][10, 27, 7, 28, 25][11, 17, 22, 18, 13][8, 19, 12, 0, 26][7, 16, 27][4, 24][7, 24][3, 24][3, 11][6, 16][19, 22] 
[4, 20, 14, 23, 1, 9][5, 15, 6, 21, 2, 29][10, 27, 7, 28, 25][11, 17, 22, 18, 13][8, 19, 12, 0, 26][7, 16, 27][4, 24][7, 24][3, 24][3, 11][6, 16][19, 22] 
[4, 20, 14, 23, 1, 9][5, 15, 6, 21, 2, 29][10, 27, 7, 28, 25][11, 17, 22, 18, 13][8, 19, 12, 0, 26][7, 16, 27][4, 24][7, 24][3, 24][3, 11][6, 16][19, 22] 
[5, 15, 6, 21, 2, 29][4, 20, 14, 23, 1, 9][10, 27, 7, 28, 25][11, 17, 22, 18, 13][8, 19, 12, 0, 26][7, 16, 27][6, 16][7, 24][3, 24][3, 11][19, 22][4, 24] 
[4, 20, 14, 23, 1, 9][5, 15, 6, 21, 2, 29][11, 17, 22, 18, 13][10, 27, 7, 28, 25][8, 19, 12, 0, 26][7, 16, 27][3, 11][3, 24][7, 24][4, 24][19, 22][6, 16] 
[4, 20, 14, 23, 1, 9][5, 15, 6, 21, 2, 29][11, 17, 22, 18, 13][10, 27, 7, 28, 25][8, 19, 12, 0, 26][7, 16, 27][3, 11][3, 24][7, 24][4, 24][19, 22][6, 16] 
[4, 20, 14, 23, 1, 9][5, 15, 6, 21, 2, 29][10, 27, 7, 28, 25][11, 17, 22, 18, 13][8, 19, 12, 0, 26][7, 16, 27][4, 24][7, 24][3, 24][3, 11][6, 16][19, 22] 
[5, 15, 6, 21, 2, 29][4, 20, 14, 23, 1, 9][10, 27, 7, 28, 25][11, 17, 22, 18, 13][8, 19, 12, 0, 26][7, 16, 27][6, 16][7, 24][3, 24][3, 11][19, 22][4, 24] 
[5, 15, 6, 21, 2, 29][3, 11, 17, 22, 18, 13][10, 27, 7, 28, 25][9, 1, 23, 14, 20][8, 19, 12, 0, 26][7, 24][7, 16][6, 16][4, 24][3, 24][19, 22][4, 20] 
[3, 11, 17, 22, 18, 13][5, 15, 6, 21, 2, 29][9, 1, 23, 14, 20][8, 19, 12, 0, 26][10, 27, 7, 28, 25][4, 24][3, 24][4, 20][19, 22][7, 24][7, 16][6, 16] 
[3, 11, 17, 22, 18, 13][5, 15, 6, 21, 2, 29][10, 27, 7, 28, 25][8, 19, 12, 0, 26][9, 1, 23, 14, 20][7, 16][7, 24][3, 24][6, 16][19, 22][4, 24][4, 20] 
[3, 11, 17, 22, 18, 13][5, 15, 6, 21, 2, 29][9, 1, 23, 14, 20][8, 19, 12, 0, 26][10, 27, 7, 28, 25][4, 24][3, 24][4, 20][19, 22][7, 24][7, 16][6, 16] 
[5, 15, 6, 21, 2, 29][3, 11, 17, 22, 18, 13][10, 27, 7, 28, 25][9, 1, 23, 14, 20][8, 19, 12, 0, 26][7, 24][7, 16][6, 16][4, 24][3, 24][19, 22][4, 20] 
[5, 15, 6, 21, 2, 29][3, 11, 17, 22, 18, 13][8, 19, 12, 0, 26][9, 1, 23, 14, 20][10, 7, 16, 27][7, 28, 25][4, 20][4, 24][7, 24][6, 16][3, 24][19, 22] 
[4, 20, 14, 23, 1, 9][5, 15, 6, 21, 2, 29][10, 27, 7, 28, 25][11, 17, 22, 18, 13][8, 19, 12, 0, 26][7, 16, 27][4, 24][7, 24][3, 24][3, 11][6, 16][19, 22] 
[4, 20, 14, 23, 1, 9][5, 15, 6, 21, 2, 29][10, 27, 7, 28, 25][11, 17, 22, 18, 13][8, 19, 12, 0, 26][7, 16, 27][4, 24][7, 24][3, 24][3, 11][6, 16][19, 22] 
[4, 20, 14, 23, 1, 9][5, 15, 6, 21, 2, 29][10, 27, 7, 28, 25][11, 17, 22, 18, 13][8, 19, 12, 0, 26][7, 16, 27][4, 24][7, 24][3, 24][3, 11][6, 16][19, 22] 
[4, 20, 14, 23, 1, 9][5, 15, 6, 21, 2, 29][8, 19, 12, 0, 26][11, 17, 22, 18, 13][10, 27, 7, 28, 25][7, 16, 27][19, 22][3, 11][3, 24][7, 24][4, 24][6, 16] 
[4, 20, 14, 23, 1, 9][5, 15, 6, 21, 2, 29][8, 19, 12, 0, 26][11, 17, 22, 18, 13][10, 27, 7, 28, 25][7, 16, 27][19, 22][3, 11][3, 24][7, 24][4, 24][6, 16] 
[4, 20, 14, 23, 1, 9][5, 15, 6, 21, 2, 29][11, 17, 22, 18, 13][10, 27, 7, 28, 25][8, 19, 12, 0, 26][3, 11][3, 24][7, 24][7, 16][19, 22][4, 24][6, 16] 
[4, 20, 14, 23, 1, 9][5, 15, 6, 21, 2, 29][10, 27, 7, 28, 25][11, 17, 22, 18, 13][8, 19, 12, 0, 26][7, 16, 27][4, 24][7, 24][3, 24][3, 11][6, 16][19, 22] 
[5, 15, 6, 21, 2, 29][3, 11, 17, 22, 18, 13][10, 27, 7, 28, 25][9, 1, 23, 14, 20][8, 19, 12, 0, 26][7, 24][7, 16][6, 16][4, 24][3, 24][19, 22][4, 20] 
[5, 15, 6, 21, 2, 29][3, 11, 17, 22, 18, 13][10, 27, 7, 28, 25][9, 1, 23, 14, 20][8, 19, 12, 0, 26][7, 24][7, 16][6, 16][4, 24][3, 24][19, 22][4, 20] 
[5, 15, 6, 21, 2, 29][3, 11, 17, 22, 18, 13][10, 27, 7, 28, 25][9, 1, 23, 14, 20][8, 19, 12, 0, 26][7, 24][7, 16][6, 16][4, 24][3, 24][19, 22][4, 20] 
[3, 11, 17, 22, 18, 13][5, 15, 6, 21, 2, 29][10, 27, 7, 28, 25][8, 19, 12, 0, 26][9, 1, 23, 14, 20][7, 24][7, 16][4, 24][3, 24][6, 16][19, 22][4, 20] 
[5, 15, 6, 21, 2, 29][3, 11, 17, 22, 18, 13][10, 27, 7, 28, 25][9, 1, 23, 14, 20][8, 19, 12, 0, 26][7, 24][7, 16][6, 16][4, 24][3, 24][19, 22][4, 20] 
[3, 11, 17, 22, 18, 13][5, 15, 6, 21, 2, 29][10, 27, 7, 28, 25][8, 19, 12, 0, 26][9, 1, 23, 14, 20][7, 24][7, 16][4, 24][3, 24][6, 16][19, 22][4, 20] 
[5, 15, 6, 21, 2, 29][3, 11, 17, 22, 18, 13][10, 27, 7, 28, 25][9, 1, 23, 14, 20][8, 19, 12, 0, 26][7, 24][7, 16][6, 16][4, 24][3, 24][19, 22][4, 20] 
[3, 11, 17, 22, 18, 13][5, 15, 6, 21, 2, 29][9, 1, 23, 14, 20][8, 19, 12, 0, 26][10, 27, 7, 28, 25][4, 24][3, 24][4, 20][19, 22][7, 24][7, 16][6, 16] 
[5, 15, 6, 21, 2, 29][3, 11, 17, 22, 18, 13][10, 27, 7, 28, 25][9, 1, 23, 14, 20][8, 19, 12, 0, 26][7, 24][7, 16][6, 16][4, 24][3, 24][19, 22][4, 20] 
[5, 15, 6, 21, 2, 29][3, 11, 17, 22, 18, 13][10, 27, 7, 28, 25][9, 1, 23, 14, 20][8, 19, 12, 0, 26][7, 24][7, 16][6, 16][4, 24][3, 24][19, 22][4, 20] 
[5, 15, 6, 21, 2, 29][3, 11, 17, 22, 18, 13][10, 27, 7, 28, 25][9, 1, 23, 14, 20][8, 19, 12, 0, 26][7, 24][7, 16][6, 16][4, 24][3, 24][19, 22][4, 20] 
[3, 11, 17, 22, 18, 13][5, 15, 6, 21, 2, 29][9, 1, 23, 14, 20][8, 19, 12, 0, 26][10, 27, 7, 28, 25][4, 24][3, 24][4, 20][19, 22][7, 24][7, 16][6, 16] 
[5, 15, 6, 21, 2, 29][3, 11, 17, 22, 18, 13][10, 27, 7, 28, 25][8, 19, 12, 0, 26][9, 1, 23, 14, 20][7, 16][6, 16][7, 24][3, 24][19, 22][4, 24][4, 20] 
[3, 11, 17, 22, 18, 13][5, 15, 6, 21, 2, 29][9, 1, 23, 14, 20][8, 19, 12, 0, 26][10, 27, 7, 28, 25][4, 20][4, 24][3, 24][19, 22][7, 24][7, 16][6, 16] 
[5, 15, 6, 21, 2, 29][3, 11, 17, 22, 18, 13][10, 27, 7, 28, 25][9, 1, 23, 14, 20][8, 19, 12, 0, 26][7, 24][7, 16][6, 16][4, 24][3, 24][19, 22][4, 20] 
[4, 20, 14, 23, 1, 9][3, 11, 17, 22, 18, 13][5, 15, 6, 21, 2, 29][8, 19, 12, 0, 26][10, 7, 16, 27][7, 28, 25][14, 20][4, 24][3, 24][7, 24][6, 16][19, 22] 
[4, 20, 14, 23, 1, 9][3, 11, 17, 22, 18, 13][5, 15, 6, 21, 2, 29][8, 19, 12, 0, 26][10, 7, 16, 27][7, 28, 25][14, 20][4, 24][3, 24][7, 24][6, 16][19, 22] 
[4, 20, 14, 23, 1, 9][3, 11, 17, 22, 18, 13][5, 15, 6, 21, 2, 29][8, 19, 12, 0, 26][10, 7, 16, 27][7, 28, 25][4, 24][3, 24][7, 24][19, 22][6, 16][14, 20] 
[4, 20, 14, 23, 1, 9][3, 11, 17, 22, 18, 13][5, 15, 6, 21, 2, 29][8, 19, 12, 0, 26][10, 7, 16, 27][7, 28, 25][4, 24][3, 24][7, 24][19, 22][6, 16][14, 20] 
[4, 20, 14, 23, 1, 9][3, 11, 17, 22, 18, 13][5, 15, 6, 21, 2, 29][8, 19, 12, 0, 26][10, 7, 16, 27][7, 28, 25][4, 24][3, 24][7, 24][19, 22][6, 16][14, 20] 
[6, 16, 2, 15, 5, 21][25, 28, 7, 27, 10, 29][4, 20, 14, 23, 1, 9][3, 11, 17, 22, 18, 13][8, 19, 12, 0, 26][6, 16][7, 16][7, 24][4, 24][3, 24][3, 11][19, 22] 
[4, 20, 14, 23, 1, 9][5, 15, 6, 21, 2, 29][11, 17, 22, 18, 13][10, 27, 7, 28, 25][8, 19, 12, 0, 26][3, 11][3, 24][7, 24][7, 16][19, 22][4, 24][6, 16] 
[5, 15, 6, 21, 2, 29][4, 20, 14, 23, 1, 9][10, 27, 7, 28, 25][11, 17, 22, 18, 13][8, 19, 12, 0, 26][7, 16][7, 24][6, 16][3, 24][3, 11][19, 22][4, 24] 
[4, 20, 14, 23, 1, 9][5, 15, 6, 21, 2, 29][11, 17, 22, 18, 13][8, 19, 12, 0, 26][10, 27, 7, 28, 25][3, 11][3, 24][4, 24][19, 22][7, 24][7, 16][6, 16] 
[4, 20, 14, 23, 1, 9][5, 15, 6, 21, 2, 29][10, 27, 7, 28, 25][11, 17, 22, 18, 13][8, 19, 12, 0, 26][4, 24][7, 24][3, 24][7, 16][3, 11][6, 16][19, 22] 
[4, 20, 14, 23, 1, 9][5, 15, 6, 21, 2, 29][11, 17, 22, 18, 13][10, 27, 7, 28, 25][8, 19, 12, 0, 26][3, 11][3, 24][7, 24][4, 24][19, 22][7, 16][6, 16] 
[5, 15, 6, 21, 2, 29][3, 11, 17, 22, 18, 13][10, 27, 7, 28, 25][9, 1, 23, 14, 20][8, 19, 12, 0, 26][7, 24][7, 16][6, 16][4, 24][3, 24][19, 22][4, 20] 
[4, 20, 14, 23, 1, 9][5, 15, 6, 21, 2, 29][11, 17, 22, 18, 13][8, 19, 12, 0, 26][10, 27, 7, 28, 25][7, 16, 27][3, 11][19, 22][3, 24][7, 24][4, 24][6, 16] 
