[3, 9, 14, 11, 25, 28][1, 23, 20, 4, 24][5, 21, 2, 29, 15][8, 12, 22, 19, 17][7, 16, 27, 10][13, 18, 0, 26][1, 9][7, 20][6, 16][6, 13][2, 7][12, 18] 
[3, 9, 14, 11, 25, 28][5, 21, 2, 29, 15][1, 23, 20, 4, 24][8, 12, 22, 19, 17][7, 16, 27, 10][13, 18, 0, 26][6, 16][6, 13][2, 7][7, 20][12, 18][1, 9] 
[3, 9, 14, 11, 25, 28][8, 12, 22, 19, 17][5, 21, 2, 29, 15][1, 23, 20, 4, 24][13, 18, 0, 26][7, 16, 27, 10][18, 22][6, 13][6, 16][2, 7][7, 20][1, 9] 
[3, 9, 14, 11, 25, 28][1, 23, 20, 4, 24][5, 21, 2, 29, 15][7, 16, 27, 10][13, 18, 0, 26][17, 19, 22, 18][8, 12, 19][1, 9][7, 20][2, 7][6, 16][6, 13] 
[3, 9, 14, 11, 25, 28][8, 12, 22, 19, 17][1, 23, 20, 4, 24][5, 21, 2, 29, 15][13, 18, 0, 26][7, 16, 27, 10][6, 13][18, 22][6, 16][7, 20][1, 9][2, 7] 
[3, 9, 14, 11, 25, 28][8, 12, 22, 19, 17][5, 21, 2, 29, 15][1, 23, 20, 4, 24][13, 18, 0, 26][7, 16, 27, 10][18, 22][6, 13][6, 16][2, 7][7, 20][1, 9] 
[3, 9, 14, 11, 25, 28][1, 23, 20, 4, 24][5, 21, 2, 29, 15][8, 12, 22, 19, 17][7, 16, 27, 10][13, 18, 0, 26][1, 9][7, 20][2, 7][6, 16][6, 13][18, 22] 
[3, 9, 14, 11, 25, 28][1, 23, 20, 4, 24][5, 21, 2, 29, 15][8, 12, 22, 19, 17][7, 16, 27, 10][13, 18, 0, 26][1, 9][7, 20][6, 16][2, 7][6, 13][18, 22] 
[3, 9, 14, 11, 25, 28][8, 12, 22, 19, 17][1, 23, 20, 4, 24][5, 21, 2, 29, 15][13, 18, 0, 26][7, 16, 27, 10][6, 13][18, 22][6, 16][7, 20][1, 9][2, 7] 
[3, 9, 14, 11, 25, 28][8, 12, 22, 19, 17][1, 23, 20, 4, 24][5, 21, 2, 29, 15][13, 18, 0, 26][7, 16, 27, 10][6, 13][18, 22][6, 16][7, 20][1, 9][2, 7] 
[3, 9, 14, 11, 25, 28][1, 23, 20, 4, 24][5, 21, 2, 29, 15][8, 12, 22, 19, 17][7, 16, 27, 10][13, 18, 0, 26][1, 9][7, 20][6, 16][6, 13][2, 7][12, 18] 
[3, 9, 14, 11, 25, 28][1, 23, 20, 4, 24][5, 21, 2, 29, 15][8, 12, 22, 19, 17][7, 16, 27, 10][13, 18, 0, 26][1, 9][7, 20][2, 7][6, 16][6, 13][12, 18] 
[3, 9, 14, 11, 25, 28][1, 23, 20, 4, 24][5, 21, 2, 29, 15][8, 12, 22, 19, 17][7, 16, 27, 10][13, 18, 0, 26][7, 20][2, 7][6, 16][6, 13][18, 22][1, 9] 
[3, 9, 14, 11, 25, 28][1, 23, 20, 4, 24][5, 21, 2, 29, 15][8, 12, 22, 19, 17][7, 16, 27, 10][13, 18, 0, 26][7, 20][6, 16][2, 7][6, 13][18, 22][1, 9] 
[3, 9, 14, 11, 25, 28][8, 12, 22, 19, 17][5, 21, 2, 29, 15][1, 23, 20, 4, 24][13, 18, 0, 26][7, 16, 27, 10][18, 22][6, 13][6, 16][2, 7][7, 20][1, 9] 
[3, 9, 14, 11, 25, 28][8, 12, 22, 19, 17][5, 21, 2, 29, 15][1, 23, 20, 4, 24][13, 18, 0, 26][7, 16, 27, 10][18, 22][6, 13][6, 16][2, 7][7, 20][1, 9] 
[3, 9, 14, 11, 25, 28][1, 23, 20, 4, 24][5, 21, 2, 29, 15][8, 12, 22, 19, 17][7, 16, 27, 10][13, 18, 0, 26][1, 9][7, 20][2, 7][6, 16][6, 13][12, 18] 
[3, 9, 14, 11, 25, 28][1, 23, 20, 4, 24][5, 21, 2, 29, 15][8, 12, 22, 19, 17][7, 16, 27, 10][13, 18, 0, 26][1, 9][7, 20][2, 7][6, 16][6, 13][12, 18] 
[3, 9, 14, 11, 25, 28][1, 23, 20, 4, 24][5, 21, 2, 29, 15][8, 12, 22, 19, 17][7, 16, 27, 10][13, 18, 0, 26][1, 9][7, 20][2, 7][6, 16][6, 13][18, 22] 
[3, 9, 14, 11, 25, 28][1, 23, 20, 4, 24][5, 21, 2, 29, 15][8, 12, 22, 19, 17][7, 16, 27, 10][13, 18, 0, 26][1, 9][7, 20][2, 7][6, 16][6, 13][12, 18] 
[3, 9, 14, 11, 25, 28][1, 23, 20, 4, 24][5, 21, 2, 29, 15][8, 12, 22, 19, 17][7, 16, 27, 10][13, 18, 0, 26][1, 9][7, 20][2, 7][6, 16][6, 13][12, 18] 
[3, 9, 14, 11, 25, 28][1, 23, 20, 4, 24][5, 21, 2, 29, 15][8, 12, 22, 19, 17][7, 16, 27, 10][13, 18, 0, 26][1, 9][7, 20][6, 16][6, 13][2, 7][12, 18] 
[3, 9, 14, 11, 25, 28][8, 12, 22, 19, 17][5, 21, 2, 29, 15][1, 23, 20, 4, 24][13, 18, 0, 26][7, 16, 27, 10][18, 22][6, 13][6, 16][2, 7][7, 20][1, 9] 
[3, 9, 14, 11, 25, 28][8, 12, 22, 19, 17][5, 21, 2, 29, 15][1, 23, 20, 4, 24][13, 18, 0, 26][7, 16, 27, 10][18, 22][6, 13][6, 16][2, 7][7, 20][1, 9] 
[3, 9, 14, 11, 25, 28][8, 12, 22, 19, 17][5, 21, 2, 29, 15][1, 23, 20, 4, 24][13, 18, 0, 26][7, 16, 27, 10][18, 22][6, 13][6, 16][2, 7][7, 20][1, 9] 
[3, 9, 14, 11, 25, 28][1, 23, 20, 4, 24][5, 21, 2, 29, 15][8, 12, 22, 19, 17][7, 16, 27, 10][13, 18, 0, 26][1, 9][7, 20][6, 16][2, 7][6, 13][18, 22] 
[3, 9, 14, 11, 25, 28][1, 23, 20, 4, 24][5, 21, 2, 29, 15][8, 12, 22, 19, 17][7, 16, 27, 10][13, 18, 0, 26][1, 9][7, 20][2, 7][6, 16][6, 13][12, 18] 
[3, 9, 14, 11, 25, 28][1, 23, 20, 4, 24][5, 21, 2, 29, 15][8, 12, 22, 19, 17][7, 16, 27, 10][13, 18, 0, 26][1, 9][7, 20][6, 16][2, 7][6, 13][12, 18] 
[3, 9, 14, 11, 25, 28][1, 23, 20, 4, 24][5, 21, 2, 29, 15][8, 12, 22, 19, 17][7, 16, 27, 10][13, 18, 0, 26][1, 9][7, 20][6, 16][2, 7][6, 13][18, 22] 
[3, 9, 14, 11, 25, 28][1, 23, 20, 4, 24][5, 21, 2, 29, 15][8, 12, 22, 19, 17][7, 16, 27, 10][13, 18, 0, 26][1, 9][7, 20][2, 7][6, 16][6, 13][12, 18] 
[3, 9, 14, 11, 25, 28][8, 12, 22, 19, 17][5, 21, 2, 29, 15][1, 23, 20, 4, 24][13, 18, 0, 26][7, 16, 27, 10][6, 13][6, 16][12, 18][2, 7][7, 20][1, 9] 
[3, 9, 14, 11, 25, 28][1, 23, 20, 4, 24][5, 21, 2, 29, 15][8, 12, 22, 19, 17][7, 16, 27, 10][13, 18, 0, 26][7, 20][6, 16][1, 9][6, 13][2, 7][12, 18] 
[3, 9, 14, 11, 25, 28][1, 23, 20, 4, 24][8, 12, 22, 19, 17][5, 21, 2, 29, 15][7, 16, 27, 10][13, 18, 0, 26][7, 20][6, 16][6, 13][18, 22][1, 9][2, 7] 
[3, 9, 14, 11, 25, 28][1, 23, 20, 4, 24][5, 21, 2, 29, 15][8, 12, 22, 19, 17][7, 16, 27, 10][13, 18, 0, 26][1, 9][7, 20][6, 16][2, 7][6, 13][12, 18] 
[3, 9, 14, 11, 25, 28][1, 23, 20, 4, 24][5, 21, 2, 29, 15][8, 12, 22, 19, 17][7, 16, 27, 10][13, 18, 0, 26][1, 9][7, 20][6, 16][2, 7][6, 13][12, 18] 
[5, 21, 2, 29, 15, 27, 10, 16, 6, 13, 0, 17][4, 20, 14, 11, 3, 1, 9, 23, 24, 7, 27][17, 19, 12, 8, 26][11, 25, 28][13, 18, 22][6, 16][6, 13][1, 9][6, 13][1, 9][1, 9][6, 16] 
[5, 21, 2, 29, 15, 27, 10, 16, 6, 13, 0, 17][4, 20, 14, 11, 3, 1, 9, 23, 24, 7, 27][17, 19, 12, 8, 26][11, 25, 28][13, 18, 22][6, 16][6, 13][1, 9][6, 13][1, 9][1, 9][6, 16] 
[5, 21, 2, 29, 15, 27, 10, 16, 6, 13, 0, 17][4, 20, 14, 11, 3, 1, 9, 23, 24, 7, 27][17, 19, 12, 8, 26][11, 25, 28][13, 18, 22][6, 16][6, 13][1, 9][6, 13][1, 9][1, 9][6, 16] 
[4, 20, 14, 11, 3, 1, 9, 23, 24, 7, 27, 15, 29][10, 2, 16, 6, 13, 0, 22, 17, 19, 12, 8, 26][5, 21, 2, 29][11, 25, 28][1, 9][13, 18][6, 13][6, 16][6, 16][1, 9][6, 16][6, 13] 
[4, 20, 14, 11, 3, 1, 9, 23, 24, 7, 27, 15, 29][10, 2, 16, 6, 13, 0, 22, 17, 19, 12, 8, 26][5, 21, 2, 29][11, 25, 28][1, 9][13, 18][6, 13][6, 16][6, 16][1, 9][6, 16][6, 13] 
[4, 20, 14, 11, 3, 1, 9, 23, 24, 7, 27, 15, 29][10, 2, 16, 6, 13, 0, 22, 17, 19, 12, 8, 26][11, 25, 28][2, 21, 5][1, 9][2, 29][13, 18][1, 9][6, 13][6, 16][6, 16][6, 16] 
[5, 21, 2, 29, 15, 27, 10, 16, 6, 13, 0, 17][4, 20, 14, 11, 3, 1, 9, 23, 24, 7, 27][17, 19, 12, 8, 26][11, 25, 28][13, 18, 22][6, 16][6, 13][1, 9][6, 13][1, 9][1, 9][6, 16] 
[5, 21, 2, 29, 15, 27, 10, 16, 6, 13, 0, 17][4, 20, 14, 11, 3, 1, 9, 23, 24, 7, 27][17, 19, 12, 8, 26][11, 25, 28][13, 18, 22][6, 16][6, 13][1, 9][6, 13][1, 9][1, 9][6, 16] 
[4, 20, 14, 11, 3, 1, 9, 23, 24, 7, 27, 15, 29][10, 2, 16, 6, 13, 0, 22, 17, 19, 12, 8, 26][5, 21, 2, 29][11, 25, 28][1, 9][13, 18][6, 13][6, 16][6, 16][1, 9][6, 16][6, 13] 
[5, 21, 2, 29, 15, 27, 10, 16, 6, 13, 0, 17][4, 20, 14, 11, 3, 1, 9, 23, 24, 7, 27][17, 19, 12, 8, 26][11, 25, 28][13, 18, 22][6, 16][6, 13][1, 9][6, 13][1, 9][1, 9][6, 16] 
[5, 21, 2, 29, 15, 27, 10, 16, 6, 13, 0, 17][4, 20, 14, 11, 3, 1, 9, 23, 24, 7, 27][17, 19, 12, 8, 26][11, 25, 28][13, 18, 22][6, 16][6, 13][1, 9][6, 13][1, 9][1, 9][6, 16] 
[5, 21, 2, 29, 15, 27, 10, 16, 6, 13, 0, 17][4, 20, 14, 11, 3, 1, 9, 23, 24, 7, 27][17, 19, 12, 8, 26][11, 25, 28][13, 18, 22][6, 16][6, 13][1, 9][6, 13][1, 9][1, 9][6, 16] 
[4, 20, 14, 11, 3, 1, 9, 23, 24, 7, 27, 15, 29][10, 2, 16, 6, 13, 0, 22, 17, 19, 12, 8, 26][5, 21, 2, 29][11, 25, 28][1, 9][13, 18][6, 13][6, 16][6, 16][1, 9][6, 16][6, 13] 
[5, 21, 2, 29, 15, 27, 10, 16, 6, 13, 0, 17][4, 20, 14, 11, 3, 1, 9, 23, 24, 7, 27][17, 19, 12, 8, 26][11, 25, 28][13, 18, 22][6, 16][6, 13][1, 9][6, 13][1, 9][1, 9][6, 16] 
[5, 21, 2, 29, 15, 27, 10, 16, 6, 13, 0, 17][4, 20, 14, 11, 3, 1, 9, 23, 24, 7, 27][17, 19, 12, 8, 26][11, 25, 28][13, 18, 22][6, 16][6, 13][1, 9][6, 13][1, 9][1, 9][6, 16] 
[5, 21, 2, 29, 15, 27, 10, 16, 6, 13, 0, 17, 22][4, 20, 14, 11, 3, 1, 9, 23, 24, 7, 27][22, 17, 19, 12, 8, 26][11, 25, 28][6, 16][13, 18][6, 13][1, 9][6, 13][1, 9][1, 9][6, 16] 
[5, 21, 2, 29, 15, 27, 10, 16, 6, 13, 0, 17, 22][4, 20, 14, 11, 3, 1, 9, 23, 24, 7, 27, 15, 29][10, 2, 16, 6, 13, 0, 22, 17, 19, 12, 8, 26][11, 25, 28][13, 18, 22][6, 16][6, 13][1, 9][6, 13][1, 9][1, 9][6, 16] 
[5, 21, 2, 29, 15, 27, 10, 16, 6, 13, 0, 17][4, 20, 14, 11, 3, 1, 9, 23, 24, 7, 27][17, 19, 12, 8, 26][11, 25, 28][13, 18, 22][6, 16][6, 13][1, 9][6, 13][1, 9][1, 9][6, 16] 
[5, 21, 2, 29, 15, 27, 10, 16, 6, 13, 0, 17, 22][4, 20, 14, 11, 3, 1, 9, 23, 24, 7, 27][22, 17, 19, 12, 8, 26][11, 25, 28][6, 16][13, 18][6, 13][1, 9][6, 13][1, 9][1, 9][6, 16] 
[5, 21, 2, 29, 15, 27, 10, 16, 6, 13, 0, 17, 22][4, 20, 14, 11, 3, 1, 9, 23, 24, 7, 27][17, 19, 12, 8, 26][11, 25, 28][6, 16][13, 18][6, 13][1, 9][6, 13][1, 9][1, 9][6, 16] 
[5, 21, 2, 29, 15, 27, 10, 16, 6, 13, 0, 17, 22, 19, 12][4, 20, 14, 11, 3, 1, 9, 23, 24, 7, 27][11, 25, 28][12, 8, 26][15, 29][13, 18][6, 16][6, 13][1, 9][1, 9][6, 16][1, 9] 
[3, 9, 14, 11, 25, 28][8, 12, 22, 19, 17][1, 23, 20, 4, 24][5, 21, 2, 29, 15][13, 18, 0, 26][7, 16, 27, 10][6, 13][18, 22][6, 16][7, 20][1, 9][2, 7] 
[3, 9, 14, 11, 25, 28][8, 12, 22, 19, 17][5, 21, 2, 29, 15][1, 23, 20, 4, 24][13, 18, 0, 26][7, 16, 27, 10][6, 13][6, 16][18, 22][2, 7][7, 20][1, 9] 
[3, 9, 14, 11, 25, 28][8, 12, 22, 19, 17][5, 21, 2, 29, 15][1, 23, 20, 4, 24][13, 18, 0, 26][7, 16, 27, 10][18, 22][6, 13][6, 16][2, 7][7, 20][1, 9] 
[3, 9, 14, 11, 25, 28][8, 12, 22, 19, 17][1, 23, 20, 4, 24][5, 21, 2, 29, 15][13, 18, 0, 26][7, 16, 27, 10][6, 13][18, 22][6, 16][7, 20][1, 9][2, 7] 
[3, 9, 14, 11, 25, 28][8, 12, 22, 19, 17][1, 23, 20, 4, 24][5, 21, 2, 29, 15][13, 18, 0, 26][7, 16, 27, 10][18, 22][6, 13][6, 16][7, 20][1, 9][2, 7] 
[3, 9, 14, 11, 25, 28][1, 23, 20, 4, 24][5, 21, 2, 29, 15][8, 12, 22, 19, 17][7, 16, 27, 10][13, 18, 0, 26][1, 9][7, 20][2, 7][6, 16][6, 13][18, 22] 
[3, 9, 14, 11, 25, 28][8, 12, 22, 19, 17][5, 21, 2, 29, 15][1, 23, 20, 4, 24][13, 18, 0, 26][7, 16, 27, 10][18, 22][6, 13][6, 16][2, 7][7, 20][1, 9] 
[3, 9, 14, 11, 25, 28][8, 12, 22, 19, 17][5, 21, 2, 29, 15][1, 23, 20, 4, 24][13, 18, 0, 26][7, 16, 27, 10][18, 22][6, 13][6, 16][2, 7][7, 20][1, 9] 
[3, 9, 14, 11, 25, 28][8, 12, 22, 19, 17][5, 21, 2, 29, 15][1, 23, 20, 4, 24][13, 18, 0, 26][7, 16, 27, 10][18, 22][6, 13][6, 16][2, 7][7, 20][1, 9] 
[3, 9, 14, 11, 25, 28][8, 12, 22, 19, 17][1, 23, 20, 4, 24][5, 21, 2, 29, 15][13, 18, 0, 26][7, 16, 27, 10][18, 22][6, 13][6, 16][7, 20][1, 9][2, 7] 
[3, 9, 14, 11, 25, 28][8, 12, 22, 19, 17][1, 23, 20, 4, 24][5, 21, 2, 29, 15][13, 18, 0, 26][7, 16, 27, 10][18, 22][6, 13][6, 16][7, 20][1, 9][2, 7] 
[3, 9, 14, 11, 25, 28][8, 12, 22, 19, 17][5, 21, 2, 29, 15][1, 23, 20, 4, 24][13, 18, 0, 26][7, 16, 27, 10][18, 22][6, 13][6, 16][2, 7][7, 20][1, 9] 
[3, 9, 14, 11, 25, 28][8, 12, 22, 19, 17][5, 21, 2, 29, 15][1, 23, 20, 4, 24][13, 18, 0, 26][7, 16, 27, 10][18, 22][6, 13][6, 16][2, 7][7, 20][1, 9] 
[3, 9, 14, 11, 25, 28][8, 12, 22, 19, 17][1, 23, 20, 4, 24][5, 21, 2, 29, 15][13, 18, 0, 26][7, 16, 27, 10][18, 22][6, 13][6, 16][7, 20][1, 9][2, 7] 
[3, 9, 14, 11, 25, 28][5, 21, 2, 29, 15][1, 23, 20, 4, 24][8, 12, 22, 19, 17][7, 16, 27, 10][13, 18, 0, 26][2, 7][6, 16][7, 20][6, 13][1, 9][18, 22] 
[3, 9, 14, 11, 25, 28][1, 23, 20, 4, 24][5, 21, 2, 29, 15][8, 12, 22, 19, 17][7, 16, 27, 10][13, 18, 0, 26][1, 9][7, 20][6, 16][2, 7][6, 13][12, 18] 
[3, 9, 14, 11, 25, 28][8, 12, 22, 19, 17][5, 21, 2, 29, 15][1, 23, 20, 4, 24][13, 18, 0, 26][7, 16, 27, 10][12, 18][6, 13][6, 16][2, 7][7, 20][1, 9] 
[3, 9, 14, 11, 25, 28][1, 23, 20, 4, 24][5, 21, 2, 29, 15][8, 12, 22, 19, 17][7, 16, 27, 10][13, 18, 0, 26][1, 9][7, 20][2, 7][6, 16][6, 13][12, 18] 
[3, 9, 14, 11, 25, 28][1, 23, 20, 4, 24][5, 21, 2, 29, 15][8, 12, 22, 19, 17][7, 16, 27, 10][13, 18, 0, 26][1, 9][7, 20][6, 16][2, 7][6, 13][12, 18] 
[3, 9, 14, 11, 25, 28][5, 21, 2, 29, 15][1, 23, 20, 4, 24][8, 12, 22, 19, 17][13, 18, 0, 26][7, 16, 27, 10][6, 13][12, 18][6, 16][2, 7][7, 20][1, 9] 
[3, 9, 14, 11, 25, 28][8, 12, 22, 19, 17][5, 21, 2, 29, 15][1, 23, 20, 4, 24][13, 18, 0, 26][7, 16, 27, 10][8, 26][6, 13][6, 16][2, 7][7, 20][1, 9] 
[3, 9, 14, 11, 25, 28][8, 12, 22, 19, 17][5, 21, 2, 29, 15][1, 23, 20, 4, 24][13, 18, 0, 26][7, 16, 27, 10][18, 22][6, 13][6, 16][2, 7][7, 20][1, 9] 
[3, 9, 14, 11, 25, 28][8, 12, 22, 19, 17][5, 21, 2, 29, 15][1, 23, 20, 4, 24][13, 18, 0, 26][7, 16, 27, 10][18, 22][6, 13][6, 16][2, 7][7, 20][1, 9] 
[3, 9, 14, 11, 25, 28][8, 12, 22, 19, 17][5, 21, 2, 29, 15][1, 23, 20, 4, 24][13, 18, 0, 26][7, 16, 27, 10][18, 22][6, 13][6, 16][2, 7][7, 20][1, 9] 
[3, 9, 14, 11, 25, 28][8, 12, 22, 19, 17][1, 23, 20, 4, 24][5, 21, 2, 29, 15][13, 18, 0, 26][7, 16, 27, 10][18, 22][6, 13][6, 16][7, 20][1, 9][2, 7] 
[3, 9, 14, 11, 25, 28][1, 23, 20, 4, 24][8, 12, 22, 19, 17][5, 21, 2, 29, 15][7, 16, 27, 10][13, 18, 0, 26][7, 20][6, 16][6, 13][18, 22][1, 9][2, 7] 
[3, 9, 14, 11, 25, 28][1, 23, 20, 4, 24][8, 12, 22, 19, 17][5, 21, 2, 29, 15][7, 16, 27, 10][13, 18, 0, 26][7, 20][1, 9][6, 16][6, 13][18, 22][2, 7] 
[3, 9, 14, 11, 25, 28][1, 23, 20, 4, 24][5, 21, 2, 29, 15][8, 12, 22, 19, 17][7, 16, 27, 10][13, 18, 0, 26][1, 9][7, 20][2, 7][6, 16][6, 13][18, 22] 
[3, 9, 14, 11, 25, 28][1, 23, 20, 4, 24][5, 21, 2, 29, 15][8, 12, 22, 19, 17][7, 16, 27, 10][13, 18, 0, 26][1, 9][7, 20][6, 16][2, 7][6, 13][12, 18] 
[3, 9, 14, 11, 25, 28][1, 23, 20, 4, 24][5, 21, 2, 29, 15][8, 12, 22, 19, 17][7, 16, 27, 10][13, 18, 0, 26][1, 9][7, 20][2, 7][6, 16][6, 13][12, 18] 
[3, 9, 14, 11, 25, 28][1, 23, 20, 4, 24][5, 21, 2, 29, 15][8, 12, 22, 19, 17][7, 16, 27, 10][13, 18, 0, 26][1, 9][7, 20][6, 16][6, 13][2, 7][12, 18] 
[3, 9, 14, 11, 25, 28][1, 23, 20, 4, 24][5, 21, 2, 29, 15][8, 12, 22, 19, 17][7, 16, 27, 10][13, 18, 0, 26][1, 9][7, 20][6, 16][2, 7][6, 13][12, 18] 
[3, 9, 14, 11, 25, 28][5, 21, 2, 29, 15][1, 23, 20, 4, 24][8, 12, 22, 19, 17][13, 18, 0, 26][7, 16, 27, 10][6, 13][12, 18][6, 16][2, 7][7, 20][1, 9] 
[3, 9, 14, 11, 25, 28][5, 21, 2, 29, 15][1, 23, 20, 4, 24][8, 12, 22, 19, 17][13, 18, 0, 26][7, 16, 27, 10][6, 13][12, 18][6, 16][2, 7][7, 20][1, 9] 
[3, 9, 14, 11, 25, 28][1, 23, 20, 4, 24][5, 21, 2, 29, 15][8, 12, 22, 19, 17][7, 16, 27, 10][13, 18, 0, 26][1, 9][7, 20][2, 7][6, 16][6, 13][12, 18] 
[3, 9, 14, 11, 25, 28][1, 23, 20, 4, 24][5, 21, 2, 29, 15][8, 12, 22, 19, 17][7, 16, 27, 10][13, 18, 0, 26][1, 9][7, 20][2, 7][6, 16][6, 13][12, 18] 
[3, 9, 14, 11, 25, 28][1, 23, 20, 4, 24][5, 21, 2, 29, 15][8, 12, 22, 19, 17][7, 16, 27, 10][13, 18, 0, 26][1, 9][7, 20][2, 7][6, 16][6, 13][12, 18] 
[3, 9, 14, 11, 25, 28][5, 21, 2, 29, 15][1, 23, 20, 4, 24][8, 12, 22, 19, 17][13, 18, 0, 26][7, 16, 27, 10][6, 13][12, 18][6, 16][2, 7][7, 20][1, 9] 
[3, 9, 14, 11, 25, 28][8, 12, 22, 19, 17][5, 21, 2, 29, 15][1, 23, 20, 4, 24][13, 18, 0, 26][7, 16, 27, 10][6, 13][6, 16][12, 18][2, 7][7, 20][1, 9] 
[3, 9, 14, 11, 25, 28][1, 23, 20, 4, 24][5, 21, 2, 29, 15][8, 12, 22, 19, 17][7, 16, 27, 10][13, 18, 0, 26][7, 20][6, 16][1, 9][6, 13][2, 7][12, 18] 
[3, 9, 14, 11, 25, 28][5, 21, 2, 29, 15][1, 23, 20, 4, 24][8, 12, 22, 19, 17][13, 18, 0, 26][7, 16, 27, 10][6, 13][12, 18][6, 16][2, 7][7, 20][1, 9] 
[3, 9, 14, 11, 25, 28][5, 21, 2, 29, 15][1, 23, 20, 4, 24][8, 12, 22, 19, 17][13, 18, 0, 26][7, 16, 27, 10][6, 13][12, 18][6, 16][2, 7][7, 20][1, 9] 
[3, 9, 14, 11, 25, 28][1, 23, 20, 4, 24][5, 21, 2, 29, 15][8, 12, 22, 19, 17][7, 16, 27, 10][13, 18, 0, 26][7, 20][2, 7][1, 9][6, 16][6, 13][12, 18] 
[19, 22, 17, 18, 0, 12, 8, 26][3, 9, 14, 11, 25, 28][1, 23, 20, 4, 24][5, 21, 2, 29, 15][7, 16, 27, 10][6, 16][2, 7][1, 9][6, 13][13, 18][7, 20][8, 12] 
[19, 22, 17, 18, 0, 12, 8, 26][3, 9, 14, 11, 25, 28][1, 23, 20, 4, 24][5, 21, 2, 29, 15][7, 16, 27, 10][6, 16][2, 7][1, 9][6, 13][13, 18][7, 20][8, 12] 
[19, 22, 17, 18, 0, 12, 8, 26][3, 9, 14, 11, 25, 28][1, 23, 20, 4, 24][5, 21, 2, 29, 15][7, 16, 27, 10][6, 16][2, 7][1, 9][6, 13][13, 18][7, 20][8, 12] 
[19, 22, 17, 18, 0, 12, 8, 26][3, 9, 14, 11, 25, 28][1, 23, 20, 4, 24][5, 21, 2, 29, 15][7, 16, 27, 10][6, 16][2, 7][1, 9][6, 13][13, 18][7, 20][8, 12] 
[19, 22, 17, 18, 0, 12, 8, 26][3, 9, 14, 11, 25, 28][1, 23, 20, 4, 24][5, 21, 2, 29, 15][7, 16, 27, 10][6, 16][2, 7][1, 9][6, 13][13, 18][7, 20][8, 12] 
[19, 22, 17, 18, 0, 12, 8, 26][3, 9, 14, 11, 25, 28][5, 21, 2, 29, 15][10, 27, 16, 7, 20][4, 1, 24, 23][2, 7][4, 20][6, 16][6, 13][13, 18][1, 9][8, 12] 
[3, 9, 14, 11, 25, 28][8, 12, 22, 19, 17][5, 21, 2, 29, 15][1, 23, 20, 4, 24][13, 18, 0, 26][7, 16, 27, 10][18, 22][6, 13][6, 16][2, 7][7, 20][1, 9] 
[3, 9, 14, 11, 25, 28][8, 12, 22, 19, 17][5, 21, 2, 29, 15][1, 23, 20, 4, 24][13, 18, 0, 26][7, 16, 27, 10][18, 22][6, 13][6, 16][2, 7][7, 20][1, 9] 
[3, 9, 14, 11, 25, 28][1, 23, 20, 4, 24][8, 12, 22, 19, 17][5, 21, 2, 29, 15][7, 16, 27, 10][13, 18, 0, 26][7, 20][1, 9][6, 16][6, 13][18, 22][2, 7] 
[3, 9, 14, 11, 25, 28][8, 12, 22, 19, 17][1, 23, 20, 4, 24][5, 21, 2, 29, 15][13, 18, 0, 26][7, 16, 27, 10][18, 22][6, 13][6, 16][7, 20][1, 9][2, 7] 
[3, 9, 14, 11, 25, 28][8, 12, 22, 19, 17][5, 21, 2, 29, 15][1, 23, 20, 4, 24][13, 18, 0, 26][7, 16, 27, 10][6, 13][6, 16][18, 22][2, 7][7, 20][1, 9] 
[3, 9, 14, 11, 25, 28][1, 23, 20, 4, 24][5, 21, 2, 29, 15][8, 12, 22, 19, 17][7, 16, 27, 10][13, 18, 0, 26][1, 9][7, 20][6, 16][2, 7][6, 13][12, 18] 
[3, 9, 14, 11, 25, 28][8, 12, 22, 19, 17][1, 23, 20, 4, 24][5, 21, 2, 29, 15][13, 18, 0, 26][7, 16, 27, 10][18, 22][6, 13][6, 16][7, 20][1, 9][2, 7] 
