[19, 17, 0, 12, 8, 26][13, 18, 22, 25, 28][3, 14, 23, 1, 9][2, 29, 27, 15, 6][5, 21, 10, 7][11, 14, 24][20, 4, 24][0, 18][11, 25][4, 7][16, 28][16, 27] 
[19, 17, 0, 12, 8, 26][13, 18, 22, 25, 28][3, 14, 23, 1, 9][2, 29, 27, 15, 6][5, 21, 10, 7][11, 14, 24][4, 24, 20][11, 25][0, 18][16, 28][16, 27][7, 20] 
[19, 17, 0, 12, 8, 26][2, 29, 27, 15, 6][13, 18, 22, 25, 28][3, 14, 23, 1, 9][5, 21, 10, 7][11, 14, 24][4, 24, 20][16, 27][16, 28][11, 25][0, 18][7, 20] 
[19, 17, 0, 12, 8, 26][3, 14, 23, 1, 9][2, 29, 27, 15, 6][13, 18, 22, 25][5, 21, 10, 7][4, 24, 20][11, 14, 24][11, 25, 28][7, 20][16, 28][0, 18][16, 27] 
[19, 17, 0, 12, 8, 26][3, 14, 23, 1, 9][2, 29, 27, 15, 6][5, 21, 10, 7][13, 18, 22, 25][4, 24, 20][11, 14, 24][11, 25, 28][7, 20][16, 28][16, 27][0, 18] 
[19, 17, 0, 12, 8, 26][3, 14, 23, 1, 9][2, 29, 27, 15, 6][13, 18, 22, 25][5, 21, 10, 7][11, 25, 28][11, 14, 24][4, 24, 20][16, 28][0, 18][7, 20][16, 27] 
[19, 17, 0, 12, 8, 26][3, 14, 23, 1, 9][2, 29, 27, 15, 6][13, 18, 22, 25][5, 21, 10, 7][11, 25, 28][11, 14, 24][4, 24, 20][7, 20][0, 18][16, 28][16, 27] 
[19, 17, 0, 12, 8, 26][3, 14, 23, 1, 9][2, 29, 27, 15, 6][13, 18, 22, 25][5, 21, 10, 7][11, 25, 28][11, 14, 24][4, 24, 20][0, 18][16, 28][16, 27][7, 20] 
[19, 17, 0, 12, 8, 26][3, 14, 23, 1, 9][2, 29, 27, 15, 6][13, 18, 22, 25][5, 21, 10, 7][11, 25, 28][11, 14, 24][4, 24, 20][0, 18][16, 28][7, 20][16, 27] 
[19, 17, 0, 12, 8, 26][3, 14, 23, 1, 9][2, 29, 27, 15, 6][13, 18, 22, 25][5, 21, 10, 7][4, 24, 20][11, 14, 24][11, 25, 28][7, 20][16, 28][0, 18][16, 27] 
[19, 17, 0, 12, 8, 26][13, 18, 22, 25, 28][2, 29, 27, 15, 6][3, 14, 23, 1, 9][5, 21, 10, 7][11, 14, 24][20, 4, 24][0, 18][16, 28][16, 27][11, 25][4, 7] 
[19, 17, 0, 12, 8, 26][3, 14, 23, 1, 9][13, 18, 22, 25, 28][2, 29, 27, 15, 6][5, 21, 10, 7][4, 24, 20][11, 14, 24][7, 20][11, 25][16, 28][0, 18][16, 27] 
[19, 17, 0, 12, 8, 26][3, 14, 23, 1, 9][13, 18, 22, 25, 28][2, 29, 27, 15, 6][5, 21, 10, 7][4, 24, 20][11, 14, 24][7, 20][11, 25][0, 18][16, 28][16, 27] 
[19, 17, 0, 12, 8, 26][2, 29, 27, 15, 6][3, 14, 23, 1, 9][13, 18, 22, 25][5, 21, 10, 7][11, 25, 28][11, 14, 24][4, 24, 20][16, 27][16, 28][7, 20][0, 18] 
[19, 17, 0, 12, 8, 26][3, 14, 23, 1, 9][2, 29, 27, 15, 6][13, 18, 22, 25][5, 21, 10, 7][11, 25, 28][11, 14, 24][4, 24, 20][0, 18][16, 28][7, 20][16, 27] 
[19, 17, 0, 12, 8, 26][3, 14, 23, 1, 9][2, 29, 27, 15, 6][13, 18, 22, 25][5, 21, 10, 7][11, 25, 28][11, 14, 24][4, 24, 20][16, 28][16, 27][0, 18][7, 20] 
[19, 17, 0, 12, 8, 26][2, 29, 27, 15, 6][13, 18, 22, 25, 28][3, 14, 23, 1, 9][5, 21, 10, 7][11, 14, 24][20, 4, 24][16, 27][16, 28][0, 18][11, 25][4, 7] 
[19, 17, 0, 12, 8, 26][3, 14, 23, 1, 9][13, 18, 22, 25, 28][2, 29, 27, 15, 6][5, 21, 10, 7][4, 24, 20][11, 14, 24][7, 20][11, 25][16, 28][0, 18][16, 27] 
[19, 17, 0, 12, 8, 26][3, 14, 23, 1, 9][2, 29, 27, 15, 6][13, 18, 22, 25][5, 21, 10, 7][11, 25, 28][11, 14, 24][4, 24, 20][16, 28][16, 27][0, 18][7, 20] 
[19, 17, 0, 12, 8, 26][13, 18, 22, 25, 28][2, 29, 27, 15, 6][3, 14, 23, 1, 9][5, 21, 10, 7][11, 14, 24][20, 4, 24][16, 28][16, 27][0, 18][11, 25][4, 7] 
[19, 17, 0, 12, 8, 26][2, 29, 27, 15, 6][13, 18, 22, 25, 28][3, 14, 23, 1, 9][5, 21, 10, 7][11, 14, 24][20, 4, 24][16, 27][16, 28][0, 18][11, 25][4, 7] 
[19, 17, 0, 12, 8, 26][3, 14, 23, 1, 9][13, 18, 22, 25, 28][2, 29, 27, 15, 6][5, 21, 10, 7][11, 14, 24][4, 24, 20][11, 25][16, 28][7, 20][0, 18][16, 27] 
[19, 17, 0, 12, 8, 26][13, 18, 22, 25, 28][3, 14, 23, 1, 9][2, 29, 27, 15, 6][5, 21, 10, 7][11, 14, 24][4, 24, 20][0, 18][16, 28][11, 25][16, 27][7, 20] 
[19, 17, 0, 12, 8, 26][3, 14, 23, 1, 9][2, 29, 27, 15, 6][13, 18, 22, 25][5, 21, 10, 7][4, 24, 20][11, 14, 24][11, 25, 28][7, 20][16, 28][0, 18][16, 27] 
[19, 17, 0, 12, 8, 26][3, 14, 23, 1, 9][2, 29, 27, 15, 6][5, 21, 10, 7][13, 18, 22, 25][4, 24, 20][11, 14, 24][11, 25, 28][7, 20][16, 28][16, 27][0, 18] 
[19, 17, 0, 12, 8, 26][3, 14, 23, 1, 9][2, 29, 27, 15, 6][13, 18, 22, 25][5, 21, 10, 7][11, 25, 28][11, 14, 24][4, 24, 20][0, 18][16, 28][16, 27][7, 20] 
[19, 17, 0, 12, 8, 26][13, 18, 22, 25, 28][2, 29, 27, 15, 6][3, 14, 23, 1, 9][5, 21, 10, 7][11, 14, 24][20, 4, 24][0, 18][16, 28][16, 27][11, 25][4, 7] 
[19, 17, 0, 12, 8, 26][3, 14, 23, 1, 9][13, 18, 22, 25, 28][2, 29, 27, 15, 6][5, 21, 10, 7][4, 24, 20][11, 14, 24][7, 20][11, 25][0, 18][16, 28][16, 27] 
[19, 17, 0, 12, 8, 26][3, 14, 23, 1, 9][2, 29, 27, 15, 6][13, 18, 22, 25][5, 21, 10, 7][11, 25, 28][11, 14, 24][4, 24, 20][16, 28][0, 18][7, 20][16, 27] 
[19, 17, 0, 12, 8, 26][13, 18, 22, 25, 28][2, 29, 27, 15, 6][3, 14, 23, 1, 9][5, 21, 10, 7][11, 14, 24][20, 4, 24][16, 28][16, 27][0, 18][11, 25][4, 7] 
[19, 17, 0, 12, 8, 26][13, 18, 22, 25, 28][2, 29, 27, 15, 6][3, 14, 23, 1, 9][5, 21, 10, 7][11, 14, 24][20, 4, 24][0, 18][16, 28][16, 27][11, 25][4, 7] 
[19, 17, 0, 12, 8, 26][13, 18, 22, 25, 28][2, 29, 27, 15, 6][3, 14, 23, 1, 9][5, 21, 10, 7][11, 14, 24][4, 24, 20][0, 18][16, 28][16, 27][11, 25][7, 20] 
[19, 17, 0, 12, 8, 26][2, 29, 27, 15, 6][3, 14, 23, 1, 9][13, 18, 22, 25][5, 21, 10, 7][11, 25, 28][11, 14, 24][4, 24, 20][16, 27][16, 28][7, 20][0, 18] 
[19, 17, 0, 12, 8, 26][3, 14, 23, 1, 9][13, 18, 22, 25, 28][2, 29, 27, 15, 6][5, 21, 10, 7][20, 4, 24][11, 14, 24][4, 7][11, 25][16, 28][16, 27][0, 18] 
[19, 17, 0, 12, 8, 26][3, 14, 23, 1, 9][13, 18, 22, 25, 28][2, 29, 27, 15, 6][5, 21, 10, 7][20, 4, 24][11, 14, 24][4, 7][11, 25][16, 28][16, 27][0, 18] 
[4, 14, 9, 1, 24, 3, 23, 20, 7, 28, 0, 18, 19][5, 15, 2, 27, 10, 21, 6, 13, 0, 26, 8][12, 22, 25, 11, 14][10, 29][6, 13][12, 17][7, 16][0, 18][0, 18][6, 13][6, 21][6, 13] 
[4, 14, 9, 1, 24, 3, 23, 20, 7, 28, 0, 18, 19][5, 15, 2, 27, 10, 21, 6, 13, 0, 26, 8][12, 22, 25, 11, 14][10, 29][6, 13][12, 17][7, 16][0, 18][0, 18][6, 13][6, 21][6, 13] 
[4, 14, 9, 1, 24, 3, 23, 20, 7, 28, 0, 18, 19][5, 15, 2, 27, 10, 21, 6, 13, 0, 26, 8][12, 22, 25, 11, 14][10, 29][6, 13][12, 17][7, 16][0, 18][0, 18][6, 13][6, 21][6, 13] 
[4, 14, 9, 1, 24, 3, 23, 20, 7, 28, 0, 18, 19][5, 15, 2, 27, 10, 21, 6, 13][0, 17, 12, 8, 26][13, 18, 22, 25][11, 25][16, 27][10, 29][7, 20][7, 20][7, 20][12, 17][7, 20] 
[4, 14, 9, 1, 24, 3, 23, 20, 7, 28, 0, 18, 19][5, 15, 2, 27, 10, 21, 6, 13][0, 17, 12, 8, 26][13, 18, 22, 25][11, 25][16, 27][10, 29][7, 20][7, 20][7, 20][12, 17][7, 20] 
[4, 14, 9, 1, 24, 3, 23, 20, 7, 28, 0, 18, 19][5, 15, 2, 27, 10, 21, 6, 13][0, 17, 12, 8, 26][13, 18, 22, 25][0, 18][16, 27][11, 25][10, 29][0, 18][7, 20][12, 17][0, 18] 
[4, 14, 9, 1, 24, 3, 23, 20, 7, 28, 0, 18, 19][5, 15, 2, 27, 10, 21, 6, 13, 0, 26, 8][12, 22, 25, 11, 14][10, 29][6, 13][12, 17][7, 16][0, 18][0, 18][6, 13][6, 21][6, 13] 
[4, 14, 9, 1, 24, 3, 23, 20, 7, 28, 0, 18, 19][5, 15, 2, 27, 10, 21, 6, 13, 0, 26, 8][12, 22, 25, 11, 14][10, 29][6, 13][12, 17][7, 16][0, 18][0, 18][6, 13][6, 21][6, 13] 
[4, 14, 9, 1, 24, 3, 23, 20, 7, 28, 0, 18, 19][5, 15, 2, 27, 10, 21, 6, 13][0, 17, 12, 8, 26][13, 18, 22, 25][11, 25][16, 27][10, 29][7, 20][7, 20][7, 20][12, 17][7, 20] 
[4, 14, 9, 1, 24, 3, 23, 20, 7, 28, 0, 18, 19][5, 15, 2, 27, 10, 21, 6, 13, 0, 26, 8][12, 22, 25, 11, 14][10, 29][6, 13][12, 17][7, 16][0, 18][0, 18][6, 13][6, 21][6, 13] 
[4, 14, 9, 1, 24, 3, 23, 20, 7, 28, 0, 18, 19][5, 15, 2, 27, 10, 21, 6, 13, 0, 26, 8][12, 22, 25, 11, 14][10, 29][6, 13][12, 17][7, 16][0, 18][0, 18][6, 13][6, 21][6, 13] 
[4, 14, 9, 1, 24, 3, 23, 20, 7, 28, 0, 18, 19][5, 15, 2, 27, 10, 21, 6, 13, 0, 26, 8][12, 22, 25, 11, 14][10, 29][6, 13][12, 17][7, 16][0, 18][0, 18][6, 13][6, 21][6, 13] 
[4, 14, 9, 1, 24, 3, 23, 20, 7, 28, 0, 18, 19][5, 15, 2, 27, 10, 21, 6, 13][0, 17, 12, 8, 26][13, 18, 22, 25][11, 25][16, 27][10, 29][7, 20][7, 20][7, 20][12, 17][7, 20] 
[4, 14, 9, 1, 24, 3, 23, 20, 7, 28, 0, 18, 19][5, 15, 2, 27, 10, 21, 6, 13, 0, 26, 8][12, 22, 25, 11, 14][10, 29][6, 13][12, 17][7, 16][0, 18][0, 18][6, 13][6, 21][6, 13] 
[4, 14, 9, 1, 24, 3, 23, 20, 7, 28, 0, 18, 19][5, 15, 2, 27, 10, 21, 6, 13, 0, 26, 8][12, 22, 25, 11, 14][10, 29][6, 13][12, 17][7, 16][0, 18][0, 18][6, 13][6, 21][6, 13] 
[4, 14, 9, 1, 24, 3, 23, 20, 7, 28, 0, 18, 19, 12][5, 15, 2, 27, 10, 21, 6, 13, 0, 26, 8][12, 22, 25, 11, 14][0, 18][7, 16][10, 29][12, 17][0, 18][22, 25][0, 18][12, 19][6, 21] 
[4, 14, 9, 1, 24, 3, 23, 20, 7, 28, 0, 18, 19, 12][5, 15, 2, 27, 10, 21, 6, 13, 0, 26, 8][12, 22, 25, 11, 14][0, 18][7, 16][10, 29][12, 17][0, 18][22, 25][0, 18][12, 19][6, 21] 
[4, 14, 9, 1, 24, 3, 23, 20, 7, 28, 0, 18][0, 13, 6, 21, 10, 27, 2, 15, 5][0, 17, 12, 8, 26][11, 25, 22, 12][7, 20][18, 19][10, 29][16, 27][6, 21][11, 25][6, 21][7, 20] 
[4, 14, 9, 1, 24, 3, 23, 20, 7, 28, 0, 18, 19, 12][5, 15, 2, 27, 10, 21, 6, 13, 0, 26, 8][12, 22, 25, 11, 14][0, 18][7, 16][10, 29][12, 17][0, 18][22, 25][0, 18][12, 19][6, 21] 
[4, 14, 9, 1, 24, 3, 23, 20, 7, 28, 0, 18, 19, 12][5, 15, 2, 27, 10, 21, 6, 13, 0, 26, 8][12, 22, 25, 11, 14][0, 18][7, 16][10, 29][12, 17][0, 18][22, 25][0, 18][12, 19][6, 21] 
[4, 14, 9, 1, 24, 3, 23, 20, 7, 28, 0, 18, 19, 12][5, 15, 2, 27, 10, 21, 6, 13, 0, 26, 8][12, 22, 25, 11, 14][0, 18][7, 16][10, 29][12, 17][0, 18][22, 25][0, 18][12, 19][6, 21] 
[19, 17, 0, 12, 8, 26][3, 14, 23, 1, 9][2, 29, 27, 15, 6][5, 21, 10, 7][13, 18, 22, 25][4, 24, 20][11, 14, 24][11, 25, 28][7, 20][16, 28][16, 27][0, 18] 
[19, 17, 0, 12, 8, 26][3, 14, 23, 1, 9][2, 29, 27, 15, 6][13, 18, 22, 25][5, 21, 10, 7][11, 25, 28][11, 14, 24][4, 24, 20][16, 28][0, 18][7, 20][16, 27] 
[19, 17, 0, 12, 8, 26][3, 14, 23, 1, 9][2, 29, 27, 15, 6][13, 18, 22, 25][5, 21, 10, 7][11, 25, 28][11, 14, 24][4, 24, 20][0, 18][16, 28][7, 20][16, 27] 
[19, 17, 0, 12, 8, 26][3, 14, 23, 1, 9][2, 29, 27, 15, 6][13, 18, 22, 25][5, 21, 10, 7][11, 25, 28][11, 14, 24][4, 24, 20][16, 28][0, 18][7, 20][16, 27] 
[19, 17, 0, 12, 8, 26][3, 14, 23, 1, 9][2, 29, 27, 15, 6][5, 21, 10, 7][13, 18, 22, 25][4, 24, 20][11, 14, 24][11, 25, 28][7, 20][0, 18][16, 28][16, 27] 
[19, 17, 0, 12, 8, 26][3, 14, 23, 1, 9][2, 29, 27, 15, 6][13, 18, 22, 25][5, 21, 10, 7][11, 25, 28][11, 14, 24][4, 24, 20][0, 18][16, 28][16, 27][7, 20] 
[19, 17, 0, 12, 8, 26][3, 14, 23, 1, 9][2, 29, 27, 15, 6][13, 18, 22, 25][5, 21, 10, 7][11, 25, 28][11, 14, 24][4, 24, 20][16, 28][16, 27][0, 18][7, 20] 
[19, 17, 0, 12, 8, 26][2, 29, 27, 15, 6][3, 14, 23, 1, 9][13, 18, 22, 25][5, 21, 10, 7][11, 25, 28][11, 14, 24][4, 24, 20][16, 27][16, 28][0, 18][7, 20] 
[19, 17, 0, 12, 8, 26][3, 14, 23, 1, 9][2, 29, 27, 15, 6][5, 21, 10, 7][13, 18, 22, 25][4, 24, 20][11, 14, 24][11, 25, 28][7, 20][16, 28][0, 18][16, 27] 
[19, 17, 0, 12, 8, 26][2, 29, 27, 15, 6][3, 14, 23, 1, 9][13, 18, 22, 25][5, 21, 10, 7][11, 25, 28][11, 14, 24][4, 24, 20][16, 27][16, 28][0, 18][7, 20] 
[19, 17, 0, 12, 8, 26][3, 14, 23, 1, 9][2, 29, 27, 15, 6][5, 21, 10, 7][13, 18, 22, 25][4, 24, 20][11, 14, 24][11, 25, 28][7, 20][16, 28][16, 27][0, 18] 
[19, 17, 0, 12, 8, 26][3, 14, 23, 1, 9][2, 29, 27, 15, 6][13, 18, 22, 25][5, 21, 10, 7][11, 25, 28][11, 14, 24][4, 24, 20][16, 28][7, 20][16, 27][0, 18] 
[19, 17, 0, 12, 8, 26][3, 14, 23, 1, 9][2, 29, 27, 15, 6][13, 18, 22, 25][5, 21, 10, 7][11, 14, 24][11, 25, 28][4, 24, 20][7, 20][0, 18][16, 28][16, 27] 
[19, 17, 0, 12, 8, 26][3, 14, 23, 1, 9][2, 29, 27, 15, 6][13, 18, 22, 25][5, 21, 10, 7][11, 25, 28][11, 14, 24][4, 24, 20][0, 18][16, 28][7, 20][16, 27] 
[19, 17, 0, 12, 8, 26][2, 29, 27, 15, 6][3, 14, 23, 1, 9][13, 18, 22, 25][5, 21, 10, 7][11, 25, 28][11, 14, 24][4, 24, 20][16, 27][16, 28][0, 18][7, 20] 
[19, 17, 0, 12, 8, 26][13, 18, 22, 25, 28][2, 29, 27, 15, 6][3, 14, 23, 1, 9][5, 21, 10, 7][11, 14, 24][20, 4, 24][0, 18][16, 28][16, 27][11, 25][4, 7] 
[19, 17, 0, 12, 8, 26][13, 18, 22, 25, 28][2, 29, 27, 15, 6][3, 14, 23, 1, 9][5, 21, 10, 7][11, 14, 24][20, 4, 24][0, 18][16, 28][16, 27][11, 25][4, 7] 
[19, 17, 0, 12, 8, 26][13, 18, 22, 25, 28][2, 29, 27, 15, 6][3, 14, 23, 1, 9][5, 21, 10, 7][11, 14, 24][20, 4, 24][0, 18][16, 28][16, 27][11, 25][4, 7] 
[19, 17, 0, 12, 8, 26][13, 18, 22, 25, 28][2, 29, 27, 15, 6][3, 14, 23, 1, 9][5, 21, 10, 7][11, 14, 24][20, 4, 24][0, 18][16, 28][16, 27][11, 25][4, 7] 
[19, 17, 0, 12, 8, 26][13, 18, 22, 25, 28][2, 29, 27, 15, 6][3, 14, 23, 1, 9][5, 21, 10, 7][11, 14, 24][20, 4, 24][0, 18][16, 28][16, 27][11, 25][4, 7] 
[19, 17, 0, 12, 8, 26][13, 18, 22, 25, 28][2, 29, 27, 15, 6][3, 14, 23, 1, 9][4, 24, 14, 11][5, 21, 10, 7][16, 28][0, 18][16, 27][11, 25][20, 24][7, 20] 
[19, 17, 0, 12, 8, 26][3, 14, 23, 1, 9][2, 29, 27, 15, 6][13, 18, 22, 25][5, 21, 10, 7][11, 25, 28][11, 14, 24][4, 24, 20][0, 18][16, 28][16, 27][7, 20] 
[19, 17, 0, 12, 8, 26][3, 14, 23, 1, 9][2, 29, 27, 15, 6][5, 21, 10, 7][13, 18, 22, 25][4, 24, 20][11, 14, 24][11, 25, 28][7, 20][0, 18][16, 28][16, 27] 
[19, 17, 0, 12, 8, 26][2, 29, 27, 15, 6][3, 14, 23, 1, 9][13, 18, 22, 25][5, 21, 10, 7][11, 25, 28][11, 14, 24][4, 24, 20][16, 27][16, 28][7, 20][0, 18] 
[19, 17, 0, 12, 8, 26][3, 14, 23, 1, 9][2, 29, 27, 15, 6][13, 18, 22, 25][5, 21, 10, 7][11, 25, 28][11, 14, 24][4, 24, 20][16, 28][16, 27][0, 18][7, 20] 
[19, 17, 0, 12, 8, 26][2, 29, 27, 15, 6][3, 14, 23, 1, 9][13, 18, 22, 25][5, 21, 10, 7][11, 25, 28][11, 14, 24][4, 24, 20][16, 27][16, 28][0, 18][7, 20] 
[19, 17, 0, 12, 8, 26][3, 14, 23, 1, 9][13, 18, 22, 25, 28][2, 29, 27, 15, 6][5, 21, 10, 7][4, 24, 20][11, 14, 24][7, 20][11, 25][16, 28][0, 18][16, 27] 
[19, 17, 0, 12, 8, 26][3, 14, 23, 1, 9][2, 29, 27, 15, 6][13, 18, 22, 25][5, 21, 10, 7][4, 24, 20][11, 14, 24][11, 25, 28][0, 18][7, 20][16, 28][16, 27] 
[19, 17, 0, 12, 8, 26][13, 18, 22, 25, 28][2, 29, 27, 15, 6][3, 14, 23, 1, 9][5, 21, 10, 7][11, 14, 24][20, 4, 24][0, 18][16, 28][16, 27][11, 25][4, 7] 
[19, 17, 0, 12, 8, 26][13, 18, 22, 25, 28][2, 29, 27, 15, 6][3, 14, 23, 1, 9][5, 21, 10, 7][11, 14, 24][20, 4, 24][0, 18][16, 28][16, 27][11, 25][4, 7] 
[19, 17, 0, 12, 8, 26][13, 18, 22, 25, 28][2, 29, 27, 15, 6][3, 14, 23, 1, 9][5, 21, 10, 7][11, 14, 24][20, 4, 24][0, 18][16, 28][16, 27][11, 25][4, 7] 
[19, 17, 0, 12, 8, 26][3, 14, 23, 1, 9][13, 18, 22, 25, 28][2, 29, 27, 15, 6][5, 21, 10, 7][20, 4, 24][11, 14, 24][4, 7][11, 25][16, 28][16, 27][0, 18] 
[19, 17, 0, 12, 8, 26][13, 18, 22, 25, 28][2, 29, 27, 15, 6][3, 14, 23, 1, 9][5, 21, 10, 7][11, 14, 24][20, 4, 24][0, 18][16, 28][16, 27][11, 25][4, 7] 
[19, 17, 0, 12, 8, 26][13, 18, 22, 25, 28][2, 29, 27, 15, 6][3, 14, 23, 1, 9][5, 21, 10, 7][11, 14, 24][20, 4, 24][0, 18][16, 28][16, 27][11, 25][4, 7] 
[19, 17, 0, 12, 8, 26][3, 14, 23, 1, 9][13, 18, 22, 25, 28][2, 29, 27, 15, 6][5, 21, 10, 7][20, 4, 24][11, 14, 24][4, 7][11, 25][16, 28][16, 27][0, 18] 
[19, 17, 0, 12, 8, 26][13, 18, 22, 25, 28][3, 14, 23, 1, 9][2, 29, 27, 15, 6][5, 21, 10, 7][11, 14, 24][20, 4, 24][0, 18][16, 28][11, 25][16, 27][4, 7] 
[19, 17, 0, 12, 8, 26][13, 18, 22, 25, 28][2, 29, 27, 15, 6][3, 14, 23, 1, 9][5, 21, 10, 7][11, 14, 24][20, 4, 24][0, 18][16, 28][16, 27][11, 25][4, 7] 
[19, 17, 0, 12, 8, 26][13, 18, 22, 25, 28][2, 29, 27, 15, 6][3, 14, 23, 1, 9][5, 21, 10, 7][11, 14, 24][20, 4, 24][0, 18][16, 28][16, 27][11, 25][4, 7] 
[19, 17, 0, 12, 8, 26][3, 14, 23, 1, 9][13, 18, 22, 25, 28][2, 29, 27, 15, 6][5, 21, 10, 7][11, 14, 24][20, 4, 24][4, 7][11, 25][16, 28][0, 18][16, 27] 
[19, 17, 0, 12, 8, 26][3, 14, 23, 1, 9][13, 18, 22, 25, 28][2, 29, 27, 15, 6][5, 21, 10, 7][20, 4, 24][11, 14, 24][4, 7][11, 25][16, 28][16, 27][0, 18] 
[19, 17, 0, 12, 8, 26][3, 14, 23, 1, 9][13, 18, 22, 25, 28][2, 29, 27, 15, 6][5, 21, 10, 7][11, 14, 24][20, 4, 24][4, 7][11, 25][16, 28][0, 18][16, 27] 
[19, 17, 0, 12, 8, 26][13, 18, 22, 25, 28][3, 14, 23, 1, 9][2, 29, 27, 15, 6][5, 21, 10, 7][11, 14, 24][20, 4, 24][0, 18][16, 28][11, 25][16, 27][4, 7] 
[19, 17, 0, 12, 8, 26][3, 14, 23, 1, 9][13, 18, 22, 25, 28][2, 29, 27, 15, 6][5, 21, 10, 7][20, 4, 24][11, 14, 24][4, 7][11, 25][16, 28][16, 27][0, 18] 
[19, 17, 0, 12, 8, 26][13, 18, 22, 25, 28][5, 21, 10, 7, 20][2, 29, 27, 15, 6][3, 14, 23, 1, 9][4, 24, 14, 11][11, 25][1, 9][20, 24][16, 28][0, 18][16, 27] 
[19, 17, 0, 12, 8, 26][13, 18, 22, 25, 28][5, 21, 10, 7, 20][2, 29, 27, 15, 6][3, 14, 23, 1, 9][4, 24, 14, 11][11, 25][1, 9][20, 24][16, 28][0, 18][16, 27] 
[19, 17, 0, 12, 8, 26][13, 18, 22, 25, 28][5, 21, 10, 7, 20][2, 29, 27, 15, 6][3, 14, 23, 1, 9][4, 24, 14, 11][11, 25][1, 9][20, 24][16, 28][0, 18][16, 27] 
[19, 17, 0, 12, 8, 26][13, 18, 22, 25, 28][5, 21, 10, 7, 20][2, 29, 27, 15, 6][3, 14, 23, 1, 9][4, 24, 14, 11][11, 25][1, 9][20, 24][16, 28][0, 18][16, 27] 
[19, 17, 0, 12, 8, 26][13, 18, 22, 25, 28][5, 21, 10, 7, 20][2, 29, 27, 15, 6][3, 14, 23, 1, 9][4, 24, 14, 11][11, 25][1, 9][20, 24][16, 28][0, 18][16, 27] 
[19, 17, 0, 12, 8, 26][13, 18, 22, 25, 28][5, 21, 10, 7, 20][2, 29, 27, 15, 6][3, 14, 23, 1, 9][4, 24, 14, 11][11, 25][1, 9][20, 24][16, 28][0, 18][16, 27] 
[19, 17, 0, 12, 8, 26][3, 14, 23, 1, 9][13, 18, 22, 25, 28][2, 29, 27, 15, 6][5, 21, 10, 7][4, 24, 20][11, 14, 24][7, 20][11, 25][16, 28][0, 18][16, 27] 
[19, 17, 0, 12, 8, 26][13, 18, 22, 25, 28][3, 14, 23, 1, 9][2, 29, 27, 15, 6][5, 21, 10, 7][11, 14, 24][4, 24, 20][11, 25][0, 18][16, 28][16, 27][7, 20] 
[19, 17, 0, 12, 8, 26][13, 18, 22, 25, 28][3, 14, 23, 1, 9][2, 29, 27, 15, 6][5, 21, 10, 7][11, 14, 24][4, 24, 20][0, 18][16, 28][11, 25][7, 20][16, 27] 
[19, 17, 0, 12, 8, 26][3, 14, 23, 1, 9][13, 18, 22, 25, 28][2, 29, 27, 15, 6][5, 21, 10, 7][4, 24, 20][11, 14, 24][7, 20][11, 25][16, 28][0, 18][16, 27] 
[19, 17, 0, 12, 8, 26][3, 14, 23, 1, 9][13, 18, 22, 25, 28][2, 29, 27, 15, 6][5, 21, 10, 7][4, 24, 20][11, 14, 24][7, 20][11, 25][16, 28][0, 18][16, 27] 
[19, 17, 0, 12, 8, 26][13, 18, 22, 25, 28][2, 29, 27, 15, 6][3, 14, 23, 1, 9][5, 21, 10, 7][11, 14, 24][20, 4, 24][0, 18][16, 28][16, 27][11, 25][4, 7] 
[19, 17, 0, 12, 8, 26][3, 14, 23, 1, 9][2, 29, 27, 15, 6][13, 18, 22, 25][5, 21, 10, 7][11, 25, 28][11, 14, 24][4, 24, 20][16, 28][16, 27][0, 18][7, 20] 
