[10, 15, 5, 21, 2, 29][22, 19, 12, 8, 26][4, 24, 3, 11, 25][0, 17, 18, 13][7, 27, 16, 28][1, 9, 23, 14][7, 20, 23][0, 22][6, 13][6, 16][6, 10][1, 3] 
[10, 15, 5, 21, 2, 29][22, 19, 12, 8, 26][4, 24, 3, 11, 25][7, 27, 16, 28][0, 18, 22, 17][1, 9, 23, 14][6, 13, 18][6, 16][6, 10][7, 20][20, 23][1, 3] 
[11, 25, 7, 20, 4, 24][10, 15, 5, 21, 2, 29][22, 19, 12, 8, 26][0, 18, 22, 17][1, 9, 23, 14][6, 13, 18][27, 16, 28][6, 16][7, 27][20, 23][1, 3][6, 10] 
[11, 25, 7, 20, 4, 24][10, 15, 5, 21, 2, 29][22, 19, 12, 8, 26][0, 18, 22, 17][1, 9, 23, 14][6, 13, 18][27, 16, 28][6, 16][7, 27][20, 23][1, 3][6, 10] 
[10, 15, 5, 21, 2, 29][22, 19, 12, 8, 26][4, 24, 3, 11, 25][13, 18, 0, 17][7, 27, 16, 28][1, 9, 23, 14][7, 20, 23][6, 13][6, 16][0, 22][1, 3][6, 10] 
[10, 15, 5, 21, 2, 29][22, 19, 12, 8, 26][4, 24, 3, 11, 25][7, 27, 16, 28][0, 18, 22, 17][1, 9, 23, 14][6, 13, 18][6, 16][6, 10][7, 20][20, 23][1, 3] 
[10, 15, 5, 21, 2, 29][22, 19, 12, 8, 26][4, 24, 3, 11, 25][7, 27, 16, 28][0, 18, 22, 17][1, 9, 23, 14][6, 13, 18][6, 16][6, 10][7, 20][20, 23][1, 3] 
[10, 15, 5, 21, 2, 29][4, 24, 3, 11, 25][22, 19, 12, 8, 26][1, 9, 23, 14][7, 27, 16, 28][13, 18, 0, 17][7, 20, 23][1, 3][6, 16][6, 13][6, 10][0, 22] 
[10, 15, 5, 21, 2, 29][22, 19, 12, 8, 26][4, 24, 3, 11, 25][0, 18, 22, 17][7, 27, 16, 28][1, 9, 23, 14][6, 13, 18][6, 10][6, 16][7, 20][20, 23][1, 3] 
[10, 15, 5, 21, 2, 29][4, 24, 3, 11, 25][22, 19, 12, 8, 26][13, 18, 0, 17][7, 27, 16, 28][1, 9, 23, 14][7, 20, 23][6, 13][6, 16][6, 10][1, 3][0, 22] 
[10, 15, 5, 21, 2, 29][22, 19, 12, 8, 26][4, 24, 3, 11, 25][0, 17, 18, 13][7, 27, 16, 28][1, 9, 23, 14][7, 20, 23][0, 22][6, 13][6, 16][1, 3][6, 10] 
[10, 15, 5, 21, 2, 29][22, 19, 12, 8, 26][4, 24, 3, 11, 25][7, 27, 16, 28][1, 9, 23, 14][0, 18, 22, 17][6, 13, 18][7, 20][20, 23][6, 16][6, 10][1, 3] 
[11, 25, 7, 20, 4, 24][10, 15, 5, 21, 2, 29][22, 19, 12, 8, 26][0, 18, 22, 17][1, 9, 23, 14][27, 16, 28][6, 13, 18][7, 27][6, 16][20, 23][1, 3][6, 10] 
[10, 15, 5, 21, 2, 29][22, 19, 12, 8, 26][4, 24, 3, 11, 25][13, 18, 0, 17][7, 27, 16, 28][1, 9, 23, 14][7, 20, 23][0, 22][6, 13][6, 10][6, 16][1, 3] 
[10, 15, 5, 21, 2, 29][22, 19, 12, 8, 26][4, 24, 3, 11, 25][0, 18, 22, 17][7, 27, 16, 28][1, 9, 23, 14][6, 13, 18][6, 10][6, 16][7, 20][20, 23][1, 3] 
[10, 15, 5, 21, 2, 29][22, 19, 12, 8, 26][4, 24, 3, 11, 25][13, 18, 0, 17][7, 27, 16, 28][1, 9, 23, 14][7, 20, 23][0, 22][6, 13][6, 16][6, 10][1, 3] 
[10, 15, 5, 21, 2, 29][22, 19, 12, 8, 26][4, 24, 3, 11, 25][0, 17, 18, 13][7, 27, 16, 28][1, 9, 23, 14][7, 20, 23][0, 22][6, 13][6, 10][6, 16][1, 3] 
[10, 15, 5, 21, 2, 29][22, 19, 12, 8, 26][4, 24, 3, 11, 25][0, 18, 22, 17][7, 27, 16, 28][1, 9, 23, 14][6, 13, 18][6, 10][6, 16][7, 20][1, 3][20, 23] 
[10, 15, 5, 21, 2, 29][4, 24, 3, 11, 25][22, 19, 12, 8, 26][1, 9, 23, 14][7, 27, 16, 28][13, 18, 0, 17][7, 20, 23][1, 3][6, 16][6, 10][6, 13][0, 22] 
[10, 15, 5, 21, 2, 29][22, 19, 12, 8, 26][4, 24, 3, 11, 25][0, 17, 18, 13][7, 27, 16, 28][1, 9, 23, 14][7, 20, 23][0, 22][6, 13][6, 16][1, 3][6, 10] 
[10, 15, 5, 21, 2, 29][4, 24, 3, 11, 25][22, 19, 12, 8, 26][1, 9, 23, 14][7, 27, 16, 28][0, 17, 18, 13][7, 20, 23][1, 3][6, 16][6, 13][6, 10][0, 22] 
[10, 15, 5, 21, 2, 29][22, 19, 12, 8, 26][4, 24, 3, 11, 25][7, 27, 16, 28][0, 18, 22, 17][1, 9, 23, 14][6, 13, 18][6, 16][6, 10][7, 20][20, 23][1, 3] 
[11, 25, 7, 20, 4, 24][10, 15, 5, 21, 2, 29][22, 19, 12, 8, 26][0, 18, 22, 17][1, 9, 23, 14][27, 16, 28][6, 13, 18][7, 27][6, 16][20, 23][1, 3][6, 10] 
[10, 15, 5, 21, 2, 29][4, 24, 3, 11, 25][22, 19, 12, 8, 26][1, 9, 23, 14][7, 27, 16, 28][13, 18, 0, 17][7, 20, 23][1, 3][6, 16][6, 13][6, 10][0, 22] 
[10, 15, 5, 21, 2, 29][22, 19, 12, 8, 26][4, 24, 3, 11, 25][7, 27, 16, 28][0, 18, 22, 17][1, 9, 23, 14][6, 13, 18][6, 16][6, 10][7, 20][20, 23][1, 3] 
[10, 15, 5, 21, 2, 29][4, 24, 3, 11, 25][22, 19, 12, 8, 26][1, 9, 23, 14][7, 27, 16, 28][13, 18, 0, 17][7, 20, 23][1, 3][6, 16][6, 13][0, 22][6, 10] 
[10, 15, 5, 21, 2, 29][22, 19, 12, 8, 26][4, 24, 3, 11, 25][0, 17, 18, 13][7, 27, 16, 28][1, 9, 23, 14][7, 20, 23][0, 22][6, 13][6, 10][6, 16][1, 3] 
[10, 15, 5, 21, 2, 29][4, 24, 3, 11, 25][22, 19, 12, 8, 26][1, 9, 23, 14][7, 27, 16, 28][0, 18, 22, 17][6, 13, 18][1, 3][20, 23][7, 20][6, 16][6, 10] 
[10, 15, 5, 21, 2, 29][11, 25, 7, 20, 4, 24][22, 19, 12, 8, 26][1, 9, 23, 14, 3][0, 17, 18, 13][27, 16, 28][6, 13][6, 16][6, 10][0, 22][7, 27][20, 23] 
[10, 15, 5, 21, 2, 29][22, 19, 12, 8, 26][4, 24, 3, 11, 25][0, 17, 18, 13][7, 27, 16, 28][1, 9, 23, 14][7, 20, 23][6, 13][0, 22][6, 16][6, 10][1, 3] 
[10, 15, 5, 21, 2, 29][4, 24, 3, 11, 25][22, 19, 12, 8, 26][7, 27, 16, 28][1, 9, 23, 14][0, 17, 18, 13][7, 20, 23][1, 3][6, 16][6, 13][6, 10][0, 22] 
[10, 15, 5, 21, 2, 29][4, 24, 3, 11, 25][22, 19, 12, 8, 26][1, 9, 23, 14][7, 27, 16, 28][0, 18, 22, 17][6, 13, 18][1, 3][20, 23][7, 20][6, 16][6, 10] 
[10, 15, 5, 21, 2, 29][4, 24, 3, 11, 25][22, 19, 12, 8, 26][13, 18, 0, 17][7, 27, 16, 28][1, 9, 23, 14][7, 20, 23][6, 10][6, 13][6, 16][1, 3][0, 22] 
[10, 15, 5, 21, 2, 29][4, 24, 3, 11, 25][22, 19, 12, 8, 26][7, 27, 16, 28][1, 9, 23, 14][0, 17, 18, 13][7, 20, 23][1, 3][6, 16][6, 13][6, 10][0, 22] 
[10, 15, 5, 21, 2, 29][4, 24, 3, 11, 25][22, 19, 12, 8, 26][1, 9, 23, 14][7, 27, 16, 28][0, 17, 18, 13][7, 20, 23][1, 3][6, 16][6, 10][6, 13][0, 22] 
[8, 12, 18, 22, 17, 11, 3, 9, 1, 14, 24, 4, 23][19, 22, 18, 0, 13, 6, 16, 27, 29][10, 15, 5, 21, 2, 29][4, 20, 7, 25][17, 18][25, 28][8, 26][6, 13][4, 24][6, 13][4, 14][6, 13] 
[8, 12, 18, 22, 17, 11, 3, 9, 1, 14, 24, 4, 23][19, 22, 18, 0, 13, 6, 16, 27, 29][10, 15, 5, 21, 2, 29][4, 20, 7, 25][17, 18][25, 28][8, 26][6, 13][4, 24][6, 13][4, 14][6, 13] 
[8, 12, 18, 22, 17, 11, 3, 9, 1, 14, 24, 4, 23][19, 22, 18, 0, 13, 6, 16, 27, 29][10, 15, 5, 21, 2, 29][4, 20, 7, 25][17, 18][25, 28][8, 26][6, 13][4, 24][6, 13][4, 14][6, 13] 
[12, 18, 22, 17, 11, 3, 9, 1, 14, 24, 4, 23][19, 22, 18, 0, 13, 6, 16, 27, 29][10, 15, 5, 21, 2, 29][4, 20, 7, 25][8, 12][8, 26][25, 28][4, 24][6, 13][6, 13][5, 15][7, 20] 
[12, 18, 22, 17, 11, 3, 9, 1, 14, 24, 4, 23][19, 22, 18, 0, 13, 6, 16, 27, 29][10, 15, 5, 21, 2, 29][4, 20, 7, 25][8, 12][8, 26][25, 28][4, 24][6, 13][6, 13][5, 15][7, 20] 
[15, 5, 21, 2, 29, 27, 16, 6, 13, 0, 18, 22][17, 11, 3, 9, 1, 14, 24, 4, 23][22, 19, 12, 8, 26][4, 20, 7, 25][7, 20][7, 27][6, 10][6, 13][6, 16][6, 13][4, 14][16, 28] 
[8, 12, 18, 22, 17, 11, 3, 9, 1, 14, 24, 4, 23][19, 22, 18, 0, 13, 6, 16, 27, 29][10, 15, 5, 21, 2, 29][4, 20, 7, 25][17, 18][25, 28][8, 26][6, 13][4, 24][6, 13][4, 14][6, 13] 
[8, 12, 18, 22, 17, 11, 3, 9, 1, 14, 24, 4, 23][19, 22, 18, 0, 13, 6, 16, 27, 29][10, 15, 5, 21, 2, 29][4, 20, 7, 25][17, 18][25, 28][8, 26][6, 13][4, 24][6, 13][4, 14][6, 13] 
[12, 18, 22, 17, 11, 3, 9, 1, 14, 24, 4, 23][19, 22, 18, 0, 13, 6, 16, 27, 29][10, 15, 5, 21, 2, 29][4, 20, 7, 25][8, 12][8, 26][25, 28][4, 24][6, 13][6, 13][5, 15][7, 20] 
[8, 12, 18, 22, 17, 11, 3, 9, 1, 14, 24, 4, 23][19, 22, 18, 0, 13, 6, 16, 27, 29][10, 15, 5, 21, 2, 29][4, 20, 7, 25][17, 18][25, 28][8, 26][6, 13][4, 24][6, 13][4, 14][6, 13] 
[8, 12, 18, 22, 17, 11, 3, 9, 1, 14, 24, 4, 23][19, 22, 18, 0, 13, 6, 16, 27, 29][10, 15, 5, 21, 2, 29][4, 20, 7, 25][17, 18][25, 28][8, 26][6, 13][4, 24][6, 13][4, 14][6, 13] 
[8, 12, 18, 22, 17, 11, 3, 9, 1, 14, 24, 4, 23][19, 22, 18, 0, 13, 6, 16, 27, 29][10, 15, 5, 21, 2, 29][4, 20, 7, 25][17, 18][25, 28][8, 26][6, 13][4, 24][6, 13][4, 14][6, 13] 
[12, 18, 22, 17, 11, 3, 9, 1, 14, 24, 4, 23][19, 22, 18, 0, 13, 6, 16, 27, 29][10, 15, 5, 21, 2, 29][4, 20, 7, 25][8, 12][8, 26][25, 28][4, 24][6, 13][6, 13][5, 15][7, 20] 
[8, 12, 18, 22, 17, 11, 3, 9, 1, 14, 24, 4, 23][19, 22, 18, 0, 13, 6, 16, 27, 29][10, 15, 5, 21, 2, 29][4, 20, 7, 25][17, 18][25, 28][8, 26][6, 13][4, 24][6, 13][4, 14][6, 13] 
[8, 12, 18, 22, 17, 11, 3, 9, 1, 14, 24, 4, 23][19, 22, 18, 0, 13, 6, 16, 27, 29][10, 15, 5, 21, 2, 29][4, 20, 7, 25][17, 18][25, 28][8, 26][6, 13][4, 24][6, 13][4, 14][6, 13] 
[8, 12, 18, 22, 17, 11, 3, 9, 1, 14, 24, 4, 23][15, 5, 21, 2, 29, 27, 16, 6, 13, 0, 18, 22, 19][4, 20, 7, 25][17, 18][27, 29][10, 15][25, 28][8, 26][7, 20][12, 18][6, 16][6, 13] 
[8, 12, 18, 22, 17, 11, 3, 9, 1, 14, 24, 4, 23][15, 5, 21, 2, 29, 27, 16, 6, 13, 0, 18, 22, 19][4, 20, 7, 25][17, 18][27, 29][10, 15][25, 28][8, 26][7, 20][12, 18][6, 16][6, 13] 
[8, 12, 18, 22, 17, 11, 3, 9, 1, 14, 24, 4, 23][19, 22, 18, 0, 13, 6, 16, 27, 29][10, 15, 5, 21, 2, 29][4, 20, 7, 25][17, 18][25, 28][8, 26][6, 13][4, 24][6, 13][4, 14][6, 13] 
[8, 12, 18, 22, 17, 11, 3, 9, 1, 14, 24, 4, 23][15, 5, 21, 2, 29, 27, 16, 6, 13, 0, 18, 22, 19][4, 20, 7, 25][17, 18][27, 29][10, 15][25, 28][8, 26][7, 20][12, 18][6, 16][6, 13] 
[15, 5, 21, 2, 29, 27, 16, 6, 13, 0, 18, 22, 19][8, 12, 18, 22, 17, 11, 3, 9, 1, 14, 24, 4, 23][4, 20, 7, 25][8, 12][8, 26][25, 28][6, 10][4, 24][8, 12][7, 20][7, 20][6, 13] 
[8, 12, 18, 22, 17, 11, 3, 9, 1, 14, 24, 4, 23][15, 5, 21, 2, 29, 27, 16, 6, 13, 0, 18, 22, 19][4, 20, 7, 25][17, 18][27, 29][10, 15][25, 28][8, 26][7, 20][12, 18][6, 16][6, 13] 
[10, 15, 5, 21, 2, 29][22, 19, 12, 8, 26][4, 24, 3, 11, 25][13, 18, 0, 17][7, 27, 16, 28][1, 9, 23, 14][7, 20, 23][6, 13][6, 16][0, 22][1, 3][6, 10] 
[10, 15, 5, 21, 2, 29][22, 19, 12, 8, 26][4, 24, 3, 11, 25][13, 18, 0, 17][7, 27, 16, 28][1, 9, 23, 14][7, 20, 23][6, 13][0, 22][6, 16][1, 3][6, 10] 
[10, 15, 5, 21, 2, 29][22, 19, 12, 8, 26][4, 24, 3, 11, 25][13, 18, 0, 17][7, 27, 16, 28][1, 9, 23, 14][7, 20, 23][0, 22][6, 13][6, 16][6, 10][1, 3] 
[10, 15, 5, 21, 2, 29][22, 19, 12, 8, 26][4, 24, 3, 11, 25][1, 9, 23, 14][7, 27, 16, 28][13, 18, 0, 17][7, 20, 23][6, 16][6, 13][0, 22][6, 10][1, 3] 
[10, 15, 5, 21, 2, 29][4, 24, 3, 11, 25][22, 19, 12, 8, 26][13, 18, 0, 17][7, 27, 16, 28][1, 9, 23, 14][7, 20, 23][6, 10][6, 13][6, 16][1, 3][0, 22] 
[10, 15, 5, 21, 2, 29][22, 19, 12, 8, 26][4, 24, 3, 11, 25][13, 18, 0, 17][7, 27, 16, 28][1, 9, 23, 14][7, 20, 23][0, 22][6, 13][6, 10][6, 16][1, 3] 
[10, 15, 5, 21, 2, 29][4, 24, 3, 11, 25][22, 19, 12, 8, 26][1, 9, 23, 14][7, 27, 16, 28][13, 18, 0, 17][7, 20, 23][1, 3][6, 16][6, 13][6, 10][0, 22] 
[10, 15, 5, 21, 2, 29][4, 24, 3, 11, 25][22, 19, 12, 8, 26][7, 27, 16, 28][1, 9, 23, 14][13, 18, 0, 17][7, 20, 23][6, 16][1, 3][6, 13][6, 10][0, 22] 
[10, 15, 5, 21, 2, 29][22, 19, 12, 8, 26][4, 24, 3, 11, 25][13, 18, 0, 17][7, 27, 16, 28][1, 9, 23, 14][7, 20, 23][0, 22][6, 13][6, 10][6, 16][1, 3] 
[10, 15, 5, 21, 2, 29][4, 24, 3, 11, 25][22, 19, 12, 8, 26][1, 9, 23, 14][7, 27, 16, 28][13, 18, 0, 17][7, 20, 23][6, 16][1, 3][6, 13][6, 10][0, 22] 
[10, 15, 5, 21, 2, 29][22, 19, 12, 8, 26][4, 24, 3, 11, 25][13, 18, 0, 17][7, 27, 16, 28][1, 9, 23, 14][7, 20, 23][0, 22][6, 13][6, 16][6, 10][1, 3] 
[10, 15, 5, 21, 2, 29][4, 24, 3, 11, 25][22, 19, 12, 8, 26][13, 18, 0, 17][7, 27, 16, 28][1, 9, 23, 14][7, 20, 23][6, 10][6, 13][6, 16][1, 3][0, 22] 
[10, 15, 5, 21, 2, 29][4, 24, 3, 11, 25][22, 19, 12, 8, 26][13, 18, 0, 17][7, 27, 16, 28][1, 9, 23, 14][7, 20, 23][6, 10][6, 13][6, 16][1, 3][0, 22] 
[10, 15, 5, 21, 2, 29][4, 24, 3, 11, 25][22, 19, 12, 8, 26][1, 9, 23, 14][7, 27, 16, 28][13, 18, 0, 17][7, 20, 23][1, 3][6, 16][6, 10][6, 13][0, 22] 
[10, 15, 5, 21, 2, 29][22, 19, 12, 8, 26][4, 24, 3, 11, 25][13, 18, 0, 17][7, 27, 16, 28][1, 9, 23, 14][7, 20, 23][6, 10][6, 13][0, 22][6, 16][1, 3] 
[10, 15, 5, 21, 2, 29][4, 24, 3, 11, 25][22, 19, 12, 8, 26][7, 27, 16, 28][1, 9, 23, 14][0, 17, 18, 13][7, 20, 23][6, 16][6, 10][1, 3][6, 13][0, 22] 
[10, 15, 5, 21, 2, 29][4, 24, 3, 11, 25][22, 19, 12, 8, 26][1, 9, 23, 14][7, 27, 16, 28][0, 17, 18, 13][7, 20, 23][1, 3][6, 16][6, 13][6, 10][0, 22] 
[10, 15, 5, 21, 2, 29][22, 19, 12, 8, 26][4, 24, 3, 11, 25][0, 17, 18, 13][7, 27, 16, 28][1, 9, 23, 14][7, 20, 23][6, 13][6, 10][6, 16][0, 22][1, 3] 
[10, 15, 5, 21, 2, 29][4, 24, 3, 11, 25][22, 19, 12, 8, 26][1, 9, 23, 14][7, 27, 16, 28][0, 17, 18, 13][7, 20, 23][1, 3][6, 16][6, 13][6, 10][0, 22] 
[10, 15, 5, 21, 2, 29][4, 24, 3, 11, 25][22, 19, 12, 8, 26][7, 27, 16, 28][1, 9, 23, 14][0, 17, 18, 13][7, 20, 23][1, 3][6, 16][6, 13][6, 10][0, 22] 
[10, 15, 5, 21, 2, 29][22, 19, 12, 8, 26][4, 24, 3, 11, 25][0, 17, 18, 13][7, 27, 16, 28][1, 9, 23, 14][0, 22, 12][7, 20, 23][6, 13][6, 16][6, 10][1, 3] 
[10, 15, 5, 21, 2, 29][4, 24, 3, 11, 25][22, 19, 12, 8, 26][13, 18, 0, 17][7, 27, 16, 28][1, 9, 23, 14][7, 20, 23][6, 10][6, 13][6, 16][1, 3][0, 22] 
[10, 15, 5, 21, 2, 29][22, 19, 12, 8, 26][4, 24, 3, 11, 25][13, 18, 0, 17][7, 27, 16, 28][1, 9, 23, 14][7, 20, 23][0, 22][6, 13][6, 10][6, 16][1, 3] 
[10, 15, 5, 21, 2, 29][22, 19, 12, 8, 26][4, 24, 3, 11, 25][13, 18, 0, 17][7, 27, 16, 28][1, 9, 23, 14][7, 20, 23][0, 22][6, 13][6, 10][6, 16][1, 3] 
[10, 15, 5, 21, 2, 29][4, 24, 3, 11, 25][22, 19, 12, 8, 26][1, 9, 23, 14][7, 27, 16, 28][13, 18, 0, 17][7, 20, 23][1, 3][6, 16][6, 13][6, 10][0, 22] 
[10, 15, 5, 21, 2, 29][4, 24, 3, 11, 25][22, 19, 12, 8, 26][7, 27, 16, 28][1, 9, 23, 14][13, 18, 0, 17][7, 20, 23][6, 16][1, 3][6, 13][6, 10][0, 22] 
[10, 15, 5, 21, 2, 29][4, 24, 3, 11, 25][22, 19, 12, 8, 26][1, 9, 23, 14][7, 27, 16, 28][13, 18, 0, 17][7, 20, 23][0, 22, 12][1, 3][6, 16][6, 10][6, 13] 
[10, 15, 5, 21, 2, 29][22, 19, 12, 8, 26][4, 24, 3, 11, 25][13, 18, 0, 17][7, 27, 16, 28][1, 9, 23, 14][7, 20, 23][0, 22][6, 13][6, 10][6, 16][1, 3] 
[10, 15, 5, 21, 2, 29][22, 19, 12, 8, 26][4, 24, 3, 11, 25][0, 17, 18, 13][7, 27, 16, 28][1, 9, 23, 14][7, 20, 23][0, 22][6, 13][6, 16][6, 10][1, 3] 
[10, 15, 5, 21, 2, 29][4, 24, 3, 11, 25][22, 19, 12, 8, 26][0, 17, 18, 13][7, 27, 16, 28][1, 9, 23, 14][7, 20, 23][6, 13][0, 22][6, 16][1, 3][6, 10] 
[10, 15, 5, 21, 2, 29][4, 24, 3, 11, 25][22, 19, 12, 8, 26][7, 27, 16, 28][1, 9, 23, 14][0, 17, 18, 13][7, 20, 23][1, 3][6, 16][6, 13][6, 10][0, 22] 
[10, 15, 5, 21, 2, 29][4, 24, 3, 11, 25][22, 19, 12, 8, 26][1, 9, 23, 14][7, 27, 16, 28][0, 17, 18, 13][7, 20, 23][1, 3][6, 16][6, 13][0, 22][6, 10] 
[10, 15, 5, 21, 2, 29][4, 24, 3, 11, 25][22, 19, 12, 8, 26][1, 9, 23, 14][7, 27, 16, 28][0, 17, 18, 13][7, 20, 23][1, 3][6, 16][6, 10][6, 13][0, 22] 
[10, 15, 5, 21, 2, 29][4, 24, 3, 11, 25][22, 19, 12, 8, 26][1, 9, 23, 14][7, 27, 16, 28][0, 17, 18, 13][7, 20, 23][1, 3][6, 16][6, 13][0, 22][6, 10] 
[10, 15, 5, 21, 2, 29][4, 24, 3, 11, 25][22, 19, 12, 8, 26][0, 17, 18, 13][7, 27, 16, 28][1, 9, 23, 14][7, 20, 23][6, 13][0, 22][6, 16][1, 3][6, 10] 
[10, 15, 5, 21, 2, 29][22, 19, 12, 8, 26][4, 24, 3, 11, 25][0, 17, 18, 13][7, 27, 16, 28][1, 9, 23, 14][7, 20, 23][6, 10][6, 13][0, 22][6, 16][1, 3] 
[10, 15, 5, 21, 2, 29][4, 24, 3, 11, 25][22, 19, 12, 8, 26][1, 9, 23, 14][7, 27, 16, 28][0, 17, 18, 13][7, 20, 23][1, 3][6, 16][6, 10][6, 13][0, 22] 
[10, 15, 5, 21, 2, 29][22, 19, 12, 8, 26][4, 24, 3, 11, 25][0, 17, 18, 13][7, 27, 16, 28][1, 9, 23, 14][7, 20, 23][0, 22][6, 13][6, 10][6, 16][1, 3] 
[10, 15, 5, 21, 2, 29][4, 24, 3, 11, 25][22, 19, 12, 8, 26][1, 9, 23, 14][7, 27, 16, 28][0, 17, 18, 13][7, 20, 23][1, 3][6, 16][6, 13][0, 22][6, 10] 
[10, 15, 5, 21, 2, 29][22, 19, 12, 8, 26][4, 24, 3, 11, 25][0, 17, 18, 13][7, 27, 16, 28][1, 9, 23, 14][7, 20, 23][6, 10][6, 13][0, 22][6, 16][1, 3] 
[10, 15, 5, 21, 2, 29][22, 19, 12, 8, 26][4, 24, 3, 11, 25][0, 17, 18, 13][7, 27, 16, 28][1, 9, 23, 14][7, 20, 23][0, 22][6, 13][6, 10][6, 16][1, 3] 
[10, 15, 5, 21, 2, 29][22, 19, 12, 8, 26][4, 24, 3, 11, 25][0, 17, 18, 13][7, 27, 16, 28][1, 9, 23, 14][7, 20, 23][0, 22][6, 13][6, 10][6, 16][1, 3] 
[10, 15, 5, 21, 2, 29][4, 24, 3, 11, 25][22, 19, 12, 8, 26][1, 9, 23, 14][7, 27, 16, 28][0, 17, 18, 13][7, 20, 23][1, 3][6, 16][6, 10][6, 13][0, 22] 
[10, 15, 5, 21, 2, 29][4, 24, 3, 11, 25][6, 13, 18, 0, 17][22, 19, 12, 8, 26][7, 27, 16, 28][1, 9, 23, 14][7, 20, 23][1, 3][6, 16][6, 10][6, 13][0, 22] 
[10, 15, 5, 21, 2, 29][4, 24, 3, 11, 25][6, 13, 18, 0, 17][22, 19, 12, 8, 26][7, 27, 16, 28][1, 9, 23, 14][7, 20, 23][6, 16][6, 10][1, 3][6, 13][0, 22] 
[10, 15, 5, 21, 2, 29][4, 24, 3, 11, 25][6, 13, 18, 0, 17][22, 19, 12, 8, 26][7, 27, 16, 28][1, 9, 23, 14][7, 20, 23][6, 16][6, 10][1, 3][6, 13][0, 22] 
[10, 15, 5, 21, 2, 29][4, 24, 3, 11, 25][6, 13, 18, 0, 17][22, 19, 12, 8, 26][7, 27, 16, 28][1, 9, 23, 14][7, 20, 23][1, 3][6, 16][6, 10][6, 13][0, 22] 
[10, 15, 5, 21, 2, 29][4, 24, 3, 11, 25][6, 13, 18, 0, 17][22, 19, 12, 8, 26][7, 27, 16, 28][1, 9, 23, 14][7, 20, 23][6, 16][6, 10][1, 3][6, 13][0, 22] 
[19, 0, 18, 22, 17, 12, 8, 26][10, 15, 5, 21, 2, 29][4, 24, 3, 11, 25][7, 27, 16, 28][1, 9, 23, 14][7, 20, 23][13, 18][6, 13][6, 16][6, 10][1, 3][5, 15] 
[10, 15, 5, 21, 2, 29][4, 24, 3, 11, 25][22, 19, 12, 8, 26][7, 27, 16, 28][1, 9, 23, 14][13, 18, 0, 17][7, 20, 23][6, 16][1, 3][6, 10][6, 13][0, 22] 
[10, 15, 5, 21, 2, 29][4, 24, 3, 11, 25][22, 19, 12, 8, 26][13, 18, 0, 17][7, 27, 16, 28][1, 9, 23, 14][7, 20, 23][6, 10][6, 13][6, 16][1, 3][0, 22] 
[10, 15, 5, 21, 2, 29][4, 24, 3, 11, 25][22, 19, 12, 8, 26][13, 18, 0, 17][7, 27, 16, 28][1, 9, 23, 14][7, 20, 23][6, 10][6, 13][6, 16][1, 3][0, 22] 
[10, 15, 5, 21, 2, 29][4, 24, 3, 11, 25][22, 19, 12, 8, 26][1, 9, 23, 14][7, 27, 16, 28][13, 18, 0, 17][7, 20, 23][1, 3][6, 16][6, 10][6, 13][0, 22] 
[10, 15, 5, 21, 2, 29][4, 24, 3, 11, 25][22, 19, 12, 8, 26][13, 18, 0, 17][7, 27, 16, 28][1, 9, 23, 14][7, 20, 23][6, 10][6, 13][6, 16][1, 3][0, 22] 
[10, 15, 5, 21, 2, 29][4, 24, 3, 11, 25][22, 19, 12, 8, 26][1, 9, 23, 14][7, 27, 16, 28][0, 17, 18, 13][7, 20, 23][1, 3][6, 16][6, 13][6, 10][0, 22] 
[10, 15, 5, 21, 2, 29][4, 24, 3, 11, 25][22, 19, 12, 8, 26][7, 27, 16, 28][1, 9, 23, 14][13, 18, 0, 17][7, 20, 23][6, 16][1, 3][6, 10][6, 13][0, 22] 
