[8, 26, 0, 19, 12][10, 6, 13, 18, 22][4, 14, 23, 1, 24][5, 21, 15, 2, 29][25, 28, 7, 27][9, 3, 11, 17][16, 7, 20][0, 18][10, 16][14, 20][9, 14][5, 6] 
[8, 26, 0, 19, 12][11, 25, 28, 7, 27][4, 14, 23, 1, 24][5, 21, 15, 2, 29][10, 6, 13, 18][0, 18, 22][16, 7, 20][9, 3, 23][17, 22][10, 16][14, 20][5, 6] 
[4, 14, 23, 1, 24][8, 26, 0, 19, 12][5, 21, 15, 2, 29][25, 28, 7, 27][10, 6, 13, 18][16, 7, 20][9, 3, 23][18, 0, 22][11, 17, 22][14, 20][10, 16][5, 6] 
[5, 21, 15, 2, 29][8, 26, 0, 19, 12][11, 25, 28, 7, 27][4, 14, 23, 1, 24][10, 6, 13, 18][0, 18, 22][16, 7, 20][9, 3, 23][5, 6][17, 22][11, 17][14, 20] 
[4, 14, 23, 1, 24][8, 26, 0, 19, 12][5, 21, 15, 2, 29][25, 28, 7, 27][10, 6, 13, 18][9, 3, 11, 17][16, 7, 20][0, 18, 22][14, 20][10, 16][17, 22][5, 6] 
[4, 14, 23, 1, 24][8, 26, 0, 19, 12][5, 21, 15, 2, 29][25, 28, 7, 27][10, 6, 13, 18][9, 3, 11, 17][16, 7, 20][0, 18, 22][14, 20][10, 16][17, 22][5, 6] 
[4, 14, 23, 1, 24][8, 26, 0, 19, 12][5, 21, 15, 2, 29][25, 28, 7, 27][10, 6, 13, 18][16, 7, 20][9, 3, 23][18, 0, 22][11, 17, 22][14, 20][10, 16][5, 6] 
[4, 14, 23, 1, 24][5, 21, 15, 2, 29][8, 26, 0, 19, 12][25, 28, 7, 27][10, 6, 13, 18][9, 3, 11, 17][16, 7, 20][0, 18, 22][14, 20][10, 16][5, 6][17, 22] 
[8, 26, 0, 19, 12][4, 14, 23, 1, 24][5, 21, 15, 2, 29][9, 3, 11, 17][10, 6, 13, 18][25, 28, 7, 27][18, 0, 22][16, 7, 20][17, 22][10, 16][14, 20][5, 6] 
[4, 14, 23, 1, 24][5, 21, 15, 2, 29][8, 26, 0, 19, 12][25, 28, 7, 27][10, 6, 13, 18][9, 3, 11, 17][16, 7, 20][0, 18, 22][14, 20][10, 16][5, 6][17, 22] 
[10, 6, 13, 18, 22][4, 14, 23, 1, 24][8, 26, 0, 19, 12][5, 21, 15, 2, 29][25, 28, 7, 27][9, 3, 11, 17][16, 7, 20][10, 16][14, 20][0, 18][9, 14][5, 6] 
[11, 25, 28, 7, 27][8, 26, 0, 19, 12][5, 21, 15, 2, 29][4, 14, 23, 1, 24][10, 6, 13, 18][16, 7, 20][0, 18, 22][9, 3, 23][10, 16][5, 6][14, 20][17, 22] 
[5, 21, 15, 2, 29][8, 26, 0, 19, 12][4, 14, 23, 1, 24][10, 6, 13, 18][25, 28, 7, 27][18, 0, 22][11, 17, 22][16, 7, 20][9, 3, 23][5, 6][10, 16][14, 20] 
[8, 26, 0, 19, 12][4, 14, 23, 1, 24][5, 21, 15, 2, 29][10, 6, 13, 18][25, 28, 7, 27][9, 3, 11, 17][16, 7, 20][0, 18, 22][10, 16][17, 22][14, 20][5, 6] 
[8, 26, 0, 19, 12][4, 14, 23, 1, 24][5, 21, 15, 2, 29][9, 3, 11, 17][10, 6, 13, 18][25, 28, 7, 27][18, 0, 22][16, 7, 20][17, 22][10, 16][14, 20][5, 6] 
[5, 21, 15, 2, 29][8, 26, 0, 19, 12][4, 14, 23, 1, 24][10, 6, 13, 18][9, 3, 11, 17][25, 28, 7, 27][0, 18, 22][16, 7, 20][5, 6][17, 22][10, 16][14, 20] 
[4, 14, 23, 1, 24][10, 6, 13, 18, 22][8, 26, 0, 19, 12][5, 21, 15, 2, 29][25, 28, 7, 27][9, 3, 11, 17][16, 7, 20][14, 20][9, 14][10, 16][0, 18][5, 6] 
[11, 25, 28, 7, 27][8, 26, 0, 19, 12][5, 21, 15, 2, 29][4, 14, 23, 1, 24][10, 6, 13, 18][16, 7, 20][0, 18, 22][9, 3, 23][10, 16][5, 6][14, 20][17, 22] 
[8, 26, 0, 19, 12][4, 14, 23, 1, 24][5, 21, 15, 2, 29][10, 6, 13, 18][25, 28, 7, 27][9, 3, 11, 17][16, 7, 20][0, 18, 22][10, 16][17, 22][14, 20][5, 6] 
[8, 26, 0, 19, 12][10, 6, 13, 18, 22][4, 14, 23, 1, 24][5, 21, 15, 2, 29][25, 28, 7, 27][9, 3, 11, 17][16, 7, 20][0, 18][10, 16][14, 20][9, 14][5, 6] 
[4, 14, 23, 1, 24][10, 6, 13, 18, 22][5, 21, 15, 2, 29][8, 26, 0, 19, 12][25, 28, 7, 27][9, 3, 11, 17][16, 7, 20][14, 20][9, 14][10, 16][5, 6][0, 18] 
[4, 14, 23, 1, 24][11, 25, 28, 7, 27][8, 26, 0, 19, 12][5, 21, 15, 2, 29][10, 6, 13, 18][16, 7, 20][9, 3, 23][0, 18, 22][14, 20][10, 16][17, 22][5, 6] 
[5, 21, 15, 2, 29][8, 26, 0, 19, 12][4, 14, 23, 1, 24][10, 6, 13, 18][25, 28, 7, 27][18, 0, 22][11, 17, 22][16, 7, 20][9, 3, 23][5, 6][10, 16][14, 20] 
[4, 14, 23, 1, 24][8, 26, 0, 19, 12][5, 21, 15, 2, 29][25, 28, 7, 27][10, 6, 13, 18][9, 3, 11, 17][16, 7, 20][0, 18, 22][14, 20][10, 16][17, 22][5, 6] 
[8, 26, 0, 19, 12][5, 21, 15, 2, 29][4, 14, 23, 1, 24][9, 3, 11, 17][10, 6, 13, 18][25, 28, 7, 27][18, 0, 22][16, 7, 20][17, 22][5, 6][10, 16][14, 20] 
[8, 26, 0, 19, 12][5, 21, 15, 2, 29][4, 14, 23, 1, 24][25, 28, 7, 27][10, 6, 13, 18][9, 3, 11, 17][16, 7, 20][0, 18, 22][10, 16][17, 22][5, 6][14, 20] 
[10, 6, 13, 18, 22][5, 21, 15, 2, 29][8, 26, 0, 19, 12][4, 14, 23, 1, 24][25, 28, 7, 27][9, 3, 11, 17][16, 7, 20][10, 16][5, 6][0, 18][14, 20][9, 14] 
[4, 14, 23, 1, 24][11, 25, 28, 7, 27][8, 26, 0, 19, 12][5, 21, 15, 2, 29][10, 6, 13, 18][16, 7, 20][9, 3, 23][0, 18, 22][14, 20][10, 16][17, 22][5, 6] 
[4, 14, 23, 1, 24][8, 26, 0, 19, 12][5, 21, 15, 2, 29][25, 28, 7, 27][10, 6, 13, 18][9, 3, 11, 17][16, 7, 20][0, 18, 22][14, 20][10, 16][17, 22][5, 6] 
[4, 14, 23, 1, 24][10, 6, 13, 18, 22][5, 21, 15, 2, 29][8, 26, 0, 19, 12][9, 3, 11, 17][25, 28, 7, 27][16, 7, 20][9, 14][14, 20][10, 16][5, 6][0, 18] 
[4, 14, 23, 1, 24][10, 6, 13, 18, 22][5, 21, 15, 2, 29][8, 26, 0, 19, 12][25, 28, 7, 27][9, 3, 11, 17][16, 7, 20][14, 20][9, 14][10, 16][5, 6][0, 18] 
[11, 25, 28, 7, 27][8, 26, 0, 19, 12][5, 21, 15, 2, 29][4, 14, 23, 1, 24][10, 6, 13, 18][16, 7, 20][0, 18, 22][9, 3, 23][10, 16][5, 6][14, 20][17, 22] 
[4, 14, 23, 1, 24][8, 26, 0, 19, 12][5, 21, 15, 2, 29][25, 28, 7, 27][10, 6, 13, 18][9, 3, 11, 17][16, 7, 20][0, 18, 22][14, 20][10, 16][17, 22][5, 6] 
[8, 26, 0, 19, 12][10, 6, 13, 18, 22][4, 14, 23, 1, 24][5, 21, 15, 2, 29][25, 28, 7, 27][9, 3, 11, 17][16, 7, 20][0, 18][10, 16][14, 20][9, 14][5, 6] 
[8, 26, 0, 19, 12][10, 6, 13, 18, 22][4, 14, 23, 1, 24][5, 21, 15, 2, 29][25, 28, 7, 27][9, 3, 11, 17][16, 7, 20][0, 18][10, 16][14, 20][9, 14][5, 6] 
[19, 22, 0, 25, 11, 3, 14, 9, 1, 4, 7, 20, 24, 23][26, 8, 12, 17, 22, 18, 13, 6, 10, 2, 16, 28][6, 21, 5, 15][12, 17][2, 29][9, 14][9, 14][12, 17][9, 14][10, 27][9, 14][9, 14] 
[19, 22, 0, 25, 11, 3, 14, 9, 1, 4, 7, 20, 24, 23][26, 8, 12, 17, 22, 18, 13, 6, 10, 2, 16, 28][6, 21, 5, 15][12, 17][2, 29][9, 14][9, 14][12, 17][9, 14][10, 27][9, 14][9, 14] 
[19, 22, 0, 25, 11, 3, 14, 9, 1, 4, 7, 20, 24, 23][26, 8, 12, 17, 22, 18, 13, 6, 10, 2, 16, 28][6, 21, 5, 15][12, 17][2, 29][9, 14][9, 14][12, 17][9, 14][10, 27][9, 14][9, 14] 
[19, 22, 0, 25, 11, 3, 14, 9, 1, 4, 7, 20, 24][16, 2, 10, 6, 13, 18, 22, 17, 12, 8, 26][15, 5, 21, 6, 10, 27][12, 17][9, 14][2, 29][23, 24][25, 28][9, 14][9, 14][9, 14][9, 14] 
[19, 22, 0, 25, 11, 3, 14, 9, 1, 4, 7, 20, 24][16, 2, 10, 6, 13, 18, 22, 17, 12, 8, 26][15, 5, 21, 6, 10, 27][12, 17][9, 14][2, 29][23, 24][25, 28][9, 14][9, 14][9, 14][9, 14] 
[19, 22, 0, 25, 11, 3, 14, 9, 1, 4, 7, 20, 24, 23][4, 23, 24, 1, 3, 14, 11, 25, 22, 19, 12][6, 13, 18, 22, 17, 12, 8][2, 15, 5, 21, 6, 10, 27][16, 28, 25][9, 14][8, 26][2, 29][9, 14][9, 14][9, 14][9, 14] 
[19, 22, 0, 25, 11, 3, 14, 9, 1, 4, 7, 20, 24, 23][26, 8, 12, 17, 22, 18, 13, 6, 10, 2, 16, 28][6, 21, 5, 15][12, 17][2, 29][9, 14][9, 14][12, 17][9, 14][10, 27][9, 14][9, 14] 
[19, 22, 0, 25, 11, 3, 14, 9, 1, 4, 7, 20, 24, 23][26, 8, 12, 17, 22, 18, 13, 6, 10, 2, 16, 28][6, 21, 5, 15][12, 17][2, 29][9, 14][9, 14][12, 17][9, 14][10, 27][9, 14][9, 14] 
[19, 22, 0, 25, 11, 3, 14, 9, 1, 4, 7, 20, 24][16, 2, 10, 6, 13, 18, 22, 17, 12, 8, 26][15, 5, 21, 6, 10, 27][12, 17][9, 14][2, 29][23, 24][25, 28][9, 14][9, 14][9, 14][9, 14] 
[19, 22, 0, 25, 11, 3, 14, 9, 1, 4, 7, 20, 24, 23][26, 8, 12, 17, 22, 18, 13, 6, 10, 2, 16, 28][6, 21, 5, 15][12, 17][2, 29][9, 14][9, 14][12, 17][9, 14][10, 27][9, 14][9, 14] 
[19, 22, 0, 25, 11, 3, 14, 9, 1, 4, 7, 20, 24, 23][26, 8, 12, 17, 22, 18, 13, 6, 10, 2, 16, 28][6, 21, 5, 15][12, 17][2, 29][9, 14][9, 14][12, 17][9, 14][10, 27][9, 14][9, 14] 
[19, 22, 0, 25, 11, 3, 14, 9, 1, 4, 7, 20, 24, 23][26, 8, 12, 17, 22, 18, 13, 6, 10, 2, 16, 28][6, 21, 5, 15][12, 17][2, 29][9, 14][9, 14][12, 17][9, 14][10, 27][9, 14][9, 14] 
[19, 22, 0, 25, 11, 3, 14, 9, 1, 4, 7, 20, 24][16, 2, 10, 6, 13, 18, 22, 17, 12, 8, 26][15, 5, 21, 6, 10, 27][12, 17][9, 14][2, 29][23, 24][25, 28][9, 14][9, 14][9, 14][9, 14] 
[19, 22, 0, 25, 11, 3, 14, 9, 1, 4, 7, 20, 24, 23][26, 8, 12, 17, 22, 18, 13, 6, 10, 2, 16, 28][6, 21, 5, 15][12, 17][2, 29][9, 14][9, 14][12, 17][9, 14][10, 27][9, 14][9, 14] 
[19, 22, 0, 25, 11, 3, 14, 9, 1, 4, 7, 20, 24, 23][26, 8, 12, 17, 22, 18, 13, 6, 10, 2, 16, 28][6, 21, 5, 15][12, 17][2, 29][9, 14][9, 14][12, 17][9, 14][10, 27][9, 14][9, 14] 
[19, 22, 0, 25, 11, 3, 14, 9, 1, 4, 7, 20, 24, 23][26, 8, 12, 17, 22, 18, 13, 6, 10, 2, 16, 28][15, 5, 21, 6, 10, 27][2, 29][9, 14][9, 14][9, 14][9, 14][12, 17][9, 14][9, 14][9, 14] 
[19, 22, 0, 25, 11, 3, 14, 9, 1, 4, 7, 20, 24, 23][26, 8, 12, 17, 22, 18, 13, 6, 10, 2, 16, 28][15, 5, 21, 6, 10, 27][9, 14][2, 29][9, 14][9, 14][9, 14][9, 14][12, 17][12, 17][12, 17] 
[19, 22, 0, 25, 11, 3, 14, 9, 1, 4, 7, 20, 24][26, 8, 12, 17, 22, 18, 13, 6, 10, 2, 16, 28][15, 5, 21, 6, 10, 27][9, 14][2, 29][9, 14][9, 14][9, 14][23, 24][9, 14][9, 14][9, 14] 
[19, 22, 0, 25, 11, 3, 14, 9, 1, 4, 7, 20, 24, 23][26, 8, 12, 17, 22, 18, 13, 6, 10, 2, 16, 28][15, 5, 21, 6, 10, 27][2, 29][9, 14][9, 14][9, 14][9, 14][12, 17][9, 14][9, 14][9, 14] 
[19, 22, 0, 25, 11, 3, 14, 9, 1, 4, 7, 20, 24, 23][26, 8, 12, 17, 22, 18, 13, 6, 10, 2, 16, 28][15, 5, 21, 6, 10, 27][2, 29][9, 14][9, 14][9, 14][9, 14][12, 17][9, 14][9, 14][9, 14] 
[19, 22, 0, 25, 11, 3, 14, 9, 1, 4, 7, 20, 24, 23][26, 8, 12, 17, 22, 18, 13, 6, 10, 2, 16, 28][15, 5, 21, 6, 10, 27][2, 29][9, 14][9, 14][9, 14][9, 14][12, 17][9, 14][9, 14][9, 14] 
[8, 26, 0, 19, 12][4, 14, 23, 1, 24][5, 21, 15, 2, 29][10, 6, 13, 18][25, 28, 7, 27][18, 0, 22][3, 11, 17][16, 7, 20][9, 14, 20][17, 22][10, 16][5, 6] 
[8, 26, 0, 19, 12][4, 14, 23, 1, 24][5, 21, 15, 2, 29][10, 6, 13, 18][25, 28, 7, 27][18, 0, 22][16, 7, 20][9, 14, 20][3, 11, 17][10, 16][17, 22][5, 6] 
[8, 26, 0, 19, 12][5, 21, 15, 2, 29][4, 14, 23, 1, 24][10, 6, 13, 18][25, 28, 7, 27][18, 0, 22][3, 11, 17][16, 7, 20][9, 14, 20][17, 22][5, 6][10, 16] 
[8, 26, 0, 19, 12][4, 14, 23, 1, 24][5, 21, 15, 2, 29][10, 6, 13, 18][25, 28, 7, 27][18, 0, 22][16, 7, 20][9, 14, 20][3, 11, 17][10, 16][17, 22][5, 6] 
[8, 26, 0, 19, 12][4, 14, 23, 1, 24][5, 21, 15, 2, 29][10, 6, 13, 18][25, 28, 7, 27][18, 0, 22][16, 7, 20][9, 14, 20][3, 11, 17][10, 16][17, 22][5, 6] 
[5, 21, 15, 2, 29][8, 26, 0, 19, 12][4, 14, 23, 1, 24][10, 6, 13, 18][25, 28, 7, 27][18, 0, 22][16, 7, 20][3, 11, 17][9, 14, 20][5, 6][10, 16][17, 22] 
[4, 14, 23, 1, 24][8, 26, 0, 19, 12][5, 21, 15, 2, 29][25, 28, 7, 27][10, 6, 13, 18][9, 14, 20][16, 7, 20][18, 0, 22][3, 11, 17][10, 16][17, 22][5, 6] 
[8, 26, 0, 19, 12][4, 14, 23, 1, 24][5, 21, 15, 2, 29][10, 6, 13, 18][25, 28, 7, 27][18, 0, 22][16, 7, 20][9, 14, 20][3, 11, 17][10, 16][17, 22][5, 6] 
[8, 26, 0, 19, 12][4, 14, 23, 1, 24][5, 21, 15, 2, 29][10, 6, 13, 18][25, 28, 7, 27][18, 0, 22][16, 7, 20][9, 14, 20][3, 11, 17][10, 16][17, 22][5, 6] 
[4, 14, 23, 1, 24][8, 26, 0, 19, 12][5, 21, 15, 2, 29][25, 28, 7, 27][10, 6, 13, 18][9, 14, 20][16, 7, 20][18, 0, 22][3, 11, 17][10, 16][17, 22][5, 6] 
[8, 26, 0, 19, 12][4, 14, 23, 1, 24][5, 21, 15, 2, 29][10, 6, 13, 18][25, 28, 7, 27][18, 0, 22][16, 7, 20][9, 14, 20][3, 11, 17][10, 16][17, 22][5, 6] 
[8, 26, 0, 19, 12][4, 14, 23, 1, 24][5, 21, 15, 2, 29][10, 6, 13, 18][25, 28, 7, 27][18, 0, 22][3, 11, 17][16, 7, 20][9, 14, 20][17, 22][10, 16][5, 6] 
[5, 21, 15, 2, 29][8, 26, 0, 19, 12][4, 14, 23, 1, 24][10, 6, 13, 18][25, 28, 7, 27][18, 0, 22][16, 7, 20][3, 11, 17][9, 14, 20][5, 6][10, 16][17, 22] 
[8, 26, 0, 19, 12][5, 21, 15, 2, 29][4, 14, 23, 1, 24][10, 6, 13, 18][25, 28, 7, 27][18, 0, 22][3, 11, 17][16, 7, 20][9, 14, 20][17, 22][5, 6][10, 16] 
[8, 26, 0, 19, 12][4, 14, 23, 1, 24][5, 21, 15, 2, 29][10, 6, 13, 18][25, 28, 7, 27][18, 0, 22][3, 11, 17][16, 7, 20][9, 14, 20][17, 22][10, 16][5, 6] 
[8, 26, 0, 19, 12][10, 6, 13, 18, 22][5, 21, 15, 2, 29][4, 14, 23, 1, 24][25, 28, 7, 27][9, 3, 11, 17][16, 7, 20][0, 18][5, 6][10, 16][14, 20][9, 14] 
[10, 6, 13, 18, 22][4, 14, 23, 1, 24][8, 26, 0, 19, 12][5, 21, 15, 2, 29][25, 28, 7, 27][9, 3, 11, 17][16, 7, 20][10, 16][14, 20][9, 14][0, 18][5, 6] 
[10, 6, 13, 18, 22][4, 14, 23, 1, 24][8, 26, 0, 19, 12][5, 21, 15, 2, 29][25, 28, 7, 27][9, 3, 11, 17][16, 7, 20][10, 16][14, 20][9, 14][0, 18][5, 6] 
[10, 6, 13, 18, 22][4, 14, 23, 1, 24][8, 26, 0, 19, 12][5, 21, 15, 2, 29][25, 28, 7, 27][9, 3, 11, 17][16, 7, 20][10, 16][14, 20][9, 14][0, 18][5, 6] 
[10, 6, 13, 18, 22][4, 14, 23, 1, 24][8, 26, 0, 19, 12][5, 21, 15, 2, 29][25, 28, 7, 27][9, 3, 11, 17][16, 7, 20][10, 16][14, 20][9, 14][0, 18][5, 6] 
[4, 14, 23, 1, 24][9, 3, 11, 17, 22][8, 26, 0, 19, 12][5, 21, 15, 2, 29][25, 28, 7, 27][10, 6, 13, 18][16, 7, 20][14, 20][9, 14][10, 16][0, 18][5, 6] 
[8, 26, 0, 19, 12][4, 14, 23, 1, 24][5, 21, 15, 2, 29][10, 6, 13, 18][25, 28, 7, 27][18, 0, 22][16, 7, 20][9, 14, 20][3, 11, 17][10, 16][17, 22][5, 6] 
[8, 26, 0, 19, 12][4, 14, 23, 1, 24][5, 21, 15, 2, 29][10, 6, 13, 18][25, 28, 7, 27][18, 0, 22][16, 7, 20][9, 14, 20][3, 11, 17][10, 16][17, 22][5, 6] 
[8, 26, 0, 19, 12][4, 14, 23, 1, 24][5, 21, 15, 2, 29][10, 6, 13, 18][25, 28, 7, 27][18, 0, 22][16, 7, 20][9, 14, 20][3, 11, 17][10, 16][17, 22][5, 6] 
[4, 14, 23, 1, 24][8, 26, 0, 19, 12][5, 21, 15, 2, 29][25, 28, 7, 27][10, 6, 13, 18][9, 14, 20][16, 7, 20][18, 0, 22][3, 11, 17][10, 16][17, 22][5, 6] 
[8, 26, 0, 19, 12][4, 14, 23, 1, 24][5, 21, 15, 2, 29][10, 6, 13, 18][25, 28, 7, 27][18, 0, 22][16, 7, 20][9, 14, 20][3, 11, 17][10, 16][17, 22][5, 6] 
[8, 26, 0, 19, 12, 22][4, 14, 23, 1, 24][5, 21, 15, 2, 29][10, 6, 13, 18][25, 28, 7, 27][9, 3, 11, 17][16, 7, 20][10, 16][0, 18][14, 20][9, 14][5, 6] 
[8, 26, 0, 19, 12][4, 14, 23, 1, 24][5, 21, 15, 2, 29][10, 6, 13, 18][25, 28, 7, 27][18, 0, 22][3, 11, 17][16, 7, 20][9, 14, 20][17, 22][10, 16][5, 6] 
[8, 26, 0, 19, 12][10, 6, 13, 18, 22][4, 14, 23, 1, 24][5, 21, 15, 2, 29][25, 28, 7, 27][9, 3, 11, 17][16, 7, 20][0, 18][10, 16][14, 20][9, 14][5, 6] 
[8, 26, 0, 19, 12][10, 6, 13, 18, 22][5, 21, 15, 2, 29][4, 14, 23, 1, 24][25, 28, 7, 27][9, 3, 11, 17][16, 7, 20][0, 18][5, 6][10, 16][14, 20][9, 14] 
[10, 6, 13, 18, 22][4, 14, 23, 1, 24][5, 21, 15, 2, 29][8, 26, 0, 19, 12][25, 28, 7, 27][9, 3, 11, 17][16, 7, 20][10, 16][14, 20][5, 6][0, 18][9, 14] 
[10, 6, 13, 18, 22][8, 26, 0, 19, 12][5, 21, 15, 2, 29][4, 14, 23, 1, 24][25, 28, 7, 27][9, 3, 11, 17][16, 7, 20][0, 18][5, 6][10, 16][14, 20][9, 14] 
[10, 6, 13, 18, 22][4, 14, 23, 1, 24][5, 21, 15, 2, 29][8, 26, 0, 19, 12][25, 28, 7, 27][9, 3, 11, 17][16, 7, 20][10, 16][14, 20][5, 6][0, 18][9, 14] 
[8, 26, 0, 19, 12][10, 6, 13, 18, 22][4, 14, 23, 1, 24][5, 21, 15, 2, 29][25, 28, 7, 27][9, 3, 11, 17][16, 7, 20][0, 18][10, 16][14, 20][9, 14][5, 6] 
[10, 6, 13, 18, 22][4, 14, 23, 1, 24][8, 26, 0, 19, 12][5, 21, 15, 2, 29][25, 28, 7, 27][9, 3, 11, 17][16, 7, 20][10, 16][14, 20][0, 18][9, 14][5, 6] 
[4, 14, 23, 1, 24][10, 6, 13, 18, 22][8, 26, 0, 19, 12][5, 21, 15, 2, 29][25, 28, 7, 27][9, 3, 11, 17][16, 7, 20][14, 20][9, 14][10, 16][0, 18][5, 6] 
[4, 14, 23, 1, 24][10, 6, 13, 18, 22][8, 26, 0, 19, 12][5, 21, 15, 2, 29][25, 28, 7, 27][9, 3, 11, 17][16, 7, 20][14, 20][9, 14][10, 16][0, 18][5, 6] 
[4, 14, 23, 1, 24][10, 6, 13, 18, 22][8, 26, 0, 19, 12][5, 21, 15, 2, 29][25, 28, 7, 27][9, 3, 11, 17][16, 7, 20][14, 20][9, 14][10, 16][0, 18][5, 6] 
[4, 14, 23, 1, 24][10, 6, 13, 18, 22][8, 26, 0, 19, 12][5, 21, 15, 2, 29][25, 28, 7, 27][9, 3, 11, 17][16, 7, 20][14, 20][9, 14][10, 16][0, 18][5, 6] 
[4, 14, 23, 1, 24][10, 6, 13, 18, 22][5, 21, 15, 2, 29][8, 26, 0, 19, 12][9, 3, 11, 17][25, 28, 7, 27][16, 7, 20][9, 14][14, 20][10, 16][5, 6][0, 18] 
[10, 6, 13, 18, 22][8, 26, 0, 19, 12][5, 21, 15, 2, 29][4, 14, 23, 1, 24][25, 28, 7, 27][9, 3, 11, 17][16, 7, 20][0, 18][5, 6][10, 16][14, 20][9, 14] 
[10, 6, 13, 18, 22][8, 26, 0, 19, 12][5, 21, 15, 2, 29][4, 14, 23, 1, 24][25, 28, 7, 27][9, 3, 11, 17][16, 7, 20][0, 18][5, 6][10, 16][14, 20][9, 14] 
[10, 6, 13, 18, 22][8, 26, 0, 19, 12][5, 21, 15, 2, 29][4, 14, 23, 1, 24][25, 28, 7, 27][9, 3, 11, 17][16, 7, 20][0, 18][5, 6][10, 16][14, 20][9, 14] 
[4, 14, 23, 1, 24][5, 21, 15, 2, 29][22, 25, 28, 7, 27][8, 26, 0, 19, 12][9, 3, 11, 17][10, 6, 13, 18][9, 14, 20][16, 7, 20][25, 28][10, 16][5, 6][0, 18] 
[22, 25, 28, 7, 27][4, 14, 23, 1, 24][8, 26, 0, 19, 12][5, 21, 15, 2, 29][10, 6, 13, 18][9, 3, 11, 17][16, 7, 20][9, 14, 20][10, 16][0, 18][5, 6][25, 28] 
[4, 14, 23, 1, 24][5, 21, 15, 2, 29][22, 25, 28, 7, 27][8, 26, 0, 19, 12][9, 3, 11, 17][10, 6, 13, 18][9, 14, 20][16, 7, 20][25, 28][10, 16][5, 6][0, 18] 
[4, 14, 23, 1, 24][5, 21, 15, 2, 29][22, 25, 28, 7, 27][8, 26, 0, 19, 12][9, 3, 11, 17][10, 6, 13, 18][9, 14, 20][16, 7, 20][25, 28][10, 16][5, 6][0, 18] 
[22, 25, 28, 7, 27][4, 14, 23, 1, 24][8, 26, 0, 19, 12][5, 21, 15, 2, 29][10, 6, 13, 18][9, 3, 11, 17][16, 7, 20][9, 14, 20][10, 16][0, 18][5, 6][25, 28] 
[3, 11, 25, 28, 7, 27][10, 6, 13, 18, 17, 22][8, 26, 0, 19, 12][4, 14, 23, 1, 24][5, 21, 15, 2, 29][16, 7, 20][25, 28][10, 16][0, 18][14, 20][5, 6][9, 14] 
[8, 26, 0, 19, 12][4, 14, 23, 1, 24][5, 21, 15, 2, 29][10, 6, 13, 18][25, 28, 7, 27][9, 3, 11, 17][16, 7, 20][0, 18, 22][10, 16][17, 22][14, 20][5, 6] 
[4, 14, 23, 1, 24][8, 26, 0, 19, 12][5, 21, 15, 2, 29][25, 28, 7, 27][10, 6, 13, 18][9, 3, 11, 17][16, 7, 20][0, 18, 22][14, 20][10, 16][17, 22][5, 6] 
[5, 21, 15, 2, 29][8, 26, 0, 19, 12][4, 14, 23, 1, 24][10, 6, 13, 18][9, 3, 11, 17][25, 28, 7, 27][0, 18, 22][16, 7, 20][5, 6][17, 22][10, 16][14, 20] 
[5, 21, 15, 2, 29][8, 26, 0, 19, 12][4, 14, 23, 1, 24][10, 6, 13, 18][25, 28, 7, 27][9, 3, 11, 17][0, 18, 22][16, 7, 20][5, 6][10, 16][17, 22][14, 20] 
[5, 21, 15, 2, 29][8, 26, 0, 19, 12][4, 14, 23, 1, 24][10, 6, 13, 18][25, 28, 7, 27][9, 3, 11, 17][0, 18, 22][16, 7, 20][5, 6][10, 16][17, 22][14, 20] 
[10, 6, 13, 18, 22][4, 14, 23, 1, 24][5, 21, 15, 2, 29][8, 26, 0, 19, 12][25, 28, 7, 27][9, 3, 11, 17][16, 7, 20][10, 16][14, 20][5, 6][0, 18][9, 14] 
[5, 21, 15, 2, 29][8, 26, 0, 19, 12][4, 14, 23, 1, 24][10, 6, 13, 18][25, 28, 7, 27][9, 3, 11, 17][0, 18, 22][16, 7, 20][5, 6][10, 16][17, 22][14, 20] 
