[26, 8, 12, 17, 28][13, 0, 18, 19, 22][20, 24, 1, 9, 23][2, 29, 27, 10, 15][14, 4, 3, 11, 25][5, 21, 6, 16][12, 22][6, 13][7, 16][7, 20][5, 15][1, 3] 
[13, 0, 18, 19, 22][26, 8, 12, 17, 28][2, 29, 27, 10, 15][4, 20, 7, 25, 11][14, 23, 9, 1, 24][5, 21, 6, 16][6, 13][12, 22][5, 15][7, 16][14, 20][1, 3] 
[13, 0, 18, 19, 22][26, 8, 12, 17, 28][2, 29, 27, 10, 15][4, 20, 7, 25, 11][14, 23, 9, 1, 24][5, 21, 6, 16][6, 13][12, 22][5, 15][7, 16][14, 20][1, 3] 
[26, 8, 12, 17, 28][14, 23, 9, 1, 24][13, 0, 18, 19, 22][4, 20, 7, 25, 11][2, 29, 27, 10, 15][5, 21, 6, 16][7, 28][14, 20][7, 16][12, 22][1, 3][5, 15] 
[13, 0, 18, 19, 22][26, 8, 12, 17, 28][2, 29, 27, 10, 15][14, 23, 9, 1, 24][5, 21, 6, 16][4, 3, 11, 25][7, 20, 14][12, 22][6, 13][5, 15][7, 16][1, 3] 
[13, 0, 18, 19, 22][20, 24, 1, 9, 23][2, 29, 27, 10, 15][26, 8, 12, 17, 28][5, 21, 6, 16][4, 3, 11, 25][7, 20, 14][7, 16][6, 13][5, 15][1, 3][12, 22] 
[26, 8, 12, 17, 28][14, 23, 9, 1, 24][13, 0, 18, 19, 22][4, 20, 7, 25, 11][2, 29, 27, 10, 15][5, 21, 6, 16][7, 28][14, 20][7, 16][12, 22][1, 3][5, 15] 
[14, 23, 9, 1, 24][13, 0, 18, 19, 22][2, 29, 27, 10, 15][26, 8, 12, 17, 28][4, 3, 11, 25][5, 21, 6, 16][7, 20, 14][1, 3][7, 16][6, 13][5, 15][12, 22] 
[2, 29, 27, 10, 15][14, 23, 9, 1, 24][13, 0, 18, 19, 22][26, 8, 12, 17, 28][5, 21, 6, 16][4, 3, 11, 25][7, 20, 14][5, 15][7, 16][6, 13][1, 3][12, 22] 
[14, 23, 9, 1, 24][13, 0, 18, 19, 22][2, 29, 27, 10, 15][26, 8, 12, 17, 28][4, 3, 11, 25][5, 21, 6, 16][7, 20, 14][1, 3][7, 16][6, 13][5, 15][12, 22] 
[20, 24, 1, 9, 23][14, 4, 3, 11, 25][2, 29, 27, 10, 15][13, 0, 18, 19, 22][26, 8, 12, 17, 28][5, 21, 6, 16][7, 20][1, 3][7, 16][5, 15][6, 13][12, 22] 
[13, 0, 18, 19, 22][26, 8, 12, 17, 28][2, 29, 27, 10, 15][4, 20, 7, 25, 11][14, 23, 9, 1, 24][5, 21, 6, 16][6, 13][12, 22][5, 15][7, 16][14, 20][1, 3] 
[4, 20, 7, 25, 11][2, 29, 27, 10, 15][13, 0, 18, 19, 22][26, 8, 12, 17, 28][14, 23, 9, 1, 24][5, 21, 6, 16][7, 16][5, 15][6, 13][12, 22][14, 20][1, 3] 
[13, 0, 18, 19, 22][14, 23, 9, 1, 24][2, 29, 27, 10, 15][26, 8, 12, 17, 28][5, 21, 6, 16][4, 3, 11, 25][7, 20, 14][6, 13][7, 16][1, 3][5, 15][12, 22] 
[26, 8, 12, 17, 28][13, 0, 18, 19, 22][14, 23, 9, 1, 24][2, 29, 27, 10, 15][5, 21, 6, 16][4, 3, 11, 25][7, 20, 14][12, 22][6, 13][7, 16][1, 3][5, 15] 
[14, 23, 9, 1, 24][13, 0, 18, 19, 22][2, 29, 27, 10, 15][26, 8, 12, 17, 28][4, 3, 11, 25][5, 21, 6, 16][7, 20, 14][1, 3][7, 16][6, 13][5, 15][12, 22] 
[20, 24, 1, 9, 23][14, 4, 3, 11, 25][2, 29, 27, 10, 15][13, 0, 18, 19, 22][26, 8, 12, 17, 28][5, 21, 6, 16][1, 3][7, 20][7, 16][5, 15][6, 13][12, 22] 
[2, 29, 27, 10, 15][14, 23, 9, 1, 24][4, 20, 7, 25, 11][13, 0, 18, 19, 22][26, 8, 12, 17, 28][5, 21, 6, 16][5, 15][7, 16][14, 20][1, 3][6, 13][12, 22] 
[2, 29, 27, 10, 15][13, 0, 18, 19, 22][26, 8, 12, 17, 28][14, 23, 9, 1, 24][5, 21, 6, 16][4, 3, 11, 25][7, 20, 14][5, 15][6, 13][12, 22][7, 16][1, 3] 
[13, 0, 18, 19, 22][26, 8, 12, 17, 28][2, 29, 27, 10, 15][20, 24, 1, 9, 23][14, 4, 3, 11, 25][5, 21, 6, 16][12, 22][6, 13][5, 15][7, 16][7, 20][1, 3] 
[26, 8, 12, 17, 28][13, 0, 18, 19, 22][20, 24, 1, 9, 23][2, 29, 27, 10, 15][14, 4, 3, 11, 25][5, 21, 6, 16][12, 22][6, 13][7, 16][7, 20][5, 15][1, 3] 
[13, 0, 18, 19, 22][26, 8, 12, 17, 28][2, 29, 27, 10, 15][4, 20, 7, 25, 11][14, 23, 9, 1, 24][5, 21, 6, 16][6, 13][12, 22][5, 15][7, 16][14, 20][1, 3] 
[4, 20, 7, 25, 11][2, 29, 27, 10, 15][14, 23, 9, 1, 24][26, 8, 12, 17, 28][13, 0, 18, 19, 22][5, 21, 6, 16][7, 16][5, 15][14, 20][1, 3][7, 28][12, 22] 
[14, 23, 9, 1, 24][2, 29, 27, 10, 15][13, 0, 18, 19, 22][26, 8, 12, 17, 28][5, 21, 6, 16][4, 3, 11, 25][7, 20, 14][7, 16][5, 15][6, 13][12, 22][1, 3] 
[14, 23, 9, 1, 24][13, 0, 18, 19, 22][2, 29, 27, 10, 15][26, 8, 12, 17, 28][4, 3, 11, 25][5, 21, 6, 16][7, 20, 14][1, 3][7, 16][6, 13][5, 15][12, 22] 
[14, 23, 9, 1, 24][13, 0, 18, 19, 22][2, 29, 27, 10, 15][26, 8, 12, 17, 28][4, 3, 11, 25][5, 21, 6, 16][7, 20, 14][1, 3][7, 16][6, 13][5, 15][12, 22] 
[13, 0, 18, 19, 22][26, 8, 12, 17, 28][20, 24, 1, 9, 23][14, 4, 3, 11, 25][2, 29, 27, 10, 15][5, 21, 6, 16][6, 13][12, 22][7, 16][7, 20][1, 3][5, 15] 
[4, 20, 7, 25, 11][2, 29, 27, 10, 15][13, 0, 18, 19, 22][26, 8, 12, 17, 28][14, 23, 9, 1, 24][5, 21, 6, 16][7, 16][5, 15][6, 13][12, 22][14, 20][1, 3] 
[13, 0, 18, 19, 22][14, 23, 9, 1, 24][2, 29, 27, 10, 15][26, 8, 12, 17, 28][5, 21, 6, 16][4, 3, 11, 25][7, 20, 14][6, 13][7, 16][1, 3][5, 15][12, 22] 
[20, 24, 1, 9, 23][14, 4, 3, 11, 25][2, 29, 27, 10, 15][13, 0, 18, 19, 22][26, 8, 12, 17, 28][5, 21, 6, 16][7, 20][1, 3][7, 16][5, 15][6, 13][12, 22] 
[13, 0, 18, 19, 22][26, 8, 12, 17, 28][20, 24, 1, 9, 23][14, 4, 3, 11, 25][2, 29, 27, 10, 15][5, 21, 6, 16][6, 13][12, 22][7, 16][7, 20][1, 3][5, 15] 
[4, 20, 7, 25, 11][2, 29, 27, 10, 15][13, 0, 18, 19, 22][26, 8, 12, 17, 28][14, 23, 9, 1, 24][5, 21, 6, 16][7, 16][5, 15][6, 13][12, 22][14, 20][1, 3] 
[14, 23, 9, 1, 24][13, 0, 18, 19, 22][2, 29, 27, 10, 15][26, 8, 12, 17, 28][4, 3, 11, 25][5, 21, 6, 16][7, 20, 14][1, 3][7, 16][6, 13][5, 15][12, 22] 
[20, 24, 1, 9, 23][2, 29, 27, 10, 15][14, 4, 3, 11, 25][13, 0, 18, 19, 22][26, 8, 12, 17, 28][5, 21, 6, 16][7, 16][7, 20][5, 15][1, 3][6, 13][12, 22] 
[2, 29, 27, 10, 15][13, 0, 18, 19, 22][26, 8, 12, 17, 28][20, 24, 1, 9, 23][14, 4, 3, 11, 25][5, 21, 6, 16][5, 15][6, 13][12, 22][7, 16][7, 20][1, 3] 
[9, 23, 3, 1, 4, 24, 20, 14, 7, 16, 6, 13, 18, 12][22, 19, 8, 26, 0, 13, 6, 5, 21, 2, 29, 27][7, 25, 11, 17, 28][10, 21, 5, 15][14, 20][6, 13][6, 13][0, 26][6, 13][27, 29][0, 26][6, 13] 
[9, 23, 3, 1, 4, 24, 20, 14, 7, 16, 6, 13, 18, 12][22, 19, 8, 26, 0, 13, 6, 5, 21, 2, 29, 27][7, 25, 11, 17, 28][10, 21, 5, 15][14, 20][6, 13][6, 13][0, 26][6, 13][27, 29][0, 26][6, 13] 
[9, 23, 3, 1, 4, 24, 20, 14, 7, 16, 6, 13, 18, 12][22, 19, 8, 26, 0, 13, 6, 5, 21, 2, 29, 27][7, 25, 11, 17, 28][10, 21, 5, 15][21, 2, 29, 27][6, 13][27, 29][0, 26][14, 20][27, 29][6, 13][14, 20] 
[9, 23, 3, 1, 4, 24, 20, 14, 7, 16, 6, 13, 18, 12][21, 5, 6, 13, 0, 26, 8, 19, 22][2, 29, 27, 10, 15][7, 25, 11, 17, 28][2, 21][0, 26][14, 20][6, 13][14, 20][0, 26][14, 20][0, 26] 
[9, 23, 3, 1, 4, 24, 20, 14, 7, 16, 6, 13, 18][2, 21, 5, 6, 13, 0, 26, 8, 19, 22][8, 12, 17, 28][2, 29, 27, 10][3, 11, 25][12, 17][10, 15][14, 20][6, 13][5, 21][6, 13][6, 13] 
[9, 23, 3, 1, 4, 24, 20, 14, 7, 16, 6, 13, 18][19, 17, 18, 0, 22, 12, 8, 26][25, 11, 17, 28][10, 21, 5, 15][2, 29, 27, 10][6, 13][6, 21][27, 29][14, 20][6, 13][1, 3][27, 29] 
[9, 23, 3, 1, 4, 24, 20, 14, 7, 16, 6, 13, 18, 12][2, 21, 5, 6, 13, 0, 26, 8, 19, 22][7, 25, 11, 17, 28][2, 29, 27, 10, 15][14, 20][0, 26][1, 3][6, 13][1, 3][0, 26][14, 20][14, 20] 
[9, 23, 3, 1, 4, 24, 20, 14, 7, 16, 6, 13, 18, 12][22, 19, 8, 26, 0, 13, 6, 5, 21, 2, 29, 27][7, 25, 11, 17, 28][10, 21, 5, 15][14, 20][6, 13][6, 13][0, 26][6, 13][27, 29][0, 26][6, 13] 
[9, 23, 3, 1, 4, 24, 20, 14, 7, 16, 6, 13, 18][2, 21, 5, 6, 13, 0, 26, 8, 19, 22][8, 12, 17, 28][2, 29, 27, 10][3, 11, 25][12, 17][10, 15][14, 20][6, 13][5, 21][6, 13][6, 13] 
[9, 23, 3, 1, 4, 24, 20, 14, 7, 16, 6, 13, 18, 12][22, 19, 8, 26, 0, 13, 6, 5, 21, 2, 29, 27][7, 25, 11, 17, 28][10, 21, 5, 15][14, 20][6, 13][6, 13][0, 26][6, 13][27, 29][0, 26][6, 13] 
[9, 23, 3, 1, 4, 24, 20, 14, 7, 16, 6, 13, 18, 12][2, 21, 5, 6, 13, 0, 26, 8, 19, 22][7, 25, 11, 17, 28][2, 29, 27, 10, 15][14, 20][0, 26][1, 3][6, 13][1, 3][0, 26][14, 20][14, 20] 
[9, 23, 3, 1, 4, 24, 20, 14, 7, 16, 6, 13, 18, 12][22, 19, 8, 26, 0, 13, 6, 5, 21, 2, 29, 27][7, 25, 11, 17, 28][10, 21, 5, 15][14, 20][6, 13][6, 13][0, 26][6, 13][27, 29][0, 26][6, 13] 
[9, 23, 3, 1, 4, 24, 20, 14, 7, 16, 6, 13, 18][2, 21, 5, 6, 13, 0, 26, 8, 19, 22][8, 12, 17, 28][2, 29, 27, 10][3, 11, 25][12, 17][10, 15][14, 20][6, 13][5, 21][6, 13][6, 13] 
[9, 23, 3, 1, 4, 24, 20, 14, 7, 16, 6, 13, 18, 12][2, 21, 5, 6, 13, 0, 26, 8, 19, 22][7, 25, 11, 17, 28][2, 29, 27, 10, 15][14, 20][0, 26][1, 3][6, 13][1, 3][0, 26][14, 20][14, 20] 
[9, 23, 3, 1, 4, 24, 20, 14, 7, 16, 6, 13, 18, 12][2, 21, 5, 6, 13, 0, 26, 8, 19, 22][7, 25, 11, 17, 28][2, 29, 27, 10, 15][14, 20][0, 26][1, 3][6, 13][1, 3][0, 26][14, 20][14, 20] 
[9, 23, 3, 1, 4, 24, 20, 14, 7, 16, 6, 13, 18, 12][2, 21, 5, 6, 13, 0, 26, 8, 19, 22][7, 25, 11, 17, 28][2, 29, 27, 10, 15][0, 26][14, 20][14, 20][6, 13][6, 13][14, 20][14, 20][0, 26] 
[9, 23, 3, 1, 4, 24, 20, 14, 7, 16, 6, 13, 18, 12][2, 21, 5, 6, 13, 0, 26, 8, 19, 22][7, 25, 11, 17, 28][2, 29, 27, 10, 15][14, 20][0, 26][1, 3][6, 13][1, 3][0, 26][14, 20][14, 20] 
[9, 23, 3, 1, 4, 24, 20, 14, 7, 16, 6, 13, 18][2, 21, 5, 6, 13, 0, 26, 8, 19, 22][7, 25, 11, 17, 28][2, 29, 27, 10, 15][14, 20][12, 17][1, 3][14, 20][1, 3][5, 21][6, 13][14, 20] 
[9, 23, 3, 1, 4, 24, 20, 14, 7, 16, 6, 13, 18, 12][2, 21, 5, 6, 13, 0, 26, 8, 19, 22][7, 25, 11, 17, 28][2, 29, 27, 10, 15][14, 20][0, 26][1, 3][6, 13][1, 3][0, 26][14, 20][14, 20] 
[9, 23, 3, 1, 4, 24, 20, 14, 7, 16, 6, 13, 18, 12][2, 21, 5, 6, 13, 0, 26, 8, 19, 22][7, 25, 11, 17, 28][2, 29, 27, 10, 15][14, 20][0, 26][1, 3][6, 13][1, 3][0, 26][14, 20][14, 20] 
[9, 23, 3, 1, 4, 24, 20, 14, 7, 16, 6, 13, 18, 12][2, 21, 5, 6, 13, 0, 26, 8, 19, 22][7, 25, 11, 17, 28][2, 29, 27, 10, 15][14, 20][0, 26][1, 3][6, 13][1, 3][0, 26][14, 20][14, 20] 
[13, 0, 18, 19, 22][26, 8, 12, 17, 28][2, 29, 27, 10, 15][14, 23, 9, 1, 24][5, 21, 6, 16][4, 3, 11, 25][7, 20, 14][12, 22][6, 13][5, 15][7, 16][1, 3] 
[13, 0, 18, 19, 22][26, 8, 12, 17, 28][2, 29, 27, 10, 15][14, 23, 9, 1, 24][5, 21, 6, 16][4, 3, 11, 25][7, 20, 14][12, 22][6, 13][5, 15][7, 16][1, 3] 
[26, 8, 12, 17, 28][13, 0, 18, 19, 22][14, 23, 9, 1, 24][2, 29, 27, 10, 15][5, 21, 6, 16][4, 3, 11, 25][7, 20, 14][12, 22][6, 13][7, 16][1, 3][5, 15] 
[14, 23, 9, 1, 24][2, 29, 27, 10, 15][13, 0, 18, 19, 22][26, 8, 12, 17, 28][5, 21, 6, 16][4, 3, 11, 25][7, 20, 14][7, 16][5, 15][6, 13][12, 22][1, 3] 
[26, 8, 12, 17, 28][13, 0, 18, 19, 22][14, 23, 9, 1, 24][2, 29, 27, 10, 15][5, 21, 6, 16][4, 3, 11, 25][7, 20, 14][12, 22][6, 13][7, 16][1, 3][5, 15] 
[14, 23, 9, 1, 24][13, 0, 18, 19, 22][26, 8, 12, 17, 28][2, 29, 27, 10, 15][5, 21, 6, 16][4, 3, 11, 25][7, 20, 14][7, 16][6, 13][12, 22][5, 15][1, 3] 
[13, 0, 18, 19, 22][2, 29, 27, 10, 15][26, 8, 12, 17, 28][14, 23, 9, 1, 24][5, 21, 6, 16][4, 3, 11, 25][7, 20, 14][6, 13][5, 15][12, 22][7, 16][1, 3] 
[13, 0, 18, 19, 22][26, 8, 12, 17, 28][2, 29, 27, 10, 15][14, 23, 9, 1, 24][5, 21, 6, 16][4, 3, 11, 25][7, 20, 14][12, 22][6, 13][5, 15][7, 16][1, 3] 
[2, 29, 27, 10, 15][14, 23, 9, 1, 24][13, 0, 18, 19, 22][26, 8, 12, 17, 28][5, 21, 6, 16][4, 3, 11, 25][7, 20, 14][5, 15][7, 16][6, 13][1, 3][12, 22] 
[2, 29, 27, 10, 15][14, 23, 9, 1, 24][13, 0, 18, 19, 22][26, 8, 12, 17, 28][5, 21, 6, 16][4, 3, 11, 25][7, 20, 14][5, 15][7, 16][6, 13][1, 3][12, 22] 
[13, 0, 18, 19, 22][26, 8, 12, 17, 28][2, 29, 27, 10, 15][14, 23, 9, 1, 24][5, 21, 6, 16][4, 3, 11, 25][7, 20, 14][12, 22][6, 13][5, 15][7, 16][1, 3] 
[13, 0, 18, 19, 22][26, 8, 12, 17, 28][2, 29, 27, 10, 15][14, 23, 9, 1, 24][5, 21, 6, 16][4, 3, 11, 25][7, 20, 14][12, 22][6, 13][5, 15][7, 16][1, 3] 
[13, 0, 18, 19, 22][26, 8, 12, 17, 28][2, 29, 27, 10, 15][14, 23, 9, 1, 24][5, 21, 6, 16][4, 3, 11, 25][7, 20, 14][12, 22][6, 13][5, 15][7, 16][1, 3] 
[14, 23, 9, 1, 24][13, 0, 18, 19, 22][26, 8, 12, 17, 28][2, 29, 27, 10, 15][4, 3, 11, 25][5, 21, 6, 16][7, 20, 14][1, 3][7, 16][6, 13][12, 22][5, 15] 
[2, 29, 27, 10, 15][13, 0, 18, 19, 22][26, 8, 12, 17, 28][14, 23, 9, 1, 24][5, 21, 6, 16][4, 3, 11, 25][7, 20, 14][5, 15][6, 13][12, 22][7, 16][1, 3] 
[20, 24, 1, 9, 23][14, 4, 3, 11, 25][13, 0, 18, 19, 22][26, 8, 12, 17, 28][2, 29, 27, 10, 15][5, 21, 6, 16][7, 20][1, 3][7, 16][6, 13][12, 22][5, 15] 
[13, 0, 18, 19, 22][2, 29, 27, 10, 15][26, 8, 12, 17, 28][20, 24, 1, 9, 23][14, 4, 3, 11, 25][5, 21, 6, 16][6, 13][5, 15][7, 16][12, 22][7, 20][1, 3] 
[2, 29, 27, 10, 15][13, 0, 18, 19, 22][20, 24, 1, 9, 23][26, 8, 12, 17, 28][14, 4, 3, 11, 25][5, 21, 6, 16][5, 15][6, 13][7, 16][7, 20][12, 22][1, 3] 
[13, 0, 18, 19, 22][20, 24, 1, 9, 23][26, 8, 12, 17, 28][2, 29, 27, 10, 15][14, 4, 3, 11, 25][5, 21, 6, 16][7, 16][6, 13][7, 20][12, 22][5, 15][1, 3] 
[13, 0, 18, 19, 22][26, 8, 12, 17, 28][2, 29, 27, 10, 15][20, 24, 1, 9, 23][14, 4, 3, 11, 25][5, 21, 6, 16][6, 13][12, 22][5, 15][7, 16][7, 20][1, 3] 
[13, 0, 18, 19, 22][2, 29, 27, 10, 15][26, 8, 12, 17, 28][20, 24, 1, 9, 23][14, 4, 3, 11, 25][5, 21, 6, 16][6, 13][15, 21][12, 22][7, 16][7, 20][1, 3] 
[13, 0, 18, 19, 22][26, 8, 12, 17, 28][2, 29, 27, 10, 15][14, 23, 9, 1, 24][5, 21, 6, 16][4, 3, 11, 25][7, 20, 14][12, 22][6, 13][5, 15][7, 16][1, 3] 
[13, 0, 18, 19, 22][26, 8, 12, 17, 28][2, 29, 27, 10, 15][14, 23, 9, 1, 24][5, 21, 6, 16][4, 3, 11, 25][7, 20, 14][12, 22][6, 13][5, 15][7, 16][1, 3] 
[14, 23, 9, 1, 24][2, 29, 27, 10, 15][13, 0, 18, 19, 22][26, 8, 12, 17, 28][5, 21, 6, 16][4, 3, 11, 25][7, 20, 14][7, 16][5, 15][6, 13][12, 22][1, 3] 
[14, 23, 9, 1, 24][2, 29, 27, 10, 15][13, 0, 18, 19, 22][26, 8, 12, 17, 28][5, 21, 6, 16][4, 3, 11, 25][7, 20, 14][7, 16][5, 15][1, 3][6, 13][12, 22] 
[14, 23, 9, 1, 24][2, 29, 27, 10, 15][13, 0, 18, 19, 22][26, 8, 12, 17, 28][5, 21, 6, 16][4, 3, 11, 25][7, 20, 14][7, 16][5, 15][6, 13][12, 22][1, 3] 
[20, 24, 1, 9, 23][14, 4, 3, 11, 25][2, 29, 27, 10, 15][13, 0, 18, 19, 22][26, 8, 12, 17, 28][5, 21, 6, 16][1, 3][7, 20][7, 16][5, 15][6, 13][12, 22] 
[14, 23, 9, 1, 24][2, 29, 27, 10, 15][13, 0, 18, 19, 22][26, 8, 12, 17, 28][5, 21, 6, 16][4, 3, 11, 25][7, 20, 14][7, 16][5, 15][1, 3][6, 13][12, 22] 
[20, 24, 1, 9, 23][14, 4, 3, 11, 25][2, 29, 27, 10, 15][13, 0, 18, 19, 22][26, 8, 12, 17, 28][5, 21, 6, 16][1, 3][7, 20][7, 16][5, 15][6, 13][12, 22] 
[26, 8, 12, 17, 28][13, 0, 18, 19, 22][2, 29, 27, 10, 15][20, 24, 1, 9, 23][14, 4, 3, 11, 25][5, 21, 6, 16][12, 22][6, 13][7, 16][5, 15][7, 20][1, 3] 
[26, 8, 12, 17, 28][13, 0, 18, 19, 22][2, 29, 27, 10, 15][20, 24, 1, 9, 23][14, 4, 3, 11, 25][5, 21, 6, 16][12, 22][6, 13][7, 16][5, 15][7, 20][1, 3] 
[13, 0, 18, 19, 22][26, 8, 12, 17, 28][20, 24, 1, 9, 23][2, 29, 27, 10, 15][14, 4, 3, 11, 25][5, 21, 6, 16][12, 22][6, 13][7, 16][7, 20][5, 15][1, 3] 
[13, 0, 18, 19, 22][26, 8, 12, 17, 28][20, 24, 1, 9, 23][14, 4, 3, 11, 25][2, 29, 27, 10, 15][5, 21, 6, 16][6, 13][12, 22][7, 16][7, 20][1, 3][5, 15] 
[13, 0, 18, 19, 22][26, 8, 12, 17, 28][20, 24, 1, 9, 23][14, 4, 3, 11, 25][2, 29, 27, 10, 15][5, 21, 6, 16][7, 16][6, 13][12, 22][7, 20][1, 3][5, 15] 
[13, 0, 18, 19, 22][26, 8, 12, 17, 28][20, 24, 1, 9, 23][14, 4, 3, 11, 25][2, 29, 27, 10, 15][5, 21, 6, 16][7, 16][6, 13][12, 22][7, 20][1, 3][5, 15] 
[13, 0, 18, 19, 22][26, 8, 12, 17, 28][20, 24, 1, 9, 23][14, 4, 3, 11, 25][2, 29, 27, 10, 15][5, 21, 6, 16][6, 13][12, 22][7, 16][7, 20][1, 3][5, 15] 
[13, 0, 18, 19, 22][26, 8, 12, 17, 28][20, 24, 1, 9, 23][2, 29, 27, 10, 15][14, 4, 3, 11, 25][5, 21, 6, 16][12, 22][6, 13][7, 16][7, 20][5, 15][1, 3] 
[13, 0, 18, 19, 22][26, 8, 12, 17, 28][20, 24, 1, 9, 23][14, 4, 3, 11, 25][2, 29, 27, 10, 15][5, 21, 6, 16][6, 13][12, 22][7, 16][7, 20][1, 3][5, 15] 
[13, 0, 18, 19, 22][26, 8, 12, 17, 28][20, 24, 1, 9, 23][14, 4, 3, 11, 25][2, 29, 27, 10, 15][5, 21, 6, 16][6, 13][12, 22][7, 16][7, 20][1, 3][5, 15] 
[13, 0, 18, 19, 22][2, 29, 27, 10, 15][20, 24, 1, 9, 23][26, 8, 12, 17, 28][14, 4, 3, 11, 25][5, 21, 6, 16][7, 16][6, 13][5, 15][7, 20][12, 22][1, 3] 
[13, 0, 18, 19, 22][26, 8, 12, 17, 28][20, 24, 1, 9, 23][2, 29, 27, 10, 15][14, 4, 3, 11, 25][5, 21, 6, 16][12, 22][6, 13][7, 16][7, 20][5, 15][1, 3] 
[20, 24, 1, 9, 23][2, 29, 27, 10, 15][14, 4, 3, 11, 25][13, 0, 18, 19, 22][26, 8, 12, 17, 28][5, 21, 6, 16][7, 16][7, 20][5, 15][1, 3][6, 13][12, 22] 
[20, 24, 1, 9, 23][14, 4, 3, 11, 25][13, 0, 18, 19, 22][26, 8, 12, 17, 28][2, 29, 27, 10, 15][5, 21, 6, 16][7, 20][1, 3][7, 16][6, 13][12, 22][5, 15] 
[7, 28, 17, 12, 8, 26][20, 24, 1, 9, 23][14, 4, 3, 11, 25][2, 29, 27, 10, 15][13, 0, 18, 19, 22][5, 21, 6, 16][17, 28][7, 20][1, 3][7, 16][5, 15][6, 13] 
[7, 28, 17, 12, 8, 26][20, 24, 1, 9, 23][14, 4, 3, 11, 25][2, 29, 27, 10, 15][13, 0, 18, 19, 22][5, 21, 6, 16][17, 28][7, 20][1, 3][7, 16][5, 15][6, 13] 
[7, 28, 17, 12, 8, 26][20, 24, 1, 9, 23][14, 4, 3, 11, 25][2, 29, 27, 10, 15][13, 0, 18, 19, 22][5, 21, 6, 16][17, 28][7, 20][1, 3][7, 16][5, 15][6, 13] 
[7, 28, 17, 12, 8, 26][20, 24, 1, 9, 23][14, 4, 3, 11, 25][2, 29, 27, 10, 15][13, 0, 18, 19, 22][5, 21, 6, 16][17, 28][7, 20][1, 3][7, 16][5, 15][6, 13] 
[7, 28, 17, 12, 8, 26][20, 24, 1, 9, 23][14, 4, 3, 11, 25][2, 29, 27, 10, 15][13, 0, 18, 19, 22][5, 21, 6, 16][17, 28][7, 20][1, 3][7, 16][5, 15][6, 13] 
[19, 17, 18, 0, 22, 12, 8, 26][5, 21, 6, 16, 28][2, 29, 27, 10, 15][20, 24, 1, 9, 23][14, 4, 3, 11, 25][5, 21][6, 13][15, 21][0, 13][7, 28][7, 20][1, 3] 
[14, 23, 9, 1, 24, 20][2, 29, 27, 10, 15][13, 0, 18, 19, 22][26, 8, 12, 17, 28][5, 21, 6, 16][4, 3, 11, 25][5, 15][6, 13][12, 22][7, 16][7, 20][1, 3] 
[14, 23, 9, 1, 24, 20][2, 29, 27, 10, 15][13, 0, 18, 19, 22][26, 8, 12, 17, 28][5, 21, 6, 16][4, 3, 11, 25][5, 15][7, 16][7, 20][6, 13][12, 22][1, 3] 
[14, 23, 9, 1, 24, 20][26, 8, 12, 17, 28][13, 0, 18, 19, 22][2, 29, 27, 10, 15][5, 21, 6, 16][4, 3, 11, 25][12, 22][6, 13][7, 16][7, 20][5, 15][1, 3] 
[14, 23, 9, 1, 24, 20][13, 0, 18, 19, 22][26, 8, 12, 17, 28][2, 29, 27, 10, 15][5, 21, 6, 16][4, 3, 11, 25][6, 13][7, 16][12, 22][5, 15][7, 20][1, 3] 
[14, 23, 9, 1, 24, 20][13, 0, 18, 19, 22][26, 8, 12, 17, 28][2, 29, 27, 10, 15][5, 21, 6, 16][4, 3, 11, 25][6, 13][7, 16][12, 22][5, 15][7, 20][1, 3] 
[13, 0, 18, 19, 22][2, 29, 27, 10, 15][26, 8, 12, 17, 28][20, 24, 1, 9, 23][14, 4, 3, 11, 25][5, 21, 6, 16][6, 13][5, 15][7, 16][12, 22][7, 20][1, 3] 
[14, 23, 9, 1, 24, 20][2, 29, 27, 10, 15][13, 0, 18, 19, 22][26, 8, 12, 17, 28][5, 21, 6, 16][4, 3, 11, 25][5, 15][6, 13][7, 16][7, 20][1, 3][12, 22] 
