[6, 5, 21, 10, 29, 2, 27][4, 23, 9, 3, 1, 14][19, 12, 8, 26][13, 18, 0, 22][20, 24, 7, 25][22, 17, 28][7, 16, 15][11, 3, 14][0, 12][25, 28][11, 17][16, 27] 
[6, 5, 21, 10, 29, 2, 27][4, 14, 1, 3, 9, 23][13, 18, 0, 22][19, 12, 8, 26][20, 24, 7, 25][22, 17, 28][7, 16, 15][0, 12][11, 17][25, 28][16, 27][3, 11] 
[2, 29, 10, 21, 5, 6][4, 23, 9, 3, 1, 14][20, 24, 7, 25][15, 10, 27, 16][13, 18, 0, 22][19, 12, 8, 26][22, 17, 28][7, 16][25, 28][0, 12][11, 17][3, 11] 
[2, 29, 10, 21, 5, 6][4, 23, 9, 3, 1, 14][20, 24, 7, 25][15, 10, 27, 16][13, 18, 0, 22][19, 12, 8, 26][22, 17, 28][7, 16][25, 28][0, 12][11, 17][3, 11] 
[2, 29, 10, 21, 5, 6][4, 14, 1, 3, 9, 23][20, 24, 7, 25][13, 18, 0, 22][19, 12, 8, 26][22, 17, 28][7, 16, 15][10, 27, 16][25, 28][0, 12][11, 17][3, 11] 
[4, 14, 1, 3, 9, 23][2, 29, 10, 21, 5, 6][13, 18, 0, 22][20, 24, 7, 25][19, 12, 8, 26][22, 17, 28][7, 16, 15][10, 27, 16][3, 11][11, 17][25, 28][0, 12] 
[2, 29, 10, 21, 5, 6][4, 14, 1, 3, 9, 23][20, 24, 7, 25][13, 18, 0, 22][15, 10, 27, 16][19, 12, 8, 26][22, 17, 28][25, 28][11, 17][7, 16][0, 12][3, 11] 
[2, 29, 10, 21, 5, 6][4, 14, 1, 3, 9, 23][13, 18, 0, 22][19, 12, 8, 26][20, 24, 7, 25][22, 17, 28][7, 16, 15][10, 27, 16][0, 12][25, 28][11, 17][3, 11] 
[2, 29, 10, 21, 5, 6][4, 14, 1, 3, 9, 23][13, 18, 0, 22][19, 12, 8, 26][20, 24, 7, 25][22, 17, 28][7, 16, 15][10, 27, 16][0, 12][25, 28][11, 17][3, 11] 
[2, 29, 10, 21, 5, 6][4, 14, 1, 3, 9, 23][13, 18, 0, 22][19, 12, 8, 26][20, 24, 7, 25][22, 17, 28][7, 16, 15][10, 27, 16][0, 12][25, 28][11, 17][3, 11] 
[6, 5, 21, 10, 29, 2, 27][4, 23, 9, 3, 1, 14][13, 18, 0, 22][20, 24, 7, 25][19, 12, 8, 26][22, 17, 28][11, 3, 14][7, 16, 15][11, 17][25, 28][16, 27][0, 12] 
[6, 5, 21, 10, 29, 2, 27][4, 14, 1, 3, 9, 23][13, 18, 0, 22][19, 12, 8, 26][20, 24, 7, 25][22, 17, 28][7, 16, 15][0, 12][11, 17][25, 28][16, 27][3, 11] 
[2, 29, 10, 21, 5, 6][4, 23, 9, 3, 1, 14][15, 10, 27, 16][20, 24, 7, 25][13, 18, 0, 22][19, 12, 8, 26][22, 17, 28][7, 16][25, 28][11, 17][0, 12][3, 11] 
[2, 29, 10, 21, 5, 6][4, 14, 1, 3, 9, 23][13, 18, 0, 22][19, 12, 8, 26][20, 24, 7, 25][22, 17, 28][7, 16, 15][10, 27, 16][0, 12][25, 28][11, 17][3, 11] 
[2, 29, 10, 21, 5, 6][4, 14, 1, 3, 9, 23][13, 18, 0, 22][19, 12, 8, 26][20, 24, 7, 25][22, 17, 28][7, 16, 15][10, 27, 16][0, 12][25, 28][11, 17][3, 11] 
[2, 29, 10, 21, 5, 6][4, 14, 1, 3, 9, 23][13, 18, 0, 22][19, 12, 8, 26][20, 24, 7, 25][22, 17, 28][7, 16, 15][10, 27, 16][0, 12][25, 28][11, 17][3, 11] 
[6, 5, 21, 10, 29, 2, 27][4, 23, 9, 3, 1, 14][13, 18, 0, 22][19, 12, 8, 26][20, 24, 7, 25][22, 17, 28][7, 16, 15][11, 3, 14][0, 12][25, 28][16, 27][11, 17] 
[6, 5, 21, 10, 29, 2, 27][4, 14, 1, 3, 9, 23][13, 18, 0, 22][19, 12, 8, 26][20, 24, 7, 25][22, 17, 28][7, 16, 15][0, 12][11, 17][25, 28][16, 27][3, 11] 
[4, 14, 1, 3, 9, 23][2, 29, 10, 21, 5, 6][13, 18, 0, 22][20, 24, 7, 25][19, 12, 8, 26][22, 17, 28][7, 16, 15][10, 27, 16][3, 11][11, 17][25, 28][0, 12] 
[6, 5, 21, 10, 29, 2, 27][4, 23, 9, 3, 1, 14][13, 18, 0, 22][19, 12, 8, 26][20, 24, 7, 25][11, 3, 14][22, 17, 28][7, 16, 15][11, 17][0, 12][25, 28][16, 27] 
[6, 5, 21, 10, 29, 2, 27][4, 23, 9, 3, 1, 14][19, 12, 8, 26][13, 18, 0, 22][20, 24, 7, 25][22, 17, 28][7, 16, 15][11, 3, 14][0, 12][25, 28][11, 17][16, 27] 
[6, 5, 21, 10, 29, 2, 27][4, 14, 1, 3, 9, 23][13, 18, 0, 22][19, 12, 8, 26][20, 24, 7, 25][22, 17, 28][7, 16, 15][0, 12][11, 17][25, 28][16, 27][3, 11] 
[4, 23, 9, 3, 1, 14][2, 29, 10, 21, 5, 6][19, 12, 8, 26][13, 18, 0, 22][20, 24, 7, 25][15, 10, 27, 16][22, 17, 28][0, 12][11, 17][3, 11][25, 28][7, 16] 
[2, 29, 10, 21, 5, 6][4, 14, 1, 3, 9, 23][20, 24, 7, 25][13, 18, 0, 22][19, 12, 8, 26][7, 16, 15][10, 27, 16][22, 17, 28][25, 28][0, 12][11, 17][3, 11] 
[2, 29, 10, 21, 5, 6][4, 14, 1, 3, 9, 23][13, 18, 0, 22][19, 12, 8, 26][20, 24, 7, 25][22, 17, 28][7, 16, 15][10, 27, 16][0, 12][25, 28][11, 17][3, 11] 
[2, 29, 10, 21, 5, 6][4, 14, 1, 3, 9, 23][13, 18, 0, 22][19, 12, 8, 26][20, 24, 7, 25][22, 17, 28][7, 16, 15][10, 27, 16][0, 12][25, 28][11, 17][3, 11] 
[6, 5, 21, 10, 29, 2, 27][4, 23, 9, 3, 1, 14][13, 18, 0, 22][19, 12, 8, 26][20, 24, 7, 25][22, 17, 28][7, 16, 15][11, 3, 14][0, 12][25, 28][16, 27][11, 17] 
[6, 5, 21, 10, 29, 2, 27][4, 14, 1, 3, 9, 23][13, 18, 0, 22][19, 12, 8, 26][20, 24, 7, 25][22, 17, 28][7, 16, 15][0, 12][11, 17][25, 28][16, 27][3, 11] 
[2, 29, 10, 21, 5, 6][4, 14, 1, 3, 9, 23][20, 24, 7, 25][13, 18, 0, 22][19, 12, 8, 26][7, 16, 15][10, 27, 16][22, 17, 28][25, 28][0, 12][11, 17][3, 11] 
[6, 5, 21, 10, 29, 2, 27][4, 23, 9, 3, 1, 14][13, 18, 0, 22][20, 24, 7, 25][19, 12, 8, 26][22, 17, 28][11, 3, 14][7, 16, 15][11, 17][25, 28][0, 12][16, 27] 
[6, 5, 21, 10, 29, 2, 27][4, 23, 9, 3, 1, 14][13, 18, 0, 22][19, 12, 8, 26][20, 24, 7, 25][11, 3, 14][22, 17, 28][7, 16, 15][11, 17][0, 12][25, 28][16, 27] 
[6, 5, 21, 10, 29, 2, 27][4, 14, 1, 3, 9, 23][20, 24, 7, 25][13, 18, 0, 22][19, 12, 8, 26][7, 16, 15][22, 17, 28][16, 27][25, 28][0, 12][11, 17][3, 11] 
[2, 29, 10, 21, 5, 6][4, 14, 1, 3, 9, 23][20, 24, 7, 25][13, 18, 0, 22][19, 12, 8, 26][7, 16, 15][10, 27, 16][22, 17, 28][25, 28][0, 12][11, 17][3, 11] 
[6, 5, 21, 10, 29, 2, 27][4, 23, 9, 3, 1, 14][20, 24, 7, 25][13, 18, 0, 22][19, 12, 8, 26][7, 16, 15][22, 17, 28][11, 3, 14][16, 27][25, 28][0, 12][11, 17] 
[6, 5, 21, 10, 29, 2, 27][4, 23, 9, 3, 1, 14][13, 18, 0, 22][19, 12, 8, 26][20, 24, 7, 25][11, 3, 14][22, 17, 28][7, 16, 15][11, 17][0, 12][25, 28][16, 27] 
[5, 6, 13, 18, 19, 8, 26, 0, 12, 17, 28, 25, 22][7, 24, 1, 4, 23, 20, 14, 11, 3, 9][15, 27, 2, 29, 10, 21][27, 7, 16, 28][25, 28][0, 12][18, 19][25, 28][6, 13][25, 28][6, 13][25, 28] 
[5, 6, 13, 18, 19, 8, 26, 0, 12, 17, 28, 25, 22][7, 24, 1, 4, 23, 20, 14, 11, 3, 9][15, 27, 2, 29, 10, 21][27, 7, 16, 28][25, 28][0, 12][18, 19][25, 28][6, 13][25, 28][6, 13][25, 28] 
[5, 6, 13, 18, 19, 8, 26, 0, 12, 17, 28, 25, 22][7, 24, 1, 4, 23, 20, 14, 11, 3, 9][15, 27, 2, 29, 10, 21][27, 7, 16, 28][25, 28][0, 12][18, 19][25, 28][6, 13][25, 28][6, 13][25, 28] 
[5, 6, 13, 18, 19, 8, 26, 0, 12, 17, 28, 25, 22][7, 24, 1, 4, 23, 20, 14, 11, 3, 9][15, 27, 2, 29, 10, 21][27, 7, 16, 28][0, 12][3, 11][7, 16][3, 11][0, 12][3, 11][7, 16][7, 16] 
[5, 6, 13, 18, 19, 8, 26, 0, 12, 17, 28, 25, 22][7, 24, 1, 4, 23, 20, 14, 11, 3, 9][15, 27, 2, 29, 10, 21][27, 7, 16, 28][0, 12][3, 11][7, 16][3, 11][0, 12][3, 11][7, 16][7, 16] 
[5, 6, 13, 18, 19, 8, 26, 0, 12, 17, 28, 25, 22][7, 24, 1, 4, 23, 20, 14, 11, 3, 9][15, 27, 2, 29, 10, 21][16, 7, 27][0, 12][18, 19][18, 19][18, 19][25, 28][25, 28][16, 28][18, 19] 
[5, 6, 13, 18, 19, 8, 26, 0, 12, 17, 28, 25, 22][7, 24, 1, 4, 23, 20, 14, 11, 3, 9][15, 27, 2, 29, 10, 21][27, 7, 16, 28][25, 28][0, 12][18, 19][25, 28][6, 13][25, 28][6, 13][25, 28] 
[5, 6, 13, 18, 19, 8, 26, 0, 12, 17, 28, 25, 22][7, 24, 1, 4, 23, 20, 14, 11, 3, 9][15, 27, 2, 29, 10, 21][27, 7, 16, 28][25, 28][0, 12][18, 19][25, 28][6, 13][25, 28][6, 13][25, 28] 
[5, 6, 13, 18, 19, 8, 26, 0, 12, 17, 28, 25, 22][7, 24, 1, 4, 23, 20, 14, 11, 3, 9][15, 27, 2, 29, 10, 21][27, 7, 16, 28][0, 12][3, 11][7, 16][3, 11][0, 12][3, 11][7, 16][7, 16] 
[5, 6, 13, 18, 19, 8, 26, 0, 12, 17, 28, 25, 22][7, 24, 1, 4, 23, 20, 14, 11, 3, 9][15, 27, 2, 29, 10, 21][27, 7, 16, 28][25, 28][0, 12][18, 19][25, 28][6, 13][25, 28][6, 13][25, 28] 
[5, 6, 13, 18, 19, 8, 26, 0, 12, 17, 28, 25, 22][7, 24, 1, 4, 23, 20, 14, 11, 3, 9][15, 27, 2, 29, 10, 21][27, 7, 16, 28][25, 28][0, 12][18, 19][25, 28][6, 13][25, 28][6, 13][25, 28] 
[5, 6, 13, 18, 19, 8, 26, 0, 12, 17, 28, 25, 22][7, 24, 1, 4, 23, 20, 14, 11, 3, 9][15, 27, 2, 29, 10, 21][27, 7, 16, 28][25, 28][0, 12][18, 19][25, 28][6, 13][25, 28][6, 13][25, 28] 
[5, 6, 13, 18, 19, 8, 26, 0, 12, 17, 28, 25, 22][7, 24, 1, 4, 23, 20, 14, 11, 3, 9][15, 27, 2, 29, 10, 21][27, 7, 16, 28][0, 12][3, 11][7, 16][3, 11][0, 12][3, 11][7, 16][7, 16] 
[5, 6, 13, 18, 19, 8, 26, 0, 12, 17, 28, 25, 22][7, 24, 1, 4, 23, 20, 14, 11, 3, 9][15, 27, 2, 29, 10, 21][27, 7, 16, 28][25, 28][0, 12][18, 19][25, 28][6, 13][25, 28][6, 13][25, 28] 
[5, 6, 13, 18, 19, 8, 26, 0, 12, 17, 28, 25, 22][7, 24, 1, 4, 23, 20, 14, 11, 3, 9][15, 27, 2, 29, 10, 21][27, 7, 16, 28][25, 28][0, 12][18, 19][25, 28][6, 13][25, 28][6, 13][25, 28] 
[5, 6, 13, 18, 19, 8, 26, 0, 12, 17, 28, 25, 22][7, 24, 1, 4, 23, 20, 14, 11, 3, 9][15, 27, 2, 29, 10, 21][27, 7, 16, 28][18, 19][0, 12][0, 12][25, 28][18, 19][0, 12][25, 28][6, 13] 
[5, 6, 13, 18, 19, 8, 26, 0, 12, 17, 28, 25, 22][7, 24, 1, 4, 23, 20, 14, 11, 3, 9][15, 27, 2, 29, 10, 21][27, 7, 16, 28][18, 19][0, 12][0, 12][25, 28][18, 19][0, 12][25, 28][6, 13] 
[5, 6, 13, 18, 19, 8, 26, 0, 12, 17, 28, 25, 22][7, 24, 1, 4, 23, 20, 14, 11, 3, 9][15, 27, 2, 29, 10, 21][27, 7, 16, 28][6, 13][7, 16][0, 12][18, 19][25, 28][0, 12][3, 11][3, 11] 
[5, 6, 13, 18, 19, 8, 26, 0, 12, 17, 28, 25, 22][7, 24, 1, 4, 23, 20, 14, 11, 3, 9][15, 27, 2, 29, 10, 21][27, 7, 16, 28][18, 19][18, 19][25, 28][18, 19][0, 12][25, 28][0, 12][18, 19] 
[5, 6, 13, 18, 19, 8, 26, 0, 12, 17, 28, 25, 22][7, 24, 1, 4, 23, 20, 14, 11, 3, 9][15, 27, 2, 29, 10, 21][27, 7, 16, 28][18, 19][18, 19][25, 28][18, 19][0, 12][25, 28][0, 12][18, 19] 
[5, 6, 13, 18, 19, 8, 26, 0, 12, 17, 28, 25, 22][7, 24, 1, 4, 23, 20, 14, 11, 3, 9][15, 27, 2, 29, 10, 21][27, 7, 16, 28][0, 12][0, 12][3, 11][18, 19][25, 28][0, 12][25, 28][0, 12] 
[2, 29, 10, 21, 5, 6][4, 23, 9, 3, 1, 14][20, 24, 7, 25][13, 18, 0, 22][19, 12, 8, 26][7, 16, 15][10, 27, 16][22, 17, 28][25, 28][11, 17][0, 12][3, 11] 
[2, 29, 10, 21, 5, 6][4, 23, 9, 3, 1, 14][19, 12, 8, 26][13, 18, 0, 22][20, 24, 7, 25][22, 17, 28][7, 16, 15][10, 27, 16][0, 12][25, 28][11, 17][3, 11] 
[2, 29, 10, 21, 5, 6][4, 23, 9, 3, 1, 14][20, 24, 7, 25][13, 18, 0, 22][19, 12, 8, 26][10, 27, 16][7, 16, 15][22, 17, 28][25, 28][0, 12][11, 17][3, 11] 
[2, 29, 10, 21, 5, 6][4, 23, 9, 3, 1, 14][19, 12, 8, 26][13, 18, 0, 22][20, 24, 7, 25][22, 17, 28][7, 16, 15][10, 27, 16][0, 12][25, 28][11, 17][3, 11] 
[2, 29, 10, 21, 5, 6][4, 23, 9, 3, 1, 14][20, 24, 7, 25][13, 18, 0, 22][19, 12, 8, 26][10, 27, 16][7, 16, 15][22, 17, 28][25, 28][0, 12][11, 17][3, 11] 
[2, 29, 10, 21, 5, 6][4, 23, 9, 3, 1, 14][20, 24, 7, 25][13, 18, 0, 22][19, 12, 8, 26][10, 27, 16][7, 16, 15][22, 17, 28][25, 28][0, 12][11, 17][3, 11] 
[4, 23, 9, 3, 1, 14][2, 29, 10, 21, 5, 6][13, 18, 0, 22][20, 24, 7, 25][19, 12, 8, 26][22, 17, 28][7, 16, 15][10, 27, 16][3, 11][11, 17][25, 28][0, 12] 
[2, 29, 10, 21, 5, 6][4, 23, 9, 3, 1, 14][19, 12, 8, 26][13, 18, 0, 22][20, 24, 7, 25][22, 17, 28][7, 16, 15][10, 27, 16][0, 12][25, 28][11, 17][3, 11] 
[4, 23, 9, 3, 1, 14][2, 29, 10, 21, 5, 6][13, 18, 0, 22][20, 24, 7, 25][19, 12, 8, 26][22, 17, 28][7, 16, 15][10, 27, 16][3, 11][11, 17][25, 28][0, 12] 
[4, 23, 9, 3, 1, 14][2, 29, 10, 21, 5, 6][13, 18, 0, 22][20, 24, 7, 25][19, 12, 8, 26][22, 17, 28][7, 16, 15][10, 27, 16][3, 11][11, 17][25, 28][0, 12] 
[2, 29, 10, 21, 5, 6][4, 23, 9, 3, 1, 14][13, 18, 0, 22][19, 12, 8, 26][20, 24, 7, 25][22, 17, 28][7, 16, 15][10, 27, 16][0, 12][25, 28][11, 17][3, 11] 
[4, 23, 9, 3, 1, 14][2, 29, 10, 21, 5, 6][19, 12, 8, 26][13, 18, 0, 22][20, 24, 7, 25][22, 17, 28][7, 16, 15][10, 27, 16][0, 12][11, 17][3, 11][25, 28] 
[2, 29, 10, 21, 5, 6][4, 23, 9, 3, 1, 14][20, 24, 7, 25][13, 18, 0, 22][19, 12, 8, 26][10, 27, 16][7, 16, 15][22, 17, 28][25, 28][11, 17][3, 11][0, 12] 
[2, 29, 10, 21, 5, 6][4, 23, 9, 3, 1, 14][20, 24, 7, 25][13, 18, 0, 22][19, 12, 8, 26][22, 17, 28][7, 16, 15][10, 27, 16][25, 28][11, 17][0, 12][3, 11] 
[4, 23, 9, 3, 1, 14][2, 29, 10, 21, 5, 6][13, 18, 0, 22][19, 12, 8, 26][20, 24, 7, 25][22, 17, 28][7, 16, 15][10, 27, 16][0, 12][11, 17][3, 11][25, 28] 
[6, 5, 21, 10, 29, 2, 27][4, 23, 9, 3, 1, 14][13, 18, 0, 22][19, 12, 8, 26][20, 24, 7, 25][22, 17, 28][11, 3, 14][7, 16, 15][0, 12][11, 17][25, 28][16, 27] 
[6, 5, 21, 10, 29, 2, 27][4, 23, 9, 3, 1, 14][13, 18, 0, 22][19, 12, 8, 26][20, 24, 7, 25][11, 3, 14][22, 17, 28][7, 16, 15][11, 17][0, 12][25, 28][16, 27] 
[6, 5, 21, 10, 29, 2, 27][4, 23, 9, 3, 1, 14][13, 18, 0, 22][19, 12, 8, 26][20, 24, 7, 25][22, 17, 28][11, 3, 14][7, 16, 15][0, 12][11, 17][25, 28][16, 27] 
[6, 5, 21, 10, 29, 2, 27][4, 23, 9, 3, 1, 14][13, 18, 0, 22][19, 12, 8, 26][20, 24, 7, 25][22, 17, 28][11, 3, 14][7, 16, 15][0, 12][11, 17][25, 28][16, 27] 
[6, 5, 21, 10, 29, 2, 27][4, 23, 9, 3, 1, 14][13, 18, 0, 22][19, 12, 8, 26][20, 24, 7, 25][22, 17, 28][11, 3, 14][7, 16, 15][0, 12][11, 17][25, 28][16, 27] 
[6, 5, 21, 10, 29, 2, 27][4, 23, 9, 3, 1, 14][13, 18, 0, 22, 17][20, 24, 7, 25][19, 12, 8, 26][7, 16, 15][16, 27][25, 28][17, 28][11, 17][3, 11][0, 12] 
[2, 29, 10, 21, 5, 6][4, 23, 9, 3, 1, 14][20, 24, 7, 25][13, 18, 0, 22][19, 12, 8, 26][7, 16, 15][10, 27, 16][22, 17, 28][25, 28][11, 17][3, 11][0, 12] 
[4, 23, 9, 3, 1, 14][2, 29, 10, 21, 5, 6][13, 18, 0, 22][20, 24, 7, 25][19, 12, 8, 26][22, 17, 28][7, 16, 15][10, 27, 16][3, 11][11, 17][25, 28][0, 12] 
[2, 29, 10, 21, 5, 6][4, 23, 9, 3, 1, 14][20, 24, 7, 25][13, 18, 0, 22][19, 12, 8, 26][7, 16, 15][10, 27, 16][22, 17, 28][25, 28][11, 17][3, 11][0, 12] 
[2, 29, 10, 21, 5, 6][4, 23, 9, 3, 1, 14][20, 24, 7, 25][13, 18, 0, 22][19, 12, 8, 26][7, 16, 15][10, 27, 16][22, 17, 28][25, 28][11, 17][0, 12][3, 11] 
[2, 29, 10, 21, 5, 6][4, 23, 9, 3, 1, 14][13, 18, 0, 22][19, 12, 8, 26][20, 24, 7, 25][22, 17, 28][7, 16, 15][10, 27, 16][0, 12][25, 28][11, 17][3, 11] 
[6, 5, 21, 10, 29, 2, 27][4, 23, 9, 3, 1, 14][13, 18, 0, 22][20, 24, 7, 25][19, 12, 8, 26][22, 17, 28][7, 16, 15][11, 17][3, 11][25, 28][16, 27][0, 12] 
[2, 29, 10, 21, 5, 6][4, 23, 9, 3, 1, 14][20, 24, 7, 25][13, 18, 0, 22][19, 12, 8, 26][7, 16, 15][10, 27, 16][22, 17, 28][25, 28][0, 12][11, 17][3, 11] 
[6, 5, 21, 10, 29, 2, 27][4, 23, 9, 3, 1, 14][13, 18, 0, 22][20, 24, 7, 25][19, 12, 8, 26][22, 17, 28][11, 3, 14][7, 16, 15][11, 17][25, 28][16, 27][0, 12] 
[6, 5, 21, 10, 29, 2, 27][4, 23, 9, 3, 1, 14][13, 18, 0, 22][20, 24, 7, 25][19, 12, 8, 26][22, 17, 28][11, 3, 14][7, 16, 15][11, 17][25, 28][16, 27][0, 12] 
[6, 5, 21, 10, 29, 2, 27][4, 23, 9, 3, 1, 14][13, 18, 0, 22][19, 12, 8, 26][20, 24, 7, 25][11, 3, 14][22, 17, 28][7, 16, 15][11, 17][0, 12][25, 28][16, 27] 
[6, 5, 21, 10, 29, 2, 27][4, 23, 9, 3, 1, 14][20, 24, 7, 25][13, 18, 0, 22][19, 12, 8, 26][7, 16, 15][22, 17, 28][11, 3, 14][25, 28][16, 27][0, 12][11, 17] 
[6, 5, 21, 10, 29, 2, 27][4, 23, 9, 3, 1, 14][13, 18, 0, 22][19, 12, 8, 26][20, 24, 7, 25][11, 3, 14][22, 17, 28][7, 16, 15][11, 17][0, 12][25, 28][16, 27] 
[6, 5, 21, 10, 29, 2, 27][4, 23, 9, 3, 1, 14][13, 18, 0, 22][19, 12, 8, 26][20, 24, 7, 25][11, 3, 14][22, 17, 28][7, 16, 15][11, 17][0, 12][25, 28][16, 27] 
[6, 5, 21, 10, 29, 2, 27][4, 23, 9, 3, 1, 14][13, 18, 0, 22][19, 12, 8, 26][20, 24, 7, 25][11, 3, 14][22, 17, 28][7, 16, 15][11, 17][0, 12][25, 28][16, 27] 
[6, 5, 21, 10, 29, 2, 27][4, 23, 9, 3, 1, 14][13, 18, 0, 22][20, 24, 7, 25][19, 12, 8, 26][22, 17, 28][11, 3, 14][7, 16, 15][11, 17][25, 28][16, 27][0, 12] 
[6, 5, 21, 10, 29, 2, 27][4, 23, 9, 3, 1, 14][13, 18, 0, 22][19, 12, 8, 26][20, 24, 7, 25][11, 3, 14][22, 17, 28][7, 16, 15][11, 17][0, 12][25, 28][16, 27] 
[6, 5, 21, 10, 29, 2, 27][4, 23, 9, 3, 1, 14][13, 18, 0, 22][19, 12, 8, 26][20, 24, 7, 25][11, 3, 14][22, 17, 28][7, 16, 15][11, 17][0, 12][25, 28][16, 27] 
[6, 5, 21, 10, 29, 2, 27][4, 23, 9, 3, 1, 14][20, 24, 7, 25][13, 18, 0, 22][19, 12, 8, 26][7, 16, 15][22, 17, 28][11, 3, 14][25, 28][16, 27][0, 12][11, 17] 
[6, 5, 21, 10, 29, 2, 27][4, 23, 9, 3, 1, 14][13, 18, 0, 22][19, 12, 8, 26][20, 24, 7, 25][22, 17, 28][11, 3, 14][7, 16, 15][0, 12][11, 17][25, 28][16, 27] 
[6, 5, 21, 10, 29, 2, 27][4, 23, 9, 3, 1, 14][13, 18, 0, 22][19, 12, 8, 26][20, 24, 7, 25][22, 17, 28][11, 3, 14][7, 16, 15][0, 12][11, 17][25, 28][16, 27] 
[6, 5, 21, 10, 29, 2, 27][4, 23, 9, 3, 1, 14][20, 24, 7, 25][13, 18, 0, 22][19, 12, 8, 26][7, 16, 15][22, 17, 28][11, 3, 14][16, 27][25, 28][0, 12][11, 17] 
[6, 5, 21, 10, 29, 2, 27][4, 23, 9, 3, 1, 14][13, 18, 0, 22][19, 12, 8, 26][20, 24, 7, 25][11, 3, 14][22, 17, 28][7, 16, 15][11, 17][0, 12][25, 28][16, 27] 
[6, 5, 21, 10, 29, 2, 27][4, 23, 9, 3, 1, 14][13, 18, 0, 22, 17][19, 12, 8, 26][20, 24, 7, 25][11, 3, 14][22, 17, 28][7, 16, 15][0, 12][11, 17][25, 28][16, 27] 
[6, 5, 21, 10, 29, 2, 27][4, 23, 9, 3, 1, 14][13, 18, 0, 22, 17][20, 24, 7, 25][19, 12, 8, 26][22, 17, 28][11, 3, 14][7, 16, 15][11, 17][25, 28][16, 27][0, 12] 
[6, 5, 21, 10, 29, 2, 27][4, 23, 9, 3, 1, 14][13, 18, 0, 22, 17][20, 24, 7, 25][19, 12, 8, 26][7, 16, 15][22, 17, 28][11, 3, 14][16, 27][25, 28][11, 17][0, 12] 
[6, 5, 21, 10, 29, 2, 27][4, 23, 9, 3, 1, 14][13, 18, 0, 22, 17][19, 12, 8, 26][20, 24, 7, 25][11, 3, 14][22, 17, 28][7, 16, 15][0, 12][11, 17][25, 28][16, 27] 
[6, 5, 21, 10, 29, 2, 27][4, 23, 9, 3, 1, 14][13, 18, 0, 22, 17][20, 24, 7, 25][19, 12, 8, 26][22, 17, 28][11, 3, 14][7, 16, 15][11, 17][25, 28][16, 27][0, 12] 
[6, 5, 21, 10, 29, 2, 27, 15][4, 23, 9, 3, 1, 14][20, 24, 7, 25][13, 18, 0, 22][19, 12, 8, 26][7, 16, 27][22, 17, 28][25, 28][11, 17][3, 11][9, 23][0, 12] 
[6, 5, 21, 10, 29, 2, 27][4, 23, 9, 3, 1, 14][20, 24, 7, 25][13, 18, 0, 22][19, 12, 8, 26][7, 16, 15][10, 27, 16][22, 17, 28][25, 28][11, 17][0, 12][3, 11] 
[6, 5, 21, 10, 29, 2, 27][4, 23, 9, 3, 1, 14][20, 24, 7, 25][13, 18, 0, 22][19, 12, 8, 26][7, 16, 15][10, 27, 16][22, 17, 28][25, 28][11, 17][0, 12][3, 11] 
[6, 5, 21, 10, 29, 2, 27][4, 23, 9, 3, 1, 14][13, 18, 0, 22][19, 12, 8, 26][20, 24, 7, 25][22, 17, 28][7, 16, 15][10, 27, 16][0, 12][11, 17][3, 11][25, 28] 
[6, 5, 21, 10, 29, 2, 27][4, 23, 9, 3, 1, 14][19, 12, 8, 26][13, 18, 0, 22][20, 24, 7, 25][22, 17, 28][7, 16, 15][10, 27, 16][0, 12][11, 17][25, 28][3, 11] 
[6, 5, 21, 10, 29, 2, 27][4, 23, 9, 3, 1, 14][19, 12, 8, 26][13, 18, 0, 22][20, 24, 7, 25][22, 17, 28][7, 16, 15][10, 27, 16][0, 12][25, 28][11, 17][3, 11] 
[6, 5, 21, 10, 29, 2, 27][4, 23, 9, 3, 1, 14][13, 18, 0, 22][19, 12, 8, 26][20, 24, 7, 25][22, 17, 28][11, 3, 14][7, 16, 15][0, 12][11, 17][25, 28][16, 27] 
[6, 5, 21, 10, 29, 2, 27][4, 23, 9, 3, 1, 14][20, 24, 7, 25][13, 18, 0, 22][19, 12, 8, 26][7, 16, 15][10, 27, 16][22, 17, 28][25, 28][11, 17][0, 12][3, 11] 
