[1, 3, 9, 23, 4, 14][16, 28, 25, 11, 17][18, 0, 13, 6, 21][2, 29, 10, 15, 5][24, 20, 7, 27][19, 12, 8, 26][16, 27][17, 22][0, 22][3, 11][12, 22][27, 29] 
[1, 3, 9, 23, 4, 14][16, 28, 25, 11, 17][2, 29, 10, 15, 5][18, 0, 13, 6, 21][19, 12, 8, 26][24, 20, 7, 27][12, 22][17, 22][27, 29][0, 22][4, 24][16, 27] 
[1, 3, 9, 23, 4, 14][16, 28, 25, 11, 17][2, 29, 10, 15, 5][18, 0, 13, 6, 21][24, 20, 7, 27][19, 12, 8, 26][4, 24][27, 29][17, 22][0, 22][12, 22][16, 27] 
[1, 3, 9, 23, 4, 14][16, 28, 25, 11, 17][2, 29, 10, 15, 5][18, 0, 13, 6, 21][24, 20, 7, 27][19, 12, 8, 26][16, 27][17, 22][12, 22][27, 29][0, 22][4, 24] 
[1, 3, 9, 23, 4, 14][2, 29, 10, 15, 5][16, 28, 25, 11, 17][18, 0, 13, 6, 21][24, 20, 7, 27][19, 12, 8, 26][27, 29][17, 22][4, 24][0, 22][12, 22][16, 27] 
[1, 3, 9, 23, 4, 14][2, 29, 10, 15, 5][16, 28, 25, 11, 17][18, 0, 13, 6, 21][24, 20, 7, 27][19, 12, 8, 26][4, 24][27, 29][16, 27][17, 22][12, 22][0, 22] 
[1, 3, 9, 23, 4, 14][2, 29, 10, 15, 5][16, 28, 25, 11, 17][18, 0, 13, 6, 21][24, 20, 7, 27][19, 12, 8, 26][4, 24][27, 29][16, 27][17, 22][12, 22][0, 22] 
[1, 3, 9, 23, 4, 14][2, 29, 10, 15, 5][16, 28, 25, 11, 17][18, 0, 13, 6, 21][24, 20, 7, 27][19, 12, 8, 26][27, 29][16, 27][4, 24][17, 22][0, 22][12, 22] 
[1, 3, 9, 23, 4, 14][2, 29, 10, 15, 5][16, 28, 25, 11, 17][18, 0, 13, 6, 21][24, 20, 7, 27][19, 12, 8, 26][27, 29][16, 27][4, 24][17, 22][12, 22][0, 22] 
[1, 3, 9, 23, 4, 14][2, 29, 10, 15, 5][16, 28, 25, 11, 17][18, 0, 13, 6, 21][24, 20, 7, 27][19, 12, 8, 26][4, 24][27, 29][16, 27][17, 22][12, 22][0, 22] 
[1, 3, 9, 23, 4, 14][18, 0, 13, 6, 21][16, 28, 25, 11, 17][2, 29, 10, 15, 5][19, 12, 8, 26][24, 20, 7, 27][0, 22][12, 22][17, 22][3, 11][16, 27][27, 29] 
[1, 3, 9, 23, 4, 14][2, 29, 10, 15, 5][16, 28, 25, 11, 17][18, 0, 13, 6, 21][24, 20, 7, 27][19, 12, 8, 26][27, 29][17, 22][4, 24][0, 22][12, 22][16, 27] 
[1, 3, 9, 23, 4, 14][2, 29, 10, 15, 5][16, 28, 25, 11, 17][18, 0, 13, 6, 21][24, 20, 7, 27][19, 12, 8, 26][27, 29][17, 22][4, 24][0, 22][12, 22][16, 27] 
[1, 3, 9, 23, 4, 14][16, 28, 25, 11, 17][18, 0, 13, 6, 21][2, 29, 10, 15, 5][19, 12, 8, 26][24, 20, 7, 27][12, 22][17, 22][0, 22][16, 27][4, 24][27, 29] 
[1, 3, 9, 23, 4, 14][16, 28, 25, 11, 17][18, 0, 13, 6, 21][2, 29, 10, 15, 5][19, 12, 8, 26][24, 20, 7, 27][12, 22][17, 22][16, 27][0, 22][4, 24][27, 29] 
[1, 3, 9, 23, 4, 14][2, 29, 10, 15, 5][16, 28, 25, 11, 17][18, 0, 13, 6, 21][24, 20, 7, 27][19, 12, 8, 26][4, 24][27, 29][16, 27][17, 22][12, 22][0, 22] 
[1, 3, 9, 23, 4, 14][16, 28, 25, 11, 17][2, 29, 10, 15, 5][18, 0, 13, 6, 21][24, 20, 7, 27][19, 12, 8, 26][3, 11][16, 27][27, 29][17, 22][0, 22][12, 22] 
[1, 3, 9, 23, 4, 14][2, 29, 10, 15, 5][16, 28, 25, 11, 17][18, 0, 13, 6, 21][24, 20, 7, 27][19, 12, 8, 26][27, 29][17, 22][4, 24][0, 22][12, 22][16, 27] 
[1, 3, 9, 23, 4, 14][16, 28, 25, 11, 17][18, 0, 13, 6, 21][2, 29, 10, 15, 5][19, 12, 8, 26][24, 20, 7, 27][12, 22][17, 22][16, 27][0, 22][4, 24][27, 29] 
[1, 3, 9, 23, 4, 14][16, 28, 25, 11, 17][18, 0, 13, 6, 21][2, 29, 10, 15, 5][19, 12, 8, 26][24, 20, 7, 27][17, 22][3, 11][12, 22][0, 22][16, 27][27, 29] 
[1, 3, 9, 23, 4, 14][16, 28, 25, 11, 17][2, 29, 10, 15, 5][18, 0, 13, 6, 21][24, 20, 7, 27][19, 12, 8, 26][17, 22][16, 27][12, 22][27, 29][3, 11][0, 22] 
[1, 3, 9, 23, 4, 14][18, 0, 13, 6, 21][16, 28, 25, 11, 17][2, 29, 10, 15, 5][19, 12, 8, 26][24, 20, 7, 27][0, 22][12, 22][17, 22][27, 29][4, 24][16, 27] 
[1, 3, 9, 23, 4, 14][2, 29, 10, 15, 5][16, 28, 25, 11, 17][18, 0, 13, 6, 21][24, 20, 7, 27][19, 12, 8, 26][27, 29][17, 22][4, 24][0, 22][12, 22][16, 27] 
[1, 3, 9, 23, 4, 14][2, 29, 10, 15, 5][16, 28, 25, 11, 17][18, 0, 13, 6, 21][24, 20, 7, 27][19, 12, 8, 26][27, 29][17, 22][4, 24][0, 22][12, 22][16, 27] 
[1, 3, 9, 23, 4, 14][2, 29, 10, 15, 5][16, 28, 25, 11, 17][18, 0, 13, 6, 21][24, 20, 7, 27][19, 12, 8, 26][27, 29][17, 22][4, 24][0, 22][12, 22][16, 27] 
[1, 3, 9, 23, 4, 14][2, 29, 10, 15, 5][16, 28, 25, 11, 17][18, 0, 13, 6, 21][24, 20, 7, 27][19, 12, 8, 26][27, 29][17, 22][4, 24][0, 22][12, 22][16, 27] 
[1, 3, 9, 23, 4, 14][16, 28, 25, 11, 17][2, 29, 10, 15, 5][18, 0, 13, 6, 21][24, 20, 7, 27][19, 12, 8, 26][3, 11][16, 27][27, 29][17, 22][0, 22][12, 22] 
[1, 3, 9, 23, 4, 14][2, 29, 10, 15, 5][16, 28, 25, 11, 17][18, 0, 13, 6, 21][24, 20, 7, 27][19, 12, 8, 26][4, 24][27, 29][16, 27][17, 22][12, 22][0, 22] 
[1, 3, 9, 23, 4, 14][2, 29, 10, 15, 5][16, 28, 25, 11, 17][18, 0, 13, 6, 21][24, 20, 7, 27][19, 12, 8, 26][27, 29][17, 22][4, 24][0, 22][12, 22][16, 27] 
[1, 3, 9, 23, 4, 14][16, 28, 25, 11, 17][18, 0, 13, 6, 21][2, 29, 10, 15, 5][19, 12, 8, 26][24, 20, 7, 27][17, 22][3, 11][12, 22][0, 22][16, 27][27, 29] 
[1, 3, 9, 23, 4, 14][16, 28, 25, 11, 17][2, 29, 10, 15, 5][18, 0, 13, 6, 21][24, 20, 7, 27][19, 12, 8, 26][3, 11][17, 22][16, 27][27, 29][0, 22][12, 22] 
[1, 3, 9, 23, 4, 14][2, 29, 10, 15, 5][16, 28, 25, 11, 17][18, 0, 13, 6, 21][24, 20, 7, 27][19, 12, 8, 26][27, 29][17, 22][4, 24][0, 22][12, 22][16, 27] 
[1, 3, 9, 23, 4, 14][2, 29, 10, 15, 5][16, 28, 25, 11, 17][18, 0, 13, 6, 21][24, 20, 7, 27][19, 12, 8, 26][27, 29][17, 22][4, 24][0, 22][12, 22][16, 27] 
[1, 3, 9, 23, 4, 14][16, 28, 25, 11, 17][2, 29, 10, 15, 5][18, 0, 13, 6, 21][24, 20, 7, 27][19, 12, 8, 26][16, 27][3, 11][17, 22][12, 22][27, 29][0, 22] 
[1, 3, 9, 23, 4, 14][16, 28, 25, 11, 17][2, 29, 10, 15, 5][18, 0, 13, 6, 21][24, 20, 7, 27][19, 12, 8, 26][3, 11][17, 22][16, 27][27, 29][0, 22][12, 22] 
[11, 25, 22, 17, 0, 18, 12, 19, 8, 26][14, 23, 1, 3, 24, 4, 7, 28, 25][16, 10, 21, 5, 15, 29, 2, 7, 20][13, 6, 15, 10, 27][9, 14][22, 25][8, 19][3, 24][22, 25][17, 22][22, 25][22, 25] 
[11, 25, 22, 17, 0, 18, 12, 19, 8, 26][14, 23, 1, 3, 24, 4, 7, 28, 25][16, 10, 21, 5, 15, 29, 2, 7, 20][13, 6, 15, 10, 27][9, 14][22, 25][8, 19][3, 24][22, 25][17, 22][22, 25][22, 25] 
[11, 25, 22, 17, 0, 18, 12, 19, 8, 26][14, 23, 1, 3, 24, 4, 7, 28, 25][16, 10, 21, 5, 15, 29, 2, 7, 20][13, 6, 15, 10, 27][9, 14][22, 25][8, 19][3, 24][22, 25][17, 22][22, 25][22, 25] 
[20, 4, 7, 2, 29, 15, 5, 21, 10, 16, 28][11, 25, 22, 17, 0, 18, 12, 19, 8, 26][4, 24, 3, 1, 23, 14][13, 6, 15, 10, 27][9, 14][13, 18][22, 25][3, 24][17, 22][22, 25][8, 19][2, 29] 
[20, 4, 7, 2, 29, 15, 5, 21, 10, 16, 28][11, 25, 22, 17, 0, 18, 12, 19, 8, 26][4, 24, 3, 1, 23, 14][13, 6, 15, 10, 27][9, 14][13, 18][22, 25][3, 24][17, 22][22, 25][8, 19][2, 29] 
[20, 4, 7, 2, 29, 15, 5, 21, 10, 16, 28][11, 25, 22, 17, 0, 18, 12, 19, 8, 26][4, 24, 3, 1, 23, 14][13, 6, 15, 10, 27][9, 14][13, 18][22, 25][3, 24][17, 22][22, 25][8, 19][2, 29] 
[11, 25, 22, 17, 0, 18, 12, 19, 8, 26][14, 23, 1, 3, 24, 4, 7, 28, 25][16, 10, 21, 5, 15, 29, 2, 7, 20][13, 6, 15, 10, 27][9, 14][22, 25][8, 19][3, 24][22, 25][17, 22][22, 25][22, 25] 
[11, 25, 22, 17, 0, 18, 12, 19, 8, 26][14, 23, 1, 3, 24, 4, 7, 28, 25][16, 10, 21, 5, 15, 29, 2, 7, 20][13, 6, 15, 10, 27][9, 14][22, 25][8, 19][3, 24][22, 25][17, 22][22, 25][22, 25] 
[20, 4, 7, 2, 29, 15, 5, 21, 10, 16, 28][11, 25, 22, 17, 0, 18, 12, 19, 8, 26][4, 24, 3, 1, 23, 14][13, 6, 15, 10, 27][9, 14][13, 18][22, 25][3, 24][17, 22][22, 25][8, 19][2, 29] 
[11, 25, 22, 17, 0, 18, 12, 19, 8, 26][14, 23, 1, 3, 24, 4, 7, 28, 25][16, 10, 21, 5, 15, 29, 2, 7, 20][13, 6, 15, 10, 27][9, 14][22, 25][8, 19][3, 24][22, 25][17, 22][22, 25][22, 25] 
[11, 25, 22, 17, 0, 18, 12, 19, 8, 26][14, 23, 1, 3, 24, 4, 7, 28, 25][16, 10, 21, 5, 15, 29, 2, 7, 20][13, 6, 15, 10, 27][9, 14][22, 25][8, 19][3, 24][22, 25][17, 22][22, 25][22, 25] 
[11, 25, 22, 17, 0, 18, 12, 19, 8, 26][14, 23, 1, 3, 24, 4, 7, 28, 25][16, 10, 21, 5, 15, 29, 2, 7, 20][13, 6, 15, 10, 27][9, 14][22, 25][8, 19][3, 24][22, 25][17, 22][22, 25][22, 25] 
[20, 4, 7, 2, 29, 15, 5, 21, 10, 16, 28][11, 25, 22, 17, 0, 18, 12, 19, 8, 26][4, 24, 3, 1, 23, 14][13, 6, 15, 10, 27][9, 14][13, 18][22, 25][3, 24][17, 22][22, 25][8, 19][2, 29] 
[11, 25, 22, 17, 0, 18, 12, 19, 8, 26][14, 23, 1, 3, 24, 4, 7, 28, 25][16, 10, 21, 5, 15, 29, 2, 7, 20][13, 6, 15, 10, 27][9, 14][22, 25][8, 19][3, 24][22, 25][17, 22][22, 25][22, 25] 
[11, 25, 22, 17, 0, 18, 12, 19, 8, 26][14, 23, 1, 3, 24, 4, 7, 28, 25][16, 10, 21, 5, 15, 29, 2, 7, 20][13, 6, 15, 10, 27][9, 14][22, 25][8, 19][3, 24][22, 25][17, 22][22, 25][22, 25] 
[11, 25, 22, 17, 0, 18, 12, 19, 8, 26][14, 23, 1, 3, 24, 4, 7, 28, 25][16, 10, 21, 5, 15, 29, 2, 7, 20][13, 6, 15, 10, 27][9, 14][3, 24][22, 25][3, 24][17, 22][17, 22][8, 19][2, 29] 
[11, 25, 22, 17, 0, 18, 12, 19, 8, 26][14, 23, 1, 3, 24, 4, 7, 28, 25][16, 10, 21, 5, 15, 29, 2, 7, 20][13, 6, 15, 10, 27][9, 14][3, 24][22, 25][3, 24][17, 22][17, 22][8, 19][2, 29] 
[11, 25, 22, 17, 0, 18, 12, 19, 8, 26][14, 23, 1, 3, 24, 4, 7, 28, 25][16, 10, 21, 5, 15, 29, 2, 7, 20][13, 6, 15][17, 22][10, 27][9, 14][3, 24][22, 25][22, 25][8, 19][17, 22] 
[11, 25, 22, 17, 0, 18, 12, 19, 8, 26][14, 23, 1, 3, 24, 4, 7, 28, 25][16, 10, 21, 5, 15, 29, 2, 7, 20][13, 6, 15, 10, 27][9, 14][3, 24][22, 25][3, 24][17, 22][17, 22][8, 19][2, 29] 
[11, 25, 22, 17, 0, 18, 12, 19, 8, 26][14, 23, 1, 3, 24, 4, 7, 28, 25][16, 10, 21, 5, 15, 29, 2, 7, 20][13, 6, 15, 10, 27][9, 14][3, 24][22, 25][3, 24][17, 22][17, 22][8, 19][2, 29] 
[11, 25, 22, 17, 0, 18, 12, 19, 8, 26][14, 23, 1, 3, 24, 4, 7, 28, 25][16, 10, 21, 5, 15, 29, 2, 7, 20][13, 6, 15, 10, 27][9, 14][3, 24][22, 25][3, 24][17, 22][17, 22][8, 19][2, 29] 
[1, 3, 9, 23, 4, 14][2, 29, 10, 15, 5][16, 28, 25, 11, 17][18, 0, 13, 6, 21][24, 20, 7, 27][19, 12, 8, 26][27, 29][17, 22][4, 24][0, 22][12, 22][16, 27] 
[1, 3, 9, 23, 4, 14][2, 29, 10, 15, 5][16, 28, 25, 11, 17][18, 0, 13, 6, 21][24, 20, 7, 27][19, 12, 8, 26][27, 29][17, 22][4, 24][0, 22][12, 22][16, 27] 
[1, 3, 9, 23, 4, 14][16, 28, 25, 11, 17][2, 29, 10, 15, 5][18, 0, 13, 6, 21][24, 20, 7, 27][19, 12, 8, 26][16, 27][17, 22][12, 22][27, 29][0, 22][4, 24] 
[1, 3, 9, 23, 4, 14][2, 29, 10, 15, 5][16, 28, 25, 11, 17][18, 0, 13, 6, 21][24, 20, 7, 27][19, 12, 8, 26][4, 24][27, 29][16, 27][17, 22][12, 22][0, 22] 
[1, 3, 9, 23, 4, 14][2, 29, 10, 15, 5][16, 28, 25, 11, 17][18, 0, 13, 6, 21][24, 20, 7, 27][19, 12, 8, 26][27, 29][17, 22][4, 24][0, 22][12, 22][16, 27] 
[1, 3, 9, 23, 4, 14][2, 29, 10, 15, 5][16, 28, 25, 11, 17][18, 0, 13, 6, 21][24, 20, 7, 27][19, 12, 8, 26][27, 29][16, 27][4, 24][17, 22][12, 22][0, 22] 
[1, 3, 9, 23, 4, 14][2, 29, 10, 15, 5][16, 28, 25, 11, 17][18, 0, 13, 6, 21][24, 20, 7, 27][19, 12, 8, 26][4, 24][27, 29][16, 27][17, 22][12, 22][0, 22] 
[1, 3, 9, 23, 4, 14][2, 29, 10, 15, 5][16, 28, 25, 11, 17][18, 0, 13, 6, 21][24, 20, 7, 27][19, 12, 8, 26][27, 29][17, 22][4, 24][0, 22][12, 22][16, 27] 
[1, 3, 9, 23, 4, 14][16, 28, 25, 11, 17][2, 29, 10, 15, 5][18, 0, 13, 6, 21][24, 20, 7, 27][19, 12, 8, 26][16, 27][17, 22][12, 22][27, 29][0, 22][4, 24] 
[1, 3, 9, 23, 4, 14][2, 29, 10, 15, 5][16, 28, 25, 11, 17][18, 0, 13, 6, 21][24, 20, 7, 27][19, 12, 8, 26][27, 29][16, 27][4, 24][17, 22][0, 22][12, 22] 
[1, 3, 9, 23, 4, 14][2, 29, 10, 15, 5][16, 28, 25, 11, 17][18, 0, 13, 6, 21][24, 20, 7, 27][19, 12, 8, 26][27, 29][17, 22][4, 24][0, 22][12, 22][16, 27] 
[1, 3, 9, 23, 4, 14][18, 0, 13, 6, 21][16, 28, 25, 11, 17][2, 29, 10, 15, 5][19, 12, 8, 26][24, 20, 7, 27][0, 22][12, 22][17, 22][27, 29][4, 24][16, 27] 
[1, 3, 9, 23, 4, 14][18, 0, 13, 6, 21][16, 28, 25, 11, 17][2, 29, 10, 15, 5][19, 12, 8, 26][24, 20, 7, 27][0, 22][17, 22][12, 22][16, 27][4, 24][27, 29] 
[1, 3, 9, 23, 4, 14][2, 29, 10, 15, 5][16, 28, 25, 11, 17][18, 0, 13, 6, 21][24, 20, 7, 27][19, 12, 8, 26][27, 29][17, 22][4, 24][0, 22][12, 22][16, 27] 
[1, 3, 9, 23, 4, 14][2, 29, 10, 15, 5][16, 28, 25, 11, 17][18, 0, 13, 6, 21][24, 20, 7, 27][19, 12, 8, 26][27, 29][17, 22][4, 24][0, 22][12, 22][16, 27] 
[1, 3, 9, 23, 4, 14][16, 28, 25, 11, 17][2, 29, 10, 15, 5][18, 0, 13, 6, 21][24, 20, 7, 27][19, 12, 8, 26][16, 27][3, 11][17, 22][12, 22][27, 29][0, 22] 
[1, 3, 9, 23, 4, 14][18, 0, 13, 6, 21][16, 28, 25, 11, 17][2, 29, 10, 15, 5][19, 12, 8, 26][24, 20, 7, 27][0, 22][12, 22][17, 22][3, 11][16, 27][27, 29] 
[1, 3, 9, 23, 4, 14][16, 28, 25, 11, 17][2, 29, 10, 15, 5][18, 0, 13, 6, 21][24, 20, 7, 27][19, 12, 8, 26][16, 27][27, 29][3, 11][17, 22][0, 22][12, 22] 
[1, 3, 9, 23, 4, 14][18, 0, 13, 6, 21][16, 28, 25, 11, 17][2, 29, 10, 15, 5][19, 12, 8, 26][24, 20, 7, 27][0, 22][12, 22][17, 22][3, 11][16, 27][27, 29] 
[1, 3, 9, 23, 4, 14][18, 0, 13, 6, 21][16, 28, 25, 11, 17][2, 29, 10, 15, 5][19, 12, 8, 26][24, 20, 7, 27][0, 22][12, 22][17, 22][3, 11][16, 27][27, 29] 
[1, 3, 9, 23, 4, 14][18, 0, 13, 6, 21][16, 28, 25, 11, 17][2, 29, 10, 15, 5][19, 12, 8, 26][24, 20, 7, 27][0, 22][12, 22][17, 22][3, 11][16, 27][27, 29] 
[1, 3, 9, 23, 4, 14][18, 0, 13, 6, 21][16, 28, 25, 11, 17][2, 29, 10, 15, 5][24, 20, 7, 27][19, 12, 8, 26][0, 22][17, 22][16, 27][12, 22][4, 24][27, 29] 
[1, 3, 9, 23, 4, 14][2, 29, 10, 15, 5][16, 28, 25, 11, 17][18, 0, 13, 6, 21][24, 20, 7, 27][19, 12, 8, 26][27, 29][17, 22][4, 24][0, 22][12, 22][16, 27] 
[1, 3, 9, 23, 4, 14][16, 28, 25, 11, 17][2, 29, 10, 15, 5][18, 0, 13, 6, 21][24, 20, 7, 27][19, 12, 8, 26][16, 27][17, 22][12, 22][27, 29][0, 22][4, 24] 
[1, 3, 9, 23, 4, 14][2, 29, 10, 15, 5][16, 28, 25, 11, 17][18, 0, 13, 6, 21][24, 20, 7, 27][19, 12, 8, 26][27, 29][17, 22][4, 24][0, 22][12, 22][16, 27] 
[1, 3, 9, 23, 4, 14][2, 29, 10, 15, 5][16, 28, 25, 11, 17][18, 0, 13, 6, 21][24, 20, 7, 27][19, 12, 8, 26][27, 29][17, 22][4, 24][0, 22][12, 22][16, 27] 
[1, 3, 9, 23, 4, 14][18, 0, 13, 6, 21][16, 28, 25, 11, 17][2, 29, 10, 15, 5][19, 12, 8, 26][24, 20, 7, 27][0, 22][12, 22][17, 22][3, 11][16, 27][27, 29] 
[1, 3, 9, 23, 4, 14][16, 28, 25, 11, 17][18, 0, 13, 6, 21][2, 29, 10, 15, 5][24, 20, 7, 27][19, 12, 8, 26][4, 24][16, 27][17, 22][0, 22][12, 22][27, 29] 
[1, 3, 9, 23, 4, 14][16, 28, 25, 11, 17][2, 29, 10, 15, 5][18, 0, 13, 6, 21][24, 20, 7, 27][19, 12, 8, 26][16, 27][17, 22][27, 29][0, 22][3, 11][12, 22] 
[1, 3, 9, 23, 4, 14][16, 28, 25, 11, 17][18, 0, 13, 6, 21][2, 29, 10, 15, 5][19, 12, 8, 26][24, 20, 7, 27][17, 22][3, 11][12, 22][0, 22][16, 27][27, 29] 
[1, 3, 9, 23, 4, 14][16, 28, 25, 11, 17][18, 0, 13, 6, 21][2, 29, 10, 15, 5][19, 12, 8, 26][24, 20, 7, 27][17, 22][3, 11][12, 22][0, 22][16, 27][27, 29] 
[1, 3, 9, 23, 4, 14][16, 28, 25, 11, 17][2, 29, 10, 15, 5][18, 0, 13, 6, 21][24, 20, 7, 27][19, 12, 8, 26][16, 27][27, 29][17, 22][3, 11][0, 22][12, 22] 
[1, 3, 9, 23, 4, 14][18, 0, 13, 6, 21][16, 28, 25, 11, 17][2, 29, 10, 15, 5][19, 12, 8, 26][24, 20, 7, 27][0, 22][12, 22][17, 22][3, 11][16, 27][27, 29] 
[1, 3, 9, 23, 4, 14][16, 28, 25, 11, 17][2, 29, 10, 15, 5][18, 0, 13, 6, 21][24, 20, 7, 27][19, 12, 8, 26][16, 27][3, 11][17, 22][12, 22][27, 29][0, 22] 
[1, 3, 9, 23, 4, 14][16, 28, 25, 11, 17][2, 29, 10, 15, 5][18, 0, 13, 6, 21][24, 20, 7, 27][19, 12, 8, 26][16, 27][27, 29][17, 22][3, 11][0, 22][12, 22] 
[1, 3, 9, 23, 4, 14][16, 28, 25, 11, 17][18, 0, 13, 6, 21][2, 29, 10, 15, 5][24, 20, 7, 27][19, 12, 8, 26][3, 11][16, 27][17, 22][0, 22][27, 29][12, 22] 
[1, 3, 9, 23, 4, 14][18, 0, 13, 6, 21][16, 28, 25, 11, 17][2, 29, 10, 15, 5][19, 12, 8, 26][24, 20, 7, 27][0, 22][12, 22][17, 22][3, 11][16, 27][27, 29] 
[1, 3, 9, 23, 4, 14][16, 28, 25, 11, 17][18, 0, 13, 6, 21][2, 29, 10, 15, 5][24, 20, 7, 27][19, 12, 8, 26][3, 11][16, 27][17, 22][0, 22][27, 29][12, 22] 
[1, 3, 9, 23, 4, 14][16, 28, 25, 11, 17][2, 29, 10, 15, 5][18, 0, 13, 6, 21][24, 20, 7, 27][19, 12, 8, 26][16, 27][3, 11][17, 22][12, 22][27, 29][0, 22] 
[1, 3, 9, 23, 4, 14][16, 28, 25, 11, 17][2, 29, 10, 15, 5][18, 0, 13, 6, 21][24, 20, 7, 27][19, 12, 8, 26][16, 27][17, 22][27, 29][0, 22][3, 11][12, 22] 
[1, 3, 9, 23, 4, 14][16, 28, 25, 11, 17][2, 29, 10, 15, 5][18, 0, 13, 6, 21][24, 20, 7, 27][19, 12, 8, 26][17, 22][16, 27][12, 22][27, 29][3, 11][0, 22] 
[1, 3, 9, 23, 4, 14][18, 0, 13, 6, 21][16, 28, 25, 11, 17][2, 29, 10, 15, 5][19, 12, 8, 26][24, 20, 7, 27][0, 22][12, 22][17, 22][3, 11][16, 27][27, 29] 
[1, 3, 9, 23, 4, 14][18, 0, 13, 6, 21][16, 28, 25, 11, 17][2, 29, 10, 15, 5][19, 12, 8, 26][24, 20, 7, 27][0, 22][12, 22][17, 22][3, 11][16, 27][27, 29] 
[1, 3, 9, 23, 4, 14][2, 29, 10, 15, 5][18, 0, 13, 6, 21][19, 12, 8, 26][17, 11, 25, 28][24, 20, 7, 27][17, 22, 19][16, 27, 29][3, 11][16, 28][7, 20][0, 22] 
[1, 3, 9, 23, 4, 14][2, 29, 10, 15, 5][18, 0, 13, 6, 21][19, 12, 8, 26][17, 11, 25, 28][24, 20, 7, 27][17, 22, 19][16, 27, 29][3, 11][16, 28][7, 20][0, 22] 
[1, 3, 9, 23, 4, 14][2, 29, 10, 15, 5][18, 0, 13, 6, 21][24, 20, 7, 27][17, 11, 25, 28][19, 12, 8, 26][16, 27, 29][17, 22, 19][7, 20][16, 28][0, 22][3, 11] 
[1, 3, 9, 23, 4, 14][2, 29, 10, 15, 5][18, 0, 13, 6, 21][24, 20, 7, 27][17, 11, 25, 28][19, 12, 8, 26][16, 27, 29][17, 22, 19][7, 20][16, 28][0, 22][3, 11] 
[1, 3, 9, 23, 4, 14][2, 29, 10, 15, 5][18, 0, 13, 6, 21][24, 20, 7, 27][17, 11, 25, 28][19, 12, 8, 26][16, 27, 29][17, 22, 19][7, 20][16, 28][0, 22][3, 11] 
[1, 3, 9, 23, 4, 14][16, 28, 25, 11, 17][2, 29, 10, 15, 5][18, 0, 13, 6, 21][19, 12, 8, 26][24, 20, 7, 27][17, 22, 19][3, 11][16, 27][0, 22][27, 29][7, 20] 
[1, 3, 9, 23, 4, 14][18, 0, 13, 6, 21][16, 28, 25, 11, 17][2, 29, 10, 15, 5][19, 12, 8, 26][24, 20, 7, 27][0, 22][12, 22][17, 22][3, 11][16, 27][27, 29] 
[1, 3, 9, 23, 4, 14][18, 0, 13, 6, 21][16, 28, 25, 11, 17][2, 29, 10, 15, 5][19, 12, 8, 26][24, 20, 7, 27][0, 22][12, 22][17, 22][3, 11][16, 27][27, 29] 
[1, 3, 9, 23, 4, 14][16, 28, 25, 11, 17][18, 0, 13, 6, 21][2, 29, 10, 15, 5][19, 12, 8, 26][24, 20, 7, 27][17, 22][3, 11][12, 22][0, 22][16, 27][27, 29] 
[1, 3, 9, 23, 4, 14][16, 28, 25, 11, 17][18, 0, 13, 6, 21][2, 29, 10, 15, 5][19, 12, 8, 26][24, 20, 7, 27][17, 22][3, 11][12, 22][0, 22][16, 27][27, 29] 
[1, 3, 9, 23, 4, 14][16, 28, 25, 11, 17][2, 29, 10, 15, 5][18, 0, 13, 6, 21][24, 20, 7, 27][19, 12, 8, 26][16, 27][3, 11][17, 22][12, 22][27, 29][0, 22] 
[1, 3, 9, 23, 4, 14][18, 0, 13, 6, 21][16, 28, 25, 11, 17][2, 29, 10, 15, 5][19, 12, 8, 26][24, 20, 7, 27][0, 22][12, 22][17, 22][3, 11][16, 27][27, 29] 
[1, 3, 9, 23, 4, 14][2, 29, 10, 15, 5][18, 0, 13, 6, 21][19, 12, 8, 26][17, 11, 25, 28][24, 20, 7, 27][16, 27, 29][12, 22][17, 22][16, 28][3, 11][0, 22] 
