[12, 8, 26, 0, 18, 19][16, 28, 25, 22, 17][10, 21, 5, 6, 13][2, 29, 27, 15][11, 3, 1, 23][7, 20, 4, 24][7, 14, 9][16, 27][10, 15][11, 17][18, 22][14, 23] 
[12, 8, 26, 0, 18, 19][16, 28, 25, 22, 17][10, 21, 5, 6, 13][2, 29, 27, 15][11, 3, 1, 23][7, 20, 4, 24][7, 14, 9][16, 27][10, 15][11, 17][18, 22][14, 23] 
[12, 8, 26, 0, 18, 19][16, 28, 25, 22, 17][10, 21, 5, 6, 13][11, 3, 1, 23][2, 29, 27, 15][7, 20, 4, 24][7, 14, 9][18, 22][11, 17][16, 27][10, 15][14, 23] 
[12, 8, 26, 0, 18, 19][16, 28, 25, 22, 17][10, 21, 5, 6, 13][11, 3, 1, 23][7, 20, 4, 24][2, 29, 27, 15][7, 14, 9][11, 17][14, 23][16, 27][10, 15][18, 22] 
[12, 8, 26, 0, 18, 19][16, 28, 25, 22, 17][11, 3, 1, 23][7, 20, 4, 24][2, 29, 27, 15][13, 6, 5, 21][7, 14, 9][6, 15, 10][14, 23][11, 17][18, 22][16, 27] 
[12, 8, 26, 0, 18, 19][16, 28, 25, 22, 17][2, 29, 27, 15][11, 3, 1, 23][7, 20, 4, 24][13, 6, 5, 21][6, 15, 10][7, 14, 9][18, 22][16, 27][11, 17][14, 23] 
[12, 8, 26, 0, 18, 19][16, 28, 25, 22, 17][2, 29, 27, 15][13, 6, 5, 21][11, 3, 1, 23][7, 20, 4, 24][6, 15, 10][7, 14, 9][16, 27][18, 22][11, 17][14, 23] 
[12, 8, 26, 0, 18, 19][16, 28, 25, 22, 17][11, 3, 1, 23][7, 20, 4, 24][2, 29, 27, 15][13, 6, 5, 21][7, 14, 9][6, 15, 10][14, 23][11, 17][16, 27][18, 22] 
[12, 8, 26, 0, 18, 19][16, 28, 25, 22, 17][2, 29, 27, 15][11, 3, 1, 23][7, 20, 4, 24][13, 6, 5, 21][6, 15, 10][7, 14, 9][18, 22][16, 27][11, 17][14, 23] 
[12, 8, 26, 0, 18, 19][16, 28, 25, 22, 17][2, 29, 27, 15][13, 6, 5, 21][11, 3, 1, 23][7, 20, 4, 24][6, 15, 10][7, 14, 9][18, 22][16, 27][11, 25][14, 23] 
[12, 8, 26, 0, 18, 19][16, 28, 25, 22, 17][10, 21, 5, 6, 13][2, 29, 27, 15][11, 3, 1, 23][7, 20, 4, 24][7, 14, 9][16, 27][18, 22][11, 17][10, 15][14, 23] 
[12, 8, 26, 0, 18, 19][16, 28, 25, 22, 17][10, 21, 5, 6, 13][2, 29, 27, 15][11, 3, 1, 23][7, 20, 4, 24][7, 14, 9][16, 27][10, 15][11, 17][18, 22][14, 23] 
[12, 8, 26, 0, 18, 19][16, 28, 25, 22, 17][10, 21, 5, 6, 13][7, 20, 4, 24][11, 3, 1, 23][2, 29, 27, 15][7, 14, 9][14, 23][11, 17][16, 27][10, 15][18, 22] 
[12, 8, 26, 0, 18, 19][16, 28, 25, 22, 17][2, 29, 27, 15][13, 6, 5, 21][11, 3, 1, 23][7, 20, 4, 24][6, 15, 10][7, 14, 9][16, 27][18, 22][11, 17][14, 23] 
[12, 8, 26, 0, 18, 19][16, 28, 25, 22, 17][2, 29, 27, 15][13, 6, 5, 21][11, 3, 1, 23][7, 20, 4, 24][6, 15, 10][7, 14, 9][16, 27][18, 22][11, 17][14, 23] 
[12, 8, 26, 0, 18, 19][16, 28, 25, 22, 17][2, 29, 27, 15][13, 6, 5, 21][11, 3, 1, 23][7, 20, 4, 24][6, 15, 10][7, 14, 9][16, 27][18, 22][11, 17][14, 23] 
[12, 8, 26, 0, 18, 19][16, 28, 25, 22, 17][10, 21, 5, 6, 13][2, 29, 27, 15][11, 3, 1, 23][7, 20, 4, 24][7, 14, 9][16, 27][10, 15][11, 17][18, 22][14, 23] 
[12, 8, 26, 0, 18, 19][10, 21, 5, 6, 13][16, 28, 25, 22, 17][2, 29, 27, 15][11, 3, 1, 23][7, 20, 4, 24][7, 14, 9][10, 15][16, 27][18, 22][11, 17][14, 23] 
[12, 8, 26, 0, 18, 19][16, 28, 25, 22, 17][2, 29, 27, 15][13, 6, 5, 21][11, 3, 1, 23][7, 20, 4, 24][6, 15, 10][7, 14, 9][16, 27][18, 22][11, 17][14, 23] 
[12, 8, 26, 0, 18, 19][16, 28, 25, 22, 17][10, 21, 5, 6, 13][7, 20, 4, 24][11, 3, 1, 23][2, 29, 27, 15][7, 14, 9][14, 23][11, 17][16, 27][10, 15][18, 22] 
[12, 8, 26, 0, 18, 19][16, 28, 25, 22, 17][10, 21, 5, 6, 13][7, 20, 4, 24][11, 3, 1, 23][2, 29, 27, 15][7, 14, 9][14, 23][11, 17][18, 22][16, 27][10, 15] 
[12, 8, 26, 0, 18, 19][16, 28, 25, 22, 17][10, 21, 5, 6, 13][11, 3, 1, 23][7, 20, 4, 24][2, 29, 27, 15][7, 14, 9][11, 17][14, 23][16, 27][10, 15][18, 22] 
[12, 8, 26, 0, 18, 19][16, 28, 25, 22, 17][10, 21, 5, 6, 13][11, 3, 1, 23][7, 20, 4, 24][2, 29, 27, 15][7, 14, 9][11, 17][14, 23][16, 27][10, 15][18, 22] 
[12, 8, 26, 0, 18, 19][16, 28, 25, 22, 17][11, 3, 1, 23][7, 20, 4, 24][2, 29, 27, 15][13, 6, 5, 21][7, 14, 9][6, 15, 10][14, 23][11, 17][16, 27][18, 22] 
[12, 8, 26, 0, 18, 19][16, 28, 25, 22, 17][2, 29, 27, 15][13, 6, 5, 21][11, 3, 1, 23][7, 20, 4, 24][6, 15, 10][7, 14, 9][16, 27][18, 22][11, 17][14, 23] 
[12, 8, 26, 0, 18, 19][16, 28, 25, 22, 17][2, 29, 27, 15][13, 6, 5, 21][11, 3, 1, 23][7, 20, 4, 24][6, 15, 10][7, 14, 9][16, 27][18, 22][11, 17][14, 23] 
[12, 8, 26, 0, 18, 19][16, 28, 25, 22, 17][10, 21, 5, 6, 13][11, 3, 1, 23][2, 29, 27, 15][7, 20, 4, 24][7, 14, 9][18, 22][11, 17][16, 27][10, 15][14, 23] 
[12, 8, 26, 0, 18, 19][16, 28, 25, 22, 17][10, 21, 5, 6, 13][7, 20, 4, 24][11, 3, 1, 23][2, 29, 27, 15][7, 14, 9][14, 23][11, 17][18, 22][16, 27][10, 15] 
[12, 8, 26, 0, 18, 19][16, 28, 25, 22, 17][11, 3, 1, 23][7, 20, 4, 24][2, 29, 27, 15][13, 6, 5, 21][7, 14, 9][6, 15, 10][14, 23][11, 17][16, 27][18, 22] 
[12, 8, 26, 0, 18, 19][16, 28, 25, 22, 17][10, 21, 5, 6, 13][2, 29, 27, 15][11, 3, 1, 23][7, 20, 4, 24][7, 14, 9][16, 27][10, 15][11, 17][18, 22][14, 23] 
[12, 8, 26, 0, 18, 19][16, 28, 25, 22, 17][10, 21, 5, 6, 13][7, 20, 4, 24][11, 3, 1, 23][2, 29, 27, 15][7, 14, 9][14, 23][11, 17][18, 22][16, 27][10, 15] 
[12, 8, 26, 0, 18, 19][16, 28, 25, 22, 17][10, 21, 5, 6, 13][7, 20, 4, 24][11, 3, 1, 23][2, 29, 27, 15][7, 14, 9][14, 23][11, 17][16, 27][10, 15][18, 22] 
[12, 8, 26, 0, 18, 19][16, 28, 25, 22, 17][11, 3, 1, 23][7, 20, 4, 24][2, 29, 27, 15][13, 6, 5, 21][7, 14, 9][6, 15, 10][14, 23][11, 17][16, 27][18, 22] 
[12, 8, 26, 0, 18, 19][16, 28, 25, 22, 17][10, 21, 5, 6, 13][2, 29, 27, 15][11, 3, 1, 23][7, 20, 4, 24][7, 14, 9][16, 27][10, 15][11, 17][18, 22][14, 23] 
[12, 8, 26, 0, 18, 19][16, 28, 25, 22, 17][10, 21, 5, 6, 13][11, 3, 1, 23][2, 29, 27, 15][7, 20, 4, 24][7, 14, 9][18, 22][11, 17][16, 27][10, 15][14, 23] 
[0, 26, 8, 19, 12, 17, 18, 22, 25, 11, 3, 1, 23, 14][10, 27, 7, 28, 16, 2, 29, 15, 5, 21, 6, 13][7, 20, 4, 24][7, 14, 9][11, 25][11, 25][11, 25][11, 25][11, 25][11, 25][11, 25][11, 25] 
[0, 26, 8, 19, 12, 17, 18, 22, 25, 11, 3, 1, 23, 14][10, 27, 7, 28, 16, 2, 29, 15, 5, 21, 6, 13][7, 20, 4, 24][7, 14, 9][11, 25][11, 25][11, 25][11, 25][11, 25][11, 25][11, 25][11, 25] 
[0, 26, 8, 19, 12, 17, 18, 22, 25, 11, 3, 1, 23, 14][10, 27, 7, 28, 16, 2, 29, 15, 5, 21, 6, 13][7, 20, 4, 24][7, 14, 9][11, 25][11, 25][11, 25][11, 25][11, 25][11, 25][11, 25][11, 25] 
[14, 23, 1, 3, 11, 25, 22, 18, 17, 12, 19, 8, 26][10, 27, 7, 28, 16, 2, 29, 15, 5, 21, 6, 13][7, 20, 4, 24][7, 14, 9][11, 25][0, 26][11, 25][11, 25][11, 25][3, 11][11, 25][11, 25] 
[14, 23, 1, 3, 11, 25, 22, 18, 17, 12, 19, 8, 26][10, 27, 7, 28, 16, 2, 29, 15, 5, 21, 6, 13][7, 20, 4, 24][7, 14, 9][11, 25][0, 26][11, 25][11, 25][11, 25][3, 11][11, 25][11, 25] 
[0, 26, 8, 19, 12, 17, 18, 22, 25, 11, 3, 1, 23][10, 27, 7, 28, 16, 2, 29, 15, 5, 21, 6, 13][7, 20, 4, 24][7, 14][14, 23][0, 26][17, 18][11, 25][9, 14][4, 20][11, 25][4, 20] 
[0, 26, 8, 19, 12, 17, 18, 22, 25, 11, 3, 1, 23, 14][10, 27, 7, 28, 16, 2, 29, 15, 5, 21, 6, 13][7, 20, 4, 24][7, 14, 9][11, 25][11, 25][11, 25][11, 25][11, 25][11, 25][11, 25][11, 25] 
[0, 26, 8, 19, 12, 17, 18, 22, 25, 11, 3, 1, 23, 14][10, 27, 7, 28, 16, 2, 29, 15, 5, 21, 6, 13][7, 20, 4, 24][7, 14, 9][11, 25][11, 25][11, 25][11, 25][11, 25][11, 25][11, 25][11, 25] 
[14, 23, 1, 3, 11, 25, 22, 18, 17, 12, 19, 8, 26][10, 27, 7, 28, 16, 2, 29, 15, 5, 21, 6, 13][7, 20, 4, 24][7, 14, 9][11, 25][0, 26][11, 25][11, 25][11, 25][3, 11][11, 25][11, 25] 
[0, 26, 8, 19, 12, 17, 18, 22, 25, 11, 3, 1, 23, 14][10, 27, 7, 28, 16, 2, 29, 15, 5, 21, 6, 13][7, 20, 4, 24][7, 14, 9][11, 25][11, 25][11, 25][11, 25][11, 25][11, 25][11, 25][11, 25] 
[0, 26, 8, 19, 12, 17, 18, 22, 25, 11, 3, 1, 23, 14][10, 27, 7, 28, 16, 2, 29, 15, 5, 21, 6, 13][7, 20, 4, 24][7, 14, 9][11, 25][11, 25][11, 25][11, 25][11, 25][11, 25][11, 25][11, 25] 
[0, 26, 8, 19, 12, 17, 18, 22, 25, 11, 3, 1, 23, 14][10, 27, 7, 28, 16, 2, 29, 15, 5, 21, 6, 13][7, 20, 4, 24][7, 14, 9][11, 25][11, 25][11, 25][11, 25][11, 25][11, 25][11, 25][11, 25] 
[14, 23, 1, 3, 11, 25, 22, 18, 17, 12, 19, 8, 26][10, 27, 7, 28, 16, 2, 29, 15, 5, 21, 6, 13][7, 20, 4, 24][7, 14, 9][11, 25][0, 26][11, 25][11, 25][11, 25][3, 11][11, 25][11, 25] 
[0, 26, 8, 19, 12, 17, 18, 22, 25, 11, 3, 1, 23, 14][10, 27, 7, 28, 16, 2, 29, 15, 5, 21, 6, 13][7, 20, 4, 24][7, 14, 9][11, 25][11, 25][11, 25][11, 25][11, 25][11, 25][11, 25][11, 25] 
[0, 26, 8, 19, 12, 17, 18, 22, 25, 11, 3, 1, 23, 14][10, 27, 7, 28, 16, 2, 29, 15, 5, 21, 6, 13][7, 20, 4, 24][7, 14, 9][11, 25][11, 25][11, 25][11, 25][11, 25][11, 25][11, 25][11, 25] 
[0, 26, 8, 19, 12, 17, 18, 22, 25, 11, 3, 1, 23, 14][10, 27, 7, 28, 16, 2, 29, 15, 5, 21, 6, 13][7, 20, 4, 24][7, 14, 9][11, 25][11, 25][11, 25][11, 25][11, 25][11, 25][11, 25][11, 25] 
[0, 26, 8, 19, 12, 17, 18, 22, 25, 11, 3, 1, 23, 14][10, 27, 7, 28, 16, 2, 29, 15, 5, 21, 6, 13][7, 20, 4, 24][7, 14, 9][11, 25][11, 25][11, 25][11, 25][11, 25][11, 25][11, 25][11, 25] 
[0, 26, 8, 19, 12, 17, 18, 22, 25, 11, 3, 1, 23, 14][10, 27, 7, 28, 16, 2, 29, 15, 5, 21, 6, 13][7, 20, 4, 24][7, 14, 9][3, 11][3, 11][11, 25][3, 11][11, 25][3, 11][18, 22][11, 25] 
[0, 26, 8, 19, 12, 17, 18, 22, 25, 11, 3, 1, 23, 14][10, 27, 7, 28, 16, 2, 29, 15, 5, 21, 6, 13][7, 20, 4, 24][7, 14, 9][11, 25][11, 25][11, 25][11, 25][11, 25][11, 25][11, 25][11, 25] 
[0, 26, 8, 19, 12, 17, 18, 22, 25, 11, 3, 1, 23, 14][10, 27, 7, 28, 16, 2, 29, 15, 5, 21, 6, 13][7, 20, 4, 24][7, 14, 9][11, 25][11, 25][11, 25][11, 25][11, 25][11, 25][11, 25][11, 25] 
[0, 26, 8, 19, 12, 17, 18, 22, 25, 11, 3, 1, 23, 14][10, 27, 7, 28, 16, 2, 29, 15, 5, 21, 6, 13][7, 20, 4, 24][7, 14, 9][11, 25][11, 25][11, 25][11, 25][11, 25][11, 25][11, 25][11, 25] 
[12, 8, 26, 0, 18, 19][16, 28, 25, 22, 17][10, 21, 5, 6, 13][2, 29, 27, 15][11, 3, 1, 23][7, 20, 4, 24][6, 15, 10][7, 14, 9][18, 22][16, 27][11, 25][14, 23] 
[12, 8, 26, 0, 18, 19][16, 28, 25, 22, 17][10, 21, 5, 6, 13][11, 3, 1, 23][7, 20, 4, 24][2, 29, 27, 15][7, 14, 9][6, 15, 10][11, 25][14, 23][18, 22][16, 27] 
[12, 8, 26, 0, 18, 19][16, 28, 25, 22, 17][10, 21, 5, 6, 13][2, 29, 27, 15][11, 3, 1, 23][7, 20, 4, 24][6, 15, 10][7, 14, 9][18, 22][16, 27][11, 25][14, 23] 
[12, 8, 26, 0, 18, 19][16, 28, 25, 22, 17][10, 21, 5, 6, 13][7, 20, 4, 24][11, 3, 1, 23][2, 29, 27, 15][7, 14, 9][6, 15, 10][14, 23][11, 25][18, 22][16, 27] 
[12, 8, 26, 0, 18, 19][16, 28, 25, 22, 17][10, 21, 5, 6, 13][11, 3, 1, 23][7, 20, 4, 24][2, 29, 27, 15][7, 14, 9][6, 15, 10][11, 25][14, 23][18, 22][16, 27] 
[12, 8, 26, 0, 18, 19][16, 28, 25, 22, 17][10, 21, 5, 6, 13][11, 3, 1, 23][2, 29, 27, 15][7, 20, 4, 24][6, 15, 10][7, 14, 9][11, 25][16, 27][18, 22][14, 23] 
[12, 8, 26, 0, 18, 19][10, 21, 5, 6, 13][16, 28, 25, 22, 17][2, 29, 27, 15][11, 3, 1, 23][7, 20, 4, 24][6, 15, 10][7, 14, 9][16, 27][18, 22][11, 25][14, 23] 
[12, 8, 26, 0, 18, 19][16, 28, 25, 22, 17][10, 21, 5, 6, 13][11, 3, 1, 23][7, 20, 4, 24][2, 29, 27, 15][7, 14, 9][6, 15, 10][11, 25][14, 23][18, 22][16, 27] 
[12, 8, 26, 0, 18, 19][16, 28, 25, 22, 17][10, 21, 5, 6, 13][11, 3, 1, 23][7, 20, 4, 24][2, 29, 27, 15][7, 14, 9][6, 15, 10][11, 25][14, 23][18, 22][16, 27] 
[12, 8, 26, 0, 18, 19][10, 21, 5, 6, 13][16, 28, 25, 22, 17][2, 29, 27, 15][11, 3, 1, 23][7, 20, 4, 24][6, 15, 10][7, 14, 9][16, 27][18, 22][11, 25][14, 23] 
[12, 8, 26, 0, 18, 19][16, 28, 25, 22, 17][10, 21, 5, 6, 13][2, 29, 27, 15][11, 3, 1, 23][7, 20, 4, 24][6, 15, 10][7, 14, 9][16, 27][18, 22][11, 25][14, 23] 
[12, 8, 26, 0, 18, 19][16, 28, 25, 22, 17][10, 21, 5, 6, 13][2, 29, 27, 15][11, 3, 1, 23][7, 20, 4, 24][6, 15, 10][7, 14, 9][16, 27][11, 25][18, 22][14, 23] 
[12, 8, 26, 0, 18, 19][16, 28, 25, 22, 17][10, 21, 5, 6, 13][2, 29, 27, 15][11, 3, 1, 23][7, 20, 4, 24][6, 15, 10][7, 14, 9][16, 27][18, 22][11, 25][14, 23] 
[12, 8, 26, 0, 18, 19][16, 28, 25, 22, 17][10, 21, 5, 6, 13][11, 3, 1, 23][7, 20, 4, 24][2, 29, 27, 15][7, 14, 9][6, 15, 10][11, 25][14, 23][18, 22][16, 27] 
[12, 8, 26, 0, 18, 19][16, 28, 25, 22, 17][10, 21, 5, 6, 13][11, 3, 1, 23][2, 29, 27, 15][7, 20, 4, 24][6, 15, 10][7, 14, 9][18, 22][11, 25][16, 27][14, 23] 
[12, 8, 26, 0, 18, 19][16, 28, 25, 22, 17][10, 21, 5, 6, 13][11, 3, 1, 23][7, 20, 4, 24][2, 29, 27, 15][7, 14, 9][14, 23][11, 17][16, 27][10, 15][18, 22] 
[12, 8, 26, 0, 18, 19][16, 28, 25, 22, 17][10, 21, 5, 6, 13][11, 3, 1, 23][2, 29, 27, 15][7, 20, 4, 24][7, 14, 9][11, 17][16, 27][14, 23][10, 15][18, 22] 
[12, 8, 26, 0, 18, 19][16, 28, 25, 22, 17][10, 21, 5, 6, 13][7, 20, 4, 24][11, 3, 1, 23][2, 29, 27, 15][7, 14, 9][14, 23][11, 17][16, 27][18, 22][10, 15] 
[12, 8, 26, 0, 18, 19][16, 28, 25, 22, 17][10, 21, 5, 6, 13][7, 20, 4, 24][11, 3, 1, 23][2, 29, 27, 15][7, 14, 9][14, 23][11, 17][16, 27][18, 22][10, 15] 
[12, 8, 26, 0, 18, 19][16, 28, 25, 22, 17][10, 21, 5, 6, 13][7, 20, 4, 24][11, 3, 1, 23][2, 29, 27, 15][7, 14, 9][14, 23][11, 17][16, 27][18, 22][10, 15] 
[12, 8, 26, 0, 18, 19][9, 14, 7, 4, 20, 24][10, 21, 5, 6, 13][17, 22, 25, 28][2, 29, 27, 15][11, 3, 1, 23][16, 27][18, 22][11, 17][10, 15][14, 23][16, 28] 
[12, 8, 26, 0, 18, 19][16, 28, 25, 22, 17][10, 21, 5, 6, 13][7, 20, 4, 24][11, 3, 1, 23][2, 29, 27, 15][7, 14, 9][6, 15, 10][14, 23][11, 25][18, 22][16, 27] 
[12, 8, 26, 0, 18, 19][16, 28, 25, 22, 17][10, 21, 5, 6, 13][11, 3, 1, 23][7, 20, 4, 24][2, 29, 27, 15][7, 14, 9][6, 15, 10][11, 25][14, 23][18, 22][16, 27] 
[12, 8, 26, 0, 18, 19][10, 21, 5, 6, 13][16, 28, 25, 22, 17][2, 29, 27, 15][11, 3, 1, 23][7, 20, 4, 24][6, 15, 10][7, 14, 9][16, 27][18, 22][11, 25][14, 23] 
[12, 8, 26, 0, 18, 19][16, 28, 25, 22, 17][10, 21, 5, 6, 13][11, 3, 1, 23][2, 29, 27, 15][7, 20, 4, 24][6, 15, 10][7, 14, 9][18, 22][11, 25][16, 27][14, 23] 
[12, 8, 26, 0, 18, 19][10, 21, 5, 6, 13][16, 28, 25, 22, 17][2, 29, 27, 15][11, 3, 1, 23][7, 20, 4, 24][6, 15, 10][7, 14, 9][16, 27][18, 22][11, 25][14, 23] 
[12, 8, 26, 0, 18, 19][16, 28, 25, 22, 17][10, 21, 5, 6, 13][11, 3, 1, 23][2, 29, 27, 15][7, 20, 4, 24][7, 14, 9][18, 22][11, 25][16, 27][10, 15][14, 23] 
[12, 8, 26, 0, 18, 19][16, 28, 25, 22, 17][10, 21, 5, 6, 13][11, 3, 1, 23][7, 20, 4, 24][2, 29, 27, 15][7, 14, 9][6, 15, 10][18, 22][11, 25][14, 23][16, 27] 
[12, 8, 26, 0, 18, 19][16, 28, 25, 22, 17][10, 21, 5, 6, 13][2, 29, 27, 15][11, 3, 1, 23][7, 20, 4, 24][7, 14, 9][16, 27][10, 15][11, 17][18, 22][14, 23] 
[12, 8, 26, 0, 18, 19][16, 28, 25, 22, 17][10, 21, 5, 6, 13][2, 29, 27, 15][11, 3, 1, 23][7, 20, 4, 24][7, 14, 9][16, 27][10, 15][11, 17][18, 22][14, 23] 
[12, 8, 26, 0, 18, 19][10, 21, 5, 6, 13][16, 28, 25, 22, 17][2, 29, 27, 15][11, 3, 1, 23][7, 20, 4, 24][7, 14, 9][10, 15][16, 27][18, 22][11, 17][14, 23] 
[12, 8, 26, 0, 18, 19][16, 28, 25, 22, 17][10, 21, 5, 6, 13][2, 29, 27, 15][11, 3, 1, 23][7, 20, 4, 24][7, 14, 9][16, 27][10, 15][11, 17][18, 22][14, 23] 
[12, 8, 26, 0, 18, 19][16, 28, 25, 22, 17][10, 21, 5, 6, 13][11, 3, 1, 23][2, 29, 27, 15][7, 20, 4, 24][7, 14, 9][18, 22][11, 17][16, 27][10, 15][14, 23] 
[12, 8, 26, 0, 18, 19][16, 28, 25, 22, 17][10, 21, 5, 6, 13][2, 29, 27, 15][11, 3, 1, 23][7, 20, 4, 24][7, 14, 9][18, 22][16, 27][10, 15][11, 17][14, 23] 
[12, 8, 26, 0, 18, 19][16, 28, 25, 22, 17][10, 21, 5, 6, 13][11, 3, 1, 23][2, 29, 27, 15][7, 20, 4, 24][7, 14, 9][11, 17][16, 27][14, 23][10, 15][18, 22] 
[12, 8, 26, 0, 18, 19][16, 28, 25, 22, 17][10, 21, 5, 6, 13][2, 29, 27, 15][11, 3, 1, 23][7, 20, 4, 24][7, 14, 9][16, 27][10, 15][11, 17][18, 22][14, 23] 
[12, 8, 26, 0, 18, 19][16, 28, 25, 22, 17][10, 21, 5, 6, 13][7, 20, 4, 24][11, 3, 1, 23][2, 29, 27, 15][7, 14, 9][14, 23][11, 17][18, 22][16, 27][10, 15] 
[12, 8, 26, 0, 18, 19][16, 28, 25, 22, 17][10, 21, 5, 6, 13][7, 20, 4, 24][11, 3, 1, 23][2, 29, 27, 15][7, 14, 9][14, 23][11, 17][16, 27][18, 22][10, 15] 
[12, 8, 26, 0, 18, 19][16, 28, 25, 22, 17][10, 21, 5, 6, 13][7, 20, 4, 24][11, 3, 1, 23][2, 29, 27, 15][7, 14, 9][14, 23][11, 17][18, 22][16, 27][10, 15] 
[12, 8, 26, 0, 18, 19][16, 28, 25, 22, 17][10, 21, 5, 6, 13][2, 29, 27, 15][11, 3, 1, 23][7, 20, 4, 24][7, 14, 9][16, 27][10, 15][11, 17][18, 22][14, 23] 
[12, 8, 26, 0, 18, 19][16, 28, 25, 22, 17][10, 21, 5, 6, 13][2, 29, 27, 15][11, 3, 1, 23][7, 20, 4, 24][7, 14, 9][18, 22][16, 27][10, 15][11, 17][14, 23] 
[12, 8, 26, 0, 18, 19][16, 28, 25, 22, 17][10, 21, 5, 6, 13][11, 3, 1, 23][2, 29, 27, 15][7, 20, 4, 24][7, 14, 9][18, 22][11, 17][16, 27][10, 15][14, 23] 
[12, 8, 26, 0, 18, 19][16, 28, 25, 22, 17][10, 21, 5, 6, 13][2, 29, 27, 15][11, 3, 1, 23][7, 20, 4, 24][7, 14, 9][16, 27][11, 17][10, 15][14, 23][18, 22] 
[12, 8, 26, 0, 18, 19][9, 14, 7, 4, 20, 24][16, 28, 25, 22, 17][10, 21, 5, 6, 13][11, 3, 1, 23][2, 29, 27, 15][18, 22][11, 17][14, 23][7, 14][16, 27][10, 15] 
[9, 14, 7, 4, 20, 24][12, 8, 26, 0, 18, 19][16, 28, 25, 22, 17][10, 21, 5, 6, 13][11, 3, 1, 23][2, 29, 27, 15][14, 23][11, 17][16, 27][18, 22][10, 15][7, 14] 
[12, 8, 26, 0, 18, 19][9, 14, 7, 4, 20, 24][16, 28, 25, 22, 17][10, 21, 5, 6, 13][2, 29, 27, 15][11, 3, 1, 23][18, 22][16, 27][10, 15][11, 17][14, 23][7, 14] 
[9, 14, 7, 4, 20, 24][12, 8, 26, 0, 18, 19][16, 28, 25, 22, 17][10, 21, 5, 6, 13][11, 3, 1, 23][2, 29, 27, 15][14, 23][11, 17][16, 27][18, 22][10, 15][7, 14] 
[9, 14, 7, 4, 20, 24][12, 8, 26, 0, 18, 19][16, 28, 25, 22, 17][10, 21, 5, 6, 13][11, 3, 1, 23][2, 29, 27, 15][7, 14][14, 23][11, 17][18, 22][16, 27][10, 15] 
[9, 14, 7, 4, 20, 24][12, 8, 26, 0, 18, 19][16, 28, 25, 22, 17][10, 21, 5, 6, 13][11, 3, 1, 23][2, 29, 27, 15][14, 23][11, 17][16, 27][18, 22][10, 15][7, 14] 
[12, 8, 26, 0, 18, 19][16, 28, 25, 22, 17][10, 21, 5, 6, 13][11, 3, 1, 23][7, 20, 4, 24][2, 29, 27, 15][7, 14, 9][6, 15, 10][14, 23][11, 17][18, 22][16, 27] 
[12, 8, 26, 0, 18, 19][16, 28, 25, 22, 17][10, 21, 5, 6, 13][11, 3, 1, 23][7, 20, 4, 24][2, 29, 27, 15][7, 14, 9][6, 15, 10][11, 17][18, 22][14, 23][16, 27] 
[12, 8, 26, 0, 18, 19][16, 28, 25, 22, 17][10, 21, 5, 6, 13][11, 3, 1, 23][7, 20, 4, 24][2, 29, 27, 15][7, 14, 9][6, 15, 10][11, 17][18, 22][14, 23][16, 27] 
[12, 8, 26, 0, 18, 19][16, 28, 25, 22, 17][10, 21, 5, 6, 13][11, 3, 1, 23][7, 20, 4, 24][2, 29, 27, 15][7, 14, 9][6, 15, 10][14, 23][11, 17][16, 27][18, 22] 
[12, 8, 26, 0, 18, 19][16, 28, 25, 22, 17][10, 21, 5, 6, 13][7, 20, 4, 24][11, 3, 1, 23][2, 29, 27, 15][7, 14, 9][6, 15, 10][14, 23][11, 17][18, 22][16, 27] 
[12, 8, 26, 0, 18, 19][16, 28, 25, 22, 17][10, 21, 5, 6, 13][2, 29, 27, 15][11, 3, 1, 23][7, 20, 4, 24][7, 14, 9][16, 27][10, 15][11, 17][18, 22][14, 23] 
[12, 8, 26, 0, 18, 19][10, 21, 5, 6, 13][16, 28, 25, 22, 17][2, 29, 27, 15][11, 3, 1, 23][7, 20, 4, 24][6, 15, 10][7, 14, 9][16, 27][18, 22][11, 25][14, 23] 
