[5, 21, 6, 16, 28][17, 19, 12, 8, 26][11, 25, 7, 20][4, 24, 14, 20][13, 18, 0, 22][1, 3, 9, 23][2, 15, 29, 27][7, 16, 10][6, 13][9, 14][19, 22][15, 21] 
[5, 21, 6, 16, 28][17, 19, 12, 8, 26][11, 25, 7, 20][4, 24, 14, 20][13, 18, 0, 22][1, 3, 9, 23][2, 15, 29, 27][7, 16, 10][6, 13][9, 14][19, 22][15, 21] 
[5, 21, 6, 16, 28][12, 19, 22, 17][13, 18, 0, 22][4, 24, 14, 20][1, 3, 9, 23][2, 15, 29, 27][12, 8, 26][7, 16, 10][20, 7, 25][9, 14, 11][6, 13][15, 21] 
[5, 21, 6, 16, 28][4, 24, 14, 20][1, 3, 9, 23][2, 15, 29, 27][13, 18, 0, 22][12, 19, 22, 17][7, 16, 10][20, 7, 25][12, 8, 26][9, 14, 11][15, 21][6, 13] 
[11, 17, 19, 12, 8, 26][5, 21, 6, 16, 28][1, 3, 9, 23][4, 24, 14, 20][13, 18, 0, 22][2, 15, 29, 27][20, 7, 25][7, 16, 10][9, 14][6, 13][10, 27][19, 22] 
[11, 17, 19, 12, 8, 26][5, 21, 6, 16, 28][1, 3, 9, 23][4, 24, 14, 20][13, 18, 0, 22][2, 15, 29, 27][20, 7, 25][7, 16, 10][9, 14][6, 13][10, 27][19, 22] 
[5, 21, 6, 16, 28][17, 19, 12, 8, 26][1, 3, 9, 23][4, 24, 14, 20][13, 18, 0, 22][2, 15, 29, 27][9, 14, 11][20, 7, 25][7, 16, 10][6, 13][19, 22][10, 27] 
[5, 21, 6, 16, 28][17, 19, 12, 8, 26][13, 18, 0, 22][4, 24, 14, 20][1, 3, 9, 23][2, 15, 29, 27][7, 16, 10][20, 7, 25][9, 14, 11][6, 13][19, 22][10, 27] 
[5, 21, 6, 16, 28][17, 19, 12, 8, 26][4, 24, 14, 20][1, 3, 9, 23][2, 15, 29, 27][13, 18, 0, 22][7, 16, 10][20, 7, 25][9, 14, 11][10, 27][6, 13][19, 22] 
[5, 21, 6, 16, 28][17, 19, 12, 8, 26][4, 24, 14, 20][1, 3, 9, 23][2, 15, 29, 27][13, 18, 0, 22][7, 16, 10][20, 7, 25][9, 14, 11][10, 27][6, 13][19, 22] 
[5, 21, 6, 16, 28][17, 19, 12, 8, 26][11, 25, 7, 20][4, 24, 14, 20][13, 18, 0, 22][1, 3, 9, 23][2, 15, 29, 27][7, 16, 10][6, 13][9, 14][19, 22][15, 21] 
[5, 21, 6, 16, 28][17, 19, 12, 8, 26][2, 15, 29, 27][11, 25, 7, 20][4, 24, 14, 20][1, 3, 9, 23][13, 18, 0, 22][7, 16, 10][15, 21][9, 14][6, 13][19, 22] 
[5, 21, 6, 16, 28][1, 3, 9, 23][4, 24, 14, 20][2, 15, 29, 27][13, 18, 0, 22][12, 19, 22, 17][9, 14, 11][20, 7, 25][7, 16, 10][12, 8, 26][10, 27][6, 13] 
[11, 17, 19, 12, 8, 26][5, 21, 6, 16, 28][1, 3, 9, 23][4, 24, 14, 20][13, 18, 0, 22][2, 15, 29, 27][20, 7, 25][7, 16, 10][9, 14][6, 13][10, 27][19, 22] 
[11, 17, 19, 12, 8, 26][5, 21, 6, 16, 28][1, 3, 9, 23][4, 24, 14, 20][13, 18, 0, 22][2, 15, 29, 27][20, 7, 25][7, 16, 10][9, 14][6, 13][10, 27][19, 22] 
[5, 21, 6, 16, 28][17, 19, 12, 8, 26][13, 18, 0, 22][4, 24, 14, 20][1, 3, 9, 23][2, 15, 29, 27][7, 16, 10][20, 7, 25][9, 14, 11][6, 13][19, 22][10, 27] 
[17, 19, 12, 8, 26][5, 21, 6, 16, 28][13, 18, 0, 22][11, 25, 7, 20][4, 24, 14, 20][2, 15, 29, 27][1, 3, 9, 23][7, 16, 10][19, 22][6, 13][15, 21][9, 14] 
[17, 19, 12, 8, 26][5, 21, 6, 16, 28][13, 18, 0, 22][11, 25, 7, 20][4, 24, 14, 20][2, 15, 29, 27][1, 3, 9, 23][7, 16, 10][19, 22][6, 13][15, 21][9, 14] 
[11, 17, 19, 12, 8, 26][5, 21, 6, 16, 28][1, 3, 9, 23][4, 24, 14, 20][13, 18, 0, 22][2, 15, 29, 27][20, 7, 25][7, 16, 10][9, 14][6, 13][10, 27][19, 22] 
[5, 21, 6, 16, 28][17, 19, 12, 8, 26][2, 15, 29, 27][11, 25, 7, 20][4, 24, 14, 20][1, 3, 9, 23][13, 18, 0, 22][7, 16, 10][15, 21][9, 14][6, 13][19, 22] 
[5, 21, 6, 16, 28][17, 19, 12, 8, 26][1, 3, 9, 23][4, 24, 14, 20][11, 25, 7, 20][13, 18, 0, 22][2, 15, 29, 27][7, 16, 10][9, 14][6, 13][19, 22][15, 21] 
[5, 21, 6, 16, 28][17, 19, 12, 8, 26][2, 15, 29, 27][11, 25, 7, 20][4, 24, 14, 20][13, 18, 0, 22][1, 3, 9, 23][7, 16, 10][15, 21][6, 13][9, 14][19, 22] 
[5, 21, 6, 16, 28][12, 19, 22, 17][13, 18, 0, 22][4, 24, 14, 20][1, 3, 9, 23][2, 15, 29, 27][12, 8, 26][7, 16, 10][20, 7, 25][9, 14, 11][6, 13][15, 21] 
[11, 17, 19, 12, 8, 26][5, 21, 6, 16, 28][1, 3, 9, 23][4, 24, 14, 20][13, 18, 0, 22][2, 15, 29, 27][20, 7, 25][7, 16, 10][9, 14][6, 13][10, 27][19, 22] 
[11, 17, 19, 12, 8, 26][5, 21, 6, 16, 28][1, 3, 9, 23][4, 24, 14, 20][13, 18, 0, 22][2, 15, 29, 27][20, 7, 25][7, 16, 10][9, 14][6, 13][10, 27][19, 22] 
[5, 21, 6, 16, 28][17, 19, 12, 8, 26][4, 24, 14, 20][1, 3, 9, 23][2, 15, 29, 27][13, 18, 0, 22][7, 16, 10][20, 7, 25][9, 14, 11][10, 27][6, 13][19, 22] 
[5, 21, 6, 16, 28][17, 19, 12, 8, 26][4, 24, 14, 20][1, 3, 9, 23][11, 25, 7, 20][13, 18, 0, 22][2, 15, 29, 27][7, 16, 10][9, 14][6, 13][19, 22][15, 21] 
[5, 21, 6, 16, 28][17, 19, 12, 8, 26][4, 24, 14, 20][1, 3, 9, 23][11, 25, 7, 20][13, 18, 0, 22][2, 15, 29, 27][7, 16, 10][9, 14][6, 13][19, 22][15, 21] 
[11, 17, 19, 12, 8, 26][5, 21, 6, 16, 28][1, 3, 9, 23][4, 24, 14, 20][13, 18, 0, 22][2, 15, 29, 27][20, 7, 25][7, 16, 10][9, 14][6, 13][10, 27][19, 22] 
[5, 21, 6, 16, 28][17, 19, 12, 8, 26][2, 15, 29, 27][11, 25, 7, 20][4, 24, 14, 20][1, 3, 9, 23][13, 18, 0, 22][7, 16, 10][15, 21][9, 14][6, 13][19, 22] 
[5, 21, 6, 16, 28][17, 19, 12, 8, 26][1, 3, 9, 23][4, 24, 14, 20][11, 25, 7, 20][13, 18, 0, 22][2, 15, 29, 27][7, 16, 10][9, 14][6, 13][19, 22][15, 21] 
[5, 21, 6, 16, 28][17, 19, 12, 8, 26][4, 24, 14, 20][11, 25, 7, 20][2, 15, 29, 27][1, 3, 9, 23][13, 18, 0, 22][7, 16, 10][15, 21][9, 14][6, 13][19, 22] 
[11, 17, 19, 12, 8, 26][5, 21, 6, 16, 28][1, 3, 9, 23][4, 24, 14, 20][13, 18, 0, 22][2, 15, 29, 27][20, 7, 25][7, 16, 10][9, 14][6, 13][10, 27][19, 22] 
[17, 19, 12, 8, 26][5, 21, 6, 16, 28][13, 18, 0, 22][11, 25, 7, 20][4, 24, 14, 20][2, 15, 29, 27][1, 3, 9, 23][7, 16, 10][19, 22][6, 13][15, 21][9, 14] 
[17, 19, 12, 8, 26][5, 21, 6, 16, 28][13, 18, 0, 22][11, 25, 7, 20][4, 24, 14, 20][2, 15, 29, 27][1, 3, 9, 23][7, 16, 10][19, 22][6, 13][15, 21][9, 14] 
[12, 8, 26, 0, 28, 16, 2, 10, 6, 13, 18, 22, 19, 17][7, 28, 25, 11, 3, 9, 14, 23, 1, 24, 4, 20][10, 27, 29, 15, 21][8, 26][5, 21][6, 13][13, 18][19, 22][1, 3][6, 13][9, 14][6, 13] 
[12, 8, 26, 0, 28, 16, 2, 10, 6, 13, 18, 22, 19, 17][7, 28, 25, 11, 3, 9, 14, 23, 1, 24, 4, 20][10, 27, 29, 15, 21][8, 26][5, 21][6, 13][13, 18][19, 22][1, 3][6, 13][9, 14][6, 13] 
[12, 8, 26, 0, 28, 16, 2, 10, 6, 13, 18, 22, 19, 17][7, 28, 25, 11, 3, 9, 14, 23, 1, 24, 4, 20][10, 27, 29, 15, 21][8, 26][5, 21][6, 13][13, 18][19, 22][1, 3][6, 13][9, 14][6, 13] 
[7, 28, 25, 11, 3, 9, 14, 23, 1, 24, 4, 20][0, 28, 16, 2, 10, 6, 13, 18, 22][11, 17, 19, 12, 8, 26][10, 27, 29, 15, 21][6, 13][5, 21][6, 13][6, 13][13, 18][6, 13][6, 13][13, 18] 
[7, 28, 25, 11, 3, 9, 14, 23, 1, 24, 4, 20][0, 28, 16, 2, 10, 6, 13, 18, 22][11, 17, 19, 12, 8, 26][10, 27, 29, 15, 21][6, 13][5, 21][6, 13][6, 13][13, 18][6, 13][6, 13][13, 18] 
[12, 8, 26, 0, 28, 16, 2, 10, 6, 13, 18, 22, 19, 17][20, 4, 24, 1, 23, 14, 9, 3, 11, 25][2, 15, 29, 27][5, 21, 6][7, 16][16, 28][11, 17][6, 13][6, 13][6, 13][19, 22][6, 13] 
[12, 8, 26, 0, 28, 16, 2, 10, 6, 13, 18, 22, 19, 17][7, 28, 25, 11, 3, 9, 14, 23, 1, 24, 4, 20][10, 27, 29, 15, 21][8, 26][5, 21][6, 13][13, 18][19, 22][1, 3][6, 13][9, 14][6, 13] 
[12, 8, 26, 0, 28, 16, 2, 10, 6, 13, 18, 22, 19, 17][7, 28, 25, 11, 3, 9, 14, 23, 1, 24, 4, 20][10, 27, 29, 15, 21][8, 26][5, 21][6, 13][13, 18][19, 22][1, 3][6, 13][9, 14][6, 13] 
[7, 28, 25, 11, 3, 9, 14, 23, 1, 24, 4, 20][0, 28, 16, 2, 10, 6, 13, 18, 22][11, 17, 19, 12, 8, 26][10, 27, 29, 15, 21][6, 13][5, 21][6, 13][6, 13][13, 18][6, 13][6, 13][13, 18] 
[12, 8, 26, 0, 28, 16, 2, 10, 6, 13, 18, 22, 19, 17][7, 28, 25, 11, 3, 9, 14, 23, 1, 24, 4, 20][10, 27, 29, 15, 21][8, 26][5, 21][6, 13][13, 18][19, 22][1, 3][6, 13][9, 14][6, 13] 
[12, 8, 26, 0, 28, 16, 2, 10, 6, 13, 18, 22, 19, 17][7, 28, 25, 11, 3, 9, 14, 23, 1, 24, 4, 20][10, 27, 29, 15, 21][8, 26][5, 21][6, 13][13, 18][19, 22][1, 3][6, 13][9, 14][6, 13] 
[12, 8, 26, 0, 28, 16, 2, 10, 6, 13, 18, 22, 19, 17][7, 28, 25, 11, 3, 9, 14, 23, 1, 24, 4, 20][10, 27, 29, 15, 21][8, 26][5, 21][6, 13][13, 18][19, 22][1, 3][6, 13][9, 14][6, 13] 
[7, 28, 25, 11, 3, 9, 14, 23, 1, 24, 4, 20][0, 28, 16, 2, 10, 6, 13, 18, 22][11, 17, 19, 12, 8, 26][10, 27, 29, 15, 21][6, 13][5, 21][6, 13][6, 13][13, 18][6, 13][6, 13][13, 18] 
[12, 8, 26, 0, 28, 16, 2, 10, 6, 13, 18, 22, 19, 17][7, 28, 25, 11, 3, 9, 14, 23, 1, 24, 4, 20][10, 27, 29, 15, 21][8, 26][5, 21][6, 13][13, 18][19, 22][1, 3][6, 13][9, 14][6, 13] 
[12, 8, 26, 0, 28, 16, 2, 10, 6, 13, 18, 22, 19, 17][7, 28, 25, 11, 3, 9, 14, 23, 1, 24, 4, 20][10, 27, 29, 15, 21][8, 26][5, 21][6, 13][13, 18][19, 22][1, 3][6, 13][9, 14][6, 13] 
[12, 8, 26, 0, 28, 16, 2, 10, 6, 13, 18, 22, 19, 17][7, 28, 25, 11, 3, 9, 14, 23, 1, 24, 4, 20][10, 27, 29, 15, 21][8, 26][5, 21][6, 13][13, 18][6, 13][6, 13][6, 13][13, 18][6, 13] 
[12, 8, 26, 0, 28, 16, 2, 10, 6, 13, 18, 22, 19, 17][7, 28, 25, 11, 3, 9, 14, 23, 1, 24, 4, 20][10, 27, 29, 15, 21][8, 26][5, 21][6, 13][13, 18][6, 13][6, 13][6, 13][13, 18][6, 13] 
[17, 19, 22, 18, 13, 6, 10, 2, 16, 28, 0, 26][7, 28, 25, 11, 3, 9, 14, 23, 1, 24, 4, 20][10, 27, 29, 15][12, 8, 26][5, 21, 6][6, 13][13, 18][6, 13][6, 13][6, 13][13, 18][6, 13] 
[12, 8, 26, 0, 28, 16, 2, 10, 6, 13, 18, 22, 19, 17][7, 28, 25, 11, 3, 9, 14, 23, 1, 24, 4, 20][10, 27, 29, 15, 21][8, 26][5, 21][6, 13][13, 18][6, 13][6, 13][6, 13][13, 18][6, 13] 
[12, 8, 26, 0, 28, 16, 2, 10, 6, 13, 18, 22, 19, 17][7, 28, 25, 11, 3, 9, 14, 23, 1, 24, 4, 20][10, 27, 29, 15, 21][8, 26][5, 21][6, 13][13, 18][6, 13][6, 13][6, 13][13, 18][6, 13] 
[12, 8, 26, 0, 28, 16, 2, 10, 6, 13, 18, 22, 19, 17][7, 28, 25, 11, 3, 9, 14, 23, 1, 24, 4, 20][10, 27, 29, 15, 21][8, 26][5, 21][6, 13][13, 18][6, 13][6, 13][6, 13][13, 18][6, 13] 
[11, 17, 19, 12, 8, 26][4, 1, 3, 9, 23][5, 21, 6, 16, 28][13, 18, 0, 22][2, 15, 29, 27][20, 14, 24][20, 7, 25][7, 16, 10][9, 14][6, 13][15, 21][19, 22] 
[11, 17, 19, 12, 8, 26][5, 21, 6, 16, 28][4, 1, 3, 9, 23][13, 18, 0, 22][2, 15, 29, 27][7, 16, 10][20, 7, 25][20, 14, 24][6, 13][19, 22][15, 21][9, 14] 
[11, 17, 19, 12, 8, 26][4, 1, 3, 9, 23][5, 21, 6, 16, 28][13, 18, 0, 22][2, 15, 29, 27][20, 14, 24][20, 7, 25][7, 16, 10][9, 14][6, 13][19, 22][15, 21] 
[11, 17, 19, 12, 8, 26][4, 1, 3, 9, 23][5, 21, 6, 16, 28][2, 15, 29, 27][13, 18, 0, 22][20, 14, 24][20, 7, 25][7, 16, 10][9, 14][15, 21][6, 13][19, 22] 
[11, 17, 19, 12, 8, 26][5, 21, 6, 16, 28][4, 1, 3, 9, 23][13, 18, 0, 22][2, 15, 29, 27][7, 16, 10][20, 7, 25][20, 14, 24][6, 13][19, 22][9, 14][15, 21] 
[11, 17, 19, 12, 8, 26][4, 1, 3, 9, 23][5, 21, 6, 16, 28][2, 15, 29, 27][13, 18, 0, 22][20, 14, 24][20, 7, 25][7, 16, 10][9, 14][15, 21][6, 13][19, 22] 
[11, 17, 19, 12, 8, 26][4, 1, 3, 9, 23][5, 21, 6, 16, 28][13, 18, 0, 22][2, 15, 29, 27][20, 14, 24][20, 7, 25][7, 16, 10][9, 14][6, 13][15, 21][19, 22] 
[11, 17, 19, 12, 8, 26][4, 1, 3, 9, 23][5, 21, 6, 16, 28][13, 18, 0, 22][2, 15, 29, 27][20, 14, 24][20, 7, 25][7, 16, 10][9, 14][6, 13][19, 22][15, 21] 
[11, 17, 19, 12, 8, 26][4, 1, 3, 9, 23][5, 21, 6, 16, 28][13, 18, 0, 22][2, 15, 29, 27][20, 14, 24][20, 7, 25][7, 16, 10][9, 14][6, 13][15, 21][19, 22] 
[11, 17, 19, 12, 8, 26][4, 1, 3, 9, 23][5, 21, 6, 16, 28][13, 18, 0, 22][2, 15, 29, 27][20, 14, 24][20, 7, 25][7, 16, 10][9, 14][6, 13][15, 21][19, 22] 
[11, 17, 19, 12, 8, 26][5, 21, 6, 16, 28][4, 1, 3, 9, 23][13, 18, 0, 22][2, 15, 29, 27][20, 7, 25][7, 16, 10][20, 14, 24][6, 13][15, 21][9, 14][19, 22] 
[11, 17, 19, 12, 8, 26][5, 21, 6, 16, 28][4, 1, 3, 9, 23][13, 18, 0, 22][2, 15, 29, 27][20, 7, 25][7, 16, 10][20, 14, 24][6, 13][15, 21][9, 14][19, 22] 
[11, 17, 19, 12, 8, 26][4, 1, 3, 9, 23][5, 21, 6, 16, 28][2, 15, 29, 27][13, 18, 0, 22][20, 14, 24][20, 7, 25][7, 16, 10][9, 14][15, 21][6, 13][19, 22] 
[11, 17, 19, 12, 8, 26][5, 21, 6, 16, 28][4, 1, 3, 9, 23][2, 15, 29, 27][13, 18, 0, 22][7, 16, 10][20, 7, 25][20, 14, 24][15, 21][9, 14][6, 13][19, 22] 
[11, 17, 19, 12, 8, 26][5, 21, 6, 16, 28][4, 1, 3, 9, 23][2, 15, 29, 27][13, 18, 0, 22][7, 16, 10][20, 7, 25][20, 14, 24][15, 21][9, 14][6, 13][19, 22] 
[5, 21, 6, 16, 28][17, 19, 12, 8, 26][1, 3, 9, 23][4, 24, 14, 20][11, 25, 7, 20][2, 15, 29, 27][13, 18, 0, 22][7, 16, 10][9, 14][15, 21][6, 13][19, 22] 
[5, 21, 6, 16, 28][17, 19, 12, 8, 26][2, 15, 29, 27][11, 25, 7, 20][4, 24, 14, 20][13, 18, 0, 22][1, 3, 9, 23][7, 16, 10][15, 21][6, 13][9, 14][19, 22] 
[5, 21, 6, 16, 28][17, 19, 12, 8, 26][13, 18, 0, 22][11, 25, 7, 20][1, 3, 9, 23][2, 15, 29, 27][4, 24, 14, 20][7, 16, 10][6, 13][9, 14][15, 21][19, 22] 
[5, 21, 6, 16, 28][17, 19, 12, 8, 26][4, 24, 14, 20][1, 3, 9, 23][11, 25, 7, 20][13, 18, 0, 22][2, 15, 29, 27][7, 16, 10][9, 14][6, 13][19, 22][15, 21] 
[5, 21, 6, 16, 28][17, 19, 12, 8, 26][4, 24, 14, 20][1, 3, 9, 23][11, 25, 7, 20][13, 18, 0, 22][2, 15, 29, 27][7, 16, 10][9, 14][6, 13][19, 22][15, 21] 
[4, 20, 7, 25, 11][5, 21, 6, 16, 28][17, 19, 12, 8, 26][1, 3, 9, 23][13, 18, 0, 22][2, 15, 29, 27][4, 24, 14][7, 16, 10][9, 14][6, 13][19, 22][15, 21] 
[11, 17, 19, 12, 8, 26][5, 21, 6, 16, 28][4, 1, 3, 9, 23][2, 15, 29, 27][13, 18, 0, 22][7, 16, 10][20, 7, 25][20, 14, 24][15, 21][9, 14][6, 13][19, 22] 
[11, 17, 19, 12, 8, 26][4, 1, 3, 9, 23][5, 21, 6, 16, 28][13, 18, 0, 22][2, 15, 29, 27][20, 14, 24][20, 7, 25][7, 16, 10][9, 14][6, 13][19, 22][15, 21] 
[11, 17, 19, 12, 8, 26][5, 21, 6, 16, 28][4, 1, 3, 9, 23][13, 18, 0, 22][2, 15, 29, 27][20, 7, 25][7, 16, 10][20, 14, 24][6, 13][15, 21][9, 14][19, 22] 
[11, 17, 19, 12, 8, 26][5, 21, 6, 16, 28][4, 1, 3, 9, 23][13, 18, 0, 22][2, 15, 29, 27][7, 16, 10][20, 7, 25][20, 14, 24][6, 13][19, 22][15, 21][9, 14] 
[11, 17, 19, 12, 8, 26][5, 21, 6, 16, 28][4, 1, 3, 9, 23][13, 18, 0, 22][2, 15, 29, 27][20, 7, 25][7, 16, 10][20, 14, 24][6, 13][15, 21][9, 14][19, 22] 
[5, 21, 6, 16, 28][17, 19, 12, 8, 26][4, 1, 3, 9, 23][11, 25, 7, 20][2, 15, 29, 27][13, 18, 0, 22][7, 16, 10][20, 14, 24][15, 21][6, 13][19, 22][9, 14] 
[11, 17, 19, 12, 8, 26][5, 21, 6, 16, 28][4, 1, 3, 9, 23][2, 15, 29, 27][13, 18, 0, 22][20, 14, 24][20, 7, 25][7, 16, 10][9, 14][15, 21][6, 13][19, 22] 
[5, 21, 6, 16, 28][17, 19, 12, 8, 26][11, 25, 7, 20][4, 24, 14, 20][13, 18, 0, 22][1, 3, 9, 23][2, 15, 29, 27][7, 16, 10][6, 13][9, 14][19, 22][15, 21] 
[5, 21, 6, 16, 28][17, 19, 12, 8, 26][11, 25, 7, 20][4, 24, 14, 20][13, 18, 0, 22][1, 3, 9, 23][2, 15, 29, 27][7, 16, 10][6, 13][9, 14][19, 22][15, 21] 
[5, 21, 6, 16, 28][17, 19, 12, 8, 26][4, 24, 14, 20][11, 25, 7, 20][2, 15, 29, 27][1, 3, 9, 23][13, 18, 0, 22][7, 16, 10][15, 21][9, 14][6, 13][19, 22] 
[5, 21, 6, 16, 28][17, 19, 12, 8, 26][11, 25, 7, 20][4, 24, 14, 20][13, 18, 0, 22][1, 3, 9, 23][2, 15, 29, 27][7, 16, 10][6, 13][9, 14][19, 22][15, 21] 
[5, 21, 6, 16, 28][17, 19, 12, 8, 26][13, 18, 0, 22][11, 25, 7, 20][1, 3, 9, 23][2, 15, 29, 27][4, 24, 14, 20][7, 16, 10][6, 13][9, 14][15, 21][19, 22] 
[5, 21, 6, 16, 28][17, 19, 12, 8, 26][11, 25, 7, 20][4, 24, 14, 20][13, 18, 0, 22][1, 3, 9, 23][2, 15, 29, 27][7, 16, 10][6, 13][9, 14][19, 22][15, 21] 
[5, 21, 6, 16, 28][17, 19, 12, 8, 26][2, 15, 29, 27][11, 25, 7, 20][4, 24, 14, 20][1, 3, 9, 23][13, 18, 0, 22][7, 16, 10][15, 21][9, 14][6, 13][19, 22] 
[5, 21, 6, 16, 28][17, 19, 12, 8, 26][4, 24, 14, 20][1, 3, 9, 23][11, 25, 7, 20][13, 18, 0, 22][2, 15, 29, 27][7, 16, 10][9, 14][6, 13][19, 22][15, 21] 
[5, 21, 6, 16, 28][17, 19, 12, 8, 26][4, 24, 14, 20][11, 25, 7, 20][13, 18, 0, 22][2, 15, 29, 27][1, 3, 9, 23][7, 16, 10][6, 13][19, 22][15, 21][9, 14] 
[5, 21, 6, 16, 28][17, 19, 12, 8, 26][4, 24, 14, 20][1, 3, 9, 23][11, 25, 7, 20][13, 18, 0, 22][2, 15, 29, 27][7, 16, 10][9, 14][6, 13][19, 22][15, 21] 
[17, 19, 12, 8, 26][5, 21, 6, 16, 28][13, 18, 0, 22][11, 25, 7, 20][4, 24, 14, 20][2, 15, 29, 27][1, 3, 9, 23][7, 16, 10][19, 22][6, 13][15, 21][9, 14] 
[5, 21, 6, 16, 28][17, 19, 12, 8, 26][2, 15, 29, 27][11, 25, 7, 20][4, 24, 14, 20][1, 3, 9, 23][13, 18, 0, 22][7, 16, 10][15, 21][9, 14][6, 13][19, 22] 
[5, 21, 6, 16, 28][17, 19, 12, 8, 26][4, 24, 14, 20][11, 25, 7, 20][13, 18, 0, 22][2, 15, 29, 27][1, 3, 9, 23][7, 16, 10][6, 13][19, 22][15, 21][9, 14] 
[5, 21, 6, 16, 28][17, 19, 12, 8, 26][2, 15, 29, 27][11, 25, 7, 20][4, 24, 14, 20][1, 3, 9, 23][13, 18, 0, 22][7, 16, 10][15, 21][9, 14][6, 13][19, 22] 
[17, 19, 12, 8, 26][5, 21, 6, 16, 28][13, 18, 0, 22][11, 25, 7, 20][4, 24, 14, 20][2, 15, 29, 27][1, 3, 9, 23][7, 16, 10][19, 22][6, 13][15, 21][9, 14] 
[17, 22, 19, 12, 8, 26][5, 21, 6, 16, 28][4, 1, 3, 9, 23][11, 25, 7, 20][13, 18, 0, 22][2, 15, 29, 27][20, 14, 24][7, 16, 10][6, 13][15, 21][9, 14][1, 3] 
[17, 22, 19, 12, 8, 26][5, 21, 6, 16, 28][4, 1, 3, 9, 23][11, 25, 7, 20][13, 18, 0, 22][2, 15, 29, 27][20, 14, 24][7, 16, 10][6, 13][15, 21][9, 14][1, 3] 
[17, 22, 19, 12, 8, 26][5, 21, 6, 16, 28][4, 1, 3, 9, 23][11, 25, 7, 20][13, 18, 0, 22][2, 15, 29, 27][20, 14, 24][7, 16, 10][6, 13][15, 21][9, 14][1, 3] 
[17, 22, 19, 12, 8, 26][5, 21, 6, 16, 28][4, 1, 3, 9, 23][2, 15, 29, 27][11, 25, 7, 20][13, 18, 0, 22][7, 16, 10][20, 14, 24][15, 21][6, 13][9, 14][1, 3] 
[17, 22, 19, 12, 8, 26][5, 21, 6, 16, 28][4, 1, 3, 9, 23][2, 15, 29, 27][11, 25, 7, 20][13, 18, 0, 22][7, 16, 10][20, 14, 24][15, 21][6, 13][9, 14][1, 3] 
[17, 22, 19, 12, 8, 26][4, 1, 3, 9, 23][5, 21, 6, 16, 28][4, 24, 14, 20][13, 18, 0, 22][2, 15, 29, 27][7, 16, 10][7, 25, 11][7, 20][6, 13][15, 21][1, 3] 
[5, 21, 6, 16, 28][4, 1, 3, 9, 23][17, 19, 12, 8, 26][11, 25, 7, 20][2, 15, 29, 27][13, 18, 0, 22][7, 16, 10][20, 14, 24][15, 21][9, 14][6, 13][19, 22] 
[17, 19, 12, 8, 26][5, 21, 6, 16, 28][4, 1, 3, 9, 23][13, 18, 0, 22][11, 25, 7, 20][2, 15, 29, 27][7, 16, 10][20, 14, 24][19, 22][6, 13][9, 14][15, 21] 
[5, 21, 6, 16, 28][4, 1, 3, 9, 23][17, 19, 12, 8, 26][11, 25, 7, 20][2, 15, 29, 27][13, 18, 0, 22][7, 16, 10][20, 14, 24][15, 21][9, 14][6, 13][19, 22] 
[17, 19, 12, 8, 26][5, 21, 6, 16, 28][4, 1, 3, 9, 23][13, 18, 0, 22][11, 25, 7, 20][2, 15, 29, 27][7, 16, 10][20, 14, 24][19, 22][6, 13][9, 14][15, 21] 
[17, 19, 12, 8, 26][5, 21, 6, 16, 28][4, 1, 3, 9, 23][13, 18, 0, 22][11, 25, 7, 20][2, 15, 29, 27][7, 16, 10][20, 14, 24][19, 22][6, 13][15, 21][9, 14] 
[5, 21, 6, 16, 28][17, 19, 12, 8, 26][1, 3, 9, 23][4, 24, 14, 20][11, 25, 7, 20][2, 15, 29, 27][13, 18, 0, 22][7, 16, 10][9, 14][15, 21][6, 13][19, 22] 
[11, 17, 19, 12, 8, 26][5, 21, 6, 16, 28][4, 1, 3, 9, 23][2, 15, 29, 27][13, 18, 0, 22][7, 16, 10][20, 7, 25][20, 14, 24][15, 21][9, 14][6, 13][19, 22] 
