[12, 8, 26, 0, 18, 17, 19][13, 6, 21, 5, 15][20, 24, 4, 7, 27][3, 11, 25, 28][16, 10, 2, 29][14, 1, 9, 23][16, 28][10, 15][22, 25][1, 3][18, 22][20, 23] 
[12, 8, 26, 0, 18, 17, 19][13, 6, 21, 5, 15][20, 24, 4, 7, 27][14, 1, 9, 23][3, 11, 25, 28][16, 10, 2, 29][1, 3][16, 28][10, 15][20, 23][22, 25][18, 22] 
[12, 8, 26, 0, 18, 17, 19][20, 24, 4, 7, 27][13, 6, 21, 5, 15][3, 11, 25, 28][14, 1, 9, 23][16, 10, 2, 29][1, 3][20, 23][16, 28][10, 15][22, 25][18, 22] 
[12, 8, 26, 0, 18, 17, 19][13, 6, 21, 5, 15][20, 24, 4, 7, 27][16, 10, 2, 29][3, 11, 25, 28][14, 1, 9, 23][10, 15][16, 28][22, 25][18, 22][1, 3][14, 20] 
[12, 8, 26, 0, 18, 17, 19][13, 6, 21, 5, 15][20, 24, 4, 7, 27][16, 10, 2, 29][3, 11, 25, 28][14, 1, 9, 23][0, 18, 22][10, 15][16, 28][1, 3][22, 25][7, 14] 
[12, 8, 26, 0, 18, 17, 19][13, 6, 21, 5, 15][20, 24, 4, 7, 27][3, 11, 25, 28][16, 10, 2, 29][14, 1, 9, 23][0, 18, 22][16, 28][1, 3][10, 15][22, 25][7, 14] 
[12, 8, 26, 0, 18, 17, 19][20, 24, 4, 7, 27][13, 6, 21, 5, 15][14, 1, 9, 23][3, 11, 25, 28][16, 10, 2, 29][0, 18, 22][14, 20][1, 3][22, 25][16, 28][10, 15] 
[12, 8, 26, 0, 18, 17, 19][20, 24, 4, 7, 27][13, 6, 21, 5, 15][3, 11, 25, 28][14, 1, 9, 23][16, 10, 2, 29][0, 18, 22][1, 3][16, 28][22, 25][7, 14][10, 15] 
[12, 8, 26, 0, 18, 17, 19][13, 6, 21, 5, 15][20, 24, 4, 7, 27][16, 10, 2, 29][3, 11, 25, 28][14, 1, 9, 23][0, 18, 22][16, 28][22, 25][10, 15][1, 3][7, 14] 
[12, 8, 26, 0, 18, 17, 19][13, 6, 21, 5, 15][20, 24, 4, 7, 27][16, 10, 2, 29][3, 11, 25, 28][14, 1, 9, 23][0, 18, 22][16, 28][22, 25][10, 15][1, 3][7, 14] 
[12, 8, 26, 0, 18, 17, 19][13, 6, 21, 5, 15][20, 24, 4, 7, 27][3, 11, 25, 28][16, 10, 2, 29][14, 1, 9, 23][16, 28][10, 15][22, 25][1, 3][18, 22][20, 23] 
[12, 8, 26, 0, 18, 17, 19][13, 6, 21, 5, 15][20, 24, 4, 7, 27][16, 10, 2, 29][3, 11, 25, 28][14, 1, 9, 23][10, 15][16, 28][1, 3][22, 25][18, 22][20, 23] 
[12, 8, 26, 0, 18, 17, 19][13, 6, 21, 5, 15][20, 24, 4, 7, 27][3, 11, 25, 28][16, 10, 2, 29][14, 1, 9, 23][16, 28][22, 25][10, 15][1, 3][18, 22][20, 23] 
[12, 8, 26, 0, 18, 17, 19][20, 24, 4, 7, 27][13, 6, 21, 5, 15][3, 11, 25, 28][14, 1, 9, 23][16, 10, 2, 29][0, 18, 22][1, 3][16, 28][22, 25][7, 14][10, 15] 
[12, 8, 26, 0, 18, 17, 19][13, 6, 21, 5, 15][20, 24, 4, 7, 27][16, 10, 2, 29][3, 11, 25, 28][14, 1, 9, 23][0, 18, 22][10, 15][16, 28][22, 25][1, 3][7, 14] 
[12, 8, 26, 0, 18, 17, 19][13, 6, 21, 5, 15][20, 24, 4, 7, 27][16, 10, 2, 29][3, 11, 25, 28][14, 1, 9, 23][0, 18, 22][10, 15][16, 28][1, 3][22, 25][7, 14] 
[12, 8, 26, 0, 18, 17, 19][20, 24, 4, 7, 27][13, 6, 21, 5, 15][3, 11, 25, 28][14, 1, 9, 23][16, 10, 2, 29][1, 3][22, 25][20, 23][18, 22][16, 28][10, 15] 
[12, 8, 26, 0, 18, 17, 19][13, 6, 21, 5, 15][20, 24, 4, 7, 27][16, 10, 2, 29][3, 11, 25, 28][14, 1, 9, 23][16, 28][10, 15][1, 3][20, 23][22, 25][18, 22] 
[12, 8, 26, 0, 18, 17, 19][13, 6, 21, 5, 15][20, 24, 4, 7, 27][16, 10, 2, 29][3, 11, 25, 28][14, 1, 9, 23][0, 18, 22][16, 28][10, 15][1, 3][7, 14][22, 25] 
[12, 8, 26, 0, 18, 17, 19][20, 24, 4, 7, 27][13, 6, 21, 5, 15][3, 11, 25, 28][14, 1, 9, 23][16, 10, 2, 29][1, 3][22, 25][20, 23][18, 22][16, 28][10, 15] 
[12, 8, 26, 0, 18, 17, 19][13, 6, 21, 5, 15][20, 24, 4, 7, 27][14, 1, 9, 23][3, 11, 25, 28][16, 10, 2, 29][1, 3][16, 28][10, 15][20, 23][22, 25][18, 22] 
[12, 8, 26, 0, 18, 17, 19][13, 6, 21, 5, 15][20, 24, 4, 7, 27][16, 10, 2, 29][3, 11, 25, 28][14, 1, 9, 23][10, 15][16, 28][1, 3][22, 25][18, 22][20, 23] 
[12, 8, 26, 0, 18, 17, 19][20, 24, 4, 7, 27][13, 6, 21, 5, 15][3, 11, 25, 28][14, 1, 9, 23][16, 10, 2, 29][1, 3][20, 23][16, 28][10, 15][22, 25][18, 22] 
[12, 8, 26, 0, 18, 17, 19][13, 6, 21, 5, 15][20, 24, 4, 7, 27][16, 10, 2, 29][3, 11, 25, 28][14, 1, 9, 23][0, 18, 22][10, 15][16, 28][22, 25][1, 3][7, 14] 
[12, 8, 26, 0, 18, 17, 19][13, 6, 21, 5, 15][20, 24, 4, 7, 27][3, 11, 25, 28][16, 10, 2, 29][14, 1, 9, 23][0, 18, 22][16, 28][1, 3][10, 15][22, 25][7, 14] 
[12, 8, 26, 0, 18, 17, 19][13, 6, 21, 5, 15][20, 24, 4, 7, 27][16, 10, 2, 29][3, 11, 25, 28][14, 1, 9, 23][0, 18, 22][10, 15][16, 28][1, 3][7, 14][22, 25] 
[12, 8, 26, 0, 18, 17, 19][13, 6, 21, 5, 15][20, 24, 4, 7, 27][14, 1, 9, 23][3, 11, 25, 28][16, 10, 2, 29][1, 3][22, 25][18, 22][16, 28][10, 15][20, 23] 
[12, 8, 26, 0, 18, 17, 19][13, 6, 21, 5, 15][20, 24, 4, 7, 27][3, 11, 25, 28][16, 10, 2, 29][14, 1, 9, 23][16, 28][1, 3][10, 15][20, 23][22, 25][18, 22] 
[12, 8, 26, 0, 18, 17, 19][13, 6, 21, 5, 15][20, 24, 4, 7, 27][16, 10, 2, 29][3, 11, 25, 28][14, 1, 9, 23][0, 18, 22][16, 28][10, 15][1, 3][7, 14][22, 25] 
[12, 8, 26, 0, 18, 17, 19][13, 6, 21, 5, 15][20, 24, 4, 7, 27][14, 1, 9, 23][3, 11, 25, 28][16, 10, 2, 29][1, 3][16, 28][22, 25][18, 22][10, 15][20, 23] 
[12, 8, 26, 0, 18, 17, 19][13, 6, 21, 5, 15][20, 24, 4, 7, 27][14, 1, 9, 23][3, 11, 25, 28][16, 10, 2, 29][1, 3][16, 28][10, 15][20, 23][22, 25][18, 22] 
[12, 8, 26, 0, 18, 17, 19][20, 24, 4, 7, 27][13, 6, 21, 5, 15][14, 1, 9, 23][3, 11, 25, 28][16, 10, 2, 29][20, 23][1, 3][22, 25][18, 22][16, 28][10, 15] 
[12, 8, 26, 0, 18, 17, 19][13, 6, 21, 5, 15][20, 24, 4, 7, 27][16, 10, 2, 29][3, 11, 25, 28][14, 1, 9, 23][0, 18, 22][10, 15][16, 28][1, 3][7, 14][22, 25] 
[12, 8, 26, 0, 18, 17, 19][13, 6, 21, 5, 15][20, 24, 4, 7, 27][14, 1, 9, 23][3, 11, 25, 28][16, 10, 2, 29][1, 3][16, 28][22, 25][18, 22][10, 15][20, 23] 
[12, 8, 26, 0, 18, 17, 19][20, 24, 4, 7, 27][13, 6, 21, 5, 15][14, 1, 9, 23][3, 11, 25, 28][16, 10, 2, 29][20, 23][1, 3][22, 25][18, 22][16, 28][10, 15] 
[18, 12, 19, 22, 25, 28, 16, 2, 15, 21, 5, 6, 10, 27, 29][7, 14, 9, 1, 24, 20, 4, 23, 3, 11, 17][8, 26, 0, 18, 17][22, 25][13, 18][15, 21][22, 25][22, 25][22, 25][15, 21][15, 21][22, 25] 
[18, 12, 19, 22, 25, 28, 16, 2, 15, 21, 5, 6, 10, 27, 29][7, 14, 9, 1, 24, 20, 4, 23, 3, 11, 17][8, 26, 0, 18, 17][22, 25][13, 18][15, 21][22, 25][22, 25][22, 25][15, 21][15, 21][22, 25] 
[18, 12, 19, 22, 25, 28, 16, 2, 15, 21, 5, 6, 10, 27, 29][7, 14, 9, 1, 24, 20, 4, 23, 3, 11, 17][8, 26, 0, 18, 17][22, 25][13, 18][15, 21][22, 25][22, 25][22, 25][15, 21][15, 21][22, 25] 
[12, 19, 22, 25, 28, 16, 2, 15, 21, 5, 6, 10, 27, 29][7, 14, 9, 1, 24, 20, 4, 23, 3, 11, 17][8, 26, 0, 18, 17][22, 25][8, 12][13, 18][15, 21][22, 25][15, 21][15, 21][15, 21][15, 21] 
[12, 19, 22, 25, 28, 16, 2, 15, 21, 5, 6, 10, 27, 29][7, 14, 9, 1, 24, 20, 4, 23, 3, 11, 17][8, 26, 0, 18, 17][22, 25][8, 12][13, 18][15, 21][22, 25][15, 21][15, 21][15, 21][15, 21] 
[12, 19, 22, 25, 28, 16, 2, 15, 21, 5, 6, 10, 27, 29][7, 14, 9, 1, 24, 20, 4, 23, 3, 11, 17][8, 26, 0, 18, 17][12, 18][13, 18][15, 21][15, 21][15, 21][15, 21][22, 25][22, 25][22, 25] 
[18, 12, 19, 22, 25, 28, 16, 2, 15, 21, 5, 6, 10, 27, 29][7, 14, 9, 1, 24, 20, 4, 23, 3, 11, 17][8, 26, 0, 18, 17][22, 25][13, 18][15, 21][22, 25][22, 25][22, 25][15, 21][15, 21][22, 25] 
[18, 12, 19, 22, 25, 28, 16, 2, 15, 21, 5, 6, 10, 27, 29][7, 14, 9, 1, 24, 20, 4, 23, 3, 11, 17][8, 26, 0, 18, 17][22, 25][13, 18][15, 21][22, 25][22, 25][22, 25][15, 21][15, 21][22, 25] 
[12, 19, 22, 25, 28, 16, 2, 15, 21, 5, 6, 10, 27, 29][7, 14, 9, 1, 24, 20, 4, 23, 3, 11, 17][8, 26, 0, 18, 17][22, 25][8, 12][13, 18][15, 21][22, 25][15, 21][15, 21][15, 21][15, 21] 
[18, 12, 19, 22, 25, 28, 16, 2, 15, 21, 5, 6, 10, 27, 29][7, 14, 9, 1, 24, 20, 4, 23, 3, 11, 17][8, 26, 0, 18, 17][22, 25][13, 18][15, 21][22, 25][22, 25][22, 25][15, 21][15, 21][22, 25] 
[18, 12, 19, 22, 25, 28, 16, 2, 15, 21, 5, 6, 10, 27, 29][7, 14, 9, 1, 24, 20, 4, 23, 3, 11, 17][8, 26, 0, 18, 17][22, 25][13, 18][15, 21][22, 25][22, 25][22, 25][15, 21][15, 21][22, 25] 
[18, 12, 19, 22, 25, 28, 16, 2, 15, 21, 5, 6, 10, 27, 29][7, 14, 9, 1, 24, 20, 4, 23, 3, 11, 17][8, 26, 0, 18, 17][22, 25][13, 18][15, 21][22, 25][22, 25][22, 25][15, 21][15, 21][22, 25] 
[12, 19, 22, 25, 28, 16, 2, 15, 21, 5, 6, 10, 27, 29][7, 14, 9, 1, 24, 20, 4, 23, 3, 11, 17][8, 26, 0, 18, 17][22, 25][8, 12][13, 18][15, 21][22, 25][15, 21][15, 21][15, 21][15, 21] 
[18, 12, 19, 22, 25, 28, 16, 2, 15, 21, 5, 6, 10, 27, 29][7, 14, 9, 1, 24, 20, 4, 23, 3, 11, 17][8, 26, 0, 18, 17][22, 25][13, 18][15, 21][22, 25][22, 25][22, 25][15, 21][15, 21][22, 25] 
[18, 12, 19, 22, 25, 28, 16, 2, 15, 21, 5, 6, 10, 27, 29][7, 14, 9, 1, 24, 20, 4, 23, 3, 11, 17][8, 26, 0, 18, 17][22, 25][13, 18][15, 21][22, 25][22, 25][22, 25][15, 21][15, 21][22, 25] 
[18, 12, 19, 22, 25, 28, 16, 2, 15, 21, 5, 6, 10, 27, 29][7, 14, 9, 1, 24, 20, 4, 23, 3, 11, 17][8, 26, 0, 18, 17][13, 18][15, 21][22, 25][22, 25][22, 25][22, 25][15, 21][15, 21][15, 21] 
[18, 12, 19, 22, 25, 28, 16, 2, 15, 21, 5, 6, 10, 27, 29][7, 14, 9, 1, 24, 20, 4, 23, 3, 11, 17][8, 26, 0, 18, 17][13, 18][15, 21][22, 25][22, 25][22, 25][22, 25][15, 21][15, 21][15, 21] 
[18, 12, 19, 22, 25, 28, 16, 2, 15, 21, 5, 6, 10, 27, 29][7, 14, 9, 1, 24, 20, 4, 23, 3, 11, 17][8, 26, 0, 18, 17][15, 21][22, 25][13, 18][0, 18][15, 21][22, 25][15, 21][22, 25][22, 25] 
[18, 12, 19, 22, 25, 28, 16, 2, 15, 21, 5, 6, 10, 27, 29][7, 14, 9, 1, 24, 20, 4, 23, 3, 11, 17][8, 26, 0, 18, 17][22, 25][13, 18][15, 21][22, 25][22, 25][22, 25][15, 21][15, 21][22, 25] 
[18, 12, 19, 22, 25, 28, 16, 2, 15, 21, 5, 6, 10, 27, 29][7, 14, 9, 1, 24, 20, 4, 23, 3, 11, 17][8, 26, 0, 18, 17][13, 18][15, 21][22, 25][22, 25][22, 25][22, 25][15, 21][15, 21][15, 21] 
[25, 28, 16, 2, 15, 21, 5, 6, 10, 27, 29][14, 11, 25, 22, 19, 12, 8, 26, 0, 18, 17][3, 23, 4, 20, 24, 1, 9, 14, 7][22, 25][13, 18][15, 21][22, 25][22, 25][22, 25][15, 21][15, 21][22, 25] 
[12, 8, 26, 0, 18, 17, 19][20, 24, 4, 7, 27][13, 6, 21, 5, 15][16, 10, 2, 29][3, 11, 25, 28][14, 1, 9, 23][16, 28][22, 25][1, 3][7, 14][18, 22][10, 15] 
[12, 8, 26, 0, 18, 17, 19][20, 24, 4, 7, 27][13, 6, 21, 5, 15][16, 10, 2, 29][3, 11, 25, 28][14, 1, 9, 23][16, 28][1, 3][7, 14][10, 15][22, 25][18, 22] 
[12, 8, 26, 0, 18, 17, 19][20, 24, 4, 7, 27][13, 6, 21, 5, 15][16, 10, 2, 29][3, 11, 25, 28][14, 1, 9, 23][16, 28][1, 3][7, 14][10, 15][22, 25][18, 22] 
[12, 8, 26, 0, 18, 17, 19][13, 6, 21, 5, 15][20, 24, 4, 7, 27][3, 11, 25, 28][16, 10, 2, 29][14, 1, 9, 23][18, 22][22, 25][16, 28][10, 15][1, 3][7, 14] 
[12, 8, 26, 0, 18, 17, 19][13, 6, 21, 5, 15][20, 24, 4, 7, 27][16, 10, 2, 29][3, 11, 25, 28][14, 1, 9, 23][10, 15][16, 28][1, 3][22, 25][7, 14][18, 22] 
[12, 8, 26, 0, 18, 17, 19][13, 6, 21, 5, 15][20, 24, 4, 7, 27][16, 10, 2, 29][3, 11, 25, 28][14, 1, 9, 23][10, 15][16, 28][1, 3][22, 25][7, 14][18, 22] 
[12, 8, 26, 0, 18, 17, 19][13, 6, 21, 5, 15][20, 24, 4, 7, 27][3, 11, 25, 28][14, 1, 9, 23][16, 10, 2, 29][22, 25][18, 22][1, 3][16, 28][10, 15][7, 14] 
[12, 8, 26, 0, 18, 17, 19][13, 6, 21, 5, 15][20, 24, 4, 7, 27][16, 10, 2, 29][3, 11, 25, 28][14, 1, 9, 23][10, 15][16, 28][22, 25][18, 22][1, 3][7, 14] 
[12, 8, 26, 0, 18, 17, 19][13, 6, 21, 5, 15][20, 24, 4, 7, 27][16, 10, 2, 29][3, 11, 25, 28][14, 1, 9, 23][10, 15][16, 28][22, 25][18, 22][1, 3][7, 14] 
[12, 8, 26, 0, 18, 17, 19][20, 24, 4, 7, 27][13, 6, 21, 5, 15][3, 11, 25, 28][14, 1, 9, 23][16, 10, 2, 29][1, 3][7, 14][22, 25][18, 22][16, 28][10, 15] 
[12, 8, 26, 0, 18, 17, 19][20, 24, 4, 7, 27][13, 6, 21, 5, 15][3, 11, 25, 28][16, 10, 2, 29][14, 1, 9, 23][16, 28][22, 25][1, 3][7, 14][18, 22][10, 15] 
[12, 8, 26, 0, 18, 17, 19][13, 6, 21, 5, 15][20, 24, 4, 7, 27][16, 10, 2, 29][3, 11, 25, 28][14, 1, 9, 23][10, 15][16, 28][1, 3][7, 14][22, 25][18, 22] 
[12, 8, 26, 0, 18, 17, 19][13, 6, 21, 5, 15][20, 24, 4, 7, 27][16, 10, 2, 29][3, 11, 25, 28][14, 1, 9, 23][10, 15][16, 28][22, 25][18, 22][1, 3][7, 14] 
[12, 8, 26, 0, 18, 17, 19][20, 24, 4, 7, 27][13, 6, 21, 5, 15][3, 11, 25, 28][14, 1, 9, 23][16, 10, 2, 29][1, 3][7, 14][22, 25][18, 22][16, 28][10, 15] 
[12, 8, 26, 0, 18, 17, 19][13, 6, 21, 5, 15][20, 24, 4, 7, 27][16, 10, 2, 29][3, 11, 25, 28][14, 1, 9, 23][10, 15][16, 28][1, 3][22, 25][7, 14][18, 22] 
[12, 8, 26, 0, 18, 17, 19][20, 24, 4, 7, 27][13, 6, 21, 5, 15][3, 11, 25, 28][14, 1, 9, 23][16, 10, 2, 29][18, 22][22, 25][1, 3][20, 23][16, 28][10, 15] 
[12, 8, 26, 0, 18, 17, 19][20, 24, 4, 7, 27][13, 6, 21, 5, 15][14, 1, 9, 23][3, 11, 25, 28][16, 10, 2, 29][20, 23][1, 3][16, 28][22, 25][10, 15][18, 22] 
[12, 8, 26, 0, 18, 17, 19][13, 6, 21, 5, 15][20, 24, 4, 7, 27][3, 11, 25, 28][14, 1, 9, 23][16, 10, 2, 29][22, 25][1, 3][16, 28][18, 22][10, 15][20, 23] 
[12, 8, 26, 0, 18, 17, 19][20, 24, 4, 7, 27][13, 6, 21, 5, 15][14, 1, 9, 23][3, 11, 25, 28][16, 10, 2, 29][20, 23][1, 3][22, 25][16, 28][10, 15][18, 22] 
[12, 8, 26, 0, 18, 17, 19][20, 24, 4, 7, 27][13, 6, 21, 5, 15][3, 11, 25, 28][14, 1, 9, 23][16, 10, 2, 29][18, 22][22, 25][1, 3][20, 23][16, 28][10, 15] 
[12, 8, 26, 0, 18, 17, 19][13, 6, 21, 5, 15][20, 24, 4, 7, 27][16, 10, 2, 29][3, 11, 25, 28][14, 1, 9, 23][3, 1, 14][10, 15][16, 28][20, 23][22, 25][18, 22] 
[12, 8, 26, 0, 18, 17, 19][20, 24, 4, 7, 27][13, 6, 21, 5, 15][16, 10, 2, 29][3, 11, 25, 28][14, 1, 9, 23][16, 28][22, 25][1, 3][7, 14][18, 22][10, 15] 
[12, 8, 26, 0, 18, 17, 19][13, 6, 21, 5, 15][20, 24, 4, 7, 27][3, 11, 25, 28][16, 10, 2, 29][14, 1, 9, 23][18, 22][22, 25][16, 28][10, 15][1, 3][7, 14] 
[12, 8, 26, 0, 18, 17, 19][20, 24, 4, 7, 27][13, 6, 21, 5, 15][3, 11, 25, 28][16, 10, 2, 29][14, 1, 9, 23][16, 28][22, 25][1, 3][7, 14][18, 22][10, 15] 
[12, 8, 26, 0, 18, 17, 19][20, 24, 4, 7, 27][13, 6, 21, 5, 15][3, 11, 25, 28][14, 1, 9, 23][16, 10, 2, 29][1, 3][7, 14][22, 25][18, 22][16, 28][10, 15] 
[12, 8, 26, 0, 18, 17, 19][20, 24, 4, 7, 27][13, 6, 21, 5, 15][14, 1, 9, 23][3, 11, 25, 28][16, 10, 2, 29][7, 14][1, 3][16, 28][22, 25][10, 15][18, 22] 
[12, 8, 26, 0, 18, 17, 19][20, 24, 4, 7, 27][13, 6, 21, 5, 15][14, 1, 9, 23][3, 11, 25, 28][16, 10, 2, 29][20, 23][1, 3][22, 25][16, 28][10, 15][18, 22] 
[12, 8, 26, 0, 18, 17, 19][20, 24, 4, 7, 27][13, 6, 21, 5, 15][14, 1, 9, 23][3, 11, 25, 28][16, 10, 2, 29][7, 14][1, 3][16, 28][10, 15][22, 25][18, 22] 
[12, 8, 26, 0, 18, 17, 19][13, 6, 21, 5, 15][20, 24, 4, 7, 27][14, 1, 9, 23][3, 11, 25, 28][16, 10, 2, 29][1, 3][16, 28][10, 15][20, 23][22, 25][18, 22] 
[12, 8, 26, 0, 18, 17, 19][20, 24, 4, 7, 27][13, 6, 21, 5, 15][3, 11, 25, 28][16, 10, 2, 29][14, 1, 9, 23][20, 23][1, 3][22, 25][16, 28][10, 15][18, 22] 
[12, 8, 26, 0, 18, 17, 19][13, 6, 21, 5, 15][20, 24, 4, 7, 27][3, 11, 25, 28][16, 10, 2, 29][14, 1, 9, 23][16, 28][1, 3][10, 15][20, 23][22, 25][18, 22] 
[12, 8, 26, 0, 18, 17, 19][20, 24, 4, 7, 27][13, 6, 21, 5, 15][3, 11, 25, 28][16, 10, 2, 29][14, 1, 9, 23][20, 23][1, 3][22, 25][16, 28][10, 15][18, 22] 
[12, 8, 26, 0, 18, 17, 19][20, 24, 4, 7, 27][13, 6, 21, 5, 15][14, 1, 9, 23][3, 11, 25, 28][16, 10, 2, 29][20, 23][1, 3][22, 25][18, 22][16, 28][10, 15] 
[12, 8, 26, 0, 18, 17, 19][20, 24, 4, 7, 27][13, 6, 21, 5, 15][14, 1, 9, 23][3, 11, 25, 28][16, 10, 2, 29][20, 23][1, 3][16, 28][22, 25][18, 22][10, 15] 
[12, 8, 26, 0, 18, 17, 19][13, 6, 21, 5, 15][20, 24, 4, 7, 27][14, 1, 9, 23][3, 11, 25, 28][16, 10, 2, 29][1, 3][16, 28][10, 15][20, 23][22, 25][18, 22] 
[12, 8, 26, 0, 18, 17, 19][20, 24, 4, 7, 27][13, 6, 21, 5, 15][14, 1, 9, 23][3, 11, 25, 28][16, 10, 2, 29][20, 23][1, 3][22, 25][16, 28][18, 22][10, 15] 
[12, 8, 26, 0, 18, 17, 19][20, 24, 4, 7, 27][13, 6, 21, 5, 15][14, 1, 9, 23][3, 11, 25, 28][16, 10, 2, 29][20, 23][1, 3][16, 28][22, 25][18, 22][10, 15] 
[12, 8, 26, 0, 18, 17, 19][20, 24, 4, 7, 27][13, 6, 21, 5, 15][3, 11, 25, 28][14, 1, 9, 23][16, 10, 2, 29][22, 25][1, 3][20, 23][16, 28][18, 22][10, 15] 
[12, 8, 26, 0, 18, 17, 19][13, 6, 21, 5, 15][20, 24, 4, 7, 27][14, 1, 9, 23][3, 11, 25, 28][16, 10, 2, 29][1, 3][16, 28][10, 15][20, 23][22, 25][18, 22] 
[12, 8, 26, 0, 18, 17, 19][13, 6, 21, 5, 15][20, 24, 4, 7, 27][16, 10, 2, 29][3, 11, 25, 28][14, 1, 9, 23][10, 15][16, 28][1, 3][20, 23][22, 25][18, 22] 
[12, 8, 26, 0, 18, 17, 19][20, 24, 4, 7, 27][13, 6, 21, 5, 15][3, 11, 25, 28][16, 10, 2, 29][14, 1, 9, 23][20, 23][1, 3][22, 25][16, 28][10, 15][18, 22] 
[12, 8, 26, 0, 18, 17, 19][13, 6, 21, 5, 15][20, 24, 4, 7, 27][16, 10, 2, 29][3, 11, 25, 28][14, 1, 9, 23][10, 15][16, 28][1, 3][20, 23][22, 25][18, 22] 
[12, 8, 26, 0, 18, 17, 19][13, 6, 21, 5, 15][20, 24, 4, 7, 27][14, 1, 9, 23][3, 11, 25, 28][16, 10, 2, 29][1, 3][22, 25][18, 22][16, 28][10, 15][20, 23] 
[12, 8, 26, 0, 18, 17, 19][20, 24, 4, 7, 27][13, 6, 21, 5, 15][16, 10, 2, 29][3, 11, 25, 28][3, 9, 23][3, 1, 14][16, 28][22, 25][18, 22][20, 23][10, 15] 
[12, 8, 26, 0, 18, 17, 19][20, 24, 4, 7, 27][13, 6, 21, 5, 15][3, 11, 25, 28][16, 10, 2, 29][3, 9, 23][3, 1, 14][20, 23][22, 25][16, 28][18, 22][10, 15] 
[12, 8, 26, 0, 18, 17, 19][20, 24, 4, 7, 27][13, 6, 21, 5, 15][16, 10, 2, 29][3, 11, 25, 28][3, 9, 23][3, 1, 14][16, 28][22, 25][18, 22][20, 23][10, 15] 
[12, 8, 26, 0, 18, 17, 19][20, 24, 4, 7, 27][13, 6, 21, 5, 15][3, 11, 25, 28][16, 10, 2, 29][3, 1, 14][3, 9, 23][16, 28][22, 25][20, 23][18, 22][10, 15] 
[12, 8, 26, 0, 18, 17, 19][20, 24, 4, 7, 27][13, 6, 21, 5, 15][3, 11, 25, 28][16, 10, 2, 29][3, 1, 14][3, 9, 23][16, 28][22, 25][20, 23][18, 22][10, 15] 
[12, 8, 26, 0, 18, 17, 19][13, 6, 21, 5, 15][20, 24, 4, 7, 27][3, 11, 25, 28][16, 10, 2, 29][14, 1, 23, 20][3, 9, 23][18, 22][22, 25][1, 14][16, 28][10, 15] 
[12, 8, 26, 0, 18, 17, 19][20, 24, 4, 7, 27][13, 6, 21, 5, 15][16, 10, 2, 29][3, 11, 25, 28][14, 1, 9, 23][16, 28][22, 25][1, 3][7, 14][18, 22][10, 15] 
[12, 8, 26, 0, 18, 17, 19][13, 6, 21, 5, 15][20, 24, 4, 7, 27][16, 10, 2, 29][3, 11, 25, 28][14, 1, 9, 23][10, 15][16, 28][1, 3][7, 14][22, 25][18, 22] 
[12, 8, 26, 0, 18, 17, 19][20, 24, 4, 7, 27][13, 6, 21, 5, 15][16, 10, 2, 29][3, 11, 25, 28][14, 1, 9, 23][16, 28][22, 25][1, 3][7, 14][18, 22][10, 15] 
[12, 8, 26, 0, 18, 17, 19][13, 6, 21, 5, 15][20, 24, 4, 7, 27][3, 11, 25, 28][14, 1, 9, 23][16, 10, 2, 29][22, 25][18, 22][1, 3][16, 28][10, 15][7, 14] 
[12, 8, 26, 0, 18, 17, 19][20, 24, 4, 7, 27][13, 6, 21, 5, 15][14, 1, 9, 23][3, 11, 25, 28][16, 10, 2, 29][7, 14][1, 3][16, 28][10, 15][22, 25][18, 22] 
[12, 8, 26, 0, 18, 17, 19][20, 24, 4, 7, 27][13, 6, 21, 5, 15][3, 11, 25, 28][16, 10, 2, 29][14, 1, 9, 23][20, 23][1, 3][22, 25][16, 28][10, 15][18, 22] 
[12, 8, 26, 0, 18, 17, 19][20, 24, 4, 7, 27][13, 6, 21, 5, 15][3, 11, 25, 28][14, 1, 9, 23][16, 10, 2, 29][1, 3][7, 14][22, 25][18, 22][16, 28][10, 15] 
