[9, 1, 3, 23, 14, 24, 4, 20][11, 17, 12, 8, 26][0, 19, 22, 18, 13][2, 21, 5, 15][10, 27, 29][6, 16, 27][7, 28, 25][17, 28][7, 10][10, 15][7, 20][17, 22] 
[9, 1, 3, 23, 14, 24, 4, 20][11, 17, 12, 8, 26][0, 19, 22, 18, 13][2, 15, 6, 5, 21][7, 28, 25][10, 27, 29][7, 20][17, 28][17, 22][7, 10][16, 27][10, 15] 
[9, 1, 3, 23, 14, 24, 4, 20][11, 17, 12, 8, 26][0, 19, 22, 18, 13][2, 15, 6, 5, 21][7, 28, 25][10, 27, 29][7, 20][17, 28][7, 10][16, 27][17, 22][10, 15] 
[9, 1, 3, 23, 14, 24, 4, 20][2, 15, 6, 5, 21][11, 17, 12, 8, 26][0, 19, 22, 18, 13][10, 27, 29][7, 28, 25][16, 27][10, 15][7, 10][7, 20][17, 28][17, 22] 
[9, 1, 3, 23, 14, 24, 4, 20][11, 17, 12, 8, 26][0, 19, 22, 18, 13][5, 21, 2, 15][7, 28, 25][10, 27, 29][6, 16, 27][17, 28][17, 22][7, 20][7, 10][10, 15] 
[4, 24, 14, 23, 3, 1, 9][2, 15, 6, 5, 21][11, 17, 12, 8, 26][0, 19, 22, 18, 13][10, 7, 28, 25][10, 27, 29][7, 20][4, 20][16, 27][2, 29][17, 28][17, 22] 
[9, 1, 3, 23, 14, 24, 4, 20][2, 15, 6, 5, 21][11, 17, 12, 8, 26][0, 19, 22, 18, 13][10, 27, 29][7, 28, 25][7, 10][2, 29][16, 27][17, 28][17, 22][7, 20] 
[9, 1, 3, 23, 14, 24, 4, 20][0, 19, 22, 18, 13][11, 17, 12, 8, 26][5, 21, 2, 15][7, 28, 25][10, 27, 29][6, 16, 27][17, 22][17, 28][7, 20][7, 10][10, 15] 
[9, 1, 3, 23, 14, 24, 4, 20][2, 15, 6, 5, 21][11, 17, 12, 8, 26][0, 19, 22, 18, 13][7, 28, 25][10, 27, 29][7, 20][7, 10][16, 27][2, 29][17, 28][17, 22] 
[9, 1, 3, 23, 14, 24, 4, 20][0, 19, 22, 18, 13][11, 17, 12, 8, 26][5, 21, 2, 15][7, 28, 25][10, 27, 29][6, 16, 27][17, 22][17, 28][7, 20][7, 10][10, 15] 
[9, 1, 3, 23, 14, 24, 4, 20][11, 17, 12, 8, 26][0, 19, 22, 18, 13][2, 21, 5, 15][6, 16, 27][10, 27, 29][7, 28, 25][7, 10][7, 20][10, 15][17, 28][17, 22] 
[9, 1, 3, 23, 14, 24, 4, 20][11, 17, 12, 8, 26][0, 19, 22, 18, 13][2, 15, 6, 5, 21][7, 28, 25][10, 27, 29][7, 20][17, 28][17, 22][7, 10][16, 27][10, 15] 
[9, 1, 3, 23, 14, 24, 4, 20][11, 17, 12, 8, 26][0, 19, 22, 18, 13][2, 15, 6, 5, 21][7, 28, 25][10, 27, 29][7, 20][17, 28][17, 22][7, 10][16, 27][10, 15] 
[9, 1, 3, 23, 14, 24, 4, 20][0, 19, 22, 18, 13][11, 17, 12, 8, 26][5, 21, 2, 15][7, 28, 25][10, 27, 29][6, 16, 27][17, 22][17, 28][7, 20][7, 10][10, 15] 
[4, 24, 14, 23, 3, 1, 9][0, 19, 22, 18, 13][11, 17, 12, 8, 26][2, 15, 6, 5, 21][10, 7, 28, 25][10, 27, 29][17, 22][17, 28][2, 29][16, 27][7, 20][4, 20] 
[9, 1, 3, 23, 14, 24, 4, 20][11, 17, 12, 8, 26][0, 19, 22, 18, 13][5, 21, 2, 15][7, 28, 25][10, 27, 29][6, 16, 27][17, 28][17, 22][7, 20][7, 10][10, 15] 
[9, 1, 3, 23, 14, 24, 4, 20][11, 17, 12, 8, 26][0, 19, 22, 18, 13][2, 21, 5, 15][6, 16, 27][10, 27, 29][7, 28, 25][7, 10][7, 20][10, 15][17, 28][17, 22] 
[9, 1, 3, 23, 14, 24, 4, 20][2, 15, 6, 5, 21][11, 17, 12, 8, 26][0, 19, 22, 18, 13][10, 27, 29][7, 28, 25][16, 27][10, 15][7, 10][7, 20][17, 28][17, 22] 
[9, 1, 3, 23, 14, 24, 4, 20][0, 19, 22, 18, 13][11, 17, 12, 8, 26][5, 21, 2, 15][7, 28, 25][10, 27, 29][6, 16, 27][17, 22][17, 28][7, 20][7, 10][10, 15] 
[9, 1, 3, 23, 14, 24, 4, 20][11, 17, 12, 8, 26][0, 19, 22, 18, 13][2, 21, 5, 15][7, 28, 25][10, 27, 29][6, 16, 27][17, 28][17, 22][7, 10][10, 15][7, 20] 
[9, 1, 3, 23, 14, 24, 4, 20][11, 17, 12, 8, 26][0, 19, 22, 18, 13][2, 21, 5, 15][10, 27, 29][6, 16, 27][7, 28, 25][17, 28][7, 10][10, 15][7, 20][17, 22] 
[9, 1, 3, 23, 14, 24, 4, 20][2, 15, 6, 5, 21][11, 17, 12, 8, 26][0, 19, 22, 18, 13][10, 27, 29][7, 28, 25][16, 27][10, 15][7, 10][7, 20][17, 28][17, 22] 
[9, 1, 3, 23, 14, 24, 4, 20][2, 15, 6, 5, 21][11, 17, 12, 8, 26][0, 19, 22, 18, 13][10, 27, 29][7, 28, 25][16, 27][10, 15][7, 10][7, 20][17, 28][17, 22] 
[9, 1, 3, 23, 14, 24, 4, 20][11, 17, 12, 8, 26][0, 19, 22, 18, 13][5, 21, 2, 15][7, 28, 25][10, 27, 29][6, 16, 27][17, 28][17, 22][7, 20][7, 10][10, 15] 
[4, 24, 14, 23, 3, 1, 9][11, 17, 12, 8, 26][0, 19, 22, 18, 13][2, 15, 6, 5, 21][10, 7, 28, 25][10, 27, 29][16, 27][17, 28][17, 22][2, 29][7, 20][4, 20] 
[9, 1, 3, 23, 14, 24, 4, 20][11, 17, 12, 8, 26][0, 19, 22, 18, 13][5, 21, 2, 15][7, 28, 25][10, 27, 29][6, 16, 27][17, 28][7, 10][17, 22][10, 15][7, 20] 
[9, 1, 3, 23, 14, 24, 4, 20][11, 17, 12, 8, 26][0, 19, 22, 18, 13][2, 21, 5, 15][10, 27, 29][7, 28, 25][6, 16, 27][7, 20][10, 15][17, 28][17, 22][7, 10] 
[9, 1, 3, 23, 14, 24, 4, 20][2, 15, 6, 5, 21][11, 17, 12, 8, 26][0, 19, 22, 18, 13][10, 27, 29][7, 28, 25][16, 27][10, 15][7, 10][7, 20][17, 28][17, 22] 
[9, 1, 3, 23, 14, 24, 4, 20][0, 19, 22, 18, 13][11, 17, 12, 8, 26][5, 21, 2, 15][7, 28, 25][10, 27, 29][6, 16, 27][17, 22][17, 28][7, 20][7, 10][10, 15] 
[9, 1, 3, 23, 14, 24, 4, 20][11, 17, 12, 8, 26][0, 19, 22, 18, 13][2, 21, 5, 15][7, 28, 25][10, 27, 29][6, 16, 27][17, 28][17, 22][7, 10][10, 15][7, 20] 
[9, 1, 3, 23, 14, 24, 4, 20][11, 17, 12, 8, 26][0, 19, 22, 18, 13][2, 21, 5, 15][7, 28, 25][10, 27, 29][6, 16, 27][17, 28][7, 20][17, 22][7, 10][10, 15] 
[9, 1, 3, 23, 14, 24, 4, 20][11, 17, 12, 8, 26][0, 19, 22, 18, 13][2, 15, 6, 5, 21][7, 28, 25][10, 27, 29][7, 20][17, 28][17, 22][7, 10][16, 27][10, 15] 
[9, 1, 3, 23, 14, 24, 4, 20][11, 17, 12, 8, 26][0, 19, 22, 18, 13][5, 21, 2, 15][7, 28, 25][10, 27, 29][6, 16, 27][17, 28][17, 22][7, 20][7, 10][10, 15] 
[9, 1, 3, 23, 14, 24, 4, 20][11, 17, 12, 8, 26][0, 19, 22, 18, 13][2, 21, 5, 15][10, 27, 29][6, 16, 27][7, 28, 25][17, 28][7, 10][10, 15][7, 20][17, 22] 
[9, 1, 3, 23, 14, 24, 4, 20][11, 17, 12, 8, 26][0, 19, 22, 18, 13][2, 21, 5, 15][7, 28, 25][10, 27, 29][6, 16, 27][17, 28][7, 20][17, 22][7, 10][10, 15] 
[19, 0, 13, 6, 21, 5, 15, 2, 7, 16, 10, 27, 29][4, 20, 24, 23, 14, 9, 1, 3, 11, 17][0, 26, 8, 12, 18, 22, 17, 28, 25][6, 13][5, 21][6, 13][8, 26][6, 13][6, 13][17, 22][6, 13][5, 21] 
[19, 0, 13, 6, 21, 5, 15, 2, 7, 16, 10, 27, 29][4, 20, 24, 23, 14, 9, 1, 3, 11, 17][0, 26, 8, 12, 18, 22, 17, 28, 25][6, 13][5, 21][6, 13][8, 26][6, 13][6, 13][17, 22][6, 13][5, 21] 
[19, 0, 13, 6, 21, 5, 15, 2, 7, 16, 10, 27, 29][4, 20, 24, 23, 14, 9, 1, 3, 11, 17][0, 26, 8, 12, 18, 22, 17, 28, 25][6, 13][5, 21][6, 13][8, 26][6, 13][6, 13][17, 22][6, 13][5, 21] 
[19, 0, 13, 6, 21, 5, 15, 2, 7, 16, 10, 27, 29][4, 20, 24, 23, 14, 9, 1, 3, 11, 17, 28, 25][0, 26, 8, 12, 18, 22][6, 13][5, 21][6, 13][8, 26][6, 13][6, 13][17, 22][6, 13][5, 21] 
[19, 0, 13, 6, 21, 5, 15, 2, 7, 16, 10, 27, 29][4, 20, 24, 23, 14, 9, 1, 3, 11, 17, 28, 25][0, 26, 8, 12, 18, 22][6, 13][5, 21][6, 13][8, 26][6, 13][6, 13][17, 22][6, 13][5, 21] 
[19, 0, 13, 6, 21, 5, 15, 2, 7, 16, 10, 27, 29][11, 25, 28, 17, 22, 18, 12, 8, 26][4, 20, 24, 23, 14, 9, 1, 3, 11][6, 13][25, 28][20, 24][6, 13][6, 13][6, 13][13, 18][17, 22][5, 21] 
[19, 0, 13, 6, 21, 5, 15, 2, 7, 16, 10, 27, 29][4, 20, 24, 23, 14, 9, 1, 3, 11, 17][0, 26, 8, 12, 18, 22, 17, 28, 25][8, 26][8, 26][6, 13][8, 26][5, 21][6, 13][6, 13][17, 22][6, 13] 
[19, 0, 13, 6, 21, 5, 15, 2, 7, 16, 10, 27, 29][4, 20, 24, 23, 14, 9, 1, 3, 11, 17][0, 26, 8, 12, 18, 22, 17, 28, 25][6, 13][5, 21][6, 13][8, 26][6, 13][6, 13][17, 22][6, 13][5, 21] 
[19, 0, 13, 6, 21, 5, 15, 2, 7, 16, 10, 27, 29][4, 20, 24, 23, 14, 9, 1, 3, 11, 17, 28, 25][0, 26, 8, 12, 18, 22][6, 13][5, 21][6, 13][8, 26][6, 13][6, 13][17, 22][6, 13][5, 21] 
[19, 0, 13, 6, 21, 5, 15, 2, 7, 16, 10, 27, 29][4, 20, 24, 23, 14, 9, 1, 3, 11, 17][0, 26, 8, 12, 18, 22, 17, 28, 25][6, 13][5, 21][6, 13][8, 26][6, 13][6, 13][17, 22][6, 13][5, 21] 
[19, 0, 13, 6, 21, 5, 15, 2, 7, 16, 10, 27, 29][4, 20, 24, 23, 14, 9, 1, 3, 11, 17][0, 26, 8, 12, 18, 22, 17, 28, 25][8, 26][8, 26][6, 13][8, 26][5, 21][6, 13][6, 13][17, 22][6, 13] 
[19, 0, 13, 6, 21, 5, 15, 2, 7, 16, 10, 27, 29][4, 20, 24, 23, 14, 9, 1, 3, 11, 17][0, 26, 8, 12, 18, 22, 17, 28, 25][6, 13][5, 21][6, 13][8, 26][6, 13][6, 13][17, 22][6, 13][5, 21] 
[19, 0, 13, 6, 21, 5, 15, 2, 7, 16, 10, 27, 29][4, 20, 24, 23, 14, 9, 1, 3, 11, 17, 28, 25][0, 26, 8, 12, 18, 22][6, 13][5, 21][6, 13][8, 26][6, 13][6, 13][17, 22][6, 13][5, 21] 
[19, 0, 13, 6, 21, 5, 15, 2, 7, 16, 10, 27, 29][4, 20, 24, 23, 14, 9, 1, 3, 11, 17][0, 26, 8, 12, 18, 22, 17, 28, 25][6, 13][5, 21][6, 13][8, 26][6, 13][6, 13][17, 22][6, 13][5, 21] 
[19, 0, 13, 6, 21, 5, 15, 2, 7, 16, 10, 27, 29][4, 20, 24, 23, 14, 9, 1, 3, 11, 17][0, 26, 8, 12, 18, 22, 17, 28, 25][6, 13][5, 21][6, 13][8, 26][6, 13][6, 13][17, 22][6, 13][5, 21] 
[19, 0, 13, 6, 21, 5, 15, 2, 7, 16, 10, 27, 29][0, 26, 8, 12, 18, 22, 17, 28, 25, 11][4, 20, 24, 23, 14, 9, 1, 3, 11][6, 13][5, 21][6, 13][6, 13][6, 13][8, 26][6, 13][6, 13][17, 22] 
[19, 0, 13, 6, 21, 5, 15, 2, 7, 16, 10, 27, 29][4, 20, 24, 23, 14, 9, 1, 3, 11, 17][0, 26, 8, 12, 18, 22, 17, 28, 25, 11][6, 13][5, 21][6, 13][8, 26][6, 13][6, 13][17, 22][6, 13][5, 21] 
[19, 0, 13, 6, 21, 5, 15, 2, 7, 16, 10, 27, 29][0, 26, 8, 12, 18, 22, 17, 28, 25][4, 20, 24, 23, 14, 9, 1, 3, 11][11, 25][6, 13][5, 21][8, 26][8, 26][8, 26][8, 26][8, 26][17, 22] 
[4, 20, 24, 23, 14, 9, 1, 3, 11, 17, 28, 25, 22][19, 0, 13, 6, 21, 5, 15, 2, 7, 16, 10, 27, 29][0, 26, 8, 12, 18, 22, 17, 28, 25][6, 13][5, 21][6, 13][8, 26][6, 13][6, 13][17, 22][6, 13][5, 21] 
[4, 20, 24, 23, 14, 9, 1, 3, 11, 17, 28, 25, 22][19, 0, 13, 6, 21, 5, 15, 2, 7, 16, 10, 27, 29][0, 26, 8, 12, 18, 22, 17, 28, 25][6, 13][5, 21][6, 13][8, 26][6, 13][6, 13][17, 22][6, 13][5, 21] 
[19, 0, 13, 6, 21, 5, 15, 2, 7, 16, 10, 27, 29][0, 26, 8, 12, 18, 22, 17, 28, 25, 11][4, 20, 24, 23, 14, 9, 1, 3, 11][5, 21][6, 13][8, 26][8, 26][8, 26][5, 21][8, 26][17, 22][6, 13] 
[4, 24, 14, 23, 3, 1, 9][11, 17, 12, 8, 26][0, 19, 22, 18, 13][10, 7, 28, 25][5, 21, 2, 15][10, 27, 29][6, 16, 27][20, 4, 23][17, 22][17, 28][2, 29][7, 20] 
[4, 24, 14, 23, 3, 1, 9][11, 17, 12, 8, 26][0, 19, 22, 18, 13][10, 7, 28, 25][5, 21, 2, 15][10, 27, 29][6, 16, 27][20, 4, 23][17, 22][17, 28][2, 29][7, 20] 
[4, 24, 14, 23, 3, 1, 9][11, 17, 12, 8, 26][0, 19, 22, 18, 13][10, 7, 28, 25][5, 21, 2, 15][10, 27, 29][6, 16, 27][20, 4, 23][17, 22][17, 28][2, 29][7, 20] 
[4, 24, 14, 23, 3, 1, 9][11, 17, 12, 8, 26][0, 19, 22, 18, 13][5, 21, 2, 15][10, 7, 28, 25][10, 27, 29][6, 16, 27][20, 4, 23][2, 29][7, 20][17, 28][17, 22] 
[4, 24, 14, 23, 3, 1, 9][11, 17, 12, 8, 26][0, 19, 22, 18, 13][10, 7, 28, 25][5, 21, 2, 15][10, 27, 29][6, 16, 27][20, 4, 23][17, 22][17, 28][2, 29][7, 20] 
[4, 24, 14, 23, 3, 1, 9][11, 17, 12, 8, 26][0, 19, 22, 18, 13][10, 7, 28, 25][5, 21, 2, 15][10, 27, 29][6, 16, 27][20, 4, 23][17, 22][17, 28][2, 29][7, 20] 
[4, 24, 14, 23, 3, 1, 9][11, 17, 12, 8, 26][0, 19, 22, 18, 13][5, 21, 2, 15][10, 7, 28, 25][10, 27, 29][6, 16, 27][20, 4, 23][2, 29][17, 28][17, 22][7, 20] 
[4, 24, 14, 23, 3, 1, 9][11, 17, 12, 8, 26][0, 19, 22, 18, 13][5, 21, 2, 15][10, 7, 28, 25][10, 27, 29][6, 16, 27][20, 4, 23][2, 29][17, 28][17, 22][7, 20] 
[4, 24, 14, 23, 3, 1, 9][11, 17, 12, 8, 26][0, 19, 22, 18, 13][10, 7, 28, 25][5, 21, 2, 15][10, 27, 29][6, 16, 27][20, 4, 23][2, 29][17, 28][7, 20][17, 22] 
[4, 24, 14, 23, 3, 1, 9][11, 17, 12, 8, 26][0, 19, 22, 18, 13][10, 7, 28, 25][5, 21, 2, 15][20, 4, 23][10, 27, 29][6, 16, 27][7, 20][17, 28][2, 29][17, 22] 
[4, 24, 14, 23, 3, 1, 9][11, 17, 12, 8, 26][0, 19, 22, 18, 13][10, 7, 28, 25][5, 21, 2, 15][10, 27, 29][6, 16, 27][20, 4, 23][17, 22][17, 28][2, 29][7, 20] 
[4, 24, 14, 23, 3, 1, 9][11, 17, 12, 8, 26][0, 19, 22, 18, 13][10, 7, 28, 25][5, 21, 2, 15][10, 27, 29][6, 16, 27][20, 4, 23][2, 29][17, 28][7, 20][17, 22] 
[4, 24, 14, 23, 3, 1, 9][11, 17, 12, 8, 26][0, 19, 22, 18, 13][10, 7, 28, 25][5, 21, 2, 15][10, 27, 29][6, 16, 27][20, 4, 23][17, 22][17, 28][2, 29][7, 20] 
[4, 24, 14, 23, 3, 1, 9][11, 17, 12, 8, 26][0, 19, 22, 18, 13][10, 7, 28, 25][5, 21, 2, 15][10, 27, 29][6, 16, 27][20, 4, 23][17, 22][17, 28][2, 29][7, 20] 
[4, 24, 14, 23, 3, 1, 9][11, 17, 12, 8, 26][0, 19, 22, 18, 13][10, 7, 28, 25][5, 21, 2, 15][10, 27, 29][6, 16, 27][20, 4, 23][17, 22][17, 28][2, 29][7, 20] 
[9, 1, 3, 23, 14, 24, 4, 20][11, 17, 12, 8, 26][0, 19, 22, 18, 13][2, 21, 5, 15][10, 27, 29][6, 16, 27][7, 28, 25][17, 28][7, 10][10, 15][7, 20][17, 22] 
[9, 1, 3, 23, 14, 24, 4, 20][11, 17, 12, 8, 26][0, 19, 22, 18, 13][2, 21, 5, 15][7, 28, 25][10, 27, 29][6, 16, 27][17, 22][17, 28][7, 20][7, 10][10, 15] 
[9, 1, 3, 23, 14, 24, 4, 20][11, 17, 12, 8, 26][0, 19, 22, 18, 13][2, 21, 5, 15][10, 27, 29][6, 16, 27][7, 28, 25][17, 28][7, 10][10, 15][7, 20][17, 22] 
[9, 1, 3, 23, 14, 24, 4, 20][11, 17, 12, 8, 26][0, 19, 22, 18, 13][2, 21, 5, 15][6, 16, 27][10, 27, 29][7, 28, 25][7, 10][7, 20][10, 15][17, 28][17, 22] 
[9, 1, 3, 23, 14, 24, 4, 20][11, 17, 12, 8, 26][0, 19, 22, 18, 13][2, 21, 5, 15][7, 28, 25][10, 27, 29][6, 16, 27][17, 22][17, 28][7, 20][7, 10][10, 15] 
[9, 1, 3, 23, 14, 24, 4, 20][0, 19, 22, 18, 13][11, 17, 12, 8, 26][10, 7, 28, 25][5, 21, 2, 15][10, 27, 29][6, 16, 27][17, 22][17, 28][7, 20][2, 29][7, 10] 
[4, 24, 14, 23, 3, 1, 9][11, 17, 12, 8, 26][0, 19, 22, 18, 13][10, 7, 28, 25][5, 21, 2, 15][10, 27, 29][6, 16, 27][20, 4, 23][2, 29][7, 20][17, 28][17, 22] 
[4, 24, 14, 23, 3, 1, 9][11, 17, 12, 8, 26][0, 19, 22, 18, 13][10, 7, 28, 25][5, 21, 2, 15][20, 4, 23][10, 27, 29][6, 16, 27][7, 20][17, 28][2, 29][17, 22] 
[4, 24, 14, 23, 3, 1, 9][11, 17, 12, 8, 26][0, 19, 22, 18, 13][10, 7, 28, 25][5, 21, 2, 15][10, 27, 29][6, 16, 27][20, 4, 23][17, 22][17, 28][2, 29][7, 20] 
[4, 24, 14, 23, 3, 1, 9][11, 17, 12, 8, 26][0, 19, 22, 18, 13][10, 7, 28, 25][5, 21, 2, 15][20, 4, 23][10, 27, 29][6, 16, 27][7, 20][17, 28][2, 29][17, 22] 
[4, 24, 14, 23, 3, 1, 9][11, 17, 12, 8, 26][0, 19, 22, 18, 13][10, 7, 28, 25][5, 21, 2, 15][10, 27, 29][6, 16, 27][20, 4, 23][17, 22][17, 28][2, 29][7, 20] 
[9, 1, 3, 23, 14, 24, 4, 20][11, 17, 12, 8, 26][0, 19, 22, 18, 13][5, 21, 2, 15][7, 28, 25][10, 27, 29][6, 16, 27][17, 28][17, 22][7, 20][7, 10][10, 15] 
[4, 24, 14, 23, 3, 1, 9][11, 17, 12, 8, 26][0, 19, 22, 18, 13][10, 7, 28, 25][5, 21, 2, 15][10, 27, 29][6, 16, 27][20, 4, 23][2, 29][7, 20][17, 28][17, 22] 
[9, 1, 3, 23, 14, 24, 4, 20][11, 17, 12, 8, 26][0, 19, 22, 18, 13][2, 21, 5, 15][10, 27, 29][7, 28, 25][6, 16, 27][7, 20][10, 15][17, 28][17, 22][7, 10] 
[9, 1, 3, 23, 14, 24, 4, 20][11, 17, 12, 8, 26][0, 19, 22, 18, 13][2, 21, 5, 15][10, 27, 29][6, 16, 27][7, 28, 25][17, 28][7, 10][10, 15][7, 20][17, 22] 
[9, 1, 3, 23, 14, 24, 4, 20][11, 17, 12, 8, 26][0, 19, 22, 18, 13][2, 21, 5, 15][6, 16, 27][10, 27, 29][7, 28, 25][7, 10][7, 20][10, 15][17, 28][17, 22] 
[9, 1, 3, 23, 14, 24, 4, 20][11, 17, 12, 8, 26][0, 19, 22, 18, 13][2, 21, 5, 15][6, 16, 27][10, 27, 29][7, 28, 25][7, 10][7, 20][10, 15][17, 28][17, 22] 
[9, 1, 3, 23, 14, 24, 4, 20][11, 17, 12, 8, 26][0, 19, 22, 18, 13][2, 21, 5, 15][6, 16, 27][10, 27, 29][7, 28, 25][7, 10][7, 20][10, 15][17, 28][17, 22] 
[9, 1, 3, 23, 14, 24, 4, 20][11, 17, 12, 8, 26][0, 19, 22, 18, 13][2, 21, 5, 15][10, 27, 29][6, 16, 27][7, 28, 25][17, 28][7, 10][10, 15][7, 20][17, 22] 
[9, 1, 3, 23, 14, 24, 4, 20][11, 17, 12, 8, 26][0, 19, 22, 18, 13][2, 21, 5, 15][6, 16, 27][10, 27, 29][7, 28, 25][7, 10][7, 20][10, 15][17, 28][17, 22] 
[9, 1, 3, 23, 14, 24, 4, 20][11, 17, 12, 8, 26][0, 19, 22, 18, 13][2, 21, 5, 15][10, 27, 29][7, 28, 25][6, 16, 27][7, 20][10, 15][17, 28][17, 22][7, 10] 
[9, 1, 3, 23, 14, 24, 4, 20][11, 17, 12, 8, 26][0, 19, 22, 18, 13][2, 21, 5, 15][10, 27, 29][6, 16, 27][7, 28, 25][17, 28][7, 10][10, 15][7, 20][17, 22] 
[9, 1, 3, 23, 14, 24, 4, 20][11, 17, 12, 8, 26][0, 19, 22, 18, 13][2, 21, 5, 15][10, 27, 29][6, 16, 27][7, 28, 25][17, 28][7, 10][10, 15][7, 20][17, 22] 
[9, 1, 3, 23, 14, 24, 4, 20][11, 17, 12, 8, 26][0, 19, 22, 18, 13][2, 21, 5, 15][10, 27, 29][6, 16, 27][7, 28, 25][17, 28][7, 10][10, 15][7, 20][17, 22] 
[9, 1, 3, 23, 14, 24, 4, 20][11, 17, 12, 8, 26][0, 19, 22, 18, 13][2, 21, 5, 15][10, 27, 29][6, 16, 27][7, 28, 25][17, 28][7, 10][10, 15][7, 20][17, 22] 
[9, 1, 3, 23, 14, 24, 4, 20][11, 17, 12, 8, 26][0, 19, 22, 18, 13][2, 21, 5, 15][10, 27, 29][6, 16, 27][7, 28, 25][17, 28][7, 10][10, 15][7, 20][17, 22] 
[9, 1, 3, 23, 14, 24, 4, 20][11, 17, 12, 8, 26][0, 19, 22, 18, 13][2, 21, 5, 15][10, 27, 29][6, 16, 27][7, 28, 25][17, 28][7, 10][10, 15][7, 20][17, 22] 
[9, 1, 3, 23, 14, 24, 4, 20][11, 17, 12, 8, 26][0, 19, 22, 18, 13][2, 21, 5, 15][7, 28, 25][10, 27, 29][6, 16, 27][7, 20][17, 28][17, 22][7, 10][10, 15] 
[9, 1, 3, 23, 14, 24, 4, 20][6, 10, 7, 28, 25][11, 17, 12, 8, 26][0, 19, 22, 18, 13][2, 21, 5, 15][10, 27, 29][16, 27][10, 15][7, 10][7, 20][17, 28][17, 22] 
[9, 1, 3, 23, 14, 24, 4, 20][11, 17, 12, 8, 26][0, 19, 22, 18, 13][2, 21, 5, 15][10, 7, 28, 25][10, 27, 29][6, 16, 27][10, 15][17, 28][7, 20][17, 22][0, 19] 
[9, 1, 3, 23, 14, 24, 4, 20][6, 10, 7, 28, 25][11, 17, 12, 8, 26][0, 19, 22, 18, 13][2, 21, 5, 15][10, 27, 29][16, 27][10, 15][7, 10][7, 20][17, 28][17, 22] 
[9, 1, 3, 23, 14, 24, 4, 20][11, 17, 12, 8, 26][0, 19, 22, 18, 13][2, 21, 5, 15][10, 7, 28, 25][10, 27, 29][6, 16, 27][10, 15][17, 28][7, 20][17, 22][0, 19] 
[9, 1, 3, 23, 14, 24, 4, 20][6, 10, 7, 28, 25][11, 17, 12, 8, 26][0, 19, 22, 18, 13][2, 21, 5, 15][10, 27, 29][16, 27][10, 15][7, 10][7, 20][17, 28][17, 22] 
[9, 1, 3, 23, 14, 24, 4, 20][11, 17, 12, 8, 26][0, 19, 22, 18, 13][2, 21, 5, 15][10, 7, 28, 25][0, 19, 22, 17][10, 27, 29][6, 16, 27][10, 15][17, 28][7, 20][4, 24] 
[4, 24, 14, 23, 3, 1, 9][0, 19, 22, 18, 13][11, 17, 12, 8, 26][10, 7, 28, 25][5, 21, 2, 15][10, 27, 29][6, 16, 27][20, 4, 24][17, 22][17, 28][7, 20][2, 29] 
[4, 24, 14, 23, 3, 1, 9][0, 19, 22, 18, 13][11, 17, 12, 8, 26][10, 7, 28, 25][5, 21, 2, 15][10, 27, 29][6, 16, 27][20, 4, 24][17, 22][17, 28][7, 20][2, 29] 
[4, 24, 14, 23, 3, 1, 9][11, 17, 12, 8, 26][0, 19, 22, 18, 13][10, 7, 28, 25][5, 21, 2, 15][20, 4, 24][10, 27, 29][6, 16, 27][7, 20][2, 29][17, 28][17, 22] 
[4, 24, 14, 23, 3, 1, 9][0, 19, 22, 18, 13][11, 17, 12, 8, 26][10, 7, 28, 25][5, 21, 2, 15][10, 27, 29][6, 16, 27][20, 4, 24][17, 22][17, 28][7, 20][2, 29] 
[4, 24, 14, 23, 3, 1, 9][11, 17, 12, 8, 26][0, 19, 22, 18, 13][10, 7, 28, 25][5, 21, 2, 15][20, 4, 24][10, 27, 29][6, 16, 27][7, 20][2, 29][17, 28][17, 22] 
[9, 1, 3, 23, 14, 24, 4, 20][11, 17, 12, 8, 26][0, 19, 22, 18, 13][2, 21, 5, 15][10, 27, 29][6, 16, 27][7, 28, 25][17, 28][7, 10][10, 15][7, 20][17, 22] 
[4, 24, 14, 23, 3, 1, 9][11, 17, 12, 8, 26][0, 19, 22, 18, 13][10, 7, 28, 25][5, 21, 2, 15][20, 4, 24][10, 27, 29][6, 16, 27][7, 20][2, 29][17, 28][17, 22] 
