[19, 22, 17, 12, 8, 26][20, 14, 24, 4, 23][7, 10, 29, 2, 27][9, 1, 3, 11, 25][13, 18, 0, 28, 16][6, 5, 21][5, 21, 15][7, 20][6, 10][9, 23][15, 16][18, 22] 
[19, 22, 17, 12, 8, 26][13, 18, 0, 28, 16][7, 10, 29, 2, 27][20, 14, 24, 4, 23][9, 1, 3, 11, 25][5, 21, 15][18, 22][15, 16][5, 6][6, 10][7, 20][9, 23] 
[19, 22, 17, 12, 8, 26][20, 14, 24, 4, 23][9, 1, 3, 11, 25][13, 18, 0, 28, 16][10, 29, 2, 27][6, 10, 7][5, 21, 15][5, 6][7, 20][9, 23][11, 17][18, 22] 
[19, 22, 12, 8, 26][13, 18, 0, 28, 16][9, 1, 3, 11, 25][20, 14, 24, 4, 23][10, 29, 2, 27][6, 5, 21, 15][6, 10, 7][18, 22][17, 22][11, 17][9, 23][7, 20] 
[19, 22, 17, 12, 8, 26][13, 18, 0, 28, 16][20, 14, 24, 4, 23][1, 9, 3, 11, 25][10, 29, 2, 27][5, 21, 15][6, 10, 7][15, 16][18, 22][5, 6][7, 20][9, 23] 
[19, 22, 17, 12, 8, 26][13, 18, 0, 28, 16][20, 14, 24, 4, 23][1, 9, 3, 11, 25][10, 29, 2, 27][5, 21, 15][6, 10, 7][15, 16][18, 22][5, 6][7, 20][9, 23] 
[19, 22, 17, 12, 8, 26][13, 18, 0, 28, 16][20, 14, 24, 4, 23][9, 1, 3, 11, 25][10, 29, 2, 27][5, 21, 15][6, 10, 7][15, 16][5, 6][7, 20][18, 22][9, 23] 
[19, 22, 17, 12, 8, 26][13, 18, 0, 28, 16][20, 14, 24, 4, 23][1, 9, 3, 11, 25][10, 29, 2, 27][5, 21, 15][6, 10, 7][15, 16][18, 22][5, 6][7, 20][9, 23] 
[19, 22, 17, 12, 8, 26][20, 14, 24, 4, 23][1, 9, 3, 11, 25][13, 18, 0, 28, 16][10, 29, 2, 27][6, 10, 7][5, 21, 15][9, 23][7, 20][5, 6][15, 16][18, 22] 
[19, 22, 17, 12, 8, 26][20, 14, 24, 4, 23][1, 9, 3, 11, 25][13, 18, 0, 28, 16][10, 29, 2, 27][6, 10, 7][5, 21, 15][9, 23][7, 20][5, 6][15, 16][18, 22] 
[19, 22, 17, 12, 8, 26][20, 14, 24, 4, 23][7, 10, 29, 2, 27][9, 1, 3, 11, 25][13, 18, 0, 28, 16][6, 5, 21][5, 21, 15][7, 20][6, 10][9, 23][15, 16][18, 22] 
[19, 22, 17, 12, 8, 26][20, 14, 24, 4, 23][9, 1, 3, 11, 25][13, 18, 0, 28, 16][10, 29, 2, 27][6, 10, 7][5, 21, 15][9, 23][7, 20][5, 6][15, 16][18, 22] 
[19, 22, 17, 12, 8, 26][20, 14, 24, 4, 23][9, 1, 3, 11, 25][13, 18, 0, 28, 16][10, 29, 2, 27][6, 10, 7][5, 21, 15][9, 23][7, 20][5, 6][11, 17][18, 22] 
[19, 22, 17, 12, 8, 26][20, 14, 24, 4, 23][1, 9, 3, 11, 25][13, 18, 0, 28, 16][10, 29, 2, 27][6, 10, 7][5, 21, 15][7, 20][9, 23][5, 6][15, 16][18, 22] 
[19, 22, 17, 12, 8, 26][20, 14, 24, 4, 23][1, 9, 3, 11, 25][13, 18, 0, 28, 16][10, 29, 2, 27][6, 10, 7][5, 21, 15][7, 20][9, 23][5, 6][15, 16][18, 22] 
[19, 22, 17, 12, 8, 26][20, 14, 24, 4, 23][1, 9, 3, 11, 25][13, 18, 0, 28, 16][10, 29, 2, 27][6, 10, 7][5, 21, 15][7, 20][9, 23][5, 6][15, 16][18, 22] 
[19, 22, 17, 12, 8, 26][13, 18, 0, 28, 16][7, 10, 29, 2, 27][20, 14, 24, 4, 23][9, 1, 3, 11, 25][5, 21, 15][6, 5, 21][18, 22][15, 16][6, 10][7, 20][9, 23] 
[19, 22, 17, 12, 8, 26][13, 18, 0, 28, 16][20, 14, 24, 4, 23][9, 1, 3, 11, 25][10, 29, 2, 27][5, 21, 15][6, 10, 7][5, 6][15, 16][18, 22][7, 20][9, 23] 
[19, 22, 17, 12, 8, 26][20, 14, 24, 4, 23][1, 9, 3, 11, 25][13, 18, 0, 28, 16][10, 29, 2, 27][6, 10, 7][5, 21, 15][7, 20][9, 23][5, 6][15, 16][18, 22] 
[19, 22, 17, 12, 8, 26][13, 18, 0, 28, 16][7, 10, 29, 2, 27][20, 14, 24, 4, 23][9, 1, 3, 11, 25][5, 21, 15][6, 5, 21][18, 22][15, 16][6, 10][7, 20][9, 23] 
[19, 22, 17, 12, 8, 26][13, 18, 0, 28, 16][7, 10, 29, 2, 27][20, 14, 24, 4, 23][9, 1, 3, 11, 25][5, 21, 15][6, 5, 21][18, 22][15, 16][6, 10][7, 20][9, 23] 
[19, 22, 17, 12, 8, 26][7, 10, 29, 2, 27][20, 14, 24, 4, 23][9, 1, 3, 11, 25][13, 18, 0, 28, 16][5, 21, 15][7, 20][9, 23][6, 10][5, 6][15, 16][18, 22] 
[19, 22, 17, 12, 8, 26][20, 14, 24, 4, 23][9, 1, 3, 11, 25][13, 18, 0, 28, 16][10, 29, 2, 27][6, 10, 7][5, 21, 15][5, 6][7, 20][9, 23][11, 17][18, 22] 
[19, 22, 17, 12, 8, 26][13, 18, 0, 28, 16][20, 14, 24, 4, 23][1, 9, 3, 11, 25][10, 29, 2, 27][5, 21, 15][6, 10, 7][15, 16][18, 22][5, 6][7, 20][9, 23] 
[19, 22, 17, 12, 8, 26][1, 9, 3, 11, 25][20, 14, 24, 4, 23][13, 18, 0, 28, 16][10, 29, 2, 27][6, 10, 7][5, 21, 15][9, 23][7, 20][5, 6][15, 16][18, 22] 
[19, 22, 17, 12, 8, 26][13, 18, 0, 28, 16][20, 14, 24, 4, 23][1, 9, 3, 11, 25][10, 29, 2, 27][5, 21, 15][6, 10, 7][15, 16][18, 22][5, 6][7, 20][9, 23] 
[19, 22, 17, 12, 8, 26][13, 18, 0, 28, 16][7, 10, 29, 2, 27][20, 14, 24, 4, 23][9, 1, 3, 11, 25][5, 21, 15][6, 5, 21][18, 22][15, 16][6, 10][7, 20][9, 23] 
[19, 22, 17, 12, 8, 26][13, 18, 0, 28, 16][7, 10, 29, 2, 27][20, 14, 24, 4, 23][9, 1, 3, 11, 25][5, 21, 15][5, 6][15, 16][6, 10][18, 22][7, 20][9, 23] 
[19, 22, 17, 12, 8, 26][13, 18, 0, 28, 16][20, 14, 24, 4, 23][1, 9, 3, 11, 25][10, 29, 2, 27][5, 21, 15][6, 10, 7][15, 16][5, 6][18, 22][7, 20][9, 23] 
[19, 22, 17, 12, 8, 26][13, 18, 0, 28, 16][7, 10, 29, 2, 27][20, 14, 24, 4, 23][9, 1, 3, 11, 25][5, 21, 15][6, 5, 21][15, 16][18, 22][6, 10][7, 20][9, 23] 
[19, 22, 17, 12, 8, 26][13, 18, 0, 28, 16][7, 10, 29, 2, 27][20, 14, 24, 4, 23][9, 1, 3, 11, 25][5, 21, 15][6, 5, 21][18, 22][15, 16][6, 10][7, 20][9, 23] 
[19, 22, 17, 12, 8, 26][13, 18, 0, 28, 16][7, 10, 29, 2, 27][20, 14, 24, 4, 23][9, 1, 3, 11, 25][5, 21, 15][5, 6][15, 16][6, 10][18, 22][7, 20][9, 23] 
[19, 22, 17, 12, 8, 26][13, 18, 0, 28, 16][20, 14, 24, 4, 23][1, 9, 3, 11, 25][10, 29, 2, 27][5, 21, 15][6, 10, 7][15, 16][18, 22][5, 6][7, 20][9, 23] 
[19, 22, 17, 12, 8, 26][13, 18, 0, 28, 16][7, 10, 29, 2, 27][20, 14, 24, 4, 23][9, 1, 3, 11, 25][5, 21, 15][6, 5, 21][15, 16][18, 22][6, 10][7, 20][9, 23] 
[19, 22, 17, 12, 8, 26][13, 18, 0, 28, 16][7, 10, 29, 2, 27][20, 14, 24, 4, 23][9, 1, 3, 11, 25][5, 21, 15][6, 5, 21][18, 22][15, 16][6, 10][7, 20][9, 23] 
[24, 4, 1, 23, 9, 14, 7, 10, 21, 5, 15, 16, 2, 29][0, 28, 17, 18, 13, 6, 15, 27, 16][11, 25, 22, 19, 12, 8, 26][9, 1, 3, 11, 25][13, 18][14, 20][5, 6][13, 18][8, 26][9, 23][8, 26][8, 26] 
[24, 4, 1, 23, 9, 14, 7, 10, 21, 5, 15, 16, 2, 29][0, 28, 17, 18, 13, 6, 15, 27, 16][11, 25, 22, 19, 12, 8, 26][9, 1, 3, 11, 25][13, 18][14, 20][5, 6][13, 18][8, 26][9, 23][8, 26][8, 26] 
[24, 4, 1, 23, 9, 14, 7, 10, 21, 5, 15, 16, 2, 29][27, 15, 6, 13, 18, 17, 28][11, 25, 22, 19, 12][0, 26, 8, 19, 18][8, 26][3, 9][14, 20][10, 21][8, 26][8, 26][8, 26][5, 21] 
[10, 29, 2, 16, 27, 7, 24, 23, 9, 3, 1, 4, 14][27, 15, 6, 13, 18, 17, 28][11, 25, 22, 19, 12][0, 26, 8, 19, 18][8, 26][5, 21][7, 20][8, 26][9, 23][3, 9][5, 6][2, 29] 
[10, 29, 2, 16, 27, 7, 24, 23, 9, 3, 1, 4, 14][27, 15, 6, 13, 18, 17, 28][11, 25, 22, 19, 12][0, 26, 8, 19, 18][8, 26][5, 21][7, 20][8, 26][9, 23][3, 9][5, 6][2, 29] 
[10, 29, 2, 16, 27, 7, 24, 23, 9, 3, 1, 4, 14][15, 21, 6, 13, 0, 26, 8, 19, 18][11, 25, 22, 19][8, 12, 17][8, 26][6, 10][5, 6][0, 28][7, 20][9, 23][2, 29][9, 23] 
[24, 4, 1, 23, 9, 14, 7, 10, 21, 5, 15, 16, 2, 29][27, 15, 6, 13, 18, 17, 28][0, 26, 8, 19, 18][11, 25, 22, 19, 12][14, 20][3, 9][8, 26][5, 21][8, 26][5, 21][8, 26][8, 26] 
[24, 4, 1, 23, 9, 14, 7, 10, 21, 5, 15, 16, 2, 29][0, 28, 17, 18, 13, 6, 15, 27, 16][11, 25, 22, 19, 12, 8, 26][9, 1, 3, 11, 25][13, 18][14, 20][5, 6][13, 18][8, 26][9, 23][8, 26][8, 26] 
[10, 29, 2, 16, 27, 7, 24, 23, 9, 3, 1, 4, 14][27, 15, 6, 13, 18, 17, 28][11, 25, 22, 19, 12][0, 26, 8, 19, 18][8, 26][5, 21][7, 20][8, 26][9, 23][3, 9][5, 6][2, 29] 
[24, 4, 1, 23, 9, 14, 7, 10, 21, 5, 15, 16, 2, 29][27, 15, 6, 13, 18, 17, 28][0, 26, 8, 19, 18][11, 25, 22, 19, 12][14, 20][3, 9][8, 26][5, 21][8, 26][5, 21][8, 26][8, 26] 
[24, 4, 1, 23, 9, 14, 7, 10, 21, 5, 15, 16, 2, 29][27, 15, 6, 13, 18, 17, 28][11, 25, 22, 19, 12][0, 26, 8, 19, 18][8, 26][3, 9][14, 20][10, 21][8, 26][8, 26][8, 26][5, 21] 
[24, 4, 1, 23, 9, 14, 7, 10, 21, 5, 15, 16, 2, 29][27, 15, 6, 13, 18, 17, 28][11, 25, 22, 19, 12][0, 26, 8, 19, 18][8, 26][3, 9][14, 20][10, 21][8, 26][8, 26][8, 26][5, 21] 
[10, 29, 2, 16, 27, 7, 24, 23, 9, 3, 1, 4, 14][27, 15, 6, 13, 18, 17, 28][11, 25, 22, 19, 12][0, 26, 8, 19, 18][8, 26][5, 21][7, 20][8, 26][9, 23][3, 9][5, 6][2, 29] 
[24, 4, 1, 23, 9, 14, 7, 10, 21, 5, 15, 16, 2, 29][0, 28, 17, 18, 13, 6, 15, 27, 16][11, 25, 22, 19, 12, 8, 26][9, 1, 3, 11, 25][13, 18][14, 20][5, 6][13, 18][8, 26][9, 23][8, 26][8, 26] 
[24, 4, 1, 23, 9, 14, 7, 10, 21, 5, 15, 16, 2, 29][27, 15, 6, 13, 18, 17, 28][11, 25, 22, 19, 12][0, 26, 8, 19, 18][8, 26][3, 9][14, 20][10, 21][8, 26][8, 26][8, 26][5, 21] 
[24, 4, 1, 23, 9, 14, 7, 10, 21, 5, 15, 16, 2, 29][0, 28, 17, 18, 13, 6, 15, 27, 16][11, 25, 22, 19, 12, 8, 26][9, 1, 3, 11, 25][13, 18][14, 20][5, 6][13, 18][8, 26][9, 23][8, 26][8, 26] 
[24, 4, 1, 23, 9, 14, 7, 10, 21, 5, 15, 16, 2, 29][0, 28, 17, 18, 13, 6, 15, 27, 16][11, 25, 22, 19, 12, 8, 26][9, 1, 3, 11, 25][13, 18][14, 20][5, 6][13, 18][8, 26][9, 23][8, 26][8, 26] 
[24, 4, 1, 23, 9, 14, 7, 10, 21, 5, 15, 16, 2, 29][0, 28, 17, 18, 13, 6, 15, 27, 16][11, 25, 22, 19, 12, 8, 26][9, 1, 3, 11, 25][13, 18][14, 20][5, 6][13, 18][8, 26][9, 23][8, 26][8, 26] 
[24, 4, 1, 23, 9, 14, 7, 10, 21, 5, 15, 16, 2, 29][0, 28, 17, 18, 13, 6, 15, 27, 16][11, 25, 22, 19, 12, 8, 26][9, 1, 3, 11, 25][13, 18][14, 20][5, 6][13, 18][8, 26][9, 23][8, 26][8, 26] 
[24, 4, 1, 23, 9, 14, 7, 10, 21, 5, 15, 16, 2, 29][0, 28, 17, 18, 13, 6, 15, 27, 16][11, 25, 22, 19, 12, 8, 26][9, 1, 3, 11, 25][13, 18][14, 20][5, 6][13, 18][8, 26][9, 23][8, 26][8, 26] 
[24, 4, 1, 23, 9, 14, 7, 10, 21, 5, 15, 16, 2, 29][0, 28, 17, 18, 13, 6, 15, 27, 16][11, 25, 22, 19, 12, 8, 26][9, 1, 3, 11, 25][13, 18][14, 20][5, 6][13, 18][8, 26][9, 23][8, 26][8, 26] 
[19, 22, 17, 12, 8, 26][13, 18, 0, 28, 16][20, 14, 24, 4, 23][1, 9, 3, 11, 25][10, 29, 2, 27][5, 21, 15][6, 10, 7][15, 16][18, 22][5, 6][7, 20][9, 23] 
[19, 22, 17, 12, 8, 26][20, 14, 24, 4, 23][1, 9, 3, 11, 25][13, 18, 0, 28, 16][10, 29, 2, 27][6, 10, 7][5, 21, 15][7, 20][9, 23][5, 6][15, 16][18, 22] 
[19, 22, 17, 12, 8, 26][20, 14, 24, 4, 23][13, 18, 0, 28, 16][1, 9, 3, 11, 25][10, 29, 2, 27][6, 10, 7][5, 21, 15][7, 20][5, 6][15, 16][18, 22][9, 23] 
[19, 22, 17, 12, 8, 26][13, 18, 0, 28, 16][20, 14, 24, 4, 23][1, 9, 3, 11, 25][10, 29, 2, 27][5, 21, 15][6, 10, 7][15, 16][18, 22][5, 6][7, 20][9, 23] 
[19, 22, 17, 12, 8, 26][13, 18, 0, 28, 16][20, 14, 24, 4, 23][1, 9, 3, 11, 25][10, 29, 2, 27][5, 21, 15][6, 10, 7][15, 16][5, 6][18, 22][7, 20][9, 23] 
[19, 22, 17, 12, 8, 26][13, 18, 0, 28, 16][20, 14, 24, 4, 23][1, 9, 3, 11, 25][10, 29, 2, 27][5, 21, 15][6, 10, 7][15, 16][18, 22][5, 6][7, 20][9, 23] 
[19, 22, 17, 12, 8, 26][20, 14, 24, 4, 23][1, 9, 3, 11, 25][13, 18, 0, 28, 16][10, 29, 2, 27][6, 10, 7][5, 21, 15][7, 20][9, 23][5, 6][15, 16][18, 22] 
[19, 22, 17, 12, 8, 26][20, 14, 24, 4, 23][1, 9, 3, 11, 25][13, 18, 0, 28, 16][10, 29, 2, 27][6, 10, 7][5, 21, 15][7, 20][9, 23][5, 6][15, 16][18, 22] 
[19, 22, 17, 12, 8, 26][20, 14, 24, 4, 23][1, 9, 3, 11, 25][13, 18, 0, 28, 16][10, 29, 2, 27][6, 10, 7][5, 21, 15][7, 20][9, 23][5, 6][15, 16][18, 22] 
[19, 22, 17, 12, 8, 26][20, 14, 24, 4, 23][1, 9, 3, 11, 25][13, 18, 0, 28, 16][10, 29, 2, 27][6, 10, 7][5, 21, 15][7, 20][9, 23][5, 6][15, 16][18, 22] 
[19, 22, 17, 12, 8, 26][20, 14, 24, 4, 23][1, 9, 3, 11, 25][13, 18, 0, 28, 16][10, 29, 2, 27][6, 10, 7][5, 21, 15][7, 20][9, 23][5, 6][15, 16][18, 22] 
[19, 22, 17, 12, 8, 26][20, 14, 24, 4, 23][1, 9, 3, 11, 25][13, 18, 0, 28, 16][10, 29, 2, 27][6, 10, 7][5, 21, 15][7, 20][9, 23][5, 6][15, 16][18, 22] 
[19, 22, 17, 12, 8, 26][20, 14, 24, 4, 23][13, 18, 0, 28, 16][1, 9, 3, 11, 25][10, 29, 2, 27][6, 10, 7][5, 21, 15][7, 20][5, 6][15, 16][18, 22][9, 23] 
[19, 22, 17, 12, 8, 26][20, 14, 24, 4, 23][1, 9, 3, 11, 25][13, 18, 0, 28, 16][10, 29, 2, 27][6, 10, 7][5, 21, 15][7, 20][9, 23][5, 6][15, 16][18, 22] 
[19, 22, 17, 12, 8, 26][1, 9, 3, 11, 25][20, 14, 24, 4, 23][13, 18, 0, 28, 16][10, 29, 2, 27][6, 10, 7][5, 21, 15][9, 23][7, 20][5, 6][15, 16][18, 22] 
[19, 22, 17, 12, 8, 26][7, 10, 29, 2, 27][20, 14, 24, 4, 23][9, 1, 3, 11, 25][13, 18, 0, 28, 16][6, 5, 21][5, 21, 15][6, 10][7, 20][9, 23][15, 16][18, 22] 
[19, 22, 17, 12, 8, 26][13, 18, 0, 28, 16][7, 10, 29, 2, 27][20, 14, 24, 4, 23][9, 1, 3, 11, 25][5, 21, 15][6, 5, 21][15, 16][18, 22][6, 10][7, 20][9, 23] 
[19, 22, 17, 12, 8, 26][7, 10, 29, 2, 27][20, 14, 24, 4, 23][9, 1, 3, 11, 25][13, 18, 0, 28, 16][6, 5, 21][5, 21, 15][6, 10][7, 20][9, 23][15, 16][18, 22] 
[19, 22, 17, 12, 8, 26][13, 18, 0, 28, 16][7, 10, 29, 2, 27][20, 14, 24, 4, 23][9, 1, 3, 11, 25][5, 21, 15][6, 5, 21][15, 16][18, 22][6, 10][7, 20][9, 23] 
[19, 22, 17, 12, 8, 26][7, 10, 29, 2, 27][20, 14, 24, 4, 23][9, 1, 3, 11, 25][13, 18, 0, 28, 16][6, 5, 21][5, 21, 15][6, 10][7, 20][9, 23][15, 16][18, 22] 
[19, 22, 17, 12, 8, 26][13, 18, 0, 28, 16][7, 10, 29, 2, 27][20, 14, 24, 4, 23][9, 1, 3, 11, 25][5, 21, 15][6, 5, 21][18, 22][15, 16][6, 10][7, 20][9, 23] 
[19, 22, 17, 12, 8, 26][20, 14, 24, 4, 23][1, 9, 3, 11, 25][13, 18, 0, 28, 16][10, 29, 2, 27][6, 10, 7][5, 21, 15][7, 20][9, 23][5, 6][15, 16][18, 22] 
[19, 22, 17, 12, 8, 26][20, 14, 24, 4, 23][13, 18, 0, 28, 16][1, 9, 3, 11, 25][10, 29, 2, 27][6, 10, 7][5, 21, 15][7, 20][5, 6][15, 16][18, 22][9, 23] 
[19, 22, 17, 12, 8, 26][20, 14, 24, 4, 23][1, 9, 3, 11, 25][13, 18, 0, 28, 16][10, 29, 2, 27][6, 10, 7][5, 21, 15][7, 20][9, 23][5, 6][15, 16][18, 22] 
[19, 22, 17, 12, 8, 26][13, 18, 0, 28, 16][20, 14, 24, 4, 23][1, 9, 3, 11, 25][10, 29, 2, 27][5, 21, 15][6, 10, 7][15, 16][18, 22][5, 6][7, 20][9, 23] 
[19, 22, 17, 12, 8, 26][20, 14, 24, 4, 23][1, 9, 3, 11, 25][13, 18, 0, 28, 16][10, 29, 2, 27][6, 10, 7][5, 21, 15][7, 20][9, 23][5, 6][15, 16][18, 22] 
[19, 22, 17, 12, 8, 26][9, 1, 3, 11, 25][20, 14, 24, 4, 23][7, 10, 29, 2, 27][13, 18, 0, 28, 16][5, 21, 15][9, 23][7, 20][6, 10][5, 6][15, 16][18, 22] 
[19, 22, 17, 12, 8, 26][20, 14, 24, 4, 23][13, 18, 0, 28, 16][1, 9, 3, 11, 25][10, 29, 2, 27][6, 10, 7][5, 21, 15][7, 20][5, 6][15, 16][18, 22][9, 23] 
[19, 22, 17, 12, 8, 26][13, 18, 0, 28, 16][7, 10, 29, 2, 27][20, 14, 24, 4, 23][9, 1, 3, 11, 25][5, 21, 15][6, 5, 21][18, 22][15, 16][6, 10][7, 20][9, 23] 
[19, 22, 17, 12, 8, 26][13, 18, 0, 28, 16][7, 10, 29, 2, 27][20, 14, 24, 4, 23][9, 1, 3, 11, 25][5, 21, 15][6, 5, 21][15, 16][18, 22][6, 10][7, 20][9, 23] 
[19, 22, 17, 12, 8, 26][13, 18, 0, 28, 16][7, 10, 29, 2, 27][20, 14, 24, 4, 23][9, 1, 3, 11, 25][5, 21, 15][6, 5, 21][15, 16][18, 22][6, 10][7, 20][9, 23] 
[19, 22, 17, 12, 8, 26][13, 18, 0, 28, 16][7, 10, 29, 2, 27][20, 14, 24, 4, 23][9, 1, 3, 11, 25][5, 21, 15][6, 5, 21][15, 16][18, 22][6, 10][7, 20][9, 23] 
[19, 22, 17, 12, 8, 26][13, 18, 0, 28, 16][7, 10, 29, 2, 27][20, 14, 24, 4, 23][9, 1, 3, 11, 25][5, 21, 15][6, 5, 21][15, 16][18, 22][6, 10][7, 20][9, 23] 
[19, 22, 17, 12, 8, 26][13, 18, 0, 28, 16][7, 10, 29, 2, 27][20, 14, 24, 4, 23][9, 1, 3, 11, 25][5, 21, 15][6, 5, 21][15, 16][18, 22][6, 10][7, 20][9, 23] 
[19, 22, 17, 12, 8, 26][13, 18, 0, 28, 16][7, 10, 29, 2, 27][20, 14, 24, 4, 23][9, 1, 3, 11, 25][5, 21, 15][6, 5, 21][15, 16][18, 22][6, 10][7, 20][9, 23] 
[19, 22, 17, 12, 8, 26][13, 18, 0, 28, 16][7, 10, 29, 2, 27][20, 14, 24, 4, 23][9, 1, 3, 11, 25][5, 21, 15][6, 5, 21][15, 16][18, 22][6, 10][7, 20][9, 23] 
[19, 22, 17, 12, 8, 26][9, 1, 3, 11, 25][20, 14, 24, 4, 23][7, 10, 29, 2, 27][13, 18, 0, 28, 16][6, 5, 21][5, 21, 15][9, 23][7, 20][6, 10][15, 16][18, 22] 
[19, 22, 17, 12, 8, 26][13, 18, 0, 28, 16][7, 10, 29, 2, 27][20, 14, 24, 4, 23][9, 1, 3, 11, 25][5, 21, 15][6, 5, 21][18, 22][15, 16][6, 10][7, 20][9, 23] 
[19, 22, 17, 12, 8, 26][7, 10, 29, 2, 27][20, 14, 24, 4, 23][9, 1, 3, 11, 25][13, 18, 0, 28, 16][6, 5, 21][5, 21, 15][6, 10][7, 20][9, 23][15, 16][18, 22] 
[19, 22, 17, 12, 8, 26][13, 18, 0, 28, 16][7, 10, 29, 2, 27][20, 14, 24, 4, 23][9, 1, 3, 11, 25][5, 21, 15][6, 5, 21][15, 16][18, 22][6, 10][7, 20][9, 23] 
[19, 22, 17, 12, 8, 26][13, 18, 0, 28, 16][7, 10, 29, 2, 27][20, 14, 24, 4, 23][9, 1, 3, 11, 25][5, 21, 15][6, 5, 21][15, 16][18, 22][6, 10][7, 20][9, 23] 
[19, 22, 17, 12, 8, 26][13, 18, 0, 28, 16][7, 10, 29, 2, 27][20, 14, 24, 4, 23][9, 1, 3, 11, 25][5, 21, 15][6, 5, 21][15, 16][18, 22][6, 10][7, 20][9, 23] 
[19, 22, 17, 12, 8, 26][7, 10, 29, 2, 27][20, 14, 24, 4, 23][9, 1, 3, 11, 25][13, 18, 0, 28, 16][6, 5, 21][5, 21, 15][6, 10][7, 20][9, 23][15, 16][18, 22] 
[19, 22, 17, 12, 8, 26][13, 18, 0, 28, 16][7, 10, 29, 2, 27][20, 14, 24, 4, 23][9, 1, 3, 11, 25][6, 5, 21, 15][18, 22][15, 16][5, 21][6, 10][7, 20][9, 23] 
[19, 22, 17, 12, 8, 26][13, 18, 0, 28, 16][7, 10, 29, 2, 27][20, 14, 24, 4, 23][9, 1, 3, 11, 25][6, 5, 21, 15][18, 22][15, 16][5, 21][6, 10][7, 20][9, 23] 
[19, 22, 17, 12, 8, 26][13, 18, 0, 28, 16][7, 10, 29, 2, 27][20, 14, 24, 4, 23][9, 1, 3, 11, 25][6, 5, 21, 15][18, 22][15, 16][5, 21][6, 10][7, 20][9, 23] 
[19, 22, 17, 12, 8, 26][13, 18, 0, 28, 16][7, 10, 29, 2, 27][20, 14, 24, 4, 23][9, 1, 3, 11, 25][6, 5, 21, 15][18, 22][15, 16][5, 21][6, 10][7, 20][9, 23] 
[19, 22, 17, 12, 8, 26][13, 18, 0, 28, 16][7, 10, 29, 2, 27][20, 14, 24, 4, 23][9, 1, 3, 11, 25][6, 5, 21, 15][18, 22][15, 16][5, 21][6, 10][7, 20][9, 23] 
[19, 22, 17, 12, 8, 26][13, 18, 0, 28, 16][7, 10, 29, 2, 27][20, 14, 24, 4, 23][9, 1, 3, 11, 25][6, 5, 21, 15][18, 22][15, 16][5, 21][6, 10][7, 20][9, 23] 
[19, 22, 17, 12, 8, 26][7, 10, 29, 2, 27][13, 18, 0, 28, 16][20, 14, 24, 4, 23][1, 9, 3, 11, 25][5, 21, 15][6, 10][5, 6][15, 16][7, 20][18, 22][9, 23] 
[19, 22, 17, 12, 8, 26][7, 10, 29, 2, 27][13, 18, 0, 28, 16][20, 14, 24, 4, 23][1, 9, 3, 11, 25][5, 21, 15][6, 10][5, 6][15, 16][7, 20][18, 22][9, 23] 
[19, 22, 17, 12, 8, 26][7, 10, 29, 2, 27][13, 18, 0, 28, 16][20, 14, 24, 4, 23][1, 9, 3, 11, 25][5, 21, 15][6, 10][5, 6][15, 16][18, 22][7, 20][9, 23] 
[19, 22, 17, 12, 8, 26][20, 14, 24, 4, 23][1, 9, 3, 11, 25][7, 10, 29, 2, 27][13, 18, 0, 28, 16][5, 21, 15][9, 23][7, 20][6, 10][5, 6][15, 16][18, 22] 
[19, 22, 17, 12, 8, 26][7, 10, 29, 2, 27][20, 14, 24, 4, 23][1, 9, 3, 11, 25][13, 18, 0, 28, 16][5, 21, 15][6, 10][5, 6][7, 20][9, 23][15, 16][18, 22] 
[19, 22, 17, 12, 8, 26][13, 18, 0, 28, 16][7, 10, 29, 2, 27][20, 14, 24, 4, 23][9, 1, 3, 11, 25][5, 21, 15][6, 5, 21][18, 22][15, 16][6, 10][7, 20][9, 23] 
[19, 22, 17, 12, 8, 26][7, 10, 29, 2, 27][13, 18, 0, 28, 16][20, 14, 24, 4, 23][1, 9, 3, 11, 25][5, 21, 15][6, 10][5, 6][15, 16][18, 22][7, 20][9, 23] 
