[8, 19, 22, 18, 0, 26][10, 21, 5, 15, 6, 13][9, 3, 23, 14, 20][1, 4, 24, 7][17, 11, 25, 28][2, 16, 27, 29][14, 24][11, 14][12, 17][16, 28][0, 12][2, 15] 
[8, 19, 22, 18, 0, 26][10, 21, 5, 15, 6, 13][9, 3, 23, 14, 20][12, 17, 11, 25][1, 4, 24, 7][2, 16, 27, 29][25, 28][0, 12][11, 14][14, 24][16, 28][2, 15] 
[10, 21, 5, 15, 6, 13][8, 19, 22, 18, 0, 26][9, 3, 23, 14, 20][2, 16, 27, 29][1, 4, 24, 7][12, 17, 11, 25][25, 28][16, 28][2, 15][11, 14][14, 24][0, 12] 
[10, 21, 5, 15, 6, 13][8, 19, 22, 18, 0, 26][9, 3, 23, 14, 20][2, 16, 27, 29][1, 4, 24, 7][12, 17, 11, 25][25, 28][16, 28][2, 15][11, 14][14, 24][0, 12] 
[8, 19, 22, 18, 0, 26][1, 4, 24, 7, 20][6, 15, 5, 21, 10][17, 11, 25, 28][9, 3, 23, 14][2, 16, 27, 29][12, 0, 13][12, 17][11, 14][14, 24][16, 28][2, 15] 
[8, 19, 22, 18, 0, 26][1, 4, 24, 7, 20][6, 15, 5, 21, 10][17, 11, 25, 28][9, 3, 23, 14][2, 16, 27, 29][12, 0, 13][12, 17][11, 14][14, 24][16, 28][2, 15] 
[10, 21, 5, 15, 6, 13][8, 19, 22, 18, 0, 26][1, 4, 24, 7, 20][2, 16, 27, 29][17, 11, 25, 28][9, 3, 23, 14][2, 15][16, 28][12, 17][11, 14][14, 24][0, 12] 
[8, 19, 22, 18, 0, 26][1, 4, 24, 7, 20][6, 15, 5, 21, 10][9, 3, 23, 14][17, 11, 25, 28][2, 16, 27, 29][12, 19, 18, 13][11, 14][14, 24][16, 28][12, 17][2, 15] 
[8, 19, 22, 18, 0, 26][1, 4, 24, 7, 20][6, 15, 5, 21, 10][2, 16, 27, 29][17, 11, 25, 28][9, 3, 23, 14][12, 0, 13][16, 28][11, 14][14, 24][2, 15][12, 17] 
[8, 19, 22, 18, 0, 26][1, 4, 24, 7, 20][6, 15, 5, 21, 10][17, 11, 25, 28][9, 3, 23, 14][12, 19, 18, 13][2, 16, 27, 29][11, 14][12, 17][14, 24][16, 28][2, 15] 
[8, 19, 22, 18, 0, 26][10, 21, 5, 15, 6, 13][9, 3, 23, 14, 20][17, 11, 25, 28][1, 4, 24, 7][2, 16, 27, 29][12, 17][0, 12][11, 14][14, 24][16, 28][2, 15] 
[10, 21, 5, 15, 6, 13][8, 19, 22, 18, 0, 26][9, 3, 23, 14, 20][2, 16, 27, 29][17, 11, 25, 28][1, 4, 24, 7][2, 15][16, 28][11, 14][14, 24][12, 17][0, 12] 
[10, 21, 5, 15, 6, 13][8, 19, 22, 18, 0, 26][9, 3, 23, 14, 20][2, 16, 27, 29][1, 4, 24, 7][12, 17, 11, 25][25, 28][16, 28][2, 15][11, 14][14, 24][0, 12] 
[8, 19, 22, 18, 0, 26][6, 15, 5, 21, 10][1, 4, 24, 7, 20][2, 16, 27, 29][17, 11, 25, 28][9, 3, 23, 14][12, 0, 13][2, 15][16, 28][12, 17][11, 14][14, 24] 
[8, 19, 22, 18, 0, 26][1, 4, 24, 7, 20][6, 15, 5, 21, 10][9, 3, 23, 14][17, 11, 25, 28][2, 16, 27, 29][12, 0, 13][14, 24][11, 14][16, 28][2, 15][12, 17] 
[8, 19, 22, 18, 0, 26][1, 4, 24, 7, 20][6, 15, 5, 21, 10][9, 3, 23, 14][17, 11, 25, 28][2, 16, 27, 29][12, 19, 18, 13][11, 14][14, 24][16, 28][12, 17][2, 15] 
[8, 19, 22, 18, 0, 26][10, 21, 5, 15, 6, 13][9, 3, 23, 14, 20][2, 16, 27, 29][17, 11, 25, 28][1, 4, 24, 7][16, 28][12, 17][0, 12][11, 14][2, 15][14, 24] 
[10, 21, 5, 15, 6, 13][8, 19, 22, 18, 0, 26][9, 3, 23, 14, 20][2, 16, 27, 29][1, 4, 24, 7][12, 17, 11, 25][25, 28][16, 28][2, 15][11, 14][14, 24][0, 12] 
[8, 19, 22, 18, 0, 26][1, 4, 24, 7, 20][6, 15, 5, 21, 10][17, 11, 25, 28][9, 3, 23, 14][2, 16, 27, 29][12, 0, 13][12, 17][11, 14][14, 24][16, 28][2, 15] 
[8, 19, 22, 18, 0, 26][10, 21, 5, 15, 6, 13][9, 3, 23, 14, 20][17, 11, 25, 28][2, 16, 27, 29][1, 4, 24, 7][0, 12][12, 17][16, 28][11, 14][2, 15][14, 24] 
[10, 21, 5, 15, 6, 13][8, 19, 22, 18, 0, 26][9, 3, 23, 14, 20][2, 16, 27, 29][17, 11, 25, 28][1, 4, 24, 7][2, 15][16, 28][11, 14][14, 24][12, 17][0, 12] 
[8, 19, 22, 18, 0, 26][10, 21, 5, 15, 6, 13][9, 3, 23, 14, 20][12, 17, 11, 25][1, 4, 24, 7][2, 16, 27, 29][11, 14][14, 24][0, 12][25, 28][16, 28][2, 15] 
[10, 21, 5, 15, 6, 13][8, 19, 22, 18, 0, 26][9, 3, 23, 14, 20][2, 16, 27, 29][1, 4, 24, 7][12, 17, 11, 25][25, 28][16, 28][2, 15][11, 14][14, 24][0, 12] 
[8, 19, 22, 18, 0, 26][6, 15, 5, 21, 10][1, 4, 24, 7, 20][17, 11, 25, 28][9, 3, 23, 14][2, 16, 27, 29][12, 0, 13][12, 17][11, 14][16, 28][2, 15][14, 24] 
[8, 19, 22, 18, 0, 26][1, 4, 24, 7, 20][6, 15, 5, 21, 10][17, 11, 25, 28][9, 3, 23, 14][2, 16, 27, 29][12, 0, 13][12, 17][11, 14][14, 24][16, 28][2, 15] 
[8, 19, 22, 18, 0, 26][1, 4, 24, 7, 20][6, 15, 5, 21, 10][17, 11, 25, 28][9, 3, 23, 14][12, 19, 18, 13][2, 16, 27, 29][11, 14][12, 17][14, 24][16, 28][2, 15] 
[8, 19, 22, 18, 0, 26][10, 21, 5, 15, 6, 13][9, 3, 23, 14, 20][1, 4, 24, 7][17, 11, 25, 28][2, 16, 27, 29][14, 24][11, 14][12, 17][16, 28][0, 12][2, 15] 
[8, 19, 22, 18, 0, 26][10, 21, 5, 15, 6, 13][9, 3, 23, 14, 20][12, 17, 11, 25][1, 4, 24, 7][2, 16, 27, 29][11, 14][14, 24][0, 12][25, 28][16, 28][2, 15] 
[8, 19, 22, 18, 0, 26][1, 4, 24, 7, 20][6, 15, 5, 21, 10][17, 11, 25, 28][9, 3, 23, 14][2, 16, 27, 29][12, 0, 13][12, 17][11, 14][14, 24][16, 28][2, 15] 
[8, 19, 22, 18, 0, 26][10, 21, 5, 15, 6, 13][9, 3, 23, 14, 20][2, 16, 27, 29][17, 11, 25, 28][1, 4, 24, 7][16, 28][12, 17][0, 12][11, 14][2, 15][14, 24] 
[8, 19, 22, 18, 0, 26][10, 21, 5, 15, 6, 13][9, 3, 23, 14, 20][17, 11, 25, 28][1, 4, 24, 7][2, 16, 27, 29][0, 12][12, 17][11, 14][14, 24][16, 28][2, 15] 
[10, 21, 5, 15, 6, 13][8, 19, 22, 18, 0, 26][9, 3, 23, 14, 20][2, 16, 27, 29][1, 4, 24, 7][12, 17, 11, 25][25, 28][16, 28][2, 15][11, 14][14, 24][0, 12] 
[8, 19, 22, 18, 0, 26][6, 15, 5, 21, 10][1, 4, 24, 7, 20][2, 16, 27, 29][17, 11, 25, 28][9, 3, 23, 14][12, 0, 13][2, 15][16, 28][12, 17][11, 14][14, 24] 
[8, 19, 22, 18, 0, 26][10, 21, 5, 15, 6, 13][9, 3, 23, 14, 20][17, 11, 25, 28][1, 4, 24, 7][2, 16, 27, 29][0, 12][12, 17][11, 14][14, 24][16, 28][2, 15] 
[8, 19, 22, 18, 0, 26][10, 21, 5, 15, 6, 13][9, 3, 23, 14, 20][17, 11, 25, 28][2, 16, 27, 29][1, 4, 24, 7][0, 12][12, 17][11, 14][16, 28][2, 15][14, 24] 
[12, 8, 26, 0, 28, 16, 10, 21, 6, 13, 18, 17][11, 25, 7, 16, 27, 29, 10, 6, 5, 21, 2, 15][11, 3, 9, 14, 1, 23, 20][8, 19, 22][4, 24, 7][13, 18][13, 18][0, 26][13, 18][13, 18][0, 26][13, 18] 
[12, 8, 26, 0, 28, 16, 10, 21, 6, 13, 18, 17][11, 25, 7, 16, 27, 29, 10, 6, 5, 21, 2, 15][11, 3, 9, 14, 1, 23, 20][8, 19, 22][4, 24, 7][13, 18][13, 18][0, 26][13, 18][13, 18][0, 26][13, 18] 
[12, 8, 26, 0, 28, 16, 10, 21, 6, 13, 18, 17][11, 25, 7, 16, 27, 29, 10, 6, 5, 21, 2, 15][11, 3, 9, 14, 1, 23, 20][8, 19, 22][4, 24, 7][13, 18][13, 18][0, 26][13, 18][13, 18][0, 26][13, 18] 
[12, 8, 26, 0, 28, 16, 10, 21, 6, 13, 18, 17][15, 2, 21, 5, 6, 10, 29, 27, 16, 7, 25][11, 3, 9, 14, 1, 23, 20][8, 19, 22][4, 24, 7][0, 26][11, 25][13, 18][13, 18][13, 18][13, 18][13, 18] 
[12, 8, 26, 0, 28, 16, 10, 21, 6, 13, 18, 17][15, 2, 21, 5, 6, 10, 29, 27, 16, 7, 25][11, 3, 9, 14, 1, 23, 20][8, 19, 22][4, 24, 7][13, 18][13, 18][13, 18][0, 26][0, 26][11, 25][0, 26] 
[12, 8, 26, 0, 28, 16, 10, 21, 6, 13, 18, 17][11, 3, 9, 14, 1, 23, 20][2, 16, 27, 29][1, 4, 24, 7][5, 15, 6][8, 19, 22][11, 25, 28][0, 26][16, 28][0, 26][3, 9][0, 26] 
[12, 8, 26, 0, 28, 16, 10, 21, 6, 13, 18, 17][11, 25, 7, 16, 27, 29, 10, 6, 5, 21, 2, 15][11, 3, 9, 14, 1, 23, 20][8, 19, 22][4, 24, 7][13, 18][13, 18][0, 26][13, 18][13, 18][0, 26][13, 18] 
[12, 8, 26, 0, 28, 16, 10, 21, 6, 13, 18, 17][11, 25, 7, 16, 27, 29, 10, 6, 5, 21, 2, 15][11, 3, 9, 14, 1, 23, 20][8, 19, 22][4, 24, 7][13, 18][13, 18][0, 26][13, 18][13, 18][0, 26][13, 18] 
[12, 8, 26, 0, 28, 16, 10, 21, 6, 13, 18, 17][15, 2, 21, 5, 6, 10, 29, 27, 16, 7, 25][11, 3, 9, 14, 1, 23, 20][8, 19, 22][4, 24, 7][0, 26][11, 25][13, 18][13, 18][13, 18][13, 18][13, 18] 
[12, 8, 26, 0, 28, 16, 10, 21, 6, 13, 18, 17][11, 25, 7, 16, 27, 29, 10, 6, 5, 21, 2, 15][11, 3, 9, 14, 1, 23, 20][8, 19, 22][4, 24, 7][13, 18][13, 18][0, 26][13, 18][13, 18][0, 26][13, 18] 
[12, 8, 26, 0, 28, 16, 10, 21, 6, 13, 18, 17][11, 25, 7, 16, 27, 29, 10, 6, 5, 21, 2, 15][11, 3, 9, 14, 1, 23, 20][8, 19, 22][4, 24, 7][13, 18][13, 18][0, 26][13, 18][13, 18][0, 26][13, 18] 
[12, 8, 26, 0, 28, 16, 10, 21, 6, 13, 18, 17][11, 25, 7, 16, 27, 29, 10, 6, 5, 21, 2, 15][11, 3, 9, 14, 1, 23, 20][8, 19, 22][4, 24, 7][13, 18][13, 18][0, 26][13, 18][13, 18][0, 26][13, 18] 
[12, 8, 26, 0, 28, 16, 10, 21, 6, 13, 18, 17][15, 2, 21, 5, 6, 10, 29, 27, 16, 7, 25][11, 3, 9, 14, 1, 23, 20][8, 19, 22][4, 24, 7][0, 26][11, 25][13, 18][13, 18][13, 18][13, 18][13, 18] 
[12, 8, 26, 0, 28, 16, 10, 21, 6, 13, 18, 17][11, 25, 7, 16, 27, 29, 10, 6, 5, 21, 2, 15][11, 3, 9, 14, 1, 23, 20][8, 19, 22][4, 24, 7][13, 18][13, 18][0, 26][13, 18][13, 18][0, 26][13, 18] 
[12, 8, 26, 0, 28, 16, 10, 21, 6, 13, 18, 17][11, 25, 7, 16, 27, 29, 10, 6, 5, 21, 2, 15][11, 3, 9, 14, 1, 23, 20][8, 19, 22][4, 24, 7][13, 18][13, 18][0, 26][13, 18][13, 18][0, 26][13, 18] 
[12, 8, 26, 0, 28, 16, 10, 21, 6, 13, 18, 17][11, 25, 7, 16, 27, 29, 10, 6, 5, 21, 2, 15][11, 3, 9, 14, 1, 23, 20][8, 19, 22][4, 24, 7][13, 18][13, 18][0, 26][13, 18][13, 18][0, 26][13, 18] 
[12, 8, 26, 0, 28, 16, 10, 21, 6, 13, 18, 17][11, 25, 7, 16, 27, 29, 10, 6, 5, 21, 2, 15][11, 3, 9, 14, 1, 23, 20][8, 19, 22][4, 24, 7][13, 18][13, 18][0, 26][13, 18][13, 18][0, 26][13, 18] 
[12, 8, 26, 0, 28, 16, 10, 21, 6, 13, 18, 17][11, 25, 7, 16, 27, 29, 10, 6, 5, 21, 2, 15][11, 3, 9, 14, 1, 23, 20][8, 19, 22][0, 26][4, 24][0, 26][0, 26][13, 18][13, 18][0, 26][14, 24] 
[12, 8, 26, 0, 28, 16, 10, 21, 6, 13, 18, 17][11, 25, 7, 16, 27, 29, 10, 6, 5, 21, 2, 15][11, 3, 9, 14, 1, 23, 20][8, 19, 22][4, 24, 7][13, 18][13, 18][0, 26][13, 18][13, 18][0, 26][13, 18] 
[12, 8, 26, 0, 28, 16, 10, 21, 6, 13, 18, 17][11, 25, 7, 16, 27, 29, 10, 6, 5, 21, 2, 15][11, 3, 9, 14, 1, 23, 20][8, 19, 22][4, 24, 7][13, 18][13, 18][0, 26][13, 18][13, 18][0, 26][13, 18] 
[12, 8, 26, 0, 28, 16, 10, 21, 6, 13, 18, 17][11, 25, 7, 16, 27, 29, 10, 6, 5, 21, 2, 15][11, 3, 9, 14, 1, 23, 20][8, 19, 22][4, 24, 7][13, 18][13, 18][0, 26][13, 18][13, 18][0, 26][13, 18] 
[8, 19, 22, 18, 0, 26][9, 3, 23, 14, 20][6, 15, 5, 21, 10][1, 4, 24, 7][17, 11, 25, 28][2, 16, 27, 29][12, 0, 13][14, 24][11, 14][12, 17][16, 28][2, 15] 
[8, 19, 22, 18, 0, 26][9, 3, 23, 14, 20][6, 15, 5, 21, 10][17, 11, 25, 28][1, 4, 24, 7][2, 16, 27, 29][12, 0, 13][11, 14][14, 24][16, 28][2, 15][12, 17] 
[8, 19, 22, 18, 0, 26][6, 15, 5, 21, 10][9, 3, 23, 14, 20][2, 16, 27, 29][17, 11, 25, 28][1, 4, 24, 7][12, 0, 13][2, 15][16, 28][11, 14][14, 24][12, 17] 
[8, 19, 22, 18, 0, 26][9, 3, 23, 14, 20][6, 15, 5, 21, 10][17, 11, 25, 28][2, 16, 27, 29][1, 4, 24, 7][12, 0, 13][11, 14][16, 28][14, 24][12, 17][2, 15] 
[8, 19, 22, 18, 0, 26][6, 15, 5, 21, 10][9, 3, 23, 14, 20][2, 16, 27, 29][17, 11, 25, 28][1, 4, 24, 7][12, 0, 13][2, 15][16, 28][11, 14][14, 24][12, 17] 
[8, 19, 22, 18, 0, 26][6, 15, 5, 21, 10][9, 3, 23, 14, 20][2, 16, 27, 29][17, 11, 25, 28][1, 4, 24, 7][12, 0, 13][2, 15][16, 28][11, 14][14, 24][12, 17] 
[8, 19, 22, 18, 0, 26][9, 3, 23, 14, 20][6, 15, 5, 21, 10][1, 4, 24, 7][17, 11, 25, 28][2, 16, 27, 29][12, 0, 13][14, 24][11, 14][12, 17][16, 28][2, 15] 
[8, 19, 22, 18, 0, 26][9, 3, 23, 14, 20][6, 15, 5, 21, 10][1, 4, 24, 7][17, 11, 25, 28][2, 16, 27, 29][12, 0, 13][14, 24][11, 14][16, 28][12, 17][2, 15] 
[8, 19, 22, 18, 0, 26][6, 15, 5, 21, 10][9, 3, 23, 14, 20][2, 16, 27, 29][17, 11, 25, 28][1, 4, 24, 7][12, 0, 13][2, 15][12, 17][11, 14][14, 24][16, 28] 
[8, 19, 22, 18, 0, 26][6, 15, 5, 21, 10][9, 3, 23, 14, 20][2, 16, 27, 29][17, 11, 25, 28][1, 4, 24, 7][12, 0, 13][2, 15][16, 28][11, 14][12, 17][14, 24] 
[8, 19, 22, 18, 0, 26][9, 3, 23, 14, 20][6, 15, 5, 21, 10][17, 11, 25, 28][2, 16, 27, 29][1, 4, 24, 7][12, 0, 13][11, 14][16, 28][14, 24][12, 17][2, 15] 
[8, 19, 22, 18, 0, 26][9, 3, 23, 14, 20][6, 15, 5, 21, 10][17, 11, 25, 28][2, 16, 27, 29][1, 4, 24, 7][12, 0, 13][11, 14][16, 28][14, 24][12, 17][2, 15] 
[8, 19, 22, 18, 0, 26][6, 15, 5, 21, 10][9, 3, 23, 14, 20][2, 16, 27, 29][17, 11, 25, 28][1, 4, 24, 7][12, 0, 13][2, 15][16, 28][12, 17][11, 14][14, 24] 
[8, 19, 22, 18, 0, 26][9, 3, 23, 14, 20][6, 15, 5, 21, 10][17, 11, 25, 28][1, 4, 24, 7][2, 16, 27, 29][12, 0, 13][12, 17][11, 14][14, 24][16, 28][2, 15] 
[8, 19, 22, 18, 0, 26][9, 3, 23, 14, 20][6, 15, 5, 21, 10][17, 11, 25, 28][1, 4, 24, 7][2, 16, 27, 29][12, 0, 13][12, 17][11, 14][14, 24][16, 28][2, 15] 
[8, 19, 22, 18, 0, 26][10, 21, 5, 15, 6, 13][9, 3, 23, 14, 20][17, 11, 25, 28][1, 4, 24, 7][2, 16, 27, 29][0, 12][12, 17][11, 14][14, 24][16, 28][2, 15] 
[8, 19, 22, 18, 0, 26][10, 21, 5, 15, 6, 13][9, 3, 23, 14, 20][17, 11, 25, 28][1, 4, 24, 7][2, 16, 27, 29][0, 12][12, 17][11, 14][14, 24][16, 28][2, 15] 
[8, 19, 22, 18, 0, 26][10, 21, 5, 15, 6, 13][9, 3, 23, 14, 20][17, 11, 25, 28][1, 4, 24, 7][2, 16, 27, 29][0, 12][12, 17][11, 14][14, 24][16, 28][2, 15] 
[8, 19, 22, 18, 0, 26][10, 21, 5, 15, 6, 13][9, 3, 23, 14, 20][17, 11, 25, 28][1, 4, 24, 7][2, 16, 27, 29][0, 12][12, 17][11, 14][14, 24][16, 28][2, 15] 
[8, 19, 22, 18, 0, 26][10, 21, 5, 15, 6, 13][9, 3, 23, 14, 20][2, 16, 27, 29][17, 11, 25, 28][1, 4, 24, 7][16, 28][12, 17][0, 12][11, 14][2, 15][14, 24] 
[10, 21, 5, 15, 6, 13][8, 19, 22, 18, 0, 26][9, 3, 23, 14, 20][2, 16, 27, 29][1, 4, 24, 7][12, 17, 11, 25][25, 28][16, 28][2, 15][11, 14][14, 24][0, 12] 
[8, 19, 22, 18, 0, 26][6, 15, 5, 21, 10][9, 3, 23, 14, 20][2, 16, 27, 29][17, 11, 25, 28][1, 4, 24, 7][12, 0, 13][16, 28][12, 17][2, 15][11, 14][14, 24] 
[8, 19, 22, 18, 0, 26][9, 3, 23, 14, 20][6, 15, 5, 21, 10][17, 11, 25, 28][2, 16, 27, 29][1, 4, 24, 7][12, 0, 13][11, 14][16, 28][14, 24][12, 17][2, 15] 
[8, 19, 22, 18, 0, 26][6, 15, 5, 21, 10][9, 3, 23, 14, 20][2, 16, 27, 29][17, 11, 25, 28][1, 4, 24, 7][12, 0, 13][2, 15][16, 28][11, 14][14, 24][12, 17] 
[8, 19, 22, 18, 0, 26][9, 3, 23, 14, 20][6, 15, 5, 21, 10][1, 4, 24, 7][17, 11, 25, 28][2, 16, 27, 29][12, 0, 13][14, 24][11, 14][16, 28][12, 17][2, 15] 
[8, 19, 22, 18, 0, 26][9, 3, 23, 14, 20][6, 15, 5, 21, 10][1, 4, 24, 7][17, 11, 25, 28][2, 16, 27, 29][12, 0, 13][14, 24][11, 14][16, 28][12, 17][2, 15] 
[8, 19, 22, 18, 0, 26][9, 3, 23, 14, 20][6, 15, 5, 21, 10][1, 4, 24, 7][17, 11, 25, 28][2, 16, 27, 29][12, 0, 13][14, 24][11, 14][16, 28][12, 17][2, 15] 
[8, 19, 22, 18, 0, 26][9, 3, 23, 14, 20][6, 15, 5, 21, 10][1, 4, 24, 7][17, 11, 25, 28][2, 16, 27, 29][12, 0, 13][14, 24][11, 14][16, 28][12, 17][2, 15] 
[10, 21, 5, 15, 6, 13][8, 19, 22, 18, 0, 26][9, 3, 23, 14, 20][2, 16, 27, 29][17, 11, 25, 28][1, 4, 24, 7][2, 15][16, 28][11, 14][14, 24][12, 17][0, 12] 
[10, 21, 5, 15, 6, 13][8, 19, 22, 18, 0, 26][9, 3, 23, 14, 20][2, 16, 27, 29][17, 11, 25, 28][1, 4, 24, 7][2, 15][16, 28][11, 14][14, 24][12, 17][0, 12] 
[10, 21, 5, 15, 6, 13][8, 19, 22, 18, 0, 26][9, 3, 23, 14, 20][2, 16, 27, 29][17, 11, 25, 28][1, 4, 24, 7][2, 15][16, 28][11, 14][14, 24][12, 17][0, 12] 
[8, 19, 22, 18, 0, 26][10, 21, 5, 15, 6, 13][9, 3, 23, 14, 20][17, 11, 25, 28][1, 4, 24, 7][2, 16, 27, 29][12, 17][0, 12][11, 14][14, 24][16, 28][2, 15] 
[8, 19, 22, 18, 0, 26][10, 21, 5, 15, 6, 13][9, 3, 23, 14, 20][17, 11, 25, 28][1, 4, 24, 7][2, 16, 27, 29][12, 17][0, 12][11, 14][14, 24][16, 28][2, 15] 
[8, 19, 22, 18, 0, 26][10, 21, 5, 15, 6, 13][9, 3, 23, 14, 20][1, 4, 24, 7][17, 11, 25, 28][2, 16, 27, 29][14, 24][11, 14][12, 17][0, 12][16, 28][2, 15] 
[10, 21, 5, 15, 6, 13][8, 19, 22, 18, 0, 26][9, 3, 23, 14, 20][2, 16, 27, 29][17, 11, 25, 28][1, 4, 24, 7][16, 28][12, 17][2, 15][11, 14][14, 24][0, 12] 
[8, 19, 22, 18, 0, 26][10, 21, 5, 15, 6, 13][9, 3, 23, 14, 20][17, 11, 25, 28][1, 4, 24, 7][2, 16, 27, 29][11, 14][14, 24][16, 28][12, 17][0, 12][2, 15] 
[8, 19, 22, 18, 0, 26][10, 21, 5, 15, 6, 13][9, 3, 23, 14, 20][17, 11, 25, 28][2, 16, 27, 29][1, 4, 24, 7][0, 12][12, 17][16, 28][11, 14][2, 15][14, 24] 
[10, 21, 5, 15, 6, 13][8, 19, 22, 18, 0, 26][9, 3, 23, 14, 20][2, 16, 27, 29][17, 11, 25, 28][1, 4, 24, 7][16, 28][12, 17][2, 15][11, 14][14, 24][0, 12] 
[8, 19, 22, 18, 0, 26][10, 21, 5, 15, 6, 13][9, 3, 23, 14, 20][2, 16, 27, 29][17, 11, 25, 28][1, 4, 24, 7][16, 28][12, 17][0, 12][11, 14][2, 15][14, 24] 
[8, 19, 22, 18, 0, 26][10, 21, 5, 15, 6, 13][9, 3, 23, 14, 20][17, 11, 25, 28][1, 4, 24, 7][2, 16, 27, 29][12, 17][0, 12][11, 14][14, 24][16, 28][2, 15] 
[8, 19, 22, 18, 0, 26][10, 21, 5, 15, 6, 13][9, 3, 23, 14, 20][1, 4, 24, 7][17, 11, 25, 28][2, 16, 27, 29][14, 24][11, 14][12, 17][0, 12][16, 28][2, 15] 
[10, 21, 5, 15, 6, 13][8, 19, 22, 18, 0, 26][9, 3, 23, 14, 20][2, 16, 27, 29][17, 11, 25, 28][1, 4, 24, 7][2, 15][16, 28][12, 17][0, 12][11, 14][14, 24] 
[8, 19, 22, 18, 0, 26][10, 21, 5, 15, 6, 13][9, 3, 23, 14, 20][17, 11, 25, 28][1, 4, 24, 7][2, 16, 27, 29][11, 14][14, 24][16, 28][12, 17][0, 12][2, 15] 
[8, 19, 22, 18, 0, 26][10, 21, 5, 15, 6, 13][12, 17, 11, 25, 28][9, 3, 23, 14, 20][1, 4, 24, 7][2, 16, 27, 29][0, 12][12, 17][11, 14][14, 24][16, 28][2, 15] 
[8, 19, 22, 18, 0, 26][10, 21, 5, 15, 6, 13][9, 3, 23, 14, 20][12, 17, 11, 25, 28][1, 4, 24, 7][2, 16, 27, 29][11, 14][0, 12][14, 24][16, 28][2, 15][12, 17] 
[10, 21, 5, 15, 6, 13][8, 19, 22, 18, 0, 26][9, 3, 23, 14, 20][12, 17, 11, 25, 28][1, 4, 24, 7][2, 16, 27, 29][14, 24][11, 14][16, 28][2, 15][0, 12][12, 17] 
[8, 19, 22, 18, 0, 26][10, 21, 5, 15, 6, 13][12, 17, 11, 25, 28][9, 3, 23, 14, 20][1, 4, 24, 7][2, 16, 27, 29][0, 12][12, 17][11, 14][14, 24][16, 28][2, 15] 
[8, 19, 22, 18, 0, 26][10, 21, 5, 15, 6, 13][9, 3, 23, 14, 20][12, 17, 11, 25, 28][1, 4, 24, 7][2, 16, 27, 29][11, 14][0, 12][14, 24][16, 28][2, 15][12, 17] 
[8, 19, 22, 18, 0, 26][10, 21, 5, 15, 6, 13][12, 17, 11, 25, 28][9, 3, 23, 14, 20][1, 4, 24, 7][2, 16, 27, 29][0, 12][12, 17][11, 14][14, 24][16, 28][2, 15] 
[8, 19, 22, 18, 0, 26][9, 3, 23, 14, 20][6, 15, 5, 21, 10][1, 4, 24, 7][17, 11, 25, 28][2, 16, 27, 29][12, 0, 13][14, 24][11, 14][12, 17][16, 28][2, 15] 
[8, 19, 22, 18, 0, 26][6, 15, 5, 21, 10][9, 3, 23, 14, 20][2, 16, 27, 29][17, 11, 25, 28][1, 4, 24, 7][12, 0, 13][16, 28][12, 17][2, 15][11, 14][14, 24] 
[8, 19, 22, 18, 0, 26][6, 15, 5, 21, 10][9, 3, 23, 14, 20][2, 16, 27, 29][17, 11, 25, 28][1, 4, 24, 7][12, 0, 13][2, 15][12, 17][11, 14][14, 24][16, 28] 
[8, 19, 22, 18, 0, 26][6, 15, 5, 21, 10][9, 3, 23, 14, 20][2, 16, 27, 29][17, 11, 25, 28][1, 4, 24, 7][12, 0, 13][2, 15][16, 28][11, 14][12, 17][14, 24] 
[8, 19, 22, 18, 0, 26][6, 15, 5, 21, 10][9, 3, 23, 14, 20][17, 11, 25, 28][2, 16, 27, 29][1, 4, 24, 7][12, 0, 13][16, 28][12, 17][2, 15][11, 14][14, 24] 
[10, 21, 5, 15, 6, 13][8, 19, 22, 18, 0, 26][9, 3, 23, 14, 20][2, 16, 27, 29][17, 11, 25, 28][1, 4, 24, 7][2, 15][16, 28][11, 14][14, 24][12, 17][0, 12] 
[8, 19, 22, 18, 0, 26][9, 3, 23, 14, 20][6, 15, 5, 21, 10][17, 11, 25, 28][1, 4, 24, 7][2, 16, 27, 29][12, 0, 13][11, 14][14, 24][16, 28][2, 15][12, 17] 
