[20, 14, 1, 3, 9, 23][2, 29, 27, 16, 15, 10][12, 17, 22, 0, 26][18, 13, 6, 5, 21][8, 19, 17][11, 25, 28][4, 24, 7][0, 28][7, 28][4, 14][18, 22][7, 27] 
[2, 29, 27, 16, 15, 10][20, 14, 1, 3, 9, 23][12, 17, 22, 0, 26][18, 13, 6, 5, 21][8, 19, 17][11, 25, 28][4, 24, 7][18, 22][0, 28][7, 28][7, 27][20, 24] 
[2, 29, 27, 16, 15, 10][20, 14, 1, 3, 9, 23][18, 13, 6, 5, 21][17, 22, 0, 26][8, 12, 17, 19][4, 24, 7][11, 25, 28][7, 27][7, 28][0, 28][18, 22][20, 24] 
[2, 29, 27, 16, 15, 10][20, 14, 1, 3, 9, 23][18, 13, 6, 5, 21][17, 22, 0, 26][8, 12, 17, 19][4, 24, 7][11, 25, 28][7, 27][7, 28][0, 28][18, 22][20, 24] 
[2, 29, 27, 16, 15, 10][20, 14, 1, 3, 9, 23][18, 13, 6, 5, 21][17, 22, 0, 26][8, 12, 17, 19][4, 24, 7][11, 25, 28][7, 27][20, 24][7, 28][0, 28][18, 22] 
[2, 29, 27, 16, 15, 10][20, 14, 1, 3, 9, 23][18, 13, 6, 5, 21][17, 22, 0, 26][8, 12, 17, 19][4, 24, 7][11, 25, 28][7, 27][7, 28][0, 28][18, 22][20, 24] 
[20, 14, 1, 3, 9, 23][2, 29, 27, 16, 15, 10][18, 13, 6, 5, 21][17, 22, 0, 26][8, 12, 17, 19][4, 24, 7][11, 25, 28][20, 24][7, 27][7, 28][0, 28][18, 22] 
[2, 29, 27, 16, 15, 10][20, 14, 1, 3, 9, 23][18, 13, 6, 5, 21][17, 22, 0, 26][8, 12, 17, 19][4, 24, 7][11, 25, 28][7, 27][20, 24][7, 28][0, 28][18, 22] 
[20, 14, 1, 3, 9, 23][2, 29, 27, 16, 15, 10][18, 13, 6, 5, 21][17, 22, 0, 26][8, 12, 17, 19][4, 24, 7][11, 25, 28][20, 24][7, 27][7, 28][0, 28][18, 22] 
[2, 29, 27, 16, 15, 10][20, 14, 1, 3, 9, 23][18, 13, 6, 5, 21][8, 12, 17, 19][17, 22, 0, 26][11, 25, 28][4, 24, 7][0, 28][18, 22][7, 28][7, 27][20, 24] 
[2, 29, 27, 16, 15, 10][20, 14, 1, 3, 9, 23][12, 17, 22, 0, 26][18, 13, 6, 5, 21][8, 19, 17][11, 25, 28][4, 24, 7][0, 28][7, 28][7, 27][4, 14][18, 22] 
[20, 14, 1, 3, 9, 23][2, 29, 27, 16, 15, 10][12, 17, 22, 0, 26][18, 13, 6, 5, 21][11, 25, 28][8, 19, 17][4, 24, 7][0, 28][7, 28][20, 24][7, 27][18, 22] 
[2, 29, 27, 16, 15, 10][20, 14, 1, 3, 9, 23][18, 13, 6, 5, 21][17, 22, 0, 26][8, 12, 17, 19][4, 24, 7][11, 25, 28][7, 27][7, 28][0, 28][18, 22][20, 24] 
[20, 14, 1, 3, 9, 23][2, 29, 27, 16, 15, 10][18, 13, 6, 5, 21][17, 22, 0, 26][8, 12, 17, 19][4, 24, 7][11, 25, 28][20, 24][7, 27][7, 28][0, 28][18, 22] 
[2, 29, 27, 16, 15, 10][20, 14, 1, 3, 9, 23][18, 13, 6, 5, 21][17, 22, 0, 26][8, 12, 17, 19][4, 24, 7][11, 25, 28][7, 27][7, 28][0, 28][18, 22][20, 24] 
[2, 29, 27, 16, 15, 10][20, 14, 1, 3, 9, 23][18, 13, 6, 5, 21][17, 22, 0, 26][8, 12, 17, 19][11, 25, 28][4, 24, 7][7, 28][7, 27][20, 24][0, 28][18, 22] 
[2, 29, 27, 16, 15, 10][20, 14, 1, 3, 9, 23][12, 17, 22, 0, 26][18, 13, 6, 5, 21][8, 19, 17][11, 25, 28][4, 24, 7][0, 28][7, 28][18, 22][7, 27][4, 14] 
[20, 14, 1, 3, 9, 23][2, 29, 27, 16, 15, 10][12, 17, 22, 0, 26][18, 13, 6, 5, 21][11, 25, 28][8, 19, 17][4, 24, 7][0, 28][7, 28][20, 24][7, 27][18, 22] 
[2, 29, 27, 16, 15, 10][20, 14, 1, 3, 9, 23][18, 13, 6, 5, 21][8, 12, 17, 19][17, 22, 0, 26][11, 25, 28][4, 24, 7][0, 28][18, 22][7, 28][7, 27][20, 24] 
[2, 29, 27, 16, 15, 10][20, 14, 1, 3, 9, 23][12, 17, 22, 0, 26][18, 13, 6, 5, 21][8, 19, 17][11, 25, 28][4, 24, 7][0, 28][7, 28][18, 22][7, 27][4, 14] 
[20, 14, 1, 3, 9, 23][2, 29, 27, 16, 15, 10][12, 17, 22, 0, 26][18, 13, 6, 5, 21][8, 19, 17][11, 25, 28][4, 24, 7][0, 28][7, 28][18, 22][4, 14][7, 27] 
[2, 29, 27, 16, 15, 10][20, 14, 1, 3, 9, 23][12, 17, 22, 0, 26][18, 13, 6, 5, 21][11, 25, 28][8, 19, 17][4, 24, 7][0, 28][18, 22][7, 28][7, 27][20, 24] 
[2, 29, 27, 16, 15, 10][20, 14, 1, 3, 9, 23][18, 13, 6, 5, 21][17, 22, 0, 26][8, 12, 17, 19][4, 24, 7][11, 25, 28][7, 27][7, 28][0, 28][18, 22][20, 24] 
[20, 14, 1, 3, 9, 23][2, 29, 27, 16, 15, 10][18, 13, 6, 5, 21][17, 22, 0, 26][8, 12, 17, 19][4, 24, 7][11, 25, 28][20, 24][7, 27][7, 28][0, 28][18, 22] 
[20, 14, 1, 3, 9, 23][2, 29, 27, 16, 15, 10][18, 13, 6, 5, 21][17, 22, 0, 26][8, 12, 17, 19][4, 24, 7][11, 25, 28][20, 24][7, 27][7, 28][0, 28][18, 22] 
[2, 29, 27, 16, 15, 10][20, 14, 1, 3, 9, 23][18, 13, 6, 5, 21][8, 12, 17, 19][17, 22, 0, 26][11, 25, 28][4, 24, 7][0, 28][18, 22][7, 28][7, 27][20, 24] 
[20, 14, 1, 3, 9, 23][2, 29, 27, 16, 15, 10][12, 17, 22, 0, 26][18, 13, 6, 5, 21][8, 19, 17][11, 25, 28][4, 24, 7][0, 28][7, 28][18, 22][4, 14][7, 27] 
[20, 14, 1, 3, 9, 23][2, 29, 27, 16, 15, 10][12, 17, 22, 0, 26][18, 13, 6, 5, 21][11, 25, 28][4, 24, 7][8, 19, 17][7, 28][20, 24][0, 28][18, 22][7, 27] 
[20, 14, 1, 3, 9, 23][2, 29, 27, 16, 15, 10][18, 13, 6, 5, 21][17, 22, 0, 26][8, 12, 17, 19][4, 24, 7][11, 25, 28][20, 24][7, 27][7, 28][0, 28][18, 22] 
[2, 29, 27, 16, 15, 10][20, 14, 1, 3, 9, 23][12, 17, 22, 0, 26][18, 13, 6, 5, 21][4, 24, 7][11, 25, 28][8, 19, 17][7, 27][7, 28][0, 28][18, 22][4, 14] 
[20, 14, 1, 3, 9, 23][2, 29, 27, 16, 15, 10][12, 17, 22, 0, 26][18, 13, 6, 5, 21][8, 19, 17][11, 25, 28][4, 24, 7][0, 28][7, 28][4, 14][7, 27][18, 22] 
[20, 14, 1, 3, 9, 23][2, 29, 27, 16, 15, 10][12, 17, 22, 0, 26][18, 13, 6, 5, 21][11, 25, 28][4, 24, 7][8, 19, 17][7, 28][20, 24][0, 28][18, 22][7, 27] 
[20, 14, 1, 3, 9, 23][2, 29, 27, 16, 15, 10][18, 13, 6, 5, 21][17, 22, 0, 26][8, 12, 17, 19][4, 24, 7][11, 25, 28][20, 24][7, 27][7, 28][0, 28][18, 22] 
[20, 14, 1, 3, 9, 23][2, 29, 27, 16, 15, 10][12, 17, 22, 0, 26][18, 13, 6, 5, 21][8, 19, 17][11, 25, 28][4, 24, 7][0, 28][7, 28][4, 14][7, 27][18, 22] 
[2, 29, 27, 16, 15, 10][20, 14, 1, 3, 9, 23][12, 17, 22, 0, 26][18, 13, 6, 5, 21][4, 24, 7][11, 25, 28][8, 19, 17][7, 27][4, 14][7, 28][0, 28][18, 22] 
[8, 26, 0, 28, 25, 11, 17, 22, 12, 18, 19][2, 27, 29, 10, 7, 24, 4, 23][20, 14, 1, 3, 9, 23][18, 13, 6, 5, 21][15, 16, 27][4, 24][7, 28][0, 28][25, 28][0, 28][0, 28][0, 28] 
[8, 26, 0, 28, 25, 11, 17, 22, 12, 18, 19][2, 27, 29, 10, 7, 24, 4, 23][20, 14, 1, 3, 9, 23][18, 13, 6, 5, 21][15, 16, 27][4, 24][7, 28][0, 28][25, 28][0, 28][0, 28][0, 28] 
[8, 26, 0, 28, 25, 11, 17, 22, 12, 18, 19][2, 27, 29, 10, 7, 24, 4, 23][20, 14, 1, 3, 9, 23][18, 13, 6, 5, 21][15, 16, 27][4, 24][7, 28][0, 28][25, 28][0, 28][0, 28][0, 28] 
[8, 26, 0, 28, 25, 11, 17, 22, 12, 18, 19][10, 7, 24, 4, 23, 9, 3, 1, 14][2, 29, 27, 16, 15, 10][2, 21, 5, 6, 13][9, 23][7, 28][5, 21][16, 27][5, 21][4, 24][5, 21][14, 20] 
[8, 26, 0, 28, 25, 11, 17, 22, 12, 18, 19][10, 7, 24, 4, 23, 9, 3, 1, 14][2, 29, 27, 16, 15, 10][2, 21, 5, 6, 13][9, 23][7, 28][5, 21][16, 27][5, 21][4, 24][5, 21][14, 20] 
[8, 26, 0, 28, 25, 11, 17, 22, 12, 18, 19][2, 29, 27, 16, 15, 10][20, 14, 1, 3, 9, 23][2, 21, 5, 6, 13][10, 7, 24, 4, 23][7, 28][4, 24][0, 28][5, 21][0, 28][4, 24][5, 21] 
[8, 26, 0, 28, 25, 11, 17, 22, 12, 18, 19][2, 27, 29, 10, 7, 24, 4, 23][20, 14, 1, 3, 9, 23][18, 13, 6, 5, 21][15, 16, 27][4, 24][7, 28][0, 28][25, 28][0, 28][0, 28][0, 28] 
[8, 26, 0, 28, 25, 11, 17, 22, 12, 18, 19][2, 27, 29, 10, 7, 24, 4, 23][20, 14, 1, 3, 9, 23][18, 13, 6, 5, 21][15, 16, 27][4, 24][7, 28][0, 28][25, 28][0, 28][0, 28][0, 28] 
[8, 26, 0, 28, 25, 11, 17, 22, 12, 18, 19][10, 7, 24, 4, 23, 9, 3, 1, 14][2, 29, 27, 16, 15, 10][2, 21, 5, 6, 13][9, 23][7, 28][5, 21][16, 27][5, 21][4, 24][5, 21][14, 20] 
[8, 26, 0, 28, 25, 11, 17, 22, 12, 18, 19][2, 27, 29, 10, 7, 24, 4, 23][20, 14, 1, 3, 9, 23][18, 13, 6, 5, 21][15, 16, 27][4, 24][7, 28][0, 28][25, 28][0, 28][0, 28][0, 28] 
[8, 26, 0, 28, 25, 11, 17, 22, 12, 18, 19][2, 27, 29, 10, 7, 24, 4, 23][20, 14, 1, 3, 9, 23][18, 13, 6, 5, 21][15, 16, 27][4, 24][7, 28][0, 28][25, 28][0, 28][0, 28][0, 28] 
[8, 26, 0, 28, 25, 11, 17, 22, 12, 18, 19][2, 27, 29, 10, 7, 24, 4, 23][20, 14, 1, 3, 9, 23][18, 13, 6, 5, 21][15, 16, 27][4, 24][7, 28][0, 28][25, 28][0, 28][0, 28][0, 28] 
[8, 26, 0, 28, 25, 11, 17, 22, 12, 18, 19][10, 7, 24, 4, 23, 9, 3, 1, 14][2, 29, 27, 16, 15, 10][2, 21, 5, 6, 13][9, 23][7, 28][5, 21][16, 27][5, 21][4, 24][5, 21][14, 20] 
[8, 26, 0, 28, 25, 11, 17, 22, 12, 18, 19][2, 27, 29, 10, 7, 24, 4, 23][20, 14, 1, 3, 9, 23][18, 13, 6, 5, 21][15, 16, 27][4, 24][7, 28][0, 28][25, 28][0, 28][0, 28][0, 28] 
[8, 26, 0, 28, 25, 11, 17, 22, 12, 18, 19][2, 27, 29, 10, 7, 24, 4, 23][20, 14, 1, 3, 9, 23][18, 13, 6, 5, 21][15, 16, 27][4, 24][7, 28][0, 28][25, 28][0, 28][0, 28][0, 28] 
[8, 26, 0, 28, 25, 11, 17, 22, 12, 18, 19][10, 7, 24, 4, 23, 9, 3, 1, 14][2, 29, 27, 16, 15, 10][18, 13, 6, 5, 21][7, 28][4, 24][14, 20][4, 24][0, 28][4, 24][9, 23][4, 24] 
[8, 26, 0, 28, 25, 11, 17, 22, 12, 18, 19][10, 7, 24, 4, 23, 9, 3, 1, 14][2, 29, 27, 16, 15, 10][18, 13, 6, 5, 21][7, 28][4, 24][14, 20][4, 24][0, 28][4, 24][9, 23][4, 24] 
[8, 26, 0, 28, 25, 11, 17, 22, 12, 18, 19][2, 27, 29, 10, 7, 24, 4, 23][20, 14, 1, 3, 9, 23][18, 13, 6, 5, 21][15, 16, 27][4, 24][7, 28][0, 28][25, 28][0, 28][0, 28][0, 28] 
[8, 26, 0, 28, 25, 11, 17, 22, 12, 18, 19][10, 7, 24, 4, 23, 9, 3, 1, 14][2, 29, 27, 16, 15, 10][18, 13, 6, 5, 21][7, 28][4, 24][14, 20][4, 24][0, 28][4, 24][9, 23][4, 24] 
[8, 26, 0, 28, 25, 11, 17, 22, 12, 18, 19][10, 7, 24, 4, 23, 9, 3, 1, 14][2, 29, 27, 16, 15, 10][18, 13, 6, 5, 21][0, 28][7, 28][4, 24][14, 20][25, 28][4, 24][9, 23][4, 24] 
[8, 26, 0, 28, 25, 11, 17, 22, 12, 18, 19][10, 7, 24, 4, 23, 9, 3, 1, 14][2, 29, 27, 16, 15, 10][18, 13, 6, 5, 21][0, 28][7, 28][4, 24][14, 20][25, 28][4, 24][9, 23][4, 24] 
[2, 29, 27, 16, 15, 10][20, 14, 1, 3, 9, 23][18, 13, 6, 5, 21][17, 22, 0, 26][8, 12, 17, 19][4, 24, 7][11, 25, 28][7, 27][4, 14][7, 28][0, 28][18, 22] 
[20, 14, 1, 3, 9, 23][2, 29, 27, 16, 15, 10][18, 13, 6, 5, 21][17, 22, 0, 26][8, 12, 17, 19][4, 24, 7][11, 25, 28][4, 14][7, 27][7, 28][0, 28][18, 22] 
[2, 29, 27, 16, 15, 10][20, 14, 1, 3, 9, 23][18, 13, 6, 5, 21][17, 22, 0, 26][8, 12, 17, 19][4, 24, 7][11, 25, 28][7, 27][4, 14][7, 28][0, 28][18, 22] 
[2, 29, 27, 16, 15, 10][20, 14, 1, 3, 9, 23][18, 13, 6, 5, 21][17, 22, 0, 26][8, 12, 17, 19][4, 24, 7][11, 25, 28][7, 27][4, 14][7, 28][0, 28][18, 22] 
[2, 29, 27, 16, 15, 10][20, 14, 1, 3, 9, 23][18, 13, 6, 5, 21][8, 12, 17, 19][17, 22, 0, 26][11, 25, 28][4, 24, 7][18, 22][0, 28][7, 28][7, 27][4, 14] 
[2, 29, 27, 16, 15, 10][20, 14, 1, 3, 9, 23][18, 13, 6, 5, 21][8, 12, 17, 19][17, 22, 0, 26][11, 25, 28][4, 24, 7][18, 22][0, 28][7, 28][7, 27][4, 14] 
[2, 29, 27, 16, 15, 10][20, 14, 1, 3, 9, 23][18, 13, 6, 5, 21][17, 22, 0, 26][8, 12, 17, 19][4, 24, 7][11, 25, 28][7, 27][4, 14][7, 28][0, 28][18, 22] 
[2, 29, 27, 16, 15, 10][20, 14, 1, 3, 9, 23][18, 13, 6, 5, 21][17, 22, 0, 26][8, 12, 17, 19][4, 24, 7][11, 25, 28][7, 27][7, 28][0, 28][18, 22][4, 14] 
[2, 29, 27, 16, 15, 10][20, 14, 1, 3, 9, 23][18, 13, 6, 5, 21][17, 22, 0, 26][8, 12, 17, 19][4, 24, 7][11, 25, 28][7, 27][4, 14][7, 28][0, 28][18, 22] 
[2, 29, 27, 16, 15, 10][20, 14, 1, 3, 9, 23][18, 13, 6, 5, 21][17, 22, 0, 26][8, 12, 17, 19][4, 24, 7][11, 25, 28][7, 27][7, 28][0, 28][18, 22][4, 14] 
[20, 14, 1, 3, 9, 23][2, 29, 27, 16, 15, 10][18, 13, 6, 5, 21][17, 22, 0, 26][8, 12, 17, 19][4, 24, 7][11, 25, 28][4, 14][7, 27][7, 28][0, 28][18, 22] 
[20, 14, 1, 3, 9, 23][2, 29, 27, 16, 15, 10][18, 13, 6, 5, 21][17, 22, 0, 26][8, 12, 17, 19][4, 24, 7][11, 25, 28][7, 28][4, 14][7, 27][0, 28][18, 22] 
[20, 14, 1, 3, 9, 23][2, 29, 27, 16, 15, 10][18, 13, 6, 5, 21][17, 22, 0, 26][8, 12, 17, 19][4, 24, 7][11, 25, 28][7, 28][4, 14][7, 27][0, 28][18, 22] 
[2, 29, 27, 16, 15, 10][20, 14, 1, 3, 9, 23][18, 13, 6, 5, 21][17, 22, 0, 26][8, 12, 17, 19][4, 24, 7][11, 25, 28][7, 27][7, 28][0, 28][18, 22][4, 14] 
[20, 14, 1, 3, 9, 23][2, 29, 27, 16, 15, 10][18, 13, 6, 5, 21][17, 22, 0, 26][8, 12, 17, 19][11, 25, 28][4, 24, 7][0, 28][7, 28][18, 22][4, 14][7, 27] 
[2, 29, 27, 16, 15, 10][20, 14, 1, 3, 9, 23][12, 17, 22, 0, 26][18, 13, 6, 5, 21][8, 19, 17][11, 25, 28][4, 24, 7][18, 22][0, 28][7, 28][7, 27][4, 14] 
[20, 14, 1, 3, 9, 23][2, 29, 27, 16, 15, 10][12, 17, 22, 0, 26][18, 13, 6, 5, 21][11, 25, 28][4, 24, 7][8, 19, 17][0, 28][7, 28][18, 22][4, 14][7, 27] 
[2, 29, 27, 16, 15, 10][20, 14, 1, 3, 9, 23][12, 17, 22, 0, 26][18, 13, 6, 5, 21][4, 24, 7][11, 25, 28][8, 19, 17][7, 28][7, 27][0, 28][4, 14][18, 22] 
[2, 29, 27, 16, 15, 10][20, 14, 1, 3, 9, 23][12, 17, 22, 0, 26][18, 13, 6, 5, 21][8, 19, 17][11, 25, 28][4, 24, 7][18, 22][0, 28][7, 28][7, 27][4, 14] 
[2, 29, 27, 16, 15, 10][20, 14, 1, 3, 9, 23][12, 17, 22, 0, 26][18, 13, 6, 5, 21][8, 19, 17][11, 25, 28][4, 24, 7][18, 22][0, 28][7, 28][7, 27][4, 14] 
[8, 26, 0, 22, 17, 12][2, 29, 27, 16, 15, 10][20, 14, 1, 3, 9, 23][18, 13, 6, 5, 21][11, 25, 28][4, 24, 7][18, 22][0, 28][7, 28][7, 27][4, 14][17, 19] 
[2, 29, 27, 16, 15, 10][20, 14, 1, 3, 9, 23][18, 13, 6, 5, 21][17, 22, 0, 26][8, 12, 17, 19][11, 25, 28][4, 24, 7][7, 28][7, 27][4, 14][0, 28][18, 22] 
[2, 29, 27, 16, 15, 10][20, 14, 1, 3, 9, 23][18, 13, 6, 5, 21][17, 22, 0, 26][8, 12, 17, 19][4, 24, 7][11, 25, 28][7, 27][4, 14][7, 28][0, 28][18, 22] 
[2, 29, 27, 16, 15, 10][20, 14, 1, 3, 9, 23][18, 13, 6, 5, 21][17, 22, 0, 26][8, 12, 17, 19][4, 24, 7][11, 25, 28][7, 27][4, 14][7, 28][0, 28][18, 22] 
[20, 14, 1, 3, 9, 23][2, 29, 27, 16, 15, 10][18, 13, 6, 5, 21][17, 22, 0, 26][8, 12, 17, 19][4, 24, 7][11, 25, 28][7, 28][4, 14][7, 27][0, 28][18, 22] 
[20, 14, 1, 3, 9, 23][2, 29, 27, 16, 15, 10][18, 13, 6, 5, 21][17, 22, 0, 26][8, 12, 17, 19][4, 24, 7][11, 25, 28][4, 14][7, 27][7, 28][0, 28][18, 22] 
[20, 14, 1, 3, 9, 23][2, 29, 27, 16, 15, 10][18, 13, 6, 5, 21][12, 17, 22, 0, 26][11, 25, 28][4, 24, 7][8, 19, 17][18, 22][0, 28][7, 28][4, 14][7, 27] 
[2, 29, 27, 16, 15, 10][20, 14, 1, 3, 9, 23][18, 13, 6, 5, 21][17, 22, 0, 26][8, 12, 17, 19][4, 24, 7][11, 25, 28][7, 27][7, 28][0, 28][18, 22][4, 14] 
[2, 29, 27, 16, 15, 10][20, 14, 1, 3, 9, 23][12, 17, 22, 0, 26][18, 13, 6, 5, 21][8, 19, 17][11, 25, 28][4, 24, 7][18, 22][0, 28][7, 28][7, 27][4, 14] 
[2, 29, 27, 16, 15, 10][20, 14, 1, 3, 9, 23][12, 17, 22, 0, 26][18, 13, 6, 5, 21][4, 24, 7][11, 25, 28][8, 19, 17][7, 27][4, 14][7, 28][0, 28][18, 22] 
[2, 29, 27, 16, 15, 10][20, 14, 1, 3, 9, 23][12, 17, 22, 0, 26][18, 13, 6, 5, 21][4, 24, 7][11, 25, 28][8, 19, 17][7, 27][4, 14][7, 28][0, 28][18, 22] 
[20, 14, 1, 3, 9, 23][2, 29, 27, 16, 15, 10][12, 17, 22, 0, 26][18, 13, 6, 5, 21][8, 19, 17][11, 25, 28][4, 24, 7][0, 28][7, 28][4, 14][18, 22][7, 27] 
[20, 14, 1, 3, 9, 23][2, 29, 27, 16, 15, 10][12, 17, 22, 0, 26][18, 13, 6, 5, 21][11, 25, 28][4, 24, 7][8, 19, 17][0, 28][7, 28][18, 22][4, 14][7, 27] 
[20, 14, 1, 3, 9, 23][2, 29, 27, 16, 15, 10][12, 17, 22, 0, 26][18, 13, 6, 5, 21][11, 25, 28][8, 19, 17][4, 24, 7][0, 28][7, 28][4, 14][7, 27][18, 22] 
[2, 29, 27, 16, 15, 10][20, 14, 1, 3, 9, 23][12, 17, 22, 0, 26][18, 13, 6, 5, 21][8, 19, 17][11, 25, 28][4, 24, 7][0, 28][7, 28][7, 27][4, 14][18, 22] 
[20, 14, 1, 3, 9, 23][2, 29, 27, 16, 15, 10][12, 17, 22, 0, 26][18, 13, 6, 5, 21][11, 25, 28][4, 24, 7][8, 19, 17][0, 28][7, 28][18, 22][4, 14][7, 27] 
[2, 29, 27, 16, 15, 10][20, 14, 1, 3, 9, 23][12, 17, 22, 0, 26][18, 13, 6, 5, 21][4, 24, 7][11, 25, 28][8, 19, 17][7, 27][7, 28][4, 14][0, 28][18, 22] 
[2, 29, 27, 16, 15, 10][20, 14, 1, 3, 9, 23][12, 17, 22, 0, 26][18, 13, 6, 5, 21][4, 24, 7][11, 25, 28][8, 19, 17][7, 27][7, 28][4, 14][0, 28][18, 22] 
[20, 14, 1, 3, 9, 23][2, 29, 27, 16, 15, 10][12, 17, 22, 0, 26][18, 13, 6, 5, 21][4, 24, 7][11, 25, 28][8, 19, 17][7, 28][4, 14][0, 28][7, 27][18, 22] 
[20, 14, 1, 3, 9, 23][2, 29, 27, 16, 15, 10][12, 17, 22, 0, 26][18, 13, 6, 5, 21][8, 19, 17][11, 25, 28][4, 24, 7][0, 28][7, 28][4, 14][7, 27][18, 22] 
[20, 14, 1, 3, 9, 23][2, 29, 27, 16, 15, 10][12, 17, 22, 0, 26][18, 13, 6, 5, 21][8, 19, 17][11, 25, 28][4, 24, 7][0, 28][7, 28][4, 14][7, 27][18, 22] 
[2, 29, 27, 16, 15, 10][20, 14, 1, 3, 9, 23][12, 17, 22, 0, 26][18, 13, 6, 5, 21][4, 24, 7][11, 25, 28][8, 19, 17][7, 27][4, 14][7, 28][0, 28][18, 22] 
[2, 29, 27, 16, 15, 10][20, 14, 1, 3, 9, 23][12, 17, 22, 0, 26][18, 13, 6, 5, 21][4, 24, 7][11, 25, 28][8, 19, 17][7, 28][7, 27][0, 28][4, 14][18, 22] 
[20, 14, 1, 3, 9, 23][8, 26, 0, 22, 17, 12][19, 18, 13, 6, 5, 21][10, 15, 16, 27, 29][11, 25, 28][4, 24, 7][7, 28][7, 27][4, 14][0, 28][18, 22][2, 29] 
[20, 14, 1, 3, 9, 23][8, 26, 0, 22, 17, 12][19, 18, 13, 6, 5, 21][10, 15, 16, 27, 29][11, 25, 28][4, 24, 7][7, 28][7, 27][4, 14][0, 28][18, 22][2, 29] 
[19, 18, 13, 6, 5, 21][8, 26, 0, 22, 17, 12][20, 14, 1, 3, 9, 23][10, 15, 16, 27, 29][11, 25, 28][4, 24, 7][18, 22][0, 28][7, 28][4, 14][7, 27][2, 29] 
[19, 18, 13, 6, 5, 21][8, 26, 0, 22, 17, 12][20, 14, 1, 3, 9, 23][10, 15, 16, 27, 29][11, 25, 28][4, 24, 7][18, 22][0, 28][7, 28][4, 14][7, 27][2, 29] 
[20, 14, 1, 3, 9, 23][8, 26, 0, 22, 17, 12][19, 18, 13, 6, 5, 21][10, 15, 16, 27, 29][4, 24, 7][11, 25, 28][4, 14][7, 28][0, 28][18, 22][7, 27][2, 29] 
[8, 26, 0, 22, 17, 12][19, 18, 13, 6, 5, 21][20, 14, 1, 3, 9, 23][2, 29, 27, 16, 15, 10][11, 25, 28][4, 24, 7][8, 26][0, 28][18, 22][7, 28][4, 14][7, 27] 
[20, 14, 1, 3, 9, 23][2, 29, 27, 16, 15, 10][18, 13, 6, 5, 21][17, 22, 0, 26][8, 12, 17, 19][4, 24, 7][11, 25, 28][7, 28][4, 14][7, 27][0, 28][18, 22] 
[20, 14, 1, 3, 9, 23][2, 29, 27, 16, 15, 10][18, 13, 6, 5, 21][17, 22, 0, 26][8, 12, 17, 19][4, 24, 7][11, 25, 28][4, 14][7, 27][7, 28][0, 28][18, 22] 
[2, 29, 27, 16, 15, 10][20, 14, 1, 3, 9, 23][18, 13, 6, 5, 21][17, 22, 0, 26][8, 12, 17, 19][4, 24, 7][11, 25, 28][7, 27][4, 14][7, 28][0, 28][18, 22] 
[2, 29, 27, 16, 15, 10][20, 14, 1, 3, 9, 23][18, 13, 6, 5, 21][17, 22, 0, 26][8, 12, 17, 19][4, 24, 7][11, 25, 28][7, 27][7, 28][0, 28][18, 22][4, 14] 
[2, 29, 27, 16, 15, 10][20, 14, 1, 3, 9, 23][18, 13, 6, 5, 21][17, 22, 0, 26][8, 12, 17, 19][4, 24, 7][11, 25, 28][7, 27][4, 14][7, 28][0, 28][18, 22] 
[20, 14, 1, 3, 9, 23][2, 29, 27, 16, 15, 10][12, 17, 22, 0, 26][18, 13, 6, 5, 21][11, 25, 28][4, 24, 7][8, 19, 17][0, 28][7, 28][18, 22][4, 14][7, 27] 
[2, 29, 27, 16, 15, 10][20, 14, 1, 3, 9, 23][18, 13, 6, 5, 21][17, 22, 0, 26][8, 12, 17, 19][11, 25, 28][4, 24, 7][7, 28][7, 27][4, 14][0, 28][18, 22] 
