[13, 18, 19, 12, 8, 26][14, 4, 24, 1, 23][0, 22, 25, 28, 16][5, 21, 10, 15][20, 7, 27, 29][9, 3, 11, 17][6, 2, 27][5, 6][4, 7][1, 9][11, 25][19, 22] 
[13, 18, 19, 12, 8, 26][14, 4, 24, 1, 23][0, 22, 25, 28, 16][20, 7, 27, 29][5, 21, 10, 15][9, 3, 11, 17][6, 2, 27][5, 6][4, 7][1, 9][11, 25][19, 22] 
[13, 18, 19, 12, 8, 26][14, 4, 24, 1, 23][0, 22, 25, 28, 16][9, 3, 11, 17][20, 7, 27, 29][5, 21, 10, 15][6, 2, 27][1, 9][4, 7][11, 25][19, 22][2, 10] 
[13, 18, 19, 12, 8, 26][14, 4, 24, 1, 23][0, 22, 25, 28, 16][20, 7, 27, 29][9, 3, 11, 17][5, 21, 10, 15][6, 2, 27][4, 7][1, 9][2, 10][11, 25][19, 22] 
[13, 18, 19, 12, 8, 26][14, 4, 24, 1, 23][0, 22, 25, 28, 16][20, 7, 27, 29][9, 3, 11, 17][5, 21, 10, 15][6, 2, 27][4, 7][1, 9][11, 25][5, 6][19, 22] 
[13, 18, 19, 12, 8, 26][14, 4, 24, 1, 23][0, 22, 25, 28, 16][20, 7, 27, 29][5, 21, 10, 15][9, 3, 11, 17][6, 2, 27][5, 6][4, 7][1, 9][11, 25][19, 22] 
[13, 18, 19, 12, 8, 26][14, 4, 24, 1, 23][0, 22, 25, 28, 16][20, 7, 27, 29][9, 3, 11, 17][5, 21, 10, 15][6, 2, 27][4, 7][1, 9][2, 10][11, 25][19, 22] 
[13, 18, 19, 12, 8, 26][14, 4, 24, 1, 23][0, 22, 25, 28, 16][20, 7, 27, 29][9, 3, 11, 17][5, 21, 10, 15][6, 2, 27][5, 6][4, 7][1, 9][11, 25][19, 22] 
[13, 18, 19, 12, 8, 26][0, 22, 25, 28, 16][14, 4, 24, 1, 23][9, 3, 11, 17][20, 7, 27, 29][5, 21, 10, 15][6, 2, 27][19, 22][11, 25][1, 9][4, 7][5, 6] 
[13, 18, 19, 12, 8, 26][14, 4, 24, 1, 23][0, 22, 25, 28, 16][9, 3, 11, 17][20, 7, 27, 29][5, 21, 10, 15][6, 2, 27][1, 9][4, 7][11, 25][2, 10][19, 22] 
[13, 18, 19, 12, 8, 26][14, 4, 24, 1, 23][0, 22, 25, 28, 16][20, 7, 27, 29][9, 3, 11, 17][5, 21, 10, 15][6, 2, 27][4, 7][1, 9][11, 25][19, 22][5, 6] 
[13, 18, 19, 12, 8, 26][14, 4, 24, 1, 23][0, 22, 25, 28, 16][9, 3, 11, 17][20, 7, 27, 29][5, 21, 10, 15][6, 2, 27][1, 9][4, 7][11, 25][19, 22][5, 6] 
[13, 18, 19, 12, 8, 26][0, 22, 25, 28, 16][14, 4, 24, 1, 23][9, 3, 11, 17][20, 7, 27, 29][5, 21, 10, 15][6, 2, 27][19, 22][11, 25][1, 9][4, 7][2, 10] 
[13, 18, 19, 12, 8, 26][14, 4, 24, 1, 23][0, 22, 25, 28, 16][20, 7, 27, 29][5, 21, 10, 15][9, 3, 11, 17][6, 2, 27][4, 7][5, 6][1, 9][11, 25][19, 22] 
[13, 18, 19, 12, 8, 26][14, 4, 24, 1, 23][0, 22, 25, 28, 16][20, 7, 27, 29][5, 21, 10, 15][9, 3, 11, 17][6, 2, 27][5, 6][4, 7][1, 9][11, 25][19, 22] 
[13, 18, 19, 12, 8, 26][14, 4, 24, 1, 23][0, 22, 25, 28, 16][20, 7, 27, 29][9, 3, 11, 17][5, 21, 10, 15][6, 2, 27][5, 6][4, 7][1, 9][11, 25][19, 22] 
[13, 18, 19, 12, 8, 26][0, 22, 25, 28, 16][14, 4, 24, 1, 23][9, 3, 11, 17][20, 7, 27, 29][5, 21, 10, 15][6, 2, 27][11, 25][1, 9][4, 7][19, 22][5, 6] 
[13, 18, 19, 12, 8, 26][14, 4, 24, 1, 23][0, 22, 25, 28, 16][9, 3, 11, 17][20, 7, 27, 29][5, 21, 10, 15][6, 2, 27][1, 9][4, 7][11, 25][5, 6][19, 22] 
[13, 18, 19, 12, 8, 26][14, 4, 24, 1, 23][0, 22, 25, 28, 16][20, 7, 27, 29][5, 21, 10, 15][9, 3, 11, 17][6, 2, 27][4, 7][5, 6][1, 9][11, 25][19, 22] 
[13, 18, 19, 12, 8, 26][0, 22, 25, 28, 16][14, 4, 24, 1, 23][9, 3, 11, 17][20, 7, 27, 29][5, 21, 10, 15][6, 2, 27][19, 22][11, 25][1, 9][4, 7][5, 6] 
[13, 18, 19, 12, 8, 26][14, 4, 24, 1, 23][0, 22, 25, 28, 16][9, 3, 11, 17][20, 7, 27, 29][5, 21, 10, 15][6, 2, 27][1, 9][11, 25][4, 7][19, 22][5, 6] 
[13, 18, 19, 12, 8, 26][14, 4, 24, 1, 23][0, 22, 25, 28, 16][5, 21, 10, 15][20, 7, 27, 29][9, 3, 11, 17][6, 2, 27][5, 6][4, 7][1, 9][11, 25][19, 22] 
[13, 18, 19, 12, 8, 26][0, 22, 25, 28, 16][14, 4, 24, 1, 23][9, 3, 11, 17][20, 7, 27, 29][5, 21, 10, 15][6, 2, 27][19, 22][11, 25][1, 9][4, 7][2, 10] 
[13, 18, 19, 12, 8, 26][14, 4, 24, 1, 23][0, 22, 25, 28, 16][5, 21, 10, 15][20, 7, 27, 29][9, 3, 11, 17][6, 2, 27][5, 6][4, 7][1, 9][11, 25][19, 22] 
[13, 18, 19, 12, 8, 26][0, 22, 25, 28, 16][14, 4, 24, 1, 23][9, 3, 11, 17][20, 7, 27, 29][5, 21, 10, 15][6, 2, 27][19, 22][11, 25][1, 9][4, 7][5, 6] 
[13, 18, 19, 12, 8, 26][0, 22, 25, 28, 16][14, 4, 24, 1, 23][9, 3, 11, 17][20, 7, 27, 29][5, 21, 10, 15][6, 2, 27][19, 22][11, 25][1, 9][4, 7][5, 6] 
[13, 18, 19, 12, 8, 26][14, 4, 24, 1, 23][0, 22, 25, 28, 16][20, 7, 27, 29][9, 3, 11, 17][5, 21, 10, 15][6, 2, 27][4, 7][1, 9][11, 25][19, 22][5, 6] 
[13, 18, 19, 12, 8, 26][0, 22, 25, 28, 16][14, 4, 24, 1, 23][9, 3, 11, 17][20, 7, 27, 29][5, 21, 10, 15][6, 2, 27][11, 25][1, 9][19, 22][4, 7][5, 6] 
[13, 18, 19, 12, 8, 26][14, 4, 24, 1, 23][0, 22, 25, 28, 16][9, 3, 11, 17][20, 7, 27, 29][5, 21, 10, 15][6, 2, 27][1, 9][11, 25][4, 7][5, 6][19, 22] 
[13, 18, 19, 12, 8, 26][14, 4, 24, 1, 23][0, 22, 25, 28, 16][20, 7, 27, 29][9, 3, 11, 17][5, 21, 10, 15][6, 2, 27][4, 7][1, 9][11, 25][19, 22][5, 6] 
[13, 18, 19, 12, 8, 26][14, 4, 24, 1, 23][0, 22, 25, 28, 16][20, 7, 27, 29][9, 3, 11, 17][5, 21, 10, 15][6, 2, 27][4, 7][1, 9][11, 25][5, 6][19, 22] 
[13, 18, 19, 12, 8, 26][14, 4, 24, 1, 23][0, 22, 25, 28, 16][20, 7, 27, 29][5, 21, 10, 15][9, 3, 11, 17][6, 2, 27][4, 7][5, 6][1, 9][11, 25][19, 22] 
[13, 18, 19, 12, 8, 26][0, 22, 25, 28, 16][14, 4, 24, 1, 23][9, 3, 11, 17][20, 7, 27, 29][5, 21, 10, 15][6, 2, 27][11, 25][1, 9][19, 22][4, 7][5, 6] 
[13, 18, 19, 12, 8, 26][14, 4, 24, 1, 23][0, 22, 25, 28, 16][20, 7, 27, 29][5, 21, 10, 15][9, 3, 11, 17][6, 2, 27][4, 7][5, 6][1, 9][11, 25][19, 22] 
[13, 18, 19, 12, 8, 26][14, 4, 24, 1, 23][0, 22, 25, 28, 16][9, 3, 11, 17][20, 7, 27, 29][5, 21, 10, 15][6, 2, 27][1, 9][11, 25][4, 7][19, 22][5, 6] 
[2, 27, 29, 10, 21, 5, 6, 13, 18, 12, 8, 26, 0, 19][14, 24, 7, 20, 23, 9, 1, 3, 11, 17, 28][0, 22, 25, 28, 16][4, 7][15, 16][11, 17][11, 17][13, 18][13, 18][13, 18][12, 18][1, 9] 
[2, 27, 29, 10, 21, 5, 6, 13, 18, 12, 8, 26, 0, 19][14, 24, 7, 20, 23, 9, 1, 3, 11, 17, 28][0, 22, 25, 28, 16][4, 7][15, 16][11, 17][11, 17][13, 18][13, 18][13, 18][12, 18][1, 9] 
[2, 27, 29, 10, 21, 5, 6, 13, 18, 12, 8, 26, 0, 19][14, 24, 7, 20, 23, 9, 1, 3, 11, 17, 28][0, 22, 25, 28, 16][4, 7][15, 16][11, 17][11, 17][13, 18][13, 18][13, 18][12, 18][1, 9] 
[2, 27, 29, 10, 21, 5, 6, 13, 18, 12, 8, 26, 0, 19][14, 24, 7, 20, 23, 9, 1, 3, 11, 17, 28][0, 22, 25, 28][11, 17][16, 28][15, 16][4, 7][12, 18][12, 18][12, 18][12, 18][12, 18] 
[2, 27, 29, 10, 21, 5, 6, 13, 18, 12, 8, 26, 0, 19][14, 24, 7, 20, 23, 9, 1, 3, 11, 17, 28][0, 22, 25, 28][11, 17][16, 28][15, 16][4, 7][12, 18][12, 18][12, 18][12, 18][12, 18] 
[2, 27, 29, 10, 21, 5, 6, 13, 18, 12, 8, 26, 0, 19][14, 24, 7, 20, 23, 9, 1, 3, 11, 17, 28][16, 28, 25, 22][1, 9][4, 7][15, 16][15, 21][12, 18][11, 17][11, 17][27, 29][12, 18] 
[2, 27, 29, 10, 21, 5, 6, 13, 18, 12, 8, 26, 0, 19][14, 24, 7, 20, 23, 9, 1, 3, 11, 17, 28][0, 22, 25, 28, 16][4, 7][15, 16][11, 17][11, 17][13, 18][13, 18][13, 18][12, 18][1, 9] 
[2, 27, 29, 10, 21, 5, 6, 13, 18, 12, 8, 26, 0, 19][14, 24, 7, 20, 23, 9, 1, 3, 11, 17, 28][0, 22, 25, 28, 16][4, 7][15, 16][11, 17][11, 17][13, 18][13, 18][13, 18][12, 18][1, 9] 
[2, 27, 29, 10, 21, 5, 6, 13, 18, 12, 8, 26, 0, 19][14, 24, 7, 20, 23, 9, 1, 3, 11, 17, 28][0, 22, 25, 28][11, 17][16, 28][15, 16][4, 7][12, 18][12, 18][12, 18][12, 18][12, 18] 
[2, 27, 29, 10, 21, 5, 6, 13, 18, 12, 8, 26, 0, 19][14, 24, 7, 20, 23, 9, 1, 3, 11, 17, 28][0, 22, 25, 28, 16][11, 17][4, 7][15, 16][13, 18][12, 18][11, 17][12, 18][11, 17][11, 17] 
[2, 27, 29, 10, 21, 5, 6, 13, 18, 12, 8, 26, 0, 19][14, 24, 7, 20, 23, 9, 1, 3, 11, 17, 28][0, 22, 25, 28, 16][4, 7][15, 16][11, 17][11, 17][13, 18][13, 18][13, 18][12, 18][1, 9] 
[2, 27, 29, 10, 21, 5, 6, 13, 18, 12, 8, 26, 0, 19][14, 24, 7, 20, 23, 9, 1, 3, 11, 17, 28][0, 22, 25, 28, 16][4, 7][15, 16][11, 17][11, 17][13, 18][13, 18][13, 18][12, 18][1, 9] 
[2, 27, 29, 10, 21, 5, 6, 13, 18, 12, 8, 26, 0, 19][14, 24, 7, 20, 23, 9, 1, 3, 11, 17, 28][0, 22, 25, 28][11, 17][16, 28][15, 16][4, 7][12, 18][12, 18][12, 18][12, 18][12, 18] 
[2, 27, 29, 10, 21, 5, 6, 13, 18, 12, 8, 26, 0, 19][14, 24, 7, 20, 23, 9, 1, 3, 11, 17, 28][0, 22, 25, 28, 16][4, 7][15, 16][11, 17][11, 17][13, 18][13, 18][13, 18][12, 18][1, 9] 
[2, 27, 29, 10, 21, 5, 6, 13, 18, 12, 8, 26, 0, 19][14, 24, 7, 20, 23, 9, 1, 3, 11, 17, 28][0, 22, 25, 28, 16][11, 17][4, 7][15, 16][13, 18][12, 18][11, 17][12, 18][11, 17][11, 17] 
[2, 27, 29, 10, 21, 5, 6, 13, 18, 12, 8, 26, 0, 19][14, 24, 7, 20, 23, 9, 1, 3, 11, 17, 28][6, 13, 18, 19, 8, 26, 0, 22, 25, 28, 16][15, 16][4, 7][11, 17][12, 18][12, 18][12, 18][12, 18][11, 17][12, 18] 
[2, 27, 29, 10, 21, 5, 6, 13, 18, 12, 8, 26, 0, 19][14, 24, 7, 20, 23, 9, 1, 3, 11, 17, 28][6, 13, 18, 19, 8, 26, 0, 22, 25, 28, 16][15, 16][4, 7][11, 17][12, 18][12, 18][12, 18][12, 18][11, 17][12, 18] 
[2, 27, 29, 10, 21, 5, 6, 13, 18, 12, 8, 26, 0, 19][14, 24, 7, 20, 23, 9, 1, 3, 11, 17, 28][0, 22, 25, 28, 16][11, 17][4, 24][15, 16][12, 18][11, 17][12, 18][11, 17][13, 18][12, 18] 
[2, 27, 29, 10, 21, 5, 6, 13, 18, 12, 8, 26, 0, 19][14, 24, 7, 20, 23, 9, 1, 3, 11, 17, 28][6, 13, 18, 19, 8, 26, 0, 22, 25, 28, 16][15, 16][4, 7][11, 17][12, 18][12, 18][12, 18][12, 18][11, 17][12, 18] 
[2, 27, 29, 10, 21, 5, 6, 13, 18, 12, 8, 26, 0, 19][14, 24, 7, 20, 23, 9, 1, 3, 11, 17, 28][6, 13, 18, 19, 8, 26, 0, 22, 25, 28, 16][15, 16][4, 7][11, 17][12, 18][12, 18][12, 18][12, 18][11, 17][12, 18] 
[2, 27, 29, 10, 21, 5, 6, 13, 18, 12, 8, 26, 0, 19][14, 24, 7, 20, 23, 9, 1, 3, 11, 17, 28][6, 13, 18, 19, 8, 26, 0, 22, 25, 28, 16][15, 16][4, 7][11, 17][12, 18][12, 18][12, 18][12, 18][11, 17][12, 18] 
[13, 18, 19, 12, 8, 26][0, 22, 25, 28, 16][14, 4, 24, 1, 23][9, 3, 11, 17][20, 7, 27, 29][5, 21, 10, 15][6, 2, 27][11, 25][19, 22][1, 9][4, 7][2, 10] 
[13, 18, 19, 12, 8, 26][14, 4, 24, 1, 23][0, 22, 25, 28, 16][5, 21, 10, 15][20, 7, 27, 29][9, 3, 11, 17][6, 2, 27][2, 10][4, 7][1, 9][11, 25][19, 22] 
[13, 18, 19, 12, 8, 26][0, 22, 25, 28, 16][14, 4, 24, 1, 23][9, 3, 11, 17][20, 7, 27, 29][5, 21, 10, 15][6, 2, 27][19, 22][11, 25][1, 9][4, 7][2, 10] 
[13, 18, 19, 12, 8, 26][14, 4, 24, 1, 23][0, 22, 25, 28, 16][20, 7, 27, 29][9, 3, 11, 17][5, 21, 10, 15][6, 2, 27][4, 7][1, 9][11, 25][19, 22][2, 10] 
[13, 18, 19, 12, 8, 26][14, 4, 24, 1, 23][0, 22, 25, 28, 16][9, 3, 11, 17][20, 7, 27, 29][5, 21, 10, 15][6, 2, 27][1, 9][4, 7][11, 25][19, 22][2, 10] 
[13, 18, 19, 12, 8, 26][14, 4, 24, 1, 23][0, 22, 25, 28, 16][9, 3, 11, 17][20, 7, 27, 29][5, 21, 10, 15][6, 2, 27][1, 9][11, 25][4, 7][19, 22][2, 10] 
[13, 18, 19, 12, 8, 26][14, 4, 24, 1, 23][0, 22, 25, 28, 16][5, 21, 10, 15][20, 7, 27, 29][9, 3, 11, 17][6, 2, 27][2, 10][4, 7][1, 9][11, 25][19, 22] 
[13, 18, 19, 12, 8, 26][14, 4, 24, 1, 23][0, 22, 25, 28, 16][5, 21, 10, 15][20, 7, 27, 29][9, 3, 11, 17][6, 2, 27][2, 10][4, 7][1, 9][11, 25][19, 22] 
[13, 18, 19, 12, 8, 26][14, 4, 24, 1, 23][0, 22, 25, 28, 16][9, 3, 11, 17][20, 7, 27, 29][5, 21, 10, 15][6, 2, 27][1, 9][4, 7][2, 10][19, 22][11, 25] 
[13, 18, 19, 12, 8, 26][0, 22, 25, 28, 16][14, 4, 24, 1, 23][9, 3, 11, 17][20, 7, 27, 29][5, 21, 10, 15][6, 2, 27][11, 25][19, 22][1, 9][4, 7][2, 10] 
[13, 18, 19, 12, 8, 26][14, 4, 24, 1, 23][0, 22, 25, 28, 16][20, 7, 27, 29][5, 21, 10, 15][9, 3, 11, 17][6, 2, 27][2, 10][4, 7][1, 9][11, 25][19, 22] 
[13, 18, 19, 12, 8, 26][0, 22, 25, 28, 16][14, 4, 24, 1, 23][9, 3, 11, 17][20, 7, 27, 29][5, 21, 10, 15][6, 2, 27][11, 25][19, 22][1, 9][4, 7][2, 10] 
[13, 18, 19, 12, 8, 26][14, 4, 24, 1, 23][0, 22, 25, 28, 16][9, 3, 11, 17][20, 7, 27, 29][5, 21, 10, 15][6, 2, 27][1, 9][4, 7][2, 10][19, 22][11, 25] 
[13, 18, 19, 12, 8, 26][14, 4, 24, 1, 23][0, 22, 25, 28, 16][5, 21, 10, 15][20, 7, 27, 29][9, 3, 11, 17][6, 2, 27][2, 10][4, 7][1, 9][11, 25][19, 22] 
[13, 18, 19, 12, 8, 26][14, 4, 24, 1, 23][0, 22, 25, 28, 16][9, 3, 11, 17][20, 7, 27, 29][5, 21, 10, 15][6, 2, 27][1, 9][11, 25][4, 7][2, 10][19, 22] 
[13, 18, 19, 12, 8, 26][14, 4, 24, 1, 23][0, 22, 25, 28, 16][5, 21, 10, 15][20, 7, 27, 29][9, 3, 11, 17][6, 2, 27][5, 6][4, 7][1, 9][11, 25][19, 22] 
[13, 18, 19, 12, 8, 26][14, 4, 24, 1, 23][0, 22, 25, 28, 16][20, 7, 27, 29][9, 3, 11, 17][5, 21, 10, 15][6, 2, 27][5, 6][4, 7][1, 9][11, 25][19, 22] 
[13, 18, 19, 12, 8, 26][0, 22, 25, 28, 16][14, 4, 24, 1, 23][9, 3, 11, 17][20, 7, 27, 29][5, 21, 10, 15][6, 2, 27][11, 25][1, 9][19, 22][4, 7][5, 6] 
[13, 18, 19, 12, 8, 26][14, 4, 24, 1, 23][0, 22, 25, 28, 16][9, 3, 11, 17][20, 7, 27, 29][5, 21, 10, 15][6, 2, 27][1, 9][4, 7][11, 25][19, 22][5, 6] 
[13, 18, 19, 12, 8, 26][0, 22, 25, 28, 16][14, 4, 24, 1, 23][9, 3, 11, 17][20, 7, 27, 29][5, 21, 10, 15][6, 2, 27][11, 25][1, 9][19, 22][4, 7][5, 6] 
[13, 18, 19, 12, 8, 26][0, 22, 25, 28, 16][14, 4, 24, 1, 23][9, 3, 11, 17][20, 7, 27, 29][5, 21, 10, 15][6, 2, 27][19, 22][11, 25][1, 9][4, 7][5, 6] 
[13, 18, 19, 12, 8, 26][0, 22, 25, 28, 16][14, 4, 24, 1, 23][9, 3, 11, 17][20, 7, 27, 29][5, 21, 10, 15][6, 2, 27][19, 22][11, 25][1, 9][4, 7][2, 10] 
[13, 18, 19, 12, 8, 26][0, 22, 25, 28, 16][14, 4, 24, 1, 23][9, 3, 11, 17][20, 7, 27, 29][5, 21, 10, 15][6, 2, 27][11, 25][19, 22][1, 9][4, 7][2, 10] 
[13, 18, 19, 12, 8, 26][14, 4, 24, 1, 23][0, 22, 25, 28, 16][9, 3, 11, 17][20, 7, 27, 29][5, 21, 10, 15][6, 2, 27][1, 9][11, 25][4, 7][19, 22][2, 10] 
[13, 18, 19, 12, 8, 26][14, 4, 24, 1, 23][0, 22, 25, 28, 16][20, 7, 27, 29][5, 21, 10, 15][9, 3, 11, 17][6, 2, 27][2, 10][4, 7][1, 9][11, 25][19, 22] 
[13, 18, 19, 12, 8, 26][14, 4, 24, 1, 23][0, 22, 25, 28, 16][20, 7, 27, 29][9, 3, 11, 17][5, 21, 10, 15][6, 2, 27][4, 7][1, 9][2, 10][11, 25][19, 22] 
[13, 18, 19, 12, 8, 26][0, 22, 25, 28, 16][14, 4, 24, 1, 23][9, 3, 11, 17][20, 7, 27, 29][5, 21, 10, 15][6, 2, 27][11, 25][19, 22][1, 9][4, 7][6, 10] 
[13, 18, 19, 12, 8, 26][0, 22, 25, 28, 16][14, 4, 24, 1, 23][9, 3, 11, 17][20, 7, 27, 29][5, 21, 10, 15][6, 2, 27][19, 22][11, 25][1, 9][4, 7][2, 10] 
[13, 18, 19, 12, 8, 26][0, 22, 25, 28, 16][14, 4, 24, 1, 23][9, 3, 11, 17][20, 7, 27, 29][5, 21, 10, 15][6, 2, 27][19, 22][11, 25][1, 9][4, 7][5, 6] 
[13, 18, 19, 12, 8, 26][14, 4, 24, 1, 23][0, 22, 25, 28, 16][20, 7, 27, 29][5, 21, 10, 15][9, 3, 11, 17][6, 2, 27][4, 7][5, 6][1, 9][11, 25][19, 22] 
[13, 18, 19, 12, 8, 26][14, 4, 24, 1, 23][0, 22, 25, 28, 16][5, 21, 10, 15][20, 7, 27, 29][9, 3, 11, 17][6, 2, 27][5, 6][4, 7][1, 9][11, 25][19, 22] 
[13, 18, 19, 12, 8, 26][14, 4, 24, 1, 23][0, 22, 25, 28, 16][20, 7, 27, 29][9, 3, 11, 17][5, 21, 10, 15][6, 2, 27][5, 6][4, 7][1, 9][11, 25][19, 22] 
[13, 18, 19, 12, 8, 26][14, 4, 24, 1, 23][0, 22, 25, 28, 16][20, 7, 27, 29][9, 3, 11, 17][5, 21, 10, 15][6, 2, 27][5, 6][4, 7][1, 9][11, 25][19, 22] 
[13, 18, 19, 12, 8, 26][0, 22, 25, 28, 16][14, 4, 24, 1, 23][9, 3, 11, 17][20, 7, 27, 29][5, 21, 10, 15][6, 2, 27][11, 25][1, 9][19, 22][4, 7][5, 6] 
[13, 18, 19, 12, 8, 26][0, 22, 25, 28, 16][14, 4, 24, 1, 23][9, 3, 11, 17][20, 7, 27, 29][5, 21, 10, 15][6, 2, 27][19, 22][11, 25][1, 9][4, 7][5, 6] 
[13, 18, 19, 12, 8, 26][0, 22, 25, 28, 16][14, 4, 24, 1, 23][9, 3, 11, 17][20, 7, 27, 29][5, 21, 10, 15][6, 2, 27][19, 22][11, 25][1, 9][4, 7][5, 6] 
[13, 18, 19, 12, 8, 26][0, 22, 25, 28, 16][14, 4, 24, 1, 23][9, 3, 11, 17][20, 7, 27, 29][5, 21, 10, 15][6, 2, 27][11, 25][1, 9][19, 22][4, 7][5, 6] 
[13, 18, 19, 12, 8, 26][0, 22, 25, 28, 16][14, 4, 24, 1, 23][9, 3, 11, 17][20, 7, 27, 29][5, 21, 10, 15][6, 2, 27][19, 22][11, 25][1, 9][4, 7][5, 6] 
[13, 18, 19, 12, 8, 26][0, 22, 25, 28, 16][14, 4, 24, 1, 23][9, 3, 11, 17][20, 7, 27, 29][5, 21, 10, 15][6, 2, 27][11, 25][1, 9][19, 22][4, 7][5, 6] 
[13, 18, 19, 12, 8, 26][0, 22, 25, 28, 16][14, 4, 24, 1, 23][9, 3, 11, 17][20, 7, 27, 29][5, 21, 10, 15][6, 2, 27][19, 22][11, 25][1, 9][4, 7][5, 6] 
[13, 18, 19, 12, 8, 26][0, 22, 25, 28, 16][14, 4, 24, 1, 23][9, 3, 11, 17][20, 7, 27, 29][5, 21, 10, 15][6, 2, 27][11, 25][1, 9][19, 22][4, 7][5, 6] 
[13, 18, 19, 12, 8, 26][14, 4, 24, 1, 23][0, 22, 25, 28, 16][9, 3, 11, 17][20, 7, 27, 29][5, 21, 10, 15][6, 2, 27][1, 9][11, 25][4, 7][5, 6][19, 22] 
[13, 18, 19, 12, 8, 26][14, 4, 24, 1, 23][0, 22, 25, 28, 16][5, 21, 10, 15][20, 7, 27, 29][9, 3, 11, 17][6, 2, 27][5, 6][4, 7][1, 9][11, 25][19, 22] 
[13, 18, 19, 12, 8, 26][10, 6, 5, 15, 21][14, 4, 24, 1, 23][0, 22, 25, 28, 16][20, 7, 27, 29][9, 3, 11, 17][2, 27][2, 6][4, 7][1, 9][11, 25][19, 22] 
[13, 18, 19, 12, 8, 26][10, 6, 5, 15, 21][14, 4, 24, 1, 23][0, 22, 25, 28, 16][20, 7, 27, 29][9, 3, 11, 17][2, 6][4, 7][1, 9][11, 25][19, 22][2, 27] 
[13, 18, 19, 12, 8, 26][0, 22, 25, 28, 16][14, 4, 24, 1, 23][10, 6, 5, 15, 21][9, 3, 11, 17][20, 7, 27, 29][11, 25][1, 9][4, 7][19, 22][2, 27][2, 6] 
[13, 18, 19, 12, 8, 26][10, 6, 5, 15, 21][14, 4, 24, 1, 23][0, 22, 25, 28, 16][20, 7, 27, 29][9, 3, 11, 17][2, 6][4, 7][1, 9][11, 25][19, 22][2, 27] 
[13, 18, 19, 12, 8, 26][0, 22, 25, 28, 16][14, 4, 24, 1, 23][10, 6, 5, 15, 21][9, 3, 11, 17][20, 7, 27, 29][11, 25][1, 9][4, 7][19, 22][2, 27][2, 6] 
[13, 18, 19, 12, 8, 26][0, 22, 25, 28, 16][14, 4, 24, 1, 23][10, 6, 5, 15, 21][9, 3, 11, 17][20, 7, 27, 29][6, 2, 27][19, 22][11, 25][1, 9][4, 7][6, 10] 
[13, 18, 19, 12, 8, 26][14, 4, 24, 1, 23][0, 22, 25, 28, 16][5, 21, 10, 15][20, 7, 27, 29][9, 3, 11, 17][6, 2, 27][2, 10][4, 7][1, 9][11, 25][19, 22] 
[13, 18, 19, 12, 8, 26][0, 22, 25, 28, 16][14, 4, 24, 1, 23][9, 3, 11, 17][20, 7, 27, 29][5, 21, 10, 15][6, 2, 27][19, 22][11, 25][1, 9][4, 7][2, 10] 
[13, 18, 19, 12, 8, 26][14, 4, 24, 1, 23][0, 22, 25, 28, 16][20, 7, 27, 29][5, 21, 10, 15][9, 3, 11, 17][6, 2, 27][2, 10][4, 7][1, 9][11, 25][19, 22] 
[13, 18, 19, 12, 8, 26][14, 4, 24, 1, 23][0, 22, 25, 28, 16][5, 21, 10, 15][20, 7, 27, 29][9, 3, 11, 17][6, 2, 27][2, 10][4, 7][1, 9][11, 25][19, 22] 
[13, 18, 19, 12, 8, 26][0, 22, 25, 28, 16][14, 4, 24, 1, 23][9, 3, 11, 17][20, 7, 27, 29][5, 21, 10, 15][6, 2, 27][11, 25][19, 22][1, 9][4, 7][2, 10] 
[13, 18, 19, 12, 8, 26][14, 4, 24, 1, 23][0, 22, 25, 28, 16][9, 3, 11, 17][20, 7, 27, 29][5, 21, 10, 15][6, 2, 27][1, 9][4, 7][11, 25][5, 6][19, 22] 
[13, 18, 19, 12, 8, 26][14, 4, 24, 1, 23][0, 22, 25, 28, 16][5, 21, 10, 15][20, 7, 27, 29][9, 3, 11, 17][6, 2, 27][2, 10][4, 7][1, 9][11, 25][19, 22] 
