[4, 20, 23, 1, 9, 14, 11][3, 24, 7, 10, 15][5, 21, 2, 27, 29][22, 17, 28, 25][12, 19, 8, 26][13, 6, 16][18, 0, 22][1, 3][7, 16][5, 6][13, 18][0, 12] 
[4, 20, 23, 1, 9, 14, 11][3, 24, 7, 10, 15][5, 21, 2, 27, 29][18, 0, 22, 17, 28][12, 19, 8, 26][13, 6, 16][1, 3][7, 25][7, 16][5, 6][25, 28][0, 12] 
[4, 20, 23, 1, 9, 14, 11][18, 0, 22, 17, 28][3, 24, 7, 10, 15][5, 21, 2, 27, 29][12, 19, 8, 26][16, 7, 25][0, 12][25, 28][1, 3][13, 18][6, 13][5, 6] 
[4, 20, 23, 1, 9, 14, 11][3, 24, 7, 10, 15][18, 0, 22, 17, 28][5, 21, 2, 27, 29][12, 19, 8, 26][16, 7, 25][1, 3][25, 28][0, 12][13, 18][6, 13][5, 6] 
[4, 20, 23, 1, 9, 14, 11][5, 21, 2, 27, 29][18, 0, 22, 17, 28][15, 10, 7, 24][12, 19, 8, 26][13, 6, 16][16, 7, 25][5, 6][13, 18][3, 24][0, 12][1, 3] 
[4, 20, 23, 1, 9, 14, 11][5, 21, 2, 27, 29][18, 0, 22, 17, 28][15, 10, 7, 24][12, 19, 8, 26][16, 7, 25][13, 6, 16][1, 3][3, 24][5, 6][25, 28][0, 12] 
[4, 20, 23, 1, 9, 14, 11][5, 21, 2, 27, 29][18, 0, 22, 17, 28][15, 10, 7, 24][12, 19, 8, 26][13, 6, 16][16, 7, 25][5, 6][25, 28][0, 12][3, 24][1, 3] 
[4, 20, 23, 1, 9, 14, 11][18, 0, 22, 17, 28][5, 21, 2, 27, 29][15, 10, 7, 24][12, 19, 8, 26][16, 7, 25][13, 6, 16][1, 3][13, 18][5, 6][0, 12][3, 24] 
[4, 20, 23, 1, 9, 14, 11][5, 21, 2, 27, 29][18, 0, 22, 17, 28][15, 10, 7, 24][12, 19, 8, 26][16, 7, 25][13, 6, 16][1, 3][3, 24][5, 6][25, 28][0, 12] 
[4, 20, 23, 1, 9, 14, 11][18, 0, 22, 17, 28][5, 21, 2, 27, 29][15, 10, 7, 24][12, 19, 8, 26][16, 7, 25][13, 6, 16][1, 3][13, 18][5, 6][0, 12][3, 24] 
[4, 20, 23, 1, 9, 14, 11][18, 0, 22, 17, 28][5, 21, 2, 27, 29][3, 24, 7, 10, 15][12, 19, 8, 26][22, 17, 28, 25][13, 6, 16][0, 12][13, 18][5, 6][7, 16][1, 3] 
[4, 20, 23, 1, 9, 14, 11][3, 24, 7, 10, 15][5, 21, 2, 27, 29][18, 0, 22, 17, 28][12, 19, 8, 26][13, 6, 16][1, 3][7, 16][5, 6][7, 25][25, 28][0, 12] 
[4, 20, 23, 1, 9, 14, 11][18, 0, 22, 17, 28][3, 24, 7, 10, 15][5, 21, 2, 27, 29][12, 19, 8, 26][16, 7, 25][0, 12][25, 28][1, 3][13, 18][6, 13][5, 6] 
[4, 20, 23, 1, 9, 14, 11][5, 21, 2, 27, 29][18, 0, 22, 17, 28][15, 10, 7, 24][12, 19, 8, 26][13, 6, 16][16, 7, 25][5, 6][13, 18][3, 24][0, 12][1, 3] 
[4, 20, 23, 1, 9, 14, 11][5, 21, 2, 27, 29][18, 0, 22, 17, 28][15, 10, 7, 24][12, 19, 8, 26][13, 6, 16][16, 7, 25][5, 6][25, 28][0, 12][3, 24][1, 3] 
[4, 20, 23, 1, 9, 14, 11][5, 21, 2, 27, 29][18, 0, 22, 17, 28][15, 10, 7, 24][12, 19, 8, 26][13, 6, 16][16, 7, 25][5, 6][13, 18][3, 24][0, 12][1, 3] 
[4, 20, 23, 1, 9, 14, 11][3, 24, 7, 10, 15][5, 21, 2, 27, 29][18, 0, 22, 17, 28][12, 19, 8, 26][22, 17, 28, 25][13, 6, 16][1, 3][7, 16][5, 6][13, 18][0, 12] 
[4, 20, 23, 1, 9, 14, 11][3, 24, 7, 10, 15][5, 21, 2, 27, 29][18, 0, 22, 17, 28][12, 19, 8, 26][13, 6, 16][1, 3][7, 25][7, 16][5, 6][25, 28][0, 12] 
[4, 20, 23, 1, 9, 14, 11][18, 0, 22, 17, 28][5, 21, 2, 27, 29][15, 10, 7, 24][12, 19, 8, 26][13, 6, 16][16, 7, 25][13, 18][0, 12][5, 6][1, 3][3, 24] 
[4, 20, 23, 1, 9, 14, 11][18, 0, 22, 17, 28][5, 21, 2, 27, 29][3, 24, 7, 10, 15][12, 19, 8, 26][13, 6, 16][17, 28, 25][13, 18][0, 12][5, 6][7, 16][1, 3] 
[4, 20, 23, 1, 9, 14, 11][18, 0, 22, 17, 28][5, 21, 2, 27, 29][3, 24, 7, 10, 15][12, 19, 8, 26][22, 17, 28, 25][13, 6, 16][0, 12][13, 18][5, 6][7, 16][1, 3] 
[4, 20, 23, 1, 9, 14, 11][3, 24, 7, 10, 15][18, 0, 22, 17, 28][5, 21, 2, 27, 29][12, 19, 8, 26][13, 6, 16][7, 16][7, 25][1, 3][25, 28][0, 12][5, 6] 
[4, 20, 23, 1, 9, 14, 11][3, 24, 7, 10, 15][18, 0, 22, 17, 28][5, 21, 2, 27, 29][12, 19, 8, 26][16, 7, 25][1, 3][25, 28][0, 12][13, 18][6, 13][5, 6] 
[4, 20, 23, 1, 9, 14, 11][18, 0, 22, 17, 28][5, 21, 2, 27, 29][15, 10, 7, 24][12, 19, 8, 26][13, 6, 16][16, 7, 25][13, 18][0, 12][5, 6][1, 3][3, 24] 
[4, 20, 23, 1, 9, 14, 11][5, 21, 2, 27, 29][18, 0, 22, 17, 28][15, 10, 7, 24][12, 19, 8, 26][16, 7, 25][13, 6, 16][3, 24][1, 3][5, 6][25, 28][0, 12] 
[4, 20, 23, 1, 9, 14, 11][5, 21, 2, 27, 29][18, 0, 22, 17, 28][15, 10, 7, 24][12, 19, 8, 26][13, 6, 16][16, 7, 25][5, 6][13, 18][3, 24][0, 12][1, 3] 
[4, 20, 23, 1, 9, 14, 11][3, 24, 7, 10, 15][5, 21, 2, 27, 29][18, 0, 22, 17, 28][12, 19, 8, 26][22, 17, 28, 25][13, 6, 16][1, 3][7, 16][5, 6][13, 18][0, 12] 
[4, 20, 23, 1, 9, 14, 11][3, 24, 7, 10, 15][18, 0, 22, 17, 28][5, 21, 2, 27, 29][12, 19, 8, 26][13, 6, 16][1, 3][7, 25][25, 28][7, 16][0, 12][5, 6] 
[4, 20, 23, 1, 9, 14, 11][18, 0, 22, 17, 28][5, 21, 2, 27, 29][15, 10, 7, 24][12, 19, 8, 26][13, 6, 16][16, 7, 25][13, 18][0, 12][5, 6][1, 3][3, 24] 
[4, 20, 23, 1, 9, 14, 11][3, 24, 7, 10, 15][5, 21, 2, 27, 29][18, 0, 22, 17, 28][12, 19, 8, 26][22, 17, 28, 25][13, 6, 16][1, 3][7, 16][5, 6][13, 18][0, 12] 
[4, 20, 23, 1, 9, 14, 11][3, 24, 7, 10, 15][5, 21, 2, 27, 29][18, 0, 22, 17, 28][12, 19, 8, 26][22, 17, 28, 25][13, 6, 16][1, 3][7, 16][5, 6][13, 18][0, 12] 
[4, 20, 23, 1, 9, 14, 11][3, 24, 7, 10, 15][18, 0, 22, 17, 28][5, 21, 2, 27, 29][12, 19, 8, 26][13, 6, 16][7, 16][7, 25][1, 3][25, 28][0, 12][5, 6] 
[4, 20, 23, 1, 9, 14, 11][18, 0, 22, 17, 28][5, 21, 2, 27, 29][15, 10, 7, 24][12, 19, 8, 26][13, 6, 16][16, 7, 25][13, 18][0, 12][5, 6][1, 3][3, 24] 
[4, 20, 23, 1, 9, 14, 11][3, 24, 7, 10, 15][5, 21, 2, 27, 29][18, 0, 22, 17, 28][12, 19, 8, 26][22, 17, 28, 25][13, 6, 16][1, 3][7, 16][5, 6][13, 18][0, 12] 
[4, 20, 23, 1, 9, 14, 11][5, 21, 2, 27, 29][18, 0, 22, 17, 28][3, 24, 7, 10, 15][12, 19, 8, 26][22, 17, 28, 25][13, 6, 16][5, 6][13, 18][7, 16][1, 3][0, 12] 
[3, 9, 23, 4, 20, 14, 11, 25, 0, 26, 8, 12, 19, 18][15, 21, 5, 6, 2, 29, 27, 16][3, 24, 7, 10, 15][0, 22, 17, 28][13, 18][1, 4][5, 21][5, 21][12, 19][5, 21][5, 6][7, 24] 
[3, 9, 23, 4, 20, 14, 11, 25, 0, 26, 8, 12, 19, 18][15, 21, 5, 6, 2, 29, 27, 16][3, 24, 7, 10, 15][0, 22, 17, 28][13, 18][1, 4][5, 21][5, 21][12, 19][5, 21][5, 6][7, 24] 
[3, 9, 23, 4, 20, 14, 11, 25, 0, 26, 8, 12, 19, 18][15, 21, 5, 6, 2, 29, 27, 16][3, 24, 7, 10, 15][0, 22, 17, 28][13, 18][1, 4][5, 21][5, 21][12, 19][5, 21][5, 6][7, 24] 
[9, 23, 4, 20, 14, 11, 25, 0, 26, 8, 12, 19, 18][15, 21, 5, 6, 2, 29, 27, 16][3, 24, 7, 10, 15][0, 22, 17, 28][4, 20][4, 20][1, 3][13, 18][7, 24][7, 25][12, 19][4, 20] 
[9, 23, 4, 20, 14, 11, 25, 0, 26, 8, 12, 19, 18][15, 21, 5, 6, 2, 29, 27, 16][3, 24, 7, 10, 15][0, 22, 17, 28][4, 20][4, 20][1, 3][13, 18][7, 24][7, 25][12, 19][4, 20] 
[9, 23, 4, 20, 14, 11, 25, 0, 26, 8, 12, 19, 18][15, 21, 5, 6, 2, 29, 27, 16][3, 24, 7, 10, 15][0, 22, 17, 28][12, 19, 18][1, 3][6, 13][4, 20][1, 4][5, 21][5, 21][7, 24] 
[3, 9, 23, 4, 20, 14, 11, 25, 0, 26, 8, 12, 19, 18][15, 21, 5, 6, 2, 29, 27, 16][3, 24, 7, 10, 15][0, 22, 17, 28][13, 18][1, 4][5, 21][5, 21][12, 19][5, 21][5, 6][7, 24] 
[3, 9, 23, 4, 20, 14, 11, 25, 0, 26, 8, 12, 19, 18][15, 21, 5, 6, 2, 29, 27, 16][3, 24, 7, 10, 15][0, 22, 17, 28][13, 18][1, 4][5, 21][5, 21][12, 19][5, 21][5, 6][7, 24] 
[9, 23, 4, 20, 14, 11, 25, 0, 26, 8, 12, 19, 18][15, 21, 5, 6, 2, 29, 27, 16][3, 24, 7, 10, 15][0, 22, 17, 28][4, 20][4, 20][1, 3][13, 18][7, 24][7, 25][12, 19][4, 20] 
[3, 9, 23, 4, 20, 14, 11, 25, 0, 26, 8, 12, 19, 18][15, 21, 5, 6, 2, 29, 27, 16][3, 24, 7, 10, 15][0, 22, 17, 28][13, 18][1, 4][5, 21][5, 21][12, 19][5, 21][5, 6][7, 24] 
[3, 9, 23, 4, 20, 14, 11, 25, 0, 26, 8, 12, 19, 18][15, 21, 5, 6, 2, 29, 27, 16][3, 24, 7, 10, 15][0, 22, 17, 28][13, 18][1, 4][5, 21][5, 21][12, 19][5, 21][5, 6][7, 24] 
[3, 9, 23, 4, 20, 14, 11, 25, 0, 26, 8, 12, 19, 18][15, 21, 5, 6, 2, 29, 27, 16][3, 24, 7, 10, 15][0, 22, 17, 28][13, 18][1, 4][5, 21][5, 21][12, 19][5, 21][5, 6][7, 24] 
[9, 23, 4, 20, 14, 11, 25, 0, 26, 8, 12, 19, 18][15, 21, 5, 6, 2, 29, 27, 16][3, 24, 7, 10, 15][0, 22, 17, 28][4, 20][4, 20][1, 3][13, 18][7, 24][7, 25][12, 19][4, 20] 
[3, 9, 23, 4, 20, 14, 11, 25, 0, 26, 8, 12, 19, 18][15, 21, 5, 6, 2, 29, 27, 16][3, 24, 7, 10, 15][0, 22, 17, 28][13, 18][1, 4][5, 21][5, 21][12, 19][5, 21][5, 6][7, 24] 
[3, 9, 23, 4, 20, 14, 11, 25, 0, 26, 8, 12, 19, 18][15, 21, 5, 6, 2, 29, 27, 16][3, 24, 7, 10, 15][0, 22, 17, 28][13, 18][1, 4][5, 21][5, 21][12, 19][5, 21][5, 6][7, 24] 
[3, 9, 23, 4, 20, 14, 11, 25, 0, 26, 8, 12, 19, 18][15, 21, 5, 6, 2, 29, 27, 16][3, 24, 7, 10, 15][0, 22, 17, 28][13, 18][1, 4][5, 21][5, 21][12, 19][5, 21][5, 6][7, 24] 
[3, 9, 23, 4, 20, 14, 11, 25, 0, 26, 8, 12, 19, 18][15, 21, 5, 6, 2, 29, 27, 16][3, 24, 7, 10, 15][0, 22, 17, 28][13, 18][1, 4][5, 21][5, 21][12, 19][5, 21][5, 6][7, 24] 
[3, 9, 23, 4, 20, 14, 11, 25, 0, 26, 8, 12, 19, 18][15, 21, 5, 6, 2, 29, 27, 16][3, 24, 7, 10, 15][0, 22, 17, 28][5, 21][6, 13][1, 4][7, 24][5, 21][7, 24][7, 24][5, 21] 
[3, 24, 7, 10, 15, 27, 29, 2, 6, 16, 28, 25, 22, 0, 13][3, 9, 23, 4, 20, 14, 11, 25, 0, 26, 8, 12, 19, 18][15, 21, 5, 6, 2, 29, 27, 16][0, 22, 17, 28][5, 21][6, 13][1, 4][7, 24][5, 21][7, 24][7, 24][5, 21] 
[15, 5, 21, 10, 6, 13, 18, 12, 22, 17, 0, 26, 8, 19][3, 9, 23, 4, 20, 14, 11, 25, 0, 26, 8, 12, 19, 18][15, 21, 5, 6, 2, 29, 27, 16][3, 24, 7, 10, 15][0, 22, 17, 28][1, 4][5, 21][5, 21][12, 19][5, 21][5, 6][7, 24] 
[3, 9, 23, 4, 20, 14, 11, 25, 0, 26, 8, 12, 19, 18, 22][4, 1, 24, 3, 23, 9, 14, 7, 10, 21, 5][15, 21, 5, 6, 2, 29, 27, 16][3, 24, 7, 10, 15][22, 17, 28][5, 21][6, 13][7, 24][5, 21][5, 21][5, 21][5, 21] 
[4, 20, 23, 1, 9, 14, 11][3, 24, 7, 10, 15][5, 21, 2, 27, 29][18, 0, 22, 17, 28][12, 19, 8, 26][16, 7, 25][6, 16][5, 6][1, 3][6, 13][13, 18][0, 12] 
[4, 20, 23, 1, 9, 14, 11][3, 24, 7, 10, 15][5, 21, 2, 27, 29][18, 0, 22, 17, 28][12, 19, 8, 26][16, 7, 25][6, 16][5, 6][1, 3][6, 13][13, 18][0, 12] 
[4, 20, 23, 1, 9, 14, 11][3, 24, 7, 10, 15][18, 0, 22, 17, 28][5, 21, 2, 27, 29][12, 19, 8, 26][16, 7, 25][1, 3][6, 16][6, 13][13, 18][5, 6][0, 12] 
[4, 20, 23, 1, 9, 14, 11][18, 0, 22, 17, 28][3, 24, 7, 10, 15][5, 21, 2, 27, 29][12, 19, 8, 26][16, 7, 25][13, 18][0, 12][6, 13][6, 16][1, 3][5, 6] 
[4, 20, 23, 1, 9, 14, 11][3, 24, 7, 10, 15][5, 21, 2, 27, 29][18, 0, 22, 17, 28][12, 19, 8, 26][16, 7, 25][6, 16][5, 6][1, 3][6, 13][13, 18][0, 12] 
[4, 20, 23, 1, 9, 14, 11][5, 21, 2, 27, 29][18, 0, 22, 17, 28][3, 24, 7, 10, 15][12, 19, 8, 26][16, 7, 25][5, 6][6, 16][6, 13][13, 18][0, 12][1, 3] 
[4, 20, 23, 1, 9, 14, 11][18, 0, 22, 17, 28][3, 24, 7, 10, 15][5, 21, 2, 27, 29][12, 19, 8, 26][16, 7, 25][13, 18][0, 12][6, 13][6, 16][1, 3][5, 6] 
[4, 20, 23, 1, 9, 14, 11][3, 24, 7, 10, 15][18, 0, 22, 17, 28][5, 21, 2, 27, 29][12, 19, 8, 26][16, 7, 25][1, 3][6, 16][6, 13][13, 18][5, 6][0, 12] 
[4, 20, 23, 1, 9, 14, 11][18, 0, 22, 17, 28][3, 24, 7, 10, 15][5, 21, 2, 27, 29][12, 19, 8, 26][16, 7, 25][13, 18][0, 12][6, 13][6, 16][1, 3][5, 6] 
[4, 20, 23, 1, 9, 14, 11][5, 21, 2, 27, 29][18, 0, 22, 17, 28][3, 24, 7, 10, 15][12, 19, 8, 26][16, 7, 25][5, 6][6, 16][13, 18][0, 12][1, 3][6, 13] 
[4, 20, 23, 1, 9, 14, 11][3, 24, 7, 10, 15][5, 21, 2, 27, 29][18, 0, 22, 17, 28][12, 19, 8, 26][16, 7, 25][6, 16][5, 6][1, 3][6, 13][13, 18][0, 12] 
[4, 20, 23, 1, 9, 14, 11][18, 0, 22, 17, 28][5, 21, 2, 27, 29][3, 24, 7, 10, 15][12, 19, 8, 26][16, 7, 25][0, 12][13, 18][6, 13][5, 6][6, 16][1, 3] 
[4, 20, 23, 1, 9, 14, 11][3, 24, 7, 10, 15][18, 0, 22, 17, 28][5, 21, 2, 27, 29][12, 19, 8, 26][16, 7, 25][6, 16][6, 13][13, 18][5, 6][1, 3][0, 12] 
[4, 20, 23, 1, 9, 14, 11][5, 21, 2, 27, 29][18, 0, 22, 17, 28][3, 24, 7, 10, 15][12, 19, 8, 26][16, 7, 25][5, 6][6, 16][13, 18][0, 12][1, 3][6, 13] 
[4, 20, 23, 1, 9, 14, 11][18, 0, 22, 17, 28][3, 24, 7, 10, 15][5, 21, 2, 27, 29][12, 19, 8, 26][16, 7, 25][13, 18][0, 12][6, 13][6, 16][1, 3][5, 6] 
[4, 20, 23, 1, 9, 14, 11][3, 24, 7, 10, 15][5, 21, 2, 27, 29][18, 0, 22, 17, 28][12, 19, 8, 26][22, 17, 28, 25][13, 6, 16][1, 3][7, 16][5, 6][13, 18][0, 12] 
[4, 20, 23, 1, 9, 14, 11][3, 24, 7, 10, 15][5, 21, 2, 27, 29][18, 0, 22, 17, 28][12, 19, 8, 26][22, 17, 28, 25][13, 6, 16][1, 3][7, 16][5, 6][13, 18][0, 12] 
[4, 20, 23, 1, 9, 14, 11][3, 24, 7, 10, 15][5, 21, 2, 27, 29][18, 0, 22, 17, 28][12, 19, 8, 26][22, 17, 28, 25][13, 6, 16][1, 3][7, 16][5, 6][13, 18][0, 12] 
[4, 20, 23, 1, 9, 14, 11][3, 24, 7, 10, 15][5, 21, 2, 27, 29][18, 0, 22, 17, 28][12, 19, 8, 26][22, 17, 28, 25][13, 6, 16][1, 3][7, 16][5, 6][13, 18][0, 12] 
[4, 20, 23, 1, 9, 14, 11][3, 24, 7, 10, 15][18, 0, 22, 17, 28][5, 21, 2, 27, 29][12, 19, 8, 26][22, 17, 28, 25][13, 6, 16][1, 3][7, 16][13, 18][0, 12][5, 6] 
[4, 20, 23, 1, 9, 14, 11][5, 21, 2, 27, 29][3, 24, 7, 10, 15][22, 17, 28, 25][12, 19, 8, 26][13, 18, 22][13, 6, 16][0, 12][0, 18][5, 6][7, 16][1, 3] 
[4, 20, 23, 1, 9, 14, 11][18, 0, 22, 17, 28][5, 21, 2, 27, 29][3, 24, 7, 10, 15][12, 19, 8, 26][16, 7, 25][13, 18][6, 13][5, 6][6, 16][1, 3][0, 12] 
[4, 20, 23, 1, 9, 14, 11][18, 0, 22, 17, 28][3, 24, 7, 10, 15][5, 21, 2, 27, 29][12, 19, 8, 26][16, 7, 25][13, 18][0, 12][6, 13][6, 16][1, 3][5, 6] 
[4, 20, 23, 1, 9, 14, 11][18, 0, 22, 17, 28][3, 24, 7, 10, 15][5, 21, 2, 27, 29][12, 19, 8, 26][16, 7, 25][13, 18][0, 12][6, 13][6, 16][5, 6][1, 3] 
[4, 20, 23, 1, 9, 14, 11][3, 24, 7, 10, 15][18, 0, 22, 17, 28][5, 21, 2, 27, 29][12, 19, 8, 26][16, 7, 25][6, 16][6, 13][13, 18][5, 6][1, 3][0, 12] 
[4, 20, 23, 1, 9, 14, 11][18, 0, 22, 17, 28][3, 24, 7, 10, 15][5, 21, 2, 27, 29][12, 19, 8, 26][16, 7, 25][13, 18][0, 12][6, 13][6, 16][1, 3][5, 6] 
[4, 20, 23, 1, 9, 14, 11][5, 21, 2, 27, 29][3, 24, 7, 10, 15][12, 19, 8, 26][22, 17, 28, 25][13, 6, 16][18, 0, 22][13, 18][5, 6][0, 12][7, 16][1, 3] 
[4, 20, 23, 1, 9, 14, 11][18, 0, 22, 17, 28][5, 21, 2, 27, 29][3, 24, 7, 10, 15][12, 19, 8, 26][16, 7, 25][13, 18][6, 13][5, 6][6, 16][1, 3][0, 12] 
[4, 20, 23, 1, 9, 14, 11][3, 24, 7, 10, 15][5, 21, 2, 27, 29][18, 0, 22, 17, 28][12, 19, 8, 26][22, 17, 28, 25][13, 6, 16][1, 3][7, 16][5, 6][13, 18][0, 12] 
[4, 20, 23, 1, 9, 14, 11][3, 24, 7, 10, 15][5, 21, 2, 27, 29][18, 0, 22, 17, 28][12, 19, 8, 26][22, 17, 28, 25][13, 6, 16][1, 3][7, 16][5, 6][13, 18][0, 12] 
[4, 20, 23, 1, 9, 14, 11][3, 24, 7, 10, 15][5, 21, 2, 27, 29][18, 0, 22, 17, 28][12, 19, 8, 26][22, 17, 28, 25][13, 6, 16][1, 3][7, 16][5, 6][13, 18][0, 12] 
[4, 20, 23, 1, 9, 14, 11][3, 24, 7, 10, 15][5, 21, 2, 27, 29][18, 0, 22, 17, 28][12, 19, 8, 26][22, 17, 28, 25][13, 6, 16][1, 3][7, 16][5, 6][13, 18][0, 12] 
[4, 20, 23, 1, 9, 14, 11][3, 24, 7, 10, 15][5, 21, 2, 27, 29][18, 0, 22, 17, 28][12, 19, 8, 26][22, 17, 28, 25][13, 6, 16][1, 3][7, 16][5, 6][13, 18][0, 12] 
[4, 20, 23, 1, 9, 14, 11][3, 24, 7, 10, 15][5, 21, 2, 27, 29][18, 0, 22, 17, 28][12, 19, 8, 26][22, 17, 28, 25][13, 6, 16][1, 3][7, 16][5, 6][13, 18][0, 12] 
[4, 20, 23, 1, 9, 14, 11][18, 0, 22, 17, 28][5, 21, 2, 27, 29][3, 24, 7, 10, 15][12, 19, 8, 26][13, 6, 16][17, 28, 25][13, 18][0, 12][5, 6][7, 16][1, 3] 
[4, 20, 23, 1, 9, 14, 11][3, 24, 7, 10, 15][5, 21, 2, 27, 29][18, 0, 22, 17, 28][12, 19, 8, 26][13, 6, 16][17, 28, 25][7, 16][5, 6][13, 18][0, 12][1, 3] 
[4, 20, 23, 1, 9, 14, 11][3, 24, 7, 10, 15][5, 21, 2, 27, 29][18, 0, 22, 17, 28][12, 19, 8, 26][13, 6, 16][17, 28, 25][7, 16][5, 6][13, 18][0, 12][1, 3] 
[4, 20, 23, 1, 9, 14, 11][3, 24, 7, 10, 15][5, 21, 2, 27, 29][18, 0, 22, 17, 28][12, 19, 8, 26][22, 17, 28, 25][13, 6, 16][1, 3][7, 16][5, 6][13, 18][0, 12] 
[4, 20, 23, 1, 9, 14, 11][3, 24, 7, 10, 15][5, 21, 2, 27, 29][18, 0, 22, 17, 28][12, 19, 8, 26][22, 17, 28, 25][13, 6, 16][1, 3][7, 16][5, 6][13, 18][0, 12] 
[4, 20, 23, 1, 9, 14, 11][18, 0, 22, 17, 28][3, 24, 7, 10, 15][5, 21, 2, 27, 29][12, 19, 8, 26][22, 17, 28, 25][13, 6, 16][13, 18][7, 16][1, 3][0, 12][5, 6] 
[4, 20, 23, 1, 9, 14, 11][3, 24, 7, 10, 15][18, 0, 22, 17, 28][5, 21, 2, 27, 29][12, 19, 8, 26][22, 17, 28, 25][13, 6, 16][1, 3][7, 16][13, 18][0, 12][5, 6] 
[4, 20, 23, 1, 9, 14, 11][3, 24, 7, 10, 15][5, 21, 2, 27, 29][18, 0, 22, 17, 28][12, 19, 8, 26][22, 17, 28, 25][13, 6, 16][1, 3][7, 16][5, 6][13, 18][0, 12] 
[4, 20, 23, 1, 9, 14, 11][18, 0, 22, 17, 28][5, 21, 2, 27, 29][3, 24, 7, 10, 15][22, 17, 28, 25][12, 19, 8, 26][13, 6, 16][13, 18][0, 12][5, 6][7, 16][1, 3] 
[4, 20, 23, 1, 9, 14, 11][3, 24, 7, 10, 15][0, 22, 17, 28, 25][5, 21, 2, 27, 29][12, 19, 8, 26][13, 6, 16][13, 18, 22][7, 24][1, 3][7, 16][0, 12][5, 6] 
[4, 20, 23, 1, 9, 14, 11][3, 24, 7, 10, 15][0, 22, 17, 28, 25][5, 21, 2, 27, 29][12, 19, 8, 26][13, 6, 16][13, 18, 22][7, 24][1, 3][7, 16][0, 12][5, 6] 
[4, 20, 23, 1, 9, 14, 11][0, 22, 17, 28, 25][5, 21, 2, 27, 29][3, 24, 7, 10, 15][12, 19, 8, 26][13, 18, 22][13, 6, 16][0, 12][7, 16][7, 24][5, 6][1, 3] 
[4, 20, 23, 1, 9, 14, 11][3, 24, 7, 10, 15][0, 22, 17, 28, 25][5, 21, 2, 27, 29][12, 19, 8, 26][13, 6, 16][13, 18, 22][7, 24][1, 3][7, 16][0, 12][5, 6] 
[4, 20, 23, 1, 9, 14, 11][3, 24, 7, 10, 15][0, 22, 17, 28, 25][5, 21, 2, 27, 29][12, 19, 8, 26][13, 6, 16][13, 18, 22][7, 24][1, 3][7, 16][0, 12][5, 6] 
[4, 20, 23, 1, 9, 14, 11][3, 24, 7, 10, 15, 16][12, 0, 19, 8, 26][5, 21, 2, 27, 29][0, 22, 17, 28][13, 18, 22][25, 28][6, 13][5, 6][7, 25][7, 24][1, 3] 
[4, 20, 23, 1, 9, 14, 11][18, 0, 22, 17, 28][5, 21, 2, 27, 29][15, 10, 7, 24][12, 19, 8, 26][16, 7, 25][13, 6, 16][1, 3][13, 18][5, 6][0, 12][3, 24] 
[4, 20, 23, 1, 9, 14, 11][18, 0, 22, 17, 28][5, 21, 2, 27, 29][15, 10, 7, 24][12, 19, 8, 26][16, 7, 25][13, 6, 16][1, 3][13, 18][5, 6][0, 12][3, 24] 
[4, 20, 23, 1, 9, 14, 11][18, 0, 22, 17, 28][5, 21, 2, 27, 29][15, 10, 7, 24][12, 19, 8, 26][16, 7, 25][13, 6, 16][1, 3][13, 18][5, 6][0, 12][3, 24] 
[4, 20, 23, 1, 9, 14, 11][18, 0, 22, 17, 28][5, 21, 2, 27, 29][15, 10, 7, 24][12, 19, 8, 26][16, 7, 25][13, 6, 16][1, 3][13, 18][5, 6][0, 12][3, 24] 
[4, 20, 23, 1, 9, 14, 11][18, 0, 22, 17, 28][5, 21, 2, 27, 29][15, 10, 7, 24][12, 19, 8, 26][16, 7, 25][13, 6, 16][1, 3][13, 18][5, 6][0, 12][3, 24] 
[4, 20, 23, 1, 9, 14, 11][3, 24, 7, 10, 15][5, 21, 2, 27, 29][18, 0, 22, 17, 28][12, 19, 8, 26][22, 17, 28, 25][13, 6, 16][1, 3][7, 16][5, 6][13, 18][0, 12] 
[4, 20, 23, 1, 9, 14, 11][5, 21, 2, 27, 29][18, 0, 22, 17, 28][3, 24, 7, 10, 15][12, 19, 8, 26][16, 7, 25][5, 6][6, 16][6, 13][13, 18][0, 12][1, 3] 
