[24, 3, 11, 25, 28][5, 15, 10, 2, 29][17, 0, 13, 6, 21][16, 27, 7, 20][1, 9, 23, 14][19, 22, 25, 28][18, 12, 8, 26][1, 4, 20][3, 9][18, 22][27, 29][0, 18] 
[17, 0, 13, 6, 21][5, 15, 10, 2, 29][19, 22, 25, 28][24, 3, 11, 25][18, 12, 8, 26][1, 9, 23, 14][16, 27, 7, 20][1, 4, 20][18, 22][0, 18][3, 9][27, 29] 
[17, 0, 13, 6, 21][5, 15, 10, 2, 29][18, 12, 8, 26][19, 22, 25, 28][24, 3, 11, 25][1, 9, 23, 14][1, 4, 20][20, 7, 27][16, 27, 29][0, 18][0, 22][3, 9] 
[5, 15, 10, 2, 29][17, 0, 13, 6, 21][24, 3, 11, 25][19, 22, 25, 28][1, 9, 23, 14][18, 12, 8, 26][1, 4, 20][20, 7, 27][16, 27, 29][3, 9][0, 22][0, 18] 
[5, 15, 10, 2, 29][17, 0, 13, 6, 21][24, 3, 11, 25][1, 9, 23, 14][19, 22, 25, 28][16, 27, 7, 20][18, 12, 8, 26][1, 4, 20][3, 23][27, 29][0, 22][0, 18] 
[17, 0, 13, 6, 21][5, 15, 10, 2, 29][19, 22, 25, 28][24, 3, 11, 25][1, 9, 23, 14][16, 27, 7, 20][18, 12, 8, 26][1, 4, 20][0, 22][3, 23][27, 29][0, 18] 
[17, 0, 13, 6, 21][5, 15, 10, 2, 29][18, 12, 8, 26][19, 22, 25, 28][24, 3, 11, 25][1, 9, 23, 14][16, 27, 7, 20][1, 4, 20][0, 18][0, 22][3, 9][27, 29] 
[5, 15, 10, 2, 29][17, 0, 13, 6, 21][1, 9, 23, 14][16, 27, 7, 20][24, 3, 11, 25][19, 22, 25, 28][18, 12, 8, 26][1, 4, 20][3, 23][27, 29][0, 22][0, 18] 
[5, 15, 10, 2, 29][17, 0, 13, 6, 21][1, 9, 23, 14][16, 27, 7, 20][24, 3, 11, 25][19, 22, 25, 28][18, 12, 8, 26][1, 4, 20][3, 23][27, 29][0, 22][0, 18] 
[5, 15, 10, 2, 29][17, 0, 13, 6, 21][1, 9, 23, 14][16, 27, 7, 20][24, 3, 11, 25][19, 22, 25, 28][18, 12, 8, 26][1, 4, 20][27, 29][3, 23][0, 22][0, 18] 
[17, 0, 13, 6, 21][24, 3, 11, 25, 28][5, 15, 10, 2, 29][18, 12, 8, 26][19, 22, 25, 28][1, 9, 23, 14][16, 27, 7, 20][1, 4, 20][0, 18][18, 22][3, 9][27, 29] 
[5, 15, 10, 2, 29][17, 0, 13, 6, 21][24, 3, 11, 25][19, 22, 25, 28][1, 9, 23, 14][16, 27, 7, 20][18, 12, 8, 26][1, 4, 20][3, 9][18, 22][27, 29][0, 18] 
[17, 0, 13, 6, 21][5, 15, 10, 2, 29][18, 12, 8, 26][19, 22, 25, 28][24, 3, 11, 25][1, 9, 23, 14][1, 4, 20][20, 7, 27][16, 27, 29][0, 18][0, 22][3, 9] 
[5, 15, 10, 2, 29][17, 0, 13, 6, 21][19, 22, 25, 28][24, 3, 11, 25][1, 9, 23, 14][16, 27, 7, 20][18, 12, 8, 26][1, 4, 20][3, 23][27, 29][0, 22][0, 18] 
[5, 15, 10, 2, 29][17, 0, 13, 6, 21][16, 27, 7, 20][1, 9, 23, 14][24, 3, 11, 25][19, 22, 25, 28][18, 12, 8, 26][1, 4, 20][27, 29][3, 23][0, 22][0, 18] 
[5, 15, 10, 2, 29][17, 0, 13, 6, 21][1, 9, 23, 14][16, 27, 7, 20][24, 3, 11, 25][19, 22, 25, 28][18, 12, 8, 26][1, 4, 20][27, 29][3, 23][0, 22][0, 18] 
[24, 3, 11, 25, 28][5, 15, 10, 2, 29][17, 0, 13, 6, 21][16, 27, 7, 20][1, 9, 23, 14][19, 22, 25, 28][18, 12, 8, 26][1, 4, 20][3, 9][18, 22][27, 29][0, 18] 
[5, 15, 10, 2, 29][17, 0, 13, 6, 21][16, 27, 7, 20][1, 9, 23, 14][24, 3, 11, 25][19, 22, 25, 28][18, 12, 8, 26][1, 4, 20][27, 29][3, 9][18, 22][0, 18] 
[5, 15, 10, 2, 29][17, 0, 13, 6, 21][19, 22, 25, 28][24, 3, 11, 25][1, 9, 23, 14][16, 27, 7, 20][18, 12, 8, 26][1, 4, 20][3, 23][27, 29][0, 22][0, 18] 
[5, 15, 10, 2, 29][24, 3, 11, 25, 28][17, 0, 13, 6, 21][16, 27, 7, 20][1, 9, 23, 14][19, 22, 25, 28][18, 12, 8, 26][1, 4, 20][27, 29][3, 9][18, 22][0, 18] 
[24, 3, 11, 25, 28][5, 15, 10, 2, 29][17, 0, 13, 6, 21][16, 27, 7, 20][1, 9, 23, 14][19, 22, 25, 28][18, 12, 8, 26][1, 4, 20][3, 9][18, 22][27, 29][0, 18] 
[17, 0, 13, 6, 21][5, 15, 10, 2, 29][18, 12, 8, 26][19, 22, 25, 28][24, 3, 11, 25][1, 9, 23, 14][16, 27, 7, 20][1, 4, 20][0, 18][18, 22][3, 9][27, 29] 
[5, 15, 10, 2, 29][17, 0, 13, 6, 21][1, 9, 23, 14][24, 3, 11, 25][19, 22, 25, 28][18, 12, 8, 26][1, 4, 20][20, 7, 27][16, 27, 29][3, 9][0, 22][0, 18] 
[17, 0, 13, 6, 21][5, 15, 10, 2, 29][19, 22, 25, 28][24, 3, 11, 25][1, 9, 23, 14][16, 27, 7, 20][18, 12, 8, 26][1, 4, 20][0, 22][3, 23][27, 29][0, 18] 
[5, 15, 10, 2, 29][17, 0, 13, 6, 21][16, 27, 7, 20][1, 9, 23, 14][24, 3, 11, 25][19, 22, 25, 28][18, 12, 8, 26][1, 4, 20][27, 29][3, 23][0, 22][0, 18] 
[17, 0, 13, 6, 21][5, 15, 10, 2, 29][19, 22, 25, 28][24, 3, 11, 25][1, 9, 23, 14][16, 27, 7, 20][18, 12, 8, 26][1, 4, 20][0, 22][3, 23][27, 29][0, 18] 
[24, 3, 11, 25, 28][17, 0, 13, 6, 21][5, 15, 10, 2, 29][1, 9, 23, 14][16, 27, 7, 20][19, 22, 25, 28][18, 12, 8, 26][1, 4, 20][3, 9][18, 22][0, 18][27, 29] 
[17, 0, 13, 6, 21][5, 15, 10, 2, 29][18, 12, 8, 26][19, 22, 25, 28][24, 3, 11, 25][1, 9, 23, 14][16, 27, 7, 20][1, 4, 20][0, 18][18, 22][3, 9][27, 29] 
[17, 0, 13, 6, 21][5, 15, 10, 2, 29][18, 12, 8, 26][19, 22, 25, 28][24, 3, 11, 25][1, 9, 23, 14][16, 27, 7, 20][1, 4, 20][0, 18][0, 22][3, 23][27, 29] 
[24, 3, 11, 25, 28][5, 15, 10, 2, 29][17, 0, 13, 6, 21][19, 22, 25, 28][18, 12, 8, 26][1, 9, 23, 14][16, 27, 7, 20][1, 4, 20][18, 22][3, 9][27, 29][0, 18] 
[5, 15, 10, 2, 29][24, 3, 11, 25, 28][17, 0, 13, 6, 21][16, 27, 7, 20][1, 9, 23, 14][19, 22, 25, 28][18, 12, 8, 26][1, 4, 20][27, 29][3, 9][18, 22][0, 18] 
[5, 15, 10, 2, 29][17, 0, 13, 6, 21][16, 27, 7, 20][1, 9, 23, 14][24, 3, 11, 25][19, 22, 25, 28][18, 12, 8, 26][1, 4, 20][27, 29][3, 9][18, 22][0, 18] 
[17, 0, 13, 6, 21][5, 15, 10, 2, 29][19, 22, 25, 28][24, 3, 11, 25][1, 9, 23, 14][16, 27, 7, 20][18, 12, 8, 26][1, 4, 20][0, 22][3, 23][27, 29][0, 18] 
[17, 0, 13, 6, 21][24, 3, 11, 25, 28][5, 15, 10, 2, 29][18, 12, 8, 26][19, 22, 25, 28][1, 9, 23, 14][16, 27, 7, 20][1, 4, 20][0, 18][18, 22][3, 9][27, 29] 
[17, 0, 13, 6, 21][24, 3, 11, 25, 28][5, 15, 10, 2, 29][18, 12, 8, 26][19, 22, 25, 28][1, 9, 23, 14][16, 27, 7, 20][1, 4, 20][0, 18][18, 22][3, 9][27, 29] 
[13, 6, 5, 21, 10, 29, 15, 16, 7, 28, 25][18, 12, 8, 26, 0, 17, 28, 7, 27][1, 9, 23, 4, 14, 7][24, 3, 11, 25][19, 22, 25][4, 20][2, 10][8, 26][0, 17][0, 17][0, 17][8, 26] 
[13, 6, 5, 21, 10, 29, 15, 16, 7, 28, 25][18, 12, 8, 26, 0, 17, 28, 7, 27][1, 9, 23, 4, 14, 7][24, 3, 11, 25][19, 22, 25][4, 20][2, 10][8, 26][0, 17][0, 17][0, 17][8, 26] 
[13, 6, 5, 21, 10, 29, 15, 16, 7, 28, 25][18, 12, 8, 26, 0, 17, 28, 7, 27][1, 9, 23, 4, 14, 7][24, 3, 11, 25][19, 22, 25][4, 20][2, 10][8, 26][0, 17][0, 17][0, 17][8, 26] 
[6, 2, 27, 7, 28, 0, 26, 8, 12, 18][13, 6, 5, 21, 10, 29, 15, 16, 28, 25][1, 9, 23, 4, 14, 7][24, 3, 11, 25][18, 12, 8, 26][19, 22, 25][0, 17][4, 20][12, 18][12, 18][12, 18][19, 22] 
[13, 6, 5, 21, 10, 29, 15, 16, 7, 28, 25][18, 12, 8, 26, 0, 17, 28, 7, 27][1, 9, 23, 4, 14][24, 3, 11, 25][20, 4, 24][19, 22, 25][12, 18][0, 17][2, 16][8, 26][12, 18][8, 26] 
[13, 6, 5, 21, 10, 29, 15, 16, 28, 25][2, 27, 7, 28, 0, 26, 8][1, 9, 23, 4, 14, 7][24, 3, 11, 25][18, 12, 8, 26][19, 22, 25][0, 17][4, 20][12, 18][12, 18][12, 18][19, 22] 
[13, 6, 5, 21, 10, 29, 15, 16, 7, 28, 25][18, 12, 8, 26, 0, 17, 28, 7, 27][1, 9, 23, 4, 14, 7][24, 3, 11, 25][19, 22, 25][4, 20][2, 10][8, 26][0, 17][0, 17][0, 17][8, 26] 
[13, 6, 5, 21, 10, 29, 15, 16, 7, 28, 25][18, 12, 8, 26, 0, 17, 28, 7, 27][1, 9, 23, 4, 14, 7][24, 3, 11, 25][19, 22, 25][4, 20][2, 10][8, 26][0, 17][0, 17][0, 17][8, 26] 
[6, 2, 27, 7, 28, 0, 26, 8, 12, 18][13, 6, 5, 21, 10, 29, 15, 16, 28, 25][1, 9, 23, 4, 14, 7][24, 3, 11, 25][18, 12, 8, 26][19, 22, 25][0, 17][4, 20][12, 18][12, 18][12, 18][19, 22] 
[13, 6, 5, 21, 10, 29, 15, 16, 7, 28, 25][18, 12, 8, 26, 0, 17, 28, 7, 27][1, 9, 23, 4, 14, 7][24, 3, 11, 25][19, 22, 25][4, 20][2, 10][8, 26][0, 17][0, 17][0, 17][8, 26] 
[13, 6, 5, 21, 10, 29, 15, 16, 7, 28, 25][18, 12, 8, 26, 0, 17, 28, 7, 27][1, 9, 23, 4, 14, 7][24, 3, 11, 25][19, 22, 25][4, 20][2, 10][8, 26][0, 17][0, 17][0, 17][8, 26] 
[13, 6, 5, 21, 10, 29, 15, 16, 7, 28, 25][18, 12, 8, 26, 0, 17, 28, 7, 27][1, 9, 23, 4, 14, 7][24, 3, 11, 25][19, 22, 25][4, 20][2, 10][8, 26][0, 17][0, 17][0, 17][8, 26] 
[6, 2, 27, 7, 28, 0, 26, 8, 12, 18][13, 6, 5, 21, 10, 29, 15, 16, 28, 25][1, 9, 23, 4, 14, 7][24, 3, 11, 25][18, 12, 8, 26][19, 22, 25][0, 17][4, 20][12, 18][12, 18][12, 18][19, 22] 
[13, 6, 5, 21, 10, 29, 15, 16, 7, 28, 25][18, 12, 8, 26, 0, 17, 28, 7, 27][1, 9, 23, 4, 14, 7][24, 3, 11, 25][19, 22, 25][4, 20][2, 10][8, 26][0, 17][0, 17][0, 17][8, 26] 
[13, 6, 5, 21, 10, 29, 15, 16, 7, 28, 25][18, 12, 8, 26, 0, 17, 28, 7, 27][1, 9, 23, 4, 14, 7][24, 3, 11, 25][19, 22, 25][4, 20][2, 10][8, 26][0, 17][0, 17][0, 17][8, 26] 
[6, 2, 16, 27, 7, 28, 17, 0, 26, 8, 12, 18][13, 6, 5, 21, 10, 29, 15, 16, 7, 28, 25][1, 9, 23, 4, 14, 7][24, 3, 11, 25][19, 22, 25][12, 18][0, 17][7, 20][2, 16][8, 26][12, 18][8, 26] 
[13, 6, 5, 21, 10, 29, 15, 16, 7, 28, 25][18, 12, 8, 26, 0, 17, 28, 7, 27][1, 9, 23, 4, 14, 7][24, 3, 11, 25][19, 22, 25][4, 20][2, 10][8, 26][0, 17][0, 17][0, 17][8, 26] 
[6, 2, 27, 7, 28, 17, 0, 26, 8, 12, 18][13, 6, 5, 21, 10, 29, 15, 16, 28, 25][1, 9, 23, 4, 14, 7][24, 3, 11, 25][18, 12, 8, 26][19, 22, 25][0, 17][4, 20][12, 18][12, 18][12, 18][19, 22] 
[6, 2, 27, 7, 28, 17, 0, 26, 8, 12, 18][13, 6, 5, 21, 10, 29, 15, 16, 28, 25][1, 9, 23, 4, 14, 7][24, 3, 11, 25][18, 12, 8, 26][19, 22, 25][0, 17][4, 20][12, 18][12, 18][12, 18][19, 22] 
[13, 6, 5, 21, 10, 29, 15, 16, 7, 28, 25][18, 12, 8, 26, 0, 17, 28, 7, 27][1, 9, 23, 4, 14, 7][24, 3, 11, 25][19, 22, 25][4, 20][2, 10][8, 26][0, 17][0, 17][0, 17][8, 26] 
[13, 6, 5, 21, 10, 29, 15, 16, 7, 28, 25][18, 12, 8, 26, 0, 17, 28, 7, 27][1, 9, 23, 4, 14, 7][24, 3, 11, 25][19, 22, 25][4, 20][2, 10][8, 26][0, 17][0, 17][0, 17][8, 26] 
[5, 15, 10, 2, 29][17, 0, 13, 6, 21][19, 22, 25, 28][18, 12, 8, 26][24, 3, 11, 25][1, 9, 23, 14][16, 27, 7, 20][1, 4, 20][18, 22][3, 23][27, 29][0, 22] 
[17, 0, 13, 6, 21][5, 15, 10, 2, 29][24, 3, 11, 25][19, 22, 25, 28][18, 12, 8, 26][1, 9, 23, 14][16, 27, 7, 20][1, 4, 20][0, 22][18, 22][3, 23][27, 29] 
[5, 15, 10, 2, 29][17, 0, 13, 6, 21][1, 9, 23, 14][24, 3, 11, 25][19, 22, 25, 28][16, 27, 7, 20][18, 12, 8, 26][1, 4, 20][3, 23][27, 29][0, 22][18, 22] 
[5, 15, 10, 2, 29][17, 0, 13, 6, 21][1, 9, 23, 14][24, 3, 11, 25][19, 22, 25, 28][16, 27, 7, 20][18, 12, 8, 26][1, 4, 20][3, 23][27, 29][0, 22][18, 22] 
[17, 0, 13, 6, 21][5, 15, 10, 2, 29][24, 3, 11, 25][19, 22, 25, 28][18, 12, 8, 26][1, 9, 23, 14][16, 27, 7, 20][1, 4, 20][0, 22][18, 22][3, 23][27, 29] 
[17, 0, 13, 6, 21][5, 15, 10, 2, 29][18, 12, 8, 26][19, 22, 25, 28][24, 3, 11, 25][1, 9, 23, 14][16, 27, 7, 20][1, 4, 20][18, 22][3, 23][0, 22][27, 29] 
[17, 0, 13, 6, 21][5, 15, 10, 2, 29][19, 22, 25, 28][24, 3, 11, 25][1, 9, 23, 14][16, 27, 7, 20][18, 12, 8, 26][1, 4, 20][0, 22][3, 23][27, 29][18, 22] 
[5, 15, 10, 2, 29][17, 0, 13, 6, 21][16, 27, 7, 20][1, 9, 23, 14][24, 3, 11, 25][19, 22, 25, 28][18, 12, 8, 26][1, 4, 20][27, 29][3, 23][18, 22][0, 22] 
[17, 0, 13, 6, 21][5, 15, 10, 2, 29][1, 9, 23, 14][24, 3, 11, 25][19, 22, 25, 28][16, 27, 7, 20][18, 12, 8, 26][1, 4, 20][3, 23][18, 22][0, 22][27, 29] 
[5, 15, 10, 2, 29][17, 0, 13, 6, 21][19, 22, 25, 28][24, 3, 11, 25][1, 9, 23, 14][16, 27, 7, 20][18, 12, 8, 26][1, 4, 20][3, 23][27, 29][18, 22][0, 22] 
[5, 15, 10, 2, 29][17, 0, 13, 6, 21][16, 27, 7, 20][1, 9, 23, 14][24, 3, 11, 25][19, 22, 25, 28][18, 12, 8, 26][1, 4, 20][27, 29][3, 23][18, 22][0, 22] 
[17, 0, 13, 6, 21][5, 15, 10, 2, 29][24, 3, 11, 25][19, 22, 25, 28][18, 12, 8, 26][1, 9, 23, 14][16, 27, 7, 20][1, 4, 20][0, 22][18, 22][3, 23][27, 29] 
[5, 15, 10, 2, 29][17, 0, 13, 6, 21][19, 22, 25, 28][24, 3, 11, 25][1, 9, 23, 14][16, 27, 7, 20][18, 12, 8, 26][1, 4, 20][3, 23][27, 29][18, 22][0, 22] 
[5, 15, 10, 2, 29][17, 0, 13, 6, 21][19, 22, 25, 28][24, 3, 11, 25][1, 9, 23, 14][16, 27, 7, 20][18, 12, 8, 26][1, 4, 20][3, 23][27, 29][18, 22][0, 22] 
[5, 15, 10, 2, 29][17, 0, 13, 6, 21][19, 22, 25, 28][24, 3, 11, 25][1, 9, 23, 14][16, 27, 7, 20][18, 12, 8, 26][1, 4, 20][3, 23][27, 29][18, 22][0, 22] 
[17, 0, 13, 6, 21][24, 3, 11, 25, 28][5, 15, 10, 2, 29][18, 12, 8, 26][19, 22, 25, 28][1, 9, 23, 14][16, 27, 7, 20][1, 4, 20][0, 18][18, 22][3, 9][27, 29] 
[24, 3, 11, 25, 28][5, 15, 10, 2, 29][17, 0, 13, 6, 21][1, 9, 23, 14][16, 27, 7, 20][19, 22, 25, 28][18, 12, 8, 26][1, 4, 20][3, 9][27, 29][18, 22][0, 18] 
[24, 3, 11, 25, 28][5, 15, 10, 2, 29][17, 0, 13, 6, 21][1, 9, 23, 14][16, 27, 7, 20][19, 22, 25, 28][18, 12, 8, 26][1, 4, 20][3, 9][27, 29][18, 22][0, 18] 
[24, 3, 11, 25, 28][5, 15, 10, 2, 29][17, 0, 13, 6, 21][1, 9, 23, 14][16, 27, 7, 20][19, 22, 25, 28][18, 12, 8, 26][1, 4, 20][3, 9][27, 29][18, 22][0, 18] 
[17, 0, 13, 6, 21][24, 3, 11, 25, 28][5, 15, 10, 2, 29][18, 12, 8, 26][19, 22, 25, 28][1, 9, 23, 14][16, 27, 7, 20][1, 4, 20][0, 18][18, 22][3, 9][27, 29] 
[5, 15, 10, 2, 29, 27, 16][17, 0, 13, 6, 21][1, 9, 23, 14][24, 3, 11, 25][19, 22, 25, 28][18, 12, 8, 26][1, 4, 20][7, 20][3, 23][18, 22][0, 22][7, 27] 
[17, 0, 13, 6, 21][5, 15, 10, 2, 29][24, 3, 11, 25][19, 22, 25, 28][18, 12, 8, 26][1, 9, 23, 14][16, 27, 7, 20][1, 4, 20][0, 22][18, 22][3, 23][27, 29] 
[17, 0, 13, 6, 21][5, 15, 10, 2, 29][24, 3, 11, 25][19, 22, 25, 28][18, 12, 8, 26][1, 9, 23, 14][16, 27, 7, 20][1, 4, 20][0, 22][18, 22][3, 23][27, 29] 
[17, 0, 13, 6, 21][5, 15, 10, 2, 29][1, 9, 23, 14][24, 3, 11, 25][19, 22, 25, 28][16, 27, 7, 20][18, 12, 8, 26][1, 4, 20][3, 23][18, 22][0, 22][27, 29] 
[17, 0, 13, 6, 21][5, 15, 10, 2, 29][18, 12, 8, 26][19, 22, 25, 28][24, 3, 11, 25][1, 9, 23, 14][16, 27, 7, 20][1, 4, 20][10, 27, 29][18, 22][3, 23][0, 22] 
[17, 0, 13, 6, 21][5, 15, 10, 2, 29][19, 22, 25, 28][24, 3, 11, 25][1, 9, 23, 14][16, 27, 7, 20][18, 12, 8, 26][1, 4, 20][0, 22][3, 23][27, 29][18, 22] 
[17, 0, 13, 6, 21][5, 15, 10, 2, 29][19, 22, 25, 28][24, 3, 11, 25][18, 12, 8, 26][1, 9, 23, 14][16, 27, 7, 20][1, 4, 20][0, 22][0, 18][3, 9][27, 29] 
[17, 0, 13, 6, 21][5, 15, 10, 2, 29][24, 3, 11, 25][19, 22, 25, 28][18, 12, 8, 26][1, 9, 23, 14][16, 27, 7, 20][1, 4, 20][0, 22][18, 22][3, 23][27, 29] 
[24, 3, 11, 25, 28][5, 15, 10, 2, 29][17, 0, 13, 6, 21][18, 12, 8, 26][19, 22, 25, 28][1, 9, 23, 14][16, 27, 7, 20][1, 4, 20][18, 22][3, 9][27, 29][0, 18] 
[24, 3, 11, 25, 28][5, 15, 10, 2, 29][17, 0, 13, 6, 21][18, 12, 8, 26][19, 22, 25, 28][1, 9, 23, 14][16, 27, 7, 20][1, 4, 20][18, 22][3, 9][27, 29][0, 18] 
[24, 3, 11, 25, 28][17, 0, 13, 6, 21][5, 15, 10, 2, 29][16, 27, 7, 20][1, 9, 23, 14][19, 22, 25, 28][18, 12, 8, 26][1, 4, 20][3, 9][18, 22][0, 18][27, 29] 
[5, 15, 10, 2, 29][24, 3, 11, 25, 28][17, 0, 13, 6, 21][16, 27, 7, 20][1, 9, 23, 14][19, 22, 25, 28][18, 12, 8, 26][1, 4, 20][27, 29][3, 9][18, 22][0, 18] 
[5, 15, 10, 2, 29][24, 3, 11, 25, 28][17, 0, 13, 6, 21][16, 27, 7, 20][1, 9, 23, 14][19, 22, 25, 28][18, 12, 8, 26][1, 4, 20][27, 29][3, 9][18, 22][0, 18] 
[24, 3, 11, 25, 28][17, 0, 13, 6, 21][5, 15, 10, 2, 29][19, 22, 25, 28][18, 12, 8, 26][1, 9, 23, 14][16, 27, 7, 20][1, 4, 20][18, 22][3, 9][0, 18][27, 29] 
[24, 3, 11, 25, 28][5, 15, 10, 2, 29][17, 0, 13, 6, 21][19, 22, 25, 28][18, 12, 8, 26][1, 9, 23, 14][16, 27, 7, 20][1, 4, 20][18, 22][3, 9][27, 29][0, 18] 
[24, 3, 11, 25, 28][17, 0, 13, 6, 21][5, 15, 10, 2, 29][16, 27, 7, 20][1, 9, 23, 14][19, 22, 25, 28][18, 12, 8, 26][1, 4, 20][3, 9][18, 22][0, 18][27, 29] 
[24, 3, 11, 25, 28][17, 0, 13, 6, 21][5, 15, 10, 2, 29][19, 22, 25, 28][18, 12, 8, 26][1, 9, 23, 14][16, 27, 7, 20][1, 4, 20][18, 22][3, 9][0, 18][27, 29] 
[5, 15, 10, 2, 29][24, 3, 11, 25, 28][17, 0, 13, 6, 21][16, 27, 7, 20][1, 9, 23, 14][19, 22, 25, 28][18, 12, 8, 26][1, 4, 20][27, 29][3, 9][18, 22][0, 18] 
[24, 3, 11, 25, 28][5, 15, 10, 2, 29][17, 0, 13, 6, 21][16, 27, 7, 20][1, 9, 23, 14][19, 22, 25, 28][18, 12, 8, 26][1, 4, 20][3, 9][18, 22][27, 29][0, 18] 
[17, 0, 13, 6, 21][24, 3, 11, 25, 28][5, 15, 10, 2, 29][18, 12, 8, 26][19, 22, 25, 28][1, 9, 23, 14][16, 27, 7, 20][1, 4, 20][0, 18][18, 22][3, 9][27, 29] 
[17, 0, 13, 6, 21][24, 3, 11, 25, 28][5, 15, 10, 2, 29][18, 12, 8, 26][19, 22, 25, 28][1, 9, 23, 14][16, 27, 7, 20][1, 4, 20][0, 18][18, 22][3, 9][27, 29] 
[5, 15, 10, 2, 29][24, 3, 11, 25, 28][17, 0, 13, 6, 21][16, 27, 7, 20][1, 9, 23, 14][19, 22, 25, 28][18, 12, 8, 26][1, 4, 20][27, 29][3, 9][18, 22][0, 18] 
[17, 0, 13, 6, 21][24, 3, 11, 25, 28][5, 15, 10, 2, 29][18, 12, 8, 26][19, 22, 25, 28][1, 9, 23, 14][16, 27, 7, 20][1, 4, 20][0, 18][18, 22][3, 9][27, 29] 
[5, 15, 10, 2, 29, 27, 16][17, 0, 13, 6, 21][18, 12, 8, 26][19, 22, 25, 28][24, 3, 11, 25][1, 9, 23, 14][1, 4, 20][20, 7, 27][18, 22][3, 23][27, 29][0, 22] 
[5, 15, 10, 2, 29, 27, 16][17, 0, 13, 6, 21][18, 12, 8, 26][19, 22, 25, 28][24, 3, 11, 25][1, 9, 23, 14][1, 4, 20][20, 7, 27][18, 22][3, 23][27, 29][0, 22] 
[5, 15, 10, 2, 29, 27, 16][17, 0, 13, 6, 21][1, 9, 23, 14][24, 3, 11, 25][19, 22, 25, 28][18, 12, 8, 26][1, 4, 20][20, 7, 27][3, 23][0, 22][18, 22][27, 29] 
[5, 15, 10, 2, 29, 27, 16][17, 0, 13, 6, 21][18, 12, 8, 26][19, 22, 25, 28][24, 3, 11, 25][1, 9, 23, 14][1, 4, 20][20, 7, 27][18, 22][3, 23][27, 29][0, 22] 
[5, 15, 10, 2, 29, 27, 16][17, 0, 13, 6, 21][18, 12, 8, 26][19, 22, 25, 28][24, 3, 11, 25][1, 9, 23, 14][1, 4, 20][20, 7, 27][18, 22][3, 23][27, 29][0, 22] 
[5, 15, 10, 2, 29, 27, 16][17, 0, 13, 6, 21][19, 22, 25, 28][18, 12, 8, 26][24, 3, 11, 25][1, 9, 23, 14][1, 4, 20][20, 7, 27][18, 22][0, 18][3, 9][27, 29] 
[17, 0, 13, 6, 21][5, 15, 10, 2, 29][19, 22, 25, 28][24, 3, 11, 25][1, 9, 23, 14][16, 27, 7, 20][18, 12, 8, 26][1, 4, 20][0, 22][3, 23][27, 29][0, 18] 
[5, 15, 10, 2, 29][17, 0, 13, 6, 21][16, 27, 7, 20][1, 9, 23, 14][24, 3, 11, 25][19, 22, 25, 28][18, 12, 8, 26][1, 4, 20][27, 29][3, 23][0, 22][0, 18] 
[17, 0, 13, 6, 21][5, 15, 10, 2, 29][19, 22, 25, 28][24, 3, 11, 25][1, 9, 23, 14][16, 27, 7, 20][18, 12, 8, 26][1, 4, 20][0, 22][3, 23][27, 29][0, 18] 
[17, 0, 13, 6, 21][5, 15, 10, 2, 29][19, 22, 25, 28][24, 3, 11, 25][1, 9, 23, 14][16, 27, 7, 20][18, 12, 8, 26][1, 4, 20][0, 22][3, 23][27, 29][0, 18] 
[5, 15, 10, 2, 29][17, 0, 13, 6, 21][1, 9, 23, 14][16, 27, 7, 20][24, 3, 11, 25][19, 22, 25, 28][18, 12, 8, 26][1, 4, 20][3, 23][27, 29][0, 22][0, 18] 
[24, 3, 11, 25, 28][5, 15, 10, 2, 29][17, 0, 13, 6, 21][1, 9, 23, 14][16, 27, 7, 20][19, 22, 25, 28][18, 12, 8, 26][1, 4, 20][3, 9][27, 29][18, 22][0, 18] 
[17, 0, 13, 6, 21][5, 15, 10, 2, 29][19, 22, 25, 28][24, 3, 11, 25][1, 9, 23, 14][16, 27, 7, 20][18, 12, 8, 26][1, 4, 20][0, 22][3, 23][18, 22][27, 29] 
