[24, 23, 14, 11, 25][19, 17, 12, 8, 26][2, 29, 27, 7, 20][5, 15, 10, 21][13, 6, 16, 28][0, 18, 22, 17][4, 1, 3, 9][6, 15][25, 28][22, 25][4, 24][4, 7] 
[19, 0, 18, 22, 17, 12, 8, 26][2, 29, 27, 7, 20][1, 23, 9, 3][11, 14, 23, 24][13, 6, 16, 28][5, 15, 10, 21][11, 25][25, 28][6, 15][4, 24][22, 25][4, 20] 
[2, 29, 27, 7, 20, 4][19, 17, 12, 8, 26][13, 6, 16, 28][5, 15, 10, 21][0, 18, 22, 17][11, 14, 23, 24][1, 23, 9, 3][6, 15][25, 28][22, 25][11, 25][4, 24] 
[2, 29, 27, 7, 20, 4][13, 6, 16, 28][19, 12, 8, 26][0, 18, 22, 17][5, 15, 10, 21][11, 14, 23, 24][1, 23, 9, 3][19, 22, 25][25, 28][6, 15][11, 25][4, 24] 
[2, 29, 27, 7, 20, 4][19, 17, 12, 8, 26][13, 6, 16, 28][0, 18, 22, 17][11, 14, 23, 24][1, 23, 9, 3][5, 15, 10, 21][25, 28][22, 25][11, 25][4, 24][6, 15] 
[2, 29, 27, 7, 20, 4][19, 17, 12, 8, 26][0, 18, 22, 17][13, 6, 16, 28][11, 14, 23, 24][1, 23, 9, 3][5, 15, 10, 21][22, 25][25, 28][11, 25][6, 15][4, 24] 
[2, 29, 27, 7, 20, 4][19, 17, 12, 8, 26][5, 15, 10, 21][13, 6, 16, 28][11, 14, 23, 24][1, 23, 9, 3][0, 18, 22, 17][6, 15][25, 28][11, 25][4, 24][22, 25] 
[2, 29, 27, 7, 20, 4][11, 14, 23, 24][1, 23, 9, 3][0, 18, 22, 17][13, 6, 16, 28][5, 15, 10, 21][19, 12, 8, 26][19, 22, 25][11, 25][25, 28][6, 15][4, 24] 
[2, 29, 27, 7, 20, 4][1, 23, 9, 3][11, 14, 23, 24][19, 12, 8, 26][13, 6, 16, 28][5, 15, 10, 21][0, 18, 22, 17][19, 22, 25][11, 25][25, 28][4, 24][6, 15] 
[2, 29, 27, 7, 20, 4][11, 14, 23, 24][1, 23, 9, 3][0, 18, 22, 17][13, 6, 16, 28][5, 15, 10, 21][19, 12, 8, 26][19, 22, 25][11, 25][25, 28][6, 15][4, 24] 
[24, 23, 14, 11, 25][19, 17, 12, 8, 26][2, 29, 27, 7, 20][5, 15, 10, 21][13, 6, 16, 28][0, 18, 22, 17][4, 1, 3, 9][6, 15][25, 28][22, 25][4, 24][4, 7] 
[19, 0, 18, 22, 17, 12, 8, 26][2, 29, 27, 7, 20][5, 15, 10, 21][13, 6, 16, 28][11, 14, 23, 24][1, 23, 9, 3][6, 15][25, 28][11, 25][22, 25][4, 24][4, 20] 
[2, 29, 27, 7, 20, 4][19, 17, 12, 8, 26][0, 18, 22, 17][11, 14, 23, 24][1, 23, 9, 3][13, 6, 16, 28][5, 15, 10, 21][22, 25][11, 25][4, 24][25, 28][6, 15] 
[2, 29, 27, 7, 20, 4][19, 17, 12, 8, 26][0, 18, 22, 17][11, 14, 23, 24][1, 23, 9, 3][13, 6, 16, 28][5, 15, 10, 21][22, 25][11, 25][25, 28][4, 24][6, 15] 
[2, 29, 27, 7, 20, 4][19, 17, 12, 8, 26][11, 14, 23, 24][1, 23, 9, 3][0, 18, 22, 17][13, 6, 16, 28][5, 15, 10, 21][4, 24][11, 25][22, 25][25, 28][6, 15] 
[2, 29, 27, 7, 20, 4][11, 14, 23, 24][1, 23, 9, 3][0, 18, 22, 17][13, 6, 16, 28][5, 15, 10, 21][19, 12, 8, 26][19, 22, 25][11, 25][25, 28][6, 15][4, 24] 
[2, 29, 27, 7, 20][24, 23, 14, 11, 25][19, 17, 12, 8, 26][4, 1, 3, 9][0, 18, 22, 17][13, 6, 16, 28][5, 15, 10, 21][4, 7][4, 24][22, 25][25, 28][6, 15] 
[19, 0, 18, 22, 17, 12, 8, 26][2, 29, 27, 7, 20][11, 14, 23, 24][1, 23, 9, 3][13, 6, 16, 28][5, 15, 10, 21][22, 25][11, 25][25, 28][6, 15][4, 24][4, 20] 
[2, 29, 27, 7, 20, 4][19, 17, 12, 8, 26][0, 18, 22, 17][11, 14, 23, 24][1, 23, 9, 3][13, 6, 16, 28][5, 15, 10, 21][22, 25][11, 25][4, 24][25, 28][6, 15] 
[24, 23, 14, 11, 25][19, 17, 12, 8, 26][2, 29, 27, 7, 20][4, 1, 3, 9][0, 18, 22, 17][13, 6, 16, 28][5, 15, 10, 21][4, 24][22, 25][25, 28][6, 15][4, 7] 
[24, 23, 14, 11, 25][19, 17, 12, 8, 26][2, 29, 27, 7, 20][4, 1, 3, 9][0, 18, 22, 17][13, 6, 16, 28][5, 15, 10, 21][4, 24][22, 25][4, 7][25, 28][6, 15] 
[24, 23, 14, 11, 25][19, 17, 12, 8, 26][2, 29, 27, 7, 20][0, 18, 22, 17][13, 6, 16, 28][4, 1, 3, 9][5, 15, 10, 21][22, 25][25, 28][4, 24][4, 20][6, 15] 
[2, 29, 27, 7, 20, 4][19, 17, 12, 8, 26][13, 6, 16, 28][5, 15, 10, 21][0, 18, 22, 17][11, 14, 23, 24][1, 23, 9, 3][6, 15][25, 28][22, 25][11, 25][4, 24] 
[2, 29, 27, 7, 20, 4][19, 17, 12, 8, 26][5, 15, 10, 21][13, 6, 16, 28][11, 14, 23, 24][1, 23, 9, 3][0, 18, 22, 17][6, 15][25, 28][22, 25][11, 25][4, 24] 
[2, 29, 27, 7, 20, 4][19, 17, 12, 8, 26][13, 6, 16, 28][5, 15, 10, 21][0, 18, 22, 17][11, 14, 23, 24][1, 23, 9, 3][6, 15][25, 28][22, 25][11, 25][4, 24] 
[2, 29, 27, 7, 20, 4][11, 14, 23, 24][1, 23, 9, 3][0, 18, 22, 17][13, 6, 16, 28][5, 15, 10, 21][19, 12, 8, 26][19, 22, 25][11, 25][25, 28][6, 15][4, 24] 
[24, 23, 14, 11, 25][19, 17, 12, 8, 26][2, 29, 27, 7, 20][13, 6, 16, 28][5, 15, 10, 21][4, 1, 3, 9][0, 18, 22, 17][6, 15][25, 28][4, 24][22, 25][4, 7] 
[2, 29, 27, 7, 20][24, 23, 14, 11, 25][19, 17, 12, 8, 26][4, 1, 3, 9][0, 18, 22, 17][13, 6, 16, 28][5, 15, 10, 21][4, 20][4, 24][22, 25][25, 28][6, 15] 
[2, 29, 27, 7, 20, 4][19, 17, 12, 8, 26][0, 18, 22, 17][13, 6, 16, 28][5, 15, 10, 21][11, 14, 23, 24][1, 23, 9, 3][22, 25][25, 28][6, 15][11, 25][4, 24] 
[24, 23, 14, 11, 25][19, 17, 12, 8, 26][2, 29, 27, 7, 20][4, 1, 3, 9][0, 18, 22, 17][13, 6, 16, 28][5, 15, 10, 21][4, 24][22, 25][25, 28][6, 15][4, 7] 
[24, 23, 14, 11, 25][2, 29, 27, 7, 20][19, 17, 12, 8, 26][4, 1, 3, 9][13, 6, 16, 28][0, 18, 22, 17][5, 15, 10, 21][4, 24][25, 28][4, 7][22, 25][6, 15] 
[2, 29, 27, 7, 20][24, 23, 14, 11, 25][19, 17, 12, 8, 26][4, 1, 3, 9][0, 18, 22, 17][13, 6, 16, 28][5, 15, 10, 21][4, 20][4, 24][22, 25][25, 28][6, 15] 
[2, 29, 27, 7, 20, 4][19, 17, 12, 8, 26][0, 18, 22, 17][13, 6, 16, 28][5, 15, 10, 21][11, 14, 23, 24][1, 23, 9, 3][22, 25][25, 28][6, 15][11, 25][4, 24] 
[24, 23, 14, 11, 25][19, 17, 12, 8, 26][2, 29, 27, 7, 20][13, 6, 16, 28][5, 15, 10, 21][4, 1, 3, 9][0, 18, 22, 17][6, 15][25, 28][4, 24][22, 25][4, 7] 
[2, 29, 27, 7, 20][24, 23, 14, 11, 25][19, 17, 12, 8, 26][4, 1, 3, 9][13, 6, 16, 28][0, 18, 22, 17][5, 15, 10, 21][4, 7][4, 24][25, 28][22, 25][6, 15] 
[0, 28, 25, 11, 14, 9, 23, 20, 4, 1, 24, 3][19, 0, 18, 22, 17, 12, 8, 26][2, 29, 27, 7, 20][2, 15, 5, 21, 10][13, 6, 16, 28][7, 27][11, 25][7, 27][11, 25][11, 25][7, 27][7, 27] 
[0, 28, 25, 11, 14, 9, 23, 20, 4, 1, 24, 3][19, 0, 18, 22, 17, 12, 8, 26][2, 29, 27, 7, 20][2, 15, 5, 21, 10][13, 6, 16, 28][11, 25][7, 27][11, 25][11, 25][7, 27][7, 27][7, 27] 
[0, 28, 25, 11, 14, 9, 23, 20, 4, 1, 24, 3][19, 0, 18, 22, 17, 12, 8, 26][2, 29, 27, 7, 20][2, 15, 5, 21, 10][13, 6, 16, 28][11, 25][25, 28][11, 25][7, 27][7, 27][7, 27][7, 27] 
[0, 28, 25, 11, 14, 9, 23, 20, 4, 1, 24, 3][17, 22, 18, 0, 19][2, 29, 27, 7, 20][2, 15, 5, 21, 10][13, 6, 16, 28][12, 19, 8, 26][1, 24][7, 27][11, 25][11, 25][11, 25][7, 27] 
[0, 28, 25, 11, 14, 9, 23, 20, 4, 1, 24, 3][17, 22, 18, 0, 19][2, 29, 27, 7, 20][2, 15, 5, 21, 10][13, 6, 16, 28][12, 19, 8, 26][1, 24][7, 27][11, 25][11, 25][11, 25][7, 27] 
[0, 25, 11, 14, 9, 23, 20, 4, 1, 24, 3][19, 0, 18, 22, 17, 12, 8, 26][2, 29, 27, 7, 20][2, 15, 5, 21, 10][13, 6, 16, 28][11, 25][25, 28][11, 25][7, 27][7, 27][7, 27][7, 27] 
[0, 28, 25, 11, 14, 9, 23, 20, 4, 1, 24, 3][19, 0, 18, 22, 17, 12, 8, 26][2, 29, 27, 7, 20][2, 15, 5, 21, 10][13, 6, 16, 28][7, 27][11, 25][7, 27][11, 25][11, 25][7, 27][7, 27] 
[0, 28, 25, 11, 14, 9, 23, 20, 4, 1, 24, 3][19, 0, 18, 22, 17, 12, 8, 26][2, 29, 27, 7, 20][2, 15, 5, 21, 10][13, 6, 16, 28][7, 27][11, 25][7, 27][11, 25][11, 25][7, 27][7, 27] 
[0, 28, 25, 11, 14, 9, 23, 20, 4, 1, 24, 3][17, 22, 18, 0, 19][2, 29, 27, 7, 20][2, 15, 5, 21, 10][13, 6, 16, 28][12, 19, 8, 26][1, 24][7, 27][11, 25][11, 25][11, 25][7, 27] 
[0, 28, 25, 11, 14, 9, 23, 20, 4, 1, 24, 3][19, 0, 18, 22, 17, 12, 8, 26][2, 29, 27, 7, 20][2, 15, 5, 21, 10][13, 6, 16, 28][7, 27][11, 25][7, 27][11, 25][11, 25][7, 27][7, 27] 
[0, 28, 25, 11, 14, 9, 23, 20, 4, 1, 24, 3][19, 0, 18, 22, 17, 12, 8, 26][2, 29, 27, 7, 20][2, 15, 5, 21, 10][13, 6, 16, 28][7, 27][11, 25][7, 27][11, 25][11, 25][7, 27][7, 27] 
[0, 28, 25, 11, 14, 9, 23, 20, 4, 1, 24, 3][19, 0, 18, 22, 17, 12, 8, 26][2, 29, 27, 7, 20][2, 15, 5, 21, 10][13, 6, 16, 28][7, 27][11, 25][7, 27][11, 25][11, 25][7, 27][7, 27] 
[0, 28, 25, 11, 14, 9, 23, 20, 4, 1, 24, 3][17, 22, 18, 0, 19][2, 29, 27, 7, 20][2, 15, 5, 21, 10][13, 6, 16, 28][12, 19, 8, 26][1, 24][7, 27][11, 25][11, 25][11, 25][7, 27] 
[0, 28, 25, 11, 14, 9, 23, 20, 4, 1, 24, 3][19, 0, 18, 22, 17, 12, 8, 26][2, 29, 27, 7, 20][2, 15, 5, 21, 10][13, 6, 16, 28][7, 27][11, 25][7, 27][11, 25][11, 25][7, 27][7, 27] 
[0, 28, 25, 11, 14, 9, 23, 20, 4, 1, 24, 3][19, 0, 18, 22, 17, 12, 8, 26][2, 29, 27, 7, 20][2, 15, 5, 21, 10][13, 6, 16, 28][7, 27][11, 25][7, 27][11, 25][11, 25][7, 27][7, 27] 
[0, 28, 25, 11, 14, 9, 23, 20, 4, 1, 24, 3][19, 0, 18, 22, 17, 12, 8, 26][2, 29, 27, 7, 20][2, 15, 5, 21, 10][13, 6, 16, 28][11, 25][7, 27][11, 25][11, 25][7, 27][7, 27][7, 27] 
[0, 28, 25, 11, 14, 9, 23, 20, 4, 1, 24, 3][19, 0, 18, 22, 17, 12, 8, 26][2, 29, 27, 7, 20][2, 15, 5, 21, 10][13, 6, 16, 28][11, 25][25, 28][11, 25][7, 27][7, 27][7, 27][7, 27] 
[0, 28, 25, 11, 14, 9, 23, 20, 4, 1, 24, 3][19, 0, 18, 22, 17, 12, 8, 26][2, 29, 27, 7, 20][2, 15, 5, 21, 10][13, 6, 16, 28][8, 12][7, 27][11, 25][17, 22][8, 26][7, 27][25, 28] 
[0, 28, 25, 11, 14, 9, 23, 20, 4, 1, 24, 3][19, 0, 18, 22, 17, 12, 8, 26][2, 29, 27, 7, 20][2, 15, 5, 21, 10][13, 6, 16, 28][7, 27][11, 25][7, 27][11, 25][11, 25][7, 27][7, 27] 
[0, 28, 25, 11, 14, 9, 23, 20, 4, 1, 24, 3][19, 0, 18, 22, 17, 12, 8, 26][2, 29, 27, 7, 20][2, 15, 5, 21, 10][13, 6, 16, 28][7, 27][11, 25][7, 27][11, 25][11, 25][7, 27][7, 27] 
[0, 28, 25, 11, 14, 9, 23, 20, 4, 1, 24, 3][19, 0, 18, 22, 17, 12, 8, 26][2, 29, 27, 7, 20][2, 15, 5, 21, 10][13, 6, 16, 28][7, 27][11, 25][7, 27][11, 25][11, 25][7, 27][7, 27] 
[2, 29, 27, 7, 20, 4][19, 17, 12, 8, 26][11, 14, 23, 24][1, 23, 9, 3][0, 18, 22, 17][13, 6, 16, 28][5, 15, 10, 21][4, 24][11, 25][22, 25][25, 28][6, 15] 
[2, 29, 27, 7, 20, 4][19, 17, 12, 8, 26][13, 6, 16, 28][5, 15, 10, 21][0, 18, 22, 17][11, 14, 23, 24][1, 23, 9, 3][6, 15][25, 28][22, 25][11, 25][4, 24] 
[2, 29, 27, 7, 20, 4][19, 17, 12, 8, 26][1, 23, 9, 3][11, 14, 23, 24][13, 6, 16, 28][5, 15, 10, 21][0, 18, 22, 17][11, 25][25, 28][6, 15][4, 24][22, 25] 
[2, 29, 27, 7, 20, 4][19, 17, 12, 8, 26][13, 6, 16, 28][0, 18, 22, 17][11, 14, 23, 24][1, 23, 9, 3][5, 15, 10, 21][25, 28][22, 25][11, 25][4, 24][6, 15] 
[2, 29, 27, 7, 20, 4][19, 17, 12, 8, 26][11, 14, 23, 24][1, 23, 9, 3][0, 18, 22, 17][13, 6, 16, 28][5, 15, 10, 21][4, 24][11, 25][22, 25][25, 28][6, 15] 
[2, 29, 27, 7, 20, 4][19, 17, 12, 8, 26][11, 14, 23, 24][1, 23, 9, 3][0, 18, 22, 17][13, 6, 16, 28][5, 15, 10, 21][4, 24][11, 25][22, 25][25, 28][6, 15] 
[2, 29, 27, 7, 20, 4][19, 17, 12, 8, 26][13, 6, 16, 28][0, 18, 22, 17][11, 14, 23, 24][1, 23, 9, 3][5, 15, 10, 21][25, 28][22, 25][11, 25][6, 15][4, 24] 
[2, 29, 27, 7, 20, 4][19, 17, 12, 8, 26][11, 14, 23, 24][1, 23, 9, 3][0, 18, 22, 17][13, 6, 16, 28][5, 15, 10, 21][4, 24][11, 25][22, 25][25, 28][6, 15] 
[2, 29, 27, 7, 20, 4][19, 17, 12, 8, 26][13, 6, 16, 28][5, 15, 10, 21][0, 18, 22, 17][11, 14, 23, 24][1, 23, 9, 3][6, 15][25, 28][22, 25][11, 25][4, 24] 
[2, 29, 27, 7, 20, 4][19, 17, 12, 8, 26][0, 18, 22, 17][11, 14, 23, 24][1, 23, 9, 3][13, 6, 16, 28][5, 15, 10, 21][22, 25][11, 25][4, 24][25, 28][6, 15] 
[2, 29, 27, 7, 20, 4][19, 17, 12, 8, 26][0, 18, 22, 17][13, 6, 16, 28][11, 14, 23, 24][1, 23, 9, 3][5, 15, 10, 21][22, 25][25, 28][11, 25][4, 24][6, 15] 
[2, 29, 27, 7, 20, 4][19, 17, 12, 8, 26][13, 6, 16, 28][5, 15, 10, 21][0, 18, 22, 17][11, 14, 23, 24][1, 23, 9, 3][6, 15][25, 28][22, 25][11, 25][4, 24] 
[2, 29, 27, 7, 20, 4][19, 17, 12, 8, 26][5, 15, 10, 21][13, 6, 16, 28][11, 14, 23, 24][1, 23, 9, 3][0, 18, 22, 17][6, 15][25, 28][11, 25][4, 24][22, 25] 
[2, 29, 27, 7, 20, 4][19, 17, 12, 8, 26][0, 18, 22, 17][11, 14, 23, 24][1, 23, 9, 3][13, 6, 16, 28][5, 15, 10, 21][22, 25][11, 25][4, 24][25, 28][6, 15] 
[2, 29, 27, 7, 20, 4][19, 17, 12, 8, 26][5, 15, 10, 21][13, 6, 16, 28][11, 14, 23, 24][1, 23, 9, 3][0, 18, 22, 17][6, 15][25, 28][22, 25][11, 25][4, 24] 
[2, 29, 27, 7, 20][24, 23, 14, 11, 25][19, 17, 12, 8, 26][4, 1, 3, 9][0, 18, 22, 17][13, 6, 16, 28][5, 15, 10, 21][4, 7][4, 24][22, 25][25, 28][6, 15] 
[2, 29, 27, 7, 20][24, 23, 14, 11, 25][19, 17, 12, 8, 26][4, 1, 3, 9][0, 18, 22, 17][13, 6, 16, 28][5, 15, 10, 21][4, 7][4, 24][22, 25][25, 28][6, 15] 
[2, 29, 27, 7, 20][24, 23, 14, 11, 25][19, 17, 12, 8, 26][4, 1, 3, 9][0, 18, 22, 17][13, 6, 16, 28][5, 15, 10, 21][4, 7][4, 24][22, 25][25, 28][6, 15] 
[24, 23, 14, 11, 25][19, 17, 12, 8, 26][2, 29, 27, 7, 20][5, 15, 10, 21][13, 6, 16, 28][4, 1, 3, 9][0, 18, 22, 17][6, 15][25, 28][4, 24][22, 25][4, 7] 
[2, 29, 27, 7, 20][24, 23, 14, 11, 25][19, 17, 12, 8, 26][4, 1, 3, 9][13, 6, 16, 28][5, 15, 10, 21][0, 18, 22, 17][4, 7][4, 24][25, 28][6, 15][22, 25] 
[24, 23, 14, 11, 25][19, 17, 12, 8, 26][2, 29, 27, 7, 20][13, 6, 16, 28][5, 15, 10, 21][4, 1, 3, 9][0, 18, 22, 17][6, 15][25, 28][4, 24][22, 25][4, 7] 
[2, 29, 27, 7, 20, 4][19, 17, 12, 8, 26][5, 15, 10, 21][13, 6, 16, 28][0, 18, 22, 17][11, 14, 23, 24][1, 23, 9, 3][6, 15][25, 28][22, 25][11, 25][4, 24] 
[2, 29, 27, 7, 20, 4][19, 17, 12, 8, 26][5, 15, 10, 21][13, 6, 16, 28][0, 18, 22, 17][11, 14, 23, 24][1, 23, 9, 3][6, 15][25, 28][22, 25][11, 25][4, 24] 
[2, 29, 27, 7, 20, 4][19, 17, 12, 8, 26][11, 14, 23, 24][1, 23, 9, 3][0, 18, 22, 17][13, 6, 16, 28][5, 15, 10, 21][4, 24][11, 25][22, 25][25, 28][6, 15] 
[2, 29, 27, 7, 20, 4][19, 17, 12, 8, 26][0, 18, 22, 17][11, 14, 23, 24][1, 23, 9, 3][13, 6, 16, 28][5, 15, 10, 21][22, 25][11, 25][4, 24][25, 28][6, 15] 
[2, 29, 27, 7, 20, 4][19, 17, 12, 8, 26][13, 6, 16, 28][0, 18, 22, 17][11, 14, 23, 24][1, 23, 9, 3][5, 15, 10, 21][25, 28][22, 25][11, 25][6, 15][4, 24] 
[24, 23, 14, 11, 25][19, 17, 12, 8, 26][2, 29, 27, 7, 20][4, 1, 3, 9][0, 18, 22, 17][13, 6, 16, 28][5, 15, 10, 21][4, 24][22, 25][4, 7][25, 28][6, 15] 
[2, 29, 27, 7, 20, 4][19, 17, 12, 8, 26][11, 14, 23, 24][1, 23, 9, 3][0, 18, 22, 17][13, 6, 16, 28][5, 15, 10, 21][4, 24][11, 25][22, 25][25, 28][6, 15] 
[2, 29, 27, 7, 20][24, 23, 14, 11, 25][19, 17, 12, 8, 26][4, 1, 3, 9][0, 18, 22, 17][13, 6, 16, 28][5, 15, 10, 21][4, 7][4, 24][22, 25][25, 28][6, 15] 
[2, 29, 27, 7, 20][24, 23, 14, 11, 25][19, 17, 12, 8, 26][4, 1, 3, 9][0, 18, 22, 17][13, 6, 16, 28][5, 15, 10, 21][4, 7][4, 24][22, 25][25, 28][6, 15] 
[24, 23, 14, 11, 25][19, 17, 12, 8, 26][2, 29, 27, 7, 20][13, 6, 16, 28][0, 18, 22, 17][4, 1, 3, 9][5, 15, 10, 21][25, 28][22, 25][4, 24][4, 7][6, 15] 
[2, 29, 27, 7, 20][24, 23, 14, 11, 25][19, 17, 12, 8, 26][4, 1, 3, 9][0, 18, 22, 17][13, 6, 16, 28][5, 15, 10, 21][4, 7][4, 24][22, 25][25, 28][6, 15] 
[2, 29, 27, 7, 20][24, 23, 14, 11, 25][19, 17, 12, 8, 26][4, 1, 3, 9][0, 18, 22, 17][13, 6, 16, 28][5, 15, 10, 21][4, 7][4, 24][22, 25][25, 28][6, 15] 
[2, 29, 27, 7, 20][24, 23, 14, 11, 25][19, 17, 12, 8, 26][4, 1, 3, 9][0, 18, 22, 17][13, 6, 16, 28][5, 15, 10, 21][4, 7][4, 24][22, 25][25, 28][6, 15] 
[2, 29, 27, 7, 20][24, 23, 14, 11, 25][19, 17, 12, 8, 26][4, 1, 3, 9][0, 18, 22, 17][13, 6, 16, 28][5, 15, 10, 21][4, 7][4, 24][22, 25][25, 28][6, 15] 
[24, 23, 14, 11, 25][19, 17, 12, 8, 26][2, 29, 27, 7, 20][13, 6, 16, 28][5, 15, 10, 21][4, 1, 3, 9][0, 18, 22, 17][6, 15][25, 28][4, 24][22, 25][4, 7] 
[2, 29, 27, 7, 20][24, 23, 14, 11, 25][19, 17, 12, 8, 26][4, 1, 3, 9][0, 18, 22, 17][13, 6, 16, 28][5, 15, 10, 21][4, 7][4, 24][22, 25][25, 28][6, 15] 
[2, 29, 27, 7, 20][24, 23, 14, 11, 25][19, 17, 12, 8, 26][4, 1, 3, 9][0, 18, 22, 17][13, 6, 16, 28][5, 15, 10, 21][4, 7][4, 24][22, 25][25, 28][6, 15] 
[24, 23, 14, 11, 25][2, 29, 27, 7, 20][19, 17, 12, 8, 26][4, 1, 3, 9][13, 6, 16, 28][0, 18, 22, 17][5, 15, 10, 21][4, 24][25, 28][4, 7][22, 25][6, 15] 
[19, 17, 12, 8, 26][24, 23, 14, 11, 25][2, 29, 27, 7, 20][0, 18, 22, 17][4, 1, 3, 9][13, 6, 16, 28][5, 15, 10, 21][22, 25][4, 24][25, 28][6, 15][4, 7] 
[2, 29, 27, 7, 20][24, 23, 14, 11, 25][19, 17, 12, 8, 26][4, 1, 3, 9][0, 18, 22, 17][13, 6, 16, 28][5, 15, 10, 21][4, 7][4, 24][22, 25][25, 28][6, 15] 
[2, 29, 27, 7, 20][24, 23, 14, 11, 25][19, 17, 12, 8, 26][4, 1, 3, 9][0, 18, 22, 17][13, 6, 16, 28][5, 15, 10, 21][4, 7][4, 24][22, 25][25, 28][6, 15] 
[2, 29, 27, 7, 20][24, 23, 14, 11, 25][19, 17, 12, 8, 26][4, 1, 3, 9][13, 6, 16, 28][5, 15, 10, 21][0, 18, 22, 17][4, 7][4, 24][25, 28][6, 15][22, 25] 
[19, 0, 18, 22, 17, 12, 8, 26][24, 23, 14, 11, 25][2, 29, 27, 7, 20][13, 6, 16, 28][5, 15, 10, 21][4, 1, 3, 9][6, 15][25, 28][22, 25][11, 25][4, 24][4, 7] 
[19, 0, 18, 22, 17, 12, 8, 26][2, 29, 27, 7, 20][24, 23, 14, 11, 25][4, 1, 3, 9][13, 6, 16, 28][5, 15, 10, 21][4, 7][4, 24][11, 25][22, 25][25, 28][6, 15] 
[19, 0, 18, 22, 17, 12, 8, 26][24, 23, 14, 11, 25][2, 29, 27, 7, 20][5, 15, 10, 21][13, 6, 16, 28][4, 1, 3, 9][6, 15][25, 28][22, 25][4, 24][3, 9][4, 7] 
[19, 0, 18, 22, 17, 12, 8, 26][24, 23, 14, 11, 25][2, 29, 27, 7, 20][13, 6, 16, 28][5, 15, 10, 21][4, 1, 3, 9][6, 15][25, 28][11, 25][4, 24][4, 7][22, 25] 
[19, 0, 18, 22, 17, 12, 8, 26][24, 23, 14, 11, 25][2, 29, 27, 7, 20][5, 15, 10, 21][13, 6, 16, 28][4, 1, 3, 9][6, 15][25, 28][22, 25][4, 24][3, 9][4, 7] 
[5, 21, 10, 2, 29, 27, 7, 20][19, 0, 18, 22, 17, 12, 8, 26][4, 1, 3, 9][11, 14, 23, 24][13, 6, 16, 28][4, 7][4, 24][11, 25][22, 25][17, 22][25, 28][6, 15] 
[2, 29, 27, 7, 20, 4][19, 17, 12, 8, 26][13, 6, 16, 28][5, 15, 10, 21][0, 18, 22, 17][11, 14, 23, 24][1, 23, 9, 3][6, 15][25, 28][22, 25][11, 25][4, 24] 
[2, 29, 27, 7, 20, 4][19, 17, 12, 8, 26][13, 6, 16, 28][5, 15, 10, 21][0, 18, 22, 17][11, 14, 23, 24][1, 23, 9, 3][6, 15][25, 28][22, 25][11, 25][4, 24] 
[2, 29, 27, 7, 20, 4][19, 17, 12, 8, 26][0, 18, 22, 17][11, 14, 23, 24][1, 23, 9, 3][13, 6, 16, 28][5, 15, 10, 21][22, 25][11, 25][25, 28][4, 24][6, 15] 
[2, 29, 27, 7, 20, 4][19, 17, 12, 8, 26][11, 14, 23, 24][1, 23, 9, 3][0, 18, 22, 17][13, 6, 16, 28][5, 15, 10, 21][4, 24][11, 25][22, 25][25, 28][6, 15] 
[2, 29, 27, 7, 20, 4][19, 17, 12, 8, 26][0, 18, 22, 17][11, 14, 23, 24][1, 23, 9, 3][13, 6, 16, 28][5, 15, 10, 21][22, 25][11, 25][4, 24][25, 28][6, 15] 
[2, 29, 27, 7, 20][24, 23, 14, 11, 25][19, 17, 12, 8, 26][4, 1, 3, 9][0, 18, 22, 17][13, 6, 16, 28][5, 15, 10, 21][4, 7][4, 24][22, 25][25, 28][6, 15] 
[2, 29, 27, 7, 20, 4][19, 17, 12, 8, 26][11, 14, 23, 24][1, 23, 9, 3][0, 18, 22, 17][13, 6, 16, 28][5, 15, 10, 21][4, 24][11, 25][22, 25][25, 28][6, 15] 
