[11, 17, 12, 8, 26][5, 21, 10, 27][0, 13, 6, 2][28, 16, 15, 29][7, 25, 22, 19][3, 1, 24, 7][9, 23, 4, 14][17, 22, 18][3, 23, 20][2, 27][2, 29][0, 18] 
[11, 17, 12, 8, 26][19, 22, 25, 7, 27][2, 10, 21, 5][28, 16, 15, 29][3, 1, 24, 7][9, 23, 4, 14][0, 13, 6][17, 22, 18][3, 23, 20][2, 6][2, 29][0, 18] 
[19, 22, 25, 7, 27][11, 17, 12, 8, 26][3, 1, 24, 7][9, 23, 4, 14][2, 10, 21, 5][28, 16, 15, 29][3, 23, 20][17, 22, 18][0, 13, 6][0, 18][2, 27][2, 29] 
[19, 22, 25, 7, 27][9, 23, 4, 14, 11][2, 10, 21, 5][28, 16, 15, 29][3, 1, 24, 7][17, 12, 8, 26][17, 22, 18][3, 23, 20][0, 13, 6][2, 29][2, 27][0, 18] 
[11, 17, 12, 8, 26][7, 25, 22, 19][3, 1, 24, 7][9, 23, 4, 14][0, 13, 6, 2][5, 21, 10, 27][28, 16, 15, 29][17, 22, 18][3, 23, 20][0, 18][2, 10][5, 15] 
[11, 17, 12, 8, 26][0, 13, 6, 2][7, 25, 22, 19][3, 1, 24, 7][9, 23, 4, 14][5, 21, 10, 27][28, 16, 15, 29][17, 22, 18][3, 23, 20][0, 18][2, 10][2, 29] 
[11, 17, 12, 8, 26][7, 25, 22, 19][3, 1, 24, 7][9, 23, 4, 14][5, 21, 10, 27][0, 13, 6, 2][28, 16, 15, 29][17, 22, 18][3, 23, 20][7, 27][0, 18][2, 29] 
[11, 17, 12, 8, 26][28, 16, 15, 29][5, 21, 10, 27][0, 13, 6, 2][7, 25, 22, 19][3, 1, 24, 7][9, 23, 4, 14][17, 22, 18][3, 23, 20][5, 15][2, 10][0, 18] 
[11, 17, 12, 8, 26][28, 16, 15, 29][0, 13, 6, 2][7, 25, 22, 19][3, 1, 24, 7][9, 23, 4, 14][5, 21, 10, 27][17, 22, 18][3, 23, 20][2, 29][0, 18][5, 15] 
[11, 17, 12, 8, 26][3, 1, 24, 7][7, 25, 22, 19][9, 23, 4, 14][0, 13, 6, 2][5, 21, 10, 27][28, 16, 15, 29][3, 23, 20][17, 22, 18][0, 18][2, 10][5, 15] 
[11, 17, 12, 8, 26][0, 13, 6, 2][28, 16, 15, 29][5, 21, 10, 27][7, 25, 22, 19][3, 1, 24, 7][9, 23, 4, 14][17, 22, 18][3, 23, 20][2, 29][2, 27][0, 18] 
[19, 22, 25, 7, 27][11, 17, 12, 8, 26][9, 23, 4, 14][3, 1, 24, 7][2, 10, 21, 5][28, 16, 15, 29][3, 23, 20][17, 22, 18][0, 13, 6][0, 18][2, 6][2, 29] 
[19, 22, 25, 7, 27][11, 17, 12, 8, 26][28, 16, 15, 29][2, 10, 21, 5][3, 1, 24, 7][9, 23, 4, 14][0, 13, 6][3, 23, 20][17, 22, 18][2, 29][2, 27][0, 18] 
[11, 17, 12, 8, 26][28, 16, 15, 29][5, 21, 10, 27][0, 13, 6, 2][7, 25, 22, 19][3, 1, 24, 7][9, 23, 4, 14][17, 22, 18][3, 23, 20][5, 15][2, 10][0, 18] 
[11, 17, 12, 8, 26][5, 21, 10, 27][0, 13, 6, 2][7, 25, 22, 19][3, 1, 24, 7][9, 23, 4, 14][28, 16, 15, 29][17, 22, 18][3, 23, 20][2, 10][0, 18][2, 29] 
[11, 17, 12, 8, 26][3, 1, 24, 7][7, 25, 22, 19][9, 23, 4, 14][0, 13, 6, 2][28, 16, 15, 29][5, 21, 10, 27][3, 23, 20][17, 22, 18][0, 18][2, 10][5, 15] 
[11, 17, 12, 8, 26][7, 25, 22, 19][3, 1, 24, 7][9, 23, 4, 14][0, 13, 6, 2][28, 16, 15, 29][5, 21, 10, 27][17, 22, 18][3, 23, 20][0, 18][2, 29][2, 27] 
[19, 22, 25, 7, 27][11, 17, 12, 8, 26][9, 23, 4, 14][3, 1, 24, 7][2, 10, 21, 5][28, 16, 15, 29][3, 23, 20][17, 22, 18][0, 13, 6][0, 18][2, 6][2, 29] 
[11, 17, 12, 8, 26][7, 25, 22, 19][3, 1, 24, 7][9, 23, 4, 14][0, 13, 6, 2][5, 21, 10, 27][28, 16, 15, 29][17, 22, 18][3, 23, 20][0, 18][2, 10][5, 15] 
[11, 17, 12, 8, 26][7, 25, 22, 19][3, 1, 24, 7][9, 23, 4, 14][0, 13, 6, 2][28, 16, 15, 29][5, 21, 10, 27][17, 22, 18][3, 23, 20][0, 18][2, 29][2, 27] 
[11, 17, 12, 8, 26][0, 13, 6, 2][28, 16, 15, 29][5, 21, 10, 27][7, 25, 22, 19][3, 1, 24, 7][9, 23, 4, 14][17, 22, 18][3, 23, 20][2, 29][2, 27][0, 18] 
[19, 22, 25, 7, 27][11, 17, 12, 8, 26][9, 23, 4, 14][3, 1, 24, 7][2, 10, 21, 5][28, 16, 15, 29][3, 23, 20][17, 22, 18][0, 13, 6][0, 18][2, 6][2, 29] 
[19, 22, 25, 7, 27][11, 17, 12, 8, 26][3, 1, 24, 7][9, 23, 4, 14][2, 10, 21, 5][28, 16, 15, 29][3, 23, 20][17, 22, 18][0, 13, 6][0, 18][2, 27][2, 29] 
[11, 17, 12, 8, 26][28, 16, 15, 29][5, 21, 10, 27][0, 13, 6, 2][7, 25, 22, 19][3, 1, 24, 7][9, 23, 4, 14][17, 22, 18][3, 23, 20][5, 15][2, 10][0, 18] 
[11, 17, 12, 8, 26][28, 16, 15, 29][0, 13, 6, 2][7, 25, 22, 19][3, 1, 24, 7][9, 23, 4, 14][5, 21, 10, 27][17, 22, 18][3, 23, 20][2, 29][0, 18][2, 10] 
[11, 17, 12, 8, 26][3, 1, 24, 7][7, 25, 22, 19][9, 23, 4, 14][0, 13, 6, 2][5, 21, 10, 27][28, 16, 15, 29][3, 23, 20][17, 22, 18][0, 18][2, 10][5, 15] 
[11, 17, 12, 8, 26][7, 25, 22, 19][3, 1, 24, 7][9, 23, 4, 14][0, 13, 6, 2][28, 16, 15, 29][5, 21, 10, 27][17, 22, 18][3, 23, 20][0, 18][2, 29][2, 27] 
[19, 22, 25, 7, 27][11, 17, 12, 8, 26][9, 23, 4, 14][3, 1, 24, 7][2, 10, 21, 5][28, 16, 15, 29][3, 23, 20][17, 22, 18][0, 13, 6][0, 18][2, 6][2, 29] 
[11, 17, 12, 8, 26][28, 16, 15, 29][5, 21, 10, 27][0, 13, 6, 2][7, 25, 22, 19][3, 1, 24, 7][9, 23, 4, 14][17, 22, 18][3, 23, 20][5, 15][2, 10][0, 18] 
[11, 17, 12, 8, 26][9, 23, 4, 14][3, 1, 24, 7][7, 25, 22, 19][0, 13, 6, 2][5, 21, 10, 27][28, 16, 15, 29][3, 23, 20][17, 22, 18][0, 18][2, 27][2, 29] 
[11, 17, 12, 8, 26][3, 1, 24, 7][9, 23, 4, 14][7, 25, 22, 19][0, 13, 6, 2][5, 21, 10, 27][28, 16, 15, 29][3, 23, 20][17, 22, 18][0, 18][2, 27][2, 29] 
[19, 22, 25, 7, 27][11, 17, 12, 8, 26][9, 23, 4, 14][3, 1, 24, 7][2, 10, 21, 5][28, 16, 15, 29][3, 23, 20][17, 22, 18][0, 13, 6][0, 18][2, 6][2, 29] 
[11, 17, 12, 8, 26][3, 1, 24, 7][7, 25, 22, 19][9, 23, 4, 14][0, 13, 6, 2][5, 21, 10, 27][28, 16, 15, 29][3, 23, 20][17, 22, 18][0, 18][2, 10][5, 15] 
[11, 17, 12, 8, 26][0, 13, 6, 2][28, 16, 15, 29][7, 25, 22, 19][3, 1, 24, 7][9, 23, 4, 14][5, 21, 10, 27][17, 22, 18][3, 23, 20][2, 29][0, 18][2, 27] 
[11, 17, 12, 8, 26][0, 13, 6, 2][28, 16, 15, 29][7, 25, 22, 19][3, 1, 24, 7][9, 23, 4, 14][5, 21, 10, 27][17, 22, 18][3, 23, 20][2, 29][0, 18][2, 27] 
[9, 1, 24, 3, 23, 4, 14, 11, 25, 22, 18, 0, 17][16, 28, 0, 25, 22, 19, 12, 8, 26][2, 29, 10, 21, 15, 27, 16][5, 6, 13, 18][6, 13][7, 14][20, 24][15, 21][15, 21][6, 13][15, 21][0, 18] 
[2, 29, 10, 21, 15, 27, 16, 28, 0, 25, 22, 19, 12, 8, 26][9, 1, 24, 3, 23, 4, 14, 11, 25][0, 18, 13, 6, 5][16, 28][0, 17][20, 24][7, 14][15, 21][6, 13][15, 21][10, 21][4, 14] 
[2, 29, 10, 21, 15, 27, 16, 28, 0, 25, 22, 19, 12, 8, 26][9, 1, 24, 3, 23, 4, 14, 11, 25][0, 18, 13, 6, 5][16, 28][0, 17][20, 24][7, 14][15, 21][6, 13][15, 21][10, 21][4, 14] 
[9, 1, 24, 3, 23, 4, 14, 11, 25, 22, 18, 0, 17][16, 28, 0, 25, 22, 19, 12, 8, 26][2, 29, 10, 21, 15, 27, 16][5, 6, 13, 18][6, 13][7, 14][20, 24][15, 21][15, 21][6, 13][15, 21][0, 18] 
[9, 1, 24, 3, 23, 4, 14, 11, 25, 22, 18, 0, 17][16, 28, 0, 25, 22, 19, 12, 8, 26][2, 29, 10, 21, 15, 27, 16][5, 6, 13, 18][6, 13][7, 14][20, 24][15, 21][15, 21][6, 13][15, 21][0, 18] 
[9, 1, 24, 3, 23, 4, 14, 11, 25, 22, 18, 0, 17][26, 8, 12, 19, 22, 25, 0, 28][2, 29, 10, 21, 15, 27, 16][5, 6, 13, 18][16, 28][7, 14][20, 24][6, 13][15, 21][15, 21][0, 18][15, 21] 
[2, 29, 10, 21, 15, 27, 16, 28, 0, 25, 22, 19, 12, 8, 26][9, 1, 24, 3, 23, 4, 14, 11, 25, 22, 18, 0, 17][5, 6, 13, 18][15, 21][7, 14][20, 24][15, 21][15, 21][15, 21][16, 28][15, 21][15, 21] 
[2, 29, 10, 21, 15, 27, 16, 28, 0, 25, 22, 19, 12, 8, 26][9, 1, 24, 3, 23, 4, 14, 11, 25][0, 18, 13, 6, 5][16, 28][0, 17][20, 24][7, 14][15, 21][6, 13][15, 21][10, 21][4, 14] 
[9, 1, 24, 3, 23, 4, 14, 11, 25, 22, 18, 0, 17][16, 28, 0, 25, 22, 19, 12, 8, 26][2, 29, 10, 21, 15, 27, 16][5, 6, 13, 18][6, 13][7, 14][20, 24][15, 21][15, 21][6, 13][15, 21][0, 18] 
[2, 29, 10, 21, 15, 27, 16, 28, 0, 25, 22, 19, 12, 8, 26][9, 1, 24, 3, 23, 4, 14, 11, 25, 22, 18, 0, 17][5, 6, 13, 18][15, 21][7, 14][20, 24][15, 21][15, 21][15, 21][16, 28][15, 21][15, 21] 
[2, 29, 10, 21, 15, 27, 16, 28, 0, 25, 22, 19, 12, 8, 26][9, 1, 24, 3, 23, 4, 14, 11, 25, 22, 18, 0, 17][5, 6, 13, 18][15, 21][7, 14][20, 24][15, 21][15, 21][15, 21][16, 28][15, 21][15, 21] 
[2, 29, 10, 21, 15, 27, 16, 28, 0, 25, 22, 19, 12, 8, 26][9, 1, 24, 3, 23, 4, 14, 11, 25][0, 18, 13, 6, 5][16, 28][0, 17][20, 24][7, 14][15, 21][6, 13][15, 21][10, 21][4, 14] 
[9, 1, 24, 3, 23, 4, 14, 11, 25, 22, 18, 0, 17][16, 28, 0, 25, 22, 19, 12, 8, 26][2, 29, 10, 21, 15, 27, 16][5, 6, 13, 18][6, 13][7, 14][20, 24][15, 21][15, 21][6, 13][15, 21][0, 18] 
[2, 29, 10, 21, 15, 27, 16, 28, 0, 25, 22, 19, 12, 8, 26][9, 1, 24, 3, 23, 4, 14, 11, 25][0, 18, 13, 6, 5][16, 28][0, 17][20, 24][7, 14][15, 21][6, 13][15, 21][10, 21][4, 14] 
[2, 29, 10, 21, 15, 27, 16, 28, 0, 25, 22, 19, 12, 8, 26][9, 1, 24, 3, 23, 4, 14, 11, 25][0, 18, 13, 6, 5][16, 28][0, 17][20, 24][7, 14][15, 21][6, 13][15, 21][10, 21][4, 14] 
[2, 29, 10, 21, 15, 27, 16, 28, 0, 25, 22, 19, 12, 8, 26][9, 1, 24, 3, 23, 4, 14, 11, 25][0, 18, 13, 6, 5][16, 28][0, 17][20, 24][7, 14][15, 21][6, 13][15, 21][10, 21][4, 14] 
[2, 29, 10, 21, 15, 27, 16, 28, 0, 25, 22, 19, 12, 8, 26][9, 1, 24, 3, 23, 4, 14, 11, 25][0, 18, 13, 6, 5][16, 28][0, 17][20, 24][7, 14][15, 21][6, 13][15, 21][10, 21][4, 14] 
[2, 29, 10, 21, 15, 27, 16, 28, 0, 25, 22, 19, 12, 8, 26][9, 1, 24, 3, 23, 4, 14, 11, 25][0, 18, 13, 6, 5][16, 28][0, 17][20, 24][7, 14][15, 21][6, 13][15, 21][10, 21][4, 14] 
[2, 29, 10, 21, 15, 27, 16, 28, 0, 25, 22, 19, 12, 8, 26][9, 1, 24, 3, 23, 4, 14, 11, 25, 22, 18, 0, 17][5, 6, 13, 18][15, 21][7, 14][20, 24][15, 21][15, 21][15, 21][16, 28][15, 21][15, 21] 
[2, 29, 10, 21, 15, 27, 16, 28, 0, 25, 22, 19, 12, 8, 26][9, 1, 24, 3, 23, 4, 14, 11, 25][0, 18, 13, 6, 5][16, 28][0, 17][20, 24][7, 14][15, 21][6, 13][15, 21][10, 21][4, 14] 
[2, 29, 10, 21, 15, 27, 16, 28, 0, 25, 22, 19, 12, 8, 26][9, 1, 24, 3, 23, 4, 14, 11, 25][0, 18, 13, 6, 5][16, 28][0, 17][20, 24][7, 14][15, 21][6, 13][15, 21][10, 21][4, 14] 
[11, 17, 12, 8, 26][7, 25, 22, 19][3, 1, 24, 7][9, 23, 4, 14][0, 13, 6, 2][5, 21, 10, 27][28, 16, 15, 29][17, 22, 18][3, 23, 20][0, 18][2, 10][5, 15] 
[11, 17, 12, 8, 26][3, 1, 24, 7][7, 25, 22, 19][9, 23, 4, 14][0, 13, 6, 2][5, 21, 10, 27][28, 16, 15, 29][3, 23, 20][17, 22, 18][0, 18][2, 10][5, 15] 
[11, 17, 12, 8, 26][3, 1, 24, 7][7, 25, 22, 19][9, 23, 4, 14][0, 13, 6, 2][5, 21, 10, 27][28, 16, 15, 29][3, 23, 20][17, 22, 18][0, 18][2, 10][5, 15] 
[11, 17, 12, 8, 26][28, 16, 15, 29][5, 21, 10, 27][0, 13, 6, 2][7, 25, 22, 19][3, 1, 24, 7][9, 23, 4, 14][17, 22, 18][3, 23, 20][5, 15][2, 10][0, 18] 
[11, 17, 12, 8, 26][3, 1, 24, 7][7, 25, 22, 19][9, 23, 4, 14][0, 13, 6, 2][28, 16, 15, 29][5, 21, 10, 27][3, 23, 20][17, 22, 18][0, 18][2, 10][5, 15] 
[11, 17, 12, 8, 26][3, 1, 24, 7][7, 25, 22, 19][9, 23, 4, 14][0, 13, 6, 2][28, 16, 15, 29][5, 21, 10, 27][3, 23, 20][17, 22, 18][0, 18][2, 10][5, 15] 
[11, 17, 12, 8, 26][7, 25, 22, 19][3, 1, 24, 7][9, 23, 4, 14][0, 13, 6, 2][5, 21, 10, 27][28, 16, 15, 29][17, 22, 18][3, 23, 20][0, 18][2, 10][5, 15] 
[11, 17, 12, 8, 26][3, 1, 24, 7][7, 25, 22, 19][9, 23, 4, 14][0, 13, 6, 2][28, 16, 15, 29][5, 21, 10, 27][3, 23, 20][17, 22, 18][0, 18][2, 10][5, 15] 
[11, 17, 12, 8, 26][7, 25, 22, 19][3, 1, 24, 7][9, 23, 4, 14][0, 13, 6, 2][5, 21, 10, 27][28, 16, 15, 29][17, 22, 18][3, 23, 20][0, 18][2, 10][5, 15] 
[11, 17, 12, 8, 26][0, 13, 6, 2][7, 25, 22, 19][3, 1, 24, 7][9, 23, 4, 14][5, 21, 10, 27][28, 16, 15, 29][17, 22, 18][3, 23, 20][0, 18][2, 10][5, 15] 
[11, 17, 12, 8, 26][3, 1, 24, 7][7, 25, 22, 19][9, 23, 4, 14][0, 13, 6, 2][28, 16, 15, 29][5, 21, 10, 27][3, 23, 20][17, 22, 18][0, 18][2, 10][5, 15] 
[11, 17, 12, 8, 26][28, 16, 15, 29][5, 21, 10, 27][0, 13, 6, 2][7, 25, 22, 19][3, 1, 24, 7][9, 23, 4, 14][17, 22, 18][3, 23, 20][5, 15][2, 10][0, 18] 
[11, 17, 12, 8, 26][28, 16, 15, 29][5, 21, 10, 27][0, 13, 6, 2][7, 25, 22, 19][3, 1, 24, 7][9, 23, 4, 14][17, 22, 18][3, 23, 20][5, 15][2, 10][0, 18] 
[11, 17, 12, 8, 26][28, 16, 15, 29][5, 21, 10, 27][0, 13, 6, 2][7, 25, 22, 19][3, 1, 24, 7][9, 23, 4, 14][17, 22, 18][3, 23, 20][5, 15][2, 10][0, 18] 
[11, 17, 12, 8, 26][3, 1, 24, 7][7, 25, 22, 19][9, 23, 4, 14][0, 13, 6, 2][5, 21, 10, 27][28, 16, 15, 29][3, 23, 20][17, 22, 18][0, 18][2, 10][5, 15] 
[11, 17, 12, 8, 26][7, 25, 22, 19][3, 1, 24, 7][9, 23, 4, 14][0, 13, 6, 2][28, 16, 15, 29][5, 21, 10, 27][17, 22, 18][3, 23, 20][0, 18][2, 29][2, 27] 
[11, 17, 12, 8, 26][7, 25, 22, 19][3, 1, 24, 7][9, 23, 4, 14][0, 13, 6, 2][28, 16, 15, 29][5, 21, 10, 27][3, 23, 20][17, 22, 18][0, 18][2, 29][2, 27] 
[11, 17, 12, 8, 26][0, 13, 6, 2][7, 25, 22, 19][3, 1, 24, 7][9, 23, 4, 14][5, 21, 10, 27][28, 16, 15, 29][17, 22, 18][3, 23, 20][0, 18][2, 27][2, 29] 
[11, 17, 12, 8, 26][7, 25, 22, 19][3, 1, 24, 7][9, 23, 4, 14][0, 13, 6, 2][28, 16, 15, 29][5, 21, 10, 27][17, 22, 18][3, 23, 20][0, 18][2, 29][2, 27] 
[11, 17, 12, 8, 26][5, 21, 10, 27][0, 13, 6, 2][7, 25, 22, 19][3, 1, 24, 7][9, 23, 4, 14][28, 16, 15, 29][17, 22, 18][3, 23, 20][2, 27][0, 18][2, 29] 
[9, 23, 4, 14, 11][17, 12, 8, 26][7, 25, 22, 19][3, 1, 24, 7][0, 13, 6, 2][28, 16, 15, 29][5, 21, 10, 27][17, 22, 18][3, 23, 20][0, 18][2, 29][2, 27] 
[11, 17, 12, 8, 26][5, 21, 10, 27][28, 16, 15, 29][0, 13, 6, 2][7, 25, 22, 19][3, 1, 24, 7][9, 23, 4, 14][17, 22, 18][3, 23, 20][5, 15][2, 10][0, 18] 
[11, 17, 12, 8, 26][7, 25, 22, 19][3, 1, 24, 7][9, 23, 4, 14][0, 13, 6, 2][5, 21, 10, 27][28, 16, 15, 29][17, 22, 18][3, 23, 20][0, 18][2, 10][5, 15] 
[11, 17, 12, 8, 26][9, 23, 4, 14][3, 1, 24, 7][7, 25, 22, 19][0, 13, 6, 2][5, 21, 10, 27][28, 16, 15, 29][3, 23, 20][17, 22, 18][0, 18][2, 10][5, 15] 
[11, 17, 12, 8, 26][0, 13, 6, 2][7, 25, 22, 19][3, 1, 24, 7][9, 23, 4, 14][5, 21, 10, 27][28, 16, 15, 29][17, 22, 18][3, 23, 20][0, 18][2, 10][5, 15] 
[11, 17, 12, 8, 26][7, 25, 22, 19][3, 1, 24, 7][9, 23, 4, 14][0, 13, 6, 2][5, 21, 10, 27][28, 16, 15, 29][17, 22, 18][3, 23, 20][0, 18][2, 10][5, 15] 
[11, 17, 12, 8, 26][7, 25, 22, 19][3, 1, 24, 7][9, 23, 4, 14][0, 13, 6, 2][28, 16, 15, 29][5, 21, 10, 27][17, 22, 18][3, 23, 20][0, 18][2, 29][5, 15] 
[11, 17, 12, 8, 26][7, 25, 22, 19][3, 1, 24, 7][9, 23, 4, 14][0, 13, 6, 2][5, 21, 10, 27][28, 16, 15, 29][17, 22, 18][3, 23, 20][0, 18][2, 10][5, 15] 
[11, 17, 12, 8, 26][0, 13, 6, 2][28, 16, 15, 29][5, 21, 10, 27][7, 25, 22, 19][3, 1, 24, 7][9, 23, 4, 14][17, 22, 18][3, 23, 20][2, 29][2, 27][0, 18] 
[11, 17, 12, 8, 26][5, 21, 10, 27][0, 13, 6, 2][28, 16, 15, 29][7, 25, 22, 19][3, 1, 24, 7][9, 23, 4, 14][17, 22, 18][3, 23, 20][2, 27][2, 29][0, 18] 
[11, 17, 12, 8, 26][9, 23, 4, 14][3, 1, 24, 7][7, 25, 22, 19][0, 13, 6, 2][5, 21, 10, 27][28, 16, 15, 29][3, 23, 20][17, 22, 18][0, 18][2, 27][2, 29] 
[11, 17, 12, 8, 26][0, 13, 6, 2][28, 16, 15, 29][5, 21, 10, 27][7, 25, 22, 19][3, 1, 24, 7][9, 23, 4, 14][17, 22, 18][3, 23, 20][2, 29][2, 27][0, 18] 
[11, 17, 12, 8, 26][0, 13, 6, 2][7, 25, 22, 19][3, 1, 24, 7][9, 23, 4, 14][5, 21, 10, 27][28, 16, 15, 29][17, 22, 18][3, 23, 20][0, 18][2, 27][2, 29] 
[11, 17, 12, 8, 26][3, 1, 24, 7][9, 23, 4, 14][7, 25, 22, 19][0, 13, 6, 2][28, 16, 15, 29][5, 21, 10, 27][3, 23, 20][17, 22, 18][0, 18][2, 29][2, 27] 
[11, 17, 12, 8, 26][5, 21, 10, 27][0, 13, 6, 2][7, 25, 22, 19][3, 1, 24, 7][9, 23, 4, 14][28, 16, 15, 29][17, 22, 18][3, 23, 20][2, 27][0, 18][2, 29] 
[11, 17, 12, 8, 26][5, 21, 10, 27][0, 13, 6, 2][7, 25, 22, 19][3, 1, 24, 7][9, 23, 4, 14][28, 16, 15, 29][17, 22, 18][3, 23, 20][2, 27][0, 18][2, 29] 
[11, 17, 12, 8, 26][7, 25, 22, 19][3, 1, 24, 7][9, 23, 4, 14][0, 13, 6, 2][28, 16, 15, 29][5, 21, 10, 27][17, 22, 18][3, 23, 20][0, 18][2, 29][2, 27] 
[11, 17, 12, 8, 26][9, 23, 4, 14][3, 1, 24, 7][7, 25, 22, 19][0, 13, 6, 2][5, 21, 10, 27][28, 16, 15, 29][3, 23, 20][17, 22, 18][0, 18][2, 27][2, 29] 
[11, 17, 12, 8, 26][3, 1, 24, 7][9, 23, 4, 14][7, 25, 22, 19][0, 13, 6, 2][28, 16, 15, 29][5, 21, 10, 27][3, 23, 20][17, 22, 18][0, 18][2, 29][2, 27] 
[11, 17, 12, 8, 26][0, 13, 6, 2][5, 21, 10, 27][28, 16, 15, 29][7, 25, 22, 19][3, 1, 24, 7][9, 23, 4, 14][17, 22, 18][3, 23, 20][2, 27][2, 29][0, 18] 
[11, 17, 12, 8, 26][9, 23, 4, 14][3, 1, 24, 7][7, 25, 22, 19][0, 13, 6, 2][5, 21, 10, 27][28, 16, 15, 29][3, 23, 20][17, 22, 18][0, 18][2, 27][2, 29] 
[11, 17, 12, 8, 26][5, 21, 10, 27][0, 13, 6, 2][7, 25, 22, 19][3, 1, 24, 7][9, 23, 4, 14][28, 16, 15, 29][17, 22, 18][3, 23, 20][2, 27][0, 18][2, 29] 
[11, 17, 12, 8, 26][3, 1, 24, 7][9, 23, 4, 14][7, 25, 22, 19][0, 13, 6, 2][5, 21, 10, 27][28, 16, 15, 29][3, 23, 20][17, 22, 18][0, 18][2, 27][2, 29] 
[5, 21, 10, 27, 29][9, 23, 4, 14, 11][0, 13, 6, 2][17, 12, 8, 26][7, 25, 22, 19][3, 1, 24, 7][17, 22, 18][3, 23, 20][15, 16, 28][2, 27][0, 18][17, 28] 
[9, 23, 4, 14, 11][5, 21, 10, 27, 29][3, 1, 24, 7][7, 25, 22, 19][17, 12, 8, 26][0, 13, 6, 2][3, 23, 20][17, 22, 18][15, 16, 28][17, 28][0, 18][2, 27] 
[5, 21, 10, 27, 29][9, 23, 4, 14, 11][0, 13, 6, 2][17, 12, 8, 26][7, 25, 22, 19][3, 1, 24, 7][17, 22, 18][3, 23, 20][15, 16, 28][2, 27][0, 18][17, 28] 
[5, 21, 10, 27, 29][9, 23, 4, 14, 11][0, 13, 6, 2][17, 12, 8, 26][7, 25, 22, 19][3, 1, 24, 7][17, 22, 18][3, 23, 20][15, 16, 28][2, 27][0, 18][17, 28] 
[5, 21, 10, 27, 29][9, 23, 4, 14, 11][0, 13, 6, 2][17, 12, 8, 26][7, 25, 22, 19][3, 1, 24, 7][17, 22, 18][3, 23, 20][15, 16, 28][2, 27][0, 18][17, 28] 
[9, 23, 4, 14, 11][5, 21, 10, 27, 29][3, 1, 24, 7][7, 25, 22, 19][17, 22, 18, 19][17, 12, 8, 26][0, 13, 6, 2][3, 23, 20][15, 16, 28][17, 28][0, 18][2, 27] 
[11, 17, 12, 8, 26][7, 25, 22, 19][3, 1, 24, 7][9, 23, 4, 14][0, 13, 6, 2][5, 21, 10, 27][28, 16, 15, 29][17, 22, 18][3, 23, 20][0, 18][2, 10][5, 15] 
[11, 17, 12, 8, 26][3, 1, 24, 7][7, 25, 22, 19][9, 23, 4, 14][0, 13, 6, 2][28, 16, 15, 29][5, 21, 10, 27][3, 23, 20][17, 22, 18][0, 18][2, 10][5, 15] 
[11, 17, 12, 8, 26][7, 25, 22, 19][3, 1, 24, 7][9, 23, 4, 14][0, 13, 6, 2][5, 21, 10, 27][28, 16, 15, 29][17, 22, 18][3, 23, 20][0, 18][2, 10][5, 15] 
[11, 17, 12, 8, 26][9, 23, 4, 14][3, 1, 24, 7][7, 25, 22, 19][0, 13, 6, 2][5, 21, 10, 27][28, 16, 15, 29][3, 23, 20][17, 22, 18][0, 18][2, 10][5, 15] 
[11, 17, 12, 8, 26][9, 23, 4, 14][3, 1, 24, 7][7, 25, 22, 19][0, 13, 6, 2][5, 21, 10, 27][28, 16, 15, 29][3, 23, 20][17, 22, 18][0, 18][2, 10][5, 15] 
[11, 17, 12, 8, 26][0, 13, 6, 2][5, 21, 10, 27][28, 16, 15, 29][7, 25, 22, 19][3, 1, 24, 7][9, 23, 4, 14][17, 22, 18][3, 23, 20][2, 27][2, 29][0, 18] 
[11, 17, 12, 8, 26][9, 23, 4, 14][3, 1, 24, 7][7, 25, 22, 19][0, 13, 6, 2][5, 21, 10, 27][28, 16, 15, 29][3, 23, 20][17, 22, 18][0, 18][2, 10][5, 15] 
