[24, 20, 7, 27, 15, 29][4, 3, 1, 23, 14, 9][0, 26, 8, 12, 19][13, 18, 22, 17][11, 25, 28, 16][2, 10, 21, 5][12, 22][6, 13][6, 15][6, 16][11, 14][5, 6] 
[15, 29, 27, 7, 20, 24][4, 3, 1, 23, 14, 9][0, 26, 8, 12, 19][2, 10, 21, 5][13, 18, 22, 17][11, 25, 28, 16][6, 15][5, 6][6, 13][19, 22][17, 28][11, 14] 
[15, 29, 27, 7, 20, 24][4, 3, 1, 23, 14, 9][11, 25, 28, 16][0, 26, 8, 12][2, 10, 21, 5][13, 18, 22][12, 19, 22][22, 17, 28][6, 15][6, 13][11, 14][5, 6] 
[15, 29, 27, 7, 20, 24][4, 3, 1, 23, 9][11, 25, 28, 16][0, 26, 8, 12][2, 10, 21, 5][22, 17, 28][13, 18, 22][12, 19, 22][5, 6, 13][11, 14][6, 15][14, 23] 
[15, 29, 27, 7, 20, 24][4, 3, 1, 23, 14, 9][0, 26, 8, 12, 19][13, 18, 22, 17][11, 25, 28, 16][2, 10, 21, 5][12, 22][6, 13][6, 16][6, 15][11, 14][5, 6] 
[4, 3, 1, 23, 14, 9][15, 29, 27, 7, 20, 24][2, 10, 21, 5][13, 18, 22, 17][0, 26, 8, 12][13, 6, 16][12, 19, 22][11, 25, 28][5, 6][16, 28][11, 14][6, 15] 
[15, 29, 27, 7, 20, 24][4, 3, 1, 23, 14, 9][13, 18, 22, 17][0, 26, 8, 12][2, 10, 21, 5][11, 25, 28][13, 6, 16][12, 19, 22][16, 28][6, 15][11, 14][5, 6] 
[15, 29, 27, 7, 20, 24][4, 3, 1, 23, 14, 9][0, 26, 8, 12, 19][13, 18, 22, 17][2, 10, 21, 5][11, 25, 28][13, 6, 16][16, 28][5, 6][6, 15][11, 14][12, 22] 
[15, 29, 27, 7, 20, 24][4, 3, 1, 23, 14, 9][0, 26, 8, 12, 19][13, 18, 22, 17][2, 10, 21, 5][13, 6, 16][11, 25, 28][19, 22][6, 15][16, 28][5, 6][11, 14] 
[15, 29, 27, 7, 20, 24][4, 3, 1, 23, 14, 9][0, 26, 8, 12, 19][2, 10, 21, 5][13, 18, 22, 17][13, 6, 16][11, 25, 28][5, 6][6, 15][12, 22][16, 28][11, 14] 
[24, 20, 7, 27, 15, 29][4, 3, 1, 23, 14, 9][0, 26, 8, 12, 19][13, 18, 22, 17][2, 10, 21, 5][11, 25, 28, 16][12, 22][6, 13][5, 6][6, 15][6, 16][11, 14] 
[4, 3, 1, 23, 14, 9][15, 29, 27, 7, 20, 24][0, 26, 8, 12, 19][11, 25, 28, 16][13, 18, 22, 17][2, 10, 21, 5][11, 14][17, 28][19, 22][6, 13][6, 15][5, 6] 
[15, 29, 27, 7, 20, 24][4, 3, 1, 23, 14, 9][11, 25, 28, 16][0, 26, 8, 12][2, 10, 21, 5][13, 18, 22][12, 19, 22][22, 17, 28][6, 15][6, 13][11, 14][5, 6] 
[15, 29, 27, 7, 20, 24][4, 3, 1, 23, 14, 9][0, 26, 8, 12, 19][13, 18, 22, 17][11, 25, 28, 16][2, 10, 21, 5][6, 13][6, 15][12, 22][6, 16][5, 6][11, 14] 
[4, 3, 1, 23, 14, 9][15, 29, 27, 7, 20, 24][13, 18, 22, 17][0, 26, 8, 12][2, 10, 21, 5][11, 25, 28][13, 6, 16][12, 19, 22][11, 14][16, 28][6, 15][5, 6] 
[15, 29, 27, 7, 20, 24][4, 3, 1, 23, 14, 9][0, 26, 8, 12, 19][13, 18, 22, 17][2, 10, 21, 5][13, 6, 16][11, 25, 28][16, 28][5, 6][6, 15][11, 14][12, 22] 
[4, 3, 1, 23, 14, 9][24, 20, 7, 27, 15, 29][0, 26, 8, 12, 19][11, 25, 28, 16][13, 18, 22, 17][2, 10, 21, 5][11, 14][6, 16][6, 13][5, 6][6, 15][12, 22] 
[15, 29, 27, 7, 20, 24][4, 3, 1, 23, 14, 9][0, 26, 8, 12, 19][2, 10, 21, 5][13, 18, 22, 17][11, 25, 28, 16][6, 15][5, 6][6, 13][19, 22][17, 28][11, 14] 
[15, 29, 27, 7, 20, 24][4, 3, 1, 23, 14, 9][0, 26, 8, 12, 19][13, 18, 22, 17][11, 25, 28, 16][2, 10, 21, 5][6, 13][6, 15][12, 22][6, 16][5, 6][11, 14] 
[24, 20, 7, 27, 15, 29][4, 3, 1, 23, 14, 9][0, 26, 8, 12, 19][13, 18, 22, 17][11, 25, 28, 16][2, 10, 21, 5][12, 22][6, 13][6, 15][6, 16][5, 6][11, 14] 
[24, 20, 7, 27, 15, 29][4, 3, 1, 23, 14, 9][0, 26, 8, 12, 19][13, 18, 22, 17][2, 10, 21, 5][11, 25, 28, 16][6, 13][6, 15][5, 6][12, 22][6, 16][11, 14] 
[15, 29, 27, 7, 20, 24][4, 3, 1, 23, 14, 9][0, 26, 8, 12, 19][2, 10, 21, 5][13, 18, 22, 17][11, 25, 28, 16][6, 15][5, 6][6, 13][19, 22][17, 28][11, 14] 
[15, 29, 27, 7, 20, 24][4, 3, 1, 23, 14, 9][11, 25, 28, 16][0, 26, 8, 12][2, 10, 21, 5][13, 18, 22][12, 19, 22][22, 17, 28][6, 15][6, 13][11, 14][5, 6] 
[4, 3, 1, 23, 14, 9][15, 29, 27, 7, 20, 24][0, 26, 8, 12, 19][11, 25, 28, 16][13, 18, 22, 17][2, 10, 21, 5][11, 14][6, 16][6, 13][5, 6][12, 22][6, 15] 
[15, 29, 27, 7, 20, 24][4, 3, 1, 23, 14, 9][13, 18, 22, 17][0, 26, 8, 12][2, 10, 21, 5][13, 6, 16][11, 25, 28][12, 19, 22][16, 28][6, 15][11, 14][5, 6] 
[15, 29, 27, 7, 20, 24][4, 3, 1, 23, 14, 9][0, 26, 8, 12, 19][13, 18, 22, 17][2, 10, 21, 5][11, 25, 28][13, 6, 16][16, 28][5, 6][6, 15][11, 14][12, 22] 
[24, 20, 7, 27, 15, 29][4, 3, 1, 23, 14, 9][0, 26, 8, 12, 19][13, 18, 22, 17][11, 25, 28, 16][2, 10, 21, 5][12, 22][6, 13][6, 15][6, 16][11, 14][5, 6] 
[15, 29, 27, 7, 20, 24][4, 3, 1, 23, 14, 9][0, 26, 8, 12, 19][2, 10, 21, 5][13, 18, 22, 17][11, 25, 28, 16][6, 15][5, 6][6, 13][19, 22][17, 28][11, 14] 
[15, 29, 27, 7, 20, 24][4, 3, 1, 23, 14, 9][0, 26, 8, 12, 19][2, 10, 21, 5][13, 18, 22, 17][11, 25, 28, 16][5, 6][6, 13][12, 22][6, 16][6, 15][11, 14] 
[4, 3, 1, 23, 14, 9][24, 20, 7, 27, 15, 29][0, 26, 8, 12, 19][11, 25, 28, 16][13, 18, 22, 17][2, 10, 21, 5][11, 14][6, 16][6, 15][12, 22][5, 6][6, 13] 
[4, 3, 1, 23, 14, 9][24, 20, 7, 27, 15, 29][0, 26, 8, 12, 19][11, 25, 28, 16][13, 18, 22, 17][2, 10, 21, 5][11, 14][6, 16][6, 15][12, 22][5, 6][6, 13] 
[15, 29, 27, 7, 20, 24][4, 3, 1, 23, 14, 9][0, 26, 8, 12, 19][2, 10, 21, 5][13, 18, 22, 17][11, 25, 28, 16][6, 15][5, 6][6, 13][19, 22][17, 28][11, 14] 
[4, 3, 1, 23, 14, 9][15, 29, 27, 7, 20, 24][0, 26, 8, 12, 19][11, 25, 28, 16][13, 18, 22, 17][2, 10, 21, 5][11, 14][6, 16][6, 13][5, 6][12, 22][6, 15] 
[24, 20, 7, 27, 15, 29][4, 3, 1, 23, 14, 9][0, 26, 8, 12, 19][13, 18, 22, 17][11, 25, 28, 16][2, 10, 21, 5][12, 22][6, 13][6, 15][6, 16][11, 14][5, 6] 
[4, 3, 1, 23, 14, 9][24, 20, 7, 27, 15, 29][0, 26, 8, 12, 19][11, 25, 28, 16][13, 18, 22, 17][2, 10, 21, 5][11, 14][6, 16][6, 15][12, 22][5, 6][6, 13] 
[2, 10, 21, 5, 6, 16, 7, 4, 24, 14, 3, 9][1, 23, 3, 11, 25, 28, 17, 22, 19, 8, 12][20, 7, 27, 15, 29][13, 18, 22][13, 0, 26][11, 25][5, 6][5, 21][5, 6][5, 21][5, 21][11, 25] 
[2, 10, 21, 5, 6, 16, 7, 4, 24, 14, 3, 9][1, 23, 3, 11, 25, 28, 17, 22, 19, 8, 12][20, 7, 27, 15, 29][13, 18, 22][13, 0, 26][11, 25][5, 6][5, 21][5, 6][5, 21][5, 21][11, 25] 
[2, 10, 21, 5, 6, 16, 7, 4, 24, 14, 3, 9][1, 23, 3, 11, 25, 28, 17, 22, 19, 8, 12][20, 7, 27, 15, 29][13, 18, 22][13, 0, 26][11, 25][5, 6][5, 21][5, 6][5, 21][5, 21][11, 25] 
[12, 8, 19, 22, 17, 28, 25, 11, 3, 4, 23, 24, 20][2, 10, 21, 5, 6, 16, 7][20, 7, 27, 15, 29][1, 23, 14, 9][13, 18, 22][0, 26, 8][11, 25][11, 25][17, 28][11, 25][17, 28][11, 25] 
[12, 8, 19, 22, 17, 28, 25, 11, 3, 4, 23, 24, 20][2, 10, 21, 5, 6, 16, 7][20, 7, 27, 15, 29][1, 23, 14, 9][13, 18, 22][0, 26, 8][11, 25][11, 25][17, 28][11, 25][17, 28][11, 25] 
[1, 23, 3, 11, 25, 28, 17, 22, 19, 8, 12][2, 10, 21, 5, 6, 16, 7, 4, 24, 14][7, 27, 15, 29][0, 26, 8][9, 14, 23][13, 18, 22][17, 28][7, 20][11, 25][11, 25][11, 25][5, 6] 
[2, 10, 21, 5, 6, 16, 7, 4, 24, 14, 3, 9][1, 23, 3, 11, 25, 28, 17, 22, 19, 8, 12][20, 7, 27, 15, 29][13, 18, 22][13, 0, 26][11, 25][5, 6][5, 21][5, 6][5, 21][5, 21][11, 25] 
[2, 10, 21, 5, 6, 16, 7, 4, 24, 14, 3, 9][1, 23, 3, 11, 25, 28, 17, 22, 19, 8, 12][20, 7, 27, 15, 29][13, 18, 22][13, 0, 26][11, 25][5, 6][5, 21][5, 6][5, 21][5, 21][11, 25] 
[12, 8, 19, 22, 17, 28, 25, 11, 3, 4, 23, 24, 20][2, 10, 21, 5, 6, 16, 7][20, 7, 27, 15, 29][1, 23, 14, 9][13, 18, 22][0, 26, 8][11, 25][11, 25][17, 28][11, 25][17, 28][11, 25] 
[2, 10, 21, 5, 6, 16, 7, 4, 24, 14, 3, 9][1, 23, 3, 11, 25, 28, 17, 22, 19, 8, 12][20, 7, 27, 15, 29][13, 18, 22][13, 0, 26][11, 25][5, 6][5, 21][5, 6][5, 21][5, 21][11, 25] 
[2, 10, 21, 5, 6, 16, 7, 4, 24, 14, 3, 9][1, 23, 3, 11, 25, 28, 17, 22, 19, 8, 12][20, 7, 27, 15, 29][13, 18, 22][13, 0, 26][11, 25][5, 6][5, 21][5, 6][5, 21][5, 21][11, 25] 
[2, 10, 21, 5, 6, 16, 7, 4, 24, 14, 3, 9][1, 23, 3, 11, 25, 28, 17, 22, 19, 8, 12][20, 7, 27, 15, 29][13, 18, 22][13, 0, 26][11, 25][5, 6][5, 21][5, 6][5, 21][5, 21][11, 25] 
[12, 8, 19, 22, 17, 28, 25, 11, 3, 4, 23, 24, 20][2, 10, 21, 5, 6, 16, 7][20, 7, 27, 15, 29][1, 23, 14, 9][13, 18, 22][0, 26, 8][11, 25][11, 25][17, 28][11, 25][17, 28][11, 25] 
[2, 10, 21, 5, 6, 16, 7, 4, 24, 14, 3, 9][1, 23, 3, 11, 25, 28, 17, 22, 19, 8, 12][20, 7, 27, 15, 29][13, 18, 22][13, 0, 26][11, 25][5, 6][5, 21][5, 6][5, 21][5, 21][11, 25] 
[2, 10, 21, 5, 6, 16, 7, 4, 24, 14, 3, 9][1, 23, 3, 11, 25, 28, 17, 22, 19, 8, 12][20, 7, 27, 15, 29][13, 18, 22][13, 0, 26][11, 25][5, 6][5, 21][5, 6][5, 21][5, 21][11, 25] 
[2, 10, 21, 5, 6, 16, 7, 4, 24, 14, 3, 9][1, 23, 3, 11, 25, 28, 17, 22, 19, 8, 12][20, 7, 27, 15, 29][13, 18, 22][13, 0, 26][11, 25][5, 6][5, 21][5, 6][5, 21][5, 21][11, 25] 
[2, 10, 21, 5, 6, 16, 7, 4, 24, 14, 3, 9][1, 23, 3, 11, 25, 28, 17, 22, 19, 8, 12][20, 7, 27, 15, 29][13, 18, 22][13, 0, 26][11, 25][5, 6][5, 21][5, 6][5, 21][5, 21][11, 25] 
[12, 8, 19, 22, 17, 28, 25, 11, 3, 4, 24, 20][2, 10, 21, 5, 6, 16, 7][1, 23, 14, 9, 3, 4, 7][20, 7, 27, 15, 29][13, 18, 22][0, 26, 8][11, 25][11, 25][17, 28][11, 25][17, 28][11, 25] 
[2, 10, 21, 5, 6, 16, 7, 4, 24, 14, 3, 9][1, 23, 3, 11, 25, 28, 17, 22, 19, 8, 12][20, 7, 27, 15, 29][13, 18, 22][13, 0, 26][11, 25][5, 6][5, 21][5, 6][5, 21][5, 21][11, 25] 
[2, 10, 21, 5, 6, 16, 7, 4, 24, 14, 3, 9][1, 23, 3, 11, 25, 28, 17, 22, 19, 8, 12][20, 7, 27, 15, 29][13, 18, 22][13, 0, 26][11, 25][5, 6][5, 21][5, 6][5, 21][5, 21][11, 25] 
[2, 10, 21, 5, 6, 16, 7, 4, 24, 14, 3, 9][1, 23, 3, 11, 25, 28, 17, 22, 19, 8, 12][20, 7, 27, 15, 29][13, 18, 22][13, 0, 26][11, 25][5, 6][5, 21][5, 6][5, 21][5, 21][11, 25] 
[4, 3, 1, 23, 14, 9][24, 20, 7, 27, 15, 29][0, 26, 8, 12, 19][13, 18, 22, 17][2, 10, 21, 5][11, 25, 28][13, 6, 16][16, 28][11, 14][5, 6][6, 15][12, 22] 
[24, 20, 7, 27, 15, 29][4, 3, 1, 23, 14, 9][0, 26, 8, 12, 19][2, 10, 21, 5][13, 18, 22, 17][13, 6, 16][11, 25, 28][5, 6][6, 15][12, 22][16, 28][11, 14] 
[24, 20, 7, 27, 15, 29][4, 3, 1, 23, 14, 9][0, 26, 8, 12, 19][13, 18, 22, 17][2, 10, 21, 5][13, 6, 16][11, 25, 28][6, 15][12, 22][16, 28][5, 6][11, 14] 
[4, 3, 1, 23, 14, 9][24, 20, 7, 27, 15, 29][0, 26, 8, 12, 19][13, 18, 22, 17][2, 10, 21, 5][11, 25, 28][13, 6, 16][11, 14][16, 28][5, 6][12, 22][6, 15] 
[24, 20, 7, 27, 15, 29][4, 3, 1, 23, 14, 9][0, 26, 8, 12, 19][2, 10, 21, 5][13, 18, 22, 17][13, 6, 16][11, 25, 28][5, 6][12, 22][6, 15][16, 28][11, 14] 
[4, 3, 1, 23, 14, 9][24, 20, 7, 27, 15, 29][0, 26, 8, 12, 19][2, 10, 21, 5][13, 18, 22, 17][13, 6, 16][11, 25, 28][5, 6][12, 22][16, 28][11, 14][6, 15] 
[24, 20, 7, 27, 15, 29][4, 3, 1, 23, 14, 9][0, 26, 8, 12, 19][13, 18, 22, 17][2, 10, 21, 5][13, 6, 16][11, 25, 28][6, 15][12, 22][5, 6][16, 28][11, 14] 
[24, 20, 7, 27, 15, 29][4, 3, 1, 23, 14, 9][0, 26, 8, 12, 19][2, 10, 21, 5][13, 18, 22, 17][13, 6, 16][11, 25, 28][5, 6][6, 15][12, 22][16, 28][11, 14] 
[24, 20, 7, 27, 15, 29][4, 3, 1, 23, 14, 9][0, 26, 8, 12, 19][13, 18, 22, 17][2, 10, 21, 5][13, 6, 16][11, 25, 28][6, 15][12, 22][5, 6][16, 28][11, 14] 
[24, 20, 7, 27, 15, 29][4, 3, 1, 23, 14, 9][0, 26, 8, 12, 19][13, 18, 22, 17][2, 10, 21, 5][13, 6, 16][11, 25, 28][6, 15][16, 28][11, 14][12, 22][5, 6] 
[24, 20, 7, 27, 15, 29][4, 3, 1, 23, 14, 9][0, 26, 8, 12, 19][13, 18, 22, 17][2, 10, 21, 5][13, 6, 16][11, 25, 28][12, 22][5, 6][16, 28][6, 15][11, 14] 
[4, 3, 1, 23, 14, 9][24, 20, 7, 27, 15, 29][0, 26, 8, 12, 19][13, 18, 22, 17][2, 10, 21, 5][11, 25, 28][13, 6, 16][11, 14][16, 28][6, 15][5, 6][12, 22] 
[24, 20, 7, 27, 15, 29][4, 3, 1, 23, 14, 9][0, 26, 8, 12, 19][13, 18, 22, 17][2, 10, 21, 5][13, 6, 16][11, 25, 28][6, 15][12, 22][16, 28][5, 6][11, 14] 
[4, 3, 1, 23, 14, 9][24, 20, 7, 27, 15, 29][0, 26, 8, 12, 19][13, 18, 22, 17][2, 10, 21, 5][11, 25, 28][13, 6, 16][11, 14][16, 28][12, 22][5, 6][6, 15] 
[4, 3, 1, 23, 14, 9][24, 20, 7, 27, 15, 29][0, 26, 8, 12, 19][13, 18, 22, 17][2, 10, 21, 5][11, 25, 28][13, 6, 16][11, 14][16, 28][12, 22][5, 6][6, 15] 
[4, 3, 1, 23, 14, 9][24, 20, 7, 27, 15, 29][0, 26, 8, 12, 19][13, 18, 22, 17][11, 25, 28, 16][2, 10, 21, 5][6, 16][12, 22][11, 14][5, 6][6, 15][6, 13] 
[24, 20, 7, 27, 15, 29][4, 3, 1, 23, 14, 9][0, 26, 8, 12, 19][13, 18, 22, 17][2, 10, 21, 5][11, 25, 28, 16][12, 22][6, 13][5, 6][6, 15][6, 16][11, 14] 
[4, 3, 1, 23, 14, 9][24, 20, 7, 27, 15, 29][0, 26, 8, 12, 19][11, 25, 28, 16][13, 18, 22, 17][2, 10, 21, 5][11, 14][6, 16][6, 15][12, 22][5, 6][6, 13] 
[24, 20, 7, 27, 15, 29][4, 3, 1, 23, 14, 9][0, 26, 8, 12, 19][13, 18, 22, 17][11, 25, 28, 16][2, 10, 21, 5][12, 22][6, 13][6, 15][6, 16][11, 14][5, 6] 
[4, 3, 1, 23, 14, 9][24, 20, 7, 27, 15, 29][0, 26, 8, 12, 19][11, 25, 28, 16][13, 18, 22, 17][2, 10, 21, 5][11, 14][6, 16][6, 15][12, 22][5, 6][6, 13] 
[4, 3, 1, 23, 14, 9][24, 20, 7, 27, 15, 29][0, 26, 8, 12, 19][13, 18, 22, 17][11, 25, 28, 16][2, 10, 21, 5][12, 22][6, 13][11, 17][11, 14][5, 6][6, 15] 
[4, 3, 1, 23, 14, 9][24, 20, 7, 27, 15, 29][0, 26, 8, 12, 19][13, 18, 22, 17][2, 10, 21, 5][11, 25, 28][13, 6, 16][11, 14][16, 28][5, 6][12, 22][6, 15] 
[24, 20, 7, 27, 15, 29][4, 3, 1, 23, 14, 9][0, 26, 8, 12, 19][13, 18, 22, 17][2, 10, 21, 5][13, 6, 16][11, 25, 28][6, 15][16, 28][11, 14][5, 6][12, 22] 
[4, 3, 1, 23, 14, 9][24, 20, 7, 27, 15, 29][0, 26, 8, 12, 19][2, 10, 21, 5][13, 18, 22, 17][13, 6, 16][11, 25, 28][5, 6][12, 22][16, 28][11, 14][6, 15] 
[24, 20, 7, 27, 15, 29][4, 3, 1, 23, 14, 9][0, 26, 8, 12, 19][13, 18, 22, 17][2, 10, 21, 5][13, 6, 16][11, 25, 28][12, 22][5, 6][16, 28][6, 15][11, 14] 
[24, 20, 7, 27, 15, 29][4, 3, 1, 23, 14, 9][0, 26, 8, 12, 19][13, 18, 22, 17][2, 10, 21, 5][13, 6, 16][11, 25, 28][6, 15][16, 28][11, 14][12, 22][5, 6] 
[24, 20, 7, 27, 15, 29][4, 3, 1, 23, 14, 9][0, 26, 8, 12, 19][13, 18, 22, 17][2, 10, 21, 5][11, 25, 28, 16][12, 22][6, 13][5, 6][6, 15][17, 28][11, 14] 
[4, 3, 1, 23, 14, 9][24, 20, 7, 27, 15, 29][0, 26, 8, 12, 19][13, 18, 22, 17][2, 10, 21, 5][11, 25, 28][13, 6, 16][11, 14][16, 28][12, 22][6, 15][5, 6] 
[4, 3, 1, 23, 14, 9][24, 20, 7, 27, 15, 29][0, 26, 8, 12, 19][13, 18, 22, 17][11, 25, 28, 16][2, 10, 21, 5][6, 16][12, 22][11, 14][5, 6][6, 15][6, 13] 
[24, 20, 7, 27, 15, 29][4, 3, 1, 23, 14, 9][0, 26, 8, 12, 19][13, 18, 22, 17][2, 10, 21, 5][11, 25, 28, 16][6, 13][6, 15][5, 6][12, 22][6, 16][11, 14] 
[24, 20, 7, 27, 15, 29][4, 3, 1, 23, 14, 9][0, 26, 8, 12, 19][2, 10, 21, 5][13, 18, 22, 17][11, 25, 28, 16][5, 6][6, 13][6, 15][6, 16][11, 14][12, 22] 
[24, 20, 7, 27, 15, 29][4, 3, 1, 23, 14, 9][0, 26, 8, 12, 19][2, 10, 21, 5][13, 18, 22, 17][11, 25, 28, 16][5, 6][6, 13][6, 15][6, 16][11, 14][12, 22] 
[24, 20, 7, 27, 15, 29][4, 3, 1, 23, 14, 9][0, 26, 8, 12, 19][2, 10, 21, 5][13, 18, 22, 17][11, 25, 28, 16][5, 6][6, 13][6, 16][6, 15][12, 22][11, 14] 
[24, 20, 7, 27, 15, 29][4, 3, 1, 23, 14, 9][0, 26, 8, 12, 19][2, 10, 21, 5][13, 18, 22, 17][11, 25, 28, 16][5, 6][6, 13][6, 16][6, 15][12, 22][11, 14] 
[24, 20, 7, 27, 15, 29][4, 3, 1, 23, 14, 9][0, 26, 8, 12, 19][2, 10, 21, 5][13, 18, 22, 17][11, 25, 28, 16][5, 6][6, 13][6, 15][6, 16][11, 14][12, 22] 
[24, 20, 7, 27, 15, 29][4, 3, 1, 23, 14, 9][0, 26, 8, 12, 19][2, 10, 21, 5][13, 18, 22, 17][11, 25, 28, 16][5, 6][6, 13][6, 15][6, 16][11, 14][12, 22] 
[4, 3, 1, 23, 14, 9][24, 20, 7, 27, 15, 29][0, 26, 8, 12, 19][11, 25, 28, 16][13, 18, 22, 17][2, 10, 21, 5][11, 14][6, 16][5, 6][12, 22][6, 15][6, 13] 
[24, 20, 7, 27, 15, 29][4, 3, 1, 23, 14, 9][0, 26, 8, 12, 19][13, 18, 22, 17][2, 10, 21, 5][11, 25, 28, 16][12, 22][6, 13][5, 6][6, 15][6, 16][11, 14] 
[4, 3, 1, 23, 14, 9][24, 20, 7, 27, 15, 29][0, 26, 8, 12, 19][11, 25, 28, 16][13, 18, 22, 17][2, 10, 21, 5][11, 14][6, 16][6, 15][12, 22][5, 6][6, 13] 
[24, 20, 7, 27, 15, 29][4, 3, 1, 23, 14, 9][0, 26, 8, 12, 19][2, 10, 21, 5][13, 18, 22, 17][11, 25, 28, 16][5, 6][6, 13][6, 16][6, 15][12, 22][11, 14] 
[4, 3, 1, 23, 14, 9][24, 20, 7, 27, 15, 29][0, 26, 8, 12, 19][11, 25, 28, 16][13, 18, 22, 17][2, 10, 21, 5][11, 14][6, 16][5, 6][12, 22][6, 15][6, 13] 
[4, 3, 1, 23, 14, 9][24, 20, 7, 27, 15, 29][0, 26, 8, 12, 19][11, 25, 28, 16][13, 18, 22, 17][2, 10, 21, 5][11, 14][6, 16][6, 15][12, 22][5, 6][6, 13] 
[4, 3, 1, 23, 14, 9][24, 20, 7, 27, 15, 29][0, 26, 8, 12, 19][11, 25, 28, 16][13, 18, 22, 17][2, 10, 21, 5][11, 14][6, 16][6, 15][12, 22][5, 6][6, 13] 
[4, 3, 1, 23, 14, 9][24, 20, 7, 27, 15, 29][0, 26, 8, 12, 19][13, 18, 22, 17][11, 25, 28, 16][2, 10, 21, 5][13, 6, 16][12, 22][6, 15][20, 24][5, 6][11, 14] 
[4, 3, 1, 23, 14, 9][24, 20, 7, 27, 15, 29][0, 26, 8, 12, 19][11, 25, 28, 16][13, 18, 22, 17][2, 10, 21, 5][13, 6, 16][11, 14][6, 15][12, 22][5, 6][15, 29] 
[4, 3, 1, 23, 14, 9][24, 20, 7, 27, 15, 29][0, 26, 8, 12, 19][13, 18, 22, 17][11, 25, 28, 16][2, 10, 21, 5][13, 6, 16][12, 22][6, 15][20, 24][5, 6][11, 14] 
[4, 3, 1, 23, 14, 9][24, 20, 7, 27, 15, 29][0, 26, 8, 12, 19][2, 10, 21, 5][13, 18, 22, 17][11, 25, 28, 16][13, 6, 16][5, 6][11, 14][12, 22][6, 15][20, 24] 
[4, 3, 1, 23, 14, 9][24, 20, 7, 27, 15, 29][0, 26, 8, 12, 19][11, 25, 28, 16][13, 18, 22, 17][2, 10, 21, 5][13, 6, 16][11, 14][6, 15][12, 22][5, 6][15, 29] 
[24, 20, 7, 27, 15, 29][4, 3, 1, 23, 14, 9][0, 26, 8, 12, 19][17, 11, 25, 28][13, 18, 22, 17][2, 10, 21, 5][13, 6, 16][6, 15][12, 22][11, 14][5, 6][11, 25] 
[4, 3, 1, 23, 14, 9][24, 20, 7, 27, 15, 29][0, 26, 8, 12, 19][13, 18, 22, 17][2, 10, 21, 5][11, 25, 28][13, 6, 16][11, 14][16, 28][6, 15][5, 6][12, 22] 
[4, 3, 1, 23, 14, 9][24, 20, 7, 27, 15, 29][0, 26, 8, 12, 19][13, 18, 22, 17][2, 10, 21, 5][11, 25, 28][13, 6, 16][11, 14][16, 28][6, 15][5, 6][12, 22] 
[24, 20, 7, 27, 15, 29][4, 3, 1, 23, 14, 9][0, 26, 8, 12, 19][13, 18, 22, 17][2, 10, 21, 5][13, 6, 16][11, 25, 28][16, 28][6, 15][11, 14][5, 6][12, 22] 
[4, 3, 1, 23, 14, 9][24, 20, 7, 27, 15, 29][0, 26, 8, 12, 19][2, 10, 21, 5][13, 18, 22, 17][13, 6, 16][11, 25, 28][5, 6][16, 28][12, 22][11, 14][6, 15] 
[4, 3, 1, 23, 14, 9][24, 20, 7, 27, 15, 29][0, 26, 8, 12, 19][2, 10, 21, 5][13, 18, 22, 17][13, 6, 16][11, 25, 28][5, 6][16, 28][11, 14][6, 15][12, 22] 
[4, 3, 1, 23, 14, 9][24, 20, 7, 27, 15, 29][0, 26, 8, 12, 19][11, 25, 28, 16][13, 18, 22, 17][2, 10, 21, 5][11, 14][6, 16][6, 15][12, 22][5, 6][6, 13] 
[24, 20, 7, 27, 15, 29][4, 3, 1, 23, 14, 9][0, 26, 8, 12, 19][13, 18, 22, 17][2, 10, 21, 5][13, 6, 16][11, 25, 28][6, 15][16, 28][11, 14][12, 22][5, 6] 
