[14, 24, 1, 3, 9, 23, 20][12, 17, 11, 25, 28][4, 7, 10, 21, 5][27, 16, 2, 29][0, 18, 13, 6][22, 19, 8, 26][6, 16][0, 12][2, 15][5, 15][0, 22][7, 20] 
[14, 24, 1, 3, 9, 23, 20][12, 17, 11, 25, 28][4, 7, 10, 21, 5][0, 18, 13, 6][22, 19, 8, 26][15, 2, 29, 27][0, 22][6, 16][16, 27][0, 12][5, 15][7, 20] 
[14, 24, 1, 3, 9, 23, 20][12, 17, 11, 25, 28][4, 7, 10, 21, 5][0, 18, 13, 6][22, 19, 8, 26][15, 2, 29, 27][0, 22][6, 16][16, 27][0, 12][5, 15][7, 20] 
[14, 24, 1, 3, 9, 23, 20][12, 17, 11, 25, 28][4, 7, 10, 21, 5][0, 18, 13, 6][22, 19, 8, 26][27, 16, 2, 29][0, 12][0, 22][6, 16][2, 15][7, 16][7, 20] 
[14, 24, 1, 3, 9, 23, 20][12, 17, 11, 25, 28][4, 7, 10, 21][27, 16, 2, 29][0, 18, 13, 6][22, 19, 8, 26][2, 15, 5][5, 21][7, 20][6, 16][0, 12][0, 22] 
[14, 24, 1, 3, 9, 23, 20][12, 17, 11, 25, 28][27, 16, 2, 29][0, 18, 13, 6][4, 7, 10, 21][22, 19, 8, 26][2, 15, 5][6, 16][0, 12][5, 21][7, 20][0, 22] 
[14, 24, 1, 3, 9, 23, 20][12, 17, 11, 25, 28][0, 18, 13, 6][22, 19, 8, 26][4, 7, 10, 21][6, 16, 27][27, 2, 29][2, 15, 5][0, 22][5, 21][0, 12][7, 20] 
[14, 24, 1, 3, 9, 23, 20][12, 17, 11, 25, 28][22, 19, 8, 26][0, 18, 13, 6][4, 7, 10, 21][6, 16, 27][27, 2, 29][2, 15, 5][0, 22][0, 12][5, 21][7, 20] 
[14, 24, 1, 3, 9, 23, 20][12, 17, 11, 25, 28][22, 19, 8, 26][0, 18, 13, 6][4, 7, 10, 21][6, 16, 27][27, 2, 29][2, 15, 5][0, 22][0, 12][5, 21][7, 20] 
[14, 24, 1, 3, 9, 23, 20][12, 17, 11, 25, 28][4, 7, 10, 21][0, 18, 13, 6][22, 19, 8, 26][2, 15, 5][16, 2, 29][6, 16, 27][7, 20][5, 21][0, 22][0, 12] 
[14, 24, 1, 3, 9, 23, 20][12, 17, 11, 25, 28][4, 7, 10, 21, 5][27, 16, 2, 29][0, 18, 13, 6][22, 19, 8, 26][6, 16][0, 12][2, 15][5, 15][0, 22][7, 20] 
[14, 24, 1, 3, 9, 23, 20][12, 17, 11, 25, 28][4, 7, 10, 21, 5][22, 19, 8, 26][0, 18, 13, 6][15, 2, 29, 27][0, 22][0, 12][6, 16][16, 27][5, 15][7, 20] 
[14, 24, 1, 3, 9, 23, 20][12, 17, 11, 25, 28][4, 7, 10, 21, 5][22, 19, 8, 26][0, 18, 13, 6][15, 2, 29, 27][0, 22][0, 12][6, 16][16, 27][5, 15][7, 20] 
[14, 24, 1, 3, 9, 23, 20][12, 17, 11, 25, 28][27, 16, 2, 29][0, 18, 13, 6][4, 7, 10, 21][22, 19, 8, 26][2, 15, 5][6, 16][0, 12][5, 21][7, 20][0, 22] 
[14, 24, 1, 3, 9, 23, 20][12, 17, 11, 25, 28][27, 16, 2, 29][0, 18, 13, 6][4, 7, 10, 21][22, 19, 8, 26][2, 15, 5][6, 16][0, 12][5, 21][7, 20][0, 22] 
[14, 24, 1, 3, 9, 23, 20][12, 17, 11, 25, 28][0, 18, 13, 6][22, 19, 8, 26][4, 7, 10, 21][6, 16, 27][27, 2, 29][2, 15, 5][0, 22][5, 21][0, 12][7, 20] 
[14, 24, 1, 3, 9, 23, 20][12, 17, 11, 25, 28][4, 7, 10, 21, 5][22, 19, 8, 26][0, 18, 13, 6][27, 16, 2, 29][0, 22][6, 16][2, 15][0, 12][5, 15][7, 20] 
[14, 24, 1, 3, 9, 23, 20][12, 17, 11, 25, 28][4, 7, 10, 21, 5][0, 18, 13, 6][22, 19, 8, 26][15, 2, 29, 27][0, 22][6, 16][16, 27][0, 12][5, 15][7, 20] 
[14, 24, 1, 3, 9, 23, 20][12, 17, 11, 25, 28][27, 16, 2, 29][4, 7, 10, 21][0, 18, 13, 6][22, 19, 8, 26][2, 15, 5][5, 21][7, 20][6, 16][0, 12][0, 22] 
[14, 24, 1, 3, 9, 23, 20][12, 17, 11, 25, 28][4, 7, 10, 21, 5][22, 19, 8, 26][0, 18, 13, 6][27, 16, 2, 29][0, 22][6, 16][2, 15][0, 12][5, 15][7, 20] 
[14, 24, 1, 3, 9, 23, 20][12, 17, 11, 25, 28][4, 7, 10, 21, 5][27, 16, 2, 29][0, 18, 13, 6][22, 19, 8, 26][6, 16][0, 12][2, 15][5, 15][0, 22][7, 20] 
[14, 24, 1, 3, 9, 23, 20][12, 17, 11, 25, 28][4, 7, 10, 21, 5][0, 18, 13, 6][22, 19, 8, 26][15, 2, 29, 27][0, 22][6, 16][16, 27][0, 12][5, 15][7, 20] 
[14, 24, 1, 3, 9, 23, 20][12, 17, 11, 25, 28][4, 7, 10, 21, 5][0, 18, 13, 6][22, 19, 8, 26][15, 2, 29, 27][0, 22][6, 16][16, 27][0, 12][5, 15][7, 20] 
[14, 24, 1, 3, 9, 23, 20][12, 17, 11, 25, 28][4, 7, 10, 21][27, 16, 2, 29][0, 18, 13, 6][22, 19, 8, 26][2, 15, 5][5, 21][7, 20][6, 16][0, 12][0, 22] 
[14, 24, 1, 3, 9, 23, 20][12, 17, 11, 25, 28][0, 18, 13, 6][22, 19, 8, 26][27, 16, 2, 29][4, 7, 10, 21][2, 15, 5][0, 22][6, 16][5, 21][0, 12][7, 20] 
[14, 24, 1, 3, 9, 23, 20][12, 17, 11, 25, 28][0, 18, 13, 6][22, 19, 8, 26][4, 7, 10, 21][6, 16, 27][27, 2, 29][2, 15, 5][0, 22][5, 21][0, 12][7, 20] 
[14, 24, 1, 3, 9, 23, 20][12, 17, 11, 25, 28][4, 7, 10, 21, 5][22, 19, 8, 26][0, 18, 13, 6][27, 16, 2, 29][0, 22][6, 16][0, 12][2, 15][5, 15][7, 20] 
[14, 24, 1, 3, 9, 23, 20][12, 17, 11, 25, 28][4, 7, 10, 21, 5][0, 18, 13, 6][22, 19, 8, 26][15, 2, 29, 27][0, 22][6, 16][16, 27][0, 12][5, 15][7, 20] 
[14, 24, 1, 3, 9, 23, 20][12, 17, 11, 25, 28][4, 7, 10, 21][27, 16, 2, 29][0, 18, 13, 6][22, 19, 8, 26][2, 15, 5][5, 21][7, 20][6, 16][0, 12][0, 22] 
[14, 24, 1, 3, 9, 23, 20][12, 17, 11, 25, 28][4, 7, 10, 21, 5][22, 19, 8, 26][0, 18, 13, 6][27, 16, 2, 29][0, 22][6, 16][0, 12][2, 15][5, 15][7, 20] 
[14, 24, 1, 3, 9, 23, 20][12, 17, 11, 25, 28][4, 7, 10, 21, 5][22, 19, 8, 26][0, 18, 13, 6][27, 16, 2, 29][0, 22][6, 16][2, 15][0, 12][5, 15][7, 20] 
[14, 24, 1, 3, 9, 23, 20][12, 17, 11, 25, 28][4, 7, 10, 21, 5][0, 18, 13, 6][22, 19, 8, 26][15, 2, 29, 27][0, 22][6, 16][16, 27][0, 12][5, 15][7, 20] 
[14, 24, 1, 3, 9, 23, 20][12, 17, 11, 25, 28][0, 18, 13, 6][22, 19, 8, 26][27, 16, 2, 29][4, 7, 10, 21][2, 15, 5][0, 22][6, 16][5, 21][0, 12][7, 20] 
[14, 24, 1, 3, 9, 23, 20][4, 7, 10, 21, 5][12, 17, 11, 25, 28][27, 16, 2, 29][0, 18, 13, 6][22, 19, 8, 26][2, 15][5, 15][7, 20][6, 16][0, 22][0, 12] 
[14, 24, 1, 3, 9, 23, 20][4, 7, 10, 21, 5][12, 17, 11, 25, 28][27, 16, 2, 29][0, 18, 13, 6][22, 19, 8, 26][2, 15][5, 15][7, 20][6, 16][0, 22][0, 12] 
[21, 5, 6, 13, 18, 12, 17, 28, 0, 26, 8, 19, 22][1, 4, 23, 9, 3, 24, 14, 11, 25, 28][24, 20, 7, 2, 29, 27][2, 10, 15][7, 16][12, 18][7, 20][12, 18][12, 18][11, 14][12, 18][11, 14] 
[21, 5, 6, 13, 18, 12, 17, 28, 0, 26, 8, 19, 22][1, 4, 23, 9, 3, 24, 14, 11, 25, 28][24, 20, 7, 2, 29, 27][2, 10, 15][7, 16][12, 18][7, 20][12, 18][12, 18][11, 14][12, 18][11, 14] 
[21, 5, 6, 13, 18, 12, 17, 28, 0, 26, 8, 19, 22][1, 4, 23, 9, 3, 24, 14, 11, 25, 28][24, 20, 7, 2, 29, 27][2, 10, 15][12, 18][7, 16][7, 20][11, 14][12, 18][12, 18][12, 18][11, 14] 
[21, 5, 6, 13, 18, 12, 17, 28, 0, 26, 8, 19, 22][1, 4, 23, 9, 3, 24, 14, 11, 25][10, 27, 29, 2, 7, 20, 24][25, 28][27, 29][7, 16][10, 15][12, 18][12, 18][11, 14][12, 18][12, 18] 
[21, 5, 6, 13, 18, 12, 17, 28, 0, 26, 8, 19, 22][1, 4, 23, 9, 3, 24, 14, 11, 25][10, 27, 29, 2, 7, 20, 24][25, 28][27, 29][7, 16][10, 15][12, 18][12, 18][11, 14][12, 18][12, 18] 
[21, 5, 6, 13, 18, 12, 17, 28, 0, 26, 8, 19, 22][1, 4, 23, 9, 3, 24, 14, 11, 25][10, 27, 29, 2, 7, 20, 24][25, 28][27, 29][7, 16][10, 15][12, 18][12, 18][11, 14][12, 18][12, 18] 
[21, 5, 6, 13, 18, 12, 17, 28, 0, 26, 8, 19, 22][1, 4, 23, 9, 3, 24, 14, 11, 25, 28][24, 20, 7, 2, 29, 27][2, 10, 15][12, 18][7, 16][7, 20][11, 14][12, 18][12, 18][12, 18][11, 14] 
[21, 5, 6, 13, 18, 12, 17, 28, 0, 26, 8, 19, 22][1, 4, 23, 9, 3, 24, 14, 11, 25, 28][24, 20, 7, 2, 29, 27][2, 10, 15][7, 16][12, 18][7, 20][12, 18][12, 18][11, 14][12, 18][11, 14] 
[21, 5, 6, 13, 18, 12, 17, 28, 0, 26, 8, 19, 22][1, 4, 23, 9, 3, 24, 14, 11, 25][10, 27, 29, 2, 7, 20, 24][25, 28][27, 29][7, 16][10, 15][12, 18][12, 18][11, 14][12, 18][12, 18] 
[21, 5, 6, 13, 18, 12, 17, 28, 0, 26, 8, 19, 22][1, 4, 23, 9, 3, 24, 14, 11, 25, 28][24, 20, 7, 2, 29, 27][2, 10, 15][7, 16][12, 18][7, 20][12, 18][12, 18][11, 14][12, 18][11, 14] 
[21, 5, 6, 13, 18, 12, 17, 28, 0, 26, 8, 19, 22][1, 4, 23, 9, 3, 24, 14, 11, 25, 28][24, 20, 7, 2, 29, 27][2, 10, 15][7, 16][12, 18][7, 20][12, 18][12, 18][11, 14][12, 18][11, 14] 
[21, 5, 6, 13, 18, 12, 17, 28, 0, 26, 8, 19, 22][1, 4, 23, 9, 3, 24, 14, 11, 25, 28][24, 20, 7, 2, 29, 27][2, 10, 15][12, 18][7, 16][7, 20][11, 14][12, 18][12, 18][12, 18][11, 14] 
[21, 5, 6, 13, 18, 12, 17, 28, 0, 26, 8, 19, 22][1, 4, 23, 9, 3, 24, 14, 11, 25][10, 27, 29, 2, 7, 20, 24][25, 28][27, 29][7, 16][10, 15][12, 18][12, 18][11, 14][12, 18][12, 18] 
[21, 5, 6, 13, 18, 12, 17, 28, 0, 26, 8, 19, 22][1, 4, 23, 9, 3, 24, 14, 11, 25, 28][24, 20, 7, 2, 29, 27][2, 10, 15][7, 16][12, 18][7, 20][12, 18][12, 18][11, 14][12, 18][11, 14] 
[21, 5, 6, 13, 18, 12, 17, 28, 0, 26, 8, 19, 22][1, 4, 23, 9, 3, 24, 14, 11, 25, 28][24, 20, 7, 2, 29, 27][2, 10, 15][12, 18][7, 16][7, 20][11, 14][12, 18][12, 18][12, 18][11, 14] 
[21, 5, 6, 13, 18, 12, 17, 28, 0, 26, 8, 19, 22][1, 4, 23, 9, 3, 24, 14, 11, 25, 28][10, 27, 29, 2, 7, 20, 24][7, 20][7, 16][10, 15][11, 14][12, 18][11, 14][11, 14][12, 18][11, 14] 
[21, 5, 6, 13, 18, 12, 17, 28, 0, 26, 8, 19, 22][1, 4, 23, 9, 3, 24, 14, 11, 25, 28][10, 27, 29, 2, 7, 20, 24][7, 20][7, 16][10, 15][11, 14][12, 18][11, 14][11, 14][12, 18][11, 14] 
[21, 5, 6, 13, 18, 12, 17, 28, 0, 26, 8, 19, 22][1, 4, 23, 9, 3, 24, 14, 11, 25, 28][24, 20, 7, 2, 29, 27][2, 10, 15][12, 18][7, 16][7, 20][11, 14][12, 18][12, 18][12, 18][11, 14] 
[21, 5, 6, 13, 18, 12, 17, 28, 0, 26, 8, 19, 22][1, 4, 23, 9, 3, 24, 14, 11, 25, 28][10, 27, 29, 2, 7, 20, 24][7, 20][7, 16][10, 15][11, 14][12, 18][11, 14][11, 14][12, 18][11, 14] 
[21, 5, 6, 13, 18, 12, 17, 28, 0, 26, 8, 19, 22][1, 4, 23, 9, 3, 24, 14, 11, 25, 28][10, 27, 29, 2, 7, 20, 24][7, 20][7, 16][10, 15][11, 14][12, 18][11, 14][11, 14][12, 18][11, 14] 
[21, 5, 6, 13, 18, 12, 17, 28, 0, 26, 8, 19, 22][1, 4, 23, 9, 3, 24, 14, 11, 25, 28][10, 27, 29, 2, 7, 20, 24][7, 16][12, 18][7, 20][10, 15][12, 18][12, 18][11, 14][12, 18][11, 14] 
[14, 24, 1, 3, 9, 23, 20][12, 17, 11, 25, 28][4, 7, 10, 21][16, 2, 29, 27][0, 18, 13, 6][22, 19, 8, 26][2, 15, 5][7, 20][5, 21][6, 16][0, 12][0, 22] 
[14, 24, 1, 3, 9, 23, 20][12, 17, 11, 25, 28][4, 7, 10, 21][16, 2, 29, 27][0, 18, 13, 6][22, 19, 8, 26][2, 15, 5][5, 21][7, 20][6, 16][0, 12][0, 22] 
[14, 24, 1, 3, 9, 23, 20][12, 17, 11, 25, 28][4, 7, 10, 21][16, 2, 29, 27][0, 18, 13, 6][22, 19, 8, 26][2, 15, 5][7, 20][5, 21][6, 16][0, 12][0, 22] 
[14, 24, 1, 3, 9, 23, 20][12, 17, 11, 25, 28][4, 7, 10, 21][16, 2, 29, 27][0, 18, 13, 6][22, 19, 8, 26][2, 15, 5][7, 20][5, 21][6, 16][0, 12][0, 22] 
[14, 24, 1, 3, 9, 23, 20][12, 17, 11, 25, 28][4, 7, 10, 21][16, 2, 29, 27][0, 18, 13, 6][22, 19, 8, 26][2, 15, 5][7, 20][5, 21][6, 16][0, 22][0, 12] 
[14, 24, 1, 3, 9, 23, 20][12, 17, 11, 25, 28][4, 7, 10, 21][16, 2, 29, 27][0, 18, 13, 6][22, 19, 8, 26][2, 15, 5][5, 21][6, 16][0, 12][0, 22][7, 20] 
[14, 24, 1, 3, 9, 23, 20][12, 17, 11, 25, 28][0, 18, 13, 6][22, 19, 8, 26][16, 2, 29, 27][4, 7, 10, 21][2, 15, 5][0, 12][0, 22][6, 16][5, 21][7, 20] 
[14, 24, 1, 3, 9, 23, 20][12, 17, 11, 25, 28][0, 18, 13, 6][16, 2, 29, 27][4, 7, 10, 21][22, 19, 8, 26][2, 15, 5][6, 16][0, 12][7, 20][0, 22][5, 21] 
[14, 24, 1, 3, 9, 23, 20][12, 17, 11, 25, 28][4, 7, 10, 21][16, 2, 29, 27][0, 18, 13, 6][22, 19, 8, 26][2, 15, 5][5, 21][6, 16][0, 12][7, 20][0, 22] 
[14, 24, 1, 3, 9, 23, 20][12, 17, 11, 25, 28][0, 18, 13, 6][16, 2, 29, 27][4, 7, 10, 21][22, 19, 8, 26][2, 15, 5][6, 16][0, 12][7, 20][0, 22][5, 21] 
[14, 24, 1, 3, 9, 23, 20][12, 17, 11, 25, 28][0, 18, 13, 6][16, 2, 29, 27][4, 7, 10, 21][22, 19, 8, 26][2, 15, 5][6, 16][0, 12][7, 20][0, 22][5, 21] 
[14, 24, 1, 3, 9, 23, 20][12, 17, 11, 25, 28][4, 7, 10, 21][16, 2, 29, 27][0, 18, 13, 6][22, 19, 8, 26][2, 15, 5][7, 20][5, 21][6, 16][0, 12][0, 22] 
[14, 24, 1, 3, 9, 23, 20][12, 17, 11, 25, 28][0, 18, 13, 6][16, 2, 29, 27][4, 7, 10, 21][22, 19, 8, 26][2, 15, 5][6, 16][0, 12][7, 20][0, 22][5, 21] 
[14, 24, 1, 3, 9, 23, 20][12, 17, 11, 25, 28][0, 18, 13, 6][16, 2, 29, 27][4, 7, 10, 21][22, 19, 8, 26][2, 15, 5][6, 16][0, 12][7, 20][0, 22][5, 21] 
[14, 24, 1, 3, 9, 23, 20][12, 17, 11, 25, 28][0, 18, 13, 6][16, 2, 29, 27][4, 7, 10, 21][22, 19, 8, 26][2, 15, 5][6, 16][0, 12][7, 20][0, 22][5, 21] 
[14, 24, 1, 3, 9, 23, 20][12, 17, 11, 25, 28][4, 7, 10, 21, 5][0, 18, 13, 6][27, 16, 2, 29][22, 19, 8, 26][0, 12][6, 16][0, 22][2, 15][5, 15][7, 20] 
[14, 24, 1, 3, 9, 23, 20][12, 17, 11, 25, 28][4, 7, 10, 21, 5][27, 16, 2, 29][0, 18, 13, 6][22, 19, 8, 26][2, 15][6, 16][0, 12][0, 22][5, 15][7, 20] 
[14, 24, 1, 3, 9, 23, 20][4, 7, 10, 21, 5][12, 17, 11, 25, 28][27, 16, 2, 29][0, 18, 13, 6][22, 19, 8, 26][2, 15][5, 15][6, 16][0, 22][7, 20][0, 12] 
[14, 24, 1, 3, 9, 23, 20][4, 7, 10, 21, 5][12, 17, 11, 25, 28][27, 16, 2, 29][0, 18, 13, 6][22, 19, 8, 26][2, 15][5, 15][6, 16][0, 22][7, 20][0, 12] 
[14, 24, 1, 3, 9, 23, 20][12, 17, 11, 25, 28][4, 7, 10, 21, 5][22, 19, 8, 26][0, 18, 13, 6][27, 16, 2, 29][0, 22][6, 16][2, 15][0, 12][5, 15][7, 20] 
[14, 24, 1, 3, 9, 23, 20][12, 17, 11, 25, 28][4, 7, 10, 21, 5][0, 18, 13, 6][22, 19, 8, 26][27, 16, 2, 29][0, 22][0, 12][6, 16][15, 27][5, 15][7, 20] 
[14, 24, 1, 3, 9, 23, 20][12, 17, 11, 25, 28][0, 18, 13, 6][16, 2, 29, 27][4, 7, 10, 21][22, 19, 8, 26][2, 15, 5][6, 16][0, 12][7, 20][0, 22][5, 21] 
[14, 24, 1, 3, 9, 23, 20][12, 17, 11, 25, 28][16, 2, 29, 27][4, 7, 10, 21][0, 18, 13, 6][22, 19, 8, 26][2, 15, 5][5, 21][6, 16][0, 12][0, 22][7, 20] 
[14, 24, 1, 3, 9, 23, 20][12, 17, 11, 25, 28][4, 7, 10, 21][16, 2, 29, 27][0, 18, 13, 6][22, 19, 8, 26][2, 15, 5][5, 21][6, 16][0, 12][7, 20][0, 22] 
[14, 24, 1, 3, 9, 23, 20][12, 17, 11, 25, 28][0, 18, 13, 6][16, 2, 29, 27][4, 7, 10, 21][22, 19, 8, 26][2, 15, 5][0, 12][6, 16][5, 21][0, 22][7, 20] 
[14, 24, 1, 3, 9, 23, 20][12, 17, 11, 25, 28][0, 18, 13, 6][22, 19, 8, 26][16, 2, 29, 27][4, 7, 10, 21][2, 15, 5][0, 22][0, 12][6, 16][5, 21][7, 20] 
[14, 24, 1, 3, 9, 23, 20][12, 17, 11, 25, 28][4, 7, 10, 21][27, 16, 2, 29][0, 18, 13, 6][22, 19, 8, 26][2, 15, 5][5, 21][7, 20][6, 16][0, 12][0, 22] 
[14, 24, 1, 3, 9, 23, 20][12, 17, 11, 25, 28][0, 18, 13, 6][16, 2, 29, 27][4, 7, 10, 21][22, 19, 8, 26][2, 15, 5][0, 12][6, 16][5, 21][0, 22][7, 20] 
[14, 24, 1, 3, 9, 23, 20][12, 17, 11, 25, 28][4, 7, 10, 21, 5][0, 18, 13, 6][27, 16, 2, 29][22, 19, 8, 26][0, 12][6, 16][0, 22][2, 15][5, 15][7, 20] 
[14, 24, 1, 3, 9, 23, 20][12, 17, 11, 25, 28][4, 7, 10, 21, 5][22, 19, 8, 26][0, 18, 13, 6][27, 16, 2, 29][0, 22][6, 16][2, 15][0, 12][5, 15][7, 20] 
[14, 24, 1, 3, 9, 23, 20][4, 7, 10, 21, 5][12, 17, 11, 25, 28][27, 16, 2, 29][0, 18, 13, 6][22, 19, 8, 26][6, 16][5, 15][7, 20][0, 12][0, 22][2, 15] 
[14, 24, 1, 3, 9, 23, 20][12, 17, 11, 25, 28][4, 7, 10, 21, 5][0, 18, 13, 6][27, 16, 2, 29][22, 19, 8, 26][0, 12][6, 16][2, 15][0, 22][5, 15][7, 20] 
[14, 24, 1, 3, 9, 23, 20][4, 7, 10, 21, 5][12, 17, 11, 25, 28][27, 16, 2, 29][0, 18, 13, 6][22, 19, 8, 26][6, 16][5, 15][7, 20][0, 12][0, 22][2, 15] 
[14, 24, 1, 3, 9, 23, 20][4, 7, 10, 21, 5][12, 17, 11, 25, 28][27, 16, 2, 29][0, 18, 13, 6][22, 19, 8, 26][2, 15][5, 15][6, 16][0, 22][7, 20][0, 12] 
[14, 24, 1, 3, 9, 23, 20][12, 17, 11, 25, 28][4, 7, 10, 21, 5][0, 18, 13, 6][27, 16, 2, 29][22, 19, 8, 26][0, 12][6, 16][0, 22][2, 15][5, 15][7, 20] 
[14, 24, 1, 3, 9, 23, 20][12, 17, 11, 25, 28][4, 7, 10, 21, 5][22, 19, 8, 26][0, 18, 13, 6][27, 16, 2, 29][0, 22][0, 12][6, 16][2, 15][5, 15][7, 20] 
[14, 24, 1, 3, 9, 23, 20][4, 7, 10, 21, 5][12, 17, 11, 25, 28][27, 16, 2, 29][0, 18, 13, 6][22, 19, 8, 26][6, 16][5, 15][7, 20][0, 12][0, 22][2, 15] 
[14, 24, 1, 3, 9, 23, 20][12, 17, 11, 25, 28][4, 7, 10, 21, 5][22, 19, 8, 26][0, 18, 13, 6][27, 16, 2, 29][0, 22][6, 16][2, 15][0, 12][5, 15][7, 20] 
[14, 24, 1, 3, 9, 23, 20][12, 17, 11, 25, 28][4, 7, 10, 21, 5][0, 18, 13, 6][27, 16, 2, 29][22, 19, 8, 26][0, 12][6, 16][2, 15][0, 22][5, 15][7, 20] 
[14, 24, 1, 3, 9, 23, 20][12, 17, 11, 25, 28][4, 7, 10, 21, 5][0, 18, 13, 6][22, 19, 8, 26][27, 16, 2, 29][0, 12][0, 22][6, 16][2, 15][5, 15][7, 20] 
[14, 24, 1, 3, 9, 23, 20][12, 17, 11, 25, 28][4, 7, 10, 21, 5][0, 18, 13, 6][22, 19, 8, 26][27, 16, 2, 29][0, 12][0, 22][6, 16][2, 15][5, 15][7, 20] 
[14, 24, 1, 3, 9, 23, 20][12, 17, 11, 25, 28][4, 7, 10, 21, 5][0, 18, 13, 6][27, 16, 2, 29][22, 19, 8, 26][0, 12][6, 16][0, 22][2, 15][5, 15][7, 20] 
[14, 24, 1, 3, 9, 23, 20][12, 17, 11, 25, 28][4, 7, 10, 21, 5][0, 18, 13, 6][22, 19, 8, 26][27, 16, 2, 29][0, 12][0, 22][6, 16][2, 15][5, 15][7, 20] 
[14, 24, 1, 3, 9, 23, 20][4, 7, 10, 21, 5][15, 16, 2, 29, 27][12, 17, 11, 25, 28][0, 18, 13, 6][22, 19, 8, 26][7, 20][5, 15][6, 16][0, 12][0, 22][10, 21] 
[14, 24, 1, 3, 9, 23, 20][15, 16, 2, 29, 27][4, 7, 10, 21, 5][12, 17, 11, 25, 28][0, 18, 13, 6][22, 19, 8, 26][6, 16][0, 22][5, 15][0, 12][7, 20][10, 21] 
[14, 24, 1, 3, 9, 23, 20][4, 7, 10, 21, 5][15, 16, 2, 29, 27][12, 17, 11, 25, 28][0, 18, 13, 6][22, 19, 8, 26][7, 20][5, 15][6, 16][0, 12][0, 22][10, 21] 
[14, 24, 1, 3, 9, 23, 20][15, 16, 2, 29, 27][12, 17, 11, 25, 28][4, 7, 10, 21, 5][22, 19, 8, 26][0, 18, 13, 6][0, 22][6, 16][0, 12][5, 15][7, 20][10, 21] 
[14, 24, 1, 3, 9, 23, 20][4, 7, 10, 21, 5][15, 16, 2, 29, 27][12, 17, 11, 25, 28][0, 18, 13, 6][22, 19, 8, 26][7, 20][5, 15][6, 16][0, 12][0, 22][10, 21] 
[14, 24, 1, 3, 9, 23, 20][26, 8, 12, 17, 11, 25, 28][4, 7, 10, 21, 5][27, 16, 2, 29][0, 18, 13, 6][0, 22, 19][5, 15][7, 20][2, 15][6, 16][0, 12][12, 17] 
[14, 24, 1, 3, 9, 23, 20][12, 17, 11, 25, 28][4, 7, 10, 21][27, 16, 2, 29][0, 18, 13, 6][22, 19, 8, 26][2, 15, 5][5, 21][7, 20][6, 16][0, 12][0, 22] 
[14, 24, 1, 3, 9, 23, 20][12, 17, 11, 25, 28][4, 7, 10, 21][27, 16, 2, 29][0, 18, 13, 6][22, 19, 8, 26][2, 15, 5][5, 21][7, 20][6, 16][0, 22][0, 12] 
[14, 24, 1, 3, 9, 23, 20][12, 17, 11, 25, 28][0, 18, 13, 6][22, 19, 8, 26][27, 16, 2, 29][4, 7, 10, 21][2, 15, 5][0, 22][6, 16][5, 21][0, 12][7, 20] 
[14, 24, 1, 3, 9, 23, 20][12, 17, 11, 25, 28][4, 7, 10, 21][27, 16, 2, 29][0, 18, 13, 6][22, 19, 8, 26][2, 15, 5][5, 21][7, 20][6, 16][0, 12][0, 22] 
[14, 24, 1, 3, 9, 23, 20][12, 17, 11, 25, 28][4, 7, 10, 21][27, 16, 2, 29][0, 18, 13, 6][22, 19, 8, 26][2, 15, 5][5, 21][7, 20][6, 16][0, 12][0, 22] 
[14, 24, 1, 3, 9, 23, 20][4, 7, 10, 21, 5][12, 17, 11, 25, 28][27, 16, 2, 29][0, 18, 13, 6][22, 19, 8, 26][2, 15][5, 15][6, 16][0, 22][7, 20][0, 12] 
[14, 24, 1, 3, 9, 23, 20][12, 17, 11, 25, 28][4, 7, 10, 21][27, 16, 2, 29][0, 18, 13, 6][22, 19, 8, 26][2, 15, 5][5, 21][7, 20][6, 16][0, 22][0, 12] 
