[9, 1, 24, 4, 3, 23][6, 13, 18, 22, 12][11, 25, 7, 20, 14][21, 5, 15, 2, 29][17, 19, 8, 26][0, 22, 17][27, 16, 28][17, 28][7, 16][7, 24][10, 27][2, 10] 
[9, 1, 24, 4, 3, 23][11, 25, 7, 20, 14][21, 5, 15, 2, 29][6, 13, 18, 22, 12][17, 19, 8, 26][27, 16, 28][0, 22, 17][7, 16][10, 27][2, 10][17, 28][7, 24] 
[9, 1, 24, 4, 3, 23][11, 25, 7, 20, 14][6, 13, 18, 22, 12][17, 19, 8, 26][5, 21, 2, 29][27, 16, 28][2, 10, 15][0, 22, 17][7, 16][10, 27][17, 28][7, 24] 
[9, 1, 24, 4, 3, 23][11, 25, 7, 20, 14][6, 13, 18, 22, 12][17, 19, 8, 26][5, 21, 2, 29][27, 16, 28][0, 22, 17][2, 10, 15][7, 16][17, 28][10, 27][7, 24] 
[9, 1, 24, 4, 3, 23][6, 13, 18, 22, 12][11, 25, 7, 20, 14][0, 19, 8, 26][5, 21, 15, 29][0, 22, 17][27, 16, 28][2, 10, 15][17, 28][10, 27][7, 16][7, 24] 
[9, 1, 24, 4, 3, 23][6, 13, 18, 22, 12][11, 25, 7, 20, 14][5, 21, 2, 29][0, 19, 8, 26][2, 10, 15][27, 16, 28][0, 22, 17][10, 27][17, 28][7, 16][7, 24] 
[9, 1, 24, 4, 3, 23][6, 13, 18, 22, 12][11, 25, 7, 20, 14][5, 21, 2, 29][0, 19, 8, 26][2, 10, 15][27, 16, 28][0, 22, 17][10, 27][17, 28][7, 16][7, 24] 
[9, 1, 24, 4, 3, 23][11, 25, 7, 20, 14][6, 13, 18, 22, 12][5, 21, 2, 29][0, 19, 8, 26][27, 16, 28][2, 10, 15][0, 22, 17][7, 16][7, 24][10, 27][17, 28] 
[9, 1, 24, 4, 3, 23][6, 13, 18, 22, 12][11, 25, 7, 20, 14][5, 21, 2, 29][0, 19, 8, 26][2, 10, 15][27, 16, 28][0, 22, 17][10, 27][17, 28][7, 16][7, 24] 
[9, 1, 24, 4, 3, 23][11, 25, 7, 20, 14][6, 13, 18, 22, 12][5, 21, 2, 29][0, 19, 8, 26][27, 16, 28][2, 10, 15][0, 22, 17][10, 27][7, 16][17, 28][7, 24] 
[9, 1, 24, 4, 3, 23][11, 25, 7, 20, 14][6, 13, 18, 22, 12][21, 5, 15, 2, 29][17, 19, 8, 26][27, 16, 28][0, 22, 17][7, 24][7, 16][17, 28][10, 27][2, 10] 
[9, 1, 24, 4, 3, 23][21, 5, 15, 2, 29][6, 13, 18, 22, 12][11, 25, 7, 20, 14][17, 19, 8, 26][27, 16, 28][0, 22, 17][10, 27][2, 10][17, 28][7, 16][7, 24] 
[9, 1, 24, 4, 3, 23][11, 25, 7, 20, 14][6, 13, 18, 22, 12][17, 19, 8, 26][5, 21, 2, 29][27, 16, 28][2, 10, 15][0, 22, 17][7, 16][10, 27][17, 28][7, 24] 
[9, 1, 24, 4, 3, 23][6, 13, 18, 22, 12][11, 25, 7, 20, 14][0, 19, 8, 26][5, 21, 15, 29][0, 22, 17][27, 16, 28][2, 10, 15][17, 28][7, 16][7, 24][10, 27] 
[9, 1, 24, 4, 3, 23][6, 13, 18, 22, 12][11, 25, 7, 20, 14][0, 19, 8, 26][5, 21, 2, 29][0, 22, 17][27, 16, 28][2, 10, 15][17, 28][10, 27][7, 16][7, 24] 
[9, 1, 24, 4, 3, 23][11, 25, 7, 20, 14][6, 13, 18, 22, 12][5, 21, 2, 29][0, 19, 8, 26][27, 16, 28][2, 10, 15][0, 22, 17][10, 27][7, 16][17, 28][7, 24] 
[9, 1, 24, 4, 3, 23][11, 25, 7, 20, 14][21, 5, 15, 2, 29][6, 13, 18, 22, 12][17, 19, 8, 26][27, 16, 28][0, 22, 17][7, 16][7, 24][10, 27][2, 10][17, 28] 
[9, 1, 24, 4, 3, 23][11, 25, 7, 20, 14][6, 13, 18, 22, 12][21, 5, 15, 2, 29][17, 19, 8, 26][27, 16, 28][0, 22, 17][7, 24][7, 16][10, 27][17, 28][2, 10] 
[9, 1, 24, 4, 3, 23][11, 25, 7, 20, 14][6, 13, 18, 22, 12][5, 21, 15, 29][0, 19, 8, 26][27, 16, 28][2, 10, 15][0, 22, 17][7, 16][10, 27][17, 28][7, 24] 
[9, 1, 24, 4, 3, 23][6, 13, 18, 22, 12][11, 25, 7, 20, 14][21, 5, 15, 2, 29][17, 19, 8, 26][27, 16, 28][0, 22, 17][17, 28][7, 16][7, 24][10, 27][2, 10] 
[9, 1, 24, 4, 3, 23][11, 25, 7, 20, 14][21, 5, 15, 2, 29][6, 13, 18, 22, 12][17, 19, 8, 26][27, 16, 28][0, 22, 17][7, 16][10, 27][2, 10][17, 28][7, 24] 
[9, 1, 24, 4, 3, 23][11, 25, 7, 20, 14][21, 5, 15, 2, 29][6, 13, 18, 22, 12][17, 19, 8, 26][27, 16, 28][0, 22, 17][7, 24][7, 16][10, 27][2, 10][17, 28] 
[9, 1, 24, 4, 3, 23][11, 25, 7, 20, 14][6, 13, 18, 22, 12][17, 19, 8, 26][5, 21, 2, 29][27, 16, 28][2, 10, 15][0, 22, 17][7, 16][10, 27][17, 28][7, 24] 
[9, 1, 24, 4, 3, 23][11, 25, 7, 20, 14][6, 13, 18, 22, 12][5, 21, 15, 29][0, 19, 8, 26][27, 16, 28][2, 10, 15][0, 22, 17][7, 24][7, 16][10, 27][17, 28] 
[9, 1, 24, 4, 3, 23][6, 13, 18, 22, 12][11, 25, 7, 20, 14][0, 19, 8, 26][5, 21, 2, 29][0, 22, 17][27, 16, 28][2, 10, 15][17, 28][7, 16][10, 27][7, 24] 
[9, 1, 24, 4, 3, 23][11, 25, 7, 20, 14][6, 13, 18, 22, 12][5, 21, 2, 29][0, 19, 8, 26][2, 10, 15][27, 16, 28][0, 22, 17][10, 27][7, 16][7, 24][17, 28] 
[9, 1, 24, 4, 3, 23][6, 13, 18, 22, 12][11, 25, 7, 20, 14][21, 5, 15, 2, 29][17, 19, 8, 26][27, 16, 28][0, 22, 17][17, 28][7, 16][7, 24][10, 27][2, 10] 
[9, 1, 24, 4, 3, 23][6, 13, 18, 22, 12][11, 25, 7, 20, 14][21, 5, 15, 2, 29][17, 19, 8, 26][27, 16, 28][0, 22, 17][17, 28][7, 16][7, 24][10, 27][2, 10] 
[9, 1, 24, 4, 3, 23][6, 13, 18, 22, 12][11, 25, 7, 20, 14][0, 19, 8, 26][5, 21, 15, 29][0, 22, 17][27, 16, 28][2, 10, 15][17, 28][10, 27][7, 16][7, 24] 
[9, 1, 24, 4, 3, 23][11, 25, 7, 20, 14][6, 13, 18, 22, 12][21, 5, 15, 2, 29][17, 19, 8, 26][27, 16, 28][0, 22, 17][7, 24][7, 16][10, 27][17, 28][2, 10] 
[9, 1, 24, 4, 3, 23][11, 25, 7, 20, 14][6, 13, 18, 22, 12][21, 5, 15, 2, 29][17, 19, 8, 26][27, 16, 28][0, 22, 17][7, 24][7, 16][10, 27][17, 28][2, 10] 
[9, 1, 24, 4, 3, 23][6, 13, 18, 22, 12][11, 25, 7, 20, 14][21, 5, 15, 2, 29][17, 19, 8, 26][27, 16, 28][0, 22, 17][17, 28][7, 16][7, 24][10, 27][2, 10] 
[9, 1, 24, 4, 3, 23][11, 25, 7, 20, 14][6, 13, 18, 22, 12][5, 21, 15, 29][0, 19, 8, 26][2, 10, 15][27, 16, 28][0, 22, 17][10, 27][7, 16][7, 24][17, 28] 
[9, 1, 24, 4, 3, 23][11, 25, 7, 20, 14][6, 13, 18, 22, 12][21, 5, 15, 2, 29][17, 19, 8, 26][27, 16, 28][0, 22, 17][7, 24][7, 16][10, 27][17, 28][2, 10] 
[9, 1, 24, 4, 3, 23][11, 25, 7, 20, 14][21, 5, 15, 2, 29][6, 13, 18, 22, 12][17, 19, 8, 26][27, 16, 28][0, 22, 17][7, 24][7, 16][10, 27][2, 10][17, 28] 
[3, 4, 24, 1, 9, 14, 20, 7, 10, 16, 28, 25, 11, 17][6, 21, 5, 15, 16, 2, 27, 29][6, 13, 18, 22, 12][0, 26, 8, 19, 17][3, 23][8, 26][16, 28][8, 26][8, 26][8, 26][8, 26][8, 26] 
[3, 4, 24, 1, 9, 14, 20, 7, 10, 16, 28, 25, 11, 17][6, 21, 5, 15, 16, 2, 27, 29][6, 13, 18, 22, 12][0, 26, 8, 19, 17][3, 23][8, 26][16, 28][8, 26][8, 26][8, 26][8, 26][8, 26] 
[3, 4, 24, 1, 9, 14, 20, 7, 10, 16, 28, 25, 11, 17][6, 21, 5, 15, 16, 2, 27, 29][6, 13, 18, 22, 12][0, 26, 8, 19, 17][3, 23][8, 26][16, 28][8, 26][8, 26][8, 26][8, 26][8, 26] 
[3, 4, 24, 1, 9, 14, 20, 7, 10, 16, 28, 25, 11, 17][6, 21, 15, 2, 27, 29][0, 26, 8, 19, 17][6, 13, 18, 22, 12][5, 15, 16][3, 23][8, 26][8, 26][8, 26][8, 26][8, 26][8, 26] 
[3, 4, 24, 1, 9, 14, 20, 7, 10, 16, 28, 25, 11, 17][6, 21, 15, 2, 27, 29][0, 26, 8, 19, 17][6, 13, 18, 22, 12][5, 15, 16][3, 23][8, 26][8, 26][8, 26][8, 26][8, 26][8, 26] 
[0, 26, 8, 19, 17, 11, 25, 28, 7, 4][6, 21, 5, 15, 16, 10, 2, 27, 29][9, 1, 24, 4, 3, 23][6, 13, 18, 22, 12][7, 20, 14][8, 26][16, 28][8, 26][8, 26][8, 26][8, 26][8, 26] 
[3, 4, 24, 1, 9, 14, 20, 7, 10, 16, 28, 25, 11, 17][6, 21, 5, 15, 16, 2, 27, 29][6, 13, 18, 22, 12][0, 26, 8, 19, 17][3, 23][8, 26][16, 28][8, 26][8, 26][8, 26][8, 26][8, 26] 
[3, 4, 24, 1, 9, 14, 20, 7, 10, 16, 28, 25, 11, 17][6, 21, 5, 15, 16, 2, 27, 29][6, 13, 18, 22, 12][0, 26, 8, 19, 17][3, 23][8, 26][16, 28][8, 26][8, 26][8, 26][8, 26][8, 26] 
[3, 4, 24, 1, 9, 14, 20, 7, 10, 16, 28, 25, 11, 17][6, 21, 15, 2, 27, 29][0, 26, 8, 19, 17][6, 13, 18, 22, 12][5, 15, 16][3, 23][8, 26][8, 26][8, 26][8, 26][8, 26][8, 26] 
[3, 4, 24, 1, 9, 14, 20, 7, 10, 16, 28, 25, 11, 17][6, 21, 5, 15, 16, 2, 27, 29][6, 13, 18, 22, 12][0, 26, 8, 19, 17][3, 23][8, 26][16, 28][8, 26][8, 26][8, 26][8, 26][8, 26] 
[3, 4, 24, 1, 9, 14, 20, 7, 10, 16, 28, 25, 11, 17][6, 21, 5, 15, 16, 2, 27, 29][6, 13, 18, 22, 12][0, 26, 8, 19, 17][3, 23][8, 26][16, 28][8, 26][8, 26][8, 26][8, 26][8, 26] 
[3, 4, 24, 1, 9, 14, 20, 7, 10, 16, 28, 25, 11, 17][6, 21, 5, 15, 16, 2, 27, 29][6, 13, 18, 22, 12][0, 26, 8, 19, 17][3, 23][8, 26][16, 28][8, 26][8, 26][8, 26][8, 26][8, 26] 
[3, 4, 24, 1, 9, 14, 20, 7, 10, 16, 28, 25, 11, 17][6, 21, 15, 2, 27, 29][0, 26, 8, 19, 17][6, 13, 18, 22, 12][5, 15, 16][3, 23][8, 26][8, 26][8, 26][8, 26][8, 26][8, 26] 
[3, 4, 24, 1, 9, 14, 20, 7, 10, 16, 28, 25, 11, 17][6, 21, 5, 15, 16, 2, 27, 29][6, 13, 18, 22, 12][0, 26, 8, 19, 17][3, 23][8, 26][16, 28][8, 26][8, 26][8, 26][8, 26][8, 26] 
[3, 4, 24, 1, 9, 14, 20, 7, 10, 16, 28, 25, 11, 17][6, 21, 5, 15, 16, 2, 27, 29][6, 13, 18, 22, 12][0, 26, 8, 19, 17][3, 23][8, 26][16, 28][8, 26][8, 26][8, 26][8, 26][8, 26] 
[3, 4, 24, 1, 9, 14, 20, 7, 10, 16, 28, 25, 11, 17][6, 21, 5, 15, 16, 2, 27, 29][6, 13, 18, 22, 12][0, 26, 8, 19, 17][3, 23][8, 26][16, 28][8, 26][8, 26][8, 26][8, 26][8, 26] 
[3, 4, 24, 1, 9, 14, 20, 7, 10, 16, 28, 25, 11, 17][6, 21, 5, 15, 16, 2, 27, 29][6, 13, 18, 22, 12][0, 26, 8, 19, 17][3, 23][8, 26][16, 28][8, 26][8, 26][8, 26][8, 26][8, 26] 
[3, 4, 24, 1, 9, 14, 20, 7, 10, 16, 28, 25, 11, 17][0, 26, 8, 19, 17][6, 13, 18, 22, 12][6, 21, 2, 27, 29][6, 5, 15, 16][3, 23][8, 26][8, 26][8, 26][8, 26][8, 26][8, 26] 
[3, 4, 24, 1, 9, 14, 20, 7, 10, 16, 28, 25, 11, 17][6, 21, 5, 15, 16, 2, 27, 29][6, 13, 18, 22, 12][0, 26, 8, 19, 17][3, 23][8, 26][16, 28][8, 26][8, 26][8, 26][8, 26][8, 26] 
[3, 4, 24, 1, 9, 14, 20, 7, 10, 16, 28, 25, 11, 17][6, 21, 5, 15, 16, 2, 27, 29][6, 13, 18, 22, 12][0, 26, 8, 19, 17][3, 23][8, 26][16, 28][8, 26][8, 26][8, 26][8, 26][8, 26] 
[3, 4, 24, 1, 9, 14, 20, 7, 10, 16, 28, 25, 11, 17][6, 21, 5, 15, 16, 2, 27, 29][6, 13, 18, 22, 12][0, 26, 8, 19, 17][3, 23][8, 26][16, 28][8, 26][8, 26][8, 26][8, 26][8, 26] 
[9, 1, 24, 4, 3, 23][11, 25, 7, 20, 14][6, 13, 18, 22, 12][5, 21, 2, 29][0, 19, 8, 26][27, 16, 28][2, 10, 15][0, 22, 17][10, 27][7, 16][17, 28][7, 24] 
[9, 1, 24, 4, 3, 23][6, 13, 18, 22, 12][11, 25, 7, 20, 14][5, 21, 2, 29][0, 19, 8, 26][27, 16, 28][2, 10, 15][0, 22, 17][10, 27][17, 28][7, 16][7, 24] 
[9, 1, 24, 4, 3, 23][6, 13, 18, 22, 12][11, 25, 7, 20, 14][0, 19, 8, 26][5, 21, 2, 29][0, 22, 17][27, 16, 28][2, 10, 15][17, 28][10, 27][7, 16][7, 24] 
[9, 1, 24, 4, 3, 23][6, 13, 18, 22, 12][11, 25, 7, 20, 14][0, 19, 8, 26][5, 21, 2, 29][0, 22, 17][27, 16, 28][2, 10, 15][17, 28][10, 27][7, 16][7, 24] 
[9, 1, 24, 4, 3, 23][6, 13, 18, 22, 12][11, 25, 7, 20, 14][0, 19, 8, 26][5, 21, 2, 29][0, 22, 17][27, 16, 28][2, 10, 15][17, 28][10, 27][7, 16][7, 24] 
[9, 1, 24, 4, 3, 23][6, 13, 18, 22, 12][11, 25, 7, 20, 14][0, 19, 8, 26][5, 21, 2, 29][0, 22, 17][27, 16, 28][2, 10, 15][17, 28][10, 27][7, 16][7, 24] 
[9, 1, 24, 4, 3, 23][11, 25, 7, 20, 14][6, 13, 18, 22, 12][5, 21, 2, 29][0, 19, 8, 26][27, 16, 28][2, 10, 15][0, 22, 17][7, 24][7, 16][10, 27][17, 28] 
[9, 1, 24, 4, 3, 23][6, 13, 18, 22, 12][11, 25, 7, 20, 14][5, 21, 2, 29][0, 19, 8, 26][2, 10, 15][27, 16, 28][0, 22, 17][10, 27][17, 28][7, 16][7, 24] 
[9, 1, 24, 4, 3, 23][6, 13, 18, 22, 12][11, 25, 7, 20, 14][0, 19, 8, 26][5, 21, 2, 29][0, 22, 17][27, 16, 28][2, 10, 15][17, 28][10, 27][7, 16][7, 24] 
[9, 1, 24, 4, 3, 23][11, 25, 7, 20, 14][6, 13, 18, 22, 12][5, 21, 2, 29][0, 19, 8, 26][27, 16, 28][2, 10, 15][0, 22, 17][7, 24][7, 16][10, 27][17, 28] 
[9, 1, 24, 4, 3, 23][6, 13, 18, 22, 12][11, 25, 7, 20, 14][0, 19, 8, 26][5, 21, 2, 29][0, 22, 17][27, 16, 28][2, 10, 15][17, 28][10, 27][7, 16][7, 24] 
[9, 1, 24, 4, 3, 23][11, 25, 7, 20, 14][6, 13, 18, 22, 12][5, 21, 2, 29][0, 19, 8, 26][27, 16, 28][2, 10, 15][0, 22, 17][7, 16][7, 24][10, 27][17, 28] 
[9, 1, 24, 4, 3, 23][11, 25, 7, 20, 14][6, 13, 18, 22, 12][5, 21, 2, 29][0, 19, 8, 26][2, 10, 15][27, 16, 28][0, 22, 17][10, 27][7, 16][17, 28][7, 24] 
[9, 1, 24, 4, 3, 23][11, 25, 7, 20, 14][6, 13, 18, 22, 12][5, 21, 2, 29][0, 19, 8, 26][27, 16, 28][2, 10, 15][0, 22, 17][7, 24][7, 16][10, 27][17, 28] 
[9, 1, 24, 4, 3, 23][11, 25, 7, 20, 14][6, 13, 18, 22, 12][5, 21, 2, 29][0, 19, 8, 26][27, 16, 28][2, 10, 15][0, 22, 17][7, 16][7, 24][10, 27][17, 28] 
[9, 1, 24, 4, 3, 23][11, 25, 7, 20, 14][21, 5, 15, 2, 29][6, 13, 18, 22, 12][17, 19, 8, 26][27, 16, 28][0, 22, 17][7, 24][7, 16][10, 27][2, 10][17, 28] 
[9, 1, 24, 4, 3, 23][6, 13, 18, 22, 12][11, 25, 7, 20, 14][21, 5, 15, 2, 29][17, 19, 8, 26][0, 22, 17][27, 16, 28][17, 28][10, 27][7, 16][2, 10][7, 24] 
[9, 1, 24, 4, 3, 23][11, 25, 7, 20, 14][21, 5, 15, 2, 29][6, 13, 18, 22, 12][17, 19, 8, 26][27, 16, 28][0, 22, 17][7, 24][7, 16][10, 27][2, 10][17, 28] 
[9, 1, 24, 4, 3, 23][6, 13, 18, 22, 12][11, 25, 7, 20, 14][21, 5, 15, 2, 29][17, 19, 8, 26][27, 16, 28][0, 22, 17][17, 28][7, 16][7, 24][10, 27][2, 10] 
[9, 1, 24, 4, 3, 23][6, 13, 18, 22, 12][11, 25, 7, 20, 14][21, 5, 15, 2, 29][17, 19, 8, 26][27, 16, 28][0, 22, 17][17, 28][7, 16][7, 24][10, 27][2, 10] 
[9, 1, 24, 4, 3, 23][11, 25, 7, 20, 14][26, 8, 19, 17, 28][6, 13, 18, 22, 12][21, 5, 15, 2, 29][0, 22, 17][7, 24][7, 16][10, 16][16, 28][10, 27][2, 10] 
[9, 1, 24, 4, 3, 23][6, 13, 18, 22, 12][11, 25, 7, 20, 14][5, 21, 2, 29][0, 19, 8, 26][27, 16, 28][2, 10, 15][0, 22, 17][10, 27][17, 28][7, 16][7, 24] 
[9, 1, 24, 4, 3, 23][6, 13, 18, 22, 12][11, 25, 7, 20, 14][5, 21, 2, 29][0, 19, 8, 26][2, 10, 15][27, 16, 28][0, 22, 17][10, 27][17, 28][7, 16][7, 24] 
[9, 1, 24, 4, 3, 23][6, 13, 18, 22, 12][11, 25, 7, 20, 14][5, 21, 2, 29][0, 19, 8, 26][2, 10, 15][27, 16, 28][0, 22, 17][10, 27][17, 28][7, 16][7, 24] 
[9, 1, 24, 4, 3, 23][6, 13, 18, 22, 12][11, 25, 7, 20, 14][5, 21, 2, 29][0, 19, 8, 26][2, 10, 15][27, 16, 28][0, 22, 17][10, 27][17, 28][7, 16][7, 24] 
[9, 1, 24, 4, 3, 23][6, 13, 18, 22, 12][11, 25, 7, 20, 14][5, 21, 2, 29][0, 19, 8, 26][2, 10, 15][27, 16, 28][0, 22, 17][10, 27][17, 28][7, 16][7, 24] 
[9, 1, 24, 4, 3, 23][21, 5, 15, 2, 29][6, 13, 18, 22, 12][11, 25, 7, 20, 14][0, 19, 8, 26][27, 16, 28][0, 22, 17][2, 10][10, 27][17, 28][7, 16][7, 24] 
[9, 1, 24, 4, 3, 23][11, 25, 7, 20, 14][6, 13, 18, 22, 12][5, 21, 2, 29][0, 19, 8, 26][2, 10, 15][27, 16, 28][0, 22, 17][10, 27][7, 16][17, 28][7, 24] 
[9, 1, 24, 4, 3, 23][6, 13, 18, 22, 12][11, 25, 7, 20, 14][21, 5, 15, 2, 29][17, 19, 8, 26][0, 22, 17][27, 16, 28][17, 28][7, 16][7, 24][10, 27][2, 10] 
[9, 1, 24, 4, 3, 23][6, 13, 18, 22, 12][11, 25, 7, 20, 14][21, 5, 15, 2, 29][17, 19, 8, 26][0, 22, 17][27, 16, 28][17, 28][7, 16][10, 27][2, 10][7, 24] 
[9, 1, 24, 4, 3, 23][21, 5, 15, 2, 29][6, 13, 18, 22, 12][11, 25, 7, 20, 14][17, 19, 8, 26][27, 16, 28][0, 22, 17][2, 10][10, 27][17, 28][7, 16][7, 24] 
[9, 1, 24, 4, 3, 23][11, 25, 7, 20, 14][6, 13, 18, 22, 12][21, 5, 15, 2, 29][17, 19, 8, 26][27, 16, 28][0, 22, 17][7, 24][7, 16][17, 28][10, 27][2, 10] 
[9, 1, 24, 4, 3, 23][6, 13, 18, 22, 12][11, 25, 7, 20, 14][21, 5, 15, 2, 29][17, 19, 8, 26][0, 22, 17][27, 16, 28][17, 28][7, 16][10, 27][2, 10][7, 24] 
[9, 1, 24, 4, 3, 23][6, 13, 18, 22, 12][21, 5, 15, 2, 29][11, 25, 7, 20, 14][17, 19, 8, 26][0, 22, 17][27, 16, 28][17, 28][2, 10][7, 16][7, 24][10, 27] 
[9, 1, 24, 4, 3, 23][6, 13, 18, 22, 12][11, 25, 7, 20, 14][21, 5, 15, 2, 29][17, 19, 8, 26][27, 16, 28][0, 22, 17][17, 28][7, 16][7, 24][10, 27][2, 10] 
[9, 1, 24, 4, 3, 23][21, 5, 15, 2, 29][6, 13, 18, 22, 12][11, 25, 7, 20, 14][17, 19, 8, 26][27, 16, 28][0, 22, 17][2, 10][10, 27][17, 28][7, 16][7, 24] 
[9, 1, 24, 4, 3, 23][6, 13, 18, 22, 12][21, 5, 15, 2, 29][11, 25, 7, 20, 14][17, 19, 8, 26][0, 22, 17][27, 16, 28][17, 28][10, 27][2, 10][7, 16][7, 24] 
[9, 1, 24, 4, 3, 23][6, 13, 18, 22, 12][21, 5, 15, 2, 29][11, 25, 7, 20, 14][17, 19, 8, 26][0, 22, 17][27, 16, 28][17, 28][10, 27][2, 10][7, 16][7, 24] 
[9, 1, 24, 4, 3, 23][11, 25, 7, 20, 14][6, 13, 18, 22, 12][21, 5, 15, 2, 29][17, 19, 8, 26][27, 16, 28][0, 22, 17][7, 24][7, 16][17, 28][10, 27][2, 10] 
[9, 1, 24, 4, 3, 23][6, 13, 18, 22, 12][21, 5, 15, 2, 29][11, 25, 7, 20, 14][17, 19, 8, 26][0, 22, 17][27, 16, 28][17, 28][2, 10][7, 16][7, 24][10, 27] 
[9, 1, 24, 4, 3, 23][6, 13, 18, 22, 12][11, 25, 7, 20, 14][21, 5, 15, 2, 29][17, 19, 8, 26][27, 16, 28][0, 22, 17][17, 28][7, 16][7, 24][10, 27][2, 10] 
[9, 1, 24, 4, 3, 23][6, 13, 18, 22, 12][11, 25, 7, 20, 14][21, 5, 15, 2, 29][17, 19, 8, 26][27, 16, 28][0, 22, 17][17, 28][7, 16][7, 24][10, 27][2, 10] 
[9, 1, 24, 4, 3, 23][21, 5, 15, 2, 29][6, 13, 18, 22, 12][11, 25, 7, 20, 14][17, 19, 8, 26][27, 16, 28][0, 22, 17][10, 27][2, 10][17, 28][7, 16][7, 24] 
[9, 1, 24, 4, 3, 23][21, 5, 15, 2, 29, 27][11, 25, 7, 20, 14][26, 8, 19, 17, 28][6, 13, 18, 22, 12][0, 22, 17][7, 24][7, 16][10, 16][10, 27][16, 28][8, 26] 
[9, 1, 24, 4, 3, 23][21, 5, 15, 2, 29, 27][11, 25, 7, 20, 14][26, 8, 19, 17, 28][6, 13, 18, 22, 12][0, 22, 17][7, 24][7, 16][10, 16][10, 27][16, 28][8, 26] 
[9, 1, 24, 4, 3, 23][21, 5, 15, 2, 29, 27][11, 25, 7, 20, 14][26, 8, 19, 17, 28][6, 13, 18, 22, 12][0, 22, 17][7, 24][7, 16][10, 16][10, 27][16, 28][8, 26] 
[9, 1, 24, 4, 3, 23][21, 5, 15, 2, 29, 27][11, 25, 7, 20, 14][26, 8, 19, 17, 28][6, 13, 18, 22, 12][0, 22, 17][7, 24][7, 16][10, 16][10, 27][16, 28][8, 26] 
[9, 1, 24, 4, 3, 23][21, 5, 15, 2, 29, 27][11, 25, 7, 20, 14][26, 8, 19, 17, 28][6, 13, 18, 22, 12][0, 22, 17][7, 24][7, 16][10, 16][10, 27][16, 28][8, 26] 
[9, 1, 24, 4, 3, 23][21, 5, 15, 2, 29, 27][11, 25, 7, 20, 14][26, 8, 19, 17, 28][6, 13, 18, 22, 12][0, 22, 17][7, 24][7, 16][10, 16][10, 27][16, 28][8, 26] 
[9, 1, 24, 4, 3, 23][11, 25, 7, 20, 14][6, 13, 18, 22, 12][0, 19, 8, 26][5, 21, 15, 29][27, 16, 28][2, 10, 15][0, 22, 17][10, 27][7, 16][17, 28][7, 24] 
[9, 1, 24, 4, 3, 23][11, 25, 7, 20, 14][6, 13, 18, 22, 12][0, 19, 8, 26][5, 21, 15, 29][27, 16, 28][0, 22, 17][2, 10, 15][7, 16][17, 28][7, 24][10, 27] 
[9, 1, 24, 4, 3, 23][6, 13, 18, 22, 12][11, 25, 7, 20, 14][0, 19, 8, 26][5, 21, 15, 29][0, 22, 17][27, 16, 28][2, 10, 15][17, 28][10, 27][7, 16][7, 24] 
[9, 1, 24, 4, 3, 23][11, 25, 7, 20, 14][6, 13, 18, 22, 12][0, 19, 8, 26][5, 21, 15, 29][27, 16, 28][0, 22, 17][2, 10, 15][7, 16][17, 28][7, 24][10, 27] 
[9, 1, 24, 4, 3, 23][11, 25, 7, 20, 14][6, 13, 18, 22, 12][0, 19, 8, 26][5, 21, 15, 29][27, 16, 28][0, 22, 17][2, 10, 15][7, 24][7, 16][17, 28][10, 27] 
[9, 1, 24, 4, 3, 23][11, 25, 7, 20, 14][6, 13, 18, 22, 12][21, 5, 15, 2, 29][17, 19, 8, 26][27, 16, 28][0, 22, 17][7, 24][7, 16][17, 28][10, 27][2, 10] 
[9, 1, 24, 4, 3, 23][11, 25, 7, 20, 14][6, 13, 18, 22, 12][0, 19, 8, 26][5, 21, 15, 29][27, 16, 28][2, 10, 15][0, 22, 17][10, 27][7, 16][17, 28][7, 24] 
