[11, 25, 0, 22, 18, 13][4, 24, 20, 23, 3, 9][17, 28, 16, 27][12, 19, 8, 26][15, 6, 5, 21][1, 14, 7, 10][2, 29, 15][25, 28][12, 17][27, 29][10, 21][14, 23] 
[11, 25, 0, 22, 18, 13][4, 24, 20, 23, 3, 9][17, 28, 16, 27][15, 6, 5, 21][1, 14, 7, 10][12, 19, 8, 26][2, 29, 15][25, 28][27, 29][10, 21][14, 23][12, 17] 
[4, 24, 20, 23, 3, 9][11, 25, 0, 22, 18, 13][15, 6, 5, 21][1, 14, 7, 10][17, 28, 16, 27][12, 19, 8, 26][2, 29, 15][10, 21][14, 23][27, 29][12, 17][25, 28] 
[11, 25, 0, 22, 18, 13][4, 24, 20, 23, 3, 9][15, 6, 5, 21][1, 14, 7, 10][17, 28, 16, 27][12, 19, 8, 26][2, 29, 15][10, 21][27, 29][25, 28][14, 23][12, 17] 
[4, 24, 20, 23, 3, 9][11, 25, 0, 22, 18, 13][12, 19, 8, 26][17, 28, 16, 27][2, 29, 15, 6][1, 14, 7, 10][6, 5, 21][12, 17][27, 29][10, 21][14, 23][25, 28] 
[4, 24, 20, 23, 3, 9][11, 25, 0, 22, 18, 13][12, 19, 8, 26][17, 28, 16, 27][2, 29, 15, 6][1, 14, 7, 10][6, 5, 21][12, 17][27, 29][10, 21][14, 23][25, 28] 
[11, 25, 0, 22, 18, 13][4, 24, 20, 23, 3, 9][1, 14, 7, 10][15, 6, 5, 21][17, 28, 16, 27][12, 19, 8, 26][2, 29, 15][10, 21][27, 29][12, 17][25, 28][14, 23] 
[11, 25, 0, 22, 18, 13][4, 24, 20, 23, 3, 9][17, 28, 16, 27][2, 29, 15, 6][12, 19, 8, 26][1, 14, 7, 10][6, 5, 21][25, 28][27, 29][12, 17][10, 21][14, 23] 
[11, 25, 0, 22, 18, 13][4, 24, 20, 23, 3, 9][17, 28, 16, 27][2, 29, 15, 6][12, 19, 8, 26][1, 14, 7, 10][6, 5, 21][25, 28][27, 29][12, 17][10, 21][14, 23] 
[11, 25, 0, 22, 18, 13][4, 24, 20, 23, 3, 9][17, 28, 16, 27][2, 29, 15, 6][12, 19, 8, 26][1, 14, 7, 10][6, 5, 21][25, 28][27, 29][12, 17][10, 21][14, 23] 
[4, 24, 20, 23, 3, 9][11, 25, 0, 22, 18, 13][17, 28, 16, 27][15, 6, 5, 21][12, 19, 8, 26][1, 14, 7, 10][2, 29, 15][27, 29][12, 17][10, 21][14, 23][25, 28] 
[11, 25, 0, 22, 18, 13][4, 24, 20, 23, 3, 9][15, 6, 5, 21][17, 28, 16, 27][12, 19, 8, 26][1, 14, 7, 10][2, 29, 15][27, 29][25, 28][12, 17][10, 21][14, 23] 
[11, 25, 0, 22, 18, 13][4, 24, 20, 23, 3, 9][15, 6, 5, 21][1, 14, 7, 10][17, 28, 16, 27][12, 19, 8, 26][2, 29, 15][10, 21][27, 29][25, 28][14, 23][12, 17] 
[11, 25, 0, 22, 18, 13][4, 24, 20, 23, 3, 9][12, 19, 8, 26][17, 28, 16, 27][2, 29, 15, 6][1, 14, 7, 10][6, 5, 21][12, 17][27, 29][10, 21][25, 28][14, 23] 
[11, 25, 0, 22, 18, 13][4, 24, 20, 23, 3, 9][12, 19, 8, 26][17, 28, 16, 27][2, 29, 15, 6][1, 14, 7, 10][6, 5, 21][12, 17][27, 29][10, 21][25, 28][14, 23] 
[11, 25, 0, 22, 18, 13][4, 24, 20, 23, 3, 9][17, 28, 16, 27][2, 29, 15, 6][12, 19, 8, 26][1, 14, 7, 10][6, 5, 21][25, 28][27, 29][12, 17][10, 21][14, 23] 
[4, 24, 20, 23, 3, 9][11, 25, 0, 22, 18, 13][12, 19, 8, 26][17, 28, 16, 27][15, 6, 5, 21][1, 14, 7, 10][2, 29, 15][12, 17][27, 29][10, 21][14, 23][25, 28] 
[11, 25, 0, 22, 18, 13][4, 24, 20, 23, 3, 9][12, 19, 8, 26][17, 28, 16, 27][15, 6, 5, 21][1, 14, 7, 10][2, 29, 15][12, 17][25, 28][27, 29][10, 21][14, 23] 
[11, 25, 0, 22, 18, 13][4, 24, 20, 23, 3, 9][2, 29, 15, 6][1, 14, 7, 10][17, 28, 16, 27][12, 19, 8, 26][6, 5, 21][10, 21][27, 29][25, 28][12, 17][14, 23] 
[4, 24, 20, 23, 3, 9][11, 25, 0, 22, 18, 13][1, 14, 7, 10][15, 6, 5, 21][17, 28, 16, 27][12, 19, 8, 26][2, 29, 15][14, 23][10, 21][27, 29][12, 17][25, 28] 
[11, 25, 0, 22, 18, 13][4, 24, 20, 23, 3, 9][1, 14, 7, 10][15, 6, 5, 21][17, 28, 16, 27][12, 19, 8, 26][2, 29, 15][10, 21][27, 29][12, 17][25, 28][14, 23] 
[4, 24, 20, 23, 3, 9][11, 25, 0, 22, 18, 13][17, 28, 16, 27][15, 6, 5, 21][12, 19, 8, 26][1, 14, 7, 10][2, 29, 15][27, 29][12, 17][10, 21][14, 23][25, 28] 
[4, 24, 20, 23, 3, 9][11, 25, 0, 22, 18, 13][1, 14, 7, 10][15, 6, 5, 21][17, 28, 16, 27][12, 19, 8, 26][2, 29, 15][14, 23][10, 21][27, 29][12, 17][25, 28] 
[11, 25, 0, 22, 18, 13][4, 24, 20, 23, 3, 9][17, 28, 16, 27][2, 29, 15, 6][12, 19, 8, 26][1, 14, 7, 10][6, 5, 21][25, 28][27, 29][12, 17][10, 21][14, 23] 
[11, 25, 0, 22, 18, 13][4, 24, 20, 23, 3, 9][2, 29, 15, 6][1, 14, 7, 10][17, 28, 16, 27][12, 19, 8, 26][6, 5, 21][10, 21][27, 29][25, 28][12, 17][14, 23] 
[11, 25, 0, 22, 18, 13][4, 24, 20, 23, 3, 9][17, 28, 16, 27][2, 29, 15, 6][12, 19, 8, 26][1, 14, 7, 10][6, 5, 21][25, 28][27, 29][12, 17][10, 21][14, 23] 
[11, 25, 0, 22, 18, 13][4, 24, 20, 23, 3, 9][17, 28, 16, 27][15, 6, 5, 21][12, 19, 8, 26][1, 14, 7, 10][2, 29, 15][27, 29][25, 28][12, 17][10, 21][14, 23] 
[11, 25, 0, 22, 18, 13][4, 24, 20, 23, 3, 9][15, 6, 5, 21][17, 28, 16, 27][12, 19, 8, 26][1, 14, 7, 10][2, 29, 15][27, 29][25, 28][12, 17][10, 21][14, 23] 
[4, 24, 20, 23, 3, 9][11, 25, 0, 22, 18, 13][1, 14, 7, 10][2, 29, 15, 6][17, 28, 16, 27][12, 19, 8, 26][6, 5, 21][14, 23][10, 21][27, 29][12, 17][25, 28] 
[11, 25, 0, 22, 18, 13][4, 24, 20, 23, 3, 9][17, 28, 16, 27][12, 19, 8, 26][15, 6, 5, 21][1, 14, 7, 10][2, 29, 15][25, 28][12, 17][27, 29][10, 21][14, 23] 
[11, 25, 0, 22, 18, 13][4, 24, 20, 23, 3, 9][12, 19, 8, 26][17, 28, 16, 27][15, 6, 5, 21][1, 14, 7, 10][2, 29, 15][12, 17][25, 28][27, 29][10, 21][14, 23] 
[11, 25, 0, 22, 18, 13][4, 24, 20, 23, 3, 9][17, 28, 16, 27][15, 6, 5, 21][12, 19, 8, 26][1, 14, 7, 10][2, 29, 15][27, 29][25, 28][12, 17][10, 21][14, 23] 
[4, 24, 20, 23, 3, 9][11, 25, 0, 22, 18, 13][1, 14, 7, 10][2, 29, 15, 6][17, 28, 16, 27][12, 19, 8, 26][6, 5, 21][14, 23][10, 21][27, 29][12, 17][25, 28] 
[11, 25, 0, 22, 18, 13][4, 24, 20, 23, 3, 9][15, 6, 5, 21][17, 28, 16, 27][12, 19, 8, 26][1, 14, 7, 10][2, 29, 15][27, 29][25, 28][12, 17][10, 21][14, 23] 
[11, 25, 0, 22, 18, 13][4, 24, 20, 23, 3, 9][17, 28, 16, 27][15, 6, 5, 21][1, 14, 7, 10][12, 19, 8, 26][2, 29, 15][25, 28][27, 29][10, 21][14, 23][12, 17] 
[5, 6, 21, 10, 29, 15, 2, 16, 7, 4, 23, 9, 3, 24][6, 13, 18, 12, 17, 19, 22, 0, 26, 8][20, 14, 11, 25, 7, 28][10, 21][2, 27][1, 14][13, 18][13, 18][12, 17][11, 25][7, 25][10, 21] 
[5, 6, 21, 10, 29, 15, 2, 16, 7, 4, 23, 9, 3, 24][6, 13, 18, 12, 17, 19, 22, 0, 26, 8][20, 14, 11, 25, 7, 28][10, 21][2, 27][1, 14][13, 18][13, 18][12, 17][11, 25][7, 25][10, 21] 
[5, 6, 21, 10, 29, 15, 2, 16, 7, 4, 23, 9, 3, 24][6, 13, 18, 12, 17, 19, 22, 0, 26, 8][20, 14, 11, 25, 7, 28][10, 21][2, 27][1, 14][13, 18][13, 18][12, 17][11, 25][7, 25][10, 21] 
[6, 13, 18, 12, 17, 19, 22, 0, 26, 8][9, 23, 4, 7, 16, 6, 2, 27, 15, 29][5, 21, 10, 7, 4, 23, 24][20, 14, 11, 25, 7, 28][10, 21][1, 3][10, 21][12, 17][12, 17][10, 21][1, 14][10, 21] 
[6, 13, 18, 12, 17, 19, 22, 0, 26, 8][9, 23, 4, 7, 16, 6, 2, 27, 15, 29][5, 21, 10, 7, 4, 23, 24][20, 14, 11, 25, 7, 28][10, 21][1, 3][10, 21][12, 17][12, 17][10, 21][1, 14][10, 21] 
[3, 9, 23, 4, 7, 16, 2, 15, 29, 10, 21, 6, 5][8, 26, 0, 22, 19, 17, 12, 18, 13][20, 14, 11, 25, 7, 28][10, 21][17, 28][1, 14][12, 17][3, 24][12, 17][10, 21][16, 27][10, 21] 
[5, 15, 29, 27, 2, 6, 13, 18, 12, 17, 19, 22, 0, 26, 8][5, 6, 21, 10, 29, 15, 2, 16, 7, 4, 23, 9, 3, 24][20, 14, 11, 25, 7, 28][20, 14, 11, 25][1, 14][2, 27][10, 21][12, 17][8, 26][10, 21][10, 21][10, 21] 
[5, 15, 29, 27, 2, 6, 13, 18, 12, 17, 19, 22, 0, 26, 8][5, 6, 21, 10, 29, 15, 2, 16, 7, 4, 23, 9, 3, 24][20, 14, 11, 25, 7, 28][20, 14, 11, 25][1, 14][2, 27][10, 21][12, 17][8, 26][10, 21][10, 21][10, 21] 
[6, 13, 18, 12, 17, 19, 22, 0, 26, 8][9, 23, 4, 7, 16, 6, 2, 27, 15, 29][5, 21, 10, 7, 4, 23, 24][20, 14, 11, 25, 7, 28][10, 21][1, 3][10, 21][12, 17][12, 17][10, 21][1, 14][10, 21] 
[5, 6, 21, 10, 29, 15, 2, 16, 7, 4, 23, 9, 3, 24][6, 13, 18, 12, 17, 19, 22, 0, 26, 8][20, 14, 11, 25, 7, 28][10, 21][2, 27][1, 14][13, 18][13, 18][12, 17][11, 25][7, 25][10, 21] 
[5, 6, 21, 10, 29, 15, 2, 16, 7, 4, 23, 9, 3, 24][6, 13, 18, 12, 17, 19, 22, 0, 26, 8][20, 14, 11, 25, 7, 28][20, 14, 11, 25][1, 14][2, 27][10, 21][12, 17][8, 26][10, 21][10, 21][10, 21] 
[5, 6, 21, 10, 29, 15, 2, 16, 7, 4, 23, 9, 3, 24][6, 13, 18, 12, 17, 19, 22, 0, 26, 8][20, 14, 11, 25, 7, 28][4, 23, 9, 3, 24][1, 14][3, 24][2, 27][10, 21][10, 21][10, 21][13, 18][10, 21] 
[6, 13, 18, 12, 17, 19, 22, 0, 26, 8][9, 23, 4, 7, 16, 6, 2, 27, 15, 29][5, 21, 10, 7, 4, 23, 24][20, 14, 11, 25, 7, 28][10, 21][1, 3][10, 21][12, 17][12, 17][10, 21][1, 14][10, 21] 
[2, 21, 5, 15, 10, 6, 13, 18, 12, 17, 19, 22, 0, 26, 8][5, 6, 21, 10, 29, 15, 2, 16, 7, 4, 23, 9, 3, 24][20, 14, 11, 25, 7, 28][11, 14, 20][11, 25][2, 27][1, 14][10, 21][10, 21][10, 21][10, 21][12, 17] 
[5, 6, 21, 10, 29, 15, 2, 16, 7, 4, 23, 9, 3, 24][6, 13, 18, 12, 17, 19, 22, 0, 26, 8][20, 14, 11, 25, 7, 28][4, 23, 9, 3, 24][1, 14][3, 24][2, 27][10, 21][10, 21][10, 21][13, 18][10, 21] 
[5, 6, 21, 10, 29, 15, 2, 16, 7, 4, 23, 9, 3, 24][6, 13, 18, 12, 17, 19, 22, 0, 26, 8][20, 14, 11, 25, 7, 28][10, 21][2, 27][1, 14][13, 18][13, 18][12, 17][11, 25][7, 25][10, 21] 
[5, 6, 21, 10, 29, 15, 2, 16, 7, 4, 23, 9, 3, 24][6, 13, 18, 12, 17, 19, 22, 0, 26, 8][20, 14, 11, 25, 7, 28, 16, 2, 27][1, 14][12, 17][16, 28][12, 17][16, 28][3, 24][3, 9][3, 9][10, 21] 
[5, 6, 21, 10, 29, 15, 2, 16, 7, 4, 23, 9, 3, 24][6, 13, 18, 12, 17, 19, 22, 0, 26, 8][20, 14, 11, 25, 7, 28][10, 21][2, 27][1, 14][13, 18][13, 18][12, 17][11, 25][7, 25][10, 21] 
[5, 6, 21, 10, 29, 15, 2, 16, 7, 4, 23, 9, 3, 24][6, 13, 18, 12, 17, 19, 22, 0, 26, 8][20, 14, 11, 25, 7, 28][11, 14, 20][11, 25][2, 27][1, 14][10, 21][10, 21][10, 21][10, 21][12, 17] 
[2, 21, 5, 15, 10, 6, 13, 18, 12, 17, 19, 22, 0, 26, 8][5, 6, 21, 10, 29, 15, 2, 16, 7, 4, 23, 9, 3, 24][20, 14, 11, 25, 7, 28][11, 14, 20][11, 25][2, 27][1, 14][10, 21][10, 21][10, 21][10, 21][12, 17] 
[5, 6, 21, 10, 29, 15, 2, 16, 7, 4, 23, 9, 3, 24][6, 13, 18, 12, 17, 19, 22, 0, 26, 8][20, 14, 11, 25, 7, 28][10, 21][2, 27][1, 14][13, 18][13, 18][12, 17][11, 25][7, 25][10, 21] 
[11, 25, 0, 22, 18, 13][4, 24, 20, 23, 3, 9][2, 21, 5, 6, 15][12, 19, 8, 26][17, 28, 16, 27][1, 14, 7, 10][2, 29, 15][12, 17][27, 29][25, 28][10, 21][14, 23] 
[4, 24, 20, 23, 3, 9][11, 25, 0, 22, 18, 13][2, 21, 5, 6, 15][1, 14, 7, 10][17, 28, 16, 27][12, 19, 8, 26][2, 29, 15][14, 23][10, 21][27, 29][25, 28][12, 17] 
[4, 24, 20, 23, 3, 9][11, 25, 0, 22, 18, 13][2, 21, 5, 6, 15][1, 14, 7, 10][17, 28, 16, 27][12, 19, 8, 26][2, 29, 15][14, 23][10, 21][27, 29][25, 28][12, 17] 
[11, 25, 0, 22, 18, 13][4, 24, 20, 23, 3, 9][2, 21, 5, 6, 15][12, 19, 8, 26][17, 28, 16, 27][1, 14, 7, 10][2, 29, 15][12, 17][27, 29][25, 28][10, 21][14, 23] 
[11, 25, 0, 22, 18, 13][4, 24, 20, 23, 3, 9][2, 21, 5, 6, 15][17, 28, 16, 27][2, 29, 15, 6][12, 19, 8, 26][1, 14, 7, 10][27, 29][12, 17][25, 28][10, 21][14, 23] 
[4, 24, 20, 23, 3, 9][11, 25, 0, 22, 18, 13][2, 21, 5, 6, 15][1, 14, 7, 10][17, 28, 16, 27][12, 19, 8, 26][2, 29, 15][10, 21][14, 23][27, 29][12, 17][25, 28] 
[11, 25, 0, 22, 18, 13][4, 24, 20, 23, 3, 9][2, 21, 5, 6, 15][12, 19, 8, 26][17, 28, 16, 27][1, 14, 7, 10][2, 29, 15][12, 17][25, 28][27, 29][10, 21][14, 23] 
[4, 24, 20, 23, 3, 9][11, 25, 0, 22, 18, 13][2, 21, 5, 6, 15][1, 14, 7, 10][17, 28, 16, 27][12, 19, 8, 26][2, 29, 15][14, 23][10, 21][27, 29][25, 28][12, 17] 
[4, 24, 20, 23, 3, 9][11, 25, 0, 22, 18, 13][2, 21, 5, 6, 15][1, 14, 7, 10][17, 28, 16, 27][12, 19, 8, 26][2, 29, 15][10, 21][14, 23][27, 29][12, 17][25, 28] 
[11, 25, 0, 22, 18, 13][4, 24, 20, 23, 3, 9][2, 21, 5, 6, 15][12, 19, 8, 26][17, 28, 16, 27][1, 14, 7, 10][2, 29, 15][12, 17][27, 29][25, 28][10, 21][14, 23] 
[4, 24, 20, 23, 3, 9][11, 25, 0, 22, 18, 13][2, 21, 5, 6, 15][1, 14, 7, 10][17, 28, 16, 27][12, 19, 8, 26][2, 29, 15][14, 23][10, 21][27, 29][25, 28][12, 17] 
[11, 25, 0, 22, 18, 13][4, 24, 20, 23, 3, 9][2, 21, 5, 6, 15][12, 19, 8, 26][17, 28, 16, 27][1, 14, 7, 10][2, 29, 15][12, 17][25, 28][27, 29][10, 21][14, 23] 
[4, 24, 20, 23, 3, 9][11, 25, 0, 22, 18, 13][2, 21, 5, 6, 15][1, 14, 7, 10][17, 28, 16, 27][12, 19, 8, 26][2, 29, 15][14, 23][10, 21][27, 29][25, 28][12, 17] 
[4, 24, 20, 23, 3, 9][11, 25, 0, 22, 18, 13][2, 21, 5, 6, 15][1, 14, 7, 10][17, 28, 16, 27][12, 19, 8, 26][2, 29, 15][14, 23][10, 21][27, 29][25, 28][12, 17] 
[4, 24, 20, 23, 3, 9][11, 25, 0, 22, 18, 13][2, 21, 5, 6, 15][17, 28, 16, 27][12, 19, 8, 26][1, 14, 7, 10][2, 29, 15][27, 29][12, 17][10, 21][14, 23][25, 28] 
[4, 24, 20, 23, 3, 9][11, 25, 0, 22, 18, 13][15, 6, 5, 21][1, 14, 7, 10][17, 28, 16, 27][12, 19, 8, 26][2, 29, 15][10, 21][14, 23][27, 29][12, 17][25, 28] 
[4, 24, 20, 23, 3, 9][11, 25, 0, 22, 18, 13][15, 6, 5, 21][1, 14, 7, 10][17, 28, 16, 27][12, 19, 8, 26][2, 29, 15][10, 21][14, 23][27, 29][25, 28][12, 17] 
[4, 24, 20, 23, 3, 9][11, 25, 0, 22, 18, 13][15, 6, 5, 21][1, 14, 7, 10][17, 28, 16, 27][12, 19, 8, 26][2, 29, 15][10, 21][14, 23][27, 29][12, 17][25, 28] 
[11, 25, 0, 22, 18, 13][4, 24, 20, 23, 3, 9][17, 28, 16, 27][15, 6, 5, 21][12, 19, 8, 26][1, 14, 7, 10][2, 29, 15][25, 28][27, 29][12, 17][10, 21][14, 23] 
[11, 25, 0, 22, 18, 13][4, 24, 20, 23, 3, 9][17, 28, 16, 27][15, 6, 5, 21][12, 19, 8, 26][1, 14, 7, 10][2, 29, 15][25, 28][27, 29][12, 17][10, 21][14, 23] 
[11, 25, 0, 22, 18, 13][4, 24, 20, 23, 3, 9][12, 17, 19, 8, 26][2, 21, 5, 6, 15][1, 14, 7, 10][16, 28, 17][16, 27][27, 29][2, 29][10, 21][25, 28][3, 14] 
[4, 24, 20, 23, 3, 9][11, 25, 0, 22, 18, 13][2, 21, 5, 6, 15][1, 14, 7, 10][17, 28, 16, 27][12, 19, 8, 26][2, 29, 15][10, 21][14, 23][27, 29][25, 28][12, 17] 
[11, 25, 0, 22, 18, 13][4, 24, 20, 23, 3, 9][2, 21, 5, 6, 15][12, 19, 8, 26][17, 28, 16, 27][1, 14, 7, 10][2, 29, 15][12, 17][27, 29][25, 28][10, 21][14, 23] 
[11, 25, 0, 22, 18, 13][4, 24, 20, 23, 3, 9][2, 21, 5, 6, 15][17, 28, 16, 27][2, 29, 15, 6][12, 19, 8, 26][1, 14, 7, 10][27, 29][12, 17][25, 28][10, 21][14, 23] 
[4, 24, 20, 23, 3, 9][11, 25, 0, 22, 18, 13][2, 21, 5, 6, 15][17, 28, 16, 27][12, 19, 8, 26][1, 14, 7, 10][2, 29, 15][27, 29][12, 17][10, 21][14, 23][25, 28] 
[11, 25, 0, 22, 18, 13][4, 24, 20, 23, 3, 9][2, 21, 5, 6, 15][1, 14, 7, 10][17, 28, 16, 27][12, 19, 8, 26][2, 29, 15][10, 21][27, 29][25, 28][12, 17][14, 23] 
[4, 24, 20, 23, 3, 9][11, 25, 0, 22, 18, 13][1, 14, 7, 10][2, 29, 15, 6][17, 28, 16, 27][12, 19, 8, 26][6, 5, 21][10, 21][14, 23][27, 29][12, 17][25, 28] 
[11, 25, 0, 22, 18, 13][4, 24, 20, 23, 3, 9][2, 21, 5, 6, 15][1, 14, 7, 10][17, 28, 16, 27][12, 19, 8, 26][2, 29, 15][10, 21][27, 29][25, 28][12, 17][14, 23] 
[4, 24, 20, 23, 3, 9][11, 25, 0, 22, 18, 13][17, 28, 16, 27][15, 6, 5, 21][12, 19, 8, 26][1, 14, 7, 10][2, 29, 15][27, 29][12, 17][10, 21][14, 23][25, 28] 
[4, 24, 20, 23, 3, 9][11, 25, 0, 22, 18, 13][15, 6, 5, 21][1, 14, 7, 10][17, 28, 16, 27][12, 19, 8, 26][2, 29, 15][10, 21][14, 23][27, 29][25, 28][12, 17] 
[4, 24, 20, 23, 3, 9][11, 25, 0, 22, 18, 13][15, 6, 5, 21][1, 14, 7, 10][17, 28, 16, 27][12, 19, 8, 26][2, 29, 15][10, 21][14, 23][27, 29][25, 28][12, 17] 
[11, 25, 0, 22, 18, 13][4, 24, 20, 23, 3, 9][17, 28, 16, 27][12, 19, 8, 26][15, 6, 5, 21][1, 14, 7, 10][2, 29, 15][25, 28][12, 17][27, 29][10, 21][14, 23] 
[11, 25, 0, 22, 18, 13][4, 24, 20, 23, 3, 9][17, 28, 16, 27][15, 6, 5, 21][12, 19, 8, 26][1, 14, 7, 10][2, 29, 15][25, 28][27, 29][12, 17][10, 21][14, 23] 
[11, 25, 0, 22, 18, 13][4, 24, 20, 23, 3, 9][15, 6, 5, 21][17, 28, 16, 27][12, 19, 8, 26][1, 14, 7, 10][2, 29, 15][27, 29][25, 28][12, 17][10, 21][14, 23] 
[11, 25, 0, 22, 18, 13][4, 24, 20, 23, 3, 9][17, 28, 16, 27][15, 6, 5, 21][1, 14, 7, 10][12, 19, 8, 26][2, 29, 15][25, 28][27, 29][10, 21][14, 23][12, 17] 
[4, 24, 20, 23, 3, 9][11, 25, 0, 22, 18, 13][15, 6, 5, 21][1, 14, 7, 10][17, 28, 16, 27][12, 19, 8, 26][2, 29, 15][10, 21][14, 23][27, 29][12, 17][25, 28] 
[11, 25, 0, 22, 18, 13][4, 24, 20, 23, 3, 9][15, 6, 5, 21][17, 28, 16, 27][12, 19, 8, 26][1, 14, 7, 10][2, 29, 15][27, 29][25, 28][12, 17][10, 21][14, 23] 
[4, 24, 20, 23, 3, 9][11, 25, 0, 22, 18, 13][12, 19, 8, 26][17, 28, 16, 27][15, 6, 5, 21][1, 14, 7, 10][2, 29, 15][12, 17][27, 29][10, 21][14, 23][25, 28] 
[4, 24, 20, 23, 3, 9][11, 25, 0, 22, 18, 13][17, 28, 16, 27][15, 6, 5, 21][12, 19, 8, 26][1, 14, 7, 10][2, 29, 15][27, 29][12, 17][10, 21][14, 23][25, 28] 
[4, 24, 20, 23, 3, 9][11, 25, 0, 22, 18, 13][15, 6, 5, 21][1, 14, 7, 10][17, 28, 16, 27][12, 19, 8, 26][2, 29, 15][10, 21][14, 23][27, 29][25, 28][12, 17] 
[11, 25, 0, 22, 18, 13][4, 24, 20, 23, 3, 9][12, 19, 8, 26][17, 28, 16, 27][15, 6, 5, 21][1, 14, 7, 10][2, 29, 15][12, 17][25, 28][27, 29][10, 21][14, 23] 
[4, 24, 20, 23, 3, 9][11, 25, 0, 22, 18, 13][1, 14, 7, 10][15, 6, 5, 21][17, 28, 16, 27][12, 19, 8, 26][2, 29, 15][14, 23][10, 21][27, 29][25, 28][12, 17] 
[11, 25, 0, 22, 18, 13][4, 24, 20, 23, 3, 9][17, 28, 16, 27][15, 6, 5, 21][12, 19, 8, 26][1, 14, 7, 10][2, 29, 15][27, 29][25, 28][12, 17][10, 21][14, 23] 
[11, 25, 0, 22, 18, 13][4, 24, 20, 23, 3, 9][17, 28, 16, 27, 29][2, 21, 5, 6, 15][12, 19, 8, 26][1, 14, 7, 10][12, 17][16, 27][25, 28][2, 29][10, 21][3, 14] 
[11, 25, 0, 22, 18, 13][4, 24, 20, 23, 3, 9][17, 28, 16, 27, 29][2, 21, 5, 6, 15][12, 19, 8, 26][1, 14, 7, 10][12, 17][16, 27][25, 28][2, 29][10, 21][3, 14] 
[11, 25, 0, 22, 18, 13][4, 24, 20, 23, 3, 9][17, 28, 16, 27, 29][2, 21, 5, 6, 15][12, 19, 8, 26][1, 14, 7, 10][12, 17][16, 27][25, 28][2, 29][10, 21][3, 14] 
[11, 25, 0, 22, 18, 13][4, 24, 20, 23, 3, 9][17, 28, 16, 27, 29][2, 21, 5, 6, 15][12, 19, 8, 26][1, 14, 7, 10][12, 17][16, 27][25, 28][2, 29][10, 21][3, 14] 
[11, 25, 0, 22, 18, 13][4, 24, 20, 23, 3, 9][17, 28, 16, 27, 29][2, 21, 5, 6, 15][12, 19, 8, 26][1, 14, 7, 10][12, 17][16, 27][25, 28][2, 29][10, 21][3, 14] 
[11, 25, 0, 22, 18, 13][4, 24, 20, 23, 3, 9][12, 17, 19, 8, 26][2, 21, 5, 6, 15][17, 28, 16, 27][1, 14, 7, 10][16, 27][27, 29][2, 29][10, 21][25, 28][3, 14] 
[11, 25, 0, 22, 18, 13][4, 24, 20, 23, 3, 9][2, 21, 5, 6, 15][12, 19, 8, 26][17, 28, 16, 27][1, 14, 7, 10][2, 29, 15][12, 17][27, 29][10, 21][25, 28][14, 23] 
[4, 24, 20, 23, 3, 9][11, 25, 0, 22, 18, 13][2, 21, 5, 6, 15][1, 14, 7, 10][17, 28, 16, 27][12, 19, 8, 26][2, 29, 15][14, 23][10, 21][27, 29][25, 28][12, 17] 
[11, 25, 0, 22, 18, 13][4, 24, 20, 23, 3, 9][2, 21, 5, 6, 15][12, 19, 8, 26][17, 28, 16, 27][1, 14, 7, 10][2, 29, 15][12, 17][25, 28][27, 29][10, 21][14, 23] 
[11, 25, 0, 22, 18, 13][4, 24, 20, 23, 3, 9][2, 21, 5, 6, 15][12, 19, 8, 26][17, 28, 16, 27][1, 14, 7, 10][2, 29, 15][12, 17][25, 28][27, 29][10, 21][14, 23] 
[4, 24, 20, 23, 3, 9][11, 25, 0, 22, 18, 13][2, 21, 5, 6, 15][1, 14, 7, 10][17, 28, 16, 27][12, 19, 8, 26][2, 29, 15][10, 21][14, 23][27, 29][25, 28][12, 17] 
[4, 24, 20, 23, 3, 9][11, 25, 0, 22, 18, 13][15, 6, 5, 21][1, 14, 7, 10][17, 28, 16, 27][12, 19, 8, 26][2, 29, 15][10, 21][14, 23][27, 29][12, 17][25, 28] 
[11, 25, 0, 22, 18, 13][4, 24, 20, 23, 3, 9][2, 21, 5, 6, 15][12, 19, 8, 26][17, 28, 16, 27][1, 14, 7, 10][2, 29, 15][12, 17][27, 29][10, 21][25, 28][14, 23] 
