[9, 23, 14, 24, 4, 20][5, 21, 15, 29, 27][1, 3, 11, 25, 28][17, 19, 12, 8, 26][10, 6, 13, 0, 18][2, 7, 16][7, 14][2, 29][16, 28][22, 25][17, 22][0, 22] 
[9, 23, 14, 24, 4, 20][10, 6, 13, 0, 18][1, 3, 11, 25, 28][17, 19, 12, 8, 26][5, 21, 15, 29, 27][2, 7, 16][0, 22][22, 25][17, 22][16, 28][7, 14][2, 29] 
[9, 23, 14, 24, 4, 20][1, 3, 11, 25, 28][10, 6, 13, 0, 18][17, 19, 12, 8, 26][5, 21, 15, 29, 27][2, 7, 16][22, 25][0, 22][16, 28][17, 22][2, 29][7, 14] 
[9, 23, 14, 24, 4, 20][10, 6, 13, 0, 18][1, 3, 11, 25, 28][17, 19, 12, 8, 26][5, 21, 15, 29, 27][2, 7, 16][0, 22][22, 25][17, 22][16, 28][7, 14][2, 29] 
[9, 23, 14, 24, 4, 20][5, 21, 15, 29, 27][1, 3, 11, 25, 28][10, 6, 13, 0, 18][17, 19, 12, 8, 26][2, 7, 16][2, 29][16, 28][22, 25][0, 22][17, 22][7, 14] 
[9, 23, 14, 24, 4, 20][5, 21, 15, 29, 27][1, 3, 11, 25, 28][10, 6, 13, 0, 18][17, 19, 12, 8, 26][2, 7, 16][2, 29][16, 28][22, 25][0, 22][17, 22][7, 14] 
[9, 23, 14, 24, 4, 20][1, 3, 11, 25, 28][10, 6, 13, 0, 18][17, 19, 12, 8, 26][5, 21, 15, 29, 27][2, 7, 16][22, 25][0, 22][17, 22][16, 28][2, 29][7, 14] 
[9, 23, 14, 24, 4, 20][1, 3, 11, 25, 28][10, 6, 13, 0, 18][17, 19, 12, 8, 26][5, 21, 15, 29, 27][2, 7, 16][22, 25][0, 22][17, 22][16, 28][2, 29][7, 14] 
[9, 23, 14, 24, 4, 20][10, 6, 13, 0, 18][17, 19, 12, 8, 26][1, 3, 11, 25, 28][5, 21, 15, 29, 27][2, 7, 16][0, 22][17, 22][22, 25][16, 28][2, 29][7, 14] 
[9, 23, 14, 24, 4, 20][17, 19, 12, 8, 26][1, 3, 11, 25, 28][10, 6, 13, 0, 18][5, 21, 15, 29, 27][2, 7, 16][17, 22][22, 25][0, 22][16, 28][7, 14][2, 29] 
[9, 23, 14, 24, 4, 20][10, 6, 13, 0, 18][17, 19, 12, 8, 26][1, 3, 11, 25, 28][5, 21, 15, 29, 27][2, 7, 16][0, 22][17, 22][22, 25][16, 28][7, 14][2, 29] 
[9, 23, 14, 24, 4, 20][10, 6, 13, 0, 18][17, 19, 12, 8, 26][1, 3, 11, 25, 28][5, 21, 15, 29, 27][2, 7, 16][0, 22][17, 22][22, 25][16, 28][7, 14][2, 29] 
[9, 23, 14, 24, 4, 20][1, 3, 11, 25, 28][10, 6, 13, 0, 18][5, 21, 15, 29, 27][17, 19, 12, 8, 26][2, 7, 16][22, 25][0, 22][16, 28][7, 14][2, 29][17, 22] 
[9, 23, 14, 24, 4, 20][5, 21, 15, 29, 27][1, 3, 11, 25, 28][17, 19, 12, 8, 26][10, 6, 13, 0, 18][2, 7, 16][7, 14][2, 29][16, 28][22, 25][17, 22][0, 22] 
[9, 23, 14, 24, 4, 20][1, 3, 11, 25, 28][10, 6, 13, 0, 18][17, 19, 12, 8, 26][5, 21, 15, 29, 27][2, 7, 16][22, 25][0, 22][16, 28][17, 22][2, 29][7, 14] 
[9, 23, 14, 24, 4, 20][1, 3, 11, 25, 28][17, 19, 12, 8, 26][10, 6, 13, 0, 18][5, 21, 15, 29, 27][2, 7, 16][22, 25][17, 22][0, 22][16, 28][7, 14][2, 29] 
[9, 23, 14, 24, 4, 20][1, 3, 11, 25, 28][10, 6, 13, 0, 18][5, 21, 15, 29, 27][17, 19, 12, 8, 26][2, 7, 16][16, 28][22, 25][0, 22][2, 29][17, 22][7, 14] 
[9, 23, 14, 24, 4, 20][5, 21, 15, 29, 27][1, 3, 11, 25, 28][17, 19, 12, 8, 26][10, 6, 13, 0, 18][2, 7, 16][2, 29][16, 28][7, 14][22, 25][17, 22][0, 22] 
[9, 23, 14, 24, 4, 20][17, 19, 12, 8, 26][1, 3, 11, 25, 28][10, 6, 13, 0, 18][5, 21, 15, 29, 27][2, 7, 16][17, 22][22, 25][16, 28][0, 22][7, 14][2, 29] 
[9, 23, 14, 24, 4, 20][1, 3, 11, 25, 28][5, 21, 15, 29, 27][17, 19, 12, 8, 26][10, 6, 13, 0, 18][2, 7, 16][16, 28][2, 29][22, 25][17, 22][0, 22][7, 14] 
[9, 23, 14, 24, 4, 20][10, 6, 13, 0, 18][17, 19, 12, 8, 26][1, 3, 11, 25, 28][5, 21, 15, 29, 27][2, 7, 16][0, 22][17, 22][22, 25][16, 28][2, 29][7, 14] 
[9, 23, 14, 24, 4, 20][1, 3, 11, 25, 28][10, 6, 13, 0, 18][17, 19, 12, 8, 26][5, 21, 15, 29, 27][2, 7, 16][22, 25][0, 22][17, 22][16, 28][2, 29][7, 14] 
[9, 23, 14, 24, 4, 20][1, 3, 11, 25, 28][10, 6, 13, 0, 18][17, 19, 12, 8, 26][5, 21, 15, 29, 27][2, 7, 16][22, 25][0, 22][17, 22][16, 28][2, 29][7, 14] 
[9, 23, 14, 24, 4, 20][1, 3, 11, 25, 28][5, 21, 15, 29, 27][10, 6, 13, 0, 18][17, 19, 12, 8, 26][2, 7, 16][16, 28][22, 25][2, 29][0, 22][7, 14][17, 22] 
[9, 23, 14, 24, 4, 20][5, 21, 15, 29, 27][1, 3, 11, 25, 28][17, 19, 12, 8, 26][10, 6, 13, 0, 18][2, 7, 16][7, 14][2, 29][16, 28][22, 25][17, 22][0, 22] 
[9, 23, 14, 24, 4, 20][5, 21, 15, 29, 27][1, 3, 11, 25, 28][17, 19, 12, 8, 26][10, 6, 13, 0, 18][2, 7, 16][7, 14][2, 29][16, 28][22, 25][17, 22][0, 22] 
[9, 23, 14, 24, 4, 20][5, 21, 15, 29, 27][1, 3, 11, 25, 28][10, 6, 13, 0, 18][17, 19, 12, 8, 26][2, 7, 16][2, 29][16, 28][7, 14][22, 25][0, 22][17, 22] 
[9, 23, 14, 24, 4, 20][10, 6, 13, 0, 18][17, 19, 12, 8, 26][1, 3, 11, 25, 28][5, 21, 15, 29, 27][2, 7, 16][0, 22][17, 22][22, 25][16, 28][2, 29][7, 14] 
[9, 23, 14, 24, 4, 20][5, 21, 15, 29, 27][1, 3, 11, 25, 28][10, 6, 13, 0, 18][17, 19, 12, 8, 26][2, 7, 16][2, 29][16, 28][7, 14][22, 25][0, 22][17, 22] 
[9, 23, 14, 24, 4, 20][1, 3, 11, 25, 28][10, 6, 13, 0, 18][5, 21, 15, 29, 27][17, 19, 12, 8, 26][2, 7, 16][22, 25][0, 22][16, 28][7, 14][2, 29][17, 22] 
[9, 23, 14, 24, 4, 20][1, 3, 11, 25, 28][10, 6, 13, 0, 18][5, 21, 15, 29, 27][17, 19, 12, 8, 26][2, 7, 16][22, 25][0, 22][16, 28][7, 14][2, 29][17, 22] 
[9, 23, 14, 24, 4, 20][17, 19, 12, 8, 26][10, 6, 13, 0, 18][1, 3, 11, 25, 28][5, 21, 15, 29, 27][2, 7, 16][17, 22][0, 22][22, 25][16, 28][2, 29][7, 14] 
[9, 23, 14, 24, 4, 20][17, 19, 12, 8, 26][1, 3, 11, 25, 28][10, 6, 13, 0, 18][5, 21, 15, 29, 27][2, 7, 16][17, 22][22, 25][16, 28][0, 22][7, 14][2, 29] 
[9, 23, 14, 24, 4, 20][17, 19, 12, 8, 26][1, 3, 11, 25, 28][10, 6, 13, 0, 18][5, 21, 15, 29, 27][2, 7, 16][17, 22][22, 25][0, 22][16, 28][2, 29][7, 14] 
[9, 23, 14, 24, 4, 20][5, 21, 15, 29, 27][1, 3, 11, 25, 28][17, 19, 12, 8, 26][10, 6, 13, 0, 18][2, 7, 16][7, 14][2, 29][16, 28][22, 25][17, 22][0, 22] 
[5, 6, 16, 28, 25, 22, 17, 19, 8, 26][1, 24, 4, 20, 23, 9, 3, 11, 25][5, 21, 15, 29, 27][10, 6, 13, 0, 18][14, 7, 28][22, 25][2, 7][12, 18][6, 16][17, 22][6, 16][17, 22] 
[5, 6, 16, 28, 25, 22, 17, 19, 8, 26][1, 24, 4, 20, 23, 9, 3, 11, 25][5, 21, 15, 29, 27][10, 6, 13, 0, 18][14, 7, 28][22, 25][2, 7][12, 18][6, 16][17, 22][6, 16][17, 22] 
[5, 6, 16, 28, 25, 22, 17, 19, 8, 26][1, 24, 4, 20, 23, 9, 3, 11, 25][5, 21, 15, 29, 27][10, 6, 13, 0, 18][14, 7, 28][22, 25][2, 7][12, 18][6, 16][17, 22][6, 16][17, 22] 
[1, 24, 4, 20, 23, 9, 3, 11, 25][5, 6, 16, 28, 25, 22, 17][17, 19, 12, 8, 26][10, 6, 13, 0, 18][5, 21, 15, 29, 27][14, 7, 28][2, 29][6, 16][16, 28][22, 25][22, 25][6, 16] 
[1, 24, 4, 20, 23, 9, 3, 11, 25][5, 6, 16, 28, 25, 22, 17][17, 19, 12, 8, 26][10, 6, 13, 0, 18][5, 21, 15, 29, 27][14, 7, 28][2, 29][6, 16][16, 28][22, 25][22, 25][6, 16] 
[1, 24, 4, 20, 23, 9, 3, 11, 25][5, 6, 16, 28, 25, 22, 17][17, 19, 12, 8, 26][10, 6, 13, 0, 18][5, 21, 15, 29, 27][14, 7, 28][2, 29][6, 16][16, 28][22, 25][22, 25][6, 16] 
[5, 6, 16, 28, 25, 22, 17, 19, 8, 26][1, 24, 4, 20, 23, 9, 3, 11, 25][5, 21, 15, 29, 27][10, 6, 13, 0, 18][14, 7, 28][22, 25][2, 7][12, 18][6, 16][17, 22][6, 16][17, 22] 
[5, 6, 16, 28, 25, 22, 17, 19, 8, 26][1, 24, 4, 20, 23, 9, 3, 11, 25][5, 21, 15, 29, 27][10, 6, 13, 0, 18][14, 7, 28][22, 25][2, 7][12, 18][6, 16][17, 22][6, 16][17, 22] 
[1, 24, 4, 20, 23, 9, 3, 11, 25][5, 6, 16, 28, 25, 22, 17][17, 19, 12, 8, 26][10, 6, 13, 0, 18][5, 21, 15, 29, 27][14, 7, 28][2, 29][6, 16][16, 28][22, 25][22, 25][6, 16] 
[5, 6, 16, 28, 25, 22, 17, 19, 8, 26][1, 24, 4, 20, 23, 9, 3, 11, 25][5, 21, 15, 29, 27][10, 6, 13, 0, 18][14, 7, 28][22, 25][2, 7][12, 18][6, 16][17, 22][6, 16][17, 22] 
[5, 6, 16, 28, 25, 22, 17, 19, 8, 26][1, 24, 4, 20, 23, 9, 3, 11, 25][5, 21, 15, 29, 27][10, 6, 13, 0, 18][14, 7, 28][22, 25][2, 7][12, 18][6, 16][17, 22][6, 16][17, 22] 
[5, 6, 16, 28, 25, 22, 17, 19, 8, 26][1, 24, 4, 20, 23, 9, 3, 11, 25][5, 21, 15, 29, 27][10, 6, 13, 0, 18][14, 7, 28][22, 25][2, 7][12, 18][6, 16][17, 22][6, 16][17, 22] 
[1, 24, 4, 20, 23, 9, 3, 11, 25][5, 6, 16, 28, 25, 22, 17][17, 19, 12, 8, 26][10, 6, 13, 0, 18][5, 21, 15, 29, 27][14, 7, 28][2, 29][6, 16][16, 28][22, 25][22, 25][6, 16] 
[5, 6, 16, 28, 25, 22, 17, 19, 8, 26][1, 24, 4, 20, 23, 9, 3, 11, 25][5, 21, 15, 29, 27][10, 6, 13, 0, 18][14, 7, 28][22, 25][2, 7][12, 18][6, 16][17, 22][6, 16][17, 22] 
[5, 6, 16, 28, 25, 22, 17, 19, 8, 26][1, 24, 4, 20, 23, 9, 3, 11, 25][5, 21, 15, 29, 27][10, 6, 13, 0, 18][14, 7, 28][22, 25][2, 7][12, 18][6, 16][17, 22][6, 16][17, 22] 
[5, 6, 16, 28, 25, 22, 17, 19, 8, 26][1, 24, 4, 20, 23, 9, 3, 11, 25][5, 21, 15, 29, 27][12, 18, 13, 0, 19][14, 7, 28][7, 10][2, 10][6, 16][16, 28][6, 16][6, 16][22, 25] 
[5, 6, 16, 28, 25, 22, 17, 19, 8, 26][1, 24, 4, 20, 23, 9, 3, 11, 25][5, 21, 15, 29, 27][12, 18, 13, 0, 19][14, 7, 28][7, 10][2, 10][6, 16][16, 28][6, 16][6, 16][22, 25] 
[5, 6, 16, 28, 25, 22, 19, 8, 26][1, 24, 4, 20, 23, 9, 3, 11, 25][5, 21, 15, 29, 27][10, 6, 13, 0, 18][17, 12, 8, 26][14, 7, 28][2, 29][6, 16][7, 14][6, 16][22, 25][16, 28] 
[5, 6, 16, 28, 25, 22, 17, 19, 8, 26][1, 24, 4, 20, 23, 9, 3, 11, 25][5, 21, 15, 29, 27][12, 18, 13, 0, 19][14, 7, 28][7, 10][2, 10][6, 16][16, 28][6, 16][6, 16][22, 25] 
[5, 6, 16, 28, 25, 22, 17, 19, 8, 26][1, 24, 4, 20, 23, 9, 3, 11, 25][5, 21, 15, 29, 27][12, 18, 13, 0, 19][14, 7, 28][7, 10][2, 10][6, 16][16, 28][6, 16][6, 16][22, 25] 
[5, 6, 16, 28, 25, 22, 17, 19, 8, 26][1, 24, 4, 20, 23, 9, 3, 11, 25][5, 21, 15, 29, 27][12, 18, 13, 0, 19][14, 7, 28][7, 10][2, 10][6, 16][16, 28][6, 16][6, 16][22, 25] 
[9, 23, 14, 24, 4, 20][1, 3, 11, 25, 28][5, 21, 15, 29, 27][17, 19, 12, 8, 26][10, 6, 13, 0, 18][2, 7, 16][16, 28][22, 25][2, 29][17, 22][0, 22][7, 14] 
[9, 23, 14, 24, 4, 20][17, 19, 12, 8, 26][10, 6, 13, 0, 18][1, 3, 11, 25, 28][5, 21, 15, 29, 27][2, 7, 16][17, 22][0, 22][22, 25][16, 28][7, 14][2, 29] 
[9, 23, 14, 24, 4, 20][5, 21, 15, 29, 27][1, 3, 11, 25, 28][10, 6, 13, 0, 18][17, 19, 12, 8, 26][2, 7, 16][2, 29][16, 28][22, 25][7, 14][0, 22][17, 22] 
[9, 23, 14, 24, 4, 20][1, 3, 11, 25, 28][5, 21, 15, 29, 27][10, 6, 13, 0, 18][17, 19, 12, 8, 26][2, 7, 16][16, 28][22, 25][2, 29][0, 22][7, 14][17, 22] 
[9, 23, 14, 24, 4, 20][1, 3, 11, 25, 28][10, 6, 13, 0, 18][5, 21, 15, 29, 27][17, 19, 12, 8, 26][2, 7, 16][22, 25][0, 22][16, 28][2, 29][7, 14][17, 22] 
[9, 23, 14, 24, 4, 20][5, 21, 15, 29, 27][1, 3, 11, 25, 28][10, 6, 13, 0, 18][17, 19, 12, 8, 26][2, 7, 16][2, 29][16, 28][22, 25][0, 22][17, 22][7, 14] 
[9, 23, 14, 24, 4, 20][1, 3, 11, 25, 28][5, 21, 15, 29, 27][17, 19, 12, 8, 26][10, 6, 13, 0, 18][2, 7, 16][7, 14][16, 28][22, 25][2, 29][17, 22][0, 22] 
[9, 23, 14, 24, 4, 20][17, 19, 12, 8, 26][1, 3, 11, 25, 28][10, 6, 13, 0, 18][5, 21, 15, 29, 27][2, 7, 16][17, 22][22, 25][0, 22][16, 28][7, 14][2, 29] 
[9, 23, 14, 24, 4, 20][10, 6, 13, 0, 18][17, 19, 12, 8, 26][1, 3, 11, 25, 28][5, 21, 15, 29, 27][2, 7, 16][0, 22][17, 22][22, 25][16, 28][2, 29][7, 14] 
[9, 23, 14, 24, 4, 20][1, 3, 11, 25, 28][10, 6, 13, 0, 18][5, 21, 15, 29, 27][17, 19, 12, 8, 26][2, 7, 16][16, 28][22, 25][0, 22][2, 29][17, 22][7, 14] 
[9, 23, 14, 24, 4, 20][1, 3, 11, 25, 28][5, 21, 15, 29, 27][17, 19, 12, 8, 26][10, 6, 13, 0, 18][2, 7, 16][16, 28][22, 25][2, 29][17, 22][0, 22][7, 14] 
[9, 23, 14, 24, 4, 20][5, 21, 15, 29, 27][1, 3, 11, 25, 28][17, 19, 12, 8, 26][10, 6, 13, 0, 18][2, 7, 16][7, 14][2, 29][16, 28][22, 25][17, 22][0, 22] 
[9, 23, 14, 24, 4, 20][10, 6, 13, 0, 18][1, 3, 11, 25, 28][17, 19, 12, 8, 26][5, 21, 15, 29, 27][2, 7, 16][0, 22][22, 25][16, 28][7, 14][17, 22][2, 29] 
[9, 23, 14, 24, 4, 20][10, 6, 13, 0, 18][1, 3, 11, 25, 28][17, 19, 12, 8, 26][5, 21, 15, 29, 27][2, 7, 16][0, 22][22, 25][16, 28][7, 14][17, 22][2, 29] 
[9, 23, 14, 24, 4, 20][5, 21, 15, 29, 27][1, 3, 11, 25, 28][17, 19, 12, 8, 26][10, 6, 13, 0, 18][2, 7, 16][7, 14][2, 29][16, 28][22, 25][17, 22][0, 22] 
[9, 23, 14, 24, 4, 20][1, 3, 11, 25, 28][17, 19, 12, 8, 26][5, 21, 15, 29, 27][10, 6, 13, 0, 18][2, 7, 16][22, 25][17, 22][16, 28][2, 29][0, 22][7, 14] 
[9, 23, 14, 24, 4, 20][5, 21, 15, 29, 27][1, 3, 11, 25, 28][17, 19, 12, 8, 26][10, 6, 13, 0, 18][2, 7, 16][7, 14][2, 29][16, 28][22, 25][17, 22][0, 22] 
[9, 23, 14, 24, 4, 20][5, 21, 15, 29, 27][1, 3, 11, 25, 28][10, 6, 13, 0, 18][17, 19, 12, 8, 26][2, 7, 16][2, 29][16, 28][22, 25][0, 22][17, 22][7, 14] 
[9, 23, 14, 24, 4, 20][1, 3, 11, 25, 28][17, 19, 12, 8, 26][10, 6, 13, 0, 18][5, 21, 15, 29, 27][2, 7, 16][22, 25][17, 22][0, 22][16, 28][7, 14][2, 29] 
[9, 23, 14, 24, 4, 20][1, 3, 11, 25, 28][10, 6, 13, 0, 18][17, 19, 12, 8, 26][5, 21, 15, 29, 27][2, 7, 16][22, 25][16, 28][0, 22][17, 22][7, 14][2, 29] 
[9, 23, 14, 24, 4, 20][10, 6, 13, 0, 18][1, 3, 11, 25, 28][17, 19, 12, 8, 26][5, 21, 15, 29, 27][2, 7, 16][0, 22][22, 25][17, 18][16, 28][2, 29][7, 14] 
[9, 23, 14, 24, 4, 20][17, 19, 12, 8, 26][10, 6, 13, 0, 18][1, 3, 11, 25, 28][5, 21, 15, 29, 27][2, 7, 16][17, 22][0, 22][22, 25][16, 28][7, 14][2, 29] 
[9, 23, 14, 24, 4, 20][5, 21, 15, 29, 27][1, 3, 11, 25, 28][17, 19, 12, 8, 26][10, 6, 13, 0, 18][2, 7, 16][7, 14][2, 29][16, 28][22, 25][17, 22][0, 22] 
[9, 23, 14, 24, 4, 20][10, 6, 13, 0, 18][17, 19, 12, 8, 26][1, 3, 11, 25, 28][5, 21, 15, 29, 27][2, 7, 16][0, 22][17, 22][22, 25][16, 28][7, 14][2, 29] 
[9, 23, 14, 24, 4, 20][5, 21, 15, 29, 27][1, 3, 11, 25, 28][17, 19, 12, 8, 26][10, 6, 13, 0, 18][2, 7, 16][7, 14][2, 29][16, 28][22, 25][17, 22][0, 22] 
[9, 23, 14, 24, 4, 20][1, 3, 11, 25, 28][10, 6, 13, 0, 18][17, 19, 12, 8, 26][5, 21, 15, 29, 27][2, 7, 16][22, 25][16, 28][0, 22][17, 22][7, 14][2, 29] 
[9, 23, 14, 24, 4, 20][1, 3, 11, 25, 28][17, 19, 12, 8, 26][5, 21, 15, 29, 27][10, 6, 13, 0, 18][2, 7, 16][22, 25][17, 22][16, 28][2, 29][0, 22][7, 14] 
[9, 23, 14, 24, 4, 20][1, 3, 11, 25, 28][10, 6, 13, 0, 18][5, 21, 15, 29, 27][17, 19, 12, 8, 26][2, 7, 16][22, 25][0, 22][16, 28][2, 29][7, 14][17, 22] 
[9, 23, 14, 24, 4, 20][10, 6, 13, 0, 18][17, 19, 12, 8, 26][1, 3, 11, 25, 28][5, 21, 15, 29, 27][2, 7, 16][0, 22][17, 22][22, 25][16, 28][2, 29][7, 14] 
[9, 23, 14, 24, 4, 20][17, 19, 12, 8, 26][1, 3, 11, 25, 28][10, 6, 13, 0, 18][5, 21, 15, 29, 27][2, 7, 16][17, 22][22, 25][0, 22][16, 28][7, 14][2, 29] 
[9, 23, 14, 24, 4, 20][1, 3, 11, 25, 28][5, 21, 15, 29, 27][17, 19, 12, 8, 26][10, 6, 13, 0, 18][2, 7, 16][7, 14][16, 28][22, 25][2, 29][17, 22][0, 22] 
[9, 23, 14, 24, 4, 20][17, 19, 12, 8, 26][1, 3, 11, 25, 28][10, 6, 13, 0, 18][5, 21, 15, 29, 27][2, 7, 16][17, 22][22, 25][0, 22][16, 28][7, 14][2, 29] 
[9, 23, 14, 24, 4, 20][17, 19, 12, 8, 26][10, 6, 13, 0, 18][1, 3, 11, 25, 28][5, 21, 15, 29, 27][2, 7, 16][17, 22][0, 22][22, 25][16, 28][2, 29][7, 14] 
[9, 23, 14, 24, 4, 20][1, 3, 11, 25, 28][10, 6, 13, 0, 18][17, 19, 12, 8, 26][5, 21, 15, 29, 27][2, 7, 16][22, 25][0, 22][17, 22][16, 28][2, 29][7, 14] 
[9, 23, 14, 24, 4, 20][17, 19, 12, 8, 26][1, 3, 11, 25, 28][10, 6, 13, 0, 18][5, 21, 15, 29, 27][2, 7, 16][17, 22][22, 25][0, 22][16, 28][7, 14][2, 29] 
[9, 23, 14, 24, 4, 20][17, 19, 12, 8, 26][10, 6, 13, 0, 18][1, 3, 11, 25, 28][5, 21, 15, 29, 27][2, 7, 16][17, 22][0, 22][22, 25][16, 28][2, 29][7, 14] 
[9, 23, 14, 24, 4, 20][1, 3, 11, 25, 28][5, 21, 15, 29, 27][17, 19, 12, 8, 26][10, 6, 13, 0, 18][2, 7, 16][7, 14][16, 28][2, 29][22, 25][17, 22][0, 22] 
[9, 23, 14, 24, 4, 20][1, 3, 11, 25, 28][10, 6, 13, 0, 18][17, 19, 12, 8, 26][5, 21, 15, 29, 27][2, 7, 16][22, 25][0, 22][17, 22][16, 28][2, 29][7, 14] 
[9, 23, 14, 24, 4, 20][1, 3, 11, 25, 28][5, 21, 15, 29, 27][17, 19, 12, 8, 26][10, 6, 13, 0, 18][2, 7, 16][16, 28][22, 25][2, 29][17, 22][0, 22][7, 14] 
[9, 23, 14, 24, 4, 20][17, 19, 12, 8, 26][10, 6, 13, 0, 18][1, 3, 11, 25, 28][5, 21, 15, 29, 27][2, 7, 16][17, 22][0, 22][22, 25][16, 28][2, 29][7, 14] 
[9, 23, 14, 24, 4, 20][10, 6, 13, 0, 18][17, 19, 12, 8, 26][1, 3, 11, 25, 28][5, 21, 15, 29, 27][2, 7, 16][0, 22][17, 22][22, 25][16, 28][2, 29][7, 14] 
[9, 23, 14, 24, 4, 20][1, 3, 11, 25, 28][17, 19, 12, 8, 26][10, 6, 13, 0, 18][5, 21, 15, 29, 27][2, 7, 16][22, 25][17, 22][0, 22][16, 28][7, 14][2, 29] 
[9, 23, 14, 24, 4, 20][5, 21, 15, 29, 27][1, 3, 11, 25, 28][17, 19, 12, 8, 26][10, 6, 13, 0, 18][2, 7, 16][7, 14][2, 29][16, 28][22, 25][17, 22][0, 22] 
[9, 23, 14, 24, 4, 20][10, 6, 13, 0, 22, 18][5, 21, 15, 29, 27][1, 3, 11, 25, 28][17, 19, 12, 8, 26][2, 7, 16][2, 29][16, 28][7, 14][22, 25][0, 22][17, 22] 
[9, 23, 14, 24, 4, 20][10, 6, 13, 0, 22, 18][5, 21, 15, 29, 27][1, 3, 11, 25, 28][17, 19, 12, 8, 26][2, 7, 16][2, 29][16, 28][7, 14][22, 25][0, 22][17, 22] 
[9, 23, 14, 24, 4, 20][10, 6, 13, 0, 22, 18][5, 21, 15, 29, 27][1, 3, 11, 25, 28][17, 19, 12, 8, 26][2, 7, 16][2, 29][16, 28][7, 14][22, 25][0, 22][17, 22] 
[10, 6, 13, 0, 22, 18][9, 23, 14, 24, 4, 20][1, 3, 11, 25, 28][5, 21, 15, 29, 27][17, 19, 12, 8, 26][2, 7, 16][22, 25][0, 22][16, 28][2, 29][17, 22][7, 14] 
[9, 23, 14, 24, 4, 20][10, 6, 13, 0, 22, 18][5, 21, 15, 29, 27][1, 3, 11, 25, 28][17, 19, 12, 8, 26][2, 7, 16][2, 29][16, 28][7, 14][22, 25][0, 22][17, 22] 
[9, 23, 14, 24, 4, 20][10, 6, 13, 0, 22, 18][5, 21, 15, 29, 27][1, 3, 11, 25, 28][17, 19, 12, 8, 26][2, 7, 16][2, 29][7, 14][16, 28][22, 25][0, 22][17, 18] 
[9, 23, 14, 24, 4, 20][5, 21, 15, 29, 27][1, 3, 11, 25, 28][10, 6, 13, 0, 18][17, 19, 12, 8, 26][2, 7, 16][2, 29][7, 14][16, 28][22, 25][0, 22][17, 22] 
[9, 23, 14, 24, 4, 20][17, 19, 12, 8, 26][1, 3, 11, 25, 28][10, 6, 13, 0, 18][5, 21, 15, 29, 27][2, 7, 16][17, 22][22, 25][0, 22][16, 28][7, 14][2, 29] 
[9, 23, 14, 24, 4, 20][10, 6, 13, 0, 18][17, 19, 12, 8, 26][1, 3, 11, 25, 28][5, 21, 15, 29, 27][2, 7, 16][0, 22][17, 22][22, 25][16, 28][2, 29][7, 14] 
[9, 23, 14, 24, 4, 20][1, 3, 11, 25, 28][5, 21, 15, 29, 27][17, 19, 12, 8, 26][10, 6, 13, 0, 18][2, 7, 16][7, 14][16, 28][2, 29][22, 25][17, 22][0, 22] 
[9, 23, 14, 24, 4, 20][17, 19, 12, 8, 26][1, 3, 11, 25, 28][10, 6, 13, 0, 18][5, 21, 15, 29, 27][2, 7, 16][17, 22][22, 25][0, 22][16, 28][7, 14][2, 29] 
[9, 23, 14, 24, 4, 20][1, 3, 11, 25, 28][17, 19, 12, 8, 26][10, 6, 13, 0, 18][5, 21, 15, 29, 27][2, 7, 16][22, 25][17, 22][0, 22][16, 28][7, 14][2, 29] 
[9, 23, 14, 24, 4, 20][5, 21, 15, 29, 27][1, 3, 11, 25, 28][17, 19, 12, 8, 26][10, 6, 13, 0, 18][2, 7, 16][7, 14][2, 29][16, 28][22, 25][17, 22][0, 22] 
