[12, 18, 22, 19, 8, 26][11, 25, 28, 16, 27][5, 15, 29, 2, 10][1, 14, 23, 24, 7][9, 3, 4, 20][0, 13, 6, 21][17, 28][17, 22][3, 11][0, 22][6, 15][1, 9] 
[12, 18, 22, 19, 8, 26][1, 14, 23, 24, 7][5, 15, 29, 2, 10][25, 28, 16, 27][9, 3, 4, 20][0, 13, 6, 21][11, 17, 28][7, 27][1, 9][17, 22][0, 22][6, 15] 
[12, 18, 22, 19, 8, 26][5, 15, 29, 2, 10][1, 14, 23, 24, 7][0, 13, 6, 21][25, 28, 16, 27][9, 3, 4, 20][11, 17, 28][17, 22][0, 22][6, 15][7, 27][1, 9] 
[12, 18, 22, 19, 8, 26][1, 14, 23, 24, 7][5, 15, 29, 2, 10][25, 28, 16, 27][0, 13, 6, 21][9, 3, 4, 20][11, 17, 28][17, 22][7, 27][0, 22][6, 15][1, 9] 
[12, 18, 22, 19, 8, 26][1, 14, 23, 24, 7][5, 15, 29, 2, 10][9, 3, 4, 20][25, 28, 16, 27][0, 13, 6, 21][11, 17, 28][3, 11][1, 9][10, 16][6, 15][0, 22] 
[12, 18, 22, 19, 8, 26][5, 15, 29, 2, 10][1, 14, 23, 24, 7][0, 13, 6, 21][25, 28, 16, 27][9, 3, 4, 20][11, 17, 28][0, 17][3, 11][6, 15][1, 9][0, 22] 
[12, 18, 22, 19, 8, 26][1, 14, 23, 24, 7][5, 15, 29, 2, 10][0, 13, 6, 21][25, 28, 16, 27][9, 3, 4, 20][11, 17, 28][0, 22][0, 17][7, 27][6, 15][1, 9] 
[12, 18, 22, 19, 8, 26][5, 15, 29, 2, 10][1, 14, 23, 24, 7][0, 13, 6, 21][25, 28, 16, 27][9, 3, 4, 20][11, 17, 28][6, 15][0, 17][3, 11][1, 9][0, 22] 
[12, 18, 22, 19, 8, 26][5, 15, 29, 2, 10][1, 14, 23, 24, 7][0, 13, 6, 21][25, 28, 16, 27][9, 3, 4, 20][11, 17, 28][0, 17][3, 11][6, 15][1, 9][0, 22] 
[12, 18, 22, 19, 8, 26][5, 15, 29, 2, 10][1, 14, 23, 24, 7][25, 28, 16, 27][0, 13, 6, 21][9, 3, 4, 20][11, 17, 28][0, 17][6, 15][3, 11][0, 22][1, 9] 
[12, 18, 22, 19, 8, 26][11, 25, 28, 16, 27][5, 15, 29, 2, 10][1, 14, 23, 24, 7][9, 3, 4, 20][0, 13, 6, 21][17, 28][17, 22][3, 11][0, 22][6, 15][1, 9] 
[12, 18, 22, 19, 8, 26][5, 15, 29, 2, 10][1, 14, 23, 24, 7][0, 13, 6, 21][25, 28, 16, 27][9, 3, 4, 20][11, 17, 28][17, 22][0, 22][6, 15][7, 27][1, 9] 
[12, 18, 22, 19, 8, 26][1, 14, 23, 24, 7][5, 15, 29, 2, 10][25, 28, 16, 27][0, 13, 6, 21][9, 3, 4, 20][11, 17, 28][17, 22][7, 27][0, 22][6, 15][1, 9] 
[12, 18, 22, 19, 8, 26][1, 14, 23, 24, 7][5, 15, 29, 2, 10][9, 3, 4, 20][25, 28, 16, 27][0, 13, 6, 21][11, 17, 28][3, 11][1, 9][10, 16][6, 15][0, 22] 
[12, 18, 22, 19, 8, 26][1, 14, 23, 24, 7][5, 15, 29, 2, 10][9, 3, 4, 20][25, 28, 16, 27][0, 13, 6, 21][11, 17, 28][1, 9][3, 11][0, 17][6, 15][0, 22] 
[12, 18, 22, 19, 8, 26][5, 15, 29, 2, 10][1, 14, 23, 24, 7][0, 13, 6, 21][25, 28, 16, 27][9, 3, 4, 20][11, 17, 28][0, 17][3, 11][6, 15][1, 9][0, 22] 
[12, 18, 22, 19, 8, 26][1, 14, 23, 24, 7][11, 25, 28, 16, 27][5, 15, 29, 2, 10][9, 3, 4, 20][0, 13, 6, 21][1, 9][3, 11][17, 28][17, 22][0, 22][6, 15] 
[12, 18, 22, 19, 8, 26][5, 15, 29, 2, 10][1, 14, 23, 24, 7][0, 13, 6, 21][25, 28, 16, 27][9, 3, 4, 20][11, 17, 28][17, 22][0, 22][6, 15][7, 27][1, 9] 
[12, 18, 22, 19, 8, 26][5, 15, 29, 2, 10][1, 14, 23, 24, 7][9, 3, 4, 20][25, 28, 16, 27][0, 13, 6, 21][11, 17, 28][3, 11][10, 16][6, 15][1, 9][0, 22] 
[12, 18, 22, 19, 8, 26][1, 14, 23, 24, 7][11, 25, 28, 16, 27][5, 15, 29, 2, 10][9, 3, 4, 20][0, 13, 6, 21][1, 9][3, 11][17, 28][17, 22][0, 22][6, 15] 
[12, 18, 22, 19, 8, 26][11, 25, 28, 16, 27][5, 15, 29, 2, 10][1, 14, 23, 24, 7][0, 13, 6, 21][9, 3, 4, 20][17, 28][17, 22][0, 22][3, 11][6, 15][1, 9] 
[12, 18, 22, 19, 8, 26][5, 15, 29, 2, 10][1, 14, 23, 24, 7][0, 13, 6, 21][25, 28, 16, 27][9, 3, 4, 20][11, 17, 28][17, 22][0, 22][6, 15][7, 27][1, 9] 
[12, 18, 22, 19, 8, 26][1, 14, 23, 24, 7][5, 15, 29, 2, 10][25, 28, 16, 27][9, 3, 4, 20][0, 13, 6, 21][11, 17, 28][7, 27][1, 9][17, 22][0, 22][6, 15] 
[12, 18, 22, 19, 8, 26][1, 14, 23, 24, 7][5, 15, 29, 2, 10][9, 3, 4, 20][25, 28, 16, 27][0, 13, 6, 21][11, 17, 28][1, 9][3, 11][10, 16][6, 15][0, 22] 
[12, 18, 22, 19, 8, 26][5, 15, 29, 2, 10][1, 14, 23, 24, 7][0, 13, 6, 21][25, 28, 16, 27][9, 3, 4, 20][11, 17, 28][0, 17][3, 11][6, 15][1, 9][0, 22] 
[12, 18, 22, 19, 8, 26][5, 15, 29, 2, 10][1, 14, 23, 24, 7][0, 13, 6, 21][25, 28, 16, 27][9, 3, 4, 20][11, 17, 28][6, 15][0, 17][3, 11][1, 9][0, 22] 
[12, 18, 22, 19, 8, 26][11, 25, 28, 16, 27][5, 15, 29, 2, 10][1, 14, 23, 24, 7][0, 13, 6, 21][9, 3, 4, 20][17, 22][17, 28][0, 22][3, 11][6, 15][1, 9] 
[12, 18, 22, 19, 8, 26][1, 14, 23, 24, 7][5, 15, 29, 2, 10][25, 28, 16, 27][9, 3, 4, 20][0, 13, 6, 21][11, 17, 28][7, 27][1, 9][17, 22][0, 22][6, 15] 
[12, 18, 22, 19, 8, 26][1, 14, 23, 24, 7][5, 15, 29, 2, 10][9, 3, 4, 20][25, 28, 16, 27][0, 13, 6, 21][11, 17, 28][1, 9][3, 11][10, 16][6, 15][0, 22] 
[12, 18, 22, 19, 8, 26][11, 25, 28, 16, 27][5, 15, 29, 2, 10][1, 14, 23, 24, 7][0, 13, 6, 21][9, 3, 4, 20][17, 22][17, 28][0, 22][3, 11][6, 15][1, 9] 
[12, 18, 22, 19, 8, 26][11, 25, 28, 16, 27][1, 14, 23, 24, 7][5, 15, 29, 2, 10][9, 3, 4, 20][0, 13, 6, 21][17, 28][3, 11][1, 9][17, 22][0, 22][6, 15] 
[12, 18, 22, 19, 8, 26][1, 14, 23, 24, 7][5, 15, 29, 2, 10][25, 28, 16, 27][9, 3, 4, 20][0, 13, 6, 21][11, 17, 28][7, 27][1, 9][17, 22][0, 22][6, 15] 
[12, 18, 22, 19, 8, 26][1, 14, 23, 24, 7][5, 15, 29, 2, 10][9, 3, 4, 20][25, 28, 16, 27][0, 13, 6, 21][11, 17, 28][1, 9][3, 11][10, 16][6, 15][0, 22] 
[12, 18, 22, 19, 8, 26][5, 15, 29, 2, 10][11, 25, 28, 16, 27][1, 14, 23, 24, 7][0, 13, 6, 21][9, 3, 4, 20][0, 22][6, 15][17, 22][17, 28][3, 11][1, 9] 
[12, 18, 22, 19, 8, 26][5, 15, 29, 2, 10][11, 25, 28, 16, 27][1, 14, 23, 24, 7][0, 13, 6, 21][9, 3, 4, 20][0, 22][6, 15][17, 22][17, 28][3, 11][1, 9] 
[5, 15, 6, 16, 28, 25, 11, 17, 12, 0, 22, 19, 8, 26][20, 24, 1, 14, 7, 16, 10, 29, 2, 27][5, 15, 6, 21, 10, 29, 2, 7, 20][5, 15, 6, 16, 28][4, 3, 9, 23, 20][6, 13, 18][25, 28][3, 9][2, 29][25, 28][25, 28][5, 15] 
[5, 15, 6, 16, 28, 25, 11, 17, 12, 0, 22, 19, 8, 26][20, 24, 1, 14, 7, 16, 10, 29, 2, 27][4, 3, 9, 23, 20][6, 13][6, 21][13, 18][25, 28][2, 29][25, 28][11, 25][6, 15][11, 25] 
[5, 15, 6, 16, 28, 25, 11, 17, 12, 0, 22, 19, 8, 26][20, 24, 1, 14, 7, 16, 10, 29, 2, 27][4, 3, 9, 23, 20][6, 13][6, 21][13, 18][25, 28][2, 29][25, 28][11, 25][6, 15][11, 25] 
[16, 28, 25, 11, 17, 12, 0, 22, 19, 8, 26][20, 24, 1, 14, 7, 16, 10, 29, 2, 27][4, 3, 9, 23, 20][0, 13, 6, 21, 5][11, 25][13, 18][11, 17][2, 29][11, 17][5, 15][11, 25][6, 21] 
[16, 28, 25, 11, 17, 12, 0, 22, 19, 8, 26][20, 24, 1, 14, 7, 16, 10, 29, 2, 27][4, 3, 9, 23, 20][0, 13, 6, 21, 5][11, 25][13, 18][11, 17][2, 29][11, 17][5, 15][11, 25][6, 21] 
[26, 8, 19, 22, 0, 12, 17, 11, 25, 28][20, 24, 1, 14, 7, 16, 10, 29, 2, 27][4, 3, 9, 23, 20][0, 13, 6, 21, 5][11, 17][15, 29][6, 21][13, 18][5, 15][11, 25][10, 16][11, 25] 
[5, 15, 6, 16, 28, 25, 11, 17, 12, 0, 22, 19, 8, 26][20, 24, 1, 14, 7, 16, 10, 29, 2, 27][4, 3, 9, 23, 20][6, 13][6, 21][13, 18][25, 28][2, 29][25, 28][11, 25][6, 15][11, 25] 
[5, 15, 6, 16, 28, 25, 11, 17, 12, 0, 22, 19, 8, 26][20, 24, 1, 14, 7, 16, 10, 29, 2, 27][5, 15, 6, 16, 28][4, 3, 9, 23, 20][6, 13, 18][25, 28][6, 21][3, 9][2, 29][25, 28][25, 28][5, 15] 
[16, 28, 25, 11, 17, 12, 0, 22, 19, 8, 26][20, 24, 1, 14, 7, 16, 10, 29, 2, 27][4, 3, 9, 23, 20][0, 13, 6, 21, 5][11, 25][13, 18][11, 17][2, 29][11, 17][5, 15][11, 25][6, 21] 
[5, 15, 6, 16, 28, 25, 11, 17, 12, 0, 22, 19, 8, 26][20, 24, 1, 14, 7, 16, 10, 29, 2, 27][4, 3, 9, 23, 20][6, 13][6, 21][13, 18][25, 28][2, 29][25, 28][11, 25][6, 15][11, 25] 
[5, 15, 6, 16, 28, 25, 11, 17, 12, 0, 22, 19, 8, 26][20, 24, 1, 14, 7, 16, 10, 29, 2, 27][4, 3, 9, 23, 20][6, 13][6, 21][13, 18][25, 28][2, 29][25, 28][11, 25][6, 15][11, 25] 
[5, 15, 6, 16, 28, 25, 11, 17, 12, 0, 22, 19, 8, 26][20, 24, 1, 14, 7, 16, 10, 29, 2, 27][4, 3, 9, 23, 20][6, 13][6, 21][13, 18][25, 28][2, 29][25, 28][11, 25][6, 15][11, 25] 
[16, 28, 25, 11, 17, 12, 0, 22, 19, 8, 26][20, 24, 1, 14, 7, 16, 10, 29, 2, 27][4, 3, 9, 23, 20][0, 13, 6, 21, 5][11, 25][13, 18][11, 17][2, 29][11, 17][5, 15][11, 25][6, 21] 
[5, 15, 6, 16, 28, 25, 11, 17, 12, 0, 22, 19, 8, 26][20, 24, 1, 14, 7, 16, 10, 29, 2, 27][5, 15, 6, 21, 10, 29, 2, 7, 20][5, 15, 6, 16, 28][4, 3, 9, 23, 20][6, 13, 18][25, 28][3, 9][2, 29][25, 28][25, 28][5, 15] 
[5, 15, 6, 16, 28, 25, 11, 17, 12, 0, 22, 19, 8, 26][20, 24, 1, 14, 7, 16, 10, 29, 2, 27][4, 3, 9, 23, 20][6, 13][6, 21][13, 18][25, 28][2, 29][25, 28][11, 25][6, 15][11, 25] 
[5, 15, 6, 16, 28, 25, 11, 17, 12, 0, 22, 19, 8, 26][20, 24, 1, 14, 7, 16, 10, 29, 2, 27][4, 3, 9, 23, 20][11, 17][6, 21][6, 13][13, 18][25, 28][11, 25][25, 28][11, 25][11, 25] 
[5, 15, 6, 16, 28, 25, 11, 17, 12, 0, 22, 19, 8, 26][20, 24, 1, 14, 7, 16, 10, 29, 2, 27][4, 3, 9, 23, 20][17, 11, 25][6, 13, 18][25, 28][2, 29][6, 21][3, 9][6, 15][13, 18][25, 28] 
[5, 15, 6, 16, 28, 25, 11, 17, 12, 0, 22, 19, 8, 26][20, 24, 1, 14, 7, 16, 10, 29, 2, 27][4, 3, 9, 23, 20][25, 28][2, 29][6, 21][3, 9][6, 15][13, 18][11, 25][25, 28][6, 13] 
[5, 15, 6, 16, 28, 25, 11, 17, 12, 0, 22, 19, 8, 26][20, 24, 1, 14, 7, 16, 10, 29, 2, 27][4, 3, 9, 23, 20][6, 13, 18][25, 28][2, 29][6, 21][3, 9][6, 15][13, 18][11, 25][25, 28] 
[5, 15, 6, 16, 28, 25, 11, 17, 12, 0, 22, 19, 8, 26][20, 24, 1, 14, 7, 16, 10, 29, 2, 27][4, 3, 9, 23, 20][17, 11, 25][6, 13, 18][25, 28][2, 29][6, 21][3, 9][6, 15][13, 18][25, 28] 
[5, 15, 6, 16, 28, 25, 11, 17, 12, 0, 22, 19, 8, 26][20, 24, 1, 14, 7, 16, 10, 29, 2, 27][5, 15, 6, 16, 28][4, 3, 9, 23, 20][6, 13, 18][25, 28][6, 21][3, 9][2, 29][25, 28][25, 28][5, 15] 
[12, 18, 22, 19, 8, 26][1, 14, 23, 24, 7][5, 15, 29, 2, 10][9, 3, 4, 20][25, 28, 16, 27][0, 13, 6, 21][11, 17, 28][1, 9][3, 11][17, 22][0, 22][6, 15] 
[12, 18, 22, 19, 8, 26][1, 14, 23, 24, 7][5, 15, 29, 2, 10][9, 3, 4, 20][25, 28, 16, 27][0, 13, 6, 21][11, 17, 28][1, 9][3, 11][17, 22][0, 22][6, 15] 
[12, 18, 22, 19, 8, 26][1, 14, 23, 24, 7][5, 15, 29, 2, 10][9, 3, 4, 20][25, 28, 16, 27][0, 13, 6, 21][11, 17, 28][1, 9][3, 11][17, 22][0, 22][6, 15] 
[12, 18, 22, 19, 8, 26][1, 14, 23, 24, 7][5, 15, 29, 2, 10][9, 3, 4, 20][25, 28, 16, 27][0, 13, 6, 21][11, 17, 28][1, 9][3, 11][17, 22][0, 22][6, 15] 
[12, 18, 22, 19, 8, 26][1, 14, 23, 24, 7][5, 15, 29, 2, 10][25, 28, 16, 27][9, 3, 4, 20][0, 13, 6, 21][11, 17, 28][17, 22][3, 11][0, 22][1, 9][6, 15] 
[12, 18, 22, 19, 8, 26][1, 14, 23, 24, 7][5, 15, 29, 2, 10][9, 3, 4, 20][25, 28, 16, 27][0, 13, 6, 21][11, 17, 28][1, 9][3, 11][17, 22][0, 22][6, 15] 
[12, 18, 22, 19, 8, 26][1, 14, 23, 24, 7][5, 15, 29, 2, 10][9, 3, 4, 20][25, 28, 16, 27][0, 13, 6, 21][11, 17, 28][1, 9][3, 11][17, 22][0, 22][6, 15] 
[12, 18, 22, 19, 8, 26][1, 14, 23, 24, 7][5, 15, 29, 2, 10][9, 3, 4, 20][25, 28, 16, 27][0, 13, 6, 21][11, 17, 28][3, 11][17, 22][0, 22][1, 9][6, 15] 
[12, 18, 22, 19, 8, 26][1, 14, 23, 24, 7][5, 15, 29, 2, 10][9, 3, 4, 20][25, 28, 16, 27][0, 13, 6, 21][11, 17, 28][1, 9][3, 11][17, 22][0, 22][6, 15] 
[12, 18, 22, 19, 8, 26][5, 15, 29, 2, 10][1, 14, 23, 24, 7][0, 13, 6, 21][25, 28, 16, 27][9, 3, 4, 20][11, 17, 28][6, 15][0, 22][17, 22][3, 11][1, 9] 
[12, 18, 22, 19, 8, 26][1, 14, 23, 24, 7][5, 15, 29, 2, 10][9, 3, 4, 20][25, 28, 16, 27][0, 13, 6, 21][11, 17, 28][1, 9][3, 11][17, 22][0, 22][6, 15] 
[12, 18, 22, 19, 8, 26][5, 15, 29, 2, 10][1, 14, 23, 24, 7][0, 13, 6, 21][25, 28, 16, 27][9, 3, 4, 20][11, 17, 28][0, 22][17, 22][3, 11][6, 15][1, 9] 
[12, 18, 22, 19, 8, 26][1, 14, 23, 24, 7][5, 15, 29, 2, 10][9, 3, 4, 20][25, 28, 16, 27][0, 13, 6, 21][11, 17, 28][1, 9][3, 11][17, 22][0, 22][6, 15] 
[12, 18, 22, 19, 8, 26][1, 14, 23, 24, 7][5, 15, 29, 2, 10][9, 3, 4, 20][25, 28, 16, 27][0, 13, 6, 21][11, 17, 28][1, 9][3, 11][17, 22][0, 22][6, 15] 
[12, 18, 22, 19, 8, 26][1, 14, 23, 24, 7][5, 15, 29, 2, 10][9, 3, 4, 20][25, 28, 16, 27][0, 13, 6, 21][11, 17, 28][1, 9][3, 11][17, 22][0, 22][6, 15] 
[12, 18, 22, 19, 8, 26][1, 14, 23, 24, 7][5, 15, 29, 2, 10][11, 25, 28, 16, 27][9, 3, 4, 20][0, 13, 6, 21][1, 9][3, 11][17, 28][17, 22][0, 22][6, 15] 
[12, 18, 22, 19, 8, 26][1, 14, 23, 24, 7][11, 25, 28, 16, 27][5, 15, 29, 2, 10][9, 3, 4, 20][0, 13, 6, 21][1, 9][3, 11][17, 28][17, 22][0, 22][6, 15] 
[12, 18, 22, 19, 8, 26][1, 14, 23, 24, 7][11, 25, 28, 16, 27][5, 15, 29, 2, 10][9, 3, 4, 20][0, 13, 6, 21][1, 9][3, 11][17, 28][17, 22][0, 22][6, 15] 
[12, 18, 22, 19, 8, 26][1, 14, 23, 24, 7][11, 25, 28, 16, 27][5, 15, 29, 2, 10][9, 3, 4, 20][0, 13, 6, 21][1, 9][3, 11][17, 28][17, 22][0, 22][6, 15] 
[12, 18, 22, 19, 8, 26][11, 25, 28, 16, 27][5, 15, 29, 2, 10][1, 14, 23, 24, 7][0, 13, 6, 21][9, 3, 4, 20][17, 28][17, 22][0, 22][3, 11][6, 15][1, 9] 
[12, 18, 22, 19, 8, 26][1, 14, 23, 24, 7][5, 15, 29, 2, 10][25, 28, 16, 27][9, 3, 4, 20][0, 13, 6, 21][11, 17, 28][7, 27][1, 9][10, 16][6, 15][17, 22] 
[12, 18, 22, 19, 8, 26][1, 14, 23, 24, 7][5, 15, 29, 2, 10][9, 3, 4, 20][25, 28, 16, 27][0, 13, 6, 21][11, 17, 28][1, 9][3, 11][17, 22][0, 22][6, 15] 
[12, 18, 22, 19, 8, 26][1, 14, 23, 24, 7][5, 15, 29, 2, 10][9, 3, 4, 20][25, 28, 16, 27][0, 13, 6, 21][11, 17, 28][1, 9][3, 11][17, 22][0, 22][6, 15] 
[12, 18, 22, 19, 8, 26][5, 15, 29, 2, 10][1, 14, 23, 24, 7][25, 28, 16, 27][0, 13, 6, 21][9, 3, 4, 20][11, 17, 28][17, 22][0, 22][6, 15][3, 11][1, 9] 
[12, 18, 22, 19, 8, 26][5, 15, 29, 2, 10][1, 14, 23, 24, 7][0, 13, 6, 21][25, 28, 16, 27][9, 3, 4, 20][11, 17, 28][0, 22][17, 22][3, 11][6, 15][1, 9] 
[12, 18, 22, 19, 8, 26][1, 14, 23, 24, 7][5, 15, 29, 2, 10][9, 3, 4, 20][25, 28, 16, 27][0, 13, 6, 21][11, 17, 28][3, 11][17, 22][0, 22][1, 9][6, 15] 
[12, 18, 22, 19, 8, 26][1, 14, 23, 24, 7][5, 15, 29, 2, 10][9, 3, 4, 20][25, 28, 16, 27][0, 13, 6, 21][11, 17, 28][1, 9][3, 11][17, 22][0, 22][6, 15] 
[12, 18, 22, 19, 8, 26][1, 14, 23, 24, 7][5, 15, 29, 2, 10][9, 3, 4, 20][25, 28, 16, 27][0, 13, 6, 21][11, 17, 28][3, 11][17, 22][0, 22][1, 9][6, 15] 
[12, 18, 22, 19, 8, 26][1, 14, 23, 24, 7][11, 25, 28, 16, 27][5, 15, 29, 2, 10][9, 3, 4, 20][0, 13, 6, 21][1, 9][3, 11][17, 28][17, 22][0, 22][6, 15] 
[12, 18, 22, 19, 8, 26][5, 15, 29, 2, 10][11, 25, 28, 16, 27][1, 14, 23, 24, 7][0, 13, 6, 21][9, 3, 4, 20][6, 15][0, 22][17, 22][17, 28][3, 11][1, 9] 
[12, 18, 22, 19, 8, 26][1, 14, 23, 24, 7][5, 15, 29, 2, 10][11, 25, 28, 16, 27][9, 3, 4, 20][0, 13, 6, 21][1, 9][3, 11][17, 28][17, 22][0, 22][6, 15] 
[12, 18, 22, 19, 8, 26][1, 14, 23, 24, 7][5, 15, 29, 2, 10][11, 25, 28, 16, 27][9, 3, 4, 20][0, 13, 6, 21][1, 9][3, 11][17, 28][17, 22][0, 22][6, 15] 
[12, 18, 22, 19, 8, 26][1, 14, 23, 24, 7][5, 15, 29, 2, 10][11, 25, 28, 16, 27][9, 3, 4, 20][0, 13, 6, 21][1, 9][3, 11][17, 28][17, 22][0, 22][6, 15] 
[12, 18, 22, 19, 8, 26][1, 14, 23, 24, 7][5, 15, 29, 2, 10][11, 25, 28, 16, 27][9, 3, 4, 20][0, 13, 6, 21][1, 9][3, 11][17, 28][17, 22][0, 22][6, 15] 
[12, 18, 22, 19, 8, 26][11, 25, 28, 16, 27][1, 14, 23, 24, 7][5, 15, 29, 2, 10][9, 3, 4, 20][0, 13, 6, 21][17, 28][3, 11][17, 22][1, 9][0, 22][6, 15] 
[12, 18, 22, 19, 8, 26][1, 14, 23, 24, 7][11, 25, 28, 16, 27][5, 15, 29, 2, 10][9, 3, 4, 20][0, 13, 6, 21][1, 9][3, 11][17, 28][17, 22][0, 22][6, 15] 
[12, 18, 22, 19, 8, 26][1, 14, 23, 24, 7][5, 15, 29, 2, 10][11, 25, 28, 16, 27][9, 3, 4, 20][0, 13, 6, 21][1, 9][3, 11][17, 28][17, 22][0, 22][6, 15] 
[12, 18, 22, 19, 8, 26][1, 14, 23, 24, 7][5, 15, 29, 2, 10][11, 25, 28, 16, 27][9, 3, 4, 20][0, 13, 6, 21][1, 9][3, 11][17, 28][17, 22][0, 22][6, 15] 
[12, 18, 22, 19, 8, 26][1, 14, 23, 24, 7][5, 15, 29, 2, 10][11, 25, 28, 16, 27][9, 3, 4, 20][0, 13, 6, 21][1, 9][3, 11][17, 28][17, 22][0, 22][6, 15] 
[12, 18, 22, 19, 8, 26][1, 14, 23, 24, 7][5, 15, 29, 2, 10][11, 25, 28, 16, 27][9, 3, 4, 20][0, 13, 6, 21][1, 9][3, 11][17, 28][17, 22][0, 22][6, 15] 
[12, 18, 22, 19, 8, 26][1, 14, 23, 24, 7][5, 15, 29, 2, 10][11, 25, 28, 16, 27][9, 3, 4, 20][0, 13, 6, 21][1, 9][3, 11][17, 28][17, 22][0, 22][6, 15] 
[12, 18, 22, 19, 8, 26][11, 25, 28, 16, 27][5, 15, 29, 2, 10][1, 14, 23, 24, 7][9, 3, 4, 20][0, 13, 6, 21][17, 28][17, 22][3, 11][0, 22][6, 15][1, 9] 
[12, 18, 22, 19, 8, 26][1, 14, 23, 24, 7][11, 25, 28, 16, 27][5, 15, 29, 2, 10][9, 3, 4, 20][0, 13, 6, 21][1, 9][3, 11][17, 28][17, 22][0, 22][6, 15] 
[12, 18, 22, 19, 8, 26][1, 14, 23, 24, 7][11, 25, 28, 16, 27][5, 15, 29, 2, 10][9, 3, 4, 20][0, 13, 6, 21][1, 9][7, 27][10, 16][6, 15][0, 22][17, 22] 
[12, 18, 22, 19, 8, 26][1, 14, 23, 24, 7][11, 25, 28, 16, 27][5, 15, 29, 2, 10][9, 3, 4, 20][0, 13, 6, 21][1, 9][7, 27][10, 16][6, 15][0, 22][17, 22] 
[12, 18, 22, 19, 8, 26][1, 14, 23, 24, 7][11, 25, 28, 16, 27][5, 15, 29, 2, 10][9, 3, 4, 20][0, 13, 6, 21][17, 22, 18][1, 9][7, 27][10, 16][6, 15][0, 22] 
[12, 18, 22, 19, 8, 26][1, 14, 23, 24, 7][11, 25, 28, 16, 27][5, 15, 29, 2, 10][9, 3, 4, 20][0, 13, 6, 21][17, 22, 18][1, 9][7, 27][10, 16][6, 15][0, 22] 
[12, 18, 22, 19, 8, 26][1, 14, 23, 24, 7][11, 25, 28, 16, 27][5, 15, 29, 2, 10][9, 3, 4, 20][0, 13, 6, 21][1, 9][7, 27][10, 16][6, 15][0, 22][17, 22] 
[12, 18, 22, 19, 8, 26][1, 14, 23, 24, 7][11, 25, 28, 16, 27][5, 15, 29, 2, 10][9, 3, 4, 20][0, 13, 6, 21][17, 0, 22][1, 9][7, 27][16, 27][10, 16][6, 15] 
[12, 18, 22, 19, 8, 26][5, 15, 29, 2, 10][1, 14, 23, 24, 7][0, 13, 6, 21][25, 28, 16, 27][9, 3, 4, 20][11, 17, 28][6, 15][0, 22][17, 22][3, 11][1, 9] 
[12, 18, 22, 19, 8, 26][1, 14, 23, 24, 7][5, 15, 29, 2, 10][9, 3, 4, 20][25, 28, 16, 27][0, 13, 6, 21][11, 17, 28][3, 11][17, 22][0, 22][1, 9][6, 15] 
[12, 18, 22, 19, 8, 26][1, 14, 23, 24, 7][5, 15, 29, 2, 10][25, 28, 16, 27][9, 3, 4, 20][0, 13, 6, 21][11, 17, 28][3, 11][17, 22][0, 22][1, 9][6, 15] 
[12, 18, 22, 19, 8, 26][1, 14, 23, 24, 7][5, 15, 29, 2, 10][25, 28, 16, 27][9, 3, 4, 20][0, 13, 6, 21][11, 17, 28][3, 11][17, 22][0, 22][1, 9][6, 15] 
[12, 18, 22, 19, 8, 26][1, 14, 23, 24, 7][5, 15, 29, 2, 10][9, 3, 4, 20][25, 28, 16, 27][0, 13, 6, 21][11, 17, 28][1, 9][3, 11][17, 22][0, 22][6, 15] 
[12, 18, 22, 19, 8, 26][5, 15, 29, 2, 10][11, 25, 28, 16, 27][1, 14, 23, 24, 7][0, 13, 6, 21][9, 3, 4, 20][6, 15][0, 22][17, 22][17, 28][3, 11][1, 9] 
[12, 18, 22, 19, 8, 26][1, 14, 23, 24, 7][5, 15, 29, 2, 10][9, 3, 4, 20][25, 28, 16, 27][0, 13, 6, 21][11, 17, 28][1, 9][3, 11][17, 22][0, 22][6, 15] 
