[9, 23, 4, 20, 24][5, 21, 15, 10, 29][0, 25, 28, 16, 2][3, 1, 14, 11, 17][22, 19, 8, 26][7, 27, 15][6, 13, 18][12, 18, 22][7, 20][16, 27][0, 18][17, 22] 
[5, 21, 15, 10, 29, 27][0, 25, 28, 16, 2][3, 1, 14, 11, 17][4, 24, 20, 23, 9][22, 19, 8, 26][12, 18, 22][6, 13, 18][0, 18][17, 22][14, 20][7, 20][7, 27] 
[5, 21, 15, 10, 29, 27][0, 25, 28, 16, 2][3, 1, 14, 11, 17][4, 24, 20, 23, 9][22, 19, 8, 26][12, 18, 22][6, 13, 18][0, 18][17, 22][14, 20][7, 20][7, 27] 
[5, 21, 15, 10, 29, 27][0, 25, 28, 16, 2][3, 1, 14, 11, 17][4, 24, 20, 23, 9][22, 19, 8, 26][12, 18, 22][6, 13, 18][0, 18][17, 22][14, 20][7, 20][7, 27] 
[0, 25, 28, 16, 2][3, 1, 14, 11, 17][5, 21, 15, 10, 29][4, 24, 20, 23, 9][22, 19, 8, 26][12, 18, 22][6, 13, 18][7, 27, 15][0, 18][17, 22][16, 27][7, 20] 
[0, 25, 28, 16, 2][3, 1, 14, 11, 17][5, 21, 15, 10, 29][4, 24, 20, 23, 9][22, 19, 8, 26][12, 18, 22][6, 13, 18][7, 27, 15][0, 18][17, 22][16, 27][7, 20] 
[3, 1, 14, 11, 17][0, 25, 28, 16, 2][5, 21, 15, 10, 29][4, 24, 20, 23, 9][22, 19, 8, 26][12, 18, 22][6, 13, 18][7, 27, 15][17, 22][0, 18][16, 27][7, 20] 
[3, 1, 14, 11, 17][0, 25, 28, 16, 2][5, 21, 15, 10, 29][4, 24, 20, 23, 9][22, 19, 8, 26][6, 13, 18][12, 18, 22][7, 27, 15][17, 22][0, 18][16, 27][7, 20] 
[3, 1, 14, 11, 17][0, 25, 28, 16, 2][5, 21, 15, 10, 29][4, 24, 20, 23, 9][22, 19, 8, 26][6, 13, 18][12, 18, 22][7, 27, 15][17, 22][0, 18][16, 27][7, 20] 
[4, 24, 20, 23, 9][5, 21, 15, 10, 29][0, 25, 28, 16, 2][3, 1, 14, 11, 17][22, 19, 8, 26][7, 27, 15][6, 13, 18][12, 18, 22][7, 20][16, 27][0, 18][17, 22] 
[9, 23, 4, 20, 24][5, 21, 15, 10, 29][0, 25, 28, 16, 2][3, 1, 14, 11, 17][22, 19, 8, 26][7, 27, 15][6, 13, 18][12, 18, 22][7, 20][16, 27][0, 18][17, 22] 
[5, 21, 15, 10, 29, 27][0, 25, 28, 16, 2][3, 1, 14, 11, 17][4, 24, 20, 23, 9][22, 19, 8, 26][12, 18, 22][6, 13, 18][0, 18][17, 22][14, 20][7, 20][7, 27] 
[5, 21, 15, 10, 29, 27][0, 25, 28, 16, 2][3, 1, 14, 11, 17][4, 24, 20, 23, 9][22, 19, 8, 26][12, 18, 22][6, 13, 18][0, 18][17, 22][14, 20][7, 20][7, 27] 
[0, 25, 28, 16, 2][3, 1, 14, 11, 17][5, 21, 15, 10, 29][4, 24, 20, 23, 9][22, 19, 8, 26][12, 18, 22][6, 13, 18][7, 27, 15][0, 18][17, 22][16, 27][7, 20] 
[4, 24, 20, 23, 9][5, 21, 15, 10, 29][0, 25, 28, 16, 2][3, 1, 14, 11, 17][22, 19, 8, 26][7, 27, 15][12, 18, 22][6, 13, 18][7, 20][16, 27][0, 18][17, 22] 
[5, 21, 15, 10, 29][4, 24, 20, 23, 9][0, 25, 28, 16, 2][3, 1, 14, 11, 17][22, 19, 8, 26][7, 27, 15][6, 13, 18][12, 18, 22][7, 20][16, 27][0, 18][17, 22] 
[9, 23, 4, 20, 24][5, 21, 15, 10, 29][0, 25, 28, 16, 2][3, 1, 14, 11, 17][22, 19, 8, 26][7, 27, 15][6, 13, 18][12, 18, 22][7, 20][16, 27][0, 18][17, 22] 
[5, 21, 15, 10, 29, 27][0, 25, 28, 16, 2][3, 1, 14, 11, 17][4, 24, 20, 23, 9][22, 19, 8, 26][12, 18, 22][6, 13, 18][0, 18][17, 22][14, 20][7, 20][7, 27] 
[4, 24, 20, 23, 9][5, 21, 15, 10, 29][0, 25, 28, 16, 2][3, 1, 14, 11, 17][22, 19, 8, 26][7, 27, 15][12, 18, 22][6, 13, 18][7, 20][16, 27][0, 18][17, 22] 
[5, 21, 15, 10, 29][0, 25, 28, 16, 2][9, 23, 4, 20, 24][3, 1, 14, 11, 17][22, 19, 8, 26][7, 27, 15][6, 13, 18][12, 18, 22][16, 27][7, 20][0, 18][17, 22] 
[9, 23, 4, 20, 24][5, 21, 15, 10, 29][0, 25, 28, 16, 2][3, 1, 14, 11, 17][22, 19, 8, 26][7, 27, 15][6, 13, 18][12, 18, 22][7, 20][16, 27][0, 18][17, 22] 
[5, 21, 15, 10, 29, 27][0, 25, 28, 16, 2][3, 1, 14, 11, 17][4, 24, 20, 23, 9][22, 19, 8, 26][12, 18, 22][6, 13, 18][0, 18][17, 22][14, 20][7, 20][7, 27] 
[5, 21, 15, 10, 29, 27][0, 25, 28, 16, 2][3, 1, 14, 11, 17][4, 24, 20, 23, 9][22, 19, 8, 26][12, 18, 22][6, 13, 18][0, 18][17, 22][14, 20][7, 20][7, 27] 
[0, 25, 28, 16, 2][3, 1, 14, 11, 17][5, 21, 15, 10, 29][4, 24, 20, 23, 9][22, 19, 8, 26][12, 18, 22][6, 13, 18][7, 27, 15][0, 18][17, 22][16, 27][7, 20] 
[0, 25, 28, 16, 2][3, 1, 14, 11, 17][5, 21, 15, 10, 29][4, 24, 20, 23, 9][22, 19, 8, 26][12, 18, 22][6, 13, 18][7, 27, 15][0, 18][17, 22][16, 27][7, 20] 
[3, 1, 14, 11, 17][0, 25, 28, 16, 2][5, 21, 15, 10, 29][4, 24, 20, 23, 9][22, 19, 8, 26][12, 18, 22][6, 13, 18][7, 27, 15][17, 22][0, 18][16, 27][7, 20] 
[9, 23, 4, 20, 24][5, 21, 15, 10, 29][0, 25, 28, 16, 2][3, 1, 14, 11, 17][22, 19, 8, 26][7, 27, 15][6, 13, 18][12, 18, 22][7, 20][16, 27][0, 18][17, 22] 
[5, 21, 15, 10, 29, 27][0, 25, 28, 16, 2][3, 1, 14, 11, 17][4, 24, 20, 23, 9][22, 19, 8, 26][12, 18, 22][6, 13, 18][0, 18][17, 22][14, 20][7, 20][7, 27] 
[3, 1, 14, 11, 17][0, 25, 28, 16, 2][5, 21, 15, 10, 29][4, 24, 20, 23, 9][22, 19, 8, 26][12, 18, 22][6, 13, 18][7, 27, 15][17, 22][0, 18][16, 27][7, 20] 
[5, 21, 15, 10, 29][0, 25, 28, 16, 2][9, 23, 4, 20, 24][3, 1, 14, 11, 17][22, 19, 8, 26][7, 27, 15][6, 13, 18][12, 18, 22][16, 27][7, 20][0, 18][17, 22] 
[9, 23, 4, 20, 24][5, 21, 15, 10, 29][0, 25, 28, 16, 2][3, 1, 14, 11, 17][22, 19, 8, 26][7, 27, 15][6, 13, 18][12, 18, 22][7, 20][16, 27][0, 18][17, 22] 
[5, 21, 15, 10, 29, 27][0, 25, 28, 16, 2][3, 1, 14, 11, 17][4, 24, 20, 23, 9][22, 19, 8, 26][12, 18, 22][6, 13, 18][0, 18][17, 22][14, 20][7, 20][7, 27] 
[3, 1, 14, 11, 17][0, 25, 28, 16, 2][5, 21, 15, 10, 29][4, 24, 20, 23, 9][22, 19, 8, 26][12, 18, 22][6, 13, 18][7, 27, 15][17, 22][0, 18][16, 27][7, 20] 
[9, 23, 4, 20, 24][5, 21, 15, 10, 29][0, 25, 28, 16, 2][3, 1, 14, 11, 17][22, 19, 8, 26][7, 27, 15][12, 18, 22][6, 13, 18][7, 20][16, 27][0, 18][17, 22] 
[0, 25, 28, 16, 2][5, 21, 15, 10, 29][3, 1, 14, 11, 17][9, 23, 4, 20, 24][22, 19, 8, 26][12, 18, 22][6, 13, 18][7, 27, 15][0, 18][16, 27][17, 22][7, 20] 
[6, 15, 5, 21, 10, 2, 16, 28, 0, 13, 18, 19, 17][1, 24, 3, 9, 14, 11, 25, 22, 19, 12, 8, 26][9, 23, 4, 20][10, 29, 27][5, 21][7, 27][5, 21][13, 18][18, 19][5, 21][5, 21][5, 21] 
[6, 15, 5, 21, 10, 2, 16, 28, 0, 13, 18, 19, 17][9, 14, 11, 25, 22, 19, 12, 8, 26][3, 1, 24, 20, 4, 23, 9][10, 29, 27][7, 20][13, 18][2, 16][5, 21][2, 16][5, 21][5, 21][13, 18] 
[6, 15, 5, 21, 10, 2, 16, 28, 0, 13, 18, 19, 17][9, 14, 11, 25, 22, 19, 12, 8, 26][3, 1, 24, 20, 4, 23, 9][10, 29, 27][7, 20][13, 18][2, 16][5, 21][2, 16][5, 21][5, 21][13, 18] 
[1, 24, 3, 9, 14, 11, 25, 22, 19, 12, 8, 26][6, 15, 5, 21, 10, 2, 16, 28, 0, 13, 18][5, 21, 15, 6, 2, 7, 27, 29, 10][3, 1, 24, 20, 4, 23, 9][7, 20][5, 21][2, 16][5, 21][5, 21][5, 21][17, 22][5, 21] 
[1, 24, 3, 9, 14, 11, 25, 22, 19, 12, 8, 26][6, 15, 5, 21, 10, 2, 16, 28, 0, 13, 18][3, 1, 24, 20, 4, 23, 9][7, 27, 29, 10][7, 20][5, 21][2, 16][5, 21][5, 21][5, 21][17, 22][5, 21] 
[6, 15, 5, 21, 10, 2, 16, 28, 0, 13, 18][9, 14, 11, 25, 22, 19, 12, 8, 26][3, 1, 24, 20, 4, 23, 9][7, 27, 29, 10][7, 20][5, 21][2, 16][5, 21][5, 21][5, 21][17, 22][5, 21] 
[6, 15, 5, 21, 10, 2, 16, 28, 0, 13, 18, 19, 17][1, 24, 3, 9, 14, 11, 25, 22, 19, 12, 8, 26][9, 23, 4, 20][10, 29, 27][5, 21][7, 27][5, 21][13, 18][18, 19][5, 21][5, 21][5, 21] 
[6, 15, 5, 21, 10, 2, 16, 28, 0, 13, 18, 19, 17][1, 24, 3, 9, 14, 11, 25, 22, 19, 12, 8, 26][9, 23, 4, 20][10, 29, 27][5, 21][7, 27][5, 21][13, 18][18, 19][5, 21][5, 21][5, 21] 
[1, 24, 3, 9, 14, 11, 25, 22, 19, 12, 8, 26][6, 15, 5, 21, 10, 2, 16, 28, 0, 13, 18][5, 21, 15, 6, 2, 7, 27, 29, 10][3, 1, 24, 20, 4, 23, 9][7, 20][5, 21][2, 16][5, 21][5, 21][5, 21][17, 22][5, 21] 
[6, 15, 5, 21, 10, 2, 16, 28, 0, 13, 18, 19, 17][1, 24, 3, 9, 14, 11, 25, 22, 19, 12, 8, 26][9, 23, 4, 20][10, 29, 27][5, 21][7, 27][5, 21][13, 18][18, 19][5, 21][5, 21][5, 21] 
[6, 15, 5, 21, 10, 2, 16, 28, 0, 13, 18, 19, 17][1, 24, 3, 9, 14, 11, 25, 22, 19, 12, 8, 26][9, 23, 4, 20][10, 29, 27][7, 27][5, 21][13, 18][5, 21][5, 21][5, 21][5, 21][13, 18] 
[6, 15, 5, 21, 10, 2, 16, 28, 0, 13, 18, 19, 17][9, 14, 11, 25, 22, 19, 12, 8, 26][3, 1, 24, 20, 4, 23, 9][10, 29, 27][7, 20][13, 18][2, 16][5, 21][2, 16][5, 21][5, 21][13, 18] 
[1, 24, 3, 9, 14, 11, 25, 22, 19, 12, 8, 26][6, 15, 5, 21, 10, 2, 16, 28, 0, 13, 18][3, 1, 24, 20, 4, 23, 9][7, 27, 29, 10][7, 20][5, 21][2, 16][5, 21][5, 21][5, 21][17, 22][5, 21] 
[6, 15, 5, 21, 10, 2, 16, 28, 0, 13, 18, 19, 17][9, 14, 11, 25, 22, 19, 12, 8, 26][3, 1, 24, 20, 4, 23, 9][10, 29, 27][7, 20][13, 18][2, 16][5, 21][2, 16][5, 21][5, 21][13, 18] 
[6, 15, 5, 21, 10, 2, 16, 28, 0, 13, 18, 19, 17][9, 14, 11, 25, 22, 19, 12, 8, 26][3, 1, 24, 20, 4, 23, 9][10, 29, 27][7, 20][13, 18][2, 16][5, 21][2, 16][5, 21][5, 21][13, 18] 
[6, 15, 5, 21, 10, 2, 16, 28, 0, 13, 18, 19, 17][1, 24, 3, 9, 14, 11, 25, 22, 19, 12, 8, 26][9, 23, 4, 20][10, 29, 27][5, 21][7, 27][5, 21][13, 18][18, 19][5, 21][5, 21][5, 21] 
[6, 15, 5, 21, 10, 2, 16, 28, 0, 13, 18, 19, 17][1, 24, 3, 9, 14, 11, 25, 22, 19, 12, 8, 26][9, 23, 4, 20][10, 29, 27][5, 21][7, 27][5, 21][13, 18][18, 19][5, 21][5, 21][5, 21] 
[6, 15, 5, 21, 10, 2, 16, 28, 0, 13, 18, 19, 17][9, 14, 11, 25, 22, 19, 12, 8, 26][3, 1, 24, 20, 4, 23, 9][10, 29, 27][7, 20][13, 18][2, 16][5, 21][2, 16][5, 21][5, 21][13, 18] 
[6, 15, 5, 21, 10, 2, 16, 28, 0, 13, 18, 19, 17][1, 24, 3, 9, 14, 11, 25, 22, 19, 12, 8, 26][9, 23, 4, 20][10, 29, 27][5, 21][7, 27][5, 21][13, 18][18, 19][5, 21][5, 21][5, 21] 
[6, 15, 5, 21, 10, 2, 16, 28, 0, 13, 18, 19, 17][1, 24, 3, 9, 14, 11, 25, 22, 19, 12, 8, 26][9, 23, 4, 20][10, 29, 27][5, 21][7, 27][5, 21][13, 18][18, 19][5, 21][5, 21][5, 21] 
[6, 15, 5, 21, 10, 2, 16, 28, 0, 13, 18, 19, 17][1, 24, 3, 9, 14, 11, 25, 22, 19, 12, 8, 26][9, 23, 4, 20][10, 29, 27][5, 21][7, 27][5, 21][13, 18][18, 19][5, 21][5, 21][5, 21] 
[5, 21, 15, 10, 29][4, 24, 20, 23, 9][0, 25, 28, 16, 2][3, 1, 14, 11, 17][22, 19, 8, 26][7, 27, 15][6, 13, 18][12, 18, 22][7, 20][16, 27][0, 18][17, 22] 
[0, 25, 28, 16, 2][3, 1, 14, 11, 17][5, 21, 15, 10, 29][4, 24, 20, 23, 9][22, 19, 8, 26][12, 18, 22][6, 13, 18][7, 27, 15][0, 18][17, 22][16, 27][7, 20] 
[0, 25, 28, 16, 2][3, 1, 14, 11, 17][5, 21, 15, 10, 29][4, 24, 20, 23, 9][22, 19, 8, 26][12, 18, 22][6, 13, 18][7, 27, 15][0, 18][17, 22][16, 27][7, 20] 
[3, 1, 14, 11, 17][0, 25, 28, 16, 2][5, 21, 15, 10, 29][4, 24, 20, 23, 9][22, 19, 8, 26][12, 18, 22][6, 13, 18][7, 27, 15][17, 22][0, 18][16, 27][7, 20] 
[4, 24, 20, 23, 9][5, 21, 15, 10, 29][0, 25, 28, 16, 2][3, 1, 14, 11, 17][22, 19, 8, 26][7, 27, 15][12, 18, 22][6, 13, 18][7, 20][16, 27][0, 18][17, 22] 
[3, 1, 14, 11, 17][0, 25, 28, 16, 2][5, 21, 15, 10, 29][4, 24, 20, 23, 9][22, 19, 8, 26][12, 18, 22][6, 13, 18][7, 27, 15][17, 22][0, 18][16, 27][7, 20] 
[3, 1, 14, 11, 17][0, 25, 28, 16, 2][5, 21, 15, 10, 29][4, 24, 20, 23, 9][22, 19, 8, 26][12, 18, 22][6, 13, 18][7, 27, 15][17, 22][0, 18][16, 27][7, 20] 
[0, 25, 28, 16, 2][3, 1, 14, 11, 17][5, 21, 15, 10, 29][4, 24, 20, 23, 9][22, 19, 8, 26][12, 18, 22][6, 13, 18][7, 27, 15][0, 18][17, 22][16, 27][7, 20] 
[3, 1, 14, 11, 17][0, 25, 28, 16, 2][5, 21, 15, 10, 29][4, 24, 20, 23, 9][22, 19, 8, 26][12, 18, 22][6, 13, 18][7, 27, 15][17, 22][0, 18][16, 27][7, 20] 
[0, 25, 28, 16, 2][3, 1, 14, 11, 17][5, 21, 15, 10, 29][4, 24, 20, 23, 9][22, 19, 8, 26][12, 18, 22][6, 13, 18][7, 27, 15][0, 18][17, 22][16, 27][7, 20] 
[3, 1, 14, 11, 17][0, 25, 28, 16, 2][5, 21, 15, 10, 29][4, 24, 20, 23, 9][22, 19, 8, 26][12, 18, 22][6, 13, 18][7, 27, 15][17, 22][0, 18][16, 27][7, 20] 
[3, 1, 14, 11, 17][0, 25, 28, 16, 2][5, 21, 15, 10, 29][4, 24, 20, 23, 9][22, 19, 8, 26][12, 18, 22][6, 13, 18][7, 27, 15][17, 22][0, 18][16, 27][7, 20] 
[3, 1, 14, 11, 17][0, 25, 28, 16, 2][5, 21, 15, 10, 29][4, 24, 20, 23, 9][22, 19, 8, 26][12, 18, 22][6, 13, 18][7, 27, 15][17, 22][0, 18][16, 27][7, 20] 
[3, 1, 14, 11, 17][0, 25, 28, 16, 2][5, 21, 15, 10, 29][4, 24, 20, 23, 9][22, 19, 8, 26][12, 18, 22][6, 13, 18][7, 27, 15][17, 22][0, 18][16, 27][7, 20] 
[0, 25, 28, 16, 2][3, 1, 14, 11, 17][5, 21, 15, 10, 29][4, 24, 20, 23, 9][22, 19, 8, 26][12, 18, 22][6, 13, 18][7, 27, 15][0, 18][17, 22][16, 27][7, 20] 
[9, 23, 4, 20, 24][5, 21, 15, 10, 29][0, 25, 28, 16, 2][3, 1, 14, 11, 17][22, 19, 8, 26][7, 27, 15][6, 13, 18][12, 18, 22][7, 20][16, 27][0, 18][17, 22] 
[5, 21, 15, 10, 29][9, 23, 4, 20, 24][0, 25, 28, 16, 2][3, 1, 14, 11, 17][22, 19, 8, 26][7, 27, 15][12, 18, 22][6, 13, 18][7, 20][16, 27][0, 18][17, 22] 
[9, 23, 4, 20, 24][5, 21, 15, 10, 29][0, 25, 28, 16, 2][3, 1, 14, 11, 17][22, 19, 8, 26][7, 27, 15][6, 13, 18][12, 18, 22][7, 20][16, 27][0, 18][17, 22] 
[9, 23, 4, 20, 24][5, 21, 15, 10, 29][0, 25, 28, 16, 2][3, 1, 14, 11, 17][22, 19, 8, 26][7, 27, 15][6, 13, 18][12, 18, 22][7, 20][16, 27][0, 18][17, 22] 
[9, 23, 4, 20, 24][5, 21, 15, 10, 29][0, 25, 28, 16, 2][3, 1, 14, 11, 17][22, 19, 8, 26][7, 27, 15][6, 13, 18][12, 18, 22][7, 20][16, 27][0, 18][17, 22] 
[3, 1, 14, 11, 17][0, 25, 28, 16, 2][5, 21, 15, 10, 29][9, 23, 4, 20, 24][22, 19, 8, 26][12, 18, 22][6, 13, 18][7, 27, 29][17, 22][0, 18][16, 27][7, 20] 
[4, 24, 20, 23, 9][5, 21, 15, 10, 29][0, 25, 28, 16, 2][3, 1, 14, 11, 17][22, 19, 8, 26][7, 27, 15][12, 18, 22][6, 13, 18][7, 20][16, 27][0, 18][17, 22] 
[0, 25, 28, 16, 2][3, 1, 14, 11, 17][5, 21, 15, 10, 29][4, 24, 20, 23, 9][22, 19, 8, 26][12, 18, 22][6, 13, 18][7, 27, 15][0, 18][17, 22][16, 27][7, 20] 
[0, 25, 28, 16, 2][3, 1, 14, 11, 17][5, 21, 15, 10, 29][4, 24, 20, 23, 9][22, 19, 8, 26][6, 13, 18][12, 18, 22][7, 27, 15][0, 18][17, 22][16, 27][7, 20] 
[5, 21, 15, 10, 29][0, 25, 28, 16, 2][4, 24, 20, 23, 9][3, 1, 14, 11, 17][22, 19, 8, 26][7, 27, 15][12, 18, 22][6, 13, 18][16, 27][0, 18][7, 20][17, 22] 
[4, 24, 20, 23, 9][5, 21, 15, 10, 29][0, 25, 28, 16, 2][3, 1, 14, 11, 17][22, 19, 8, 26][7, 27, 15][12, 18, 22][6, 13, 18][7, 20][16, 27][0, 18][17, 22] 
[5, 21, 15, 10, 29, 27, 7][4, 24, 20, 23, 9][3, 1, 14, 11, 17][0, 25, 28, 16, 2][12, 18, 22][6, 13, 18][19, 8, 26][7, 20][14, 20][17, 22][19, 22][0, 18] 
[0, 25, 28, 16, 2][3, 1, 14, 11, 17][5, 21, 15, 10, 29][4, 24, 20, 23, 9][22, 19, 8, 26][12, 18, 22][6, 13, 18][7, 27, 15][0, 18][17, 22][16, 27][7, 20] 
[0, 25, 28, 16, 2][3, 1, 14, 11, 17][5, 21, 15, 10, 29][9, 23, 4, 20, 24][22, 19, 8, 26][12, 18, 22][6, 13, 18][7, 27, 15][0, 18][17, 22][16, 27][7, 20] 
[5, 21, 15, 10, 29][9, 23, 4, 20, 24][0, 25, 28, 16, 2][3, 1, 14, 11, 17][22, 19, 8, 26][7, 27, 15][12, 18, 22][6, 13, 18][7, 20][16, 27][0, 18][17, 22] 
[5, 21, 15, 10, 29][9, 23, 4, 20, 24][0, 25, 28, 16, 2][3, 1, 14, 11, 17][22, 19, 8, 26][7, 27, 15][12, 18, 22][6, 13, 18][7, 20][16, 27][0, 18][17, 22] 
[0, 25, 28, 16, 2][3, 1, 14, 11, 17][5, 21, 15, 10, 29][9, 23, 4, 20, 24][22, 19, 8, 26][6, 13, 18][12, 18, 22][7, 27, 15][0, 18][17, 22][16, 27][7, 20] 
[0, 25, 28, 16, 2][5, 21, 15, 10, 29][9, 23, 4, 20, 24][3, 1, 14, 11, 17][22, 19, 8, 26][12, 18, 22][6, 13, 18][7, 27, 15][0, 18][16, 27][7, 20][17, 22] 
[0, 25, 28, 16, 2][5, 21, 15, 10, 29][9, 23, 4, 20, 24][3, 1, 14, 11, 17][22, 19, 8, 26][12, 18, 22][6, 13, 18][7, 27, 15][0, 18][16, 27][7, 20][17, 22] 
[0, 25, 28, 16, 2][3, 1, 14, 11, 17][5, 21, 15, 10, 29][9, 23, 4, 20, 24][22, 19, 8, 26][12, 18, 22][6, 13, 18][7, 27, 15][0, 18][17, 22][16, 27][7, 20] 
[5, 21, 15, 10, 29][9, 23, 4, 20, 24][0, 25, 28, 16, 2][3, 1, 14, 11, 17][22, 19, 8, 26][7, 27, 15][12, 18, 22][6, 13, 18][7, 20][16, 27][0, 18][17, 22] 
[0, 25, 28, 16, 2][3, 1, 14, 11, 17][5, 21, 15, 10, 29][9, 23, 4, 20, 24][22, 19, 8, 26][6, 13, 18][12, 18, 22][7, 27, 15][0, 18][17, 22][16, 27][7, 20] 
[9, 23, 4, 20, 24][5, 21, 15, 10, 29][0, 25, 28, 16, 2][3, 1, 14, 11, 17][22, 19, 8, 26][7, 27, 15][6, 13, 18][12, 18, 22][7, 20][16, 27][0, 18][17, 22] 
[0, 25, 28, 16, 2][5, 21, 15, 10, 29][3, 1, 14, 11, 17][9, 23, 4, 20, 24][22, 19, 8, 26][12, 18, 22][6, 13, 18][7, 27, 15][0, 18][16, 27][17, 22][7, 20] 
[3, 1, 14, 11, 17][0, 25, 28, 16, 2][5, 21, 15, 10, 29][9, 23, 4, 20, 24][22, 19, 8, 26][6, 13, 18][12, 18, 22][7, 27, 15][17, 22][0, 18][16, 27][7, 20] 
[3, 1, 14, 11, 17][0, 25, 28, 16, 2][5, 21, 15, 10, 29][9, 23, 4, 20, 24][22, 19, 8, 26][6, 13, 18][12, 18, 22][7, 27, 15][17, 22][0, 18][16, 27][7, 20] 
[3, 1, 14, 11, 17][0, 25, 28, 16, 2][5, 21, 15, 10, 29][9, 23, 4, 20, 24][22, 19, 8, 26][12, 18, 22][6, 13, 18][7, 27, 15][17, 22][0, 18][16, 27][7, 20] 
[9, 23, 4, 20, 24][5, 21, 15, 10, 29][0, 25, 28, 16, 2][3, 1, 14, 11, 17][22, 19, 8, 26][7, 27, 15][6, 13, 18][12, 18, 22][7, 20][16, 27][0, 18][17, 22] 
[5, 21, 15, 10, 29, 27, 7][3, 1, 14, 11, 17][9, 23, 4, 20, 24][0, 25, 28, 16, 2][22, 19, 8, 26][12, 18, 22][6, 13, 18][17, 22][14, 20][0, 18][7, 20][8, 19] 
[5, 21, 15, 10, 29, 27, 7][3, 1, 14, 11, 17][0, 25, 28, 16, 2][9, 23, 4, 20, 24][22, 19, 8, 26][12, 18, 22][6, 13, 18][8, 19][17, 22][0, 18][14, 20][7, 20] 
[5, 21, 15, 10, 29, 27, 7][0, 25, 28, 16, 2][3, 1, 14, 11, 17][9, 23, 4, 20, 24][22, 19, 8, 26][6, 13, 18][12, 18, 22][0, 18][17, 22][14, 20][7, 20][27, 29] 
[5, 21, 15, 10, 29, 27, 7][3, 1, 14, 11, 17][0, 25, 28, 16, 2][9, 23, 4, 20, 24][22, 19, 8, 26][12, 18, 22][6, 13, 18][8, 19][17, 22][0, 18][14, 20][7, 20] 
[5, 21, 15, 10, 29, 27, 7][0, 25, 28, 16, 2][3, 1, 14, 11, 17][9, 23, 4, 20, 24][22, 19, 8, 26][6, 13, 18][12, 18, 22][0, 18][17, 22][14, 20][7, 20][27, 29] 
[5, 21, 15, 10, 29, 27, 7][0, 25, 28, 16, 2][3, 1, 14, 11, 17][9, 23, 4, 20, 24][22, 19, 8, 26][12, 18, 22][6, 13, 18][0, 18][17, 22][16, 27][7, 20][27, 29] 
[0, 25, 28, 16, 2][3, 1, 14, 11, 17][5, 21, 15, 10, 29][4, 24, 20, 23, 9][22, 19, 8, 26][12, 18, 22][6, 13, 18][7, 27, 15][0, 18][17, 22][16, 27][7, 20] 
[0, 25, 28, 16, 2][3, 1, 14, 11, 17][5, 21, 15, 10, 29][4, 24, 20, 23, 9][22, 19, 8, 26][12, 18, 22][6, 13, 18][7, 27, 15][0, 18][17, 22][16, 27][7, 20] 
[4, 24, 20, 23, 9][5, 21, 15, 10, 29][0, 25, 28, 16, 2][3, 1, 14, 11, 17][22, 19, 8, 26][7, 27, 15][12, 18, 22][6, 13, 18][7, 20][16, 27][0, 18][17, 22] 
[3, 1, 14, 11, 17][0, 25, 28, 16, 2][5, 21, 15, 10, 29][4, 24, 20, 23, 9][22, 19, 8, 26][12, 18, 22][6, 13, 18][7, 27, 15][17, 22][0, 18][16, 27][7, 20] 
[3, 1, 14, 11, 17][0, 25, 28, 16, 2][5, 21, 15, 10, 29][4, 24, 20, 23, 9][22, 19, 8, 26][12, 18, 22][6, 13, 18][7, 27, 15][17, 22][0, 18][16, 27][7, 20] 
[9, 23, 4, 20, 24][5, 21, 15, 10, 29][0, 25, 28, 16, 2][3, 1, 14, 11, 17][22, 19, 8, 26][7, 27, 15][6, 13, 18][12, 18, 22][7, 20][16, 27][0, 18][17, 22] 
[4, 24, 20, 23, 9][5, 21, 15, 10, 29][0, 25, 28, 16, 2][3, 1, 14, 11, 17][22, 19, 8, 26][7, 27, 15][12, 18, 22][6, 13, 18][7, 20][16, 27][0, 18][17, 22] 
