[19, 18, 0, 12, 8, 26][1, 9, 3, 11, 17][23, 24, 20, 7, 27][2, 29, 15, 16, 28][5, 21, 10, 6, 13][4, 14, 24][22, 25][0, 22][11, 25][11, 14][25, 28][10, 16] 
[17, 11, 3, 9, 1, 23][19, 18, 0, 12, 8, 26][2, 29, 15, 16, 28][5, 21, 10, 6, 13][24, 20, 7, 27][4, 24, 14][11, 14][11, 25][22, 25][0, 22][25, 28][10, 16] 
[17, 11, 3, 9, 1, 23][19, 18, 0, 12, 8, 26][2, 29, 15, 16, 28][5, 21, 10, 6, 13][24, 20, 7, 27][4, 24, 14][11, 14][11, 25][25, 28][22, 25][0, 22][10, 16] 
[17, 11, 3, 9, 1, 23][19, 18, 0, 12, 8, 26][2, 29, 15, 16, 28][5, 21, 10, 6, 13][24, 20, 7, 27][4, 24, 14][22, 25][11, 25][25, 28][10, 16][0, 22][11, 14] 
[19, 18, 0, 12, 8, 26][1, 9, 3, 11, 17][2, 29, 15, 16, 28][5, 21, 10, 6, 13][23, 20, 7, 27][14, 11, 25][4, 24, 14][25, 28][22, 25][0, 22][10, 16][20, 24] 
[19, 18, 0, 12, 8, 26][1, 9, 3, 11, 17][2, 29, 15, 16, 28][5, 21, 10, 6, 13][23, 20, 7, 27][14, 11, 25][4, 24, 14][20, 24][22, 25][0, 22][25, 28][10, 16] 
[19, 18, 0, 12, 8, 26][1, 9, 3, 11, 17][2, 29, 15, 16, 28][5, 21, 10, 6, 13][23, 20, 7, 27][14, 11, 25][4, 24, 14][20, 24][22, 25][0, 22][25, 28][10, 16] 
[19, 18, 0, 12, 8, 26][1, 9, 3, 11, 17][2, 29, 15, 16, 28][5, 21, 10, 6, 13][23, 20, 7, 27][14, 11, 25][4, 24, 14][25, 28][22, 25][20, 24][10, 16][0, 22] 
[19, 18, 0, 12, 8, 26][1, 9, 3, 11, 17][2, 29, 15, 16, 28][5, 21, 10, 6, 13][23, 20, 7, 27][14, 11, 25][4, 24, 14][25, 28][22, 25][20, 24][10, 16][0, 22] 
[19, 18, 0, 12, 8, 26][5, 21, 10, 6, 13][2, 29, 15, 16, 28][1, 9, 3, 11, 17][23, 20, 7, 27][14, 11, 25][4, 24, 14][10, 16][25, 28][20, 24][22, 25][0, 22] 
[19, 18, 0, 12, 8, 26][23, 24, 20, 7, 27][1, 9, 3, 11, 17][2, 29, 15, 16, 28][5, 21, 10, 6, 13][4, 14, 24][11, 14][11, 25][22, 25][0, 22][25, 28][10, 16] 
[17, 11, 3, 9, 1, 23][19, 18, 0, 12, 8, 26][2, 29, 15, 16, 28][5, 21, 10, 6, 13][24, 20, 7, 27][4, 24, 14][22, 25][11, 25][25, 28][10, 16][0, 22][11, 14] 
[17, 11, 3, 9, 1, 23][19, 18, 0, 12, 8, 26][2, 29, 15, 16, 28][5, 21, 10, 6, 13][24, 20, 7, 27][4, 24, 14][11, 14][11, 25][25, 28][22, 25][0, 22][10, 16] 
[19, 18, 0, 12, 8, 26][1, 9, 3, 11, 17][2, 29, 15, 16, 28][5, 21, 10, 6, 13][23, 20, 7, 27][14, 11, 25][4, 24, 14][20, 24][22, 25][0, 22][25, 28][10, 16] 
[19, 18, 0, 12, 8, 26][2, 29, 15, 16, 28][5, 21, 10, 6, 13][1, 9, 3, 11, 17][23, 20, 7, 27][14, 11, 25][4, 24, 14][10, 16][25, 28][22, 25][0, 22][20, 24] 
[19, 18, 0, 12, 8, 26][1, 9, 3, 11, 17][2, 29, 15, 16, 28][5, 21, 10, 6, 13][23, 20, 7, 27][14, 11, 25][4, 24, 14][20, 24][22, 25][0, 22][25, 28][10, 16] 
[19, 18, 0, 12, 8, 26][23, 24, 20, 7, 27][1, 9, 3, 11, 17][2, 29, 15, 16, 28][5, 21, 10, 6, 13][4, 14, 24][11, 14][11, 25][22, 25][0, 22][25, 28][10, 16] 
[17, 11, 3, 9, 1, 23][19, 18, 0, 12, 8, 26][2, 29, 15, 16, 28][5, 21, 10, 6, 13][24, 20, 7, 27][4, 24, 14][11, 14][11, 25][22, 25][0, 22][25, 28][10, 16] 
[19, 18, 0, 12, 8, 26][1, 9, 3, 11, 17][2, 29, 15, 16, 28][5, 21, 10, 6, 13][23, 20, 7, 27][14, 11, 25][4, 24, 14][20, 24][22, 25][0, 22][25, 28][10, 16] 
[19, 18, 0, 12, 8, 26][2, 29, 15, 16, 28][1, 9, 3, 11, 17][5, 21, 10, 6, 13][23, 24, 20, 7, 27][4, 14, 24][22, 25][25, 28][11, 25][10, 16][11, 14][0, 22] 
[19, 18, 0, 12, 8, 26][2, 29, 15, 16, 28][5, 21, 10, 6, 13][1, 9, 3, 11, 17][23, 24, 20, 7, 27][4, 14, 24][10, 16][25, 28][22, 25][0, 22][11, 25][11, 14] 
[17, 11, 3, 9, 1, 23][19, 18, 0, 12, 8, 26][2, 29, 15, 16, 28][5, 21, 10, 6, 13][24, 20, 7, 27][4, 24, 14][11, 14][11, 25][22, 25][0, 22][25, 28][10, 16] 
[17, 11, 3, 9, 1, 23][19, 18, 0, 12, 8, 26][2, 29, 15, 16, 28][5, 21, 10, 6, 13][24, 20, 7, 27][4, 24, 14][22, 25][11, 25][25, 28][10, 16][0, 22][11, 14] 
[19, 18, 0, 12, 8, 26][5, 21, 10, 6, 13][2, 29, 15, 16, 28][1, 9, 3, 11, 17][23, 20, 7, 27][14, 11, 25][4, 24, 14][10, 16][25, 28][20, 24][22, 25][0, 22] 
[19, 18, 0, 12, 8, 26][1, 9, 3, 11, 17][2, 29, 15, 16, 28][5, 21, 10, 6, 13][23, 20, 7, 27][14, 11, 25][4, 24, 14][20, 24][22, 25][0, 22][25, 28][10, 16] 
[19, 18, 0, 12, 8, 26][1, 9, 3, 11, 17][2, 29, 15, 16, 28][5, 21, 10, 6, 13][23, 20, 7, 27][14, 11, 25][4, 24, 14][20, 24][22, 25][0, 22][25, 28][10, 16] 
[19, 18, 0, 12, 8, 26][1, 9, 3, 11, 17][23, 24, 20, 7, 27][2, 29, 15, 16, 28][5, 21, 10, 6, 13][4, 14, 24][22, 25][0, 22][11, 25][11, 14][25, 28][10, 16] 
[17, 11, 3, 9, 1, 23][19, 18, 0, 12, 8, 26][2, 29, 15, 16, 28][5, 21, 10, 6, 13][24, 20, 7, 27][4, 24, 14][22, 25][11, 25][25, 28][10, 16][0, 22][11, 14] 
[19, 18, 0, 12, 8, 26][1, 9, 3, 11, 17][2, 29, 15, 16, 28][5, 21, 10, 6, 13][23, 20, 7, 27][14, 11, 25][4, 24, 14][20, 24][22, 25][0, 22][25, 28][10, 16] 
[19, 18, 0, 12, 8, 26][2, 29, 15, 16, 28][5, 21, 10, 6, 13][1, 9, 3, 11, 17][23, 24, 20, 7, 27][4, 14, 24][10, 16][25, 28][11, 25][22, 25][0, 22][11, 14] 
[19, 18, 0, 12, 8, 26][1, 9, 3, 11, 17][23, 24, 20, 7, 27][2, 29, 15, 16, 28][5, 21, 10, 6, 13][4, 14, 24][22, 25][0, 22][11, 25][11, 14][25, 28][10, 16] 
[17, 11, 3, 9, 1, 23][19, 18, 0, 12, 8, 26][2, 29, 15, 16, 28][5, 21, 10, 6, 13][24, 20, 7, 27][4, 24, 14][11, 14][11, 25][22, 25][0, 22][25, 28][10, 16] 
[19, 18, 0, 12, 8, 26][1, 9, 3, 11, 17][2, 29, 15, 16, 28][5, 21, 10, 6, 13][23, 20, 7, 27][14, 11, 25][4, 24, 14][25, 28][22, 25][0, 22][10, 16][20, 24] 
[19, 18, 0, 12, 8, 26][1, 9, 3, 11, 17][23, 24, 20, 7, 27][2, 29, 15, 16, 28][5, 21, 10, 6, 13][4, 14, 24][22, 25][0, 22][11, 25][11, 14][25, 28][10, 16] 
[19, 18, 0, 12, 8, 26][1, 9, 3, 11, 17][23, 24, 20, 7, 27][2, 29, 15, 16, 28][5, 21, 10, 6, 13][4, 14, 24][11, 14][22, 25][0, 22][25, 28][10, 16][11, 25] 
[13, 6, 16, 28, 17, 12, 19, 8, 26, 0, 18, 22, 25][7, 4, 3, 24, 20, 23, 1, 9, 14, 11, 17][5, 15, 10, 29, 2, 27][6, 10, 21][16, 28][2, 29][1, 9][8, 26][9, 14][2, 29][18, 22][8, 26] 
[13, 6, 16, 28, 17, 12, 19, 8, 26, 0, 18, 22, 25][7, 4, 3, 24, 20, 23, 1, 9, 14, 11, 17][5, 15, 10, 29, 2, 27][6, 10, 21][16, 28][2, 29][1, 9][8, 26][9, 14][2, 29][18, 22][8, 26] 
[13, 6, 16, 28, 17, 12, 19, 8, 26, 0, 18, 22, 25][7, 4, 3, 24, 20, 23, 1, 9, 14, 11, 17][5, 15, 10, 29, 2, 27][6, 10, 21][16, 28][2, 29][1, 9][8, 26][9, 14][2, 29][18, 22][8, 26] 
[13, 6, 16, 28, 17, 12, 19, 8, 26, 0, 18, 22, 25][10, 7, 4, 3, 24, 20, 23, 1, 9, 14, 11][5, 15, 10, 29, 2, 27][6, 10, 21][1, 23][4, 7][18, 22][18, 22][4, 7][18, 22][4, 7][16, 28] 
[13, 6, 16, 28, 17, 12, 19, 8, 26, 0, 18, 22, 25][10, 7, 4, 3, 24, 20, 23, 1, 9, 14, 11][5, 15, 10, 29, 2, 27][6, 10, 21][1, 23][4, 7][18, 22][18, 22][4, 7][18, 22][4, 7][16, 28] 
[13, 6, 16, 28, 17, 12, 19, 8, 26, 0, 18, 22, 25][10, 7, 4, 3, 24, 20, 23, 1, 9, 14, 11][5, 15, 10, 29, 2, 27][10, 21][10, 16][2, 29][20, 23][8, 26][18, 22][1, 9][16, 28][1, 9] 
[13, 6, 16, 28, 17, 12, 19, 8, 26, 0, 18, 22, 25][7, 4, 3, 24, 20, 23, 1, 9, 14, 11, 17][5, 15, 10, 29, 2, 27][6, 10, 21][16, 28][2, 29][1, 9][8, 26][9, 14][2, 29][18, 22][8, 26] 
[13, 6, 16, 28, 17, 12, 19, 8, 26, 0, 18, 22, 25][7, 4, 3, 24, 20, 23, 1, 9, 14, 11, 17][5, 15, 10, 29, 2, 27][6, 10, 21][16, 28][2, 29][1, 9][8, 26][9, 14][2, 29][18, 22][8, 26] 
[13, 6, 16, 28, 17, 12, 19, 8, 26, 0, 18, 22, 25][10, 7, 4, 3, 24, 20, 23, 1, 9, 14, 11][5, 15, 10, 29, 2, 27][6, 10, 21][1, 23][4, 7][18, 22][18, 22][4, 7][18, 22][4, 7][16, 28] 
[13, 6, 16, 28, 17, 12, 19, 8, 26, 0, 18, 22, 25][7, 4, 3, 24, 20, 23, 1, 9, 14, 11, 17][5, 15, 10, 29, 2, 27][6, 10, 21][16, 28][2, 29][1, 9][8, 26][9, 14][2, 29][18, 22][8, 26] 
[13, 6, 16, 28, 17, 12, 19, 8, 26, 0, 18, 22, 25][7, 4, 3, 24, 20, 23, 1, 9, 14, 11, 17][5, 15, 10, 29, 2, 27][6, 10, 21][16, 28][2, 29][1, 9][8, 26][9, 14][2, 29][18, 22][8, 26] 
[13, 6, 16, 28, 17, 12, 19, 8, 26, 0, 18, 22, 25][7, 4, 3, 24, 20, 23, 1, 9, 14, 11, 17][5, 15, 10, 29, 2, 27][6, 10, 21][16, 28][2, 29][1, 9][8, 26][9, 14][2, 29][18, 22][8, 26] 
[13, 6, 16, 28, 17, 12, 19, 8, 26, 0, 18, 22, 25][10, 7, 4, 3, 24, 20, 23, 1, 9, 14, 11][5, 15, 10, 29, 2, 27][6, 10, 21][1, 23][4, 7][18, 22][18, 22][4, 7][18, 22][4, 7][16, 28] 
[13, 6, 16, 28, 17, 12, 19, 8, 26, 0, 18, 22, 25][7, 4, 3, 24, 20, 23, 1, 9, 14, 11, 17][5, 15, 10, 29, 2, 27][6, 10, 21][16, 28][2, 29][1, 9][8, 26][9, 14][2, 29][18, 22][8, 26] 
[13, 6, 16, 28, 17, 12, 19, 8, 26, 0, 18, 22, 25][7, 4, 3, 24, 20, 23, 1, 9, 14, 11, 17][5, 15, 10, 29, 2, 27][6, 10, 21][16, 28][2, 29][1, 9][8, 26][9, 14][2, 29][18, 22][8, 26] 
[13, 6, 16, 28, 17, 12, 19, 8, 26, 0, 18, 22, 25][7, 4, 3, 24, 20, 23, 1, 9, 14, 11, 17][5, 15, 10, 29, 2, 27][6, 10, 21][16, 28][2, 29][1, 9][8, 26][9, 14][2, 29][18, 22][8, 26] 
[13, 6, 16, 28, 17, 12, 19, 8, 26, 0, 18, 22, 25][7, 4, 3, 24, 20, 23, 1, 9, 14, 11, 17][5, 15, 10, 29, 2, 27][6, 10, 21][16, 28][2, 29][1, 9][8, 26][9, 14][2, 29][18, 22][8, 26] 
[13, 6, 16, 28, 17, 12, 19, 8, 26, 0, 18, 22, 25][7, 4, 3, 24, 20, 23, 1, 9, 14, 11, 17][5, 15, 10, 29, 2, 27][6, 10, 21][16, 28][2, 29][1, 9][8, 26][9, 14][2, 29][18, 22][8, 26] 
[13, 6, 16, 28, 17, 12, 19, 8, 26, 0, 18, 22, 25][7, 4, 3, 24, 20, 23, 1, 9, 14, 11, 17][5, 15, 10, 29, 2, 27][6, 10, 21][16, 28][2, 29][1, 9][8, 26][9, 14][2, 29][18, 22][8, 26] 
[13, 6, 16, 28, 17, 12, 19, 8, 26, 0, 18, 22, 25][7, 4, 3, 24, 20, 23, 1, 9, 14, 11, 17][5, 15, 10, 29, 2, 27][6, 10, 21][16, 28][2, 29][1, 9][8, 26][9, 14][2, 29][18, 22][8, 26] 
[13, 6, 16, 28, 17, 12, 19, 8, 26, 0, 18, 22, 25][7, 4, 3, 24, 20, 23, 1, 9, 14, 11, 17][5, 15, 10, 29, 2, 27][6, 10, 21][16, 28][2, 29][1, 9][8, 26][9, 14][2, 29][18, 22][8, 26] 
[19, 18, 0, 12, 8, 26][23, 24, 20, 7, 27][1, 9, 3, 11, 17][2, 29, 15, 16, 28][5, 21, 10, 6, 13][4, 24, 14][11, 14][11, 25][22, 25][25, 28][10, 16][0, 22] 
[19, 18, 0, 12, 8, 26][5, 21, 10, 6, 13][2, 29, 15, 16, 28][1, 9, 3, 11, 17][23, 24, 20, 7, 27][4, 24, 14][10, 16][25, 28][22, 25][11, 25][11, 14][0, 22] 
[19, 18, 0, 12, 8, 26][2, 29, 15, 16, 28][5, 21, 10, 6, 13][1, 9, 3, 11, 17][23, 24, 20, 7, 27][4, 24, 14][25, 28][10, 16][11, 25][11, 14][22, 25][0, 22] 
[19, 18, 0, 12, 8, 26][1, 9, 3, 11, 17][23, 24, 20, 7, 27][2, 29, 15, 16, 28][5, 21, 10, 6, 13][4, 24, 14][0, 22][22, 25][11, 25][11, 14][25, 28][10, 16] 
[19, 18, 0, 12, 8, 26][1, 9, 3, 11, 17][23, 24, 20, 7, 27][2, 29, 15, 16, 28][5, 21, 10, 6, 13][4, 24, 14][11, 14][11, 25][22, 25][25, 28][10, 16][0, 22] 
[19, 18, 0, 12, 8, 26][1, 9, 3, 11, 17][23, 24, 20, 7, 27][2, 29, 15, 16, 28][5, 21, 10, 6, 13][4, 24, 14][11, 14][11, 25][25, 28][10, 16][22, 25][0, 22] 
[19, 18, 0, 12, 8, 26][2, 29, 15, 16, 28][1, 9, 3, 11, 17][5, 21, 10, 6, 13][23, 24, 20, 7, 27][4, 24, 14][0, 22][22, 25][25, 28][11, 25][10, 16][11, 14] 
[19, 18, 0, 12, 8, 26][2, 29, 15, 16, 28][1, 9, 3, 11, 17][23, 24, 20, 7, 27][5, 21, 10, 6, 13][4, 24, 14][22, 25][25, 28][11, 25][0, 22][11, 14][10, 16] 
[19, 18, 0, 12, 8, 26][23, 24, 20, 7, 27][1, 9, 3, 11, 17][2, 29, 15, 16, 28][5, 21, 10, 6, 13][4, 24, 14][11, 14][11, 25][22, 25][25, 28][10, 16][0, 22] 
[19, 18, 0, 12, 8, 26][1, 9, 3, 11, 17][2, 29, 15, 16, 28][23, 24, 20, 7, 27][5, 21, 10, 6, 13][4, 24, 14][22, 25][11, 25][25, 28][11, 14][10, 16][0, 22] 
[19, 18, 0, 12, 8, 26][5, 21, 10, 6, 13][2, 29, 15, 16, 28][1, 9, 3, 11, 17][23, 24, 20, 7, 27][4, 24, 14][10, 16][25, 28][22, 25][11, 25][11, 14][0, 22] 
[19, 18, 0, 12, 8, 26][1, 9, 3, 11, 17][23, 24, 20, 7, 27][2, 29, 15, 16, 28][5, 21, 10, 6, 13][4, 24, 14][11, 14][11, 25][25, 28][10, 16][22, 25][0, 22] 
[19, 18, 0, 12, 8, 26][1, 9, 3, 11, 17][23, 24, 20, 7, 27][2, 29, 15, 16, 28][5, 21, 10, 6, 13][4, 24, 14][11, 14][11, 25][25, 28][10, 16][22, 25][0, 22] 
[19, 18, 0, 12, 8, 26][1, 9, 3, 11, 17][23, 24, 20, 7, 27][2, 29, 15, 16, 28][5, 21, 10, 6, 13][4, 24, 14][11, 14][11, 25][25, 28][10, 16][22, 25][0, 22] 
[19, 18, 0, 12, 8, 26][23, 24, 20, 7, 27][1, 9, 3, 11, 17][2, 29, 15, 16, 28][5, 21, 10, 6, 13][4, 24, 14][11, 14][11, 25][22, 25][25, 28][10, 16][0, 22] 
[19, 18, 0, 12, 8, 26][2, 29, 15, 16, 28][5, 21, 10, 6, 13][1, 9, 3, 11, 17][23, 24, 20, 7, 27][4, 14, 24][22, 25][25, 28][0, 22][10, 16][11, 25][11, 14] 
[19, 18, 0, 12, 8, 26][1, 9, 3, 11, 17][23, 24, 20, 7, 27][2, 29, 15, 16, 28][5, 21, 10, 6, 13][4, 14, 24][11, 25][22, 25][0, 22][11, 14][25, 28][10, 16] 
[19, 18, 0, 12, 8, 26][1, 9, 3, 11, 17][2, 29, 15, 16, 28][23, 24, 20, 7, 27][5, 21, 10, 6, 13][4, 14, 24][11, 25][22, 25][25, 28][11, 14][10, 16][0, 22] 
[19, 18, 0, 12, 8, 26][1, 9, 3, 11, 17][23, 24, 20, 7, 27][2, 29, 15, 16, 28][5, 21, 10, 6, 13][4, 14, 24][11, 14][11, 25][22, 25][0, 22][25, 28][10, 16] 
[19, 18, 0, 12, 8, 26][1, 9, 3, 11, 17][23, 24, 20, 7, 27][2, 29, 15, 16, 28][5, 21, 10, 6, 13][4, 14, 24][11, 14][22, 25][0, 22][25, 28][10, 16][11, 25] 
[17, 11, 3, 9, 1, 23][19, 18, 0, 12, 8, 26][14, 24, 4, 7, 27][2, 29, 15, 16, 28][5, 21, 10, 6, 13][20, 24][1, 24][11, 25][25, 28][10, 16][22, 25][0, 22] 
[19, 18, 0, 12, 8, 26][23, 24, 20, 7, 27][1, 9, 3, 11, 17][2, 29, 15, 16, 28][5, 21, 10, 6, 13][4, 24, 14][11, 14][11, 25][22, 25][25, 28][10, 16][0, 22] 
[19, 18, 0, 12, 8, 26][23, 24, 20, 7, 27][1, 9, 3, 11, 17][2, 29, 15, 16, 28][5, 21, 10, 6, 13][4, 24, 14][11, 14][11, 25][22, 25][25, 28][10, 16][0, 22] 
[19, 18, 0, 12, 8, 26][23, 24, 20, 7, 27][1, 9, 3, 11, 17][2, 29, 15, 16, 28][5, 21, 10, 6, 13][4, 24, 14][11, 14][11, 25][22, 25][25, 28][10, 16][0, 22] 
[19, 18, 0, 12, 8, 26][1, 9, 3, 11, 17][2, 29, 15, 16, 28][23, 24, 20, 7, 27][5, 21, 10, 6, 13][4, 24, 14][22, 25][11, 25][25, 28][11, 14][10, 16][0, 22] 
[19, 18, 0, 12, 8, 26][1, 9, 3, 11, 17][23, 24, 20, 7, 27][2, 29, 15, 16, 28][5, 21, 10, 6, 13][4, 24, 14][0, 22][22, 25][11, 25][11, 14][25, 28][10, 16] 
[19, 18, 0, 12, 8, 26][1, 9, 3, 11, 17][23, 24, 4, 7, 27][2, 29, 15, 16, 28][5, 21, 10, 6, 13][20, 14, 24][11, 25][22, 25][0, 22][11, 14][25, 28][10, 16] 
[19, 18, 0, 12, 8, 26][1, 9, 3, 11, 17][23, 24, 20, 7, 27][2, 29, 15, 16, 28][5, 21, 10, 6, 13][4, 24, 14][0, 22][22, 25][11, 25][11, 14][25, 28][10, 16] 
[19, 18, 0, 12, 8, 26][2, 29, 15, 16, 28][5, 21, 10, 6, 13][1, 9, 3, 11, 17][23, 24, 20, 7, 27][4, 14, 24][22, 25][25, 28][0, 22][10, 16][11, 25][11, 14] 
[19, 18, 0, 12, 8, 26][2, 29, 15, 16, 28][5, 21, 10, 6, 13][1, 9, 3, 11, 17][23, 24, 20, 7, 27][4, 14, 24][22, 25][25, 28][0, 22][10, 16][11, 25][11, 14] 
[19, 18, 0, 12, 8, 26][2, 29, 15, 16, 28][5, 21, 10, 6, 13][1, 9, 3, 11, 17][23, 24, 20, 7, 27][4, 14, 24][22, 25][25, 28][0, 22][10, 16][11, 25][11, 14] 
[19, 18, 0, 12, 8, 26][1, 9, 3, 11, 17][23, 24, 20, 7, 27][2, 29, 15, 16, 28][5, 21, 10, 6, 13][4, 14, 24][22, 25][0, 22][11, 25][11, 14][25, 28][10, 16] 
[19, 18, 0, 12, 8, 26][2, 29, 15, 16, 28][5, 21, 10, 6, 13][1, 9, 3, 11, 17][23, 24, 20, 7, 27][4, 14, 24][10, 16][25, 28][22, 25][0, 22][11, 25][11, 14] 
[19, 18, 0, 12, 8, 26][2, 29, 15, 16, 28][1, 9, 3, 11, 17][5, 21, 10, 6, 13][23, 24, 20, 7, 27][4, 14, 24][22, 25][25, 28][11, 25][10, 16][11, 14][0, 22] 
[19, 18, 0, 12, 8, 26][1, 9, 3, 11, 17][2, 29, 15, 16, 28][23, 24, 20, 7, 27][5, 21, 10, 6, 13][4, 14, 24][11, 25][25, 28][11, 14][22, 25][0, 22][10, 16] 
[19, 18, 0, 12, 8, 26][1, 9, 3, 11, 17][23, 24, 20, 7, 27][2, 29, 15, 16, 28][5, 21, 10, 6, 13][4, 14, 24][11, 14][11, 25][25, 28][10, 16][22, 25][0, 22] 
[19, 18, 0, 12, 8, 26][2, 29, 15, 16, 28][5, 21, 10, 6, 13][1, 9, 3, 11, 17][23, 24, 20, 7, 27][4, 14, 24][22, 25][25, 28][0, 22][10, 16][11, 25][11, 14] 
[19, 18, 0, 12, 8, 26][2, 29, 15, 16, 28][5, 21, 10, 6, 13][1, 9, 3, 11, 17][23, 24, 20, 7, 27][4, 14, 24][22, 25][25, 28][0, 22][10, 16][11, 25][11, 14] 
[19, 18, 0, 12, 8, 26][2, 29, 15, 16, 28][5, 21, 10, 6, 13][1, 9, 3, 11, 17][23, 24, 20, 7, 27][4, 14, 24][10, 16][25, 28][11, 25][22, 25][0, 22][11, 14] 
[19, 18, 0, 12, 8, 26][1, 9, 3, 11, 17][2, 29, 15, 16, 28][23, 24, 20, 7, 27][5, 21, 10, 6, 13][4, 14, 24][11, 25][25, 28][11, 14][22, 25][0, 22][10, 16] 
[19, 18, 0, 12, 8, 26][2, 29, 15, 16, 28][5, 21, 10, 6, 13][1, 9, 3, 11, 17][23, 24, 20, 7, 27][4, 14, 24][22, 25][25, 28][0, 22][10, 16][11, 25][11, 14] 
[19, 18, 0, 12, 8, 26][2, 29, 15, 16, 28][5, 21, 10, 6, 13][1, 9, 3, 11, 17][23, 24, 20, 7, 27][4, 14, 24][22, 25][25, 28][0, 22][10, 16][11, 25][11, 14] 
[19, 18, 0, 12, 8, 26][1, 9, 3, 11, 17][23, 24, 20, 7, 27][2, 29, 15, 16, 28][5, 21, 10, 6, 13][4, 14, 24][22, 25][0, 22][11, 25][11, 14][25, 28][10, 16] 
[19, 18, 0, 12, 8, 26][2, 29, 15, 16, 28][1, 9, 3, 11, 17][23, 24, 20, 7, 27][5, 21, 10, 6, 13][22, 25, 28][4, 14, 24][5, 21][10, 16][11, 25][0, 22][11, 14] 
[19, 18, 0, 12, 8, 26][2, 29, 15, 16, 28][1, 9, 3, 11, 17][23, 24, 20, 7, 27][5, 21, 10, 6, 13][22, 25, 28][4, 14, 24][5, 21][10, 16][11, 25][0, 22][11, 14] 
[19, 18, 0, 12, 8, 26][5, 21, 10, 6, 13][1, 9, 3, 11, 17][23, 24, 20, 7, 27][2, 29, 15, 16, 28][22, 25, 28][4, 14, 24][10, 16][2, 29][0, 22][11, 25][11, 14] 
[19, 18, 0, 12, 8, 26][2, 29, 15, 16, 28][1, 9, 3, 11, 17][23, 24, 20, 7, 27][5, 21, 10, 6, 13][22, 25, 28][4, 14, 24][5, 21][10, 16][11, 25][0, 22][11, 14] 
[19, 18, 0, 12, 8, 26][2, 29, 15, 16, 28][1, 9, 3, 11, 17][23, 24, 20, 7, 27][5, 21, 10, 6, 13][22, 25, 28][4, 14, 24][5, 21][10, 16][11, 25][0, 22][11, 14] 
[19, 18, 0, 22, 12, 8, 26][2, 29, 15, 16, 28][5, 21, 10, 6, 13][1, 9, 3, 11, 17][23, 24, 20, 7, 27][4, 14, 11][4, 14, 24][10, 16][25, 28][11, 25][22, 25][4, 14] 
[19, 18, 0, 12, 8, 26][2, 29, 15, 16, 28][1, 9, 3, 11, 17][5, 21, 10, 6, 13][23, 24, 20, 7, 27][4, 24, 14][0, 22][22, 25][25, 28][11, 25][10, 16][11, 14] 
[19, 18, 0, 12, 8, 26][23, 24, 20, 7, 27][1, 9, 3, 11, 17][2, 29, 15, 16, 28][5, 21, 10, 6, 13][4, 24, 14][11, 14][11, 25][22, 25][25, 28][10, 16][0, 22] 
[19, 18, 0, 12, 8, 26][1, 9, 3, 11, 17][23, 24, 20, 7, 27][2, 29, 15, 16, 28][5, 21, 10, 6, 13][4, 24, 14][11, 14][11, 25][22, 25][25, 28][10, 16][0, 22] 
[19, 18, 0, 12, 8, 26][2, 29, 15, 16, 28][1, 9, 3, 11, 17][23, 24, 20, 7, 27][5, 21, 10, 6, 13][4, 24, 14][22, 25][25, 28][11, 25][0, 22][11, 14][10, 16] 
[19, 18, 0, 12, 8, 26][1, 9, 3, 11, 17][23, 24, 20, 7, 27][2, 29, 15, 16, 28][5, 21, 10, 6, 13][4, 24, 14][11, 14][11, 25][25, 28][10, 16][22, 25][0, 22] 
[19, 18, 0, 12, 8, 26][2, 29, 15, 16, 28][5, 21, 10, 6, 13][1, 9, 3, 11, 17][23, 24, 20, 7, 27][4, 14, 24][10, 16][25, 28][22, 25][0, 22][11, 25][11, 14] 
[19, 18, 0, 12, 8, 26][23, 24, 20, 7, 27][1, 9, 3, 11, 17][2, 29, 15, 16, 28][5, 21, 10, 6, 13][4, 24, 14][11, 14][11, 25][22, 25][25, 28][10, 16][0, 22] 
