[3, 23, 14, 24, 4, 1, 9][15, 10, 2, 16, 28][25, 7, 27, 29][11, 17, 18, 12][8, 19, 0, 26][13, 6, 5, 21][13, 0, 22][25, 28][17, 28][18, 19][7, 20][14, 20] 
[15, 10, 2, 16, 28][3, 23, 14, 24, 4][11, 17, 18, 12][8, 19, 0, 26][13, 6, 5, 21][25, 7, 27, 29][9, 1, 14, 20][13, 0, 22][17, 28][12, 19][25, 28][7, 20] 
[15, 10, 2, 16, 28][3, 23, 14, 24, 4][11, 17, 18, 12][8, 19, 0, 26][13, 6, 5, 21][25, 7, 27, 29][9, 1, 14, 20][13, 0, 22][17, 28][12, 19][25, 28][7, 20] 
[15, 10, 2, 16, 28][3, 23, 14, 24, 4][8, 19, 0, 26][13, 6, 5, 21][25, 7, 27, 29][11, 17, 18, 12][13, 0, 22][22, 25, 28][3, 1, 9][12, 19][7, 20][14, 20] 
[3, 23, 14, 24, 4][8, 19, 0, 26][13, 6, 5, 21][25, 7, 27, 29][9, 1, 14, 20][11, 17, 18, 12][15, 10, 2, 16][13, 0, 22][22, 25, 28][7, 20][17, 28][16, 28] 
[3, 23, 14, 24, 4][8, 12, 18, 17, 11][9, 1, 14, 20][25, 7, 27, 29][13, 6, 5, 21][15, 10, 2, 16][22, 25, 28][13, 0, 22][19, 0, 26][7, 20][8, 19][16, 28] 
[3, 23, 14, 24, 4][15, 10, 2, 16, 28][25, 7, 27, 29][9, 1, 14, 20][11, 17, 18, 12][13, 6, 5, 21][8, 19, 0, 26][13, 0, 22][7, 20][25, 28][17, 28][12, 19] 
[3, 23, 14, 24, 4][25, 7, 27, 29][13, 6, 5, 21][8, 19, 0, 26][11, 17, 18, 12][15, 10, 2, 16][9, 1, 14, 20][22, 25, 28][13, 0, 22][16, 28][7, 20][17, 28] 
[3, 23, 14, 24, 4][25, 7, 27, 29][13, 6, 5, 21][8, 19, 0, 26][11, 17, 18, 12][15, 10, 2, 16][9, 1, 14, 20][22, 25, 28][13, 0, 22][16, 28][7, 20][17, 28] 
[3, 23, 14, 24, 4][25, 7, 27, 29][9, 1, 14, 20][8, 19, 0, 26][13, 6, 5, 21][15, 10, 2, 16][11, 17, 18, 12][22, 25, 28][13, 0, 22][7, 20][16, 28][17, 28] 
[3, 23, 14, 24, 4, 1, 9][15, 10, 2, 16, 28][25, 7, 27, 29][11, 17, 18, 12][8, 19, 0, 26][13, 6, 5, 21][13, 0, 22][25, 28][17, 28][7, 20][18, 19][14, 20] 
[3, 23, 14, 24, 4][15, 10, 2, 16, 28][25, 7, 27, 29][9, 1, 14, 20][11, 17, 18, 12][13, 6, 5, 21][8, 19, 0, 26][13, 0, 22][7, 20][25, 28][17, 28][12, 19] 
[3, 23, 14, 24, 4][15, 10, 2, 16, 28][25, 7, 27, 29][9, 1, 14, 20][11, 17, 18, 12][13, 6, 5, 21][8, 19, 0, 26][13, 0, 22][7, 20][25, 28][17, 28][12, 19] 
[3, 23, 14, 24, 4][13, 6, 5, 21][8, 19, 0, 26][25, 7, 27, 29][11, 17, 18, 12][15, 10, 2, 16][9, 1, 14, 20][13, 0, 22][22, 25, 28][17, 28][7, 20][16, 28] 
[3, 23, 14, 24, 4][8, 12, 18, 17, 11][15, 10, 2, 16][25, 7, 27, 29][13, 6, 5, 21][9, 1, 14, 20][22, 25, 28][13, 0, 22][19, 0, 26][16, 28][7, 20][8, 19] 
[3, 23, 14, 24, 4][9, 1, 14, 20][25, 7, 27, 29][13, 6, 5, 21][8, 19, 0, 26][15, 10, 2, 16][11, 17, 18, 12][22, 25, 28][13, 0, 22][7, 20][16, 28][17, 28] 
[3, 23, 14, 24, 4, 1, 9][15, 10, 2, 16, 28][25, 7, 27, 29][11, 17, 18, 12][8, 19, 0, 26][13, 6, 5, 21][13, 0, 22][7, 20][25, 28][17, 28][18, 19][14, 20] 
[3, 23, 14, 24, 4][15, 10, 2, 16, 28][25, 7, 27, 29][9, 1, 14, 20][11, 17, 18, 12][13, 6, 5, 21][8, 19, 0, 26][13, 0, 22][7, 20][25, 28][17, 28][12, 19] 
[3, 23, 14, 24, 4][25, 7, 27, 29][9, 1, 14, 20][8, 19, 0, 26][13, 6, 5, 21][15, 10, 2, 16][11, 17, 18, 12][22, 25, 28][13, 0, 22][7, 20][16, 28][17, 28] 
[3, 23, 14, 24, 4, 1, 9][15, 10, 2, 16, 28][11, 17, 18, 12][25, 7, 27, 29][8, 19, 0, 26][13, 6, 5, 21][13, 0, 22][17, 28][25, 28][18, 19][7, 20][14, 20] 
[3, 23, 14, 24, 4, 1, 9][15, 10, 2, 16, 28][25, 7, 27, 29][11, 17, 18, 12][8, 19, 0, 26][13, 6, 5, 21][13, 0, 22][7, 20][25, 28][17, 28][18, 19][14, 20] 
[15, 10, 2, 16, 28][3, 23, 14, 24, 4][8, 19, 0, 26][11, 17, 18, 12][13, 6, 5, 21][25, 7, 27, 29][9, 1, 14, 20][13, 0, 22][12, 19][17, 28][25, 28][7, 20] 
[15, 10, 2, 16, 28][3, 23, 14, 24, 4][11, 17, 18, 12][8, 19, 0, 26][13, 6, 5, 21][25, 7, 27, 29][9, 1, 14, 20][13, 0, 22][17, 28][12, 19][25, 28][7, 20] 
[3, 23, 14, 24, 4][15, 10, 2, 16][25, 7, 27, 29][8, 19, 0, 26][13, 6, 5, 21][9, 1, 14, 20][11, 17, 18, 12][22, 25, 28][13, 0, 22][16, 28][7, 20][17, 28] 
[3, 23, 14, 24, 4][8, 12, 18, 17, 11][9, 1, 14, 20][25, 7, 27, 29][13, 6, 5, 21][15, 10, 2, 16][22, 25, 28][13, 0, 22][19, 0, 26][7, 20][8, 19][16, 28] 
[3, 23, 14, 24, 4][8, 19, 0, 26][13, 6, 5, 21][25, 7, 27, 29][9, 1, 14, 20][11, 17, 18, 12][15, 10, 2, 16][13, 0, 22][22, 25, 28][7, 20][17, 28][16, 28] 
[3, 23, 14, 24, 4, 1, 9][15, 10, 2, 16, 28][11, 17, 18, 12][8, 19, 0, 26][13, 6, 5, 21][25, 7, 27, 29][13, 0, 22][18, 19][17, 28][25, 28][7, 20][14, 20] 
[15, 10, 2, 16, 28][3, 23, 14, 24, 4][8, 19, 0, 26][11, 17, 18, 12][13, 6, 5, 21][25, 7, 27, 29][9, 1, 14, 20][13, 0, 22][12, 19][17, 28][25, 28][7, 20] 
[3, 23, 14, 24, 4][8, 19, 0, 26][13, 6, 5, 21][25, 7, 27, 29][9, 1, 14, 20][11, 17, 18, 12][15, 10, 2, 16][13, 0, 22][22, 25, 28][7, 20][17, 28][16, 28] 
[3, 23, 14, 24, 4, 1, 9][15, 10, 2, 16, 28][11, 17, 18, 12][25, 7, 27, 29][8, 19, 0, 26][13, 6, 5, 21][13, 0, 22][17, 28][25, 28][18, 19][7, 20][14, 20] 
[3, 23, 14, 24, 4, 1, 9][15, 10, 2, 16, 28][11, 17, 18, 12][8, 19, 0, 26][13, 6, 5, 21][25, 7, 27, 29][13, 0, 22][18, 19][17, 28][25, 28][7, 20][14, 20] 
[15, 10, 2, 16, 28][3, 23, 14, 24, 4][8, 19, 0, 26][11, 17, 18, 12][13, 6, 5, 21][25, 7, 27, 29][9, 1, 14, 20][13, 0, 22][12, 19][17, 28][25, 28][7, 20] 
[3, 23, 14, 24, 4][8, 19, 0, 26][13, 6, 5, 21][25, 7, 27, 29][9, 1, 14, 20][11, 17, 18, 12][15, 10, 2, 16][13, 0, 22][22, 25, 28][7, 20][17, 28][16, 28] 
[3, 23, 14, 24, 4, 1, 9][15, 10, 2, 16, 28][25, 7, 27, 29][11, 17, 18, 12][8, 19, 0, 26][13, 6, 5, 21][13, 0, 22][14, 20][7, 20][25, 28][17, 28][18, 19] 
[3, 23, 14, 24, 4, 1, 9][15, 10, 2, 16, 28][25, 7, 27, 29][11, 17, 18, 12][8, 19, 0, 26][13, 6, 5, 21][13, 0, 22][25, 28][17, 28][18, 19][7, 20][14, 20] 
[10, 29, 2, 27, 15, 5, 21, 6, 13, 0, 12, 18, 17][14, 20, 7, 28, 17, 19, 8, 26][3, 23, 14, 24, 4, 1, 9][22, 25, 28][11, 17][16, 28][8, 19][8, 19][8, 19][8, 19][0, 13][8, 19] 
[10, 29, 2, 27, 15, 5, 21, 6, 13, 0, 12, 18, 17][14, 20, 7, 28, 17, 19, 8, 26][3, 23, 14, 24, 4, 1, 9][22, 25, 28][11, 17][16, 28][8, 19][8, 19][8, 19][8, 19][0, 13][8, 19] 
[10, 29, 2, 27, 15, 5, 21, 6, 13, 0, 12, 18, 17][14, 20, 7, 28, 17, 19, 8, 26][3, 23, 14, 24, 4, 1, 9][22, 25, 28][11, 17][16, 28][8, 19][8, 19][8, 19][8, 19][0, 13][8, 19] 
[10, 29, 2, 27, 15, 5, 21, 6, 13, 0, 12, 18][3, 9, 14, 20, 7, 28, 17, 19, 8, 26][1, 4, 24, 14, 23][11, 17, 18][22, 25, 28][7, 20][16, 28][0, 13][0, 13][8, 19][17, 28][5, 21] 
[10, 29, 2, 27, 15, 5, 21, 6, 13, 0, 12, 18][3, 9, 14, 20, 7, 28, 17, 19, 8, 26][1, 4, 24, 14, 23][11, 17, 18][22, 25, 28][7, 20][16, 28][0, 13][0, 13][8, 19][17, 28][5, 21] 
[10, 29, 2, 27, 15, 5, 21, 6, 13, 0, 12, 18][14, 20, 7, 28, 17, 19, 8, 26][3, 23, 14, 24, 4, 1, 9][22, 25, 28][16, 28][11, 17][8, 19][0, 13][8, 19][7, 20][17, 18][8, 19] 
[10, 29, 2, 27, 15, 5, 21, 6, 13, 0, 12, 18, 17][14, 20, 7, 28, 17, 19, 8, 26][3, 23, 14, 24, 4, 1, 9][22, 25, 28][11, 17][16, 28][8, 19][8, 19][8, 19][8, 19][0, 13][8, 19] 
[10, 29, 2, 27, 15, 5, 21, 6, 13, 0, 12, 18, 17][14, 20, 7, 28, 17, 19, 8, 26][3, 23, 14, 24, 4, 1, 9][22, 25, 28][11, 17][16, 28][8, 19][8, 19][8, 19][8, 19][0, 13][8, 19] 
[10, 29, 2, 27, 15, 5, 21, 6, 13, 0, 12, 18][3, 9, 14, 20, 7, 28, 17, 19, 8, 26][1, 4, 24, 14, 23][11, 17, 18][22, 25, 28][7, 20][16, 28][0, 13][0, 13][8, 19][17, 28][5, 21] 
[10, 29, 2, 27, 15, 5, 21, 6, 13, 0, 12, 18, 17][14, 20, 7, 28, 17, 19, 8, 26][3, 23, 14, 24, 4, 1, 9][22, 25, 28][16, 28][11, 17][8, 19][7, 20][8, 19][8, 19][0, 13][0, 13] 
[10, 29, 2, 27, 15, 5, 21, 6, 13, 0, 12, 18, 17][14, 20, 7, 28, 17, 19, 8, 26][3, 23, 14, 24, 4, 1, 9][22, 25, 28][11, 17][16, 28][8, 19][8, 19][8, 19][8, 19][0, 13][8, 19] 
[10, 29, 2, 27, 15, 5, 21, 6, 13, 0, 12, 18, 17][14, 20, 7, 28, 17, 19, 8, 26][3, 23, 14, 24, 4, 1, 9][22, 25, 28][11, 17][16, 28][8, 19][8, 19][8, 19][8, 19][0, 13][8, 19] 
[10, 29, 2, 27, 15, 5, 21, 6, 13, 0, 12, 18][3, 9, 14, 20, 7, 28, 17, 19, 8, 26][1, 4, 24, 14, 23][11, 17, 18][22, 25, 28][7, 20][16, 28][0, 13][0, 13][8, 19][17, 28][5, 21] 
[10, 29, 2, 27, 15, 5, 21, 6, 13, 0, 12, 18, 17][14, 20, 7, 28, 17, 19, 8, 26][3, 23, 14, 24, 4, 1, 9][22, 25, 28][11, 17][16, 28][8, 19][8, 19][8, 19][8, 19][0, 13][8, 19] 
[10, 29, 2, 27, 15, 5, 21, 6, 13, 0, 12, 18, 17][14, 20, 7, 28, 17, 19, 8, 26][3, 23, 14, 24, 4, 1, 9][22, 25, 28][11, 17][16, 28][8, 19][8, 19][8, 19][8, 19][0, 13][8, 19] 
[8, 19, 17, 28, 25, 11, 3, 23, 14, 24, 4, 1, 9][10, 29, 2, 27, 15, 5, 21, 6, 13, 0, 12, 18, 17][14, 20, 7, 28, 17, 19, 8, 26][22, 25, 28][16, 28][11, 17][8, 19][7, 20][8, 19][8, 19][0, 13][0, 13] 
[10, 29, 2, 27, 15, 5, 21, 6, 13, 0, 12, 18, 17][14, 20, 7, 28, 17, 19, 8, 26][3, 23, 14, 24, 4, 1, 9][22, 25, 28][11, 17][16, 28][8, 19][8, 19][8, 19][8, 19][0, 13][8, 19] 
[10, 29, 2, 27, 15, 5, 21, 6, 13, 0, 12, 18, 17][14, 20, 7, 28, 17, 19, 8, 26][3, 23, 14, 24, 4, 1, 9][22, 25, 28][16, 28][11, 17][8, 19][7, 20][8, 19][8, 19][0, 13][0, 13] 
[10, 29, 2, 27, 15, 5, 21, 6, 13, 0, 12, 18, 17][14, 20, 7, 28, 17, 19, 8, 26][3, 23, 14, 24, 4, 1, 9][22, 25, 28][11, 17][16, 28][8, 19][8, 19][8, 19][8, 19][0, 13][8, 19] 
[10, 29, 2, 27, 15, 5, 21, 6, 13, 0, 12, 18, 17][14, 20, 7, 28, 17, 19, 8, 26][3, 23, 14, 24, 4, 1, 9][22, 25, 28][11, 17][16, 28][8, 19][8, 19][8, 19][8, 19][0, 13][8, 19] 
[10, 29, 2, 27, 15, 5, 21, 6, 13, 0, 12, 18, 17][14, 20, 7, 28, 17, 19, 8, 26][3, 23, 14, 24, 4, 1, 9][22, 25, 28][11, 17][16, 28][8, 19][8, 19][8, 19][8, 19][0, 13][8, 19] 
[3, 23, 14, 24, 4, 1, 9][8, 19, 0, 26][13, 6, 5, 21][25, 7, 27, 29][11, 17, 18, 12][15, 10, 2, 16][13, 0, 22][22, 25, 28][7, 20][17, 28][16, 28][14, 20] 
[3, 23, 14, 24, 4, 1, 9][25, 7, 27, 29][8, 19, 0, 26][13, 6, 5, 21][15, 10, 2, 16][11, 17, 18, 12][22, 25, 28][13, 0, 22][14, 20][7, 20][16, 28][17, 28] 
[3, 23, 14, 24, 4, 1, 9][25, 7, 27, 29][8, 19, 0, 26][13, 6, 5, 21][15, 10, 2, 16][11, 17, 18, 12][22, 25, 28][13, 0, 22][14, 20][7, 20][16, 28][17, 28] 
[3, 23, 14, 24, 4, 1, 9][25, 7, 27, 29][8, 19, 0, 26][13, 6, 5, 21][15, 10, 2, 16][11, 17, 18, 12][22, 25, 28][13, 0, 22][16, 28][17, 28][7, 20][14, 20] 
[3, 23, 14, 24, 4, 1, 9][25, 7, 27, 29][8, 19, 0, 26][13, 6, 5, 21][15, 10, 2, 16][11, 17, 18, 12][22, 25, 28][13, 0, 22][14, 20][7, 20][16, 28][17, 28] 
[3, 23, 14, 24, 4, 1, 9][25, 7, 27, 29][8, 19, 0, 26][13, 6, 5, 21][11, 17, 18, 12][15, 10, 2, 16][22, 25, 28][13, 0, 22][14, 20][7, 20][17, 28][16, 28] 
[3, 23, 14, 24, 4, 1, 9][13, 6, 5, 21][8, 19, 0, 26][25, 7, 27, 29][15, 10, 2, 16][11, 17, 18, 12][13, 0, 22][22, 25, 28][16, 28][17, 28][7, 20][14, 20] 
[3, 23, 14, 24, 4, 1, 9][8, 19, 0, 26][13, 6, 5, 21][25, 7, 27, 29][15, 10, 2, 16][11, 17, 18, 12][13, 0, 22][22, 25, 28][16, 28][7, 20][14, 20][17, 28] 
[3, 23, 14, 24, 4, 1, 9][25, 7, 27, 29][8, 19, 0, 26][13, 6, 5, 21][11, 17, 18, 12][15, 10, 2, 16][22, 25, 28][13, 0, 22][14, 20][7, 20][17, 28][16, 28] 
[3, 23, 14, 24, 4, 1, 9][15, 10, 2, 16][25, 7, 27, 29][13, 6, 5, 21][8, 19, 0, 26][11, 17, 18, 12][22, 25, 28][13, 0, 22][16, 28][7, 20][14, 20][17, 28] 
[3, 23, 14, 24, 4, 1, 9][25, 7, 27, 29][8, 19, 0, 26][13, 6, 5, 21][15, 10, 2, 16][11, 17, 18, 12][22, 25, 28][13, 0, 22][14, 20][7, 20][16, 28][17, 28] 
[3, 23, 14, 24, 4, 1, 9][8, 19, 0, 26][13, 6, 5, 21][25, 7, 27, 29][11, 17, 18, 12][15, 10, 2, 16][13, 0, 22][22, 25, 28][7, 20][17, 28][16, 28][14, 20] 
[3, 23, 14, 24, 4, 1, 9][25, 7, 27, 29][13, 6, 5, 21][8, 19, 0, 26][15, 10, 2, 16][11, 17, 18, 12][22, 25, 28][13, 0, 22][14, 20][7, 20][16, 28][17, 28] 
[3, 23, 14, 24, 4, 1, 9][13, 6, 5, 21][8, 19, 0, 26][25, 7, 27, 29][15, 10, 2, 16][11, 17, 18, 12][13, 0, 22][22, 25, 28][16, 28][17, 28][7, 20][14, 20] 
[3, 23, 14, 24, 4, 1, 9][25, 7, 27, 29][8, 19, 0, 26][13, 6, 5, 21][15, 10, 2, 16][11, 17, 18, 12][22, 25, 28][13, 0, 22][14, 20][7, 20][16, 28][17, 28] 
[3, 23, 14, 24, 4, 1, 9][15, 10, 2, 16, 28][25, 7, 27, 29][11, 17, 18, 12][8, 19, 0, 26][13, 6, 5, 21][13, 0, 22][25, 28][17, 28][18, 19][7, 20][14, 20] 
[3, 23, 14, 24, 4, 1, 9][15, 10, 2, 16, 28][8, 19, 0, 26][13, 6, 5, 21][11, 17, 18, 12][25, 7, 27, 29][13, 0, 22][18, 19][17, 28][25, 28][7, 20][14, 20] 
[3, 23, 14, 24, 4, 1, 9][15, 10, 2, 16, 28][25, 7, 27, 29][11, 17, 18, 12][8, 19, 0, 26][13, 6, 5, 21][13, 0, 22][25, 28][7, 20][14, 20][17, 28][18, 19] 
[3, 23, 14, 24, 4, 1, 9][15, 10, 2, 16, 28][8, 19, 0, 26][13, 6, 5, 21][11, 17, 18, 12][25, 7, 27, 29][13, 0, 22][18, 19][17, 28][25, 28][7, 20][14, 20] 
[3, 23, 14, 24, 4, 1, 9][15, 10, 2, 16, 28][8, 19, 0, 26][13, 6, 5, 21][11, 17, 18, 12][25, 7, 27, 29][13, 0, 22][18, 19][17, 28][25, 28][7, 20][14, 20] 
[3, 23, 14, 24, 4, 1, 9][15, 10, 2, 16, 28][8, 19, 0, 26][13, 6, 5, 21][11, 17, 18, 12][25, 7, 27, 29][13, 0, 22][18, 19][17, 28][25, 28][7, 20][4, 20] 
[3, 23, 14, 24, 4, 1, 9][25, 7, 27, 29][8, 19, 0, 26][13, 6, 5, 21][15, 10, 2, 16][11, 17, 18, 12][22, 25, 28][13, 0, 22][16, 28][17, 28][7, 20][14, 20] 
[3, 23, 14, 24, 4, 1, 9][25, 7, 27, 29][8, 19, 0, 26][13, 6, 5, 21][15, 10, 2, 16][11, 17, 18, 12][22, 25, 28][13, 0, 22][14, 20][7, 20][16, 28][17, 28] 
[3, 23, 14, 24, 4, 1, 9][25, 7, 27, 29][13, 6, 5, 21][8, 19, 0, 26][15, 10, 2, 16][11, 17, 18, 12][22, 25, 28][13, 0, 22][14, 20][7, 20][16, 28][17, 28] 
[3, 23, 14, 24, 4, 1, 9][8, 19, 0, 26][13, 6, 5, 21][25, 7, 27, 29][15, 10, 2, 16][11, 17, 18, 12][13, 0, 22][22, 25, 28][16, 28][7, 20][14, 20][17, 28] 
[3, 23, 14, 24, 4, 1, 9][11, 17, 18, 12][25, 7, 27, 29][13, 6, 5, 21][8, 19, 0, 26][15, 10, 2, 16][22, 25, 28][13, 0, 22][17, 28][7, 20][14, 20][16, 28] 
[3, 23, 14, 24, 4, 1, 9][15, 10, 2, 16, 28][25, 7, 27, 29][11, 17, 18, 12][8, 19, 0, 26][13, 6, 5, 21][13, 0, 22][14, 20][7, 20][25, 28][17, 28][12, 19] 
[3, 23, 14, 24, 4, 1, 9][25, 7, 27, 29][13, 6, 5, 21][8, 19, 0, 26][11, 17, 18, 12][15, 10, 2, 16][22, 25, 28][13, 0, 22][7, 20][17, 28][16, 28][14, 20] 
[3, 23, 14, 24, 4, 1, 9][15, 10, 2, 16, 28][25, 7, 27, 29][11, 17, 18, 12][8, 19, 0, 26][13, 6, 5, 21][13, 0, 22][25, 28][17, 28][18, 19][7, 20][14, 20] 
[3, 23, 14, 24, 4, 1, 9][15, 10, 2, 16, 28][25, 7, 27, 29][11, 17, 18, 12][8, 19, 0, 26][13, 6, 5, 21][13, 0, 22][25, 28][7, 20][14, 20][17, 28][18, 19] 
[3, 23, 14, 24, 4, 1, 9][15, 10, 2, 16, 28][25, 7, 27, 29][11, 17, 18, 12][8, 19, 0, 26][13, 6, 5, 21][13, 0, 22][25, 28][7, 20][14, 20][17, 28][18, 19] 
[3, 23, 14, 24, 4, 1, 9][15, 10, 2, 16, 28][13, 6, 5, 21][8, 19, 0, 26][11, 17, 18, 12][25, 7, 27, 29][13, 0, 22][18, 19][17, 28][25, 28][7, 20][14, 20] 
[3, 23, 14, 24, 4, 1, 9][15, 10, 2, 16, 28][13, 6, 5, 21][8, 19, 0, 26][11, 17, 18, 12][25, 7, 27, 29][13, 0, 22][18, 19][17, 28][25, 28][7, 20][14, 20] 
[3, 23, 14, 24, 4, 1, 9][15, 10, 2, 16, 28][25, 7, 27, 29][11, 17, 18, 12][8, 19, 0, 26][13, 6, 5, 21][13, 0, 22][25, 28][17, 28][18, 19][7, 20][14, 20] 
[3, 23, 14, 24, 4, 1, 9][15, 10, 2, 16, 28][11, 17, 18, 12][8, 19, 0, 26][13, 6, 5, 21][25, 7, 27, 29][13, 0, 22][18, 19][17, 28][25, 28][7, 20][14, 20] 
[3, 23, 14, 24, 4, 1, 9][15, 10, 2, 16, 28][11, 17, 18, 12][8, 19, 0, 26][13, 6, 5, 21][25, 7, 27, 29][13, 0, 22][18, 19][17, 28][25, 28][7, 20][14, 20] 
[3, 23, 14, 24, 4, 1, 9][15, 10, 2, 16, 28][25, 7, 27, 29][11, 17, 18, 12][8, 19, 0, 26][13, 6, 5, 21][13, 0, 22][25, 28][17, 28][18, 19][7, 20][14, 20] 
[3, 23, 14, 24, 4, 1, 9][15, 10, 2, 16, 28][11, 17, 18, 12][25, 7, 27, 29][8, 19, 0, 26][13, 6, 5, 21][13, 0, 22][17, 28][25, 28][18, 19][7, 20][14, 20] 
[3, 23, 14, 24, 4, 1, 9][15, 10, 2, 16, 28][11, 17, 18, 12][8, 19, 0, 26][13, 6, 5, 21][25, 7, 27, 29][13, 0, 22][18, 19][17, 28][25, 28][7, 20][14, 20] 
[3, 23, 14, 24, 4, 1, 9][15, 10, 2, 16, 28][25, 7, 27, 29][11, 17, 18, 12][8, 19, 0, 26][13, 6, 5, 21][13, 0, 22][25, 28][17, 28][18, 19][7, 20][14, 20] 
[3, 23, 14, 24, 4, 1, 9][15, 10, 2, 16, 28][11, 17, 18, 12][8, 19, 0, 26][13, 6, 5, 21][25, 7, 27, 29][13, 0, 22][18, 19][17, 28][25, 28][7, 20][14, 20] 
[3, 23, 14, 24, 4, 1, 9][15, 10, 2, 16, 28][11, 17, 18, 12][8, 19, 0, 26][13, 6, 5, 21][25, 7, 27, 29][13, 0, 22][18, 19][17, 28][25, 28][7, 20][14, 20] 
[3, 23, 14, 24, 4, 1, 9][15, 10, 2, 16, 28][11, 17, 18, 12][8, 19, 0, 26][13, 6, 5, 21][25, 7, 27, 29][13, 0, 22][18, 19][17, 28][25, 28][7, 20][14, 20] 
[9, 1, 14, 20, 4, 24, 3, 23][15, 10, 2, 16, 28][11, 17, 18, 12][25, 7, 27, 29][8, 19, 0, 26][13, 6, 5, 21][13, 0, 22][17, 28][25, 28][7, 20][14, 20][18, 19] 
[9, 1, 14, 20, 4, 24, 3, 23][15, 10, 2, 16, 28][11, 17, 18, 12][25, 7, 27, 29][8, 19, 0, 26][13, 6, 5, 21][13, 0, 22][17, 28][25, 28][7, 20][14, 20][18, 19] 
[9, 1, 14, 20, 4, 24, 3, 23][15, 10, 2, 16, 28][25, 7, 27, 29][11, 17, 18, 12][8, 19, 0, 26][13, 6, 5, 21][13, 0, 22][25, 28][7, 20][14, 20][17, 28][18, 19] 
[9, 1, 14, 20, 4, 24, 3, 23][15, 10, 2, 16, 28][25, 7, 27, 29][11, 17, 18, 12][8, 19, 0, 26][13, 6, 5, 21][13, 0, 22][25, 28][7, 20][14, 20][17, 28][18, 19] 
[9, 1, 14, 20, 4, 24, 3, 23][15, 10, 2, 16, 28][25, 7, 27, 29][11, 17, 18, 12][8, 19, 0, 26][13, 6, 5, 21][13, 0, 22][25, 28][7, 20][14, 20][17, 28][18, 19] 
[12, 18, 17, 11, 3, 23][9, 1, 14, 20, 4, 24][15, 10, 2, 16, 28][25, 7, 27, 29][8, 19, 0, 26][13, 6, 5, 21][13, 0, 22][25, 28][22, 25][17, 28][7, 20][14, 20] 
[3, 23, 14, 24, 4, 1, 9][8, 19, 0, 26][13, 6, 5, 21][25, 7, 27, 29][15, 10, 2, 16][11, 17, 18, 12][13, 0, 22][22, 25, 28][16, 28][7, 20][14, 20][17, 28] 
[3, 23, 14, 24, 4, 1, 9][11, 17, 18, 12][25, 7, 27, 29][13, 6, 5, 21][8, 19, 0, 26][15, 10, 2, 16][22, 25, 28][13, 0, 22][17, 28][7, 20][14, 20][16, 28] 
[3, 23, 14, 24, 4, 1, 9][8, 19, 0, 26][13, 6, 5, 21][25, 7, 27, 29][15, 10, 2, 16][11, 17, 18, 12][13, 0, 22][22, 25, 28][16, 28][7, 20][14, 20][17, 28] 
[3, 23, 14, 24, 4, 1, 9][8, 19, 0, 26][13, 6, 5, 21][25, 7, 27, 29][15, 10, 2, 16][11, 17, 18, 12][13, 0, 22][22, 25, 28][16, 28][7, 20][14, 20][17, 28] 
[3, 23, 14, 24, 4, 1, 9][25, 7, 27, 29][8, 19, 0, 26][13, 6, 5, 21][15, 10, 2, 16][11, 17, 18, 12][22, 25, 28][13, 0, 22][14, 20][7, 20][16, 28][17, 28] 
[3, 23, 14, 24, 4, 1, 9][15, 10, 2, 16, 28][8, 19, 0, 26][13, 6, 5, 21][11, 17, 18, 12][25, 7, 27, 29][13, 0, 22][18, 19][17, 28][25, 28][7, 20][14, 20] 
[3, 23, 14, 24, 4, 1, 9][8, 19, 0, 26][13, 6, 5, 21][25, 7, 27, 29][11, 17, 18, 12][15, 10, 2, 16][13, 0, 22][22, 25, 28][7, 20][17, 28][16, 28][14, 20] 
