[20, 14, 24, 4, 7, 25][13, 6, 10, 15, 16][26, 8, 12, 17, 28][11, 17, 22, 19][3, 1, 9, 23][27, 2, 29][2, 21, 5][0, 18, 22][7, 27][5, 6][13, 18][9, 14] 
[7, 4, 24, 14, 20][13, 6, 10, 15, 16][18, 12, 8, 26][11, 17, 22, 19][27, 7, 25, 28][9, 1, 3, 23][0, 18, 22][27, 2, 29][2, 21, 5][17, 28][14, 23][5, 6] 
[7, 4, 24, 14, 20][13, 6, 10, 15, 16][9, 1, 3, 23][27, 7, 25, 28][11, 17, 22, 19][18, 12, 8, 26][27, 2, 29][2, 21, 5][0, 18, 22][14, 23][22, 25][5, 6] 
[7, 4, 24, 14, 20][13, 6, 10, 15, 16][27, 7, 25, 28][11, 17, 22, 19][18, 12, 8, 26][9, 1, 3, 23][2, 21, 5][27, 2, 29][0, 18, 22][22, 25][5, 6][14, 23] 
[7, 4, 24, 14, 20][13, 6, 10, 15, 16][18, 12, 8, 26][11, 17, 22, 19][27, 7, 25, 28][9, 1, 3, 23][0, 18, 22][27, 2, 29][2, 21, 5][17, 28][14, 23][5, 6] 
[7, 4, 24, 14, 20][13, 6, 10, 15, 16][11, 17, 22, 19][27, 7, 25, 28][18, 12, 8, 26][3, 1, 9, 23][0, 18, 22][27, 2, 29][2, 21, 5][17, 28][14, 23][5, 6] 
[7, 4, 24, 14, 20][13, 6, 10, 15, 16][27, 7, 25, 28][11, 17, 22, 19][18, 12, 8, 26][9, 1, 3, 23][2, 21, 5][27, 2, 29][0, 18, 22][22, 25][5, 6][14, 23] 
[13, 6, 10, 15, 16][7, 4, 24, 14, 20][27, 7, 25, 28][9, 1, 3, 23][11, 17, 22, 19][18, 12, 8, 26][2, 21, 5][27, 2, 29][0, 18, 22][5, 6][14, 23][17, 28] 
[7, 4, 24, 14, 20][13, 6, 10, 15, 16][27, 7, 25, 28][11, 17, 22, 19][9, 1, 3, 23][18, 12, 8, 26][27, 2, 29][2, 21, 5][0, 18, 22][17, 28][5, 6][14, 23] 
[7, 4, 24, 14, 20][13, 6, 10, 15, 16][27, 7, 25, 28][11, 17, 22, 19][9, 1, 3, 23][18, 12, 8, 26][27, 2, 29][2, 21, 5][0, 18, 22][17, 28][5, 6][14, 23] 
[20, 14, 24, 4, 7, 25][13, 6, 10, 15, 16][26, 8, 12, 17, 28][11, 17, 22, 19][3, 1, 9, 23][27, 2, 29][2, 21, 5][0, 18, 22][7, 27][5, 6][13, 18][9, 14] 
[7, 4, 24, 14, 20][13, 6, 10, 15, 16][27, 7, 25, 28][3, 1, 9, 23][11, 17, 22, 19][18, 12, 8, 26][27, 2, 29][2, 21, 5][0, 18, 22][14, 23][5, 6][17, 28] 
[7, 4, 24, 14, 20][13, 6, 10, 15, 16][27, 7, 25, 28][3, 1, 9, 23][11, 17, 22, 19][18, 12, 8, 26][27, 2, 29][2, 21, 5][0, 18, 22][14, 23][5, 6][22, 25] 
[7, 4, 24, 14, 20][13, 6, 10, 15, 16][27, 7, 25, 28][3, 1, 9, 23][11, 17, 22, 19][18, 12, 8, 26][27, 2, 29][2, 21, 5][0, 18, 22][14, 23][5, 6][17, 28] 
[7, 4, 24, 14, 20][13, 6, 10, 15, 16][11, 17, 22, 19][27, 7, 25, 28][18, 12, 8, 26][3, 1, 9, 23][0, 18, 22][27, 2, 29][2, 21, 5][17, 28][14, 23][5, 6] 
[7, 4, 24, 14, 20][13, 6, 10, 15, 16][27, 7, 25, 28][11, 17, 22, 19][9, 1, 3, 23][18, 12, 8, 26][27, 2, 29][2, 21, 5][0, 18, 22][17, 28][5, 6][14, 23] 
[20, 14, 24, 4, 7, 25][13, 6, 10, 15, 16][26, 8, 12, 17, 28][11, 17, 22, 19][3, 1, 9, 23][27, 2, 29][2, 21, 5][0, 18, 22][7, 27][5, 6][13, 18][9, 14] 
[7, 4, 24, 14, 20][13, 6, 10, 15, 16][27, 7, 25, 28][3, 1, 9, 23][11, 17, 22, 19][18, 12, 8, 26][27, 2, 29][2, 21, 5][0, 18, 22][14, 23][5, 6][17, 28] 
[7, 4, 24, 14, 20][13, 6, 10, 15, 16][27, 7, 25, 28][3, 1, 9, 23][11, 17, 22, 19][18, 12, 8, 26][27, 2, 29][2, 21, 5][0, 18, 22][14, 23][5, 6][17, 28] 
[20, 14, 24, 4, 7, 25][13, 6, 10, 15, 16][26, 8, 12, 17, 28][11, 17, 22, 19][3, 1, 9, 23][27, 2, 29][2, 21, 5][0, 18, 22][7, 27][5, 6][13, 18][9, 14] 
[20, 14, 24, 4, 7, 25][13, 6, 10, 15, 16][26, 8, 12, 17, 28][3, 1, 9, 23][11, 17, 22, 19][27, 2, 29][2, 21, 5][0, 18, 22][7, 27][9, 14][5, 6][13, 18] 
[7, 4, 24, 14, 20][13, 6, 10, 15, 16][3, 1, 9, 23][27, 7, 25, 28][11, 17, 22, 19][18, 12, 8, 26][27, 2, 29][2, 21, 5][0, 18, 22][14, 23][17, 28][5, 6] 
[7, 4, 24, 14, 20][13, 6, 10, 15, 16][27, 7, 25, 28][3, 1, 9, 23][11, 17, 22, 19][18, 12, 8, 26][27, 2, 29][2, 21, 5][0, 18, 22][14, 23][5, 6][22, 25] 
[7, 4, 24, 14, 20][13, 6, 10, 15, 16][27, 7, 25, 28][11, 17, 22, 19][18, 12, 8, 26][3, 1, 9, 23][27, 2, 29][2, 21, 5][0, 18, 22][17, 28][5, 6][14, 23] 
[7, 4, 24, 14, 20][13, 6, 10, 15, 16][11, 17, 22, 19][27, 7, 25, 28][18, 12, 8, 26][3, 1, 9, 23][0, 18, 22][27, 2, 29][2, 21, 5][17, 28][14, 23][5, 6] 
[7, 4, 24, 14, 20][13, 6, 10, 15, 16][27, 7, 25, 28][11, 17, 22, 19][9, 1, 3, 23][18, 12, 8, 26][27, 2, 29][2, 21, 5][0, 18, 22][17, 28][5, 6][14, 23] 
[20, 14, 24, 4, 7, 25][13, 6, 10, 15, 16][26, 8, 12, 17, 28][11, 17, 22, 19][3, 1, 9, 23][2, 21, 5][27, 2, 29][0, 18, 22][5, 6][13, 18][7, 27][9, 14] 
[7, 4, 24, 14, 20][13, 6, 10, 15, 16][11, 17, 22, 19][27, 7, 25, 28][18, 12, 8, 26][3, 1, 9, 23][0, 18, 22][27, 2, 29][2, 21, 5][17, 28][14, 23][5, 6] 
[7, 4, 24, 14, 20][13, 6, 10, 15, 16][27, 7, 25, 28][3, 1, 9, 23][11, 17, 22, 19][18, 12, 8, 26][27, 2, 29][2, 21, 5][0, 18, 22][14, 23][5, 6][17, 28] 
[20, 14, 24, 4, 7, 25][26, 8, 12, 17, 28][13, 6, 10, 15, 16][11, 17, 22, 19][3, 1, 9, 23][0, 18, 22][2, 21, 5][27, 2, 29][13, 18][5, 6][7, 27][9, 14] 
[20, 14, 24, 4, 7, 25][13, 6, 10, 15, 16][26, 8, 12, 17, 28][3, 1, 9, 23][11, 17, 22, 19][27, 2, 29][2, 21, 5][0, 18, 22][7, 27][5, 6][9, 14][13, 18] 
[7, 4, 24, 14, 20][13, 6, 10, 15, 16][11, 17, 22, 19][27, 7, 25, 28][18, 12, 8, 26][3, 1, 9, 23][0, 18, 22][27, 2, 29][2, 21, 5][17, 28][14, 23][5, 6] 
[7, 4, 24, 14, 20][13, 6, 10, 15, 16][27, 7, 25, 28][11, 17, 22, 19][18, 12, 8, 26][3, 1, 9, 23][27, 2, 29][2, 21, 5][0, 18, 22][17, 28][14, 23][5, 6] 
[20, 14, 24, 4, 7, 25][26, 8, 12, 17, 28][13, 6, 10, 15, 16][11, 17, 22, 19][3, 1, 9, 23][0, 18, 22][2, 21, 5][27, 2, 29][13, 18][5, 6][7, 27][9, 14] 
[20, 14, 24, 4, 7, 25][13, 6, 10, 15, 16][26, 8, 12, 17, 28][11, 17, 22, 19][3, 1, 9, 23][0, 18, 22][2, 21, 5][27, 2, 29][13, 18][5, 6][7, 27][9, 14] 
[13, 18, 22, 25, 7, 14, 11, 17, 12, 8, 26][7, 2, 6, 5, 15, 16, 27, 29, 10, 21][3, 9, 1, 24, 14, 20, 23, 4][0, 19, 22][0, 28][8, 12][8, 12][10, 29][8, 12][10, 29][10, 29][10, 29] 
[13, 18, 22, 25, 7, 14, 11, 17, 12, 8, 26][7, 2, 6, 5, 15, 16, 27, 29, 10, 21][3, 9, 1, 24, 14, 20, 23, 4][0, 19, 22][0, 28][8, 12][8, 12][10, 29][8, 12][10, 29][10, 29][10, 29] 
[13, 18, 22, 25, 7, 14, 11, 17, 12, 8, 26][7, 2, 6, 5, 15, 16, 27, 29, 10, 21][3, 9, 1, 24, 14, 20, 23, 4][0, 19, 22][0, 28][8, 12][8, 12][10, 29][8, 12][10, 29][10, 29][10, 29] 
[13, 18, 22, 25, 7, 14, 11, 17, 12, 8, 26][7, 2, 6, 5, 15, 16, 27, 29, 10, 21][4, 23, 20, 14, 24, 1, 9][0, 19, 22][10, 29][3, 9][0, 28][8, 12][10, 29][8, 12][10, 29][10, 29] 
[13, 18, 22, 25, 7, 14, 11, 17, 12, 8, 26][7, 2, 6, 5, 15, 16, 27, 29, 10, 21][4, 23, 20, 14, 24, 1, 9][0, 19, 22][10, 29][0, 28][10, 29][3, 9][10, 29][10, 29][8, 12][10, 29] 
[7, 2, 6, 5, 15, 16, 27, 29, 10, 21][12, 17, 11, 14, 7, 25, 22, 18, 13][3, 9, 1, 24, 14, 20, 23, 4][0, 19, 22][10, 29][8, 26][0, 28][10, 29][8, 12][10, 29][10, 29][10, 29] 
[13, 18, 22, 25, 7, 14, 11, 17, 12, 8, 26][7, 2, 6, 5, 15, 16, 27, 29, 10, 21][3, 9, 1, 24, 14, 20, 23, 4][0, 19, 22][0, 28][8, 12][8, 12][10, 29][8, 12][10, 29][10, 29][10, 29] 
[13, 18, 22, 25, 7, 14, 11, 17, 12, 8, 26][7, 2, 6, 5, 15, 16, 27, 29, 10, 21][3, 9, 1, 24, 14, 20, 23, 4][0, 19, 22][10, 29][0, 28][8, 26][10, 29][8, 12][3, 9][10, 29][8, 12] 
[13, 18, 22, 25, 7, 14, 11, 17, 12, 8, 26][7, 2, 6, 5, 15, 16, 27, 29, 10, 21][4, 23, 20, 14, 24, 1, 9][0, 19, 22][10, 29][3, 9][0, 28][10, 29][8, 12][8, 12][10, 29][8, 12] 
[13, 18, 22, 25, 7, 14, 11, 17, 12, 8, 26][7, 2, 6, 5, 15, 16, 27, 29, 10, 21][3, 9, 1, 24, 14, 20, 23, 4][0, 19, 22][0, 28][8, 12][8, 12][10, 29][8, 12][10, 29][10, 29][10, 29] 
[13, 18, 22, 25, 7, 14, 11, 17, 12, 8, 26][7, 2, 6, 5, 15, 16, 27, 29, 10, 21][3, 9, 1, 24, 14, 20, 23, 4][0, 19, 22][0, 28][8, 12][8, 12][10, 29][8, 12][10, 29][10, 29][10, 29] 
[13, 18, 22, 25, 7, 14, 11, 17, 12, 8, 26][7, 2, 6, 5, 15, 16, 27, 29, 10, 21][3, 9, 1, 24, 14, 20, 23, 4][0, 19, 22][0, 28][8, 12][8, 12][10, 29][8, 12][10, 29][10, 29][10, 29] 
[13, 18, 22, 25, 7, 14, 11, 17, 12, 8, 26][7, 2, 6, 5, 15, 16, 27, 29, 10][3, 9, 1, 24, 14, 20, 23, 4][0, 19, 22][10, 21][0, 28][10, 29][8, 12][8, 12][10, 29][8, 12][8, 12] 
[13, 18, 22, 25, 7, 14, 11, 17, 12, 8, 26][7, 2, 6, 5, 15, 16, 27, 29, 10, 21][3, 9, 1, 24, 14, 20, 23, 4][0, 19, 22][0, 28][8, 12][8, 12][10, 29][8, 12][10, 29][10, 29][10, 29] 
[13, 18, 22, 25, 7, 14, 11, 17, 12, 8, 26][7, 2, 6, 5, 15, 16, 27, 29, 10, 21][3, 9, 1, 24, 14, 20, 23, 4][0, 19, 22][0, 28][8, 12][8, 12][10, 29][8, 12][10, 29][10, 29][10, 29] 
[13, 18, 22, 25, 7, 14, 11, 17, 12, 8, 26][7, 2, 6, 5, 15, 16, 27, 29, 10, 21][3, 9, 1, 24, 14, 20, 23, 4][0, 19, 22][0, 28][8, 12][8, 12][10, 29][8, 12][10, 29][10, 29][10, 29] 
[19, 0, 13, 18, 22, 25, 7, 14, 11, 17, 12, 8, 26][20, 4, 7, 2, 6, 5, 15, 16, 27, 29, 10, 21][3, 9, 1, 24, 14, 20, 23, 4][0, 19, 22][10, 29, 27][10, 29][0, 28][8, 12][10, 29][10, 29][10, 29][8, 12] 
[13, 18, 22, 25, 7, 14, 11, 17, 12, 8, 26][7, 2, 6, 5, 15, 16, 27, 29, 10, 21][3, 9, 1, 24, 14, 20, 23, 4][0, 19, 22][10, 29][0, 28][8, 12][10, 29][10, 29][10, 29][8, 12][10, 29] 
[0, 13, 18, 22, 25, 7, 14, 11, 17, 12, 8, 26][7, 2, 6, 5, 15, 16, 27, 29, 10, 21][3, 9, 1, 24, 14, 20, 23, 4][10, 29][19, 22][0, 28][8, 12][10, 29][10, 29][10, 29][8, 12][10, 29] 
[0, 13, 18, 22, 25, 7, 14, 11, 17, 12, 8, 26][7, 2, 6, 5, 15, 16, 27, 29, 10, 21][3, 9, 1, 24, 14, 20, 23, 4][10, 29][19, 22][0, 28][8, 12][10, 29][10, 29][10, 29][8, 12][10, 29] 
[19, 0, 13, 18, 22, 25, 7, 14, 11, 17, 12, 8, 26][20, 4, 7, 2, 6, 5, 15, 16, 27, 29, 10, 21][3, 9, 1, 24, 14, 20, 23, 4][0, 19, 22][10, 29, 27][10, 29][0, 28][8, 12][10, 29][10, 29][10, 29][8, 12] 
[7, 4, 24, 14, 20][13, 6, 10, 15, 16][26, 8, 12, 17, 28][9, 1, 3, 23][0, 18, 22, 25][11, 17, 22, 19][27, 2, 29][2, 21, 5][14, 23][7, 27][5, 6][13, 18] 
[7, 4, 24, 14, 20][13, 6, 10, 15, 16][26, 8, 12, 17, 28][9, 1, 3, 23][0, 18, 22, 25][11, 17, 22, 19][27, 2, 29][2, 21, 5][14, 23][7, 27][5, 6][13, 18] 
[7, 4, 24, 14, 20][13, 6, 10, 15, 16][26, 8, 12, 17, 28][9, 1, 3, 23][0, 18, 22, 25][11, 17, 22, 19][27, 2, 29][2, 21, 5][14, 23][7, 27][5, 6][13, 18] 
[7, 4, 24, 14, 20][13, 6, 10, 15, 16][26, 8, 12, 17, 28][9, 1, 3, 23][0, 18, 22, 25][11, 17, 22, 19][27, 2, 29][2, 21, 5][14, 23][7, 27][5, 6][13, 18] 
[7, 4, 24, 14, 20][13, 6, 10, 15, 16][26, 8, 12, 17, 28][9, 1, 3, 23][0, 18, 22, 25][11, 17, 22, 19][27, 2, 29][2, 21, 5][14, 23][7, 27][5, 6][13, 18] 
[7, 4, 24, 14, 20][13, 6, 10, 15, 16][26, 8, 12, 17, 28][9, 1, 3, 23][0, 18, 22, 25][11, 17, 22, 19][27, 2, 29][2, 21, 5][14, 23][7, 27][5, 6][13, 18] 
[7, 4, 24, 14, 20][13, 6, 10, 15, 16][26, 8, 12, 17, 28][9, 1, 3, 23][0, 18, 22, 25][11, 17, 22, 19][27, 2, 29][2, 21, 5][14, 23][7, 27][5, 6][13, 18] 
[7, 4, 24, 14, 20][13, 6, 10, 15, 16][26, 8, 12, 17, 28][9, 1, 3, 23][0, 18, 22, 25][11, 17, 22, 19][27, 2, 29][2, 21, 5][14, 23][7, 27][5, 6][13, 18] 
[13, 6, 10, 15, 16][26, 8, 12, 17, 28][7, 4, 24, 14, 20][0, 18, 22, 25][11, 17, 22, 19][9, 1, 3, 23][27, 2, 29][2, 21, 5][5, 6][13, 18][7, 27][14, 23] 
[13, 6, 10, 15, 16][26, 8, 12, 17, 28][7, 4, 24, 14, 20][0, 18, 22, 25][11, 17, 22, 19][9, 1, 3, 23][27, 2, 29][2, 21, 5][5, 6][13, 18][7, 27][14, 23] 
[7, 4, 24, 14, 20][13, 6, 10, 15, 16][26, 8, 12, 17, 28][9, 1, 3, 23][0, 18, 22, 25][11, 17, 22, 19][27, 2, 29][2, 21, 5][14, 23][7, 27][5, 6][13, 18] 
[13, 6, 10, 15, 16][7, 4, 24, 14, 20][26, 8, 12, 17, 28][9, 1, 3, 23][0, 18, 22, 25][11, 17, 22, 19][2, 21, 5][27, 2, 29][5, 6][7, 27][14, 23][13, 18] 
[7, 4, 24, 14, 20][13, 6, 10, 15, 16][26, 8, 12, 17, 28][9, 1, 3, 23][0, 18, 22, 25][11, 17, 22, 19][27, 2, 29][2, 21, 5][14, 23][7, 27][5, 6][13, 18] 
[7, 4, 24, 14, 20][13, 6, 10, 15, 16][26, 8, 12, 17, 28][9, 1, 3, 23][0, 18, 22, 25][11, 17, 22, 19][27, 2, 29][2, 21, 5][14, 23][7, 27][5, 6][13, 18] 
[7, 4, 24, 14, 20][13, 6, 10, 15, 16][26, 8, 12, 17, 28][9, 1, 3, 23][0, 18, 22, 25][11, 17, 22, 19][27, 2, 29][2, 21, 5][14, 23][7, 27][5, 6][13, 18] 
[20, 14, 24, 4, 7, 25][13, 6, 10, 15, 16][26, 8, 12, 17, 28][11, 17, 22, 19][3, 1, 9, 23][2, 21, 5][27, 2, 29][0, 18, 22][5, 6][13, 18][7, 27][9, 14] 
[20, 14, 24, 4, 7, 25][13, 6, 10, 15, 16][26, 8, 12, 17, 28][11, 17, 22, 19][3, 1, 9, 23][2, 21, 5][27, 2, 29][0, 18, 22][5, 6][13, 18][7, 27][9, 14] 
[20, 14, 24, 4, 7, 25][13, 6, 10, 15, 16][26, 8, 12, 17, 28][11, 17, 22, 19][3, 1, 9, 23][2, 21, 5][27, 2, 29][0, 18, 22][5, 6][13, 18][7, 27][9, 14] 
[20, 14, 24, 4, 7, 25][13, 6, 10, 15, 16][26, 8, 12, 17, 28][11, 17, 22, 19][3, 1, 9, 23][2, 21, 5][27, 2, 29][0, 18, 22][5, 6][13, 18][7, 27][9, 14] 
[20, 14, 24, 4, 7, 25][13, 6, 10, 15, 16][26, 8, 12, 17, 28][11, 17, 22, 19][3, 1, 9, 23][2, 21, 5][27, 2, 29][0, 18, 22][5, 6][13, 18][7, 27][9, 14] 
[19, 22, 17, 11, 25, 28][7, 4, 24, 14, 20][13, 6, 10, 15, 16][18, 12, 8, 26][3, 1, 9, 23][21, 2, 29, 27][0, 18, 22][13, 18][5, 6][9, 14][5, 21][7, 27] 
[13, 6, 10, 15, 16][26, 8, 12, 17, 28][7, 4, 24, 14, 20][0, 18, 22, 25][11, 17, 22, 19][9, 1, 3, 23][2, 21, 5][27, 2, 29][13, 18][5, 6][7, 27][14, 23] 
[7, 4, 24, 14, 20][13, 6, 10, 15, 16][26, 8, 12, 17, 28][9, 1, 3, 23][0, 18, 22, 25][11, 17, 22, 19][27, 2, 29][2, 21, 5][14, 23][7, 27][5, 6][13, 18] 
[7, 4, 24, 14, 20][13, 6, 10, 15, 16][26, 8, 12, 17, 28][9, 1, 3, 23][0, 18, 22, 25][11, 17, 22, 19][27, 2, 29][2, 21, 5][14, 23][7, 27][5, 6][13, 18] 
[13, 6, 10, 15, 16][7, 4, 24, 14, 20][26, 8, 12, 17, 28][9, 1, 3, 23][0, 18, 22, 25][11, 17, 22, 19][2, 21, 5][27, 2, 29][5, 6][7, 27][14, 23][13, 18] 
[7, 4, 24, 14, 20][13, 6, 10, 15, 16][26, 8, 12, 17, 28][9, 1, 3, 23][0, 18, 22, 25][11, 17, 22, 19][27, 2, 29][2, 21, 5][14, 23][7, 27][5, 6][13, 18] 
[13, 6, 10, 15, 16][26, 8, 12, 17, 28][7, 4, 24, 14, 20][0, 18, 22, 25][11, 17, 22, 19][3, 1, 9, 23][2, 21, 5][2, 29, 27][5, 6][13, 18][7, 27][9, 14] 
[13, 6, 10, 15, 16][7, 4, 24, 14, 20][26, 8, 12, 17, 28][9, 1, 3, 23][0, 18, 22, 25][11, 17, 22, 19][2, 21, 5][27, 2, 29][5, 6][7, 27][14, 23][13, 18] 
[20, 14, 24, 4, 7, 25][13, 6, 10, 15, 16][26, 8, 12, 17, 28][3, 1, 9, 23][11, 17, 22, 19][2, 21, 5][27, 2, 29][0, 18, 22][5, 6][7, 27][9, 14][13, 18] 
[20, 14, 24, 4, 7, 25][13, 6, 10, 15, 16][26, 8, 12, 17, 28][3, 1, 9, 23][11, 17, 22, 19][2, 21, 5][27, 2, 29][0, 18, 22][7, 27][9, 14][5, 6][13, 18] 
[20, 14, 24, 4, 7, 25][13, 6, 10, 15, 16][26, 8, 12, 17, 28][11, 17, 22, 19][3, 1, 9, 23][2, 21, 5][27, 2, 29][0, 18, 22][5, 6][13, 18][7, 27][9, 14] 
[20, 14, 24, 4, 7, 25][13, 6, 10, 15, 16][26, 8, 12, 17, 28][11, 17, 22, 19][3, 1, 9, 23][2, 21, 5][27, 2, 29][0, 18, 22][5, 6][13, 18][7, 27][9, 14] 
[20, 14, 24, 4, 7, 25][13, 6, 10, 15, 16][26, 8, 12, 17, 28][11, 17, 22, 19][3, 1, 9, 23][2, 21, 5][27, 2, 29][0, 18, 22][5, 6][13, 18][7, 27][9, 14] 
[20, 14, 24, 4, 7, 25][13, 6, 10, 15, 16][26, 8, 12, 17, 28][11, 17, 22, 19][3, 1, 9, 23][2, 21, 5][27, 2, 29][0, 18, 22][5, 6][13, 18][7, 27][9, 14] 
[20, 14, 24, 4, 7, 25][13, 6, 10, 15, 16][26, 8, 12, 17, 28][11, 17, 22, 19][3, 1, 9, 23][0, 18, 22][2, 21, 5][27, 2, 29][13, 18][5, 6][7, 27][9, 14] 
[20, 14, 24, 4, 7, 25][13, 6, 10, 15, 16][26, 8, 12, 17, 28][3, 1, 9, 23][11, 17, 22, 19][2, 21, 5][27, 2, 29][0, 18, 22][7, 27][9, 14][5, 6][13, 18] 
[20, 14, 24, 4, 7, 25][13, 6, 10, 15, 16][26, 8, 12, 17, 28][11, 17, 22, 19][3, 1, 9, 23][27, 2, 29][2, 21, 5][0, 18, 22][5, 6][7, 27][13, 18][9, 14] 
[20, 14, 24, 4, 7, 25][13, 6, 10, 15, 16][26, 8, 12, 17, 28][11, 17, 22, 19][3, 1, 9, 23][27, 2, 29][2, 21, 5][0, 18, 22][5, 6][7, 27][13, 18][9, 14] 
[20, 14, 24, 4, 7, 25][13, 6, 10, 15, 16][26, 8, 12, 17, 28][3, 1, 9, 23][11, 17, 22, 19][2, 21, 5][27, 2, 29][0, 18, 22][5, 6][7, 27][9, 14][13, 18] 
[20, 14, 24, 4, 7, 25][13, 6, 10, 15, 16][26, 8, 12, 17, 28][11, 17, 22, 19][3, 1, 9, 23][2, 21, 5][27, 2, 29][0, 18, 22][5, 6][13, 18][7, 27][9, 14] 
[20, 14, 24, 4, 7, 25][13, 6, 10, 15, 16][26, 8, 12, 17, 28][3, 1, 9, 23][11, 17, 22, 19][27, 2, 29][2, 21, 5][0, 18, 22][7, 27][9, 14][5, 6][13, 18] 
[20, 14, 24, 4, 7, 25][13, 6, 10, 15, 16][26, 8, 12, 17, 28][3, 1, 9, 23][11, 17, 22, 19][2, 21, 5][27, 2, 29][0, 18, 22][7, 27][9, 14][5, 6][13, 18] 
[20, 14, 24, 4, 7, 25][13, 6, 10, 15, 16][26, 8, 12, 17, 28][3, 1, 9, 23][11, 17, 22, 19][2, 21, 5][27, 2, 29][0, 18, 22][7, 27][9, 14][5, 6][13, 18] 
[19, 22, 17, 11, 25, 28][7, 4, 24, 14, 20, 23][13, 6, 10, 15, 16][18, 12, 8, 26][21, 2, 29, 27][0, 18, 22][3, 1, 9][13, 18][5, 6][5, 21][7, 27][9, 14] 
[19, 22, 17, 11, 25, 28][7, 4, 24, 14, 20, 23][13, 6, 10, 15, 16][18, 12, 8, 26][21, 2, 29, 27][0, 18, 22][3, 1, 9][13, 18][5, 6][5, 21][7, 27][9, 14] 
[7, 4, 24, 14, 20, 23][19, 22, 17, 11, 25, 28][13, 6, 10, 15, 16][21, 2, 29, 27][18, 12, 8, 26][3, 1, 9][0, 18, 22][9, 14][7, 27][5, 21][5, 6][13, 18] 
[19, 22, 17, 11, 25, 28][7, 4, 24, 14, 20, 23][13, 6, 10, 15, 16][18, 12, 8, 26][21, 2, 29, 27][0, 18, 22][3, 1, 9][13, 18][5, 6][5, 21][7, 27][9, 14] 
[7, 4, 24, 14, 20, 23][19, 22, 17, 11, 25, 28][13, 6, 10, 15, 16][21, 2, 29, 27][18, 12, 8, 26][3, 1, 9][0, 18, 22][9, 14][7, 27][5, 21][5, 6][13, 18] 
[19, 17, 11, 3, 1, 9, 23][7, 4, 24, 14, 20][13, 6, 10, 15, 16][0, 18, 22, 25, 28][21, 2, 29, 27][18, 12, 8, 26][7, 27][2, 29][9, 14][5, 21][5, 6][13, 18] 
[7, 4, 24, 14, 20][13, 6, 10, 15, 16][26, 8, 12, 17, 28][3, 1, 9, 23][0, 18, 22, 25][11, 17, 22, 19][27, 2, 29][2, 21, 5][7, 27][9, 14][5, 6][13, 18] 
[7, 4, 24, 14, 20][13, 6, 10, 15, 16][26, 8, 12, 17, 28][3, 1, 9, 23][0, 18, 22, 25][11, 17, 22, 19][27, 2, 29][2, 21, 5][9, 14][7, 27][5, 6][13, 18] 
[7, 4, 24, 14, 20][13, 6, 10, 15, 16][26, 8, 12, 17, 28][3, 1, 9, 23][0, 18, 22, 25][11, 17, 22, 19][27, 2, 29][2, 21, 5][7, 27][9, 14][5, 6][13, 18] 
[7, 4, 24, 14, 20][13, 6, 10, 15, 16][26, 8, 12, 17, 28][3, 1, 9, 23][0, 18, 22, 25][11, 17, 22, 19][27, 2, 29][2, 21, 5][9, 14][7, 27][5, 6][13, 18] 
[26, 8, 12, 17, 28][13, 6, 10, 15, 16][7, 4, 24, 14, 20][0, 18, 22, 25][11, 17, 22, 19][3, 1, 9, 23][2, 21, 5][27, 2, 29][13, 18][5, 6][7, 27][9, 14] 
[20, 14, 24, 4, 7, 25][13, 6, 10, 15, 16][26, 8, 12, 17, 28][11, 17, 22, 19][3, 1, 9, 23][2, 21, 5][27, 2, 29][0, 18, 22][5, 6][13, 18][7, 27][9, 14] 
[7, 4, 24, 14, 20][13, 6, 10, 15, 16][26, 8, 12, 17, 28][3, 1, 9, 23][0, 18, 22, 25][11, 17, 22, 19][27, 2, 29][2, 21, 5][7, 27][9, 14][5, 6][13, 18] 
