[8, 26, 0, 19, 22, 25, 28][3, 9, 23, 1, 4, 20][21, 6, 16, 2, 29][5, 15, 10, 27][13, 18, 17][11, 17, 12][24, 7, 27][0, 18][11, 14][14, 24][14, 23][7, 16] 
[8, 26, 0, 19, 22, 25, 28][3, 9, 23, 1, 4, 20][21, 6, 16, 2, 29][5, 15, 10, 27][24, 7, 27][11, 17, 12][13, 18, 17][7, 16][14, 24][14, 23][11, 14][0, 18] 
[8, 26, 0, 19, 22, 25, 28][3, 9, 23, 1, 4, 20][21, 6, 16, 2, 29][5, 15, 10, 27][11, 17, 12][13, 18, 17][24, 7, 27][11, 14][14, 24][0, 18][14, 23][7, 16] 
[8, 26, 0, 19, 22, 25, 28][3, 9, 23, 1, 4, 20][21, 6, 16, 2, 29][5, 15, 10, 27][24, 7, 27][11, 17, 12][13, 18, 17][7, 16][14, 24][14, 23][11, 14][0, 18] 
[8, 26, 0, 19, 22, 25, 28][3, 9, 23, 1, 4, 20][21, 6, 16, 2, 29][5, 15, 10, 27][12, 18, 13][11, 17, 12][14, 7, 24][0, 18][11, 14][7, 16][14, 23][7, 27] 
[8, 26, 0, 19, 22, 25, 28][3, 9, 23, 1, 4, 20][21, 6, 16, 2, 29][5, 15, 10, 27][14, 7, 24][11, 17, 12][12, 18, 13][14, 23][11, 14][7, 27][7, 16][0, 18] 
[8, 26, 0, 19, 22, 25, 28][3, 9, 23, 1, 4, 20][21, 6, 16, 2, 29][5, 15, 10, 27, 7][12, 17, 18, 13][11, 17][0, 18][11, 14][14, 23][14, 24][7, 24][7, 16] 
[8, 26, 0, 19, 22, 25, 28][3, 9, 23, 1, 4, 20][21, 6, 16, 2, 29][5, 15, 10, 27][12, 17, 18, 13][14, 7, 24][7, 27][7, 16][14, 23][11, 14][11, 17][0, 18] 
[8, 26, 0, 19, 22, 25, 28][3, 9, 23, 1, 4, 20][21, 6, 16, 2, 29][12, 17, 18, 13][5, 15, 10, 27][14, 7, 24][11, 17][11, 14][14, 23][7, 16][0, 18][7, 27] 
[8, 26, 0, 19, 22, 25, 28][3, 9, 23, 1, 4, 20][21, 6, 16, 2, 29][12, 17, 18, 13][5, 15, 10, 27][14, 7, 24][7, 16][11, 14][14, 23][11, 17][0, 18][7, 27] 
[8, 26, 0, 19, 22, 25, 28][3, 9, 23, 1, 4, 20][21, 6, 16, 2, 29][5, 15, 10, 27][24, 7, 27][11, 17, 12][13, 18, 17][7, 16][14, 24][14, 23][11, 14][0, 18] 
[8, 26, 0, 19, 22, 25, 28][3, 9, 23, 1, 4, 20][21, 6, 16, 2, 29][5, 15, 10, 27][24, 7, 27][11, 17, 12][13, 18, 17][7, 16][14, 24][11, 14][0, 18][14, 23] 
[8, 26, 0, 19, 22, 25, 28][3, 9, 23, 1, 4, 20][21, 6, 16, 2, 29][5, 15, 10, 27][11, 17, 12][13, 18, 17][24, 7, 27][14, 23][11, 14][14, 24][0, 18][7, 16] 
[8, 26, 0, 19, 22, 25, 28][3, 9, 23, 1, 4, 20][21, 6, 16, 2, 29][5, 15, 10, 27][12, 18, 13][11, 17, 12][14, 7, 24][0, 18][11, 14][7, 16][14, 23][7, 27] 
[8, 26, 0, 19, 22, 25, 28][3, 9, 23, 1, 4, 20][21, 6, 16, 2, 29][5, 15, 10, 27][14, 7, 24][11, 17, 12][12, 18, 13][14, 23][11, 14][7, 27][7, 16][0, 18] 
[8, 26, 0, 19, 22, 25, 28][3, 9, 23, 1, 4, 20][21, 6, 16, 2, 29][12, 17, 18, 13][5, 15, 10, 27][14, 7, 24][11, 17][11, 14][14, 23][7, 16][0, 18][7, 27] 
[8, 26, 0, 19, 22, 25, 28][3, 9, 23, 1, 4, 20][21, 6, 16, 2, 29][5, 15, 10, 27][24, 7, 27][11, 17, 12][13, 18, 17][14, 23][14, 24][11, 14][7, 16][0, 18] 
[8, 26, 0, 19, 22, 25, 28][3, 9, 23, 1, 4, 20][21, 6, 16, 2, 29][5, 15, 10, 27][24, 7, 27][11, 17, 12][13, 18, 17][14, 23][14, 24][11, 14][7, 16][0, 18] 
[8, 26, 0, 19, 22, 25, 28][3, 9, 23, 1, 4, 20][21, 6, 16, 2, 29][5, 15, 10, 27][12, 18, 13][11, 17, 12][14, 7, 24][0, 18][11, 14][7, 27][14, 23][7, 16] 
[8, 26, 0, 19, 22, 25, 28][3, 9, 23, 1, 4, 20][21, 6, 16, 2, 29][5, 15, 10, 27][13, 18, 17][11, 17, 12][24, 7, 27][0, 18][11, 14][14, 23][14, 24][7, 16] 
[8, 26, 0, 19, 22, 25, 28][3, 9, 23, 1, 4, 20][21, 6, 16, 2, 29][5, 15, 10, 27][24, 7, 27][11, 17, 12][13, 18, 17][7, 16][14, 24][11, 14][14, 23][0, 18] 
[8, 26, 0, 19, 22, 25, 28][3, 9, 23, 1, 4, 20][21, 6, 16, 2, 29][5, 15, 10, 27][13, 18, 17][11, 17, 12][24, 7, 27][0, 18][11, 14][14, 23][14, 24][7, 16] 
[8, 26, 0, 19, 22, 25, 28][3, 9, 23, 1, 4, 20][21, 6, 16, 2, 29][5, 15, 10, 27][11, 17, 12][13, 18, 17][24, 7, 27][14, 23][11, 14][14, 24][0, 18][7, 16] 
[8, 26, 0, 19, 22, 25, 28][3, 9, 23, 1, 4, 20][21, 6, 16, 2, 29][5, 15, 10, 27][11, 17, 12][12, 18, 13][14, 7, 24][11, 14][7, 16][0, 18][14, 23][7, 27] 
[8, 26, 0, 19, 22, 25, 28][3, 9, 23, 1, 4, 20][21, 6, 16, 2, 29][5, 15, 10, 27][14, 7, 24][11, 17, 12][12, 18, 13][14, 23][11, 14][7, 27][7, 16][0, 18] 
[8, 26, 0, 19, 22, 25, 28][3, 9, 23, 1, 4, 20][21, 6, 16, 2, 29][12, 17, 18, 13][5, 15, 10, 27][14, 7, 24][0, 18][11, 17][11, 14][7, 27][7, 16][14, 23] 
[8, 26, 0, 19, 22, 25, 28][3, 9, 23, 1, 4, 20][21, 6, 16, 2, 29][5, 15, 10, 27][11, 17, 12][13, 18, 17][24, 7, 27][14, 23][11, 14][14, 24][0, 18][7, 16] 
[8, 26, 0, 19, 22, 25, 28][3, 9, 23, 1, 4, 20][21, 6, 16, 2, 29][5, 15, 10, 27][13, 18, 17][11, 17, 12][24, 7, 27][0, 18][11, 14][14, 24][7, 16][14, 23] 
[8, 26, 0, 19, 22, 25, 28][3, 9, 23, 1, 4, 20][21, 6, 16, 2, 29][5, 15, 10, 27][12, 18, 13][11, 17, 12][14, 7, 24][0, 18][11, 14][7, 27][14, 23][7, 16] 
[8, 26, 0, 19, 22, 25, 28][3, 9, 23, 1, 4, 20][21, 6, 16, 2, 29][5, 15, 10, 27][24, 7, 27][11, 17, 12][13, 18, 17][7, 16][14, 24][14, 23][11, 14][0, 18] 
[8, 26, 0, 19, 22, 25, 28][3, 9, 23, 1, 4, 20][21, 6, 16, 2, 29][5, 15, 10, 27][11, 17, 12][13, 18, 17][24, 7, 27][11, 14][14, 24][0, 18][14, 23][7, 16] 
[8, 26, 0, 19, 22, 25, 28][3, 9, 23, 1, 4, 20][21, 6, 16, 2, 29][5, 15, 10, 27][24, 7, 27][11, 17, 12][13, 18, 17][14, 23][14, 24][7, 16][11, 14][0, 18] 
[8, 26, 0, 19, 22, 25, 28][3, 9, 23, 1, 4, 20][21, 6, 16, 2, 29][5, 15, 10, 27][11, 17, 12][12, 18, 13][14, 7, 24][11, 14][7, 16][0, 18][14, 23][7, 27] 
[8, 26, 0, 19, 22, 25, 28][3, 9, 23, 1, 4, 20][21, 6, 16, 2, 29][5, 15, 10, 27][24, 7, 27][11, 17, 12][13, 18, 17][7, 16][14, 24][11, 14][14, 23][0, 18] 
[8, 26, 0, 19, 22, 25, 28][3, 9, 23, 1, 4, 20][21, 6, 16, 2, 29][5, 15, 10, 27][24, 7, 27][11, 17, 12][13, 18, 17][7, 16][14, 24][14, 23][11, 14][0, 18] 
[20, 7, 16, 6, 13, 18, 19, 22, 0, 28, 17, 12, 8, 26][6, 2, 15, 5, 21, 10, 27, 29][23, 9, 1, 14, 24][20, 14, 11, 25][3, 4, 20][8, 26][12, 17][12, 17][12, 17][7, 16][12, 17][6, 13] 
[20, 7, 16, 6, 13, 18, 19, 22, 0, 28, 17, 12, 8, 26][6, 2, 15, 5, 21, 10, 27, 29][23, 9, 1, 14, 24][20, 14, 11, 25][3, 4, 20][8, 26][12, 17][12, 17][12, 17][7, 16][12, 17][6, 13] 
[20, 7, 16, 6, 13, 18, 19, 22, 0, 28, 17, 12, 8, 26][6, 2, 15, 5, 21, 10, 27, 29][23, 9, 1, 14, 24][20, 14, 11, 25][3, 4, 20][8, 26][12, 17][12, 17][12, 17][7, 16][12, 17][6, 13] 
[7, 16, 6, 13, 18, 19, 22, 0, 28, 17, 12, 8, 26][6, 2, 15, 5, 21, 10, 27, 29][3, 9, 23, 1, 4, 20][20, 14, 11, 25][7, 20][14, 24][12, 17][6, 13][12, 17][12, 17][12, 17][12, 17] 
[7, 16, 6, 13, 18, 19, 22, 0, 28, 17, 12, 8, 26][6, 2, 15, 5, 21, 10, 27, 29][3, 9, 23, 1, 4, 20][20, 14, 11, 25][7, 20][14, 24][12, 17][6, 13][12, 17][12, 17][12, 17][12, 17] 
[18, 19, 22, 0, 28, 17, 12, 8, 26][6, 2, 15, 5, 21, 10, 27, 29][18, 13, 6, 16, 7, 20][3, 9, 23, 1, 4, 20][20, 14, 11, 25][7, 16][14, 24][6, 13][12, 17][6, 13][6, 13][12, 17] 
[20, 7, 16, 6, 13, 18, 19, 22, 0, 28, 17, 12, 8, 26][6, 2, 15, 5, 21, 10, 27, 29][23, 9, 1, 14, 24][20, 14, 11, 25][3, 4, 20][8, 26][12, 17][12, 17][12, 17][7, 16][12, 17][6, 13] 
[20, 7, 16, 6, 13, 18, 19, 22, 0, 28, 17, 12, 8, 26][6, 2, 15, 5, 21, 10, 27, 29][23, 9, 1, 14, 24][20, 14, 11, 25][3, 4, 20][8, 26][12, 17][12, 17][12, 17][7, 16][12, 17][6, 13] 
[7, 16, 6, 13, 18, 19, 22, 0, 28, 17, 12, 8, 26][6, 2, 15, 5, 21, 10, 27, 29][3, 9, 23, 1, 4, 20][20, 14, 11, 25][7, 20][14, 24][12, 17][6, 13][12, 17][12, 17][12, 17][12, 17] 
[20, 7, 16, 6, 13, 18, 19, 22, 0, 28, 17, 12, 8, 26][6, 2, 15, 5, 21, 10, 27, 29][23, 9, 1, 14, 24][20, 14, 11, 25][3, 4, 20][8, 26][12, 17][12, 17][12, 17][7, 16][12, 17][6, 13] 
[20, 7, 16, 6, 13, 18, 19, 22, 0, 28, 17, 12, 8, 26][6, 2, 15, 5, 21, 10, 27, 29][23, 9, 1, 14, 24][20, 14, 11, 25][3, 4, 20][8, 26][12, 17][12, 17][12, 17][7, 16][12, 17][6, 13] 
[20, 7, 16, 6, 13, 18, 19, 22, 0, 28, 17, 12, 8, 26][6, 2, 15, 5, 21, 10, 27, 29][23, 9, 1, 14, 24][20, 14, 11, 25][3, 4, 20][8, 26][12, 17][12, 17][12, 17][7, 16][12, 17][6, 13] 
[7, 16, 6, 13, 18, 19, 22, 0, 28, 17, 12, 8, 26][6, 2, 15, 5, 21, 10, 27, 29][3, 9, 23, 1, 4, 20][20, 14, 11, 25][7, 20][14, 24][12, 17][6, 13][12, 17][12, 17][12, 17][12, 17] 
[20, 7, 16, 6, 13, 18, 19, 22, 0, 28, 17, 12, 8, 26][6, 2, 15, 5, 21, 10, 27, 29][23, 9, 1, 14, 24][20, 14, 11, 25][3, 4, 20][8, 26][12, 17][12, 17][12, 17][7, 16][12, 17][6, 13] 
[20, 7, 16, 6, 13, 18, 19, 22, 0, 28, 17, 12, 8, 26][6, 2, 15, 5, 21, 10, 27, 29][23, 9, 1, 14, 24][20, 14, 11, 25][3, 4, 20][8, 26][12, 17][12, 17][12, 17][7, 16][12, 17][6, 13] 
[20, 7, 16, 6, 13, 18, 19, 22, 0, 17, 12, 8, 26][6, 2, 15, 5, 21, 10, 27, 29][3, 9, 23, 1, 4, 20][20, 14, 11, 25, 28][14, 24][7, 20][12, 17][7, 20][12, 17][12, 17][6, 13][12, 17] 
[20, 7, 16, 6, 13, 18, 19, 22, 0, 17, 12, 8, 26][6, 2, 15, 5, 21, 10, 27, 29][3, 9, 23, 1, 4, 20][20, 14, 11, 25, 28][14, 24][7, 20][12, 17][7, 20][12, 17][12, 17][6, 13][12, 17] 
[20, 7, 16, 6, 13, 18, 19, 22, 0, 28, 17, 12, 8, 26][6, 2, 15, 5, 21, 10, 27, 29][23, 9, 1, 14, 24][20, 14, 11, 25][3, 4, 20][8, 26][12, 17][12, 17][12, 17][7, 16][12, 17][6, 13] 
[20, 7, 16, 6, 13, 18, 19, 22, 0, 17, 12, 8, 26][6, 2, 15, 5, 21, 10, 27, 29][3, 9, 23, 1, 4, 20][20, 14, 11, 25, 28][14, 24][7, 20][12, 17][7, 20][12, 17][12, 17][6, 13][12, 17] 
[20, 7, 16, 6, 13, 18, 19, 22, 0, 17, 12, 8, 26][6, 2, 15, 5, 21, 10, 27, 29][3, 9, 23, 1, 4, 20][20, 14, 11, 25, 28][14, 24][7, 20][12, 17][7, 20][12, 17][12, 17][6, 13][12, 17] 
[20, 7, 16, 6, 13, 18, 19, 22, 0, 17, 12, 8, 26][6, 2, 15, 5, 21, 10, 27, 29][3, 9, 23, 1, 4, 20][20, 14, 11, 25, 28][14, 24][7, 20][12, 17][7, 20][12, 17][12, 17][6, 13][12, 17] 
[8, 26, 0, 19, 22, 25, 28][3, 9, 23, 1, 4, 20][21, 6, 16, 2, 29][5, 15, 10, 27][12, 17, 18, 13][14, 7, 24][7, 27][7, 16][11, 14][11, 17][14, 23][0, 18] 
[8, 26, 0, 19, 22, 25, 28][3, 9, 23, 1, 4, 20][21, 6, 16, 2, 29][5, 15, 10, 27][12, 17, 18, 13][14, 7, 24][7, 27][7, 16][11, 14][11, 17][14, 23][0, 18] 
[8, 26, 0, 19, 22, 25, 28][3, 9, 23, 1, 4, 20][21, 6, 16, 2, 29][12, 17, 18, 13][5, 15, 10, 27][14, 7, 24][0, 18][11, 17][11, 14][7, 27][7, 16][14, 23] 
[8, 26, 0, 19, 22, 25, 28][3, 9, 23, 1, 4, 20][21, 6, 16, 2, 29][5, 15, 10, 27][12, 17, 18, 13][14, 7, 24][7, 27][7, 16][14, 23][11, 14][11, 17][0, 18] 
[8, 26, 0, 19, 22, 25, 28][3, 9, 23, 1, 4, 20][21, 6, 16, 2, 29][5, 15, 10, 27][12, 17, 18, 13][14, 7, 24][7, 27][7, 16][14, 23][11, 14][11, 17][0, 18] 
[8, 26, 0, 19, 22, 25, 28][3, 9, 23, 1, 4, 20][21, 6, 16, 2, 29][12, 17, 18, 13][5, 15, 10, 27][14, 7, 24][7, 16][11, 14][14, 23][11, 17][0, 18][7, 27] 
[8, 26, 0, 19, 22, 25, 28][3, 9, 23, 1, 4, 20][21, 6, 16, 2, 29][12, 17, 18, 13][5, 15, 10, 27][14, 7, 24][0, 18][11, 17][11, 14][7, 27][14, 23][7, 16] 
[8, 26, 0, 19, 22, 25, 28][3, 9, 23, 1, 4, 20][21, 6, 16, 2, 29][5, 15, 10, 27][12, 17, 18, 13][14, 7, 24][7, 27][7, 16][14, 23][11, 14][11, 17][0, 18] 
[8, 26, 0, 19, 22, 25, 28][3, 9, 23, 1, 4, 20][21, 6, 16, 2, 29][5, 15, 10, 27][12, 17, 18, 13][14, 7, 24][7, 27][7, 16][14, 23][11, 14][11, 17][0, 18] 
[8, 26, 0, 19, 22, 25, 28][3, 9, 23, 1, 4, 20][21, 6, 16, 2, 29][12, 17, 18, 13][5, 15, 10, 27][14, 7, 24][11, 14][11, 17][7, 27][0, 18][14, 23][7, 16] 
[8, 26, 0, 19, 22, 25, 28][3, 9, 23, 1, 4, 20][21, 6, 16, 2, 29][5, 15, 10, 27][12, 17, 18, 13][14, 7, 24][7, 27][14, 23][11, 14][7, 16][11, 17][0, 18] 
[8, 26, 0, 19, 22, 25, 28][3, 9, 23, 1, 4, 20][21, 6, 16, 2, 29][12, 17, 18, 13][5, 15, 10, 27][14, 7, 24][0, 18][11, 17][11, 14][7, 27][7, 16][14, 23] 
[8, 26, 0, 19, 22, 25, 28][3, 9, 23, 1, 4, 20][21, 6, 16, 2, 29][5, 15, 10, 27][12, 17, 18, 13][14, 7, 24][7, 27][14, 23][11, 14][7, 16][11, 17][0, 18] 
[8, 26, 0, 19, 22, 25, 28][3, 9, 23, 1, 4, 20][21, 6, 16, 2, 29][5, 15, 10, 27][12, 17, 18, 13][14, 7, 24][7, 27][7, 16][14, 23][11, 14][11, 17][0, 18] 
[8, 26, 0, 19, 22, 25, 28][3, 9, 23, 1, 4, 20][21, 6, 16, 2, 29][5, 15, 10, 27][12, 17, 18, 13][14, 7, 24][7, 27][7, 16][14, 23][11, 14][11, 17][0, 18] 
[8, 26, 0, 19, 22, 25, 28][3, 9, 23, 1, 4, 20][21, 6, 16, 2, 29][5, 15, 10, 27][13, 18, 17][11, 17, 12][24, 7, 27][0, 18][11, 14][14, 24][14, 23][7, 16] 
[8, 26, 0, 19, 22, 25, 28][3, 9, 23, 1, 4, 20][21, 6, 16, 2, 29][5, 15, 10, 27][24, 7, 27][11, 17, 12][13, 18, 17][7, 16][14, 24][11, 14][0, 18][14, 23] 
[8, 26, 0, 19, 22, 25, 28][3, 9, 23, 1, 4, 20][21, 6, 16, 2, 29][5, 15, 10, 27][24, 7, 27][11, 17, 12][13, 18, 17][7, 16][14, 24][11, 14][14, 23][0, 18] 
[8, 26, 0, 19, 22, 25, 28][3, 9, 23, 1, 4, 20][21, 6, 16, 2, 29][5, 15, 10, 27][11, 17, 12][13, 18, 17][24, 7, 27][14, 23][11, 14][14, 24][0, 18][7, 16] 
[8, 26, 0, 19, 22, 25, 28][3, 9, 23, 1, 4, 20][21, 6, 16, 2, 29][5, 15, 10, 27][11, 17, 12][13, 18, 17][24, 7, 27][14, 23][11, 14][14, 24][0, 18][7, 16] 
[8, 26, 0, 19, 22, 25, 28][5, 15, 10, 27, 7, 24][3, 9, 23, 1, 4, 20][21, 6, 16, 2, 29][11, 17, 12][0, 18][13, 18][17, 18][11, 14][14, 24][14, 23][7, 16] 
[8, 26, 0, 19, 22, 25, 28][3, 9, 23, 1, 4, 20][21, 6, 16, 2, 29][5, 15, 10, 27][12, 17, 18, 13][14, 7, 24][7, 27][7, 16][14, 23][11, 14][11, 17][0, 18] 
[8, 26, 0, 19, 22, 25, 28][3, 9, 23, 1, 4, 20][21, 6, 16, 2, 29][5, 15, 10, 27][12, 17, 18, 13][14, 7, 24][7, 27][7, 16][14, 23][11, 14][11, 17][0, 18] 
[8, 26, 0, 19, 22, 25, 28][3, 9, 23, 1, 4, 20][21, 6, 16, 2, 29][5, 15, 10, 27][12, 17, 18, 13][14, 7, 24][7, 27][7, 16][14, 23][11, 14][11, 17][0, 18] 
[8, 26, 0, 19, 22, 25, 28][3, 9, 23, 1, 4, 20][21, 6, 16, 2, 29][5, 15, 10, 27][12, 17, 18, 13][14, 7, 24][7, 27][7, 16][14, 23][11, 14][11, 17][0, 18] 
[8, 26, 0, 19, 22, 25, 28][3, 9, 23, 1, 4, 20][21, 6, 16, 2, 29][5, 15, 10, 27][12, 17, 18, 13][14, 7, 24][7, 27][7, 16][14, 23][11, 14][11, 17][0, 18] 
[8, 26, 0, 19, 22, 25, 28][3, 9, 23, 1, 4, 20][21, 6, 16, 2, 29][12, 17, 18, 13][5, 15, 10, 27][24, 7, 27][0, 18][11, 17][11, 14][14, 23][14, 24][7, 16] 
[8, 26, 0, 19, 22, 25, 28][3, 9, 23, 1, 4, 20][21, 6, 16, 2, 29][5, 15, 10, 27][12, 17, 18, 13][14, 7, 24][7, 27][7, 16][14, 23][11, 14][11, 17][0, 18] 
[8, 26, 0, 19, 22, 25, 28][3, 9, 23, 1, 4, 20][21, 6, 16, 2, 29][5, 15, 10, 27][24, 7, 27][11, 17, 12][13, 18, 17][14, 23][14, 24][11, 14][7, 16][0, 18] 
[8, 26, 0, 19, 22, 25, 28][3, 9, 23, 1, 4, 20][21, 6, 16, 2, 29][5, 15, 10, 27][11, 17, 12][13, 18, 17][24, 7, 27][14, 23][11, 14][14, 24][0, 18][7, 16] 
[8, 26, 0, 19, 22, 25, 28][3, 9, 23, 1, 4, 20][21, 6, 16, 2, 29][5, 15, 10, 27][13, 18, 17][11, 17, 12][24, 7, 27][0, 18][11, 14][14, 24][7, 16][14, 23] 
[8, 26, 0, 19, 22, 25, 28][3, 9, 23, 1, 4, 20][21, 6, 16, 2, 29][5, 15, 10, 27][13, 18, 17][11, 17, 12][24, 7, 27][0, 18][11, 14][14, 23][14, 24][7, 16] 
[8, 26, 0, 19, 22, 25, 28][3, 9, 23, 1, 4, 20][21, 6, 16, 2, 29][5, 15, 10, 27][13, 18, 17][11, 17, 12][24, 7, 27][0, 18][11, 14][14, 23][14, 24][7, 16] 
[8, 26, 0, 19, 22, 25, 28][3, 9, 23, 1, 4, 20][21, 6, 16, 2, 29][5, 15, 10, 27][13, 18, 17][11, 17, 12][24, 7, 27][0, 18][11, 14][14, 23][14, 24][7, 16] 
[8, 26, 0, 19, 22, 25, 28][3, 9, 23, 1, 4, 20][21, 6, 16, 2, 29][5, 15, 10, 27][24, 7, 27][11, 17, 12][13, 18, 17][7, 16][14, 24][11, 14][14, 23][0, 18] 
[8, 26, 0, 19, 22, 25, 28][3, 9, 23, 1, 4, 20][21, 6, 16, 2, 29][5, 15, 10, 27][24, 7, 27][11, 17, 12][13, 18, 17][14, 23][14, 24][11, 14][7, 16][0, 18] 
[8, 26, 0, 19, 22, 25, 28][3, 9, 23, 1, 4, 20][21, 6, 16, 2, 29][5, 15, 10, 27][24, 7, 27][11, 17, 12][13, 18, 17][14, 23][14, 24][11, 14][7, 16][0, 18] 
[8, 26, 0, 19, 22, 25, 28][3, 9, 23, 1, 4, 20][21, 6, 16, 2, 29][5, 15, 10, 27][24, 7, 27][11, 17, 12][13, 18, 17][7, 16][14, 24][14, 23][11, 14][0, 18] 
[8, 26, 0, 19, 22, 25, 28][3, 9, 23, 1, 4, 20][21, 6, 16, 2, 29][5, 15, 10, 27][24, 7, 27][11, 17, 12][13, 18, 17][7, 16][14, 24][11, 14][14, 23][0, 18] 
[8, 26, 0, 19, 22, 25, 28][3, 9, 23, 1, 4, 20][21, 6, 16, 2, 29][5, 15, 10, 27][24, 7, 27][11, 17, 12][13, 18, 17][7, 16][14, 24][14, 23][11, 14][0, 18] 
[8, 26, 0, 19, 22, 25, 28][3, 9, 23, 1, 4, 20][21, 6, 16, 2, 29][5, 15, 10, 27][24, 7, 27][11, 17, 12][13, 18, 17][7, 16][14, 24][11, 14][14, 23][0, 18] 
[8, 26, 0, 19, 22, 25, 28][3, 9, 23, 1, 4, 20][21, 6, 16, 2, 29][5, 15, 10, 27][13, 18, 17][11, 17, 12][24, 7, 27][0, 18][11, 14][14, 23][14, 24][7, 16] 
[8, 26, 0, 19, 22, 25, 28][3, 9, 23, 1, 4, 20][21, 6, 16, 2, 29][5, 15, 10, 27][24, 7, 27][11, 17, 12][13, 18, 17][14, 23][14, 24][11, 14][7, 16][0, 18] 
[8, 26, 0, 19, 22, 25, 28][5, 15, 10, 27, 7, 24][3, 9, 23, 1, 4, 20][21, 6, 16, 2, 29][11, 17, 12][13, 18, 17][7, 24][7, 16][14, 24][11, 14][0, 18][14, 23] 
[8, 26, 0, 19, 22, 25, 28][5, 15, 10, 27, 7, 24][3, 9, 23, 1, 4, 20][21, 6, 16, 2, 29][11, 17, 12][13, 18, 17][7, 24][7, 16][14, 24][11, 14][0, 18][14, 23] 
[8, 26, 0, 19, 22, 25, 28][5, 15, 10, 27, 7, 24][3, 9, 23, 1, 4, 20][21, 6, 16, 2, 29][11, 17, 12][13, 18, 17][7, 24][7, 16][14, 24][11, 14][0, 18][14, 23] 
[8, 26, 0, 19, 22, 25, 28][5, 15, 10, 27, 7, 24][3, 9, 23, 1, 4, 20][21, 6, 16, 2, 29][11, 17, 12][13, 18, 17][7, 24][7, 16][14, 24][11, 14][0, 18][14, 23] 
[8, 26, 0, 19, 22, 25, 28][5, 15, 10, 27, 7, 24][3, 9, 23, 1, 4, 20][21, 6, 16, 2, 29][11, 17, 12][13, 18, 17][7, 24][7, 16][14, 24][11, 14][0, 18][14, 23] 
[8, 26, 0, 19, 22, 25, 28][5, 15, 10, 27, 7, 24][3, 9, 23, 1, 4, 20][21, 6, 16, 2, 29][11, 17, 12][0, 18, 13][7, 24][14, 24][14, 23][11, 14][7, 16][17, 18] 
[8, 26, 0, 19, 22, 25, 28][3, 9, 23, 1, 4, 20][21, 6, 16, 2, 29][12, 17, 18, 13][5, 15, 10, 27][24, 7, 27][14, 24][14, 23][11, 14][11, 17][0, 18][7, 16] 
[8, 26, 0, 19, 22, 25, 28][3, 9, 23, 1, 4, 20][21, 6, 16, 2, 29][12, 17, 18, 13][5, 15, 10, 27][24, 7, 27][14, 24][14, 23][11, 14][11, 17][0, 18][7, 16] 
[8, 26, 0, 19, 22, 25, 28][3, 9, 23, 1, 4, 20][21, 6, 16, 2, 29][12, 17, 18, 13][5, 15, 10, 27][24, 7, 27][14, 24][14, 23][11, 14][11, 17][0, 18][7, 16] 
[8, 26, 0, 19, 22, 25, 28][3, 9, 23, 1, 4, 20][21, 6, 16, 2, 29][5, 15, 10, 27][12, 17, 18, 13][24, 7, 27][7, 16][14, 24][14, 23][11, 14][11, 17][0, 18] 
[8, 26, 0, 19, 22, 25, 28][3, 9, 23, 1, 4, 20][21, 6, 16, 2, 29][5, 15, 10, 27][12, 17, 18, 13][24, 7, 27][7, 16][14, 24][14, 23][11, 14][11, 17][0, 18] 
[8, 26, 0, 19, 22, 25, 28][3, 9, 23, 1, 4, 20][21, 6, 16, 2, 29][5, 15, 10, 27][24, 7, 27][11, 17, 12][13, 18, 17][14, 23][14, 24][11, 14][7, 16][0, 18] 
[8, 26, 0, 19, 22, 25, 28][3, 9, 23, 1, 4, 20][21, 6, 16, 2, 29][12, 17, 18, 13][5, 15, 10, 27][24, 7, 27][0, 18][11, 17][11, 14][14, 23][14, 24][7, 16] 
