[13, 43, 61, 60, 14, 2, 0, 50, 33, 58][17, 55, 20, 52, 64, 58, 34, 41, 25, 57][7, 53, 46, 40, 12, 27, 41, 57, 51, 56][8, 28, 56, 6, 21, 63, 30, 24, 62, 15][6, 63, 24, 42, 49, 9, 59, 10, 16, 26][12, 25, 57, 34, 45, 22, 38, 19, 36, 41][48, 39, 65, 5, 18, 66, 38, 3, 29, 69][26, 16, 10, 59, 1, 31, 11, 68, 9, 49][48, 39, 32, 37, 5, 54, 66, 18, 65, 67][7, 40, 47, 53, 4, 25, 27, 41, 45, 34][0, 23, 2, 50, 13, 20, 43, 61, 44, 60][8, 56, 51, 35, 6, 63, 24, 62, 30, 15][6, 63, 24, 42, 49, 9, 59, 10, 16, 26][6, 63, 24, 42, 49, 9, 59, 10, 16, 26][6, 63, 24, 42, 49, 9, 59, 10, 16, 26] 
[6, 63, 24, 42, 49, 9, 59, 10, 16, 26][8, 28, 56, 6, 21, 63, 30, 24, 62, 15][7, 53, 46, 40, 12, 27, 41, 57, 51, 56][17, 55, 20, 52, 64, 58, 34, 41, 25, 57][13, 43, 61, 60, 14, 2, 0, 50, 33, 58][12, 25, 57, 34, 45, 22, 38, 19, 36, 41][48, 39, 65, 5, 18, 66, 38, 3, 29, 69][48, 39, 32, 37, 5, 54, 66, 18, 65, 67][26, 16, 10, 59, 1, 31, 11, 68, 9, 49][7, 40, 47, 53, 4, 25, 27, 41, 45, 34][0, 23, 2, 50, 13, 20, 43, 61, 44, 60][8, 56, 51, 35, 6, 63, 24, 62, 30, 15][48, 39, 65, 5, 18, 66, 38, 3, 29, 69][48, 39, 65, 5, 18, 66, 38, 3, 29, 69][48, 39, 65, 5, 18, 66, 38, 3, 29, 69] 
[6, 63, 24, 42, 49, 9, 59, 10, 16, 26][8, 28, 56, 6, 21, 63, 30, 24, 62, 15][7, 53, 46, 40, 12, 27, 41, 57, 51, 56][17, 55, 20, 52, 64, 58, 34, 41, 25, 57][0, 23, 2, 50, 13, 20, 43, 61, 44, 60][12, 25, 57, 34, 45, 22, 38, 19, 36, 41][48, 39, 65, 5, 18, 66, 38, 3, 29, 69][26, 16, 10, 59, 1, 31, 11, 68, 9, 49][48, 39, 32, 37, 5, 54, 66, 18, 65, 67][7, 40, 47, 53, 4, 25, 27, 41, 45, 34][13, 43, 61, 60, 14, 2, 0, 50, 33, 58][8, 56, 51, 35, 6, 63, 24, 62, 30, 15][48, 39, 65, 5, 18, 66, 38, 3, 29, 69][26, 16, 10, 59, 1, 31, 11, 68, 9, 49][26, 16, 10, 59, 1, 31, 11, 68, 9, 49] 
[6, 63, 24, 42, 49, 9, 59, 10, 16, 26][8, 28, 56, 6, 21, 63, 30, 24, 62, 15][7, 53, 46, 40, 12, 27, 41, 57, 51, 56][17, 55, 20, 52, 64, 58, 34, 41, 25, 57][0, 23, 2, 50, 13, 20, 43, 61, 44, 60][12, 25, 57, 34, 45, 22, 38, 19, 36, 41][48, 39, 65, 5, 18, 66, 38, 3, 29, 69][26, 16, 10, 59, 1, 31, 11, 68, 9, 49][48, 39, 32, 37, 5, 54, 66, 18, 65, 67][7, 40, 47, 53, 4, 25, 27, 41, 45, 34][13, 43, 61, 60, 14, 2, 0, 50, 33, 58][8, 56, 51, 35, 6, 63, 24, 62, 30, 15][48, 39, 65, 5, 18, 66, 38, 3, 29, 69][26, 16, 10, 59, 1, 31, 11, 68, 9, 49][26, 16, 10, 59, 1, 31, 11, 68, 9, 49] 
[13, 43, 61, 60, 14, 2, 0, 50, 33, 58][17, 55, 20, 52, 64, 58, 34, 41, 25, 57][7, 53, 46, 40, 12, 27, 41, 57, 51, 56][8, 28, 56, 6, 21, 63, 30, 24, 62, 15][6, 63, 24, 42, 49, 9, 59, 10, 16, 26][12, 25, 57, 34, 45, 22, 38, 19, 36, 41][48, 39, 65, 5, 18, 66, 38, 3, 29, 69][48, 39, 32, 37, 5, 54, 66, 18, 65, 67][26, 16, 10, 59, 1, 31, 11, 68, 9, 49][0, 23, 2, 50, 13, 20, 43, 61, 44, 60][7, 40, 47, 53, 4, 25, 27, 41, 45, 34][8, 56, 51, 35, 6, 63, 24, 62, 30, 15][6, 63, 24, 42, 49, 9, 59, 10, 16, 26][26, 16, 10, 59, 1, 31, 11, 68, 9, 49][6, 63, 24, 42, 49, 9, 59, 10, 16, 26] 
[13, 43, 61, 60, 14, 2, 0, 50, 33, 58][17, 55, 20, 52, 64, 58, 34, 41, 25, 57][7, 53, 46, 40, 12, 27, 41, 57, 51, 56][8, 28, 56, 6, 21, 63, 30, 24, 62, 15][6, 63, 24, 42, 49, 9, 59, 10, 16, 26][12, 25, 57, 34, 45, 22, 38, 19, 36, 41][48, 39, 65, 5, 18, 66, 38, 3, 29, 69][26, 16, 10, 59, 1, 31, 11, 68, 9, 49][48, 39, 32, 37, 5, 54, 66, 18, 65, 67][0, 23, 2, 50, 13, 20, 43, 61, 44, 60][7, 40, 47, 53, 4, 25, 27, 41, 45, 34][8, 56, 51, 35, 6, 63, 24, 62, 30, 15][6, 63, 24, 42, 49, 9, 59, 10, 16, 26][48, 39, 65, 5, 18, 66, 38, 3, 29, 69][26, 16, 10, 59, 1, 31, 11, 68, 9, 49] 
[26, 16, 10, 59, 1, 31, 11, 68, 9, 49][6, 63, 24, 42, 49, 9, 59, 10, 16, 26][8, 28, 56, 6, 21, 63, 30, 24, 62, 15][7, 53, 46, 40, 12, 27, 41, 57, 51, 56][17, 55, 20, 52, 64, 58, 34, 41, 25, 57][13, 43, 61, 60, 14, 2, 0, 50, 33, 58][12, 25, 57, 34, 45, 22, 38, 19, 36, 41][48, 39, 65, 5, 18, 66, 38, 3, 29, 69][48, 39, 32, 37, 5, 54, 66, 18, 65, 67][7, 40, 47, 53, 4, 25, 27, 41, 45, 34][0, 23, 2, 50, 13, 20, 43, 61, 44, 60][8, 56, 51, 35, 6, 63, 24, 62, 30, 15][48, 39, 65, 5, 18, 66, 38, 3, 29, 69][26, 16, 10, 59, 1, 31, 11, 68, 9, 49][48, 39, 65, 5, 18, 66, 38, 3, 29, 69] 
[13, 43, 61, 60, 14, 2, 0, 50, 33, 58][17, 55, 20, 52, 64, 58, 34, 41, 25, 57][7, 53, 46, 40, 12, 27, 41, 57, 51, 56][8, 28, 56, 6, 21, 63, 30, 24, 62, 15][6, 63, 24, 42, 49, 9, 59, 10, 16, 26][12, 25, 57, 34, 45, 22, 38, 19, 36, 41][48, 39, 65, 5, 18, 66, 38, 3, 29, 69][48, 39, 32, 37, 5, 54, 66, 18, 65, 67][26, 16, 10, 59, 1, 31, 11, 68, 9, 49][0, 23, 2, 50, 13, 20, 43, 61, 44, 60][7, 40, 47, 53, 4, 25, 27, 41, 45, 34][8, 56, 51, 35, 6, 63, 24, 62, 30, 15][6, 63, 24, 42, 49, 9, 59, 10, 16, 26][26, 16, 10, 59, 1, 31, 11, 68, 9, 49][6, 63, 24, 42, 49, 9, 59, 10, 16, 26] 
[13, 43, 61, 60, 14, 2, 0, 50, 33, 58][17, 55, 20, 52, 64, 58, 34, 41, 25, 57][7, 53, 46, 40, 12, 27, 41, 57, 51, 56][8, 28, 56, 6, 21, 63, 30, 24, 62, 15][6, 63, 24, 42, 49, 9, 59, 10, 16, 26][12, 25, 57, 34, 45, 22, 38, 19, 36, 41][48, 39, 65, 5, 18, 66, 38, 3, 29, 69][26, 16, 10, 59, 1, 31, 11, 68, 9, 49][48, 39, 32, 37, 5, 54, 66, 18, 65, 67][0, 23, 2, 50, 13, 20, 43, 61, 44, 60][7, 40, 47, 53, 4, 25, 27, 41, 45, 34][8, 56, 51, 35, 6, 63, 24, 62, 30, 15][6, 63, 24, 42, 49, 9, 59, 10, 16, 26][48, 39, 65, 5, 18, 66, 38, 3, 29, 69][26, 16, 10, 59, 1, 31, 11, 68, 9, 49] 
[13, 43, 61, 60, 14, 2, 0, 50, 33, 58][17, 55, 20, 52, 64, 58, 34, 41, 25, 57][7, 53, 46, 40, 12, 27, 41, 57, 51, 56][8, 28, 56, 6, 21, 63, 30, 24, 62, 15][6, 63, 24, 42, 49, 9, 59, 10, 16, 26][12, 25, 57, 34, 45, 22, 38, 19, 36, 41][48, 39, 65, 5, 18, 66, 38, 3, 29, 69][48, 39, 32, 37, 5, 54, 66, 18, 65, 67][26, 16, 10, 59, 1, 31, 11, 68, 9, 49][0, 23, 2, 50, 13, 20, 43, 61, 44, 60][7, 40, 47, 53, 4, 25, 27, 41, 45, 34][8, 56, 51, 35, 6, 63, 24, 62, 30, 15][6, 63, 24, 42, 49, 9, 59, 10, 16, 26][26, 16, 10, 59, 1, 31, 11, 68, 9, 49][6, 63, 24, 42, 49, 9, 59, 10, 16, 26] 
[13, 43, 61, 60, 14, 2, 0, 50, 33, 58][17, 55, 20, 52, 64, 58, 34, 41, 25, 57][7, 53, 46, 40, 12, 27, 41, 57, 51, 56][8, 28, 56, 6, 21, 63, 30, 24, 62, 15][6, 63, 24, 42, 49, 9, 59, 10, 16, 26][12, 25, 57, 34, 45, 22, 38, 19, 36, 41][48, 39, 65, 5, 18, 66, 38, 3, 29, 69][26, 16, 10, 59, 1, 31, 11, 68, 9, 49][48, 39, 32, 37, 5, 54, 66, 18, 65, 67][7, 40, 47, 53, 4, 25, 27, 41, 45, 34][0, 23, 2, 50, 13, 20, 43, 61, 44, 60][8, 56, 51, 35, 6, 63, 24, 62, 30, 15][6, 63, 24, 42, 49, 9, 59, 10, 16, 26][6, 63, 24, 42, 49, 9, 59, 10, 16, 26][6, 63, 24, 42, 49, 9, 59, 10, 16, 26] 
[26, 16, 10, 59, 1, 31, 11, 68, 9, 49][6, 63, 24, 42, 49, 9, 59, 10, 16, 26][8, 28, 56, 6, 21, 63, 30, 24, 62, 15][7, 53, 46, 40, 12, 27, 41, 57, 51, 56][17, 55, 20, 52, 64, 58, 34, 41, 25, 57][13, 43, 61, 60, 14, 2, 0, 50, 33, 58][12, 25, 57, 34, 45, 22, 38, 19, 36, 41][48, 39, 65, 5, 18, 66, 38, 3, 29, 69][48, 39, 32, 37, 5, 54, 66, 18, 65, 67][7, 40, 47, 53, 4, 25, 27, 41, 45, 34][0, 23, 2, 50, 13, 20, 43, 61, 44, 60][8, 56, 51, 35, 6, 63, 24, 62, 30, 15][48, 39, 65, 5, 18, 66, 38, 3, 29, 69][26, 16, 10, 59, 1, 31, 11, 68, 9, 49][48, 39, 65, 5, 18, 66, 38, 3, 29, 69] 
[6, 63, 24, 42, 49, 9, 59, 10, 16, 26][8, 28, 56, 6, 21, 63, 30, 24, 62, 15][7, 53, 46, 40, 12, 27, 41, 57, 51, 56][17, 55, 20, 52, 64, 58, 34, 41, 25, 57][0, 23, 2, 50, 13, 20, 43, 61, 44, 60][12, 25, 57, 34, 45, 22, 38, 19, 36, 41][48, 39, 65, 5, 18, 66, 38, 3, 29, 69][26, 16, 10, 59, 1, 31, 11, 68, 9, 49][48, 39, 32, 37, 5, 54, 66, 18, 65, 67][7, 40, 47, 53, 4, 25, 27, 41, 45, 34][13, 43, 61, 60, 14, 2, 0, 50, 33, 58][8, 56, 51, 35, 6, 63, 24, 62, 30, 15][48, 39, 65, 5, 18, 66, 38, 3, 29, 69][26, 16, 10, 59, 1, 31, 11, 68, 9, 49][26, 16, 10, 59, 1, 31, 11, 68, 9, 49] 
[13, 43, 61, 60, 14, 2, 0, 50, 33, 58][17, 55, 20, 52, 64, 58, 34, 41, 25, 57][7, 53, 46, 40, 12, 27, 41, 57, 51, 56][8, 28, 56, 6, 21, 63, 30, 24, 62, 15][6, 63, 24, 42, 49, 9, 59, 10, 16, 26][12, 25, 57, 34, 45, 22, 38, 19, 36, 41][48, 39, 65, 5, 18, 66, 38, 3, 29, 69][26, 16, 10, 59, 1, 31, 11, 68, 9, 49][48, 39, 32, 37, 5, 54, 66, 18, 65, 67][7, 40, 47, 53, 4, 25, 27, 41, 45, 34][0, 23, 2, 50, 13, 20, 43, 61, 44, 60][8, 56, 51, 35, 6, 63, 24, 62, 30, 15][6, 63, 24, 42, 49, 9, 59, 10, 16, 26][6, 63, 24, 42, 49, 9, 59, 10, 16, 26][6, 63, 24, 42, 49, 9, 59, 10, 16, 26] 
[26, 16, 10, 59, 1, 31, 11, 68, 9, 49][6, 63, 24, 42, 49, 9, 59, 10, 16, 26][8, 28, 56, 6, 21, 63, 30, 24, 62, 15][7, 53, 46, 40, 12, 27, 41, 57, 51, 56][17, 55, 20, 52, 64, 58, 34, 41, 25, 57][13, 43, 61, 60, 14, 2, 0, 50, 33, 58][12, 25, 57, 34, 45, 22, 38, 19, 36, 41][48, 39, 65, 5, 18, 66, 38, 3, 29, 69][48, 39, 32, 37, 5, 54, 66, 18, 65, 67][7, 40, 47, 53, 4, 25, 27, 41, 45, 34][0, 23, 2, 50, 13, 20, 43, 61, 44, 60][8, 56, 51, 35, 6, 63, 24, 62, 30, 15][48, 39, 65, 5, 18, 66, 38, 3, 29, 69][26, 16, 10, 59, 1, 31, 11, 68, 9, 49][48, 39, 65, 5, 18, 66, 38, 3, 29, 69] 
[13, 43, 61, 60, 14, 2, 0, 50, 33, 58][17, 55, 20, 52, 64, 58, 34, 41, 25, 57][7, 53, 46, 40, 12, 27, 41, 57, 51, 56][8, 28, 56, 6, 21, 63, 30, 24, 62, 15][6, 63, 24, 42, 49, 9, 59, 10, 16, 26][12, 25, 57, 34, 45, 22, 38, 19, 36, 41][48, 39, 65, 5, 18, 66, 38, 3, 29, 69][26, 16, 10, 59, 1, 31, 11, 68, 9, 49][48, 39, 32, 37, 5, 54, 66, 18, 65, 67][7, 40, 47, 53, 4, 25, 27, 41, 45, 34][0, 23, 2, 50, 13, 20, 43, 61, 44, 60][8, 56, 51, 35, 6, 63, 24, 62, 30, 15][6, 63, 24, 42, 49, 9, 59, 10, 16, 26][6, 63, 24, 42, 49, 9, 59, 10, 16, 26][6, 63, 24, 42, 49, 9, 59, 10, 16, 26] 
[13, 43, 61, 60, 14, 2, 0, 50, 33, 58][17, 55, 20, 52, 64, 58, 34, 41, 25, 57][7, 53, 46, 40, 12, 27, 41, 57, 51, 56][8, 28, 56, 6, 21, 63, 30, 24, 62, 15][6, 63, 24, 42, 49, 9, 59, 10, 16, 26][12, 25, 57, 34, 45, 22, 38, 19, 36, 41][48, 39, 65, 5, 18, 66, 38, 3, 29, 69][26, 16, 10, 59, 1, 31, 11, 68, 9, 49][48, 39, 32, 37, 5, 54, 66, 18, 65, 67][7, 40, 47, 53, 4, 25, 27, 41, 45, 34][0, 23, 2, 50, 13, 20, 43, 61, 44, 60][8, 56, 51, 35, 6, 63, 24, 62, 30, 15][6, 63, 24, 42, 49, 9, 59, 10, 16, 26][6, 63, 24, 42, 49, 9, 59, 10, 16, 26][6, 63, 24, 42, 49, 9, 59, 10, 16, 26] 
[26, 16, 10, 59, 1, 31, 11, 68, 9, 49][6, 63, 24, 42, 49, 9, 59, 10, 16, 26][8, 28, 56, 6, 21, 63, 30, 24, 62, 15][7, 53, 46, 40, 12, 27, 41, 57, 51, 56][17, 55, 20, 52, 64, 58, 34, 41, 25, 57][13, 43, 61, 60, 14, 2, 0, 50, 33, 58][12, 25, 57, 34, 45, 22, 38, 19, 36, 41][48, 39, 65, 5, 18, 66, 38, 3, 29, 69][48, 39, 32, 37, 5, 54, 66, 18, 65, 67][7, 40, 47, 53, 4, 25, 27, 41, 45, 34][0, 23, 2, 50, 13, 20, 43, 61, 44, 60][8, 56, 51, 35, 6, 63, 24, 62, 30, 15][48, 39, 65, 5, 18, 66, 38, 3, 29, 69][26, 16, 10, 59, 1, 31, 11, 68, 9, 49][48, 39, 65, 5, 18, 66, 38, 3, 29, 69] 
[13, 43, 61, 60, 14, 2, 0, 50, 33, 58][17, 55, 20, 52, 64, 58, 34, 41, 25, 57][7, 53, 46, 40, 12, 27, 41, 57, 51, 56][8, 28, 56, 6, 21, 63, 30, 24, 62, 15][6, 63, 24, 42, 49, 9, 59, 10, 16, 26][12, 25, 57, 34, 45, 22, 38, 19, 36, 41][48, 39, 65, 5, 18, 66, 38, 3, 29, 69][26, 16, 10, 59, 1, 31, 11, 68, 9, 49][48, 39, 32, 37, 5, 54, 66, 18, 65, 67][7, 40, 47, 53, 4, 25, 27, 41, 45, 34][0, 23, 2, 50, 13, 20, 43, 61, 44, 60][8, 56, 51, 35, 6, 63, 24, 62, 30, 15][6, 63, 24, 42, 49, 9, 59, 10, 16, 26][6, 63, 24, 42, 49, 9, 59, 10, 16, 26][6, 63, 24, 42, 49, 9, 59, 10, 16, 26] 
[8, 56, 51, 35, 6, 63, 24, 62, 30, 15][7, 53, 46, 40, 12, 27, 41, 57, 51, 56][17, 55, 20, 52, 64, 58, 34, 41, 25, 57][13, 43, 61, 60, 14, 2, 0, 50, 33, 58][6, 63, 24, 42, 49, 9, 59, 10, 16, 26][12, 25, 57, 34, 45, 22, 38, 19, 36, 41][48, 39, 65, 5, 18, 66, 38, 3, 29, 69][48, 39, 32, 37, 5, 54, 66, 18, 65, 67][26, 16, 10, 59, 1, 31, 11, 68, 9, 49][0, 23, 2, 50, 13, 20, 43, 61, 44, 60][8, 28, 56, 6, 21, 63, 30, 24, 62, 15][7, 40, 47, 53, 4, 25, 27, 41, 45, 34][6, 63, 24, 42, 49, 9, 59, 10, 16, 26][6, 63, 24, 42, 49, 9, 59, 10, 16, 26][26, 16, 10, 59, 1, 31, 11, 68, 9, 49] 
[7, 53, 46, 40, 12, 27, 41, 57, 51, 56][8, 28, 56, 6, 21, 63, 30, 24, 62, 15][17, 55, 20, 52, 64, 58, 34, 41, 25, 57][13, 43, 61, 60, 14, 2, 0, 50, 33, 58][6, 63, 24, 42, 49, 9, 59, 10, 16, 26][12, 25, 57, 34, 45, 22, 38, 19, 36, 41][48, 39, 65, 5, 18, 66, 38, 3, 29, 69][48, 39, 32, 37, 5, 54, 66, 18, 65, 67][26, 16, 10, 59, 1, 31, 11, 68, 9, 49][7, 40, 47, 53, 4, 25, 27, 41, 45, 34][0, 23, 2, 50, 13, 20, 43, 61, 44, 60][8, 56, 51, 35, 6, 63, 24, 62, 30, 15][12, 25, 57, 34, 45, 22, 38, 19, 36, 41][12, 25, 57, 34, 45, 22, 38, 19, 36, 41][12, 25, 57, 34, 45, 22, 38, 19, 36, 41] 
[26, 16, 10, 59, 1, 31, 11, 68, 9, 49][6, 63, 24, 42, 49, 9, 59, 10, 16, 26][8, 28, 56, 6, 21, 63, 30, 24, 62, 15][7, 53, 46, 40, 12, 27, 41, 57, 51, 56][17, 55, 20, 52, 64, 58, 34, 41, 25, 57][13, 43, 61, 60, 14, 2, 0, 50, 33, 58][12, 25, 57, 34, 45, 22, 38, 19, 36, 41][48, 39, 65, 5, 18, 66, 38, 3, 29, 69][48, 39, 32, 37, 5, 54, 66, 18, 65, 67][7, 40, 47, 53, 4, 25, 27, 41, 45, 34][0, 23, 2, 50, 13, 20, 43, 61, 44, 60][8, 56, 51, 35, 6, 63, 24, 62, 30, 15][48, 39, 65, 5, 18, 66, 38, 3, 29, 69][26, 16, 10, 59, 1, 31, 11, 68, 9, 49][48, 39, 65, 5, 18, 66, 38, 3, 29, 69] 
[6, 63, 24, 42, 49, 9, 59, 10, 16, 26][8, 28, 56, 6, 21, 63, 30, 24, 62, 15][7, 53, 46, 40, 12, 27, 41, 57, 51, 56][17, 55, 20, 52, 64, 58, 34, 41, 25, 57][0, 23, 2, 50, 13, 20, 43, 61, 44, 60][12, 25, 57, 34, 45, 22, 38, 19, 36, 41][48, 39, 65, 5, 18, 66, 38, 3, 29, 69][26, 16, 10, 59, 1, 31, 11, 68, 9, 49][48, 39, 32, 37, 5, 54, 66, 18, 65, 67][7, 40, 47, 53, 4, 25, 27, 41, 45, 34][13, 43, 61, 60, 14, 2, 0, 50, 33, 58][8, 56, 51, 35, 6, 63, 24, 62, 30, 15][48, 39, 65, 5, 18, 66, 38, 3, 29, 69][26, 16, 10, 59, 1, 31, 11, 68, 9, 49][26, 16, 10, 59, 1, 31, 11, 68, 9, 49] 
[13, 43, 61, 60, 14, 2, 0, 50, 33, 58][17, 55, 20, 52, 64, 58, 34, 41, 25, 57][7, 53, 46, 40, 12, 27, 41, 57, 51, 56][8, 28, 56, 6, 21, 63, 30, 24, 62, 15][6, 63, 24, 42, 49, 9, 59, 10, 16, 26][12, 25, 57, 34, 45, 22, 38, 19, 36, 41][48, 39, 65, 5, 18, 66, 38, 3, 29, 69][26, 16, 10, 59, 1, 31, 11, 68, 9, 49][48, 39, 32, 37, 5, 54, 66, 18, 65, 67][7, 40, 47, 53, 4, 25, 27, 41, 45, 34][0, 23, 2, 50, 13, 20, 43, 61, 44, 60][8, 56, 51, 35, 6, 63, 24, 62, 30, 15][6, 63, 24, 42, 49, 9, 59, 10, 16, 26][6, 63, 24, 42, 49, 9, 59, 10, 16, 26][6, 63, 24, 42, 49, 9, 59, 10, 16, 26] 
[26, 16, 10, 59, 1, 31, 11, 68, 9, 49][6, 63, 24, 42, 49, 9, 59, 10, 16, 26][8, 28, 56, 6, 21, 63, 30, 24, 62, 15][7, 53, 46, 40, 12, 27, 41, 57, 51, 56][17, 55, 20, 52, 64, 58, 34, 41, 25, 57][13, 43, 61, 60, 14, 2, 0, 50, 33, 58][12, 25, 57, 34, 45, 22, 38, 19, 36, 41][48, 39, 65, 5, 18, 66, 38, 3, 29, 69][48, 39, 32, 37, 5, 54, 66, 18, 65, 67][7, 40, 47, 53, 4, 25, 27, 41, 45, 34][0, 23, 2, 50, 13, 20, 43, 61, 44, 60][8, 56, 51, 35, 6, 63, 24, 62, 30, 15][48, 39, 65, 5, 18, 66, 38, 3, 29, 69][26, 16, 10, 59, 1, 31, 11, 68, 9, 49][48, 39, 65, 5, 18, 66, 38, 3, 29, 69] 
[13, 43, 61, 60, 14, 2, 0, 50, 33, 58][17, 55, 20, 52, 64, 58, 34, 41, 25, 57][7, 53, 46, 40, 12, 27, 41, 57, 51, 56][8, 28, 56, 6, 21, 63, 30, 24, 62, 15][6, 63, 24, 42, 49, 9, 59, 10, 16, 26][12, 25, 57, 34, 45, 22, 38, 19, 36, 41][48, 39, 65, 5, 18, 66, 38, 3, 29, 69][48, 39, 32, 37, 5, 54, 66, 18, 65, 67][26, 16, 10, 59, 1, 31, 11, 68, 9, 49][0, 23, 2, 50, 13, 20, 43, 61, 44, 60][7, 40, 47, 53, 4, 25, 27, 41, 45, 34][8, 56, 51, 35, 6, 63, 24, 62, 30, 15][6, 63, 24, 42, 49, 9, 59, 10, 16, 26][26, 16, 10, 59, 1, 31, 11, 68, 9, 49][6, 63, 24, 42, 49, 9, 59, 10, 16, 26] 
[13, 43, 61, 60, 14, 2, 0, 50, 33, 58][17, 55, 20, 52, 64, 58, 34, 41, 25, 57][7, 53, 46, 40, 12, 27, 41, 57, 51, 56][8, 28, 56, 6, 21, 63, 30, 24, 62, 15][6, 63, 24, 42, 49, 9, 59, 10, 16, 26][12, 25, 57, 34, 45, 22, 38, 19, 36, 41][48, 39, 65, 5, 18, 66, 38, 3, 29, 69][26, 16, 10, 59, 1, 31, 11, 68, 9, 49][48, 39, 32, 37, 5, 54, 66, 18, 65, 67][7, 40, 47, 53, 4, 25, 27, 41, 45, 34][0, 23, 2, 50, 13, 20, 43, 61, 44, 60][8, 56, 51, 35, 6, 63, 24, 62, 30, 15][6, 63, 24, 42, 49, 9, 59, 10, 16, 26][6, 63, 24, 42, 49, 9, 59, 10, 16, 26][6, 63, 24, 42, 49, 9, 59, 10, 16, 26] 
[26, 16, 10, 59, 1, 31, 11, 68, 9, 49][6, 63, 24, 42, 49, 9, 59, 10, 16, 26][8, 28, 56, 6, 21, 63, 30, 24, 62, 15][7, 53, 46, 40, 12, 27, 41, 57, 51, 56][17, 55, 20, 52, 64, 58, 34, 41, 25, 57][13, 43, 61, 60, 14, 2, 0, 50, 33, 58][12, 25, 57, 34, 45, 22, 38, 19, 36, 41][48, 39, 65, 5, 18, 66, 38, 3, 29, 69][48, 39, 32, 37, 5, 54, 66, 18, 65, 67][7, 40, 47, 53, 4, 25, 27, 41, 45, 34][0, 23, 2, 50, 13, 20, 43, 61, 44, 60][8, 56, 51, 35, 6, 63, 24, 62, 30, 15][48, 39, 65, 5, 18, 66, 38, 3, 29, 69][26, 16, 10, 59, 1, 31, 11, 68, 9, 49][48, 39, 65, 5, 18, 66, 38, 3, 29, 69] 
[13, 43, 61, 60, 14, 2, 0, 50, 33, 58][17, 55, 20, 52, 64, 58, 34, 41, 25, 57][7, 53, 46, 40, 12, 27, 41, 57, 51, 56][8, 28, 56, 6, 21, 63, 30, 24, 62, 15][6, 63, 24, 42, 49, 9, 59, 10, 16, 26][12, 25, 57, 34, 45, 22, 38, 19, 36, 41][48, 39, 65, 5, 18, 66, 38, 3, 29, 69][48, 39, 32, 37, 5, 54, 66, 18, 65, 67][26, 16, 10, 59, 1, 31, 11, 68, 9, 49][0, 23, 2, 50, 13, 20, 43, 61, 44, 60][7, 40, 47, 53, 4, 25, 27, 41, 45, 34][8, 56, 51, 35, 6, 63, 24, 62, 30, 15][6, 63, 24, 42, 49, 9, 59, 10, 16, 26][26, 16, 10, 59, 1, 31, 11, 68, 9, 49][6, 63, 24, 42, 49, 9, 59, 10, 16, 26] 
[8, 28, 56, 6, 21, 63, 30, 24, 62, 15][7, 53, 46, 40, 12, 27, 41, 57, 51, 56][17, 55, 20, 52, 64, 58, 34, 41, 25, 57][13, 43, 61, 60, 14, 2, 0, 50, 33, 58][6, 63, 24, 42, 49, 9, 59, 10, 16, 26][12, 25, 57, 34, 45, 22, 38, 19, 36, 41][48, 39, 65, 5, 18, 66, 38, 3, 29, 69][26, 16, 10, 59, 1, 31, 11, 68, 9, 49][48, 39, 32, 37, 5, 54, 66, 18, 65, 67][0, 23, 2, 50, 13, 20, 43, 61, 44, 60][7, 40, 47, 53, 4, 25, 27, 41, 45, 34][8, 56, 51, 35, 6, 63, 24, 62, 30, 15][6, 63, 24, 42, 49, 9, 59, 10, 16, 26][6, 63, 24, 42, 49, 9, 59, 10, 16, 26][48, 39, 65, 5, 18, 66, 38, 3, 29, 69] 
[8, 28, 56, 6, 21, 63, 30, 24, 62, 15][7, 53, 46, 40, 12, 27, 41, 57, 51, 56][17, 55, 20, 52, 64, 58, 34, 41, 25, 57][13, 43, 61, 60, 14, 2, 0, 50, 33, 58][6, 63, 24, 42, 49, 9, 59, 10, 16, 26][12, 25, 57, 34, 45, 22, 38, 19, 36, 41][48, 39, 65, 5, 18, 66, 38, 3, 29, 69][26, 16, 10, 59, 1, 31, 11, 68, 9, 49][48, 39, 32, 37, 5, 54, 66, 18, 65, 67][0, 23, 2, 50, 13, 20, 43, 61, 44, 60][7, 40, 47, 53, 4, 25, 27, 41, 45, 34][8, 56, 51, 35, 6, 63, 24, 62, 30, 15][6, 63, 24, 42, 49, 9, 59, 10, 16, 26][6, 63, 24, 42, 49, 9, 59, 10, 16, 26][48, 39, 65, 5, 18, 66, 38, 3, 29, 69] 
[26, 16, 10, 59, 1, 31, 11, 68, 9, 49][6, 63, 24, 42, 49, 9, 59, 10, 16, 26][8, 28, 56, 6, 21, 63, 30, 24, 62, 15][7, 53, 46, 40, 12, 27, 41, 57, 51, 56][17, 55, 20, 52, 64, 58, 34, 41, 25, 57][13, 43, 61, 60, 14, 2, 0, 50, 33, 58][12, 25, 57, 34, 45, 22, 38, 19, 36, 41][48, 39, 65, 5, 18, 66, 38, 3, 29, 69][48, 39, 32, 37, 5, 54, 66, 18, 65, 67][7, 40, 47, 53, 4, 25, 27, 41, 45, 34][0, 23, 2, 50, 13, 20, 43, 61, 44, 60][8, 56, 51, 35, 6, 63, 24, 62, 30, 15][48, 39, 65, 5, 18, 66, 38, 3, 29, 69][26, 16, 10, 59, 1, 31, 11, 68, 9, 49][48, 39, 65, 5, 18, 66, 38, 3, 29, 69] 
[13, 43, 61, 60, 14, 2, 0, 50, 33, 58][17, 55, 20, 52, 64, 58, 34, 41, 25, 57][7, 53, 46, 40, 12, 27, 41, 57, 51, 56][8, 28, 56, 6, 21, 63, 30, 24, 62, 15][6, 63, 24, 42, 49, 9, 59, 10, 16, 26][12, 25, 57, 34, 45, 22, 38, 19, 36, 41][48, 39, 65, 5, 18, 66, 38, 3, 29, 69][48, 39, 32, 37, 5, 54, 66, 18, 65, 67][26, 16, 10, 59, 1, 31, 11, 68, 9, 49][0, 23, 2, 50, 13, 20, 43, 61, 44, 60][7, 40, 47, 53, 4, 25, 27, 41, 45, 34][8, 56, 51, 35, 6, 63, 24, 62, 30, 15][6, 63, 24, 42, 49, 9, 59, 10, 16, 26][26, 16, 10, 59, 1, 31, 11, 68, 9, 49][6, 63, 24, 42, 49, 9, 59, 10, 16, 26] 
[13, 43, 61, 60, 14, 2, 0, 50, 33, 58][17, 55, 20, 52, 64, 58, 34, 41, 25, 57][7, 53, 46, 40, 12, 27, 41, 57, 51, 56][8, 28, 56, 6, 21, 63, 30, 24, 62, 15][6, 63, 24, 42, 49, 9, 59, 10, 16, 26][12, 25, 57, 34, 45, 22, 38, 19, 36, 41][48, 39, 65, 5, 18, 66, 38, 3, 29, 69][26, 16, 10, 59, 1, 31, 11, 68, 9, 49][48, 39, 32, 37, 5, 54, 66, 18, 65, 67][7, 40, 47, 53, 4, 25, 27, 41, 45, 34][0, 23, 2, 50, 13, 20, 43, 61, 44, 60][8, 56, 51, 35, 6, 63, 24, 62, 30, 15][6, 63, 24, 42, 49, 9, 59, 10, 16, 26][6, 63, 24, 42, 49, 9, 59, 10, 16, 26][6, 63, 24, 42, 49, 9, 59, 10, 16, 26] 
[8, 28, 56, 6, 21, 63, 30, 24, 62, 15][7, 53, 46, 40, 12, 27, 41, 57, 51, 56][17, 55, 20, 52, 64, 58, 34, 41, 25, 57][13, 43, 61, 60, 14, 2, 0, 50, 33, 58][6, 63, 24, 42, 49, 9, 59, 10, 16, 26][12, 25, 57, 34, 45, 22, 38, 19, 36, 41][48, 39, 65, 5, 18, 66, 38, 3, 29, 69][26, 16, 10, 59, 1, 31, 11, 68, 9, 49][48, 39, 32, 37, 5, 54, 66, 18, 65, 67][0, 23, 2, 50, 13, 20, 43, 61, 44, 60][7, 40, 47, 53, 4, 25, 27, 41, 45, 34][8, 56, 51, 35, 6, 63, 24, 62, 30, 15][6, 63, 24, 42, 49, 9, 59, 10, 16, 26][6, 63, 24, 42, 49, 9, 59, 10, 16, 26][48, 39, 65, 5, 18, 66, 38, 3, 29, 69] 
[25, 12, 27, 67, 65, 18, 66, 54, 5, 37, 32, 39, 48][8, 28, 56, 6, 21, 63, 30, 42, 24, 62][7, 53, 46, 40, 12, 27, 41, 57, 51, 56][17, 55, 20, 52, 64, 58, 34, 41, 25, 57][10, 20, 43, 61, 60, 14, 2, 50, 33, 58][23, 0, 69, 29, 3, 38, 66, 18, 5, 65][48, 39, 32, 37, 5, 54, 66, 18, 65, 67][12, 25, 57, 34, 45, 22, 38, 19, 36, 41][13, 33, 50, 0, 2, 14, 44, 17, 10, 52][26, 16, 10, 59, 1, 31, 11, 68, 9, 49][7, 40, 47, 53, 4, 25, 27, 41, 45, 34][15, 42, 30, 21, 62, 24, 63, 6, 35, 51][48, 39, 32, 37, 5, 54, 66, 18, 65, 67][48, 39, 32, 37, 5, 54, 66, 18, 65, 67][48, 39, 32, 37, 5, 54, 66, 18, 65, 67] 
[48, 39, 32, 37, 5, 54, 66, 18, 65, 67, 27, 12, 40, 46, 7, 4, 25, 57][15, 30, 21, 62, 24, 63, 6, 35, 51, 56, 28][8, 28, 56, 6, 21, 63, 30, 42, 24, 62][7, 53, 46, 40, 12, 27, 41, 57, 51, 56][17, 55, 20, 52, 64, 58, 34, 41, 25, 57][43, 61, 60, 14, 2, 0, 23, 50, 33, 58][23, 0, 69, 29, 3, 38, 66, 18, 5, 65][48, 39, 32, 37, 5, 54, 66, 18, 65, 67][4, 12, 25, 57, 34, 45, 22, 19, 36, 41][13, 33, 50, 0, 2, 14, 44, 17, 10, 52][26, 16, 10, 59, 1, 31, 11, 68, 9, 49][7, 40, 47, 53, 4, 25, 27, 41, 45, 34][48, 39, 32, 37, 5, 54, 66, 18, 65, 67][48, 39, 32, 37, 5, 54, 66, 18, 65, 67][48, 39, 32, 37, 5, 54, 66, 18, 65, 67] 
[6, 56, 51, 34, 25, 27, 67, 65, 18, 66, 54, 5, 37, 32, 39, 48][8, 28, 56, 6, 21, 63, 30, 42, 24, 62][7, 53, 46, 40, 12, 27, 41, 57, 51, 56][17, 55, 20, 52, 64, 58, 34, 41, 25, 57][43, 61, 60, 14, 2, 0, 23, 50, 33, 58][23, 0, 69, 29, 3, 38, 66, 18, 5, 65][12, 25, 57, 34, 45, 22, 38, 19, 36, 41][13, 33, 50, 0, 2, 14, 44, 17, 10, 52][26, 16, 10, 59, 1, 31, 11, 68, 9, 49][7, 40, 47, 53, 4, 25, 27, 41, 45, 34][15, 42, 30, 21, 62, 24, 63, 6, 35, 51][48, 39, 32, 37, 5, 54, 66, 18, 65, 67][48, 39, 32, 37, 5, 54, 66, 18, 65, 67][48, 39, 32, 37, 5, 54, 66, 18, 65, 67][48, 39, 32, 37, 5, 54, 66, 18, 65, 67] 
[12, 27, 67, 65, 18, 66, 54, 5, 37, 32, 39, 48][15, 30, 21, 62, 24, 63, 6, 35, 51, 56, 28][8, 28, 56, 6, 21, 63, 30, 42, 24, 62][7, 53, 46, 40, 12, 27, 41, 57, 51, 56][17, 55, 20, 52, 64, 58, 34, 41, 25, 57][43, 61, 60, 14, 2, 0, 23, 50, 33, 58][23, 0, 69, 29, 3, 38, 66, 18, 5, 65][48, 39, 32, 37, 5, 54, 66, 18, 65, 67][4, 12, 25, 57, 34, 45, 22, 19, 36, 41][13, 33, 50, 0, 2, 14, 44, 17, 10, 52][26, 16, 10, 59, 1, 31, 11, 68, 9, 49][7, 40, 47, 53, 4, 25, 27, 41, 45, 34][48, 39, 32, 37, 5, 54, 66, 18, 65, 67][48, 39, 32, 37, 5, 54, 66, 18, 65, 67][48, 39, 32, 37, 5, 54, 66, 18, 65, 67] 
[27, 67, 65, 18, 66, 54, 5, 37, 32, 39, 48][8, 28, 56, 6, 21, 63, 30, 42, 24, 62][7, 53, 46, 40, 12, 27, 41, 57, 51, 56][17, 55, 20, 52, 64, 58, 34, 41, 25, 57][43, 61, 60, 14, 2, 0, 23, 50, 33, 58][23, 0, 69, 29, 3, 38, 66, 18, 5, 65][48, 39, 32, 37, 5, 54, 66, 18, 65, 67][12, 25, 57, 34, 45, 22, 38, 19, 36, 41][13, 33, 50, 0, 2, 14, 44, 17, 10, 52][26, 16, 10, 59, 1, 31, 11, 68, 9, 49][7, 40, 47, 53, 4, 25, 27, 41, 45, 34][15, 42, 30, 21, 62, 24, 63, 6, 35, 51][48, 39, 32, 37, 5, 54, 66, 18, 65, 67][48, 39, 32, 37, 5, 54, 66, 18, 65, 67][48, 39, 32, 37, 5, 54, 66, 18, 65, 67] 
[27, 67, 65, 18, 66, 54, 5, 37, 32, 39, 48][8, 28, 56, 6, 21, 63, 30, 42, 24, 62][7, 53, 46, 40, 12, 27, 41, 57, 51, 56][17, 55, 20, 52, 64, 58, 34, 41, 25, 57][43, 61, 60, 14, 2, 0, 23, 50, 33, 58][23, 0, 69, 29, 3, 38, 66, 18, 5, 65][48, 39, 32, 37, 5, 54, 66, 18, 65, 67][12, 25, 57, 34, 45, 22, 38, 19, 36, 41][13, 33, 50, 0, 2, 14, 44, 17, 10, 52][26, 16, 10, 59, 1, 31, 11, 68, 9, 49][7, 40, 47, 53, 4, 25, 27, 41, 45, 34][15, 42, 30, 21, 62, 24, 63, 6, 35, 51][48, 39, 32, 37, 5, 54, 66, 18, 65, 67][48, 39, 32, 37, 5, 54, 66, 18, 65, 67][48, 39, 32, 37, 5, 54, 66, 18, 65, 67] 
[48, 39, 32, 37, 5, 54, 66, 18, 65, 67, 27, 12, 25, 34, 51][8, 28, 56, 6, 21, 63, 30, 42, 24, 62][7, 53, 46, 40, 12, 27, 41, 57, 51, 56][17, 55, 20, 52, 64, 58, 34, 41, 25, 57][43, 61, 60, 14, 2, 0, 23, 50, 33, 58][23, 0, 69, 29, 3, 38, 66, 18, 5, 65][12, 25, 57, 34, 45, 22, 38, 19, 36, 41][13, 33, 50, 0, 2, 14, 44, 17, 10, 52][26, 16, 10, 59, 1, 31, 11, 68, 9, 49][7, 40, 47, 53, 4, 25, 27, 41, 45, 34][15, 42, 30, 21, 62, 24, 63, 6, 35, 51][48, 39, 32, 37, 5, 54, 66, 18, 65, 67][48, 39, 32, 37, 5, 54, 66, 18, 65, 67][48, 39, 32, 37, 5, 54, 66, 18, 65, 67][48, 39, 32, 37, 5, 54, 66, 18, 65, 67] 
[48, 39, 32, 37, 5, 54, 66, 18, 65, 67, 27, 12, 40, 46, 7, 4, 25, 57][15, 30, 21, 62, 24, 63, 6, 35, 51, 56, 28][8, 28, 56, 6, 21, 63, 30, 42, 24, 62][7, 53, 46, 40, 12, 27, 41, 57, 51, 56][17, 55, 20, 52, 64, 58, 34, 41, 25, 57][43, 61, 60, 14, 2, 0, 23, 50, 33, 58][23, 0, 69, 29, 3, 38, 66, 18, 5, 65][48, 39, 32, 37, 5, 54, 66, 18, 65, 67][4, 12, 25, 57, 34, 45, 22, 19, 36, 41][13, 33, 50, 0, 2, 14, 44, 17, 10, 52][26, 16, 10, 59, 1, 31, 11, 68, 9, 49][7, 40, 47, 53, 4, 25, 27, 41, 45, 34][48, 39, 32, 37, 5, 54, 66, 18, 65, 67][48, 39, 32, 37, 5, 54, 66, 18, 65, 67][48, 39, 32, 37, 5, 54, 66, 18, 65, 67] 
[12, 27, 67, 65, 18, 66, 54, 5, 37, 32, 39, 48][8, 28, 56, 6, 21, 63, 30, 42, 24, 62][7, 53, 46, 40, 12, 27, 41, 57, 51, 56][17, 55, 20, 52, 64, 58, 34, 41, 25, 57][10, 20, 43, 61, 60, 14, 2, 50, 33, 58][23, 0, 69, 29, 3, 38, 66, 18, 5, 65][48, 39, 32, 37, 5, 54, 66, 18, 65, 67][12, 25, 57, 34, 45, 22, 38, 19, 36, 41][13, 33, 50, 0, 2, 14, 44, 17, 10, 52][26, 16, 10, 59, 1, 31, 11, 68, 9, 49][7, 40, 47, 53, 4, 25, 27, 41, 45, 34][15, 42, 30, 21, 62, 24, 63, 6, 35, 51][48, 39, 32, 37, 5, 54, 66, 18, 65, 67][48, 39, 32, 37, 5, 54, 66, 18, 65, 67][48, 39, 32, 37, 5, 54, 66, 18, 65, 67] 
[48, 39, 32, 37, 5, 54, 66, 18, 65, 67, 27, 41, 12, 25, 57, 35, 51, 56][34, 25, 4, 12, 27, 67, 65, 18, 66, 54, 5, 37, 32, 39, 48][7, 53, 46, 40, 12, 27, 41, 57, 51, 56, 28][8, 28, 56, 6, 21, 63, 30, 42, 24, 62][17, 55, 20, 52, 64, 58, 34, 41, 25, 57][43, 61, 60, 14, 2, 0, 23, 50, 33, 58][23, 0, 69, 29, 3, 38, 66, 18, 5, 65][48, 39, 32, 37, 5, 54, 66, 18, 65, 67][12, 25, 57, 34, 45, 22, 38, 19, 36, 41][13, 33, 50, 0, 2, 14, 44, 17, 10, 52][26, 16, 10, 59, 1, 31, 11, 68, 9, 49][7, 40, 47, 53, 4, 25, 27, 41, 45, 34][15, 42, 30, 21, 62, 24, 63, 6, 35, 51][48, 39, 32, 37, 5, 54, 66, 18, 65, 67][48, 39, 32, 37, 5, 54, 66, 18, 65, 67] 
[34, 25, 4, 12, 27, 67, 65, 18, 66, 54, 5, 37, 32, 39, 48][13, 33, 50, 0, 2, 14, 44, 17, 10, 52, 55, 20][7, 53, 46, 40, 12, 27, 41, 57, 51, 56, 28][8, 28, 56, 6, 21, 63, 30, 42, 24, 62][17, 55, 20, 52, 64, 58, 34, 41, 25, 57][43, 61, 60, 14, 2, 0, 23, 50, 33, 58][23, 0, 69, 29, 3, 38, 66, 18, 5, 65][48, 39, 32, 37, 5, 54, 66, 18, 65, 67][12, 25, 57, 34, 45, 22, 38, 19, 36, 41][26, 16, 10, 59, 1, 31, 11, 68, 9, 49][7, 40, 47, 53, 4, 25, 27, 41, 45, 34][15, 42, 30, 21, 62, 24, 63, 6, 35, 51][48, 39, 32, 37, 5, 54, 66, 18, 65, 67][48, 39, 32, 37, 5, 54, 66, 18, 65, 67][48, 39, 32, 37, 5, 54, 66, 18, 65, 67] 
[48, 39, 32, 37, 5, 54, 66, 18, 65, 67, 27, 12, 40, 46, 7, 4, 25, 57][15, 42, 30, 21, 62, 24, 63, 6, 35, 51, 56, 28][8, 28, 56, 6, 21, 63, 30, 42, 24, 62][7, 53, 46, 40, 12, 27, 41, 57, 51, 56][17, 55, 20, 52, 64, 58, 34, 41, 25, 57][43, 61, 60, 14, 2, 0, 23, 50, 33, 58][23, 0, 69, 29, 3, 38, 66, 18, 5, 65][48, 39, 32, 37, 5, 54, 66, 18, 65, 67][4, 12, 25, 57, 34, 45, 22, 19, 36, 41][13, 33, 50, 0, 2, 14, 44, 17, 10, 52][26, 16, 10, 59, 1, 31, 11, 68, 9, 49][7, 40, 47, 53, 4, 25, 27, 41, 45, 34][48, 39, 32, 37, 5, 54, 66, 18, 65, 67][48, 39, 32, 37, 5, 54, 66, 18, 65, 67][48, 39, 32, 37, 5, 54, 66, 18, 65, 67] 
[12, 27, 67, 65, 18, 66, 54, 5, 37, 32, 39, 48][8, 28, 56, 6, 21, 63, 30, 42, 24, 62][7, 53, 46, 40, 12, 27, 41, 57, 51, 56][17, 55, 20, 52, 64, 58, 34, 41, 25, 57][10, 20, 43, 61, 60, 14, 2, 50, 33, 58][23, 0, 69, 29, 3, 38, 66, 18, 5, 65][48, 39, 32, 37, 5, 54, 66, 18, 65, 67][12, 25, 57, 34, 45, 22, 38, 19, 36, 41][13, 33, 50, 0, 2, 14, 44, 17, 10, 52][26, 16, 10, 59, 1, 31, 11, 68, 9, 49][7, 40, 47, 53, 4, 25, 27, 41, 45, 34][15, 42, 30, 21, 62, 24, 63, 6, 35, 51][48, 39, 32, 37, 5, 54, 66, 18, 65, 67][48, 39, 32, 37, 5, 54, 66, 18, 65, 67][48, 39, 32, 37, 5, 54, 66, 18, 65, 67] 
[25, 4, 7, 46, 53, 40, 12, 41, 27, 67, 65, 18, 66, 54, 5, 37, 32, 39, 48][8, 28, 56, 6, 21, 63, 30, 42, 24, 62][7, 53, 46, 40, 12, 27, 41, 57, 51, 56][17, 55, 20, 52, 64, 58, 34, 41, 25, 57][43, 61, 60, 14, 2, 0, 23, 50, 33, 58][23, 0, 69, 29, 3, 38, 66, 18, 5, 65][48, 39, 32, 37, 5, 54, 66, 18, 65, 67][12, 25, 57, 34, 45, 22, 38, 19, 36, 41][13, 33, 50, 0, 2, 14, 44, 17, 10, 52][26, 16, 10, 59, 1, 31, 11, 68, 9, 49][7, 40, 47, 53, 4, 25, 27, 41, 45, 34][15, 42, 30, 21, 62, 24, 63, 6, 35, 51][48, 39, 32, 37, 5, 54, 66, 18, 65, 67][48, 39, 32, 37, 5, 54, 66, 18, 65, 67][48, 39, 32, 37, 5, 54, 66, 18, 65, 67] 
[48, 39, 32, 37, 5, 54, 66, 18, 65, 67, 27, 12, 40, 46, 7, 4, 25, 57][15, 42, 30, 21, 62, 24, 63, 6, 35, 51, 56, 28][8, 28, 56, 6, 21, 63, 30, 42, 24, 62][7, 53, 46, 40, 12, 27, 41, 57, 51, 56][17, 55, 20, 52, 64, 58, 34, 41, 25, 57][43, 61, 60, 14, 2, 0, 23, 50, 33, 58][23, 0, 69, 29, 3, 38, 66, 18, 5, 65][48, 39, 32, 37, 5, 54, 66, 18, 65, 67][4, 12, 25, 57, 34, 45, 22, 19, 36, 41][13, 33, 50, 0, 2, 14, 44, 17, 10, 52][26, 16, 10, 59, 1, 31, 11, 68, 9, 49][7, 40, 47, 53, 4, 25, 27, 41, 45, 34][48, 39, 32, 37, 5, 54, 66, 18, 65, 67][48, 39, 32, 37, 5, 54, 66, 18, 65, 67][48, 39, 32, 37, 5, 54, 66, 18, 65, 67] 
[6, 56, 28, 8, 51, 34, 25, 12, 27, 67, 65, 18, 66, 54, 5, 37, 32, 39, 48][12, 25, 57, 51, 35, 6, 63, 24, 62, 21, 30, 42, 15][8, 28, 56, 6, 21, 63, 30, 42, 24, 62][7, 53, 46, 40, 12, 27, 41, 57, 51, 56][17, 55, 20, 52, 64, 58, 34, 41, 25, 57][43, 61, 60, 14, 2, 0, 23, 50, 33, 58][23, 0, 69, 29, 3, 38, 66, 18, 5, 65][12, 25, 57, 34, 45, 22, 38, 19, 36, 41][13, 33, 50, 0, 2, 14, 44, 17, 10, 52][26, 16, 10, 59, 1, 31, 11, 68, 9, 49][7, 40, 47, 53, 4, 25, 27, 41, 45, 34][48, 39, 32, 37, 5, 54, 66, 18, 65, 67][48, 39, 32, 37, 5, 54, 66, 18, 65, 67][48, 39, 32, 37, 5, 54, 66, 18, 65, 67][48, 39, 32, 37, 5, 54, 66, 18, 65, 67] 
[12, 25, 34, 57, 41, 51, 35, 6, 63, 24, 62, 21, 30, 42, 15][34, 25, 12, 27, 67, 65, 18, 66, 54, 5, 37, 32, 39, 48][16, 10, 20, 43, 61, 60, 14, 2, 50, 33, 58][8, 28, 56, 6, 21, 63, 30, 42, 24, 62][7, 53, 46, 40, 12, 27, 41, 57, 51, 56][17, 55, 20, 52, 64, 58, 34, 41, 25, 57][23, 0, 69, 29, 3, 38, 66, 18, 5, 65][48, 39, 32, 37, 5, 54, 66, 18, 65, 67][12, 25, 57, 34, 45, 22, 38, 19, 36, 41][13, 33, 50, 0, 2, 14, 44, 17, 10, 52][26, 16, 10, 59, 1, 31, 11, 68, 9, 49][7, 40, 47, 53, 4, 25, 27, 41, 45, 34][48, 39, 32, 37, 5, 54, 66, 18, 65, 67][48, 39, 32, 37, 5, 54, 66, 18, 65, 67][48, 39, 32, 37, 5, 54, 66, 18, 65, 67] 
[25, 12, 27, 67, 65, 18, 66, 54, 5, 37, 32, 39, 48][8, 28, 56, 6, 21, 63, 30, 42, 24, 62][7, 53, 46, 40, 12, 27, 41, 57, 51, 56][17, 55, 20, 52, 64, 58, 34, 41, 25, 57][10, 20, 43, 61, 60, 14, 2, 50, 33, 58][23, 0, 69, 29, 3, 38, 66, 18, 5, 65][48, 39, 32, 37, 5, 54, 66, 18, 65, 67][12, 25, 57, 34, 45, 22, 38, 19, 36, 41][13, 33, 50, 0, 2, 14, 44, 17, 10, 52][26, 16, 10, 59, 1, 31, 11, 68, 9, 49][7, 40, 47, 53, 4, 25, 27, 41, 45, 34][15, 42, 30, 21, 62, 24, 63, 6, 35, 51][48, 39, 32, 37, 5, 54, 66, 18, 65, 67][48, 39, 32, 37, 5, 54, 66, 18, 65, 67][48, 39, 32, 37, 5, 54, 66, 18, 65, 67] 
[6, 56, 51, 34, 25, 27, 67, 65, 18, 66, 54, 5, 37, 32, 39, 48][8, 28, 56, 6, 21, 63, 30, 42, 24, 62][7, 53, 46, 40, 12, 27, 41, 57, 51, 56][17, 55, 20, 52, 64, 58, 34, 41, 25, 57][43, 61, 60, 14, 2, 0, 23, 50, 33, 58][23, 0, 69, 29, 3, 38, 66, 18, 5, 65][12, 25, 57, 34, 45, 22, 38, 19, 36, 41][13, 33, 50, 0, 2, 14, 44, 17, 10, 52][26, 16, 10, 59, 1, 31, 11, 68, 9, 49][7, 40, 47, 53, 4, 25, 27, 41, 45, 34][15, 42, 30, 21, 62, 24, 63, 6, 35, 51][48, 39, 32, 37, 5, 54, 66, 18, 65, 67][48, 39, 32, 37, 5, 54, 66, 18, 65, 67][48, 39, 32, 37, 5, 54, 66, 18, 65, 67][48, 39, 32, 37, 5, 54, 66, 18, 65, 67] 
[6, 56, 28, 8, 51, 34, 25, 12, 27, 67, 65, 18, 66, 54, 5, 37, 32, 39, 48][8, 28, 56, 6, 21, 63, 30, 42, 24, 62][7, 53, 46, 40, 12, 27, 41, 57, 51, 56][17, 55, 20, 52, 64, 58, 34, 41, 25, 57][43, 61, 60, 14, 2, 0, 23, 50, 33, 58][23, 0, 69, 29, 3, 38, 66, 18, 5, 65][12, 25, 57, 34, 45, 22, 38, 19, 36, 41][13, 33, 50, 0, 2, 14, 44, 17, 10, 52][26, 16, 10, 59, 1, 31, 11, 68, 9, 49][7, 40, 47, 53, 4, 25, 27, 41, 45, 34][15, 42, 30, 21, 62, 24, 63, 6, 35, 51][48, 39, 32, 37, 5, 54, 66, 18, 65, 67][48, 39, 32, 37, 5, 54, 66, 18, 65, 67][48, 39, 32, 37, 5, 54, 66, 18, 65, 67][48, 39, 32, 37, 5, 54, 66, 18, 65, 67] 
[48, 39, 32, 37, 5, 54, 66, 18, 65, 67, 27, 12, 25, 34, 51][8, 28, 56, 6, 21, 63, 30, 42, 24, 62][7, 53, 46, 40, 12, 27, 41, 57, 51, 56][17, 55, 20, 52, 64, 58, 34, 41, 25, 57][43, 61, 60, 14, 2, 0, 23, 50, 33, 58][23, 0, 69, 29, 3, 38, 66, 18, 5, 65][12, 25, 57, 34, 45, 22, 38, 19, 36, 41][13, 33, 50, 0, 2, 14, 44, 17, 10, 52][26, 16, 10, 59, 1, 31, 11, 68, 9, 49][7, 40, 47, 53, 4, 25, 27, 41, 45, 34][15, 42, 30, 21, 62, 24, 63, 6, 35, 51][48, 39, 32, 37, 5, 54, 66, 18, 65, 67][48, 39, 32, 37, 5, 54, 66, 18, 65, 67][48, 39, 32, 37, 5, 54, 66, 18, 65, 67][48, 39, 32, 37, 5, 54, 66, 18, 65, 67] 
[6, 63, 24, 42, 49, 9, 59, 10, 16, 26][8, 28, 56, 6, 21, 63, 30, 24, 62, 15][7, 53, 46, 40, 12, 27, 41, 57, 51, 56][17, 55, 20, 52, 64, 58, 34, 41, 25, 57][13, 43, 61, 60, 14, 2, 0, 50, 33, 58][12, 25, 57, 34, 45, 22, 38, 19, 36, 41][48, 39, 65, 5, 18, 66, 38, 3, 29, 69][48, 39, 32, 37, 5, 54, 66, 18, 65, 67][26, 16, 10, 59, 1, 31, 11, 68, 9, 49][7, 40, 47, 53, 4, 25, 27, 41, 45, 34][0, 23, 2, 50, 13, 20, 43, 61, 44, 60][8, 56, 51, 35, 6, 63, 24, 62, 30, 15][48, 39, 65, 5, 18, 66, 38, 3, 29, 69][48, 39, 65, 5, 18, 66, 38, 3, 29, 69][48, 39, 65, 5, 18, 66, 38, 3, 29, 69] 
[6, 63, 24, 42, 49, 9, 59, 10, 16, 26][8, 28, 56, 6, 21, 63, 30, 24, 62, 15][7, 53, 46, 40, 12, 27, 41, 57, 51, 56][17, 55, 20, 52, 64, 58, 34, 41, 25, 57][13, 43, 61, 60, 14, 2, 0, 50, 33, 58][12, 25, 57, 34, 45, 22, 38, 19, 36, 41][48, 39, 65, 5, 18, 66, 38, 3, 29, 69][48, 39, 32, 37, 5, 54, 66, 18, 65, 67][26, 16, 10, 59, 1, 31, 11, 68, 9, 49][7, 40, 47, 53, 4, 25, 27, 41, 45, 34][0, 23, 2, 50, 13, 20, 43, 61, 44, 60][8, 56, 51, 35, 6, 63, 24, 62, 30, 15][48, 39, 65, 5, 18, 66, 38, 3, 29, 69][48, 39, 65, 5, 18, 66, 38, 3, 29, 69][48, 39, 65, 5, 18, 66, 38, 3, 29, 69] 
[6, 63, 24, 42, 49, 9, 59, 10, 16, 26][8, 28, 56, 6, 21, 63, 30, 24, 62, 15][7, 53, 46, 40, 12, 27, 41, 57, 51, 56][17, 55, 20, 52, 64, 58, 34, 41, 25, 57][13, 43, 61, 60, 14, 2, 0, 50, 33, 58][12, 25, 57, 34, 45, 22, 38, 19, 36, 41][48, 39, 65, 5, 18, 66, 38, 3, 29, 69][48, 39, 32, 37, 5, 54, 66, 18, 65, 67][26, 16, 10, 59, 1, 31, 11, 68, 9, 49][7, 40, 47, 53, 4, 25, 27, 41, 45, 34][0, 23, 2, 50, 13, 20, 43, 61, 44, 60][8, 56, 51, 35, 6, 63, 24, 62, 30, 15][48, 39, 65, 5, 18, 66, 38, 3, 29, 69][48, 39, 65, 5, 18, 66, 38, 3, 29, 69][48, 39, 65, 5, 18, 66, 38, 3, 29, 69] 
[6, 63, 24, 42, 49, 9, 59, 10, 16, 26][8, 28, 56, 6, 21, 63, 30, 24, 62, 15][7, 53, 46, 40, 12, 27, 41, 57, 51, 56][17, 55, 20, 52, 64, 58, 34, 41, 25, 57][13, 43, 61, 60, 14, 2, 0, 50, 33, 58][12, 25, 57, 34, 45, 22, 38, 19, 36, 41][48, 39, 65, 5, 18, 66, 38, 3, 29, 69][48, 39, 32, 37, 5, 54, 66, 18, 65, 67][26, 16, 10, 59, 1, 31, 11, 68, 9, 49][7, 40, 47, 53, 4, 25, 27, 41, 45, 34][0, 23, 2, 50, 13, 20, 43, 61, 44, 60][8, 56, 51, 35, 6, 63, 24, 62, 30, 15][48, 39, 65, 5, 18, 66, 38, 3, 29, 69][48, 39, 65, 5, 18, 66, 38, 3, 29, 69][48, 39, 65, 5, 18, 66, 38, 3, 29, 69] 
[6, 63, 24, 42, 49, 9, 59, 10, 16, 26][8, 28, 56, 6, 21, 63, 30, 24, 62, 15][7, 53, 46, 40, 12, 27, 41, 57, 51, 56][17, 55, 20, 52, 64, 58, 34, 41, 25, 57][13, 43, 61, 60, 14, 2, 0, 50, 33, 58][12, 25, 57, 34, 45, 22, 38, 19, 36, 41][48, 39, 65, 5, 18, 66, 38, 3, 29, 69][48, 39, 32, 37, 5, 54, 66, 18, 65, 67][26, 16, 10, 59, 1, 31, 11, 68, 9, 49][7, 40, 47, 53, 4, 25, 27, 41, 45, 34][0, 23, 2, 50, 13, 20, 43, 61, 44, 60][8, 56, 51, 35, 6, 63, 24, 62, 30, 15][48, 39, 65, 5, 18, 66, 38, 3, 29, 69][48, 39, 65, 5, 18, 66, 38, 3, 29, 69][48, 39, 65, 5, 18, 66, 38, 3, 29, 69] 
[6, 63, 24, 42, 49, 9, 59, 10, 16, 26][8, 28, 56, 6, 21, 63, 30, 24, 62, 15][7, 53, 46, 40, 12, 27, 41, 57, 51, 56][17, 55, 20, 52, 64, 58, 34, 41, 25, 57][13, 43, 61, 60, 14, 2, 0, 50, 33, 58][12, 25, 57, 34, 45, 22, 38, 19, 36, 41][48, 39, 65, 5, 18, 66, 38, 3, 29, 69][48, 39, 32, 37, 5, 54, 66, 18, 65, 67][26, 16, 10, 59, 1, 31, 11, 68, 9, 49][7, 40, 47, 53, 4, 25, 27, 41, 45, 34][0, 23, 2, 50, 13, 20, 43, 61, 44, 60][8, 56, 51, 35, 6, 63, 24, 62, 30, 15][48, 39, 65, 5, 18, 66, 38, 3, 29, 69][48, 39, 65, 5, 18, 66, 38, 3, 29, 69][48, 39, 65, 5, 18, 66, 38, 3, 29, 69] 
[6, 63, 24, 42, 49, 9, 59, 10, 16, 26][8, 28, 56, 6, 21, 63, 30, 24, 62, 15][7, 53, 46, 40, 12, 27, 41, 57, 51, 56][17, 55, 20, 52, 64, 58, 34, 41, 25, 57][13, 43, 61, 60, 14, 2, 0, 50, 33, 58][12, 25, 57, 34, 45, 22, 38, 19, 36, 41][48, 39, 65, 5, 18, 66, 38, 3, 29, 69][48, 39, 32, 37, 5, 54, 66, 18, 65, 67][26, 16, 10, 59, 1, 31, 11, 68, 9, 49][7, 40, 47, 53, 4, 25, 27, 41, 45, 34][0, 23, 2, 50, 13, 20, 43, 61, 44, 60][8, 56, 51, 35, 6, 63, 24, 62, 30, 15][48, 39, 65, 5, 18, 66, 38, 3, 29, 69][48, 39, 65, 5, 18, 66, 38, 3, 29, 69][48, 39, 65, 5, 18, 66, 38, 3, 29, 69] 
[6, 63, 24, 42, 49, 9, 59, 10, 16, 26][8, 28, 56, 6, 21, 63, 30, 24, 62, 15][7, 53, 46, 40, 12, 27, 41, 57, 51, 56][17, 55, 20, 52, 64, 58, 34, 41, 25, 57][13, 43, 61, 60, 14, 2, 0, 50, 33, 58][12, 25, 57, 34, 45, 22, 38, 19, 36, 41][48, 39, 65, 5, 18, 66, 38, 3, 29, 69][48, 39, 32, 37, 5, 54, 66, 18, 65, 67][26, 16, 10, 59, 1, 31, 11, 68, 9, 49][7, 40, 47, 53, 4, 25, 27, 41, 45, 34][0, 23, 2, 50, 13, 20, 43, 61, 44, 60][8, 56, 51, 35, 6, 63, 24, 62, 30, 15][48, 39, 65, 5, 18, 66, 38, 3, 29, 69][48, 39, 65, 5, 18, 66, 38, 3, 29, 69][48, 39, 65, 5, 18, 66, 38, 3, 29, 69] 
[6, 63, 24, 42, 49, 9, 59, 10, 16, 26][8, 28, 56, 6, 21, 63, 30, 24, 62, 15][7, 53, 46, 40, 12, 27, 41, 57, 51, 56][17, 55, 20, 52, 64, 58, 34, 41, 25, 57][13, 43, 61, 60, 14, 2, 0, 50, 33, 58][12, 25, 57, 34, 45, 22, 38, 19, 36, 41][48, 39, 65, 5, 18, 66, 38, 3, 29, 69][48, 39, 32, 37, 5, 54, 66, 18, 65, 67][26, 16, 10, 59, 1, 31, 11, 68, 9, 49][7, 40, 47, 53, 4, 25, 27, 41, 45, 34][0, 23, 2, 50, 13, 20, 43, 61, 44, 60][8, 56, 51, 35, 6, 63, 24, 62, 30, 15][48, 39, 65, 5, 18, 66, 38, 3, 29, 69][48, 39, 65, 5, 18, 66, 38, 3, 29, 69][48, 39, 65, 5, 18, 66, 38, 3, 29, 69] 
[6, 63, 24, 42, 49, 9, 59, 10, 16, 26][8, 28, 56, 6, 21, 63, 30, 24, 62, 15][7, 53, 46, 40, 12, 27, 41, 57, 51, 56][17, 55, 20, 52, 64, 58, 34, 41, 25, 57][13, 43, 61, 60, 14, 2, 0, 50, 33, 58][12, 25, 57, 34, 45, 22, 38, 19, 36, 41][48, 39, 65, 5, 18, 66, 38, 3, 29, 69][48, 39, 32, 37, 5, 54, 66, 18, 65, 67][26, 16, 10, 59, 1, 31, 11, 68, 9, 49][7, 40, 47, 53, 4, 25, 27, 41, 45, 34][0, 23, 2, 50, 13, 20, 43, 61, 44, 60][8, 56, 51, 35, 6, 63, 24, 62, 30, 15][48, 39, 65, 5, 18, 66, 38, 3, 29, 69][48, 39, 65, 5, 18, 66, 38, 3, 29, 69][48, 39, 65, 5, 18, 66, 38, 3, 29, 69] 
[6, 63, 24, 42, 49, 9, 59, 10, 16, 26][8, 28, 56, 6, 21, 63, 30, 24, 62, 15][7, 53, 46, 40, 12, 27, 41, 57, 51, 56][17, 55, 20, 52, 64, 58, 34, 41, 25, 57][13, 43, 61, 60, 14, 2, 0, 50, 33, 58][12, 25, 57, 34, 45, 22, 38, 19, 36, 41][48, 39, 65, 5, 18, 66, 38, 3, 29, 69][48, 39, 32, 37, 5, 54, 66, 18, 65, 67][26, 16, 10, 59, 1, 31, 11, 68, 9, 49][7, 40, 47, 53, 4, 25, 27, 41, 45, 34][0, 23, 2, 50, 13, 20, 43, 61, 44, 60][8, 56, 51, 35, 6, 63, 24, 62, 30, 15][48, 39, 65, 5, 18, 66, 38, 3, 29, 69][48, 39, 65, 5, 18, 66, 38, 3, 29, 69][48, 39, 65, 5, 18, 66, 38, 3, 29, 69] 
[6, 63, 24, 42, 49, 9, 59, 10, 16, 26][8, 28, 56, 6, 21, 63, 30, 24, 62, 15][7, 53, 46, 40, 12, 27, 41, 57, 51, 56][17, 55, 20, 52, 64, 58, 34, 41, 25, 57][13, 43, 61, 60, 14, 2, 0, 50, 33, 58][12, 25, 57, 34, 45, 22, 38, 19, 36, 41][48, 39, 65, 5, 18, 66, 38, 3, 29, 69][48, 39, 32, 37, 5, 54, 66, 18, 65, 67][26, 16, 10, 59, 1, 31, 11, 68, 9, 49][7, 40, 47, 53, 4, 25, 27, 41, 45, 34][0, 23, 2, 50, 13, 20, 43, 61, 44, 60][8, 56, 51, 35, 6, 63, 24, 62, 30, 15][48, 39, 65, 5, 18, 66, 38, 3, 29, 69][48, 39, 65, 5, 18, 66, 38, 3, 29, 69][48, 39, 65, 5, 18, 66, 38, 3, 29, 69] 
