[3, 1, 23, 24, 7, 20][15, 29, 27, 16, 28][0, 22, 18, 13, 6][17, 19, 12, 8, 26][4, 14, 11, 25][2, 10, 21, 5][3, 9][9, 14][25, 28][10, 29][22, 25][17, 18] 
[3, 1, 23, 24, 7, 20][0, 22, 18, 13, 6][17, 19, 12, 8, 26][28, 16, 27, 29][4, 14, 11, 25][2, 10, 21, 5][15, 10, 29][25, 28][9, 14][22, 25][17, 18][3, 9] 
[9, 3, 1, 23, 24, 7, 20][8, 12, 19, 17, 18][4, 14, 11, 25][28, 16, 27, 29][2, 10, 21, 5][6, 13, 0, 26][15, 10, 29][22, 25][9, 14][25, 28][0, 22][0, 18] 
[9, 3, 1, 23, 24, 7, 20][8, 12, 19, 17, 18][6, 13, 0, 26][4, 14, 11, 25][28, 16, 27, 29][2, 10, 21, 5][15, 10, 29][0, 18][0, 22][22, 25][9, 14][25, 28] 
[3, 1, 23, 24, 7, 20][15, 29, 27, 16, 28][8, 12, 19, 17, 18][2, 10, 21, 5][4, 14, 11, 25][6, 13, 0, 26][0, 22, 18][10, 29][25, 28][22, 25][9, 14][3, 9] 
[3, 1, 23, 24, 7, 20][8, 12, 19, 17, 18][28, 16, 27, 29][2, 10, 21, 5][4, 14, 11, 25][6, 13, 0, 26][15, 10, 29][0, 22, 18][25, 28][22, 25][9, 14][3, 9] 
[9, 3, 1, 23, 24, 7, 20][8, 12, 19, 17, 18][6, 13, 0, 26][4, 14, 11, 25][28, 16, 27, 29][2, 10, 21, 5][15, 10, 29][0, 18][0, 22][22, 25][9, 14][25, 28] 
[3, 1, 23, 24, 7, 20][8, 12, 19, 17, 18][5, 21, 10, 2, 15][4, 14, 11, 25][6, 13, 0, 26][28, 16, 27, 29][0, 22, 18][3, 9][9, 14][22, 25][25, 28][10, 29] 
[3, 1, 23, 24, 7, 20][8, 12, 19, 17, 18][2, 10, 21, 5][28, 16, 27, 29][4, 14, 11, 25][6, 13, 0, 26][15, 10, 29][0, 22, 18][25, 28][22, 25][9, 14][3, 9] 
[3, 1, 23, 24, 7, 20][8, 12, 19, 17, 18][5, 21, 10, 2, 15][6, 13, 0, 26][4, 14, 11, 25][28, 16, 27, 29][0, 22, 18][22, 25][25, 28][10, 29][9, 14][3, 9] 
[3, 1, 23, 24, 7, 20][0, 22, 18, 13, 6][15, 29, 27, 16, 28][17, 19, 12, 8, 26][4, 14, 11, 25][2, 10, 21, 5][22, 25][25, 28][17, 18][9, 14][10, 29][3, 9] 
[3, 1, 23, 24, 7, 20][0, 22, 18, 13, 6][17, 19, 12, 8, 26][2, 10, 21, 5][28, 16, 27, 29][4, 14, 11, 25][15, 10, 29][25, 28][22, 25][9, 14][17, 18][3, 9] 
[9, 3, 1, 23, 24, 7, 20][8, 12, 19, 17, 18][28, 16, 27, 29][2, 10, 21, 5][4, 14, 11, 25][6, 13, 0, 26][15, 10, 29][25, 28][9, 14][22, 25][0, 22][0, 18] 
[3, 1, 23, 24, 7, 20][15, 29, 27, 16, 28][8, 12, 19, 17, 18][4, 14, 11, 25][6, 13, 0, 26][2, 10, 21, 5][0, 22, 18][25, 28][9, 14][22, 25][3, 9][10, 29] 
[3, 1, 23, 24, 7, 20][8, 12, 19, 17, 18][28, 16, 27, 29][4, 14, 11, 25][2, 10, 21, 5][6, 13, 0, 26][15, 10, 29][0, 22, 18][25, 28][22, 25][9, 14][3, 9] 
[3, 1, 23, 24, 7, 20][8, 12, 19, 17, 18][5, 21, 10, 2, 15][4, 14, 11, 25][6, 13, 0, 26][28, 16, 27, 29][0, 22, 18][22, 25][25, 28][10, 29][9, 14][3, 9] 
[3, 1, 23, 24, 7, 20][15, 29, 27, 16, 28][0, 22, 18, 13, 6][17, 19, 12, 8, 26][4, 14, 11, 25][2, 10, 21, 5][3, 9][9, 14][25, 28][10, 29][22, 25][17, 18] 
[3, 1, 23, 24, 7, 20][17, 19, 12, 8, 26][0, 22, 18, 13, 6][4, 14, 11, 25][28, 16, 27, 29][2, 10, 21, 5][15, 10, 29][17, 18][22, 25][25, 28][9, 14][3, 9] 
[3, 1, 23, 24, 7, 20][15, 29, 27, 16, 28][8, 12, 19, 17, 18][4, 14, 11, 25][6, 13, 0, 26][2, 10, 21, 5][0, 22, 18][25, 28][9, 14][22, 25][3, 9][10, 29] 
[3, 1, 23, 24, 7, 20][15, 29, 27, 16, 28][0, 22, 18, 13, 6][17, 19, 12, 8, 26][2, 10, 21, 5][4, 14, 11, 25][10, 29][25, 28][22, 25][9, 14][17, 18][3, 9] 
[3, 1, 23, 24, 7, 20][15, 29, 27, 16, 28][0, 22, 18, 13, 6][17, 19, 12, 8, 26][2, 10, 21, 5][4, 14, 11, 25][10, 29][25, 28][22, 25][17, 18][9, 14][3, 9] 
[3, 1, 23, 24, 7, 20][17, 19, 12, 8, 26][0, 22, 18, 13, 6][4, 14, 11, 25][28, 16, 27, 29][2, 10, 21, 5][15, 10, 29][17, 18][22, 25][25, 28][9, 14][3, 9] 
[9, 3, 1, 23, 24, 7, 20][8, 12, 19, 17, 18][28, 16, 27, 29][2, 10, 21, 5][4, 14, 11, 25][6, 13, 0, 26][15, 10, 29][25, 28][22, 25][9, 14][0, 22][0, 18] 
[3, 1, 23, 24, 7, 20][15, 29, 27, 16, 28][8, 12, 19, 17, 18][4, 14, 11, 25][2, 10, 21, 5][6, 13, 0, 26][0, 22, 18][25, 28][10, 29][22, 25][9, 14][3, 9] 
[3, 1, 23, 24, 7, 20][8, 12, 19, 17, 18][28, 16, 27, 29][2, 10, 21, 5][4, 14, 11, 25][6, 13, 0, 26][15, 10, 29][0, 22, 18][25, 28][22, 25][9, 14][3, 9] 
[3, 1, 23, 24, 7, 20][8, 12, 19, 17, 18][5, 21, 10, 2, 15][4, 14, 11, 25][6, 13, 0, 26][28, 16, 27, 29][0, 22, 18][3, 9][9, 14][22, 25][25, 28][10, 29] 
[3, 1, 23, 24, 7, 20][15, 29, 27, 16, 28][0, 22, 18, 13, 6][17, 19, 12, 8, 26][2, 10, 21, 5][4, 14, 11, 25][10, 29][25, 28][22, 25][17, 18][9, 14][3, 9] 
[3, 1, 23, 24, 7, 20][17, 19, 12, 8, 26][0, 22, 18, 13, 6][4, 14, 11, 25][28, 16, 27, 29][2, 10, 21, 5][15, 10, 29][17, 18][22, 25][25, 28][9, 14][3, 9] 
[3, 1, 23, 24, 7, 20][8, 12, 19, 17, 18][15, 29, 27, 16, 28][4, 14, 11, 25][6, 13, 0, 26][2, 10, 21, 5][0, 22, 18][22, 25][9, 14][3, 9][25, 28][10, 29] 
[3, 1, 23, 24, 7, 20][0, 22, 18, 13, 6][15, 29, 27, 16, 28][17, 19, 12, 8, 26][4, 14, 11, 25][2, 10, 21, 5][3, 9][9, 14][22, 25][25, 28][17, 18][10, 29] 
[3, 1, 23, 24, 7, 20][17, 19, 12, 8, 26][0, 22, 18, 13, 6][15, 29, 27, 16, 28][4, 14, 11, 25][2, 10, 21, 5][17, 18][22, 25][25, 28][10, 29][9, 14][3, 9] 
[3, 1, 23, 24, 7, 20][17, 19, 12, 8, 26][0, 22, 18, 13, 6][4, 14, 11, 25][28, 16, 27, 29][2, 10, 21, 5][15, 10, 29][17, 18][22, 25][25, 28][9, 14][3, 9] 
[3, 1, 23, 24, 7, 20][15, 29, 27, 16, 28][8, 12, 19, 17, 18][4, 14, 11, 25][2, 10, 21, 5][6, 13, 0, 26][0, 22, 18][25, 28][10, 29][22, 25][9, 14][3, 9] 
[3, 1, 23, 24, 7, 20][0, 22, 18, 13, 6][15, 29, 27, 16, 28][17, 19, 12, 8, 26][4, 14, 11, 25][2, 10, 21, 5][3, 9][9, 14][22, 25][25, 28][17, 18][10, 29] 
[3, 1, 23, 24, 7, 20][17, 19, 12, 8, 26][0, 22, 18, 13, 6][15, 29, 27, 16, 28][4, 14, 11, 25][2, 10, 21, 5][17, 18][22, 25][9, 14][25, 28][3, 9][10, 29] 
[3, 24, 4, 14, 7, 2, 15, 29, 27, 16, 6, 10, 21, 5][1, 9, 23, 14, 20, 7, 28, 25, 11, 17][22, 12, 17, 18, 13, 0, 19, 8, 26][4, 24][27, 29][27, 29][4, 24][4, 24][8, 19][17, 18][8, 19][27, 29] 
[3, 24, 4, 14, 7, 2, 15, 29, 27, 16, 6, 10, 21, 5][1, 9, 23, 14, 20, 7, 28, 25, 11, 17][22, 12, 17, 18, 13, 0, 19, 8, 26][4, 24][4, 24][8, 19][8, 19][4, 24][8, 19][27, 29][4, 24][27, 29] 
[3, 24, 4, 14, 7, 2, 15, 29, 27, 16, 6, 10, 21, 5][1, 9, 23, 14, 20, 7, 28, 25, 11, 17][22, 12, 17, 18, 13, 0, 19, 8, 26][8, 19][4, 24][27, 29][4, 24][8, 19][8, 19][4, 24][27, 29][4, 24] 
[3, 24, 4, 14, 7, 2, 15, 29, 27, 16, 6, 10, 21, 5][1, 9, 23, 14, 20, 7, 28, 25, 11][22, 12, 17, 18, 13, 0, 19, 8, 26][12, 17, 18, 13][2, 7][22, 25][1, 9][3, 24][15, 29][17, 18][2, 7][15, 29] 
[3, 24, 4, 14, 7, 2, 15, 29, 27, 16, 6, 10, 21, 5][22, 12, 17, 18, 13, 0, 19, 8, 26][1, 9, 23, 14, 20, 7, 28, 25, 11][22, 25][27, 29][27, 29][8, 19][27, 29][8, 19][17, 18][27, 29][25, 28] 
[3, 24, 4, 14, 7, 2, 15, 29, 27, 16, 6, 10, 21, 5][22, 12, 17, 18, 13, 0, 19, 8, 26][9, 23, 14, 20, 7, 28, 25, 11][27, 29][1, 9][22, 25][8, 19][8, 19][27, 29][27, 29][17, 18][8, 19] 
[3, 24, 4, 14, 7, 2, 15, 29, 27, 16, 6, 10, 21, 5][1, 9, 23, 14, 20, 7, 28, 25, 11, 17][22, 12, 17, 18, 13, 0, 19, 8, 26][2, 7, 14, 4, 24, 3][4, 24][4, 24][8, 19][27, 29][8, 19][27, 29][17, 18][8, 19] 
[3, 24, 4, 14, 7, 2, 15, 29, 27, 16, 6, 10, 21, 5][1, 9, 23, 14, 20, 7, 28, 25, 11, 17][22, 12, 17, 18, 13, 0, 19, 8, 26][4, 24][4, 24][8, 19][8, 19][4, 24][8, 19][27, 29][4, 24][27, 29] 
[3, 24, 4, 14, 7, 2, 15, 29, 27, 16, 6, 10, 21, 5][22, 12, 17, 18, 13, 0, 19, 8, 26][1, 9, 23, 14, 20, 7, 28, 25, 11][12, 17, 18][22, 25][11, 25][3, 24][15, 29][2, 7][11, 25][2, 7][25, 28] 
[3, 24, 4, 14, 7, 2, 15, 29, 27, 16, 6, 10, 21, 5][25, 22, 12, 17, 18, 13, 0, 19, 8, 26][1, 9, 23, 14, 20, 7, 28, 25, 11][17, 12, 22, 25][5, 21][22, 25][8, 19][2, 7][12, 22][25, 28][12, 22][4, 24] 
[3, 24, 4, 14, 7, 2, 15, 29, 27, 16, 6, 10, 21, 5][1, 9, 23, 14, 20, 7, 28, 25, 11, 17][22, 12, 17, 18, 13, 0, 19, 8, 26][3, 24, 4][4, 24][8, 19][27, 29][4, 24][3, 24][8, 19][4, 24][4, 24] 
[3, 24, 4, 14, 7, 2, 15, 29, 27, 16, 6, 10, 21, 5][1, 9, 23, 14, 20, 7, 28, 25, 11, 17][22, 12, 17, 18, 13, 0, 19, 8, 26][27, 29][17, 18][8, 19][12, 17][8, 19][17, 18][4, 24][4, 24][8, 19] 
[3, 24, 4, 14, 7, 2, 15, 29, 27, 16, 6, 10, 21, 5][22, 12, 17, 18, 13, 0, 19, 8, 26][1, 9, 23, 14, 20, 7, 28, 25, 11][22, 25][27, 29][27, 29][8, 19][27, 29][8, 19][17, 18][27, 29][25, 28] 
[3, 24, 4, 14, 7, 2, 15, 29, 27, 16, 6, 10, 21, 5][1, 9, 23, 14, 20, 7, 28, 25, 11, 17][22, 12, 17, 18, 13, 0, 19, 8, 26][1, 9, 23][4, 24][4, 24][4, 24][17, 18][4, 24][27, 29][8, 19][27, 29] 
[3, 24, 4, 14, 7, 2, 15, 29, 27, 16, 6, 10, 21, 5][1, 9, 23, 14, 20, 7, 28, 25, 11, 17][22, 12, 17, 18, 13, 0, 19, 8, 26][3, 24, 4][4, 24][8, 19][27, 29][4, 24][3, 24][8, 19][4, 24][4, 24] 
[3, 24, 4, 14, 7, 2, 15, 29, 27, 16, 6, 10, 21, 5][1, 9, 23, 14, 20, 7, 28, 25, 11, 17][22, 12, 17, 18, 13, 0, 19, 8, 26][27, 29][4, 24][4, 24][27, 29][4, 24][4, 24][4, 24][17, 18][4, 24] 
[3, 24, 4, 14, 7, 2, 15, 29, 27, 16, 6, 10, 21, 5][1, 9, 23, 14, 20, 7, 28, 25, 11, 17][22, 12, 17, 18, 13, 0, 19, 8, 26][8, 19][4, 24][27, 29][4, 24][8, 19][8, 19][4, 24][27, 29][4, 24] 
[3, 24, 4, 14, 7, 2, 15, 29, 27, 16, 6, 10, 21, 5][22, 12, 17, 18, 13, 0, 19, 8, 26][9, 23, 14, 20, 7, 28, 25, 11, 17][8, 19][1, 9][4, 24][4, 24][8, 19][8, 19][27, 29][8, 19][27, 29] 
[3, 24, 4, 14, 7, 2, 15, 29, 27, 16, 6, 10, 21, 5][1, 9, 23, 14, 20, 7, 28, 25, 11, 17][22, 12, 17, 18, 13, 0, 19, 8, 26][27, 29][4, 24][4, 24][27, 29][4, 24][4, 24][4, 24][17, 18][4, 24] 
[3, 24, 4, 14, 7, 2, 15, 29, 27, 16, 6, 10, 21, 5][1, 9, 23, 14, 20, 7, 28, 25, 11, 17][22, 12, 17, 18, 13, 0, 19, 8, 26][3, 24, 4, 14, 7][8, 19][4, 24][4, 24][4, 24][8, 19][4, 24][27, 29][4, 24] 
[3, 24, 4, 14, 7, 2, 15, 29, 27, 16, 6, 10, 21, 5][1, 9, 23, 14, 20, 7, 28, 25, 11, 17][22, 12, 17, 18, 13, 0, 19, 8, 26][4, 24][4, 24][27, 29][4, 24][4, 24][27, 29][4, 24][4, 24][4, 24] 
[9, 3, 1, 23, 24, 7, 20][8, 12, 19, 17, 18][15, 29, 27, 16, 28][6, 13, 0, 26][4, 14, 11, 25][2, 10, 21, 5][0, 18][0, 22][22, 25][9, 14][25, 28][10, 29] 
[9, 3, 1, 23, 24, 7, 20][15, 29, 27, 16, 28][8, 12, 19, 17, 18][4, 14, 11, 25][6, 13, 0, 26][2, 10, 21, 5][9, 14][25, 28][22, 25][0, 22][10, 29][0, 18] 
[9, 3, 1, 23, 24, 7, 20][8, 12, 19, 17, 18][15, 29, 27, 16, 28][6, 13, 0, 26][4, 14, 11, 25][2, 10, 21, 5][0, 18][0, 22][22, 25][9, 14][25, 28][10, 29] 
[9, 3, 1, 23, 24, 7, 20][15, 29, 27, 16, 28][8, 12, 19, 17, 18][2, 10, 21, 5][4, 14, 11, 25][6, 13, 0, 26][10, 29][25, 28][9, 14][22, 25][0, 22][0, 18] 
[9, 3, 1, 23, 24, 7, 20][8, 12, 19, 17, 18][15, 29, 27, 16, 28][6, 13, 0, 26][4, 14, 11, 25][2, 10, 21, 5][0, 22][22, 25][0, 18][9, 14][25, 28][10, 29] 
[9, 3, 1, 23, 24, 7, 20][8, 12, 19, 17, 18][15, 29, 27, 16, 28][6, 13, 0, 26][4, 14, 11, 25][2, 10, 21, 5][0, 22][22, 25][0, 18][9, 14][25, 28][10, 29] 
[9, 3, 1, 23, 24, 7, 20][15, 29, 27, 16, 28][8, 12, 19, 17, 18][4, 14, 11, 25][6, 13, 0, 26][2, 10, 21, 5][9, 14][25, 28][22, 25][0, 22][10, 29][0, 18] 
[9, 3, 1, 23, 24, 7, 20][15, 29, 27, 16, 28][8, 12, 19, 17, 18][4, 14, 11, 25][2, 10, 21, 5][6, 13, 0, 26][25, 28][9, 14][22, 25][10, 29][0, 22][0, 18] 
[9, 3, 1, 23, 24, 7, 20][15, 29, 27, 16, 28][8, 12, 19, 17, 18][2, 10, 21, 5][4, 14, 11, 25][6, 13, 0, 26][10, 29][25, 28][9, 14][22, 25][0, 22][0, 18] 
[9, 3, 1, 23, 24, 7, 20][15, 29, 27, 16, 28][8, 12, 19, 17, 18][4, 14, 11, 25][2, 10, 21, 5][6, 13, 0, 26][25, 28][22, 25][10, 29][9, 14][0, 22][0, 18] 
[9, 3, 1, 23, 24, 7, 20][15, 29, 27, 16, 28][8, 12, 19, 17, 18][2, 10, 21, 5][4, 14, 11, 25][6, 13, 0, 26][10, 29][25, 28][9, 14][22, 25][0, 22][0, 18] 
[9, 3, 1, 23, 24, 7, 20][8, 12, 19, 17, 18][15, 29, 27, 16, 28][6, 13, 0, 26][4, 14, 11, 25][2, 10, 21, 5][0, 18][0, 22][22, 25][9, 14][25, 28][10, 29] 
[9, 3, 1, 23, 24, 7, 20][15, 29, 27, 16, 28][8, 12, 19, 17, 18][4, 14, 11, 25][2, 10, 21, 5][6, 13, 0, 26][25, 28][22, 25][10, 29][9, 14][0, 22][0, 18] 
[9, 3, 1, 23, 24, 7, 20][8, 12, 19, 17, 18][15, 29, 27, 16, 28][6, 13, 0, 26][4, 14, 11, 25][2, 10, 21, 5][0, 22][0, 18][22, 25][9, 14][25, 28][10, 29] 
[9, 3, 1, 23, 24, 7, 20][8, 12, 19, 17, 18][15, 29, 27, 16, 28][6, 13, 0, 26][4, 14, 11, 25][2, 10, 21, 5][0, 18][0, 22][22, 25][25, 28][9, 14][10, 29] 
[3, 1, 23, 24, 7, 20][17, 19, 12, 8, 26][0, 22, 18, 13, 6][15, 29, 27, 16, 28][4, 14, 11, 25][2, 10, 21, 5][17, 18][22, 25][25, 28][9, 14][3, 9][10, 29] 
[3, 1, 23, 24, 7, 20][0, 22, 18, 13, 6][15, 29, 27, 16, 28][17, 19, 12, 8, 26][4, 14, 11, 25][2, 10, 21, 5][17, 18][22, 25][25, 28][10, 29][9, 14][3, 9] 
[3, 1, 23, 24, 7, 20][15, 29, 27, 16, 28][0, 22, 18, 13, 6][17, 19, 12, 8, 26][4, 14, 11, 25][2, 10, 21, 5][9, 14][3, 9][25, 28][22, 25][10, 29][17, 18] 
[3, 1, 23, 24, 7, 20][15, 29, 27, 16, 28][0, 22, 18, 13, 6][17, 19, 12, 8, 26][2, 10, 21, 5][4, 14, 11, 25][10, 29][25, 28][22, 25][9, 14][17, 18][3, 9] 
[3, 1, 23, 24, 7, 20][0, 22, 18, 13, 6][15, 29, 27, 16, 28][17, 19, 12, 8, 26][4, 14, 11, 25][2, 10, 21, 5][22, 25][17, 18][25, 28][10, 29][9, 14][3, 9] 
[9, 3, 1, 23, 24, 7, 20][15, 29, 27, 16, 28][0, 22, 18, 13, 6][4, 14, 11, 25][2, 10, 21, 5][19, 12, 8, 26][25, 28][10, 29][9, 14][22, 25][17, 18][17, 19] 
[9, 3, 1, 23, 24, 7, 20][15, 29, 27, 16, 28][8, 12, 19, 17, 18][2, 10, 21, 5][4, 14, 11, 25][6, 13, 0, 26][10, 29][25, 28][9, 14][22, 25][0, 22][0, 18] 
[9, 3, 1, 23, 24, 7, 20][8, 12, 19, 17, 18][15, 29, 27, 16, 28][6, 13, 0, 26][4, 14, 11, 25][2, 10, 21, 5][0, 18][0, 22][22, 25][9, 14][25, 28][10, 29] 
[9, 3, 1, 23, 24, 7, 20][15, 29, 27, 16, 28][8, 12, 19, 17, 18][2, 10, 21, 5][4, 14, 11, 25][6, 13, 0, 26][10, 29][25, 28][9, 14][22, 25][0, 22][0, 18] 
[9, 3, 1, 23, 24, 7, 20][15, 29, 27, 16, 28][8, 12, 19, 17, 18][2, 10, 21, 5][4, 14, 11, 25][6, 13, 0, 26][10, 29][25, 28][9, 14][22, 25][0, 22][0, 18] 
[9, 3, 1, 23, 24, 7, 20][8, 12, 19, 17, 18][15, 29, 27, 16, 28][6, 13, 0, 26][4, 14, 11, 25][2, 10, 21, 5][0, 18][0, 22][22, 25][9, 14][25, 28][10, 29] 
[9, 3, 1, 23, 24, 7, 20][15, 29, 27, 16, 28][8, 12, 19, 17, 18][4, 14, 11, 25][2, 10, 21, 5][6, 13, 0, 26][25, 28][9, 14][10, 29][22, 25][17, 22][0, 22] 
[9, 3, 1, 23, 24, 7, 20][15, 29, 27, 16, 28][8, 12, 19, 17, 18][4, 14, 11, 25][2, 10, 21, 5][6, 13, 0, 26][25, 28][9, 14][22, 25][10, 29][0, 22][0, 18] 
[3, 1, 23, 24, 7, 20][0, 22, 18, 13, 6][17, 19, 12, 8, 26][15, 29, 27, 16, 28][4, 14, 11, 25][2, 10, 21, 5][22, 25][17, 18][25, 28][9, 14][3, 9][10, 29] 
[3, 1, 23, 24, 7, 20][17, 19, 12, 8, 26][0, 22, 18, 13, 6][15, 29, 27, 16, 28][4, 14, 11, 25][2, 10, 21, 5][17, 18][22, 25][25, 28][10, 29][9, 14][3, 9] 
[3, 1, 23, 24, 7, 20][0, 22, 18, 13, 6][15, 29, 27, 16, 28][17, 19, 12, 8, 26][4, 14, 11, 25][2, 10, 21, 5][22, 25][17, 18][9, 14][3, 9][25, 28][10, 29] 
[3, 1, 23, 24, 7, 20][0, 22, 18, 13, 6][17, 19, 12, 8, 26][15, 29, 27, 16, 28][4, 14, 11, 25][2, 10, 21, 5][22, 25][17, 18][25, 28][9, 14][3, 9][10, 29] 
[3, 1, 23, 24, 7, 20][17, 19, 12, 8, 26][0, 22, 18, 13, 6][15, 29, 27, 16, 28][4, 14, 11, 25][2, 10, 21, 5][17, 18][22, 25][25, 28][10, 29][9, 14][3, 9] 
[3, 1, 23, 24, 7, 20][0, 22, 18, 13, 6][15, 29, 27, 16, 28][17, 19, 12, 8, 26][4, 14, 11, 25][2, 10, 21, 5][22, 25][9, 14][3, 9][25, 28][10, 29][17, 18] 
[3, 1, 23, 24, 7, 20][0, 22, 18, 13, 6][15, 29, 27, 16, 28][17, 19, 12, 8, 26][4, 14, 11, 25][2, 10, 21, 5][22, 25][25, 28][17, 18][9, 14][10, 29][3, 9] 
[3, 1, 23, 24, 7, 20][0, 22, 18, 13, 6][17, 19, 12, 8, 26][15, 29, 27, 16, 28][4, 14, 11, 25][2, 10, 21, 5][22, 25][9, 14][17, 18][25, 28][10, 29][3, 9] 
[3, 1, 23, 24, 7, 20][0, 22, 18, 13, 6][15, 29, 27, 16, 28][17, 19, 12, 8, 26][4, 14, 11, 25][2, 10, 21, 5][22, 25][9, 14][3, 9][25, 28][10, 29][17, 18] 
[3, 1, 23, 24, 7, 20][0, 22, 18, 13, 6][15, 29, 27, 16, 28][17, 19, 12, 8, 26][4, 14, 11, 25][2, 10, 21, 5][22, 25][17, 18][25, 28][9, 14][3, 9][10, 29] 
[3, 1, 23, 24, 7, 20][17, 19, 12, 8, 26][0, 22, 18, 13, 6][15, 29, 27, 16, 28][4, 14, 11, 25][2, 10, 21, 5][17, 18][22, 25][25, 28][10, 29][9, 14][3, 9] 
[3, 1, 23, 24, 7, 20][0, 22, 18, 13, 6][17, 19, 12, 8, 26][15, 29, 27, 16, 28][4, 14, 11, 25][2, 10, 21, 5][22, 25][9, 14][17, 18][25, 28][10, 29][3, 9] 
[3, 1, 23, 24, 7, 20][0, 22, 18, 13, 6][15, 29, 27, 16, 28][17, 19, 12, 8, 26][4, 14, 11, 25][2, 10, 21, 5][17, 18][22, 25][9, 14][3, 9][25, 28][10, 29] 
[3, 1, 23, 24, 7, 20][0, 22, 18, 13, 6][15, 29, 27, 16, 28][17, 19, 12, 8, 26][4, 14, 11, 25][2, 10, 21, 5][22, 25][17, 18][25, 28][9, 14][3, 9][10, 29] 
[3, 1, 23, 24, 7, 20][0, 22, 18, 13, 6][15, 29, 27, 16, 28][17, 19, 12, 8, 26][4, 14, 11, 25][2, 10, 21, 5][17, 18][22, 25][9, 14][3, 9][25, 28][10, 29] 
[9, 3, 1, 23, 24, 7, 20][15, 29, 27, 16, 28][0, 22, 18, 13, 6][17, 19, 12, 8, 26][4, 14, 11, 25][2, 10, 21, 5][25, 28][9, 14][22, 25][17, 18][2, 15][1, 3] 
[9, 3, 1, 23, 24, 7, 20][17, 19, 12, 8, 26][15, 29, 27, 16, 28][0, 22, 18, 13, 6][4, 14, 11, 25][2, 10, 21, 5][0, 26][22, 25][25, 28][10, 29][9, 14][1, 3] 
[9, 3, 1, 23, 24, 7, 20][17, 19, 12, 8, 26][0, 22, 18, 13, 6][15, 29, 27, 16, 28][4, 14, 11, 25][2, 10, 21, 5][17, 18][22, 25][9, 14][25, 28][2, 15][1, 3] 
[9, 3, 1, 23, 24, 7, 20][15, 29, 27, 16, 28][0, 22, 18, 13, 6][17, 19, 12, 8, 26][4, 14, 11, 25][2, 10, 21, 5][25, 28][9, 14][22, 25][17, 18][2, 15][1, 3] 
[9, 3, 1, 23, 24, 7, 20][15, 29, 27, 16, 28][0, 22, 18, 13, 6][17, 19, 12, 8, 26][4, 14, 11, 25][2, 10, 21, 5][25, 28][2, 15][9, 14][22, 25][17, 18][1, 3] 
[9, 3, 1, 23, 24, 7, 20][0, 22, 18, 13, 6][17, 19, 12, 8, 26][15, 29, 27, 16, 28][4, 14, 11, 25][15, 2, 10, 29][2, 10, 21, 5][17, 18][22, 25][9, 14][25, 28][1, 3] 
[9, 3, 1, 23, 24, 7, 20][15, 29, 27, 16, 28][8, 12, 19, 17, 18][6, 13, 0, 26][4, 14, 11, 25][2, 10, 21, 5][0, 22][17, 22][22, 25][10, 29][9, 14][25, 28] 
[9, 3, 1, 23, 24, 7, 20][15, 29, 27, 16, 28][8, 12, 19, 17, 18][4, 14, 11, 25][6, 13, 0, 26][2, 10, 21, 5][22, 25][9, 14][0, 22][25, 28][17, 22][10, 29] 
[9, 3, 1, 23, 24, 7, 20][15, 29, 27, 16, 28][8, 12, 19, 17, 18][4, 14, 11, 25][6, 13, 0, 26][2, 10, 21, 5][9, 14][22, 25][0, 22][25, 28][10, 29][17, 22] 
[9, 3, 1, 23, 24, 7, 20][8, 12, 19, 17, 18][15, 29, 27, 16, 28][6, 13, 0, 26][4, 14, 11, 25][2, 10, 21, 5][17, 22][0, 22][22, 25][25, 28][10, 29][9, 14] 
[9, 3, 1, 23, 24, 7, 20][8, 12, 19, 17, 18][15, 29, 27, 16, 28][6, 13, 0, 26][4, 14, 11, 25][2, 10, 21, 5][0, 22][17, 22][22, 25][9, 14][25, 28][10, 29] 
[3, 1, 23, 24, 7, 20][15, 29, 27, 16, 28][0, 22, 18, 13, 6][17, 19, 12, 8, 26][2, 10, 21, 5][4, 14, 11, 25][10, 29][25, 28][22, 25][17, 18][9, 14][3, 9] 
[9, 3, 1, 23, 24, 7, 20][15, 29, 27, 16, 28][8, 12, 19, 17, 18][2, 10, 21, 5][4, 14, 11, 25][6, 13, 0, 26][10, 29][25, 28][9, 14][22, 25][0, 22][17, 22] 
