[5, 21, 2, 29, 27, 10, 6][12, 19, 8, 26, 0, 22][4, 14, 24, 20, 7][11, 3, 1, 9, 23][16, 28, 25][13, 18, 17][0, 28][7, 28][11, 25][0, 18][15, 16][15, 27] 
[5, 21, 2, 29, 27, 10, 6][12, 19, 8, 26, 0, 22][11, 3, 1, 9, 23][4, 14, 24, 20, 7][16, 28, 25][13, 18, 17][15, 16][11, 25][0, 28][15, 27][0, 18][7, 28] 
[5, 21, 2, 29, 27, 10, 6][12, 19, 8, 26, 0, 22][4, 14, 24, 20, 7][9, 3, 1, 23][13, 18, 17][3, 11, 25][16, 28, 25][0, 18][11, 17][15, 16][7, 28][15, 27] 
[5, 21, 2, 29, 27, 10, 6][12, 19, 8, 26, 0, 22][4, 14, 24, 20, 7][9, 3, 1, 23][3, 11, 25][16, 28, 25][13, 18, 17][7, 28][11, 17][0, 18][15, 16][15, 27] 
[5, 21, 2, 29, 27, 10, 6][12, 19, 8, 26, 0, 22][4, 14, 24, 20, 7][9, 3, 1, 23][13, 18, 17][3, 11, 25][16, 28, 25][11, 17][15, 16][15, 27][0, 18][7, 28] 
[5, 21, 2, 29, 27, 10, 6][12, 19, 8, 26, 0, 22][4, 14, 24, 20, 7][9, 3, 1, 23][16, 28, 25][3, 11, 25][13, 18, 17][15, 16][15, 27][7, 28][11, 17][0, 18] 
[5, 21, 2, 29, 27, 10, 6][12, 19, 8, 26, 0, 22][4, 14, 24, 20, 7][9, 3, 1, 23][3, 11, 25][16, 28, 25][13, 18, 17][11, 17][0, 18][15, 16][7, 28][15, 27] 
[5, 21, 2, 29, 27, 10, 6][12, 19, 8, 26, 0, 22][7, 4, 14, 20, 24][9, 3, 1, 23][16, 28, 25][3, 11, 25][13, 18, 17][15, 27][15, 16][11, 17][0, 18][7, 28] 
[5, 21, 2, 29, 27, 10, 6][12, 19, 8, 26, 0, 22][7, 4, 14, 20, 24][9, 3, 1, 23][13, 18, 17][3, 11, 25][16, 28, 25][11, 17][15, 16][7, 28][0, 18][15, 27] 
[5, 21, 2, 29, 27, 10, 6][12, 19, 8, 26, 0, 22][7, 4, 14, 20, 24][9, 3, 1, 23][13, 18, 17][3, 11, 25][16, 28, 25][0, 18][11, 17][15, 16][15, 27][7, 28] 
[5, 21, 2, 29, 27, 10, 6][12, 19, 8, 26, 0, 22][4, 14, 24, 20, 7][11, 3, 1, 9, 23][16, 28, 25][13, 18, 17][0, 28][7, 28][11, 25][0, 18][15, 16][15, 27] 
[5, 21, 2, 29, 27, 10, 6][12, 19, 8, 26, 0, 22][4, 14, 24, 20, 7][11, 3, 1, 9, 23][16, 28, 25][13, 18, 17][15, 27][15, 16][7, 28][11, 25][0, 28][0, 18] 
[5, 21, 2, 29, 27, 10, 6][12, 19, 8, 26, 0, 22][4, 14, 24, 20, 7][9, 3, 1, 23][13, 18, 17][3, 11, 25][16, 28, 25][0, 18][11, 17][15, 16][7, 28][15, 27] 
[5, 21, 2, 29, 27, 10, 6][12, 19, 8, 26, 0, 22][4, 14, 24, 20, 7][9, 3, 1, 23][3, 11, 25][16, 28, 25][13, 18, 17][11, 17][15, 16][0, 18][15, 27][7, 28] 
[5, 21, 2, 29, 27, 10, 6][12, 19, 8, 26, 0, 22][4, 14, 24, 20, 7][9, 3, 1, 23][16, 28, 25][3, 11, 25][13, 18, 17][7, 28][11, 17][15, 16][15, 27][0, 18] 
[5, 21, 2, 29, 27, 10, 6][12, 19, 8, 26, 0, 22][7, 4, 14, 20, 24][9, 3, 1, 23][13, 18, 17][3, 11, 25][16, 28, 25][0, 18][11, 17][7, 28][15, 16][15, 27] 
[5, 21, 2, 29, 27, 10, 6][12, 19, 8, 26, 0, 22][11, 3, 1, 9, 23][4, 14, 24, 20, 7][13, 18, 17][16, 28, 25][0, 18][0, 28][11, 25][7, 28][15, 16][15, 27] 
[5, 21, 2, 29, 27, 10, 6][12, 19, 8, 26, 0, 22][4, 14, 24, 20, 7][11, 3, 1, 9, 23][16, 28, 25][13, 18, 17][7, 28][15, 16][0, 28][11, 25][15, 27][0, 18] 
[5, 21, 2, 29, 27, 10, 6][12, 19, 8, 26, 0, 22][4, 14, 24, 20, 7][9, 3, 1, 23][16, 28, 25][3, 11, 25][13, 18, 17][7, 28][15, 16][11, 17][0, 18][15, 27] 
[5, 21, 2, 29, 27, 10, 6][12, 19, 8, 26, 0, 22][4, 14, 24, 20, 7][11, 3, 1, 9, 23][16, 28, 25][13, 18, 17][0, 28][15, 16][0, 18][7, 28][11, 25][15, 27] 
[5, 21, 2, 29, 27, 10, 6][12, 19, 8, 26, 0, 22][11, 3, 1, 9, 23][4, 14, 24, 20, 7][16, 28, 25][13, 18, 17][11, 25][7, 28][15, 16][15, 27][0, 28][0, 18] 
[5, 21, 2, 29, 27, 10, 6][12, 19, 8, 26, 0, 22][4, 14, 24, 20, 7][11, 3, 1, 9, 23][16, 28, 25][13, 18, 17][7, 28][11, 25][15, 16][0, 28][15, 27][0, 18] 
[5, 21, 2, 29, 27, 10, 6][12, 19, 8, 26, 0, 22][4, 14, 24, 20, 7][9, 3, 1, 23][3, 11, 25][16, 28, 25][13, 18, 17][7, 28][11, 17][0, 18][15, 16][15, 27] 
[5, 21, 2, 29, 27, 10, 6][12, 19, 8, 26, 0, 22][4, 14, 24, 20, 7][9, 3, 1, 23][3, 11, 25][16, 28, 25][13, 18, 17][11, 17][7, 28][0, 18][15, 16][15, 27] 
[5, 21, 2, 29, 27, 10, 6][12, 19, 8, 26, 0, 22][4, 14, 24, 20, 7][9, 3, 1, 23][16, 28, 25][3, 11, 25][13, 18, 17][7, 28][11, 17][15, 16][15, 27][0, 18] 
[5, 21, 2, 29, 27, 10, 6][12, 19, 8, 26, 0, 22][7, 4, 14, 20, 24][9, 3, 1, 23][13, 18, 17][3, 11, 25][16, 28, 25][0, 18][11, 17][15, 16][15, 27][7, 28] 
[5, 21, 2, 29, 27, 10, 6][12, 19, 8, 26, 0, 22][4, 14, 24, 20, 7][11, 3, 1, 9, 23][16, 28, 25][13, 18, 17][7, 28][11, 25][15, 16][0, 28][15, 27][0, 18] 
[5, 21, 2, 29, 27, 10, 6][12, 19, 8, 26, 0, 22][11, 3, 1, 9, 23][4, 14, 24, 20, 7][13, 18, 17][16, 28, 25][0, 18][0, 28][11, 25][7, 28][15, 16][15, 27] 
[5, 21, 2, 29, 27, 10, 6][12, 19, 8, 26, 0, 22][4, 14, 24, 20, 7][9, 3, 1, 23][3, 11, 25][16, 28, 25][13, 18, 17][15, 16][15, 27][7, 28][11, 17][0, 18] 
[5, 21, 2, 29, 27, 10, 6][12, 19, 8, 26, 0, 22][4, 14, 24, 20, 7][11, 3, 1, 9, 23][16, 28, 25][13, 18, 17][7, 28][15, 16][0, 28][11, 25][0, 18][15, 27] 
[5, 21, 2, 29, 27, 10, 6][12, 19, 8, 26, 0, 22][4, 14, 24, 20, 7][11, 3, 1, 9, 23][16, 28, 25][13, 18, 17][7, 28][15, 16][0, 28][15, 27][11, 25][0, 18] 
[5, 21, 2, 29, 27, 10, 6][12, 19, 8, 26, 0, 22][11, 3, 1, 9, 23][4, 14, 24, 20, 7][16, 28, 25][13, 18, 17][11, 25][0, 28][0, 18][15, 16][7, 28][15, 27] 
[5, 21, 2, 29, 27, 10, 6][12, 19, 8, 26, 0, 22][4, 14, 24, 20, 7][9, 3, 1, 23][3, 11, 25][16, 28, 25][13, 18, 17][15, 16][15, 27][7, 28][11, 17][0, 18] 
[5, 21, 2, 29, 27, 10, 6][12, 19, 8, 26, 0, 22][4, 14, 24, 20, 7][11, 3, 1, 9, 23][16, 28, 25][13, 18, 17][15, 27][15, 16][7, 28][11, 25][0, 28][0, 18] 
[5, 21, 2, 29, 27, 10, 6][12, 19, 8, 26, 0, 22][4, 14, 24, 20, 7][11, 3, 1, 9, 23][16, 28, 25][13, 18, 17][7, 28][11, 25][15, 16][15, 27][0, 28][0, 18] 
[21, 5, 15, 29, 27, 10, 6, 2, 7, 16, 28, 25][11, 25, 22, 0, 26, 8, 12, 19, 17, 18, 13][11, 3, 24, 23, 14, 1, 4, 20][0, 26][3, 9][12, 19][22, 25][12, 17][16, 28][7, 16][22, 25][12, 19] 
[11, 25, 28, 16, 7, 2, 6, 10, 27, 29, 15, 5, 21][11, 25, 22, 0, 26, 8, 12, 19, 17, 18, 13][8, 12, 19, 17, 18, 13][12, 19, 8, 26, 0, 22][11, 3, 1, 9, 23][4, 14, 24, 20, 7][13, 18, 17][12, 19][12, 19][12, 17][13, 18][16, 28] 
[11, 25, 28, 16, 7, 2, 6, 10, 27, 29, 15, 5, 21][11, 25, 22, 0, 26, 8, 12, 19, 17, 18, 13][8, 12, 19, 17, 18, 13][12, 19, 8, 26, 0, 22][11, 3, 1, 9, 23][4, 14, 24, 20, 7][13, 18, 17][12, 19][12, 19][12, 17][13, 18][16, 28] 
[21, 5, 15, 29, 27, 10, 6, 2, 7, 16, 28, 25][11, 25, 22, 0, 26, 8, 12, 19, 17, 18, 13][3, 24, 23, 14, 1, 4, 20][16, 28][3, 9][12, 17][3, 11][12, 17][12, 19][15, 16][12, 17][12, 19] 
[21, 5, 15, 29, 27, 10, 6, 2, 7, 16, 28, 25][11, 25, 22, 0, 26, 8, 12, 19, 17, 18, 13][3, 24, 23, 14, 1, 4, 20][16, 28][3, 9][12, 17][3, 11][12, 17][12, 19][15, 16][12, 17][12, 19] 
[11, 25, 22, 0, 26, 8, 12, 19, 17, 18, 13][16, 7, 2, 6, 10, 27, 29, 15, 5, 21][11, 3, 24, 23, 14, 1, 4, 20][0, 26][3, 9][12, 17][25, 28][12, 17][12, 19][12, 17][12, 17][16, 28] 
[11, 25, 28, 16, 7, 2, 6, 10, 27, 29, 15, 5, 21][11, 25, 22, 0, 26, 8, 12, 19, 17, 18, 13][11, 3, 24, 23, 14, 1, 4, 20][8, 12, 19, 17, 18, 13][13, 18, 17][3, 9][3, 11][12, 17][12, 19][12, 19][12, 19][13, 18] 
[21, 5, 15, 29, 27, 10, 6, 2, 7, 16, 28, 25][11, 25, 22, 0, 26, 8, 12, 19, 17, 18, 13][11, 3, 24, 23, 14, 1, 4, 20][1, 9][12, 19][12, 17][15, 16][12, 17][12, 19][12, 17][12, 19][12, 17] 
[11, 25, 22, 0, 26, 8, 12, 19, 17, 18, 13][21, 5, 15, 29, 27, 10, 6, 2, 7, 16, 28][11, 3, 24, 23, 14, 1, 4, 20][1, 9][15, 16][22, 25][25, 28][22, 25][12, 19][12, 19][12, 19][12, 19] 
[21, 5, 15, 29, 27, 10, 6, 2, 7, 16, 28, 25][20, 4, 1, 14, 23, 24, 3, 11, 25, 22][13, 18, 17, 12, 22, 19, 8, 26][12, 17][0, 26][3, 9][12, 17][12, 17][12, 17][17, 18][12, 17][12, 17] 
[4, 14, 24, 3, 11, 25, 22, 0, 26, 8, 12, 19, 17, 18, 13][21, 5, 15, 29, 27, 10, 6, 2, 7, 16, 28, 25][11, 25, 22, 0, 26, 8, 12, 19, 17, 18, 13][3, 24, 23, 14, 1, 4, 20][13, 18, 17][13, 18, 17][3, 11][3, 9][11, 25][12, 19][11, 25][11, 25] 
[21, 5, 15, 29, 27, 10, 6, 2, 7, 16, 28, 25][11, 25, 22, 0, 26, 8, 12, 19, 17, 18, 13][11, 3, 24, 23, 14, 1, 4, 20][8, 12, 19, 17, 18, 13][16, 28][3, 11][3, 9][12, 17][12, 17][12, 17][12, 19][12, 17] 
[21, 5, 15, 29, 27, 10, 6, 2, 7, 16, 28, 25][11, 25, 22, 0, 26, 8, 12, 19, 17, 18, 13][3, 24, 23, 14, 1, 4, 20][15, 16][3, 11][3, 9][12, 17][12, 17][12, 17][12, 17][12, 17][12, 17] 
[21, 5, 15, 29, 27, 10, 6, 2, 7, 16, 28, 25][11, 25, 22, 0, 26, 8, 12, 19, 17, 18, 13][11, 3, 24, 23, 14, 1, 4, 20][12, 17][3, 9][12, 19][0, 26][22, 25][12, 17][12, 19][12, 17][12, 19] 
[21, 5, 15, 29, 27, 10, 6, 2, 7, 16, 28, 25][11, 25, 22, 0, 26, 8, 12, 19, 17, 18, 13][11, 3, 24, 23, 14, 1, 4, 20][12, 17][3, 9][12, 19][0, 26][22, 25][12, 17][12, 19][12, 17][12, 19] 
[21, 5, 15, 29, 27, 10, 6, 2, 7, 16, 28, 25][11, 25, 22, 0, 26, 8, 12, 19, 17, 18, 13][21, 5, 15, 29, 27, 10, 6, 2, 7, 16, 28][11, 3, 24, 23, 14, 1, 4, 20][3, 9][13, 18][25, 28][13, 18][12, 19][3, 11][12, 19][15, 16] 
[11, 25, 28, 16, 7, 2, 6, 10, 27, 29, 15, 5, 21][13, 18, 17, 19, 12, 8, 26, 0, 22, 25][11, 3, 24, 23, 14, 1, 4, 20][15, 16][3, 9][16, 28][12, 19][12, 19][3, 24][17, 18][12, 19][12, 17] 
[21, 5, 15, 29, 27, 10, 6, 2, 7, 16, 28, 25][11, 25, 22, 0, 26, 8, 12, 19, 17, 18, 13][12, 19, 8, 26, 0, 22][12, 19, 17, 18, 13][11, 3, 1, 9, 23][4, 14, 24, 20, 7][13, 18, 17][13, 18, 17][4, 14][3, 11][12, 19][12, 19] 
[21, 5, 15, 29, 27, 10, 6, 2, 7, 16, 28, 25][11, 25, 22, 0, 26, 8, 12, 19, 17, 18, 13][11, 3, 24, 23, 14, 1, 4, 20][1, 9][12, 19][12, 17][15, 16][12, 17][12, 19][12, 17][12, 19][12, 17] 
[11, 25, 28, 16, 7, 2, 6, 10, 27, 29, 15, 5, 21][13, 18, 17, 19, 12, 8, 26, 0, 22, 25][11, 3, 24, 23, 14, 1, 4, 20][15, 16][3, 9][16, 28][12, 19][12, 19][3, 24][17, 18][12, 19][12, 17] 
[11, 25, 28, 16, 7, 2, 6, 10, 27, 29, 15, 5, 21][11, 25, 22, 0, 26, 8, 12, 19, 17, 18, 13][11, 3, 24, 23, 14, 1, 4, 20][3, 9][12, 19][15, 16][12, 17][16, 28][12, 17][17, 18][12, 19][16, 28] 
[5, 21, 2, 29, 27, 10, 6][12, 19, 8, 26, 0, 22][4, 14, 24, 20, 7][9, 3, 1, 23][16, 28, 25][3, 11, 25][13, 18, 17][7, 28][11, 17][15, 16][0, 18][15, 27] 
[5, 21, 2, 29, 27, 10, 6][12, 19, 8, 26, 0, 22][4, 14, 24, 20, 7][9, 3, 1, 23][13, 18, 17][3, 11, 25][16, 28, 25][0, 18][11, 17][15, 16][7, 28][15, 27] 
[5, 21, 2, 29, 27, 10, 6][12, 19, 8, 26, 0, 22][4, 14, 24, 20, 7][9, 3, 1, 23][16, 28, 25][3, 11, 25][13, 18, 17][11, 17][0, 18][15, 16][7, 28][15, 27] 
[5, 21, 2, 29, 27, 10, 6][12, 19, 8, 26, 0, 22][4, 14, 24, 20, 7][9, 3, 1, 23][16, 28, 25][3, 11, 25][13, 18, 17][15, 16][15, 27][7, 28][11, 17][0, 18] 
[5, 21, 2, 29, 27, 10, 6][12, 19, 8, 26, 0, 22][4, 14, 24, 20, 7][9, 3, 1, 23][16, 28, 25][3, 11, 25][13, 18, 17][11, 17][0, 18][15, 16][7, 28][15, 27] 
[5, 21, 2, 29, 27, 10, 6][12, 19, 8, 26, 0, 22][4, 14, 24, 20, 7][9, 3, 1, 23][3, 11, 25][16, 28, 25][13, 18, 17][11, 17][7, 28][0, 18][15, 16][15, 27] 
[5, 21, 2, 29, 27, 10, 6][12, 19, 8, 26, 0, 22][4, 14, 24, 20, 7][9, 3, 1, 23][16, 28, 25][3, 11, 25][13, 18, 17][7, 28][15, 16][15, 27][11, 17][0, 18] 
[5, 21, 2, 29, 27, 10, 6][12, 19, 8, 26, 0, 22][4, 14, 24, 20, 7][9, 3, 1, 23][16, 28, 25][3, 11, 25][13, 18, 17][7, 28][11, 17][15, 16][15, 27][0, 18] 
[5, 21, 2, 29, 27, 10, 6][12, 19, 8, 26, 0, 22][4, 14, 24, 20, 7][9, 3, 1, 23][16, 28, 25][3, 11, 25][13, 18, 17][7, 28][11, 17][0, 18][15, 16][15, 27] 
[5, 21, 2, 29, 27, 10, 6][12, 19, 8, 26, 0, 22][4, 14, 24, 20, 7][9, 3, 1, 23][16, 28, 25][3, 11, 25][13, 18, 17][7, 28][11, 17][0, 18][15, 16][15, 27] 
[5, 21, 2, 29, 27, 10, 6][12, 19, 8, 26, 0, 22][4, 14, 24, 20, 7][9, 3, 1, 23][13, 18, 17][3, 11, 25][16, 28, 25][0, 18][11, 17][15, 16][7, 28][15, 27] 
[5, 21, 2, 29, 27, 10, 6][12, 19, 8, 26, 0, 22][4, 14, 24, 20, 7][9, 3, 1, 23][16, 28, 25][3, 11, 25][13, 18, 17][7, 28][15, 16][15, 27][11, 17][0, 18] 
[5, 21, 2, 29, 27, 10, 6][12, 19, 8, 26, 0, 22][4, 14, 24, 20, 7][9, 3, 1, 23][3, 11, 25][16, 28, 25][13, 18, 17][11, 17][7, 28][15, 16][15, 27][0, 18] 
[5, 21, 2, 29, 27, 10, 6][12, 19, 8, 26, 0, 22][4, 14, 24, 20, 7][9, 3, 1, 23][3, 11, 25][16, 28, 25][13, 18, 17][11, 17][7, 28][15, 16][15, 27][0, 18] 
[5, 21, 2, 29, 27, 10, 6][12, 19, 8, 26, 0, 22][4, 14, 24, 20, 7][9, 3, 1, 23][3, 11, 25][16, 28, 25][13, 18, 17][11, 17][0, 18][15, 16][15, 27][7, 28] 
[5, 21, 2, 29, 27, 10, 6][12, 19, 8, 26, 0, 22][11, 3, 1, 9, 23][4, 14, 24, 20, 7][16, 28, 25][13, 18, 17][15, 16][11, 25][0, 28][15, 27][0, 18][7, 28] 
[5, 21, 2, 29, 27, 10, 6][12, 19, 8, 26, 0, 22][11, 3, 1, 9, 23][4, 14, 24, 20, 7][16, 28, 25][13, 18, 17][11, 25][15, 16][0, 28][15, 27][0, 18][7, 28] 
[5, 21, 2, 29, 27, 10, 6][12, 19, 8, 26, 0, 22][11, 3, 1, 9, 23][4, 14, 24, 20, 7][16, 28, 25][13, 18, 17][11, 25][15, 16][15, 27][7, 28][0, 28][0, 18] 
[5, 21, 2, 29, 27, 10, 6][12, 19, 8, 26, 0, 22][4, 14, 24, 20, 7][11, 3, 1, 9, 23][13, 18, 17][16, 28, 25][0, 18][0, 28][11, 25][7, 28][15, 16][15, 27] 
[5, 21, 2, 29, 27, 10, 6][12, 19, 8, 26, 0, 22][4, 14, 24, 20, 7][11, 3, 1, 9, 23][16, 28, 25][13, 18, 17][15, 16][7, 28][11, 25][0, 28][15, 27][0, 18] 
[5, 21, 2, 29, 27, 10, 6][12, 19, 8, 26, 0, 22][4, 14, 24, 20, 7][11, 3, 1, 9, 23][13, 18, 17][15, 16, 28][7, 28][25, 28][0, 28][11, 25][0, 18][15, 27] 
[5, 21, 2, 29, 27, 10, 6][12, 19, 8, 26, 0, 22][4, 14, 24, 20, 7][9, 3, 1, 23][13, 18, 17][3, 11, 25][16, 28, 25][0, 18][11, 17][15, 16][7, 28][15, 27] 
[5, 21, 2, 29, 27, 10, 6][12, 19, 8, 26, 0, 22][4, 14, 24, 20, 7][9, 3, 1, 23][3, 11, 25][16, 28, 25][13, 18, 17][11, 17][0, 18][7, 28][15, 16][15, 27] 
[5, 21, 2, 29, 27, 10, 6][12, 19, 8, 26, 0, 22][4, 14, 24, 20, 7][9, 3, 1, 23][3, 11, 25][16, 28, 25][13, 18, 17][11, 17][0, 18][7, 28][15, 16][15, 27] 
[5, 21, 2, 29, 27, 10, 6][12, 19, 8, 26, 0, 22][4, 14, 24, 20, 7][9, 3, 1, 23][13, 18, 17][3, 11, 25][16, 28, 25][11, 17][15, 16][7, 28][0, 18][15, 27] 
[5, 21, 2, 29, 27, 10, 6][12, 19, 8, 26, 0, 22][4, 14, 24, 20, 7][9, 3, 1, 23][16, 28, 25][3, 11, 25][13, 18, 17][11, 17][0, 18][15, 16][15, 27][7, 28] 
[5, 21, 2, 29, 27, 10, 6][12, 19, 8, 26, 0, 22][4, 14, 24, 20, 7][11, 3, 1, 9, 23][13, 18, 17][16, 28, 25][0, 18][0, 28][11, 25][7, 28][15, 16][15, 27] 
[5, 21, 2, 29, 27, 10, 6][12, 19, 8, 26, 0, 22][4, 14, 24, 20, 7][9, 3, 1, 23][13, 18, 17][3, 11, 25][16, 28, 25][0, 18][11, 17][7, 28][15, 16][15, 27] 
[5, 21, 2, 29, 27, 10, 6][12, 19, 8, 26, 0, 22][11, 3, 1, 9, 23][4, 14, 24, 20, 7][16, 28, 25][13, 18, 17][11, 25][7, 28][15, 16][15, 27][0, 28][0, 18] 
[5, 21, 2, 29, 27, 10, 6][12, 19, 8, 26, 0, 22][4, 14, 24, 20, 7][11, 3, 1, 9, 23][16, 28, 25][13, 18, 17][0, 28][11, 25][0, 18][7, 28][15, 16][15, 27] 
[5, 21, 2, 29, 27, 10, 6][12, 19, 8, 26, 0, 22][4, 14, 24, 20, 7][11, 3, 1, 9, 23][16, 28, 25][13, 18, 17][7, 28][11, 25][15, 16][0, 28][0, 18][15, 27] 
[5, 21, 2, 29, 27, 10, 6][12, 19, 8, 26, 0, 22][11, 3, 1, 9, 23][4, 14, 24, 20, 7][16, 28, 25][13, 18, 17][15, 16][11, 25][0, 28][15, 27][0, 18][7, 28] 
[5, 21, 2, 29, 27, 10, 6][12, 19, 8, 26, 0, 22][4, 14, 24, 20, 7][11, 3, 1, 9, 23][16, 28, 25][13, 18, 17][7, 28][0, 28][15, 16][11, 25][15, 27][0, 18] 
[5, 21, 2, 29, 27, 10, 6][12, 19, 8, 26, 0, 22][4, 14, 24, 20, 7][11, 3, 1, 9, 23][16, 28, 25][13, 18, 17][15, 16][7, 28][15, 27][0, 28][0, 18][11, 25] 
[5, 21, 2, 29, 27, 10, 6][12, 19, 8, 26, 0, 22][11, 3, 1, 9, 23][4, 14, 24, 20, 7][16, 28, 25][13, 18, 17][15, 16][11, 25][0, 28][15, 27][0, 18][7, 28] 
[5, 21, 2, 29, 27, 10, 6][12, 19, 8, 26, 0, 22][4, 14, 24, 20, 7][11, 3, 1, 9, 23][16, 28, 25][13, 18, 17][7, 28][0, 28][15, 16][11, 25][15, 27][0, 18] 
[5, 21, 2, 29, 27, 10, 6][12, 19, 8, 26, 0, 22][4, 14, 24, 20, 7][11, 3, 1, 9, 23][16, 28, 25][13, 18, 17][15, 16][7, 28][15, 27][0, 28][0, 18][11, 25] 
[5, 21, 2, 29, 27, 10, 6][12, 19, 8, 26, 0, 22][4, 14, 24, 20, 7][11, 3, 1, 9, 23][16, 28, 25][13, 18, 17][7, 28][15, 16][0, 28][11, 25][15, 27][0, 18] 
[5, 21, 2, 29, 27, 10, 6][12, 19, 8, 26, 0, 22][4, 14, 24, 20, 7][11, 3, 1, 9, 23][16, 28, 25][13, 18, 17][7, 28][11, 25][15, 16][15, 27][0, 28][0, 18] 
[5, 21, 2, 29, 27, 10, 6][12, 19, 8, 26, 0, 22][4, 14, 24, 20, 7][11, 3, 1, 9, 23][16, 28, 25][13, 18, 17][0, 28][11, 25][0, 18][7, 28][15, 16][15, 27] 
[5, 21, 2, 29, 27, 10, 6][12, 19, 8, 26, 0, 22][4, 14, 24, 20, 7][11, 3, 1, 9, 23][16, 28, 25][13, 18, 17][7, 28][15, 16][0, 28][15, 27][11, 25][0, 18] 
[5, 21, 2, 29, 27, 10, 6][12, 19, 8, 26, 0, 22][11, 3, 1, 9, 23][4, 14, 24, 20, 7][16, 28, 25][13, 18, 17][11, 25][0, 28][0, 18][15, 16][7, 28][15, 27] 
[5, 21, 2, 29, 27, 10, 6][12, 19, 8, 26, 0, 22][4, 14, 24, 20, 7][11, 3, 1, 9, 23][16, 28, 25][13, 18, 17][15, 16][7, 28][11, 25][0, 28][15, 27][0, 18] 
[5, 21, 2, 29, 27, 10, 6][12, 19, 8, 26, 0, 22][4, 14, 24, 20, 7][11, 17, 18, 13][3, 1, 23, 9][16, 28, 25][0, 28][11, 25][15, 16][7, 28][15, 27][3, 11] 
[5, 21, 2, 29, 27, 10, 6][12, 19, 8, 26, 0, 22][11, 3, 1, 9, 23][4, 14, 24, 20, 7][15, 16, 28, 25][13, 18, 17][11, 25][15, 27][7, 28][0, 28][0, 18][25, 28] 
[5, 21, 2, 29, 27, 10, 6][12, 19, 8, 26, 0, 22][4, 14, 24, 20, 7][11, 17, 18, 13][3, 1, 23, 9][16, 28, 25][15, 16][15, 27][7, 28][11, 25][3, 11][0, 28] 
[5, 21, 2, 29, 27, 10, 6][12, 19, 8, 26, 0, 22][11, 3, 1, 9, 23][4, 14, 24, 20, 7][15, 16, 28, 25][13, 18, 17][11, 25][15, 27][7, 28][0, 28][0, 18][25, 28] 
[5, 21, 2, 29, 27, 10, 6][12, 19, 8, 26, 0, 22][11, 3, 1, 9, 23][4, 14, 24, 20, 7][15, 16, 28, 25][13, 18, 17][0, 18][0, 28][15, 16][15, 27][11, 25][7, 28] 
[5, 21, 2, 29, 27, 10, 6][12, 19, 8, 26, 0, 22][4, 14, 24, 20, 7][11, 3, 1, 9, 23][15, 16, 28, 25][13, 18, 17][7, 28][11, 25][15, 27][11, 17][0, 28][1, 3] 
[5, 21, 2, 29, 27, 10, 6][12, 19, 8, 26, 0, 22][4, 14, 24, 20, 7][9, 3, 1, 23][13, 18, 17][3, 11, 25][16, 28, 25][0, 18][11, 17][15, 16][7, 28][15, 27] 
[5, 21, 2, 29, 27, 10, 6][12, 19, 8, 26, 0, 22][4, 14, 24, 20, 7][9, 3, 1, 23][16, 28, 25][3, 11, 25][13, 18, 17][15, 27][15, 16][11, 17][7, 28][0, 18] 
[5, 21, 2, 29, 27, 10, 6][12, 19, 8, 26, 0, 22][4, 14, 24, 20, 7][9, 3, 1, 23][13, 18, 17][3, 11, 25][16, 28, 25][11, 17][15, 16][15, 27][0, 18][7, 28] 
[5, 21, 2, 29, 27, 10, 6][12, 19, 8, 26, 0, 22][4, 14, 24, 20, 7][9, 3, 1, 23][13, 18, 17][3, 11, 25][16, 28, 25][0, 18][11, 17][7, 28][15, 16][15, 27] 
[5, 21, 2, 29, 27, 10, 6][12, 19, 8, 26, 0, 22][4, 14, 24, 20, 7][9, 3, 1, 23][13, 18, 17][3, 11, 25][16, 28, 25][0, 18][11, 17][7, 28][15, 16][15, 27] 
[5, 21, 2, 29, 27, 10, 6][12, 19, 8, 26, 0, 22][11, 3, 1, 9, 23][4, 14, 24, 20, 7][16, 28, 25][13, 18, 17][11, 25][15, 16][0, 28][15, 27][0, 18][7, 28] 
[5, 21, 2, 29, 27, 10, 6][12, 19, 8, 26, 0, 22][4, 14, 24, 20, 7][9, 3, 1, 23][13, 18, 17][3, 11, 25][16, 28, 25][11, 17][15, 16][7, 28][0, 18][15, 27] 
