[8, 12, 19, 22, 17, 18, 0, 26][11, 25, 28, 16, 15][1, 3, 24, 7, 27][14, 9, 23, 4, 20][5, 6, 13][21, 10, 29][13, 18][5, 21][2, 29][2, 15][2, 27][1, 9] 
[8, 12, 19, 22, 17, 18, 0, 26][14, 9, 23, 4, 20][1, 3, 24, 7, 27][5, 21, 10, 29][11, 25, 28, 16][15, 2, 29][1, 9][2, 27][15, 16][5, 6][6, 13][13, 18] 
[8, 12, 19, 22, 17, 18, 0, 26][14, 9, 23, 4, 20][3, 24, 7, 27][11, 25, 28, 16][5, 6, 13][5, 21, 10][2, 27, 10][15, 2, 29][15, 16][1, 3][13, 18][1, 9] 
[8, 12, 19, 22, 17, 18, 0, 26][14, 9, 23, 4, 20][3, 24, 7, 27][11, 25, 28, 16][5, 21, 10][2, 27, 10][5, 6, 13][15, 2, 29][13, 18][15, 16][1, 3][1, 9] 
[8, 12, 19, 22, 17, 18, 0, 26][1, 3, 24, 7, 27][14, 9, 23, 4, 20][6, 5, 21, 10][11, 25, 28, 16][15, 2, 29][2, 27][10, 29][15, 16][6, 13][13, 18][1, 9] 
[8, 12, 19, 22, 17, 18, 0, 26][1, 3, 24, 7, 27][14, 9, 23, 4, 20][11, 25, 28, 16][5, 6, 13][5, 21, 10][15, 2, 29][13, 18][10, 29][15, 16][2, 27][1, 9] 
[8, 12, 19, 22, 17, 18, 0, 26][1, 3, 24, 7, 27][14, 9, 23, 4, 20][11, 25, 28, 16][15, 2, 29][5, 21, 10][5, 6, 13][15, 16][2, 27][10, 29][1, 9][13, 18] 
[8, 12, 19, 22, 17, 18, 0, 26][1, 3, 24, 7, 27][14, 9, 23, 4, 20][6, 5, 21, 10][11, 25, 28, 16][15, 2, 29][13, 18][6, 13][10, 29][15, 16][2, 27][1, 9] 
[8, 12, 19, 22, 17, 18, 0, 26][1, 3, 24, 7, 27][14, 9, 23, 4, 20][11, 25, 28, 16][5, 6, 13][5, 21, 10][15, 2, 29][13, 18][10, 29][15, 16][2, 27][1, 9] 
[8, 12, 19, 22, 17, 18, 0, 26][1, 3, 24, 7, 27][14, 9, 23, 4, 20][6, 5, 21, 10][11, 25, 28, 16][15, 2, 29][13, 18][6, 13][10, 29][2, 27][15, 16][1, 9] 
[8, 12, 19, 22, 17, 18, 0, 26][1, 3, 24, 7, 27][11, 25, 28, 16, 15][14, 9, 23, 4, 20][5, 6, 13][21, 10, 29][13, 18][5, 21][2, 29][2, 27][2, 15][1, 9] 
[8, 12, 19, 22, 17, 18, 0, 26][1, 3, 24, 7, 27][14, 9, 23, 4, 20][5, 21, 10, 29][11, 25, 28, 16][15, 2, 29][13, 18][6, 13][5, 6][15, 16][2, 27][1, 9] 
[8, 12, 19, 22, 17, 18, 0, 26][14, 9, 23, 4, 20][3, 24, 7, 27][11, 25, 28, 16][2, 27, 10][15, 2, 29][5, 21, 10][5, 6, 13][1, 3][15, 16][1, 9][13, 18] 
[8, 12, 19, 22, 17, 18, 0, 26][1, 3, 24, 7, 27][14, 9, 23, 4, 20][11, 25, 28, 16][21, 10, 29][15, 2, 29][6, 5, 21][2, 27][1, 9][6, 13][13, 18][15, 16] 
[8, 12, 19, 22, 17, 18, 0, 26][1, 3, 24, 7, 27][14, 9, 23, 4, 20][11, 25, 28, 16][15, 2, 29][5, 21, 10][5, 6, 13][15, 16][2, 27][10, 29][1, 9][13, 18] 
[8, 12, 19, 22, 17, 18, 0, 26][1, 3, 24, 7, 27][14, 9, 23, 4, 20][6, 5, 21, 10][11, 25, 28, 16][15, 2, 29][13, 18][6, 13][10, 29][15, 16][2, 27][1, 9] 
[8, 12, 19, 22, 17, 18, 0, 26][11, 25, 28, 16, 15][1, 3, 24, 7, 27][14, 9, 23, 4, 20][21, 10, 29][5, 6, 13][2, 29][2, 15][2, 27][1, 9][5, 21][13, 18] 
[8, 12, 19, 22, 17, 18, 0, 26][14, 9, 23, 4, 20][1, 3, 24, 7, 27][5, 21, 10, 29][11, 25, 28, 16][15, 2, 29][1, 9][2, 27][5, 6][6, 13][13, 18][15, 16] 
[8, 12, 19, 22, 17, 18, 0, 26][1, 3, 24, 7, 27][14, 9, 23, 4, 20][11, 25, 28, 16][15, 2, 29][21, 10, 29][6, 5, 21][2, 27][1, 9][6, 13][13, 18][15, 16] 
[8, 12, 19, 22, 17, 18, 0, 26][11, 25, 28, 16, 15][1, 3, 24, 7, 27][14, 9, 23, 4, 20][21, 10, 29][5, 6, 13][2, 29][2, 15][2, 27][1, 9][5, 21][13, 18] 
[8, 12, 19, 22, 17, 18, 0, 26][11, 25, 28, 16, 15][1, 3, 24, 7, 27][14, 9, 23, 4, 20][5, 6, 13][21, 10, 29][13, 18][5, 21][2, 29][2, 15][2, 27][1, 9] 
[8, 12, 19, 22, 17, 18, 0, 26][1, 3, 24, 7, 27][14, 9, 23, 4, 20][5, 21, 10, 29][11, 25, 28, 16][15, 2, 29][6, 13][2, 27][1, 9][13, 18][15, 16][5, 6] 
[8, 12, 19, 22, 17, 18, 0, 26][14, 9, 23, 4, 20][3, 24, 7, 27][11, 25, 28, 16][2, 27, 10][15, 2, 29][5, 21, 10][5, 6, 13][1, 9][1, 3][13, 18][15, 16] 
[8, 12, 19, 22, 17, 18, 0, 26][1, 3, 24, 7, 27][14, 9, 23, 4, 20][11, 25, 28, 16][15, 2, 29][21, 10, 29][6, 5, 21][2, 27][1, 9][6, 13][13, 18][15, 16] 
[8, 12, 19, 22, 17, 18, 0, 26][1, 3, 24, 7, 27][14, 9, 23, 4, 20][11, 25, 28, 16][5, 6, 13][5, 21, 10][15, 2, 29][13, 18][10, 29][2, 27][1, 9][15, 16] 
[8, 12, 19, 22, 17, 18, 0, 26][1, 3, 24, 7, 27][14, 9, 23, 4, 20][11, 25, 28, 16][6, 5, 21, 10][15, 2, 29][15, 16][10, 29][2, 27][1, 9][6, 13][13, 18] 
[8, 12, 19, 22, 17, 18, 0, 26][1, 3, 24, 7, 27][11, 25, 28, 16, 15][14, 9, 23, 4, 20][5, 6, 13][21, 10, 29][13, 18][5, 21][2, 29][2, 27][2, 15][1, 9] 
[8, 12, 19, 22, 17, 18, 0, 26][14, 9, 23, 4, 20][1, 3, 24, 7, 27][5, 21, 10, 29][11, 25, 28, 16][15, 2, 29][1, 9][2, 27][5, 6][15, 16][6, 13][13, 18] 
[8, 12, 19, 22, 17, 18, 0, 26][1, 3, 24, 7, 27][14, 9, 23, 4, 20][11, 25, 28, 16][6, 5, 21][21, 10, 29][15, 2, 29][6, 13][13, 18][15, 16][2, 27][1, 9] 
[8, 12, 19, 22, 17, 18, 0, 26][1, 3, 24, 7, 27][14, 9, 23, 4, 20][11, 25, 28, 16, 15][21, 10, 29][5, 6, 13][2, 27][2, 29][5, 21][1, 9][2, 15][13, 18] 
[8, 12, 19, 22, 17, 18, 0, 26][1, 3, 24, 7, 27][14, 9, 23, 4, 20][11, 25, 28, 16, 15][21, 10, 29][5, 6, 13][2, 27][1, 9][2, 29][2, 15][5, 21][13, 18] 
[8, 12, 19, 22, 17, 18, 0, 26][1, 3, 24, 7, 27][14, 9, 23, 4, 20][5, 21, 10, 29][11, 25, 28, 16][15, 2, 29][13, 18][6, 13][5, 6][2, 27][15, 16][1, 9] 
[8, 12, 19, 22, 17, 18, 0, 26][1, 3, 24, 7, 27][14, 9, 23, 4, 20][11, 25, 28, 16][6, 5, 21][21, 10, 29][15, 2, 29][6, 13][13, 18][15, 16][2, 27][1, 9] 
[8, 12, 19, 22, 17, 18, 0, 26][1, 3, 24, 7, 27][11, 25, 28, 16, 15][14, 9, 23, 4, 20][5, 6, 13][21, 10, 29][5, 21][13, 18][2, 29][2, 27][2, 15][1, 9] 
[8, 12, 19, 22, 17, 18, 0, 26][1, 3, 24, 7, 27][14, 9, 23, 4, 20][11, 25, 28, 16, 15][21, 10, 29][5, 6, 13][2, 27][1, 9][2, 29][2, 15][5, 21][13, 18] 
[0, 13, 6, 16, 10, 21, 5, 15, 2, 7, 28][11, 3, 1, 9, 14, 20, 4, 24, 7, 25][8, 12, 19, 22, 17, 18, 0, 26][2, 27][1, 3][10, 29][1, 9][9, 23][9, 14][9, 14][1, 3][6, 13] 
[0, 13, 6, 16, 10, 21, 5, 15, 2, 7, 28][11, 3, 1, 9, 14, 20, 4, 24, 7, 25][8, 12, 19, 22, 17, 18, 0, 26][2, 27][1, 3][10, 29][9, 23][6, 13][1, 3][1, 3][1, 3][10, 21] 
[0, 13, 6, 16, 10, 21, 5, 15, 2, 7, 28][11, 3, 1, 9, 14, 20, 4, 24, 7, 25][8, 12, 19, 22, 17, 18, 0, 26][2, 27][1, 3][10, 29][9, 23][6, 13][1, 3][1, 3][1, 3][10, 21] 
[0, 13, 6, 16, 10, 21, 5, 15, 2, 7][8, 12, 19, 22, 17, 18, 0, 26][3, 1, 9, 14, 20, 4, 24, 7][11, 25, 28, 16][2, 15][2, 27][10, 29][9, 23][6, 13][9, 14][9, 14][9, 14] 
[0, 13, 6, 16, 10, 21, 5, 15, 2, 7][8, 12, 19, 22, 17, 18, 0, 26][3, 1, 9, 14, 20, 4, 24, 7][11, 25, 28, 16][2, 15][2, 27][10, 29][9, 23][6, 13][9, 14][9, 14][9, 14] 
[22, 18, 17, 11, 3, 1, 9, 14, 20, 4, 24, 7, 25][2, 15, 5, 21, 10, 16, 6, 13, 0, 12, 19, 8][16, 28, 25][10, 21][7, 27][10, 29][9, 23][0, 26][1, 3][9, 14][9, 14][9, 14] 
[0, 13, 6, 16, 10, 21, 5, 15, 2, 7, 28][11, 3, 1, 9, 14, 20, 4, 24, 7, 25][8, 12, 19, 22, 17, 18, 0, 26][9, 14][9, 23][10, 29][2, 27][1, 9][1, 3][6, 13][2, 15][6, 13] 
[0, 13, 6, 16, 10, 21, 5, 15, 2, 7, 28][11, 3, 1, 9, 14, 20, 4, 24, 7, 25][8, 12, 19, 22, 17, 18, 0, 26][2, 27][9, 23][10, 29][1, 3][6, 13][1, 3][1, 3][1, 9][6, 13] 
[0, 13, 6, 16, 10, 21, 5, 15, 2, 7][8, 12, 19, 22, 17, 18, 0, 26][3, 1, 9, 14, 20, 4, 24, 7][11, 25, 28, 16][6, 13][10, 29][2, 27][9, 23][2, 15][2, 15][10, 21][9, 14] 
[0, 13, 6, 16, 10, 21, 5, 15, 2, 7, 28][11, 3, 1, 9, 14, 20, 4, 24, 7, 25][8, 12, 19, 22, 17, 18, 0, 26][2, 27][10, 29][9, 23][2, 15][6, 13][10, 21][2, 15][9, 14][1, 3] 
[0, 13, 6, 16, 10, 21, 5, 15, 2, 7, 28][11, 3, 1, 9, 14, 20, 4, 24, 7, 25][8, 12, 19, 22, 17, 18, 0, 26][9, 14][9, 23][10, 29][2, 27][1, 9][1, 3][6, 13][2, 15][6, 13] 
[0, 13, 6, 16, 10, 21, 5, 15, 2, 7, 28][11, 3, 1, 9, 14, 20, 4, 24, 7, 25][8, 12, 19, 22, 17, 18, 0, 26][1, 3][1, 3][10, 29][9, 23][1, 9][6, 13][2, 15][2, 27][1, 3] 
[0, 13, 6, 16, 10, 21, 5, 15, 2, 7][8, 12, 19, 22, 17, 18, 0, 26][3, 1, 9, 14, 20, 4, 24, 7][11, 25, 28, 16][6, 13][10, 29][2, 27][9, 23][2, 15][2, 15][10, 21][9, 14] 
[0, 13, 6, 16, 10, 21, 5, 15, 2, 7, 28][11, 3, 1, 9, 14, 20, 4, 24, 7, 25][8, 12, 19, 22, 17, 18, 0, 26][1, 3][10, 29][9, 23][2, 27][1, 9][1, 3][2, 15][1, 3][9, 14] 
[0, 13, 6, 16, 10, 21, 5, 15, 2, 7, 28][11, 3, 1, 9, 14, 20, 4, 24, 7, 25][8, 12, 19, 22, 17, 18, 0, 26][1, 3][10, 29][9, 23][2, 27][1, 9][1, 3][2, 15][1, 3][9, 14] 
[8, 19, 12, 0, 13, 6, 16, 10, 21, 5, 15, 2, 7, 28][22, 18, 17, 11, 3, 1, 9, 14, 20, 4, 24, 7, 25][9, 23][9, 14][0, 26][2, 27][10, 29][7, 24][1, 3][7, 24][9, 14][9, 14] 
[8, 19, 12, 0, 13, 6, 16, 10, 21, 5, 15, 2, 7, 28][22, 18, 17, 11, 3, 1, 9, 14, 20, 4, 24, 7, 25][10, 29][10, 21][1, 3][9, 14][0, 26][7, 24][9, 14][9, 14][9, 23][2, 27] 
[0, 13, 6, 16, 10, 21, 5, 15, 2, 7, 28][11, 3, 1, 9, 14, 20, 4, 24, 7, 25][8, 12, 19, 22, 17, 18, 0, 26][18, 0, 26][2, 27][1, 3][10, 29][1, 9][9, 14][9, 23][2, 15][1, 3] 
[8, 19, 12, 0, 13, 6, 16, 10, 21, 5, 15, 2, 7, 28][22, 18, 17, 11, 3, 1, 9, 14, 20, 4, 24, 7, 25][1, 3][0, 26][10, 29][1, 9][9, 23][9, 14][2, 27][7, 24][9, 14][7, 24] 
[8, 19, 12, 0, 13, 6, 16, 10, 21, 5, 15, 2, 7, 28][22, 18, 17, 11, 3, 1, 9, 14, 20, 4, 24, 7, 25][6, 13][10, 21][1, 3][10, 29][0, 26][9, 23][1, 3][2, 27][1, 3][2, 15] 
[8, 19, 12, 0, 13, 6, 16, 10, 21, 5, 15, 2, 7, 28][22, 18, 17, 11, 3, 1, 9, 14, 20, 4, 24, 7, 25][10, 29][1, 3][9, 23][0, 26][6, 13][2, 15][6, 13][9, 14][2, 27][9, 14] 
[8, 12, 19, 22, 17, 18, 0, 26][1, 3, 24, 7, 27][14, 9, 23, 4, 20][6, 5, 21, 10][11, 25, 28, 16][15, 2, 29][1, 9][2, 27][10, 29][6, 13][13, 18][15, 16] 
[8, 12, 19, 22, 17, 18, 0, 26][14, 9, 23, 4, 20][1, 3, 24, 7, 27][11, 25, 28, 16][6, 5, 21, 10][15, 2, 29][1, 9][2, 27][15, 16][10, 29][6, 13][13, 18] 
[8, 12, 19, 22, 17, 18, 0, 26][1, 3, 24, 7, 27][14, 9, 23, 4, 20][6, 5, 21, 10][11, 25, 28, 16][15, 2, 29][2, 27][10, 29][15, 16][1, 9][6, 13][13, 18] 
[8, 12, 19, 22, 17, 18, 0, 26][1, 3, 24, 7, 27][14, 9, 23, 4, 20][11, 25, 28, 16][6, 5, 21, 10][15, 2, 29][2, 27][15, 16][1, 9][10, 29][6, 13][13, 18] 
[8, 12, 19, 22, 17, 18, 0, 26][14, 9, 23, 4, 20][1, 3, 24, 7, 27][11, 25, 28, 16][6, 5, 21, 10][15, 2, 29][1, 9][2, 27][15, 16][10, 29][6, 13][13, 18] 
[8, 12, 19, 22, 17, 18, 0, 26][1, 3, 24, 7, 27][14, 9, 23, 4, 20][11, 25, 28, 16][6, 5, 21, 10][15, 2, 29][15, 16][10, 29][2, 27][1, 9][6, 13][13, 18] 
[8, 12, 19, 22, 17, 18, 0, 26][1, 3, 24, 7, 27][14, 9, 23, 4, 20][6, 5, 21, 10][11, 25, 28, 16][15, 2, 29][2, 27][10, 29][15, 16][6, 13][13, 18][1, 9] 
[8, 12, 19, 22, 17, 18, 0, 26][1, 3, 24, 7, 27][14, 9, 23, 4, 20][6, 5, 21, 10][11, 25, 28, 16][15, 2, 29][2, 27][10, 29][15, 16][1, 9][6, 13][13, 18] 
[8, 12, 19, 22, 17, 18, 0, 26][1, 3, 24, 7, 27][14, 9, 23, 4, 20][11, 25, 28, 16][6, 5, 21, 10][15, 2, 29][15, 16][2, 27][1, 9][10, 29][6, 13][13, 18] 
[8, 12, 19, 22, 17, 18, 0, 26][1, 3, 24, 7, 27][14, 9, 23, 4, 20][6, 5, 21, 10][11, 25, 28, 16][15, 2, 29][10, 29][2, 27][1, 9][6, 13][13, 18][15, 16] 
[8, 12, 19, 22, 17, 18, 0, 26][1, 3, 24, 7, 27][14, 9, 23, 4, 20][6, 5, 21, 10][11, 25, 28, 16][15, 2, 29][10, 29][2, 27][1, 9][6, 13][15, 16][13, 18] 
[8, 12, 19, 22, 17, 18, 0, 26][14, 9, 23, 4, 20][1, 3, 24, 7, 27][11, 25, 28, 16][6, 5, 21, 10][15, 2, 29][1, 9][2, 27][15, 16][10, 29][6, 13][13, 18] 
[8, 12, 19, 22, 17, 18, 0, 26][14, 9, 23, 4, 20][1, 3, 24, 7, 27][11, 25, 28, 16][6, 5, 21, 10][15, 2, 29][1, 9][2, 27][15, 16][10, 29][6, 13][13, 18] 
[8, 12, 19, 22, 17, 18, 0, 26][1, 3, 24, 7, 27][14, 9, 23, 4, 20][11, 25, 28, 16][6, 5, 21, 10][15, 2, 29][15, 16][2, 27][10, 29][1, 9][6, 13][13, 18] 
[8, 12, 19, 22, 17, 18, 0, 26][1, 3, 24, 7, 27][14, 9, 23, 4, 20][6, 5, 21, 10][11, 25, 28, 16][15, 2, 29][10, 29][2, 27][1, 9][6, 13][15, 16][13, 18] 
[8, 12, 19, 22, 17, 18, 0, 26][14, 9, 23, 4, 20][1, 3, 24, 7, 27][11, 25, 28, 16, 15][21, 10, 29][5, 6, 13][1, 9][2, 27][2, 15][2, 29][5, 21][13, 18] 
[8, 12, 19, 22, 17, 18, 0, 26][11, 25, 28, 16, 15][1, 3, 24, 7, 27][14, 9, 23, 4, 20][5, 6, 13][21, 10, 29][5, 21][13, 18][2, 29][2, 15][2, 27][1, 9] 
[8, 12, 19, 22, 17, 18, 0, 26][1, 3, 24, 7, 27][11, 25, 28, 16, 15][14, 9, 23, 4, 20][5, 6, 13][21, 10, 29][13, 18][5, 21][2, 29][2, 27][2, 15][1, 9] 
[8, 12, 19, 22, 17, 18, 0, 26][11, 25, 28, 16, 15][1, 3, 24, 7, 27][14, 9, 23, 4, 20][21, 10, 29][5, 6, 13][2, 29][2, 15][2, 27][1, 9][5, 21][13, 18] 
[8, 12, 19, 22, 17, 18, 0, 26][11, 25, 28, 16, 15][1, 3, 24, 7, 27][14, 9, 23, 4, 20][21, 10, 29][5, 6, 13][2, 29][2, 15][2, 27][1, 9][5, 21][13, 18] 
[8, 12, 19, 22, 17, 18, 0, 26][11, 25, 28, 16, 15][1, 3, 24, 7, 27][14, 9, 23, 4, 20][6, 5, 21, 10][21, 10, 29][2, 15][2, 27][1, 9][2, 29][6, 13][13, 18] 
[8, 12, 19, 22, 17, 18, 0, 26][14, 9, 23, 4, 20][1, 3, 24, 7, 27][6, 5, 21, 10][11, 25, 28, 16][15, 2, 29][1, 9][2, 27][10, 29][6, 13][15, 16][13, 18] 
[8, 12, 19, 22, 17, 18, 0, 26][14, 9, 23, 4, 20][1, 3, 24, 7, 27][6, 5, 21, 10][11, 25, 28, 16][15, 2, 29][1, 9][2, 27][10, 29][6, 13][15, 16][13, 18] 
[8, 12, 19, 22, 17, 18, 0, 26][1, 3, 24, 7, 27][14, 9, 23, 4, 20][11, 25, 28, 16][6, 5, 21, 10][15, 2, 29][15, 16][10, 29][2, 27][1, 9][6, 13][13, 18] 
[8, 12, 19, 22, 17, 18, 0, 26][1, 3, 24, 7, 27][14, 9, 23, 4, 20][11, 25, 28, 16][6, 5, 21, 10][15, 2, 29][1, 9][2, 27][15, 16][10, 29][6, 13][13, 18] 
[8, 12, 19, 22, 17, 18, 0, 26][14, 9, 23, 4, 20][1, 3, 24, 7, 27][11, 25, 28, 16][6, 5, 21, 10][15, 2, 29][1, 9][2, 27][15, 16][10, 29][6, 13][13, 18] 
[8, 12, 19, 22, 17, 18, 0, 26][1, 3, 24, 7, 27][14, 9, 23, 4, 20][11, 25, 28, 16][6, 5, 21, 10][15, 2, 29][1, 9][2, 27][15, 16][10, 29][6, 13][13, 18] 
[8, 12, 19, 22, 17, 18, 0, 26][1, 3, 24, 7, 27][14, 9, 23, 4, 20][6, 5, 21, 10][11, 25, 28, 16][15, 2, 29][10, 29][6, 13][15, 16][2, 27][13, 18][1, 9] 
[8, 12, 19, 22, 17, 18, 0, 26][11, 25, 28, 16, 15][1, 3, 24, 7, 27][14, 9, 23, 4, 20][5, 6, 13][21, 10, 29][13, 18][5, 21][2, 29][2, 15][2, 27][1, 9] 
[8, 12, 19, 22, 17, 18, 0, 26][11, 25, 28, 16, 15][1, 3, 24, 7, 27][14, 9, 23, 4, 20][21, 10, 29][5, 6, 13][2, 15][2, 29][5, 21][2, 27][1, 9][13, 18] 
[8, 12, 19, 22, 17, 18, 0, 26][14, 9, 23, 4, 20][1, 3, 24, 7, 27][11, 25, 28, 16, 15][21, 10, 29][5, 6, 13][1, 9][2, 27][2, 15][2, 29][5, 21][13, 18] 
[8, 12, 19, 22, 17, 18, 0, 26][1, 3, 24, 7, 27][11, 25, 28, 16, 15][14, 9, 23, 4, 20][21, 10, 29][5, 6, 13][2, 29][2, 27][2, 15][1, 9][5, 21][13, 18] 
[8, 12, 19, 22, 17, 18, 0, 26][14, 9, 23, 4, 20][1, 3, 24, 7, 27][11, 25, 28, 16, 15][21, 10, 29][5, 6, 13][1, 9][2, 27][2, 15][2, 29][5, 21][13, 18] 
[8, 12, 19, 22, 17, 18, 0, 26][14, 9, 23, 4, 20][1, 3, 24, 7, 27][11, 25, 28, 16, 15][21, 10, 29][5, 6, 13][1, 9][2, 27][2, 29][5, 21][2, 15][13, 18] 
[8, 12, 19, 22, 17, 18, 0, 26][1, 3, 24, 7, 27][14, 9, 23, 4, 20][11, 25, 28, 16, 15][21, 10, 29][5, 6, 13][2, 27][2, 29][5, 21][1, 9][2, 15][13, 18] 
[8, 12, 19, 22, 17, 18, 0, 26][14, 9, 23, 4, 20][1, 3, 24, 7, 27][11, 25, 28, 16, 15][21, 10, 29][5, 6, 13][1, 9][2, 27][2, 15][2, 29][5, 21][13, 18] 
[8, 12, 19, 22, 17, 18, 0, 26][14, 9, 23, 4, 20][1, 3, 24, 7, 27][11, 25, 28, 16, 15][21, 10, 29][5, 6, 13][1, 9][2, 27][2, 29][5, 21][2, 15][13, 18] 
[8, 12, 19, 22, 17, 18, 0, 26][11, 25, 28, 16, 15][1, 3, 24, 7, 27][14, 9, 23, 4, 20][5, 6, 13][21, 10, 29][5, 21][13, 18][2, 29][2, 15][2, 27][1, 9] 
[8, 12, 19, 22, 17, 18, 0, 26][1, 3, 24, 7, 27][11, 25, 28, 16, 15][14, 9, 23, 4, 20][5, 6, 13][21, 10, 29][5, 21][13, 18][2, 29][2, 27][2, 15][1, 9] 
[8, 12, 19, 22, 17, 18, 0, 26][11, 25, 28, 16, 15][1, 3, 24, 7, 27][14, 9, 23, 4, 20][21, 10, 29][5, 6, 13][2, 15][2, 29][5, 21][2, 27][1, 9][13, 18] 
[8, 12, 19, 22, 17, 18, 0, 26][1, 3, 24, 7, 27][11, 25, 28, 16, 15][14, 9, 23, 4, 20][21, 10, 29][5, 6, 13][2, 29][2, 27][2, 15][1, 9][5, 21][13, 18] 
[8, 12, 19, 22, 17, 18, 0, 26][11, 25, 28, 16, 15][1, 3, 24, 7, 27][14, 9, 23, 4, 20][5, 6, 13][21, 10, 29][5, 21][13, 18][2, 29][2, 15][2, 27][1, 9] 
[8, 12, 19, 22, 17, 18, 0, 26][11, 25, 28, 16, 15][1, 3, 24, 7, 27][14, 9, 23, 4, 20][21, 10, 29][5, 6, 13][2, 29][2, 15][2, 27][1, 9][5, 21][13, 18] 
[8, 12, 19, 22, 17, 18, 0, 26][14, 9, 23, 4, 20][1, 3, 24, 7, 27][11, 25, 28, 16, 15][5, 21, 10, 29][5, 6, 13][1, 9][2, 27][2, 15][2, 29][13, 18][7, 24] 
[8, 12, 19, 22, 17, 18, 0, 26][1, 3, 24, 7, 27][14, 9, 23, 4, 20][11, 25, 28, 16, 15][5, 21, 10, 29][5, 6, 13][7, 24][2, 27][1, 9][2, 15][2, 29][13, 18] 
[8, 12, 19, 22, 17, 18, 0, 26][1, 3, 24, 7, 27][14, 9, 23, 4, 20][11, 25, 28, 16, 15][5, 21, 10, 29][5, 6, 13][7, 24][2, 27][1, 9][2, 15][2, 29][13, 18] 
[8, 12, 19, 22, 17, 18, 0, 26][1, 3, 24, 7, 27][14, 9, 23, 4, 20][11, 25, 28, 16, 15][5, 21, 10, 29][5, 6, 13][7, 24][2, 27][1, 9][2, 29][13, 18][2, 15] 
[8, 12, 19, 22, 17, 18, 0, 26][1, 3, 24, 7, 27][14, 9, 23, 4, 20][11, 25, 28, 16, 15][5, 21, 10, 29][5, 6, 13][7, 24][1, 9][2, 27][2, 15][2, 29][13, 18] 
[8, 12, 19, 22, 17, 18, 0, 26][11, 25, 28, 16, 15][1, 3, 24, 7, 27][14, 9, 23, 4, 20][5, 21, 10, 29][5, 6, 13][15, 2, 29][13, 18][2, 27][1, 9][7, 24][7, 24] 
[8, 12, 19, 22, 17, 18, 0, 26][1, 3, 24, 7, 27][14, 9, 23, 4, 20][11, 25, 28, 16][6, 5, 21, 10][15, 2, 29][2, 27][15, 16][1, 9][10, 29][6, 13][13, 18] 
[8, 12, 19, 22, 17, 18, 0, 26][1, 3, 24, 7, 27][14, 9, 23, 4, 20][11, 25, 28, 16][6, 5, 21, 10][15, 2, 29][15, 16][2, 27][10, 29][1, 9][6, 13][13, 18] 
[8, 12, 19, 22, 17, 18, 0, 26][1, 3, 24, 7, 27][14, 9, 23, 4, 20][6, 5, 21, 10][11, 25, 28, 16][15, 2, 29][2, 27][10, 29][15, 16][1, 9][6, 13][13, 18] 
[8, 12, 19, 22, 17, 18, 0, 26][1, 3, 24, 7, 27][14, 9, 23, 4, 20][11, 25, 28, 16][6, 5, 21, 10][15, 2, 29][15, 16][2, 27][10, 29][1, 9][6, 13][13, 18] 
[8, 12, 19, 22, 17, 18, 0, 26][1, 3, 24, 7, 27][14, 9, 23, 4, 20][11, 25, 28, 16][6, 5, 21, 10][15, 2, 29][15, 16][10, 29][2, 27][1, 9][6, 13][13, 18] 
[8, 12, 19, 22, 17, 18, 0, 26][11, 25, 28, 16, 15][1, 3, 24, 7, 27][14, 9, 23, 4, 20][5, 6, 13][21, 10, 29][5, 21][13, 18][2, 29][2, 15][2, 27][1, 9] 
[8, 12, 19, 22, 17, 18, 0, 26][14, 9, 23, 4, 20][1, 3, 24, 7, 27][11, 25, 28, 16][6, 5, 21, 10][15, 2, 29][1, 9][2, 27][15, 16][10, 29][6, 13][13, 18] 
