[8, 26, 0, 19, 17, 22, 12][1, 3, 9, 23, 24, 20][2, 29, 27, 16][4, 7, 28, 25][5, 15, 10, 21][6, 13, 18][14, 11, 25][6, 16][7, 16][0, 18][1, 14][10, 16] 
[8, 26, 0, 19, 17, 22, 12][1, 3, 9, 23, 24, 20][4, 7, 28, 25][2, 29, 27, 16][5, 15, 10, 21][14, 11, 25][6, 13, 18][7, 16][1, 14][6, 16][0, 18][10, 16] 
[8, 26, 0, 19, 17, 22, 12][23, 9, 3, 1, 24][4, 7, 28, 25][2, 29, 27, 16][5, 15, 10, 21][14, 11, 25][16, 7, 20][6, 13, 18][6, 16][10, 16][20, 24][0, 18] 
[8, 26, 0, 19, 17, 22, 12][1, 3, 9, 23, 24][2, 29, 27, 16][4, 7, 28, 25][5, 15, 10, 21][6, 13, 18][16, 7, 20][14, 11, 25][0, 18][6, 16][10, 16][20, 24] 
[8, 26, 0, 19, 17, 22, 12][20, 24, 1, 3, 9, 23][2, 29, 27, 16][4, 7, 28, 25][5, 15, 10, 21][6, 13, 18][14, 11, 25][6, 16][7, 16][0, 18][1, 14][10, 16] 
[8, 26, 0, 19, 17, 22, 12][20, 24, 1, 3, 9, 23][2, 29, 27, 16][4, 7, 28, 25][5, 15, 10, 21][14, 11, 25][6, 13, 18][7, 16][1, 14][6, 16][10, 16][0, 18] 
[8, 26, 0, 19, 17, 22, 12][23, 9, 3, 1, 24][4, 7, 28, 25][2, 29, 27, 16][5, 15, 10, 21][16, 7, 20][14, 11, 25][6, 13, 18][6, 16][20, 24][0, 18][10, 16] 
[8, 26, 0, 19, 17, 22, 12][20, 24, 1, 3, 9, 23][4, 7, 28, 25][2, 29, 27, 16][5, 15, 10, 21][14, 11, 25][6, 13, 18][7, 16][1, 14][6, 16][10, 16][0, 18] 
[8, 26, 0, 19, 17, 22, 12][20, 24, 1, 3, 9, 23][4, 7, 28, 25][2, 29, 27, 16][5, 15, 10, 21][14, 11, 25][6, 13, 18][1, 14][7, 16][6, 16][10, 16][0, 18] 
[8, 26, 0, 19, 17, 22, 12][20, 24, 1, 3, 9, 23][4, 7, 28, 25][2, 29, 27, 16][5, 15, 10, 21][14, 11, 25][6, 13, 18][1, 14][7, 16][6, 16][10, 16][0, 18] 
[8, 26, 0, 19, 17, 22, 12][1, 3, 9, 23, 24, 20][4, 7, 28, 25][2, 29, 27, 16][5, 15, 10, 21][14, 11, 25][6, 13, 18][1, 14][7, 16][10, 16][6, 16][0, 18] 
[8, 26, 0, 19, 17, 22, 12][1, 3, 9, 23, 24, 20][2, 29, 27, 16][4, 7, 28, 25][5, 15, 10, 21][6, 13, 18][14, 11, 25][6, 16][7, 16][0, 18][10, 16][1, 14] 
[8, 26, 0, 19, 17, 22, 12][23, 9, 3, 1, 24][4, 7, 28, 25][2, 29, 27, 16][5, 15, 10, 21][14, 11, 25][16, 7, 20][6, 13, 18][6, 16][10, 16][20, 24][0, 18] 
[8, 26, 0, 19, 17, 22, 12][20, 24, 1, 3, 9, 23][4, 7, 28, 25][2, 29, 27, 16][5, 15, 10, 21][14, 11, 25][6, 13, 18][7, 16][10, 16][1, 14][6, 16][0, 18] 
[8, 26, 0, 19, 17, 22, 12][20, 24, 1, 3, 9, 23][5, 15, 10, 21][2, 29, 27, 16][4, 7, 28, 25][14, 11, 25][6, 13, 18][10, 16][7, 16][6, 16][0, 18][1, 14] 
[8, 26, 0, 19, 17, 22, 12][20, 24, 1, 3, 9, 23][2, 29, 27, 16][5, 15, 10, 21][4, 7, 28, 25][6, 13, 18][14, 11, 25][0, 18][6, 16][10, 16][7, 16][1, 14] 
[8, 26, 0, 19, 17, 22, 12][1, 3, 9, 23, 24, 20][4, 7, 28, 25][2, 29, 27, 16][5, 15, 10, 21][14, 11, 25][6, 13, 18][1, 14][7, 16][10, 16][6, 16][0, 18] 
[8, 26, 0, 19, 17, 22, 12][1, 3, 9, 23, 24, 20][2, 29, 27, 16][4, 7, 28, 25][5, 15, 10, 21][6, 13, 18][14, 11, 25][6, 16][0, 18][7, 16][10, 16][1, 14] 
[8, 26, 0, 19, 17, 22, 12][20, 24, 1, 3, 9, 23][4, 7, 28, 25][2, 29, 27, 16][5, 15, 10, 21][14, 11, 25][6, 13, 18][1, 14][7, 16][6, 16][10, 16][0, 18] 
[8, 26, 0, 19, 17, 22, 12][1, 3, 9, 23, 24, 20][4, 7, 28, 25][2, 29, 27, 16][5, 15, 10, 21][14, 11, 25][6, 13, 18][1, 14][7, 16][6, 16][10, 16][0, 18] 
[8, 26, 0, 19, 17, 22, 12][1, 3, 9, 23, 24, 20][2, 29, 27, 16][5, 15, 10, 21][4, 7, 28, 25][6, 13, 18][14, 11, 25][0, 18][6, 16][10, 16][7, 16][1, 14] 
[8, 26, 0, 19, 17, 22, 12][1, 3, 9, 23, 24, 20][5, 15, 10, 21][2, 29, 27, 16][4, 7, 28, 25][14, 11, 25][6, 13, 18][10, 16][7, 16][1, 14][6, 16][0, 18] 
[8, 26, 0, 19, 17, 22, 12][23, 9, 3, 1, 24][4, 7, 28, 25][2, 29, 27, 16][5, 15, 10, 21][14, 11, 25][16, 7, 20][6, 13, 18][6, 16][0, 18][10, 16][20, 24] 
[8, 26, 0, 19, 17, 22, 12][20, 24, 1, 3, 9, 23][2, 29, 27, 16][4, 7, 28, 25][5, 15, 10, 21][6, 13, 18][14, 11, 25][6, 16][7, 16][0, 18][1, 14][10, 16] 
[8, 26, 0, 19, 17, 22, 12][20, 24, 1, 3, 9, 23][4, 7, 28, 25][2, 29, 27, 16][5, 15, 10, 21][14, 11, 25][6, 13, 18][1, 14][7, 16][10, 16][6, 16][0, 18] 
[8, 26, 0, 19, 17, 22, 12][20, 24, 1, 3, 9, 23][5, 15, 10, 21][2, 29, 27, 16][4, 7, 28, 25][14, 11, 25][6, 13, 18][10, 16][7, 16][6, 16][0, 18][1, 14] 
[8, 26, 0, 19, 17, 22, 12][1, 3, 9, 23, 24, 20][2, 29, 27, 16][5, 15, 10, 21][4, 7, 28, 25][6, 13, 18][14, 11, 25][0, 18][6, 16][10, 16][7, 16][1, 14] 
[8, 26, 0, 19, 17, 22, 12][1, 3, 9, 23, 24, 20][2, 29, 27, 16][4, 7, 28, 25][5, 15, 10, 21][6, 13, 18][14, 11, 25][6, 16][0, 18][7, 16][10, 16][1, 14] 
[8, 26, 0, 19, 17, 22, 12][20, 24, 1, 3, 9, 23][2, 29, 27, 16][5, 15, 10, 21][4, 7, 28, 25][6, 13, 18][14, 11, 25][0, 18][6, 16][10, 16][7, 16][1, 14] 
[8, 26, 0, 19, 17, 22, 12][1, 3, 9, 23, 24, 20][4, 7, 28, 25][2, 29, 27, 16][5, 15, 10, 21][14, 11, 25][6, 13, 18][7, 16][10, 16][6, 16][1, 14][0, 18] 
[8, 26, 0, 19, 17, 22, 12][1, 3, 9, 23, 24, 20][4, 7, 28, 25][2, 29, 27, 16][5, 15, 10, 21][14, 11, 25][6, 13, 18][1, 14][7, 16][10, 16][6, 16][0, 18] 
[8, 26, 0, 19, 17, 22, 12][1, 3, 9, 23, 24, 20][4, 7, 28, 25][2, 29, 27, 16][5, 15, 10, 21][14, 11, 25][6, 13, 18][7, 16][1, 14][6, 16][0, 18][10, 16] 
[8, 26, 0, 19, 17, 22, 12][20, 24, 1, 3, 9, 23][5, 15, 10, 21][2, 29, 27, 16][4, 7, 28, 25][14, 11, 25][6, 13, 18][10, 16][7, 16][6, 16][0, 18][1, 14] 
[8, 26, 0, 19, 17, 22, 12][1, 3, 9, 23, 24, 20][4, 7, 28, 25][2, 29, 27, 16][5, 15, 10, 21][14, 11, 25][6, 13, 18][1, 14][7, 16][10, 16][6, 16][0, 18] 
[8, 26, 0, 19, 17, 22, 12][1, 3, 9, 23, 24, 20][4, 7, 28, 25][2, 29, 27, 16][5, 15, 10, 21][14, 11, 25][6, 13, 18][7, 16][1, 14][6, 16][0, 18][10, 16] 
[19, 22, 18, 13, 0, 26, 8, 12, 17, 28, 25, 11, 14, 24][13, 6, 5, 21, 10, 27, 15, 16, 2, 29][12, 17, 28, 25, 11, 14, 24][1, 3, 9, 23, 24, 20][4, 7, 28][8, 12][14, 24][1, 3][1, 3][8, 26][14, 24][8, 12] 
[19, 22, 18, 13, 0, 26, 8, 12, 17, 28, 25, 11, 14, 24][13, 6, 5, 21, 10, 27, 15, 16, 2, 29][1, 3, 9, 23, 24][4, 7, 28][11, 14][0, 26][8, 12][20, 24][8, 12][13, 18][13, 18][13, 18] 
[19, 22, 18, 13, 0, 26, 8, 12, 17, 28, 25, 11, 14, 24][13, 6, 5, 21, 10, 27, 15, 16, 2, 29][12, 17, 28, 25, 11, 14, 24][1, 3, 9, 23, 24, 20][4, 7, 28][8, 12][14, 24][6, 13][1, 3][8, 12][8, 12][6, 13] 
[19, 22, 18, 13, 0, 26, 8, 12, 17, 28, 25, 11, 14, 24][6, 5, 21, 10, 27, 15, 16, 2, 29][1, 3, 9, 23, 24, 20][4, 7, 28][0, 26][8, 26][7, 16][8, 26][13, 18][11, 14][13, 18][11, 14] 
[19, 22, 18, 13, 0, 26, 8, 12, 17, 28, 25, 11, 14, 24][6, 5, 21, 10, 27, 15, 16, 2, 29][1, 3, 9, 23, 24, 20][4, 7, 28][0, 26][8, 26][7, 16][11, 14][8, 12][11, 14][8, 26][11, 14] 
[19, 22, 18, 13, 0, 26, 8, 12, 17, 28, 25, 11, 14, 24][6, 5, 21, 10, 27, 15, 16, 2, 29][1, 3, 9, 23, 24][4, 7, 28][11, 14][7, 20][0, 26][8, 26][0, 26][8, 12][11, 14][7, 16] 
[19, 22, 18, 13, 0, 26, 8, 12, 17, 28, 25, 11, 14, 24][13, 6, 5, 21, 10, 27, 15, 16, 2, 29][1, 3, 9, 23, 24, 20][4, 7][8, 12][0, 26][0, 26][8, 12][0, 26][11, 14][7, 28][8, 12] 
[19, 22, 18, 13, 0, 26, 8, 12, 17, 28, 25, 11, 14, 24][13, 6, 5, 21, 10, 27, 15, 16, 2, 29][1, 3, 9, 23, 24, 20][4, 7, 28][8, 26][0, 26][8, 26][8, 12][11, 14][0, 26][13, 18][0, 26] 
[19, 22, 18, 13, 0, 26, 8, 12, 17, 28, 25, 11, 14, 24][6, 5, 21, 10, 27, 15, 16, 2, 29][23, 9, 3, 1, 24][4, 7, 28][16, 7, 20][13, 18][25, 28][8, 26][0, 26][8, 12][8, 12][0, 26] 
[19, 22, 18, 13, 0, 26, 8, 12, 17, 28, 25, 11, 14, 24][13, 6, 5, 21, 10, 27, 15, 16, 2, 29][1, 3, 9, 23, 24, 20][4, 7, 28][8, 26][0, 26][8, 26][8, 12][11, 14][0, 26][13, 18][0, 26] 
[19, 22, 18, 13, 0, 26, 8, 12, 17, 28, 25, 11, 14, 24][13, 6, 5, 21, 10, 27, 15, 16, 2, 29][1, 3, 9, 23, 24][4, 7, 28][11, 14][0, 26][8, 12][20, 24][8, 12][13, 18][13, 18][13, 18] 
[19, 22, 18, 13, 0, 26, 8, 12, 17, 28, 25, 11, 14, 24][13, 6, 5, 21, 10, 27, 15, 16, 2, 29][6, 5, 21, 10, 27, 15, 16, 2, 29][1, 3, 9, 23, 24, 20][4, 7, 28][0, 26][14, 24][8, 12][8, 12][8, 26][8, 12][7, 28] 
[19, 22, 18, 13, 0, 26, 8, 12, 17, 28, 25, 11, 14, 24][6, 5, 21, 10, 27, 15, 16, 2, 29][23, 9, 3, 1, 24][4, 7, 28][16, 7, 20][13, 18][25, 28][8, 26][0, 26][8, 12][8, 12][0, 26] 
[19, 22, 18, 13, 0, 26, 8, 12, 17, 28, 25, 11, 14, 24][13, 6, 5, 21, 10, 27, 15, 16, 2, 29][1, 3, 9, 23, 24][4, 7, 28][8, 12][20, 24][5, 6][0, 26][5, 6][8, 12][8, 26][11, 14] 
[19, 22, 18, 13, 0, 26, 8, 12, 17, 28, 25, 11, 14, 24][13, 6, 5, 21, 10, 27, 15, 16, 2, 29][1, 3, 9, 23, 24][4, 7, 28][8, 12][20, 24][5, 6][0, 26][5, 6][8, 12][8, 26][11, 14] 
[19, 22, 18, 13, 0, 26, 8, 12, 17, 28, 25, 11, 14, 24][13, 6, 5, 21, 10, 27, 15, 16, 2, 29][1, 3, 9, 23, 24, 20][24, 14, 11, 25][4, 7, 28][13, 18][0, 26][8, 12][8, 26][14, 24][8, 26][0, 26] 
[19, 22, 18, 13, 0, 26, 8, 12, 17, 28, 25, 11, 14, 24][13, 6, 5, 21, 10, 27, 15, 16, 2, 29][12, 17, 28, 25, 11, 14, 24][1, 3, 9, 23, 24, 20][4, 7, 28][8, 12][14, 24][1, 3][1, 3][8, 26][14, 24][8, 12] 
[14, 11, 25, 28, 17, 12, 8, 26, 0, 13, 18, 22, 19][13, 6, 5, 21, 10, 27, 15, 16, 2, 29][1, 3, 9, 23, 24, 20][4, 7, 28, 25][1, 14][25, 28][25, 28][1, 3][4, 7][11, 14][25, 28][1, 3] 
[19, 22, 18, 13, 0, 26, 8, 12, 17, 28, 25, 11, 14, 24][13, 6, 5, 21, 10, 27, 15, 16, 2, 29][1, 3, 9, 23, 24, 20][24, 14, 11, 25][4, 7, 28][13, 18][0, 26][8, 12][8, 26][14, 24][8, 26][0, 26] 
[19, 22, 18, 13, 0, 26, 8, 12, 17, 28, 25, 11, 14, 24][13, 6, 5, 21, 10, 27, 15, 16, 2, 29][1, 3, 9, 23, 24, 20][4, 7, 28][5, 6][8, 12][11, 14][5, 6][5, 6][8, 12][11, 14][25, 28] 
[19, 22, 18, 13, 0, 26, 8, 12, 17, 28, 25, 11, 14, 24][13, 6, 5, 21, 10, 27, 15, 16, 2, 29][1, 3, 9, 23, 24, 20][4, 7, 28][11, 14][13, 18][5, 6][13, 18][5, 6][0, 26][25, 28][13, 18] 
[8, 26, 0, 19, 17, 22, 12][23, 9, 3, 1, 24][2, 29, 27, 16][4, 7, 28, 25][5, 15, 10, 21][16, 7, 20][14, 11, 25][6, 13, 18][10, 16][6, 16][0, 18][1, 14] 
[8, 26, 0, 19, 17, 22, 12][23, 9, 3, 1, 24][2, 29, 27, 16][4, 7, 28, 25][5, 15, 10, 21][6, 13, 18][16, 7, 20][14, 11, 25][0, 18][6, 16][10, 16][1, 14] 
[8, 26, 0, 19, 17, 22, 12][23, 9, 3, 1, 24][4, 7, 28, 25][2, 29, 27, 16][5, 15, 10, 21][14, 11, 25][16, 7, 20][6, 13, 18][1, 14][6, 16][0, 18][10, 16] 
[8, 26, 0, 19, 17, 22, 12][23, 9, 3, 1, 24][4, 7, 28, 25][2, 29, 27, 16][5, 15, 10, 21][16, 7, 20][14, 11, 25][6, 13, 18][1, 14][6, 16][10, 16][0, 18] 
[8, 26, 0, 19, 17, 22, 12][23, 9, 3, 1, 24][4, 7, 28, 25][2, 29, 27, 16][5, 15, 10, 21][14, 11, 25][16, 7, 20][6, 13, 18][1, 14][6, 16][0, 18][10, 16] 
[8, 26, 0, 19, 17, 22, 12][23, 9, 3, 1, 24][4, 7, 28, 25][2, 29, 27, 16][5, 15, 10, 21][14, 11, 25][16, 7, 20][6, 13, 18][1, 14][6, 16][0, 18][10, 16] 
[8, 26, 0, 19, 17, 22, 12][23, 9, 3, 1, 24][4, 7, 28, 25][2, 29, 27, 16][5, 15, 10, 21][14, 11, 25][16, 7, 20][6, 13, 18][1, 14][6, 16][0, 18][10, 16] 
[8, 26, 0, 19, 17, 22, 12][23, 9, 3, 1, 24][4, 7, 28, 25][2, 29, 27, 16][5, 15, 10, 21][14, 11, 25][16, 7, 20][6, 13, 18][1, 14][6, 16][0, 18][10, 16] 
[8, 26, 0, 19, 17, 22, 12][23, 9, 3, 1, 24][4, 7, 28, 25][2, 29, 27, 16][5, 15, 10, 21][14, 11, 25][16, 7, 20][6, 13, 18][1, 14][6, 16][0, 18][10, 16] 
[8, 26, 0, 19, 17, 22, 12][23, 9, 3, 1, 24][4, 7, 28, 25][2, 29, 27, 16][5, 15, 10, 21][16, 7, 20][14, 11, 25][6, 13, 18][1, 14][6, 16][10, 16][0, 18] 
[8, 26, 0, 19, 17, 22, 12][23, 9, 3, 1, 24][4, 7, 28, 25][2, 29, 27, 16][5, 15, 10, 21][16, 7, 20][14, 11, 25][6, 13, 18][10, 16][6, 16][1, 14][0, 18] 
[8, 26, 0, 19, 17, 22, 12][23, 9, 3, 1, 24][2, 29, 27, 16][4, 7, 28, 25][5, 15, 10, 21][6, 13, 18][16, 7, 20][14, 11, 25][0, 18][6, 16][1, 14][10, 16] 
[8, 26, 0, 19, 17, 22, 12][23, 9, 3, 1, 24][4, 7, 28, 25][2, 29, 27, 16][5, 15, 10, 21][14, 11, 25][16, 7, 20][6, 13, 18][1, 14][6, 16][10, 16][0, 18] 
[8, 26, 0, 19, 17, 22, 12][23, 9, 3, 1, 24][4, 7, 28, 25][2, 29, 27, 16][5, 15, 10, 21][16, 7, 20][14, 11, 25][6, 13, 18][10, 16][6, 16][1, 14][0, 18] 
[8, 26, 0, 19, 17, 22, 12][23, 9, 3, 1, 24][2, 29, 27, 16][4, 7, 28, 25][5, 15, 10, 21][6, 13, 18][16, 7, 20][14, 11, 25][0, 18][6, 16][10, 16][1, 14] 
[8, 26, 0, 19, 17, 22, 12][1, 3, 9, 23, 24, 20][2, 29, 27, 16][5, 15, 10, 21][4, 7, 28, 25][14, 11, 25][6, 13, 18][10, 16][7, 16][6, 16][1, 14][0, 18] 
[8, 26, 0, 19, 17, 22, 12][1, 3, 9, 23, 24, 20][4, 7, 28, 25][2, 29, 27, 16][5, 15, 10, 21][14, 11, 25][6, 13, 18][1, 14][7, 16][10, 16][6, 16][0, 18] 
[8, 26, 0, 19, 17, 22, 12][1, 3, 9, 23, 24, 20][2, 29, 27, 16][5, 15, 10, 21][4, 7, 28, 25][6, 13, 18][14, 11, 25][10, 16][6, 16][0, 18][7, 16][1, 14] 
[8, 26, 0, 19, 17, 22, 12][1, 3, 9, 23, 24, 20][2, 29, 27, 16][5, 15, 10, 21][4, 7, 28, 25][6, 13, 18][14, 11, 25][0, 18][6, 16][10, 16][7, 16][1, 14] 
[8, 26, 0, 19, 17, 22, 12][1, 3, 9, 23, 24, 20][5, 15, 10, 21][2, 29, 27, 16][4, 7, 28, 25][14, 11, 25][6, 13, 18][10, 16][7, 16][1, 14][6, 16][0, 18] 
[8, 26, 0, 19, 17, 22, 12][20, 4, 7, 28, 25][1, 3, 9, 23, 24][2, 29, 27, 16][5, 15, 10, 21][14, 11, 25][6, 13, 18][7, 16][10, 16][6, 16][0, 18][1, 14] 
[8, 26, 0, 19, 17, 22, 12][23, 9, 3, 1, 24][4, 7, 28, 25][2, 29, 27, 16][5, 15, 10, 21][14, 11, 25][16, 7, 20][6, 13, 18][1, 14][6, 16][10, 16][0, 18] 
[8, 26, 0, 19, 17, 22, 12][23, 9, 3, 1, 24][2, 29, 27, 16][4, 7, 28, 25][5, 15, 10, 21][16, 7, 20][14, 11, 25][6, 13, 18][6, 16][1, 14][0, 18][10, 16] 
[8, 26, 0, 19, 17, 22, 12][23, 9, 3, 1, 24][4, 7, 28, 25][2, 29, 27, 16][5, 15, 10, 21][14, 11, 25][16, 7, 20][6, 13, 18][1, 14][6, 16][10, 16][0, 18] 
[8, 26, 0, 19, 17, 22, 12][23, 9, 3, 1, 24][4, 7, 28, 25][2, 29, 27, 16][5, 15, 10, 21][16, 7, 20][14, 11, 25][6, 13, 18][1, 14][10, 16][6, 16][0, 18] 
[8, 26, 0, 19, 17, 22, 12][23, 9, 3, 1, 24][2, 29, 27, 16][4, 7, 28, 25][5, 15, 10, 21][6, 13, 18][16, 7, 20][14, 11, 25][0, 18][6, 16][1, 14][10, 16] 
[8, 26, 0, 19, 17, 22, 12][20, 24, 1, 3, 9, 23][4, 7, 28, 25][2, 29, 27, 16][5, 15, 10, 21][14, 11, 25][6, 13, 18][7, 16][6, 16][0, 18][1, 14][10, 16] 
[8, 26, 0, 19, 17, 22, 12][23, 9, 3, 1, 24][4, 7, 28, 25][2, 29, 27, 16][5, 15, 10, 21][16, 7, 20][14, 11, 25][6, 13, 18][1, 14][10, 16][6, 16][0, 18] 
[8, 26, 0, 19, 17, 22, 12][1, 3, 9, 23, 24, 20][2, 29, 27, 16][5, 15, 10, 21][4, 7, 28, 25][14, 11, 25][6, 13, 18][10, 16][7, 16][6, 16][1, 14][0, 18] 
[8, 26, 0, 19, 17, 22, 12][1, 3, 9, 23, 24, 20][4, 7, 28, 25][2, 29, 27, 16][5, 15, 10, 21][14, 11, 25][6, 13, 18][7, 16][10, 16][1, 14][6, 16][0, 18] 
[8, 26, 0, 19, 17, 22, 12][1, 3, 9, 23, 24, 20][4, 7, 28, 25][2, 29, 27, 16][5, 15, 10, 21][14, 11, 25][6, 13, 18][1, 14][7, 16][10, 16][6, 16][0, 18] 
[8, 26, 0, 19, 17, 22, 12][1, 3, 9, 23, 24, 20][2, 29, 27, 16][5, 15, 10, 21][4, 7, 28, 25][6, 13, 18][14, 11, 25][6, 16][0, 18][10, 16][7, 16][1, 14] 
[8, 26, 0, 19, 17, 22, 12][1, 3, 9, 23, 24, 20][4, 7, 28, 25][2, 29, 27, 16][5, 15, 10, 21][14, 11, 25][6, 13, 18][1, 14][7, 16][6, 16][10, 16][0, 18] 
[8, 26, 0, 19, 17, 22, 12][1, 3, 9, 23, 24, 20][4, 7, 28, 25][2, 29, 27, 16][5, 15, 10, 21][14, 11, 25][6, 13, 18][1, 14][7, 16][6, 16][10, 16][0, 18] 
[8, 26, 0, 19, 17, 22, 12][1, 3, 9, 23, 24, 20][5, 15, 10, 21][2, 29, 27, 16][4, 7, 28, 25][14, 11, 25][6, 13, 18][10, 16][7, 16][6, 16][0, 18][1, 14] 
[8, 26, 0, 19, 17, 22, 12][1, 3, 9, 23, 24, 20][4, 7, 28, 25][2, 29, 27, 16][5, 15, 10, 21][14, 11, 25][6, 13, 18][7, 16][1, 14][6, 16][0, 18][10, 16] 
[8, 26, 0, 19, 17, 22, 12][1, 3, 9, 23, 24, 20][4, 7, 28, 25][2, 29, 27, 16][5, 15, 10, 21][14, 11, 25][6, 13, 18][7, 16][10, 16][1, 14][6, 16][0, 18] 
[8, 26, 0, 19, 17, 22, 12][1, 3, 9, 23, 24, 20][2, 29, 27, 16][4, 7, 28, 25][5, 15, 10, 21][6, 13, 18][14, 11, 25][0, 18][6, 16][7, 16][1, 14][10, 16] 
[8, 26, 0, 19, 17, 22, 12][1, 3, 9, 23, 24, 20][4, 7, 28, 25][2, 29, 27, 16][5, 15, 10, 21][14, 11, 25][6, 13, 18][7, 16][1, 14][6, 16][0, 18][10, 16] 
[8, 26, 0, 19, 17, 22, 12][1, 3, 9, 23, 24, 20][4, 7, 28, 25][2, 29, 27, 16][5, 15, 10, 21][14, 11, 25][6, 13, 18][1, 14][7, 16][10, 16][6, 16][0, 18] 
[8, 26, 0, 19, 17, 22, 12][1, 3, 9, 23, 24, 20][4, 7, 28, 25][2, 29, 27, 16][5, 15, 10, 21][14, 11, 25][6, 13, 18][1, 14][7, 16][10, 16][6, 16][0, 18] 
[8, 26, 0, 19, 17, 22, 12][1, 3, 9, 23, 24, 20][4, 7, 28, 25][2, 29, 27, 16][5, 15, 10, 21][14, 11, 25][6, 13, 18][7, 16][10, 16][6, 16][1, 14][0, 18] 
[8, 26, 0, 19, 17, 22, 12][1, 3, 9, 23, 24, 20][2, 29, 27, 16][4, 7, 28, 25][5, 15, 10, 21][6, 13, 18][14, 11, 25][0, 18][6, 16][7, 16][1, 14][10, 16] 
[8, 26, 0, 19, 17, 22, 12][1, 3, 9, 23, 24, 20][2, 29, 27, 16][5, 15, 10, 21][4, 7, 28, 25][6, 13, 18][6, 16, 10][14, 11, 25][1, 3, 9][0, 18][7, 16][1, 14] 
[8, 26, 0, 19, 17, 22, 12][1, 3, 9, 23, 24, 20][2, 29, 27, 16][4, 7, 28, 25][5, 15, 10, 21][6, 16, 10][14, 11, 25][6, 13, 18][7, 16][0, 18][1, 14][8, 26] 
[8, 26, 0, 19, 17, 22, 12][1, 3, 9, 23, 24, 20][2, 29, 27, 16][5, 15, 10, 21][4, 7, 28, 25][6, 13, 18][6, 16, 10][14, 11, 25][0, 18][7, 16][1, 14][1, 3] 
[8, 26, 0, 19, 17, 22, 12][1, 3, 9, 23, 24, 20][2, 29, 27, 16][4, 7, 28, 25][5, 15, 10, 21][6, 16, 10][14, 11, 25][6, 13, 18][7, 16][0, 18][1, 14][8, 26] 
[8, 26, 0, 19, 17, 22, 12][1, 3, 9, 23, 24, 20][2, 29, 27, 16][5, 15, 10, 21][4, 7, 28, 25][6, 13, 18][6, 16, 10][14, 11, 25][1, 3, 9][0, 18][7, 16][1, 14] 
[8, 26, 0, 19, 17, 22, 12][1, 3, 9, 23, 24, 20][2, 29, 27, 16, 6][4, 7, 28, 25][5, 15, 10, 21][6, 13, 18][14, 11, 25][6, 16][7, 16][10, 16][0, 18][1, 14] 
[8, 26, 0, 19, 17, 22, 12][20, 24, 1, 3, 9, 23][4, 7, 28, 25][2, 29, 27, 16][5, 15, 10, 21][14, 11, 25][6, 13, 18][1, 14][7, 16][10, 16][6, 16][0, 18] 
[8, 26, 0, 19, 17, 22, 12][20, 24, 1, 3, 9, 23][4, 7, 28, 25][2, 29, 27, 16][5, 15, 10, 21][14, 11, 25][6, 13, 18][1, 14][7, 16][10, 16][6, 16][0, 18] 
[8, 26, 0, 19, 17, 22, 12][20, 24, 1, 3, 9, 23][2, 29, 27, 16][5, 15, 10, 21][4, 7, 28, 25][6, 13, 18][14, 11, 25][0, 18][6, 16][10, 16][7, 16][1, 14] 
[8, 26, 0, 19, 17, 22, 12][20, 24, 1, 3, 9, 23][4, 7, 28, 25][2, 29, 27, 16][5, 15, 10, 21][14, 11, 25][6, 13, 18][1, 14][7, 16][6, 16][10, 16][0, 18] 
[8, 26, 0, 19, 17, 22, 12][20, 24, 1, 3, 9, 23][2, 29, 27, 16][5, 15, 10, 21][4, 7, 28, 25][6, 13, 18][14, 11, 25][6, 16][10, 16][0, 18][7, 16][1, 14] 
[8, 26, 0, 19, 17, 22, 12][1, 3, 9, 23, 24, 20][5, 15, 10, 21][2, 29, 27, 16][4, 7, 28, 25][14, 11, 25][6, 13, 18][10, 16][7, 16][6, 16][0, 18][1, 14] 
[8, 26, 0, 19, 17, 22, 12][20, 24, 1, 3, 9, 23][5, 15, 10, 21][2, 29, 27, 16][4, 7, 28, 25][14, 11, 25][6, 13, 18][10, 16][7, 16][1, 14][6, 16][0, 18] 
