[10, 15, 5, 21, 6, 13][16, 27, 7, 2, 29][4, 1, 3, 9, 23][11, 14, 20, 24][12, 22, 17, 18][7, 28, 25][0, 26, 8][12, 8, 19][6, 16][0, 28][11, 25][9, 14] 
[10, 15, 5, 21, 6, 13][4, 1, 3, 9, 23][16, 27, 7, 2, 29][11, 14, 20, 24][0, 26, 8, 19][12, 22, 17, 18][7, 28, 25][14, 23][11, 25][0, 28][12, 19][6, 16] 
[10, 15, 5, 21, 6, 13][16, 27, 7, 2, 29][4, 1, 3, 9, 23][12, 22, 17, 18][0, 26, 8, 19][11, 14, 20, 24][7, 28, 25][13, 18][12, 19][0, 28][11, 25][14, 23] 
[10, 15, 5, 21, 6, 13][16, 27, 7, 2, 29][4, 1, 3, 9, 23][12, 22, 17, 18][0, 26, 8, 19][11, 14, 20, 24][7, 28, 25][13, 18][12, 19][0, 28][11, 25][14, 23] 
[10, 15, 5, 21, 6, 13][16, 27, 7, 2, 29][4, 1, 3, 9, 23][0, 26, 8, 19][12, 22, 17, 18][11, 14, 20, 24][7, 28, 25][12, 19][0, 28][11, 25][9, 14][6, 16] 
[10, 15, 5, 21, 6, 13][16, 27, 7, 2, 29][4, 1, 3, 9, 23][11, 14, 20, 24][0, 26, 8, 19][12, 22, 17, 18][7, 28, 25][11, 25][6, 16][14, 23][0, 28][12, 19] 
[10, 15, 5, 21, 6, 13][16, 27, 7, 2, 29][4, 1, 3, 9, 23][12, 22, 17, 18][0, 26, 8, 19][11, 14, 20, 24][7, 28, 25][13, 18][12, 19][0, 28][11, 25][14, 23] 
[10, 15, 5, 21, 6, 13][16, 27, 7, 2, 29][4, 1, 3, 9, 23][0, 26, 8, 19][12, 22, 17, 18][11, 14, 20, 24][7, 28, 25][0, 28][12, 19][11, 25][6, 16][9, 14] 
[10, 15, 5, 21, 6, 13][16, 27, 7, 2, 29][4, 1, 3, 9, 23][12, 22, 17, 18][0, 26, 8, 19][11, 14, 20, 24][7, 28, 25][12, 19][0, 28][6, 16][11, 25][14, 23] 
[10, 15, 5, 21, 6, 13][16, 27, 7, 2, 29][4, 1, 3, 9, 23][11, 14, 20, 24][0, 26, 8, 19][12, 22, 17, 18][7, 28, 25][11, 25][9, 14][0, 28][12, 19][6, 16] 
[10, 15, 5, 21, 6, 13][4, 1, 3, 9, 23][16, 27, 7, 2, 29][11, 14, 20, 24][12, 22, 17, 18][7, 28, 25][0, 26, 8][12, 8, 19][9, 14][11, 25][6, 16][0, 28] 
[10, 15, 5, 21, 6, 13][4, 1, 3, 9, 23][16, 27, 7, 2, 29][11, 14, 20, 24][0, 26, 8, 19][12, 22, 17, 18][7, 28, 25][14, 23][11, 25][0, 28][12, 19][6, 16] 
[10, 15, 5, 21, 6, 13][16, 27, 7, 2, 29][4, 1, 3, 9, 23][11, 14, 20, 24][0, 26, 8, 19][12, 22, 17, 18][7, 28, 25][11, 25][14, 23][0, 28][12, 19][13, 18] 
[10, 15, 5, 21, 6, 13][16, 27, 7, 2, 29][4, 1, 3, 9, 23][11, 14, 20, 24][0, 26, 8, 19][12, 22, 17, 18][7, 28, 25][11, 25][9, 14][6, 16][0, 28][12, 19] 
[10, 15, 5, 21, 6, 13][16, 27, 7, 2, 29][4, 1, 3, 9, 23][0, 26, 8, 19][11, 14, 20, 24][12, 22, 17, 18][7, 28, 25][6, 16][0, 28][11, 25][12, 19][14, 23] 
[10, 15, 5, 21, 6, 13][16, 27, 7, 2, 29][4, 1, 3, 9, 23][0, 26, 8, 19][11, 14, 20, 24][12, 22, 17, 18][7, 28, 25][0, 28][11, 25][9, 14][6, 16][12, 19] 
[10, 15, 5, 21, 6, 13][4, 1, 3, 9, 23][16, 27, 7, 2, 29][11, 14, 20, 24][12, 22, 17, 18][7, 28, 25][0, 26, 8][12, 8, 19][9, 14][11, 25][6, 16][0, 28] 
[10, 15, 5, 21, 6, 13][4, 1, 3, 9, 23][16, 27, 7, 2, 29][11, 14, 20, 24][0, 26, 8, 19][12, 22, 17, 18][7, 28, 25][14, 23][11, 25][0, 28][12, 19][6, 16] 
[10, 15, 5, 21, 6, 13][4, 1, 3, 9, 23][16, 27, 7, 2, 29][11, 14, 20, 24][0, 26, 8, 19][12, 22, 17, 18][7, 28, 25][9, 14][11, 25][6, 16][0, 28][12, 19] 
[10, 15, 5, 21, 6, 13][16, 27, 7, 2, 29][4, 1, 3, 9, 23][12, 22, 17, 18][11, 14, 20, 24][0, 26, 8][12, 8, 19][7, 28, 25][0, 28][6, 16][11, 25][9, 14] 
[10, 15, 5, 21, 6, 13][4, 1, 3, 9, 23][16, 27, 7, 2, 29][11, 14, 20, 24][12, 22, 17, 18][7, 28, 25][0, 26, 8][12, 8, 19][9, 14][11, 25][0, 28][6, 16] 
[10, 15, 5, 21, 6, 13][16, 27, 7, 2, 29][4, 1, 3, 9, 23][11, 14, 20, 24][0, 26, 8, 19][12, 22, 17, 18][7, 28, 25][6, 16][11, 25][0, 28][12, 19][14, 23] 
[10, 15, 5, 21, 6, 13][16, 27, 7, 2, 29][4, 1, 3, 9, 23][11, 14, 20, 24][0, 26, 8, 19][12, 22, 17, 18][7, 28, 25][11, 25][14, 23][0, 28][12, 19][13, 18] 
[10, 15, 5, 21, 6, 13][16, 27, 7, 2, 29][4, 1, 3, 9, 23][0, 26, 8, 19][12, 22, 17, 18][11, 14, 20, 24][7, 28, 25][12, 19][0, 28][11, 25][6, 16][9, 14] 
[10, 15, 5, 21, 6, 13][16, 27, 7, 2, 29][4, 1, 3, 9, 23][0, 26, 8, 19][11, 14, 20, 24][12, 22, 17, 18][7, 28, 25][6, 16][0, 28][11, 25][12, 19][14, 23] 
[10, 15, 5, 21, 6, 13][16, 27, 7, 2, 29][4, 1, 3, 9, 23][0, 26, 8, 19][11, 14, 20, 24][12, 22, 17, 18][7, 28, 25][0, 28][11, 25][9, 14][6, 16][12, 19] 
[10, 15, 5, 21, 6, 13][16, 27, 7, 2, 29][4, 1, 3, 9, 23][12, 22, 17, 18][11, 14, 20, 24][0, 26, 8][12, 8, 19][7, 28, 25][0, 28][11, 25][6, 16][9, 14] 
[10, 15, 5, 21, 6, 13][16, 27, 7, 2, 29][4, 1, 3, 9, 23][0, 26, 8, 19][12, 22, 17, 18][11, 14, 20, 24][7, 28, 25][6, 16][0, 28][12, 19][11, 25][14, 23] 
[10, 15, 5, 21, 6, 13][4, 1, 3, 9, 23][16, 27, 7, 2, 29][11, 14, 20, 24][0, 26, 8, 19][12, 22, 17, 18][7, 28, 25][9, 14][11, 25][0, 28][12, 19][6, 16] 
[10, 15, 5, 21, 6, 13][16, 27, 7, 2, 29][4, 1, 3, 9, 23][11, 14, 20, 24][12, 22, 17, 18][7, 28, 25][0, 26, 8][12, 8, 19][0, 28][11, 25][9, 14][6, 16] 
[10, 15, 5, 21, 6, 13][16, 27, 7, 2, 29][4, 1, 3, 9, 23][11, 14, 20, 24][12, 22, 17, 18][7, 28, 25][0, 26, 8][12, 8, 19][6, 16][0, 28][11, 25][9, 14] 
[10, 15, 5, 21, 6, 13][16, 27, 7, 2, 29][4, 1, 3, 9, 23][0, 26, 8, 19][11, 14, 20, 24][12, 22, 17, 18][7, 28, 25][6, 16][0, 28][11, 25][12, 19][14, 23] 
[10, 15, 5, 21, 6, 13][16, 27, 7, 2, 29][4, 1, 3, 9, 23][11, 14, 20, 24][0, 26, 8, 19][12, 22, 17, 18][7, 28, 25][6, 16][11, 25][0, 28][12, 19][9, 14] 
[10, 15, 5, 21, 6, 13][4, 1, 3, 9, 23][16, 27, 7, 2, 29][11, 14, 20, 24][12, 22, 17, 18][7, 28, 25][0, 26, 8][12, 8, 19][9, 14][11, 25][6, 16][0, 28] 
[10, 15, 5, 21, 6, 13][4, 1, 3, 9, 23][16, 27, 7, 2, 29][11, 14, 20, 24][12, 22, 17, 18][7, 28, 25][0, 26, 8][12, 8, 19][9, 14][11, 25][6, 16][0, 28] 
[18, 19, 8, 26, 0, 25, 11, 14, 23, 1, 9, 3, 24][0, 13, 6, 5, 21, 10, 16, 2, 15][27, 7, 2, 29][12, 22, 17, 18][4, 20, 23][0, 26][0, 28][6, 13][0, 26][0, 26][0, 26][0, 26] 
[19, 8, 26, 0, 25, 11, 14, 23, 1, 9, 3, 24][12, 0, 13, 6, 5, 21, 10, 16, 2, 15, 27][12, 22, 17, 18][7, 28, 25][4, 20, 23][6, 13][6, 13][2, 29][6, 13][6, 13][5, 21][0, 26] 
[18, 19, 8, 26, 0, 25, 11, 14, 23, 1, 9, 3, 24][12, 0, 13, 6, 5, 21, 10, 16, 2, 15, 27][4, 20, 23][12, 22, 17][7, 28, 25][14, 23][2, 29][15, 27][14, 23][15, 27][10, 16][5, 21] 
[22, 18, 19, 8, 26, 0, 25, 11, 14, 23][16, 10, 21, 5, 6, 13, 0, 12, 17][16, 27, 7, 2, 29][4, 1, 3, 9, 23][14, 20, 24][0, 26][0, 28][5, 15][11, 14][6, 13][6, 13][0, 26] 
[22, 18, 19, 8, 26, 0, 25, 11, 14, 23][16, 10, 21, 5, 6, 13, 0, 12, 17][4, 1, 3, 9, 23][16, 27, 7, 2, 29][14, 20, 24][0, 28][5, 15][6, 13][11, 25][0, 26][11, 25][6, 13] 
[18, 19, 8, 26, 0, 25, 11, 14, 23, 1, 9, 3, 24][10, 15, 5, 21, 6, 13][16, 27, 7, 2, 29][8, 12, 22, 17][7, 28, 25][4, 20, 23][12, 22][6, 16][11, 14][11, 25][0, 26][12, 22] 
[19, 8, 26, 0, 25, 11, 14, 23, 1, 9, 3, 24][12, 0, 13, 6, 5, 21, 10, 16, 2, 15, 27][12, 22, 17, 18][7, 28, 25][4, 20, 23][6, 13][6, 13][2, 29][6, 13][6, 13][5, 21][0, 26] 
[18, 19, 8, 26, 0, 25, 11, 14, 23, 1, 9, 3, 24][12, 0, 13, 6, 5, 21, 10, 16, 2, 15, 27][7, 28, 25][4, 20, 23][12, 22, 17][2, 29][6, 13][6, 13][14, 23][0, 26][5, 21][6, 13] 
[22, 18, 19, 8, 26, 0, 25, 11, 14, 23][16, 10, 21, 5, 6, 13, 0, 12, 17][4, 1, 3, 9, 23][16, 27, 7, 2, 29][14, 20, 24][0, 28][5, 15][6, 13][11, 25][0, 26][11, 25][6, 13] 
[18, 19, 8, 26, 0, 25, 11, 14, 23, 1, 9, 3, 24][12, 0, 13, 6, 5, 21, 10, 16, 2, 15, 27][12, 22, 17][4, 20, 23][7, 28, 25][2, 29][10, 16][6, 13][6, 13][8, 19][14, 23][8, 19] 
[18, 19, 8, 26, 0, 25, 11, 14, 23, 1, 9, 3, 24][0, 13, 6, 5, 21, 10, 16, 2, 15][27, 7, 2, 29][12, 22, 17, 18][4, 20, 23][25, 28][11, 14][11, 25][18, 19][12, 22][0, 26][12, 22] 
[18, 19, 8, 26, 0, 25, 11, 14, 23, 1, 9, 3, 24][0, 13, 6, 5, 21, 10, 16, 2, 15][27, 7, 2, 29][12, 22, 17, 18][4, 20, 23][0, 26][0, 28][6, 13][0, 26][0, 26][6, 13][11, 14] 
[22, 18, 19, 8, 26, 0, 25, 11, 14, 23][16, 10, 21, 5, 6, 13, 0, 12, 17][16, 27, 7, 2, 29][4, 1, 3, 9, 23][14, 20, 24][0, 26][0, 28][5, 15][11, 25][6, 13][6, 13][6, 13] 
[18, 19, 8, 26, 0, 25, 11, 14, 23, 1, 9, 3, 24][0, 13, 6, 5, 21, 10, 16, 2, 15][27, 7, 2, 29][12, 22, 17, 18][4, 20, 23][25, 28][11, 14][11, 25][18, 19][12, 22][0, 26][12, 22] 
[18, 19, 8, 26, 0, 25, 11, 14, 23, 1, 9, 3, 24][0, 13, 6, 5, 21, 10, 16, 2, 15][12, 22, 17, 18][27, 7, 2, 29][4, 20, 23][6, 13][2, 15][0, 26][25, 28][11, 25][0, 26][11, 14] 
[18, 19, 8, 26, 0, 25, 11, 14, 23, 1, 9, 3, 24][0, 13, 6, 5, 21, 10, 16, 2, 15][27, 7, 2, 29][12, 22, 17, 18][4, 20, 23][0, 26][0, 28][6, 13][0, 26][0, 26][0, 26][0, 26] 
[18, 19, 8, 26, 0, 25, 11, 14, 23, 1, 9, 3, 24][12, 0, 13, 6, 5, 21, 10, 16, 2, 15, 27][4, 20, 23][12, 22, 17][7, 28, 25][14, 23][2, 29][15, 27][14, 23][15, 27][10, 16][5, 21] 
[18, 19, 8, 26, 0, 25, 11, 14, 23, 1, 9, 3, 24][0, 13, 6, 5, 21, 10, 16, 2, 15][12, 22, 17, 18][27, 7, 2, 29][4, 20, 23][6, 13][2, 15][0, 26][25, 28][11, 25][0, 26][11, 14] 
[18, 19, 8, 26, 0, 25, 11, 14, 23, 1, 9, 3, 24][0, 13, 6, 5, 21, 10, 16, 2, 15][12, 22, 17, 18][27, 7, 2, 29][4, 20, 23][6, 13][6, 13][0, 26][0, 28][0, 26][0, 26][6, 13] 
[18, 19, 8, 26, 0, 25, 11, 14, 23, 1, 9, 3, 24][0, 13, 6, 5, 21, 10, 16, 2, 15][27, 7, 2, 29][12, 22, 17, 18][4, 20, 23][0, 26][0, 28][6, 13][0, 26][0, 26][6, 13][11, 14] 
[18, 19, 8, 26, 0, 25, 11, 14, 23, 1, 9, 3, 24][0, 13, 6, 5, 21, 10, 16, 2, 15][12, 22, 17, 18][27, 7, 2, 29][4, 20, 23][6, 13][6, 13][0, 26][0, 28][0, 26][0, 26][6, 13] 
[10, 15, 5, 21, 6, 13][16, 27, 7, 2, 29][4, 1, 3, 9, 23][18, 17, 22, 12, 19][11, 14, 20, 24][7, 28, 25][0, 26, 8][11, 25][0, 28][14, 23][6, 16][8, 19] 
[10, 15, 5, 21, 6, 13][16, 27, 7, 2, 29][18, 17, 22, 12, 19][4, 1, 3, 9, 23][11, 14, 20, 24][0, 26, 8][7, 28, 25][0, 28][11, 25][8, 19][14, 23][6, 16] 
[10, 15, 5, 21, 6, 13][16, 27, 7, 2, 29][4, 1, 3, 9, 23][18, 17, 22, 12, 19][11, 14, 20, 24][7, 28, 25][0, 26, 8][11, 25][0, 28][6, 16][14, 23][8, 19] 
[10, 15, 5, 21, 6, 13][18, 17, 22, 12, 19][16, 27, 7, 2, 29][4, 1, 3, 9, 23][11, 14, 20, 24][0, 26, 8][7, 28, 25][8, 19][0, 28][6, 16][11, 25][14, 23] 
[10, 15, 5, 21, 6, 13][16, 27, 7, 2, 29][4, 1, 3, 9, 23][18, 17, 22, 12, 19][11, 14, 20, 24][7, 28, 25][0, 26, 8][6, 16][11, 25][0, 28][14, 23][8, 19] 
[10, 15, 5, 21, 6, 13][18, 17, 22, 12, 19][16, 27, 7, 2, 29][4, 1, 3, 9, 23][11, 14, 20, 24][0, 26, 8][7, 28, 25][8, 19][0, 28][6, 16][11, 25][14, 23] 
[10, 15, 5, 21, 6, 13][16, 27, 7, 2, 29][4, 1, 3, 9, 23][18, 17, 22, 12, 19][11, 14, 20, 24][7, 28, 25][0, 26, 8][11, 25][0, 28][6, 16][14, 23][8, 19] 
[10, 15, 5, 21, 6, 13][16, 27, 7, 2, 29][18, 17, 22, 12, 19][4, 1, 3, 9, 23][11, 14, 20, 24][0, 26, 8][7, 28, 25][0, 28][6, 16][8, 19][11, 25][14, 23] 
[10, 15, 5, 21, 6, 13][18, 17, 22, 12, 19][16, 27, 7, 2, 29][4, 1, 3, 9, 23][11, 14, 20, 24][0, 26, 8][7, 28, 25][8, 19][0, 28][6, 16][11, 25][14, 23] 
[10, 15, 5, 21, 6, 13][16, 27, 7, 2, 29][18, 17, 22, 12, 19][4, 1, 3, 9, 23][11, 14, 20, 24][0, 26, 8][7, 28, 25][0, 28][6, 16][8, 19][11, 25][14, 23] 
[10, 15, 5, 21, 6, 13][4, 1, 3, 9, 23][16, 27, 7, 2, 29][18, 17, 22, 12, 19][11, 14, 20, 24][7, 28, 25][0, 26, 8][14, 23][11, 25][6, 16][0, 28][8, 19] 
[10, 15, 5, 21, 6, 13][16, 27, 7, 2, 29][4, 1, 3, 9, 23][18, 17, 22, 12, 19][11, 14, 20, 24][7, 28, 25][0, 26, 8][6, 16][11, 25][0, 28][14, 23][8, 19] 
[10, 15, 5, 21, 6, 13][4, 1, 3, 9, 23][16, 27, 7, 2, 29][18, 17, 22, 12, 19][11, 14, 20, 24][7, 28, 25][0, 26, 8][14, 23][11, 25][6, 16][0, 28][8, 19] 
[10, 15, 5, 21, 6, 13][16, 27, 7, 2, 29][4, 1, 3, 9, 23][18, 17, 22, 12, 19][11, 14, 20, 24][7, 28, 25][0, 26, 8][6, 16][11, 25][14, 23][0, 28][8, 19] 
[10, 15, 5, 21, 6, 13][18, 17, 22, 12, 19][16, 27, 7, 2, 29][4, 1, 3, 9, 23][11, 14, 20, 24][0, 26, 8][7, 28, 25][8, 19][0, 28][6, 16][11, 25][14, 23] 
[10, 15, 5, 21, 6, 13][4, 1, 3, 9, 23][16, 27, 7, 2, 29][11, 14, 20, 24][12, 22, 17, 18][7, 28, 25][0, 26, 8][12, 8, 19][9, 14][11, 25][6, 16][0, 28] 
[10, 15, 5, 21, 6, 13][16, 27, 7, 2, 29][4, 1, 3, 9, 23][12, 22, 17, 18][11, 14, 20, 24][7, 28, 25][0, 26, 8][12, 8, 19][0, 28][6, 16][11, 25][9, 14] 
[10, 15, 5, 21, 6, 13][4, 1, 3, 9, 23][16, 27, 7, 2, 29][11, 14, 20, 24][12, 22, 17, 18][7, 28, 25][0, 26, 8][12, 8, 19][9, 14][11, 25][6, 16][0, 28] 
[10, 15, 5, 21, 6, 13][16, 27, 7, 2, 29][4, 1, 3, 9, 23][12, 22, 17, 18][11, 14, 20, 24][0, 26, 8][7, 28, 25][12, 8, 19][0, 28][11, 25][9, 14][6, 16] 
[10, 15, 5, 21, 6, 13][16, 27, 7, 2, 29][4, 1, 3, 9, 23][11, 14, 20, 24][12, 22, 17, 18][7, 28, 25][0, 26, 8][12, 8, 19][11, 25][0, 28][9, 14][6, 16] 
[10, 15, 5, 21, 6, 13][16, 27, 7, 2, 29][18, 17, 22, 12, 19][4, 1, 3, 9, 23][11, 14, 20, 24][7, 28, 25][19, 8, 26][6, 16][0, 28][11, 25][9, 14][0, 26] 
[10, 15, 5, 21, 6, 13][18, 17, 22, 12, 19][16, 27, 7, 2, 29][4, 1, 3, 9, 23][11, 14, 20, 24][0, 26, 8][7, 28, 25][8, 19][0, 28][6, 16][11, 25][14, 23] 
[10, 15, 5, 21, 6, 13][16, 27, 7, 2, 29][18, 17, 22, 12, 19][4, 1, 3, 9, 23][11, 14, 20, 24][0, 26, 8][7, 28, 25][0, 28][11, 25][8, 19][14, 23][6, 16] 
[10, 15, 5, 21, 6, 13][18, 17, 22, 12, 19][16, 27, 7, 2, 29][4, 1, 3, 9, 23][11, 14, 20, 24][0, 26, 8][7, 28, 25][8, 19][0, 28][6, 16][11, 25][14, 23] 
[10, 15, 5, 21, 6, 13][16, 27, 7, 2, 29][4, 1, 3, 9, 23][18, 17, 22, 12, 19][11, 14, 20, 24][7, 28, 25][0, 26, 8][11, 25][14, 23][0, 28][8, 19][6, 16] 
[10, 15, 5, 21, 6, 13][16, 27, 7, 2, 29][4, 1, 3, 9, 23][18, 17, 22, 12, 19][11, 14, 20, 24][7, 28, 25][0, 26, 8][6, 16][11, 25][14, 23][0, 28][8, 19] 
[10, 15, 5, 21, 6, 13][16, 27, 7, 2, 29][4, 1, 3, 9, 23][12, 22, 17, 18][0, 26, 8, 19][11, 14, 20, 24][7, 28, 25][12, 19][0, 28][11, 25][6, 16][9, 14] 
[10, 15, 5, 21, 6, 13][16, 27, 7, 2, 29][4, 1, 3, 9, 23][18, 17, 22, 12, 19][11, 14, 20, 24][7, 28, 25][0, 26, 8][11, 25][14, 23][0, 28][8, 19][6, 16] 
[10, 15, 5, 21, 6, 13][4, 1, 3, 9, 23][16, 27, 7, 2, 29][11, 14, 20, 24][12, 22, 17, 18][7, 28, 25][0, 26, 8][12, 8, 19][9, 14][11, 25][6, 16][0, 28] 
[10, 15, 5, 21, 6, 13][16, 27, 7, 2, 29][4, 1, 3, 9, 23][12, 22, 17, 18][11, 14, 20, 24][12, 8, 19][0, 26, 8][7, 28, 25][0, 28][11, 25][9, 14][6, 16] 
[10, 15, 5, 21, 6, 13][16, 27, 7, 2, 29][4, 1, 3, 9, 23][12, 22, 17, 18][11, 14, 20, 24][12, 8, 19][0, 26, 8][7, 28, 25][0, 28][6, 16][11, 25][9, 14] 
[10, 15, 5, 21, 6, 13][4, 1, 3, 9, 23][16, 27, 7, 2, 29][11, 14, 20, 24][12, 22, 17, 18][7, 28, 25][0, 26, 8][12, 8, 19][9, 14][11, 25][6, 16][0, 28] 
[10, 15, 5, 21, 6, 13][16, 27, 7, 2, 29][4, 1, 3, 9, 23][12, 22, 17, 18][11, 14, 20, 24][12, 8, 19][0, 26, 8][7, 28, 25][0, 28][6, 16][11, 25][9, 14] 
[10, 15, 5, 21, 6, 13][4, 1, 3, 9, 23][16, 27, 7, 2, 29][11, 14, 20, 24][12, 22, 17, 18][7, 28, 25][0, 26, 8][12, 8, 19][9, 14][11, 25][6, 16][0, 28] 
[10, 15, 5, 21, 6, 13][16, 27, 7, 2, 29][4, 1, 3, 9, 23][12, 22, 17, 18][11, 14, 20, 24][0, 26, 8][12, 8, 19][7, 28, 25][0, 28][6, 16][11, 25][9, 14] 
[10, 15, 5, 21, 6, 13][16, 27, 7, 2, 29][4, 1, 3, 9, 23][11, 14, 20, 24][12, 22, 17, 18][7, 28, 25][0, 26, 8][12, 8, 19][0, 28][11, 25][9, 14][6, 16] 
[10, 15, 5, 21, 6, 13][4, 1, 3, 9, 23][16, 27, 7, 2, 29][11, 14, 20, 24][12, 22, 17, 18][7, 28, 25][0, 26, 8][12, 8, 19][9, 14][11, 25][6, 16][0, 28] 
[10, 15, 5, 21, 6, 13][4, 1, 3, 9, 23][16, 27, 7, 2, 29][11, 14, 20, 24][12, 22, 17, 18][7, 28, 25][0, 26, 8][12, 8, 19][9, 14][11, 25][0, 28][6, 16] 
[10, 15, 5, 21, 6, 13][16, 27, 7, 2, 29][4, 1, 3, 9, 23][12, 22, 17, 18][11, 14, 20, 24][12, 8, 19][0, 26, 8][7, 28, 25][0, 28][11, 25][6, 16][9, 14] 
[10, 15, 5, 21, 6, 13][16, 27, 7, 2, 29][4, 1, 3, 9, 23][12, 22, 17, 18][11, 14, 20, 24][12, 8, 19][0, 26, 8][7, 28, 25][0, 28][11, 25][9, 14][6, 16] 
[10, 15, 5, 21, 6, 13][16, 27, 7, 2, 29][4, 1, 3, 9, 23][11, 14, 20, 24][12, 22, 17, 18][7, 28, 25][0, 26, 8][12, 8, 19][11, 25][0, 28][9, 14][6, 16] 
[10, 15, 5, 21, 6, 13][16, 27, 7, 2, 29][4, 1, 3, 9, 23][12, 22, 17, 18][11, 14, 20, 24][12, 8, 19][0, 26, 8][7, 28, 25][0, 28][11, 25][6, 16][9, 14] 
[10, 15, 5, 21, 6, 13][16, 27, 7, 2, 29][4, 1, 3, 9, 23][12, 22, 17, 18][11, 14, 20, 24][0, 26, 8][7, 28, 25][12, 8, 19][0, 28][11, 25][9, 14][6, 16] 
[10, 15, 5, 21, 6, 13][12, 8, 19, 17, 18, 22][16, 27, 7, 2, 29][4, 1, 3, 9, 23][11, 14, 20, 24][7, 28, 25][0, 26, 8][6, 16][11, 25][0, 28][8, 19][9, 14] 
[10, 15, 5, 21, 6, 13][12, 8, 19, 17, 18, 22][16, 27, 7, 2, 29][4, 1, 3, 9, 23][11, 14, 20, 24][7, 28, 25][0, 26, 8][11, 25][0, 28][0, 26][9, 14][6, 16] 
[10, 15, 5, 21, 6, 13][12, 8, 19, 17, 18, 22][16, 27, 7, 2, 29][4, 1, 3, 9, 23][11, 14, 20, 24][7, 28, 25][0, 26, 8][11, 25][0, 28][0, 26][9, 14][6, 16] 
[10, 15, 5, 21, 6, 13][12, 8, 19, 17, 18, 22][16, 27, 7, 2, 29][4, 1, 3, 9, 23][11, 14, 20, 24][7, 28, 25][0, 26, 8][11, 25][9, 14][0, 28][6, 16][0, 26] 
[10, 15, 5, 21, 6, 13][12, 8, 19, 17, 18, 22][16, 27, 7, 2, 29][4, 1, 3, 9, 23][11, 14, 20, 24][7, 28, 25][0, 26, 8][11, 25][0, 28][8, 19][9, 14][6, 16] 
[10, 15, 5, 21, 6, 13][18, 17, 22, 12, 19][16, 27, 7, 2, 29][4, 1, 3, 9, 23][0, 26, 8, 19][11, 14, 20, 24][7, 28, 25][12, 22][0, 28][6, 16][11, 25][9, 14] 
[10, 15, 5, 21, 6, 13][16, 27, 7, 2, 29][4, 1, 3, 9, 23][12, 22, 17, 18][0, 26, 8, 19][11, 14, 20, 24][7, 28, 25][12, 19][0, 28][11, 25][9, 14][6, 16] 
[10, 15, 5, 21, 6, 13][16, 27, 7, 2, 29][4, 1, 3, 9, 23][11, 14, 20, 24][0, 26, 8, 19][12, 22, 17, 18][7, 28, 25][6, 16][11, 25][0, 28][12, 19][9, 14] 
[10, 15, 5, 21, 6, 13][16, 27, 7, 2, 29][4, 1, 3, 9, 23][0, 26, 8, 19][11, 14, 20, 24][12, 22, 17, 18][7, 28, 25][6, 16][0, 28][11, 25][9, 14][12, 19] 
[10, 15, 5, 21, 6, 13][16, 27, 7, 2, 29][4, 1, 3, 9, 23][0, 26, 8, 19][12, 22, 17, 18][11, 14, 20, 24][7, 28, 25][0, 28][12, 19][6, 16][11, 25][9, 14] 
[10, 15, 5, 21, 6, 13][16, 27, 7, 2, 29][4, 1, 3, 9, 23][0, 26, 8, 19][11, 14, 20, 24][12, 22, 17, 18][7, 28, 25][6, 16][0, 28][11, 25][12, 19][9, 14] 
[10, 15, 5, 21, 6, 13][16, 27, 7, 2, 29][4, 1, 3, 9, 23][12, 22, 17, 18][11, 14, 20, 24][7, 28, 25][0, 26, 8][12, 8, 19][0, 28][6, 16][11, 25][9, 14] 
[10, 15, 5, 21, 6, 13][16, 27, 7, 2, 29][4, 1, 3, 9, 23][0, 26, 8, 19][12, 22, 17, 18][11, 14, 20, 24][7, 28, 25][6, 16][0, 28][12, 19][11, 25][9, 14] 
