[3, 1, 9, 23, 24, 4, 14][12, 8, 26, 0, 13][21, 5, 6, 15, 27][18, 17, 19, 22][20, 7, 16, 28][2, 29, 10, 16][0, 18][11, 17][3, 11][11, 25][25, 28][7, 27] 
[3, 1, 9, 23, 24, 4, 14][21, 5, 6, 15, 27][12, 8, 26, 0, 13][2, 29, 10, 16][20, 7, 16, 28][18, 17, 19, 22][7, 27][25, 28][11, 25][3, 11][0, 18][11, 17] 
[9, 23, 24, 4, 14][12, 8, 26, 0, 13][21, 5, 6, 15, 27][18, 17, 19, 22][20, 7, 16, 28][2, 29, 10, 16][17, 11, 25][1, 3, 11][1, 9][0, 18][25, 28][7, 27] 
[13, 0, 18, 12, 8, 26][9, 23, 24, 4, 14][21, 5, 6, 15, 27][20, 7, 16, 28][2, 29, 10, 16][1, 3, 11][17, 11, 25][17, 19, 22][1, 9][17, 18][25, 28][7, 27] 
[9, 23, 24, 4, 14][12, 8, 26, 0, 13][21, 5, 6, 15, 27][18, 17, 19, 22][20, 7, 16, 28][2, 29, 10, 16][1, 3, 11][17, 11, 25][1, 9][0, 18][25, 28][7, 27] 
[12, 8, 26, 0, 13][9, 23, 24, 4, 14][21, 5, 6, 15, 27][18, 17, 19, 22][20, 7, 16, 28][2, 29, 10, 16][17, 11, 25][1, 3, 11][0, 18][25, 28][1, 9][7, 27] 
[12, 8, 26, 0, 13][9, 23, 24, 4, 14][21, 5, 6, 15, 27][18, 17, 19, 22][20, 7, 16, 28][2, 29, 10, 16][17, 11, 25][1, 3, 11][0, 18][25, 28][1, 9][7, 27] 
[14, 9, 23, 4, 24][12, 8, 26, 0, 13][21, 5, 6, 15, 27][18, 17, 19, 22][20, 7, 16, 28][2, 29, 10, 16][17, 11, 25][1, 3, 11][1, 9][0, 18][25, 28][7, 27] 
[14, 9, 23, 4, 24][12, 8, 26, 0, 13][21, 5, 6, 15, 27][18, 17, 19, 22][20, 7, 16, 28][2, 29, 10, 16][1, 3, 11][17, 11, 25][1, 9][25, 28][0, 18][7, 27] 
[14, 9, 23, 4, 24][21, 5, 6, 15, 27][12, 8, 26, 0, 13][18, 17, 19, 22][20, 7, 16, 28][2, 29, 10, 16][17, 11, 25][1, 3, 11][1, 9][25, 28][7, 27][0, 18] 
[3, 1, 9, 23, 24, 4, 14][21, 5, 6, 15, 27][12, 8, 26, 0, 13][20, 7, 16, 28][2, 29, 10, 16][18, 17, 19, 22][7, 27][25, 28][11, 25][3, 11][11, 17][0, 18] 
[3, 1, 9, 23, 24, 4, 14][12, 8, 26, 0, 13][21, 5, 6, 15, 27][18, 17, 19, 22][20, 7, 16, 28][2, 29, 10, 16][11, 17][11, 25][0, 18][3, 11][25, 28][7, 27] 
[9, 23, 24, 4, 14][12, 8, 26, 0, 13][21, 5, 6, 15, 27][18, 17, 19, 22][20, 7, 16, 28][2, 29, 10, 16][1, 3, 11][17, 11, 25][1, 9][0, 18][25, 28][7, 27] 
[12, 8, 26, 0, 13][21, 5, 6, 15, 27][9, 23, 24, 4, 14][20, 7, 16, 28][2, 29, 10, 16][18, 17, 19, 22][17, 11, 25][1, 3, 11][25, 28][0, 18][7, 27][1, 9] 
[12, 8, 26, 0, 13][9, 23, 24, 4, 14][21, 5, 6, 15, 27][18, 17, 19, 22][20, 7, 16, 28][2, 29, 10, 16][17, 11, 25][1, 3, 11][0, 18][25, 28][1, 9][7, 27] 
[12, 8, 26, 0, 13][14, 9, 23, 4, 24][21, 5, 6, 15, 27][18, 17, 19, 22][20, 7, 16, 28][2, 29, 10, 16][1, 3, 11][17, 11, 25][0, 18][25, 28][1, 9][7, 27] 
[3, 1, 9, 23, 24, 4, 14][21, 5, 6, 15, 27][12, 8, 26, 0, 13][20, 7, 16, 28][2, 29, 10, 16][18, 17, 19, 22][25, 28][11, 25][11, 17][3, 11][7, 27][0, 18] 
[3, 1, 9, 23, 24, 4, 14][12, 8, 26, 0, 13][21, 5, 6, 15, 27][18, 17, 19, 22][20, 7, 16, 28][2, 29, 10, 16][0, 18][11, 17][3, 11][11, 25][25, 28][7, 27] 
[9, 23, 24, 4, 14][12, 8, 26, 0, 13][21, 5, 6, 15, 27][18, 17, 19, 22][20, 7, 16, 28][2, 29, 10, 16][17, 11, 25][1, 3, 11][1, 9][25, 28][0, 18][7, 27] 
[3, 1, 9, 23, 24, 4, 14][21, 5, 6, 15, 27][12, 8, 26, 0, 13][20, 7, 16, 28][2, 29, 10, 16][18, 17, 19, 22][7, 27][25, 28][11, 25][3, 11][11, 17][0, 18] 
[3, 1, 9, 23, 24, 4, 14][21, 5, 6, 15, 27][12, 8, 26, 0, 13][20, 7, 16, 28][2, 29, 10, 16][18, 17, 19, 22][25, 28][7, 27][11, 25][3, 11][11, 17][0, 18] 
[3, 1, 9, 23, 24, 4, 14][21, 5, 6, 15, 27][12, 8, 26, 0, 13][20, 7, 16, 28][2, 29, 10, 16][18, 17, 19, 22][25, 28][11, 25][11, 17][3, 11][7, 27][0, 18] 
[21, 5, 6, 15, 27][12, 8, 26, 0, 13][9, 23, 24, 4, 14][20, 7, 16, 28][2, 29, 10, 16][18, 17, 19, 22][17, 11, 25][1, 3, 11][7, 27][25, 28][0, 18][1, 9] 
[9, 23, 24, 4, 14][12, 8, 26, 0, 13][21, 5, 6, 15, 27][20, 7, 16, 28][2, 29, 10, 16][18, 17, 19, 22][17, 11, 25][1, 3, 11][25, 28][1, 9][0, 18][7, 27] 
[12, 8, 26, 0, 13][9, 23, 24, 4, 14][21, 5, 6, 15, 27][18, 17, 19, 22][20, 7, 16, 28][2, 29, 10, 16][17, 11, 25][1, 3, 11][0, 18][1, 9][25, 28][7, 27] 
[12, 8, 26, 0, 13][14, 9, 23, 4, 24][21, 5, 6, 15, 27][18, 17, 19, 22][20, 7, 16, 28][2, 29, 10, 16][17, 11, 25][1, 3, 11][0, 18][1, 9][25, 28][7, 27] 
[3, 1, 9, 23, 24, 4, 14][21, 5, 6, 15, 27][12, 8, 26, 0, 13][2, 29, 10, 16][20, 7, 16, 28][18, 17, 19, 22][7, 27][25, 28][11, 25][3, 11][11, 17][0, 18] 
[3, 1, 9, 23, 24, 4, 14][12, 8, 26, 0, 13][21, 5, 6, 15, 27][18, 17, 19, 22][20, 7, 16, 28][2, 29, 10, 16][11, 17][11, 25][0, 18][3, 11][25, 28][7, 27] 
[9, 23, 24, 4, 14][12, 8, 26, 0, 13][21, 5, 6, 15, 27][18, 17, 19, 22][20, 7, 16, 28][2, 29, 10, 16][17, 11, 25][1, 3, 11][1, 9][0, 18][25, 28][7, 27] 
[3, 1, 9, 23, 24, 4, 14][21, 5, 6, 15, 27][12, 8, 26, 0, 13][20, 7, 16, 28][2, 29, 10, 16][18, 17, 19, 22][25, 28][7, 27][11, 25][3, 11][11, 17][0, 18] 
[3, 1, 9, 23, 24, 4, 14][12, 8, 26, 0, 13][21, 5, 6, 15, 27][18, 17, 19, 22][20, 7, 16, 28][2, 29, 10, 16][0, 18][11, 17][11, 25][3, 11][25, 28][7, 27] 
[3, 1, 9, 23, 24, 4, 14][21, 5, 6, 15, 27][12, 8, 26, 0, 13][20, 7, 16, 28][2, 29, 10, 16][18, 17, 19, 22][25, 28][11, 17][3, 11][7, 27][0, 18][11, 25] 
[9, 23, 24, 4, 14][12, 8, 26, 0, 13][21, 5, 6, 15, 27][18, 17, 19, 22][20, 7, 16, 28][2, 29, 10, 16][1, 3, 11][17, 11, 25][1, 9][25, 28][0, 18][7, 27] 
[3, 1, 9, 23, 24, 4, 14][12, 8, 26, 0, 13][21, 5, 6, 15, 27][18, 17, 19, 22][20, 7, 16, 28][2, 29, 10, 16][0, 18][11, 17][3, 11][11, 25][25, 28][7, 27] 
[3, 1, 9, 23, 24, 4, 14][12, 8, 26, 0, 13][21, 5, 6, 15, 27][18, 17, 19, 22][20, 7, 16, 28][2, 29, 10, 16][0, 18][11, 17][11, 25][3, 11][25, 28][7, 27] 
[3, 14, 7, 25, 11, 17, 19, 18, 13, 0, 26, 8, 12][10, 21, 6, 5, 15, 29, 2, 16, 28, 7, 20][9, 14, 4, 24, 23][7, 27][1, 9][19, 22][11, 25][11, 25][8, 26][11, 25][11, 25][11, 25] 
[3, 14, 7, 25, 11, 17, 19, 18, 13, 0, 26, 8, 12][10, 21, 6, 5, 15, 29, 2, 16, 28, 7, 20][9, 14, 4, 24, 23][7, 27][19, 22][1, 9][11, 25][8, 26][17, 19][11, 25][11, 25][17, 19] 
[3, 14, 7, 25, 11, 17, 19, 18, 13, 0, 26, 8, 12][10, 21, 6, 5, 15, 29, 2, 16, 28, 7, 20][14, 9, 23, 4, 24][20, 7, 28][17, 11, 25][1, 9][7, 20][7, 27][19, 22][8, 12][11, 25][11, 25] 
[3, 14, 7, 25, 11, 17, 19, 18, 13, 0, 26, 8, 12][1, 4, 20, 7, 28, 16, 2, 29][10, 21, 6, 5, 15, 29][9, 14, 4, 24, 23][17, 19][15, 27][19, 22][11, 25][17, 19][11, 25][17, 19][17, 19] 
[3, 14, 7, 25, 11, 17, 19, 18, 13, 0, 26, 8, 12][1, 4, 20, 7, 28, 16, 2, 29][10, 21, 6, 5, 15, 29][9, 14, 4, 24, 23][19, 22][15, 27][4, 24][17, 19][17, 19][17, 19][17, 19][11, 25] 
[0, 28, 16, 15, 5, 6, 21, 2, 27, 29, 10][1, 4, 20, 7, 14, 11, 17, 19, 18, 22][13, 18, 19, 17, 11, 25][12, 8, 26, 0, 13][4, 24, 23][2, 27][17, 19][5, 6][17, 19][3, 11][1, 9][2, 27] 
[3, 14, 7, 25, 11, 17, 19, 18, 13, 0, 26, 8, 12][10, 21, 6, 5, 15, 29, 2, 16, 28, 7, 20][9, 14, 4, 24, 23][11, 25][19, 22][15, 27][1, 9][11, 25][11, 25][17, 19][11, 25][11, 25] 
[3, 14, 7, 25, 11, 17, 19, 18, 13, 0, 26, 8, 12][10, 21, 6, 5, 15, 29, 2, 16, 28, 7, 20][9, 14, 4, 24, 23][15, 27][19, 22][1, 9][11, 25][11, 25][11, 25][11, 25][11, 25][11, 25] 
[3, 14, 7, 25, 11, 17, 19, 18, 13, 0, 26, 8, 12][1, 4, 20, 7, 28, 16, 2, 29][10, 21, 6, 5, 15, 29][9, 14, 4, 24, 23][19, 22][15, 27][4, 24][17, 19][17, 19][17, 19][17, 19][11, 25] 
[3, 14, 7, 25, 11, 17, 19, 18, 13, 0, 26, 8, 12][10, 21, 6, 5, 15, 29, 2, 16, 28, 7, 20][9, 14, 4, 24, 23][11, 25][1, 9][19, 22][15, 27][11, 25][11, 25][11, 25][17, 19][11, 25] 
[3, 14, 7, 25, 11, 17, 19, 18, 13, 0, 26, 8, 12][10, 21, 6, 5, 15, 29, 2, 16, 28, 7, 20][9, 14, 4, 24, 23][15, 27][19, 22][1, 9][11, 25][11, 25][11, 25][11, 25][11, 25][11, 25] 
[3, 14, 7, 25, 11, 17, 19, 18, 13, 0, 26, 8, 12][10, 21, 6, 5, 15, 29, 2, 16, 28, 7, 20][9, 14, 4, 24, 23][19, 22][15, 27][1, 9][11, 25][11, 25][17, 19][11, 25][11, 25][11, 25] 
[3, 14, 7, 25, 11, 17, 19, 18, 13, 0, 26, 8, 12][1, 4, 20, 7, 28, 16, 2, 29][10, 21, 6, 5, 15, 29][9, 14, 4, 24, 23][17, 19][15, 27][19, 22][4, 24][11, 25][17, 19][17, 19][17, 19] 
[3, 14, 7, 25, 11, 17, 19, 18, 13, 0, 26, 8, 12][10, 21, 6, 5, 15, 29, 2, 16, 28, 7, 20][9, 14, 4, 24, 23][11, 25][1, 9][19, 22][15, 27][11, 25][11, 25][11, 25][17, 19][11, 25] 
[3, 14, 7, 25, 11, 17, 19, 18, 13, 0, 26, 8, 12][10, 21, 6, 5, 15, 29, 2, 16, 28, 7, 20][9, 14, 4, 24, 23][19, 22][15, 27][1, 9][11, 25][11, 25][17, 19][11, 25][11, 25][11, 25] 
[1, 4, 20, 7, 28, 16, 2, 29, 15, 5, 6, 21, 10][3, 14, 7, 25, 11, 17, 19, 18, 13, 0, 26, 8, 12][9, 14, 4, 24, 23][15, 27][17, 19][17, 19][11, 25][17, 19][11, 25][17, 19][11, 25][19, 22] 
[3, 14, 7, 25, 11, 17, 19, 18, 13, 0, 26, 8, 12][1, 4, 20, 7, 28, 16, 2, 29, 15, 5, 6, 21, 10][9, 23, 4, 24][17, 19][15, 27][19, 22][17, 19][11, 25][17, 19][11, 25][11, 25][17, 19] 
[1, 4, 20, 7, 28, 16, 2, 29, 15, 5, 6, 21, 10][3, 14, 7, 25, 11, 17, 19, 18, 13, 0, 26, 8][9, 23, 4, 24][19, 22][15, 27][11, 25][17, 19][8, 12][11, 25][11, 25][11, 25][11, 25] 
[1, 4, 20, 7, 28, 16, 2, 29, 15, 5, 6, 21, 10][3, 14, 7, 25, 11, 17, 19, 18, 13, 0, 26, 8, 12][4, 24, 23][2, 29][19, 22][7, 27][11, 25][17, 19][11, 25][9, 14][2, 29][17, 19] 
[1, 4, 20, 7, 28, 16, 2, 29, 15, 5, 6, 21, 10][3, 14, 7, 25, 11, 17, 19, 18, 13, 0, 26, 8, 12][12, 8, 26, 0, 13, 18, 19, 17][9, 14, 4, 24, 23][19, 22][7, 27][11, 25][2, 29][11, 25][2, 29][17, 19][7, 20] 
[1, 4, 20, 7, 28, 16, 2, 29, 15, 5, 6, 21, 10][3, 14, 7, 25, 11, 17, 19, 18, 13, 0, 26, 8, 12][9, 14, 4, 24, 23][12, 8, 26][7, 27][19, 22][11, 25][17, 19][7, 20][11, 25][17, 19][11, 25] 
[9, 23, 24, 4, 14][12, 8, 26, 0, 13][21, 5, 6, 15, 27][18, 17, 19, 22][20, 7, 16, 28][2, 29, 10, 16][1, 3, 11][17, 11, 25][1, 9][25, 28][0, 18][7, 27] 
[9, 23, 24, 4, 14][12, 8, 26, 0, 13][21, 5, 6, 15, 27][18, 17, 19, 22][20, 7, 16, 28][2, 29, 10, 16][1, 3, 11][17, 11, 25][1, 9][25, 28][0, 18][7, 27] 
[12, 8, 26, 0, 13][21, 5, 6, 15, 27][9, 23, 24, 4, 14][20, 7, 16, 28][2, 29, 10, 16][18, 17, 19, 22][17, 11, 25][1, 3, 11][25, 28][0, 18][7, 27][1, 9] 
[9, 23, 24, 4, 14][12, 8, 26, 0, 13][21, 5, 6, 15, 27][18, 17, 19, 22][20, 7, 16, 28][2, 29, 10, 16][1, 3, 11][17, 11, 25][1, 9][0, 18][25, 28][7, 27] 
[9, 23, 24, 4, 14][12, 8, 26, 0, 13][21, 5, 6, 15, 27][18, 17, 19, 22][20, 7, 16, 28][2, 29, 10, 16][17, 11, 25][1, 3, 11][1, 9][0, 18][25, 28][7, 27] 
[9, 23, 24, 4, 14][12, 8, 26, 0, 13][21, 5, 6, 15, 27][18, 17, 19, 22][20, 7, 16, 28][2, 29, 10, 16][1, 3, 11][17, 11, 25][1, 9][0, 18][25, 28][7, 27] 
[9, 23, 24, 4, 14][12, 8, 26, 0, 13][21, 5, 6, 15, 27][20, 7, 16, 28][2, 29, 10, 16][18, 17, 19, 22][17, 11, 25][1, 3, 11][25, 28][1, 9][0, 18][7, 27] 
[9, 23, 24, 4, 14][12, 8, 26, 0, 13][21, 5, 6, 15, 27][18, 17, 19, 22][20, 7, 16, 28][2, 29, 10, 16][17, 11, 25][1, 3, 11][1, 9][25, 28][0, 18][7, 27] 
[21, 5, 6, 15, 27][9, 23, 24, 4, 14][12, 8, 26, 0, 13][20, 7, 16, 28][2, 29, 10, 16][18, 17, 19, 22][17, 11, 25][1, 3, 11][7, 27][25, 28][1, 9][0, 18] 
[12, 8, 26, 0, 13][9, 23, 24, 4, 14][21, 5, 6, 15, 27][18, 17, 19, 22][20, 7, 16, 28][2, 29, 10, 16][1, 3, 11][17, 11, 25][0, 18][25, 28][1, 9][7, 27] 
[21, 5, 6, 15, 27][12, 8, 26, 0, 13][9, 23, 24, 4, 14][2, 29, 10, 16][20, 7, 16, 28][18, 17, 19, 22][17, 11, 25][1, 3, 11][7, 27][25, 28][0, 18][1, 9] 
[21, 5, 6, 15, 27][9, 23, 24, 4, 14][12, 8, 26, 0, 13][20, 7, 16, 28][2, 29, 10, 16][18, 17, 19, 22][17, 11, 25][1, 3, 11][7, 27][25, 28][1, 9][0, 18] 
[9, 23, 24, 4, 14][12, 8, 26, 0, 13][21, 5, 6, 15, 27][18, 17, 19, 22][20, 7, 16, 28][2, 29, 10, 16][1, 3, 11][17, 11, 25][1, 9][25, 28][0, 18][7, 27] 
[12, 8, 26, 0, 13][9, 23, 24, 4, 14][21, 5, 6, 15, 27][18, 17, 19, 22][20, 7, 16, 28][2, 29, 10, 16][17, 11, 25][1, 3, 11][0, 18][1, 9][25, 28][7, 27] 
[21, 5, 6, 15, 27][9, 23, 24, 4, 14][12, 8, 26, 0, 13][20, 7, 16, 28][2, 29, 10, 16][18, 17, 19, 22][17, 11, 25][1, 3, 11][7, 27][25, 28][1, 9][0, 18] 
[3, 1, 9, 23, 24, 4, 14][12, 8, 26, 0, 13][21, 5, 6, 15, 27][18, 17, 19, 22][20, 7, 16, 28][2, 29, 10, 16][11, 17][3, 11][11, 25][0, 18][25, 28][7, 27] 
[3, 1, 9, 23, 24, 4, 14][12, 8, 26, 0, 13][21, 5, 6, 15, 27][18, 17, 19, 22][20, 7, 16, 28][2, 29, 10, 16][3, 11][11, 17][0, 18][11, 25][25, 28][7, 27] 
[3, 1, 9, 23, 24, 4, 14][12, 8, 26, 0, 13][21, 5, 6, 15, 27][18, 17, 19, 22][20, 7, 16, 28][2, 29, 10, 16][3, 11][11, 17][0, 18][11, 25][25, 28][7, 27] 
[3, 1, 9, 23, 24, 4, 14][21, 5, 6, 15, 27][12, 8, 26, 0, 13][20, 7, 16, 28][2, 29, 10, 16][18, 17, 19, 22][25, 28][11, 17][7, 27][3, 11][0, 18][11, 25] 
[3, 1, 9, 23, 24, 4, 14][12, 8, 26, 0, 13][21, 5, 6, 15, 27][18, 17, 19, 22][20, 7, 16, 28][2, 29, 10, 16][11, 17][3, 11][11, 25][0, 18][25, 28][7, 27] 
[13, 0, 18, 12, 8, 26][21, 5, 6, 15, 27][9, 23, 24, 4, 14][20, 7, 16, 28][2, 29, 10, 16][17, 11, 25][1, 3, 11][17, 19, 22][7, 27][25, 28][17, 18][1, 9] 
[12, 8, 26, 0, 13][9, 23, 24, 4, 14][21, 5, 6, 15, 27][18, 17, 19, 22][20, 7, 16, 28][2, 29, 10, 16][17, 11, 25][1, 3, 11][0, 18][1, 9][25, 28][7, 27] 
[21, 5, 6, 15, 27][9, 23, 24, 4, 14][12, 8, 26, 0, 13][2, 29, 10, 16][20, 7, 16, 28][18, 17, 19, 22][17, 11, 25][1, 3, 11][7, 27][25, 28][1, 9][0, 18] 
[21, 5, 6, 15, 27][9, 23, 24, 4, 14][12, 8, 26, 0, 13][2, 29, 10, 16][20, 7, 16, 28][18, 17, 19, 22][17, 11, 25][1, 3, 11][7, 27][25, 28][1, 9][0, 18] 
[9, 23, 24, 4, 14][12, 8, 26, 0, 13][21, 5, 6, 15, 27][2, 29, 10, 16][20, 7, 16, 28][18, 17, 19, 22][17, 11, 25][1, 3, 11][25, 28][1, 9][0, 18][7, 27] 
[12, 8, 26, 0, 13][9, 23, 24, 4, 14][21, 5, 6, 15, 27][18, 17, 19, 22][20, 7, 16, 28][2, 29, 10, 16][17, 11, 25][1, 3, 11][0, 18][1, 9][25, 28][7, 27] 
[21, 5, 6, 15, 27][12, 8, 26, 0, 13][9, 23, 24, 4, 14][20, 7, 16, 28][2, 29, 10, 16][18, 17, 19, 22][17, 11, 25][1, 3, 11][7, 27][25, 28][0, 18][1, 9] 
[9, 23, 24, 4, 14][12, 8, 26, 0, 13][21, 5, 6, 15, 27][2, 29, 10, 16][20, 7, 16, 28][18, 17, 19, 22][17, 11, 25][1, 3, 11][25, 28][1, 9][0, 18][7, 27] 
[3, 1, 9, 23, 24, 4, 14][12, 8, 26, 0, 13][21, 5, 6, 15, 27][2, 29, 10, 16][20, 7, 16, 28][18, 17, 19, 22][25, 28][11, 25][11, 17][3, 11][0, 18][7, 27] 
[3, 1, 9, 23, 24, 4, 14][21, 5, 6, 15, 27][12, 8, 26, 0, 13][20, 7, 16, 28][2, 29, 10, 16][18, 17, 19, 22][7, 27][25, 28][11, 25][3, 11][11, 17][0, 18] 
[3, 1, 9, 23, 24, 4, 14][21, 5, 6, 15, 27][12, 8, 26, 0, 13][20, 7, 16, 28][2, 29, 10, 16][18, 17, 19, 22][25, 28][11, 17][3, 11][7, 27][0, 18][11, 25] 
[3, 1, 9, 23, 24, 4, 14][21, 5, 6, 15, 27][12, 8, 26, 0, 13][20, 7, 16, 28][2, 29, 10, 16][18, 17, 19, 22][7, 27][25, 28][11, 25][3, 11][11, 17][0, 18] 
[3, 1, 9, 23, 24, 4, 14][12, 8, 26, 0, 13][21, 5, 6, 15, 27][18, 17, 19, 22][20, 7, 16, 28][2, 29, 10, 16][11, 17][0, 18][11, 25][3, 11][25, 28][7, 27] 
[3, 1, 9, 23, 24, 4, 14][12, 8, 26, 0, 13][21, 5, 6, 15, 27][18, 17, 19, 22][20, 7, 16, 28][2, 29, 10, 16][0, 18][11, 17][3, 11][11, 25][25, 28][7, 27] 
[3, 1, 9, 23, 24, 4, 14][12, 8, 26, 0, 13][21, 5, 6, 15, 27][18, 17, 19, 22][20, 7, 16, 28][2, 29, 10, 16][0, 18][11, 17][3, 11][11, 25][25, 28][7, 27] 
[3, 1, 9, 23, 24, 4, 14][21, 5, 6, 15, 27][12, 8, 26, 0, 13][2, 29, 10, 16][20, 7, 16, 28][18, 17, 19, 22][7, 27][25, 28][11, 25][3, 11][11, 17][0, 18] 
[3, 1, 9, 23, 24, 4, 14][12, 8, 26, 0, 13][21, 5, 6, 15, 27][18, 17, 19, 22][20, 7, 16, 28][2, 29, 10, 16][0, 18][11, 17][3, 11][11, 25][25, 28][7, 27] 
[3, 1, 9, 23, 24, 4, 14][21, 5, 6, 15, 27][12, 8, 26, 0, 13][20, 7, 16, 28][2, 29, 10, 16][18, 17, 19, 22][7, 27][25, 28][11, 25][3, 11][11, 17][0, 18] 
[3, 1, 9, 23, 24, 4, 14][12, 8, 26, 0, 13][21, 5, 6, 15, 27][18, 17, 19, 22][20, 7, 16, 28][2, 29, 10, 16][0, 18][11, 17][3, 11][11, 25][25, 28][7, 27] 
[3, 1, 9, 23, 24, 4, 14][21, 5, 6, 15, 27][12, 8, 26, 0, 13][20, 7, 16, 28][2, 29, 10, 16][18, 17, 19, 22][7, 27][25, 28][11, 25][3, 11][11, 17][0, 18] 
[3, 1, 9, 23, 24, 4, 14][12, 8, 26, 0, 13][21, 5, 6, 15, 27][18, 17, 19, 22][20, 7, 16, 28][2, 29, 10, 16][0, 18][11, 17][3, 11][11, 25][25, 28][7, 27] 
[3, 1, 9, 23, 24, 4, 14][21, 5, 6, 15, 27][12, 8, 26, 0, 13][20, 7, 16, 28][2, 29, 10, 16][18, 17, 19, 22][7, 27][25, 28][11, 25][3, 11][11, 17][0, 18] 
[3, 1, 9, 23, 24, 4, 14][21, 5, 6, 15, 27][12, 8, 26, 0, 13][20, 7, 16, 28][2, 29, 10, 16][18, 17, 19, 22][7, 27][25, 28][11, 25][3, 11][11, 17][0, 18] 
[3, 1, 9, 23, 24, 4, 14][12, 8, 26, 0, 13][21, 5, 6, 15, 27][18, 17, 19, 22][20, 7, 16, 28][2, 29, 10, 16][17, 11, 25][0, 18][25, 28][3, 11][7, 27][1, 9] 
[3, 1, 9, 23, 24, 4, 14][12, 8, 26, 0, 13][21, 5, 6, 15, 27][18, 17, 19, 22][20, 7, 16, 28][2, 29, 10, 16][17, 11, 25][0, 18][25, 28][3, 11][7, 27][1, 9] 
[3, 1, 9, 23, 24, 4, 14][12, 8, 26, 0, 13][21, 5, 6, 15, 27][18, 17, 19, 22][20, 7, 16, 28][2, 29, 10, 16][17, 11, 25][25, 28][3, 11][0, 18][7, 27][1, 9] 
[3, 1, 9, 23, 24, 4, 14][21, 5, 6, 15, 27][12, 8, 26, 0, 13][20, 7, 16, 28][2, 29, 10, 16][18, 17, 19, 22][17, 11, 25][7, 27][25, 28][0, 18][3, 11][1, 9] 
[3, 1, 9, 23, 24, 4, 14][12, 8, 26, 0, 13][21, 5, 6, 15, 27][18, 17, 19, 22][20, 7, 16, 28][2, 29, 10, 16][17, 11, 25][25, 28][3, 11][0, 18][7, 27][1, 9] 
[3, 1, 9, 23, 24, 4, 14][13, 0, 18, 12, 8, 26][21, 5, 6, 15, 27][20, 7, 16, 28][2, 29, 10, 16][17, 11, 25][17, 19, 22][7, 27][25, 28][17, 18][3, 11][1, 9] 
[9, 23, 24, 4, 14][12, 8, 26, 0, 13][21, 5, 6, 15, 27][18, 17, 19, 22][20, 7, 16, 28][2, 29, 10, 16][1, 3, 11][17, 11, 25][1, 9][25, 28][0, 18][7, 27] 
[12, 8, 26, 0, 13][21, 5, 6, 15, 27][9, 23, 24, 4, 14][18, 17, 19, 22][20, 7, 16, 28][2, 29, 10, 16][17, 11, 25][1, 3, 11][0, 18][25, 28][7, 27][1, 9] 
[9, 23, 24, 4, 14][21, 5, 6, 15, 27][12, 8, 26, 0, 13][18, 17, 19, 22][20, 7, 16, 28][2, 29, 10, 16][17, 11, 25][1, 3, 11][1, 9][25, 28][7, 27][0, 18] 
[9, 23, 24, 4, 14][12, 8, 26, 0, 13][21, 5, 6, 15, 27][18, 17, 19, 22][20, 7, 16, 28][2, 29, 10, 16][1, 3, 11][17, 11, 25][1, 9][25, 28][0, 18][7, 27] 
[12, 8, 26, 0, 13][21, 5, 6, 15, 27][9, 23, 24, 4, 14][20, 7, 16, 28][2, 29, 10, 16][18, 17, 19, 22][17, 11, 25][1, 3, 11][25, 28][0, 18][7, 27][1, 9] 
[3, 1, 9, 23, 24, 4, 14][21, 5, 6, 15, 27][12, 8, 26, 0, 13][20, 7, 16, 28][2, 29, 10, 16][18, 17, 19, 22][25, 28][11, 17][7, 27][3, 11][0, 18][11, 25] 
[9, 23, 24, 4, 14][12, 8, 26, 0, 13][21, 5, 6, 15, 27][18, 17, 19, 22][20, 7, 16, 28][2, 29, 10, 16][1, 3, 11][17, 11, 25][1, 9][0, 18][25, 28][7, 27] 
