[7, 4, 24, 3, 9, 23, 20][5, 21, 15, 6, 13][2, 27, 29, 10][8, 26, 0, 18][12, 19, 22, 25][1, 14, 11, 17][0, 28, 16][2, 16][6, 10][18, 19][7, 28][17, 22] 
[7, 4, 24, 3, 9, 23, 20][5, 21, 15, 6, 13][12, 19, 22, 25][1, 14, 11, 17][8, 26, 0, 18][2, 27, 29, 10][0, 28, 16][17, 22][25, 28][7, 28][2, 16][6, 10] 
[7, 4, 24, 3, 9, 23, 20][5, 21, 15, 6, 13][8, 26, 0, 18][2, 27, 29, 10][12, 19, 22, 25][1, 14, 11, 17][0, 28, 16][7, 28][2, 16][25, 28][17, 22][6, 10] 
[7, 4, 24, 3, 9, 23, 20][5, 21, 15, 6, 13][12, 19, 22, 25][1, 14, 11, 17][8, 26, 0, 18][2, 27, 29, 10][0, 28, 16][17, 22][25, 28][2, 16][6, 10][7, 28] 
[7, 4, 24, 3, 9, 23, 20][5, 21, 15, 6, 13][2, 27, 29, 10][8, 26, 0, 18][12, 19, 22, 25][1, 14, 11, 17][0, 28, 16][6, 10][2, 16][25, 28][17, 22][4, 14] 
[7, 4, 24, 3, 9, 23, 20][5, 21, 15, 6, 13][1, 14, 11, 17][12, 19, 22, 25][8, 26, 0, 18][2, 27, 29, 10][0, 28, 16][17, 22][25, 28][2, 16][6, 10][4, 14] 
[7, 4, 24, 3, 9, 23, 20][5, 21, 15, 6, 13][12, 19, 22, 25][8, 26, 0, 18][2, 27, 29, 10][1, 14, 11, 17][0, 28, 16][25, 28][2, 16][6, 10][17, 22][4, 14] 
[7, 4, 24, 3, 9, 23, 20][5, 21, 15, 6, 13][2, 27, 29, 10][8, 26, 0, 18][12, 19, 22, 25][1, 14, 11, 17][0, 28, 16][6, 10][2, 16][25, 28][17, 22][4, 14] 
[7, 4, 24, 3, 9, 23, 20][5, 21, 15, 6, 13][12, 19, 22, 25][1, 14, 11, 17][8, 26, 0, 18][2, 27, 29, 10][0, 28, 16][17, 22][4, 14][25, 28][2, 16][6, 10] 
[7, 4, 24, 3, 9, 23, 20][5, 21, 15, 6, 13][12, 19, 22, 25][1, 14, 11, 17][8, 26, 0, 18][2, 27, 29, 10][0, 28, 16][17, 22][25, 28][4, 14][2, 16][6, 10] 
[7, 4, 24, 3, 9, 23, 20][5, 21, 15, 6, 13][2, 27, 29, 10][8, 26, 0, 18][12, 19, 22, 25][1, 14, 11, 17][0, 28, 16][2, 16][6, 10][18, 19][7, 28][17, 22] 
[7, 4, 24, 3, 9, 23, 20][5, 21, 15, 6, 13][12, 19, 22, 25][8, 26, 0, 18][1, 14, 11, 17][2, 27, 29, 10][0, 28, 16][25, 28][17, 22][2, 16][7, 28][6, 10] 
[7, 4, 24, 3, 9, 23, 20][5, 21, 15, 6, 13][2, 27, 29, 10][8, 26, 0, 18][12, 19, 22, 25][1, 14, 11, 17][0, 28, 16][6, 10][2, 16][25, 28][7, 28][17, 22] 
[7, 4, 24, 3, 9, 23, 20][5, 21, 15, 6, 13][2, 27, 29, 10][8, 26, 0, 18][12, 19, 22, 25][1, 14, 11, 17][0, 28, 16][6, 10][2, 16][25, 28][17, 22][4, 14] 
[7, 4, 24, 3, 9, 23, 20][5, 21, 15, 6, 13][1, 14, 11, 17][12, 19, 22, 25][8, 26, 0, 18][2, 27, 29, 10][0, 28, 16][4, 14][17, 22][25, 28][2, 16][6, 10] 
[7, 4, 24, 3, 9, 23, 20][5, 21, 15, 6, 13][2, 27, 29, 10][8, 26, 0, 18][12, 19, 22, 25][1, 14, 11, 17][0, 28, 16][2, 16][6, 10][25, 28][17, 22][4, 14] 
[7, 4, 24, 3, 9, 23, 20][5, 21, 15, 6, 13][12, 19, 22, 25][8, 26, 0, 18][1, 14, 11, 17][2, 27, 29, 10][0, 28, 16][18, 19][7, 28][17, 22][2, 16][6, 10] 
[7, 4, 24, 3, 9, 23, 20][5, 21, 15, 6, 13][12, 19, 22, 25][1, 14, 11, 17][8, 26, 0, 18][2, 27, 29, 10][0, 28, 16][17, 22][25, 28][7, 28][2, 16][6, 10] 
[7, 4, 24, 3, 9, 23, 20][5, 21, 15, 6, 13][1, 14, 11, 17][12, 19, 22, 25][8, 26, 0, 18][2, 27, 29, 10][0, 28, 16][4, 14][17, 22][25, 28][2, 16][6, 10] 
[7, 4, 24, 3, 9, 23, 20][5, 21, 15, 6, 13][8, 26, 0, 18][12, 19, 22, 25][1, 14, 11, 17][2, 27, 29, 10][0, 28, 16][18, 19][7, 28][17, 22][2, 16][6, 10] 
[7, 4, 24, 3, 9, 23, 20][5, 21, 15, 6, 13][8, 26, 0, 18][2, 27, 29, 10][12, 19, 22, 25][1, 14, 11, 17][0, 28, 16][2, 16][18, 19][17, 22][6, 10][7, 28] 
[7, 4, 24, 3, 9, 23, 20][5, 21, 15, 6, 13][12, 19, 22, 25][1, 14, 11, 17][8, 26, 0, 18][2, 27, 29, 10][0, 28, 16][17, 22][25, 28][7, 28][2, 16][6, 10] 
[7, 4, 24, 3, 9, 23, 20][5, 21, 15, 6, 13][2, 27, 29, 10][8, 26, 0, 18][12, 19, 22, 25][1, 14, 11, 17][0, 28, 16][6, 10][2, 16][25, 28][7, 28][17, 22] 
[7, 4, 24, 3, 9, 23, 20][5, 21, 15, 6, 13][1, 14, 11, 17][12, 19, 22, 25][8, 26, 0, 18][2, 27, 29, 10][0, 28, 16][17, 22][25, 28][2, 16][6, 10][4, 14] 
[7, 4, 24, 3, 9, 23, 20][5, 21, 15, 6, 13][1, 14, 11, 17][12, 19, 22, 25][8, 26, 0, 18][2, 27, 29, 10][0, 28, 16][4, 14][17, 22][25, 28][2, 16][6, 10] 
[7, 4, 24, 3, 9, 23, 20][5, 21, 15, 6, 13][8, 26, 0, 18][2, 27, 29, 10][12, 19, 22, 25][1, 14, 11, 17][0, 28, 16][2, 16][6, 10][25, 28][17, 22][4, 14] 
[7, 4, 24, 3, 9, 23, 20][5, 21, 15, 6, 13][8, 26, 0, 18][12, 19, 22, 25][2, 27, 29, 10][1, 14, 11, 17][0, 28, 16][18, 19][2, 16][7, 28][17, 22][6, 10] 
[7, 4, 24, 3, 9, 23, 20][5, 21, 15, 6, 13][12, 19, 22, 25][8, 26, 0, 18][1, 14, 11, 17][2, 27, 29, 10][0, 28, 16][25, 28][17, 22][2, 16][7, 28][6, 10] 
[7, 4, 24, 3, 9, 23, 20][5, 21, 15, 6, 13][12, 19, 22, 25][8, 26, 0, 18][2, 27, 29, 10][1, 14, 11, 17][0, 28, 16][25, 28][2, 16][6, 10][17, 22][4, 14] 
[7, 4, 24, 3, 9, 23, 20][5, 21, 15, 6, 13][8, 26, 0, 18][12, 19, 22, 25][1, 14, 11, 17][2, 27, 29, 10][0, 28, 16][18, 19][7, 28][17, 22][2, 16][6, 10] 
[7, 4, 24, 3, 9, 23, 20][5, 21, 15, 6, 13][8, 26, 0, 18][12, 19, 22, 25][2, 27, 29, 10][1, 14, 11, 17][0, 28, 16][7, 28][18, 19][2, 16][17, 22][6, 10] 
[7, 4, 24, 3, 9, 23, 20][5, 21, 15, 6, 13][12, 19, 22, 25][1, 14, 11, 17][8, 26, 0, 18][2, 27, 29, 10][0, 28, 16][17, 22][25, 28][7, 28][2, 16][6, 10] 
[7, 4, 24, 3, 9, 23, 20][5, 21, 15, 6, 13][2, 27, 29, 10][8, 26, 0, 18][12, 19, 22, 25][1, 14, 11, 17][0, 28, 16][6, 10][2, 16][25, 28][17, 22][4, 14] 
[7, 4, 24, 3, 9, 23, 20][5, 21, 15, 6, 13][12, 19, 22, 25][1, 14, 11, 17][8, 26, 0, 18][2, 27, 29, 10][0, 28, 16][17, 22][18, 19][7, 28][2, 16][6, 10] 
[7, 4, 24, 3, 9, 23, 20][5, 21, 15, 6, 13][8, 26, 0, 18][12, 19, 22, 25][2, 27, 29, 10][1, 14, 11, 17][0, 28, 16][7, 28][18, 19][2, 16][17, 22][6, 10] 
[13, 0, 26, 8, 19, 12, 17, 28, 7, 24, 14, 11, 25, 22][13, 6, 10, 2, 21, 5, 15, 16, 27, 29][4, 24, 3, 9, 23, 20][12, 19][12, 19][5, 21][18, 19][1, 9][6, 10][6, 10][8, 19][8, 26] 
[13, 0, 26, 8, 19, 12, 17, 28, 7, 24, 14, 11, 25, 22][13, 6, 10, 2, 21, 5, 15, 16, 27, 29][4, 24, 3, 9, 23, 20][7, 28][5, 21][18, 19][1, 9][6, 10][8, 26][6, 10][5, 21][8, 26] 
[13, 0, 26, 8, 19, 12, 17, 28, 7, 24, 14, 11, 25, 22][13, 6, 10, 2, 21, 5, 15, 16, 27, 29][4, 24, 3, 9, 23, 20][18, 19][1, 9][8, 26][6, 10][8, 26][8, 19][8, 26][8, 26][8, 26] 
[18, 22, 25, 11, 14, 24, 7, 28, 17, 12, 19, 8, 26][13, 6, 10, 2, 21, 5, 15, 16, 27, 29][6, 10, 2, 21, 5, 15, 16, 27, 29][13, 0, 26, 8, 19, 12, 17, 28][4, 24, 3, 9, 23, 20][1, 14][20, 23][8, 26][8, 26][8, 26][6, 13][8, 26] 
[13, 0, 26, 8, 19, 12, 17, 28, 7, 24, 14, 11, 25, 22][6, 10, 2, 21, 5, 15, 16, 27, 29][4, 24, 3, 9, 23, 20][8, 26][1, 14][18, 22][6, 13][8, 26][8, 26][5, 21][8, 26][8, 26] 
[16, 15, 5, 21, 2, 10, 6, 13, 0, 26, 8, 19][12, 17, 28, 7, 24, 14, 11, 25, 22, 18][4, 24, 3, 9, 23, 20][10, 29, 27][7, 28][8, 26][1, 14][6, 10][7, 28][6, 10][6, 10][0, 18] 
[13, 0, 26, 8, 19, 12, 17, 28, 7, 24, 14, 11, 25, 22][13, 6, 10, 2, 21, 5, 15, 16, 27, 29][4, 24, 3, 9, 23, 20][12, 19][12, 19][5, 21][18, 19][1, 9][6, 10][6, 10][8, 19][8, 26] 
[13, 0, 26, 8, 19, 12, 17, 28, 7, 24, 14, 11, 25, 22][13, 6, 10, 2, 21, 5, 15, 16, 27, 29][4, 24, 3, 9, 23, 20][18, 19][1, 9][8, 26][6, 10][8, 26][8, 19][8, 26][8, 26][8, 26] 
[18, 22, 25, 11, 14, 24, 7, 28, 17, 12, 19, 8, 26][13, 6, 10, 2, 21, 5, 15, 16, 27, 29][6, 10, 2, 21, 5, 15, 16, 27, 29][13, 0, 26, 8, 19, 12, 17, 28][4, 24, 3, 9, 23, 20][1, 14][20, 23][8, 26][8, 26][8, 26][6, 13][8, 26] 
[13, 0, 26, 8, 19, 12, 17, 28, 7, 24, 14, 11, 25, 22, 18][13, 6, 10, 2, 21, 5, 15, 16, 27, 29][4, 24, 3, 9, 23, 20][17, 28][1, 14][5, 21][6, 10][2, 16][8, 26][12, 19][8, 26][8, 26] 
[13, 0, 26, 8, 19, 12, 17, 28, 7, 24, 14, 11, 25, 22][13, 6, 10, 2, 21, 5, 15, 16, 27, 29][4, 24, 3, 9, 23, 20][12, 19][5, 21][18, 19][1, 9][6, 10][6, 10][7, 28][8, 26][8, 19] 
[13, 0, 26, 8, 19, 12, 17, 28, 7, 24, 14, 11, 25, 22][13, 6, 10, 2, 21, 5, 15, 16, 27, 29][4, 24, 3, 9, 23, 20][7, 28][5, 21][18, 19][1, 9][6, 10][8, 26][6, 10][5, 21][8, 26] 
[19, 8, 26, 0, 13, 6, 10, 2, 21, 5, 15, 16, 27][19, 12, 17, 28, 7, 24, 14, 11, 25, 22][4, 24, 3, 9, 23, 20][6, 10][27, 29][1, 14][18, 22][5, 21][8, 26][5, 21][6, 10][8, 26] 
[13, 0, 26, 8, 19, 12, 17, 28, 7, 24, 14, 11, 25, 22, 18][19, 8, 26, 0, 13, 6, 10, 2, 21, 5, 15, 16, 27][4, 24, 3, 9, 23, 20][14, 11, 25, 22, 18][20, 23][20, 23][18, 22][27, 29][1, 14][22, 25][8, 26][18, 22] 
[13, 0, 26, 8, 19, 12, 17, 28, 7, 24, 14, 11, 25, 22][13, 6, 10, 2, 21, 5, 15, 16, 27, 29][4, 24, 3, 9, 23, 20][12, 19][5, 21][18, 19][1, 9][6, 10][6, 10][7, 28][8, 26][8, 19] 
[13, 0, 26, 8, 19, 12, 17, 28, 7, 24, 14, 11, 25, 22, 18][13, 6, 10, 2, 21, 5, 15, 16, 27, 29][4, 24, 3, 9, 23, 20][5, 21][6, 10][6, 13][1, 14][6, 13][6, 13][20, 23][20, 23][6, 13] 
[13, 0, 26, 8, 19, 12, 17, 28, 7, 24, 14, 11, 25, 22, 18][13, 6, 10, 2, 21, 5, 15, 16, 27, 29][7, 24, 14, 11, 25, 22, 18][4, 24, 3, 9, 23, 20][1, 14][5, 21][17, 28][5, 21][6, 10][6, 13][8, 26][5, 21] 
[13, 0, 26, 8, 19, 12, 17, 28, 7, 24, 14, 11, 25][13, 6, 10, 2, 21, 5, 15, 16, 27, 29][4, 24, 3, 9, 23, 20][18, 22, 25][20, 23][1, 14][5, 21][8, 26][20, 23][20, 23][6, 13][11, 25] 
[13, 0, 26, 8, 19, 12, 17, 28, 7, 24, 14, 11, 25, 22, 18][13, 6, 10, 2, 21, 5, 15, 16, 27, 29][7, 24, 14, 11, 25, 22, 18][4, 24, 3, 9, 23, 20][1, 14][5, 21][17, 28][5, 21][6, 10][6, 13][8, 26][5, 21] 
[13, 0, 26, 8, 19, 12, 17, 28, 7, 24, 14, 11, 25, 22, 18][13, 6, 10, 2, 21, 5, 15, 16, 27, 29][18, 22, 25, 11, 14, 24, 7, 28][4, 24, 3, 9, 23, 20][8, 26][1, 14][8, 26][20, 23][20, 23][8, 26][8, 26][27, 29] 
[13, 0, 26, 8, 19, 12, 17, 28, 7, 24, 14, 11, 25, 22, 18][13, 6, 10, 2, 21, 5, 15, 16, 27, 29][4, 24, 3, 9, 23, 20][9, 23, 20][18, 22, 25][1, 14][11, 25][6, 10][6, 13][18, 22][5, 21][20, 23] 
[7, 4, 24, 3, 9, 23, 20][5, 21, 15, 6, 13][1, 14, 11, 17][12, 19, 22, 25][8, 26, 0, 18][2, 27, 29, 10][0, 28, 16][4, 14][17, 22][25, 28][2, 16][6, 10] 
[7, 4, 24, 3, 9, 23, 20][5, 21, 15, 6, 13][8, 26, 0, 18][12, 19, 22, 25][1, 14, 11, 17][2, 27, 29, 10][0, 28, 16][25, 28][17, 22][4, 14][2, 16][6, 10] 
[7, 4, 24, 3, 9, 23, 20][5, 21, 15, 6, 13][2, 27, 29, 10][8, 26, 0, 18][12, 19, 22, 25][1, 14, 11, 17][0, 28, 16][2, 16][25, 28][6, 10][17, 22][4, 14] 
[7, 4, 24, 3, 9, 23, 20][5, 21, 15, 6, 13][1, 14, 11, 17][12, 19, 22, 25][8, 26, 0, 18][2, 27, 29, 10][0, 28, 16][4, 14][17, 22][25, 28][2, 16][6, 10] 
[7, 4, 24, 3, 9, 23, 20][5, 21, 15, 6, 13][2, 27, 29, 10][8, 26, 0, 18][12, 19, 22, 25][1, 14, 11, 17][0, 28, 16][2, 16][25, 28][6, 10][17, 22][4, 14] 
[7, 4, 24, 3, 9, 23, 20][5, 21, 15, 6, 13][8, 26, 0, 18][12, 19, 22, 25][2, 27, 29, 10][1, 14, 11, 17][0, 28, 16][25, 28][2, 16][17, 22][6, 10][4, 14] 
[7, 4, 24, 3, 9, 23, 20][5, 21, 15, 6, 13][2, 27, 29, 10][8, 26, 0, 18][12, 19, 22, 25][1, 14, 11, 17][0, 28, 16][6, 10][2, 16][25, 28][17, 22][4, 14] 
[7, 4, 24, 3, 9, 23, 20][5, 21, 15, 6, 13][12, 19, 22, 25][8, 26, 0, 18][2, 27, 29, 10][1, 14, 11, 17][0, 28, 16][25, 28][2, 16][6, 10][17, 22][4, 14] 
[7, 4, 24, 3, 9, 23, 20][5, 21, 15, 6, 13][2, 27, 29, 10][8, 26, 0, 18][12, 19, 22, 25][1, 14, 11, 17][0, 28, 16][6, 10][2, 16][25, 28][17, 22][4, 14] 
[7, 4, 24, 3, 9, 23, 20][5, 21, 15, 6, 13][8, 26, 0, 18][12, 19, 22, 25][1, 14, 11, 17][2, 27, 29, 10][0, 28, 16][25, 28][17, 22][4, 14][2, 16][6, 10] 
[7, 4, 24, 3, 9, 23, 20][5, 21, 15, 6, 13][1, 14, 11, 17][12, 19, 22, 25][8, 26, 0, 18][2, 27, 29, 10][0, 28, 16][4, 14][17, 22][25, 28][2, 16][6, 10] 
[7, 4, 24, 3, 9, 23, 20][5, 21, 15, 6, 13][12, 19, 22, 25][8, 26, 0, 18][2, 27, 29, 10][1, 14, 11, 17][0, 28, 16][25, 28][2, 16][6, 10][17, 22][4, 14] 
[7, 4, 24, 3, 9, 23, 20][5, 21, 15, 6, 13][1, 14, 11, 17][12, 19, 22, 25][8, 26, 0, 18][2, 27, 29, 10][0, 28, 16][4, 14][17, 22][25, 28][2, 16][6, 10] 
[7, 4, 24, 3, 9, 23, 20][5, 21, 15, 6, 13][1, 14, 11, 17][12, 19, 22, 25][8, 26, 0, 18][2, 27, 29, 10][0, 28, 16][4, 14][17, 22][25, 28][2, 16][6, 10] 
[7, 4, 24, 3, 9, 23, 20][5, 21, 15, 6, 13][12, 19, 22, 25][8, 26, 0, 18][2, 27, 29, 10][1, 14, 11, 17][0, 28, 16][25, 28][2, 16][6, 10][17, 22][4, 14] 
[7, 4, 24, 3, 9, 23, 20][5, 21, 15, 6, 13][12, 19, 22, 25][1, 14, 11, 17][8, 26, 0, 18][2, 27, 29, 10][0, 28, 16][17, 22][18, 19][7, 28][2, 16][6, 10] 
[7, 4, 24, 3, 9, 23, 20][5, 21, 15, 6, 13][12, 19, 22, 25][8, 26, 0, 18][1, 14, 11, 17][2, 27, 29, 10][0, 28, 16][18, 19][7, 28][17, 22][2, 16][6, 10] 
[7, 4, 24, 3, 9, 23, 20][5, 21, 15, 6, 13][1, 14, 11, 17][12, 19, 22, 25][8, 26, 0, 18][2, 27, 29, 10][0, 28, 16][17, 22][18, 19][2, 16][6, 10][7, 28] 
[7, 4, 24, 3, 9, 23, 20][5, 21, 15, 6, 13][12, 19, 22, 25][8, 26, 0, 18][1, 14, 11, 17][2, 27, 29, 10][0, 28, 16][18, 19][7, 28][17, 22][2, 16][6, 10] 
[7, 4, 24, 3, 9, 23, 20][5, 21, 15, 6, 13][12, 19, 22, 25][8, 26, 0, 18][1, 14, 11, 17][2, 27, 29, 10][0, 28, 16][18, 19][7, 28][17, 22][2, 16][6, 10] 
[7, 4, 24, 3, 9, 23, 20][5, 21, 15, 6, 13][1, 14, 11, 17][8, 26, 0, 18][2, 27, 29, 10][12, 19, 22, 25][16, 28, 25][17, 22][18, 19][2, 16][7, 28][6, 10] 
[7, 4, 24, 3, 9, 23, 20][5, 21, 15, 6, 13][2, 27, 29, 10][8, 26, 0, 18][12, 19, 22, 25][1, 14, 11, 17][0, 28, 16][6, 10][2, 16][25, 28][17, 22][4, 14] 
[7, 4, 24, 3, 9, 23, 20][5, 21, 15, 6, 13][2, 27, 29, 10][8, 26, 0, 18][12, 19, 22, 25][1, 14, 11, 17][0, 28, 16][6, 10][2, 16][25, 28][17, 22][4, 14] 
[7, 4, 24, 3, 9, 23, 20][5, 21, 15, 6, 13][12, 19, 22, 25][1, 14, 11, 17][8, 26, 0, 18][2, 27, 29, 10][0, 28, 16][17, 22][25, 28][2, 16][4, 14][6, 10] 
[7, 4, 24, 3, 9, 23, 20][5, 21, 15, 6, 13][12, 19, 22, 25][1, 14, 11, 17][8, 26, 0, 18][2, 27, 29, 10][0, 28, 16][17, 22][4, 14][25, 28][2, 16][6, 10] 
[7, 4, 24, 3, 9, 23, 20][5, 21, 15, 6, 13][12, 19, 22, 25][8, 26, 0, 18][2, 27, 29, 10][1, 14, 11, 17][0, 28, 16][25, 28][2, 16][6, 10][17, 22][4, 14] 
[7, 4, 24, 3, 9, 23, 20][5, 21, 15, 6, 13][12, 19, 22, 25][8, 26, 0, 18][2, 27, 29, 10][1, 14, 11, 17][0, 28, 16][25, 28][2, 16][17, 22][7, 28][6, 10] 
[7, 4, 24, 3, 9, 23, 20][5, 21, 15, 6, 13][2, 27, 29, 10][8, 26, 0, 18][12, 19, 22, 25][1, 14, 11, 17][0, 28, 16][6, 10][2, 16][25, 28][17, 22][4, 14] 
[7, 4, 24, 3, 9, 23, 20][5, 21, 15, 6, 13][12, 19, 22, 25][8, 26, 0, 18][2, 27, 29, 10][1, 14, 11, 17][0, 28, 16][18, 19][7, 28][2, 16][6, 10][17, 22] 
[7, 4, 24, 3, 9, 23, 20][5, 21, 15, 6, 13][8, 26, 0, 18][12, 19, 22, 25][1, 14, 11, 17][2, 27, 29, 10][0, 28, 16][18, 19][17, 22][2, 16][7, 28][6, 10] 
[7, 4, 24, 3, 9, 23, 20][5, 21, 15, 6, 13][2, 27, 29, 10][8, 26, 0, 18][12, 19, 22, 25][1, 14, 11, 17][0, 28, 16][6, 10][2, 16][7, 28][18, 19][17, 22] 
[7, 4, 24, 3, 9, 23, 20][5, 21, 15, 6, 13][8, 26, 0, 18][2, 27, 29, 10][12, 19, 22, 25][1, 14, 11, 17][0, 28, 16][7, 28][2, 16][18, 19][17, 22][6, 10] 
[7, 4, 24, 3, 9, 23, 20][5, 21, 15, 6, 13][8, 26, 0, 18][2, 27, 29, 10][12, 19, 22, 25][1, 14, 11, 17][0, 28, 16][7, 28][2, 16][6, 10][18, 19][17, 22] 
[7, 4, 24, 3, 9, 23, 20][5, 21, 15, 6, 13][8, 26, 0, 18][2, 27, 29, 10][12, 19, 22, 25][1, 14, 11, 17][0, 28, 16][7, 28][2, 16][18, 19][17, 22][6, 10] 
[7, 4, 24, 3, 9, 23, 20][5, 21, 15, 6, 13][8, 26, 0, 18][12, 19, 22, 25][2, 27, 29, 10][1, 14, 11, 17][0, 28, 16][18, 19][2, 16][7, 28][17, 22][6, 10] 
[7, 4, 24, 3, 9, 23, 20][5, 21, 15, 6, 13][8, 26, 0, 18][12, 19, 22, 25][1, 14, 11, 17][2, 27, 29, 10][0, 28, 16][18, 19][17, 22][2, 16][7, 28][6, 10] 
[7, 4, 24, 3, 9, 23, 20][5, 21, 15, 6, 13][8, 26, 0, 18][2, 27, 29, 10][12, 19, 22, 25][1, 14, 11, 17][0, 28, 16][2, 16][18, 19][7, 28][6, 10][17, 22] 
[7, 4, 24, 3, 9, 23, 20][5, 21, 15, 6, 13][8, 26, 0, 18][12, 19, 22, 25][1, 14, 11, 17][2, 27, 29, 10][0, 28, 16][7, 28][18, 19][17, 22][2, 16][6, 10] 
[7, 4, 24, 3, 9, 23, 20][5, 21, 15, 6, 13][8, 26, 0, 18][2, 27, 29, 10][12, 19, 22, 25][1, 14, 11, 17][0, 28, 16][2, 16][18, 19][7, 28][6, 10][17, 22] 
[7, 4, 24, 3, 9, 23, 20][5, 21, 15, 6, 13][2, 27, 29, 10][8, 26, 0, 18][12, 19, 22, 25][1, 14, 11, 17][0, 28, 16][6, 10][2, 16][7, 28][18, 19][17, 22] 
[7, 4, 24, 3, 9, 23, 20][5, 21, 15, 6, 13][8, 26, 0, 18][2, 27, 29, 10][12, 19, 22, 25][1, 14, 11, 17][0, 28, 16][7, 28][2, 16][6, 10][18, 19][17, 22] 
[7, 4, 24, 3, 9, 23, 20][5, 21, 15, 6, 13][2, 27, 29, 10][8, 26, 0, 18][12, 19, 22, 25][1, 14, 11, 17][0, 28, 16][6, 10][2, 16][7, 28][18, 19][17, 22] 
[7, 4, 24, 3, 9, 23, 20][5, 21, 15, 6, 13][12, 19, 22, 25][1, 14, 11, 17][8, 26, 0, 18][2, 27, 29, 10][0, 28, 16][17, 22][18, 19][7, 28][2, 16][6, 10] 
[7, 4, 24, 3, 9, 23, 20][12, 19, 22, 25, 28, 16][5, 21, 15, 6, 13][1, 14, 11, 17][8, 26, 0, 18][2, 27, 29][17, 22][18, 19][13, 18][6, 10][10, 29][7, 10] 
[7, 4, 24, 3, 9, 23, 20][12, 19, 22, 25, 28, 16][5, 21, 15, 6, 13][1, 14, 11, 17][8, 26, 0, 18][2, 27, 29][17, 22][18, 19][13, 18][6, 10][10, 29][7, 10] 
[7, 4, 24, 3, 9, 23, 20][12, 19, 22, 25, 28][5, 21, 15, 6, 13][8, 26, 0, 18][1, 14, 11, 17][16, 2, 27, 29][10, 29, 27][18, 19][13, 18][17, 22][6, 10][7, 10] 
[7, 4, 24, 3, 9, 23, 20][12, 19, 22, 25, 28, 16][5, 21, 15, 6, 13][1, 14, 11, 17][8, 26, 0, 18][2, 27, 29][17, 22][18, 19][13, 18][6, 10][10, 29][7, 10] 
[7, 4, 24, 3, 9, 23, 20][12, 19, 22, 25, 28, 16][5, 21, 15, 6, 13][1, 14, 11, 17][8, 26, 0, 18][2, 27, 29][17, 22][18, 19][13, 18][6, 10][10, 29][7, 10] 
[7, 4, 24, 3, 9, 23, 20][12, 19, 22, 25, 28, 16][5, 21, 15, 6, 13][2, 27, 29, 10][8, 26, 0, 18][1, 14, 11, 17][7, 10][6, 10][13, 18][18, 19][12, 19][17, 22] 
[7, 4, 24, 3, 9, 23, 20][5, 21, 15, 6, 13][1, 14, 11, 17][12, 19, 22, 25][8, 26, 0, 18][2, 27, 29, 10][0, 28, 16][4, 14][17, 22][25, 28][2, 16][6, 10] 
[7, 4, 24, 3, 9, 23, 20][5, 21, 15, 6, 13][2, 27, 29, 10][8, 26, 0, 18][1, 14, 11, 17][12, 19, 22, 25][0, 28, 16][6, 10][2, 16][25, 28][17, 22][4, 14] 
[7, 4, 24, 3, 9, 23, 20][5, 21, 15, 6, 13][8, 26, 0, 18][12, 19, 22, 25][2, 27, 29, 10][1, 14, 11, 17][0, 28, 16][25, 28][2, 16][17, 22][6, 10][4, 14] 
[7, 4, 24, 3, 9, 23, 20][5, 21, 15, 6, 13][12, 19, 22, 25][1, 14, 11, 17][8, 26, 0, 18][2, 27, 29, 10][0, 28, 16][17, 22][4, 14][25, 28][2, 16][6, 10] 
[7, 4, 24, 3, 9, 23, 20][5, 21, 15, 6, 13][1, 14, 11, 17][12, 19, 22, 25][8, 26, 0, 18][2, 27, 29, 10][0, 28, 16][4, 14][17, 22][25, 28][2, 16][6, 10] 
[7, 4, 24, 3, 9, 23, 20][5, 21, 15, 6, 13][12, 19, 22, 25][8, 26, 0, 18][1, 14, 11, 17][2, 27, 29, 10][0, 28, 16][18, 19][7, 28][17, 22][2, 16][6, 10] 
[7, 4, 24, 3, 9, 23, 20][5, 21, 15, 6, 13][12, 19, 22, 25][1, 14, 11, 17][8, 26, 0, 18][2, 27, 29, 10][0, 28, 16][17, 22][25, 28][2, 16][4, 14][6, 10] 
