[12, 8, 26, 0, 22, 18, 19][9, 23, 1, 3, 4, 24][5, 21, 10, 29][15, 27, 7, 20][11, 25, 28, 17][16, 2, 29][2, 6, 13][10, 15][14, 20][0, 13][14, 24][16, 28] 
[12, 8, 26, 0, 22, 18, 19][9, 23, 1, 3, 4, 24][15, 27, 7, 20][5, 21, 10, 29][11, 25, 28, 17][6, 10, 15][16, 2, 29][14, 24][14, 20][6, 13][0, 13][16, 28] 
[12, 8, 26, 0, 22, 18, 19][9, 23, 1, 3, 4, 24][5, 21, 10, 29][15, 27, 7, 20][11, 25, 28, 17][6, 10, 15][16, 2, 29][6, 13][0, 13][14, 20][16, 28][14, 24] 
[12, 8, 26, 0, 22, 18, 19][9, 23, 1, 3, 4, 24][15, 27, 7, 20][5, 21, 10, 29][11, 25, 28, 17][6, 10, 15][16, 2, 29][14, 20][6, 13][0, 13][14, 24][16, 28] 
[12, 8, 26, 0, 22, 18, 19][9, 23, 1, 3, 4, 24][15, 27, 7, 20][11, 25, 28, 17][6, 10, 15][5, 21, 10][2, 6, 13][16, 2, 29][14, 20][14, 24][16, 28][0, 13] 
[12, 8, 26, 0, 22, 18, 19][9, 23, 1, 3, 4, 24][15, 27, 7, 20][11, 25, 28, 17][2, 6, 13][16, 2, 29][6, 10, 15][5, 21, 10][16, 28][0, 13][14, 20][14, 24] 
[12, 8, 26, 0, 22, 18, 19][9, 23, 1, 3, 4, 24][5, 21, 10, 29][11, 25, 28, 17][15, 27, 7, 20][16, 2, 29][6, 10, 15][6, 13][0, 13][16, 28][14, 20][14, 24] 
[12, 8, 26, 0, 22, 18, 19][9, 23, 1, 3, 4, 24][15, 27, 7, 20][11, 25, 28, 17][6, 10, 15][5, 21, 10][2, 6, 13][16, 2, 29][14, 24][14, 20][0, 13][16, 28] 
[12, 8, 26, 0, 22, 18, 19][9, 23, 1, 3, 4, 24][15, 27, 7, 20][11, 25, 28, 17][6, 10, 15][5, 21, 10][2, 6, 13][16, 2, 29][14, 20][16, 28][14, 24][0, 13] 
[12, 8, 26, 0, 22, 18, 19][4, 3, 1, 23, 9][17, 11, 14, 24][15, 27, 7, 20][6, 10, 15][5, 21, 10][2, 6, 13][16, 2, 29][16, 28, 25][4, 24][14, 20][0, 13] 
[12, 8, 26, 0, 22, 18, 19][9, 23, 1, 3, 4, 24][15, 27, 7, 20][5, 21, 10, 29][11, 25, 28, 17][16, 2, 29][2, 6, 13][10, 15][0, 13][16, 28][14, 20][14, 24] 
[12, 8, 26, 0, 22, 18, 19][9, 23, 1, 3, 4, 24][5, 21, 10, 29][11, 25, 28, 17][15, 27, 7, 20][16, 2, 29][6, 10, 15][6, 13][16, 28][0, 13][14, 20][14, 24] 
[12, 8, 26, 0, 22, 18, 19][9, 23, 1, 3, 4, 24][5, 21, 10, 29][15, 27, 7, 20][11, 25, 28, 17][6, 10, 15][16, 2, 29][16, 28][14, 20][14, 24][6, 13][0, 13] 
[12, 8, 26, 0, 22, 18, 19][9, 23, 1, 3, 4, 24][15, 27, 7, 20][11, 25, 28, 17][6, 10, 15][5, 21, 10][2, 6, 13][16, 2, 29][14, 24][14, 20][0, 13][16, 28] 
[12, 8, 26, 0, 22, 18, 19][9, 23, 1, 3, 4, 24][15, 27, 7, 20][11, 25, 28, 17][2, 6, 13][6, 10, 15][5, 21, 10][16, 2, 29][0, 13][14, 20][14, 24][16, 28] 
[12, 8, 26, 0, 22, 18, 19][9, 23, 1, 3, 4, 24][11, 25, 28, 17][15, 27, 7, 20][16, 2, 29][2, 6, 13][6, 10, 15][5, 21, 10][16, 28][14, 20][0, 13][14, 24] 
[12, 8, 26, 0, 22, 18, 19][9, 23, 1, 3, 4, 24][15, 27, 7, 20][5, 21, 10, 29][11, 25, 28, 17][16, 2, 29][2, 6, 13][14, 24][14, 20][10, 15][0, 13][16, 28] 
[12, 8, 26, 0, 22, 18, 19][9, 23, 1, 3, 4, 24][5, 21, 10, 29][11, 25, 28, 17][15, 27, 7, 20][16, 2, 29][6, 10, 15][6, 13][0, 13][16, 28][14, 20][14, 24] 
[12, 8, 26, 0, 22, 18, 19][9, 23, 1, 3, 4, 24][15, 27, 7, 20][11, 25, 28, 17][6, 10, 15][5, 21, 10][2, 6, 13][16, 2, 29][14, 24][14, 20][0, 13][16, 28] 
[12, 8, 26, 0, 22, 18, 19][9, 23, 1, 3, 4, 24][5, 21, 10, 29][15, 27, 7, 20][11, 25, 28, 17][2, 6, 13][16, 2, 29][0, 13][10, 15][14, 20][16, 28][14, 24] 
[12, 8, 26, 0, 22, 18, 19][9, 23, 1, 3, 4, 24][15, 27, 7, 20][5, 21, 10, 29][11, 25, 28, 17][16, 2, 29][2, 6, 13][14, 24][14, 20][10, 15][0, 13][16, 28] 
[12, 8, 26, 0, 22, 18, 19][9, 23, 1, 3, 4, 24][15, 27, 7, 20][5, 21, 10, 29][11, 25, 28, 17][6, 10, 15][16, 2, 29][14, 24][14, 20][6, 13][0, 13][16, 28] 
[12, 8, 26, 0, 22, 18, 19][9, 23, 1, 3, 4, 24][5, 21, 10, 29][15, 27, 7, 20][11, 25, 28, 17][6, 10, 15][16, 2, 29][6, 13][0, 13][14, 20][16, 28][14, 24] 
[12, 8, 26, 0, 22, 18, 19][9, 23, 1, 3, 4, 24][15, 27, 7, 20][11, 25, 28, 17][6, 10, 15][5, 21, 10][2, 6, 13][16, 2, 29][14, 20][14, 24][16, 28][0, 13] 
[12, 8, 26, 0, 22, 18, 19][9, 23, 1, 3, 4, 24][11, 25, 28, 17][15, 27, 7, 20][2, 6, 13][16, 2, 29][5, 21, 10][6, 10, 15][0, 13][16, 28][14, 20][14, 24] 
[12, 8, 26, 0, 22, 18, 19][9, 23, 1, 3, 4, 24][15, 27, 7, 20][11, 25, 28, 17][6, 10, 15][5, 21, 10][2, 6, 13][16, 2, 29][14, 20][16, 28][14, 24][0, 13] 
[12, 8, 26, 0, 22, 18, 19][9, 23, 1, 3, 4, 24][5, 21, 10, 29][15, 27, 7, 20][11, 25, 28, 17][16, 2, 29][2, 6, 13][10, 15][16, 28][14, 20][14, 24][0, 13] 
[12, 8, 26, 0, 22, 18, 19][9, 23, 1, 3, 4, 24][15, 27, 7, 20][5, 21, 10, 29][11, 25, 28, 17][6, 10, 15][16, 2, 29][14, 20][6, 13][0, 13][14, 24][16, 28] 
[12, 8, 26, 0, 22, 18, 19][9, 23, 1, 3, 4, 24][15, 27, 7, 20][11, 25, 28, 17][6, 10, 15][2, 6, 13][16, 2, 29][5, 21, 10][14, 20][14, 24][16, 28][0, 13] 
[12, 8, 26, 0, 22, 18, 19][9, 23, 1, 3, 4, 24][5, 21, 10, 29][15, 27, 7, 20][11, 25, 28, 17][16, 2, 29][2, 6, 13][10, 15][16, 28][14, 20][14, 24][0, 13] 
[12, 8, 26, 0, 22, 18, 19][9, 23, 1, 3, 4, 24][5, 21, 10, 29][15, 27, 7, 20][11, 25, 28, 17][16, 2, 29][2, 6, 13][10, 15][16, 28][0, 13][14, 20][14, 24] 
[12, 8, 26, 0, 22, 18, 19][9, 23, 1, 3, 4, 24][5, 21, 10, 29][15, 27, 7, 20][11, 25, 28, 17][6, 10, 15][16, 2, 29][16, 28][14, 20][14, 24][6, 13][0, 13] 
[12, 8, 26, 0, 22, 18, 19][9, 23, 1, 3, 4, 24][15, 27, 7, 20][11, 25, 28, 17][6, 10, 15][5, 21, 10][2, 6, 13][16, 2, 29][14, 20][14, 24][16, 28][0, 13] 
[12, 8, 26, 0, 22, 18, 19][9, 23, 1, 3, 4, 24][5, 21, 10, 29][11, 25, 28, 17][15, 27, 7, 20][2, 6, 13][16, 2, 29][0, 13][16, 28][10, 15][14, 20][14, 24] 
[12, 8, 26, 0, 22, 18, 19][9, 23, 1, 3, 4, 24][5, 21, 10, 29][15, 27, 7, 20][11, 25, 28, 17][16, 2, 29][2, 6, 13][10, 15][14, 20][0, 13][14, 24][16, 28] 
[19, 18, 22, 0, 26, 8, 12, 17, 11, 25, 7, 28][5, 21, 6, 15, 16, 2, 29, 27, 10, 7, 20][9, 23, 1, 3, 4, 24, 14, 20][0, 13][8, 12][7, 25][14, 24][11, 17][14, 24][7, 25][14, 24][7, 25] 
[19, 18, 22, 0, 26, 8, 12, 17, 11, 25, 7, 28][5, 21, 6, 15, 16, 2, 29, 27, 10, 7, 20][9, 23, 1, 3, 4, 24, 14, 20][0, 13][5, 21][7, 25][14, 24][5, 21][5, 21][8, 12][5, 21][5, 21] 
[19, 18, 22, 0, 26, 8, 12, 17, 11, 25, 7, 28][5, 21, 6, 15, 16, 2, 29, 27, 10, 7, 20][9, 23, 1, 3, 4, 24, 14, 20][9, 23, 1, 3, 4, 24, 14][0, 13][14, 24][7, 28][2, 29][5, 21][7, 25][14, 24][11, 17] 
[19, 18, 22, 0, 26, 8, 12, 17, 11, 25, 7, 28][5, 21, 6, 15, 16, 2, 29, 27, 10, 7, 20][9, 23, 1, 3, 4, 24, 14][11, 17][0, 13][11, 17][2, 16][8, 12][2, 16][1, 23][14, 20][11, 17] 
[19, 18, 22, 0, 26, 8, 12, 17, 11, 25, 7, 28][5, 21, 6, 15, 16, 2, 29, 27, 10, 7, 20][9, 23, 1, 3, 4, 24, 14][8, 12][0, 13][5, 21][2, 16][7, 25][2, 16][14, 24][8, 12][14, 20] 
[5, 21, 6, 15, 16, 2, 29, 27, 10, 7, 20][19, 18, 22, 0, 26, 8, 12, 17, 11, 25][9, 23, 1, 3, 4, 24, 14, 20][0, 13][11, 17][14, 24][11, 17][7, 25][1, 23][7, 28][14, 24][14, 24] 
[19, 18, 22, 0, 26, 8, 12, 17, 11, 25, 7, 28][5, 21, 6, 15, 16, 2, 29, 27, 10, 7, 20][9, 23, 1, 3, 4, 24, 14, 20][2, 16][7, 25][0, 13][2, 16][14, 24][11, 17][8, 12][11, 17][7, 25] 
[19, 18, 22, 0, 26, 8, 12, 17, 11, 25, 7, 28][5, 21, 6, 15, 16, 2, 29, 27, 10, 7, 20][9, 23, 1, 3, 4, 24, 14, 20][5, 21, 6, 15, 16, 2, 29][7, 25][7, 28][0, 13][7, 25][7, 25][8, 12][14, 24][8, 12] 
[19, 18, 22, 0, 26, 8, 12, 17, 11, 25, 7, 28][5, 21, 6, 15, 16, 2, 29, 27, 10, 7, 20][12, 8, 26, 0, 22, 18, 19][9, 23, 1, 3, 4, 24, 14][8, 12][0, 13][14, 20][2, 29][8, 12][2, 16][14, 24][2, 16] 
[19, 18, 22, 0, 26, 8, 12, 17, 11, 25, 7, 28][5, 21, 6, 15, 16, 2, 29, 27, 10, 7, 20][9, 23, 1, 3, 4, 24, 14, 20][14, 24][0, 13][8, 12][8, 12][2, 29][14, 24][2, 29][14, 24][2, 29] 
[19, 18, 22, 0, 26, 8, 12, 17, 11, 25, 7, 28][5, 21, 6, 15, 16, 2, 29, 27, 10, 7, 20][9, 23, 1, 3, 4, 24, 14, 20][0, 13][8, 12][7, 25][14, 24][11, 17][14, 24][7, 25][14, 24][7, 25] 
[19, 18, 22, 0, 26, 8, 12, 17, 11, 25, 7, 28][5, 21, 6, 15, 16, 2, 29, 27, 10, 7, 20][9, 23, 1, 3, 4, 24, 14, 20][20, 14, 24][0, 13][8, 12][7, 25][8, 12][14, 24][7, 25][14, 24][7, 25] 
[19, 18, 22, 0, 26, 8, 12, 17, 11, 25, 7, 28][5, 21, 6, 15, 16, 2, 29, 27, 10, 7, 20][9, 23, 1, 3, 4, 24, 14][14, 20][0, 13][8, 12][7, 25][2, 16][7, 25][8, 12][7, 25][8, 12] 
[19, 18, 22, 0, 26, 8, 12, 17, 11, 25, 7, 28][5, 21, 6, 15, 16, 2, 29, 27, 10, 7, 20][9, 23, 1, 3, 4, 24, 14, 20][5, 21, 6, 15, 16, 2, 29][7, 25][7, 28][0, 13][7, 25][7, 25][8, 12][14, 24][8, 12] 
[19, 18, 22, 0, 26, 8, 12, 17, 11, 25, 7, 28][5, 21, 6, 15, 16, 2, 29, 27, 10, 7, 20][9, 23, 1, 3, 4, 24, 14, 20][20, 14, 24][0, 13][8, 12][7, 25][8, 12][14, 24][7, 25][14, 24][7, 25] 
[19, 18, 22, 0, 26, 8, 12, 17, 11, 25, 7, 28][5, 21, 6, 15, 16, 2, 29, 27, 10, 7, 20][9, 23, 1, 3, 4, 24, 14, 20][2, 16][0, 13][14, 24][7, 25][11, 17][8, 12][14, 24][7, 25][7, 25] 
[19, 18, 22, 0, 26, 8, 12, 17, 11, 25, 7, 28][5, 21, 6, 15, 16, 2, 29, 27, 10, 7, 20][9, 23, 1, 3, 4, 24, 14, 20][14, 24][0, 13][8, 12][8, 12][2, 29][14, 24][2, 29][14, 24][2, 29] 
[19, 18, 22, 0, 26, 8, 12, 17, 11, 25, 7, 28][20, 7, 10, 27, 29, 2, 16, 15, 6, 21][9, 23, 1, 3, 4, 24, 14, 20][8, 12][6, 15][0, 13][14, 24][14, 24][8, 12][5, 21][2, 29][14, 24] 
[19, 18, 22, 0, 26, 8, 12, 17, 11, 25, 7, 28][5, 21, 6, 15, 16, 2, 29, 27, 10, 7, 20][9, 23, 1, 3, 4, 24, 14, 20][11, 17][0, 13][2, 16][2, 29][7, 25][8, 12][11, 17][8, 12][14, 24] 
[19, 18, 22, 0, 26, 8, 12, 17, 11, 25, 7, 28][5, 21, 6, 15, 16, 2, 29, 27, 10, 7, 20][9, 23, 1, 3, 4, 24, 14, 20][2, 16][0, 13][14, 24][7, 25][11, 17][8, 12][14, 24][7, 25][7, 25] 
[19, 18, 22, 0, 26, 8, 12, 17, 11, 25, 7, 28][5, 21, 6, 15, 16, 2, 29, 27, 10, 7, 20][9, 23, 1, 3, 4, 24, 14, 20][8, 12][0, 13][7, 25][2, 16][11, 17][2, 16][8, 12][11, 17][7, 25] 
[12, 8, 26, 0, 22, 18, 19][9, 23, 1, 3, 4, 24][15, 27, 7, 20][11, 25, 28, 17][6, 10, 15][5, 21, 10][2, 6, 13][16, 2, 29][14, 24][14, 20][16, 28][0, 13] 
[12, 8, 26, 0, 22, 18, 19][9, 23, 1, 3, 4, 24][11, 25, 28, 17][15, 27, 7, 20][16, 2, 29][2, 6, 13][6, 10, 15][5, 21, 10][16, 28][0, 13][14, 20][14, 24] 
[12, 8, 26, 0, 22, 18, 19][9, 23, 1, 3, 4, 24][15, 27, 7, 20][11, 25, 28, 17][6, 10, 15][5, 21, 10][2, 6, 13][16, 2, 29][0, 13][16, 28][14, 20][14, 24] 
[12, 8, 26, 0, 22, 18, 19][9, 23, 1, 3, 4, 24][15, 27, 7, 20][11, 25, 28, 17][2, 6, 13][16, 2, 29][6, 10, 15][5, 21, 10][0, 13][14, 20][14, 24][16, 28] 
[12, 8, 26, 0, 22, 18, 19][9, 23, 1, 3, 4, 24][15, 27, 7, 20][11, 25, 28, 17][2, 6, 13][16, 2, 29][6, 10, 15][5, 21, 10][0, 13][16, 28][14, 20][14, 24] 
[12, 8, 26, 0, 22, 18, 19][9, 23, 1, 3, 4, 24][15, 27, 7, 20][11, 25, 28, 17][2, 6, 13][16, 2, 29][6, 10, 15][5, 21, 10][0, 13][16, 28][14, 20][14, 24] 
[12, 8, 26, 0, 22, 18, 19][9, 23, 1, 3, 4, 24][15, 27, 7, 20][11, 25, 28, 17][2, 6, 13][6, 10, 15][5, 21, 10][16, 2, 29][0, 13][14, 20][14, 24][16, 28] 
[12, 8, 26, 0, 22, 18, 19][9, 23, 1, 3, 4, 24][15, 27, 7, 20][11, 25, 28, 17][2, 6, 13][6, 10, 15][16, 2, 29][5, 21, 10][0, 13][16, 28][14, 20][14, 24] 
[12, 8, 26, 0, 22, 18, 19][9, 23, 1, 3, 4, 24][15, 27, 7, 20][11, 25, 28, 17][6, 10, 15][2, 6, 13][5, 21, 10][16, 2, 29][14, 20][14, 24][0, 13][16, 28] 
[12, 8, 26, 0, 22, 18, 19][9, 23, 1, 3, 4, 24][15, 27, 7, 20][11, 25, 28, 17][2, 6, 13][16, 2, 29][6, 10, 15][5, 21, 10][0, 13][16, 28][14, 20][14, 24] 
[12, 8, 26, 0, 22, 18, 19][9, 23, 1, 3, 4, 24][15, 27, 7, 20][11, 25, 28, 17][6, 10, 15][2, 6, 13][5, 21, 10][16, 2, 29][0, 13][14, 20][16, 28][14, 24] 
[12, 8, 26, 0, 22, 18, 19][9, 23, 1, 3, 4, 24][15, 27, 7, 20][11, 25, 28, 17][6, 10, 15][2, 6, 13][16, 2, 29][5, 21, 10][14, 24][14, 20][16, 28][0, 13] 
[12, 8, 26, 0, 22, 18, 19][9, 23, 1, 3, 4, 24][15, 27, 7, 20][11, 25, 28, 17][2, 6, 13][16, 2, 29][6, 10, 15][5, 21, 10][0, 13][16, 28][14, 20][14, 24] 
[12, 8, 26, 0, 22, 18, 19][9, 23, 1, 3, 4, 24][15, 27, 7, 20][11, 25, 28, 17][2, 6, 13][6, 10, 15][16, 2, 29][5, 21, 10][0, 13][16, 28][14, 20][14, 24] 
[12, 8, 26, 0, 22, 18, 19][9, 23, 1, 3, 4, 24][15, 27, 7, 20][11, 25, 28, 17][2, 6, 13][16, 2, 29][6, 10, 15][5, 21, 10][0, 13][16, 28][14, 20][14, 24] 
[12, 8, 26, 0, 22, 18, 19][9, 23, 1, 3, 4, 24][15, 27, 7, 20][5, 21, 10, 29][11, 25, 28, 17][16, 2, 29][2, 6, 13][14, 24][14, 20][10, 15][0, 13][16, 28] 
[12, 8, 26, 0, 22, 18, 19][9, 23, 1, 3, 4, 24][5, 21, 10, 29][15, 27, 7, 20][11, 25, 28, 17][16, 2, 29][2, 6, 13][10, 15][14, 20][14, 24][0, 13][16, 28] 
[12, 8, 26, 0, 22, 18, 19][9, 23, 1, 3, 4, 24][5, 21, 10, 29][11, 25, 28, 17][15, 27, 7, 20][2, 6, 13][16, 2, 29][0, 13][16, 28][10, 15][14, 20][14, 24] 
[12, 8, 26, 0, 22, 18, 19][9, 23, 1, 3, 4, 24][5, 21, 10, 29][11, 25, 28, 17][15, 27, 7, 20][16, 2, 29][2, 6, 13][16, 28][10, 15][0, 13][14, 20][14, 24] 
[12, 8, 26, 0, 22, 18, 19][9, 23, 1, 3, 4, 24][5, 21, 10, 29][11, 25, 28, 17][15, 27, 7, 20][2, 6, 13][16, 2, 29][0, 13][16, 28][10, 15][14, 20][14, 24] 
[12, 8, 26, 0, 22, 18, 19][9, 23, 1, 3, 4, 24][15, 27, 7, 20][5, 21, 10, 29][11, 25, 28, 17][2, 6, 13][16, 2, 29][0, 13][15, 29][16, 28][14, 20][14, 24] 
[12, 8, 26, 0, 22, 18, 19][9, 23, 1, 3, 4, 24][15, 27, 7, 20][11, 25, 28, 17][2, 6, 13][16, 2, 29][6, 10, 15][5, 21, 10][0, 13][14, 20][14, 24][16, 28] 
[12, 8, 26, 0, 22, 18, 19][9, 23, 1, 3, 4, 24][15, 27, 7, 20][11, 25, 28, 17][6, 10, 15][5, 21, 10][2, 6, 13][16, 2, 29][0, 13][16, 28][14, 20][14, 24] 
[12, 8, 26, 0, 22, 18, 19][9, 23, 1, 3, 4, 24][15, 27, 7, 20][11, 25, 28, 17][2, 6, 13][16, 2, 29][6, 10, 15][5, 21, 10][16, 28][0, 13][14, 20][14, 24] 
[12, 8, 26, 0, 22, 18, 19][9, 23, 1, 3, 4, 24][15, 27, 7, 20][11, 25, 28, 17][6, 10, 15][2, 6, 13][16, 2, 29][5, 21, 10][14, 24][14, 20][16, 28][0, 13] 
[12, 8, 26, 0, 22, 18, 19][9, 23, 1, 3, 4, 24][15, 27, 7, 20][11, 25, 28, 17][6, 10, 15][2, 6, 13][5, 21, 10][16, 2, 29][14, 24][14, 20][0, 13][16, 28] 
[12, 8, 26, 0, 22, 18, 19][9, 23, 1, 3, 4, 24][15, 27, 7, 20][5, 21, 10, 29][11, 25, 28, 17][6, 10, 15][2, 6, 13][14, 20][14, 24][0, 13][2, 16][16, 28] 
[12, 8, 26, 0, 22, 18, 19][9, 23, 1, 3, 4, 24][15, 27, 7, 20][11, 25, 28, 17][6, 10, 15][5, 21, 10][2, 6, 13][16, 2, 29][14, 24][14, 20][16, 28][0, 13] 
[12, 8, 26, 0, 22, 18, 19][9, 23, 1, 3, 4, 24][15, 27, 7, 20][5, 21, 10, 29][11, 25, 28, 17][16, 2, 29][2, 6, 13][14, 24][14, 20][10, 15][0, 13][16, 28] 
[12, 8, 26, 0, 22, 18, 19][9, 23, 1, 3, 4, 24][5, 21, 10, 29][15, 27, 7, 20][11, 25, 28, 17][16, 2, 29][2, 6, 13][10, 15][14, 20][0, 13][14, 24][16, 28] 
[12, 8, 26, 0, 22, 18, 19][9, 23, 1, 3, 4, 24][5, 21, 10, 29][15, 27, 7, 20][11, 25, 28, 17][16, 2, 29][2, 6, 13][10, 15][14, 20][0, 13][14, 24][16, 28] 
[12, 8, 26, 0, 22, 18, 19][9, 23, 1, 3, 4, 24][15, 27, 7, 20][5, 21, 10, 29][11, 25, 28, 17][16, 2, 29][2, 6, 13][14, 24][14, 20][10, 15][0, 13][16, 28] 
[12, 8, 26, 0, 22, 18, 19][9, 23, 1, 3, 4, 24][11, 25, 28, 17][5, 21, 10, 29][15, 27, 7, 20][16, 2, 29][2, 6, 13][16, 28][10, 15][0, 13][14, 20][14, 24] 
[12, 8, 26, 0, 22, 18, 19][9, 23, 1, 3, 4, 24][5, 21, 10, 29][11, 25, 28, 17][15, 27, 7, 20][2, 6, 13][16, 2, 29][0, 13][16, 28][10, 15][14, 20][14, 24] 
[12, 8, 26, 0, 22, 18, 19][9, 23, 1, 3, 4, 24][5, 21, 10, 29][11, 25, 28, 17][15, 27, 7, 20][16, 2, 29][2, 6, 13][16, 28][10, 15][0, 13][14, 20][14, 24] 
[12, 8, 26, 0, 22, 18, 19][9, 23, 1, 3, 4, 24][11, 25, 28, 17][5, 21, 10, 29][15, 27, 7, 20][16, 2, 29][2, 6, 13][16, 28][10, 15][0, 13][14, 20][14, 24] 
[12, 8, 26, 0, 22, 18, 19][9, 23, 1, 3, 4, 24][11, 25, 28, 17][5, 21, 10, 29][15, 27, 7, 20][16, 2, 29][2, 6, 13][16, 28][10, 15][0, 13][14, 20][14, 24] 
[12, 8, 26, 0, 22, 18, 19][9, 23, 1, 3, 4, 24][15, 27, 7, 20][5, 21, 10, 29][11, 25, 28, 17][16, 2, 29][2, 6, 13][14, 24][14, 20][10, 15][0, 13][16, 28] 
[12, 8, 26, 0, 22, 18, 19][9, 23, 1, 3, 4, 24][5, 21, 10, 29][15, 27, 7, 20][11, 25, 28, 17][2, 6, 13][16, 2, 29][0, 13][10, 15][16, 28][14, 20][14, 24] 
[12, 8, 26, 0, 22, 18, 19][9, 23, 1, 3, 4, 24][5, 21, 10, 29][11, 25, 28, 17][15, 27, 7, 20][2, 6, 13][16, 2, 29][0, 13][16, 28][10, 15][14, 20][14, 24] 
[12, 8, 26, 0, 22, 18, 19][9, 23, 1, 3, 4, 24][11, 25, 28, 17][5, 21, 10, 29][15, 27, 7, 20][16, 2, 29][2, 6, 13][16, 28][10, 15][0, 13][14, 20][14, 24] 
[12, 8, 26, 0, 22, 18, 19][9, 23, 1, 3, 4, 24][5, 21, 10, 29][11, 25, 28, 17][15, 27, 7, 20][2, 6, 13][16, 2, 29][0, 13][16, 28][10, 15][14, 20][14, 24] 
[12, 8, 26, 0, 22, 18, 19][9, 23, 1, 3, 4, 24][5, 21, 10, 29][15, 27, 7, 20][11, 25, 28, 17][2, 6, 13][16, 2, 29][10, 15][0, 13][14, 20][14, 24][16, 28] 
[12, 8, 26, 0, 22, 18, 19][9, 23, 1, 3, 4, 24, 14][5, 21, 10, 29][11, 25, 28, 17][15, 27, 7, 20][2, 6, 13][16, 2, 29][0, 13][16, 28][10, 15][14, 20][4, 24] 
[12, 8, 26, 0, 22, 18, 19][9, 23, 1, 3, 4, 24, 14][5, 21, 10, 29][11, 25, 28, 17][15, 27, 7, 20][2, 6, 13][16, 2, 29][0, 13][16, 28][10, 15][14, 20][4, 24] 
[12, 8, 26, 0, 22, 18, 19][9, 23, 1, 3, 4, 24, 14][15, 27, 7, 20][5, 21, 10, 29][11, 25, 28, 17][16, 2, 29][2, 6, 13][15, 29][0, 13][14, 20][16, 28][14, 24] 
[12, 8, 26, 0, 22, 18, 19][9, 23, 1, 3, 4, 24, 14][5, 21, 10, 29][11, 25, 28, 17][15, 27, 7, 20][2, 6, 13][16, 2, 29][16, 28][0, 13][10, 15][14, 20][4, 24] 
[12, 8, 26, 0, 22, 18, 19][9, 23, 1, 3, 4, 24, 14][5, 21, 10, 29][11, 25, 28, 17][15, 27, 7, 20][2, 6, 13][16, 2, 29][16, 28][0, 13][10, 15][14, 20][4, 24] 
[9, 23, 1, 3, 4, 24, 14, 20][12, 8, 26, 0, 22, 18, 19][10, 27, 15, 5, 21][11, 25, 28, 17][16, 2, 29][2, 6, 13][10, 29][7, 27][0, 13][16, 28][7, 20][14, 24] 
[12, 8, 26, 0, 22, 18, 19][9, 23, 1, 3, 4, 24][11, 25, 28, 17][15, 27, 7, 20][5, 21, 10, 29][2, 6, 13][6, 10, 15][16, 28][2, 16][14, 20][14, 24][0, 13] 
[12, 8, 26, 0, 22, 18, 19][9, 23, 1, 3, 4, 24][11, 25, 28, 17][15, 27, 7, 20][5, 21, 10, 29][2, 6, 13][6, 10, 15][16, 28][2, 16][14, 20][14, 24][0, 13] 
[12, 8, 26, 0, 22, 18, 19][9, 23, 1, 3, 4, 24][5, 21, 10, 29][11, 25, 28, 17][15, 27, 7, 20][2, 6, 13][6, 10, 15][2, 16][16, 28][0, 13][14, 20][14, 24] 
[12, 8, 26, 0, 22, 18, 19][9, 23, 1, 3, 4, 24][11, 25, 28, 17][5, 21, 10, 29][15, 27, 7, 20][2, 6, 13][6, 10, 15][16, 28][2, 16][0, 13][14, 20][14, 24] 
[12, 8, 26, 0, 22, 18, 19][9, 23, 1, 3, 4, 24][15, 27, 7, 20][5, 21, 10, 29][11, 25, 28, 17][6, 10, 15][2, 6, 13][14, 20][0, 13][14, 24][2, 16][16, 28] 
[12, 8, 26, 0, 22, 18, 19][9, 23, 1, 3, 4, 24][5, 21, 10, 29][15, 27, 7, 20][11, 25, 28, 17][2, 6, 13][16, 2, 29][0, 13][10, 15][16, 28][14, 20][14, 24] 
[12, 8, 26, 0, 22, 18, 19][9, 23, 1, 3, 4, 24][15, 27, 7, 20][11, 25, 28, 17][6, 10, 15][2, 6, 13][5, 21, 10][16, 2, 29][0, 13][14, 20][16, 28][14, 24] 
