[13, 18, 22, 12, 19][4, 24, 3, 11, 17][8, 26, 0, 25, 28][1, 9, 23, 14, 20][16, 7, 10, 29][21, 6, 2, 27][5, 15, 10][17, 19][0, 12][1, 3][7, 20][5, 21] 
[1, 9, 23, 14, 20][4, 24, 3, 11, 17][13, 18, 22, 12, 19][8, 26, 0, 25, 28][16, 7, 10, 29][21, 6, 2, 27][5, 15, 10][1, 3][7, 20][17, 19][0, 12][5, 21] 
[1, 9, 23, 14, 20][4, 24, 3, 11, 17][13, 18, 22, 12, 19][8, 26, 0, 28, 25][21, 6, 2, 27][16, 7, 10, 29][5, 15, 10][5, 21][7, 20][1, 3][17, 19][0, 12] 
[1, 9, 23, 14, 20][4, 24, 3, 11, 17][13, 18, 22, 12, 19][16, 7, 10, 29][21, 6, 2, 27][0, 12, 8, 26][16, 28, 25][5, 15, 10][5, 21][7, 20][1, 3][17, 19] 
[1, 9, 23, 14, 20][4, 24, 3, 11, 17][13, 18, 22, 12, 19][8, 26, 0, 25, 28][16, 7, 10, 29][21, 6, 2, 27][5, 15, 10][1, 3][17, 19][7, 20][16, 28][5, 21] 
[1, 9, 23, 14, 20][8, 26, 0, 25, 28][4, 24, 3, 11, 17][13, 18, 22, 12, 19][21, 6, 2, 27][16, 7, 10, 29][5, 15, 10][5, 21][7, 20][16, 28][1, 3][17, 19] 
[13, 18, 22, 12, 19][4, 24, 3, 11, 17][1, 9, 23, 14, 20][8, 26, 0, 28, 25][16, 7, 10, 29][21, 6, 2, 27][5, 15, 10][17, 19][1, 3][7, 20][0, 12][5, 21] 
[8, 26, 0, 25, 28][1, 9, 23, 14, 20][4, 24, 3, 11, 17][13, 18, 22, 12, 19][16, 7, 10, 29][21, 6, 2, 27][5, 15, 10][7, 28][7, 20][1, 3][5, 21][17, 19] 
[4, 24, 3, 11, 17][13, 18, 22, 12, 19][1, 9, 23, 14, 20][8, 26, 0, 25, 28][16, 7, 10, 29][21, 6, 2, 27][5, 15, 10][17, 19][1, 3][7, 20][5, 21][7, 28] 
[4, 24, 3, 11, 17][13, 18, 22, 12, 19][1, 9, 23, 14, 20][8, 26, 0, 25, 28][16, 7, 10, 29][21, 6, 2, 27][5, 15, 10][17, 19][1, 3][7, 20][5, 21][7, 28] 
[1, 9, 23, 14, 20][4, 24, 3, 11, 17][13, 18, 22, 12, 19][8, 26, 0, 25, 28][16, 7, 10, 29][21, 6, 2, 27][5, 15, 10][1, 3][7, 20][17, 19][0, 12][5, 21] 
[1, 9, 23, 14, 20][4, 24, 3, 11, 17][13, 18, 22, 12, 19][8, 26, 0, 25, 28][16, 7, 10, 29][21, 6, 2, 27][5, 15, 10][1, 3][7, 20][5, 21][17, 19][0, 12] 
[13, 18, 22, 12, 19][4, 24, 3, 11, 17][1, 9, 23, 14, 20][8, 26, 0, 25, 28][16, 7, 10, 29][21, 6, 2, 27][5, 15, 10][17, 19][1, 3][7, 20][0, 12][5, 21] 
[8, 26, 0, 28, 25][1, 9, 23, 14, 20][4, 24, 3, 11, 17][13, 18, 22, 12, 19][16, 7, 10, 29][21, 6, 2, 27][5, 15, 10][16, 28][7, 20][5, 21][1, 3][17, 19] 
[1, 9, 23, 14, 20][4, 24, 3, 11, 17][13, 18, 22, 12, 19][8, 26, 0, 28, 25][16, 7, 10, 29][21, 6, 2, 27][5, 15, 10][1, 3][17, 19][7, 20][7, 28][5, 21] 
[4, 24, 3, 11, 17][1, 9, 23, 14, 20][8, 26, 0, 25, 28][13, 18, 22, 12, 19][16, 7, 10, 29][21, 6, 2, 27][5, 15, 10][1, 3][7, 20][7, 28][17, 19][5, 21] 
[1, 9, 23, 14, 20][4, 24, 3, 11, 17][13, 18, 22, 12, 19][8, 26, 0, 25, 28][16, 7, 10, 29][21, 6, 2, 27][5, 15, 10][7, 20][5, 21][1, 3][17, 19][0, 12] 
[13, 18, 22, 12, 19][4, 24, 3, 11, 17][1, 9, 23, 14, 20][8, 26, 0, 28, 25][16, 7, 10, 29][21, 6, 2, 27][5, 15, 10][17, 19][1, 3][7, 20][5, 21][0, 12] 
[1, 9, 23, 14, 20][8, 26, 0, 28, 25][4, 24, 3, 11, 17][13, 18, 22, 12, 19][16, 7, 10, 29][21, 6, 2, 27][5, 15, 10][7, 20][5, 21][16, 28][1, 3][17, 19] 
[13, 18, 22, 12, 19][8, 26, 0, 25, 28][4, 24, 3, 11, 17][1, 9, 23, 14, 20][16, 7, 10, 29][21, 6, 2, 27][5, 15, 10][0, 12][17, 19][1, 3][7, 20][5, 21] 
[13, 18, 22, 12, 19][4, 24, 3, 11, 17][8, 26, 0, 25, 28][1, 9, 23, 14, 20][16, 7, 10, 29][21, 6, 2, 27][5, 15, 10][17, 19][0, 12][1, 3][7, 20][5, 21] 
[1, 9, 23, 14, 20][4, 24, 3, 11, 17][13, 18, 22, 12, 19][8, 26, 0, 28, 25][16, 7, 10, 29][21, 6, 2, 27][5, 15, 10][5, 21][7, 20][1, 3][17, 19][0, 12] 
[1, 9, 23, 14, 20][4, 24, 3, 11, 17][13, 18, 22, 12, 19][8, 26, 0, 28, 25][16, 7, 10, 29][21, 6, 2, 27][5, 15, 10][5, 21][7, 20][1, 3][17, 19][0, 12] 
[1, 9, 23, 14, 20][8, 26, 0, 25, 28][4, 24, 3, 11, 17][13, 18, 22, 12, 19][16, 7, 10, 29][21, 6, 2, 27][5, 15, 10][7, 20][16, 28][5, 21][1, 3][17, 19] 
[1, 9, 23, 14, 20][4, 24, 3, 11, 17][8, 26, 0, 25, 28][13, 18, 22, 12, 19][16, 7, 10, 29][21, 6, 2, 27][5, 15, 10][1, 3][7, 20][7, 28][5, 21][17, 19] 
[4, 24, 3, 11, 17][1, 9, 23, 14, 20][8, 26, 0, 25, 28][13, 18, 22, 12, 19][16, 7, 10, 29][21, 6, 2, 27][5, 15, 10][1, 3][7, 20][7, 28][17, 19][5, 21] 
[13, 18, 22, 12, 19][4, 24, 3, 11, 17][1, 9, 23, 14, 20][8, 26, 0, 25, 28][16, 7, 10, 29][21, 6, 2, 27][5, 15, 10][17, 19][1, 3][7, 20][5, 21][0, 12] 
[13, 18, 22, 12, 19][4, 24, 3, 11, 17][1, 9, 23, 14, 20][8, 26, 0, 28, 25][16, 7, 10, 29][21, 6, 2, 27][5, 15, 10][17, 19][1, 3][7, 20][0, 12][5, 21] 
[1, 9, 23, 14, 20][8, 26, 0, 25, 28][4, 24, 3, 11, 17][13, 18, 22, 12, 19][16, 7, 10, 29][21, 6, 2, 27][5, 15, 10][7, 20][16, 28][5, 21][1, 3][17, 19] 
[13, 18, 22, 12, 19][4, 24, 3, 11, 17][1, 9, 23, 14, 20][8, 26, 0, 25, 28][16, 7, 10, 29][21, 6, 2, 27][5, 15, 10][17, 19][1, 3][7, 20][0, 12][5, 21] 
[1, 9, 23, 14, 20][4, 24, 3, 11, 17][13, 18, 22, 12, 19][8, 26, 0, 25, 28][16, 7, 10, 29][21, 6, 2, 27][5, 15, 10][7, 20][1, 3][17, 19][5, 21][0, 12] 
[1, 9, 23, 14, 20][4, 24, 3, 11, 17][13, 18, 22, 12, 19][8, 26, 0, 25, 28][16, 7, 10, 29][21, 6, 2, 27][5, 15, 10][7, 20][1, 3][5, 21][17, 19][0, 12] 
[4, 24, 3, 11, 17][1, 9, 23, 14, 20][13, 18, 22, 12, 19][8, 26, 0, 25, 28][16, 7, 10, 29][21, 6, 2, 27][5, 15, 10][1, 3][17, 19][7, 20][16, 28][5, 21] 
[4, 24, 3, 11, 17][13, 18, 22, 12, 19][8, 26, 0, 25, 28][1, 9, 23, 14, 20][16, 7, 10, 29][21, 6, 2, 27][5, 15, 10][17, 19][0, 12][1, 3][7, 20][5, 21] 
[1, 9, 23, 14, 20][4, 24, 3, 11, 17][13, 18, 22, 12, 19][8, 26, 0, 25, 28][16, 7, 10, 29][21, 6, 2, 27][5, 15, 10][7, 20][1, 3][17, 19][5, 21][0, 12] 
[5, 6, 16, 2, 29, 10, 21, 15, 27, 7, 28, 25][24, 3, 11, 17, 0, 25, 22, 19, 18, 12, 8, 26][9, 14, 20, 23, 1, 4, 24][6, 13][14, 20][18, 19][0, 25][2, 16][14, 20][6, 16][12, 18][14, 20] 
[5, 6, 16, 2, 29, 10, 21, 15, 27, 7, 28, 25][9, 14, 20, 23, 1, 4, 24, 3, 11, 25][0, 25, 22, 19, 18, 12, 8, 26][6, 13][0, 17][3, 24][14, 20][3, 24][2, 16][3, 24][18, 19][14, 20] 
[24, 3, 11, 17, 0, 25, 22, 19, 18, 12, 8, 26][22, 18, 13, 6, 5, 15, 16, 27, 10, 2, 29][9, 14, 20, 23, 1, 4, 24, 3, 11, 25][21, 15, 27, 7, 28][11, 25][0, 17][6, 13][16, 27][12, 18][12, 18][11, 25][18, 19] 
[5, 6, 16, 2, 29, 10, 21, 15, 27, 7, 28, 25][17, 0, 25, 22, 19, 18, 12, 8, 26][9, 14, 20, 23, 1, 4, 24, 3, 11][2, 16][6, 13][14, 20][18, 19][11, 25][14, 20][3, 24][12, 18][14, 20] 
[9, 14, 20, 23, 1, 4, 24, 3, 11, 25][18, 13, 6, 5, 15, 16, 27, 10, 2, 29][17, 0, 25, 22, 19, 18, 12, 8, 26][21, 15, 27, 7, 28][4, 24][5, 6][4, 24][0, 25][5, 6][5, 6][4, 24][3, 24] 
[5, 6, 16, 2, 29, 10, 21, 15, 27, 7, 28][9, 14, 20, 23, 1, 4, 24, 3, 11, 25][25, 22, 19, 18, 12, 8, 26][13, 18, 22][0, 17, 11][6, 13][3, 24][3, 24][3, 24][10, 21][3, 24][10, 29] 
[5, 6, 16, 2, 29, 10, 21, 15, 27, 7, 28, 25][24, 3, 11, 17, 0, 25, 22, 19, 18, 12, 8, 26][9, 14, 20, 23, 1, 4, 24][6, 13][14, 20][18, 19][0, 25][2, 16][14, 20][6, 16][12, 18][14, 20] 
[5, 6, 16, 2, 29, 10, 21, 15, 27, 7, 28, 25][9, 14, 20, 23, 1, 4, 24, 3, 11, 25][0, 25, 22, 19, 18, 12, 8, 26][6, 13][17, 19][14, 20][10, 21][14, 20][4, 24][14, 20][14, 20][14, 20] 
[5, 6, 16, 2, 29, 10, 21, 15, 27, 7, 28, 25][17, 0, 25, 22, 19, 18, 12, 8, 26][9, 14, 20, 23, 1, 4, 24, 3, 11][11, 25][6, 13][14, 20][12, 18][14, 20][14, 20][14, 20][14, 20][18, 19] 
[5, 6, 16, 2, 29, 10, 21, 15, 27, 7, 28, 25][9, 14, 20, 23, 1, 4, 24, 3, 11, 25][0, 25, 22, 19, 18, 12, 8, 26][6, 13][17, 19][14, 20][10, 21][14, 20][4, 24][14, 20][14, 20][14, 20] 
[5, 6, 16, 2, 29, 10, 21, 15, 27, 7, 28, 25][9, 14, 20, 23, 1, 4, 24, 3, 11, 25][0, 25, 22, 19, 18, 12, 8, 26][14, 20][0, 17][6, 13][2, 16][14, 20][3, 24][4, 24][14, 20][4, 24] 
[5, 6, 16, 2, 29, 10, 21, 15, 27, 7, 28, 25][9, 14, 20, 23, 1, 4, 24, 3, 11, 25][0, 25, 22, 19, 18, 12, 8, 26][3, 24][6, 13][18, 19][2, 16][3, 24][12, 18][0, 17][12, 18][3, 24] 
[5, 6, 16, 2, 29, 10, 21, 15, 27, 7, 28, 25][17, 0, 25, 22, 19, 18, 12, 8, 26][9, 14, 20, 23, 1, 4, 24, 3, 11][2, 16][6, 13][14, 20][18, 19][11, 25][14, 20][3, 24][12, 18][14, 20] 
[5, 6, 16, 2, 29, 10, 21, 15, 27, 7, 28, 25][9, 14, 20, 23, 1, 4, 24, 3, 11, 25][0, 25, 22, 19, 18, 12, 8, 26][2, 16][6, 13][17, 19][18, 19][14, 20][3, 11][14, 20][3, 11][14, 20] 
[6, 16, 2, 29, 10, 21, 15, 27, 7, 28, 25][9, 14, 20, 23, 1, 4, 24, 3, 11, 25][17, 0, 25, 22, 19, 18, 12, 8, 26][0, 13][5, 6][2, 16][3, 11][18, 19][4, 24][18, 19][4, 24][3, 24] 
[5, 6, 16, 2, 29, 10, 21, 15, 27, 7, 28, 25][9, 14, 20, 23, 1, 4, 24, 3, 11, 25][0, 25, 22, 19, 18, 12, 8, 26][14, 20][0, 17][6, 13][2, 16][14, 20][3, 24][4, 24][14, 20][4, 24] 
[5, 6, 16, 2, 29, 10, 21, 15, 27, 7, 28, 25][9, 14, 20, 23, 1, 4, 24, 3, 11, 25][0, 25, 22, 19, 18, 12, 8, 26][3, 24][6, 13][18, 19][2, 16][3, 24][12, 18][0, 17][12, 18][3, 24] 
[24, 3, 11, 17, 0, 25, 22, 19, 18, 12, 8, 26][5, 6, 16, 2, 29, 10, 21, 15, 27, 7, 28, 25][9, 14, 20, 23, 1, 4, 24][24, 3, 11, 17, 0, 25][12, 18][6, 13][14, 20][14, 20][14, 20][0, 25][2, 16][14, 20] 
[5, 6, 16, 2, 29, 10, 21, 15, 27, 7, 28, 25][9, 14, 20, 23, 1, 4, 24, 3, 11, 25][17, 0, 25, 22, 19, 18, 12, 8, 26][14, 20][6, 13][3, 24][14, 20][14, 20][12, 18][3, 24][2, 16][14, 20] 
[5, 6, 16, 2, 29, 10, 21, 15, 27, 7, 28, 25][9, 14, 20, 23, 1, 4, 24, 3, 11, 25][17, 0, 25, 22, 19, 18, 12, 8, 26][4, 24][3, 11][6, 13][2, 16][14, 20][18, 19][14, 20][4, 24][3, 11] 
[5, 6, 16, 2, 29, 10, 21, 15, 27, 7, 28, 25][9, 14, 20, 23, 1, 4, 24, 3, 11, 25][0, 25, 22, 19, 18, 12, 8, 26][6, 13][0, 17][3, 24][14, 20][3, 24][2, 16][3, 24][18, 19][14, 20] 
[8, 26, 0, 25, 28][13, 18, 22, 12, 19][1, 9, 23, 14, 20][4, 24, 3, 11, 17][21, 6, 2, 27][16, 7, 10, 29][5, 15, 10][5, 21][7, 28][0, 12][7, 20][1, 3] 
[8, 26, 0, 25, 28][13, 18, 22, 12, 19][1, 9, 23, 14, 20][4, 24, 3, 11, 17][16, 7, 10, 29][21, 6, 2, 27][5, 15, 10][7, 28][5, 21][0, 12][7, 20][1, 3] 
[8, 26, 0, 25, 28][13, 18, 22, 12, 19][1, 9, 23, 14, 20][4, 24, 3, 11, 17][16, 7, 10, 29][21, 6, 2, 27][5, 15, 10][7, 28][0, 12][7, 20][1, 3][5, 21] 
[8, 26, 0, 25, 28][13, 18, 22, 12, 19][1, 9, 23, 14, 20][4, 24, 3, 11, 17][16, 7, 10, 29][21, 6, 2, 27][5, 15, 10][7, 28][0, 12][7, 20][1, 3][5, 21] 
[13, 18, 22, 12, 19][8, 26, 0, 25, 28][1, 9, 23, 14, 20][4, 24, 3, 11, 17][16, 7, 10, 29][21, 6, 2, 27][5, 15, 10][0, 12][7, 28][7, 20][5, 21][1, 3] 
[8, 26, 0, 25, 28][13, 18, 22, 12, 19][1, 9, 23, 14, 20][4, 24, 3, 11, 17][16, 7, 10, 29][21, 6, 2, 27][5, 15, 10][0, 12][7, 28][5, 21][7, 20][1, 3] 
[1, 9, 23, 14, 20][4, 24, 3, 11, 17][8, 26, 0, 25, 28][13, 18, 22, 12, 19][16, 7, 10, 29][21, 6, 2, 27][5, 15, 10][1, 3][7, 20][5, 21][7, 28][0, 12] 
[1, 9, 23, 14, 20][4, 24, 3, 11, 17][8, 26, 0, 25, 28][13, 18, 22, 12, 19][16, 7, 10, 29][21, 6, 2, 27][5, 15, 10][7, 20][1, 3][7, 28][0, 12][5, 21] 
[1, 9, 23, 14, 20][8, 26, 0, 25, 28][13, 18, 22, 12, 19][4, 24, 3, 11, 17][16, 7, 10, 29][21, 6, 2, 27][5, 15, 10][7, 20][7, 28][5, 21][0, 12][1, 3] 
[1, 9, 23, 14, 20][8, 26, 0, 25, 28][4, 24, 3, 11, 17][13, 18, 22, 12, 19][16, 7, 10, 29][21, 6, 2, 27][5, 15, 10][7, 20][7, 28][1, 3][0, 12][5, 21] 
[4, 24, 3, 11, 17][1, 9, 23, 14, 20][8, 26, 0, 25, 28][13, 18, 22, 12, 19][16, 7, 10, 29][21, 6, 2, 27][5, 15, 10][1, 3][7, 20][5, 21][7, 28][0, 12] 
[1, 9, 23, 14, 20][4, 24, 3, 11, 17][8, 26, 0, 25, 28][13, 18, 22, 12, 19][16, 7, 10, 29][21, 6, 2, 27][5, 15, 10][7, 20][1, 3][5, 21][7, 28][0, 12] 
[4, 24, 3, 11, 17][1, 9, 23, 14, 20][8, 26, 0, 25, 28][13, 18, 22, 12, 19][16, 7, 10, 29][21, 6, 2, 27][5, 15, 10][1, 3][7, 20][5, 21][7, 28][0, 12] 
[1, 9, 23, 14, 20][4, 24, 3, 11, 17][8, 26, 0, 25, 28][13, 18, 22, 12, 19][16, 7, 10, 29][21, 6, 2, 27][5, 15, 10][7, 20][1, 3][7, 28][0, 12][5, 21] 
[1, 9, 23, 14, 20][4, 24, 3, 11, 17][8, 26, 0, 25, 28][13, 18, 22, 12, 19][16, 7, 10, 29][21, 6, 2, 27][5, 15, 10][7, 20][1, 3][5, 21][7, 28][0, 12] 
[1, 9, 23, 14, 20][4, 24, 3, 11, 17][13, 18, 22, 12, 19][8, 26, 0, 25, 28][16, 7, 10, 29][21, 6, 2, 27][5, 15, 10][1, 3][17, 19][7, 20][0, 12][5, 21] 
[1, 9, 23, 14, 20][4, 24, 3, 11, 17][13, 18, 22, 12, 19][8, 26, 0, 25, 28][16, 7, 10, 29][21, 6, 2, 27][5, 15, 10][1, 3][7, 20][5, 21][17, 19][0, 12] 
[8, 26, 0, 25, 28][1, 9, 23, 14, 20][4, 24, 3, 11, 17][13, 18, 22, 12, 19][16, 7, 10, 29][21, 6, 2, 27][5, 15, 10][16, 28, 25][7, 20][5, 21][1, 3][0, 12] 
[1, 9, 23, 14, 20][4, 24, 3, 11, 17][13, 18, 22, 12, 19][8, 26, 0, 25, 28][21, 6, 2, 27][16, 7, 10, 29][5, 15, 10][5, 21][7, 20][1, 3][17, 19][0, 12] 
[8, 26, 0, 25, 28][1, 9, 23, 14, 20][4, 24, 3, 11, 17][13, 18, 22, 12, 19][16, 7, 10, 29][21, 6, 2, 27][5, 15, 10][16, 28, 25][7, 20][5, 21][1, 3][0, 12] 
[13, 18, 22, 12, 19][1, 9, 23, 14, 20][4, 24, 3, 11, 17][0, 12, 8, 26][16, 7, 10, 29][21, 6, 2, 27][16, 28, 25][5, 15, 10][0, 28][5, 21][7, 20][1, 3] 
[8, 26, 0, 25, 28][1, 9, 23, 14, 20][13, 18, 22, 12, 19][4, 24, 3, 11, 17][21, 6, 2, 27][16, 7, 10, 29][5, 15, 10][5, 21][7, 28][7, 20][0, 12][1, 3] 
[1, 9, 23, 14, 20][4, 24, 3, 11, 17][8, 26, 0, 25, 28][13, 18, 22, 12, 19][16, 7, 10, 29][21, 6, 2, 27][5, 15, 10][1, 3][7, 20][7, 28][0, 12][5, 21] 
[1, 9, 23, 14, 20][8, 26, 0, 25, 28][4, 24, 3, 11, 17][13, 18, 22, 12, 19][16, 7, 10, 29][21, 6, 2, 27][5, 15, 10][7, 20][7, 28][5, 21][1, 3][0, 12] 
[8, 26, 0, 25, 28][13, 18, 22, 12, 19][1, 9, 23, 14, 20][4, 24, 3, 11, 17][16, 7, 10, 29][21, 6, 2, 27][5, 15, 10][0, 12][7, 28][5, 21][7, 20][1, 3] 
[1, 9, 23, 14, 20][4, 24, 3, 11, 17][8, 26, 0, 25, 28][13, 18, 22, 12, 19][16, 7, 10, 29][21, 6, 2, 27][5, 15, 10][5, 21][7, 20][1, 3][7, 28][0, 12] 
[1, 9, 23, 14, 20][4, 24, 3, 11, 17][8, 26, 0, 28, 25][13, 18, 22, 12, 19][21, 6, 2, 27][16, 7, 10, 29][5, 15, 10][5, 21][7, 20][1, 3][16, 28][17, 19] 
[13, 18, 22, 12, 19][8, 26, 0, 25, 28][1, 9, 23, 14, 20][4, 24, 3, 11, 17][16, 7, 10, 29][21, 6, 2, 27][5, 15, 10][0, 12][7, 28][7, 20][5, 21][1, 3] 
[4, 24, 3, 11, 17][1, 9, 23, 14, 20][13, 18, 22, 12, 19][8, 26, 0, 25, 28][16, 7, 10, 29][21, 6, 2, 27][5, 15, 10][1, 3][7, 20][5, 21][17, 19][0, 12] 
[13, 18, 22, 12, 19][4, 24, 3, 11, 17][1, 9, 23, 14, 20][8, 26, 0, 25, 28][16, 7, 10, 29][21, 6, 2, 27][5, 15, 10][17, 19][1, 3][7, 20][5, 21][0, 12] 
[1, 9, 23, 14, 20][4, 24, 3, 11, 17][13, 18, 22, 12, 19][8, 26, 0, 25, 28][16, 7, 10, 29][21, 6, 2, 27][5, 15, 10][5, 21][7, 20][1, 3][17, 19][0, 12] 
[13, 18, 22, 12, 19][4, 24, 3, 11, 17][1, 9, 23, 14, 20][8, 26, 0, 25, 28][16, 7, 10, 29][21, 6, 2, 27][5, 15, 10][17, 19][1, 3][0, 12][7, 20][5, 21] 
[1, 9, 23, 14, 20][4, 24, 3, 11, 17][13, 18, 22, 12, 19][8, 26, 0, 25, 28][16, 7, 10, 29][21, 6, 2, 27][5, 15, 10][5, 21][7, 20][1, 3][17, 19][0, 12] 
[13, 18, 22, 12, 19][4, 24, 3, 11, 17][1, 9, 23, 14, 20][8, 26, 0, 25, 28][16, 7, 10, 29][21, 6, 2, 27][5, 15, 10][17, 19][1, 3][0, 12][7, 20][5, 21] 
[13, 18, 22, 12, 19][4, 24, 3, 11, 17][8, 26, 0, 25, 28][1, 9, 23, 14, 20][16, 7, 10, 29][21, 6, 2, 27][5, 15, 10][17, 19][0, 12][1, 3][7, 20][5, 21] 
[4, 24, 3, 11, 17][1, 9, 23, 14, 20][13, 18, 22, 12, 19][8, 26, 0, 25, 28][16, 7, 10, 29][21, 6, 2, 27][5, 15, 10][1, 3][7, 20][5, 21][17, 19][0, 12] 
[4, 24, 3, 11, 17][1, 9, 23, 14, 20][13, 18, 22, 12, 19][8, 26, 0, 25, 28][16, 7, 10, 29][21, 6, 2, 27][5, 15, 10][1, 3][7, 20][5, 21][17, 19][0, 12] 
[4, 24, 3, 11, 17][13, 18, 22, 12, 19][8, 26, 0, 25, 28][1, 9, 23, 14, 20][16, 7, 10, 29][21, 6, 2, 27][5, 15, 10][17, 19][0, 12][1, 3][7, 20][5, 21] 
[4, 24, 3, 11, 17][1, 9, 23, 14, 20][13, 18, 22, 12, 19][8, 26, 0, 25, 28][16, 7, 10, 29][21, 6, 2, 27][5, 15, 10][1, 3][7, 20][5, 21][17, 19][0, 12] 
[8, 26, 0, 25, 28][13, 18, 22, 12, 19][4, 24, 3, 11, 17][1, 9, 23, 14, 20][16, 7, 10, 29][21, 6, 2, 27][5, 15, 10][0, 12][17, 19][1, 3][7, 20][5, 21] 
[8, 26, 0, 25, 28][13, 18, 22, 12, 19][4, 24, 3, 11, 17][1, 9, 23, 14, 20][16, 7, 10, 29][21, 6, 2, 27][5, 15, 10][0, 12][17, 19][1, 3][7, 20][5, 21] 
[1, 9, 23, 14, 20][4, 24, 3, 11, 17][13, 18, 22, 12, 19][8, 26, 0, 25, 28][16, 7, 10, 29][21, 6, 2, 27][5, 15, 10][7, 20][1, 3][5, 21][17, 19][0, 12] 
[1, 9, 23, 14, 20][4, 24, 3, 11, 17][13, 18, 22, 12, 19][8, 26, 0, 25, 28][16, 7, 10, 29][21, 6, 2, 27][5, 15, 10][5, 21][7, 20][1, 3][17, 19][0, 12] 
[13, 18, 22, 12, 19][1, 9, 23, 14, 20][4, 24, 3, 11, 17][0, 12, 8, 26][16, 7, 10, 29][21, 6, 2, 27][16, 28, 25][5, 15, 10][0, 28][7, 20][16, 27][1, 3] 
[13, 18, 22, 12, 19][1, 9, 23, 14, 20][4, 24, 3, 11, 17][0, 12, 8, 26][16, 7, 10, 29][21, 6, 2, 27][16, 28, 25][5, 15, 10][0, 28][7, 20][16, 27][1, 3] 
[1, 9, 23, 14, 20][4, 24, 3, 11, 17][13, 18, 22, 12, 19][16, 7, 10, 29][21, 6, 2, 27][0, 12, 8, 26][5, 15, 10][16, 28, 25][7, 20][16, 27][1, 3][0, 28] 
[1, 9, 23, 14, 20][4, 24, 3, 11, 17][13, 18, 22, 12, 19][16, 7, 10, 29][21, 6, 2, 27][0, 12, 8, 26][5, 15, 10][16, 28, 25][7, 20][16, 27][1, 3][0, 28] 
[13, 18, 22, 12, 19][1, 9, 23, 14, 20][4, 24, 3, 11, 17][0, 12, 8, 26][16, 7, 10, 29][21, 6, 2, 27][16, 28, 25][5, 15, 10][0, 28][16, 27][7, 20][1, 3] 
[22, 19, 18, 13, 0, 12, 8, 26][1, 9, 23, 14, 20][4, 24, 3, 11, 17][16, 7, 10, 29][21, 6, 2, 27][5, 15, 10][16, 28, 25][1, 3][7, 20][5, 21][0, 28][0, 12] 
[1, 9, 23, 14, 20][4, 24, 3, 11, 17][8, 26, 0, 25, 28][13, 18, 22, 12, 19][16, 7, 10, 29][21, 6, 2, 27][5, 15, 10][7, 20][1, 3][5, 21][16, 28][0, 12] 
[8, 26, 0, 25, 28][13, 18, 22, 12, 19][1, 9, 23, 14, 20][4, 24, 3, 11, 17][16, 7, 10, 29][21, 6, 2, 27][5, 15, 10][0, 12][16, 28][5, 21][7, 20][1, 3] 
[8, 26, 0, 25, 28][13, 18, 22, 12, 19][1, 9, 23, 14, 20][4, 24, 3, 11, 17][16, 7, 10, 29][21, 6, 2, 27][5, 15, 10][0, 12][16, 28][5, 21][7, 20][1, 3] 
[8, 26, 0, 25, 28][13, 18, 22, 12, 19][1, 9, 23, 14, 20][4, 24, 3, 11, 17][16, 7, 10, 29][21, 6, 2, 27][5, 15, 10][0, 12][16, 28][5, 21][7, 20][1, 3] 
[8, 26, 0, 28, 25][13, 18, 22, 12, 19][1, 9, 23, 14, 20][4, 24, 3, 11, 17][16, 7, 10, 29][21, 6, 2, 27][5, 15, 10][0, 12][16, 28][7, 20][5, 21][1, 3] 
[8, 26, 0, 25, 28][13, 18, 22, 12, 19][4, 24, 3, 11, 17][1, 9, 23, 14, 20][16, 7, 10, 29][21, 6, 2, 27][5, 15, 10][0, 12][17, 19][1, 3][7, 20][5, 21] 
[8, 26, 0, 28, 25][13, 18, 22, 12, 19][1, 9, 23, 14, 20][4, 24, 3, 11, 17][16, 7, 10, 29][21, 6, 2, 27][5, 15, 10][0, 12][16, 28][7, 20][5, 21][1, 3] 
