[8, 26, 0, 17, 28][12, 22, 19, 18, 13][10, 2, 7, 16, 27][4, 24, 14, 11, 25][6, 5, 21, 15, 29][1, 3, 23, 9][17, 22][16, 28][7, 20][20, 23][4, 20][2, 15] 
[10, 2, 7, 16, 27][8, 26, 0, 17, 28][4, 24, 14, 11, 25][12, 22, 19, 18, 13][6, 5, 21, 15][1, 3, 23, 9][15, 2, 29][7, 20][16, 28][14, 20][1, 24][17, 22] 
[12, 22, 19, 18, 13][8, 26, 0, 17, 28][10, 2, 7, 16, 27][4, 24, 14, 11, 25][6, 5, 21, 15][1, 3, 23, 9][15, 2, 29][17, 22][16, 28][7, 20][14, 20][1, 24] 
[10, 2, 7, 16, 27][8, 26, 0, 17, 28][12, 22, 19, 18, 13][4, 24, 14, 11, 25][6, 5, 21, 15][1, 3, 23, 9][15, 2, 29][7, 20][16, 28][17, 22][14, 20][1, 24] 
[4, 24, 14, 11, 25][10, 2, 7, 16, 27][6, 5, 21, 15, 29][8, 26, 0, 17, 28][12, 22, 19, 18, 13][1, 3, 23, 9][14, 20][20, 23][7, 20][2, 29][16, 28][8, 12] 
[12, 8, 26, 0, 17, 28][10, 2, 7, 16, 27][4, 24, 14, 11, 25][6, 5, 21, 15][13, 18, 19, 22][1, 3, 23, 9][15, 2, 29][7, 20][6, 13][14, 20][0, 22][1, 24] 
[12, 8, 26, 0, 17, 28][4, 24, 14, 11, 25][10, 2, 7, 16, 27][1, 3, 23, 9][6, 5, 21, 15][13, 18, 19, 22][15, 2, 29][1, 24][14, 20][7, 20][6, 13][0, 22] 
[12, 8, 26, 0, 17, 28][4, 24, 14, 11, 25][10, 2, 7, 16, 27][6, 5, 21, 15, 29][1, 3, 23, 9][13, 18, 19, 22][20, 23][1, 24][7, 20][2, 29][6, 13][0, 22] 
[12, 8, 26, 0, 17, 28][4, 24, 14, 11, 25][10, 2, 7, 16, 27][1, 3, 23, 9][6, 5, 21, 15][13, 18, 19, 22][15, 2, 29][1, 24][14, 20][7, 20][6, 13][0, 22] 
[12, 8, 26, 0, 17, 28][4, 24, 14, 11, 25][10, 2, 7, 16, 27][6, 5, 21, 15, 29][1, 3, 23, 9][13, 18, 19, 22][20, 23][1, 24][7, 20][2, 29][6, 13][0, 22] 
[10, 2, 7, 16, 27][6, 5, 21, 15, 29][4, 24, 14, 11, 25][8, 26, 0, 17, 28][12, 22, 19, 18, 13][1, 3, 23, 9][7, 20][2, 15][20, 23][4, 20][16, 28][17, 22] 
[4, 24, 14, 11, 25][10, 2, 7, 16, 27][8, 26, 0, 17, 28][12, 22, 19, 18, 13][6, 5, 21, 15][1, 3, 23, 9][15, 2, 29][14, 20][7, 20][16, 28][1, 24][17, 22] 
[8, 26, 0, 17, 28][10, 2, 7, 16, 27][12, 22, 19, 18, 13][4, 24, 14, 11, 25][6, 5, 21, 15][1, 3, 23, 9][15, 2, 29][16, 28][17, 22][7, 20][14, 20][1, 24] 
[10, 2, 7, 16, 27][8, 26, 0, 17, 28][12, 22, 19, 18, 13][4, 24, 14, 11, 25][6, 5, 21, 15, 29][1, 3, 23, 9][16, 28][7, 20][8, 12][20, 23][14, 20][2, 29] 
[12, 8, 26, 0, 17, 28][10, 2, 7, 16, 27][4, 24, 14, 11, 25][6, 5, 21, 15][13, 18, 19, 22][1, 3, 23, 9][15, 2, 29][6, 13][0, 22][7, 20][14, 20][20, 23] 
[12, 8, 26, 0, 17, 28][6, 5, 21, 15, 29][10, 2, 7, 16, 27][4, 24, 14, 11, 25][13, 18, 19, 22][1, 3, 23, 9][0, 22][6, 13][2, 29][7, 20][20, 23][1, 24] 
[10, 2, 7, 16, 27][8, 26, 0, 17, 28][6, 5, 21, 15, 29][4, 24, 14, 11, 25][12, 22, 19, 18, 13][1, 3, 23, 9][16, 28][7, 20][20, 23][2, 15][4, 20][17, 22] 
[10, 2, 7, 16, 27][8, 26, 0, 17, 28][12, 22, 19, 18, 13][4, 24, 14, 11, 25][6, 5, 21, 15][1, 3, 23, 9][15, 2, 29][16, 28][7, 20][17, 22][14, 20][1, 24] 
[6, 5, 21, 15, 29][10, 2, 7, 16, 27][12, 22, 19, 18, 13][4, 24, 14, 11, 25][8, 26, 0, 17, 28][1, 3, 23, 9][2, 29][16, 28][8, 12][7, 20][20, 23][14, 20] 
[10, 2, 7, 16, 27][8, 26, 0, 17, 28][6, 5, 21, 15, 29][4, 24, 14, 11, 25][12, 22, 19, 18, 13][1, 3, 23, 9][16, 28][7, 20][20, 23][2, 15][4, 20][17, 22] 
[10, 2, 7, 16, 27][6, 5, 21, 15, 29][8, 26, 0, 17, 28][4, 24, 14, 11, 25][12, 22, 19, 18, 13][1, 3, 23, 9][7, 20][2, 15][16, 28][4, 20][20, 23][17, 22] 
[10, 2, 7, 16, 27][8, 26, 0, 17, 28][12, 22, 19, 18, 13][4, 24, 14, 11, 25][6, 5, 21, 15][1, 3, 23, 9][15, 2, 29][16, 28][7, 20][17, 22][14, 20][1, 24] 
[4, 24, 14, 11, 25][10, 2, 7, 16, 27][8, 26, 0, 17, 28][12, 22, 19, 18, 13][1, 3, 23, 9][6, 5, 21, 15][15, 2, 29][14, 20][1, 24][7, 20][16, 28][17, 22] 
[4, 24, 14, 11, 25][10, 2, 7, 16, 27][6, 5, 21, 15, 29][8, 26, 0, 17, 28][12, 22, 19, 18, 13][1, 3, 23, 9][14, 20][20, 23][7, 20][2, 29][16, 28][8, 12] 
[12, 8, 26, 0, 17, 28][4, 24, 14, 11, 25][10, 2, 7, 16, 27][1, 3, 23, 9][6, 5, 21, 15][13, 18, 19, 22][15, 2, 29][1, 24][14, 20][7, 20][6, 13][0, 22] 
[12, 8, 26, 0, 17, 28][6, 5, 21, 15, 29][10, 2, 7, 16, 27][4, 24, 14, 11, 25][13, 18, 19, 22][1, 3, 23, 9][2, 29][6, 13][0, 22][7, 20][20, 23][1, 24] 
[10, 2, 7, 16, 27][8, 26, 0, 17, 28][4, 24, 14, 11, 25][6, 5, 21, 15, 29][12, 22, 19, 18, 13][1, 3, 23, 9][16, 28][7, 20][20, 23][4, 20][2, 15][17, 22] 
[8, 26, 0, 17, 28][10, 2, 7, 16, 27][12, 22, 19, 18, 13][4, 24, 14, 11, 25][6, 5, 21, 15][1, 3, 23, 9][15, 2, 29][16, 28][7, 20][17, 22][14, 20][20, 23] 
[6, 5, 21, 15, 29][10, 2, 7, 16, 27][12, 22, 19, 18, 13][4, 24, 14, 11, 25][8, 26, 0, 17, 28][1, 3, 23, 9][2, 29][16, 28][8, 12][7, 20][14, 20][20, 23] 
[10, 2, 7, 16, 27][6, 5, 21, 15, 29][4, 24, 14, 11, 25][8, 26, 0, 17, 28][12, 22, 19, 18, 13][1, 3, 23, 9][7, 20][20, 23][2, 15][4, 20][16, 28][17, 22] 
[10, 2, 7, 16, 27][6, 5, 21, 15, 29][4, 24, 14, 11, 25][8, 26, 0, 17, 28][12, 22, 19, 18, 13][1, 3, 23, 9][7, 20][20, 23][2, 15][4, 20][16, 28][17, 22] 
[10, 2, 7, 16, 27][4, 24, 14, 11, 25][8, 26, 0, 17, 28][12, 22, 19, 18, 13][6, 5, 21, 15][1, 3, 23, 9][15, 2, 29][7, 20][14, 20][1, 24][16, 28][17, 22] 
[6, 5, 21, 15, 29][10, 2, 7, 16, 27][12, 22, 19, 18, 13][4, 24, 14, 11, 25][8, 26, 0, 17, 28][1, 3, 23, 9][2, 29][16, 28][8, 12][7, 20][14, 20][20, 23] 
[10, 2, 7, 16, 27][8, 26, 0, 17, 28][4, 24, 14, 11, 25][6, 5, 21, 15, 29][12, 22, 19, 18, 13][1, 3, 23, 9][16, 28][7, 20][20, 23][4, 20][2, 15][17, 22] 
[10, 2, 7, 16, 27][8, 26, 0, 17, 28][6, 5, 21, 15, 29][4, 24, 14, 11, 25][12, 22, 19, 18, 13][1, 3, 23, 9][16, 28][7, 20][20, 23][2, 15][4, 20][17, 22] 
[2, 29, 10, 7, 20, 14, 1, 24, 4, 23, 9, 3][15, 5, 21, 6, 13, 18, 0, 22, 12, 19][8, 26, 0, 17, 28, 25, 11, 14][7, 16, 27][11, 25][11, 25][12, 22][4, 24][6, 13][4, 24][12, 22][9, 23] 
[2, 29, 10, 7, 20, 14, 1, 24, 4, 23, 9, 3][15, 5, 21, 6, 13, 18, 0, 22, 12, 19][8, 26, 0, 17, 28, 25, 11, 14][7, 16, 27][4, 24][12, 22][6, 13][4, 24][6, 13][4, 24][11, 25][11, 25] 
[2, 29, 10, 7, 20, 14, 1, 24, 4, 23, 9, 3][19, 12, 22, 0, 18, 13, 6, 21, 5, 15, 27][8, 26, 0, 17, 28, 25, 11, 14][14, 20][7, 16][12, 22][9, 23][12, 22][7, 20][5, 15][7, 20][0, 22] 
[2, 29, 10, 7, 20, 14, 1, 24, 4, 23, 9, 3][15, 5, 21, 6, 13, 18, 0, 22, 12, 19][8, 26, 0, 17, 28, 25, 11][7, 16, 27][4, 24][9, 23][12, 22][16, 28][4, 24][9, 23][0, 22][4, 24] 
[26, 8, 19, 12, 22, 0, 18, 13, 6, 21, 5, 15, 27][2, 29, 10, 7, 20, 14, 1, 24, 4, 23, 9, 3][2, 29, 10, 7, 20][0, 17, 28, 25, 11][4, 24][7, 16][0, 17][0, 22][15, 27][16, 27][7, 20][0, 22] 
[2, 29, 10, 7, 20, 14, 1, 24, 4, 23, 9, 3][5, 21, 6, 13, 18, 0, 22, 12, 19, 8, 26][0, 17, 28, 25, 11][7, 16, 27][9, 23][6, 13][9, 23][4, 24][4, 24][6, 13][5, 15][15, 27] 
[26, 8, 19, 12, 22, 0, 18, 13, 6, 21, 5, 15, 27][2, 29, 10, 7, 20, 14, 1, 24, 4, 23, 9, 3][0, 17, 28, 25, 11][7, 16, 27][4, 24][6, 13][9, 23][7, 20][0, 22][6, 13][4, 24][7, 20] 
[26, 8, 19, 12, 22, 0, 18, 13, 6, 21, 5, 15, 27][2, 29, 10, 7, 20, 14, 1, 24, 4, 23, 9, 3][0, 17, 28, 25, 11][7, 16, 27][4, 24][4, 24][5, 15][4, 24][0, 22][4, 24][9, 23][4, 24] 
[2, 29, 10, 7, 20, 14, 1, 24, 4, 23, 9, 3, 11, 17][26, 8, 19, 12, 22, 0, 18, 13, 6, 21, 5, 15, 27][17, 28, 25][5, 21][7, 16][7, 20][9, 23][6, 13][5, 21][5, 21][0, 17][7, 20] 
[26, 8, 19, 12, 22, 0, 18, 13, 6, 21, 5, 15, 27][2, 29, 10, 7, 20, 14, 1, 24, 4, 23, 9, 3][0, 17, 28, 25, 11][7, 16, 27][4, 24][9, 23][0, 22][4, 24][12, 22][4, 24][5, 15][4, 24] 
[2, 29, 10, 7, 20, 14, 1, 24, 4, 23, 9, 3][15, 5, 21, 6, 13, 18, 0, 22, 12, 19][8, 26, 0, 17, 28, 25, 11, 14][7, 16, 27][0, 22][11, 25][0, 17][6, 13][4, 24][11, 25][0, 17][11, 25] 
[2, 29, 10, 7, 20, 14, 1, 24, 4, 23, 9, 3][15, 5, 21, 6, 13, 18, 0, 22, 12, 19][8, 26, 0, 17, 28, 25, 11, 14][7, 16, 27][0, 22][11, 25][0, 17][6, 13][4, 24][11, 25][0, 17][11, 25] 
[26, 8, 19, 12, 22, 0, 18, 13, 6, 21, 5, 15, 27][2, 29, 10, 7, 20, 14, 1, 24, 4, 23, 9, 3][0, 17, 28, 25, 11][4, 24][16, 27][9, 23][4, 24][7, 16][4, 24][7, 20][4, 24][4, 24] 
[26, 8, 19, 12, 22, 0, 18, 13, 6, 21, 5, 15, 27][2, 29, 10, 7, 20, 14, 1, 24, 4, 23, 9, 3][0, 17, 28, 25, 11][7, 16, 27][4, 24][6, 13][9, 23][7, 20][0, 22][6, 13][4, 24][7, 20] 
[2, 29, 10, 7, 20, 14, 1, 24, 4, 23, 9, 3][15, 5, 21, 6, 13, 18, 0, 22, 12, 19][8, 26, 0, 17, 28, 25, 11, 14][7, 16, 27][2, 29, 10][0, 22][2, 29][11, 25][6, 13][7, 20][6, 13][11, 25] 
[26, 8, 19, 12, 22, 0, 18, 13, 6, 21, 5, 15, 27][2, 29, 10, 7, 20, 14, 1, 24, 4, 23, 9, 3][0, 17, 28, 25, 11][7, 16, 27][4, 24][9, 23][0, 22][4, 24][12, 22][4, 24][5, 15][4, 24] 
[2, 29, 10, 7, 20, 14, 1, 24, 4, 23, 9, 3][15, 5, 21, 6, 13, 18, 0, 22, 12, 19][8, 26, 0, 17, 28, 25, 11, 14][7, 16, 27][2, 29, 10][0, 22][2, 29][11, 25][6, 13][7, 20][6, 13][11, 25] 
[26, 8, 19, 12, 22, 0, 18, 13, 6, 21, 5, 15, 27][2, 29, 10, 7, 20, 14, 1, 24, 4, 23, 9, 3][0, 17, 28, 25, 11][7, 28][7, 16][12, 22][6, 13][4, 24][6, 13][5, 15][0, 22][4, 24] 
[26, 8, 19, 12, 22, 0, 18, 13, 6, 21, 5, 15, 27][2, 29, 10, 7, 20, 14, 1, 24, 4, 23, 9, 3][0, 17, 28, 25, 11][7, 16, 27][4, 24][4, 24][5, 15][4, 24][0, 22][4, 24][9, 23][4, 24] 
[26, 8, 19, 12, 22, 0, 18, 13, 6, 21, 5, 15, 27][2, 29, 10, 7, 20, 14, 1, 24, 4, 23, 9, 3][0, 17, 28, 25, 11][7, 28][7, 16][12, 22][6, 13][4, 24][6, 13][5, 15][0, 22][4, 24] 
[2, 29, 10, 7, 20, 14, 1, 24, 4, 23, 9, 3, 11, 17, 18][26, 8, 19, 12, 22, 0, 18, 13, 6, 21, 5, 15, 27][6, 13][7, 16][4, 24][7, 28][0, 22][7, 20][9, 23][5, 21][0, 22][11, 25] 
[12, 22, 19, 18, 13][8, 26, 0, 17, 28][10, 2, 7, 16, 27][6, 5, 21, 15, 29][4, 24, 14, 11, 25][1, 3, 23, 9][17, 22][16, 28][7, 20][20, 23][2, 15][1, 24] 
[6, 5, 21, 15, 29][10, 2, 7, 16, 27][8, 26, 0, 17, 28][12, 22, 19, 18, 13][4, 24, 14, 11, 25][1, 3, 23, 9][2, 15][16, 28][17, 22][7, 20][20, 23][1, 24] 
[12, 22, 19, 18, 13][8, 26, 0, 17, 28][10, 2, 7, 16, 27][4, 24, 14, 11, 25][6, 5, 21, 15, 29][1, 3, 23, 9][17, 22][16, 28][7, 20][20, 23][1, 24][2, 15] 
[6, 5, 21, 15, 29][10, 2, 7, 16, 27][4, 24, 14, 11, 25][8, 26, 0, 17, 28][12, 22, 19, 18, 13][1, 3, 23, 9][2, 15][7, 20][20, 23][1, 24][16, 28][17, 22] 
[12, 22, 19, 18, 13][8, 26, 0, 17, 28][10, 2, 7, 16, 27][6, 5, 21, 15, 29][4, 24, 14, 11, 25][1, 3, 23, 9][17, 22][16, 28][7, 20][20, 23][2, 15][1, 24] 
[4, 24, 14, 11, 25][10, 2, 7, 16, 27][6, 5, 21, 15, 29][8, 26, 0, 17, 28][12, 22, 19, 18, 13][1, 3, 23, 9][1, 24][20, 23][7, 20][2, 15][16, 28][17, 22] 
[6, 5, 21, 15, 29][10, 2, 7, 16, 27][8, 26, 0, 17, 28][12, 22, 19, 18, 13][4, 24, 14, 11, 25][1, 3, 23, 9][2, 15][7, 20][16, 28][17, 22][20, 23][1, 24] 
[8, 26, 0, 17, 28][12, 22, 19, 18, 13][10, 2, 7, 16, 27][6, 5, 21, 15, 29][4, 24, 14, 11, 25][1, 3, 23, 9][17, 22][16, 28][2, 15][7, 20][20, 23][1, 24] 
[10, 2, 7, 16, 27][8, 26, 0, 17, 28][4, 24, 14, 11, 25][6, 5, 21, 15, 29][12, 22, 19, 18, 13][1, 3, 23, 9][16, 28][7, 20][20, 23][1, 24][2, 15][17, 22] 
[10, 2, 7, 16, 27][8, 26, 0, 17, 28][4, 24, 14, 11, 25][6, 5, 21, 15, 29][12, 22, 19, 18, 13][1, 3, 23, 9][16, 28][7, 20][20, 23][1, 24][2, 15][17, 22] 
[12, 22, 19, 18, 13][8, 26, 0, 17, 28][10, 2, 7, 16, 27][6, 5, 21, 15, 29][4, 24, 14, 11, 25][1, 3, 23, 9][17, 22][16, 28][7, 20][20, 23][2, 15][1, 24] 
[8, 26, 0, 17, 28][12, 22, 19, 18, 13][10, 2, 7, 16, 27][6, 5, 21, 15, 29][4, 24, 14, 11, 25][1, 3, 23, 9][17, 22][16, 28][2, 15][7, 20][20, 23][1, 24] 
[8, 26, 0, 17, 28][10, 2, 7, 16, 27][12, 22, 19, 18, 13][4, 24, 14, 11, 25][6, 5, 21, 15, 29][1, 3, 23, 9][16, 28][17, 22][7, 20][20, 23][1, 24][2, 15] 
[12, 22, 19, 18, 13][8, 26, 0, 17, 28][10, 2, 7, 16, 27][6, 5, 21, 15, 29][4, 24, 14, 11, 25][1, 3, 23, 9][17, 22][16, 28][7, 20][20, 23][2, 15][1, 24] 
[8, 26, 0, 17, 28][12, 22, 19, 18, 13][10, 2, 7, 16, 27][6, 5, 21, 15, 29][4, 24, 14, 11, 25][1, 3, 23, 9][17, 22][16, 28][2, 15][7, 20][20, 23][1, 24] 
[10, 2, 7, 16, 27][8, 26, 0, 17, 28][12, 22, 19, 18, 13][6, 5, 21, 15, 29][4, 24, 14, 11, 25][1, 3, 23, 9][20, 23][7, 20][16, 28][17, 22][2, 15][4, 20] 
[8, 26, 0, 17, 28][10, 2, 7, 16, 27][4, 24, 14, 11, 25][12, 22, 19, 18, 13][6, 5, 21, 15, 29][1, 3, 23, 9][16, 28][7, 20][4, 20][20, 23][17, 22][2, 15] 
[8, 26, 0, 17, 28][12, 22, 19, 18, 13][10, 2, 7, 16, 27][6, 5, 21, 15, 29][4, 24, 14, 11, 25][1, 3, 23, 9][17, 22][16, 28][2, 15][7, 20][4, 20][20, 23] 
[4, 24, 14, 11, 25][10, 2, 7, 16, 27][6, 5, 21, 15, 29][8, 26, 0, 17, 28][12, 22, 19, 18, 13][1, 3, 23, 9][20, 23][4, 20][7, 20][2, 15][16, 28][17, 22] 
[4, 24, 14, 11, 25][10, 2, 7, 16, 27][6, 5, 21, 15, 29][8, 26, 0, 17, 28][12, 22, 19, 18, 13][1, 3, 23, 9][20, 23][4, 20][7, 20][2, 15][16, 28][17, 22] 
[10, 2, 7, 16, 27][8, 26, 0, 17, 28][6, 5, 21, 15, 29][12, 22, 19, 18, 13][4, 24, 14, 11, 25][1, 3, 23, 9][16, 28][7, 20][17, 22][20, 23][4, 20][10, 29] 
[10, 2, 7, 16, 27][6, 5, 21, 15, 29][8, 26, 0, 17, 28][12, 22, 19, 18, 13][4, 24, 14, 11, 25][1, 3, 23, 9][7, 20][2, 15][20, 23][16, 28][17, 22][1, 24] 
[6, 5, 21, 15, 29][10, 2, 7, 16, 27][8, 26, 0, 17, 28][4, 24, 14, 11, 25][12, 22, 19, 18, 13][1, 3, 23, 9][2, 15][16, 28][7, 20][20, 23][1, 24][17, 22] 
[8, 26, 0, 17, 28][10, 2, 7, 16, 27][12, 22, 19, 18, 13][6, 5, 21, 15, 29][4, 24, 14, 11, 25][1, 3, 23, 9][16, 28][17, 22][2, 15][7, 20][20, 23][1, 24] 
[6, 5, 21, 15, 29][10, 2, 7, 16, 27][8, 26, 0, 17, 28][4, 24, 14, 11, 25][12, 22, 19, 18, 13][1, 3, 23, 9][2, 15][16, 28][7, 20][20, 23][1, 24][17, 22] 
[4, 24, 14, 11, 25][10, 2, 7, 16, 27][6, 5, 21, 15, 29][8, 26, 0, 17, 28][12, 22, 19, 18, 13][1, 3, 23, 9][20, 23][1, 24][7, 20][2, 15][16, 28][17, 22] 
[6, 5, 21, 15, 29][10, 2, 7, 16, 27][8, 26, 0, 17, 28][4, 24, 14, 11, 25][12, 22, 19, 18, 13][1, 3, 23, 9][2, 15][16, 28][7, 20][14, 20][17, 22][20, 23] 
[6, 5, 21, 15, 29][10, 2, 7, 16, 27][4, 24, 14, 11, 25][8, 26, 0, 17, 28][12, 22, 19, 18, 13][1, 3, 23, 9][2, 15][7, 20][20, 23][1, 24][16, 28][17, 22] 
[10, 2, 7, 16, 27][8, 26, 0, 17, 28][12, 22, 19, 18, 13][4, 24, 14, 11, 25][6, 5, 21, 15, 29][1, 3, 23, 9][16, 28][7, 20][17, 22][20, 23][4, 20][2, 15] 
[10, 2, 7, 16, 27][6, 5, 21, 15, 29][4, 24, 14, 11, 25][8, 26, 0, 17, 28][12, 22, 19, 18, 13][1, 3, 23, 9][7, 20][2, 15][20, 23][4, 20][16, 28][17, 22] 
[4, 24, 14, 11, 25][10, 2, 7, 16, 27][8, 26, 0, 17, 28][12, 22, 19, 18, 13][6, 5, 21, 15, 29][1, 3, 23, 9][20, 23][4, 20][7, 20][16, 28][17, 22][2, 15] 
[10, 2, 7, 16, 27][8, 26, 0, 17, 28][12, 22, 19, 18, 13][4, 24, 14, 11, 25][6, 5, 21, 15, 29][1, 3, 23, 9][16, 28][7, 20][17, 22][20, 23][4, 20][2, 15] 
[4, 24, 14, 11, 25][10, 2, 7, 16, 27][6, 5, 21, 15, 29][8, 26, 0, 17, 28][12, 22, 19, 18, 13][1, 3, 23, 9][4, 20][7, 20][20, 23][2, 15][16, 28][17, 22] 
[4, 24, 14, 11, 25][10, 2, 7, 16, 27][6, 5, 21, 15, 29][8, 26, 0, 17, 28][12, 22, 19, 18, 13][1, 3, 23, 9][4, 20][7, 20][20, 23][2, 15][16, 28][17, 22] 
[10, 2, 7, 16, 27][6, 5, 21, 15, 29][8, 26, 0, 17, 28][12, 22, 19, 18, 13][4, 24, 14, 11, 25][1, 3, 23, 9][2, 15][7, 20][16, 28][20, 23][17, 22][4, 20] 
[10, 2, 7, 16, 27][6, 5, 21, 15, 29][8, 26, 0, 17, 28][12, 22, 19, 18, 13][4, 24, 14, 11, 25][1, 3, 23, 9][2, 15][7, 20][16, 28][20, 23][17, 22][4, 20] 
[4, 24, 14, 11, 25][10, 2, 7, 16, 27][6, 5, 21, 15, 29][8, 26, 0, 17, 28][12, 22, 19, 18, 13][1, 3, 23, 9][4, 20][7, 20][2, 15][20, 23][16, 28][17, 22] 
[4, 24, 14, 11, 25][10, 2, 7, 16, 27][6, 5, 21, 15, 29][8, 26, 0, 17, 28][12, 22, 19, 18, 13][1, 3, 23, 9][4, 20][7, 20][2, 15][20, 23][16, 28][17, 22] 
[10, 2, 7, 16, 27][6, 5, 21, 15, 29][8, 26, 0, 17, 28][4, 24, 14, 11, 25][12, 22, 19, 18, 13][1, 3, 23, 9][7, 20][2, 15][16, 28][4, 20][20, 23][17, 22] 
[10, 2, 7, 16, 27][6, 5, 21, 15, 29][4, 24, 14, 11, 25][8, 26, 0, 17, 28][12, 22, 19, 18, 13][1, 3, 23, 9][2, 15][7, 20][4, 20][20, 23][16, 28][17, 22] 
[6, 5, 21, 15, 29][10, 2, 7, 16, 27][4, 24, 14, 11, 25][8, 26, 0, 17, 28][12, 22, 19, 18, 13][1, 3, 23, 9][2, 15][7, 20][4, 20][16, 28][17, 22][20, 23] 
[10, 2, 7, 16, 27][6, 5, 21, 15, 29][4, 24, 14, 11, 25][8, 26, 0, 17, 28][12, 22, 19, 18, 13][1, 3, 23, 9][2, 15][7, 20][4, 20][20, 23][16, 28][17, 22] 
[8, 26, 0, 17, 28][10, 2, 7, 16, 27][4, 24, 14, 11, 25][12, 22, 19, 18, 13][6, 5, 21, 15, 29][1, 3, 23, 9][16, 28][7, 20][4, 20][20, 23][17, 22][2, 15] 
[24, 20, 4, 14, 11, 25][10, 2, 7, 16, 27][8, 26, 0, 17, 28][6, 5, 21, 15, 29][12, 22, 19, 18, 13][1, 3, 23, 9][1, 24][9, 23][7, 20][16, 28][2, 15][17, 22] 
[10, 2, 7, 16, 27][4, 24, 14, 11, 25][8, 26, 0, 17, 28][12, 22, 19, 18, 13][6, 5, 21, 15, 29][1, 3, 23, 9][4, 20, 7][20, 23][16, 28][17, 22][2, 15][15, 21] 
[12, 22, 19, 18, 13][8, 26, 0, 17, 28][10, 2, 7, 16, 27][6, 5, 21, 15, 29][4, 24, 14, 11, 25][1, 3, 23, 9][4, 20, 7][17, 22][16, 28][7, 20][20, 23][2, 15] 
[12, 22, 19, 18, 13][10, 2, 7, 16, 27][4, 24, 14, 11, 25][6, 5, 21, 15, 29][8, 26, 0, 17, 28][1, 3, 23, 9][4, 20, 7][8, 26][17, 22][16, 28][20, 23][2, 15] 
[10, 2, 7, 16, 27][4, 24, 14, 11, 25][8, 26, 0, 17, 28][12, 22, 19, 18, 13][6, 5, 21, 15, 29][1, 3, 23, 9][4, 20, 7][20, 23][16, 28][17, 22][2, 15][15, 21] 
[24, 20, 4, 14, 11, 25][8, 26, 0, 17, 28][10, 2, 7, 16, 27][6, 5, 21, 15, 29][12, 22, 19, 18, 13][1, 3, 23, 9][16, 28][7, 20][4, 20][20, 23][10, 29][17, 22] 
[10, 2, 7, 16, 27][8, 26, 0, 17, 28][12, 22, 19, 18, 13][4, 24, 14, 11, 25][6, 5, 21, 15, 29][1, 3, 23, 9][16, 28][17, 22][7, 20][14, 20][2, 15][20, 23] 
[4, 24, 14, 11, 25][10, 2, 7, 16, 27][8, 26, 0, 17, 28][12, 22, 19, 18, 13][6, 5, 21, 15, 29][1, 3, 23, 9][14, 20][20, 23][7, 20][16, 28][17, 22][2, 15] 
[4, 24, 14, 11, 25][10, 2, 7, 16, 27][6, 5, 21, 15, 29][8, 26, 0, 17, 28][12, 22, 19, 18, 13][1, 3, 23, 9][14, 20][7, 20][20, 23][2, 15][16, 28][17, 22] 
[8, 26, 0, 17, 28][12, 22, 19, 18, 13][10, 2, 7, 16, 27][6, 5, 21, 15, 29][4, 24, 14, 11, 25][1, 3, 23, 9][17, 22][16, 28][2, 15][7, 20][14, 20][20, 23] 
[4, 24, 14, 11, 25][10, 2, 7, 16, 27][6, 5, 21, 15, 29][8, 26, 0, 17, 28][12, 22, 19, 18, 13][1, 3, 23, 9][14, 20][7, 20][20, 23][2, 15][16, 28][17, 22] 
[10, 2, 7, 16, 27][8, 26, 0, 17, 28][12, 22, 19, 18, 13][6, 5, 21, 15, 29][4, 24, 14, 11, 25][1, 3, 23, 9][20, 23][7, 20][16, 28][17, 22][2, 15][4, 20] 
[12, 22, 19, 18, 13][8, 26, 0, 17, 28][10, 2, 7, 16, 27][6, 5, 21, 15, 29][4, 24, 14, 11, 25][1, 3, 23, 9][17, 22][16, 28][7, 20][2, 15][20, 23][14, 20] 
